"chr1","27262718","27263015","chr7","73094896","73095187","34","45832178"
"chr1","13238269","13238444","chr17","80172374","80172549","29","66934105"
"chr1","14286707","14286992","chr12","1122701","1122989","46","13164006"
"chr1","79822740","79823054","chr10","90214410","90214714","69","10391670"
"chr1","97255157","97255464","chr7","134938326","134938628","47","37683169"
"chr1","106561451","106561774","chr5","9744617","9744900","83","96816834"
"chr1","135790359","135790647","chr5","18074268","18074553","44","117716091"
"chr1","136052646","136052777","chrX","22199062","22199188","14","113853584"
"chr1","162135986","162136137","chr18","59064463","59064604","27","103071523"
"chr1","173670148","173670439","chr1","135846092","135846387","36","37824056"
"chr1","173932451","173932747","chr2B","100929351","100929648","32","73003100"
"chr1","174456571","174456864","chr8","76202865","76203159","37","98253706"
"chr1","175767411","175767717","chr7","110973057","110973365","39","64794354"
"chr1","182845175","182845467","chr7","156151949","156152255","52","26693226"
"chr1","184025051","184025326","chr5","10048488","10048762","38","173976563"
"chr1","193462143","193462438","chr5","124936991","124937284","42","68525152"
"chr1","200146943","200147078","chr6","44388040","44388175","18","155758903"
"chr1","201588632","201588755","chr3","49163904","49164024","19","152424728"
"chr1","12866","13161","chr4","101447458","101447743","59","101434592"
"chr1","27488","27667","chr2B","83168693","83168870","27","83141205"
"chr1","58482","58682","chr17","61625988","61626186","28","61567506"
"chr1","89042","89352","chr5","34215137","34215446","39","34126095"
"chr1","165667","165957","chr8","54957206","54957497","36","54791539"
"chr1","177489","177796","chr5","24045389","24045700","44","23867900"
"chr1","250480","250549","chr4","151911513","151911582","15","151661033"
"chr1","250551","250794","chrX","70342678","70342930","48","70092127"
"chr1","363997","364121","chr13","1670161","1670286","20","1306164"
"chr1","364422","364594","chr16","31552584","31552750","29","31188162"
"chr1","392680","392965","chr11","118566750","118567050","46","118174070"
"chr1","406390","406505","chr13","78178463","78178581","19","77772073"
"chr1","406536","406685","chrX","41479831","41479981","35","41073295"
"chr1","444728","444908","chr3","101766875","101767054","32","101322147"
"chr1","446198","446345","chr12","123193262","123193396","33","122747064"
"chr1","457845","458017","chr13","68037677","68037849","30","67579832"
"chr1","501536","501652","chr1","7838055","7838154","43","7336519"
"chr1","513287","513543","chr12","125048775","125049022","50","124535488"
"chr1","530258","530428","chr2B","93500001","93500170","40","92969743"
"chr1","605119","605238","chr6","114129106","114129225","13","113523987"
"chr1","612562","612687","chr12","38883363","38883488","24","38270801"
"chr1","617209","617353","chr1","216209641","216209778","27","215592432"
"chr1","667969","668074","chr2B","62668343","62668453","20","62000374"
"chr1","668382","668575","chr2A","68717247","68717441","36","68048865"
"chr1","753412","753699","chrX","41656052","41656346","42","40902640"
"chr1","756016","756309","chr21","27485077","27485366","60","26729061"
"chr1","758766","758933","chr16","31552584","31552750","22","30793818"
"chr1","759240","759363","chrX","45063471","45063598","19","44304231"
"chr1","844577","844888","chr3","37736219","37736523","50","36891642"
"chr1","882367","882670","chr4","16487048","16487347","51","15604681"
"chr1","965775","965892","chr5","77145127","77145247","18","76179352"
"chr1","965933","966100","chr11","91693483","91693648","26","90727550"
"chr1","997709","997887","chr1","105716641","105716819","31","104718932"
"chr1","1004552","1004852","chr5","38782201","38782499","52","37777649"
"chr1","1058808","1058923","chrX","23325027","23325143","26","22266219"
"chr1","1216485","1216750","chr1","157892683","157892950","44","156676198"
"chr1","1241401","1241684","chrX","47993917","47994201","50","46752516"
"chr1","1324334","1324631","chr6","32835510","32835809","47","31511176"
"chr1","1337611","1337715","chr13","88599422","88599519","17","87261811"
"chr1","1367686","1367973","chr15","47213465","47213760","49","45845779"
"chr1","1398303","1398617","chr22","29864921","29865230","64","28466618"
"chr1","1438938","1439235","chr5","38351004","38351310","45","36912066"
"chr1","1506503","1506617","chr1","209510635","209510749","24","208004132"
"chr1","1550979","1551176","chr5","4854951","4855138","52","3303972"
"chr1","1554361","1554607","chr19","10760096","10760341","53","9205735"
"chr1","1702764","1702879","chr2B","100588628","100588741","12","98885864"
"chr1","1762163","1762254","chr3","37725177","37725271","13","35963014"
"chr1","1800528","1800797","chr15","13302570","13302846","51","11502042"
"chr1","1824792","1825080","chr6","77819300","77819589","51","75994508"
"chr1","1910899","1911130","chr8","53667402","53667631","32","51756503"
"chr1","2036579","2036882","chr1","11974821","11975121","40","9938242"
"chr1","2137736","2137844","chr16","7781435","7781541","25","5643699"
"chr1","2139042","2139197","chr5","7267116","7267274","31","5128074"
"chr1","2184336","2184464","chr21","16737892","16738020","29","14553556"
"chr1","2251883","2251946","chr2B","125008695","125008756","14","122756812"
"chr1","2251968","2252098","chrX","42325828","42325954","22","40073860"
"chr1","2281684","2281996","chr2B","42926575","42926883","46","40644891"
"chr1","2371622","2371757","chr20","32785534","32785650","45","30413912"
"chr1","2404141","2404439","chr7","150576720","150577010","55","148172579"
"chr1","2509328","2509558","chr8","53667402","53667631","37","51158074"
"chr1","2552519","2552797","chr10","90326021","90326301","65","87773502"
"chr1","2577096","2577408","chr15","54799440","54799746","51","52222344"
"chr1","2587922","2588089","chr11","94052988","94053159","26","91465066"
"chr1","2734889","2735014","chr1","46966654","46966781","17","44231765"
"chr1","2736400","2736534","chr15","19132777","19132917","31","16396377"
"chr1","2749644","2749957","chr7","6764138","6764440","50","4014494"
"chr1","2840852","2841020","chr2B","50431625","50431794","27","47590773"
"chr1","2841051","2841169","chrX","71304160","71304281","19","68463109"
"chr1","2852110","2852411","chr9","43201214","43201513","37","40349104"
"chr1","2943899","2944196","chr3","198752684","198752979","45","195808785"
"chr1","2968782","2969077","chr2A","48343205","48343505","57","45374423"
"chr1","3119055","3119178","chr6","85362783","85362893","26","82243728"
"chr1","3431112","3431265","chr10","47008312","47008464","25","43577200"
"chr1","3431289","3431406","chr7","6467907","6468029","25","3036618"
"chr1","3473247","3473311","chr5","141793001","141793065","7","138319754"
"chr1","3473313","3473402","chr11","71249745","71249828","16","67776432"
"chr1","3526591","3526874","chr17","21438905","21439176","47","17912314"
"chr1","3624068","3624361","chr1","45837004","45837299","46","42212936"
"chr1","3698096","3698341","chr4","81244771","81245011","55","77546675"
"chr1","3803237","3803340","chr7","76031609","76031706","25","72228372"
"chr1","3824412","3824704","chr3","48880288","48880577","43","45055876"
"chr1","3908761","3909071","chr18","19250280","19250583","51","15341519"
"chr1","3915113","3915232","chr6","114129106","114129225","12","110213993"
"chr1","3966162","3966438","chr1","25980739","25981007","56","22014577"
"chr1","4002300","4002437","chr12","30095709","30095838","22","26093409"
"chr1","4002755","4002906","chr1","209206604","209206753","27","205203849"
"chr1","4105296","4105590","chr17","57013071","57013365","47","52907775"
"chr1","4141232","4141491","chr12","21833183","21833448","55","17691951"
"chr1","4175380","4175673","chr5","46777393","46777689","46","42602013"
"chr1","4282007","4282217","chr10","101180329","101180533","39","96898322"
"chr1","4292972","4293235","chr13","71921958","71922213","39","67628986"
"chr1","4316480","4316783","chr8","9756252","9756551","44","5439772"
"chr1","4469958","4470259","chr4","17012787","17013097","49","12542829"
"chr1","4525192","4525308","chr16","61521461","61521578","15","56996269"
"chr1","4525333","4525476","chr3","9778050","9778199","33","5252717"
"chr1","4540361","4540632","chr16","20069693","20069947","83","15529332"
"chr1","4545227","4545446","chrX","49298837","49299059","38","44753610"
"chr1","4672492","4672785","chr1","11090799","11091093","48","6418307"
"chr1","4678058","4678192","chr7","138891131","138891259","35","134213073"
"chr1","4678213","4678332","chr2B","130269878","130270003","19","125591665"
"chr1","4682585","4682856","chr2B","94337341","94337613","42","89654756"
"chr1","4720866","4721173","chr14","110301","110606","36","4610565"
"chr1","4738798","4738992","chr1","114442505","114442704","39","109703707"
"chr1","4763756","4763999","chr11","20084883","20085128","48","15321127"
"chr1","4819826","4819903","chr1","224023609","224023685","11","219203783"
"chr1","4827019","4827138","chr13","72471963","72472087","15","67644944"
"chr1","4919309","4919610","chr8","104374755","104375060","57","99455446"
"chr1","4943486","4943610","chr3","46948804","46948928","31","42005318"
"chr1","4943800","4943886","chr7","65088911","65088992","16","60145111"
"chr1","4991190","4991463","chrX","45148557","45148832","53","40157367"
"chr1","5049236","5049360","chrUn_CABD030132936v1","2201","2323","20","5047035"
"chr1","5049657","5049791","chr19","54420973","54421113","35","49371316"
"chr1","5219119","5219398","chr17","29222631","29222909","46","24003512"
"chr1","5322432","5322718","chr5","18074268","18074553","48","12751836"
"chr1","5344837","5345003","chr12","93879919","93880085","25","88535082"
"chr1","5349022","5349313","chr4","72043971","72044268","43","66694949"
"chr1","5365102","5365385","chr10","11195886","11196171","44","5830784"
"chr1","5445911","5446134","chr1","127630359","127630575","45","122184448"
"chr1","5467924","5468203","chr12","124254648","124254922","33","118786724"
"chr1","5516704","5517041","chr3","60862720","60863050","70","55346016"
"chr1","5736995","5737126","chr1","7920848","7920979","16","2183853"
"chr1","5746546","5746828","chr14","76476938","76477225","46","70730392"
"chr1","5792377","5792576","chr9","103936095","103936293","41","98143718"
"chr1","6110092","6110206","chr1","1893115","1893230","18","4216977"
"chr1","6164636","6164931","chr6","18592143","18592434","45","12427507"
"chr1","6165510","6165817","chr1","24268512","24268815","46","18103002"
"chr1","6225783","6226060","chr5","46789394","46789672","51","40563611"
"chr1","6247078","6247201","chr1","61983115","61983240","11","55736037"
"chr1","6266065","6266352","chr3","165099206","165099496","45","158833141"
"chr1","6298352","6298478","chr10","116164288","116164417","21","109865936"
"chr1","6372362","6372501","chr19","17296928","17297069","20","10924566"
"chr1","6372799","6372985","chr6","37274755","37274940","34","30901956"
"chr1","6402844","6403154","chr6","18050354","18050654","51","11647510"
"chr1","6455947","6456231","chr17","888730","889009","53","5567217"
"chr1","6516603","6516901","chr12","52178346","52178642","48","45661743"
"chr1","6598932","6599240","chr17","80558731","80559039","45","73959799"
"chr1","6690469","6690765","chr4","165083918","165084214","44","158393449"
"chr1","6731320","6731448","chr2A","14858049","14858181","18","8126729"
"chr1","6740819","6740950","chr1","106812839","106812964","26","100072020"
"chr1","6741420","6741579","chr6","36357202","36357360","28","29615782"
"chr1","6747420","6747650","chr12","113355389","113355618","33","106607969"
"chr1","6754248","6754550","chr15","46012653","46012953","64","39258405"
"chr1","6774938","6775267","chr16","53230661","53230990","65","46455723"
"chr1","6886575","6886843","chr16","64585012","64585285","50","57698437"
"chr1","6894509","6894707","chr16","61565767","61565970","48","54671258"
"chr1","6895010","6895103","chr1","115533472","115533562","18","108638462"
"chr1","7060562","7060848","chr11","34308088","34308373","47","27247526"
"chr1","7078100","7078420","chr17","30451883","30452192","57","23373783"
"chr1","7110645","7110667","chr1","125443113","125443132","4","118332468"
"chr1","7110689","7110973","chr18","20204912","20205199","41","13094223"
"chr1","7138632","7138931","chr1","133870687","133870980","49","126732055"
"chr1","7150585","7150895","chr9","13007195","13007501","45","5856610"
"chr1","7165162","7165276","chr8","63631723","63631835","13","56466561"
"chr1","7308451","7308747","chr14","60651660","60651957","41","53343209"
"chr1","7314661","7314969","chr12","214103","214413","44","7100558"
"chr1","7318286","7318558","chr5","21855144","21855431","65","14536858"
"chr1","7361411","7361681","chr19","6877009","6877280","40","484402"
"chr1","7374623","7374744","chr12","41647691","41647815","17","34273068"
"chr1","7532887","7533182","chr12","52065717","52066020","47","44532830"
"chr1","7553199","7553471","chrX","155231928","155232207","42","147678729"
"chr1","7562441","7562744","chrX","119456205","119456509","44","111893764"
"chr1","7563827","7563931","chr1","26873677","26873772","22","19309850"
"chr1","7576401","7576701","chrX","49576600","49576894","46","42000199"
"chr1","7724849","7725015","chr19","55380646","55380809","31","47655797"
"chr1","7725043","7725171","chr10","37339498","37339622","19","29614455"
"chr1","7725639","7725915","chr17","29222631","29222909","38","21496992"
"chr1","7794005","7794323","chr3","12026822","12027134","66","4232817"
"chr1","7832961","7833136","chr5","118180528","118180710","52","110347567"
"chr1","7894800","7895071","chrX","141292951","141293222","44","133398151"
"chr1","7895097","7895130","chr16","69126256","69126285","9","61231159"
"chr1","8009514","8009819","chr1","111029139","111029432","52","103019625"
"chr1","8023394","8023610","chr13","75722232","75722448","32","67698838"
"chr1","8055472","8055635","chr9","115881843","115882012","32","107826371"
"chr1","8062398","8062687","chr6","111039891","111040175","51","102977493"
"chr1","8115731","8116040","chr14","60319397","60319702","42","52203666"
"chr1","8193553","8193852","chr1","20280960","20281258","46","12087407"
"chr1","8273168","8273476","chr4","189456280","189456590","52","181183112"
"chr1","8324924","8325223","chr16","24110146","24110445","58","15785222"
"chr1","8357484","8357776","chr7","7425148","7425428","56","932336"
"chr1","8391223","8391515","chr3","172793525","172793822","43","164402302"
"chr1","8437022","8437324","chr13","76146749","76147052","50","67709727"
"chr1","8453266","8453544","chr16","40471238","40471514","35","32017972"
"chr1","8514637","8514928","chr17","30876027","30876311","45","22361390"
"chr1","8515292","8515587","chr4","124825886","124826177","50","116310594"
"chr1","8578096","8578381","chr6","79360967","79361252","43","70782871"
"chr1","8667413","8667699","chr10","96983606","96983893","54","88316193"
"chr1","8676620","8676665","chr12","30061451","30061494","7","21384831"
"chr1","8864893","8865196","chr6","152957748","152958046","45","144092855"
"chr1","8899087","8899381","chr9","114191687","114191982","38","105292600"
"chr1","9035111","9035276","chr1","158656611","158656779","25","149621500"
"chr1","9035591","9035724","chr17","6927655","6927789","15","2107936"
"chr1","9384424","9384714","chr7","67761681","67761973","43","58377257"
"chr1","9393568","9393756","chr1","132842411","132842593","34","123448843"
"chr1","9393807","9393924","chr16","10901222","10901339","13","1507415"
"chr1","9441353","9441566","chr5","53348066","53348275","32","43906713"
"chr1","9445676","9445946","chr1","11860293","11860563","51","2414617"
"chr1","9509842","9510091","chr19","51468485","51468735","34","41958643"
"chr1","9560442","9560741","chr19","17686407","17686706","46","8125965"
"chr1","9576608","9576896","chr1","225052538","225052823","36","215475930"
"chr1","9592752","9593035","chr8","41121962","41122247","43","31529210"
"chr1","9599530","9599829","chrX","53749092","53749391","41","44149562"
"chr1","9646983","9647292","chr9","87338380","87338686","36","77691397"
"chr1","9650608","9650915","chr5","46247961","46248272","44","36597353"
"chr1","9654179","9654317","chr5","152519060","152519201","17","142864881"
"chr1","9665062","9665239","chr6","18189802","18189976","26","8524740"
"chr1","9665687","9665832","chr19","17732777","17732912","30","8067090"
"chr1","9688206","9688506","chr6","112148811","112149116","42","102460605"
"chr1","9717435","9717741","chr7","64942464","64942761","47","55225029"
"chr1","9718166","9718448","chr1","115024612","115024895","40","105306446"
"chr1","9722483","9722685","chr9","58967211","58967412","45","49244728"
"chr1","9724102","9724404","chr7","76844534","76844831","48","67120432"
"chr1","9738397","9738508","chr5","62380121","62380233","15","52641724"
"chr1","9740815","9741115","chr17","4550469","4550772","41","5190346"
"chr1","9771932","9772081","chr7","56542204","56542354","26","46770272"
"chr1","9789240","9789384","chr16","17044678","17044825","20","7255438"
"chr1","9876484","9876798","chr1","146667786","146668094","48","136791302"
"chr1","9916557","9916865","chr16","10827154","10827457","46","910597"
"chr1","9945248","9945543","chr7","81430890","81431200","46","71485642"
"chr1","9971647","9971904","chr6","31413314","31413574","46","21441667"
"chr1","10007567","10007734","chr9","87112351","87112513","25","77104784"
"chr1","10071018","10071174","chr1","95866559","95866720","25","85795541"
"chr1","10117806","10117877","chr7","42012967","42013039","8","31895161"
"chr1","10118157","10118402","chr1","151626041","151626289","53","141507884"
"chr1","10130240","10130545","chrX","29130659","29130962","44","19000419"
"chr1","10136115","10136398","chr3","188548648","188548932","48","178412533"
"chr1","10136450","10136729","chr11","117083983","117084266","49","106947533"
"chr1","10151416","10151576","chr5","63483235","63483402","25","53331819"
"chr1","10151875","10151918","chr16","60975562","60975607","7","50823687"
"chr1","10158822","10159116","chr1","135922404","135922701","34","125763582"
"chr1","10174239","10174537","chr3","155313398","155313700","37","145139159"
"chr1","10179428","10179704","chr2A","45691295","45691569","43","35511867"
"chr1","10200635","10200946","chr6","32828052","32828363","41","22627417"
"chr1","10205844","10206040","chr3","50034012","50034204","35","39828168"
"chr1","10221016","10221225","chr10","92332878","92333078","34","82111862"
"chr1","10225522","10225816","chr1","47121155","47121451","58","36895633"
"chr1","10239233","10239530","chr5","156460231","156460525","52","146220998"
"chr1","10240747","10241045","chr6","84358342","84358640","59","74117595"
"chr1","10247388","10247688","chr10","100668224","100668519","49","90420836"
"chr1","10250516","10250767","chr6","166938741","166938995","42","156688225"
"chr1","10286325","10286633","chr11","111974661","111974961","38","101688336"
"chr1","10298916","10299225","chr20","62557840","62558144","46","52258924"
"chr1","10331404","10331693","chr6","31723241","31723525","39","21391837"
"chr1","10333407","10333577","chr1","29303431","29303611","30","18970024"
"chr1","10342854","10343147","chrX","72049902","72050201","43","61707048"
"chr1","10350531","10350716","chrX","5284332","5284516","32","5066199"
"chr1","10356753","10356863","chr13","44426344","44426453","19","34069591"
"chr1","10357150","10357355","chr20","31601124","31601321","32","21243974"
"chr1","10357834","10358130","chr6","164274281","164274576","38","153916447"
"chr1","10380960","10381070","chr1","164359318","164359426","15","153978358"
"chr1","10381363","10381531","chr6","160928015","160928182","28","150546652"
"chr1","10390020","10390298","chr2A","20387119","20387392","40","9997099"
"chr1","10395968","10396096","chr7","99428132","99428261","20","89032164"
"chr1","10401072","10401357","chr9","56887854","56888145","34","46486782"
"chr1","10410340","10410535","chr5","94463962","94464165","33","84053622"
"chr1","10411376","10411688","chr7","56597720","56598029","35","46186344"
"chr1","10419896","10420069","chr7","128308250","128308421","24","117888354"
"chr1","10420792","10421009","chr4","5610683","5610898","34","4810109"
"chr1","10423143","10423365","chr1","214970667","214970881","40","204547524"
"chr1","10423687","10423982","chr11","117367595","117367888","34","106943908"
"chr1","10424280","10424540","chr4","109487717","109487993","65","99063437"
"chr1","10424768","10424906","chr8","146552511","146552647","25","136127743"
"chr1","10436046","10436180","chr3","138229396","138229529","14","127793350"
"chr1","10436469","10436632","chr10","3780797","3780964","25","6655672"
"chr1","10437327","10437575","chr7","73004907","73005160","49","62567580"
"chr1","10454639","10454934","chr20","34838054","34838358","46","24383415"
"chr1","10456529","10456662","chr1","28134635","28134769","20","17678106"
"chr1","10456964","10457136","chr5","22611526","22611709","45","12154562"
"chr1","10458119","10458428","chr1","43564563","43564870","50","33106444"
"chr1","10464344","10464465","chr11","78078378","78078501","18","67614034"
"chr1","10464870","10465004","chr19","57736469","57736601","17","47271599"
"chr1","10465311","10465472","chr7","62486171","62486332","19","52020860"
"chr1","10466921","10467017","chr9","70059064","70059157","17","59592143"
"chr1","10480685","10480858","chr9","112527217","112527386","31","102046532"
"chr1","10482262","10482394","chr1","28279457","28279590","12","17797195"
"chr1","10482620","10482897","chr9","109733660","109733937","43","99251040"
"chr1","10486873","10487197","chr1","14611688","14611988","63","4124815"
"chr1","10487757","10488047","chr11","9392301","9392584","39","1095456"
"chr1","10494364","10494439","chr7","3975584","3975656","11","6518780"
"chr1","10505065","10505330","chr11","113150862","113151135","43","102645797"
"chr1","10509827","10510005","chr16","38885219","38885388","34","28375392"
"chr1","10510302","10510436","chr15","58963819","58963951","18","48453517"
"chr1","10527353","10527541","chr4","26069481","26069670","40","15542128"
"chr1","10530715","10530867","chr3","9778050","9778199","26","752665"
"chr1","10531163","10531298","chr4","185734049","185734184","12","175202886"
"chr1","10537398","10537671","chr8","118175885","118176162","61","107638487"
"chr1","10557462","10557760","chr2A","63997704","63998001","33","53440242"
"chr1","10567005","10567300","chr3","70371345","70371644","42","59804340"
"chr1","10591897","10591947","chrX","119724677","119724718","14","109132780"
"chr1","10595235","10595530","chr7","145722817","145723110","35","135127582"
"chr1","10665203","10665506","chr5","2684562","2684864","43","7980641"
"chr1","10674374","10674591","chr3","188490349","188490559","47","177815975"
"chr1","10682795","10683108","chr1","157970228","157970519","57","147287433"
"chr1","10710856","10711143","chr13","35675027","35675318","42","24964171"
"chr1","10741277","10741466","chr21","22828250","22828438","28","12086973"
"chr1","10742002","10742136","chr15","33916250","33916385","13","23174248"
"chr1","10768979","10769282","chr12","75174655","75174952","45","64405676"
"chr1","10779450","10779761","chr5","90749179","90749487","46","79969729"
"chr1","10780986","10781285","chr9","89993948","89994247","47","79212962"
"chr1","10790009","10790309","chr6","113321016","113321324","40","102531007"
"chr1","10791492","10791773","chr4","106505687","106505967","48","95714195"
"chr1","10797174","10797465","chr13","78491259","78491545","35","67694085"
"chr1","10854400","10854709","chr5","24045389","24045700","46","13190989"
"chr1","10861715","10861936","chr1","53331364","53331597","38","42469649"
"chr1","10862489","10862590","chr2B","75182729","75182817","25","64320240"
"chr1","10874151","10874432","chr1","13684364","13684646","46","2810213"
"chr1","10918941","10919108","chr22","8276932","8277100","19","2642009"
"chr1","10991586","10991894","chr5","63636675","63636985","50","52645089"
"chr1","10998573","10998761","chr2B","109008320","109008514","27","98009747"
"chr1","11175938","11176240","chr3","187803297","187803598","39","176627359"
"chr1","11251705","11252006","chrX","100636758","100637059","37","89385053"
"chr1","11276440","11276737","chr13","79022792","79023090","41","67746352"
"chr1","11312865","11313134","chrX","83698639","83698919","47","72385774"
"chr1","11336039","11336334","chr8","119202320","119202618","44","107866281"
"chr1","11377604","11377899","chrX","121099721","121100015","36","109722117"
"chr1","11470495","11470738","chr1","39913389","39913614","51","28442894"
"chr1","11493395","11493706","chr19","8085222","8085532","43","3408173"
"chr1","11647067","11647363","chr15","29157999","29158309","44","17510932"
"chr1","11689471","11689767","chr3","53839570","53839865","38","42150099"
"chr1","11690429","11690513","chr11","67350015","67350098","13","55659586"
"chr1","11694404","11694640","chr19","9664506","9664738","35","2029898"
"chr1","11904614","11904912","chr2B","1475279","1475574","39","10429335"
"chr1","12000298","12000506","chr21","24428860","24429072","34","12428562"
"chr1","12010975","12011070","chr14","85001140","85001235","21","72990165"
"chr1","12020333","12020623","chr7","42023635","42023920","48","30003302"
"chr1","12042768","12043070","chr13","79792513","79792817","26","67749745"
"chr1","12104703","12105013","chr15","20593332","20593644","43","8488629"
"chr1","12135363","12135622","chr13","79886410","79886669","33","67751047"
"chr1","12138140","12138408","chr8","2592815","2593088","52","9545325"
"chr1","12152097","12152326","chr6","15486991","15487222","48","3334894"
"chr1","12159974","12160264","chr5","4872922","4873216","42","7287052"
"chr1","12163456","12163747","chrX","39033534","39033822","50","26870078"
"chr1","12183481","12183785","chr1","25838397","25838707","51","13654916"
"chr1","12230298","12230496","chrX","26851185","26851383","27","14620887"
"chr1","12308621","12308921","chrX","111251347","111251650","52","98942726"
"chr1","12313246","12313549","chr12","21429394","21429694","44","9116148"
"chr1","12331959","12332235","chr9","78511121","78511408","41","66179162"
"chr1","12352151","12352426","chr2A","81501708","81501989","38","69149557"
"chr1","12357699","12357999","chr18","18251317","18251608","64","5893618"
"chr1","12366594","12366903","chr6","147487051","147487360","55","135120457"
"chr1","12371889","12371917","chr1","66042357","66042386","5","53670468"
"chr1","12371943","12372084","chr18","59064463","59064604","24","46692520"
"chr1","12372401","12372543","chrX","1730666","1730803","20","10641735"
"chr1","12487235","12487528","chr3","109414540","109414837","45","96927305"
"chr1","12524728","12524979","chrX","70342678","70342930","40","57817950"
"chr1","12597764","12598059","chr4","96085922","96086220","42","83488158"
"chr1","12665231","12665539","chr14","19296484","19296794","51","6631253"
"chr1","12694081","12694344","chr16","30694720","30694962","70","18000639"
"chr1","12733269","12733566","chr1","134187131","134187427","35","121453862"
"chr1","12795157","12795466","chr9","67930664","67930970","49","55135507"
"chr1","12833060","12833371","chr8","24352605","24352915","45","11519545"
"chr1","12861338","12861454","chr16","21795060","21795174","17","8933722"
"chr1","12861484","12861664","chr7","152832086","152832262","44","139970602"
"chr1","12943327","12943485","chr6","37357453","37357616","23","24414126"
"chr1","12947172","12947412","chr1","126660119","126660358","35","113712947"
"chr1","13002188","13002320","chr11","101459596","101459728","20","88457408"
"chr1","13019210","13019487","chr1","15125951","15126230","35","2106741"
"chr1","13031233","13031525","chr15","71916542","71916841","46","58885309"
"chr1","13051530","13051833","chr10","22186081","22186392","39","9134551"
"chr1","13076995","13077126","chr3","59287633","59287756","24","46210638"
"chr1","13078005","13078175","chr14","24556308","24556477","32","11478303"
"chr1","13078482","13078598","chr5","46194577","46194693","23","33116095"
"chr1","13079136","13079444","chr7","152799145","152799449","35","139720009"
"chr1","13083774","13084072","chr2B","131657052","131657355","46","118573278"
"chr1","13085823","13085980","chr13","80782932","80783090","19","67697109"
"chr1","13092435","13092743","chr12","95181321","95181629","48","82088886"
"chr1","13094586","13094635","chr4","40458953","40459004","8","27364367"
"chr1","13100835","13101117","chr3","52908431","52908702","49","39807596"
"chr1","13111695","13111799","chr1","164359318","164359426","18","151247623"
"chr1","13114137","13114290","chr7","48329254","48329410","31","35215117"
"chr1","13114586","13114727","chr1","216046125","216046259","26","202931539"
"chr1","13122936","13123045","chr19","52996932","52997036","22","39873996"
"chr1","13126106","13126428","chrX","11995953","11996257","55","1130153"
"chr1","13138148","13138411","chr11","106303424","106303680","47","93165276"
"chr1","13152105","13152407","chr22","19407366","19407666","36","6255261"
"chr1","13158019","13158306","chr5","156460231","156460525","47","143302212"
"chr1","13167471","13167654","chr5","1344175","1344351","26","11823296"
"chr1","13173130","13173434","chr7","34234347","34234648","46","21061217"
"chr1","13176599","13176898","chr3","152581838","152582126","61","139405239"
"chr1","13206960","13207130","chr7","6482855","6483015","37","6724105"
"chr1","13207426","13207555","chr15","19325603","19325734","20","6118177"
"chr1","13213201","13213506","chr13","80914679","80914992","48","67701478"
"chr1","13237033","13237253","chr7","76173095","76173319","33","62936062"
"chr1","13238746","13238868","chr9","78694972","78695094","23","65456226"
"chr1","13255111","13255238","chr5","59589026","59589158","26","46333915"
"chr1","13258447","13258567","chr13","80953997","80954116","17","67695550"
"chr1","13258598","13258884","chr15","13815296","13815585","46","556698"
"chr1","13268761","13269066","chr20","44691556","44691861","41","31422795"
"chr1","13269656","13269794","chr19","18547264","18547407","28","5277608"
"chr1","13279264","13279540","chrUn_CABD030130631v1","4028","4301","54","13275236"
"chr1","13292788","13293059","chr6","3285939","3286213","34","10006849"
"chr1","13299848","13300134","chr14","8695019","8695303","50","4604829"
"chr1","13305341","13305640","chr11","48209135","48209431","42","34903794"
"chr1","13317236","13317537","chr7","139963807","139964112","41","126646571"
"chr1","13318044","13318336","chr13","81014639","81014935","41","67696595"
"chr1","13324719","13325010","chr1","32797747","32798044","38","19473028"
"chr1","13331235","13331512","chr15","2684726","2685002","41","10646509"
"chr1","13336048","13336219","chr9","107958866","107959041","22","94622818"
"chr1","13337017","13337124","chr9","52058155","52058261","27","38721138"
"chr1","13385374","13385655","chr13","95447317","95447606","40","82061943"
"chr1","13386213","13386483","chr3","180314627","180314912","48","166928414"
"chr1","13395960","13396106","chr10","41354373","41354519","17","27958413"
"chr1","13405004","13405293","chr12","133300838","133301129","56","119895834"
"chr1","13406393","13406689","chr3","42530028","42530327","38","29123635"
"chr1","13476139","13476416","chrX","1676836","1677117","35","11799303"
"chr1","13484487","13484790","chr9","103044534","103044835","41","89560047"
"chr1","13496201","13496377","chr21","18597073","18597244","31","5100872"
"chr1","13496679","13496746","chr19","265283","265347","14","13231396"
"chr1","13496768","13497057","chr13","8933288","8933581","42","4563480"
"chr1","13508251","13508546","chr2B","124728949","124729237","50","111220698"
"chr1","13515269","13515574","chr7","139963807","139964112","39","126448538"
"chr1","13538192","13538489","chr4","16487048","16487347","40","2948856"
"chr1","13615046","13615115","chr11","66565636","66565699","14","52950590"
"chr1","13619883","13620179","chr1","212745117","212745410","43","199125234"
"chr1","13628100","13628394","chr5","40961047","40961339","59","27332947"
"chr1","13632736","13633023","chr12","88983267","88983556","58","75350531"
"chr1","13636592","13636888","chr19","38571676","38571974","39","24935084"
"chr1","13697479","13697603","chr7","6377467","6377597","28","7320012"
"chr1","13724547","13724846","chrX","54813463","54813761","47","41088916"
"chr1","13731175","13731470","chr6","57030350","57030643","38","43299175"
"chr1","13732279","13732445","chr13","81469858","81470022","33","67737579"
"chr1","13739055","13739277","chr2B","66665417","66665639","32","52926362"
"chr1","13762870","13763050","chr9","30391678","30391856","32","16628808"
"chr1","13763358","13763493","chr7","83667499","83667632","14","69904141"
"chr1","13768320","13768613","chr13","9716804","9717101","45","4051516"
"chr1","13793671","13793807","chr1","15319570","15319711","19","1525899"
"chr1","13794114","13794273","chrX","49162402","49162566","24","35368288"
"chr1","13799684","13799991","chr6","157901888","157902194","48","144102204"
"chr1","13805751","13805872","chr3","35284845","35284968","18","21479094"
"chr1","13805929","13806079","chr19","16245932","16246082","28","2440003"
"chr1","13810164","13810468","chr15","78041904","78042206","43","64231740"
"chr1","13816696","13816996","chr11","65133925","65134229","38","51317229"
"chr1","13828282","13828589","chr5","39481373","39481682","42","25653091"
"chr1","13831715","13831834","chr6","172487785","172487905","18","158656070"
"chr1","13831866","13832026","chr3","123879246","123879413","40","110047380"
"chr1","13842456","13842587","chr20","45786506","45786644","29","31944050"
"chr1","13855779","13856071","chr16","3676520","3676812","38","10179259"
"chr1","13857889","13858198","chr9","67930664","67930970","46","54072775"
"chr1","13866266","13866568","chr7","139963807","139964112","38","126097541"
"chr1","13871968","13872266","chr5","117760443","117760736","38","103888475"
"chr1","13874993","13875291","chr7","156411290","156411591","43","142536297"
"chr1","13882345","13882638","chr9","43358389","43358699","48","29476044"
"chr1","13945029","13945348","chr22","13979360","13979671","45","34331"
"chr1","13957225","13957512","chr7","97259826","97260117","47","83302601"
"chr1","14078928","14079231","chr20","31822236","31822541","51","17743308"
"chr1","14110846","14111150","chr1","135275847","135276149","44","121165001"
"chr1","14174052","14174377","chr19","6887179","6887503","62","7286873"
"chr1","14243450","14243759","chr8","77654380","77654689","38","63410930"
"chr1","14272814","14273074","chr12","79123277","79123534","45","64850463"
"chr1","14275638","14275934","chr10","140762693","140762991","40","126487055"
"chr1","14296126","14296333","chr16","2225022","2225227","52","12071104"
"chr1","14302882","14303176","chr3","120614440","120614738","42","106311558"
"chr1","14314772","14315074","chr9","16421024","16421322","48","2106252"
"chr1","14320434","14320537","chr20","35143237","35143342","22","20822803"
"chr1","14330802","14331076","chr1","194129673","194129951","54","179798871"
"chr1","14331405","14331604","chr5","141513417","141513614","36","127182012"
"chr1","14350923","14351057","chr9","114516225","114516362","21","100165302"
"chr1","14376512","14376815","chr11","111974661","111974961","38","97598149"
"chr1","14388881","14389168","chr12","1122701","1122989","38","13266180"
"chr1","14404400","14404707","chr5","34215137","34215446","37","19810737"
"chr1","14459253","14459545","chr13","77437423","77437717","36","62978170"
"chr1","14542870","14543163","chr5","163127146","163127429","52","148584276"
"chr1","14545371","14545536","chr17","8999835","8999998","24","5545536"
"chr1","14549072","14549207","chr9","111058064","111058199","10","96508992"
"chr1","14561796","14561891","chr4","151279427","151279525","12","136717631"
"chr1","14564806","14565106","chr4","39011306","39011605","36","24446500"
"chr1","14573876","14574148","chr6","16963606","16963881","40","2389730"
"chr1","14577465","14577762","chr15","33807634","33807933","35","19230169"
"chr1","14619477","14619784","chr11","17136070","17136380","40","2516593"
"chr1","14627363","14627616","chr5","92676376","92676647","61","78049013"
"chr1","14631326","14631609","chr9","91760471","91760758","39","77129145"
"chr1","14631759","14632057","chrX","19536053","19536343","43","4904294"
"chr1","14643306","14643608","chr10","110020152","110020451","43","95376846"
"chr1","14647763","14648072","chr13","82339151","82339458","43","67691388"
"chr1","14671898","14672199","chr5","126505026","126505325","49","111833128"
"chr1","14715929","14716052","chr12","2662989","2663113","16","12052940"
"chr1","14721487","14721826","chr12","66862244","66862567","54","52140757"
"chr1","14723931","14724034","chr5","63007508","63007611","7","48283577"
"chr1","14732504","14732819","chr20","11454881","11455184","61","3277623"
"chr1","14760937","14761233","chr11","117367595","117367888","37","102606658"
"chr1","14775953","14776266","chr5","162648722","162649033","43","147872769"
"chr1","14808101","14808385","chr13","82511042","82511328","48","67702941"
"chr1","14826014","14826178","chr11","85129769","85129925","42","70303755"
"chr1","14826447","14826630","chr6","7460398","7460577","32","7366049"
"chr1","14829456","14829746","chr2B","100929351","100929648","40","86099895"
"chr1","14865443","14865735","chr5","38874002","38874302","44","24008559"
"chr1","14868664","14868957","chr12","95527677","95527972","36","80659013"
"chr1","14870885","14871180","chr6","21769763","21770061","45","6898878"
"chr1","14876140","14876404","chr22","8286756","8287024","43","6589384"
"chr1","14882896","14883194","chr10","12118144","12118442","40","2764752"
"chr1","14885766","14886012","chr1","91387897","91388142","34","76502131"
"chr1","14904163","14904298","chr16","23891117","23891253","18","8986954"
"chr1","14904597","14904762","chr5","19584116","19584279","37","4679519"
"chr1","14905947","14906080","chr1","227439358","227439480","28","212533411"
"chr1","14908649","14908805","chr1","147194209","147194362","24","132285560"
"chr1","14909099","14909273","chr1","118032146","118032305","51","103123047"
"chr1","14923460","14923749","chr14","43880397","43880684","48","28956937"
"chr1","14935742","14936047","chr11","113735050","113735357","33","98799308"
"chr1","14937617","14937919","chr1","97716704","97717002","41","82779087"
"chr1","14944908","14945208","chr11","48339697","48339993","43","33394789"
"chr1","14945373","14945657","chr8","103853182","103853465","43","88907809"
"chr1","14983152","14983457","chr19","55501199","55501506","43","40518047"
"chr1","14993719","14994009","chr6","150179260","150179550","38","135185541"
"chr1","15038347","15038645","chr1","6861545","6861837","39","8176802"
"chr1","15157135","15157427","chr1","66094179","66094473","43","50937044"
"chr1","15162275","15162374","chr9","15380993","15381096","31","218718"
"chr1","15169348","15169512","chr9","45529714","45529878","24","30360366"
"chr1","15169811","15169945","chr11","61143946","61144082","16","45974135"
"chr1","15186262","15186383","chr7","4946810","4946930","25","10239452"
"chr1","15191675","15191793","chr11","3639856","3639975","16","11551819"
"chr1","15191841","15192015","chr12","2952968","2953143","35","12238873"
"chr1","15193087","15193382","chr16","32987056","32987347","43","17793969"
"chr1","15194106","15194376","chr2A","3823335","3823621","49","11370771"
"chr1","15204905","15205035","chr15","50455218","50455345","20","35250313"
"chr1","15206305","15206602","chr2B","100893350","100893645","42","85687045"
"chr1","15215566","15215874","chr14","73771893","73772203","36","58556327"
"chr1","15217500","15217763","chr15","13302570","13302846","52","1914930"
"chr1","15223224","15223516","chr4","162552218","162552510","43","147328994"
"chr1","15224802","15225054","chr10","144667939","144668186","57","129443137"
"chr1","15228295","15228598","chr16","48590635","48590939","33","33362340"
"chr1","15228652","15228946","chr2A","64795523","64795818","33","49566871"
"chr1","15229166","15229447","chr12","127832904","127833186","48","112603738"
"chr1","15231574","15231881","chr4","200821253","200821559","36","185589679"
"chr1","15250884","15251182","chrX","19694089","19694388","33","4443205"
"chr1","15254345","15254648","chrX","19694089","19694388","41","4439744"
"chr1","15308225","15308522","chr8","78885892","78886199","49","63577667"
"chr1","15309513","15309769","chr4","124359555","124359819","43","109050042"
"chr1","15320818","15321096","chr8","82891492","82891779","36","67570674"
"chr1","15344045","15344370","chr7","69435964","69436280","54","54091919"
"chr1","15349191","15349484","chr7","137875988","137876287","38","122526797"
"chr1","15362155","15362274","chr19","57270139","57270258","16","41907984"
"chr1","15374833","15375074","chr1","209089368","209089606","38","193714535"
"chr1","15397793","15398061","chr1","191627397","191627652","66","176229604"
"chr1","15398552","15398849","chrX","111678645","111678944","36","96280093"
"chr1","15442253","15442562","chr6","166663442","166663749","47","151221189"
"chr1","15444411","15444538","chr10","60326661","60326780","23","44882250"
"chr1","15475246","15475499","chr22","21651777","21652027","47","6176531"
"chr1","15486129","15486384","chr5","10323159","10323411","49","5162970"
"chr1","15490353","15490643","chr9","72822792","72823085","58","57332439"
"chr1","15498498","15498765","chr13","83268622","83268884","43","67770124"
"chr1","15556609","15556784","chr5","1344175","1344351","29","14212434"
"chr1","15560038","15560313","chr19","48380052","48380333","46","32820014"
"chr1","15560753","15560887","chr14","57560348","57560480","14","41999595"
"chr1","15568877","15569126","chr10","147409670","147409905","53","131840793"
"chr1","15581585","15581908","chr19","4986222","4986544","47","10595363"
"chr1","15584646","15584776","chr5","2544213","2544344","14","13040433"
"chr1","15622636","15622723","chr8","48546194","48546287","15","32923558"
"chr1","15658236","15658369","chr6","113116076","113116208","13","97457840"
"chr1","15658582","15658607","chrX","19461946","19461972","8","3803364"
"chr1","15658899","15659099","chr16","76061209","76061405","35","60402310"
"chr1","15692591","15692719","chr16","31909014","31909145","21","16216423"
"chr1","15748698","15749009","chr6","13811703","13812015","41","1936995"
"chr1","15749084","15749387","chr3","121038671","121038982","47","105289587"
"chr1","15775506","15775799","chr1","160091876","160092173","43","144316370"
"chr1","15776647","15776936","chr8","82894963","82895258","48","67118316"
"chr1","15790090","15790393","chr12","34849056","34849355","51","19058966"
"chr1","15827029","15827310","chr1","11669542","11669828","47","4157487"
"chr1","15865908","15866203","chr6","39350557","39350860","41","23484649"
"chr1","15910369","15910640","chr3","122378560","122378834","45","106468191"
"chr1","15912287","15912594","chr1","21756556","21756861","46","5844269"
"chr1","15929853","15930155","chr3","39894335","39894639","37","23964482"
"chr1","15940880","15941122","chr10","105493256","105493497","52","89552376"
"chr1","15963677","15963969","chr19","48380052","48380333","52","32416375"
"chr1","16007733","16008014","chr1","46890129","46890419","49","30882396"
"chr1","16013333","16013621","chrX","54747858","54748145","34","38734525"
"chr1","16019860","16019939","chr10","67506004","67506084","19","51486144"
"chr1","16025911","16026054","chr19","38761081","38761228","36","22735170"
"chr1","16159145","16159445","chr9","104384316","104384616","43","88225171"
"chr1","16161241","16161340","chrX","130061565","130061661","16","113900324"
"chr1","16228913","16229044","chr5","38957611","38957744","18","22728698"
"chr1","16229341","16229525","chr2B","75131701","75131882","30","58902360"
"chr1","16239623","16239917","chr3","15071438","15071730","46","1168185"
"chr1","16253897","16254169","chr3","74424340","74424617","47","58170443"
"chr1","16275393","16275643","chr15","11984493","11984747","54","4290900"
"chr1","16308856","16309132","chr6","84738591","84738863","43","68429735"
"chr1","16335227","16335500","chr13","31585458","31585730","47","15250231"
"chr1","16349172","16349383","chr4","5610683","5610898","35","10738489"
"chr1","16432833","16432988","chrX","103632090","103632245","28","87199257"
"chr1","16462154","16462411","chr6","77982799","77983061","45","61520645"
"chr1","16492793","16493062","chr13","84231421","84231687","42","67738628"
"chr1","16521626","16521802","chr1","19100618","19100793","32","2578992"
"chr1","16523014","16523316","chrX","133347328","133347631","37","116824314"
"chr1","16547216","16547503","chr17","87362487","87362779","48","70815271"
"chr1","16564381","16564691","chr10","6262916","6263222","55","10301465"
"chr1","16621292","16621448","chr16","15498844","15499002","22","1122448"
"chr1","16631711","16631980","chr8","103853182","103853465","50","87221471"
"chr1","16669759","16669978","chr3","111668787","111669008","49","94999028"
"chr1","16671072","16671366","chr16","65373198","65373490","38","48702126"
"chr1","16721579","16721891","chr1","117087377","117087688","52","100365798"
"chr1","16798984","16799277","chr4","124825886","124826177","30","108026902"
"chr1","16828951","16829254","chr9","30504120","30504417","41","13675169"
"chr1","16891017","16891307","chr13","94708824","94709116","33","77817807"
"chr1","16895799","16896089","chr9","54030848","54031124","67","37135049"
"chr1","16901087","16901417","chrX","24704884","24705222","54","7803797"
"chr1","16962853","16963134","chr5","45704421","45704704","40","28741568"
"chr1","17106914","17107208","chr12","35147057","35147353","45","18040143"
"chr1","17125710","17125876","chr6","36357202","36357360","30","19231492"
"chr1","17204760","17204909","chr4","2828571","2828723","30","14376189"
"chr1","17204936","17205176","chr16","57655443","57655679","46","40450507"
"chr1","17219080","17219374","chr2B","84313295","84313594","60","67094215"
"chr1","17222711","17222793","chr5","41433788","41433863","18","24211077"
"chr1","17226327","17226471","chrX","129750619","129750753","19","112524292"
"chr1","17226758","17226948","chr21","22638055","22638242","36","5411297"
"chr1","17248137","17248423","chr14","38709802","38710086","56","21461665"
"chr1","17295891","17296192","chr3","24724928","24725224","61","7429037"
"chr1","17304930","17305233","chr11","115562120","115562420","48","98257190"
"chr1","17383332","17383632","chr12","118346655","118346946","49","100963323"
"chr1","17386746","17387029","chr9","96683056","96683337","54","79296310"
"chr1","17392503","17392584","chr10","91119787","91119861","19","73727284"
"chr1","17485668","17485799","chrX","23976572","23976706","12","6490904"
"chr1","17492830","17492973","chr10","134526942","134527086","27","117034112"
"chr1","17493166","17493298","chr11","123019496","123019628","17","105526330"
"chr1","17514595","17514790","chr13","85129707","85129902","33","67615112"
"chr1","17554169","17554447","chr17","64787991","64788265","40","47233822"
"chr1","17797037","17797330","chr4","72043971","72044268","47","54246934"
"chr1","17802273","17802524","chr7","2270201","2270458","46","15532072"
"chr1","17866097","17866361","chr11","102619561","102619823","49","84753464"
"chr1","17866393","17866407","chr3","12731764","12731778","2","5134629"
"chr1","17869794","17870100","chr12","109472207","109472508","47","91602413"
"chr1","17874920","17875171","chr13","85472138","85472395","39","67597218"
"chr1","17885612","17885745","chr16","22499150","22499285","21","4613538"
"chr1","17925894","17926191","chr2A","1327532","1327813","51","16598362"
"chr1","17928245","17928536","chr11","123114043","123114321","45","105185798"
"chr1","17930347","17930433","chr14","63048319","63048405","9","45117972"
"chr1","17932435","17932735","chr9","67930664","67930970","43","49998229"
"chr1","17949928","17950183","chr4","17308170","17308420","42","641758"
"chr1","17966880","17967175","chr7","48539450","48539739","47","30572570"
"chr1","18070647","18070905","chr14","10263681","10263939","45","7806966"
"chr1","18127001","18127284","chr1","102320513","102320796","40","84193512"
"chr1","18149537","18149830","chr4","21361861","21362148","37","3212324"
"chr1","18162208","18162469","chr9","46965292","46965566","53","28803084"
"chr1","18274475","18274768","chr21","33605699","33605991","40","15331224"
"chr1","18396003","18396229","chr20","55585562","55585801","43","37189559"
"chr1","18396967","18397270","chr12","52178346","52178642","48","33781379"
"chr1","18424633","18424913","chr3","200253263","200253542","40","181828630"
"chr1","18756022","18756101","chr3","34000001","34000070","19","15243979"
"chr1","18888984","18889249","chr12","23436053","23436305","56","4547069"
"chr1","18891619","18891924","chr1","52045396","52045697","42","33153777"
"chr1","18931329","18931607","chr13","86518220","86518503","59","67586891"
"chr1","19086412","19086528","chr10","107898843","107898965","17","88812431"
"chr1","19234173","19234465","chr16","61870246","61870540","46","42636073"
"chr1","19323219","19323507","chr4","25185663","25185957","52","5862444"
"chr1","19435738","19435874","chr7","134120635","134120769","24","114684897"
"chr1","19438524","19438808","chr11","16413573","16413862","45","3024951"
"chr1","19506240","19506521","chr1","191158421","191158704","53","171652181"
"chr1","19528677","19528938","chr4","109517540","109517815","53","89988863"
"chr1","19564237","19564533","chr5","34215137","34215446","54","14650900"
"chr1","19587136","19587433","chr5","41980360","41980657","44","22393224"
"chr1","19673909","19674201","chr8","100919933","100920228","46","81246024"
"chr1","19701808","19702125","chr1","3648210","3648520","46","16053598"
"chr1","19736081","19736368","chr3","45452941","45453238","57","25716860"
"chr1","19839198","19839335","chr2A","11350578","11350709","29","8488620"
"chr1","19846596","19846872","chr20","17179654","17179923","45","2666942"
"chr1","19959794","19960107","chr14","110301","110606","49","19849493"
"chr1","20024516","20024805","chr18","30293400","30293688","45","10268884"
"chr1","20040081","20040354","chr13","87707178","87707463","49","67667097"
"chr1","20068365","20068669","chr12","32893415","32893716","45","12825050"
"chr1","20113064","20113206","chr3","172782020","172782161","24","152668956"
"chr1","20331061","20331362","chr9","113723652","113723953","35","93392591"
"chr1","20501586","20501812","chr14","32806152","32806387","41","12304566"
"chr1","20505866","20506167","chr19","35082212","35082514","46","14576346"
"chr1","20542120","20542249","chr14","12485207","12485337","16","8056913"
"chr1","20542326","20542617","chr6","136694182","136694473","48","116151856"
"chr1","20575666","20575966","chr2B","1475279","1475574","36","19100387"
"chr1","20650739","20651041","chrX","18147979","18148274","51","2502760"
"chr1","20722752","20722907","chr14","368938","369083","29","20353814"
"chr1","20723167","20723314","chr22","4824515","4824658","28","15898652"
"chr1","20736554","20736874","chr10","34959507","34959819","58","14222953"
"chr1","20761067","20761354","chr11","9465098","9465381","40","11295969"
"chr1","20906069","20906301","chr1","51953422","51953648","36","31047353"
"chr1","20918384","20918534","chr1","128500240","128500378","38","107581856"
"chr1","20991408","20991678","chr2A","97364116","97364392","48","76372708"
"chr1","20997440","20997601","chr14","65392304","65392467","23","44394864"
"chr1","20997908","20998040","chr1","168543967","168544101","17","147546059"
"chr1","21111627","21111907","chr1","11669542","11669828","50","9442085"
"chr1","21230296","21230415","chr18","76112123","76112237","24","54881827"
"chr1","21367882","21368193","chr12","67763518","67763824","46","46395636"
"chr1","21381253","21381383","chr10","134985436","134985567","14","113604183"
"chr1","21386218","21386425","chr1","134486097","134486305","37","113099879"
"chr1","21488433","21488732","chr3","189017179","189017480","42","167528746"
"chr1","21608740","21609041","chr12","52065717","52066020","42","30456977"
"chr1","21628208","21628468","chr2A","37650701","37650976","59","16022493"
"chr1","21694103","21694394","chr5","74133130","74133427","46","52439027"
"chr1","21745192","21745497","chr8","102281289","102281592","44","80536097"
"chr1","21748894","21749198","chr4","67606759","67607045","68","45857865"
"chr1","21766577","21766657","chr1","46482675","46482757","22","24716098"
"chr1","21770554","21770851","chr1","9658681","9658979","42","12111873"
"chr1","21784389","21784651","chr3","16318004","16318266","52","5466385"
"chr1","21969547","21969838","chr14","36043197","36043479","45","14073650"
"chr1","21986513","21986798","chr2B","100929351","100929648","49","78942838"
"chr1","22001140","22001439","chr19","42838327","42838623","44","20837187"
"chr1","22016987","22017284","chr4","100304636","100304931","45","78287649"
"chr1","22137338","22137409","chr11","34230332","34230403","13","12092994"
"chr1","22137434","22137555","chr4","34301589","34301709","32","12164155"
"chr1","22142398","22142447","chr10","66754567","66754614","12","44612169"
"chr1","22153054","22153361","chr14","110301","110606","45","22042753"
"chr1","22158691","22158995","chr13","89836385","89836686","39","67677694"
"chr1","22174994","22175265","chr7","77910456","77910727","50","55735462"
"chr1","22189975","22190273","chr9","69029353","69029656","42","46839378"
"chr1","22191146","22191444","chr5","13561494","13561796","46","8629652"
"chr1","22193868","22194171","chr8","77654380","77654689","38","55460512"
"chr1","22205274","22205449","chr9","107958866","107959041","28","85753592"
"chr1","22209481","22209778","chr15","47077210","47077508","41","24867729"
"chr1","22216636","22216940","chr13","35829925","35830221","44","13613289"
"chr1","22240491","22240789","chr7","139926384","139926680","42","117685893"
"chr1","22267910","22268206","chr13","89938868","89939178","49","67670958"
"chr1","22312163","22312402","chr3","183178281","183178523","35","160866118"
"chr1","22422561","22422870","chr8","82948357","82948666","47","60525796"
"chr1","22496911","22497208","chr12","94142131","94142426","46","71645220"
"chr1","22524207","22524512","chr2B","124042742","124043060","55","101518535"
"chr1","22554975","22555282","chr13","90224881","90225193","45","67669906"
"chr1","22574522","22574763","chr15","37936363","37936615","60","15361841"
"chr1","22594630","22594936","chr1","189738974","189739283","38","167144344"
"chr1","22708447","22708619","chr3","9755674","9755839","24","12952773"
"chr1","22752231","22752534","chr6","91560362","91560663","35","68808131"
"chr1","22841103","22841409","chr8","9099725","9100026","54","13741378"
"chr1","22846850","22847152","chr13","62473646","62473951","45","39626796"
"chr1","22932960","22933044","chr1","109139016","109139099","10","86206056"
"chr1","23011949","23012247","chr12","93845732","93846034","45","70833783"
"chr1","23042254","23042571","chr21","34778022","34778326","52","11735768"
"chr1","23097069","23097188","chr16","10901222","10901339","16","12195847"
"chr1","23190232","23190525","chr13","90909490","90909790","42","67719258"
"chr1","23222203","23222229","chr6","19429771","19429795","3","3792432"
"chr1","23222268","23222521","chrX","129658628","129658891","48","106436360"
"chr1","23225322","23225449","chr5","123735052","123735181","19","100509730"
"chr1","23334789","23335091","chr3","130894615","130894917","45","107559826"
"chr1","23408865","23409167","chr6","36224050","36224348","41","12815185"
"chr1","23419097","23419386","chr13","91144016","91144304","30","67724919"
"chr1","23523644","23523798","chr8","134881021","134881175","27","111357377"
"chr1","23575538","23575649","chrX","41913874","41913986","22","18338336"
"chr1","23575684","23575812","chr10","106853690","106853821","17","83278006"
"chr1","23662389","23662676","chr11","70634880","70635174","44","46972491"
"chr1","23690924","23691205","chr1","206062618","206062913","57","182371694"
"chr1","23729448","23729517","chr4","40863016","40863085","10","17133568"
"chr1","23733997","23734289","chr9","114191687","114191982","44","90457690"
"chr1","23777149","23777468","chr8","101544594","101544890","56","77767445"
"chr1","23794626","23794936","chr1","125623830","125624141","41","101829204"
"chr1","23853042","23853179","chr1","89770976","89771108","22","65917934"
"chr1","23949960","23950241","chr7","142890610","142890893","43","118940650"
"chr1","23983903","23984173","chr13","91674285","91674561","45","67690382"
"chr1","24082064","24082348","chr2B","110279862","110280149","44","86197798"
"chr1","24231459","24231469","chr1","58325006","58325017","2","34093547"
"chr1","24231647","24231894","chr6","73627058","73627314","57","49395411"
"chr1","24249842","24250126","chr11","9392301","9392584","38","14857541"
"chr1","24254463","24254753","chr1","20280960","20281258","44","3973503"
"chr1","24426731","24426998","chrX","123846815","123847078","44","99420084"
"chr1","24435440","24435734","chr3","198752684","198752979","44","174317244"
"chr1","24455224","24455516","chr1","109964973","109965267","36","85509749"
"chr1","24515606","24515915","chr9","67930664","67930970","49","43415058"
"chr1","24531359","24531662","chr5","34215137","34215446","45","9683778"
"chr1","24539543","24539849","chr14","10576358","10576665","38","13963185"
"chr1","24639964","24640041","chr6","2146809","2146887","15","22493155"
"chr1","24640066","24640247","chr12","108655091","108655269","35","84015025"
"chr1","24751672","24751965","chr16","60326170","60326477","55","35574498"
"chr1","24867499","24867826","chr3","50791867","50792181","58","25924368"
"chr1","25022236","25022545","chr4","35750451","35750759","44","10728215"
"chr1","25029638","25029904","chr13","92720697","92720963","33","67691059"
"chr1","25070072","25070362","chrX","123850881","123851176","49","98780809"
"chr1","25176806","25177103","chr20","4552264","4552560","37","20624542"
"chr1","25177127","25177138","chr16","14443379","14443389","1","10733748"
"chr1","25181547","25181846","chr9","79446566","79446862","34","54265019"
"chr1","25236312","25236623","chr18","21951252","21951563","41","3285060"
"chr1","25248353","25248649","chr1","207105830","207106127","47","181857477"
"chr1","25255306","25255592","chr4","171202478","171202770","54","145947172"
"chr1","25257893","25258171","chr18","77456408","77456687","47","52198515"
"chr1","25359455","25359751","chr2B","1475279","1475574","39","23884176"
"chr1","25465531","25465829","chr19","14847304","14847605","52","10618227"
"chr1","25466095","25466194","chr8","145739363","145739461","11","120273268"
"chr1","25514286","25514591","chr4","69296987","69297294","45","43782701"
"chr1","25532297","25532512","chr16","74853275","74853505","61","49320978"
"chr1","25564764","25565069","chr1","226646602","226646900","42","201081838"
"chr1","25572779","25573059","chr14","72061594","72061875","41","46488815"
"chr1","25573659","25573967","chr7","139053532","139053842","39","113479873"
"chr1","25655373","25655662","chr9","34691387","34691679","47","9036014"
"chr1","25660571","25660878","chr3","39964527","39964830","44","14303956"
"chr1","25717531","25717788","chr10","116469299","116469557","42","90751768"
"chr1","25795703","25795838","chr9","116772111","116772246","14","90976408"
"chr1","25796143","25796315","chr5","63483235","63483402","29","37687092"
"chr1","25801093","25801216","chrX","23325027","23325143","20","2476066"
"chr1","25826484","25826765","chr6","124063158","124063439","39","98236674"
"chr1","25870981","25871272","chrX","13403350","13403638","34","12467631"
"chr1","25938701","25939022","chr6","37361889","37362199","46","11423188"
"chr1","25940265","25940575","chr11","126115322","126115621","39","100175057"
"chr1","25955887","25956182","chr22","25242303","25242597","34","713584"
"chr1","25963856","25964155","chr14","7217699","7217998","39","18746157"
"chr1","25966228","25966520","chr12","8813587","8813888","42","17152641"
"chr1","26005316","26005474","chr1","114445714","114445876","23","88440398"
"chr1","26005758","26005893","chr5","7709860","7709995","29","18295898"
"chr1","26014545","26014834","chr9","41878230","41878523","38","15863685"
"chr1","26029065","26029352","chr11","9392301","9392584","44","16636764"
"chr1","26036917","26037052","chr5","7709860","7709995","17","18327057"
"chr1","26053885","26054169","chr2B","84319689","84319983","41","58265804"
"chr1","26055091","26055279","chr17","5023946","5024133","31","21031145"
"chr1","26075279","26075442","chr12","10503992","10504156","32","15571287"
"chr1","26075749","26075882","chrX","91029630","91029764","19","64953881"
"chr1","26080651","26080922","chr5","47101929","47102212","41","21021278"
"chr1","26136158","26136450","chr6","4177308","4177600","43","21958850"
"chr1","26182457","26182740","chr1","78914405","78914677","50","52731948"
"chr1","26246091","26246383","chr4","38588688","38588976","37","12342597"
"chr1","26262063","26262360","chr6","36434107","36434400","56","10172044"
"chr1","26319827","26320120","chr13","93996005","93996300","44","67676178"
"chr1","26392497","26392730","chrX","40490636","40490870","41","14098139"
"chr1","26406289","26406581","chr1","25178752","25179045","38","1227537"
"chr1","26457033","26457347","chr4","72265968","72266277","50","45808935"
"chr1","26477444","26477617","chr4","39168431","39168598","26","12690987"
"chr1","26505209","26505331","chr7","148661024","148661145","20","122155815"
"chr1","26642201","26642498","chr11","10722051","10722346","48","15920150"
"chr1","26663403","26663704","chr21","34787837","34788140","48","8124434"
"chr1","26679764","26679948","chr16","31525076","31525262","21","4845312"
"chr1","26723974","26724283","chr13","94431068","94431366","50","67707094"
"chr1","26725255","26725551","chr13","94432326","94432619","48","67707071"
"chr1","26923567","26923862","chr2B","100929351","100929648","42","74005784"
"chr1","26947881","26948178","chr5","44440294","44440598","44","17492413"
"chr1","26990410","26990699","chr11","72914224","72914512","40","45923814"
"chr1","27079150","27079437","chr7","37611793","37612078","46","10532643"
"chr1","27106849","27106940","chr1","198365932","198366023","11","171259083"
"chr1","27110306","27110593","chr19","52484251","52484544","47","25373945"
"chr1","27197174","27197432","chr3","11684948","11685204","37","15512226"
"chr1","27230776","27230886","chrX","133919694","133919804","22","106688918"
"chr1","27301393","27301686","chr8","47619379","47619670","41","20317986"
"chr1","27382006","27382203","chr9","74819531","74819730","31","47437525"
"chr1","27491732","27491875","chrX","117997660","117997800","29","90505928"
"chr1","27494445","27494743","chr1","145866574","145866859","45","118372129"
"chr1","27504741","27504917","chr5","56266408","56266584","30","28761667"
"chr1","27507259","27507555","chr9","94478463","94478762","47","66971204"
"chr1","27619783","27620085","chr2A","68807272","68807575","47","41187489"
"chr1","27640963","27641228","chr3","179781249","179781524","40","152140286"
"chr1","27681692","27681982","chr7","138434617","138434908","53","110752925"
"chr1","27777584","27777858","chr16","22542988","22543258","48","5234596"
"chr1","27778855","27779006","chr12","113052932","113053084","29","85274077"
"chr1","27821368","27821632","chrX","77233662","77233935","40","49412294"
"chr1","27842080","27842373","chr5","24372432","24372725","34","3469648"
"chr1","27905646","27905844","chr14","38248170","38248371","38","10342524"
"chr1","27905845","27906140","chr4","198281925","198282228","38","170376080"
"chr1","27907499","27907797","chr5","2684562","2684864","32","25222937"
"chr1","27936108","27936420","chr13","95539493","95539801","35","67603385"
"chr1","27940900","27940950","chr7","58380353","58380407","15","30439453"
"chr1","27958716","27958845","chr9","121076961","121077092","15","93118245"
"chr1","27964692","27964990","chr5","122721886","122722189","34","94757194"
"chr1","27966991","27967281","chr12","131161038","131161329","72","103194047"
"chr1","27970721","27970886","chr3","200076467","200076629","30","172105746"
"chr1","27991980","27992277","chr2A","67830661","67830952","54","39838681"
"chr1","28006181","28006509","chr7","139731696","139732000","97","111725515"
"chr1","28012394","28012662","chr12","15887387","15887662","43","12125007"
"chr1","28017871","28018162","chr4","16487048","16487347","52","11530823"
"chr1","28022309","28022602","chr10","41664190","41664488","39","13641881"
"chr1","28028303","28028365","chr3","54734924","54734984","13","26706621"
"chr1","28028600","28028896","chr6","157862323","157862628","44","129833723"
"chr1","28035960","28036247","chr6","27685525","27685819","39","350435"
"chr1","28036248","28036383","chr4","185734049","185734184","11","157697801"
"chr1","28094689","28094982","chr5","122919604","122919896","37","94824915"
"chr1","28109793","28110041","chr8","48281852","48282105","42","20172059"
"chr1","28161138","28161424","chr2A","3673775","3674064","48","24487363"
"chr1","28223677","28223969","chr2A","89790368","89790659","43","61566691"
"chr1","28226648","28226923","chr5","35920004","35920281","40","7693356"
"chr1","28227341","28227644","chr13","95839362","95839666","36","67612021"
"chr1","28231466","28231765","chrX","134266402","134266696","42","106034936"
"chr1","28371111","28371411","chr1","35093771","35094077","44","6722660"
"chr1","28415520","28415804","chr20","48240693","48240983","44","19825173"
"chr1","28453299","28453463","chrX","279100","279272","34","28174199"
"chr1","28476782","28477076","chr9","113723652","113723953","45","85246870"
"chr1","28481819","28482113","chr2B","100893350","100893645","39","72411531"
"chr1","28522156","28522437","chr20","14139927","14140206","41","14382229"
"chr1","28567373","28567687","chr14","7217699","7217998","53","21349674"
"chr1","28571280","28571575","chr16","70423493","70423789","54","41852213"
"chr1","28590294","28590552","chr1","42851268","42851522","39","14260974"
"chr1","28596435","28596723","chr1","139266119","139266414","42","110669684"
"chr1","28603697","28603985","chrX","33575116","33575401","38","4971419"
"chr1","28606744","28607013","chr5","156491820","156492099","48","127885076"
"chr1","28693744","28694005","chr1","7933422","7933688","42","20760322"
"chr1","28697541","28697665","chr19","5450830","5450953","21","23246711"
"chr1","28697698","28697986","chr13","96332314","96332607","35","67634616"
"chr1","28701260","28701564","chrX","47845060","47845363","39","19143800"
"chr1","28702577","28702840","chrX","18875176","18875442","42","9827401"
"chr1","28702852","28703170","chr5","8111951","8112260","49","20590901"
"chr1","28739706","28739833","chr1","64265288","64265418","14","35525582"
"chr1","28788124","28788419","chrX","13027655","13027944","45","15760469"
"chr1","28814881","28815176","chr19","20811630","20811928","34","8003251"
"chr1","28831035","28831147","chr1","1893115","1893230","28","26937920"
"chr1","28831183","28831268","chr6","65792676","65792752","25","36961493"
"chr1","28833454","28833577","chr11","78078378","78078501","21","49244924"
"chr1","28849873","28850163","chr19","46455355","46455639","53","17605482"
"chr1","28889836","28890148","chr2A","96926669","96926978","53","68036833"
"chr1","28982230","28982533","chr1","224636829","224637130","34","195654599"
"chr1","29099281","29099569","chr16","80798946","80799235","37","51699665"
"chr1","29218074","29218266","chr20","31601124","31601321","31","2383050"
"chr1","29218287","29218580","chr15","18841875","18842169","42","10376412"
"chr1","29232532","29232821","chr19","35564249","35564547","41","6331717"
"chr1","29351763","29352008","chr5","69760514","69760785","65","40408751"
"chr1","29364138","29364449","chr11","129916074","129916378","45","100551936"
"chr1","29374159","29374435","chr22","1778163","1778440","49","27595996"
"chr1","29381021","29381334","chr1","225291229","225291540","42","195910208"
"chr1","29404525","29404643","chr16","62916690","62916809","36","33512165"
"chr1","29407041","29407347","chr5","160450874","160451173","48","131043833"
"chr1","29464991","29465291","chr5","39061997","39062294","39","9597006"
"chr1","29472225","29472465","chr3","48412731","48412953","43","18940506"
"chr1","29483570","29483803","chr7","69823427","69823647","45","40339857"
"chr1","29487139","29487295","chr9","111371897","111372052","32","81884758"
"chr1","29493144","29493448","chrX","70988282","70988582","37","41495138"
"chr1","29498253","29498421","chr12","60949682","60949852","38","31451429"
"chr1","29498733","29498810","chrX","55042423","55042498","6","25543690"
"chr1","29506162","29506441","chr18","11984693","11984971","50","17521469"
"chr1","29509366","29509686","chr1","25213421","25213752","49","4295945"
"chr1","29510346","29510644","chr22","21324933","21325236","43","8185413"
"chr1","29514865","29515147","chr22","17590884","17591166","43","11923981"
"chr1","29532921","29533156","chr11","33098975","33099204","32","3566054"
"chr1","29534943","29535219","chr1","157892683","157892950","61","128357740"
"chr1","29542412","29542688","chr6","10894936","10895217","41","18647476"
"chr1","29599637","29599806","chr14","46967169","46967338","31","17367532"
"chr1","29600750","29601049","chrX","54801226","54801524","41","25200476"
"chr1","29604218","29604522","chr15","43176471","43176772","50","13572253"
"chr1","29628103","29628387","chr16","58685877","58686160","49","29057774"
"chr1","29876859","29877156","chrX","72049902","72050201","46","42173043"
"chr1","30028732","30028936","chrX","124599356","124599551","43","94570624"
"chr1","30029235","30029349","chr8","63631723","63631835","15","33602488"
"chr1","30200612","30200901","chr8","76504940","76505223","42","46304328"
"chr1","30205373","30205669","chrX","44731863","44732157","40","14526490"
"chr1","30286851","30287167","chr3","69851871","69852170","65","39565020"
"chr1","30479210","30479378","chrX","129751072","129751237","35","99271862"
"chr1","30503154","30503283","chr1","17325345","17325470","22","13177809"
"chr1","30558792","30559089","chr13","12900713","12901005","45","17658079"
"chr1","30574476","30574726","chr22","22100277","22100541","42","8474199"
"chr1","30621813","30622099","chr5","158750060","158750350","53","128128247"
"chr1","30665028","30665252","chr6","101519649","101519870","33","70854621"
"chr1","30809229","30809485","chrX","25999745","25999998","42","4809484"
"chr1","30869097","30869393","chr7","76528969","76529262","46","45659872"
"chr1","30896347","30896648","chr13","66372683","66372984","41","35476336"
"chr1","31036468","31036576","chr16","43849045","43849159","16","12812577"
"chr1","31099058","31099143","chr14","63048319","63048405","14","31949261"
"chr1","31116961","31117096","chr5","37152137","37152273","25","6035176"
"chr1","31160865","31160981","chr1","180054399","180054515","19","148893534"
"chr1","31161006","31161179","chr1","160188990","160189161","33","129027984"
"chr1","31162672","31162986","chr6","89975474","89975784","48","58812802"
"chr1","31189046","31189326","chr11","126604463","126604746","45","95415417"
"chr1","31223630","31223922","chrX","110532660","110532940","58","79309030"
"chr1","31394176","31394459","chr19","16723985","16724260","53","14670191"
"chr1","31530758","31531027","chr13","65681731","65682010","42","34150973"
"chr1","31533230","31533529","chr8","82894963","82895258","41","51361733"
"chr1","31542073","31542373","chr5","44854965","44855250","55","13312892"
"chr1","31600993","31601170","chr2B","68650449","68650624","46","37049456"
"chr1","31601180","31601457","chr9","35669290","35669566","57","4068110"
"chr1","31684155","31684448","chr13","12012079","12012370","44","19672076"
"chr1","32216720","32217020","chr4","110248134","110248433","51","78031414"
"chr1","32264413","32264720","chr13","64798928","64799235","42","32534515"
"chr1","32265448","32265739","chr17","7395135","7395425","47","24870313"
"chr1","32364510","32364558","chr16","40548384","40548432","9","8183874"
"chr1","32385127","32385249","chr15","73119233","73119360","14","40734106"
"chr1","32421225","32421376","chr7","56542204","56542354","22","24120979"
"chr1","32456933","32457229","chr8","126717045","126717351","55","94260112"
"chr1","32560110","32560405","chr2B","111565682","111565976","57","79005572"
"chr1","32616107","32616234","chr7","148305437","148305566","24","115689330"
"chr1","32620007","32620263","chr6","170074542","170074797","45","137454535"
"chr1","32624729","32625000","chrX","15626538","15626809","44","16998191"
"chr1","32715725","32716019","chr8","34195854","34196142","41","1480129"
"chr1","32955396","32955619","chr1","206005436","206005660","46","173050040"
"chr1","33157066","33157374","chr7","68272612","68272920","51","35115546"
"chr1","33209304","33209555","chr17","1835914","1836174","51","31373390"
"chr1","33244880","33245161","chr7","26934288","26934569","55","6310592"
"chr1","33262903","33263198","chr2B","56334823","56335115","56","23071920"
"chr1","33404585","33404894","chr17","30451883","30452192","41","2952702"
"chr1","33473524","33473658","chr9","74130166","74130302","18","40656642"
"chr1","33473659","33473956","chr13","2865420","2865717","36","30608239"
"chr1","33473957","33474107","chr6","162921783","162921936","27","129447826"
"chr1","33484246","33484375","chr17","3651263","3651396","19","29832983"
"chr1","33484662","33484824","chr15","47923516","47923676","29","14438854"
"chr1","33515761","33516051","chr14","13281602","13281892","44","20234159"
"chr1","33545600","33545888","chr14","10852179","10852470","46","22693421"
"chr1","33714663","33714967","chr13","55520619","55520922","39","21805956"
"chr1","33906542","33906823","chr10","136549208","136549483","43","102642666"
"chr1","33959330","33959618","chrX","155181732","155182023","43","121222402"
"chr1","34066180","34066469","chr3","108662999","108663287","48","74596819"
"chr1","34131098","34131373","chr20","35456410","35456688","45","1325312"
"chr1","34148590","34148907","chr5","34215137","34215446","51","66547"
"chr1","34153104","34153204","chr3","140901750","140901833","31","106748646"
"chr1","34155362","34155620","chr5","92676376","92676647","62","58521014"
"chr1","34167389","34167622","chr22","3893683","3893917","33","30273706"
"chr1","34168215","34168393","chr22","852058","852245","44","33316157"
"chr1","34176355","34176645","chr4","182166200","182166490","46","147989845"
"chr1","34176660","34176897","chr1","915175","915404","45","33261485"
"chr1","34192257","34192517","chr13","62897045","62897299","51","28704788"
"chr1","34209904","34210043","chr5","12159305","12159441","21","22050599"
"chr1","34213708","34214001","chr3","43602807","43603106","51","9389099"
"chr1","34222228","34222501","chr7","138693397","138693671","43","104471169"
"chr1","34227681","34227985","chr1","219949790","219950098","49","185722109"
"chr1","34238532","34238808","chr20","39746612","39746886","48","5508080"
"chr1","34243935","34244030","chr12","33189816","33189918","18","1054119"
"chr1","34247694","34247773","chr21","5185599","5185685","18","29062095"
"chr1","34279818","34279987","chr18","76826814","76826987","36","42546996"
"chr1","34288763","34288894","chr2B","89836039","89836169","16","55547276"
"chr1","34296798","34296931","chr5","155464749","155464884","17","121167951"
"chr1","34300534","34300783","chr13","73433757","73434007","57","39133223"
"chr1","34308572","34308650","chr19","39023536","39023609","13","4714964"
"chr1","34313145","34313441","chr3","24724928","24725224","34","9588217"
"chr1","34333058","34333277","chr15","9137484","9137694","33","25195574"
"chr1","34334143","34334202","chr5","15815684","15815739","18","18518459"
"chr1","34361394","34361469","chr3","50958405","50958483","23","16597011"
"chr1","34361952","34362166","chr1","10728596","10728824","48","23633356"
"chr1","34371329","34371650","chr8","62653519","62653816","63","28282190"
"chr1","34373258","34373543","chr9","106799866","106800156","37","72426608"
"chr1","34378519","34378825","chr9","94004995","94005282","61","59626476"
"chr1","34445460","34445595","chr6","141208908","141209041","24","106763448"
"chr1","34490130","34490439","chr1","21018345","21018652","49","13471785"
"chr1","34622361","34622667","chr17","17075736","17076047","48","17546625"
"chr1","34700550","34700820","chr12","119818251","119818516","47","85117701"
"chr1","34742386","34742503","chr16","61521461","61521578","12","26779075"
"chr1","34824026","34824300","chr1","27826241","27826514","41","6997785"
"chr1","34957718","34958011","chr11","3623940","3624232","44","31333778"
"chr1","35038564","35038791","chr9","23756788","23757029","48","11281776"
"chr1","35039343","35039461","chr12","133118538","133118655","20","98079195"
"chr1","35040748","35040920","chrX","14911328","14911503","31","20129420"
"chr1","35078950","35079079","chr16","65477857","65477989","19","30398907"
"chr1","35107580","35107875","chr5","14837140","14837438","56","20270440"
"chr1","35108118","35108251","chr2A","63181773","63181905","16","28073655"
"chr1","35294174","35294461","chr8","82894963","82895258","41","47600789"
"chr1","35347628","35347931","chr2B","131657052","131657355","52","96309424"
"chr1","35399716","35400007","chr1","33632173","33632471","48","1767543"
"chr1","35436104","35436221","chr2A","74412437","74412551","21","38976333"
"chr1","35496106","35496400","chr13","9716804","9717101","42","25779302"
"chr1","35605572","35605804","chr10","118368372","118368600","33","82762800"
"chr1","35729481","35729787","chr20","34838054","34838358","52","891427"
"chr1","35768895","35769194","chr8","102268741","102269039","46","66499846"
"chr1","35990800","35990891","chr4","81956698","81956787","15","45965898"
"chr1","36078763","36079064","chr19","6786096","6786395","36","29292667"
"chr1","36115802","36116004","chr1","21760602","21760803","32","14355200"
"chr1","36141635","36141728","chr14","72981289","72981378","17","36839654"
"chr1","36142044","36142241","chr5","44427533","44427724","63","8285489"
"chr1","36162072","36162358","chr1","65854541","65854833","44","29692469"
"chr1","36163899","36164014","chr8","1408083","1408196","16","34755816"
"chr1","36204055","36204275","chr5","126281723","126281947","45","90077668"
"chr1","36204535","36204626","chr1","135357690","135357783","11","99153155"
"chr1","36206260","36206557","chr7","144693635","144693934","46","108487375"
"chr1","36268493","36268608","chr12","104094166","104094279","22","67825673"
"chr1","36268652","36268795","chr3","131805211","131805354","26","95536559"
"chr1","36279117","36279347","chr1","53466878","53467112","37","17187761"
"chr1","36303180","36303493","chr7","76351147","76351455","58","40047967"
"chr1","36366052","36366369","chr22","2513832","2514128","67","33852220"
"chr1","36523184","36523350","chr1","136805456","136805615","30","100282272"
"chr1","36648435","36648659","chr7","70646702","70646919","28","33998267"
"chr1","36658125","36658413","chr3","53839570","53839865","44","17181445"
"chr1","36709837","36709979","chr7","3823331","3823472","19","32886506"
"chr1","36721110","36721417","chr1","163916602","163916909","47","127195492"
"chr1","36740716","36741004","chr15","7857674","7857960","34","28883042"
"chr1","36906209","36906505","chr5","158745419","158745710","50","121839210"
"chr1","36913586","36913882","chr1","26135347","26135644","40","10778239"
"chr1","36941108","36941397","chr1","214818063","214818354","33","177876955"
"chr1","37080511","37080799","chr3","199443194","199443483","45","162362683"
"chr1","37105945","37106209","chr20","61406768","61407038","47","24300823"
"chr1","37121807","37121943","chr1","2717278","2717415","21","34404529"
"chr1","37122019","37122185","chrX","15720473","15720642","27","21401546"
"chr1","37210535","37210845","chr18","23025099","23025401","55","14185436"
"chr1","37265629","37265915","chr4","101447458","101447743","36","64181829"
"chr1","37305036","37305167","chr17","61728051","61728184","25","24423015"
"chr1","37331535","37331833","chr1","154509664","154509959","42","117178129"
"chr1","37336052","37336346","chr10","29291892","29292182","49","8044160"
"chr1","37357785","37358076","chr1","28617423","28617706","46","8740362"
"chr1","37374621","37374896","chr15","29272527","29272802","45","8102094"
"chr1","37399433","37399557","chr8","13659794","13659917","15","23739639"
"chr1","37414703","37415001","chrX","4516849","4517146","45","32897854"
"chr1","37510617","37510917","chr13","59586309","59586604","44","22075692"
"chr1","37590020","37590254","chr6","57417919","57418152","38","19827899"
"chr1","37608645","37608945","chr2A","73832027","73832326","38","36223382"
"chr1","37642962","37643139","chr12","98776420","98776589","34","61133458"
"chr1","37676491","37676526","chr7","69630334","69630370","1","31953843"
"chr1","37750753","37750897","chr3","186617776","186617913","31","148867023"
"chr1","37889194","37889325","chr7","78564508","78564642","21","40675314"
"chr1","37942244","37942524","chr6","40451874","40452159","58","2509630"
"chr1","37974657","37974855","chr8","47798918","47799122","54","9824261"
"chr1","38072897","38073198","chrX","100636758","100637059","56","62563861"
"chr1","38100925","38101230","chr5","59897733","59898033","43","21796808"
"chr1","38105008","38105322","chr15","73636229","73636537","46","35531221"
"chr1","38196947","38197138","chr6","149679533","149679720","26","111482586"
"chr1","38262969","38263279","chr6","45713778","45714072","50","7450809"
"chr1","38522203","38522504","chr3","189017179","189017480","39","150494976"
"chr1","38610216","38610348","chr6","11266719","11266851","19","27343497"
"chr1","38642268","38642525","chr9","87770338","87770596","50","49128070"
"chr1","38752133","38752346","chr13","58322334","58322547","43","19570201"
"chr1","38752995","38753087","chr1","59633630","59633720","17","20880635"
"chr1","38815749","38815861","chr5","78580273","78580386","14","39764524"
"chr1","38819279","38819428","chr7","29040371","29040520","18","9778908"
"chr1","38833258","38833399","chr7","38666736","38666878","25","166522"
"chr1","38876901","38877167","chr16","43632513","43632774","44","4755612"
"chr1","38888909","38889206","chr18","2191279","2191572","41","36697630"
"chr1","38920758","38921051","chrX","18258779","18259074","36","20661979"
"chr1","39002147","39002337","chr3","27804434","27804627","33","11197713"
"chr1","39006629","39006757","chr4","81900404","81900528","26","42893775"
"chr1","39040396","39040704","chr11","71482750","71483057","54","32442354"
"chr1","39113206","39113498","chr6","35430679","35430970","41","3682527"
"chr1","39120867","39121162","chr17","40289969","40290267","55","1169102"
"chr1","39134712","39134874","chr1","24681785","24681955","24","14452927"
"chr1","39134944","39135221","chr15","1779963","1780248","55","37354981"
"chr1","39162610","39162689","chr22","21314542","21314622","13","17848068"
"chr1","39207682","39207963","chr13","57881246","57881531","47","18673564"
"chr1","39236037","39236183","chr1","46226433","46226574","29","6990396"
"chr1","39277336","39277633","chr6","7503535","7503831","36","31773801"
"chr1","39297951","39298251","chr12","12338427","12338720","51","26959524"
"chr1","39300580","39300879","chr14","34885440","34885748","45","4415140"
"chr1","39302255","39302601","chr14","51262859","51263191","95","11960604"
"chr1","39306102","39306408","chr12","68642260","68642561","44","29336158"
"chr1","39324990","39325150","chr5","43149491","43149646","44","3824501"
"chr1","39325285","39325337","chr13","22884723","22884778","11","16440562"
"chr1","39366774","39367058","chr13","57705583","57705861","39","18338809"
"chr1","39382823","39383028","chrX","124599356","124599551","45","85216533"
"chr1","39392839","39393149","chr1","89938779","89939088","43","50545940"
"chr1","39396993","39397125","chr10","141725405","141725535","15","102328412"
"chr1","39408729","39409014","chr1","136279545","136279828","44","96870816"
"chr1","39417991","39418287","chr7","79145352","79145638","48","39727361"
"chr1","39431760","39432016","chr10","131285263","131285510","44","91853503"
"chr1","39510374","39510566","chr3","73094356","73094547","32","33583982"
"chr1","39536176","39536481","chr17","402201","402508","42","39133975"
"chr1","39548252","39548546","chr16","61706961","61707255","32","22158709"
"chr1","39551703","39552012","chr13","57522288","57522601","48","17970585"
"chr1","39572486","39572770","chrX","84649484","84649775","48","45076998"
"chr1","39589966","39590255","chr19","6764900","6765193","43","32825066"
"chr1","39609518","39609820","chr22","18741741","18742051","45","20867777"
"chr1","39668364","39668659","chr3","121656387","121656682","59","81988023"
"chr1","39725901","39726192","chr10","94809551","94809844","49","55083650"
"chr1","39740394","39740690","chrX","72049902","72050201","42","32309508"
"chr1","39761934","39762156","chr20","57986827","57987043","41","18224893"
"chr1","39827516","39827820","chr21","32125925","32126240","54","7701591"
"chr1","39858219","39858530","chr19","17240104","17240416","53","22618115"
"chr1","39880143","39880466","chr3","191333551","191333862","57","151453408"
"chr1","39918999","39919252","chr20","25877805","25878062","60","14041194"
"chr1","39991857","39992143","chrX","15626910","15627195","42","24364947"
"chr1","40033114","40033408","chr3","185043541","185043836","43","145010427"
"chr1","40112326","40112613","chr3","45848959","45849250","49","5736633"
"chr1","40138595","40138893","chr5","51575453","51575752","45","11436858"
"chr1","40231748","40231809","chr2A","51741889","51741952","11","11510141"
"chr1","40404747","40405030","chr14","14793856","14794144","54","25610891"
"chr1","40408972","40409272","chr7","586271","586571","46","39822701"
"chr1","40459406","40459712","chr14","87871716","87872017","43","47412310"
"chr1","40483465","40483724","chr2B","25949164","25949417","45","14534301"
"chr1","40492294","40492599","chr4","87673457","87673768","47","47181163"
"chr1","40518496","40518686","chr3","9813299","9813487","45","30705197"
"chr1","40630754","40631047","chr13","56393458","56393755","49","15762704"
"chr1","40645512","40645631","chr2A","2014670","2014789","27","38630842"
"chr1","40647165","40647297","chr6","141208908","141209041","26","100561743"
"chr1","40681706","40681882","chr14","21631989","21632161","23","19049717"
"chr1","40681917","40682043","chr7","127854854","127854982","24","87172937"
"chr1","40694952","40695253","chr13","56341726","56342034","42","15646774"
"chr1","40754687","40754941","chr5","136389439","136389704","49","95634752"
"chr1","40757568","40757861","chr9","111167320","111167617","36","70409752"
"chr1","40804626","40804921","chr6","18592143","18592434","41","22212483"
"chr1","40808033","40808168","chr1","161925292","161925442","31","121117259"
"chr1","40814256","40814372","chr11","123350008","123350126","10","82535752"
"chr1","40843568","40843717","chr15","20464533","20464686","23","20379035"
"chr1","40869365","40869647","chr17","25593376","25593663","47","15275989"
"chr1","40887468","40887760","chr13","56154639","56154937","36","15267171"
"chr1","40942915","40943207","chr3","199443194","199443483","40","158500279"
"chr1","40945890","40946189","chr5","41647728","41648027","38","701838"
"chr1","40966113","40966404","chr6","164607915","164608207","36","123641802"
"chr1","41052123","41052506","chr6","34806899","34807250","108","6245224"
"chr1","41152508","41152651","chr6","75263100","75263219","45","34110592"
"chr1","41152807","41153098","chr3","52601581","52601857","79","11448774"
"chr1","41154938","41155233","chr1","41529231","41529524","48","374293"
"chr1","41221363","41221450","chr1","26873677","26873772","15","14347686"
"chr1","41238645","41238943","chr11","122310227","122310532","50","81071582"
"chr1","41240163","41240464","chr3","189017179","189017480","39","147777016"
"chr1","41243677","41243961","chr5","52471420","52471709","45","11227743"
"chr1","41359434","41359714","chr16","38941917","38942197","35","2417517"
"chr1","41376706","41377026","chr10","14873908","14874213","56","26502798"
"chr1","41385982","41386278","chr1","205533201","205533499","48","164147219"
"chr1","41405666","41405966","chr8","21329904","21330209","41","20075762"
"chr1","41414481","41414765","chr5","65767561","65767854","42","24353080"
"chr1","41414992","41415296","chr4","200821253","200821559","44","159406261"
"chr1","41419470","41419770","chr1","36255390","36255687","28","5164080"
"chr1","41426760","41427057","chr8","101544594","101544890","34","60117834"
"chr1","41431022","41431161","chr18","59064463","59064604","20","17633441"
"chr1","41431189","41431323","chr14","43503478","43503611","11","2072289"
"chr1","41432250","41432555","chr7","73277950","73278255","42","31845700"
"chr1","41450551","41450831","chr14","61097634","61097920","42","19647083"
"chr1","41453264","41453565","chr16","10827154","10827457","31","30626110"
"chr1","41473044","41473174","chr5","118531582","118531714","16","77058538"
"chr1","41498497","41498780","chr7","132088181","132088464","43","90589684"
"chr1","41509626","41509951","chr16","30711702","30712025","66","10797924"
"chr1","41521079","41521354","chr19","12350250","12350513","46","29170829"
"chr1","41526923","41527226","chr7","152799145","152799449","47","111272222"
"chr1","41535404","41535703","chr1","10736484","10736788","48","30798920"
"chr1","41538765","41539056","chr16","61039266","61039566","38","19500501"
"chr1","41555118","41555411","chr16","61435250","61435545","38","19880132"
"chr1","41561086","41561219","chr1","64265288","64265418","12","22704202"
"chr1","41566437","41566637","chr5","1720610","1720801","36","39845827"
"chr1","41579317","41579443","chr15","73119233","73119360","17","31539916"
"chr1","41581737","41581864","chr14","12485207","12485337","11","29096530"
"chr1","41582440","41582571","chr6","57594868","57595001","15","16012428"
"chr1","41583501","41583891","chr5","58674689","58675059","104","17091188"
"chr1","41585982","41586268","chr1","31395653","31395943","49","10190329"
"chr1","41590179","41590308","chr5","35839264","35839400","26","5750915"
"chr1","41599191","41599449","chr14","38348718","38348980","43","3250473"
"chr1","41603215","41603343","chr11","8767324","8767459","13","32835891"
"chr1","41613910","41614286","chrX","129512187","129512564","99","87898277"
"chr1","41624749","41624862","chr2B","100588628","100588741","11","58963879"
"chr1","41630220","41630351","chr6","78227073","78227205","15","36596853"
"chr1","41636685","41636976","chr7","4271217","4271509","33","37365468"
"chr1","41639972","41640229","chr8","1469018","1469291","56","40170954"
"chr1","41642765","41643022","chr8","1469018","1469291","56","40173747"
"chr1","41653215","41653346","chr9","56539053","56539184","13","14885838"
"chr1","41657480","41657589","chr21","35485229","35485337","23","6172251"
"chr1","41661642","41661938","chr13","55366866","55367165","38","13705224"
"chr1","41662164","41662419","chr17","44753361","44753612","42","3091197"
"chr1","41666301","41666596","chr6","136694182","136694473","38","95027881"
"chr1","41677418","41677586","chr19","7251575","7251742","25","34425843"
"chr1","41677885","41678019","chr7","131031908","131032043","13","89354023"
"chr1","41689875","41690175","chr19","14847304","14847605","36","26842571"
"chr1","41695652","41695953","chr10","88613323","88613632","41","46917671"
"chr1","41704445","41704577","chr1","52540671","52540806","15","10836226"
"chr1","41784588","41784877","chr17","58890649","58890940","52","17106061"
"chr1","41786087","41786303","chr5","42241483","42241696","37","455396"
"chr1","41786613","41786692","chr8","86713751","86713827","16","44927138"
"chr1","41794500","41794615","chr3","45629081","45629198","12","3834581"
"chr1","41794949","41795237","chr4","38588688","38588976","53","3206261"
"chr1","41845482","41845685","chr21","27339809","27340011","32","14505673"
"chr1","41861756","41862057","chr9","69903403","69903699","54","28041647"
"chr1","41869101","41869398","chr9","58983134","58983440","47","17114033"
"chr1","41885429","41885731","chr6","45713778","45714072","46","3828349"
"chr1","41892164","41892242","chr12","98334552","98334626","14","56442388"
"chr1","41947357","41947661","chr6","110223273","110223577","41","68275916"
"chr1","42002586","42002674","chr1","21123280","21123379","21","20879306"
"chr1","42002675","42002949","chr18","57302455","57302733","50","15299780"
"chr1","42025628","42025933","chr8","101435714","101436021","40","59410086"
"chr1","42027505","42027816","chrX","72049902","72050201","59","30022397"
"chr1","42033398","42033700","chr11","66003552","66003850","39","23970154"
"chr1","42049134","42049250","chr12","129453271","129453381","19","87404137"
"chr1","42061783","42062081","chr11","93943382","93943679","54","51881599"
"chr1","42062251","42062531","chr10","37297916","37298197","45","4764335"
"chr1","42065955","42066245","chr14","86930617","86930906","53","44864662"
"chr1","42100926","42101215","chr17","3017145","3017440","42","39083781"
"chr1","42125737","42126038","chr6","45713778","45714072","44","3588041"
"chr1","42130463","42130756","chr13","77437423","77437717","38","35306960"
"chr1","42209298","42209598","chr17","85576066","85576367","40","43366768"
"chr1","42308338","42308637","chr9","104384316","104384616","41","62075978"
"chr1","42312730","42312855","chr21","23023866","23023983","28","19288864"
"chr1","42313089","42313277","chr3","139174646","139174846","41","96861557"
"chr1","42391288","42391592","chr8","33273606","33273909","50","9117682"
"chr1","42470766","42471070","chr12","52065717","52066020","36","9594951"
"chr1","42786960","42787235","chr15","13302570","13302846","44","29484390"
"chr1","42861407","42861490","chr11","67350015","67350098","9","24488608"
"chr1","42863568","42863692","chrUn_CABD030132936v1","2201","2323","26","42861367"
"chr1","42906049","42906169","chr6","55901900","55902021","26","12995851"
"chr1","42960610","42960912","chr12","127870873","127871174","40","84910263"
"chr1","42971158","42971262","chr10","106483429","106483530","18","63512271"
"chr1","43003648","43003768","chr5","57662973","57663102","26","14659325"
"chr1","43051835","43052055","chr12","38887570","38887792","40","4164265"
"chr1","43054571","43054854","chr8","126028113","126028393","43","82973542"
"chr1","43103797","43104145","chr21","24991725","24992065","64","18112072"
"chr1","43107398","43107689","chr1","9568542","9568835","43","33538856"
"chr1","43125790","43126086","chr20","2062573","2062872","46","41063217"
"chr1","43315668","43315971","chr13","53784237","53784532","54","10468569"
"chr1","43586137","43586436","chr2B","114239081","114239380","42","70652944"
"chr1","43688974","43689138","chr7","129792981","129793136","33","86104007"
"chr1","43724758","43724871","chr1","10090900","10091014","11","33633858"
"chr1","43867181","43867383","chr22","12375151","12375358","32","31492030"
"chr1","44049256","44049509","chr9","105647577","105647828","50","61598321"
"chr1","44134528","44134830","chr11","45834909","45835213","51","1700381"
"chr1","44206978","44207232","chr13","52923558","52923812","39","8716580"
"chr1","44330800","44331132","chr8","141066904","141067212","63","96736104"
"chr1","44409647","44409920","chr5","60138584","60138866","55","15728937"
"chr1","44409921","44409972","chr7","117826005","117826048","12","73416084"
"chr1","44530649","44530961","chr3","186728571","186728885","42","142197922"
"chr1","44652088","44652174","chr4","81956698","81956787","18","37304610"
"chr1","44803384","44803497","chr5","160177783","160177900","24","115374399"
"chr1","44803524","44803718","chr6","12328182","12328368","43","32475342"
"chr1","44808143","44808427","chr9","106799866","106800156","42","61991723"
"chr1","44958045","44958326","chr1","43073246","43073519","63","1884799"
"chr1","45001472","45001602","chr1","71060262","71060392","15","26058790"
"chr1","45004069","45004368","chr9","94478463","94478762","41","49474394"
"chr1","45023163","45023312","chr19","23060822","23060951","40","21962341"
"chr1","45043137","45043307","chr8","121787467","121787636","27","76744330"
"chr1","45043353","45043472","chr10","60272022","60272139","22","15228669"
"chr1","45069587","45069897","chr6","24071747","24072049","66","20997840"
"chr1","45077495","45077662","chr13","52091756","52091926","30","7014261"
"chr1","45196222","45196511","chr11","117367595","117367888","49","72171373"
"chr1","45274470","45274729","chr17","62265396","62265661","49","16990926"
"chr1","45378016","45378295","chr12","56150958","56151248","53","10772942"
"chr1","45454198","45454462","chr4","193226065","193226348","68","147771867"
"chr1","45454491","45454504","chr4","37998407","37998420","2","7456084"
"chr1","45501395","45501526","chr12","120693746","120693864","30","75192351"
"chr1","45673441","45673742","chr10","132164858","132165160","45","86491417"
"chr1","45699760","45700018","chr13","51495034","51495297","38","5795274"
"chr1","45812430","45812629","chr7","62720271","62720469","36","16907841"
"chr1","45824460","45824606","chr1","160302248","160302397","21","114477788"
"chr1","45906928","45907235","chr9","66109988","66110293","57","20203060"
"chr1","46108601","46108903","chr18","6273826","6274133","55","39834775"
"chr1","46151575","46151867","chr1","36338426","36338717","45","9813149"
"chr1","46236579","46236835","chr11","41463841","41464097","42","4772738"
"chr1","46236837","46236935","chr10","134603609","134603708","15","88366772"
"chr1","46477180","46477468","chr4","42200346","42200631","54","4276834"
"chr1","46477528","46477550","chr9","7258741","7258762","5","39218787"
"chr1","46503205","46503339","chr17","40157558","40157690","21","6345647"
"chr1","46576291","46576414","chr6","58405352","58405471","20","11829061"
"chr1","46576435","46576585","chr6","75747462","75747605","34","29171027"
"chr1","46605228","46605513","chr10","112192486","112192781","43","65587258"
"chr1","46805420","46805635","chr5","139993741","139993960","36","93188321"
"chr1","46816436","46816699","chr2A","78657879","78658145","56","31841443"
"chr1","46816707","46816888","chr5","133168102","133168276","41","86351395"
"chr1","46843247","46843563","chr12","12050539","12050834","80","34792708"
"chr1","46963287","46963564","chr15","2001983","2002244","66","44961304"
"chr1","47336251","47336560","chrX","8135621","8135928","44","39200630"
"chr1","47434264","47434362","chr4","190240444","190240535","24","142806180"
"chr1","47434360","47434464","chr2B","112419642","112419742","21","64985282"
"chr1","47623677","47623985","chr6","153524575","153524883","43","105900898"
"chr1","47692202","47692324","chr3","33986322","33986441","28","13705880"
"chr1","47692350","47692530","chr2A","18661266","18661430","36","29031084"
"chr1","47696325","47696622","chr2A","53212043","53212340","39","5515718"
"chr1","47838634","47838746","chr1","31185795","31185903","21","16652839"
"chr1","47844771","47845065","chr13","49251330","49251627","47","1406559"
"chr1","47917525","47917831","chr6","157862323","157862628","47","109944798"
"chr1","48022685","48022992","chr10","35551335","35551642","40","12471350"
"chr1","48082807","48083058","chr7","152140612","152140870","45","104057805"
"chr1","48134975","48135272","chr1","9887694","9887990","41","38247281"
"chr1","48164890","48165190","chr4","201491313","201491623","51","153326423"
"chr1","48346227","48346413","chr14","86057725","86057909","30","37711498"
"chr1","48434324","48434631","chr7","116371624","116371923","47","67937300"
"chr1","48440743","48440828","chr16","2831635","2831715","15","45609108"
"chr1","48442147","48442439","chr1","145866574","145866859","54","97424427"
"chr1","48742607","48742728","chr12","120693746","120693864","20","71951139"
"chr1","48746459","48746761","chr3","25925981","25926280","52","22820478"
"chr1","48874249","48874550","chr8","48946739","48947034","46","72490"
"chr1","48879152","48879445","chr6","32844125","32844413","43","16035027"
"chr1","48966180","48966262","chr2A","67898398","67898483","14","18932218"
"chr1","49108953","49109243","chr3","42930631","42930917","49","6178322"
"chr1","49254608","49254807","chr5","143873407","143873616","42","94618799"
"chr1","49381664","49381970","chr3","190356216","190356527","54","140974552"
"chr1","49548537","49548817","chr4","83460397","83460678","47","33911860"
"chr1","49548853","49548865","chr10","13934847","13934859","1","35614006"
"chr1","49587692","49587885","chr5","99879764","99879957","36","50292072"
"chr1","49590315","49590426","chr12","129453271","129453381","21","79862956"
"chr1","49604042","49604164","chr5","40512538","40512660","20","9091504"
"chr1","49604216","49604367","chr4","96054953","96055113","23","46450737"
"chr1","49646819","49647102","chr1","64477063","64477351","42","14830244"
"chr1","49663758","49664066","chr20","44992820","44993127","47","4670938"
"chr1","49698864","49699018","chr10","131517149","131517305","20","81818285"
"chr1","49706445","49706556","chr19","22074530","22074643","16","27631915"
"chr1","49858667","49858973","chr5","17938232","17938538","65","31920435"
"chr1","49905567","49905828","chr1","86714300","86714548","55","36808733"
"chr1","49983747","49983934","chr9","60259419","60259608","35","10275672"
"chr1","50055381","50055651","chr2B","50725770","50726046","52","670389"
"chr1","50061532","50061718","chr13","33989108","33989289","29","16072424"
"chr1","50061782","50061896","chr2B","236147","236264","14","49825635"
"chr1","50109268","50109508","chr11","18288344","18288579","41","31820924"
"chr1","50122431","50122647","chr12","21220753","21220972","47","28901678"
"chr1","50130777","50131059","chr1","11669542","11669828","49","38461235"
"chr1","50279946","50280080","chr15","33044017","33044152","20","17235929"
"chr1","50690021","50690161","chr1","209742215","209742351","21","159052194"
"chr1","50868328","50868426","chr11","120374918","120375017","23","69506590"
"chr1","51438444","51438587","chr2B","27448514","27448656","19","23989930"
"chr1","51466056","51466211","chrX","41769452","41769608","25","9696604"
"chr1","51478934","51479216","chr11","3027874","3028156","56","48451060"
"chr1","51482264","51482533","chr5","10610226","10610490","45","40872038"
"chr1","51488504","51488732","chr13","23741627","23741864","44","27746877"
"chr1","51597524","51597670","chr4","38529631","38529774","22","13067893"
"chr1","51695307","51695610","chr2A","84944173","84944477","45","33248866"
"chr1","51718443","51718719","chr16","31545474","31545754","45","20172969"
"chr1","51724132","51724391","chr3","184423322","184423596","60","132699190"
"chr1","51745331","51745538","chr17","4669162","4669351","55","47076169"
"chr1","51815573","51815870","chr5","162663284","162663597","64","110847711"
"chr1","51824506","51824791","chr4","98470358","98470652","57","46645852"
"chr1","51935811","51936034","chr2A","46058132","46058351","37","5877679"
"chr1","51973713","51974004","chr3","158225696","158225988","52","106251983"
"chr1","52120720","52121010","chr2B","107775939","107776243","60","55655219"
"chr1","52236364","52236626","chr6","113707649","113707918","52","61471285"
"chr1","52257270","52257523","chr10","114608747","114609002","62","62351477"
"chr1","52312936","52313241","chr3","199631597","199631896","59","147318661"
"chr1","52363204","52363505","chr15","20286636","20286933","46","32076568"
"chr1","52391426","52391740","chr7","5131119","5131432","45","47260307"
"chr1","52394979","52395289","chr16","2901933","2902243","44","49493046"
"chr1","52479406","52479699","chr13","44581293","44581592","59","7898113"
"chr1","52561494","52561671","chr17","17312854","17313025","37","35248640"
"chr1","52568945","52569224","chr17","7150148","7150428","58","45418797"
"chr1","52625636","52625940","chr1","164497871","164498167","44","111872235"
"chr1","52662835","52663095","chrX","118658547","118658805","53","65995712"
"chr1","52681258","52681288","chr22","2324942","2324971","4","50356316"
"chr1","52681326","52681605","chr9","109733660","109733937","35","57052334"
"chr1","52704082","52704412","chr1","70324923","70325245","45","17620841"
"chr1","52749384","52749678","chr5","58789047","58789337","37","6039663"
"chr1","52758618","52758889","chr15","17542827","17543103","62","35215791"
"chr1","52766988","52767113","chr3","126890556","126890677","19","74123568"
"chr1","52826453","52826582","chr9","80121053","80121181","21","27294600"
"chr1","52826606","52826737","chr6","127178426","127178554","31","74351820"
"chr1","52947546","52947676","chrX","123683241","123683374","17","70735695"
"chr1","53003845","53004152","chr9","67930664","67930970","42","14926819"
"chr1","53045949","53046238","chr1","39957223","39957497","61","13088726"
"chr1","53247090","53247406","chr12","33385174","33385488","47","19861916"
"chr1","53378014","53378272","chr11","48181014","48181270","37","5197000"
"chr1","53759329","53759456","chr19","40084302","40084434","16","13675027"
"chr1","53933806","53933915","chr14","86087090","86087194","31","32153284"
"chr1","53934012","53934094","chr9","16592964","16593050","14","37341048"
"chr1","53979623","53979758","chr20","57778750","57778896","28","3799127"
"chr1","54052479","54052751","chr19","7531776","7532061","50","46520703"
"chr1","54068333","54068465","chr2B","101109609","101109745","16","47041276"
"chr1","54222312","54222458","chr6","153778978","153779126","21","99556666"
"chr1","54334024","54334320","chr13","85758858","85759145","55","31424834"
"chr1","54349964","54350276","chr15","44457346","44457645","46","9892618"
"chr1","54355092","54355175","chr10","94262590","94262672","11","39907498"
"chr1","54380270","54380399","chr6","77300902","77301033","19","22920632"
"chr1","54397392","54397519","chr11","120280731","120280862","15","65883339"
"chr1","54425184","54425495","chr1","23834351","23834656","36","30590833"
"chr1","54449745","54450047","chr6","150208577","150208872","40","95758832"
"chr1","54457472","54457761","chr16","61860017","61860308","42","7402545"
"chr1","54465717","54466007","chr9","34691387","34691679","42","19774330"
"chr1","54524823","54525113","chr18","56165865","56166162","43","1641042"
"chr1","54535953","54536043","chr14","85974315","85974402","15","31438362"
"chr1","54537229","54537543","chr19","17753188","17753500","65","36784041"
"chr1","54541568","54541862","chr13","42492736","42493041","40","12048832"
"chr1","54601432","54601553","chr13","42441988","42442105","19","12159444"
"chr1","54601919","54602097","chr1","38128287","38128467","31","16473632"
"chr1","54630551","54630667","chr1","209109778","209109894","14","154479227"
"chr1","54630841","54631141","chr6","22321310","22321611","45","32309531"
"chr1","54693240","54693351","chr12","121761450","121761560","12","67068210"
"chr1","54693645","54693857","chr14","57474427","57474626","41","2780782"
"chr1","54700872","54701156","chr10","42068404","42068690","37","12632468"
"chr1","54730937","54731229","chr17","13768149","13768443","38","40962788"
"chr1","54807607","54807921","chr9","14780600","14780911","44","40027007"
"chr1","54811360","54811673","chr1","86931221","86931530","47","32119861"
"chr1","54826954","54827231","chr13","42221817","42222096","37","12605137"
"chr1","54868459","54868668","chr17","7815860","7816064","27","47052599"
"chr1","54967948","54968213","chr13","42070291","42070560","43","12897657"
"chr1","55239666","55239932","chr3","41344009","41344275","53","13895657"
"chr1","55244202","55244488","chr7","77548302","77548597","37","22304100"
"chr1","55425050","55425160","chr11","64460123","64460235","12","9035073"
"chr1","55534399","55534657","chr2B","85592847","85593107","43","30058448"
"chr1","55547071","55547351","chr13","41447803","41448105","54","14099268"
"chr1","55548361","55548643","chr4","15665019","15665299","48","39883342"
"chr1","55561282","55561533","chr3","129676110","129676360","43","74114828"
"chr1","55589367","55589653","chr13","12012079","12012370","40","43577288"
"chr1","55665162","55665444","chr11","9392301","9392584","37","46272861"
"chr1","55702597","55702905","chr22","23478312","23478616","54","32224285"
"chr1","55704174","55704472","chrX","41897727","41898024","45","13806447"
"chr1","55757580","55757744","chr16","31552584","31552750","20","24204996"
"chr1","55758046","55758162","chr10","107898843","107898965","19","52140797"
"chr1","55834948","55835222","chr21","19633950","19634225","41","36200998"
"chr1","55842352","55842659","chr20","54481954","54482259","40","1360398"
"chr1","55850928","55851213","chr3","54121779","54122063","51","1729149"
"chr1","55937517","55937531","chr3","184194706","184194720","2","128257189"
"chr1","55937697","55937976","chr12","124254648","124254922","35","68316951"
"chr1","56172706","56172997","chrX","20024727","20025023","43","36147979"
"chr1","56236602","56236864","chr3","33405226","33405477","55","22831376"
"chr1","56266419","56266725","chr14","33416043","33416348","45","22850376"
"chr1","56387050","56387370","chr3","53806264","53806574","52","2580786"
"chr1","56401356","56401662","chr3","183837195","183837499","50","127435839"
"chr1","56510964","56511269","chr1","75708117","75708419","49","19197153"
"chr1","56559194","56559461","chr22","26265437","26265701","45","30293757"
"chr1","56722210","56722513","chr5","7869241","7869552","62","48852969"
"chr1","56743706","56744004","chr1","9371977","9372288","58","47371729"
"chr1","56747407","56747477","chrX","154493416","154493482","13","97746009"
"chr1","56824420","56824697","chrX","124930521","124930786","45","68106101"
"chr1","56930382","56930530","chr17","40242358","40242498","50","16688024"
"chr1","56968392","56968586","chr5","107400491","107400682","36","50432099"
"chr1","57147479","57147782","chr15","57174398","57174706","41","26919"
"chr1","57159239","57159475","chr19","4175763","4175996","50","52983476"
"chr1","57159735","57159816","chr6","43652072","43652152","26","13507663"
"chr1","57172634","57172941","chr2B","97394076","97394372","65","40221442"
"chr1","57201288","57201582","chr4","151182610","151182903","47","93981322"
"chr1","57365809","57366113","chr15","43154126","43154432","45","14211683"
"chr1","57530656","57530870","chr6","38041063","38041269","34","19489593"
"chr1","57550123","57550286","chr8","101256453","101256611","30","43706330"
"chr1","57557934","57558263","chr8","23422104","23422437","60","34135830"
"chr1","57636821","57636874","chr14","61136675","61136728","12","3499854"
"chr1","57726715","57726975","chr3","51954092","51954358","46","5772623"
"chr1","57796141","57796208","chr1","9633207","9633275","8","48162934"
"chr1","57848063","57848353","chr6","32844125","32844413","45","25003938"
"chr1","57939301","57939539","chr3","28090332","28090567","40","29848969"
"chr1","58017034","58017332","chr4","39436180","39436476","56","18580854"
"chr1","58299942","58300226","chr14","859167","859454","48","57440775"
"chr1","58328771","58329082","chrX","53553625","53553937","50","4775146"
"chr1","58340627","58340920","chr12","38975287","38975583","44","19365340"
"chr1","58387034","58387310","chr1","42890536","42890820","40","15496498"
"chr1","58387331","58387343","chr2A","45362156","45362167","1","13025175"
"chr1","58397883","58398154","chr22","15468338","15468611","46","42929545"
"chr1","58412010","58412309","chr1","27210749","27211044","57","31201261"
"chr1","58452011","58452279","chr8","108601418","108601689","55","50149407"
"chr1","58579355","58579641","chr5","21112349","21112633","49","37467006"
"chr1","58589814","58590091","chr1","102163373","102163647","57","43573559"
"chr1","58611723","58612031","chr2A","14676700","14677009","49","43935023"
"chr1","58612896","58613138","chr6","109033217","109033467","42","50420321"
"chr1","58634426","58634682","chr6","109406908","109407165","53","50772482"
"chr1","58702819","58703101","chr7","64304019","64304303","44","5601200"
"chr1","58730853","58731091","chr17","736611","736858","43","57994242"
"chr1","58796422","58796715","chr11","130728676","130728969","44","71932254"
"chr1","58827765","58827905","chr3","41203630","41203768","22","17624135"
"chr1","58908673","58908955","chr7","132088181","132088464","45","73179508"
"chr1","58970573","58970647","chr1","125545120","125545186","17","66574547"
"chr1","58996025","58996142","chr1","12088602","12088716","23","46907423"
"chr1","59032310","59032616","chr14","60319397","60319702","53","1287087"
"chr1","59071336","59071538","chr20","61771626","61771820","51","2700290"
"chr1","59156901","59157147","chr7","63766369","63766615","48","4609468"
"chr1","59300960","59301264","chr2A","36960561","36960861","53","22340399"
"chr1","59313295","59313561","chr14","56947884","56948164","61","2365411"
"chr1","59438237","59438339","chr14","13742900","13743001","13","45695337"
"chr1","59576468","59576782","chr22","18741741","18742051","45","40834727"
"chr1","59584138","59584377","chr10","12100421","12100652","53","47483717"
"chr1","59584643","59584923","chr3","179781249","179781524","44","120196606"
"chr1","59709559","59709827","chr9","43192953","43193226","48","16516606"
"chr1","59802201","59802484","chr6","32844125","32844413","46","26958076"
"chr1","59815569","59815860","chr5","113013443","113013742","52","53197874"
"chr1","59822615","59822928","chr12","34998135","34998446","53","24824480"
"chr1","59924489","59924794","chr14","110301","110606","42","59814188"
"chr1","59956643","59956738","chr12","65322965","65323064","24","5366322"
"chr1","59956762","59956933","chr9","50373140","50373311","29","9583622"
"chr1","60059164","60059449","chr9","71466459","71466746","59","11407295"
"chr1","60079468","60079597","chr6","126596585","126596716","15","66517117"
"chr1","60100934","60101091","chrX","33938283","33938440","23","26162651"
"chr1","60101382","60101506","chr9","15561049","15561173","23","44540333"
"chr1","60136127","60136407","chr9","117733372","117733651","40","57597245"
"chr1","60136946","60137005","chr14","55537579","55537647","18","4599367"
"chr1","60160865","60161166","chr6","139549019","139549313","51","79388154"
"chr1","60324617","60324925","chr1","139266119","139266414","54","78941502"
"chr1","60325288","60325473","chr1","23512543","23512730","23","36812745"
"chr1","60357029","60357338","chr22","1356476","1356780","43","59000553"
"chr1","60364567","60364836","chr16","62761842","62762112","57","2397275"
"chr1","60366077","60366341","chr9","117664883","117665154","54","57298806"
"chr1","60554764","60555070","chr6","39864627","39864923","36","20690137"
"chr1","60606533","60606831","chr3","83016518","83016815","45","22409985"
"chr1","60896439","60896730","chrX","73602345","73602644","61","12705906"
"chr1","60964110","60964376","chr12","949576","949843","39","60014534"
"chr1","60967968","60968276","chr1","35093771","35094077","39","25874197"
"chr1","60978014","60978295","chr1","115024612","115024895","39","54046598"
"chr1","61029266","61029356","chr2A","32444781","32444871","11","28584485"
"chr1","61060975","61061143","chr20","17775089","17775253","15","43285886"
"chr1","61061168","61061295","chr4","201135101","201135227","14","140073933"
"chr1","61202489","61202773","chr2B","10615114","10615400","50","50587375"
"chr1","61502100","61502369","chr20","30257291","30257554","56","31244809"
"chr1","61538168","61538458","chr18","46737297","46737586","45","14800871"
"chr1","61563973","61564269","chr12","95098124","95098420","42","33534151"
"chr1","61625962","61626270","chr13","8944298","8944605","39","52681664"
"chr1","61702407","61702715","chr3","74750020","74750321","55","13047613"
"chr1","61714363","61714624","chr13","35182631","35182891","24","26531732"
"chr1","61803651","61803774","chr18","43100747","43100870","12","18702904"
"chr1","61963985","61964128","chr5","45213706","45213847","31","16750279"
"chr1","61971077","61971396","chr13","34934602","34934919","55","27036475"
"chr1","62013640","62013942","chr7","130676115","130676408","40","68662475"
"chr1","62079408","62079727","chr11","73748237","73748563","59","11668829"
"chr1","62131487","62131780","chr17","94150021","94150312","30","32018534"
"chr1","62217691","62217946","chr3","33405226","33405477","45","28812465"
"chr1","62221814","62222090","chr20","35042767","35043039","53","27179047"
"chr1","62235590","62235874","chr12","121022234","121022532","45","58786644"
"chr1","62237707","62238009","chr15","46012653","46012953","42","16225054"
"chr1","62262105","62262409","chr16","17092163","17092458","49","45169942"
"chr1","62263959","62264170","chr11","59654011","59654210","47","2609948"
"chr1","62282044","62282232","chr4","20361128","20361315","33","41920916"
"chr1","62290451","62290584","chr12","37056828","37056962","17","25233623"
"chr1","62290890","62291059","chr19","52715538","52715705","31","9575352"
"chr1","62309419","62309721","chr7","158676345","158676646","37","96366926"
"chr1","62352329","62352621","chr13","34557477","34557765","39","27794852"
"chr1","62364997","62365271","chr13","34545609","34545880","41","27819388"
"chr1","62372070","62372302","chr9","112086840","112087077","35","49714770"
"chr1","62373555","62373852","chr11","108411963","108412256","56","46038408"
"chr1","62392404","62392694","chr15","62932958","62933238","49","540554"
"chr1","62398686","62398821","chr3","8501615","8501750","17","53897071"
"chr1","62399119","62399271","chr5","118210845","118210998","36","55811726"
"chr1","62402766","62403064","chr5","40952351","40952645","34","21450415"
"chr1","62405190","62405319","chr1","37708220","37708355","17","24696970"
"chr1","62405628","62405780","chr5","41604426","41604582","34","20801202"
"chr1","62420645","62420831","chr15","40829913","40830099","31","21590732"
"chr1","62422669","62422920","chr2B","106711046","106711313","52","44288377"
"chr1","62426096","62426367","chr6","16963606","16963881","52","45462490"
"chr1","62429040","62429186","chr1","79243417","79243565","24","16814377"
"chr1","62429474","62429607","chr3","48404443","48404577","15","14025031"
"chr1","62441339","62441654","chr3","198020745","198021049","54","135579406"
"chr1","62456226","62456508","chr12","121217188","121217485","48","58760962"
"chr1","62457485","62457643","chr19","6233201","6233353","26","56224284"
"chr1","62503636","62503801","chr1","15810713","15810878","26","46692923"
"chr1","62504106","62504238","chr1","168543967","168544101","18","106039861"
"chr1","62533031","62533293","chr15","64699251","64699517","49","2166220"
"chr1","62540206","62540373","chr5","3940600","3940764","32","58599606"
"chr1","62543710","62543999","chr19","9833233","9833529","44","52710477"
"chr1","62546528","62546831","chr22","19407366","19407666","50","43139162"
"chr1","62550645","62550934","chr4","193590035","193590324","40","131039390"
"chr1","62551750","62552050","chr7","4510235","4510534","48","58041515"
"chr1","62557248","62557525","chr5","59222974","59223258","50","3334274"
"chr1","62559122","62559256","chr5","117908627","117908759","17","55349505"
"chr1","62589933","62590242","chr15","73636229","73636537","35","11046296"
"chr1","62592913","62593226","chr2A","1702655","1702968","29","60890258"
"chr1","62614077","62614372","chr11","109051642","109051936","38","46437565"
"chr1","62620906","62621201","chr14","110301","110606","52","62510605"
"chr1","62688511","62688635","chr10","92145811","92145934","17","29457300"
"chr1","62690023","62690332","chr15","59932494","59932785","63","2757529"
"chr1","62697584","62697890","chr5","46530569","46530871","46","16167015"
"chr1","62729008","62729276","chr16","25720812","25721098","55","37008196"
"chr1","62744730","62745044","chrX","71417799","71418110","40","8673069"
"chr1","62750664","62750964","chr1","226271580","226271880","38","163520916"
"chr1","62756909","62757135","chr2B","63008270","63008492","28","251361"
"chr1","62791104","62791390","chr8","98924805","98925093","39","36133701"
"chr1","62802083","62802388","chr11","27462134","27462438","42","35339949"
"chr1","62930782","62931006","chr5","45215725","45215943","30","17715057"
"chr1","62937268","62937568","chr1","226271580","226271880","37","163334312"
"chr1","63014131","63014251","chrX","1266201","1266319","16","61747930"
"chr1","63071566","63071862","chr13","33747563","33747857","44","29324003"
"chr1","63127418","63127708","chr2B","64346219","64346507","39","1218801"
"chr1","63127729","63127748","chr16","3715620","3715638","2","59412109"
"chr1","63185690","63185990","chr12","32893415","32893716","45","30292275"
"chr1","63200428","63200743","chr5","34215137","34215446","49","28985291"
"chr1","63235076","63235184","chr1","13984437","13984548","21","49250639"
"chr1","63235213","63235381","chr2B","50431625","50431794","21","12803588"
"chr1","63323828","63324131","chr8","141066904","141067212","41","77743076"
"chr1","63324910","63325236","chrX","40215717","40216034","60","23109193"
"chr1","63337456","63337739","chr17","11422748","11423036","55","51914708"
"chr1","63417422","63417726","chr1","16208822","16209124","45","47208600"
"chr1","63439827","63440126","chr19","42933115","42933414","38","20506712"
"chr1","63452639","63452936","chr1","156921438","156921735","34","93468799"
"chr1","63519168","63519452","chrX","15626910","15627195","39","47892258"
"chr1","63520038","63520158","chr7","23503822","23503945","38","40016216"
"chr1","63540096","63540397","chr8","68614338","68614642","41","5074242"
"chr1","63548925","63549207","chr3","54466312","54466598","45","9082613"
"chr1","63555654","63555944","chr4","23441024","23441318","64","40114630"
"chr1","63635717","63635999","chr6","152551924","152552206","48","88916207"
"chr1","63674610","63674910","chr22","3181151","3181451","50","60493459"
"chr1","63695400","63695681","chr9","35669290","35669566","47","28026110"
"chr1","63708410","63708699","chr14","9443915","9444214","42","54264495"
"chr1","63750412","63750495","chr11","67350015","67350098","12","3599603"
"chr1","63982735","63983042","chr19","49742018","49742322","37","14240717"
"chr1","64000673","64000746","chr16","63024374","63024447","15","976299"
"chr1","64009699","64010000","chrX","18600605","18600903","43","45409094"
"chr1","64015511","64015638","chr2A","87484111","87484239","14","23468600"
"chr1","64047597","64047738","chr19","18547264","18547407","20","45500333"
"chr1","64050924","64051242","chr13","32739413","32739739","47","31311511"
"chr1","64088618","64088903","chr12","92512056","92512352","42","28423438"
"chr1","64140106","64140387","chr11","9392301","9392584","42","54747805"
"chr1","64340947","64341236","chr2A","91396217","91396518","49","27055270"
"chr1","64422557","64422745","chr22","17569097","17569289","27","46853460"
"chr1","64559763","64560057","chr4","139921109","139921405","36","75361346"
"chr1","64591850","64592160","chr3","136370936","136371242","46","71779086"
"chr1","64709971","64710261","chr2A","36894463","36894758","43","27815508"
"chr1","64715824","64716115","chr6","7262191","7262476","44","57453633"
"chr1","64723808","64724099","chr1","214207511","214207812","50","149483703"
"chr1","64733926","64734022","chr3","161211314","161211411","13","96477388"
"chr1","64735371","64735665","chr1","125781182","125781476","41","61045811"
"chr1","64742969","64743251","chr5","163804709","163804996","43","99061740"
"chr1","64789137","64789431","chr18","2191279","2191572","43","62597858"
"chr1","64815694","64815823","chr1","71393655","71393787","17","6577961"
"chr1","64839882","64840178","chr20","2204839","2205132","46","62635043"
"chr1","64843121","64843416","chr6","103381688","103381987","40","38538567"
"chr1","64852279","64852567","chr9","109203201","109203500","49","44350922"
"chr1","64855429","64855713","chr9","106799866","106800156","46","41944437"
"chr1","64860869","64860908","chr19","54724733","54724765","10","10136136"
"chr1","64878725","64879018","chr1","134428125","134428418","47","69549400"
"chr1","64880729","64881048","chr20","43229797","43230089","60","21650932"
"chr1","64887182","64887464","chr13","80112152","80112439","65","15224970"
"chr1","64897023","64897310","chr3","108662999","108663287","40","43765976"
"chr1","64899428","64899719","chr7","31819470","31819747","42","33079958"
"chr1","64914240","64914339","chr2B","84587695","84587792","11","19673455"
"chr1","64916677","64916865","chr7","33206235","33206423","22","31710442"
"chr1","64932187","64932476","chr1","223085452","223085744","52","158153265"
"chr1","64969682","64969840","chr7","68437936","68438086","24","3468254"
"chr1","64970142","64970266","chr19","19262316","19262438","23","45707826"
"chr1","64973348","64973649","chrX","19694089","19694388","35","45279259"
"chr1","64979517","64979811","chr21","24406876","24407171","44","40572641"
"chr1","64981390","64981695","chr7","586271","586571","42","64395119"
"chr1","64994882","64995177","chr3","190276346","190276640","33","125281464"
"chr1","65002308","65002604","chr4","22102190","22102486","30","42900118"
"chr1","65005970","65006097","chr17","9227231","9227362","18","55778739"
"chr1","65010262","65010557","chr8","74142778","74143073","40","9132516"
"chr1","65013856","65013974","chr8","104850844","104850966","21","39836988"
"chr1","65013996","65014173","chr19","18727442","18727621","27","46286554"
"chr1","65018744","65019060","chr12","38494742","38495039","68","26524002"
"chr1","65029880","65030175","chr7","139996539","139996831","34","74966659"
"chr1","65030331","65030460","chr9","50373614","50373749","24","14656717"
"chr1","65037876","65038167","chr1","159180870","159181161","40","94142994"
"chr1","65045544","65045847","chr8","126717045","126717351","44","61671501"
"chr1","65064762","65065019","chr9","87770338","87770596","54","22705576"
"chr1","65066825","65067155","chr3","112489940","112490252","88","47423115"
"chr1","65072416","65072694","chr19","48616405","48616688","39","16456011"
"chr1","65075386","65075709","chr1","181716858","181717183","62","116641472"
"chr1","65079860","65080167","chrX","29130659","29130962","44","35949201"
"chr1","65109292","65109584","chr20","55368140","55368441","41","9741152"
"chr1","65110804","65111084","chr6","11916921","11917205","47","53193883"
"chr1","65121312","65121606","chr4","76937401","76937695","40","11816089"
"chr1","65126501","65126807","chr1","129761078","129761384","50","64634577"
"chr1","65153949","65154047","chr7","106535564","106535662","22","41381615"
"chr1","65156746","65157021","chr10","139378463","139378746","49","74221717"
"chr1","65158421","65158699","chr6","113080691","113080959","43","47922270"
"chr1","65158705","65159004","chr7","139996539","139996831","43","74837834"
"chr1","65163844","65164159","chrX","40215717","40216034","75","24948127"
"chr1","65175310","65175446","chr4","185734049","185734184","12","120558739"
"chr1","65175447","65175728","chr1","78508506","78508789","39","13333059"
"chr1","65175729","65175899","chr19","9386245","9386415","35","55789484"
"chr1","65185025","65185348","chr8","128235647","128235973","56","63050622"
"chr1","65194813","65195115","chr7","138657403","138657700","39","73462590"
"chr1","65196405","65196705","chr6","134544350","134544644","37","69347945"
"chr1","65212629","65212924","chr3","182573950","182574250","39","117361321"
"chr1","65217772","65218086","chr7","139963807","139964112","38","74746035"
"chr1","65223564","65223698","chr4","98500657","98500795","19","33277093"
"chr1","65223699","65223921","chr15","52508524","52508743","37","12715175"
"chr1","65234295","65234547","chr1","205864109","205864363","37","140629814"
"chr1","65260441","65260741","chr1","35093771","35094077","50","30166670"
"chr1","65260772","65260909","chr21","31662246","31662382","16","33598526"
"chr1","65261198","65261367","chr12","109806371","109806534","25","44545173"
"chr1","65269406","65269574","chr19","50500001","50500173","30","14769405"
"chr1","65269860","65270003","chr3","164213566","164213703","25","98943706"
"chr1","65290651","65290949","chr13","31429479","31429774","43","33861172"
"chr1","65308296","65308563","chr1","192523055","192523333","54","127214759"
"chr1","65384547","65384713","chr7","2622122","2622287","36","62762425"
"chr1","65384738","65384839","chr13","1777818","1777925","25","63606920"
"chr1","65389075","65389337","chr13","31336009","31336272","33","34053066"
"chr1","65393219","65393527","chrX","132448111","132448417","48","67054892"
"chr1","65478179","65478445","chr12","33001772","33002050","53","32476407"
"chr1","65486956","65487138","chr1","136078748","136078933","31","70591792"
"chr1","65504002","65504327","chr11","81904113","81904434","61","16400111"
"chr1","65536109","65536423","chr14","110301","110606","48","65425808"
"chr1","65551917","65552211","chr7","32453756","32454047","45","33098161"
"chr1","65556108","65556421","chr7","77548302","77548597","53","11992194"
"chr1","65561647","65561820","chr11","46664552","46664726","25","18897095"
"chr1","65561843","65561943","chr4","6113636","6113746","24","59448207"
"chr1","65566698","65566999","chr4","162552218","162552510","42","96985520"
"chr1","65569917","65570214","chr13","96332314","96332607","53","30762397"
"chr1","65596335","65596638","chr1","75708117","75708419","43","10111782"
"chr1","65648825","65649104","chr5","4345743","4346035","44","61303082"
"chr1","65654267","65654573","chr1","13491740","13492042","48","52162527"
"chr1","65682267","65682570","chr1","114446626","114446925","51","48764359"
"chr1","65698063","65698392","chr17","28449880","28450198","53","37248183"
"chr1","65711003","65711304","chr10","50297952","50298253","45","15413051"
"chr1","65713113","65713232","chr19","57270139","57270258","14","8442974"
"chr1","65743132","65743262","chr10","115982032","115982164","14","50238900"
"chr1","65743802","65743952","chr1","139340751","139340902","26","73596949"
"chr1","65754201","65754333","chr19","57736469","57736601","16","8017732"
"chr1","65761881","65762186","chr3","183837195","183837499","38","118075314"
"chr1","65792998","65793288","chr3","199443194","199443483","43","133650196"
"chr1","65847853","65848141","chr5","1989021","1989311","39","63858832"
"chr1","65853562","65853862","chr7","4382934","4383235","41","61470628"
"chr1","65876306","65876623","chrX","40686431","40686746","43","25189875"
"chr1","65915634","65915771","chr10","29633018","29633159","23","36282616"
"chr1","65931973","65932266","chr9","114191687","114191982","37","48259714"
"chr1","65950759","65951047","chr1","159180870","159181161","43","93230111"
"chr1","65974665","65974749","chr1","109139016","109139099","10","43164351"
"chr1","65976138","65976399","chr5","88920804","88921072","47","22944666"
"chr1","65982402","65982688","chr4","40416724","40417008","41","25565678"
"chr1","65996189","65996446","chr7","97644839","97645097","59","31648650"
"chr1","66026352","66026661","chr8","56029021","56029329","42","9997331"
"chr1","66083793","66084097","chr4","2570442","2570744","45","63513351"
"chr1","66084947","66085058","chr8","63631723","63631835","7","2453224"
"chr1","66140053","66140352","chr16","3661358","3661659","39","62478695"
"chr1","66152495","66152711","chr1","18343060","18343275","39","47809435"
"chr1","66226455","66226660","chr1","114438859","114439073","50","48212404"
"chr1","66226959","66227059","chrX","129213767","129213861","15","62986808"
"chr1","66234478","66234612","chr6","42712240","42712374","17","23522238"
"chr1","66234915","66235075","chr21","9186257","9186421","32","57048658"
"chr1","66243920","66244209","chr1","225052538","225052823","39","158808618"
"chr1","66284561","66284855","chr1","173063862","173064157","38","106779301"
"chr1","66305054","66305352","chr7","66837740","66838039","32","532686"
"chr1","66317801","66318089","chr6","50674093","50674380","40","15643708"
"chr1","66328991","66329294","chr14","87605486","87605781","48","21276495"
"chr1","66333800","66334083","chr6","48058765","48059050","35","18275035"
"chr1","66338291","66338373","chr7","65088911","65088992","12","1249380"
"chr1","66346719","66347002","chr5","47101929","47102212","44","19244790"
"chr1","66372489","66372799","chrX","24850031","24850340","47","41522458"
"chr1","66386648","66386937","chrX","132971523","132971812","35","66584875"
"chr1","66424865","66424994","chr8","144598500","144598630","12","78173635"
"chr1","66455584","66455746","chr18","18577424","18577586","26","47878160"
"chr1","66521444","66521741","chr5","22205966","22206266","47","44315478"
"chr1","66543090","66543246","chr10","24830860","24831016","19","41712230"
"chr1","66551631","66551755","chr6","43908449","43908573","15","22643182"
"chr1","66551791","66551960","chr5","46016934","46017102","25","20534857"
"chr1","66555134","66555347","chr2B","115318497","115318707","31","48763363"
"chr1","66600404","66600698","chr11","65787500","65787788","38","812904"
"chr1","66605416","66605689","chr3","180260414","180260696","49","113654998"
"chr1","66607592","66607886","chr7","104575685","104575987","35","37968093"
"chr1","66611107","66611393","chr10","40350693","40350990","41","26260414"
"chr1","66617324","66617615","chr12","29819043","29819337","34","36798281"
"chr1","66621499","66621628","chrX","109758228","109758358","16","43136729"
"chr1","66623313","66623414","chr8","77451745","77451846","15","10828432"
"chr1","66655968","66656233","chr1","211284320","211284595","56","144628352"
"chr1","66658629","66658911","chr6","81033707","81033988","35","14375078"
"chr1","66669985","66670266","chr13","1376244","1376525","39","65293741"
"chr1","66679291","66679580","chrX","42228408","42228695","34","24450883"
"chr1","66711961","66712262","chr12","21155202","21155506","40","45556759"
"chr1","66725882","66726174","chr11","10319891","10320182","42","56405991"
"chr1","66729519","66729587","chr13","31847438","31847506","4","34882081"
"chr1","66738873","66739168","chr9","99306727","99307020","33","32567854"
"chr1","66796399","66796691","chr5","161522591","161522890","40","94726192"
"chr1","66798977","66799275","chr13","29911760","29912057","39","36887217"
"chr1","66813574","66813860","chr19","17525403","17525686","50","49288171"
"chr1","66818744","66818916","chr2B","50431625","50431794","23","16387119"
"chr1","66821028","66821150","chr12","2950519","2950648","16","63870509"
"chr1","66825660","66826010","chr7","68630481","68630829","68","1804821"
"chr1","66830064","66830230","chr4","87398351","87398509","38","20568287"
"chr1","66830529","66830672","chr2B","16236065","16236209","19","50594464"
"chr1","66896262","66896516","chr16","3958164","3958428","52","62938098"
"chr1","66927910","66928194","chr1","145866574","145866859","36","78938664"
"chr1","66975777","66976061","chr19","14807637","14807919","38","52168140"
"chr1","66976493","66976694","chr1","8842037","8842239","34","58134456"
"chr1","66984929","66985041","chr13","21128359","21128471","20","45856570"
"chr1","67195006","67195279","chr3","53593985","53594256","48","13601021"
"chr1","67371917","67372159","chr3","95514261","95514503","40","28142344"
"chr1","67430447","67430678","chr20","35321753","35321998","57","32108694"
"chr1","67438212","67438501","chr19","9980208","9980494","49","57458004"
"chr1","67452701","67453006","chr4","459155","459458","38","66993546"
"chr1","67459818","67460107","chr1","178071515","178071805","42","110611697"
"chr1","67487450","67487725","chr3","32950658","32950932","49","34536792"
"chr1","67543634","67543887","chr13","29203226","29203482","48","38340408"
"chr1","67651524","67651812","chr17","73491788","73492078","50","5840264"
"chr1","67657823","67658078","chrX","18875176","18875442","51","48782647"
"chr1","67696640","67696921","chr8","126026839","126027127","49","58330199"
"chr1","67731826","67731987","chr5","19584116","19584279","23","48147710"
"chr1","67842536","67842811","chrX","15626538","15626809","50","52215998"
"chr1","67857908","67858212","chr6","159384884","159385188","45","91526976"
"chr1","67917595","67917885","chr3","134653851","134654140","41","66736256"
"chr1","67966619","67966854","chr17","736611","736858","48","67230008"
"chr1","68187688","68187993","chrX","19694089","19694388","50","48493599"
"chr1","68209988","68210279","chr15","68328367","68328659","45","118379"
"chr1","68237007","68237234","chr10","54782800","54783034","37","13454207"
"chr1","68241494","68241755","chr5","10323159","10323411","48","57918335"
"chr1","68262739","68263062","chr9","73907599","73907921","56","5644860"
"chr1","68301435","68301726","chr7","10904557","10904858","45","57396878"
"chr1","68351413","68351723","chr15","30508140","30508434","53","37843273"
"chr1","68353965","68354257","chr19","45154592","45154885","31","23199373"
"chr1","68368323","68368613","chr1","216411309","216411600","43","148042986"
"chr1","68395762","68395989","chr1","36389603","36389838","44","32006159"
"chr1","68404642","68404938","chr9","64581038","64581336","53","3823604"
"chr1","68419711","68419882","chr7","156784585","156784756","30","88364874"
"chr1","68423097","68423251","chr5","141747126","141747270","30","73324029"
"chr1","68431100","68431408","chr1","23834351","23834656","39","44596749"
"chr1","68460550","68460818","chr3","155391931","155392192","41","86931381"
"chr1","68466647","68466937","chr5","9460113","9460406","43","59006534"
"chr1","68467545","68467654","chr9","92489465","92489580","24","24021920"
"chr1","68467656","68467895","chr1","161736322","161736560","44","93268666"
"chr1","68477507","68477788","chr8","77691283","77691563","45","9213776"
"chr1","68500002","68500108","chr19","46739578","46739687","11","21760424"
"chr1","68503776","68504080","chr13","28246195","28246506","39","40257581"
"chr1","68545127","68545433","chr1","36354006","36354302","50","32191121"
"chr1","68546572","68546879","chr13","28211751","28212061","41","40334821"
"chr1","68583483","68583626","chr17","1059612","1059754","24","67523871"
"chr1","68584691","68584971","chr6","14380618","14380894","45","54204073"
"chr1","68592412","68592713","chr7","1669242","1669542","37","66923170"
"chr1","68636741","68637028","chr14","76696434","76696724","43","8059693"
"chr1","68773714","68774009","chr3","136996121","136996415","41","68222407"
"chr1","68810137","68810427","chr3","109414540","109414837","49","40604403"
"chr1","68821153","68821486","chr2A","36869206","36869534","48","31951947"
"chr1","68862960","68863101","chr3","131805211","131805354","25","62942251"
"chr1","68863387","68863521","chr6","31368280","31368412","18","37495107"
"chr1","68902086","68902238","chr1","221984198","221984349","27","153082112"
"chr1","68940551","68940867","chr7","83708735","83709045","44","14768184"
"chr1","68990764","68990893","chr16","15849613","15849740","27","53141151"
"chr1","68991168","68991354","chr4","195938014","195938190","34","126946846"
"chr1","69074057","69074364","chr8","141066904","141067212","36","71992847"
"chr1","69089844","69090139","chr7","72728291","72728588","31","3638447"
"chr1","69099186","69099463","chrX","17297985","17298267","44","51801201"
"chr1","69099497","69099533","chrX","1620892","1620924","10","67478605"
"chr1","69100792","69101034","chr9","112086840","112087077","34","42986048"
"chr1","69102132","69102293","chr7","56851132","56851289","42","12251000"
"chr1","69102466","69102757","chr8","83783750","83784046","41","14681284"
"chr1","69111445","69111686","chr2B","51440151","51440403","47","17671294"
"chr1","69139739","69140027","chr6","13937967","13938258","40","55201772"
"chr1","69143119","69143403","chr1","116018161","116018458","50","46875042"
"chr1","69152397","69152680","chr3","121930143","121930428","45","52777746"
"chr1","69161775","69161897","chr1","17325345","17325470","19","51836430"
"chr1","69170866","69171036","chr8","48753766","48753936","26","20417100"
"chr1","69171037","69171342","chr21","30658994","30659298","40","38512043"
"chr1","69171343","69171478","chr3","138229396","138229529","15","69058053"
"chr1","69274781","69275077","chr4","20682629","20682928","56","48592152"
"chr1","69288644","69288934","chr7","156101400","156101691","44","86812756"
"chr1","69307492","69307788","chr5","24372432","24372725","32","44935060"
"chr1","69370868","69370910","chr4","39057990","39058030","6","30312878"
"chr1","69377286","69377346","chr15","12032289","12032352","15","57344997"
"chr1","69377413","69377499","chr1","93069430","93069510","23","23692017"
"chr1","69382409","69382549","chr19","13596120","13596265","28","55786289"
"chr1","69394522","69394814","chr3","160736782","160737074","44","91342260"
"chr1","69465556","69465667","chr17","89019667","89019780","17","19554111"
"chr1","69529613","69529825","chr21","24428860","24429072","27","45100753"
"chr1","69557581","69557765","chr14","39170304","39170483","29","30387277"
"chr1","69617840","69618137","chr1","51493670","51493966","42","18124170"
"chr1","69736750","69737015","chr19","19448458","19448728","54","50288292"
"chr1","69745904","69746199","chr1","43495195","43495485","47","26250709"
"chr1","69766013","69766309","chr17","10054068","10054363","30","59711945"
"chr1","69798346","69798639","chr4","94631598","94631894","47","24833252"
"chr1","69881692","69881827","chr1","53546326","53546463","17","16335366"
"chr1","69977008","69977299","chr9","69219827","69220118","33","757181"
"chr1","69992480","69992783","chr7","140145366","140145668","42","70152886"
"chr1","70063919","70064238","chr5","34215137","34215446","46","35848782"
"chr1","70066191","70066492","chr11","62726767","62727069","41","7339424"
"chr1","70116962","70117257","chr6","45713778","45714072","38","24403184"
"chr1","70119047","70119340","chrX","40772947","40773245","51","29346100"
"chr1","70127416","70127638","chr11","5332043","5332259","38","64795373"
"chr1","70143036","70143320","chr12","93697240","93697525","43","23554204"
"chr1","70167178","70167356","chr21","28082161","28082336","34","42085017"
"chr1","70184054","70184314","chr5","33181244","33181501","49","37002810"
"chr1","70210396","70210687","chr7","138657403","138657700","42","68447007"
"chr1","70217110","70217347","chr11","70274610","70274842","35","57500"
"chr1","70232621","70232911","chr3","129524451","129524743","41","59291830"
"chr1","70252131","70252250","chr1","63588767","63588886","13","6663364"
"chr1","70252888","70253035","chr1","161925292","161925442","30","91672404"
"chr1","70258994","70259286","chr19","49247735","49248025","37","21011259"
"chr1","70268196","70268482","chr5","24372432","24372725","44","45895764"
"chr1","70279133","70279369","chr4","81244771","81245011","38","10965638"
"chr1","70297110","70297397","chr5","2684562","2684864","46","67612548"
"chr1","70312693","70313007","chr7","139963807","139964112","48","69651114"
"chr1","70340766","70341079","chr9","45430907","45431211","45","24909859"
"chr1","70347789","70348056","chr13","13108602","13108867","42","57239187"
"chr1","70350510","70350788","chr1","7595110","7595386","47","62755400"
"chr1","70390414","70390712","chr10","134056641","134056938","37","63666227"
"chr1","70396167","70396450","chr1","212745117","212745410","55","142348950"
"chr1","70417013","70417324","chr1","119052937","119053247","40","48635924"
"chr1","70438602","70438869","chr21","24444100","24444362","46","45994502"
"chr1","70452683","70452994","chr21","30658994","30659298","40","39793689"
"chr1","70512111","70512361","chr10","117881108","117881359","46","47368997"
"chr1","70542734","70543028","chr1","93582758","93583045","36","23040024"
"chr1","70657646","70657777","chr6","11957977","11958108","16","58699669"
"chr1","70670404","70670715","chr5","94004472","94004781","34","23334068"
"chr1","70760188","70760482","chr2A","15843046","15843342","40","54917142"
"chr1","70795066","70795368","chr7","73115904","73116207","58","2320838"
"chr1","70797627","70797901","chr17","1016581","1016856","52","69781046"
"chr1","70797924","70797949","chr3","76772442","76772464","5","5974518"
"chr1","70806212","70806507","chr3","54466312","54466598","52","16339900"
"chr1","70828086","70828211","chr11","68081085","68081207","18","2747001"
"chr1","70833266","70833513","chr5","18846818","18847060","39","51986448"
"chr1","70874909","70875210","chr4","110248134","110248433","50","39373225"
"chr1","70920796","70921138","chr9","66464527","66464864","55","4456269"
"chr1","70966621","70966720","chr4","146736814","146736913","17","75770193"
"chr1","71072874","71072973","chr2A","84117768","84117859","23","13044894"
"chr1","71075416","71075716","chr2B","8559466","8559764","41","62515950"
"chr1","71127763","71128025","chr9","43996760","43997023","41","27131003"
"chr1","71196666","71196890","chr12","21220753","21220972","41","49975913"
"chr1","71271300","71271465","chr9","94246179","94246345","35","22974879"
"chr1","71314540","71314689","chr7","74973969","74974121","24","3659429"
"chr1","71320665","71320973","chr19","35659201","35659512","39","35661464"
"chr1","71335979","71336293","chr5","94004472","94004781","42","22668493"
"chr1","71336609","71336909","chrX","132971523","132971812","46","61634914"
"chr1","71352495","71352778","chr22","7541406","7541693","37","63811089"
"chr1","71366789","71366934","chr5","52474566","52474714","24","18892223"
"chr1","71460357","71460562","chr1","204276745","204276950","39","132816388"
"chr1","71560575","71560884","chr9","90111215","90111523","40","18550640"
"chr1","71623769","71623904","chr1","28134635","28134769","20","43489134"
"chr1","71624181","71624342","chr16","38777812","38777973","25","32846369"
"chr1","71624809","71625108","chr6","43361957","43362257","46","28262852"
"chr1","71630805","71630965","chr17","12300476","12300635","30","59330329"
"chr1","71630987","71631119","chrX","119610585","119610712","25","47979598"
"chr1","71631421","71631719","chr14","21247803","21248105","37","50383618"
"chr1","71673881","71674094","chr7","27999169","27999383","45","43674712"
"chr1","71733722","71734022","chr1","115132594","115132892","48","43398872"
"chr1","71764962","71765124","chr6","55469065","55469213","26","16295897"
"chr1","71793817","71794031","chr1","52183942","52184158","41","19609875"
"chr1","71801587","71801883","chr9","73083213","73083501","45","1281626"
"chr1","71820557","71820851","chr7","134473925","134474220","43","62653368"
"chr1","71856381","71856612","chrX","40561321","40561551","27","31295060"
"chr1","71968443","71968735","chr9","73269923","73270218","52","1301480"
"chr1","71979054","71979167","chr5","22749902","22750006","25","49229152"
"chr1","71985337","71985482","chr14","52504096","52504258","35","19481241"
"chr1","71985529","71985645","chr13","83014100","83014216","12","11028571"
"chr1","72004112","72004401","chr14","83230171","83230460","49","11226059"
"chr1","72010741","72010861","chr16","75767501","75767618","14","3756760"
"chr1","72011161","72011329","chr3","136107032","136107207","27","64095871"
"chr1","72018472","72018767","chr10","109742808","109743106","47","37724336"
"chr1","72026864","72027169","chr8","9756252","9756551","42","62270612"
"chr1","72064253","72064562","chr7","111597253","111597555","48","39533000"
"chr1","72091164","72091459","chr8","120817905","120818209","48","48726741"
"chr1","72134501","72134754","chr5","40337989","40338239","38","31796512"
"chr1","72141591","72141871","chr1","134187131","134187427","59","62045540"
"chr1","72143236","72143533","chr7","77548302","77548597","40","5405066"
"chr1","72167573","72167883","chr9","109734146","109734451","47","37566573"
"chr1","72175476","72175578","chr21","9712888","9712989","11","62462588"
"chr1","72183467","72183754","chr8","74535863","74536149","38","2352396"
"chr1","72186996","72187295","chr12","93845732","93846034","34","21658736"
"chr1","72188480","72188791","chr11","65150366","65150677","35","7038114"
"chr1","72192550","72192684","chr7","73048340","73048473","17","855790"
"chr1","72192984","72193144","chr16","10757237","10757400","24","61435747"
"chr1","72227146","72227429","chr6","71983566","71983852","35","243580"
"chr1","72237044","72237342","chr2B","134214601","134214896","38","61977557"
"chr1","72281460","72281769","chr6","37361889","37362199","46","34919571"
"chr1","72297790","72297940","chr5","143976017","143976166","23","71678227"
"chr1","72311062","72311358","chr1","20280960","20281258","52","52030102"
"chr1","72324084","72324395","chr12","36008610","36008921","42","36315474"
"chr1","72332748","72332883","chr5","160574951","160575085","19","88242203"
"chr1","72333160","72333325","chr3","38551712","38551874","28","33781448"
"chr1","72413382","72413531","chr7","103975087","103975233","24","31561705"
"chr1","72435714","72436008","chr20","43229797","43230089","40","29205917"
"chr1","72481409","72481703","chr20","2204839","2205132","41","70276570"
"chr1","72490217","72490506","chr14","76696434","76696724","39","4206217"
"chr1","72566416","72566535","chr12","36410722","36410841","9","36155694"
"chr1","72567636","72567786","chr20","21531855","21532006","25","51035781"
"chr1","72575182","72575339","chr7","148192635","148192795","28","75617453"
"chr1","72577146","72577324","chr19","53166671","53166844","29","19410475"
"chr1","72578798","72578938","chr1","26802299","26802440","22","45776499"
"chr1","72588518","72588813","chr6","147551966","147552260","34","74963448"
"chr1","72590517","72590550","chr5","4962002","4962037","8","67628515"
"chr1","72613210","72613338","chr2B","101109609","101109745","18","28496399"
"chr1","72633548","72633855","chr12","39940499","39940799","53","32693049"
"chr1","72647578","72647856","chr3","97384044","97384323","46","24736466"
"chr1","72678365","72678662","chr7","79277379","79277677","42","6599014"
"chr1","72684535","72684841","chr11","129598426","129598736","45","56913891"
"chr1","72702710","72703005","chr1","130709379","130709674","50","58006669"
"chr1","72719223","72719344","chr8","126739306","126739428","19","54020083"
"chr1","72722018","72722320","chr3","194245712","194246018","44","121523694"
"chr1","72753401","72753706","chr2A","62970040","62970342","46","9783361"
"chr1","72762980","72763271","chr9","114191687","114191982","39","41428707"
"chr1","72790555","72790848","chr3","42788373","42788672","47","30002182"
"chr1","72812919","72813012","chr1","16774476","16774572","30","56038443"
"chr1","72823810","72824074","chr1","191156781","191157034","43","118332971"
"chr1","72893079","72893364","chr14","76723805","76724091","46","3830726"
"chr1","72896940","72897230","chrX","128817586","128817876","44","55920646"
"chr1","72904183","72904495","chr7","72060574","72060883","41","843609"
"chr1","72920872","72921169","chr1","156921438","156921735","49","84000566"
"chr1","72988261","72988588","chr9","70917702","70918029","47","2070559"
"chr1","73028166","73028460","chr18","46127074","46127369","48","26901092"
"chr1","73066775","73067075","chr5","9657909","9658209","42","63408866"
"chr1","73074400","73074685","chrX","42228408","42228695","41","30845992"
"chr1","73328389","73328686","chr9","71247441","71247740","41","2080948"
"chr1","73330421","73330685","chrX","95139586","95139848","38","21809165"
"chr1","73352013","73352194","chr3","25296577","25296755","35","48055436"
"chr1","73352215","73352253","chr8","16836556","16836590","4","56515659"
"chr1","73360868","73361175","chr1","29377457","29377759","51","43983411"
"chr1","73408979","73409241","chr11","119005987","119006249","36","45597008"
"chr1","73432290","73432584","chr1","154549010","154549304","31","81116720"
"chr1","73511614","73511901","chr8","94913398","94913691","38","21401784"
"chr1","73527039","73527356","chr9","42683008","42683344","77","30844031"
"chr1","73545196","73545521","chr9","42683008","42683344","74","30862188"
"chr1","73558212","73558512","chr6","7503535","7503831","53","66054677"
"chr1","73571600","73571909","chr2A","95996952","95997251","63","22425352"
"chr1","73617497","73617734","chr5","121802058","121802291","35","48184561"
"chr1","73619055","73619349","chr2A","20895744","20896038","36","52723311"
"chr1","73625177","73625467","chr14","57956237","57956528","39","15668940"
"chr1","73633148","73633323","chr2B","50431625","50431794","28","23201523"
"chr1","73633620","73633744","chr20","30356572","30356694","14","43277048"
"chr1","73641970","73642238","chr17","4827855","4828124","42","68814115"
"chr1","73653344","73653434","chr5","25339946","25340025","18","48313398"
"chr1","73653740","73653882","chr14","57118453","57118595","18","16535287"
"chr1","73719010","73719238","chr3","54378596","54378817","37","19340414"
"chr1","73759138","73759410","chr9","71656113","71656385","34","2103025"
"chr1","73776461","73776623","chr6","159540806","159540968","27","85764345"
"chr1","73798317","73798473","chr12","93049007","93049161","25","19250690"
"chr1","73813302","73813564","chr1","19948860","19949131","56","53864442"
"chr1","73820898","73821216","chr8","74153706","74154013","67","332808"
"chr1","73839687","73839993","chr1","31808785","31809090","52","42030902"
"chr1","73855767","73856063","chr9","43766410","43766708","35","30089357"
"chr1","73858731","73859045","chr5","34215137","34215446","59","39643594"
"chr1","73871800","73872128","chr1","65854541","65854833","72","8017259"
"chr1","73901804","73901926","chr14","88661201","88661322","20","14759397"
"chr1","73902217","73902406","chr3","199770799","199770993","31","125868582"
"chr1","73952004","73952304","chr1","51788084","51788390","47","22163920"
"chr1","73973323","73973454","chr8","123134693","123134825","16","49161370"
"chr1","73992188","73992497","chr7","66573021","66573333","49","7419167"
"chr1","73992811","73992939","chr10","28684957","28685080","23","45307854"
"chr1","74017605","74017891","chr15","77995336","77995623","40","3977731"
"chr1","74055085","74055215","chr6","33902335","33902470","16","40152750"
"chr1","74056302","74056524","chr6","117110600","117110823","28","43054298"
"chr1","74056528","74056653","chr6","109289964","109290086","19","35233436"
"chr1","74063136","74063353","chr4","5610683","5610898","40","68452453"
"chr1","74063653","74063934","chrX","57926567","57926847","47","16137086"
"chr1","74063979","74064136","chrX","41769452","41769608","26","32294527"
"chr1","74084485","74084682","chr12","113155276","113155481","39","39070791"
"chr1","74084969","74085080","chr10","726519","726629","33","73358450"
"chr1","74087378","74087604","chr22","33256950","33257179","49","40830428"
"chr1","74093121","74093401","chr6","11916921","11917205","39","62176200"
"chr1","74107181","74107338","chr7","65857986","65858138","29","8249195"
"chr1","74126235","74126423","chr8","25854652","25854840","42","48271583"
"chr1","74126725","74126835","chr11","112033042","112033153","23","37906317"
"chr1","74130684","74130976","chr19","3208420","3208712","49","70922264"
"chr1","74131330","74131630","chr9","74229513","74229811","44","98183"
"chr1","74132371","74132653","chr3","49098702","49098990","53","25033669"
"chr1","74157901","74158196","chr5","144103236","144103536","51","69945335"
"chr1","74179952","74180111","chr10","93433464","93433624","29","19253512"
"chr1","74209274","74209577","chr7","2886304","2886609","41","71322970"
"chr1","74238050","74238341","chr6","18269074","18269366","42","55968976"
"chr1","74245939","74246042","chr17","33600027","33600123","16","40645912"
"chr1","74247117","74247436","chr5","24045389","24045700","49","50201728"
"chr1","74256322","74256435","chr8","63631723","63631835","12","10624599"
"chr1","74281571","74281873","chr4","154361154","154361455","37","80079583"
"chr1","74286705","74287013","chr8","124200571","124200876","40","49913866"
"chr1","74290090","74290405","chr11","70600806","70601118","49","3689284"
"chr1","74302426","74302741","chr11","65150366","65150677","50","9152060"
"chr1","74311880","74312186","chr10","48125877","48126187","37","26186003"
"chr1","74313771","74314069","chr5","40392394","40392689","42","33921377"
"chr1","74314076","74314208","chr17","63306399","63306532","17","11007677"
"chr1","74316548","74316839","chr22","30458116","30458408","41","43858432"
"chr1","74319028","74319320","chr1","156921438","156921735","33","82602410"
"chr1","74326297","74326593","chr16","81203354","81203652","41","6877057"
"chr1","74360123","74360433","chrX","42228408","42228695","51","32131715"
"chr1","74361855","74361970","chr22","17386957","17387071","13","56974898"
"chr1","74376102","74376331","chr5","15590603","15590831","31","58785499"
"chr1","74399786","74400093","chr11","19826889","19827182","60","54572897"
"chr1","74402942","74403233","chr4","82018604","82018898","37","7615662"
"chr1","74426413","74426694","chr6","50722710","50722998","47","23703703"
"chr1","74427253","74427555","chr11","66003552","66003850","48","8423701"
"chr1","74434065","74434149","chr1","28753545","28753625","10","45680520"
"chr1","74441116","74441410","chr11","3623940","3624232","38","70817176"
"chr1","74465738","74465805","chr22","847845","847908","15","73617893"
"chr1","74471639","74471933","chr12","133147603","133147894","58","58675964"
"chr1","74476839","74477177","chr2B","30436806","30437143","53","44040033"
"chr1","74564531","74564785","chr5","136389439","136389704","55","61824908"
"chr1","74568799","74568936","chr18","72725511","72725646","21","1843288"
"chr1","74570980","74571276","chr13","22826370","22826669","43","51744610"
"chr1","74572018","74572328","chr1","40219466","40219773","53","34352552"
"chr1","74596866","74597172","chrX","120541821","120542131","45","45944955"
"chr1","74647032","74647290","chr11","20168123","20168383","48","54478909"
"chr1","74648976","74649103","chr15","28889483","28889610","23","45759493"
"chr1","74649104","74649410","chr13","23986867","23987163","51","50662237"
"chr1","74649708","74649879","chr7","72086210","72086381","30","2563498"
"chr1","74670775","74670911","chr1","22878871","22879006","17","51791904"
"chr1","74671206","74671363","chr19","6414816","6414977","28","68256390"
"chr1","74685146","74685382","chr12","107352935","107353167","41","32667789"
"chr1","74691331","74691417","chr1","146760045","146760137","16","72068714"
"chr1","74692541","74692663","chr22","28571376","28571500","16","46121165"
"chr1","74711755","74711868","chr5","154743608","154743723","14","80031853"
"chr1","74726654","74726905","chr8","133075658","133075906","41","58349004"
"chr1","74728304","74728582","chr3","48166508","48166786","41","26561796"
"chr1","74746273","74746497","chr19","20427495","20427720","32","54318778"
"chr1","74756801","74756975","chr12","37388525","37388697","22","37368276"
"chr1","74757001","74757120","chr1","135316827","135316944","15","60559826"
"chr1","74758619","74758925","chr20","10753642","10753949","38","64004977"
"chr1","74758953","74759274","chr1","70324923","70325245","47","4434030"
"chr1","74787247","74787437","chr20","5724412","5724601","35","69062835"
"chr1","74800086","74800367","chr10","13998767","13999054","42","60801319"
"chr1","74805978","74806258","chr10","87473884","87474170","50","12667906"
"chr1","74812076","74812387","chr3","191333551","191333862","40","116521475"
"chr1","74813554","74813835","chr5","160945123","160945409","41","86131569"
"chr1","74825685","74825870","chr1","124450776","124450951","35","49625091"
"chr1","74825912","74826037","chr20","42484308","42484438","16","32341604"
"chr1","74841000","74841280","chr2A","83270217","83270489","51","8429217"
"chr1","74846329","74846618","chr6","48058765","48059050","34","26787564"
"chr1","74876326","74876527","chr19","54268132","54268343","46","20608194"
"chr1","74878349","74878454","chr1","24706236","24706346","29","50172113"
"chr1","74884547","74884850","chr1","157862941","157863238","42","82978394"
"chr1","74901067","74901360","chr19","3208420","3208712","48","71692647"
"chr1","74901722","74902021","chr9","74229513","74229811","42","672209"
"chr1","74907677","74907865","chr3","150463990","150464186","41","75556313"
"chr1","74908737","74908956","chr8","126106996","126107220","40","51198259"
"chr1","74947523","74947680","chr9","83239866","83240034","30","8292343"
"chr1","74996002","74996309","chr9","67930664","67930970","44","7065338"
"chr1","75074926","75075219","chr10","26110692","26110989","44","48964234"
"chr1","75076014","75076249","chr3","78824596","78824841","34","3748582"
"chr1","75080475","75080754","chr1","95064891","95065177","48","19984416"
"chr1","75083246","75083399","chr15","50558946","50559104","33","24524300"
"chr1","75083421","75083555","chrX","40561185","40561320","19","34522236"
"chr1","75095155","75095454","chr13","9716804","9717101","44","65378351"
"chr1","75113925","75114071","chr19","37293307","37293442","28","37820618"
"chr1","75167667","75167776","chr4","160775502","160775608","10","85607835"
"chr1","75169347","75169643","chr2A","69843785","69844077","37","5325562"
"chr1","75210321","75210619","chr14","47119062","47119353","44","28091259"
"chr1","75221713","75222002","chr10","108992658","108992947","45","33770945"
"chr1","75231936","75232053","chr6","43500320","43500437","17","31731616"
"chr1","75251932","75252174","chr1","53466878","53467112","54","21785054"
"chr1","75281482","75281764","chr5","18074268","18074553","47","57207214"
"chr1","75282427","75282720","chr4","4465472","4465765","43","70816955"
"chr1","75297046","75297150","chr4","142982666","142982768","22","67685620"
"chr1","75301541","75301642","chr4","142982666","142982768","22","67681125"
"chr1","75312527","75312741","chr2A","72753351","72753558","43","2559176"
"chr1","75313370","75313430","chr1","13627380","13627435","11","61685990"
"chr1","75318597","75318770","chrX","27417608","27417792","31","47900989"
"chr1","75319207","75319498","chr2A","75440920","75441214","48","121713"
"chr1","75327417","75327706","chr3","51018676","51018963","30","24308741"
"chr1","75376423","75376716","chr2B","44742855","44743136","48","30633568"
"chr1","75377142","75377418","chr15","63579372","63579653","34","11797770"
"chr1","75406333","75406458","chr10","13935422","13935549","32","61470911"
"chr1","75406482","75406729","chr15","53380386","53380640","49","22026096"
"chr1","75421360","75421646","chr1","47229485","47229770","55","28191875"
"chr1","75453823","75454128","chr9","79050047","79050354","40","3596224"
"chr1","75462957","75463101","chr5","34630777","34630919","19","40832180"
"chr1","75463395","75463559","chr1","135795439","135795597","28","60332044"
"chr1","75471452","75471742","chr5","144089679","144089971","49","68618227"
"chr1","75471885","75472170","chr7","31085216","31085505","41","44386669"
"chr1","75477174","75477415","chr2A","3321033","3321265","45","72156141"
"chr1","75483834","75483939","chr1","164468154","164468258","10","88984320"
"chr1","75490605","75490879","chr2A","91226732","91227007","49","15736127"
"chr1","75498129","75498397","chr3","141667461","141667729","53","66169332"
"chr1","75516125","75516339","chr5","24782029","24782252","44","50734096"
"chr1","75527866","75528001","chr9","111058064","111058199","12","35530198"
"chr1","75528304","75528466","chr2B","16492410","16492571","31","59035894"
"chr1","75533847","75534151","chr15","44835752","44836061","54","30698095"
"chr1","75535085","75535261","chr5","45060313","45060493","27","30474772"
"chr1","75535555","75535670","chr5","162906693","162906814","26","87371138"
"chr1","75539222","75539333","chr2A","20005285","20005395","25","55533937"
"chr1","75545916","75546205","chr20","48240693","48240983","31","27305223"
"chr1","75547216","75547499","chr12","35338157","35338436","49","40209059"
"chr1","75548400","75548697","chr8","76202865","76203159","41","654465"
"chr1","75563314","75563587","chr18","38948343","38948619","47","36614971"
"chr1","75563593","75563770","chr2A","12462472","12462645","40","63101121"
"chr1","75619543","75619695","chr12","93049007","93049161","26","17429464"
"chr1","75626666","75626955","chr5","129768841","129769126","51","54142175"
"chr1","75649141","75649315","chr5","35008295","35008467","23","40640846"
"chr1","75649618","75649753","chr14","23770286","23770420","20","51879332"
"chr1","75653342","75653644","chr2A","1348261","1348570","46","74305081"
"chr1","75668840","75668958","chr16","29442093","29442211","20","46226747"
"chr1","75678909","75679189","chr5","26951059","26951340","46","48727850"
"chr1","75701509","75701785","chr1","10080756","10081034","45","65620753"
"chr1","75706698","75706989","chr5","122035156","122035446","52","46328458"
"chr1","75717930","75718230","chr3","185043541","185043836","43","109325611"
"chr1","75737004","75737161","chr8","131963776","131963942","32","56226772"
"chr1","75737458","75737578","chr7","73273391","73273519","21","2464067"
"chr1","75742113","75742269","chr3","200076467","200076629","36","124334354"
"chr1","75742569","75742703","chr9","111058064","111058199","14","35315495"
"chr1","75761070","75761371","chr3","158233943","158234249","42","82472873"
"chr1","75784534","75784677","chr5","110332644","110332786","31","34548110"
"chr1","75784719","75784841","chr8","2392477","2392597","18","73392242"
"chr1","75788481","75788777","chrX","18058024","18058315","55","57730457"
"chr1","75807597","75807898","chr3","39964527","39964830","52","35843070"
"chr1","75824265","75824566","chr10","133657840","133658140","41","57833575"
"chr1","75865043","75865335","chr2A","36894463","36894758","40","38970580"
"chr1","75897575","75897693","chr18","19712106","19712226","17","56185469"
"chr1","75940639","75940760","chr8","1147775","1147894","15","74792864"
"chr1","75940793","75940948","chr3","50494945","50495104","27","25445848"
"chr1","75943482","75943643","chr6","100480052","100480215","22","24536570"
"chr1","75960996","75961309","chr7","139963807","139964112","36","64002811"
"chr1","75977326","75977638","chr12","51868653","51868962","44","24108673"
"chr1","75993202","75993326","chr1","14802147","14802270","9","61191055"
"chr1","75997822","75998107","chr1","139828512","139828799","46","63830690"
"chr1","75999089","75999224","chr1","36509687","36509822","16","39489402"
"chr1","76044465","76044715","chr11","44969525","44969783","39","31074940"
"chr1","76044877","76045017","chr6","157477012","157477153","14","81432135"
"chr1","76046469","76046756","chr7","101967535","101967830","49","25921066"
"chr1","76069467","76069562","chr7","71450712","71450803","21","4618755"
"chr1","76079882","76079970","chr12","29452091","29452166","19","46627791"
"chr1","76080964","76081150","chr19","8449344","8449530","36","67631620"
"chr1","76090572","76090860","chr12","1122701","1122989","37","74967871"
"chr1","76165830","76166120","chr20","30389248","30389544","46","45776582"
"chr1","76174083","76174387","chr5","34215137","34215446","50","41958946"
"chr1","76175939","76176229","chr10","109678638","109678926","36","33502699"
"chr1","76189865","76190170","chr9","75577550","75577856","45","612315"
"chr1","76224253","76224552","chr8","101037433","101037730","36","24813180"
"chr1","76247610","76247664","chr10","107845904","107845957","12","31598294"
"chr1","76248012","76248157","chr5","20299303","20299439","28","55948709"
"chr1","76270175","76270479","chr8","21074182","21074493","43","55195993"
"chr1","76326693","76326975","chrX","17982654","17982932","48","58344039"
"chr1","76385210","76385504","chr13","77437423","77437717","43","1052213"
"chr1","76502264","76502556","chr9","75874392","75874684","40","627872"
"chr1","76590601","76590892","chr4","41217615","41217901","39","35372986"
"chr1","76627668","76627947","chr6","79360967","79361252","46","2733299"
"chr1","76638115","76638423","chr3","131643212","131643513","45","55005097"
"chr1","76657362","76657667","chr7","112451365","112451673","54","35794003"
"chr1","76672125","76672338","chr15","52508524","52508743","32","24163601"
"chr1","76677373","76677657","chr5","21058068","21058355","32","55619305"
"chr1","76711216","76711508","chr1","20451683","20451984","42","56259533"
"chr1","76731348","76731642","chr6","167179521","167179827","50","90448173"
"chr1","76736998","76737221","chr13","20619961","20620186","37","56117037"
"chr1","76739005","76739134","chr12","612491","612626","22","76126514"
"chr1","76764523","76764810","chr2B","124728949","124729237","49","47964426"
"chr1","76784997","76785297","chr6","65318850","65319148","44","11466147"
"chr1","76811187","76811502","chr5","34215137","34215446","54","42596050"
"chr1","76812805","76812932","chr10","130750568","130750693","26","53937763"
"chr1","76823828","76824120","chr20","43704827","43705120","40","33119001"
"chr1","76829626","76829790","chr12","98776420","98776589","21","21946794"
"chr1","76842578","76842882","chr9","76213074","76213376","32","629504"
"chr1","76852111","76852254","chr4","171381352","171381493","23","94529241"
"chr1","76853585","76853804","chr2B","90193070","90193289","50","13339485"
"chr1","76860422","76860727","chr3","10090024","10090331","46","66770398"
"chr1","76871390","76871656","chr6","33915633","33915901","37","42955757"
"chr1","76883315","76883601","chr3","42788373","42788672","50","34094942"
"chr1","76900944","76901060","chr22","29426095","29426208","24","47474849"
"chr1","76901268","76901400","chr6","156189946","156190077","17","79288678"
"chr1","76905780","76905804","chr3","76772442","76772464","4","133338"
"chr1","76905843","76906119","chr14","73229766","73230047","43","3676077"
"chr1","76911777","76912093","chr7","37747105","37747413","40","39164672"
"chr1","76912196","76912358","chr16","4801559","4801728","32","72110637"
"chr1","76914677","76914808","chr14","12485207","12485337","18","64429470"
"chr1","76923345","76923572","chrX","18243320","18243549","47","58680025"
"chr1","76930159","76930266","chr10","15486811","15486920","13","61443348"
"chr1","76932607","76932922","chrX","24860192","24860500","52","52072415"
"chr1","76935572","76935717","chr3","48405544","48405688","21","28530028"
"chr1","76936202","76936255","chr9","66361915","66361965","21","10574287"
"chr1","76939278","76939407","chr12","36756938","36757069","14","40182340"
"chr1","76939634","76939648","chr1","35530689","35530704","3","41408945"
"chr1","76939672","76939716","chr6","46634436","46634480","9","30305236"
"chr1","76946876","76947190","chr3","125673029","125673336","42","48726153"
"chr1","77002611","77002907","chr12","29819043","29819337","40","47183568"
"chr1","77004243","77004536","chr11","66032617","66032913","39","10971626"
"chr1","77015844","77016138","chr12","132094139","132094432","37","55078295"
"chr1","77017408","77017676","chr8","4739306","4739572","40","72278102"
"chr1","77018210","77018499","chr1","191158421","191158704","41","114140211"
"chr1","77054998","77055302","chr11","43939170","43939476","49","33115828"
"chr1","77060622","77060920","chr7","154133029","154133326","54","77072407"
"chr1","77076215","77076516","chrX","40125771","40126075","47","36950444"
"chr1","77088245","77088528","chr9","107063789","107064070","32","29975544"
"chr1","77094325","77094607","chr2B","124977630","124977912","41","47883305"
"chr1","77096499","77096771","chr15","13302570","13302846","43","63793929"
"chr1","77111969","77112238","chr12","116603930","116604197","52","39491961"
"chr1","77114540","77114747","chr20","52946609","52946807","44","24167931"
"chr1","77116275","77116581","chrX","154797165","154797472","40","77680890"
"chr1","77135350","77135500","chr6","55469065","55469213","24","21666285"
"chr1","77135793","77136000","chr1","28031467","28031664","44","49104326"
"chr1","77180901","77181210","chr1","116157758","116158065","51","38976857"
"chr1","77198739","77198860","chr20","43032336","43032459","15","34166403"
"chr1","77212825","77213105","chr3","185043541","185043836","51","107830716"
"chr1","77229358","77229643","chr2B","57874267","57874555","38","19355091"
"chr1","77230378","77230664","chr6","14171953","14172242","34","63058425"
"chr1","77264854","77264978","chr1","62777267","62777388","17","14487587"
"chr1","77266596","77266809","chr5","61229579","61229789","56","16037017"
"chr1","77271314","77271603","chr5","45699813","45700113","47","31571501"
"chr1","77274635","77274933","chr12","123479815","123480109","44","46205180"
"chr1","77281617","77281952","chr9","73907599","73907921","69","3374018"
"chr1","77289844","77290145","chr5","14684356","14684640","78","62605488"
"chr1","77291790","77291925","chrX","1063952","1064087","17","76227838"
"chr1","77292233","77292415","chr6","18189802","18189976","41","59102431"
"chr1","77293020","77293129","chr11","63662340","63662449","10","13630680"
"chr1","77295369","77295652","chr11","9392301","9392584","36","67903068"
"chr1","77302721","77302866","chr1","52971916","52972057","23","24330805"
"chr1","77303148","77303304","chrX","69931574","69931735","24","7371574"
"chr1","77316551","77316829","chr9","42877139","42877425","53","34439412"
"chr1","77321955","77322260","chr12","38528270","38528574","46","38793685"
"chr1","77326454","77326755","chr17","9220733","9221038","42","68105721"
"chr1","77335853","77336127","chr5","62241678","62241965","49","15094175"
"chr1","77344284","77344426","chr1","29910241","29910381","30","47434043"
"chr1","77344726","77344795","chrX","1505980","1506045","7","75838746"
"chr1","77382209","77382366","chr8","64819727","64819882","45","12562482"
"chr1","77382410","77382534","chr13","55603547","55603667","17","21778863"
"chr1","77384916","77385204","chr15","52121107","52121401","45","25263809"
"chr1","77394851","77395012","chr16","3488439","3488599","25","73906412"
"chr1","77395305","77395431","chr1","53578943","53579070","16","23816362"
"chr1","77396204","77396504","chr11","64143151","64143450","40","13253053"
"chr1","77404465","77404761","chr2A","79848274","79848570","38","2443809"
"chr1","77406795","77407101","chr15","70510924","70511228","48","6895871"
"chr1","77407983","77408112","chr1","32882794","32882929","16","44525189"
"chr1","77408408","77408566","chr1","135795439","135795597","24","58387031"
"chr1","77472444","77472740","chr15","9825468","9825764","41","67646976"
"chr1","77474326","77474435","chrX","41296324","41296433","11","36178002"
"chr1","77539656","77539791","chr10","131278951","131279086","25","53739295"
"chr1","77540102","77540268","chr10","3780797","3780964","34","73759305"
"chr1","77553500","77553624","chr14","12485207","12485337","18","65068293"
"chr1","77555588","77555862","chr3","156806207","156806481","45","79250619"
"chr1","77557192","77557466","chr3","34261429","34261702","43","43295763"
"chr1","77564398","77564694","chr14","14360486","14360787","45","63203912"
"chr1","77575147","77575329","chr11","34160801","34160978","30","43414346"
"chr1","77575741","77576029","chr9","79137714","79138000","43","1561973"
"chr1","77599107","77599391","chr18","18251317","18251608","45","59347790"
"chr1","77628200","77628475","chr9","109733660","109733937","52","32105460"
"chr1","77652167","77652248","chr7","63653858","63653941","13","13998309"
"chr1","77654260","77654314","chr1","62756334","62756388","10","14897926"
"chr1","77654969","77655158","chr1","50161286","50161474","35","27493683"
"chr1","77655462","77655502","chr12","30061451","30061494","8","47594011"
"chr1","77656844","77656930","chr2A","1892880","1892966","19","75763964"
"chr1","77693300","77693446","chr6","112068966","112069115","46","34375666"
"chr1","77693740","77693875","chr6","168882415","168882550","16","91188675"
"chr1","77748116","77748353","chr6","161266039","161266264","45","83517923"
"chr1","77767555","77767605","chr3","133745164","133745214","6","55977609"
"chr1","77767902","77768084","chr20","55453835","55454015","36","22314067"
"chr1","77794574","77794702","chr14","12485207","12485337","13","65309367"
"chr1","77795887","77796198","chr1","189738974","189739283","52","111943087"
"chr1","77801010","77801240","chr1","115470204","115470424","40","37669194"
"chr1","77841952","77842256","chr4","110248134","110248433","49","32406182"
"chr1","77844917","77845219","chr7","111597253","111597555","38","33752336"
"chr1","77868513","77868640","chr4","81900404","81900528","24","4031891"
"chr1","77873158","77873429","chr6","65666310","65666576","57","12206848"
"chr1","77971020","77971307","chr20","35783328","35783620","43","42187692"
"chr1","78012666","78012787","chr7","44662596","44662717","13","33350070"
"chr1","78017171","78017222","chr3","50183030","50183080","4","27834141"
"chr1","78022727","78023024","chr3","190276346","190276640","40","112253619"
"chr1","78046452","78046685","chr6","132580956","132581191","47","54534504"
"chr1","78052008","78052282","chr3","179781249","179781524","45","101729241"
"chr1","78054592","78054676","chr11","32405013","32405103","20","45649579"
"chr1","78060145","78060314","chr12","98776420","98776589","28","20716275"
"chr1","78063869","78064002","chr11","120280731","120280862","14","42216862"
"chr1","78075271","78075367","chr7","152223818","152223917","23","74148547"
"chr1","78075663","78075689","chr8","28499814","28499837","8","49575849"
"chr1","78081135","78081428","chr1","134187131","134187427","48","56105996"
"chr1","78120318","78120619","chr16","56140394","56140693","39","21979924"
"chr1","78133040","78133336","chrX","21990194","21990494","41","56142846"
"chr1","78146850","78147154","chr8","9756252","9756551","37","68390598"
"chr1","78157179","78157436","chr3","24267418","24267684","53","53889761"
"chr1","78184289","78184417","chr14","12485207","12485337","18","65699082"
"chr1","78206377","78206660","chr19","16723985","16724260","48","61482392"
"chr1","78382739","78383043","chr3","162307473","162307776","47","83924734"
"chr1","78442388","78442689","chr4","15485776","15486073","39","62956612"
"chr1","78447355","78447649","chr6","110192592","110192884","39","31745237"
"chr1","78506963","78507241","chr9","77340441","77340712","41","1166522"
"chr1","78534818","78535129","chr6","75653283","75653581","75","2881535"
"chr1","78547221","78547353","chr9","26724323","26724455","14","51822898"
"chr1","78567947","78568238","chr10","30102308","30102588","52","48465639"
"chr1","78573783","78573980","chr4","65782657","65782848","33","12791126"
"chr1","78596958","78597264","chr13","26887519","26887823","38","51709439"
"chr1","78612190","78612440","chr6","16571309","16571550","43","62040881"
"chr1","78623539","78623830","chr16","31240066","31240362","37","47383473"
"chr1","78731814","78732069","chr6","25590350","25590612","57","53141464"
"chr1","78801112","78801232","chr2B","130269878","130270003","13","51468766"
"chr1","78898237","78898456","chr15","52508524","52508743","30","26389713"
"chr1","78918133","78918436","chr5","38270577","38270879","39","40647556"
"chr1","78957713","78958021","chr1","37764942","37765251","42","41192771"
"chr1","78960109","78960270","chr4","113606296","113606464","30","34646187"
"chr1","78972581","78972891","chr10","116411890","116412196","77","37439309"
"chr1","78973341","78973387","chr3","141612743","141612787","12","62639402"
"chr1","78988938","78989066","chr6","78227073","78227205","14","761865"
"chr1","79012005","79012284","chr10","28049774","28050061","51","50962231"
"chr1","79089388","79089686","chr8","101544594","101544890","48","22455206"
"chr1","79108518","79108802","chr10","88972215","88972499","48","9863697"
"chr1","79120287","79120583","chr4","114203857","114204146","45","35083570"
"chr1","79141121","79141421","chr7","157137240","157137534","42","77996119"
"chr1","79195154","79195442","chr5","109972171","109972461","37","30777017"
"chr1","79254400","79254692","chr11","70634880","70635174","36","8619520"
"chr1","79287331","79287620","chr5","21244172","21244464","42","58043159"
"chr1","79407534","79407824","chr4","124825886","124826177","49","45418352"
"chr1","79411184","79411494","chr8","141066904","141067212","44","61655720"
"chr1","79446041","79446333","chr1","31136599","31136900","40","48309442"
"chr1","79469285","79469595","chr1","32937846","32938144","65","46531439"
"chr1","79476689","79476976","chr13","7000582","7000885","48","72476107"
"chr1","79493318","79493612","chr7","134473925","134474220","35","54980607"
"chr1","79494263","79494565","chr5","4733108","4733403","46","74761155"
"chr1","79504231","79504464","chr9","78330044","78330282","29","1174187"
"chr1","79511909","79512075","chr5","2767848","2768016","23","76744061"
"chr1","79542473","79542758","chr12","52944997","52945294","48","26597476"
"chr1","79546136","79546433","chr3","50934507","50934804","43","28611629"
"chr1","79573674","79573782","chr12","32019732","32019841","11","47553942"
"chr1","79578195","79578490","chr17","7994657","7994966","55","71583538"
"chr1","79602548","79602671","chr5","59411557","59411678","26","20190991"
"chr1","79603266","79603402","chr3","144501090","144501230","19","64897824"
"chr1","79605561","79605832","chr5","133240212","133240487","52","53634651"
"chr1","79630411","79630714","chr11","64164538","64164832","46","15465873"
"chr1","79634895","79635175","chr3","42788373","42788672","54","36846522"
"chr1","79652597","79652817","chr16","9468099","9468321","32","70184498"
"chr1","79658026","79658311","chr1","11125173","11125461","43","68532853"
"chr1","79667125","79667401","chr18","55600264","55600545","43","24066861"
"chr1","79676684","79676977","chr5","24372432","24372725","30","55304252"
"chr1","79680956","79681265","chr21","24366025","24366333","47","55314931"
"chr1","79684044","79684297","chr9","78403882","78404150","42","1280162"
"chr1","79689187","79689318","chr16","28471315","28471437","41","51217872"
"chr1","79689610","79689722","chr17","8267722","8267836","17","71421888"
"chr1","79717729","79717864","chr8","118134000","118134134","14","38416271"
"chr1","79718199","79718362","chr16","31552584","31552750","26","48165615"
"chr1","79721199","79721487","chr19","13312629","13312913","47","66408570"
"chr1","79721508","79721520","chr14","10270734","10270745","2","69450774"
"chr1","79722015","79722293","chr3","48166508","48166786","34","31555507"
"chr1","79747438","79747719","chr14","77105710","77105989","40","2641728"
"chr1","79767255","79767382","chr1","28492878","28493009","18","51274377"
"chr1","79767385","79767682","chr1","41534398","41534698","45","38232987"
"chr1","79769677","79769867","chr8","1762791","1762981","29","78006886"
"chr1","79778825","79779100","chr19","42825827","42826106","37","36952998"
"chr1","79780703","79780995","chr1","156921438","156921735","39","77140735"
"chr1","79789344","79789628","chr8","77243610","77243895","34","2545734"
"chr1","79790487","79790778","chr15","18841875","18842169","48","60948612"
"chr1","79807255","79807387","chr6","10545702","10545832","24","69261553"
"chr1","79807707","79807865","chr5","59034687","59034849","36","20773020"
"chr1","79810069","79810372","chr3","50347684","50347993","45","29462385"
"chr1","79816131","79816425","chr20","34584892","34585194","41","45231239"
"chr1","79822683","79822704","chr1","19439810","19439831","4","60382873"
"chr1","79857543","79857824","chr2B","79663692","79663975","53","193851"
"chr1","79863347","79863642","chr7","21217030","21217325","35","58646317"
"chr1","79869375","79869676","chr1","133083517","133083818","50","53214142"
"chr1","79876375","79876502","chrX","44462497","44462623","26","35413878"
"chr1","79882485","79882746","chr15","51716891","51717141","57","28165594"
"chr1","79890563","79890850","chr2B","89633481","89633771","49","9742918"
"chr1","79903492","79903790","chr16","56140394","56140693","38","23763098"
"chr1","79904628","79904865","chr10","128743122","128743353","34","48838494"
"chr1","79922002","79922189","chr6","37274755","37274940","32","42647247"
"chr1","79936097","79936437","chrX","108551481","108551783","82","28615384"
"chr1","79940184","79940452","chr13","26936691","26936961","43","53003493"
"chr1","79957293","79957604","chr7","138671585","138671894","42","58714292"
"chr1","79970926","79971221","chr6","87890572","87890863","39","7919646"
"chr1","79972386","79972653","chr4","44222750","44223010","47","35749636"
"chr1","79990647","79990724","chr5","116530140","116530219","9","36539493"
"chr1","80008174","80008475","chr5","24762715","24763015","49","55245459"
"chr1","81037685","81037695","chr5","5751537","5751547","1","75286148"
"chr1","81037845","81037943","chr19","39481437","39481529","26","41556408"
"chr1","81048073","81048365","chr5","25420237","25420531","45","55627836"
"chr1","81052516","81052827","chr5","26602593","26602896","36","54449923"
"chr1","81065051","81065288","chr9","105647577","105647828","53","24582526"
"chr1","81093735","81093857","chr22","28571376","28571500","24","52522359"
"chr1","81266390","81266670","chr9","11137252","11137532","44","70129138"
"chr1","81274735","81274895","chr1","28315554","28315710","23","52959181"
"chr1","81276997","81277142","chr6","150552217","150552360","22","69275220"
"chr1","81288696","81288829","chr19","17182075","17182208","23","64106621"
"chr1","81289125","81289261","chrX","120657077","120657213","19","39367952"
"chr1","81323302","81323591","chr8","48387419","48387700","47","32935883"
"chr1","81329763","81329934","chr1","7775517","7775682","26","73554246"
"chr1","81391981","81392155","chr7","76700898","76701074","25","4691083"
"chr1","81421020","81421168","chr17","77467298","77467448","23","3953722"
"chr1","81427915","81428183","chr3","182768183","182768454","50","101340268"
"chr1","81428226","81428243","chr17","43690754","43690769","2","37737472"
"chr1","81487891","81488066","chr3","30060286","30060465","51","51427605"
"chr1","81519763","81519931","chrX","9704876","9705045","23","71814887"
"chr1","81528624","81528926","chr2B","111648654","111648951","44","30120030"
"chr1","81562803","81563112","chr5","46530569","46530871","53","35032234"
"chr1","81584567","81584698","chr1","25588253","25588379","23","55996314"
"chr1","81584977","81585091","chr1","183828748","183828866","31","102243771"
"chr1","81588698","81588817","chr10","23718096","23718213","15","57870602"
"chr1","81588842","81588991","chr12","21475907","21476061","25","60112935"
"chr1","81633085","81633162","chr7","65088911","65088992","14","16544174"
"chr1","81659015","81659297","chr19","45649741","45650024","40","36009274"
"chr1","81696030","81696145","chr4","30704188","30704301","18","50991842"
"chr1","81696168","81696309","chr16","66725193","66725331","18","14970975"
"chr1","81736662","81736798","chr1","52540671","52540806","22","29195991"
"chr1","81737114","81737261","chr3","9778050","9778199","24","71959064"
"chr1","81749641","81749936","chr1","36338426","36338717","49","45411215"
"chr1","81764454","81764633","chr15","1794104","1794281","30","79970350"
"chr1","81768734","81769022","chr14","33063888","33064185","45","48704846"
"chr1","81815752","81816009","chr9","9250926","9251182","37","72564826"
"chr1","81895295","81895587","chrX","154613046","154613335","46","72717751"
"chr1","81954397","81954692","chr1","36338426","36338717","49","45615971"
"chr1","81968048","81968325","chr4","83460397","83460678","39","1492349"
"chr1","81975085","81975372","chr2B","14924612","14924906","41","67050473"
"chr1","81977698","81977761","chr14","18108370","18108435","7","63869328"
"chr1","81979369","81979522","chrX","52096827","52096988","25","29882542"
"chr1","81993761","81994050","chr12","36228533","36228832","46","45765228"
"chr1","82004585","82004806","chr1","95049808","95050024","53","13045223"
"chr1","82028173","82028462","chr9","94004995","94005282","50","11976822"
"chr1","82047742","82048054","chr1","135475584","135475893","38","53427842"
"chr1","82054931","82055238","chr1","146560821","146561129","54","64505890"
"chr1","82080138","82080272","chr21","1010773","1010900","29","81069365"
"chr1","82113016","82113297","chr2B","69527212","69527493","40","12585804"
"chr1","82115332","82115445","chr13","21128359","21128471","19","60986973"
"chr1","82133223","82133491","chr9","16314314","16314595","57","65818909"
"chr1","82161668","82161959","chr16","31379119","31379421","45","50782549"
"chr1","82226438","82226718","chr12","57958159","57958446","46","24268279"
"chr1","82229607","82229896","chr5","133146837","133147127","46","50917230"
"chr1","82261176","82261297","chr7","50818840","50818960","23","31442336"
"chr1","82285942","82286221","chr1","216411309","216411600","64","134125367"
"chr1","82309497","82309800","chr8","101544594","101544890","48","19235097"
"chr1","82311605","82311898","chr13","9716804","9717101","51","72594801"
"chr1","82314873","82315026","chr2A","80582429","80582578","35","1732444"
"chr1","82315353","82315500","chr3","163155165","163155314","30","80839812"
"chr1","82317109","82317405","chr9","94478463","94478762","43","12161354"
"chr1","82365807","82366101","chr6","45713778","45714072","39","36652029"
"chr1","82372707","82373000","chr5","161201989","161202284","42","78829282"
"chr1","82402272","82402561","chr22","13574833","13575112","45","68827439"
"chr1","82415006","82415266","chr5","134957252","134957518","50","52542246"
"chr1","82419604","82419901","chr7","100687378","100687672","38","18267774"
"chr1","82429446","82429718","chr6","2840754","2841032","41","79588692"
"chr1","82432787","82432864","chr1","36076738","36076818","19","46356049"
"chr1","82447770","82447944","chr1","15775291","15775465","34","66672479"
"chr1","82450911","82451209","chr4","16556788","16557084","43","65894123"
"chr1","82479105","82479391","chr16","14408626","14408913","41","68070479"
"chr1","82489382","82489680","chr10","85032894","85033191","51","2543512"
"chr1","82496967","82497271","chr6","123601115","123601415","41","41104148"
"chr1","82497997","82498131","chr1","25421341","25421476","19","57076656"
"chr1","82498413","82498611","chr10","116006844","116007041","35","33508431"
"chr1","82500494","82500607","chr5","125790848","125790962","13","43290354"
"chr1","82504731","82505025","chr5","121746526","121746821","47","39241795"
"chr1","82513948","82514244","chr21","31933268","31933561","37","50580680"
"chr1","82523479","82523774","chr6","155992024","155992318","41","73468545"
"chr1","82525789","82526087","chr12","108633862","108634156","36","26108073"
"chr1","82546276","82546561","chr13","1751467","1751752","47","80794809"
"chr1","82550942","82551243","chr19","572058","572360","54","81978884"
"chr1","82573058","82573335","chr19","14769523","14769796","44","67803535"
"chr1","82643299","82643396","chr15","30161158","30161254","21","52482141"
"chr1","82668099","82668397","chr13","31069715","31070013","41","51598384"
"chr1","82672572","82672868","chr17","84832837","84833133","41","2160265"
"chr1","82742141","82742451","chr7","81857586","81857893","44","884555"
"chr1","82782958","82783233","chr7","114686448","114686722","34","31903490"
"chr1","82784605","82784901","chr14","7217699","7217998","45","75566906"
"chr1","82818957","82819258","chr12","75805158","75805457","37","7013799"
"chr1","82853309","82853577","chr9","67469673","67469951","41","15383636"
"chr1","82978313","82978622","chr7","66573021","66573333","44","16405292"
"chr1","82991938","82992247","chr22","16123945","16124256","42","66867993"
"chr1","82994739","82994947","chr9","90109428","90109638","31","7114689"
"chr1","82997362","82997470","chr10","15486811","15486920","15","67510551"
"chr1","83144015","83144304","chr9","43909814","43910103","58","39234201"
"chr1","83167955","83168090","chr16","28890774","28890909","14","54277181"
"chr1","83181924","83182037","chr21","27965813","27965925","14","55216111"
"chr1","83271188","83271452","chr5","32739792","32740066","46","50531396"
"chr1","83323730","83324026","chrX","119244254","119244549","39","35920524"
"chr1","83414708","83414854","chr21","22209495","22209646","27","61205213"
"chr1","83569029","83569300","chr17","84875341","84875618","43","1306312"
"chr1","83578103","83578393","chr5","76968698","76968977","52","6609405"
"chr1","83618286","83618567","chrX","47367409","47367692","41","36250877"
"chr1","83647814","83647944","chr6","78227073","78227205","14","5420741"
"chr1","83685142","83685453","chr1","39886119","39886427","49","43799023"
"chr1","83729764","83730063","chr17","80828640","80828949","47","2901124"
"chr1","83786466","83786741","chr9","66585702","66585992","51","17200764"
"chr1","83811423","83811718","chr12","53406365","53406657","47","30405058"
"chr1","83814408","83814718","chr12","36092246","36092559","37","47722162"
"chr1","83850964","83851246","chr9","66506232","66506516","37","17344732"
"chr1","83860291","83860584","chr3","10044709","10045004","50","73815582"
"chr1","83865636","83865923","chr9","82213385","82213669","46","1652251"
"chr1","83873674","83873987","chr12","116243007","116243323","55","32369333"
"chr1","83874056","83874141","chr1","51233542","51233629","11","32640514"
"chr1","83879262","83879520","chr9","66470232","66470489","28","17409030"
"chr1","83887424","83887661","chr10","24708048","24708283","36","59179376"
"chr1","83888599","83888893","chr1","23689077","23689373","46","60199522"
"chr1","83891390","83891696","chr10","92108008","92108311","45","8216618"
"chr1","83892008","83892303","chr9","66456720","66457011","47","17435288"
"chr1","83892307","83892372","chr1","45317870","45317936","6","38574437"
"chr1","83895619","83895908","chr10","37278608","37278895","54","46617011"
"chr1","83898346","83898645","chr7","586271","586571","43","83312075"
"chr1","83906365","83906642","chr2B","36431437","36431719","41","47474928"
"chr1","83906663","83906683","chr2A","21778552","21778572","2","62128111"
"chr1","83913396","83913688","chr3","187525002","187525293","37","103611606"
"chr1","83920011","83920289","chr10","85441432","85441712","38","1521421"
"chr1","83924883","83925169","chr20","33125953","33126241","46","50798930"
"chr1","83934561","83934836","chr7","23548047","23548327","48","60386514"
"chr1","83954898","83955145","chrX","18714938","18715191","40","65239960"
"chr1","83970245","83970505","chr12","58310981","58311250","44","25659264"
"chr1","83976410","83976707","chr19","47470954","47471255","34","36505456"
"chr1","83986504","83986833","chr12","42423287","42423597","63","41563217"
"chr1","83989400","83989689","chr1","39492444","39492735","48","44496956"
"chr1","84006467","84006758","chr5","23029510","23029801","59","60976957"
"chr1","84040791","84041084","chr6","32835510","32835809","33","51205281"
"chr1","84046500","84046798","chr2A","62138001","62138292","38","21908499"
"chr1","84047055","84047267","chr12","14038754","14038965","22","70008301"
"chr1","84056456","84056590","chr1","152626275","152626408","22","68569819"
"chr1","84056646","84056779","chr14","87299700","87299841","23","3243054"
"chr1","84060952","84061262","chr5","34215137","34215446","38","49845815"
"chr1","84065842","84066132","chr1","33632173","33632471","47","50433669"
"chr1","84092652","84092958","chr1","132896618","132896919","39","48803966"
"chr1","84117355","84117665","chr7","130622734","130623042","43","46505379"
"chr1","84128027","84128337","chr19","49839306","49839606","39","34288721"
"chr1","84136974","84137090","chr7","50743927","50744040","23","33393047"
"chr1","84165296","84165421","chr1","47033279","47033407","20","37132017"
"chr1","84178976","84179266","chr17","40173025","40173320","46","44005951"
"chr1","84185603","84185887","chr10","141846679","141846962","43","57661076"
"chr1","84187660","84187825","chr8","27707682","27707845","23","56479978"
"chr1","84242507","84242795","chr1","134187131","134187427","41","49944624"
"chr1","84248370","84248672","chr3","157439529","157439831","37","73191159"
"chr1","84251764","84252051","chr7","79374675","79374962","44","4877089"
"chr1","84257478","84257610","chr10","17282114","17282248","15","66975364"
"chr1","84258680","84258843","chr5","6287016","6287179","26","77971664"
"chr1","84259140","84259210","chr9","113623971","113624039","20","29364831"
"chr1","84285356","84285608","chr1","21946056","21946300","36","62339300"
"chr1","84305889","84306119","chr8","142308829","142309053","48","58002940"
"chr1","84306120","84306423","chr16","23628019","23628320","52","60678101"
"chr1","84306424","84306517","chr16","9542699","9542792","14","74763725"
"chr1","84315212","84315512","chr19","18189585","18189884","39","66125627"
"chr1","84315693","84315805","chr4","23348356","23348473","20","60967337"
"chr1","84318400","84318523","chr5","40512538","40512660","12","43805862"
"chr1","84342964","84343171","chr14","79009529","79009740","29","5333435"
"chr1","84345640","84345934","chr1","9683728","9684022","36","74661912"
"chr1","84367033","84367185","chr14","61025207","61025361","21","23341826"
"chr1","84371191","84371486","chr9","65935200","65935494","41","18435991"
"chr1","84376387","84376616","chr10","123861412","123861646","46","39485025"
"chr1","84384466","84384630","chr8","67783104","67783272","24","16601362"
"chr1","84384928","84385062","chr1","209383866","209384001","12","124998938"
"chr1","84400622","84400758","chr1","115975835","115975970","22","31575213"
"chr1","84409907","84410130","chr2A","36711440","36711659","39","47698467"
"chr1","84419344","84419648","chr9","45430907","45431211","43","38988437"
"chr1","84499233","84499554","chr3","37995726","37996032","67","46503507"
"chr1","84502081","84502348","chr1","190970880","190971148","56","106468799"
"chr1","84506118","84506195","chr1","134108359","134108434","11","49602241"
"chr1","84508080","84508362","chr3","130632562","130632842","41","46124482"
"chr1","84559682","84559962","chr17","63805578","63805863","45","20754104"
"chr1","84565354","84565642","chr1","76677706","76677999","43","7887648"
"chr1","84606723","84607036","chr12","58120124","58120429","43","26486599"
"chr1","84607581","84607707","chr3","46948804","46948928","19","37658777"
"chr1","84607757","84607925","chrX","45068833","45069000","22","39538924"
"chr1","84635002","84635295","chrX","111935425","111935725","52","27300423"
"chr1","84641226","84641505","chr5","150237063","150237344","59","65595837"
"chr1","84641640","84641931","chr6","45713778","45714072","42","38927862"
"chr1","84671051","84671357","chr3","188561795","188562095","49","103890744"
"chr1","84711572","84711873","chrX","41801521","41801824","48","42910051"
"chr1","84772989","84773121","chr5","118006764","118006899","13","33233775"
"chr1","84831547","84831853","chr6","46897","47187","52","84784650"
"chr1","84864374","84864670","chr11","64143151","64143450","40","20721223"
"chr1","84875595","84875888","chr5","4733108","4733403","50","80142487"
"chr1","84913085","84913379","chr1","176848015","176848306","34","91934930"
"chr1","84917257","84917564","chr7","139963807","139964112","51","55046550"
"chr1","84918890","84919190","chr19","14638514","14638815","39","70280376"
"chr1","84929325","84929632","chr22","7906399","7906706","36","77022926"
"chr1","84961082","84961348","chr1","184958582","184958856","39","99997500"
"chr1","84973340","84973626","chr8","63696048","63696335","42","21277292"
"chr1","85210787","85211084","chr6","128436091","128436390","36","43225304"
"chr1","85229425","85229539","chr11","123350008","123350126","14","38120583"
"chr1","85229568","85229748","chr5","86463157","86463340","30","1233589"
"chr1","85296659","85296936","chr11","13040531","13040802","67","72256128"
"chr1","85318534","85318831","chr12","125610509","125610805","46","40291975"
"chr1","85356000","85356277","chr3","45927141","45927431","51","39428859"
"chr1","85405083","85405354","chr1","194129673","194129951","45","108724590"
"chr1","85430301","85430599","chr1","139266119","139266414","46","53835818"
"chr1","85436153","85436440","chr9","64919017","64919307","36","20517136"
"chr1","85606778","85607085","chr16","28024912","28025223","43","57581866"
"chr1","85740799","85740966","chr2B","125949974","125950142","21","40209175"
"chr1","85741248","85741380","chr15","45562534","45562668","20","40178714"
"chr1","85849622","85849754","chr15","33044017","33044152","20","52805605"
"chr1","85854981","85855272","chr5","61130218","61130514","47","24724763"
"chr1","85870986","85871291","chr10","97044454","97044757","43","11173468"
"chr1","85876664","85876819","chr1","185132840","185133000","36","99256176"
"chr1","85934683","85934978","chr1","68400871","68401164","48","17533812"
"chr1","85938972","85939267","chr20","4552264","4552560","44","81386708"
"chr1","85949448","85949721","chr11","113150862","113151135","39","27201414"
"chr1","85966635","85966878","chr13","73433757","73434007","41","12532878"
"chr1","86054209","86054503","chr1","134562689","134562994","59","48508480"
"chr1","86054784","86055083","chr11","64402072","64402368","41","21652712"
"chr1","86190739","86191018","chr2B","93923397","93923674","65","7732658"
"chr1","86200797","86200957","chr15","29424687","29424843","24","56776110"
"chr1","86297577","86297874","chrX","77413380","77413675","35","8884197"
"chr1","86354951","86355256","chr3","162307473","162307776","44","75952522"
"chr1","86385905","86386090","chr4","163535783","163535966","34","77149878"
"chr1","86389919","86390062","chr9","64078251","64078392","20","22311668"
"chr1","86425718","86426025","chr9","64028325","64028627","44","22397393"
"chr1","86444679","86444961","chr8","74978088","74978380","55","11466591"
"chr1","86458968","86459093","chrX","129897652","129897777","18","43438684"
"chr1","86459132","86459302","chr9","78749624","78749792","29","7709508"
"chr1","86513274","86513573","chr8","95025156","95025452","47","8511882"
"chr1","86519169","86519454","chr1","216411309","216411600","43","129892140"
"chr1","86537079","86537375","chr4","7859449","7859743","39","78677630"
"chr1","86555918","86556055","chr4","177157806","177157947","21","90601888"
"chr1","86565803","86566103","chr6","153170383","153170681","33","66604580"
"chr1","86567933","86568080","chr8","7601931","7602066","33","78966002"
"chr1","86576923","86577164","chr15","30882532","30882774","54","55694391"
"chr1","86577838","86578101","chr16","1338163","1338441","52","85239675"
"chr1","86595041","86595325","chr2A","71029698","71029982","53","15565343"
"chr1","86599806","86600101","chrX","134825840","134826136","35","48226034"
"chr1","86617070","86617371","chr3","112489940","112490252","45","25872870"
"chr1","86617550","86617841","chr5","68474882","68475182","56","18142668"
"chr1","86634943","86635076","chr11","118050473","118050608","18","31415530"
"chr1","86636584","86636736","chr1","225099077","225099226","32","138462493"
"chr1","86637853","86637962","chr17","6382657","6382765","15","80255196"
"chr1","86637964","86638097","chr3","33294250","33294384","18","53343714"
"chr1","86638383","86638535","chr17","59866845","59866990","43","26771538"
"chr1","86651039","86651174","chr19","49125928","49126062","17","37525111"
"chr1","86651451","86651621","chr4","32685934","32686100","30","53965517"
"chr1","86656306","86656608","chr7","1669242","1669542","43","84987064"
"chr1","86658414","86658579","chr3","185045047","185045212","29","98386633"
"chr1","86673139","86673451","chr1","146667786","146668094","42","59994647"
"chr1","86675903","86676198","chr2B","100893350","100893645","39","14217447"
"chr1","86730767","86731067","chr9","53769532","53769832","39","32961235"
"chr1","86744684","86744948","chr6","135427576","135427840","41","48682892"
"chr1","86748831","86748958","chr3","115180873","115181000","18","28432042"
"chr1","86749229","86749333","chr22","12343116","12343219","15","74406113"
"chr1","86751750","86752021","chr5","118429875","118430160","59","31678125"
"chr1","86752111","86752254","chr5","38957611","38957744","19","47794500"
"chr1","86752567","86752710","chrX","49267329","49267472","30","37485238"
"chr1","86782452","86782764","chr6","46462166","46462476","49","40320286"
"chr1","86795185","86795480","chr19","14661967","14662262","43","72133218"
"chr1","86797833","86798122","chr10","31987153","31987448","52","54810680"
"chr1","86827651","86827770","chr2B","116542300","116542423","23","29714649"
"chr1","86832888","86833195","chr7","139963807","139964112","47","53130919"
"chr1","86860312","86860443","chr9","63590527","63590659","19","23269785"
"chr1","86893075","86893367","chr3","173441126","173441418","44","86548051"
"chr1","86908465","86908779","chr8","102268741","102269039","52","15360276"
"chr1","86924345","86924621","chrX","36924556","36924829","45","49999789"
"chr1","86938241","86938532","chr9","59683723","59684008","50","27254518"
"chr1","87012846","87013134","chr5","79766693","79766989","44","7246153"
"chr1","87073653","87073957","chr16","55123470","55123779","60","31950183"
"chr1","87097176","87097472","chr1","36762989","36763284","32","50334187"
"chr1","87127405","87127702","chr19","41740093","41740392","33","45387312"
"chr1","87237132","87237418","chr16","47780844","47781132","35","39456288"
"chr1","87238074","87238257","chr5","46016934","46017102","37","41221140"
"chr1","87238563","87238684","chr14","48532117","48532241","14","38706446"
"chr1","87285699","87285970","chr5","39829952","39830232","54","47455747"
"chr1","87286001","87286092","chrX","71355107","71355196","14","15930894"
"chr1","87318594","87318866","chr5","122155035","122155295","50","34836441"
"chr1","87346419","87346561","chr19","18547264","18547407","19","68799155"
"chr1","87463839","87464122","chr2B","36345748","36346030","46","51118091"
"chr1","87559203","87559498","chr12","11955253","11955548","44","75603950"
"chr1","87865157","87865287","chrX","376907","377041","22","87488250"
"chr1","87974260","87974537","chr12","119999093","119999354","44","32024833"
"chr1","88053026","88053160","chr6","33902335","33902470","15","54150691"
"chr1","88053470","88053640","chr6","34814563","34814740","29","53238907"
"chr1","88088558","88088683","chr2B","89205640","89205764","14","1117082"
"chr1","88088709","88088873","chr7","129425977","129426139","34","41337268"
"chr1","88089358","88089483","chr1","213473838","213473970","18","125384480"
"chr1","88089512","88089675","chr12","35791161","35791325","25","52298351"
"chr1","88136342","88136633","chr17","33523208","33523500","55","54613134"
"chr1","88199358","88199642","chr5","47101929","47102212","48","41097429"
"chr1","88299174","88299476","chr10","35290479","35290778","41","53008695"
"chr1","88355476","88355776","chr18","55613894","55614190","41","32741582"
"chr1","88428854","88429161","chr1","28566213","28566525","46","59862641"
"chr1","88553970","88554265","chr9","61837556","61837851","38","26716414"
"chr1","88608423","88608723","chr2B","62527265","62527563","50","26081158"
"chr1","88691545","88691717","chr2B","50431625","50431794","30","38259920"
"chr1","88691739","88691865","chr11","109969087","109969216","14","21277348"
"chr1","88709210","88709448","chr16","30037585","30037819","44","58671625"
"chr1","88728437","88728709","chr22","14272931","14273204","45","74455506"
"chr1","88730335","88730625","chr20","43229797","43230089","39","45500538"
"chr1","88732047","88732337","chr6","106979895","106980187","40","18247848"
"chr1","88733985","88734197","chr1","141396042","141396246","31","52662057"
"chr1","88954570","88954863","chrX","9217166","9217464","39","79737404"
"chr1","88996680","88996969","chr1","52217333","52217626","41","36779347"
"chr1","89095315","89095618","chr18","23041143","23041446","42","66054172"
"chr1","89111664","89111954","chr8","107503341","107503639","45","18391677"
"chr1","89133650","89133944","chr9","71736676","71736971","41","17396974"
"chr1","89215991","89216264","chrX","40350053","40350328","51","48865938"
"chr1","89275347","89275663","chr19","38489478","38489794","62","50785869"
"chr1","89320988","89321288","chr1","146667786","146668094","41","57346798"
"chr1","89329879","89330034","chr9","93517367","93517511","37","4187488"
"chr1","89332254","89332405","chr9","12965085","12965235","38","76367169"
"chr1","89380976","89381276","chr10","106997438","106997740","34","17616462"
"chr1","89416383","89416545","chr3","28090924","28091086","22","61325459"
"chr1","89420260","89420595","chr6","127324181","127324515","53","37903921"
"chr1","89442410","89442563","chr1","46936422","46936571","31","42505988"
"chr1","89562777","89563083","chr10","6291671","6291979","52","83271106"
"chr1","89605403","89605680","chr16","63709488","63709774","52","25895915"
"chr1","89606044","89606262","chr9","58683859","58684073","30","30922185"
"chr1","89612232","89612523","chr9","60714781","60715073","36","28897451"
"chr1","89663188","89663497","chr8","9756252","9756551","42","79906936"
"chr1","89744821","89745105","chr20","48240693","48240983","47","41504128"
"chr1","89941921","89942209","chr6","45713778","45714072","44","44228143"
"chr1","89950857","89951000","chr9","60340282","60340428","21","29610575"
"chr1","89972544","89972842","chr10","101906505","101906806","42","11933961"
"chr1","89976458","89976766","chr5","34215137","34215446","42","55761321"
"chr1","90024562","90024862","chr8","78681816","78682114","38","11342746"
"chr1","90030540","90030798","chr11","107975045","107975301","39","17944505"
"chr1","90037972","90038280","chr1","135088116","135088420","47","45050144"
"chr1","90049578","90049860","chr6","39813382","39813664","33","50236196"
"chr1","90076852","90077162","chr1","14910132","14910438","45","75166720"
"chr1","90078025","90078328","chr3","145075043","145075350","44","54997018"
"chr1","90085618","90085921","chr6","31304502","31304804","39","58781116"
"chr1","90129568","90129794","chr21","12616768","12616997","29","77512800"
"chr1","90143118","90143234","chr2B","236147","236264","20","89906971"
"chr1","90143271","90143521","chr12","94589833","94590087","89","4446562"
"chr1","90212405","90212696","chr12","125961191","125961484","43","35748786"
"chr1","90241207","90241495","chr11","62096825","62097128","51","28144382"
"chr1","90259516","90259819","chrX","70002853","70003155","46","20256663"
"chr1","90265387","90265552","chr5","58829329","58829494","31","31436058"
"chr1","90300975","90301135","chr19","5315837","5316000","26","84985138"
"chr1","90302179","90302475","chr4","162633247","162633546","37","72331068"
"chr1","90329811","90329887","chr2A","46201996","46202071","15","44127815"
"chr1","90330668","90330770","chr19","682108","682225","22","89648560"
"chr1","90331074","90331277","chr1","24781579","24781777","35","65549495"
"chr1","90340795","90341095","chr19","444265","444566","33","89896530"
"chr1","90345056","90345350","chr9","12016274","12016564","46","78328782"
"chr1","90376794","90377085","chr1","44545584","44545876","42","45831210"
"chr1","90379807","90380100","chr3","110848293","110848582","48","20468486"
"chr1","90380272","90380537","chr16","53561292","53561563","52","36818980"
"chr1","90384816","90385108","chr3","45848959","45849250","38","44535857"
"chr1","90396830","90396963","chr19","10370482","10370616","12","80026348"
"chr1","90413024","90413323","chr3","182573950","182574250","31","92160926"
"chr1","90425167","90425322","chr4","40016415","40016565","20","50408752"
"chr1","90468142","90468366","chr6","22531033","22531259","33","67937109"
"chr1","90491149","90491399","chr20","35321753","35321998","45","55169396"
"chr1","90519568","90519851","chr9","103387026","103387306","47","12867458"
"chr1","90543875","90544121","chr11","65737669","65737923","46","24806206"
"chr1","90600967","90601043","chr22","22561987","22562057","15","68038980"
"chr1","90625329","90625613","chr5","59343755","59344041","45","31281574"
"chr1","90627568","90627847","chr8","136416842","136417129","47","45789274"
"chr1","90628144","90628431","chr1","139828512","139828799","40","49200368"
"chr1","90655888","90656205","chr12","119080192","119080498","45","28424304"
"chr1","90720827","90720959","chr5","161161762","161161894","12","70440935"
"chr1","90791136","90791428","chr15","20194996","20195290","54","70596140"
"chr1","90827601","90827883","chr17","3565869","3566146","51","87261732"
"chr1","90891536","90891831","chr4","137202145","137202441","44","46310609"
"chr1","90918975","90919267","chr5","50963879","50964171","41","39955096"
"chr1","90936366","90936559","chr19","20608415","20608585","49","70327951"
"chr1","90944615","90944861","chr1","13857836","13858100","53","77086779"
"chr1","90947045","90947134","chr5","57998625","57998721","20","32948420"
"chr1","90947637","90947784","chrX","119294972","119295111","29","28347335"
"chr1","90958588","90958878","chr8","122900064","122900351","38","31941476"
"chr1","90960005","90960117","chr1","12088602","12088716","21","78871403"
"chr1","90969965","90970063","chr5","163988617","163988717","15","73018652"
"chr1","90975990","90976158","chr8","121787467","121787636","29","30811477"
"chr1","90976835","90977145","chr2A","32931331","32931634","39","58045504"
"chr1","90990501","90990789","chr12","60688172","60688471","42","30302329"
"chr1","90990926","90991184","chr16","70392673","70392941","47","20598253"
"chr1","90995449","90995754","chr5","22761301","22761608","43","68234148"
"chr1","90996293","90996403","chr12","269808","269918","16","90726485"
"chr1","90996658","90996769","chr11","44591693","44591805","20","46404965"
"chr1","91051198","91051488","chr4","137202145","137202441","37","46150947"
"chr1","91056510","91056798","chr22","9897633","9897918","46","81158877"
"chr1","91083659","91083956","chr7","77548302","77548597","42","13535357"
"chr1","91163478","91163775","chr1","44236895","44237189","40","46926583"
"chr1","91199178","91199324","chr18","1067621","1067766","20","90131557"
"chr1","91208425","91208572","chr7","67081272","67081421","13","24127153"
"chr1","91289088","91289184","chr3","161211314","161211411","12","69922226"
"chr1","91289188","91289365","chr9","59057300","59057477","35","32231888"
"chr1","91295285","91295542","chr3","51290406","51290664","51","40004879"
"chr1","91303904","91304011","chr12","122280479","122280589","20","30976575"
"chr1","91323557","91323662","chr2B","117107818","117107924","14","25784261"
"chr1","91379347","91379671","chr6","90069914","90070241","58","1309433"
"chr1","91416551","91416845","chr14","87014468","87014760","36","4402083"
"chr1","91418418","91418683","chr13","73433757","73434007","46","17984661"
"chr1","91439606","91439688","chr2A","36002837","36002913","14","55436769"
"chr1","91473502","91473552","chr5","7165629","7165684","13","84307873"
"chr1","91493741","91494050","chr5","34215137","34215446","36","57278604"
"chr1","91548280","91548577","chr5","57510999","57511292","48","34037281"
"chr1","91558171","91558353","chrX","71110362","71110543","23","20447809"
"chr1","91577401","91577701","chr3","190276346","190276640","47","98698945"
"chr1","91626595","91626700","chr2B","117107818","117107924","13","25481223"
"chr1","91652769","91653046","chr1","153275204","153275477","41","61622435"
"chr1","91656398","91656706","chr5","101735662","101735969","57","10079264"
"chr1","91669829","91670110","chr12","122246642","122246924","34","30576813"
"chr1","91697374","91697684","chr20","37742490","37742795","50","53954884"
"chr1","91701669","91701969","chr9","58918521","58918828","43","32783148"
"chr1","91711415","91711645","chr16","24895211","24895435","47","66816204"
"chr1","91713809","91713903","chrX","129213767","129213861","14","37499958"
"chr1","91715118","91715411","chr3","190276346","190276640","46","98561228"
"chr1","91726834","91727053","chr5","79527941","79528157","30","12198893"
"chr1","91728006","91728300","chr6","137461508","137461799","40","45733502"
"chr1","91734115","91734412","chr11","66296711","66297014","46","25437404"
"chr1","91751793","91751988","chr11","5209240","5209434","35","86542553"
"chr1","91773154","91773284","chr8","103525643","103525774","17","11752489"
"chr1","91820544","91820843","chr1","116531046","116531347","51","24710502"
"chr1","91828133","91828435","chr9","69301913","69302215","46","22526220"
"chr1","91835674","91835809","chr19","9376328","9376468","21","82459346"
"chr1","91836386","91836682","chrX","54372330","54372623","41","37464056"
"chr1","91858806","91859101","chr13","75260014","75260309","40","16598792"
"chr1","91919213","91919335","chr9","45252398","45252520","16","46666815"
"chr1","91967022","91967313","chr15","45049171","45049461","37","46917851"
"chr1","91985900","91986189","chr6","44225213","44225501","46","47760687"
"chr1","92016063","92016364","chr10","39731419","39731722","39","52284644"
"chr1","92052039","92052340","chr9","58596759","58597066","40","33455280"
"chr1","92095233","92095303","chr7","158416825","158416889","16","66321592"
"chr1","92102661","92102953","chr1","36338426","36338717","41","55764235"
"chr1","92129732","92130018","chr7","137312057","137312333","44","45182325"
"chr1","92132212","92132511","chr9","58516541","58516860","54","33615671"
"chr1","92132928","92133222","chr13","9716804","9717101","30","82416124"
"chr1","92181682","92181962","chr3","129989925","129990210","60","37808243"
"chr1","92184193","92184488","chr12","7777618","7777910","55","84406575"
"chr1","92187371","92187675","chr9","58455047","58455343","39","33732324"
"chr1","92236665","92236965","chr16","24794507","24794799","47","67442158"
"chr1","92254823","92255103","chr21","19633950","19634225","44","72620873"
"chr1","92256042","92256356","chr1","10952657","10952961","48","81303385"
"chr1","92265716","92265949","chr10","101147642","101147871","40","8881926"
"chr1","92298725","92298836","chr1","36391526","36391639","20","55907199"
"chr1","92299507","92299633","chr9","76370065","76370191","18","15929442"
"chr1","92303940","92304057","chr11","113906994","113907109","12","21603054"
"chr1","92308335","92308602","chr2B","51199348","51199632","41","41108987"
"chr1","92310943","92311253","chr7","138671585","138671894","46","46360642"
"chr1","92318772","92319065","chr19","18189585","18189884","44","74129187"
"chr1","92323987","92324288","chrX","79696393","79696706","59","12627594"
"chr1","92336984","92337125","chrX","36478653","36478796","22","55858331"
"chr1","92345927","92346213","chr10","92003264","92003553","36","342663"
"chr1","92348403","92348713","chr9","58296818","58297133","46","34051585"
"chr1","92364240","92364406","chr17","23223703","23223865","23","69140537"
"chr1","92364709","92364893","chr11","69697290","69697449","62","22667419"
"chr1","92371265","92371534","chr9","11137252","11137532","45","81234013"
"chr1","92375908","92376200","chr6","75272714","75273013","46","17103194"
"chr1","92386772","92386877","chr15","42856744","42856851","20","49530028"
"chr1","92387292","92387585","chr1","158108353","158108647","46","65721061"
"chr1","92404850","92404861","chr9","15963914","15963925","1","76440936"
"chr1","92404891","92405170","chr12","94318279","94318561","45","1913388"
"chr1","92439181","92439480","chr9","79446566","79446862","48","12992615"
"chr1","92491157","92491259","chr1","164359318","164359426","18","71868161"
"chr1","92493010","92493317","chrX","46937101","46937399","48","45555909"
"chr1","92494496","92494805","chr9","76710013","76710305","54","15784483"
"chr1","92541715","92542001","chr5","158745419","158745710","54","66203704"
"chr1","92574003","92574144","chr7","41947648","41947789","14","50626355"
"chr1","92614718","92615016","chr9","57932193","57932502","52","34682525"
"chr1","92647242","92647532","chr4","25843376","25843671","51","66803866"
"chr1","92679469","92679765","chr9","43201214","43201513","37","49478255"
"chr1","92747066","92747351","chr1","46616495","46616782","41","46130571"
"chr1","92755128","92755437","chrX","9690700","9691011","38","83064428"
"chr1","92802606","92802845","chr4","162201975","162202207","50","69399369"
"chr1","92802970","92803261","chr1","212745117","212745410","48","119942147"
"chr1","92818906","92819201","chr11","113082653","113082951","46","20263747"
"chr1","92844053","92844339","chr12","21623757","21624045","41","71220296"
"chr1","92846981","92847266","chr7","157137240","157137534","56","64290259"
"chr1","92850917","92851043","chr22","28571376","28571500","21","64279541"
"chr1","92851348","92851518","chr5","59930487","59930657","25","32920861"
"chr1","92857475","92857679","chr15","76027562","76027779","47","16829913"
"chr1","92885480","92885767","chr16","38941917","38942197","44","53943563"
"chr1","92958315","92958482","chr10","3780797","3780964","30","89177518"
"chr1","92958512","92958632","chrX","124256137","124256255","21","31297625"
"chr1","92965115","92965389","chr6","20492996","20493278","51","72472119"
"chr1","92999389","92999640","chr9","57571228","57571487","47","35428161"
"chr1","93000122","93000253","chr2B","89836039","89836169","14","3164083"
"chr1","93128184","93128452","chr8","144920502","144920776","40","51792318"
"chr1","93164527","93164818","chr5","1527709","1527998","39","91636818"
"chr1","93626808","93627106","chr7","158676345","158676646","45","65049537"
"chr1","93637671","93637872","chr6","155714561","155714754","55","62076890"
"chr1","93648607","93648915","chr11","120932649","120932956","29","27284042"
"chr1","93665022","93665327","chr1","134562689","134562994","43","40897667"
"chr1","93707139","93707261","chr2A","32856945","32857075","16","60850194"
"chr1","93731427","93731587","chr22","4347275","4347432","27","89384152"
"chr1","93732386","93732694","chr7","152799145","152799449","48","59066759"
"chr1","93745306","93745591","chr1","145866574","145866859","43","52121268"
"chr1","93749445","93749736","chr8","124511905","124512200","41","30762460"
"chr1","93787116","93787222","chr2B","74751679","74751784","20","19035437"
"chr1","93864608","93864895","chr3","200253263","200253542","54","106388655"
"chr1","93883087","93883380","chr19","35082212","35082514","42","58800875"
"chr1","93892740","93893025","chr6","48058765","48059050","54","45833975"
"chr1","93994209","93994306","chr19","52996932","52997036","25","40997277"
"chr1","94001012","94001157","chrX","49267329","49267472","32","44733683"
"chr1","94001438","94001586","chr1","52971916","52972057","28","41029522"
"chr1","94019377","94019496","chr20","43032336","43032459","16","50987041"
"chr1","94020120","94020300","chr8","86134072","86134255","29","7886048"
"chr1","94023079","94023174","chr9","70059064","70059157","12","23964015"
"chr1","94026154","94026444","chr6","150179260","150179550","37","56153106"
"chr1","94028573","94028706","chr9","76475072","76475203","31","17553501"
"chr1","94035003","94035128","chrX","129688031","129688160","13","35653028"
"chr1","94035995","94036230","chr2A","59797362","59797601","41","34238633"
"chr1","94036234","94036306","chr10","37294462","37294535","17","56741772"
"chr1","94039808","94040018","chr11","64140594","64140805","39","29899214"
"chr1","94040304","94040318","chr22","21142526","21142539","2","72897778"
"chr1","94044171","94044466","chr9","56876201","56876493","43","37167970"
"chr1","94057969","94058278","chr6","112148811","112149116","47","18090842"
"chr1","94059721","94060008","chr9","56863752","56864038","43","37195969"
"chr1","94060823","94061085","chr10","135708352","135708619","42","41647529"
"chr1","94065868","94066142","chr11","32927139","32927413","45","61138729"
"chr1","94066802","94066922","chr13","30688654","30688773","15","63378148"
"chr1","94070040","94070172","chr4","185734049","185734184","16","91664009"
"chr1","94084469","94084759","chr15","68328367","68328659","36","25756102"
"chr1","94113338","94113469","chr14","60537815","60537947","12","33575523"
"chr1","94119952","94120116","chr21","28168316","28168480","24","65951636"
"chr1","94126226","94126388","chrX","58082526","58082682","33","36043700"
"chr1","94135513","94135810","chr9","47785642","47785933","41","46349871"
"chr1","94137690","94137824","chr5","39316459","39316593","16","54821231"
"chr1","94145447","94145746","chr11","117367595","117367888","48","23222148"
"chr1","94152891","94153177","chr15","77995336","77995623","41","16157555"
"chr1","94164790","94164922","chr14","75677992","75678124","13","18486798"
"chr1","94168321","94168506","chr12","37388525","37388697","29","56779796"
"chr1","94171794","94172068","chr8","18827387","18827655","38","75344407"
"chr1","94179682","94179984","chrX","19694089","19694388","46","74485593"
"chr1","94181259","94181335","chr10","106789440","106789500","27","12608181"
"chr1","94181485","94181581","chr14","33487897","33487996","20","60693588"
"chr1","94181609","94181710","chr14","33487897","33487996","14","60693712"
"chr1","94204748","94205057","chr14","60319397","60319702","44","33885351"
"chr1","94205257","94205516","chr5","134843342","134843580","105","40638085"
"chr1","94205939","94206031","chr12","29563961","29564050","17","64641978"
"chr1","94206072","94206248","chr21","28117980","28118149","31","66088092"
"chr1","94206839","94207128","chr14","83230171","83230460","46","10976668"
"chr1","94208646","94208759","chr16","21795060","21795174","20","72413586"
"chr1","94208845","94209003","chr1","202667269","202667423","29","108458424"
"chr1","94217670","94217739","chr7","158416825","158416889","17","64199155"
"chr1","94222431","94222573","chr7","128302391","128302524","24","34079960"
"chr1","94238710","94238791","chr19","14262721","14262801","11","79975989"
"chr1","94245342","94245639","chr5","15333866","15334166","49","78911476"
"chr1","94249174","94249478","chr10","50750228","50750490","73","43498946"
"chr1","94284877","94285175","chr8","101544594","101544890","33","7259717"
"chr1","94313131","94313435","chr20","20235438","20235745","40","74077693"
"chr1","94314031","94314329","chr11","84115887","84116191","47","10198144"
"chr1","94318068","94318354","chr5","23880178","23880471","36","70437890"
"chr1","94323051","94323170","chr2B","83422734","83422853","13","10900317"
"chr1","94323201","94323364","chr5","19584116","19584279","25","74739085"
"chr1","94338079","94338378","chr14","21247803","21248105","33","73090276"
"chr1","94354494","94354786","chr3","131096776","131097076","49","36742282"
"chr1","94423616","94423939","chr11","26777287","26777596","53","67646329"
"chr1","94425620","94425747","chr2B","89836039","89836169","15","4589581"
"chr1","94429277","94429585","chr9","56466908","56467212","41","37962369"
"chr1","94490942","94491189","chr10","39499447","39499692","36","54991495"
"chr1","94515956","94516250","chr2A","1815799","1816100","48","92700157"
"chr1","94541609","94541874","chr6","11122909","11123178","42","83418700"
"chr1","94751332","94751627","chr1","147560676","147560970","49","52809344"
"chr1","95042618","95042755","chr9","45352001","45352134","29","49690617"
"chr1","95098839","95099135","chr9","55696467","55696771","45","39402372"
"chr1","95264515","95264619","chr3","48116943","48117047","20","47147572"
"chr1","95271242","95271514","chr16","57796900","57797172","52","37474342"
"chr1","95314765","95314811","chr17","38735481","38735529","8","56579284"
"chr1","95314961","95315195","chr11","33098975","33099204","42","62215986"
"chr1","95396795","95397084","chr1","217049267","217049555","49","121652472"
"chr1","95405850","95406154","chr16","23024984","23025292","53","72380866"
"chr1","95406832","95407116","chr1","31775922","31776206","41","63630910"
"chr1","95453263","95453551","chr17","41932161","41932454","47","53521102"
"chr1","95491702","95491827","chr12","383187","383311","23","95108515"
"chr1","95491856","95492001","chr5","118210845","118210998","30","22718989"
"chr1","95509130","95509414","chr2A","3282655","3282949","54","92226475"
"chr1","95609501","95609523","chr1","152625906","152625925","5","57016405"
"chr1","95609872","95610039","chr6","18068317","18068475","37","77541555"
"chr1","95662821","95662896","chr16","63024374","63024447","9","32638447"
"chr1","95693831","95694008","chr15","57734802","57734979","29","37959029"
"chr1","95740610","95740919","chr11","62295841","62296152","41","33444769"
"chr1","95757285","95757564","chr11","32825351","32825632","37","62931934"
"chr1","95757714","95757850","chr13","97037609","97037746","30","1279895"
"chr1","95871886","95872182","chr17","13768149","13768443","42","82103737"
"chr1","95876229","95876519","chr12","112432223","112432508","42","16555994"
"chr1","96098129","96098263","chr2B","26510248","26510376","24","69587881"
"chr1","96153990","96154117","chr11","78078378","78078501","24","18075612"
"chr1","96164135","96164297","chr14","60186013","60186174","21","35978122"
"chr1","96226636","96226945","chr1","124337561","124337869","56","28110925"
"chr1","96319183","96319357","chr8","25467868","25468040","26","70851315"
"chr1","96330067","96330300","chr3","45906754","45906985","42","50423313"
"chr1","96356352","96356650","chr12","121022234","121022532","36","24665882"
"chr1","96359900","96360006","chr16","61557601","61557707","16","34802299"
"chr1","96407424","96407723","chr6","33991343","33991641","43","62416081"
"chr1","96414494","96414808","chrX","41653232","41653540","49","54761262"
"chr1","96417007","96417283","chr1","192682408","192682686","49","96265401"
"chr1","96442000","96442319","chr2B","124042742","124043060","39","27600742"
"chr1","96474221","96474506","chr3","48502588","48502877","41","47971633"
"chr1","96480485","96480649","chr2A","13730589","13730748","24","82749896"
"chr1","96508835","96509122","chr12","29406987","29407281","32","67101848"
"chr1","96521078","96521384","chr1","63509094","63509397","52","33011984"
"chr1","96527258","96527558","chr19","7960300","7960603","41","88566958"
"chr1","96534870","96535005","chr5","118006764","118006899","13","21471894"
"chr1","96535006","96535280","chr2B","40851345","40851623","51","55683661"
"chr1","96535332","96535496","chr12","33023715","33023880","25","63511617"
"chr1","96537473","96537630","chr7","4673111","4673281","32","91864362"
"chr1","96537940","96538075","chr14","57689549","57689684","18","38848391"
"chr1","96538752","96539063","chr6","7434867","7435167","47","89103885"
"chr1","96546964","96547200","chr11","5825069","5825299","31","90721895"
"chr1","96547224","96547287","chr17","38735481","38735529","21","57811743"
"chr1","96554719","96555011","chr1","200071200","200071498","37","103516481"
"chr1","96555314","96555611","chrX","74402049","74402348","53","22153265"
"chr1","96566075","96566372","chr5","164904161","164904460","43","68338086"
"chr1","96566373","96566532","chr18","18577424","18577586","28","77988949"
"chr1","96566533","96566825","chr6","45713778","45714072","38","50852755"
"chr1","96566826","96566954","chr14","87982744","87982881","22","8584082"
"chr1","96573908","96574188","chr5","133146837","133147127","53","36572929"
"chr1","96577348","96577619","chr8","144593849","144594123","41","48016501"
"chr1","96593887","96594019","chr1","213473838","213473970","13","116879951"
"chr1","96596189","96596283","chr9","70059064","70059157","18","26537125"
"chr1","96628588","96628892","chr3","143733492","143733803","42","47104904"
"chr1","96638406","96638698","chr1","27413664","27413959","52","69224742"
"chr1","96662284","96662598","chr9","54158847","54159159","56","42503437"
"chr1","96676496","96676787","chr1","46149665","46149960","40","50526831"
"chr1","96677939","96678224","chr1","139828512","139828799","45","43150573"
"chr1","96683155","96683454","chr5","57771312","57771605","36","38911843"
"chr1","96686403","96686708","chr3","183837195","183837499","40","87150792"
"chr1","96688208","96688507","chr1","207941442","207941741","33","111253234"
"chr1","96719388","96719699","chr2A","282854","283165","46","96436534"
"chr1","96726397","96726570","chr18","4219736","4219903","27","92506661"
"chr1","96726595","96726739","chr3","27349311","27349454","20","69377284"
"chr1","96746550","96746882","chr3","179985139","179985476","53","83238589"
"chr1","96746887","96747174","chr5","24372432","24372725","47","72374455"
"chr1","96752729","96753035","chr1","205863329","205863635","47","109110600"
"chr1","96769708","96769867","chr1","135086632","135086788","28","38316924"
"chr1","96769895","96770014","chr7","45451556","45451677","13","51318339"
"chr1","96811630","96811730","chr7","132360492","132360592","9","35548862"
"chr1","96843271","96843561","chr2A","21552247","21552546","48","75291024"
"chr1","96849995","96850282","chr2A","20065758","20066048","37","76784237"
"chr1","96870308","96870590","chr16","53211839","53212125","37","43658469"
"chr1","96931645","96931921","chr11","94518904","94519177","58","2412741"
"chr1","96959226","96959533","chr10","85822583","85822885","51","11136643"
"chr1","96959539","96959662","chr16","53496601","53496720","29","43462938"
"chr1","96988505","96988793","chr19","35082212","35082514","45","61906293"
"chr1","96989253","96989368","chr12","35675297","35675429","25","61313956"
"chr1","97017930","97018226","chr5","135168831","135169128","39","38150901"
"chr1","97037481","97037558","chr6","17658527","17658603","10","79378954"
"chr1","97037844","97037866","chr6","109033495","109033518","10","11995651"
"chr1","97064276","97064391","chr17","2634419","2634540","30","94429857"
"chr1","97064689","97064882","chr3","159873927","159874123","32","62809238"
"chr1","97066891","97066985","chr1","28340448","28340540","9","68726443"
"chr1","97067332","97067385","chr2A","6101982","6102027","14","90965350"
"chr1","97070200","97070492","chr7","32811212","32811509","45","64258988"
"chr1","97084016","97084139","chr1","69272916","69273038","14","27811100"
"chr1","97094801","97095085","chr10","67297273","67297555","57","29797528"
"chr1","97097177","97097476","chr14","60651660","60651957","29","36445517"
"chr1","97100907","97101106","chr7","56439271","56439461","50","40661636"
"chr1","97141968","97142268","chr20","37622298","37622580","65","59519670"
"chr1","97154880","97155162","chr4","140087853","140088135","40","42932973"
"chr1","97156444","97156560","chr3","45629081","45629198","12","51527363"
"chr1","97164177","97164245","chr10","148120247","148120317","14","50956070"
"chr1","97214947","97215253","chr12","127870873","127871174","54","30655926"
"chr1","97220418","97220667","chr20","313120","313367","32","96907298"
"chr1","97221878","97222183","chr7","26170269","26170567","42","71051609"
"chr1","97232185","97232367","chr9","53581816","53581997","29","43650369"
"chr1","97259493","97259785","chr8","101544594","101544890","37","4285101"
"chr1","97261241","97261523","chr9","53554583","53554870","43","43706658"
"chr1","97283576","97283869","chr5","138341666","138341952","48","41058090"
"chr1","97334882","97334932","chr17","38735481","38735529","12","58599401"
"chr1","97334933","97335119","chr22","5626090","5626274","24","91708843"
"chr1","97351975","97352265","chr9","114191687","114191982","38","16839712"
"chr1","97373975","97374275","chr7","121475973","121476270","45","24101998"
"chr1","97438432","97438757","chr6","113321016","113321324","58","15882584"
"chr1","97455463","97455755","chr13","9138792","9139090","44","88316671"
"chr1","97485489","97485707","chr5","31802327","31802540","36","65683162"
"chr1","97512541","97512863","chr1","70324923","70325245","46","27187618"
"chr1","97561138","97561228","chr4","40041019","40041107","14","57520119"
"chr1","97647596","97647752","chr3","172654930","172655092","30","75007334"
"chr1","97648031","97648148","chr3","50836150","50836264","12","46811881"
"chr1","97676430","97676732","chr1","135275847","135276149","42","37599417"
"chr1","97728068","97728327","chr9","53102308","53102564","34","44625760"
"chr1","97745234","97745533","chr7","65879079","65879376","48","31866155"
"chr1","97854105","97854180","chr2A","46201996","46202071","10","51652109"
"chr1","97855971","97856251","chr19","51274578","51274861","45","46581393"
"chr1","97868220","97868503","chr5","16601172","16601460","50","81267048"
"chr1","97870569","97870870","chr6","113801021","113801317","51","15930452"
"chr1","97893000","97893278","chr22","17590884","17591166","44","80302116"
"chr1","97895079","97895357","chr22","17590884","17591166","42","80304195"
"chr1","97986818","97987104","chr7","72552990","72553283","39","25433828"
"chr1","98113380","98113542","chr1","136805456","136805615","31","38692076"
"chr1","98114136","98114276","chr1","25293602","25293743","23","72820534"
"chr1","98234722","98234844","chr5","13702574","13702703","16","84532148"
"chr1","98354700","98355018","chrX","128923641","128923950","48","30568941"
"chr1","98445274","98445569","chr1","36338426","36338717","39","62106848"
"chr1","98447833","98448126","chr16","61870246","61870540","34","36577587"
"chr1","98452656","98452923","chr1","10723852","10724132","58","87728804"
"chr1","98453415","98453722","chr5","163479358","163479668","48","65025943"
"chr1","98459334","98459613","chr9","117733372","117733651","41","19274038"
"chr1","98530116","98530409","chr1","40728003","40728295","38","57802113"
"chr1","98577938","98578097","chr19","4033726","4033888","33","94544212"
"chr1","98590708","98591002","chr15","39097828","39098123","42","59492880"
"chr1","98601037","98601294","chr12","119818251","119818516","40","21217214"
"chr1","98624791","98624957","chr19","41279580","41279730","35","57345211"
"chr1","98625294","98625379","chr16","60784608","60784692","17","37840686"
"chr1","98644609","98644891","chr10","45353006","45353291","40","53291603"
"chr1","98644892","98645024","chr8","78048246","78048380","18","20596646"
"chr1","98645326","98645625","chr2B","100893350","100893645","41","2248024"
"chr1","98647440","98647749","chrX","120541821","120542131","43","21894381"
"chr1","98654997","98655306","chr3","51351097","51351405","53","47303900"
"chr1","98655385","98655687","chr7","85794685","85794984","56","12860700"
"chr1","98658910","98659165","chr2B","85592847","85593107","39","13066063"
"chr1","98662649","98662868","chr6","117110600","117110823","41","18447951"
"chr1","98664411","98664698","chr2B","111565682","111565976","57","12901271"
"chr1","98668830","98668935","chr13","6136859","6136953","20","92531971"
"chr1","98676017","98676300","chr8","18830083","18830370","47","79845934"
"chr1","98679014","98679291","chr9","78770128","78770397","46","19908886"
"chr1","98685808","98686112","chr19","444265","444566","47","98241543"
"chr1","98701493","98701795","chr1","225265118","225265422","48","126563625"
"chr1","98702890","98702941","chr9","52019511","52019562","3","46683379"
"chr1","98724189","98724474","chr5","61208080","61208365","38","37516109"
"chr1","98724501","98724522","chr7","137351752","137351773","4","38627251"
"chr1","98725909","98726194","chr1","40978393","40978682","40","57747516"
"chr1","98761128","98761253","chr6","4986918","4987047","27","93774210"
"chr1","98761254","98761544","chr5","4345743","4346035","42","94415511"
"chr1","98761545","98761714","chr12","6210507","6210667","50","92551038"
"chr1","98769010","98769317","chr14","13716938","13717225","69","85052072"
"chr1","98784913","98785048","chr2A","68857598","68857737","27","29927315"
"chr1","98806422","98806714","chr3","108662999","108663287","53","9856577"
"chr1","98809939","98810243","chr4","140030843","140031143","38","41220904"
"chr1","98846752","98847041","chr15","77995336","77995623","49","20851416"
"chr1","98854849","98855119","chr20","17179654","17179923","51","81675195"
"chr1","98872687","98872996","chr5","34215137","34215446","42","64657550"
"chr1","98885553","98885646","chr16","81322949","81323041","16","17562604"
"chr1","98957238","98957544","chr3","140048495","140048806","50","41091257"
"chr1","98959597","98959891","chr2B","2511570","2511862","44","96448027"
"chr1","98959915","98960213","chr1","20280960","20281258","39","78678955"
"chr1","98982263","98982345","chr7","63653858","63653941","9","35328405"
"chr1","99070913","99071225","chr16","23136145","23136455","53","75934768"
"chr1","99105589","99105883","chr9","51634398","51634687","40","47471191"
"chr1","99128358","99128666","chr8","101435714","101436021","44","2307356"
"chr1","99154540","99154842","chr6","6870624","6870926","44","92283916"
"chr1","99224827","99225132","chr9","51538976","51539278","60","47685851"
"chr1","99241989","99242297","chr4","5708286","5708588","34","93533703"
"chr1","99342840","99343106","chr7","3318803","3319070","43","96024037"
"chr1","99353330","99353647","chr9","51402630","51402946","48","47950700"
"chr1","99373265","99373526","chr4","124359555","124359819","33","24986290"
"chr1","99409580","99409873","chr1","135922404","135922701","36","36512824"
"chr1","99416194","99416313","chrX","23325027","23325143","23","76091167"
"chr1","99427127","99427409","chr9","59683723","59684008","52","39743404"
"chr1","99466520","99466801","chr2B","129989555","129989833","51","30523035"
"chr1","99477780","99478038","chr3","53594881","53595130","46","45882899"
"chr1","99497350","99497637","chrX","130161501","130161792","57","30664151"
"chr1","99543338","99543503","chr1","185132840","185133000","16","85589502"
"chr1","99543814","99543954","chr3","61334141","61334280","16","38209673"
"chr1","99558140","99558455","chr10","115943135","115943446","51","16384995"
"chr1","99648722","99649015","chrX","36383999","36384295","48","63264723"
"chr1","99652133","99652433","chr9","51126505","51126815","42","48525628"
"chr1","99693803","99694095","chr14","21770517","21770811","38","77923286"
"chr1","99735358","99735645","chr9","51017402","51017680","43","48717956"
"chr1","99823192","99823308","chr19","57852055","57852173","17","41971137"
"chr1","99823615","99823804","chr1","136078748","136078933","29","36255133"
"chr1","99828492","99828783","chrX","25464416","25464708","44","74364076"
"chr1","99833579","99833871","chr8","82894963","82895258","36","16938616"
"chr1","99844346","99844476","chr2A","6441486","6441618","17","93402860"
"chr1","99844989","99845108","chr9","114519866","114519979","22","14674877"
"chr1","99848295","99848415","chr1","69272916","69273038","14","30575379"
"chr1","99854021","99854329","chr1","32162697","32163006","45","67691324"
"chr1","99857785","99858076","chr15","28802885","28803171","41","71054900"
"chr1","99858377","99858530","chr5","33102568","33102726","28","66755809"
"chr1","99858879","99859003","chrX","45063471","45063598","21","54795408"
"chr1","99878461","99878690","chr1","135124356","135124586","34","35245895"
"chr1","99886906","99887209","chr20","13368634","13368937","37","86518272"
"chr1","99906816","99907038","chr16","24895211","24895435","41","75011605"
"chr1","99907335","99907487","chr13","59159176","59159317","50","40748159"
"chr1","99910807","99911103","chr10","29751909","29752207","36","70158898"
"chr1","99917528","99917787","chr1","27018372","27018639","49","72899156"
"chr1","99918940","99919249","chr6","117396368","117396672","41","17477428"
"chr1","99920952","99921237","chr1","28617423","28617706","56","71303529"
"chr1","99928020","99928224","chr10","36683892","36684096","30","63244128"
"chr1","99928499","99928639","chr19","54270043","54270185","34","45658456"
"chr1","99929662","99929863","chr6","31811460","31811658","31","68118202"
"chr1","99930113","99930252","chr21","31662246","31662382","21","68267867"
"chr1","99934992","99935243","chr11","60174740","60174996","48","39760252"
"chr1","99937597","99937828","chrX","100915985","100916220","36","978388"
"chr1","99947597","99947852","chr16","28936783","28937040","39","71010814"
"chr1","99953059","99953371","chr2B","22824206","22824510","36","77128853"
"chr1","99956804","99956825","chr21","27532217","27532234","5","72424587"
"chr1","99957120","99957283","chr11","78844136","78844298","28","21112984"
"chr1","99957299","99957590","chr9","50756607","50756898","34","49200692"
"chr1","99959235","99959531","chr11","66309095","66309391","56","33650140"
"chr1","99979757","99979891","chr1","22878871","22879006","15","77100886"
"chr1","99980191","99980341","chr1","57370132","57370285","26","42610059"
"chr1","99981129","99981397","chr7","1542899","1543168","40","98438230"
"chr1","99981668","99981971","chr1","27210749","27211044","53","72770919"
"chr1","99986004","99986238","chr10","12697869","12698099","28","87288135"
"chr1","99992176","99992305","chr12","122000913","122001044","21","22008737"
"chr1","100002878","100003028","chr9","75335168","75335322","28","24667710"
"chr1","100015317","100015588","chr9","117733372","117733651","35","17718055"
"chr1","100015593","100015900","chr4","180636857","180637164","59","80621264"
"chr1","100016801","100017084","chr9","50809794","50810088","39","49207007"
"chr1","100037721","100038034","chr3","28355353","28355652","63","71682368"
"chr1","100045005","100045293","chr9","50836897","50837175","45","49208108"
"chr1","100046975","100047093","chr2A","68436733","68436853","19","31610242"
"chr1","100047562","100047745","chrX","103701610","103701773","39","3654048"
"chr1","100076708","100077017","chr1","111354366","111354669","45","11277658"
"chr1","100080061","100080354","chr12","35367389","35367695","44","64712672"
"chr1","100106260","100106440","chr7","73222480","73222651","41","26883780"
"chr1","100108465","100108614","chr3","41203630","41203768","22","58904835"
"chr1","100120653","100120796","chr7","77088207","77088345","28","23032446"
"chr1","100145027","100145323","chrX","48637931","48638226","43","51507096"
"chr1","100153209","100153504","chrX","123850881","123851176","46","23697672"
"chr1","100156337","100156581","chr5","26200975","26201222","39","73955362"
"chr1","100167665","100167857","chr21","22638055","22638242","38","77529610"
"chr1","100170165","100170281","chr1","180054399","180054515","19","79884234"
"chr1","100175619","100175907","chr9","50597120","50597419","45","49578499"
"chr1","100180686","100180923","chr6","132580956","132581191","48","32400270"
"chr1","100195589","100195871","chr9","111762498","111762778","37","11566909"
"chr1","100247046","100247358","chr5","32435377","32435687","43","67811669"
"chr1","100253571","100253864","chr1","7771978","7772276","37","92481593"
"chr1","100262310","100262602","chr18","30293400","30293688","43","69968910"
"chr1","100287910","100288188","chr9","50500128","50500413","48","49787782"
"chr1","100304612","100304887","chr1","192523055","192523333","44","92218443"
"chr1","100341754","100341798","chr1","179649084","179649129","11","79307330"
"chr1","100343167","100343470","chr1","68024296","68024603","46","32318871"
"chr1","100390044","100390360","chr1","181882012","181882324","49","81491968"
"chr1","100390864","100390938","chr2A","32524852","32524916","17","67866012"
"chr1","100406046","100406204","chr2B","65020565","65020719","23","35385481"
"chr1","100427165","100427473","chr2A","49985034","49985345","42","50442131"
"chr1","100471253","100471383","chr1","22581181","22581312","13","77890072"
"chr1","100504167","100504427","chr4","66097009","66097282","48","34407158"
"chr1","100509560","100509856","chr6","153170383","153170681","42","52660823"
"chr1","100540416","100540665","chr10","39499447","39499692","44","61040969"
"chr1","100551473","100551567","chr16","62902646","62902742","17","37648827"
"chr1","100551937","100552147","chr1","16377457","16377669","38","84174480"
"chr1","100583079","100583360","chr11","71114164","71114446","42","29468915"
"chr1","100589857","100590146","chr9","50222141","50222443","45","50367716"
"chr1","100616939","100617229","chr1","94179170","94179471","50","6437769"
"chr1","100658202","100658503","chr7","74821568","74821868","45","25836634"
"chr1","100716271","100716333","chr2B","125008695","125008756","11","24292424"
"chr1","100716629","100716645","chr5","16287257","16287270","3","84429372"
"chr1","100724542","100724662","chr11","78078378","78078501","16","22646164"
"chr1","100736151","100736443","chr8","99351021","99351319","38","1385130"
"chr1","100751929","100752104","chr1","181488857","181489035","30","80736928"
"chr1","100752148","100752266","chrX","1266201","1266319","19","99485947"
"chr1","100790536","100790718","chr5","86463157","86463340","28","14327379"
"chr1","100823636","100823936","chr1","193132439","193132740","39","92308803"
"chr1","100829561","100829861","chr1","205863329","205863635","70","105033768"
"chr1","100845178","100845475","chr12","11955253","11955548","41","88889925"
"chr1","100874138","100874431","chr1","8967526","8967807","67","91906612"
"chr1","100878367","100878658","chr2B","23858761","23859052","35","77019606"
"chr1","100891284","100891595","chr5","4214866","4215178","47","96676418"
"chr1","100911127","100911425","chr16","61435250","61435545","55","39475877"
"chr1","100919766","100920064","chr1","52045396","52045697","46","48874370"
"chr1","100944434","100944713","chr10","36748912","36749187","45","64195522"
"chr1","100987089","100987170","chr4","38523647","38523730","17","62463442"
"chr1","101001950","101002240","chr15","7857674","7857960","40","93144276"
"chr1","101041363","101041652","chr8","103868121","103868408","34","2826758"
"chr1","101076297","101076450","chr2A","85433992","85434145","18","15642305"
"chr1","101076472","101076653","chr7","112792877","112793058","32","11716405"
"chr1","101099648","101099952","chr6","17679318","17679614","48","83420330"
"chr1","101113296","101113598","chr7","6764138","6764440","45","94349158"
"chr1","101115305","101115413","chr6","32533953","32534063","14","68581352"
"chr1","101116346","101116667","chr10","59914542","59914847","56","41201804"
"chr1","101122674","101122960","chrX","119272647","119272939","38","18149973"
"chr1","101146940","101147228","chr2B","107707928","107708218","38","6560988"
"chr1","101148598","101148730","chr11","20253812","20253942","11","80894786"
"chr1","101149030","101149216","chr10","90503841","90504023","33","10645189"
"chr1","101156197","101156496","chr6","153698729","153699030","43","52542532"
"chr1","101181949","101181998","chr10","130748863","130748912","9","29566914"
"chr1","101186927","101187064","chr10","134060172","134060309","26","32873245"
"chr1","101207283","101207617","chr9","34508630","34508961","57","66698653"
"chr1","101213271","101213550","chr4","105741633","105741911","39","4528362"
"chr1","101218602","101218844","chr5","62182142","62182385","41","39036460"
"chr1","101220301","101220601","chr9","11872939","11873243","41","89347362"
"chr1","101230523","101230790","chrX","18875176","18875442","33","82355347"
"chr1","101236775","101237078","chr5","22622178","22622477","44","78614597"
"chr1","101269881","101270150","chr6","84738591","84738863","46","16531290"
"chr1","101286942","101287213","chr11","63496362","63496637","37","37790580"
"chr1","101368379","101368679","chr10","110020152","110020451","35","8651773"
"chr1","101377859","101378155","chr3","185043541","185043836","37","83665682"
"chr1","101392474","101392777","chr5","39829952","39830232","50","61562522"
"chr1","101393386","101393674","chr19","7873733","7874023","54","93519653"
"chr1","101403748","101404035","chr3","192026462","192026756","36","90622714"
"chr1","101456801","101457091","chrX","104042756","104043052","51","2585955"
"chr1","101473010","101473303","chr4","110248134","110248433","39","8775124"
"chr1","101515676","101515864","chr21","22638055","22638242","28","78877621"
"chr1","101522366","101522663","chr14","13716938","13717225","51","87805428"
"chr1","101572599","101572896","chr3","52651662","52651956","35","48920937"
"chr1","101606060","101606348","chr5","24118426","24118715","41","77487634"
"chr1","101717651","101717948","chr14","13716938","13717225","52","88000713"
"chr1","101724489","101724672","chrX","71110362","71110543","20","30614127"
"chr1","101743686","101743986","chr7","139963807","139964112","48","38220121"
"chr1","101763515","101763780","chr21","34755672","34755930","51","67007843"
"chr1","101768209","101768406","chr11","63965408","63965604","24","37802801"
"chr1","101827076","101827264","chr2B","298126","298314","33","101528950"
"chr1","101827576","101827700","chr15","68934106","68934231","23","32893470"
"chr1","101837777","101837903","chr11","68081085","68081207","12","33756692"
"chr1","101838082","101838300","chr8","34463872","34464085","26","67374210"
"chr1","101841348","101841617","chr17","1719679","1719942","51","100121669"
"chr1","101854147","101854455","chrX","18188829","18189132","50","83665318"
"chr1","101855654","101855861","chr6","24602816","24603029","32","77252838"
"chr1","101875535","101875805","chr20","50906737","50907016","52","50968798"
"chr1","101885222","101885510","chr5","34549249","34549545","36","67335973"
"chr1","101889454","101889678","chr2B","36361968","36362189","32","65527486"
"chr1","101935589","101935852","chr10","100354316","100354578","37","1581273"
"chr1","101946398","101946504","chr1","206005686","206005792","12","104059288"
"chr1","101962409","101962697","chr5","18074268","18074553","42","83888141"
"chr1","101975127","101975428","chr15","27031260","27031555","48","74943867"
"chr1","102014175","102014269","chr19","52777429","52777525","18","49236746"
"chr1","102036837","102037079","chr5","156157690","156157924","52","54120853"
"chr1","102056318","102056613","chr18","28517213","28517509","66","73539105"
"chr1","102094722","102095011","chr16","14790691","14790982","45","87304031"
"chr1","102135570","102135869","chrX","18970754","18971054","43","83164816"
"chr1","102155296","102155567","chr9","115109804","115110082","42","12954508"
"chr1","102167204","102167518","chr3","183837195","183837499","40","81669991"
"chr1","102196411","102196714","chr9","109734146","109734451","43","7537735"
"chr1","102200142","102200278","chr2A","14858049","14858181","21","87342093"
"chr1","102210449","102210743","chr17","90016272","90016567","40","12194177"
"chr1","102231931","102232162","chr19","44438124","44438358","48","57793807"
"chr1","102237380","102237658","chr15","30027413","30027694","42","72209967"
"chr1","102242598","102242864","chr20","39628412","39628701","53","62614186"
"chr1","102259557","102259818","chr2B","63060097","63060362","40","39199460"
"chr1","102265689","102265991","chr2B","111648654","111648951","38","9382965"
"chr1","102272662","102272819","chr5","110036560","110036717","28","7763898"
"chr1","102273111","102273245","chr1","57234702","57234836","16","45038409"
"chr1","102298412","102298710","chrX","18188829","18189132","35","84109583"
"chr1","102303561","102303873","chr20","33054348","33054652","42","69249213"
"chr1","102307330","102307516","chr18","20931938","20932111","43","81375392"
"chr1","102314257","102314535","chr9","49378662","49378947","47","52935595"
"chr1","102315188","102315477","chr5","114340163","114340453","41","12024975"
"chr1","102338657","102338842","chr15","72441004","72441188","38","29897653"
"chr1","102339137","102339266","chr7","5606987","5607114","18","96732150"
"chr1","102340742","102340977","chr9","49349961","49350215","44","52990781"
"chr1","102345139","102345401","chr5","15733859","15734119","46","86611280"
"chr1","102349172","102349452","chr11","123114043","123114321","39","20764871"
"chr1","102356149","102356291","chr22","2835336","2835476","26","99520813"
"chr1","102356596","102356726","chr2A","95736676","95736800","30","6619920"
"chr1","102359520","102359798","chr2A","105754001","105754289","48","3394481"
"chr1","102359827","102360093","chr18","43900667","43900930","50","58459160"
"chr1","102368222","102368509","chr9","49321537","49321827","36","53046685"
"chr1","102379195","102379482","chr1","134119820","134120111","47","31740625"
"chr1","102381541","102381837","chr1","182055643","182055942","51","79674102"
"chr1","102386951","102387237","chr3","184408941","184409227","48","82021990"
"chr1","102387458","102387736","chr9","98990704","98990987","46","3396754"
"chr1","102392298","102392601","chr12","92652799","92653098","40","9739499"
"chr1","102408584","102408870","chr6","70890858","70891136","55","31517726"
"chr1","102411378","102411644","chr12","115197125","115197407","57","12785747"
"chr1","102418783","102419041","chr3","126770576","126770849","61","24351793"
"chr1","102431868","102432006","chr1","76697102","76697241","19","25734766"
"chr1","102432203","102432326","chr1","25588253","25588379","21","76843950"
"chr1","102449719","102449952","chrX","1829326","1829547","61","100620393"
"chr1","102451412","102451532","chr1","69272916","69273038","17","33178496"
"chr1","102461319","102461616","chr5","24372432","24372725","39","78088887"
"chr1","102462314","102462416","chr8","27990927","27991028","17","74471387"
"chr1","102462719","102462854","chr10","117244185","117244319","16","14781466"
"chr1","102466707","102467014","chr8","104473802","104474107","42","2007095"
"chr1","102474062","102474365","chr14","35741670","35741973","47","66732392"
"chr1","102475341","102475667","chrX","134810591","134810913","62","32335250"
"chr1","102478412","102478753","chr5","149577324","149577631","81","47098912"
"chr1","102484872","102485151","chr19","5934783","5935074","47","96550089"
"chr1","102486693","102486805","chr1","226542865","226542975","21","124056172"
"chr1","102522562","102522727","chr9","49157109","49157272","26","53365453"
"chr1","102524980","102525289","chr11","120932649","120932956","40","18407669"
"chr1","102536716","102537005","chr2A","67830661","67830952","42","34706055"
"chr1","102556127","102556435","chr18","43210483","43210789","52","59345644"
"chr1","102576235","102576331","chr7","71450712","71450803","18","31125523"
"chr1","102618711","102619011","chr21","32026038","32026332","61","70592673"
"chr1","102638907","102639015","chr11","72256284","72256390","10","30382623"
"chr1","102639320","102639531","chr6","13677840","13678046","37","88961480"
"chr1","102643579","102643860","chr5","43109838","43110121","45","59533741"
"chr1","102652417","102652554","chrX","1730666","1730803","16","100921751"
"chr1","102653865","102654042","chr1","158656611","158656779","30","56002746"
"chr1","102660321","102660616","chrX","118285976","118286269","55","15625655"
"chr1","102831908","102832184","chr1","2799368","2799654","53","100032540"
"chr1","103003526","103003600","chr16","29898173","29898251","9","73105353"
"chr1","103055370","103055506","chr19","13857641","13857776","15","89197729"
"chr1","103092157","103092465","chr6","167179521","167179827","44","64087364"
"chr1","103113738","103113898","chr12","70976860","70977021","31","32136878"
"chr1","103149456","103149726","chr6","32887563","32887832","42","70261893"
"chr1","103189978","103190282","chr1","46199617","46199916","43","56990361"
"chr1","103488564","103488857","chr7","157137240","157137534","37","53648676"
"chr1","103506224","103506512","chr1","94804891","94805182","43","8701333"
"chr1","103539597","103539881","chr20","50773327","50773617","40","52766270"
"chr1","103638964","103639244","chr1","61299517","61299797","54","42339447"
"chr1","103681229","103681356","chr2A","87484111","87484239","14","16197118"
"chr1","103706760","103707056","chr3","198752684","198752979","40","95045924"
"chr1","103723870","103724178","chrX","18188829","18189132","41","85535041"
"chr1","103779346","103779642","chr12","121022234","121022532","38","17242888"
"chr1","103798387","103798688","chr14","50926832","50927128","49","52871555"
"chr1","103809060","103809311","chr9","47898037","47898289","32","55911023"
"chr1","103827280","103827590","chrX","9888217","9888527","43","93939063"
"chr1","103827594","103827891","chr4","162552218","162552510","42","58724624"
"chr1","103848237","103848549","chr1","135475584","135475893","42","31627347"
"chr1","103870471","103870534","chr16","6812000","6812064","11","97058471"
"chr1","103871593","103871770","chr21","28082161","28082336","30","75789432"
"chr1","103891745","103892052","chr6","167179521","167179827","48","63287776"
"chr1","104055187","104055463","chr8","27554215","27554491","44","76500972"
"chr1","104068062","104068224","chr10","3780797","3780964","26","100287265"
"chr1","104080965","104081090","chr12","121987168","121987296","18","17906203"
"chr1","104171561","104171869","chr20","20912045","20912351","55","83259516"
"chr1","104195816","104195930","chr7","6370899","6371013","27","97824917"
"chr1","104195959","104196135","chr17","5223655","5223829","28","98972304"
"chr1","104301825","104302127","chr1","156921438","156921735","40","52619613"
"chr1","104313544","104313679","chr1","128500240","128500378","24","24186696"
"chr1","104393945","104394238","chr12","52083566","52083857","41","52310379"
"chr1","104398211","104398506","chr7","82782501","82782796","44","21615710"
"chr1","104443955","104444039","chr5","116530140","116530219","11","12086185"
"chr1","104460692","104460821","chr9","80121053","80121181","14","24339639"
"chr1","104552954","104553231","chr15","30997544","30997834","55","73555410"
"chr1","104558720","104559010","chr20","48240693","48240983","38","56318027"
"chr1","104681443","104681722","chr9","49233855","49234132","47","55447588"
"chr1","104710453","104710765","chr3","130591412","130591717","49","25880959"
"chr1","104732482","104732603","chr6","109289964","109290086","16","4557482"
"chr1","104825757","104826056","chr12","35147057","35147353","43","69678700"
"chr1","104836096","104836273","chr10","66927371","66927554","32","37908725"
"chr1","104987845","104988157","chr7","146192292","146192602","42","41204447"
"chr1","105076390","105076702","chr6","92117068","92117375","43","12959322"
"chr1","105081919","105082208","chr1","78508506","78508789","43","26573413"
"chr1","105093018","105093317","chr4","150581465","150581752","52","45488447"
"chr1","105131690","105131996","chrX","97217600","97217901","46","7914090"
"chr1","105213215","105213526","chr1","164363033","164363342","46","59149818"
"chr1","105283276","105283434","chr10","116149704","116149852","23","10866428"
"chr1","105353636","105353915","chr1","140296334","140296606","45","34942698"
"chr1","105424552","105424840","chr6","46168329","46168620","43","59256223"
"chr1","105455808","105455892","chr14","63048319","63048405","11","42407489"
"chr1","105463610","105463766","chr7","48329254","48329410","21","57134356"
"chr1","105464081","105464214","chr5","21345441","21345575","25","84118640"
"chr1","105475035","105475329","chr14","13392517","13392806","56","92082518"
"chr1","105477594","105477898","chr9","46237494","46237798","50","59240100"
"chr1","105483345","105483652","chr10","111734669","111734973","44","6251324"
"chr1","105619068","105619358","chrX","145975596","145975885","47","40356528"
"chr1","105653915","105654007","chr6","47866107","47866202","14","57787808"
"chr1","105693174","105693447","chr7","73540773","73541045","50","32152401"
"chr1","105694450","105694665","chr5","154077134","154077349","31","48382684"
"chr1","105726792","105727077","chr9","46034710","46034995","43","59692082"
"chr1","105890281","105890576","chr1","75708117","75708419","55","30182164"
"chr1","105900438","105900720","chr6","71983566","71983852","51","33916872"
"chr1","105933447","105933743","chr13","35829925","35830221","42","70103522"
"chr1","105948437","105948741","chr7","134938326","134938628","39","28989889"
"chr1","105951243","105951408","chr10","40668780","40668944","31","65282463"
"chr1","106097655","106097938","chr10","62445449","62445730","35","43652206"
"chr1","106117490","106117615","chr9","111936335","111936455","26","5818845"
"chr1","106152884","106153047","chr12","123172829","123172996","31","17019945"
"chr1","106153103","106153226","chr2B","116542300","116542423","14","10389197"
"chr1","106171478","106171630","chr7","68436528","68436679","29","37734950"
"chr1","106171696","106171817","chr1","63588767","63588886","19","42582929"
"chr1","106187498","106187785","chr3","34275609","34275900","49","71911889"
"chr1","106204057","106204356","chr4","76126083","76126379","53","30077974"
"chr1","106219162","106219460","chr13","3227078","3227376","34","102992084"
"chr1","106247298","106247596","chr3","150193926","150194214","66","43946628"
"chr1","106254368","106254663","chr9","45498409","45498714","58","60755959"
"chr1","106254933","106255113","chr1","57273605","57273784","28","48981328"
"chr1","106255396","106255553","chr6","36357202","36357360","24","69898194"
"chr1","106260078","106260305","chr19","47252115","47252336","40","59007963"
"chr1","106302014","106302295","chr22","11186413","11186694","36","95115601"
"chr1","106330515","106330814","chr5","22309256","22309551","38","84021259"
"chr1","106332614","106332916","chr9","87833264","87833566","40","18499350"
"chr1","106361122","106361251","chr17","9227231","9227362","27","97133891"
"chr1","106379113","106379442","chr6","130798372","130798683","53","24419259"
"chr1","106396136","106396319","chr22","6956701","6956883","30","99439435"
"chr1","106396663","106396738","chr3","51985331","51985407","11","54411332"
"chr1","106397028","106397267","chr5","134037636","134037868","45","27640608"
"chr1","106412464","106412769","chr16","23628019","23628320","35","82784445"
"chr1","106435141","106435252","chr17","16936950","16937062","19","89498191"
"chr1","106435394","106435529","chrX","7018216","7018351","13","99417178"
"chr1","106459642","106459776","chr16","65477857","65477989","20","40981785"
"chr1","106464936","106465241","chr1","75708117","75708419","35","30756819"
"chr1","106465700","106465954","chr8","146729106","146729363","47","40263406"
"chr1","106473770","106473878","chr1","16774476","16774572","33","89699294"
"chr1","106474021","106474199","chr10","98604781","98604958","33","7869240"
"chr1","106487335","106487449","chr17","8267722","8267836","13","98219613"
"chr1","106496809","106497141","chr9","45207184","45207525","52","61289625"
"chr1","106503289","106503439","chr1","133063773","133063928","27","26560484"
"chr1","106503850","106504161","chr18","19250280","19250583","41","87253570"
"chr1","106513428","106513596","chr7","153944339","153944502","24","47430911"
"chr1","106513899","106514031","chr7","4485178","4485309","14","102028721"
"chr1","106514864","106515047","chr6","27194843","27195026","37","79320021"
"chr1","106542477","106542609","chr14","57560348","57560480","13","48982129"
"chr1","106544058","106544356","chr1","16944410","16944709","43","89599648"
"chr1","106549599","106549923","chr9","45197273","45197601","59","61352326"
"chr1","106559226","106559532","chr2B","22798780","22799089","51","83760446"
"chr1","106655394","106655692","chr7","139963807","139964112","34","33308413"
"chr1","106658318","106658615","chr9","45086170","45086464","44","61572148"
"chr1","106663547","106663838","chr5","7914055","7914348","35","98749492"
"chr1","106713773","106713893","chr2A","37342062","37342176","25","69371711"
"chr1","106733016","106733178","chr7","128090894","128091057","23","21357878"
"chr1","106806582","106806708","chr10","37450688","37450813","14","69355894"
"chr1","106905818","106905967","chr6","139298844","139298987","27","32393026"
"chr1","106911805","106911988","chr1","203553629","203553809","33","96641824"
"chr1","106916352","106916643","chr12","35406225","35406511","45","71510127"
"chr1","106935656","106935948","chr16","77517492","77517786","47","29418164"
"chr1","106978828","106978954","chr7","97203900","97204029","28","9774928"
"chr1","107041572","107041686","chr16","12332334","12332448","10","94709238"
"chr1","107064887","107065004","chr5","24206916","24207032","23","82857971"
"chr1","107066903","107067200","chr7","152799145","152799449","42","45732242"
"chr1","107110177","107110476","chr6","53299732","53300029","40","53810445"
"chr1","107113543","107113844","chr3","142071878","142072170","51","34958335"
"chr1","107131008","107131301","chr9","44528636","44528948","45","62602372"
"chr1","107137445","107137729","chr7","105185868","105186161","43","1951577"
"chr1","107179971","107180265","chr12","108633862","108634156","38","1453891"
"chr1","107226381","107226458","chr15","47453759","47453835","10","59772622"
"chr1","107303816","107303948","chr13","2425575","2425709","30","104878241"
"chr1","107320307","107320594","chr4","67181558","67181865","56","40138749"
"chr1","107351497","107351800","chr10","135303267","135303571","40","27951770"
"chr1","107362623","107362885","chr15","8578876","8579143","48","98783747"
"chr1","107363866","107364150","chr3","42930631","42930917","34","64433235"
"chr1","107484917","107485217","chr19","48668007","48668296","51","58816910"
"chr1","107513466","107513513","chrX","123813862","123813908","9","16300396"
"chr1","107538209","107538415","chr17","7815860","7816064","36","99722349"
"chr1","107540904","107541033","chr1","106812839","106812964","28","728065"
"chr1","107556118","107556411","chr15","21081230","21081525","33","86474888"
"chr1","107564561","107564652","chr20","33348091","33348181","10","74216470"
"chr1","107564952","107565142","chr22","24020161","24020355","53","83544791"
"chr1","107580418","107580500","chr1","59633630","59633720","18","47946788"
"chr1","107580752","107580768","chr4","5175864","5175878","7","102404888"
"chr1","107628908","107629203","chr4","98470358","98470652","34","9158550"
"chr1","107641924","107642229","chr11","56648134","56648436","40","50993790"
"chr1","107661665","107661918","chr5","36333234","36333490","42","71328431"
"chr1","107709710","107710018","chr19","45555520","45555817","51","62154190"
"chr1","107719360","107719661","chr9","43932084","43932378","48","63787276"
"chr1","107732743","107733056","chr3","124986442","124986752","44","17253699"
"chr1","107740719","107741000","chr9","43909814","43910103","45","63830905"
"chr1","107741488","107741786","chr16","48467956","48468258","47","59273532"
"chr1","107758988","107759284","chr14","54450127","54450422","44","53308861"
"chr1","107779146","107779446","chr1","45401607","45401907","31","62377539"
"chr1","107854935","107855066","chr7","148305437","148305566","13","40450502"
"chr1","107877879","107878022","chr10","29633018","29633159","27","78244861"
"chr1","107878223","107878233","chr2B","55614647","55614657","0","52263576"
"chr1","107932224","107932358","chrX","135047629","135047764","17","27115405"
"chr1","107965697","107965982","chrX","91199993","91200279","45","16765704"
"chr1","107974264","107974452","chr13","55353863","55354052","31","52620401"
"chr1","107974454","107974685","chr15","47089658","47089884","37","60884796"
"chr1","107978481","107978784","chr1","20280960","20281258","41","87697521"
"chr1","107998910","107999193","chr1","19948860","19949131","52","88050050"
"chr1","108025054","108025378","chr11","81904113","81904434","59","26120941"
"chr1","108026017","108026306","chr9","43515415","43515710","44","64510602"
"chr1","108035511","108035624","chr3","50836150","50836264","10","57199361"
"chr1","108038956","108039261","chr1","75708117","75708419","37","32330839"
"chr1","108043913","108044208","chr9","43505536","43505831","37","64538377"
"chr1","108067243","108067408","chr14","57118453","57118595","38","50948790"
"chr1","108067441","108067596","chr9","112083259","112083413","21","4015818"
"chr1","108069244","108069533","chr6","44225213","44225501","48","63844031"
"chr1","108073672","108073779","chr17","6382657","6382765","18","101691015"
"chr1","108078164","108078445","chr1","15125951","15126230","47","92952213"
"chr1","108094590","108094882","chr5","24372432","24372725","34","83722158"
"chr1","108112204","108112238","chr8","96998154","96998188","5","11114050"
"chr1","108154138","108154398","chr12","119960873","119961134","47","11806735"
"chr1","108167657","108167830","chr10","3313058","3313213","44","104854599"
"chr1","108167860","108167983","chr5","40512538","40512660","16","67655322"
"chr1","108169539","108169853","chr10","12623686","12623986","49","95545853"
"chr1","108171469","108171673","chr1","129602249","129602448","53","21430780"
"chr1","108179134","108179425","chrX","15626910","15627195","41","92552224"
"chr1","108200569","108200851","chr2B","74524911","74525202","49","33675658"
"chr1","108204194","108204514","chr9","43358389","43358699","54","64845805"
"chr1","108209541","108209777","chr18","46629490","46629732","40","61580051"
"chr1","108213230","108213531","chr3","42788373","42788672","35","65424857"
"chr1","108222785","108223090","chr1","54264607","54264913","40","53958178"
"chr1","108223590","108223893","chr11","33205778","33206081","51","75017812"
"chr1","108262409","108262529","chr2A","61348931","61349050","36","46913478"
"chr1","108286556","108286667","chr1","31185795","31185903","20","77100761"
"chr1","108293727","108293943","chr4","99535257","99535481","41","8758470"
"chr1","108297594","108297851","chr4","48799033","48799296","41","59498561"
"chr1","108303814","108304109","chr1","47853989","47854291","44","60449825"
"chr1","108304864","108304994","chr10","41628351","41628485","15","66676513"
"chr1","108305290","108305456","chr3","200708345","200708504","28","92403055"
"chr1","108308471","108308606","chr3","33294250","33294384","20","75014221"
"chr1","108308916","108309071","chr6","101582425","101582576","25","6726491"
"chr1","108314971","108315094","chr1","14802147","14802270","16","93512824"
"chr1","108318426","108318722","chr1","193132439","193132740","43","84814013"
"chr1","108319195","108319278","chr14","63048319","63048405","12","45270876"
"chr1","108319577","108319791","chr4","112089019","112089234","40","3769442"
"chr1","108328680","108328814","chr11","319249","319383","21","108009431"
"chr1","108328821","108329133","chr7","156151949","156152255","43","47823128"
"chr1","108329134","108329268","chr7","76931722","76931857","9","31397412"
"chr1","108339546","108339843","chr4","198062716","198063012","42","89723170"
"chr1","108341148","108341243","chr8","125468206","125468299","12","17127058"
"chr1","108343313","108343435","chr4","195390662","195390784","16","87047349"
"chr1","108344197","108344278","chr1","28753545","28753625","11","79590652"
"chr1","108344290","108344527","chr17","736611","736858","43","107607679"
"chr1","108349262","108349543","chr21","34213143","34213425","51","74136119"
"chr1","108351170","108351390","chr18","56950719","56950932","30","51400451"
"chr1","108358779","108359069","chr1","9683728","9684022","44","98675051"
"chr1","108366341","108366504","chr15","23369148","23369315","29","84997193"
"chr1","108366535","108366674","chr8","145684695","145684853","41","37318160"
"chr1","108366851","108366989","chr7","72985934","72986072","16","35380917"
"chr1","108367282","108367435","chrX","1391589","1391740","23","106975693"
"chr1","108369484","108369605","chr13","78178463","78178581","14","30191021"
"chr1","108373544","108373827","chr19","42826119","42826406","51","65547425"
"chr1","108379685","108379805","chr6","15659061","15659188","19","92720624"
"chr1","108380823","108380958","chr5","6272328","6272463","27","102108495"
"chr1","108381255","108381382","chr17","2819657","2819778","27","105561598"
"chr1","108383370","108383528","chr6","75335675","75335839","37","33047695"
"chr1","108383554","108383668","chr12","37012665","37012778","17","71370889"
"chr1","108383669","108383811","chr8","85311804","85311938","24","23071865"
"chr1","108384379","108384552","chr7","70595818","70595981","33","37788561"
"chr1","108384824","108384963","chr10","41628351","41628485","16","66756473"
"chr1","108385617","108385628","chr5","44320839","44320850","1","64064778"
"chr1","108385655","108385938","chr1","78508506","78508789","42","29877149"
"chr1","108388110","108388395","chr9","108643275","108643558","46","255165"
"chr1","108392905","108393081","chr7","156784585","156784756","30","48391680"
"chr1","108393658","108393771","chr11","64666885","64667001","24","43726773"
"chr1","108396785","108397127","chr3","20342212","20342571","79","88054573"
"chr1","108412315","108412412","chr12","103834727","103834824","15","4577588"
"chr1","108413879","108414002","chr6","78227073","78227205","23","30186806"
"chr1","108423677","108424024","chr13","25628855","25629196","62","82794822"
"chr1","108425422","108425514","chr4","40041019","40041107","15","68384403"
"chr1","108426385","108426679","chr5","47101929","47102212","64","61324456"
"chr1","108426817","108426949","chr3","199484334","199484470","24","91057517"
"chr1","108431363","108431659","chr22","13643035","13643332","37","94788328"
"chr1","108436860","108436989","chr1","71060262","71060392","14","37376598"
"chr1","108438333","108438430","chr3","186714946","186715039","23","78276613"
"chr1","108438453","108438584","chr1","141548532","141548674","27","33110079"
"chr1","108446119","108446405","chr6","48058765","48059050","49","60387354"
"chr1","108449301","108449396","chr22","29827354","29827437","18","78621947"
"chr1","108451794","108451924","chr9","114516225","114516362","26","6064431"
"chr1","108453417","108453541","chr14","67335287","67335411","14","41118130"
"chr1","108495094","108495414","chr10","36252154","36252472","61","72242940"
"chr1","108505899","108506192","chr19","13115155","13115450","44","95390744"
"chr1","108507240","108507545","chr21","24923336","24923647","47","83583904"
"chr1","108512097","108512226","chr1","47033279","47033407","23","61478818"
"chr1","108516722","108517017","chr4","16487048","16487347","48","92029674"
"chr1","108517470","108517767","chr2B","92243394","92243681","52","16274076"
"chr1","108519775","108520072","chr18","8406311","8406605","46","100113464"
"chr1","108526349","108526470","chr6","16800077","16800197","16","91726272"
"chr1","108538406","108538575","chr1","7734768","7734941","31","100803638"
"chr1","108538881","108538997","chr1","53578943","53579070","30","54959938"
"chr1","108546578","108546737","chr10","147369413","147369570","20","38822835"
"chr1","108559863","108560151","chr20","45288279","45288567","51","63271584"
"chr1","108590135","108590231","chr1","21123280","21123379","19","87466855"
"chr1","108590533","108590695","chr8","98720491","98720654","41","9870042"
"chr1","108620126","108620432","chr11","129916074","129916378","39","21295948"
"chr1","108623229","108623387","chr7","2340874","2341033","29","106282355"
"chr1","108623707","108623843","chr5","41672756","41672891","19","66950951"
"chr1","108647594","108647889","chr5","38782201","38782499","48","69865393"
"chr1","108672300","108672593","chr15","50132670","50132968","45","58539630"
"chr1","108730332","108730621","chr3","184877325","184877614","45","76146993"
"chr1","108737123","108737417","chr1","185052946","185053241","41","76315823"
"chr1","108760919","108761035","chr2B","236147","236264","13","108524772"
"chr1","108853900","108854203","chr18","23041143","23041446","35","85812757"
"chr1","108877115","108877380","chr5","37834860","37835127","36","71042255"
"chr1","108931179","108931299","chr1","118774098","118774217","19","9842919"
"chr1","108931330","108931452","chr7","67950244","67950365","26","40981086"
"chr1","109036294","109036605","chr5","34215137","34215446","38","74821157"
"chr1","109058672","109058937","chr3","179781249","179781524","52","70722577"
"chr1","109286847","109287154","chr5","34215137","34215446","42","75071710"
"chr1","109307124","109307428","chr6","167179521","167179827","41","57872397"
"chr1","109314952","109315245","chr1","46149665","46149960","43","63165287"
"chr1","109393889","109393904","chr12","121929582","121929598","2","12535693"
"chr1","109393925","109394208","chr5","5751225","5751507","39","103642700"
"chr1","109532323","109532462","chr1","35410339","35410478","21","74121984"
"chr1","109598193","109598498","chr6","161391900","161392200","40","51793707"
"chr1","110045167","110045455","chr1","96613136","96613425","54","13432031"
"chr1","110095606","110095773","chr7","27333963","27334127","34","82761643"
"chr1","110215176","110215307","chr15","12873465","12873597","14","97341711"
"chr1","110299798","110300049","chr3","24114127","24114381","45","86185671"
"chr1","110400086","110400386","chr19","46259666","46259966","48","64140420"
"chr1","110415202","110415353","chr1","221984198","221984349","28","111568996"
"chr1","110457886","110458180","chr1","165156017","165156308","69","54698131"
"chr1","110476928","110477225","chr5","24372432","24372725","43","86104496"
"chr1","110482341","110482471","chr6","126596585","126596716","20","16114244"
"chr1","110482764","110482911","chr1","16114894","16115042","27","94367870"
"chr1","110495057","110495291","chr19","6168164","6168410","38","104326893"
"chr1","110503511","110503812","chr1","94249060","94249362","35","16254451"
"chr1","110531774","110531904","chr11","117333933","117334065","20","6802159"
"chr1","110532228","110532533","chr5","99791063","99791368","48","10741165"
"chr1","110541642","110541943","chrX","139867551","139867854","40","29325909"
"chr1","110576759","110577063","chr7","39272240","39272540","40","71304519"
"chr1","110606860","110606959","chr14","69447285","69447369","26","41159575"
"chr1","110618177","110618460","chr10","90332511","90332792","40","20285666"
"chr1","110619231","110619534","chr10","25070810","25071120","52","85548421"
"chr1","110632183","110632456","chr10","87272770","87273045","41","23359413"
"chr1","110632847","110633134","chr9","40929538","40929823","45","69703309"
"chr1","110633630","110633761","chr9","56539053","56539184","16","54094577"
"chr1","110670171","110670461","chr2A","43916162","43916454","44","66754009"
"chr1","110753242","110753550","chr14","81551019","81551321","51","29202223"
"chr1","110869474","110869767","chr5","117760443","117760736","42","6890969"
"chr1","110872154","110872288","chr12","52332062","52332197","13","58540092"
"chr1","110872580","110872779","chrX","74250396","74250596","46","36622184"
"chr1","111167569","111167840","chrX","9679871","9680143","40","101487698"
"chr1","111226535","111226648","chrX","24288832","24288946","11","86937703"
"chr1","111287663","111287973","chr13","27956065","27956376","44","83331598"
"chr1","111288561","111288834","chr13","13108602","13108867","53","98179959"
"chr1","111334444","111334767","chr4","180636857","180637164","53","69302413"
"chr1","111369867","111370100","chr11","77085348","77085580","34","34284519"
"chr1","111372121","111372411","chr1","46005396","46005686","45","65366725"
"chr1","111501243","111501375","chr16","31907781","31907912","20","79593462"
"chr1","111502678","111502856","chr10","141663292","141663469","32","30160614"
"chr1","111633554","111633819","chrX","70603619","70603900","49","41029935"
"chr1","111672179","111672465","chr4","41051261","41051551","47","70620918"
"chr1","111695263","111695571","chr9","39864450","39864748","59","71830813"
"chr1","111699487","111699799","chr8","33273606","33273909","48","78425881"
"chr1","111706962","111707093","chr2A","63181773","63181905","12","48525189"
"chr1","111853509","111853794","chr7","82782501","82782796","49","29071008"
"chr1","111906153","111906452","chr16","28595427","28595725","45","83310726"
"chr1","111918137","111918420","chr15","62966110","62966383","68","48952027"
"chr1","111945980","111946300","chr5","1443494","1443798","60","110502486"
"chr1","111988294","111988596","chr3","189017179","189017480","42","77028885"
"chr1","112079619","112079922","chr1","205466258","205466570","55","93386639"
"chr1","112084075","112084275","chr5","8851478","8851683","36","103232597"
"chr1","112196669","112196934","chr3","182768183","182768454","51","70571514"
"chr1","112198279","112198552","chrX","15626538","15626809","45","96571741"
"chr1","112233080","112233361","chrX","15626910","15627195","48","96606170"
"chr1","112445144","112445227","chr16","44984980","44985065","17","67460164"
"chr1","112445250","112445423","chr4","20273963","20274131","26","92171287"
"chr1","112547121","112547405","chr14","61097634","61097920","37","51449487"
"chr1","112666825","112667120","chr8","78794286","78794598","46","33872539"
"chr1","112754019","112754043","chr15","54766000","54766026","4","57988019"
"chr1","112754074","112754351","chr10","32285720","32285995","47","80468354"
"chr1","112809563","112809860","chr12","92512056","92512352","52","20297507"
"chr1","112904219","112904527","chr2B","84313295","84313594","59","28590924"
"chr1","113075755","113076030","chr5","43109838","43110121","64","69965917"
"chr1","113123968","113124224","chr8","121193756","121194015","46","8069788"
"chr1","113203298","113203584","chr19","33520660","33520945","51","79682638"
"chr1","113453217","113453514","chr10","13827691","13827980","49","99625526"
"chr1","113473257","113473559","chr5","115426653","115426951","44","1953396"
"chr1","113554177","113554452","chr11","10454284","10454561","52","103099893"
"chr1","113574613","113574812","chrX","114037899","114038104","39","463286"
"chr1","113621654","113621870","chr6","28290452","28290665","53","85331202"
"chr1","113703864","113704173","chr2B","99945275","99945585","49","13758589"
"chr1","113774767","113775072","chr15","22398698","22399002","42","91376069"
"chr1","113859680","113859810","chr19","52927688","52927821","22","60931992"
"chr1","114104049","114104338","chr9","92362610","92362902","42","21741439"
"chr1","114238359","114238529","chr7","151347611","151347762","37","37109252"
"chr1","114327595","114327900","chr9","37330800","37331105","45","76996795"
"chr1","114364959","114365127","chr7","23516881","23517032","44","90848078"
"chr1","114742231","114742523","chr1","186408673","186408962","34","71666442"
"chr1","114756431","114756721","chr9","36873282","36873574","44","77883149"
"chr1","114783764","114783909","chr1","29323516","29323662","25","85460248"
"chr1","114808447","114808590","chr7","41947648","41947789","25","72860799"
"chr1","114822625","114822756","chr15","18480868","18481003","14","96341757"
"chr1","114848112","114848258","chrX","54551737","54551879","27","60296375"
"chr1","114872125","114872444","chr9","36758362","36758652","68","78113763"
"chr1","114913069","114913140","chr8","145712285","145712362","27","30799216"
"chr1","114913170","114913338","chr19","38845834","38846001","40","76067336"
"chr1","114942895","114943213","chr1","63238356","63238662","53","51704539"
"chr1","115091037","115091337","chr22","19689406","19689705","51","95401631"
"chr1","115117593","115117633","chr10","22595945","22595982","10","92521648"
"chr1","115129803","115130102","chrX","18544707","18545006","51","96585096"
"chr1","115136077","115136129","chr15","64422615","64422666","14","50713462"
"chr1","115170925","115171225","chr7","139996539","139996831","45","24825614"
"chr1","115190883","115190995","chr1","53089284","53089402","20","62101599"
"chr1","115191042","115191194","chr7","70807716","70807871","32","44383326"
"chr1","115237805","115237892","chr17","1090991","1091080","10","114146814"
"chr1","115267513","115267797","chr11","9392301","9392584","40","105875212"
"chr1","115280663","115280952","chr3","54121779","54122063","33","61158884"
"chr1","115310054","115310362","chr9","109734146","109734451","41","5575908"
"chr1","115330411","115330716","chr6","43361957","43362257","44","71968454"
"chr1","115390828","115391017","chrX","77964326","77964504","41","37426502"
"chr1","115391048","115391116","chr3","49329602","49329668","10","66061446"
"chr1","115415607","115415895","chr9","36211740","36212021","43","79203867"
"chr1","115475126","115475267","chr15","9127252","9127393","25","106347874"
"chr1","115702831","115703117","chr9","35932456","35932743","48","79770375"
"chr1","115717439","115717744","chr15","44457346","44457645","34","71260093"
"chr1","115796552","115796816","chr5","30036297","30036578","45","85760255"
"chr1","115832359","115832655","chr6","7503535","7503831","33","108328824"
"chr1","115846458","115846754","chr9","35761755","35762047","47","80084703"
"chr1","115922962","115923093","chr4","124094046","124094178","14","8171084"
"chr1","115944499","115944655","chr1","36128716","36128864","35","79815783"
"chr1","115944695","115944850","chr15","40806758","40806907","27","75137937"
"chr1","115957259","115957563","chr11","123261793","123262092","52","7304534"
"chr1","115980705","115980866","chr5","28421701","28421864","23","87559004"
"chr1","115998790","115999082","chr6","11233388","11233682","38","104765402"
"chr1","116015650","116015782","chr3","48404443","48404577","16","67611207"
"chr1","116062660","116062944","chr7","71745445","71745734","49","44317215"
"chr1","116063598","116063889","chr13","9716804","9717101","38","106346794"
"chr1","116115535","116115833","chr9","35509753","35510050","41","80605782"
"chr1","116196674","116196859","chr6","37274755","37274940","28","78921919"
"chr1","116206340","116206641","chr4","24255507","24255804","41","91950833"
"chr1","116217109","116217386","chr1","27413664","27413959","61","88803445"
"chr1","116387941","116388141","chr1","118570669","118570869","41","2182728"
"chr1","116389571","116389687","chr2B","100588628","100588741","7","15800943"
"chr1","116408045","116408342","chr11","117367595","117367888","49","959550"
"chr1","116471537","116471855","chr2A","69700081","69700401","44","46771456"
"chr1","116490111","116490391","chr14","46895488","46895764","54","69594623"
"chr1","116508376","116508669","chr9","35095369","35095679","58","81413007"
"chr1","116528745","116529025","chr2A","32373851","32374131","46","84154894"
"chr1","116535266","116535551","chr15","19297965","19298253","40","97237301"
"chr1","116550007","116550290","chr15","4916724","4917006","45","111633283"
"chr1","116587118","116587212","chr1","128614339","128614430","17","12027221"
"chr1","116682805","116683095","chr2B","93935465","93935754","47","22747340"
"chr1","116690725","116691020","chr9","106799866","106800156","47","9890859"
"chr1","116716989","116717291","chr6","107146265","107146562","45","9570724"
"chr1","116742572","116742715","chr1","22928451","22928598","26","93814121"
"chr1","116743852","116744173","chr10","100686302","100686592","89","16057550"
"chr1","116844772","116845086","chr14","85986152","85986448","57","30858620"
"chr1","116893437","116893705","chr10","90702225","90702493","38","26191212"
"chr1","116924722","116924942","chr5","126281723","126281947","31","9357001"
"chr1","116925573","116925800","chr1","26677502","26677733","41","90248071"
"chr1","116928776","116929069","chr3","200084410","200084708","39","83155634"
"chr1","116963927","116964228","chr2A","63004429","63004730","43","53959498"
"chr1","116971088","116971400","chr9","90111215","90111523","49","26859873"
"chr1","116982946","116983076","chr6","156189946","156190077","12","39207000"
"chr1","116992597","116992711","chr12","124591017","124591139","30","7598420"
"chr1","117016008","117016291","chr5","9744617","9744900","49","107271391"
"chr1","117016806","117017106","chr3","200778521","200778824","48","83761715"
"chr1","117020238","117020329","chr9","34575027","34575116","7","82445211"
"chr1","117020708","117020812","chr9","34574551","34574644","18","82446157"
"chr1","117044489","117044791","chr19","14638514","14638815","42","102405975"
"chr1","117048536","117048842","chr8","145720592","145720899","47","28672056"
"chr1","117074113","117074396","chr22","5595313","5595594","39","111478800"
"chr1","117084580","117084874","chr11","130728676","130728969","36","13644096"
"chr1","117120302","117120434","chr15","37731910","37732045","20","79388392"
"chr1","117120730","117120904","chr8","48753766","48753936","27","68366964"
"chr1","117142347","117142522","chr1","7856572","7856749","26","109285775"
"chr1","117147511","117147790","chr5","20460300","20460585","68","96687211"
"chr1","117147856","117148140","chr4","25185663","25185957","56","91962193"
"chr1","117149095","117149385","chr9","99306727","99307020","54","17842368"
"chr1","117163686","117163963","chr22","4393481","4393753","46","112770205"
"chr1","117166327","117166458","chr5","163734016","163734148","14","46567689"
"chr1","117176328","117176634","chr12","119739377","119739678","38","2563049"
"chr1","117182081","117182205","chr2B","89205640","89205764","15","27976441"
"chr1","117196796","117196934","chr3","8501615","8501750","19","108695181"
"chr1","117197234","117197398","chr7","68139738","68139899","20","49057496"
"chr1","117207525","117207613","chr1","146760045","146760137","12","29552520"
"chr1","117209963","117210269","chr1","26250299","26250607","47","90959664"
"chr1","117233136","117233429","chr17","10054068","10054363","42","107179068"
"chr1","117242276","117242556","chr5","129768841","129769126","48","12526565"
"chr1","117242571","117242869","chr5","53713742","53714039","40","63528829"
"chr1","117268593","117268737","chr6","35361205","35361348","28","81907388"
"chr1","117271680","117271962","chr9","111762498","111762778","41","5509182"
"chr1","117279695","117279825","chr1","10043533","10043661","16","107236162"
"chr1","117280609","117280734","chr2A","74685905","74686032","20","42594704"
"chr1","117281043","117281227","chr20","48118581","48118762","34","69162462"
"chr1","117282721","117282885","chr17","6556136","6556301","20","110726585"
"chr1","117285025","117285335","chr7","25940748","25941055","42","91344277"
"chr1","117287148","117287396","chr10","37201756","37202019","49","80085392"
"chr1","117291554","117291834","chr12","36944104","36944382","43","80347450"
"chr1","117297104","117297415","chr12","107666717","107667023","36","9630387"
"chr1","117310283","117310465","chr14","76462716","76462899","30","40847567"
"chr1","117310762","117310910","chr22","4196254","4196388","32","113114508"
"chr1","117312713","117312883","chr9","69544552","69544726","27","47768161"
"chr1","117313145","117313273","chr4","124094046","124094178","24","6780901"
"chr1","117330712","117330991","chr5","144486917","144487195","47","27156205"
"chr1","117348433","117348739","chr5","126505026","126505325","49","9156593"
"chr1","117349712","117349834","chr2B","116542300","116542423","15","807412"
"chr1","117352399","117352700","chr9","73189728","73190025","43","44162671"
"chr1","117359882","117360162","chr8","101730089","101730371","45","15629793"
"chr1","117365372","117365664","chr5","24762715","24763015","35","92602657"
"chr1","117374299","117374583","chr12","68841776","68842068","59","48532523"
"chr1","117392046","117392349","chr15","45049171","45049461","47","72342875"
"chr1","117396804","117396904","chr19","52996932","52997036","23","64399872"
"chr1","117403780","117404052","chr22","20154286","20154558","43","97249494"
"chr1","117408536","117408709","chr17","9182363","9182533","28","108226173"
"chr1","117419839","117420114","chr13","7813205","7813472","48","109606634"
"chr1","117431126","117431418","chr9","114191687","114191982","40","3239439"
"chr1","117504637","117504932","chr2B","396127","396421","37","117108510"
"chr1","117509153","117509461","chr20","5658832","5659137","44","111850321"
"chr1","117514244","117514360","chr6","114129106","114129225","11","3385138"
"chr1","117545222","117545510","chr15","48164142","48164429","33","69381080"
"chr1","117926836","117927154","chr6","169915612","169915925","66","51988776"
"chr1","117966256","117966572","chr9","33709747","33710065","40","84256509"
"chr1","117990732","117991017","chr6","12848274","12848557","42","105142458"
"chr1","117998985","117999293","chr9","33678453","33678762","53","84320532"
"chr1","118001777","118002082","chr13","51928535","51928835","74","66073242"
"chr1","118002121","118002145","chr7","76902601","76902621","4","41099520"
"chr1","118016922","118017064","chrX","119294972","119295111","10","1278050"
"chr1","118129586","118129711","chr12","29437714","29437844","23","88691872"
"chr1","118129733","118129861","chr11","2770864","2770992","12","115358869"
"chr1","118150497","118150806","chr6","135032678","135032982","57","16882181"
"chr1","118192417","118192721","chr2B","67540821","67541122","35","50651596"
"chr1","118215311","118215623","chr4","73229054","73229360","55","44986257"
"chr1","118419187","118419484","chr4","151686277","151686573","47","33267090"
"chr1","118445837","118446017","chr7","73643118","73643296","39","44802719"
"chr1","118446321","118446449","chr5","126110335","126110461","18","7664014"
"chr1","118523478","118523609","chr15","33044017","33044152","18","85479461"
"chr1","118586068","118586222","chr7","4386529","4386679","19","114199539"
"chr1","118604981","118605286","chr6","146408656","146408959","48","27803675"
"chr1","118635324","118635468","chr5","8064092","8064237","24","110571232"
"chr1","118635771","118635931","chr7","148192635","148192795","21","29556864"
"chr1","118649943","118650259","chr8","24352605","24352915","46","94297338"
"chr1","118678764","118678913","chr7","138248278","138248425","34","19569514"
"chr1","118685428","118685735","chr1","134751243","134751545","41","16065815"
"chr1","118717949","118717967","chr1","8693386","8693404","0","110024563"
"chr1","118717993","118718240","chr11","68911501","68911760","44","49806492"
"chr1","118729869","118730178","chrX","39033534","39033822","55","79696335"
"chr1","118755026","118755151","chr2B","96120242","96120374","14","22634784"
"chr1","118762068","118762362","chr5","14699892","14700190","44","104062176"
"chr1","118792817","118792950","chr1","1543282","1543416","25","117249535"
"chr1","118806747","118807055","chr4","166312893","166313198","45","47506146"
"chr1","118807651","118807773","chr12","34742523","34742657","25","84065128"
"chr1","118808081","118808262","chr1","10096784","10096970","26","108711297"
"chr1","118809714","118809998","chr8","103853182","103853465","46","14956532"
"chr1","118822008","118822308","chr1","30920505","30920809","42","87901503"
"chr1","118822414","118822546","chr10","60787459","60787592","19","58034955"
"chr1","118822851","118823000","chr3","9778050","9778199","22","109044801"
"chr1","118826416","118826558","chr1","111214979","111215120","19","7611437"
"chr1","118827764","118828049","chr15","29986856","29987143","48","88840908"
"chr1","118839491","118839767","chr13","87512622","87512903","57","31326869"
"chr1","118844866","118845169","chr2A","81433179","81433491","49","37411687"
"chr1","118845386","118845665","chr5","154215604","154215880","46","35370218"
"chr1","118849511","118849645","chr12","37056828","37056962","18","81792683"
"chr1","118849943","118850082","chr1","39415446","39415589","30","79434497"
"chr1","118851300","118851588","chr1","145866574","145866859","46","27015274"
"chr1","118871621","118871798","chr4","122122993","122123173","65","3251372"
"chr1","118878075","118878371","chr1","88668229","88668526","43","30209846"
"chr1","118937182","118937471","chr2A","32758818","32759106","40","86178364"
"chr1","118978308","118978619","chr4","81842876","81843187","42","37135432"
"chr1","118985721","118985867","chr7","75536719","75536858","36","43449002"
"chr1","118986156","118986266","chr4","163870071","163870182","18","44883915"
"chr1","119055439","119055507","chrX","117997591","117997659","8","1057848"
"chr1","119079196","119079470","chr7","129223677","129223959","63","10144481"
"chr1","119117857","119118095","chr1","130600086","130600318","40","11482229"
"chr1","119131609","119131868","chr15","2496840","2497102","39","116634769"
"chr1","119217729","119217928","chr8","63023768","63023969","40","56193961"
"chr1","119228277","119228618","chr3","199241411","199241745","77","80013134"
"chr1","119252765","119253066","chr9","32400528","32400825","47","86852237"
"chr1","119265571","119265869","chr2A","5246001","5246302","49","114019570"
"chr1","119323914","119324222","chr9","34622433","34622739","45","84701481"
"chr1","119381963","119382266","chr7","139963807","139964112","32","20581844"
"chr1","119391887","119392044","chr5","62272871","62273027","20","57119016"
"chr1","119446188","119446465","chr14","52194486","52194761","51","67251702"
"chr1","119494101","119494330","chr9","32171231","32171460","32","87322870"
"chr1","119524729","119524815","chr7","65088911","65088992","13","54435818"
"chr1","119542288","119542597","chr5","45966514","45966825","59","73575774"
"chr1","119558768","119558881","chr8","63631723","63631835","9","55927045"
"chr1","119631263","119631395","chrX","47697355","47697489","15","71933908"
"chr1","119631706","119631876","chr7","57082817","57082992","37","62548889"
"chr1","119706392","119706706","chr11","100700710","100701020","49","19005682"
"chr1","119769127","119769281","chr9","92326781","92326934","26","27442346"
"chr1","119904188","119904294","chr1","191931170","191931286","21","72026982"
"chr1","119920674","119920857","chr1","133554979","133555166","45","13634305"
"chr1","120040312","120040636","chr17","624563","624885","54","119415749"
"chr1","120050471","120050770","chr11","56728192","56728490","46","63322279"
"chr1","120078735","120079023","chr9","31577495","31577794","48","88501240"
"chr1","120133958","120134045","chr14","63048319","63048405","12","57085639"
"chr1","120165426","120165731","chr12","53339120","53339427","41","66826306"
"chr1","120166532","120166827","chrX","137684759","137685052","37","17518227"
"chr1","120173142","120173418","chr8","41621854","41622134","50","78551288"
"chr1","120251074","120251376","chr8","121871796","121872102","46","1620722"
"chr1","120274593","120274876","chr15","77937837","77938126","37","42336756"
"chr1","120301968","120302276","chr11","120312529","120312836","41","10561"
"chr1","120352631","120352693","chr5","143823176","143823239","12","23470545"
"chr1","120372626","120372907","chr3","172686794","172687079","42","52314168"
"chr1","120405879","120406192","chr6","37361889","37362199","49","83043990"
"chr1","120406257","120406553","chr12","35147057","35147353","47","85259200"
"chr1","120409621","120409923","chr9","30568184","30568480","53","89841437"
"chr1","120463012","120463244","chr9","31149497","31149725","35","89313515"
"chr1","120505238","120505531","chr19","46576055","46576351","51","73929183"
"chr1","120510645","120510848","chr20","30927268","30927467","37","89583377"
"chr1","120530667","120530717","chr9","31073166","31073216","7","89457501"
"chr1","120596279","120596430","chr7","67055752","67055897","23","53540527"
"chr1","120629610","120629913","chr9","30967886","30968187","35","89661724"
"chr1","120649755","120650045","chr12","119816270","119816560","37","833485"
"chr1","120656727","120657025","chr4","137202145","137202441","34","16545418"
"chr1","120669970","120670260","chr19","47230022","47230323","46","73439948"
"chr1","120686672","120686877","chr3","96511086","96511290","39","24175586"
"chr1","120736326","120736502","chr8","32936165","32936331","37","87800161"
"chr1","120736807","120736979","chr18","22835219","22835379","50","97901588"
"chr1","120774068","120774371","chrX","134264263","134264566","46","13490195"
"chr1","120812618","120812914","chr14","53235206","53235501","38","67577412"
"chr1","120840024","120840156","chr19","30976345","30976477","20","89863679"
"chr1","120843162","120843344","chr20","30927987","30928171","26","89915175"
"chr1","120869294","120869406","chr9","114519866","114519979","17","6349428"
"chr1","120960531","120960726","chr7","71292864","71293056","37","49667667"
"chr1","120963148","120963239","chr11","6078139","6078227","14","114885009"
"chr1","120975527","120975815","chr5","8422029","8422326","46","112553498"
"chr1","120976450","120976703","chr8","2592815","2593088","56","118383635"
"chr1","120990231","120990358","chr4","6002392","6002526","25","114987839"
"chr1","120990667","120990832","chr11","63520003","63520170","26","57470664"
"chr1","120993285","120993358","chr5","21970026","21970105","10","99023259"
"chr1","121015548","121015693","chr3","9778050","9778199","26","111237498"
"chr1","121015984","121016119","chr5","118006764","118006899","17","3009220"
"chr1","121046044","121046233","chr22","26004762","26004960","31","95041282"
"chr1","121047803","121048113","chr1","89938779","89939088","43","31109024"
"chr1","121050599","121050844","chr11","111715938","111716183","42","9334661"
"chr1","121050845","121050954","chr12","23487910","23488020","23","97562935"
"chr1","121069488","121069788","chr3","131643212","131643513","40","10573724"
"chr1","121079504","121079776","chrX","77233662","77233935","36","43845842"
"chr1","121093916","121094210","chrX","50769255","50769552","50","70324661"
"chr1","121132959","121133183","chr6","53974854","53975079","48","67158105"
"chr1","121139351","121139497","chr6","40746708","40746861","31","80392643"
"chr1","121162157","121162446","chr1","179786909","179787208","55","58624752"
"chr1","121164622","121164922","chr3","131643212","131643513","41","10478590"
"chr1","121166312","121166422","chr4","72852437","72852547","8","48313875"
"chr1","121169445","121169703","chr9","87770338","87770596","40","33399107"
"chr1","121185105","121185320","chr3","16576332","16576550","63","104608773"
"chr1","121205613","121205911","chr22","34467371","34467669","37","86738242"
"chr1","121209972","121210237","chrX","12667958","12668224","40","108542014"
"chr1","121222999","121223298","chr1","53462304","53462606","57","67760695"
"chr1","121225155","121225280","chr2B","116542300","116542423","15","4682855"
"chr1","121225320","121225466","chr11","106723599","106723743","44","14501721"
"chr1","121226402","121226569","chr19","7251575","7251742","23","113974827"
"chr1","121226598","121226723","chr19","17715988","17716113","20","103510610"
"chr1","121236249","121236506","chr1","116149726","116149980","41","5086523"
"chr1","121271029","121271136","chr12","93478349","93478456","13","27792680"
"chr1","121278122","121278255","chr3","8501615","8501750","21","112776507"
"chr1","121278545","121278716","chr5","46113476","46113645","25","75165069"
"chr1","121280327","121280641","chr10","12478771","12479089","65","108801556"
"chr1","121291823","121292124","chr8","125631614","125631911","45","4339791"
"chr1","121293875","121294130","chr1","17662907","17663165","44","103630968"
"chr1","121301179","121301395","chr1","52183942","52184158","36","69117237"
"chr1","121302047","121302313","chrX","9661138","9661421","53","111640909"
"chr1","121306364","121306581","chr9","30406262","30406480","33","90900102"
"chr1","121311270","121311562","chr6","46332308","46332601","39","74978962"
"chr1","121316360","121316589","chr1","25190644","25190872","34","96125716"
"chr1","121333025","121333142","chr12","36410722","36410841","18","84922303"
"chr1","121336104","121336247","chr1","29910241","29910381","27","91425863"
"chr1","121338242","121338530","chr9","30438660","30438956","48","90899582"
"chr1","121338736","121338867","chrX","129688031","129688160","17","8349295"
"chr1","121340352","121340658","chr5","34215137","34215446","43","87125215"
"chr1","121340719","121340956","chr10","111278981","111279213","72","10061738"
"chr1","121340976","121341275","chr11","123788780","123789076","41","2447804"
"chr1","121345884","121346128","chr21","34755672","34755930","52","86590212"
"chr1","121360888","121361156","chr6","45116904","45117166","50","76243984"
"chr1","121363247","121363567","chr4","39519019","39519334","49","81844228"
"chr1","121366344","121366426","chr11","75904325","75904401","23","45462019"
"chr1","121368468","121368791","chr17","64269256","64269562","51","57099212"
"chr1","121368859","121368874","chr1","215142004","215142018","3","93773145"
"chr1","121369175","121369327","chr1","57370132","57370285","23","63999043"
"chr1","121370458","121370639","chrX","27417608","27417792","27","93952850"
"chr1","121385024","121385328","chr10","60315423","60315716","54","61069601"
"chr1","121392801","121393079","chr19","17372220","17372501","39","104020581"
"chr1","121440985","121441291","chr9","65755742","65756046","38","55685243"
"chr1","121445616","121445748","chr7","73000651","73000786","16","48444965"
"chr1","121446041","121446218","chr8","10022124","10022302","36","111423917"
"chr1","121448764","121449050","chr10","85032894","85033191","45","36415870"
"chr1","121449951","121450249","chr16","2317278","2317578","46","119132673"
"chr1","121455053","121455191","chr7","72662602","72662737","21","48792451"
"chr1","121455196","121455344","chr10","102012","102162","28","121353184"
"chr1","121472458","121472757","chr5","34171375","34171672","50","87301083"
"chr1","121480301","121480600","chr5","34171375","34171672","52","87308926"
"chr1","121481831","121482032","chr14","57474427","57474626","42","64007404"
"chr1","121487202","121487372","chr4","39716140","39716311","45","81771062"
"chr1","121566262","121566567","chr16","59907182","59907488","34","61659080"
"chr1","121613146","121613423","chr4","21361861","21362148","45","100251285"
"chr1","121634169","121634505","chr2B","27278329","27278657","54","94355840"
"chr1","121682405","121682699","chr5","481918","482214","44","121200487"
"chr1","121683295","121683422","chrX","22199062","22199188","14","99484233"
"chr1","121684534","121684817","chr16","47114793","47115074","53","74569741"
"chr1","122017514","122017801","chr9","29687149","29687448","46","92330365"
"chr1","122037477","122037683","chr15","20645778","20645982","23","101391699"
"chr1","122052049","122052342","chr22","24224754","24225047","62","97827295"
"chr1","122237371","122237526","chr19","47786041","47786194","21","74451330"
"chr1","122248952","122249023","chr9","70459325","70459397","13","51789627"
"chr1","122520087","122520393","chrX","38609459","38609762","41","83910628"
"chr1","122544925","122545220","chrX","4516849","4517146","42","118028076"
"chr1","122557011","122557311","chr19","35564249","35564547","46","86992762"
"chr1","122561058","122561329","chr5","26951059","26951340","59","95609999"
"chr1","122570489","122570804","chr1","146725524","146725833","44","24155035"
"chr1","122630219","122630520","chr2B","113212969","113213263","43","9417250"
"chr1","122663881","122664012","chr10","29629252","29629383","18","93034629"
"chr1","122691959","122692274","chr9","29021663","29021966","69","93670296"
"chr1","122703909","122704223","chr4","24255507","24255804","57","98448402"
"chr1","122726571","122726733","chr2A","83315394","83315540","41","39411177"
"chr1","122729509","122729666","chr5","39390578","39390729","37","83338931"
"chr1","122729730","122729842","chr4","115125522","115125634","24","7604208"
"chr1","122765492","122765789","chr9","111015080","111015377","52","11750412"
"chr1","122768427","122768709","chr6","149858991","149859275","37","27090564"
"chr1","122769297","122769594","chr4","137202145","137202441","41","14432848"
"chr1","122778781","122779081","chr10","134056641","134056938","45","11277860"
"chr1","122794580","122794700","chr1","227439358","227439480","26","104644778"
"chr1","122795009","122795189","chr5","147118690","147118871","24","24323681"
"chr1","122850589","122850881","chr5","161201989","161202284","36","38351400"
"chr1","122855909","122856105","chr11","120281030","120281220","40","2574879"
"chr1","122856147","122856287","chr19","17296928","17297069","23","105559219"
"chr1","122877117","122877406","chr1","8625447","8625740","47","114251670"
"chr1","122924199","122924509","chr19","10983914","10984220","39","111940285"
"chr1","122995541","122995711","chrX","74273360","74273539","35","48722181"
"chr1","123017571","123017849","chr9","28678593","28678870","38","94338978"
"chr1","123021980","123022269","chr15","30997544","30997834","41","92024436"
"chr1","123023203","123023244","chr9","28672964","28673005","5","94350239"
"chr1","123149663","123149896","chr16","37601715","37601948","49","85547948"
"chr1","123266302","123266584","chr11","9465098","9465381","45","113801204"
"chr1","123301637","123301901","chrX","69875555","69875820","57","53426082"
"chr1","123309603","123309886","chr11","9468634","9468917","55","113840969"
"chr1","123347462","123347624","chr2A","66746762","66746920","29","56600700"
"chr1","123348080","123348306","chr8","80996890","80997107","42","42351190"
"chr1","123366584","123366841","chr1","191156781","191157034","43","67790197"
"chr1","123397221","123397517","chr1","20451683","20451984","48","102945538"
"chr1","123616748","123617050","chr5","138628386","138628688","53","15011638"
"chr1","123622058","123622367","chr11","68234872","68235182","46","55387186"
"chr1","123706024","123706314","chr13","7910956","7911254","47","115795068"
"chr1","123817634","123817884","chrX","115707677","115707928","33","8109957"
"chr1","123848367","123848651","chr2A","22783528","22783816","41","101064839"
"chr1","123868680","123868812","chr10","106853690","106853821","12","17014990"
"chr1","123897809","123898083","chr9","27695026","27695320","46","96202783"
"chr1","123927730","123928036","chr12","12050539","12050834","67","111877191"
"chr1","123996435","123996613","chr4","82724750","82724925","27","41271685"
"chr1","123996909","123997051","chr1","15319570","15319711","19","108677339"
"chr1","123999896","124000000","chr1","27749788","27749891","12","96250108"
"chr1","124010779","124011057","chr9","27577002","27577287","62","96433777"
"chr1","124119696","124119984","chr6","45713778","45714072","46","78405918"
"chr1","124382818","124383138","chr12","66862244","66862567","60","57520574"
"chr1","124516907","124517202","chr9","26891953","26892254","37","97624954"
"chr1","124527697","124527787","chr16","39415058","39415145","19","85112639"
"chr1","124704368","124704661","chr13","14812050","14812345","49","109892318"
"chr1","124720363","124720663","chr14","11718645","11718940","48","113001718"
"chr1","124819323","124819622","chr9","108869029","108869329","42","15950294"
"chr1","124882781","124883104","chr4","38562235","38562555","65","86320546"
"chr1","124928999","124929286","chr3","115049794","115050083","40","9879205"
"chr1","125057128","125057411","chrX","15626910","15627195","48","109430218"
"chr1","125098652","125098845","chr22","17569097","17569289","26","107529555"
"chr1","125145419","125145682","chr4","23634617","23634881","46","101510802"
"chr1","125215554","125215862","chr17","9599839","9600139","50","115615715"
"chr1","125336201","125336499","chr12","29819043","29819337","31","95517158"
"chr1","125391780","125392069","chr18","20634461","20634746","55","104757319"
"chr1","125411715","125411871","chr7","48329254","48329410","31","77082461"
"chr1","125500001","125500240","chr10","137092775","137093013","44","11592774"
"chr1","125526256","125526553","chr8","124511905","124512200","60","1014351"
"chr1","125558859","125559092","chrX","40490636","40490870","45","85068223"
"chr1","125578318","125578504","chrX","69925423","69925610","24","55652895"
"chr1","125585943","125586256","chr16","58866191","58866497","48","66719752"
"chr1","125597356","125597474","chr2B","83422734","83422853","15","42174622"
"chr1","125645468","125645769","chr4","64477034","64477339","37","61168434"
"chr1","125648312","125648607","chr13","77437423","77437717","42","48210889"
"chr1","125742339","125742649","chr19","17561130","17561434","52","108181209"
"chr1","125810143","125810415","chr20","24971365","24971636","65","100838778"
"chr1","125902675","125902973","chr5","141834090","141834391","45","15931415"
"chr1","125953830","125954113","chr4","40416724","40417008","44","85537106"
"chr1","126027114","126027193","chr3","11518852","11518930","14","114508262"
"chr1","126027386","126027622","chr1","28757416","28757663","48","97269970"
"chr1","126038341","126038629","chr5","75762204","75762492","37","50276137"
"chr1","126188691","126188979","chr21","33605699","33605991","46","92582992"
"chr1","126275633","126275936","chr3","113576048","113576345","50","12699585"
"chr1","126561243","126561336","chr19","6113591","6113681","31","120447652"
"chr1","126565841","126566120","chr1","163709618","163709895","52","37143777"
"chr1","126638274","126638578","chr10","35600822","35601121","48","91037452"
"chr1","126687714","126688004","chr2A","105754001","105754289","47","20933713"
"chr1","126950949","126951229","chr2A","44664094","44664374","39","82286855"
"chr1","127017186","127017469","chr9","91366557","91366846","53","35650629"
"chr1","127108787","127108939","chr22","24454420","24454556","31","102654367"
"chr1","127324492","127324791","chr7","139926384","139926680","47","12601892"
"chr1","127468673","127468927","chr1","116149726","116149980","40","11318947"
"chr1","127502550","127502842","chr6","3403020","3403311","48","124099530"
"chr1","127561569","127561857","chr1","27632294","27632581","55","99929275"
"chr1","127669330","127669564","chrX","23224345","23224580","37","104444985"
"chr1","127734345","127734637","chr4","110248134","110248433","42","17486211"
"chr1","127759913","127760204","chr7","77548302","77548597","39","50211611"
"chr1","128020997","128021113","chr7","6577400","6577514","18","121443597"
"chr1","128037949","128038104","chr9","23397662","23397829","31","104640287"
"chr1","128050300","128050585","chr2B","124977630","124977912","42","3072670"
"chr1","128419348","128419650","chr15","68336663","68336963","44","60082685"
"chr1","128524660","128524982","chr6","160869950","160870264","58","32345290"
"chr1","128615593","128615865","chr10","11136080","11136354","45","117479513"
"chr1","128684506","128684807","chr2B","26480721","26481019","37","102203785"
"chr1","128745521","128745815","chr3","10296218","10296513","33","118449303"
"chr1","128762939","128763134","chrX","24804997","24805192","25","103957942"
"chr1","128763824","128764129","chr5","54567667","54567971","34","74196157"
"chr1","128842373","128842668","chr20","13892539","13892832","48","114949834"
"chr1","128884775","128885077","chr14","23052783","23053083","47","105831992"
"chr1","128887003","128887209","chr8","26613364","26613558","40","102273639"
"chr1","128887521","128887637","chr9","43136566","43136682","20","85750955"
"chr1","128890285","128890348","chr12","7985140","7985201","14","120905145"
"chr1","128890384","128890403","chr1","114260824","114260842","2","14629560"
"chr1","128893214","128893313","chr3","64396048","64396147","13","64497166"
"chr1","128894281","128894598","chr5","19197626","19197935","50","109696655"
"chr1","128930920","128931222","chr3","193227508","193227814","35","64296588"
"chr1","128931809","128932104","chr17","90301573","90301867","39","38630236"
"chr1","128954796","128955106","chr9","109734146","109734451","36","19220650"
"chr1","128956449","128956735","chr9","105764174","105764464","56","23192275"
"chr1","128977195","128977431","chr1","51953422","51953648","41","77023773"
"chr1","129002311","129002612","chr13","7910956","7911254","40","121091355"
"chr1","129044706","129044988","chr8","48387419","48387700","35","80657287"
"chr1","129104499","129104622","chr9","15561049","15561173","20","113543450"
"chr1","129118845","129118954","chr1","23846574","23846684","20","105272271"
"chr1","129119240","129119398","chr22","24589283","24589438","21","104529957"
"chr1","129149887","129150162","chr12","122647274","122647552","45","6502613"
"chr1","129182311","129182399","chr20","50762455","50762540","13","78419856"
"chr1","129237938","129238228","chr10","146842986","146843276","45","17605048"
"chr1","129255609","129255898","chr6","110192592","110192884","55","19063017"
"chr1","129341802","129341969","chr9","22188793","22188951","37","107153009"
"chr1","129355979","129356280","chr7","157137240","157137534","45","27781261"
"chr1","129367086","129367391","chr1","184892432","184892742","33","55525346"
"chr1","129452752","129453021","chr11","86746237","86746509","34","42706515"
"chr1","129462656","129462946","chr10","116926077","116926371","49","12536579"
"chr1","129476713","129477002","chr3","199443194","199443483","41","69966481"
"chr1","129551139","129551435","chr11","36135929","36136236","42","93415210"
"chr1","129558579","129558855","chr17","7751867","7752151","40","121806712"
"chr1","129562506","129562606","chr1","21123280","21123379","20","108439226"
"chr1","129672244","129672441","chr1","21760602","21760803","24","107911642"
"chr1","129691148","129691451","chr6","161771326","161771623","53","32080178"
"chr1","129775808","129776087","chr11","126604463","126604746","49","3171345"
"chr1","129861670","129861799","chr2B","13381090","13381223","13","116480580"
"chr1","130093096","130093399","chr14","20497028","20497330","35","109596068"
"chr1","130198132","130198257","chr3","109606542","109606662","22","20591590"
"chr1","130202657","130202860","chr1","43028459","43028657","37","87174198"
"chr1","130205136","130205274","chr19","57724500","57724643","20","72480636"
"chr1","130413517","130413648","chr1","78871057","78871188","15","51542460"
"chr1","130413830","130413992","chr3","83667404","83667560","25","46746426"
"chr1","130684462","130684758","chr9","79446566","79446862","43","51237896"
"chr1","130747169","130747467","chr16","48443014","48443321","52","82304155"
"chr1","131125356","131125637","chr3","129661416","129661701","49","1463940"
"chr1","131161335","131161385","chr5","43403737","43403783","13","87757598"
"chr1","131186983","131187293","chr5","61155278","61155587","50","70031705"
"chr1","131241022","131241103","chr19","52524940","52525017","20","78716082"
"chr1","131261189","131261355","chr18","4219736","4219903","20","127041453"
"chr1","131271866","131272154","chr1","38634265","38634555","53","92637601"
"chr1","131364412","131364709","chr9","52135731","52136029","43","79228681"
"chr1","131460941","131461250","chr1","46005396","46005686","63","85455545"
"chr1","131481738","131482019","chr11","32735604","32735883","45","98746134"
"chr1","131496960","131497177","chr5","62363230","62363449","46","69133730"
"chr1","131560252","131560532","chr6","110692597","110692884","47","20867655"
"chr1","131579732","131579848","chr9","112014807","112014924","20","19564925"
"chr1","131583712","131584012","chr18","23025099","23025401","39","108558613"
"chr1","131604353","131604650","chr17","63715079","63715375","33","67889274"
"chr1","131652159","131652390","chrX","130116333","130116569","41","1535826"
"chr1","131654217","131654403","chr10","6301662","6301842","42","125352555"
"chr1","132013534","132013635","chr5","63007508","63007611","19","69006026"
"chr1","132042105","132042406","chr6","113134536","113134830","46","18907569"
"chr1","132083555","132083867","chrX","41194951","41195262","38","90888604"
"chr1","132094086","132094266","chr16","11651014","11651190","27","120443072"
"chr1","132143624","132143755","chr7","138891131","138891259","27","6747507"
"chr1","132144061","132144180","chr15","69621757","69621869","19","62522304"
"chr1","132155457","132155707","chr9","105647577","105647828","48","26507880"
"chr1","132259298","132259584","chr5","141330982","141331275","60","9071684"
"chr1","132411897","132412195","chr2B","15314472","15314761","52","117097425"
"chr1","132427096","132427320","chr4","38526014","38526241","47","93901082"
"chr1","132476957","132477268","chr6","75306789","75307098","51","57170168"
"chr1","132820756","132821042","chr15","43020169","43020454","50","89800587"
"chr1","132974444","132974741","chr2A","85758850","85759146","41","47215594"
"chr1","133330728","133331023","chr2B","10517829","10518124","41","122812899"
"chr1","133475322","133475602","chr1","192682408","192682686","57","59207086"
"chr1","133541094","133541393","chr16","28927597","28927897","50","104613497"
"chr1","133590992","133591124","chr1","35559881","35560012","11","98031111"
"chr1","133593901","133594204","chr18","3700313","3700619","47","129893588"
"chr1","133714874","133715030","chr1","45321380","45321540","26","88393494"
"chr1","133726862","133727130","chr13","60486287","60486566","53","73240575"
"chr1","133970326","133970472","chr15","41765635","41765778","25","92204691"
"chr1","134045509","134045683","chr9","107958866","107959041","19","26086643"
"chr1","134273114","134273400","chr8","103868121","103868408","35","30404993"
"chr1","134423710","134424002","chr7","21217030","21217325","38","113206680"
"chr1","134433087","134433386","chr9","21766777","21767078","49","112666310"
"chr1","134454670","134454866","chr5","32850651","32850834","46","101604019"
"chr1","134454947","134455077","chr15","33044017","33044152","17","101410930"
"chr1","134501319","134501608","chr7","106016300","106016595","36","28485019"
"chr1","134521560","134521865","chr5","41250187","41250489","39","93271373"
"chr1","134536151","134536445","chr18","23025099","23025401","42","111511052"
"chr1","134607148","134607277","chr3","60673331","60673458","26","73933817"
"chr1","134623172","134623467","chr5","5469653","5469952","37","129153519"
"chr1","134646041","134646158","chr11","123350008","123350126","10","11296033"
"chr1","134669563","134669853","chr9","16901788","16902090","38","117767775"
"chr1","134673843","134674101","chr17","817230","817487","36","133856613"
"chr1","134675405","134675700","chr2B","2582611","2582904","46","132092794"
"chr1","134676677","134676989","chr5","46247961","46248272","46","88428716"
"chr1","134708571","134708862","chr15","48164142","48164429","47","86544429"
"chr1","134780757","134781060","chr4","93828554","93828847","57","40952203"
"chr1","134791779","134792060","chr7","6168466","6168747","47","128623313"
"chr1","134806326","134806606","chr9","16735822","16736104","46","118070504"
"chr1","134883299","134883585","chr2A","83417717","83418013","41","51465582"
"chr1","134961307","134961442","chr7","138891131","138891259","27","3929824"
"chr1","134961747","134961882","chr6","168882415","168882550","21","33920668"
"chr1","134987030","134987232","chr1","114442505","114442704","29","20544525"
"chr1","135026775","135027080","chr1","30920505","30920809","41","104106270"
"chr1","135030988","135031133","chr12","103079011","103079145","43","31951977"
"chr1","135031370","135031506","chrX","119294972","119295111","22","15736398"
"chr1","135035688","135035937","chr9","16498271","16498514","40","118537417"
"chr1","135040170","135040258","chr4","104626800","104626888","17","30413370"
"chr1","135040430","135040639","chr19","43898221","43898431","34","91142209"
"chr1","135061983","135062121","chr17","7711193","7711327","15","127350790"
"chr1","135062399","135062557","chr14","10595427","10595591","32","124466972"
"chr1","135065600","135065719","chr11","123350008","123350126","18","11715592"
"chr1","135070446","135070707","chr14","54805719","54805978","42","80264727"
"chr1","135075075","135075354","chr5","125040055","125040335","42","10035020"
"chr1","135080388","135080676","chr20","33760731","33761027","38","101319657"
"chr1","135095547","135095692","chrX","47990443","47990583","32","87105104"
"chr1","135116039","135116166","chr15","73119233","73119360","17","61996806"
"chr1","135128955","135129247","chr5","156460231","156460525","40","21331276"
"chr1","135129792","135130103","chrX","68968370","68968681","41","66161422"
"chr1","135157317","135157559","chr11","129326038","129326273","38","5831279"
"chr1","135164907","135165039","chr2A","89720579","89720711","15","45444328"
"chr1","135167472","135167629","chr6","20955212","20955371","23","114212260"
"chr1","135185028","135185320","chr4","114203857","114204146","43","20981171"
"chr1","135188550","135188837","chr9","89495462","89495750","41","45693088"
"chr1","135195139","135195447","chr19","12209193","12209499","37","122985946"
"chr1","135198974","135199261","chr9","16314314","16314595","34","118884660"
"chr1","135216709","135216931","chr9","12398613","12398841","33","122818096"
"chr1","135218489","135218785","chr5","34598529","34598830","34","100619960"
"chr1","135238007","135238311","chr12","112321988","112322290","43","22916019"
"chr1","135278243","135278569","chr4","114232996","114233307","50","21045247"
"chr1","135280477","135280681","chr17","2610934","2611142","36","132669543"
"chr1","135280976","135281048","chr6","129815816","129815887","14","5465160"
"chr1","135283007","135283277","chr17","2303362","2303633","43","132979645"
"chr1","135283915","135284094","chr1","24681785","24681955","26","110602130"
"chr1","135284408","135284535","chr3","60785435","60785563","20","74498973"
"chr1","135302787","135303072","chr16","46959074","46959368","50","88343713"
"chr1","135316533","135316840","chr12","92652799","92653098","39","42663734"
"chr1","135348532","135348827","chr3","157439529","157439831","39","22090997"
"chr1","135350377","135350529","chr17","38049498","38049646","34","97300879"
"chr1","135363229","135363301","chr20","565630","565707","17","134797599"
"chr1","135363398","135363534","chr21","25448837","25448969","13","109914561"
"chr1","135367662","135367828","chrX","41845481","41845645","32","93522181"
"chr1","135368094","135368250","chr9","14497386","14497540","32","120870708"
"chr1","135386453","135386756","chr13","7000582","7000885","39","128385871"
"chr1","135399975","135400284","chr9","16115885","16116196","40","119284090"
"chr1","135401504","135401691","chr4","104944981","104945166","35","30456523"
"chr1","135416410","135416540","chr1","10043533","10043661","12","125372877"
"chr1","135439779","135439913","chr3","57833348","57833481","23","77606431"
"chr1","135440215","135440370","chr12","124975481","124975639","22","10464734"
"chr1","135442697","135442985","chr17","89516820","89517107","41","45925877"
"chr1","135452907","135453221","chr12","53339120","53339427","43","82113787"
"chr1","135455022","135455036","chr16","29184426","29184439","3","106270596"
"chr1","135455341","135455487","chrX","1391589","1391740","20","134063752"
"chr1","135465125","135465412","chr7","151609198","151609484","47","16144073"
"chr1","135473564","135473693","chr14","12485207","12485337","17","122988357"
"chr1","135475597","135475712","chr14","36120852","36120969","15","99354745"
"chr1","135475999","135476132","chr7","56588071","56588201","26","78887928"
"chr1","135476809","135477074","chr4","174442627","174442894","48","38965818"
"chr1","135479146","135479434","chr4","93828554","93828847","41","41650592"
"chr1","135504477","135504575","chr5","5772351","5772454","24","129732126"
"chr1","135504603","135504732","chr3","59065697","59065829","21","76438906"
"chr1","135505847","135505973","chr21","23023866","23023983","21","112481981"
"chr1","135508221","135508526","chr13","34282102","34282401","35","101226119"
"chr1","135509019","135509175","chr5","138512365","138512523","26","3003346"
"chr1","135512212","135512303","chr14","23880117","23880209","13","111632095"
"chr1","135512606","135512803","chr1","52818862","52819074","43","82693744"
"chr1","135530628","135530931","chr5","38135828","38136129","42","97394800"
"chr1","135532447","135532618","chr10","132245824","132245994","25","3286623"
"chr1","135532969","135533104","chr21","31662246","31662382","15","103870723"
"chr1","135534996","135535258","chr7","5159271","5159540","49","130375725"
"chr1","135537282","135537497","chr6","24602816","24603029","31","110934466"
"chr1","135538766","135539036","chr12","38993362","38993632","61","96545404"
"chr1","135542904","135543195","chr11","3623940","3624232","32","131918964"
"chr1","135549759","135549953","chr8","26613364","26613558","35","108936395"
"chr1","135550552","135550686","chr1","65876428","65876562","16","69674124"
"chr1","135551436","135551741","chr1","212745117","212745410","50","77193681"
"chr1","135553237","135553516","chr1","28231149","28231432","48","107322088"
"chr1","135556115","135556412","chr10","89144108","89144414","54","46412007"
"chr1","135556421","135556719","chr10","110020152","110020451","51","25536269"
"chr1","135556770","135556911","chr16","15498844","15499002","36","120057926"
"chr1","135557831","135557961","chr3","58633574","58633709","23","76924257"
"chr1","135557981","135558185","chr5","94463962","94464165","38","41094019"
"chr1","135558402","135558620","chr19","52902166","52902378","52","82656236"
"chr1","135560154","135560264","chr10","15388646","15388757","15","120171508"
"chr1","135560314","135560597","chr14","38709802","38710086","62","96850512"
"chr1","135561869","135562049","chr16","182392","182565","43","135379477"
"chr1","135563788","135563937","chr5","35839264","35839400","38","99724524"
"chr1","135564235","135564370","chr19","32515543","32515675","20","103048692"
"chr1","135568147","135568276","chr2A","89720579","89720711","11","45847568"
"chr1","135568542","135568692","chr7","64954246","64954405","38","70614296"
"chr1","135569205","135569353","chr7","64954246","64954405","36","70614959"
"chr1","135574701","135574766","chr1","74149141","74149207","11","61425560"
"chr1","135574946","135575233","chrX","42631201","42631497","48","92943745"
"chr1","135577647","135577761","chr10","100784496","100784612","16","34793151"
"chr1","135578073","135578263","chr17","8357408","8357593","36","127220665"
"chr1","135580517","135580797","chr15","48164142","48164429","49","87416375"
"chr1","135581832","135582111","chr15","12687997","12688279","43","122893835"
"chr1","135582957","135583258","chr18","1704398","1704702","37","133878559"
"chr1","135596250","135596561","chr16","1946564","1946869","50","133649686"
"chr1","135599279","135599582","chr15","71022336","71022646","52","64576943"
"chr1","135600687","135600981","chr12","14078510","14078799","54","121522177"
"chr1","135606002","135606126","chr15","63866455","63866580","14","71739547"
"chr1","135609046","135609206","chr16","78733739","78733900","29","56875307"
"chr1","135610696","135610794","chr1","21060252","21060351","11","114550444"
"chr1","135617763","135617994","chr1","182565523","182565747","42","46947760"
"chr1","135640642","135640758","chr12","104094166","104094279","20","31546476"
"chr1","135649729","135649831","chr16","80415695","80415794","30","55234034"
"chr1","135650142","135650438","chr9","15546055","15546350","45","120104087"
"chr1","135681082","135681304","chr13","1408661","1408872","44","134272421"
"chr1","135683000","135683307","chr5","2802386","2802690","46","132880614"
"chr1","135684027","135684056","chr1","9732300","9732328","7","125951727"
"chr1","135684314","135684486","chr1","32386206","32386377","31","103298108"
"chr1","135686964","135687276","chr12","94780867","94781174","45","40906097"
"chr1","135697770","135697986","chrX","135080921","135081152","41","616849"
"chr1","135709757","135709893","chr6","168882415","168882550","24","33172658"
"chr1","135710191","135710351","chr14","21056651","21056807","24","114653540"
"chr1","135725199","135725489","chr8","67446984","67447287","53","68278215"
"chr1","135725490","135725617","chr14","12485207","12485337","12","123240283"
"chr1","135727344","135727480","chr5","38624990","38625126","20","97102354"
"chr1","135727777","135727947","chr4","124178744","124178902","43","11549033"
"chr1","135731580","135731747","chr6","36357202","36357360","35","99374378"
"chr1","135731789","135731944","chr7","133466004","133466163","25","2265785"
"chr1","135741480","135741771","chrX","137684759","137685052","38","1943279"
"chr1","135744977","135745262","chr2A","74617569","74617854","46","61127408"
"chr1","135751912","135752198","chr1","212745117","212745410","44","76993205"
"chr1","135759669","135759969","chr7","158676345","158676646","41","22916676"
"chr1","135764339","135764488","chr6","36576189","36576324","32","99188150"
"chr1","135771866","135772158","chr9","15447137","15447431","46","120324729"
"chr1","135777843","135778125","chr8","73267874","73268149","51","62509969"
"chr1","135779257","135779568","chr7","143977985","143978293","53","8198728"
"chr1","135782821","135783131","chr3","190276346","190276640","64","54493525"
"chr1","135787797","135788024","chr2A","10492639","10492868","35","125295158"
"chr1","135790927","135791009","chr16","8862855","8862935","20","126928072"
"chr1","135792782","135792911","chr6","141208908","141209041","25","5416126"
"chr1","135800488","135800622","chr6","33902335","33902470","21","101898153"
"chr1","135800916","135801100","chr19","37287504","37287683","39","98513412"
"chr1","135804405","135804538","chr5","118006764","118006899","16","17797641"
"chr1","135817778","135817883","chr1","9473281","9473386","14","126344497"
"chr1","135818465","135818609","chrX","71104516","71104661","19","64713949"
"chr1","135818910","135819070","chr7","104320068","104320227","25","31498842"
"chr1","135819071","135819238","chr18","18577424","18577586","35","117241647"
"chr1","135820592","135820897","chr15","52688623","52688937","43","83131969"
"chr1","135827781","135827886","chr1","13984437","13984548","19","121843344"
"chr1","135836337","135836465","chr3","59065697","59065829","18","76770640"
"chr1","135836472","135836766","chrX","148169944","148170241","38","12333472"
"chr1","135841782","135842078","chr1","65854541","65854833","41","69987241"
"chr1","135850591","135850755","chr5","19584116","19584279","31","116266475"
"chr1","135851058","135851068","chr13","1361160","1361170","2","134489898"
"chr1","135851372","135851508","chr8","118134000","118134134","21","17717372"
"chr1","135855553","135855848","chr1","31395653","31395943","36","104459900"
"chr1","135856034","135856194","chr3","50494945","50495104","27","85361089"
"chr1","135856512","135856647","chr19","49740448","49740583","12","86116064"
"chr1","135860539","135860699","chr9","15360495","15360655","25","120500044"
"chr1","135861005","135861133","chr7","74162318","74162446","18","61698687"
"chr1","135863463","135863735","chr3","107456572","107456855","51","28406891"
"chr1","135868055","135868175","chr3","128859796","128859915","15","7008259"
"chr1","135878247","135878385","chr11","1200315","1200449","24","134677932"
"chr1","135878999","135879166","chr1","86252956","86253123","24","49626043"
"chr1","135888713","135888892","chr22","12987595","12987769","28","122901118"
"chr1","135889190","135889323","chr7","73956640","73956776","20","61932550"
"chr1","135891822","135891955","chr1","168543967","168544101","19","32652145"
"chr1","135892262","135892425","chr7","43244604","43244764","22","92647658"
"chr1","135895353","135895487","chr3","8501615","8501750","16","127393738"
"chr1","135895488","135895799","chr10","13687740","13688043","45","122207748"
"chr1","135895800","135895961","chr1","130521500","130521664","28","5374300"
"chr1","135907939","135908057","chr10","60326661","60326780","18","75581278"
"chr1","135915547","135915676","chr15","3356805","3356936","11","132558742"
"chr1","135929520","135929703","chr1","38128287","38128467","31","97801233"
"chr1","135930010","135930147","chr3","44454705","44454845","27","91475305"
"chr1","135936227","135936379","chr2B","100801585","100801732","22","35134642"
"chr1","135937957","135938247","chr6","157662992","157663282","38","21725035"
"chr1","135947206","135947512","chr1","150469027","150469333","47","14521821"
"chr1","135949747","135949873","chr1","71393655","71393787","22","64556092"
"chr1","135956166","135956279","chr4","72852437","72852547","12","63103729"
"chr1","135960775","135961059","chr1","140111421","140111707","42","4150646"
"chr1","135966168","135966327","chr1","45321380","45321540","26","90644788"
"chr1","135973494","135973809","chr3","10498224","10498527","49","125475270"
"chr1","135976726","135977002","chr1","129199935","129200200","44","6776791"
"chr1","135983816","135983992","chr16","23669145","23669323","31","112314671"
"chr1","135997824","135998058","chr10","39054204","39054431","50","96943620"
"chr1","136011507","136011813","chr4","171202478","171202770","54","35190971"
"chr1","136011861","136011916","chr1","51233630","51233687","8","84778231"
"chr1","136011917","136012115","chr6","151760763","151760962","37","15748846"
"chr1","136017492","136017613","chr15","73119233","73119360","17","62898259"
"chr1","136018518","136018748","chr9","15251455","15251685","28","120767063"
"chr1","136049361","136049665","chr1","212289745","212290052","36","76240384"
"chr1","136052805","136052978","chr4","150053362","150053530","33","14000557"
"chr1","136065288","136065577","chr3","197976328","197976618","47","61911040"
"chr1","136077383","136077678","chr5","40653593","40653887","33","95423790"
"chr1","136084373","136084458","chr1","109139016","109139099","18","26945357"
"chr1","136085204","136085366","chrX","69931574","69931735","20","66153630"
"chr1","136085636","136085768","chr7","82210564","82210699","19","53875072"
"chr1","136095299","136095587","chr13","27943076","27943376","46","108152223"
"chr1","136100675","136100805","chr5","118006764","118006899","14","18093911"
"chr1","136111395","136111486","chr9","70059064","70059157","18","66052331"
"chr1","136131817","136131944","chr11","117333933","117334065","15","18797884"
"chr1","136140535","136140703","chr1","134821686","134821848","28","1318849"
"chr1","136217941","136218230","chr9","106799866","106800156","39","29418075"
"chr1","136354223","136354474","chr7","158184262","158184491","65","21830039"
"chr1","136369460","136369733","chr9","103387026","103387306","37","32982434"
"chr1","136371621","136371920","chr1","38037742","38038041","40","98333879"
"chr1","136379810","136380106","chr2A","15843046","15843342","43","120536764"
"chr1","136392097","136392391","chr9","14853996","14854287","42","121538101"
"chr1","136419209","136419509","chr2B","92229313","92229618","36","44189896"
"chr1","136453347","136453637","chr3","182319983","182320279","36","45866636"
"chr1","136454317","136454521","chr1","21760602","21760803","29","114693715"
"chr1","136465339","136465602","chr4","117879289","117879550","51","18586050"
"chr1","136468788","136469050","chr11","107773413","107773677","38","28695375"
"chr1","136481699","136481983","chr10","115956895","115957189","33","20524804"
"chr1","136570451","136570599","chr14","21056651","21056807","31","115513800"
"chr1","136570890","136571024","chr1","65876428","65876562","21","70694462"
"chr1","136670498","136670815","chr9","14519656","14519964","43","122150842"
"chr1","136687257","136687552","chr9","74985866","74986157","35","61701391"
"chr1","136738175","136738478","chr1","15537107","15537412","39","121201068"
"chr1","136740104","136740371","chr5","149940911","149941195","51","13200807"
"chr1","136751614","136751680","chr11","63584344","63584411","12","73167270"
"chr1","136757261","136757426","chr11","107654526","107654690","23","29102735"
"chr1","136760229","136760359","chr1","206397442","206397578","14","69637213"
"chr1","136773982","136774277","chr9","14399733","14400040","47","122374249"
"chr1","136775049","136775291","chr1","43158847","43159094","29","93616202"
"chr1","136790936","136791179","chr3","66797838","66798100","57","69993098"
"chr1","136804555","136804825","chr6","161500053","161500329","48","24695498"
"chr1","136817888","136818161","chr6","157767447","157767718","40","20949559"
"chr1","136821823","136821969","chr9","114519980","114520119","27","22301843"
"chr1","136822274","136822435","chr7","104320068","104320227","22","32502206"
"chr1","136839860","136840150","chr10","147453462","147453750","69","10613602"
"chr1","136860148","136860286","chr5","162152105","162152232","23","25291957"
"chr1","136875973","136876239","chr8","17330253","17330523","57","119545720"
"chr1","136877392","136877679","chr7","156101400","156101691","43","19224008"
"chr1","136908486","136908822","chr1","93519137","93519467","56","43389349"
"chr1","136915981","136916272","chr9","14225860","14226149","38","122690121"
"chr1","136958111","136958241","chr1","209742215","209742351","23","72784104"
"chr1","136958543","136958701","chr10","14983614","14983773","32","121974929"
"chr1","136979929","136980181","chr1","36389603","36389838","53","100590326"
"chr1","137018141","137018270","chr1","46966654","46966781","15","90051487"
"chr1","137028859","137029155","chr5","24599347","24599646","54","112429512"
"chr1","137060530","137060656","chr9","88024158","88024282","25","49036372"
"chr1","137060927","137061144","chr5","53348066","53348275","40","83712861"
"chr1","137121062","137121365","chr15","1886496","1886796","37","135234566"
"chr1","137136152","137136395","chr18","46629490","46629732","39","90506662"
"chr1","137186991","137187029","chr12","90338915","90338951","9","46848076"
"chr1","137215526","137215807","chr21","31933268","31933561","48","105282258"
"chr1","137232730","137233044","chr12","24397776","24398085","39","112834954"
"chr1","137258444","137258739","chr1","44980919","44981222","44","92277525"
"chr1","137275886","137276158","chr4","89358637","89358923","48","47917249"
"chr1","137295514","137295837","chr1","161273088","161273409","54","23977574"
"chr1","137309292","137309542","chr19","10760096","10760341","36","126549196"
"chr1","137331647","137331773","chr3","46948804","46948928","20","90382843"
"chr1","137331811","137331974","chr5","23460616","23460778","25","113871195"
"chr1","137333688","137333984","chr13","10245280","10245578","47","127088408"
"chr1","137384263","137384393","chr5","8509702","8509833","17","128874561"
"chr1","137395906","137396135","chr7","158184262","158184491","37","20788356"
"chr1","137402888","137403023","chr7","73022172","73022307","11","64380716"
"chr1","137403307","137403434","chr22","24845914","24846051","24","112557393"
"chr1","137406842","137407127","chr3","49832450","49832736","39","87574392"
"chr1","137409416","137409710","chr2A","66119534","66119831","45","71289882"
"chr1","137410972","137411272","chr8","100919933","100920228","40","36491039"
"chr1","137416525","137416813","chr20","43229797","43230089","42","94186728"
"chr1","137426163","137426457","chrX","50606946","50607243","39","86819217"
"chr1","137469649","137469932","chr11","14342140","14342425","42","123127509"
"chr1","137474103","137474406","chr4","39436180","39436476","34","98037923"
"chr1","137487661","137487970","chr2B","112854963","112855262","59","24632698"
"chr1","137544712","137544992","chr11","9465098","9465381","36","128079614"
"chr1","137546930","137547064","chr5","118006764","118006899","14","19540166"
"chr1","137551690","137552000","chr3","143733492","143733803","39","6181802"
"chr1","137554909","137555213","chr19","18237309","18237612","40","119317600"
"chr1","137604498","137604786","chr9","111762498","111762778","42","25842000"
"chr1","137634642","137634916","chr11","33106685","33106962","58","104527957"
"chr1","137674096","137674383","chr9","117733372","117733651","41","19940724"
"chr1","137677927","137678203","chr10","87272770","87273045","48","50405157"
"chr1","137680537","137680816","chr7","69146726","69147000","57","68533811"
"chr1","137711990","137712296","chr18","54871648","54871956","38","82840342"
"chr1","137741717","137741977","chr5","32739792","32740066","48","105001925"
"chr1","137746307","137746498","chr5","1720610","1720801","34","136025697"
"chr1","137792844","137793110","chr14","38348718","38348980","37","99444126"
"chr1","137879905","137880189","chr9","47997131","47997418","38","89882774"
"chr1","137883459","137883746","chr9","98361725","98362019","47","39521734"
"chr1","137883822","137884134","chr17","89099068","89099374","51","48784754"
"chr1","137904731","137905020","chr1","111029139","111029432","55","26875592"
"chr1","137905023","137905334","chr5","94004472","94004781","34","43900551"
"chr1","137909334","137909613","chr19","54240286","54240555","62","83669048"
"chr1","137919292","137919472","chr20","31440725","31440909","42","106478567"
"chr1","137919507","137919728","chr15","76027562","76027779","44","61891945"
"chr1","137940580","137940695","chr3","50836150","50836264","9","87104430"
"chr1","137960220","137960334","chrX","24288832","24288946","9","113671388"
"chr1","137961079","137961382","chr1","16912410","16912710","66","121048669"
"chr1","137975446","137975739","chr12","29819043","29819337","37","108156403"
"chr1","137976635","137976900","chr14","68269436","68269700","48","69707199"
"chr1","137981063","137981364","chr9","64581038","64581336","46","73400025"
"chr1","137981544","137981667","chr10","60326661","60326780","23","77654883"
"chr1","137983655","137983943","chr8","76292317","76292607","50","61691338"
"chr1","137986456","137986756","chr13","93236636","93236942","40","44749820"
"chr1","137987682","137987985","chr20","35568799","35569108","53","102418883"
"chr1","137989104","137989388","chrX","40545871","40546151","52","97443233"
"chr1","137993791","137993904","chr2B","106843871","106843980","19","31149920"
"chr1","137993907","137994116","chr15","61222677","61222892","19","76771230"
"chr1","137994419","137994554","chr3","8501615","8501750","12","129492804"
"chr1","137999607","137999906","chr4","110248134","110248433","33","27751473"
"chr1","138000211","138000496","chr11","62999444","62999728","50","75000767"
"chr1","138002211","138002487","chr10","32440148","32440424","42","105562063"
"chr1","138013241","138013446","chr6","110411612","110411810","41","27601629"
"chr1","138015404","138015535","chr1","71393655","71393787","9","66621749"
"chr1","138021243","138021532","chr9","47997131","47997418","45","90024112"
"chr1","138033367","138033671","chr15","20286636","20286933","41","117746731"
"chr1","138034692","138034990","chr15","19067979","19068278","39","118966713"
"chr1","138040412","138040684","chr18","60480459","60480740","39","77559953"
"chr1","138047749","138048010","chr17","27646279","27646544","48","110401470"
"chr1","138061911","138062200","chr14","61097634","61097920","40","76964277"
"chr1","138062696","138063026","chr7","78896768","78897094","80","59165928"
"chr1","138070463","138070757","chr11","118566750","118567050","42","19503713"
"chr1","138072340","138072639","chr6","53299732","53300029","42","84772608"
"chr1","138079818","138080123","chr4","39159985","39160283","44","98919833"
"chr1","138081019","138081165","chr1","16114894","16115042","25","121966125"
"chr1","138081471","138081596","chr5","40661586","40661715","28","97419885"
"chr1","138086112","138086401","chr6","28537857","28538151","37","109548255"
"chr1","138139285","138139551","chr14","6314745","6315012","48","131824540"
"chr1","138195778","138196075","chr7","98148521","98148821","32","40047257"
"chr1","138226993","138227262","chr2B","63094925","63095207","55","75132068"
"chr1","138246835","138247103","chr15","77995336","77995623","55","60251499"
"chr1","138250599","138250901","chr8","101544594","101544890","38","36706005"
"chr1","138253558","138253691","chr14","45167827","45167959","18","93085731"
"chr1","138254650","138254882","chr3","45906754","45906985","40","92347896"
"chr1","138255174","138255258","chr4","38523647","38523730","16","99731527"
"chr1","138266316","138266611","chr17","7388146","7388443","54","130878170"
"chr1","138281118","138281269","chr1","205516831","205516982","22","67235713"
"chr1","138300761","138301055","chr7","134938326","134938628","43","3362435"
"chr1","138307633","138307749","chr13","83014100","83014216","12","55293533"
"chr1","138308367","138308498","chr3","50265907","50266042","16","88042460"
"chr1","138329415","138329530","chr5","102286885","102287000","15","36042530"
"chr1","138345005","138345177","chr15","18645344","18645517","36","119699661"
"chr1","138347503","138347756","chr9","13032282","13032550","46","125315221"
"chr1","138354509","138354757","chr17","85280033","85280282","39","53074476"
"chr1","138357555","138357874","chr10","98200346","98200670","60","40157209"
"chr1","138358285","138358555","chr3","199391516","199391788","43","61033231"
"chr1","138361510","138361641","chrX","55162999","55163134","23","83198511"
"chr1","138361951","138362091","chr10","97329529","97329669","29","41032422"
"chr1","138368930","138369223","chr5","125184001","125184295","47","13184929"
"chr1","138372387","138372522","chr1","209383866","209384001","22","71011479"
"chr1","138372847","138373015","chr12","32730115","32730281","33","105642732"
"chr1","138404822","138405064","chr13","83385126","83385370","42","55019696"
"chr1","138413634","138413717","chr4","24729942","24730026","18","113683692"
"chr1","138416106","138416294","chr7","152538510","152538702","31","14122404"
"chr1","138424567","138424877","chr10","109678638","109678926","76","28745929"
"chr1","138448728","138448854","chr15","73119233","73119360","14","65329495"
"chr1","138449814","138450047","chr14","58801377","58801616","36","79648437"
"chr1","138450051","138450172","chr6","109289964","109290086","16","29160087"
"chr1","138455428","138455714","chr11","123114043","123114321","45","15341385"
"chr1","138455741","138455926","chr6","3876750","3876945","33","134578991"
"chr1","138460855","138460952","chr8","146418339","146418436","13","7957484"
"chr1","138462504","138462618","chr4","44883709","44883822","13","93578795"
"chr1","138465044","138465202","chr19","45723833","45723986","36","92741211"
"chr1","138467143","138467436","chr6","95194922","95195216","37","43272221"
"chr1","138468905","138469033","chr1","17226399","17226532","23","121242506"
"chr1","138469386","138469492","chr7","5004294","5004400","14","133465092"
"chr1","138473153","138473365","chr1","45196924","45197147","37","93276229"
"chr1","138482356","138482653","chr2B","129528389","129528691","45","8953967"
"chr1","138487045","138487212","chr6","112831541","112831707","21","25655504"
"chr1","138487516","138487652","chr4","121964169","121964304","13","16523347"
"chr1","138496060","138496151","chr4","3071040","3071129","12","135425020"
"chr1","138498583","138498709","chr3","115180873","115181000","15","23317710"
"chr1","138498884","138499103","chr8","34463872","34464085","29","104035012"
"chr1","138502154","138502455","chr19","8411007","8411306","49","130091147"
"chr1","138504509","138504802","chr15","18841875","18842169","36","119662634"
"chr1","138514480","138514777","chr7","154133029","154133326","36","15618549"
"chr1","138514894","138515186","chr1","228783403","228783695","41","90268509"
"chr1","138522605","138522874","chr9","12860150","12860425","54","125662455"
"chr1","138526656","138526833","chr1","65227101","65227266","48","73299555"
"chr1","138527335","138527631","chr5","24372432","24372725","53","114154903"
"chr1","138536695","138536826","chr1","64265288","64265418","14","74271407"
"chr1","138575196","138575243","chr11","60326461","60326513","10","78248735"
"chr1","138578954","138579082","chr11","120280731","120280862","14","18298223"
"chr1","138579196","138579313","chr18","19712106","19712226","14","118867090"
"chr1","138584357","138584622","chr11","18058042","18058307","51","120526315"
"chr1","138588301","138588431","chr5","35633795","35633931","15","102954506"
"chr1","138590742","138591049","chr11","47887591","47887891","45","90703151"
"chr1","138591709","138592002","chr9","111035492","111035776","42","27556217"
"chr1","138637697","138637827","chr1","78871057","78871188","16","59766640"
"chr1","138637828","138638128","chr11","118942732","118943032","38","19695096"
"chr1","138638129","138638295","chr16","31552584","31552750","27","107085545"
"chr1","138647594","138647829","chr19","28189308","28189537","40","110458286"
"chr1","138665244","138665551","chr6","80452812","80453119","47","58212432"
"chr1","138681701","138681837","chr3","50154302","50154437","17","88527399"
"chr1","138797517","138797673","chr10","121510276","121510431","25","17287241"
"chr1","138797721","138797853","chr1","205772785","205772916","22","66975064"
"chr1","138800255","138800528","chr18","71076823","71077102","55","67723432"
"chr1","138893463","138893768","chr4","24255507","24255804","44","114637956"
"chr1","138917177","138917471","chr5","34342138","34342431","39","104575039"
"chr1","138917508","138917526","chr2B","118835703","118835721","2","20081805"
"chr1","138921633","138921912","chrX","15626910","15627195","38","123294723"
"chr1","138977597","138977875","chr1","7595110","7595386","46","131382487"
"chr1","138977929","138977946","chr4","44836602","44836616","3","94141327"
"chr1","138979641","138979915","chr5","24089428","24089692","34","114890213"
"chr1","138981040","138981344","chr3","173174796","173175094","35","34193756"
"chr1","139013162","139013400","chr2A","63086181","63086421","41","75926981"
"chr1","139013423","139013475","chr1","13627380","13627435","10","125386043"
"chr1","139014897","139015013","chr3","45629081","45629198","11","93385816"
"chr1","139017477","139017768","chr6","45713778","45714072","37","93303699"
"chr1","139021352","139021647","chr14","723737","724031","41","138297615"
"chr1","139023781","139023913","chr1","71393655","71393787","13","67630126"
"chr1","139027066","139027204","chr6","156189946","156190077","15","17162880"
"chr1","139048979","139049275","chr3","109414540","109414837","36","29634439"
"chr1","139082867","139083064","chr17","34433342","34433525","40","104649525"
"chr1","139111391","139111568","chr8","7700989","7701162","31","131410402"
"chr1","139111869","139112004","chr5","61417733","61417868","15","77694136"
"chr1","139136575","139136868","chr17","4733106","4733396","65","134403469"
"chr1","139182135","139182260","chr1","168543967","168544101","27","29361832"
"chr1","139212421","139212679","chr17","817230","817487","45","138395191"
"chr1","139221054","139221184","chr1","213473838","213473970","15","74252784"
"chr1","139245803","139245989","chrX","22378078","22378260","31","116867725"
"chr1","139272615","139272903","chrX","130072496","130072785","54","9200119"
"chr1","139272926","139273212","chr8","82894963","82895258","42","56377963"
"chr1","139277349","139277675","chrX","53553625","53553937","51","85723724"
"chr1","139297848","139297992","chr5","141221195","141221336","26","1923347"
"chr1","139302519","139302817","chr1","193132439","193132740","42","53829920"
"chr1","139311243","139311531","chr15","64804002","64804295","39","74507241"
"chr1","139317580","139317709","chr1","71393655","71393787","15","67923925"
"chr1","139324181","139324472","chr18","17726810","17727095","47","121597371"
"chr1","139336929","139337227","chr9","50801939","50802239","39","88534990"
"chr1","139368009","139368255","chr1","110184272","110184525","46","29183737"
"chr1","139393694","139393986","chr8","78225497","78225786","41","61168197"
"chr1","139403630","139403763","chr1","62720965","62721097","18","76682665"
"chr1","139404599","139404712","chr12","37012665","37012778","9","102391934"
"chr1","139405470","139405565","chr19","3853968","3854066","18","135551502"
"chr1","139412869","139413138","chr4","15694125","15694406","50","123718744"
"chr1","139413757","139414057","chr7","158676345","158676646","32","19262588"
"chr1","139423579","139423881","chrX","77518385","77518682","50","61905194"
"chr1","139423895","139424188","chr9","93885770","93886065","38","45538125"
"chr1","139432964","139433053","chr15","67733089","67733181","9","71699875"
"chr1","139442579","139442866","chr6","45713778","45714072","39","93728801"
"chr1","139456103","139456244","chrX","47697355","47697489","18","91758748"
"chr1","139456527","139456693","chr4","107557825","107558000","35","31898702"
"chr1","139461018","139461284","chr12","52309270","52309537","48","87151748"
"chr1","139492978","139493262","chr6","7459620","7459909","55","132033358"
"chr1","139498668","139498969","chr15","46012653","46012953","43","93486015"
"chr1","139501003","139501160","chrX","41479831","41479981","24","98021172"
"chr1","139501821","139502124","chr9","11865460","11865766","36","127636361"
"chr1","139514359","139514465","chr15","21669549","21669654","11","117844810"
"chr1","139528566","139528856","chr9","106799866","106800156","37","32728700"
"chr1","139543924","139544027","chr22","15546154","15546268","23","123997770"
"chr1","139544339","139544496","chr17","1928490","1928643","19","137615849"
"chr1","139546895","139547195","chr11","60241849","60242146","43","79305046"
"chr1","139548299","139548580","chr16","28442017","28442289","44","111106282"
"chr1","139567901","139568199","chr11","66003552","66003850","40","73564349"
"chr1","139606032","139606312","chr8","77956553","77956839","43","61649479"
"chr1","139650016","139650156","chr1","46087708","46087847","25","93562308"
"chr1","139652915","139653187","chr8","98924805","98925093","52","40728110"
"chr1","139658069","139658342","chr3","184635233","184635507","39","44977164"
"chr1","139663626","139663760","chr16","76481846","76481981","20","63181780"
"chr1","139663761","139664061","chr2B","71437249","71437549","35","68226512"
"chr1","139664062","139664209","chr15","526425","526576","31","139137637"
"chr1","139664767","139665062","chr22","25326445","25326744","39","114338322"
"chr1","139669039","139669335","chr8","15824738","15825034","39","123844301"
"chr1","139682843","139683038","chr5","40351721","40351918","23","99331122"
"chr1","139704476","139704771","chr19","3208420","3208712","41","136496056"
"chr1","139725957","139726252","chr9","116793954","116794255","38","22932003"
"chr1","139726796","139727084","chr4","15479223","15479514","36","124247573"
"chr1","139760880","139761005","chr5","126110335","126110461","14","13650545"
"chr1","139774633","139774768","chrX","119771134","119771269","15","20003499"
"chr1","139782416","139782693","chr5","130194768","130195045","51","9587648"
"chr1","139784473","139784783","chr15","20911010","20911309","51","118873463"
"chr1","139791012","139791314","chr11","120932649","120932956","43","18858363"
"chr1","139796407","139796537","chrX","9062048","9062182","15","130734359"
"chr1","139796842","139797017","chr19","56210154","56210327","27","83586688"
"chr1","139842243","139842527","chr9","120318852","120319137","43","19523391"
"chr1","139844862","139845055","chr21","22638055","22638242","32","117206807"
"chr1","139845360","139845458","chr7","138888528","138888626","18","956832"
"chr1","139846711","139846802","chrX","4833349","4833441","14","135013362"
"chr1","139850250","139850549","chr3","189017179","189017480","40","49166929"
"chr1","139858805","139859033","chr5","8641579","8641806","48","131217226"
"chr1","139863114","139863278","chr2B","50431625","50431794","25","89431489"
"chr1","139863598","139863733","chr19","57460237","57460372","20","82403361"
"chr1","139887730","139888029","chr6","956097","956396","44","138931633"
"chr1","139943929","139944195","chr14","48676904","48677179","65","91267025"
"chr1","139944230","139944255","chr6","20969412","20969437","4","118974818"
"chr1","139974627","139974918","chr17","33518717","33519011","35","106455910"
"chr1","139983661","139983829","chr5","46016934","46017102","24","93966727"
"chr1","139983839","139984139","chr13","31069715","31070013","35","108914124"
"chr1","139984140","139984275","chr7","82210564","82210699","13","57773576"
"chr1","139998120","139998232","chr1","12088602","12088716","18","127909518"
"chr1","139998240","139998400","chr5","14563823","14563978","25","125434417"
"chr1","139999374","139999638","chrX","18875176","18875442","32","121124198"
"chr1","140002776","140003081","chr9","11400719","11401022","43","128602057"
"chr1","140014068","140014362","chr1","46139966","46140263","39","93874102"
"chr1","140054886","140055195","chr18","53398571","53398876","43","86656315"
"chr1","140064867","140065175","chr6","20753821","20754122","46","119311046"
"chr1","140075259","140075514","chr1","215380905","215381159","48","75305646"
"chr1","140091903","140092191","chr5","7694117","7694413","43","132397786"
"chr1","140097320","140097534","chr12","127703153","127703387","50","12394167"
"chr1","140108485","140108596","chr5","24206916","24207032","17","115901569"
"chr1","140108620","140108755","chr7","139879243","139879379","16","229377"
"chr1","140115484","140115779","chr9","106948213","106948511","39","33167271"
"chr1","140118487","140118775","chrX","132971523","132971812","36","7146964"
"chr1","140122355","140122634","chr7","130523791","130524080","47","9598564"
"chr1","140148098","140148405","chr1","68503493","68503795","46","71644605"
"chr1","140153804","140153952","chr1","209206604","209206753","18","69052800"
"chr1","140162419","140162717","chr2A","82177357","82177661","37","57985062"
"chr1","140166747","140167052","chr5","156972832","156973135","36","16806085"
"chr1","140167596","140167868","chr5","15655691","15655965","39","124511905"
"chr1","140181343","140181639","chr2A","64202510","64202814","49","75978833"
"chr1","140199880","140200176","chr7","139963807","139964112","49","236073"
"chr1","140221340","140221413","chr11","66794221","66794294","10","73427119"
"chr1","140274184","140274468","chr18","33320361","33320640","42","106953823"
"chr1","140318043","140318350","chr6","112148811","112149116","36","28169232"
"chr1","140322019","140322308","chr1","10095305","10095598","47","130226714"
"chr1","140352871","140353167","chr14","77249518","77249813","38","63103353"
"chr1","140361860","140362187","chr12","56595697","56596020","49","83766163"
"chr1","140484077","140484234","chr9","79410707","79410862","23","61073370"
"chr1","140506245","140506551","chr3","58218665","58218964","47","82287580"
"chr1","140516909","140517186","chrX","77233662","77233935","43","63283247"
"chr1","140526120","140526248","chr10","134985436","134985567","16","5540684"
"chr1","140527477","140527785","chr16","66105166","66105477","37","74422311"
"chr1","140550332","140550638","chr9","64581038","64581336","46","75969294"
"chr1","140553534","140553632","chr10","66750569","66750670","16","73802965"
"chr1","140580632","140580800","chr20","33866292","33866461","33","106714340"
"chr1","140636158","140636446","chr15","29986856","29987143","43","110649302"
"chr1","140674090","140674392","chr9","79626482","79626784","31","61047608"
"chr1","140674402","140674707","chr5","34215137","34215446","41","106459265"
"chr1","140684698","140684985","chr9","109212051","109212345","39","31472647"
"chr1","140700107","140700385","chr9","13004944","13005221","39","127695163"
"chr1","140700414","140700429","chr7","5742204","5742217","2","134958210"
"chr1","140774902","140775185","chr16","53211839","53212125","46","87563063"
"chr1","140790318","140790422","chr10","23717960","23718069","25","117072358"
"chr1","140800729","140801022","chr10","13827691","13827980","50","126973038"
"chr1","140811277","140811461","chr1","162846265","162846444","30","22034988"
"chr1","140811484","140811755","chr2A","60232623","60232895","34","80578861"
"chr1","140835448","140835760","chr6","113185645","113185943","56","27649803"
"chr1","140836806","140837099","chr3","45969189","45969484","33","94867617"
"chr1","140840668","140840980","chr1","215372752","215373060","38","74532084"
"chr1","140852757","140853057","chr6","84326621","84326921","45","56526136"
"chr1","140867801","140868085","chr6","48058765","48059050","37","92809036"
"chr1","140884445","140884740","chr16","23784690","23784983","44","117099755"
"chr1","140902807","140903099","chr13","77420771","77421061","41","63482036"
"chr1","140959849","140960125","chr5","32189022","32189305","40","108770827"
"chr1","141001463","141001589","chr18","29302826","29302949","18","111698637"
"chr1","141048449","141048571","chr2B","89205640","89205764","13","51842809"
"chr1","141048609","141048914","chr9","80002359","80002662","44","61046250"
"chr1","141050808","141050942","chr17","40157558","40157690","18","100893250"
"chr1","141076436","141076721","chr6","124192356","124192639","44","16884080"
"chr1","141078915","141079075","chr1","95866559","95866720","31","45212356"
"chr1","141079374","141079509","chr5","118006764","118006899","11","23072610"
"chr1","141083342","141083462","chr9","45252398","45252520","14","95830944"
"chr1","141106233","141106359","chr2A","87484111","87484239","16","53622122"
"chr1","141118160","141118408","chr14","74260956","74261204","55","66857204"
"chr1","141123358","141123644","chr1","197342830","197343104","49","56219472"
"chr1","141124578","141124731","chr2B","55744599","55744750","24","85379979"
"chr1","141125037","141125169","chr7","73577535","73577671","18","67547502"
"chr1","141139128","141139411","chr11","118586791","118587072","45","22552337"
"chr1","141145833","141146120","chr10","42216765","42217055","41","98929068"
"chr1","141166702","141166974","chr9","80115919","80116193","50","61050783"
"chr1","141177276","141177572","chr1","119621179","119621475","48","21556097"
"chr1","141180773","141180904","chr1","7920848","7920979","17","133259925"
"chr1","141191340","141191643","chr1","36255390","36255687","37","104935950"
"chr1","141212778","141213090","chr1","23762297","23762608","46","117450481"
"chr1","141214499","141214801","chr2B","106113967","106114264","43","35100532"
"chr1","141224779","141224855","chr19","53246925","53247001","11","87977854"
"chr1","141231607","141231737","chr6","126596585","126596716","15","14635022"
"chr1","141242468","141242759","chr8","94615815","94616114","49","46626653"
"chr1","141278011","141278311","chr1","46139966","46140263","40","95138045"
"chr1","141279969","141280013","chr1","205465471","205465516","6","64185502"
"chr1","141300587","141300863","chr5","20399983","20400258","45","120900604"
"chr1","141307778","141308091","chr5","34215137","34215446","36","107092641"
"chr1","141326979","141327286","chr9","110484913","110485217","42","30842066"
"chr1","141338505","141338760","chr1","42851268","42851522","38","98487237"
"chr1","141363832","141364139","chr17","80428286","80428594","45","60935546"
"chr1","141370457","141370751","chr3","182319983","182320279","42","40949526"
"chr1","141381939","141382219","chr9","80314946","80315237","47","61066993"
"chr1","141393136","141393254","chr10","93726615","93726738","17","47666521"
"chr1","141401408","141401540","chr7","139879243","139879379","13","1522165"
"chr1","141404749","141405033","chr3","51085560","51085840","43","90319189"
"chr1","141409911","141410085","chr7","72086210","72086381","23","69323701"
"chr1","141410117","141410222","chr5","164216902","164217015","23","22806785"
"chr1","141436754","141437046","chr3","174714543","174714838","47","33277789"
"chr1","141449755","141450059","chr5","13922264","13922565","51","127527491"
"chr1","141466487","141466782","chr14","85986152","85986448","34","55480335"
"chr1","141534768","141535054","chr1","145866574","145866859","37","4331806"
"chr1","141576706","141577010","chr12","29572651","29572955","32","112004055"
"chr1","141705569","141705864","chr16","66346470","66346767","42","75359099"
"chr1","141713206","141713518","chr12","64504649","64504951","59","77208557"
"chr1","141719467","141719583","chr17","764672","764791","15","140954795"
"chr1","141719748","141719910","chr19","10133421","10133581","22","131586327"
"chr1","141769304","141769593","chr11","117367595","117367888","31","24401709"
"chr1","141779946","141780230","chr1","181412725","181413024","42","39632779"
"chr1","141799910","141800169","chr2B","131387078","131387343","53","10412832"
"chr1","141837675","141837960","chr1","152905741","152906035","49","11068066"
"chr1","141893427","141893562","chr9","80863429","80863563","24","61029998"
"chr1","141936400","141936701","chr1","194464201","194464501","31","52527801"
"chr1","141943957","141944245","chr1","38634265","38634555","37","103309692"
"chr1","141959603","141959900","chr12","126118750","126119050","46","15840853"
"chr1","141972834","141973099","chr11","64108212","64108483","57","77864622"
"chr1","142003598","142003893","chr12","29819043","29819337","43","112184555"
"chr1","142004279","142004577","chr8","21575386","21575680","42","120428893"
"chr1","142023681","142023793","chr10","49571987","49572102","14","92451694"
"chr1","142048290","142048577","chr20","48240693","48240983","42","93807597"
"chr1","142068426","142068739","chr8","24551186","24551494","47","117517240"
"chr1","142082506","142082811","chr15","47463078","47463380","48","94619428"
"chr1","142110531","142110639","chr8","29884689","29884799","14","112225842"
"chr1","142210000","142210281","chr1","101899974","101900260","41","40310026"
"chr1","142293010","142293321","chr4","122414768","122415066","46","19878242"
"chr1","142297860","142297980","chr11","64148205","64148322","22","78149655"
"chr1","142299386","142299677","chr8","101043494","101043788","35","41255892"
"chr1","142309961","142310269","chr9","81264543","81264852","35","61045418"
"chr1","142390034","142390348","chr5","33509268","33509575","36","108880766"
"chr1","142395275","142395553","chr1","221175352","221175632","54","78780077"
"chr1","142683792","142684075","chr5","78519012","78519290","48","64164780"
"chr1","142805843","142806144","chr14","59964926","59965225","44","82840917"
"chr1","142885857","142886133","chr11","9392301","9392584","52","133493556"
"chr1","142896120","142896421","chr7","29983356","29983651","39","112912764"
"chr1","142973902","142974115","chr7","127390283","127390490","36","15583619"
"chr1","142976684","142976995","chrX","1682361","1682668","46","141294323"
"chr1","142999267","142999510","chr14","64965373","64965614","38","78033894"
"chr1","143145712","143145980","chr3","34261429","34261702","48","108884283"
"chr1","143202412","143202545","chr5","15330940","15331072","23","127871472"
"chr1","143202833","143202991","chr1","185132840","185133000","26","41930007"
"chr1","143216197","143216413","chr6","5478779","5478995","42","137737418"
"chr1","143227428","143227726","chr12","29929642","29929937","38","113297786"
"chr1","143228568","143228868","chr1","139266119","139266414","42","3962449"
"chr1","143266675","143266974","chr5","41690058","41690354","38","101576617"
"chr1","143291675","143291975","chr11","11354212","11354516","48","131937463"
"chr1","143301875","143302180","chr15","68764704","68765007","45","74537171"
"chr1","143311241","143311548","chr1","47853989","47854291","40","95457252"
"chr1","143333661","143333943","chr12","60169571","60169853","35","83164090"
"chr1","143364347","143364655","chr4","60592163","60592468","43","82772184"
"chr1","143369047","143369321","chr1","15166545","15166819","37","128202502"
"chr1","143373722","143373807","chr1","28753545","28753625","14","114620177"
"chr1","143386692","143386997","chrX","8135621","8135928","41","135251071"
"chr1","143456863","143457170","chr5","118351918","118352225","52","25104945"
"chr1","143488206","143488508","chr1","183343511","183343813","41","39855305"
"chr1","143492693","143492995","chr3","172708820","172709119","46","29216127"
"chr1","143500055","143500090","chr19","18868998","18869034","4","124631057"
"chr1","143503310","143503593","chr21","37163936","37164227","42","106339374"
"chr1","143504455","143504762","chr2B","10676496","10676791","55","132827959"
"chr1","143531981","143532079","chr3","161211314","161211411","13","17679333"
"chr1","143534247","143534547","chr1","38037742","38038041","40","105496505"
"chr1","143557211","143557504","chr1","145866574","145866859","39","2309363"
"chr1","143566106","143566394","chr9","82555158","82555457","41","61010948"
"chr1","143577842","143578148","chr5","64750309","64750616","42","78827533"
"chr1","143597634","143597932","chr8","50543661","50543953","49","93053973"
"chr1","143617798","143618101","chr1","225512358","225512658","43","81894560"
"chr1","143646911","143647122","chr20","35830754","35830958","47","107816157"
"chr1","143679269","143679489","chr17","52484452","52484663","55","91194817"
"chr1","143679800","143679937","chr1","93487279","93487413","21","50192521"
"chr1","143680768","143681068","chr9","82674600","82674904","37","61006168"
"chr1","143683308","143683586","chr3","100806245","100806500","69","42877063"
"chr1","143699539","143699814","chr16","25138770","25139048","38","118560769"
"chr1","143782645","143782946","chr8","124200571","124200876","43","19582074"
"chr1","143837168","143837452","chr6","81033707","81033988","43","62803461"
"chr1","143855182","143855473","chr10","116249593","116249886","41","27605589"
"chr1","143910081","143910239","chr12","30393770","30393933","32","113516311"
"chr1","143910240","143910468","chr1","32637913","32638150","44","111272327"
"chr1","143910469","143910604","chr9","111058064","111058199","20","32852405"
"chr1","143920229","143920534","chr6","91649433","91649721","48","52270796"
"chr1","144063615","144063910","chr12","92652799","92653098","42","51410816"
"chr1","144063925","144064210","chr1","130547350","130547638","56","13516575"
"chr1","144092559","144092864","chr8","77654380","77654689","44","66438179"
"chr1","144145374","144145604","chr15","21400057","21400281","46","122745317"
"chr1","144224512","144224753","chr6","22278089","22278331","35","121946423"
"chr1","144253147","144253292","chr7","73162061","73162207","27","71091086"
"chr1","144288250","144288451","chr16","1631095","1631305","48","142657155"
"chr1","144371298","144371493","chr14","16395420","16395621","33","127975878"
"chr1","144406961","144407084","chr10","55240817","55240926","40","89166144"
"chr1","144407122","144407183","chr2B","125008695","125008756","14","19398427"
"chr1","144520259","144520372","chr5","1864180","1864298","13","142656079"
"chr1","144538057","144538227","chr3","50456405","50456561","34","94081652"
"chr1","144566406","144566718","chr12","129979921","129980232","41","14586485"
"chr1","144570425","144570721","chr10","11974321","11974614","35","132596104"
"chr1","144599973","144600266","chr4","124825886","124826177","44","19774087"
"chr1","144772224","144772532","chr1","16208822","16209124","50","128563402"
"chr1","144784048","144784337","chr18","30293400","30293688","43","114490648"
"chr1","144789491","144789796","chr16","61362678","61362982","43","83426813"
"chr1","144935776","144935943","chr2B","26828120","26828294","23","118107656"
"chr1","144953317","144953439","chr10","6721061","6721184","19","138232256"
"chr1","144953464","144953605","chrX","151631285","151631433","26","6677821"
"chr1","145073544","145073839","chr9","84020556","84020843","34","61052988"
"chr1","145250521","145250717","chr7","2589860","2590060","30","142660661"
"chr1","145349414","145349728","chr9","86759541","86759851","53","58589873"
"chr1","145420679","145420985","chr7","4837910","4838209","55","140582769"
"chr1","145523558","145523713","chr7","62486171","62486332","27","83037387"
"chr1","145524014","145524144","chr18","76408959","76409091","17","69115055"
"chr1","145574960","145575235","chr5","5483157","5483433","53","140091803"
"chr1","145607793","145608065","chr6","28288475","28288746","50","117319318"
"chr1","145656822","145657123","chr3","64179169","64179462","53","81477653"
"chr1","145697750","145697969","chr18","55065044","55065261","51","90632706"
"chr1","145873755","145874031","chr4","85479749","85480020","62","60394006"
"chr1","145908689","145908971","chr9","104757101","104757389","54","41151588"
"chr1","146132409","146132601","chr1","10096784","10096970","30","136035625"
"chr1","146134047","146134182","chr9","15618253","15618387","21","130515794"
"chr1","146157967","146158267","chr2B","22519154","22519460","45","123638813"
"chr1","146328982","146329171","chr3","44539011","44539208","35","101789971"
"chr1","146397617","146397785","chr1","15810713","15810878","30","130586904"
"chr1","146397799","146398071","chrX","9679871","9680143","43","136717928"
"chr1","146417382","146417690","chr10","40714836","40715147","43","105702546"
"chr1","146444734","146445030","chr11","6426737","6427032","47","140017997"
"chr1","146550006","146550313","chr9","85464470","85464773","53","61085536"
"chr1","146558237","146558430","chr1","7584882","7585071","38","138973355"
"chr1","146559487","146559590","chr5","35855027","35855140","29","110704460"
"chr1","146581964","146582086","chr11","68081085","68081207","9","78500879"
"chr1","146582120","146582290","chr11","64000146","64000318","32","82581974"
"chr1","146687967","146688268","chr4","164860690","164860989","50","18172723"
"chr1","146734263","146734377","chr10","7566684","7566792","25","139167579"
"chr1","146734401","146734572","chr7","156919611","156919783","31","10185210"
"chr1","146807956","146808240","chr4","160211538","160211811","53","13403582"
"chr1","146837885","146837987","chr22","2287408","2287503","28","144550477"
"chr1","146841289","146841573","chr9","13067220","13067500","52","133774069"
"chr1","146891067","146891345","chr7","36897648","36897929","58","109993419"
"chr1","146906950","146907117","chr18","46698563","46698735","28","100208387"
"chr1","146960705","146960972","chr19","5253133","5253401","47","141707572"
"chr1","146984589","146984856","chr12","11868808","11869080","46","135115781"
"chr1","147017875","147018138","chr10","121581635","121581897","47","25436240"
"chr1","147056638","147056735","chr1","129602129","129602222","17","17454509"
"chr1","147155829","147155941","chr7","69708940","69709061","30","77446889"
"chr1","147311017","147311310","chr5","164904161","164904460","39","17593144"
"chr1","147436083","147436371","chr10","46708776","46709062","43","100727307"
"chr1","147444244","147444531","chr9","86349875","86350163","64","61094369"
"chr1","147643662","147643957","chr5","114317787","114318080","35","33325875"
"chr1","147721343","147721567","chr9","86684500","86684720","27","61036843"
"chr1","147918259","147918439","chr3","151017323","151017498","33","3099064"
"chr1","147929663","147929785","chr1","130928471","130928590","16","17001192"
"chr1","147942415","147942725","chr9","86885365","86885675","44","61057050"
"chr1","147944467","147944759","chr16","62820819","62821111","40","85123648"
"chr1","147992374","147992582","chr6","55701904","55702124","38","92290470"
"chr1","147994771","147994894","chr20","3421848","3421970","32","144572923"
"chr1","148014601","148014900","chr19","14638514","14638815","47","133376087"
"chr1","148025497","148025788","chr19","35826743","35827033","38","112198754"
"chr1","148050992","148051281","chr4","93905626","93905912","54","54145366"
"chr1","148076805","148077074","chr12","120592751","120593031","49","27484054"
"chr1","148081742","148082045","chr14","110301","110606","48","147971441"
"chr1","148102780","148103086","chr9","16128156","16128463","46","131974624"
"chr1","148116027","148116327","chr6","45713778","45714072","39","102402249"
"chr1","148145010","148145234","chr7","152572732","152572964","36","4427722"
"chr1","148145307","148145615","chr5","138298867","138299174","44","9846440"
"chr1","148165875","148165906","chr1","16440241","16440274","7","131725634"
"chr1","148165930","148166161","chr1","53590595","53590828","34","94575335"
"chr1","148173033","148173182","chr9","87112351","87112513","28","61060682"
"chr1","148173787","148174089","chr2A","68807272","68807575","41","79366515"
"chr1","148181832","148182010","chr20","45514064","45514244","26","102667768"
"chr1","148183517","148183816","chr11","118959371","118959673","33","29224146"
"chr1","148198748","148199055","chr13","96370801","96371102","43","51827947"
"chr1","148201213","148201347","chr1","168543967","168544101","13","20342754"
"chr1","148201642","148201821","chr6","18189802","18189976","26","130011840"
"chr1","148219735","148220041","chr9","109734146","109734451","32","38485589"
"chr1","148223789","148224029","chr4","39720254","39720498","37","108503535"
"chr1","148229563","148229862","chr1","162410722","162411019","38","14181159"
"chr1","148239535","148239837","chr17","9489493","9489790","41","138750042"
"chr1","148241727","148241837","chr9","92489465","92489580","15","55752262"
"chr1","148257530","148257837","chr14","82086266","82086570","39","66171264"
"chr1","148258426","148258721","chr1","36354006","36354302","36","111904420"
"chr1","148266496","148266792","chr15","69777804","69778096","36","78488692"
"chr1","148283527","148283819","chr5","157179582","157179881","53","8896055"
"chr1","148293654","148293859","chr7","78820629","78820848","46","69473025"
"chr1","148308661","148308979","chr3","148148101","148148417","67","160560"
"chr1","148315801","148316073","chr4","25276070","25276329","49","123039731"
"chr1","148317800","148318103","chr5","34598529","34598830","46","113719271"
"chr1","148320096","148320358","chr1","215380905","215381159","47","67060809"
"chr1","148321869","148322164","chr14","56672170","56672467","40","91649699"
"chr1","148322854","148323136","chr1","55598826","55599103","47","92724028"
"chr1","148323521","148323660","chr16","58591758","58591899","14","89731763"
"chr1","148326196","148326342","chr6","114512413","114512567","33","33813783"
"chr1","148334801","148335083","chr6","33582979","33583269","43","114751822"
"chr1","148347972","148348070","chr19","1675399","1675501","31","146672573"
"chr1","148349534","148349691","chr10","88796031","88796186","33","59553503"
"chr1","148361723","148361877","chr9","45513400","45513562","30","102848323"
"chr1","148364570","148364660","chr5","115974564","115974652","14","32390006"
"chr1","148371068","148371370","chr9","87302681","87302984","44","61068387"
"chr1","148374678","148374844","chr7","5060115","5060281","22","143314563"
"chr1","148375144","148375278","chr6","11957977","11958108","17","136417167"
"chr1","148385542","148385818","chr6","11916921","11917205","49","136468621"
"chr1","148385850","148385863","chr2B","111466830","111466842","2","36919020"
"chr1","148402775","148403079","chr19","49525271","49525580","44","98877504"
"chr1","148412016","148412318","chr1","31136599","31136900","41","117275417"
"chr1","148412769","148412895","chr6","11957977","11958108","16","136454792"
"chr1","148418561","148418722","chr9","49157109","49157272","25","99261452"
"chr1","148418723","148419049","chr1","39756587","39756925","55","108662136"
"chr1","148428289","148428419","chr10","82702504","82702637","16","65725785"
"chr1","148429616","148429825","chr6","4340974","4341186","28","144088642"
"chr1","148431504","148431615","chr8","7469809","7469924","20","140961695"
"chr1","148432221","148432489","chr22","26230328","26230595","40","122201893"
"chr1","148439289","148439585","chr12","52083566","52083857","48","96355723"
"chr1","148445399","148445687","chr9","69335388","69335681","50","79110011"
"chr1","148459034","148459158","chr22","6955610","6955725","28","141503424"
"chr1","148459920","148460046","chr22","6955610","6955725","35","141504310"
"chr1","148467133","148467392","chr16","69973776","69974034","36","78493357"
"chr1","148509199","148509401","chr7","143899903","143900110","33","4609296"
"chr1","148509426","148509541","chr5","18263985","18264102","12","130245441"
"chr1","148509659","148509953","chrX","50606946","50607243","40","97902713"
"chr1","148541938","148542245","chr6","39352011","39352309","49","109189927"
"chr1","148542557","148542853","chr9","87362865","87363159","37","61179692"
"chr1","148543823","148544133","chr1","133537846","133538155","49","15005977"
"chr1","148552874","148553176","chr1","205863329","205863635","38","57310455"
"chr1","148555272","148555513","chr19","44295509","44295759","54","104259763"
"chr1","148565776","148565911","chr4","100206166","100206304","18","48359610"
"chr1","148566209","148566398","chr1","45744794","45744982","31","102821415"
"chr1","148574980","148575248","chr10","34922905","34923172","45","113652075"
"chr1","148584956","148585254","chr3","120614440","120614738","44","27970516"
"chr1","148586847","148586960","chr22","24860497","24860608","22","123726350"
"chr1","148587351","148587496","chr14","52708842","52708984","17","95878509"
"chr1","148602131","148602460","chr1","158567223","158567550","57","9965092"
"chr1","148606231","148606529","chr9","87416975","87417269","34","61189256"
"chr1","148633031","148633195","chr5","19584116","19584279","31","129048915"
"chr1","148633501","148633622","chr7","79027399","79027514","16","69606102"
"chr1","148638515","148638646","chr15","19325603","19325734","10","129312912"
"chr1","148684954","148685237","chr6","94732492","94732775","43","53952462"
"chr1","148715214","148715514","chrX","19694089","19694388","43","129021125"
"chr1","148768353","148768674","chr7","152799145","152799449","48","4030792"
"chr1","148774039","148774156","chr12","36410722","36410841","13","112363317"
"chr1","148777267","148777391","chr12","125029903","125030029","18","23747364"
"chr1","148780697","148780986","chr9","87592231","87592535","49","61188466"
"chr1","148791785","148792096","chr5","154802042","154802349","39","6010257"
"chr1","148810394","148810691","chr7","73138872","73139166","37","75671522"
"chr1","148827696","148827912","chr4","97999787","98000000","38","50827909"
"chr1","148837757","148838053","chr11","66003552","66003850","36","82834205"
"chr1","148855189","148855304","chrX","1061818","1061949","31","147793371"
"chr1","148855364","148855469","chr14","88974102","88974219","23","59881262"
"chr1","148910420","148910497","chr1","179979094","179979172","9","31068674"
"chr1","148925616","148925911","chr9","110099856","110100139","46","38825760"
"chr1","148938382","148938677","chr13","2665271","2665567","50","146273111"
"chr1","148973903","148974137","chr1","218155490","218155728","61","69181587"
"chr1","148994517","148994815","chr3","50934507","50934804","44","98060010"
"chr1","149003043","149003320","chr19","34671443","34671743","53","114331600"
"chr1","149005786","149006088","chr9","87833264","87833566","37","61172522"
"chr1","149014548","149014824","chr14","39211827","39212110","47","109802721"
"chr1","149070808","149071018","chr14","79009529","79009740","32","70061279"
"chr1","149077557","149077865","chr9","87890167","87890477","38","61187390"
"chr1","149088833","149089130","chr9","87903332","87903632","39","61185501"
"chr1","149095365","149095675","chr8","9756252","9756551","41","139339113"
"chr1","149129492","149129719","chr4","20116134","20116369","55","129013358"
"chr1","149171454","149171560","chrX","53499895","53500000","16","95671559"
"chr1","149203149","149203469","chr17","8181441","8181756","49","141021708"
"chr1","149209575","149209873","chrX","41897727","41898024","40","107311848"
"chr1","149514589","149514862","chr9","88350018","88350291","30","61164571"
"chr1","149544783","149545066","chr17","4961034","4961315","59","144583749"
"chr1","149595216","149595503","chr9","88463442","88463733","47","61131774"
"chr1","149763663","149763949","chr5","32189022","32189305","45","117574641"
"chr1","149785590","149785891","chrX","44350174","44350478","54","105435416"
"chr1","149849295","149849497","chr1","7505192","7505390","41","142344103"
"chr1","149849776","149849910","chr9","88700832","88700966","19","61148944"
"chr1","149851148","149851450","chr2B","17024311","17024610","39","132826837"
"chr1","149887859","149888167","chr9","88718227","88718531","36","61169632"
"chr1","149896814","149897103","chr9","88727002","88727290","45","61169812"
"chr1","149931054","149931269","chr13","20619961","20620186","40","129311093"
"chr1","149971373","149971666","chr1","36354006","36354302","39","113617367"
"chr1","149985232","149985322","chr3","37790930","37791019","14","112194302"
"chr1","150013076","150013398","chr9","50705192","50705487","59","99307884"
"chr1","150054385","150054662","chr9","109733660","109733937","47","40320725"
"chr1","150209355","150209442","chr14","85974315","85974402","11","64235040"
"chr1","150209943","150210133","chr21","22638055","22638242","28","127571888"
"chr1","150210824","150210835","chr1","184340759","184340769","2","34129935"
"chr1","150471007","150471305","chr20","4552264","4552560","46","145918743"
"chr1","150523609","150523692","chr1","93069430","93069510","11","57454179"
"chr1","150556779","150557061","chr2B","27006133","27006413","40","123550646"
"chr1","150584296","150584392","chr3","37725177","37725271","20","112859119"
"chr1","150584415","150584563","chr3","9778050","9778199","19","140806365"
"chr1","150619422","150619721","chr1","225512358","225512658","39","74892936"
"chr1","150648663","150648966","chr4","110248134","110248433","36","40400529"
"chr1","150685347","150685461","chr17","26603162","26603278","14","124082185"
"chr1","150718504","150718785","chr4","121348458","121348736","45","29370046"
"chr1","150734241","150734545","chr4","105881590","105881885","40","44852651"
"chr1","150758049","150758338","chr9","76710013","76710305","44","74048036"
"chr1","150759216","150759419","chr2A","98098146","98098345","39","52661070"
"chr1","150759677","150759825","chr1","21591526","21591668","30","129168151"
"chr1","150762556","150762854","chr5","51575453","51575752","39","99187103"
"chr1","150764244","150764477","chr4","2730770","2731005","35","148033474"
"chr1","150771116","150771284","chr5","46240018","46240184","30","104531098"
"chr1","150787894","150788002","chr11","77555397","77555506","22","73232497"
"chr1","150789125","150789259","chr6","154418825","154418960","14","3629700"
"chr1","150789572","150789740","chr5","59930487","59930657","31","90859085"
"chr1","150802625","150802920","chr7","74257967","74258271","51","76544658"
"chr1","150804841","150804953","chr1","130159295","130159410","21","20645546"
"chr1","150819177","150819476","chr11","129090781","129091079","51","21728396"
"chr1","150819488","150819771","chr3","72171772","72172053","41","78647716"
"chr1","150821634","150821955","chr5","163883361","163883663","62","13061727"
"chr1","150825075","150825282","chr15","69622140","69622351","41","81202935"
"chr1","150825373","150825572","chr17","24059205","24059401","31","126766168"
"chr1","150826162","150826367","chr7","10757944","10758155","40","140068218"
"chr1","150826458","150826657","chr20","31601124","31601321","29","119225334"
"chr1","150826961","150827077","chr1","118774098","118774217","19","32052863"
"chr1","150828397","150828702","chr7","128915440","128915748","51","21912957"
"chr1","150833978","150834092","chr11","64460123","64460235","20","86373855"
"chr1","150834726","150834899","chr5","129845429","129845602","31","20989297"
"chr1","150836812","150836985","chr5","129845429","129845602","31","20991383"
"chr1","150837315","150837474","chr2B","60649907","60650060","31","90187408"
"chr1","150842660","150842778","chr1","135316827","135316944","20","15525833"
"chr1","150842806","150842977","chr2B","50431625","50431794","23","100411181"
"chr1","150854477","150854635","chr1","202667269","202667423","26","51812792"
"chr1","150854948","150855083","chr16","379923","380058","15","150475025"
"chr1","150860633","150860929","chr14","85986152","85986448","35","64874481"
"chr1","150864795","150864901","chr1","95351486","95351595","13","55513309"
"chr1","150874012","150874128","chr5","160177783","160177900","11","9303771"
"chr1","150906201","150906365","chr6","110855129","110855289","26","40051072"
"chr1","150908304","150908572","chr3","24267418","24267684","44","126640886"
"chr1","150916487","150916617","chr2A","33502564","33502693","19","117413923"
"chr1","150916920","150917089","chr19","47035416","47035585","29","103881504"
"chr1","150919557","150919844","chr20","18666804","18667096","56","132252753"
"chr1","150936168","150936299","chr8","144598500","144598630","26","6337668"
"chr1","150936599","150936894","chr1","62639280","62639577","38","88297319"
"chr1","150936895","150937021","chr17","63340122","63340252","21","87596773"
"chr1","150954738","150955021","chr1","220859446","220859734","38","69904708"
"chr1","150960748","150960917","chr1","16689502","16689672","23","134271246"
"chr1","150962726","150963009","chr2B","100929351","100929648","51","50033375"
"chr1","150966727","150967019","chr20","35304583","35304875","42","115662144"
"chr1","150974583","150974884","chr4","98597497","98597798","43","52377086"
"chr1","150979540","150979682","chr3","173274411","173274556","19","22294871"
"chr1","150993389","150993696","chr6","147037328","147037633","48","3956061"
"chr1","151014283","151014550","chr20","19962102","19962366","39","131052181"
"chr1","151028682","151028876","chr9","15750083","15750270","36","135278599"
"chr1","151029170","151029304","chr5","39316459","39316593","17","111712711"
"chr1","151054335","151054466","chr6","78227073","78227205","15","72827262"
"chr1","151058779","151059084","chr1","40295756","40296056","39","110763023"
"chr1","151059889","151059992","chr1","51233542","51233629","34","99826347"
"chr1","151062666","151062937","chr2B","100781554","100781828","45","50281112"
"chr1","151068368","151068522","chr13","45115876","45116032","30","105952492"
"chr1","151069857","151070090","chr8","81494557","81494789","41","69575300"
"chr1","151075519","151075822","chr3","135108282","135108584","44","15967237"
"chr1","151077391","151077690","chr9","93010040","93010345","38","58067351"
"chr1","151080376","151080658","chr18","20107956","20108245","50","130972420"
"chr1","151081092","151081364","chrX","45065389","45065671","42","106015703"
"chr1","151110842","151111004","chr1","174569869","174570038","31","23459027"
"chr1","151111290","151111428","chr3","121563186","121563322","20","29548104"
"chr1","151117134","151117370","chr5","156892798","156893032","38","5775664"
"chr1","151126576","151126890","chr9","90015714","90016022","49","61110862"
"chr1","151128089","151128332","chr1","21946056","21946300","39","129182033"
"chr1","151148164","151148322","chrX","666417","666573","24","150481747"
"chr1","151157902","151158201","chr6","114032423","114032721","45","37125479"
"chr1","151179331","151179607","chr12","53313850","53314122","46","97865481"
"chr1","151259921","151260181","chr11","64108212","64108483","53","87151709"
"chr1","151273016","151273323","chr20","5665832","5666140","44","145607184"
"chr1","151282001","151282310","chr3","41321290","41321594","51","109960711"
"chr1","151293784","151294099","chr19","7378104","7378414","47","143915680"
"chr1","151338247","151338560","chr3","46381852","46382163","42","104956395"
"chr1","151340789","151340961","chr1","33156733","33156906","27","118184056"
"chr1","151368901","151369192","chr17","3527860","3528157","41","147841041"
"chr1","151429312","151429503","chr21","28303952","28304145","34","123125360"
"chr1","151452218","151452503","chr8","140973956","140974243","37","10478262"
"chr1","151480402","151480685","chr18","39661879","39662163","49","111818523"
"chr1","151480729","151480741","chr3","130605499","130605509","2","20875230"
"chr1","151489096","151489347","chr11","107975045","107975301","50","43514051"
"chr1","151683940","151684222","chr5","141586938","141587225","45","10097002"
"chr1","151724891","151725130","chr8","74307336","74307585","45","77417555"
"chr1","151728426","151728729","chr6","137802054","137802357","43","13926372"
"chr1","151840369","151840641","chr20","3245529","3245805","47","148594840"
"chr1","151900564","151900870","chr4","42900552","42900854","49","109000012"
"chr1","151934434","151934705","chr12","68265334","68265615","39","83669100"
"chr1","151934735","151934749","chr9","69618284","69618297","1","82316451"
"chr1","152003722","152004011","chr9","69903403","69903699","46","82100319"
"chr1","152096439","152096584","chr4","171381352","171381493","28","19284913"
"chr1","152110816","152110992","chr5","1344175","1344351","20","150766641"
"chr1","152171857","152172158","chr1","224465671","224465969","44","72293814"
"chr1","152191466","152191606","chr11","56617912","56618054","23","95573554"
"chr1","152242154","152242450","chr6","36081569","36081865","38","116160585"
"chr1","152278104","152278372","chr8","80554406","80554668","41","71723698"
"chr1","152292357","152292623","chr1","26365860","26366143","45","125926497"
"chr1","152357269","152357346","chr4","105344929","105345005","16","47012340"
"chr1","152357370","152357549","chr7","43315713","43315896","59","109041657"
"chr1","152382994","152383121","chr7","132665542","132665677","24","19717452"
"chr1","152383122","152383432","chr7","56597720","56598029","41","95785402"
"chr1","152383433","152383610","chr3","24286165","24286341","32","128097268"
"chr1","152392743","152392901","chr9","91315087","91315249","19","61077656"
"chr1","152392936","152392986","chr17","38735481","38735529","13","113657455"
"chr1","152417395","152417703","chr9","91339513","91339822","62","61077882"
"chr1","152420608","152420907","chr9","91346477","91346770","44","61074131"
"chr1","152422297","152422589","chr10","124277250","124277543","41","28145047"
"chr1","152464969","152465236","chr8","16052591","16052858","37","136412378"
"chr1","152475463","152475778","chr3","113810319","113810630","43","38665144"
"chr1","152506322","152506608","chr3","181812033","181812318","49","29305711"
"chr1","152535536","152535845","chr9","91476631","91476934","34","61058905"
"chr1","152540371","152540663","chr9","114191687","114191982","40","38348684"
"chr1","152550654","152550744","chr4","201135009","201135100","13","48584355"
"chr1","152551069","152551201","chr1","39543554","39543685","21","113007515"
"chr1","152562843","152563139","chr2A","37977729","37978025","39","114585114"
"chr1","152571074","152571357","chrX","130572622","130572904","35","21998452"
"chr1","152610183","152610341","chr11","123177608","123177768","27","29432575"
"chr1","152610644","152610741","chr1","21807110","21807205","16","130803534"
"chr1","152612765","152613054","chr1","40161620","40161911","35","112451145"
"chr1","152620288","152620597","chr9","91563842","91564140","42","61056446"
"chr1","152655266","152655575","chr1","146667786","146668094","48","5987480"
"chr1","152669889","152670187","chr1","16701887","16702190","48","135968002"
"chr1","152672672","152672973","chr5","24599347","24599646","41","128073325"
"chr1","152673124","152673450","chr1","46167557","46167854","64","106505567"
"chr1","152704329","152704631","chr5","59897733","59898033","43","92806596"
"chr1","152713487","152713714","chr19","3042385","3042606","39","149671102"
"chr1","152717393","152717691","chr17","10650044","10650341","36","142067349"
"chr1","152756386","152756674","chr5","160537587","160537872","40","7781201"
"chr1","152781558","152781868","chr7","3784210","3784513","44","148997348"
"chr1","152809191","152809410","chr3","44332577","44332801","36","108476614"
"chr1","152811329","152811615","chr16","17936163","17936450","39","134875166"
"chr1","152818911","152819165","chr17","817230","817487","39","152001681"
"chr1","152825536","152825821","chr6","50722710","50722998","47","102102826"
"chr1","152850387","152850669","chr7","26934288","26934569","40","125916099"
"chr1","152877378","152877663","chr11","98081123","98081409","40","54796255"
"chr1","152877675","152877976","chr8","24352605","24352915","41","128525070"
"chr1","152892275","152892571","chr17","85576066","85576367","48","67316209"
"chr1","152919389","152919511","chr11","18595904","18596032","20","134323485"
"chr1","152923740","152924040","chr9","91869916","91870208","36","61053824"
"chr1","152925697","152925990","chr1","6861545","6861837","36","146064152"
"chr1","152943350","152943588","chr8","8143437","8143678","32","144799913"
"chr1","152945067","152945325","chr1","159871765","159872034","52","6926698"
"chr1","152958815","152959127","chr9","87293681","87293983","52","65665134"
"chr1","152975498","152975771","chr5","22487936","22488192","61","130487562"
"chr1","152995313","152995623","chr5","15736521","15736832","41","137258792"
"chr1","153032301","153032595","chrX","154613046","154613335","37","1580745"
"chr1","153062118","153062429","chr8","121234591","121234897","38","31827527"
"chr1","153210266","153210566","chr10","94384621","94384920","42","58825645"
"chr1","153233982","153234139","chr16","15498844","15499002","25","137735138"
"chr1","153356008","153356300","chr18","22768309","22768604","39","130587699"
"chr1","153357350","153357645","chr1","6861545","6861837","39","146495805"
"chr1","153365173","153365438","chr2B","123223770","123224037","39","30141403"
"chr1","153368369","153368459","chr12","29563961","29564050","17","123804408"
"chr1","153383811","153384064","chr22","25472905","25473167","56","127910906"
"chr1","153386395","153386675","chr12","125043920","125044194","47","28342475"
"chr1","153413450","153413744","chr6","45713778","45714072","41","107699672"
"chr1","153445502","153445804","chr3","42788373","42788672","39","110657129"
"chr1","153457518","153457657","chr4","171381352","171381493","23","17923834"
"chr1","153457816","153457967","chr5","54807236","54807389","18","98650580"
"chr1","153471885","153472194","chr9","92417077","92417387","41","61054808"
"chr1","153486233","153486528","chr2B","44373813","44374107","42","109112420"
"chr1","153489430","153489512","chr1","179979094","179979172","10","26489664"
"chr1","153489842","153489889","chr15","64413460","64413510","9","89076382"
"chr1","153497389","153497680","chr9","91671261","91671556","32","61826128"
"chr1","153501764","153501990","chr9","12398613","12398841","32","141103151"
"chr1","153516707","153516995","chr8","48387419","48387700","38","105129288"
"chr1","153536438","153536722","chr1","213044115","213044402","40","59507677"
"chr1","153542302","153542579","chr4","96664022","96664305","41","56878280"
"chr1","153575623","153575859","chr14","88110355","88110596","36","65465268"
"chr1","153604026","153604324","chr8","101544594","101544890","40","52059432"
"chr1","153660571","153660846","chr9","12023848","12024125","48","141636723"
"chr1","153700777","153701079","chr1","88668229","88668526","42","65032548"
"chr1","153703232","153703515","chr18","60480459","60480740","30","93222773"
"chr1","153705618","153705907","chr9","92647852","92648138","41","61057766"
"chr1","153714203","153714505","chr10","37072954","37073258","40","116641249"
"chr1","153719176","153719312","chr10","41471098","41471235","20","112248078"
"chr1","153721621","153721748","chr1","204098090","204098216","20","50376469"
"chr1","153721777","153721911","chr18","18636924","18637065","34","135084853"
"chr1","153730331","153730540","chr17","28810949","28811148","59","124919382"
"chr1","153750767","153751081","chr8","124200571","124200876","49","29550196"
"chr1","153755273","153755576","chr11","81964860","81965165","55","71790413"
"chr1","153759195","153759251","chr3","131817705","131817761","10","21941490"
"chr1","153762222","153762368","chr18","7262844","7262992","35","146499378"
"chr1","153762369","153762648","chrX","33575116","33575401","40","120187253"
"chr1","153790476","153790767","chr15","76754110","76754398","45","77036366"
"chr1","153830953","153831245","chr6","45713778","45714072","34","108117175"
"chr1","153849690","153849991","chr12","93845732","93846034","38","60003958"
"chr1","153871227","153871520","chr9","114191687","114191982","33","39679540"
"chr1","153933347","153933638","chr20","55867498","55867783","40","98065849"
"chr1","153951408","153951708","chr10","114438643","114438947","59","39512765"
"chr1","153951778","153952017","chr16","59648825","59649065","30","94302953"
"chr1","153991191","153991458","chr2A","33257766","33258030","37","120733425"
"chr1","154031107","154031401","chr21","23583470","23583765","35","130447637"
"chr1","154044850","154045143","chr21","34962324","34962616","35","119082526"
"chr1","154162137","154162420","chr16","53211839","53212125","45","100950298"
"chr1","154216654","154216947","chr3","42788373","42788672","50","111428281"
"chr1","154257098","154257405","chr11","9002138","9002446","48","145254960"
"chr1","154274845","154275142","chrX","77511279","77511576","44","76763566"
"chr1","154336905","154337192","chr10","88588073","88588357","48","65748832"
"chr1","154423180","154423477","chr12","19070611","19070908","41","135352569"
"chr1","154427657","154427941","chr20","14139927","14140206","40","140287730"
"chr1","154431148","154431437","chr5","144109227","144109515","43","10321921"
"chr1","154476402","154476690","chr9","106799866","106800156","43","47676536"
"chr1","154562379","154562548","chr8","48821737","48821912","34","105740642"
"chr1","154562714","154562812","chr3","58825185","58825285","30","95737529"
"chr1","154565931","154566223","chr12","125255753","125256046","42","29310178"
"chr1","154666670","154666956","chr19","3208420","3208712","41","151458250"
"chr1","154670590","154670769","chrX","70842634","70842812","26","83827956"
"chr1","154671251","154671327","chr7","3975584","3975656","13","150695667"
"chr1","154682629","154682857","chr1","88137670","88137897","41","66544959"
"chr1","154716181","154716406","chr14","63047562","63047782","37","91668619"
"chr1","154728302","154728604","chr3","16961455","16961757","43","137766847"
"chr1","154744278","154744572","chr2B","100893350","100893645","33","53850928"
"chr1","154746264","154746481","chr3","153057678","153057892","37","1688586"
"chr1","154768223","154768365","chr17","541671","541816","14","154226552"
"chr1","154768659","154768817","chr5","110036560","110036717","28","44732099"
"chr1","154807263","154807559","chr4","110248134","110248433","44","44559129"
"chr1","154817349","154817600","chr7","62643737","62643988","37","92173612"
"chr1","154856219","154856494","chrX","155231928","155232207","34","375709"
"chr1","154866825","154867118","chr2A","67830661","67830952","33","87036164"
"chr1","154869209","154869525","chr20","44992820","44993127","42","109876389"
"chr1","154899202","154899507","chr8","73988084","73988389","49","80911118"
"chr1","154930250","154930542","chr3","123225574","123225865","43","31704676"
"chr1","154934513","154934817","chr12","58120124","58120429","48","96814389"
"chr1","154946100","154946187","chrX","133919603","133919693","18","21026497"
"chr1","154946482","154946593","chr7","6577400","6577514","20","148369082"
"chr1","154946850","154946870","chrX","19461946","19461972","6","135484904"
"chr1","154947578","154947863","chr19","7923793","7924089","47","147023785"
"chr1","154953856","154954137","chr1","7712991","7713257","60","147240865"
"chr1","154964394","154964470","chr2A","59957819","59957898","12","95006575"
"chr1","154966498","154966762","chr10","100354316","100354578","33","54612182"
"chr1","154966878","154967165","chr9","93987380","93987662","43","60979498"
"chr1","154972430","154972711","chr3","33719972","33720261","40","121252458"
"chr1","154978061","154978357","chr7","156101400","156101691","36","1123339"
"chr1","154980491","154980607","chr1","192165842","192165957","15","37185351"
"chr1","154981123","154981201","chr11","8911609","8911690","11","146069514"
"chr1","154984431","154984727","chr9","114191687","114191982","37","40792744"
"chr1","154987661","154987777","chr18","76112123","76112237","19","78875538"
"chr1","155000515","155000681","chr10","117651428","117651594","26","37349087"
"chr1","155005816","155006100","chr19","34671443","34671743","43","120334373"
"chr1","155018897","155019183","chrX","121099721","121100015","44","33919176"
"chr1","155026388","155026510","chr10","111217170","111217290","22","43809218"
"chr1","155044271","155044382","chr16","43849045","43849159","17","111195226"
"chr1","155044727","155044980","chr17","44753361","44753612","46","110291366"
"chr1","155063954","155064244","chr1","68400871","68401164","42","86663083"
"chr1","155070824","155071100","chr11","62812598","62812876","40","92258226"
"chr1","155077759","155078060","chr3","199465860","199466157","44","44388101"
"chr1","155078864","155079027","chr19","43955496","43955662","22","111123368"
"chr1","155087954","155088097","chr9","64078251","64078392","19","91009703"
"chr1","155095481","155095576","chr5","134361106","134361201","11","20734375"
"chr1","155095796","155096087","chr13","22516495","22516775","64","132579301"
"chr1","155103035","155103311","chr9","103813748","103814025","38","51289287"
"chr1","155123716","155123800","chr7","65088911","65088992","17","90034805"
"chr1","155132336","155132626","chr1","222583964","222584259","43","67451628"
"chr1","155138750","155138913","chr12","33023715","33023880","19","122115035"
"chr1","155185633","155185927","chrX","36383999","36384295","40","118801634"
"chr1","155196258","155196538","chr14","13281602","13281892","39","141914656"
"chr1","155244595","155244878","chr9","99306727","99307020","43","55937868"
"chr1","155251035","155251121","chr13","78320519","78320603","20","76930516"
"chr1","155269644","155269949","chrX","5573445","5573755","43","149696199"
"chr1","155270091","155270220","chr1","53578943","53579070","29","101691148"
"chr1","155270221","155270517","chr1","66094179","66094473","43","89176042"
"chr1","155270518","155270681","chr10","41285703","41285857","28","113984815"
"chr1","155272710","155272802","chr1","146760045","146760137","9","8512665"
"chr1","155276576","155276743","chr20","19192369","19192541","24","136084207"
"chr1","155280725","155280856","chr1","71060262","71060392","16","84220463"
"chr1","155297880","155298135","chr2A","41750320","41750574","42","113547560"
"chr1","155307722","155308003","chr5","18074268","18074553","37","137233454"
"chr1","155325715","155325841","chr16","31907781","31907912","14","123417934"
"chr1","155327675","155327955","chr15","42365103","42365382","40","112962572"
"chr1","155330031","155330162","chr9","111117898","111118031","29","44212133"
"chr1","155330433","155330528","chr1","65145273","65145362","27","90185160"
"chr1","155375731","155375892","chr16","23960338","23960492","32","131415393"
"chr1","155377156","155377291","chr15","50792701","50792836","18","104584455"
"chr1","155377292","155377585","chr2B","23549213","23549505","50","131828079"
"chr1","155380179","155380471","chr16","67659672","67659959","35","87720507"
"chr1","155381874","155381978","chr18","70098742","70098854","25","85283132"
"chr1","155391728","155392027","chr7","138727646","138727942","36","16664082"
"chr1","155407666","155407793","chr1","214134294","214134424","16","58726628"
"chr1","155411450","155411744","chr1","203263716","203264011","38","47852266"
"chr1","155418589","155418700","chr5","53788751","53788865","15","101629838"
"chr1","155423664","155423953","chr3","199443194","199443483","43","44019530"
"chr1","155447432","155447704","chr6","157490359","157490623","46","2042927"
"chr1","155447705","155447880","chr16","31139057","31139227","31","124308648"
"chr1","155456614","155456923","chr1","37302402","37302721","52","118154212"
"chr1","155474623","155474760","chr3","8501615","8501750","19","146973008"
"chr1","155475025","155475187","chr22","21623908","21624069","25","133851117"
"chr1","155483807","155484087","chr9","94494590","94494871","43","60989217"
"chr1","155486045","155486169","chr6","143552251","143552375","12","11933794"
"chr1","155492401","155492698","chr1","134187131","134187427","31","21305270"
"chr1","155509020","155509384","chr10","129951375","129951718","70","25557645"
"chr1","155528555","155528869","chr9","94544412","94544719","43","60984143"
"chr1","155549914","155550203","chr17","33523208","33523500","34","122026706"
"chr1","155552176","155552481","chr9","109734146","109734451","36","45818030"
"chr1","155558222","155558357","chr3","8501615","8501750","17","147056607"
"chr1","155558358","155558658","chr3","172793525","172793822","48","17235167"
"chr1","155558659","155558822","chr15","53534052","53534221","24","102024607"
"chr1","155570319","155570610","chr10","24533952","24534242","33","131036367"
"chr1","155577424","155577729","chr1","215372752","215373060","40","59795328"
"chr1","155601861","155602155","chr19","46659742","46660028","39","108942119"
"chr1","155606354","155606653","chr2A","34076378","34076678","38","121529976"
"chr1","155607321","155607607","chr9","111691946","111692245","52","43915375"
"chr1","155611610","155611908","chr13","1803926","1804222","43","153807684"
"chr1","155652456","155652755","chrX","7326681","7326981","39","148325775"
"chr1","155660373","155660670","chr9","94665689","94665981","36","60994684"
"chr1","155683403","155683520","chr10","60326661","60326780","19","95356742"
"chr1","155689362","155689671","chr10","34959507","34959819","57","120729855"
"chr1","155697958","155698105","chrX","41790006","41790156","25","113907952"
"chr1","155698389","155698561","chr4","1766445","1766615","25","153931944"
"chr1","155707552","155707845","chr9","94717023","94717317","36","60990529"
"chr1","155708616","155708920","chr4","71941918","71942217","73","83766698"
"chr1","155708949","155708967","chr8","121908911","121908927","2","33800038"
"chr1","155730854","155730967","chr1","10090900","10091014","9","145639954"
"chr1","155736729","155736814","chr21","5185599","5185685","15","150551130"
"chr1","155773625","155773913","chr14","386554","386839","57","155387071"
"chr1","155776413","155776705","chr19","38192151","38192451","42","117584262"
"chr1","155783856","155784173","chr9","94792570","94792881","54","60991286"
"chr1","155786854","155787145","chr19","39905207","39905498","42","115881647"
"chr1","155787437","155787739","chr11","95510260","95510561","52","60277177"
"chr1","155800968","155801254","chr5","24372432","24372725","47","131428536"
"chr1","155812723","155812863","chr6","43998011","43998146","35","111814712"
"chr1","155821681","155821982","chr12","34721171","34721470","48","121100510"
"chr1","155826926","155827256","chr6","29630935","29631252","76","126195991"
"chr1","155833592","155833724","chr1","216046125","216046259","18","60212533"
"chr1","155834016","155834158","chr18","59064463","59064604","34","96769553"
"chr1","155834676","155834812","chr13","2652862","2652996","23","153181814"
"chr1","155834909","155835047","chr13","2652862","2652996","19","153182047"
"chr1","155847324","155847456","chrX","23976572","23976706","15","131870752"
"chr1","155847751","155847904","chrX","1391589","1391740","27","154456162"
"chr1","155849071","155849376","chr7","152799145","152799449","44","3049926"
"chr1","155858248","155858525","chr5","60132919","60133198","49","95725329"
"chr1","155862506","155862801","chr5","24372432","24372725","36","131490074"
"chr1","155863605","155863905","chr10","132164858","132165160","46","23698747"
"chr1","155873263","155873435","chr15","71949755","71949935","29","83923508"
"chr1","155875707","155876002","chr1","180303394","180303691","33","24427687"
"chr1","155876948","155877079","chr1","216046125","216046259","18","60169177"
"chr1","155883194","155883491","chr11","85870927","85871225","37","70012267"
"chr1","155902088","155902387","chr9","94940691","94940986","46","60961397"
"chr1","155903964","155904253","chr13","1751467","1751752","47","154152497"
"chr1","155920446","155920747","chr1","19175647","19175948","43","136744799"
"chr1","156013979","156014258","chr14","41728417","41728692","51","114285562"
"chr1","156019175","156019471","chr3","114059840","114060141","54","41959335"
"chr1","156074131","156074456","chr9","95104739","95105057","43","60969392"
"chr1","156100683","156100982","chr19","36746867","36747168","46","119353816"
"chr1","156114027","156114335","chr7","2886304","2886609","37","153227723"
"chr1","156149283","156149534","chr2B","71436190","71436444","43","84713093"
"chr1","156150606","156150897","chr9","76710013","76710305","42","79440593"
"chr1","156168570","156168771","chr5","94463962","94464165","36","61704608"
"chr1","156193694","156193997","chr6","126511577","126511878","44","29682117"
"chr1","156202630","156202940","chr9","95240882","95241189","37","60961748"
"chr1","156207652","156207937","chr12","28127716","28128002","38","128079936"
"chr1","156212690","156212879","chr2A","83444240","83444435","27","72768450"
"chr1","156213935","156214231","chr6","45713778","45714072","36","110500157"
"chr1","156225458","156225616","chr16","31139057","31139227","38","125086401"
"chr1","156230520","156230710","chrX","41233760","41233962","37","114996760"
"chr1","156238261","156238557","chrX","130051488","130051793","52","26186773"
"chr1","156260112","156260405","chr9","106948213","106948511","39","49311899"
"chr1","156261367","156261619","chr9","95299730","95299976","38","60961637"
"chr1","156275405","156275707","chr14","38785059","38785369","40","117490346"
"chr1","156285313","156285539","chr2B","99010957","99011179","42","57274356"
"chr1","156365458","156365697","chr19","9664506","9664738","38","146700952"
"chr1","156404918","156404993","chr6","16184191","16184263","21","140220727"
"chr1","156405034","156405139","chr3","189912177","189912280","21","33507143"
"chr1","156407733","156407852","chr14","68772219","68772335","15","87635514"
"chr1","156420816","156421117","chr4","85866666","85866961","41","70554150"
"chr1","156430761","156431044","chr9","117733372","117733651","40","38697389"
"chr1","156431074","156431096","chrX","931161","931184","4","155499913"
"chr1","156436967","156437269","chr17","89332691","89332980","47","67104276"
"chr1","156469180","156469354","chr2B","9182873","9183046","29","147286307"
"chr1","156469386","156469503","chr3","34276408","34276526","25","122192978"
"chr1","156499642","156499801","chr6","86755396","86755560","27","69744246"
"chr1","156533643","156533729","chr15","43080548","43080631","15","113453095"
"chr1","156538304","156538388","chr12","121865970","121866049","13","34672334"
"chr1","156538682","156538891","chr1","51953422","51953648","43","104585260"
"chr1","156544888","156545189","chr2A","81987366","81987669","42","74557522"
"chr1","156565045","156565350","chr2A","81987366","81987669","40","74577679"
"chr1","156585060","156585358","chr3","123718177","123718476","54","32866883"
"chr1","156591502","156591799","chr10","88613323","88613632","42","67978179"
"chr1","156593137","156593311","chr8","124598467","124598647","31","31994670"
"chr1","156623403","156623600","chr9","95727132","95727323","23","60896271"
"chr1","156634274","156634559","chr6","46332308","46332601","34","110301966"
"chr1","156639318","156639448","chr14","60823980","60824109","25","95815338"
"chr1","156670290","156670570","chr3","143654055","143654338","41","13016235"
"chr1","156689303","156689477","chr5","19584116","19584279","39","137105187"
"chr1","156689782","156689913","chr9","105121338","105121473","16","51568444"
"chr1","156718647","156718763","chr2A","37342062","37342176","18","119376585"
"chr1","156720249","156720542","chr1","139266119","139266414","35","17454130"
"chr1","156721701","156721982","chrX","9679871","9680143","42","147041830"
"chr1","156728280","156728354","chr20","3108049","3108120","10","153620231"
"chr1","156744231","156744361","chr1","214134294","214134424","17","57390063"
"chr1","156761099","156761398","chr1","139828512","139828799","43","16932587"
"chr1","156763512","156763642","chr12","7861997","7862126","12","148901515"
"chr1","156763808","156763919","chr5","164216902","164217015","16","7453094"
"chr1","156778049","156778357","chr5","163479358","163479668","39","6701309"
"chr1","156779275","156779588","chr9","95897421","95897723","43","60881854"
"chr1","156781423","156781717","chr16","57773636","57773927","44","99007787"
"chr1","156785755","156786035","chr4","189516164","189516439","42","32730409"
"chr1","156791756","156792063","chrX","18589815","18590117","48","138201941"
"chr1","156793393","156793700","chr7","72759051","72759361","36","84034342"
"chr1","156797737","156797855","chr14","14074348","14074466","22","142723389"
"chr1","156798595","156798724","chr17","17501542","17501671","26","139297053"
"chr1","156805455","156805585","chr7","78998821","78998955","15","77806634"
"chr1","156805904","156806044","chr1","63588596","63588741","27","93217308"
"chr1","156806832","156806946","chr3","50836150","50836264","10","105970682"
"chr1","156814169","156814426","chr9","95927306","95927578","43","60886863"
"chr1","156840151","156840339","chr8","18858421","18858599","31","137981730"
"chr1","156850063","156850152","chr1","115533472","115533562","9","41316591"
"chr1","156851233","156851504","chr1","7933422","7933688","41","148917811"
"chr1","156853556","156853815","chr3","179781249","179781524","47","22927693"
"chr1","156907928","156908212","chr14","61097634","61097920","41","95810294"
"chr1","156966201","156966503","chr12","39940499","39940799","43","117025702"
"chr1","157003311","157003616","chr9","96133487","96133773","47","60869824"
"chr1","157009536","157009773","chr5","4239137","4239378","43","152770399"
"chr1","157044459","157044648","chr12","121191378","121191551","52","35853081"
"chr1","157048970","157049137","chr9","96176195","96176366","25","60872775"
"chr1","157055683","157055999","chr9","96180858","96181163","49","60874825"
"chr1","157075930","157076219","chr6","110192592","110192884","43","46883338"
"chr1","157106340","157106635","chrX","155181732","155182023","42","1924608"
"chr1","157109645","157109725","chr10","67506004","67506084","18","89603641"
"chr1","157113013","157113320","chr16","61435250","61435545","42","95677763"
"chr1","157133695","157134008","chr1","221986743","221987044","48","64853048"
"chr1","157206988","157207301","chr3","176756046","176756363","49","19549058"
"chr1","157234016","157234314","chr8","82894963","82895258","50","74339053"
"chr1","157243796","157244070","chr7","138693397","138693671","38","18550399"
"chr1","157286589","157286878","chr6","154205423","154205715","37","3081166"
"chr1","157287805","157287947","chr3","126370891","126371038","27","30916914"
"chr1","157288659","157288803","chr1","87111997","87112142","18","70176662"
"chr1","157292961","157293082","chr9","45252398","45252520","19","112040563"
"chr1","157293117","157293398","chrX","8027667","8027947","45","149265450"
"chr1","157335019","157335320","chr19","18189585","18189884","32","139145434"
"chr1","157436869","157437188","chr4","163652205","163652507","46","6215336"
"chr1","157446622","157446928","chr7","158500431","158500731","58","1053809"
"chr1","157512658","157512808","chr21","1123942","1124089","16","156388716"
"chr1","157541981","157542272","chr13","12900713","12901005","45","144641268"
"chr1","157546137","157546436","chr19","39300297","39300596","42","118245840"
"chr1","157577878","157578088","chr5","143873407","143873616","37","13704471"
"chr1","157584547","157584636","chr17","764586","764671","20","156819961"
"chr1","157643624","157643932","chr5","90749179","90749487","42","66894445"
"chr1","157682780","157683069","chr8","103853182","103853465","43","53829598"
"chr1","157691769","157691912","chr17","14146954","14147088","39","143544815"
"chr1","157711865","157712160","chr7","156101400","156101691","43","1610465"
"chr1","157731736","157732020","chr9","111762498","111762778","45","45969238"
"chr1","157767285","157767573","chr11","96033232","96033518","49","61734053"
"chr1","157772843","157773144","chr14","7217699","7217998","38","150555144"
"chr1","157815065","157815352","chr5","24372432","24372725","41","133442633"
"chr1","157862437","157862737","chr8","82894963","82895258","38","74967474"
"chr1","157887004","157887133","chr6","77300902","77301033","15","80586102"
"chr1","157907752","157907866","chr14","87876172","87876282","22","70031580"
"chr1","157912792","157913081","chr6","152428402","152428695","48","5484390"
"chr1","157930537","157930833","chr6","45713778","45714072","32","112216759"
"chr1","157934389","157934499","chr6","85362783","85362893","17","72571606"
"chr1","157953241","157953523","chr5","117742995","117743288","46","40210246"
"chr1","157963344","157963551","chr10","27073609","27073819","59","130889735"
"chr1","157963858","157963977","chr16","38928469","38928600","28","119035389"
"chr1","157981718","157982010","chr1","9683728","9684022","39","148297990"
"chr1","157988126","157988419","chr7","152799145","152799449","45","5188981"
"chr1","158021723","158022023","chr5","123310182","123310477","49","34711541"
"chr1","158022214","158022515","chr9","97243940","97244235","49","60778274"
"chr1","158026906","158027126","chr1","39080670","39080886","37","118946236"
"chr1","158036681","158036957","chr2B","118835377","118835656","39","39201304"
"chr1","158067324","158067617","chr20","43761961","43762257","44","114305363"
"chr1","158073828","158074118","chr6","57030350","57030643","33","101043478"
"chr1","158136175","158136475","chr1","130589299","130589597","47","27546876"
"chr1","158375065","158375318","chr6","65794603","65794846","63","92580462"
"chr1","158409311","158409602","chrX","137684759","137685052","44","20724552"
"chr1","158451717","158452011","chr1","212745117","212745410","29","54293400"
"chr1","158457508","158457777","chr6","104304719","104304990","44","54152789"
"chr1","158460807","158460968","chr15","18582918","18583084","32","139877889"
"chr1","158461001","158461121","chrX","1266201","1266319","14","157194800"
"chr1","158534077","158534371","chr12","53326856","53327152","36","105207221"
"chr1","158577897","158578206","chr9","97776543","97776838","47","60801354"
"chr1","158688284","158688523","chr14","66512279","66512526","48","92176005"
"chr1","158746950","158747099","chrX","32344131","32344277","22","126402819"
"chr1","158769576","158769877","chr9","97932848","97933159","40","60836728"
"chr1","158809310","158809593","chr16","26857355","26857646","46","131951955"
"chr1","158868554","158868649","chr7","69823673","69823768","9","89044881"
"chr1","158954048","158954370","chrX","42322289","42322598","54","116631759"
"chr1","159044552","159044648","chr4","146736814","146736913","23","12307738"
"chr1","159044780","159044838","chr9","66361915","66361965","18","92682865"
"chr1","159136304","159136475","chr5","165268352","165268516","27","6132048"
"chr1","159191210","159191531","chr1","53366525","53366839","52","105824685"
"chr1","159201545","159201870","chr10","116904347","116904667","57","42297198"
"chr1","159251262","159251576","chr2B","28911848","28912154","50","130339414"
"chr1","159259588","159259891","chr1","157431755","157432062","40","1827833"
"chr1","159339368","159339675","chr5","118351918","118352225","46","40987450"
"chr1","159363226","159363533","chr15","63362216","63362526","48","96001010"
"chr1","159386085","159386219","chr1","147219445","147219574","26","12166640"
"chr1","159482780","159483066","chr5","75762204","75762492","38","83720576"
"chr1","159549049","159549280","chr3","33405226","33405477","64","126143823"
"chr1","159574399","159574690","chr8","78191077","78191365","51","81383322"
"chr1","159813042","159813177","chr16","31524913","31525050","30","128288129"
"chr1","159818670","159818976","chr15","78041904","78042206","33","81776766"
"chr1","159875127","159875244","chr1","63588767","63588886","13","96286360"
"chr1","159895682","159896000","chr3","199357916","199358222","54","39462234"
"chr1","159924443","159924713","chr6","171305892","171306160","47","11381449"
"chr1","159944448","159944743","chr5","62119742","62120043","51","97824706"
"chr1","159969556","159969676","chrX","23325027","23325143","17","136644529"
"chr1","159970815","159971114","chr1","36326602","36326903","50","123644213"
"chr1","160000315","160000607","chr3","190276346","190276640","55","30276031"
"chr1","160007732","160007755","chr3","45720638","45720663","5","114287094"
"chr1","160007855","160008126","chr4","144915305","144915588","44","15092550"
"chr1","160022594","160022676","chr19","56702045","56702122","11","103320549"
"chr1","160022834","160023020","chr4","123956454","123956641","31","36066380"
"chr1","160094592","160094888","chr1","27749471","27749762","55","132345121"
"chr1","160137100","160137399","chr11","8944197","8944498","44","151192903"
"chr1","160137546","160137606","chr5","76857097","76857162","11","83280449"
"chr1","160207373","160207664","chr8","82760756","82761047","41","77446617"
"chr1","160270207","160270513","chr5","57771312","57771605","46","102498895"
"chr1","160328523","160328748","chr10","116117272","116117499","33","44211251"
"chr1","160347832","160348072","chr10","39499447","39499692","37","120848385"
"chr1","160361002","160361290","chr1","11849240","11849528","39","148511762"
"chr1","160378522","160378640","chr5","48360054","48360171","19","112018468"
"chr1","160378673","160378848","chr12","30061690","30061867","44","130316983"
"chr1","160452223","160452519","chr9","12318811","12319107","45","148133412"
"chr1","160526333","160526630","chr2A","20895744","20896038","36","139630589"
"chr1","160631717","160631930","chr17","57183384","57183600","67","103448333"
"chr1","160631961","160632086","chr12","47479198","47479324","18","113152763"
"chr1","160840973","160841292","chr9","99968332","99968641","54","60872641"
"chr1","160972067","160972375","chr7","102315649","102315951","46","58656418"
"chr1","160985111","160985412","chr4","99216834","99217131","62","61768277"
"chr1","161004433","161004724","chr8","66691960","66692252","35","94312473"
"chr1","161113915","161114043","chr1","10043533","10043661","15","151070382"
"chr1","161170059","161170331","chr1","194129673","194129951","55","32959614"
"chr1","161180822","161181132","chr7","586271","586571","48","160594551"
"chr1","161186030","161186311","chr17","17491819","17492099","43","143694211"
"chr1","161203049","161203298","chr1","186217872","186218130","53","25014823"
"chr1","161317054","161317270","chr13","77652550","77652758","42","83664504"
"chr1","161488617","161488894","chr3","179781249","179781524","48","18292632"
"chr1","161528213","161528507","chr1","145866574","145866859","52","15661639"
"chr1","161532558","161532855","chr3","58218665","58218964","46","103313893"
"chr1","161571862","161572147","chr19","53514983","53515270","45","108056879"
"chr1","161671754","161672061","chr1","46890129","46890419","53","114781625"
"chr1","161750546","161750716","chr20","56106033","56106217","29","105644513"
"chr1","161775247","161775536","chr17","6999317","6999612","45","154775930"
"chr1","161952838","161953134","chr15","43714275","43714575","43","118238563"
"chr1","162007369","162007656","chr12","1122701","1122989","32","160884668"
"chr1","162050747","162051071","chr6","90069914","90070241","57","71980833"
"chr1","162075302","162075586","chrX","136109691","136109977","48","25965611"
"chr1","162120986","162121260","chr2B","82353521","82353805","44","79767465"
"chr1","162136175","162136293","chr10","106463779","106463896","17","55672396"
"chr1","162154187","162154319","chr8","146082761","146082895","20","16071426"
"chr1","162225868","162226153","chr9","101433757","101434046","50","60792111"
"chr1","162238495","162238776","chr8","20598859","20599152","49","141639636"
"chr1","162332588","162332888","chr6","162737492","162737793","52","404904"
"chr1","162427016","162427137","chr8","55314500","55314620","16","107112516"
"chr1","162481191","162481485","chr9","101690369","101690665","43","60790822"
"chr1","162635188","162635498","chrX","45955185","45955490","46","116680003"
"chr1","162641072","162641365","chr17","30003993","30004288","36","132637079"
"chr1","162657891","162658164","chr5","25390881","25391154","53","137267010"
"chr1","162734314","162734588","chr12","83500968","83501252","49","79233346"
"chr1","162776564","162776876","chr8","101435714","101436021","47","61340850"
"chr1","162811990","162812303","chr4","140565543","140565848","53","22246447"
"chr1","162829497","162829804","chr12","111866132","111866431","45","50963365"
"chr1","162841319","162841470","chr1","213048901","213049051","21","50207582"
"chr1","162841472","162841758","chr22","831278","831562","33","162010194"
"chr1","162866598","162866917","chr11","90697293","90697597","51","72169305"
"chr1","162880005","162880309","chr3","125068067","125068363","48","37811938"
"chr1","162908033","162908321","chr17","63246566","63246861","43","99661467"
"chr1","162928339","162928589","chr12","106881494","106881745","46","56046845"
"chr1","162932310","162932595","chr7","82716630","82716918","56","80215680"
"chr1","162934906","162935104","chr7","103824604","103824807","43","59110302"
"chr1","163015741","163016053","chr1","93992578","93992879","48","69023163"
"chr1","163042029","163042199","chr3","70383569","70383743","23","92658460"
"chr1","163042507","163042640","chr15","37731910","37732045","12","125310597"
"chr1","163053692","163053998","chr1","26948220","26948526","54","136105472"
"chr1","163146287","163146594","chr5","34215137","34215446","44","128931150"
"chr1","163151281","163151538","chr3","24345597","24345857","50","138805684"
"chr1","163251731","163252025","chr10","40882409","40882712","40","122369322"
"chr1","163269634","163269901","chrX","9679871","9680143","48","153589763"
"chr1","163295212","163295478","chr1","39957223","39957497","39","123337989"
"chr1","163647839","163648128","chr5","4345743","4346035","36","159302096"
"chr1","163649376","163649537","chr12","124975481","124975639","27","38673895"
"chr1","163649585","163649713","chr19","9676147","9676272","14","153973438"
"chr1","163664993","163665287","chr8","34715089","34715385","43","128949904"
"chr1","163671420","163671722","chr2A","76786969","76787269","42","86884451"
"chr1","163703195","163703501","chr9","55101234","55101541","41","108601961"
"chr1","163765210","163765393","chr7","156784585","156784756","64","6980625"
"chr1","163769148","163769298","chr3","173274411","173274556","30","9505263"
"chr1","163769354","163769479","chr5","126110335","126110461","12","37659019"
"chr1","163785069","163785391","chr2B","99945275","99945585","55","63839794"
"chr1","163910726","163911029","chr9","63140009","63140321","59","100770717"
"chr1","164008417","164008696","chr8","59177377","59177656","38","104831040"
"chr1","164135650","164135944","chr12","108633862","108634156","39","55501788"
"chr1","164178066","164178149","chr7","65088911","65088992","15","99089155"
"chr1","164178444","164178454","chr1","184340759","184340769","1","20162315"
"chr1","164183440","164183734","chr7","83290117","83290410","36","80893323"
"chr1","164199723","164200008","chr13","10906523","10906809","34","153293200"
"chr1","164204732","164205021","chr9","103391531","103391826","44","60813201"
"chr1","164206081","164206217","chr1","32882794","32882929","20","131323287"
"chr1","164206492","164206684","chr22","14270200","14270381","39","149936292"
"chr1","164224349","164224656","chr1","129761078","129761384","39","34463271"
"chr1","164224966","164225260","chr2A","68122456","68122749","38","96102510"
"chr1","164228564","164228625","chr6","141439564","141439625","19","22789000"
"chr1","164232508","164232784","chr11","123114043","123114321","33","41118465"
"chr1","164234790","164235089","chr5","59897733","59898033","41","104337057"
"chr1","164264849","164265154","chr10","15375694","15376002","37","148889155"
"chr1","164295987","164296296","chr9","103472791","103473099","30","60823196"
"chr1","164307176","164307461","chr20","50900451","50900745","48","113406725"
"chr1","164314532","164314662","chr8","77682900","77683032","15","86631632"
"chr1","164397264","164397496","chr7","152572732","152572964","30","11824532"
"chr1","164398388","164398677","chr6","7262191","7262476","47","157136197"
"chr1","164407598","164407756","chr14","61039688","61039842","21","103367910"
"chr1","164410802","164411101","chr19","32746578","32746877","40","131664224"
"chr1","164418928","164419232","chr9","108355623","108355934","53","56063305"
"chr1","164419236","164419431","chr1","24781579","24781777","45","139637657"
"chr1","164420909","164421207","chr8","101544594","101544890","33","62876315"
"chr1","164424517","164424815","chr9","43766410","43766708","41","120658107"
"chr1","164425715","164425868","chr1","207901121","207901272","22","43475406"
"chr1","164430844","164430962","chr1","191056146","191056267","17","26625302"
"chr1","164430990","164431145","chr20","49666011","49666171","28","114764979"
"chr1","164436660","164436943","chr14","11207197","11207478","51","153229463"
"chr1","164447238","164447527","chr1","11125173","11125461","41","153322065"
"chr1","164448384","164448692","chr5","28513049","28513349","56","135935335"
"chr1","164455174","164455481","chr5","34215137","34215446","44","130240037"
"chr1","164456135","164456428","chr4","33766822","33767126","55","130689313"
"chr1","164504681","164504928","chr5","48160239","48160482","46","116344442"
"chr1","164515844","164516127","chr7","68834212","68834489","71","95681632"
"chr1","164520339","164520509","chr14","33886139","33886305","23","130634200"
"chr1","164520803","164520944","chr19","48141881","48142016","21","116378922"
"chr1","164536424","164536723","chr3","189019976","189020270","42","24483552"
"chr1","164575625","164575927","chrX","128923641","128923950","40","35651984"
"chr1","164587827","164588073","chr1","148499750","148500000","41","16088077"
"chr1","164597817","164598125","chr9","103776512","103776824","44","60821305"
"chr1","164604208","164604403","chr8","20806710","20806901","28","143797498"
"chr1","164605812","164606111","chr19","35564249","35564547","43","129041563"
"chr1","164632637","164632927","chr3","160736782","160737074","41","3895855"
"chr1","164645124","164645420","chr8","101544594","101544890","30","63100530"
"chr1","164675318","164675572","chr1","126660119","126660358","47","38015199"
"chr1","164677181","164677480","chr13","31069715","31070013","41","133607466"
"chr1","164692082","164692337","chr9","116296306","116296562","53","48395776"
"chr1","164692868","164693003","chr5","35839264","35839400","24","128853604"
"chr1","164699599","164699891","chr5","129808332","129808626","38","34891267"
"chr1","164705380","164705512","chr4","159635447","159635579","16","5069933"
"chr1","164713262","164713521","chr4","9791988","9792250","53","154921274"
"chr1","164717292","164717573","chrX","101046940","101047213","44","63670352"
"chr1","164717595","164717625","chr22","2324942","2324971","6","162392653"
"chr1","164718854","164719142","chr17","5236713","5236995","44","159482141"
"chr1","164726681","164726992","chr9","103902626","103902939","51","60824055"
"chr1","164737576","164737708","chr1","209383866","209384001","16","44646290"
"chr1","164758465","164758769","chrX","155732638","155732953","51","9025827"
"chr1","164779993","164780279","chr14","10087134","10087425","64","154692859"
"chr1","164780420","164780662","chr9","63500002","63500237","47","101280418"
"chr1","164803005","164803300","chr6","109314930","109315226","37","55488075"
"chr1","164851847","164852081","chr9","104032729","104032953","38","60819118"
"chr1","164861149","164861372","chr9","74819531","74819730","51","90041618"
"chr1","164861698","164861830","chr10","36140383","36140517","19","128721315"
"chr1","164864878","164865155","chr9","111035492","111035776","41","53829386"
"chr1","164867254","164867536","chr2B","51199348","51199632","32","113667906"
"chr1","164883701","164883839","chr5","153720195","153720345","27","11163506"
"chr1","164890697","164890707","chr1","69109954","69109964","1","95780743"
"chr1","164890757","164890922","chr17","540276","540440","28","164350481"
"chr1","164904909","164905079","chr2A","12462472","12462645","28","152442437"
"chr1","164938168","164938472","chr3","184073024","184073333","37","19134856"
"chr1","164969283","164969583","chr1","154549010","154549304","48","10420273"
"chr1","164989378","164989687","chr18","11626069","11626374","42","153363309"
"chr1","164994079","164994269","chr10","128398181","128398367","42","36595898"
"chr1","164994290","164994318","chr8","68202385","68202410","4","96791905"
"chr1","165008706","165009001","chr2A","15843046","15843342","42","149165660"
"chr1","165038836","165038952","chr6","43435680","43435799","10","121603156"
"chr1","165039229","165039345","chrX","24288832","24288946","12","140750397"
"chr1","165061056","165061225","chrX","120094588","120094761","36","44966468"
"chr1","165073457","165073585","chr17","40745194","40745323","22","124328263"
"chr1","165081920","165082197","chr7","7425148","7425428","48","157656772"
"chr1","165109014","165109310","chr9","113723652","113723953","32","51385362"
"chr1","165125743","165126048","chr3","143733492","143733803","43","21392251"
"chr1","165157534","165157761","chr9","113731412","113731643","44","51426122"
"chr1","165163142","165163372","chr5","154040267","154040486","42","11122875"
"chr1","165163424","165163690","chr12","113276558","113276825","44","51886866"
"chr1","165174555","165174744","chr3","140961141","140961312","38","24213414"
"chr1","165175996","165176129","chr20","18147256","18147388","15","147028740"
"chr1","165176317","165176609","chr18","55515647","55515942","45","109660670"
"chr1","165179030","165179325","chr6","7503535","7503831","44","157675495"
"chr1","165183756","165183884","chr1","65876428","65876562","16","99307328"
"chr1","165184160","165184437","chr13","31249824","31250102","43","133934336"
"chr1","165185141","165185315","chr1","220537587","220537761","28","55352446"
"chr1","165189071","165189179","chr16","61557601","61557707","13","103631470"
"chr1","165191620","165191924","chr9","104341009","104341315","41","60850611"
"chr1","165195641","165195879","chr5","38102803","38103034","50","127092838"
"chr1","165196085","165196383","chr7","70719855","70720163","57","94476230"
"chr1","165205519","165205778","chr6","113080691","113080959","45","52124828"
"chr1","165206154","165206446","chr22","29200936","29201223","53","136005218"
"chr1","165207014","165207320","chr5","141890810","141891123","48","23316204"
"chr1","165208558","165208842","chr5","64037839","64038120","38","101170719"
"chr1","165208923","165209230","chr10","94283242","94283547","38","70925681"
"chr1","165213470","165213779","chr5","36280786","36281097","46","128932684"
"chr1","165215199","165215279","chr4","168590298","168590369","19","3375099"
"chr1","165226734","165227022","chr11","77103333","77103625","44","88123401"
"chr1","165238467","165238603","chr11","107449557","107449691","27","57788910"
"chr1","165239322","165239462","chr1","46627396","46627538","25","118611926"
"chr1","165242443","165242572","chrX","118877663","118877798","15","46364780"
"chr1","165250828","165250943","chr14","68772219","68772335","21","96478609"
"chr1","165259712","165260030","chr8","89387121","89387428","48","75872591"
"chr1","165268948","165269071","chr2B","89205640","89205764","15","76063308"
"chr1","165272463","165272763","chr1","219949790","219950098","59","54677327"
"chr1","165275475","165275754","chr1","89986169","89986447","39","75289306"
"chr1","165284714","165284816","chr5","79609690","79609789","19","85675024"
"chr1","165285123","165285248","chr11","61125377","61125504","18","104159746"
"chr1","165289151","165289437","chr11","3623940","3624232","34","161665211"
"chr1","165299908","165300135","chr1","53466878","53467112","38","111833030"
"chr1","165304058","165304335","chr4","144915305","144915588","34","20388753"
"chr1","165306654","165306950","chrX","112947609","112947909","39","52359045"
"chr1","165313559","165313867","chr9","104418679","104418984","45","60894880"
"chr1","165324328","165324600","chr2B","64277055","64277328","45","101047273"
"chr1","165324643","165324668","chr1","115519149","115519171","5","49805494"
"chr1","165332732","165332824","chrX","96412999","96413089","15","68919733"
"chr1","165334025","165334335","chr1","62622376","62622681","40","102711649"
"chr1","165350805","165351030","chr16","24895211","24895435","30","140455594"
"chr1","165356053","165356360","chr3","162307473","162307776","44","3048580"
"chr1","165356446","165356730","chr22","29322155","29322439","40","136034291"
"chr1","165356783","165357138","chr3","188242842","188243172","76","22886059"
"chr1","165358228","165358516","chr6","150179260","150179550","37","15178968"
"chr1","165359514","165359794","chr5","32739792","32740066","51","132619722"
"chr1","165365114","165365233","chr16","62916690","62916809","21","102448424"
"chr1","165371711","165371884","chr5","23978573","23978748","30","141393138"
"chr1","165371885","165372198","chr9","22866981","22867293","46","142504904"
"chr1","165387915","165388203","chr18","23913425","23913715","42","141474490"
"chr1","165418362","165418674","chr17","15918534","15918830","62","149499828"
"chr1","165430046","165430357","chr8","48728376","48728678","43","116701670"
"chr1","165541447","165541754","chr3","73858368","73858669","44","91683079"
"chr1","165577734","165578017","chr1","20280960","20281258","47","145296774"
"chr1","165606090","165606366","chr16","59897963","59898237","45","105708127"
"chr1","165611330","165611608","chrX","47089007","47089287","38","118522323"
"chr1","165618805","165619101","chr5","164508662","164508960","41","1110143"
"chr1","165654882","165655177","chr4","158018480","158018764","53","7636402"
"chr1","165726329","165726620","chr14","76696434","76696724","42","89029895"
"chr1","165788222","165788348","chr5","126110335","126110461","12","39677887"
"chr1","165788370","165788542","chr2B","100824273","100824441","27","64964097"
"chr1","165868155","165868281","chr10","91560185","91560314","18","74307970"
"chr1","165877950","165878245","chr5","46530569","46530871","34","119347381"
"chr1","165880673","165880758","chr8","7695945","7696028","7","158184728"
"chr1","165884508","165884743","chr4","46732892","46733138","45","119151616"
"chr1","165894103","165894226","chr19","49125928","49126062","23","116768175"
"chr1","165898945","165899246","chr1","35838189","35838488","35","130060756"
"chr1","165901659","165901941","chr1","65854541","65854833","39","100047118"
"chr1","165942349","165942649","chr5","45914070","45914364","37","120028279"
"chr1","165944532","165944841","chr18","7951471","7951778","45","157993061"
"chr1","165973611","165973916","chr1","128927826","128928136","43","37045785"
"chr1","165997397","165997557","chr9","15360495","15360655","28","150636902"
"chr1","165997860","165997994","chrX","15532303","15532435","22","150465557"
"chr1","166016023","166016315","chr9","109156859","109157153","38","56859164"
"chr1","166028245","166028521","chr8","48387419","48387700","45","117640826"
"chr1","166070483","166070645","chr14","29833303","29833463","26","136237180"
"chr1","166070680","166070799","chr6","79500001","79500124","17","86570679"
"chr1","166079020","166079303","chr8","126026839","126027127","44","40052181"
"chr1","166094169","166094415","chr16","80552707","80552964","52","85541462"
"chr1","166100915","166101121","chr1","133625543","133625750","35","32475372"
"chr1","166130234","166130545","chr9","93010040","93010345","60","73120194"
"chr1","166139340","166139636","chr5","40952351","40952645","52","125186989"
"chr1","166169939","166170047","chr19","30888452","30888557","19","135281487"
"chr1","166188876","166189175","chr4","39011306","39011605","36","127177570"
"chr1","166205394","166205688","chr12","52998014","52998309","39","113207380"
"chr1","166212015","166212026","chr8","134651734","134651746","1","31560281"
"chr1","166212082","166212360","chr2B","123962129","123962408","48","42249953"
"chr1","166223987","166224284","chr3","125068067","125068363","38","41155920"
"chr1","166265737","166265876","chr19","6727406","6727560","34","159538331"
"chr1","166444044","166444344","chr3","163043251","163043555","50","3400793"
"chr1","166525141","166525176","chr17","40745159","40745190","8","125779982"
"chr1","166553932","166554135","chr3","33605807","33606012","31","132948125"
"chr1","166598224","166598510","chr15","49302263","49302546","42","117295961"
"chr1","166610301","166610614","chr5","121398748","121399062","46","45211553"
"chr1","166683558","166683811","chr12","949576","949843","48","165733982"
"chr1","166688285","166688603","chr2B","52042700","52043012","54","114645585"
"chr1","166714208","166714522","chr5","117943795","117944103","52","48770413"
"chr1","166736013","166736296","chr1","52959496","52959777","46","113776517"
"chr1","166741561","166741790","chr9","99009189","99009419","31","67732372"
"chr1","166758837","166759089","chr5","21071770","21072025","34","145687067"
"chr1","166759985","166760095","chr16","43849045","43849159","15","122910940"
"chr1","166761876","166762160","chr1","16401272","16401565","41","150360604"
"chr1","166765269","166765357","chr1","115533472","115533562","7","51231797"
"chr1","166771860","166772151","chr2A","10050835","10051120","35","156721025"
"chr1","166779394","166779407","chr14","51008342","51008355","1","115771052"
"chr1","166779497","166779784","chr14","81206878","81207174","47","85572619"
"chr1","166797315","166797611","chr3","140375999","140376287","61","26421316"
"chr1","166805695","166805988","chr6","17679318","17679614","44","149126377"
"chr1","166806139","166806222","chr4","26051638","26051721","23","140754501"
"chr1","166816898","166817178","chr3","108662999","108663287","39","58153899"
"chr1","166819975","166820262","chr4","101447458","101447743","38","65372517"
"chr1","166823405","166823698","chr1","45011272","45011559","41","121812133"
"chr1","166857691","166857988","chr17","14241316","14241612","45","152616375"
"chr1","166874281","166874508","chr7","139850998","139851229","66","27023283"
"chr1","166874786","166874917","chr1","130521054","130521182","19","36353732"
"chr1","166936521","166936827","chr3","157439529","157439831","42","9496992"
"chr1","166947517","166947804","chr11","117709560","117709842","42","49237957"
"chr1","167014667","167014953","chr12","63636653","63636940","43","103378014"
"chr1","167024002","167024294","chr1","159180870","159181161","41","7843132"
"chr1","167037087","167037395","chr9","106590737","106591036","39","60446350"
"chr1","167082568","167082868","chr9","69335388","69335681","42","97747180"
"chr1","167084016","167084320","chrX","128923641","128923950","39","38160375"
"chr1","167093989","167094277","chr6","39347121","39347419","53","127746868"
"chr1","167095284","167095565","chr1","46588938","46589218","32","120506346"
"chr1","167102272","167102565","chr7","78087696","78087986","43","89014576"
"chr1","167112493","167112771","chrX","114928233","114928513","42","52184260"
"chr1","167123469","167123760","chr2B","70550117","70550407","39","96573352"
"chr1","167143048","167143357","chr11","76719549","76719855","38","90423499"
"chr1","167202231","167202534","chr4","119655282","119655580","46","47546949"
"chr1","167208358","167208656","chr3","42788373","42788672","44","124419985"
"chr1","167239817","167240098","chrX","12372793","12373085","39","154867024"
"chr1","167242983","167243162","chr11","83343086","83343261","33","83899897"
"chr1","167251046","167251180","chr3","187792330","187792464","18","20541284"
"chr1","167251441","167251640","chr1","139388447","139388635","40","27862994"
"chr1","167280422","167280723","chr10","124861423","124861725","37","42418999"
"chr1","167301642","167301917","chr5","163543962","163544238","32","3757680"
"chr1","167362674","167362826","chr9","75335168","75335322","32","92027506"
"chr1","167387039","167387326","chr9","106948213","106948511","41","60438826"
"chr1","167406742","167407034","chr12","10745479","10745770","32","156661263"
"chr1","167422391","167422663","chr11","67721064","67721346","52","99701327"
"chr1","167507861","167508158","chr13","9138792","9139090","36","158369069"
"chr1","167517241","167517493","chr10","100354316","100354578","38","67162925"
"chr1","167520573","167520870","chr19","43799838","43800128","47","123720735"
"chr1","167585437","167585737","chr9","107148005","107148312","42","60437432"
"chr1","167589570","167589871","chr9","107152178","107152488","49","60437392"
"chr1","167621063","167621369","chr1","76679777","76680087","35","90941286"
"chr1","167622462","167622748","chr15","46946522","46946821","53","120675940"
"chr1","167754059","167754339","chr15","18668250","18668534","57","149085809"
"chr1","167763594","167763901","chr11","66467682","66467985","38","101295912"
"chr1","167771120","167771421","chr7","130595096","130595396","41","37176024"
"chr1","167776035","167776369","chr17","801485","801817","60","166974550"
"chr1","167783462","167783773","chr9","76761318","76761626","41","91022144"
"chr1","167784701","167784981","chr16","29335453","29335748","49","138449248"
"chr1","167793531","167793853","chrX","45319587","45319876","70","122473944"
"chr1","167841121","167841420","chrX","50606946","50607243","49","117234175"
"chr1","167842706","167842885","chr2B","50431625","50431794","26","117411081"
"chr1","167862312","167862596","chr9","96133487","96133773","44","71728825"
"chr1","167864485","167864614","chr6","19544036","19544168","16","148320449"
"chr1","167871625","167871927","chrX","24797907","24798219","53","143073718"
"chr1","167873799","167873993","chr1","189300369","189300566","29","21426570"
"chr1","167876509","167876805","chr5","46530569","46530871","50","121345940"
"chr1","167889256","167889550","chr1","139266119","139266414","46","28623137"
"chr1","167894155","167894451","chr6","43552064","43552362","31","124342091"
"chr1","167895018","167895261","chr3","53594881","53595130","38","114300137"
"chr1","167917381","167917641","chr3","52433613","52433881","57","115483768"
"chr1","167932150","167932456","chr9","82371591","82371900","37","85560559"
"chr1","167937669","167937839","chr1","24681785","24681955","28","143255884"
"chr1","167943630","167943772","chr8","1573606","1573751","16","166370024"
"chr1","167947042","167947335","chr16","61870246","61870540","37","106076796"
"chr1","167949071","167949361","chr20","48925641","48925923","46","119023430"
"chr1","167955794","167956072","chr1","139828512","139828799","59","28127282"
"chr1","167962508","167962801","chr1","135371783","135372089","50","32590725"
"chr1","167989032","167989327","chrX","130000772","130001065","39","37988260"
"chr1","168001750","168002042","chr17","90085624","90085926","42","77916126"
"chr1","168012734","168013036","chr16","65938146","65938451","44","102074588"
"chr1","168029025","168029289","chr2B","124512237","124512506","36","43516788"
"chr1","168030243","168030401","chr5","62272871","62273027","21","105757372"
"chr1","168030685","168030820","chr3","5166759","5166894","17","162863926"
"chr1","168038988","168039283","chr17","21648120","21648414","48","146390868"
"chr1","168043054","168043358","chr7","41099724","41100028","43","126943330"
"chr1","168044434","168044571","chr11","48161977","48162116","15","119882457"
"chr1","168045452","168045824","chr11","6158722","6159068","78","161886730"
"chr1","168045825","168045942","chr2A","79920910","79921027","12","88124915"
"chr1","168066521","168066816","chr12","108681763","108682056","28","59384758"
"chr1","168070078","168070373","chr4","8338330","8338628","38","159731748"
"chr1","168076827","168077135","chr7","158943212","158943520","42","9133615"
"chr1","168101599","168101840","chr3","11983394","11983637","50","156118205"
"chr1","168104594","168104774","chr7","156784585","156784756","34","11320009"
"chr1","168107941","168108248","chr1","216899282","216899593","43","48791341"
"chr1","168127414","168127707","chr16","61870246","61870540","30","106257168"
"chr1","168139591","168139841","chr14","66512279","66512526","46","101627312"
"chr1","168147515","168147810","chr5","122919604","122919896","36","45227911"
"chr1","168158194","168158477","chr1","23689077","23689373","49","144469117"
"chr1","168159099","168159396","chr13","2865420","2865717","44","165293679"
"chr1","168159781","168160087","chr7","130622734","130623042","53","37537047"
"chr1","168160640","168160944","chr19","55501199","55501506","42","112659441"
"chr1","168197105","168197379","chr9","107771766","107772032","37","60425339"
"chr1","168232922","168233213","chrX","71217248","71217541","40","97015674"
"chr1","168257571","168257876","chr19","14847304","14847605","35","153410267"
"chr1","168264381","168264514","chr1","192713261","192713393","17","24448880"
"chr1","168264813","168264978","chr13","1364922","1365089","31","166899891"
"chr1","168270355","168270594","chrX","25639515","25639749","30","142630840"
"chr1","168284254","168284511","chr19","13800772","13801030","37","154483482"
"chr1","168328092","168328390","chr3","32556593","32556886","39","135771499"
"chr1","168378064","168378242","chr3","136107032","136107207","22","32271032"
"chr1","168380354","168380525","chr5","6526389","6526566","30","161853965"
"chr1","168380816","168380945","chr7","82210564","82210699","21","86170252"
"chr1","168423083","168423385","chr16","65373198","65373490","45","103049885"
"chr1","168424026","168424114","chr22","15278423","15278510","19","153145603"
"chr1","168424386","168424565","chr1","133965580","133965759","36","34458806"
"chr1","168459113","168459421","chr11","76719549","76719855","41","91739564"
"chr1","168515696","168515982","chrX","29478513","29478800","46","139037183"
"chr1","168525391","168525620","chr12","113355389","113355618","33","55170002"
"chr1","168551629","168551922","chr14","14985330","14985624","36","153566299"
"chr1","168592124","168592418","chr3","53839570","53839865","35","114752554"
"chr1","168606926","168607054","chr7","44977385","44977514","21","123629541"
"chr1","168628561","168628854","chr2B","124728949","124729237","40","43899612"
"chr1","168629391","168629697","chr11","71482750","71483057","46","97146641"
"chr1","168630926","168631098","chr15","52433622","52433795","28","116197304"
"chr1","168631412","168631537","chr11","61125377","61125504","19","107506035"
"chr1","168636987","168637299","chr12","12400287","12400594","48","156236700"
"chr1","168652908","168653087","chr10","34990756","34990934","33","133662152"
"chr1","168653399","168653534","chr1","93487279","93487413","22","75166120"
"chr1","168659488","168659761","chr16","9037759","9038043","50","159621729"
"chr1","168677076","168677373","chr20","43229797","43230089","36","125447279"
"chr1","168678238","168678540","chr21","33449278","33449583","55","135228960"
"chr1","168678953","168679229","chr7","77910456","77910727","38","90768497"
"chr1","168695832","168696121","chr9","41878230","41878523","39","126817602"
"chr1","168703786","168704093","chrX","14684225","14684526","49","154019561"
"chr1","168708443","168708748","chr6","112148811","112149116","44","56559632"
"chr1","168717165","168717463","chr15","19067979","19068278","40","149649186"
"chr1","168718525","168718834","chr1","23889573","23889871","50","144828952"
"chr1","168718837","168719147","chr9","108323996","108324300","42","60394841"
"chr1","168732694","168733000","chr1","47925404","47925703","48","120807290"
"chr1","168753303","168753606","chr5","153486399","153486708","43","15266904"
"chr1","168770524","168770657","chr7","72770261","72770395","26","96000263"
"chr1","168778198","168778511","chrX","55004345","55004644","54","113773853"
"chr1","168780903","168781212","chr9","43201214","43201513","57","125579689"
"chr1","168799253","168799387","chr10","66691644","66691772","25","102107609"
"chr1","168799408","168799584","chr5","25008096","25008272","28","143791312"
"chr1","168800110","168800415","chr12","52065717","52066020","50","116734393"
"chr1","168804812","168805063","chrX","133648560","133648809","49","35156252"
"chr1","168811631","168811904","chr3","48166508","48166786","39","120645123"
"chr1","168815724","168815854","chr3","187533947","187534083","18","18718223"
"chr1","168828820","168829132","chr8","141066904","141067212","42","27761916"
"chr1","168835971","168836160","chr9","107676239","107676424","34","61159732"
"chr1","168844738","168844751","chr19","35162713","35162727","2","133682025"
"chr1","168844780","168845060","chr14","88815871","88816152","55","80028909"
"chr1","168850515","168850694","chr1","24681785","24681955","36","144168730"
"chr1","168850998","168851134","chr3","182064680","182064815","20","13213682"
"chr1","168865380","168865616","chr7","151244453","151244692","48","17620927"
"chr1","168877171","168877339","chr5","24639732","24639896","35","144237439"
"chr1","168877634","168877764","chr15","19325603","19325734","17","149552031"
"chr1","168878419","168878712","chr1","76677706","76677999","46","92200713"
"chr1","168880003","168880138","chr1","15766702","15766834","16","153113301"
"chr1","168880139","168880439","chr3","121298263","121298559","37","47581876"
"chr1","168880469","168880484","chr6","136045287","136045301","3","32835182"
"chr1","168880485","168880645","chr3","172654930","172655092","23","3774445"
"chr1","168885474","168885767","chr15","59300087","59300378","40","109585387"
"chr1","168912074","168912192","chr15","37204517","37204631","25","131707557"
"chr1","168912483","168912495","chr19","18197756","18197767","2","150714727"
"chr1","168912760","168912919","chr12","35899001","35899163","30","133013759"
"chr1","168918917","168919209","chr11","3623940","3624232","33","165294977"
"chr1","168931871","168932171","chr2A","74067083","74067382","32","94864788"
"chr1","168932991","168933288","chr6","151128421","151128713","35","17804570"
"chr1","168934559","168934849","chr1","159180870","159181161","42","9753689"
"chr1","168936249","168936548","chr3","12019776","12020076","54","156916473"
"chr1","168943894","168944192","chr19","38571676","38571974","45","130372218"
"chr1","168956313","168956438","chr9","112435576","112435697","26","56520737"
"chr1","168956729","168956862","chr6","32499391","32499525","16","136457338"
"chr1","168973206","168973495","chr5","24372432","24372725","36","144600774"
"chr1","168984054","168984202","chr6","147767456","147767603","24","21216598"
"chr1","168991916","168992209","chr9","76710013","76710305","39","92281903"
"chr1","168993389","168993671","chr4","87207395","87207664","56","81785994"
"chr1","168993675","168993976","chr8","68121241","68121539","45","100872434"
"chr1","168994731","168995013","chr4","87207395","87207664","56","81787336"
"chr1","168999496","168999612","chr1","184967140","184967256","16","15967644"
"chr1","168999938","169000000","chr5","20474400","20474458","10","148525538"
"chr1","169007067","169007186","chr16","16345520","16345638","22","152661547"
"chr1","169007252","169007426","chr20","31389861","31390029","36","137617391"
"chr1","169008224","169008507","chr22","17513285","17513577","38","151494939"
"chr1","169011738","169011871","chr9","49197226","49197359","19","119814512"
"chr1","169012184","169012362","chr3","10057960","10058139","27","158954224"
"chr1","169016987","169017223","chr17","1510169","1510405","75","167506818"
"chr1","169017519","169017641","chr6","141208908","141209041","27","27808611"
"chr1","169019361","169019482","chr8","80734597","80734719","15","88284764"
"chr1","169019506","169019659","chr22","24589283","24589438","29","144430223"
"chr1","169019757","169020055","chrX","41897727","41898024","43","127122030"
"chr1","169021008","169021308","chr9","108609945","108610240","46","60411063"
"chr1","169021877","169022077","chr4","38919830","38920031","31","130102047"
"chr1","169022394","169022511","chr13","52825510","52825628","16","116196884"
"chr1","169028047","169028340","chr8","131317213","131317507","41","37710834"
"chr1","169028343","169028636","chr13","2865420","2865717","40","166162923"
"chr1","169028652","169028841","chr11","113821704","113821891","36","55206948"
"chr1","169028842","169028960","chr5","53788751","53788865","22","115240091"
"chr1","169033825","169034096","chr17","4827855","4828124","43","164205970"
"chr1","169045169","169045442","chr9","108628344","108628621","32","60416825"
"chr1","169050510","169050747","chr14","76701843","76702097","55","92348667"
"chr1","169051056","169051069","chr1","58325006","58325017","2","110726050"
"chr1","169052960","169053253","chr8","99334684","99334977","35","69718276"
"chr1","169059688","169059984","chr5","141748249","141748545","44","27311439"
"chr1","169061489","169061790","chr14","84191090","84191383","55","84870399"
"chr1","169069244","169069429","chrX","71110362","71110543","34","97958882"
"chr1","169069723","169069858","chr14","41593282","41593416","13","127476441"
"chr1","169070154","169070237","chr7","68348254","68348341","20","100721900"
"chr1","169070966","169071095","chr2A","45258583","45258713","14","123812383"
"chr1","169071525","169071811","chr2B","10423684","10423974","38","158647841"
"chr1","169071863","169071877","chr5","24832127","24832141","1","144239736"
"chr1","169073611","169073761","chrX","41479831","41479981","19","127593780"
"chr1","169078047","169078139","chr5","7846311","7846401","11","161231736"
"chr1","169080802","169080997","chrX","24804997","24805192","33","144275805"
"chr1","169083761","169084048","chr3","54466312","54466598","47","114617449"
"chr1","169084237","169084364","chr9","30248262","30248392","19","138835975"
"chr1","169084744","169084950","chr5","164220179","164220378","30","4864565"
"chr1","169086554","169086843","chr4","82082682","82082973","43","87003872"
"chr1","169094254","169094531","chr5","92676376","92676647","48","76417878"
"chr1","169099865","169100153","chr20","47588446","47588733","41","121511419"
"chr1","169109209","169109336","chr16","379923","380058","17","168729286"
"chr1","169109490","169109786","chr15","20286636","20286933","52","148822854"
"chr1","169110506","169110638","chr8","77682900","77683032","18","91427606"
"chr1","169113024","169113325","chrX","54844051","54844354","47","114268973"
"chr1","169116079","169116258","chr2B","99086800","99086973","33","70029279"
"chr1","169116567","169116703","chr1","168543967","168544101","19","572600"
"chr1","169118944","169119241","chr12","101350878","101351178","44","67768066"
"chr1","169125927","169126221","chrX","49097436","49097730","42","120028491"
"chr1","169128263","169128401","chr4","39155426","39155573","30","129972837"
"chr1","169129412","169129545","chr2B","126060167","126060299","20","43069245"
"chr1","169135604","169135901","chr4","162552218","162552510","45","6583386"
"chr1","169139050","169139279","chr3","23697721","23697949","33","145441329"
"chr1","169139734","169140021","chr6","50722710","50722998","42","118417024"
"chr1","169140067","169140079","chr1","162630898","162630910","1","6509169"
"chr1","169140291","169140565","chr4","74585988","74586265","52","94554303"
"chr1","169145480","169145776","chr11","3623940","3624232","43","165521540"
"chr1","169153097","169153398","chr3","182709456","182709762","53","13556359"
"chr1","169163357","169163663","chr1","114329226","114329526","47","54834131"
"chr1","169168802","169169086","chr8","103853182","103853465","36","65315620"
"chr1","169181822","169182099","chr1","185141770","185142050","35","15959948"
"chr1","169182422","169182722","chr8","101544594","101544890","35","67637828"
"chr1","169195616","169195913","chr10","93188826","93189120","50","76006790"
"chr1","169197617","169197895","chr20","37798269","37798543","43","131399348"
"chr1","169209303","169209605","chr5","66262413","66262707","40","102946890"
"chr1","169210062","169210233","chr12","119746682","119746854","26","49463380"
"chr1","169210652","169210757","chr10","134614770","134614876","15","34595882"
"chr1","169212399","169212531","chr2B","96120242","96120374","14","73092157"
"chr1","169213722","169213872","chr19","15292826","15292983","29","153920896"
"chr1","169214178","169214313","chr1","22878871","22879006","13","146335307"
"chr1","169217508","169217819","chr6","3880387","3880696","44","165337121"
"chr1","169230506","169230747","chr6","132128875","132129119","35","37101631"
"chr1","169251913","169252211","chr11","120932649","120932956","30","48319264"
"chr1","169256453","169256704","chr10","39499447","39499692","37","129757006"
"chr1","169261517","169261689","chr16","58946342","58946513","24","110315175"
"chr1","169270411","169270700","chr5","138483795","138484085","53","30786616"
"chr1","169284284","169284547","chr8","18827387","18827655","43","150456897"
"chr1","169288285","169288587","chrX","18188829","18189132","48","151099456"
"chr1","169292821","169293115","chr9","16423254","16423552","38","152869567"
"chr1","169332418","169332591","chr9","107958866","107959041","19","61373552"
"chr1","169332647","169332771","chr5","15862585","15862710","15","153470062"
"chr1","169360754","169361049","chrX","25298792","25299084","32","144061962"
"chr1","169400000","169400286","chr8","82894963","82895258","44","86505037"
"chr1","169419558","169419645","chr1","51233542","51233629","12","118186016"
"chr1","169421929","169422232","chrX","123850881","123851176","49","45571048"
"chr1","169426786","169427080","chrX","155181732","155182023","34","14245054"
"chr1","169437161","169437277","chr2A","79920910","79921027","13","89516251"
"chr1","169448932","169449230","chr6","92275344","92275643","35","77173588"
"chr1","169452490","169452814","chr4","8184591","8184903","50","161267899"
"chr1","169465015","169465304","chr5","159198820","159199116","36","10266195"
"chr1","169466225","169466492","chr1","13857836","13858100","44","155608389"
"chr1","169497602","169497893","chr11","77537460","77537748","41","91960142"
"chr1","169506409","169506693","chrX","15626910","15627195","48","153879499"
"chr1","169507653","169507907","chr8","44209824","44210083","45","125297829"
"chr1","169514068","169514365","chr13","9716804","9717101","35","159797264"
"chr1","169515035","169515327","chr1","179786909","179787208","56","10271874"
"chr1","169524840","169525107","chr5","136389439","136389704","42","33135401"
"chr1","169536377","169536506","chr3","115180873","115181000","20","54355504"
"chr1","169536531","169536710","chr20","2107024","2107184","38","167429507"
"chr1","169545977","169546257","chr11","96033232","96033518","38","73512745"
"chr1","169547150","169547442","chr5","133146837","133147127","40","36400313"
"chr1","169547883","169548161","chr7","154548529","154548808","57","14999354"
"chr1","169549037","169549328","chr2A","15843046","15843342","36","153705991"
"chr1","169550782","169550983","chr5","64959907","64960109","26","104590875"
"chr1","169552752","169552982","chr3","11937546","11937775","32","157615206"
"chr1","169555758","169556070","chr18","21951252","21951563","36","147604506"
"chr1","169559521","169559654","chr12","120331488","120331624","12","49228033"
"chr1","169559946","169560104","chr3","199977399","199977559","26","30417453"
"chr1","169598683","169598980","chr1","33632173","33632471","48","135966510"
"chr1","169608565","169608870","chr9","109206303","109206607","46","60402262"
"chr1","169612776","169613019","chr1","165460954","165461193","43","4151822"
"chr1","169615700","169615999","chr1","11974821","11975121","36","157640879"
"chr1","169619632","169619922","chr3","42102869","42103161","40","127516763"
"chr1","169621772","169621937","chr9","75335168","75335322","35","94286604"
"chr1","169622237","169622367","chr19","22794060","22794190","17","146828177"
"chr1","169655448","169655750","chr13","9716804","9717101","43","159938644"
"chr1","169660990","169661269","chr5","102387389","102387677","45","67273601"
"chr1","169687930","169688223","chr7","139996539","139996831","48","29691391"
"chr1","169758004","169758134","chrX","47697355","47697489","11","122060649"
"chr1","169788449","169788706","chr3","54371058","54371307","40","115417391"
"chr1","169828850","169829136","chr10","108992658","108992947","38","60836192"
"chr1","169850691","169850922","chr15","21400057","21400281","32","148450634"
"chr1","169861122","169861402","chr5","6116562","6116838","56","163744560"
"chr1","169866435","169866737","chr1","135275847","135276149","45","34590588"
"chr1","169897551","169897845","chr15","46012653","46012953","41","123884898"
"chr1","169899269","169899428","chr1","185132840","185133000","21","15233571"
"chr1","169906875","169907163","chr9","109467275","109467570","43","60439600"
"chr1","169960994","169961287","chr13","81164151","81164440","53","88796843"
"chr1","170015519","170015791","chr8","2592815","2593088","56","167422704"
"chr1","170054451","170054749","chrX","33575116","33575401","40","136479335"
"chr1","170057316","170057616","chr9","103044534","103044835","45","67012782"
"chr1","170058771","170058932","chr7","57866494","57866662","25","112192277"
"chr1","170121744","170122032","chr7","137977860","137978152","48","32143884"
"chr1","170136674","170136939","chr12","30391824","30392102","53","139744850"
"chr1","170143358","170143656","chr3","150184186","150184490","37","19959172"
"chr1","170169861","170170047","chr8","84957080","84957266","22","85212781"
"chr1","170186895","170187201","chrX","41021220","41021524","44","129165675"
"chr1","170239467","170239762","chr20","30993601","30993897","35","139245866"
"chr1","170242597","170242905","chr11","82553120","82553427","39","87689477"
"chr1","170299930","170300181","chr9","109853947","109854199","36","60445983"
"chr1","170326570","170326881","chr3","183837195","183837499","36","13510625"
"chr1","170335706","170336007","chr6","38070281","38070578","55","132265425"
"chr1","170346565","170346867","chr6","39416330","39416626","51","130930235"
"chr1","170365951","170366256","chr5","92390344","92390635","69","77975607"
"chr1","170419917","170420218","chr1","193132439","193132740","36","22712522"
"chr1","170422175","170422310","chr1","213473838","213473970","15","43051663"
"chr1","170422621","170422783","chr11","91693483","91693648","19","78729138"
"chr1","170424068","170424350","chr6","11106065","11106343","39","159318003"
"chr1","170452150","170452443","chr5","129793049","129793352","53","40659101"
"chr1","170453630","170453809","chr1","203553629","203553809","24","33099999"
"chr1","170453848","170453967","chr11","26639804","26639926","19","143814044"
"chr1","170457580","170457893","chr9","110011175","110011486","37","60446405"
"chr1","170458270","170458583","chr6","41421592","41421905","53","129036678"
"chr1","170462437","170462743","chr1","182113299","182113606","43","11650862"
"chr1","170472472","170472765","chr9","108000151","108000451","55","62472321"
"chr1","170473523","170473696","chr19","2129475","2129647","26","168344048"
"chr1","170473744","170473865","chr5","36767308","36767426","22","133706436"
"chr1","170549443","170549756","chr5","34215137","34215446","37","136334306"
"chr1","170556404","170556554","chr1","91403002","91403137","32","79153402"
"chr1","170556854","170557002","chr5","153720195","153720345","25","16836659"
"chr1","170591758","170592057","chr9","110142514","110142819","46","60449244"
"chr1","170613871","170614104","chr7","152572732","152572964","36","18041139"
"chr1","170618123","170618223","chrX","23764227","23764325","8","146853896"
"chr1","170636555","170636846","chr14","7217699","7217998","43","163418856"
"chr1","170639699","170639881","chr10","128398181","128398367","33","42241518"
"chr1","170645675","170645973","chr13","83167892","83168189","32","87477783"
"chr1","170649850","170650140","chr5","147372333","147372625","40","23277517"
"chr1","170654881","170655159","chr16","19514850","19515136","44","151140031"
"chr1","170680706","170680830","chr12","121987168","121987296","15","48693538"
"chr1","170680854","170681039","chr7","128308250","128308421","39","42372604"
"chr1","170687227","170687528","chr1","209196926","209197232","46","38509699"
"chr1","170699493","170699752","chr19","6797152","6797430","58","163902341"
"chr1","170707514","170707800","chr6","45713778","45714072","41","124993736"
"chr1","170721496","170721791","chr3","121298263","121298559","32","49423233"
"chr1","170738546","170738850","chr12","123740394","123740697","49","46998152"
"chr1","170741231","170741421","chr3","172736089","172736268","34","1994858"
"chr1","170741728","170741857","chr3","168377318","168377444","19","2364410"
"chr1","170745572","170745870","chr3","162307473","162307776","39","8438099"
"chr1","170755327","170755612","chrX","129787413","129787704","35","40967914"
"chr1","170762972","170763269","chr11","242567","242869","49","170520405"
"chr1","170765615","170765929","chr20","34550671","34550962","67","136214944"
"chr1","170765943","170766079","chr3","182064680","182064815","14","11298737"
"chr1","170766376","170766505","chr4","124115305","124115419","37","46651071"
"chr1","170774017","170774314","chr8","101544594","101544890","34","69229423"
"chr1","170774398","170774545","chr14","74731528","74731676","19","96042870"
"chr1","170774690","170774818","chr5","14477646","14477774","22","156297044"
"chr1","170779239","170779565","chr14","76423071","76423401","44","94356168"
"chr1","170792488","170792625","chrX","7018216","7018351","15","163774272"
"chr1","170792876","170793030","chr13","90373842","90373975","48","80419034"
"chr1","170804437","170804731","chr4","110248134","110248433","49","60556303"
"chr1","170814799","170815099","chr8","76361753","76362056","38","94453046"
"chr1","170827103","170827377","chr10","17481907","17482175","38","153345196"
"chr1","170875891","170876189","chr9","110455767","110456050","53","60420124"
"chr1","170920944","170920997","chrX","22242189","22242240","14","148678755"
"chr1","170920998","170921229","chr16","67161471","67161701","35","103759527"
"chr1","170953441","170953576","chr7","73000651","73000786","13","97952790"
"chr1","170953924","170954089","chrX","69931574","69931735","27","101022350"
"chr1","171065734","171066036","chr1","205586985","205587285","40","34521251"
"chr1","171129629","171129936","chr12","117333746","117334057","44","53795883"
"chr1","171141903","171142069","chr9","113731648","113731812","26","57410255"
"chr1","171203158","171203273","chr6","55901900","55902021","21","115301258"
"chr1","171214802","171214976","chr1","11519332","11519502","36","159695470"
"chr1","171215277","171215412","chr5","7709860","7709995","18","163505417"
"chr1","171232307","171232434","chr3","49072574","49072704","15","122159733"
"chr1","171233285","171233579","chr11","108411963","108412256","36","62821322"
"chr1","171245354","171245633","chrX","19536649","19536926","45","151708705"
"chr1","171274588","171274897","chr19","37132526","37132837","40","134142062"
"chr1","171314821","171315091","chr3","30663841","30664112","58","140650980"
"chr1","171339770","171340059","chr1","7666754","7667060","46","163673016"
"chr1","171348140","171348440","chr1","163838013","163838316","48","7510127"
"chr1","171350568","171350685","chr10","36656115","36656237","18","134694453"
"chr1","171356704","171356980","chr5","33665092","33665374","47","137691612"
"chr1","171358918","171359116","chr9","74819531","74819730","21","96539387"
"chr1","171387064","171387194","chr3","47538709","47538842","18","123848355"
"chr1","171424524","171424819","chr4","198115807","198116103","44","26691283"
"chr1","171431206","171431478","chr8","21550900","21551171","46","149880306"
"chr1","171443137","171443190","chr7","6527929","6527974","11","164915208"
"chr1","171464065","171464354","chr9","111015080","111015377","40","60448985"
"chr1","171468086","171468183","chr9","115945870","115945967","8","55522216"
"chr1","171469732","171469987","chr3","66797838","66798100","49","104671894"
"chr1","171481808","171482110","chr9","111036407","111036700","40","60445401"
"chr1","171491061","171491249","chr21","22828250","22828438","31","148662811"
"chr1","171492100","171492178","chr14","86334591","86334669","14","85157509"
"chr1","171493883","171494175","chr6","164274281","164274576","30","7219602"
"chr1","171505209","171505291","chr22","24462845","24462926","10","147042364"
"chr1","171510305","171510603","chr5","64331692","64331988","46","107178613"
"chr1","171513950","171514134","chr20","52772423","52772606","27","118741527"
"chr1","171528473","171528762","chr7","135183311","135183603","48","36345162"
"chr1","171532759","171533069","chr18","42290088","42290398","45","129242671"
"chr1","171539505","171539792","chrX","50062220","50062514","47","121477285"
"chr1","171539939","171540062","chr6","109864502","109864622","27","61675437"
"chr1","171540780","171541073","chr1","181772570","181772863","39","10231790"
"chr1","171553803","171554080","chr7","5363383","5363661","44","166190420"
"chr1","171558383","171558486","chr7","84244842","84244944","13","87313541"
"chr1","171558762","171558931","chr1","11393847","11394002","43","160164915"
"chr1","171566672","171566959","chrX","19694089","19694388","47","151872583"
"chr1","171567367","171567541","chr20","52638234","52638409","34","118929133"
"chr1","171574158","171574447","chr2A","83417717","83418013","41","88156441"
"chr1","171586594","171586885","chr1","65832242","65832538","37","105754352"
"chr1","171590455","171590754","chr11","118400359","118400655","43","53190096"
"chr1","171615160","171615441","chr1","32249381","32249664","49","139365779"
"chr1","171647031","171647165","chrX","123683241","123683374","16","47963790"
"chr1","171649873","171650180","chr3","43602807","43603106","55","128047066"
"chr1","171664686","171664928","chr1","212549876","212550107","38","40885190"
"chr1","171665739","171666026","chr1","151148522","151148809","44","20517217"
"chr1","171668791","171669077","chr9","111216173","111216463","42","60452618"
"chr1","171672023","171672158","chr14","54315089","54315224","7","117356934"
"chr1","171685254","171685416","chr12","33023715","33023880","27","138661539"
"chr1","171685724","171685856","chr4","15357078","15357212","19","156328646"
"chr1","171693875","171694176","chr13","18532488","18532787","30","153161387"
"chr1","171703301","171703425","chr20","43032336","43032459","11","128670965"
"chr1","171703440","171703727","chr14","61097634","61097920","31","110605806"
"chr1","171707033","171707342","chr9","111251044","111251356","45","60455989"
"chr1","171708818","171709114","chrX","18300476","18300767","49","153408342"
"chr1","171710108","171710300","chr5","1720610","1720801","41","169989498"
"chr1","171710601","171710733","chr2A","21731975","21732110","16","149978626"
"chr1","171711622","171711926","chr12","75805158","75805457","38","95906464"
"chr1","171721557","171721611","chr1","14932548","14932599","10","156789009"
"chr1","171724272","171724425","chr17","6650282","6650438","29","165073990"
"chr1","171728941","171729224","chr5","138341666","138341952","41","33387275"
"chr1","171738516","171738681","chr9","13834191","13834351","28","157904325"
"chr1","171738981","171738992","chr1","134695754","134695764","3","37043227"
"chr1","171740325","171740585","chr3","61111883","61112143","37","110628442"
"chr1","171754110","171754406","chr12","106886770","106887066","41","64867340"
"chr1","171755845","171756133","chr3","201334238","201334531","46","29578393"
"chr1","171776245","171776527","chr3","123369901","123370180","45","48406344"
"chr1","171781425","171781722","chr16","21586058","21586353","41","150195367"
"chr1","171785231","171785522","chr3","190276346","190276640","36","18491115"
"chr1","171794205","171794498","chr14","60651660","60651957","46","111142545"
"chr1","171797404","171797713","chr1","146725524","146725833","39","25071880"
"chr1","171797721","171798003","chr3","183367126","183367412","52","11569405"
"chr1","171798011","171798299","chr2B","99103807","99104104","57","72694204"
"chr1","171798790","171799084","chr11","20590693","20591000","51","151208097"
"chr1","171799211","171799344","chr22","19751721","19751856","24","152047490"
"chr1","171799637","171799666","chr5","77717186","77717211","8","94082451"
"chr1","171799977","171800171","chr5","1720610","1720801","44","170079367"
"chr1","171802733","171803037","chrX","137852442","137852748","40","33950291"
"chr1","171825870","171826174","chr7","158676345","158676646","41","13149525"
"chr1","171839826","171840131","chr14","48603162","48603473","39","123236664"
"chr1","171846316","171846525","chr3","58929578","58929787","31","112916738"
"chr1","171846586","171846719","chr1","32409929","32410064","15","139436657"
"chr1","171847023","171847191","chr8","121787467","121787636","21","50059556"
"chr1","171850124","171850412","chr6","45713778","45714072","32","126136346"
"chr1","171867369","171867530","chr6","20955212","20955371","28","150912157"
"chr1","171867827","171867934","chr10","134614770","134614876","13","37253057"
"chr1","171875228","171875525","chr9","111397472","111397770","37","60477756"
"chr1","171887825","171887895","chr22","847845","847908","18","171039980"
"chr1","171926162","171926455","chr5","156460231","156460525","36","15465931"
"chr1","171927510","171927814","chr3","121038671","121038982","42","50888839"
"chr1","171930947","171930963","chr10","6166293","6166309","3","165764654"
"chr1","171931233","171931393","chr19","4388667","4388827","24","167542566"
"chr1","171931768","171931982","chr1","24076859","24077063","44","147854909"
"chr1","171932075","171932224","chr10","829619","829768","24","171102456"
"chr1","171935490","171935782","chr5","25611490","25611779","40","146324000"
"chr1","171936195","171936330","chr5","61763279","61763414","11","110172916"
"chr1","171936625","171936784","chr19","6414816","6414977","29","165521809"
"chr1","171939276","171939395","chr5","18263985","18264102","21","153675291"
"chr1","171948504","171948773","chr2B","13402442","13402714","38","158546062"
"chr1","171957561","171957702","chr18","70421327","70421466","26","101536234"
"chr1","171962732","171963020","chr5","60138584","60138866","51","111824148"
"chr1","171965407","171965686","chr20","43328320","43328600","37","128637087"
"chr1","171966034","171966327","chr1","179786909","179787208","37","7820875"
"chr1","171969205","171969513","chr1","92981571","92981874","41","78987634"
"chr1","171977790","171978053","chr13","23086685","23086963","57","148891105"
"chr1","171983531","171983729","chr22","17569097","17569289","37","154414434"
"chr1","171983770","171984052","chr2B","124977630","124977912","49","47006140"
"chr1","171986710","171986974","chr7","73737843","73738103","37","98248867"
"chr1","171988709","171988824","chr12","8937376","8937491","17","163051333"
"chr1","171989255","171989388","chr1","216046125","216046259","13","44056870"
"chr1","172004113","172004417","chr20","44342881","44343190","41","127661232"
"chr1","172009318","172009612","chr3","151894114","151894404","34","20115204"
"chr1","172010617","172010914","chr2A","45770453","45770755","58","126240164"
"chr1","172012065","172012353","chr5","21855144","21855431","53","150156921"
"chr1","172020434","172020709","chr1","192479545","192479824","41","20459111"
"chr1","172039980","172040279","chr11","3623940","3624232","47","168416040"
"chr1","172045976","172046257","chrX","119237743","119238026","32","52808233"
"chr1","172046272","172046401","chr1","7920848","7920979","14","164125424"
"chr1","172053414","172053467","chr4","139904488","139904541","12","32148926"
"chr1","172055374","172055664","chr8","73397702","73397990","36","98657672"
"chr1","172056944","172057239","chr1","44545584","44545876","40","127511360"
"chr1","172057773","172058058","chr8","45479226","45479509","36","126578547"
"chr1","172066301","172066551","chr6","38988586","38988843","40","133077715"
"chr1","172068580","172068711","chr2A","89720579","89720711","23","82348001"
"chr1","172069006","172069161","chr19","35855675","35855829","25","136213331"
"chr1","172069690","172069922","chr1","143480650","143480885","37","28589040"
"chr1","172069959","172070274","chr4","25949318","25949631","50","146120641"
"chr1","172077337","172077552","chr1","209109553","209109770","36","37032216"
"chr1","172089850","172090052","chr16","47937322","47937525","30","124152528"
"chr1","172090358","172090706","chr7","79314682","79315023","74","92775676"
"chr1","172105825","172106118","chr3","123242818","123243116","53","48863007"
"chr1","172106722","172107024","chrX","16811563","16811865","41","155295159"
"chr1","172115470","172115496","chr16","12168386","12168405","8","159947084"
"chr1","172115714","172115822","chr7","42355872","42355980","16","129759842"
"chr1","172116158","172116283","chr3","115180873","115181000","12","56935285"
"chr1","172117982","172118257","chr6","30294920","30295204","46","141823062"
"chr1","172125069","172125362","chr22","21987928","21988227","44","150137141"
"chr1","172132921","172133071","chr12","6210507","6210667","24","165922414"
"chr1","172133100","172133390","chr7","129583721","129584019","37","42549379"
"chr1","172133391","172133526","chr16","379923","380058","16","171753468"
"chr1","172144317","172144338","chr8","27520468","27520489","4","144623849"
"chr1","172144369","172144636","chrX","9679871","9680143","44","162464498"
"chr1","172146988","172147189","chr3","25296577","25296755","47","146850411"
"chr1","172147474","172147602","chr7","4485178","4485309","16","167662296"
"chr1","172147947","172148278","chr8","61518449","61518766","55","110629498"
"chr1","172165104","172165384","chr19","6797152","6797430","38","165367952"
"chr1","172190760","172191040","chr1","8906184","8906464","37","163284576"
"chr1","172198676","172198873","chr3","13684825","13685026","37","158513851"
"chr1","172206476","172206765","chr5","162720395","162720681","42","9486081"
"chr1","172218235","172218501","chr15","64699251","64699517","45","107518984"
"chr1","172228088","172228347","chr9","111762498","111762778","52","60465590"
"chr1","172234850","172235102","chr14","9268711","9268955","52","162966139"
"chr1","172240581","172240858","chr3","52433613","52433881","60","119806968"
"chr1","172242606","172242738","chr1","52540671","52540806","19","119701935"
"chr1","172243038","172243173","chr2A","62912718","62912862","32","109330320"
"chr1","172248847","172249014","chr6","100480052","100480215","23","71768795"
"chr1","172249632","172249649","chr3","159669542","159669558","2","12580090"
"chr1","172250888","172250976","chr14","69447285","69447369","14","102803603"
"chr1","172254304","172254589","chr22","10039008","10039294","50","162215296"
"chr1","172254601","172254742","chr1","214243924","214244054","25","41989323"
"chr1","172256594","172256897","chr8","28983121","28983407","70","143273473"
"chr1","172258507","172258726","chrX","63481019","63481241","76","108777488"
"chr1","172259347","172259437","chr22","11253615","11253709","31","161005732"
"chr1","172259460","172259761","chr11","17079416","17079721","38","155180044"
"chr1","172267433","172267722","chr11","66939215","66939510","39","105328218"
"chr1","172271981","172272106","chr2B","1090134","1090261","16","171181847"
"chr1","172273482","172273687","chr1","118570669","118570869","34","53702813"
"chr1","172273982","172274123","chr1","71393655","71393787","27","100880327"
"chr1","172277711","172277965","chr5","12917664","12917905","46","159360047"
"chr1","172282860","172282997","chr19","48057785","48057919","21","124225075"
"chr1","172289989","172290260","chr14","76762681","76762945","56","95527308"
"chr1","172294289","172294606","chr6","25134265","25134580","44","147160024"
"chr1","172296242","172296398","chr5","19584116","19584279","28","152712126"
"chr1","172296696","172296807","chr7","129184495","129184596","23","43112201"
"chr1","172299360","172299637","chr16","81102917","81103186","44","91196443"
"chr1","172310054","172310206","chr19","1771141","1771290","22","170538913"
"chr1","172317148","172317454","chr5","24421077","24421377","40","147896071"
"chr1","172317999","172318219","chr8","63416554","63416776","45","108901445"
"chr1","172340298","172340509","chr20","58196906","58197117","33","114143392"
"chr1","172343785","172343917","chr3","33294250","33294384","18","139049535"
"chr1","172344229","172344299","chr10","37582014","37582081","9","134762215"
"chr1","172352155","172352449","chr20","4552264","4552560","40","167799891"
"chr1","172357401","172357532","chr5","161161762","161161894","19","11195639"
"chr1","172357841","172358016","chr8","121787467","121787636","30","50570374"
"chr1","172360420","172360723","chr14","24049697","24049995","58","148310723"
"chr1","172365174","172365446","chr17","2303362","2303633","40","170061812"
"chr1","172373497","172373617","chr7","97148465","97148583","25","75225032"
"chr1","172377533","172377802","chr17","53363092","53363350","48","119014441"
"chr1","172378696","172378992","chr6","164274281","164274576","44","8104415"
"chr1","172380657","172380838","chr19","48141411","48141582","38","124239246"
"chr1","172381141","172381190","chr17","1956946","1956995","7","170424195"
"chr1","172383491","172383665","chr1","15775291","15775465","19","156608200"
"chr1","172383684","172383993","chr5","163479358","163479668","41","8904326"
"chr1","172385366","172385497","chr1","25293747","25293879","14","147091619"
"chr1","172386564","172386666","chr9","52058155","52058261","18","120328409"
"chr1","172388209","172388481","chr7","77910456","77910727","48","94477753"
"chr1","172390318","172390449","chr3","55304811","55304945","16","117085507"
"chr1","172396533","172396660","chr14","12485207","12485337","13","159911326"
"chr1","172404281","172404425","chr6","129934547","129934688","25","42469734"
"chr1","172404559","172404734","chr15","42827494","42827674","35","129577065"
"chr1","172407204","172407505","chr4","95892554","95892862","64","76514650"
"chr1","172411164","172411300","chr13","22537105","22537241","32","149874059"
"chr1","172416228","172416351","chr19","9398383","9398498","18","163017845"
"chr1","172417226","172417305","chr3","123274378","123274448","25","49142848"
"chr1","172417306","172417383","chr5","21970026","21970105","15","150447280"
"chr1","172420642","172420795","chr9","22551456","22551615","23","149869186"
"chr1","172427416","172427542","chr10","39318952","39319078","17","133108464"
"chr1","172430978","172431107","chr14","12485207","12485337","16","159945771"
"chr1","172436835","172437121","chrX","36383999","36384295","40","136052836"
"chr1","172448682","172448972","chr4","162552218","162552510","47","9896464"
"chr1","172455745","172455905","chr5","138512365","138512523","28","33943380"
"chr1","172455925","172456070","chr7","75536719","75536858","36","96919206"
"chr1","172458372","172458650","chr14","88974246","88974528","46","83484126"
"chr1","172458810","172458981","chr12","132936938","132937110","24","39521872"
"chr1","172458982","172459282","chr7","127793786","127794086","42","44665196"
"chr1","172459283","172459296","chr1","69109954","69109964","4","103349329"
"chr1","172478138","172478290","chr22","24588809","24588967","24","147889329"
"chr1","172478599","172478761","chr22","20887745","20887907","26","151590854"
"chr1","172484813","172485125","chr17","2769698","2769998","48","169715115"
"chr1","172488420","172488723","chr20","43761961","43762257","39","128726459"
"chr1","172493898","172494200","chr11","74178204","74178504","39","98315694"
"chr1","172495194","172495326","chr1","209383866","209384001","15","36888672"
"chr1","172496471","172496774","chr1","217025876","217026177","47","44529405"
"chr1","172498682","172498973","chr8","146120648","146120942","36","26378034"
"chr1","172509501","172509765","chr1","9823157","9823430","58","162686344"
"chr1","172527006","172527112","chr1","140091992","140092097","21","32435014"
"chr1","172533815","172534114","chr2A","83417717","83418013","36","89116098"
"chr1","172545221","172545530","chrX","22158908","22159212","43","150386313"
"chr1","172546903","172547203","chr17","10363143","10363445","46","162183760"
"chr1","172549020","172549308","chr2B","120993709","120993992","46","51555311"
"chr1","172551039","172551175","chr3","8501615","8501750","17","164049424"
"chr1","172551503","172551666","chr9","22551456","22551615","37","150000047"
"chr1","172566070","172566366","chr3","110845594","110845895","47","61720476"
"chr1","172568287","172568430","chr10","101979594","101979746","24","70588693"
"chr1","172568487","172568631","chr17","3402890","3403026","25","169165597"
"chr1","172568935","172568946","chr5","56840114","56840124","5","115728821"
"chr1","172569240","172569263","chr1","12948445","12948463","11","159620795"
"chr1","172569562","172569722","chr9","112083259","112083413","24","60486303"
"chr1","172572945","172573233","chr4","833641","833936","47","171739304"
"chr1","172583193","172583360","chr1","224851223","224851389","33","52268030"
"chr1","172584507","172584618","chr7","42934914","42935026","15","129649593"
"chr1","172590163","172590443","chr9","108650068","108650355","48","63940095"
"chr1","172596947","172597210","chr16","1445822","1446088","45","171151125"
"chr1","172598990","172599115","chr1","46966654","46966781","19","125632336"
"chr1","172600040","172600197","chr15","57638249","57638399","33","114961791"
"chr1","172600507","172600634","chr12","121987168","121987296","19","50613339"
"chr1","172601220","172601517","chr1","111346362","111346658","35","61254858"
"chr1","172605785","172605909","chr10","11873055","11873169","38","160732730"
"chr1","172606516","172606671","chr1","135636667","135636831","38","36969849"
"chr1","172608413","172608519","chr1","192786080","192786185","17","20177667"
"chr1","172608794","172608960","chr5","42447540","42447711","36","130161254"
"chr1","172609957","172610228","chr3","199391516","199391788","58","26781559"
"chr1","172610483","172610731","chr9","72219202","72219448","50","100391281"
"chr1","172614723","172614880","chr5","62272871","62273027","31","110341852"
"chr1","172615193","172615329","chr8","118134000","118134134","18","54481193"
"chr1","172616555","172616757","chr4","196548468","196548670","38","23931913"
"chr1","172617471","172617731","chr12","106881494","106881745","56","65735977"
"chr1","172619322","172619355","chr2A","35734224","35734257","6","136885098"
"chr1","172619356","172619668","chr4","86739574","86739882","40","85879782"
"chr1","172619669","172619782","chr12","110394631","110394739","12","62225038"
"chr1","172620252","172620386","chr3","186617776","186617913","21","13997524"
"chr1","172624318","172624427","chr4","2729171","2729279","10","169895147"
"chr1","172629875","172630178","chr12","112321988","112322290","48","60307887"
"chr1","172630885","172631188","chr1","52720825","52721129","36","119910060"
"chr1","172631194","172631320","chr1","130521054","130521182","18","42110140"
"chr1","172632936","172633015","chr5","41433788","41433863","13","131199148"
"chr1","172633331","172633513","chr10","37424840","37425027","37","135208491"
"chr1","172634455","172634726","chr1","16476900","16477175","81","156157555"
"chr1","172635280","172635408","chr14","18600289","18600422","23","154034991"
"chr1","172644316","172644624","chr9","112180792","112181094","50","60463524"
"chr1","172651214","172651494","chr17","81507469","81507757","40","91143745"
"chr1","172660593","172660745","chr12","93049007","93049161","21","79611586"
"chr1","172669880","172670062","chr2A","105587229","105587409","37","67082651"
"chr1","172670366","172670498","chr3","118274986","118275119","13","54395380"
"chr1","172670947","172671107","chr16","78733739","78733900","25","93937208"
"chr1","172671390","172671545","chr3","48899756","48899914","28","123771634"
"chr1","172671549","172671757","chr15","20645778","20645982","33","152025771"
"chr1","172673779","172673805","chr2A","68622204","68622231","7","104051575"
"chr1","172673855","172674141","chr3","73194425","73194708","39","99479430"
"chr1","172682593","172682755","chr9","112213317","112213469","26","60469276"
"chr1","172684358","172684642","chr18","77675315","77675604","43","95009043"
"chr1","172699823","172699838","chr2B","108298345","108298359","2","64401478"
"chr1","172700134","172700299","chr16","31552584","31552750","22","141147550"
"chr1","172700618","172700665","chr7","122625098","122625140","8","50075520"
"chr1","172700666","172700863","chr1","129602249","129602448","26","43098417"
"chr1","172708428","172708725","chr11","31729916","31730212","46","140978512"
"chr1","172711885","172712167","chr20","48031789","48032079","44","124680096"
"chr1","172714071","172714375","chr3","46381852","46382163","50","126332219"
"chr1","172714851","172714979","chr6","77300902","77301033","19","95413949"
"chr1","172714980","172715306","chr22","4224319","4224644","50","168490661"
"chr1","172715307","172715452","chr6","147767456","147767603","27","24947851"
"chr1","172715540","172715844","chr1","144093829","144094140","43","28621711"
"chr1","172728153","172728447","chr4","130314501","130314796","39","42413652"
"chr1","172733774","172733846","chr15","77528161","77528232","16","95205613"
"chr1","172734426","172734591","chr6","142081345","142081510","25","30653081"
"chr1","172734898","172734975","chr1","193091840","193091916","11","20356942"
"chr1","172747600","172747893","chr6","150208577","150208872","44","22539023"
"chr1","172748020","172748082","chr5","15815684","15815739","22","156932336"
"chr1","172748438","172748660","chr6","22531033","22531259","34","150217405"
"chr1","172765720","172766012","chr5","44063091","44063384","45","128702629"
"chr1","172768538","172768836","chr3","198752684","198752979","48","25984146"
"chr1","172779260","172779516","chr5","24089428","24089692","46","148689832"
"chr1","172781242","172781364","chr4","151698724","151698845","12","21082518"
"chr1","172781670","172781687","chr9","32341761","32341777","3","140439909"
"chr1","172782561","172782853","chr5","24372432","24372725","38","148410129"
"chr1","172782855","172783030","chr12","108655091","108655269","30","64127764"
"chr1","172783748","172784014","chr2A","98814610","98814885","57","73969138"
"chr1","172785784","172786063","chr11","9392301","9392584","45","163393483"
"chr1","172800452","172800748","chr6","45713778","45714072","35","127086674"
"chr1","172802840","172803008","chr21","24561217","24561374","26","148241623"
"chr1","172817959","172818250","chr2B","10423684","10423974","31","162394275"
"chr1","172821394","172821691","chr12","29624596","29624895","46","143196798"
"chr1","172822764","172822892","chr4","163930931","163931053","19","8891833"
"chr1","172830113","172830418","chr8","98694611","98694918","43","74135502"
"chr1","172833985","172834271","chr15","7482345","7482634","55","165351640"
"chr1","172844941","172845216","chr9","112386303","112386579","39","60458638"
"chr1","172856794","172856983","chr9","15750083","15750270","33","157106711"
"chr1","172857289","172857424","chr5","19318826","19318961","17","153538463"
"chr1","172857953","172858159","chr12","14038754","14038965","30","158819199"
"chr1","172858471","172858545","chr5","21970026","21970105","15","150888445"
"chr1","172859296","172859557","chr11","119005987","119006249","39","53853309"
"chr1","172861720","172862012","chr3","33719972","33720261","46","139141748"
"chr1","172866391","172866471","chr2A","77908202","77908283","12","94958189"
"chr1","172866798","172867112","chr13","95548319","95548622","50","77318479"
"chr1","172868105","172868268","chr7","106836952","106837107","34","66031153"
"chr1","172868563","172868649","chr20","33348091","33348181","21","139520472"
"chr1","172870680","172870974","chr7","141635021","141635317","32","31235659"
"chr1","172882955","172883167","chr14","38248170","38248371","45","134634785"
"chr1","172883434","172883567","chrX","134977806","134977933","26","37905628"
"chr1","172884243","172884523","chr2B","124728949","124729237","38","48155294"
"chr1","172898702","172899006","chr1","23824671","23824977","47","149074031"
"chr1","172901138","172901308","chrX","9704876","9705045","28","163196262"
"chr1","172901609","172901742","chr5","38957611","38957744","18","133943998"
"chr1","172903239","172903537","chr1","205863329","205863635","47","32960090"
"chr1","172906128","172906462","chr5","39481373","39481682","82","133424755"
"chr1","172906762","172907053","chr9","112450254","112450526","59","60456508"
"chr1","172919970","172920072","chr6","18262399","18262497","18","154657571"
"chr1","172928242","172928545","chr22","54056","54359","35","172874186"
"chr1","172934422","172934713","chr4","21361861","21362148","32","151572561"
"chr1","172942294","172942340","chr12","36260058","36260111","9","136682236"
"chr1","172951300","172951477","chr10","34990756","34990934","34","137960544"
"chr1","172967701","172967874","chr2B","26828120","26828294","23","146139581"
"chr1","172967902","172967931","chr1","46135846","46135868","13","126832056"
"chr1","172968236","172968370","chr1","57234702","57234836","15","115733534"
"chr1","172969206","172969498","chr3","158455759","158456055","34","14513447"
"chr1","172971272","172971544","chr19","6877009","6877280","37","166094263"
"chr1","172977271","172977574","chr11","82905299","82905604","38","90071972"
"chr1","172980162","172980473","chr12","37086620","37086921","43","135893542"
"chr1","172984700","172984822","chr17","483217","483338","16","172501483"
"chr1","172985172","172985392","chr7","79008220","79008433","38","93976952"
"chr1","172993193","172993485","chr19","40680751","40681040","45","132312442"
"chr1","172995957","172996241","chr2A","68432682","68432970","45","104563275"
"chr1","172998867","172999161","chr16","13633165","13633457","53","159365702"
"chr1","173013859","173014103","chr7","130947523","130947770","42","42066336"
"chr1","173052995","173053284","chr2B","129989555","129989833","52","43063440"
"chr1","173053470","173053625","chr1","1451166","1451331","30","171602304"
"chr1","173053915","173054046","chr8","85311804","85311938","16","87742111"
"chr1","173056347","173056533","chr10","91484034","91484214","31","81572313"
"chr1","173069475","173069753","chr13","19716490","19716767","52","153352985"
"chr1","173081749","173082044","chr8","119202320","119202618","40","53879429"
"chr1","173093048","173093342","chr19","1191371","1191674","45","171901677"
"chr1","173096478","173096773","chr8","101544594","101544890","38","71551884"
"chr1","173097233","173097541","chr4","132073212","132073522","43","41024021"
"chr1","173123580","173123882","chr9","52135731","52136029","36","120987849"
"chr1","173139729","173139956","chr1","14673678","14673907","61","158466051"
"chr1","173140215","173140350","chr9","94655765","94655899","12","78484450"
"chr1","173178101","173178431","chr9","112721192","112721501","63","60456909"
"chr1","173207307","173207609","chr19","48468671","48468970","46","124738636"
"chr1","173214749","173215024","chr7","76999096","76999379","41","96215653"
"chr1","173235952","173236257","chr1","31136599","31136900","46","142099353"
"chr1","173242510","173242640","chr7","151024609","151024751","32","22217901"
"chr1","173265207","173265377","chr19","52913274","52913441","43","120351933"
"chr1","173293894","173294029","chr5","7570536","7570671","20","165723358"
"chr1","173294053","173294237","chr7","112792877","112793058","30","60501176"
"chr1","173303875","173304109","chr10","66789560","66789789","38","106514315"
"chr1","173320117","173320413","chr1","156921438","156921735","32","16398679"
"chr1","173321011","173321305","chr4","119394865","119395161","47","53926146"
"chr1","173324062","173324192","chr12","98738459","98738590","33","74585603"
"chr1","173324498","173324668","chr2A","52826352","52826523","28","120498146"
"chr1","173325000","173325132","chr1","209742215","209742351","14","36417215"
"chr1","173325431","173325612","chr1","38128287","38128467","34","135197144"
"chr1","173330619","173330748","chr1","218121691","218121821","12","44791072"
"chr1","173330752","173331025","chr19","5819704","5819982","56","167511048"
"chr1","173346797","173347089","chr6","43552064","43552362","40","129794733"
"chr1","173383597","173383902","chr9","112914604","112914905","41","60468993"
"chr1","173390158","173390363","chr9","90116503","90116711","25","83273655"
"chr1","173392959","173393194","chr9","112923291","112923540","44","60469668"
"chr1","173414372","173414606","chr15","45378737","45378949","56","128035635"
"chr1","173418390","173418682","chr5","33336410","33336697","40","140081980"
"chr1","173431397","173431525","chr1","168543967","168544101","17","4887430"
"chr1","173432870","173433020","chr2A","1413116","1413272","26","172019754"
"chr1","173433313","173433447","chr9","111219474","111219609","17","62213839"
"chr1","173434920","173435214","chr7","72979676","72979977","46","100455244"
"chr1","173444281","173444582","chr3","74750020","74750321","38","98694261"
"chr1","173477745","173477909","chr19","15292826","15292983","23","158184919"
"chr1","173477912","173478218","chr7","139963807","139964112","41","33514105"
"chr1","173479523","173479827","chr7","7279543","7279844","37","166199980"
"chr1","173484839","173484920","chr7","129899501","129899579","16","43585338"
"chr1","173497925","173498091","chr1","65144808","65144968","26","108353117"
"chr1","173498387","173498506","chr19","19262316","19262438","23","154236071"
"chr1","173507993","173508293","chr12","94142131","94142426","36","79365862"
"chr1","173511109","173511321","chr1","224569173","224569392","38","51058064"
"chr1","173516044","173516161","chr7","104283135","104283254","20","69232909"
"chr1","173529826","173530138","chr9","108000151","108000451","60","65529675"
"chr1","173542393","173542698","chr5","34215137","34215446","38","139327256"
"chr1","173543852","173544156","chr9","70101046","70101349","37","103442806"
"chr1","173550787","173550886","chrX","47761378","47761479","20","125789409"
"chr1","173555716","173555872","chr9","113076661","113076818","22","60479055"
"chr1","173559934","173560241","chr1","205172495","205172803","46","31612561"
"chr1","173572849","173572968","chr16","29428580","29428705","27","144144269"
"chr1","173576939","173577118","chr14","9166231","9166409","20","164410708"
"chr1","173577316","173577460","chr6","150552217","150552360","20","23025099"
"chr1","173577461","173577616","chr19","17783643","17783802","26","155793818"
"chr1","173583879","173584187","chr5","34215137","34215446","30","139368742"
"chr1","173594201","173594497","chr3","151894114","151894404","40","21700087"
"chr1","173599979","173600282","chrX","20200066","20200371","41","153399913"
"chr1","173622014","173622152","chr18","70421327","70421466","35","103200687"
"chr1","173623059","173623184","chr8","85707985","85708110","18","87915074"
"chr1","173633692","173633890","chr5","3962472","3962655","47","169671220"
"chr1","173634162","173634329","chr12","30393770","30393933","28","143240392"
"chr1","173643134","173643338","chr5","8851478","8851683","26","164791656"
"chr1","173649856","173650132","chr3","187573483","187573772","61","13923627"
"chr1","173657682","173657992","chr16","9076066","9076373","54","164581616"
"chr1","173659814","173660105","chr17","39756768","39757060","43","133903046"
"chr1","173662782","173663063","chr3","15609517","15609799","42","158053265"
"chr1","173690887","173691010","chr10","107898843","107898965","15","65792044"
"chr1","173691314","173691490","chr8","48753766","48753936","31","124937548"
"chr1","173692580","173692794","chr14","79009529","79009740","37","94683051"
"chr1","173700009","173700147","chr17","17546174","17546319","34","156153835"
"chr1","173706254","173706532","chrX","33575116","33575401","40","140131138"
"chr1","173708045","173708304","chr14","24093763","24094025","44","149614282"
"chr1","173711502","173711730","chr12","53389547","53389762","42","120321955"
"chr1","173735066","173735361","chr14","87064623","87064920","47","86670443"
"chr1","173740958","173741248","chr3","33487789","33488076","44","140253169"
"chr1","173748948","173749075","chr1","10043533","10043661","20","163705415"
"chr1","173749875","173750034","chr16","5205373","5205529","33","168544502"
"chr1","173750856","173751110","chr11","107975045","107975301","37","65775811"
"chr1","173751114","173751255","chr2B","13396113","13396246","21","160355001"
"chr1","173755547","173755683","chr7","82210564","82210699","16","91544983"
"chr1","173756777","173756982","chr6","38041063","38041269","34","135715714"
"chr1","173758654","173758764","chr10","100318038","100318149","10","73440616"
"chr1","173766178","173766494","chr9","80044745","80045054","45","93721433"
"chr1","173768817","173769122","chr13","78853038","78853341","46","94915779"
"chr1","173787919","173788147","chr7","152572732","152572964","30","21215187"
"chr1","173788354","173788633","chr7","73284428","73284695","61","100503926"
"chr1","173788663","173788795","chr1","25836816","25836959","30","147951847"
"chr1","173789090","173789258","chr1","24681785","24681955","25","149107305"
"chr1","173828759","173828924","chr9","22551456","22551615","24","151277303"
"chr1","173829239","173829374","chr1","37708220","37708355","18","136121019"
"chr1","173837806","173837945","chr7","45617052","45617193","19","128220754"
"chr1","173840860","173841032","chr9","113352009","113352179","27","60488851"
"chr1","173847390","173847680","chr9","13807793","13808081","38","160039597"
"chr1","173855148","173855453","chr15","28523394","28523697","43","145331754"
"chr1","173864628","173864920","chr3","54466312","54466598","47","119398316"
"chr1","173878827","173879146","chr8","99858737","99859048","54","74020090"
"chr1","173886053","173886342","chr9","114191687","114191982","42","59694366"
"chr1","173890042","173890344","chr1","24268512","24268815","43","149621530"
"chr1","173890942","173891219","chr3","132041578","132041856","50","41849364"
"chr1","173893025","173893237","chr9","113407332","113407547","40","60485693"
"chr1","173900184","173900398","chr5","4765272","4765501","59","169134912"
"chr1","173902653","173902954","chr19","47470954","47471255","36","126431699"
"chr1","173904524","173904821","chr1","36326602","36326903","38","137577922"
"chr1","173914345","173914514","chr19","7251575","7251742","24","166662770"
"chr1","173918400","173918705","chr11","130202095","130202391","62","43716305"
"chr1","173925917","173926224","chr3","121038671","121038982","39","52887246"
"chr1","173930897","173931190","chr16","61870246","61870540","30","112060651"
"chr1","173934384","173934549","chr17","7576156","7576318","31","166358228"
"chr1","173934841","173934967","chr19","44801848","44801975","19","129132993"
"chr1","173935433","173935726","chr5","24372432","24372725","34","149563001"
"chr1","173940235","173940529","chr4","7859449","7859743","38","166080786"
"chr1","173941534","173941818","chr12","35406225","35406511","42","138535309"
"chr1","173949769","173950059","chr13","35829925","35830221","43","138119844"
"chr1","173956748","173957040","chr3","198752684","198752979","45","24795936"
"chr1","173965488","173965780","chr5","52528967","52529251","40","121436521"
"chr1","173965810","173965977","chr4","158776911","158777072","29","15188899"
"chr1","173967513","173967784","chr16","19514850","19515136","45","154452663"
"chr1","173970595","173970855","chr1","225035948","225036210","51","51065353"
"chr1","173975040","173975185","chr19","8245713","8245858","19","165729327"
"chr1","173975474","173975603","chr19","35163259","35163373","32","138812215"
"chr1","173975781","173976071","chr3","200175995","200176293","44","26200214"
"chr1","173982396","173982703","chr12","121002652","121002963","35","52979744"
"chr1","173983064","173983368","chr3","190276346","190276640","44","16293282"
"chr1","173990219","173990360","chr11","311437","311572","20","173678782"
"chr1","173990666","173990825","chr7","799191","799349","27","173191475"
"chr1","173992873","173993039","chr2A","83455603","83455770","24","90537270"
"chr1","173993547","173993842","chr7","95907271","95907567","46","78086276"
"chr1","174009505","174009798","chr9","113522939","113523220","54","60486566"
"chr1","174014188","174014491","chr6","160717323","160717626","40","13296865"
"chr1","174018378","174018652","chrX","104020908","104021180","47","69997470"
"chr1","174024782","174025076","chr9","11724710","11725009","42","162300072"
"chr1","174033880","174034018","chr9","56793277","56793411","17","117240603"
"chr1","174034334","174034498","chr15","51640692","51640861","31","122393642"
"chr1","174043293","174043432","chr1","202982144","202982277","20","28938851"
"chr1","174049354","174049494","chr2B","10589692","10589836","16","163459662"
"chr1","174049797","174049960","chr12","109806371","109806534","27","64243426"
"chr1","174053712","174054005","chr5","51523206","51523498","44","122530506"
"chr1","174057751","174058044","chr20","519859","520148","47","173537892"
"chr1","174058712","174059016","chr13","96648301","96648599","38","77410411"
"chr1","174074602","174074862","chr4","23634617","23634881","56","150439985"
"chr1","174083688","174083975","chr18","18251317","18251608","48","155832371"
"chr1","174097521","174097787","chr22","20176291","20176561","38","153921230"
"chr1","174107003","174107204","chr16","18215325","18215521","37","155891678"
"chr1","174107495","174107624","chr5","141700662","141700793","16","32406833"
"chr1","174115157","174115450","chr5","24372432","24372725","38","149742725"
"chr1","174127610","174127919","chr10","134901616","134901927","37","39225994"
"chr1","174142024","174142303","chrX","49833019","49833295","41","124309005"
"chr1","174146843","174147019","chr11","46664552","46664726","25","127482291"
"chr1","174147323","174147335","chr3","54342325","54342336","2","119804998"
"chr1","174150767","174151062","chr6","45713778","45714072","40","128436989"
"chr1","174153119","174153369","chr13","82408762","82409014","37","91744357"
"chr1","174156625","174156804","chr12","47743876","47744051","21","126412749"
"chr1","174159286","174159564","chr22","32474604","32474880","43","141684682"
"chr1","174159922","174160182","chr9","113670905","113671170","34","60489017"
"chr1","174162235","174162369","chr19","13857641","13857776","15","160304594"
"chr1","174162641","174162821","chr5","25351603","25351772","31","148811038"
"chr1","174163090","174163386","chr19","8930166","8930468","49","165232924"
"chr1","174163795","174164078","chr20","50800675","50800960","44","123363120"
"chr1","174175874","174176177","chr8","127925212","127925516","36","46250662"
"chr1","174176981","174177131","chr1","79243417","79243565","26","94933564"
"chr1","174177423","174177558","chr7","76931722","76931857","17","97245701"
"chr1","174194412","174194496","chr12","52716503","52716590","14","121477909"
"chr1","174204813","174205120","chr3","155546558","155546864","40","18658255"
"chr1","174211968","174212285","chr1","51178989","51179300","52","123032979"
"chr1","174228275","174228395","chr4","81900404","81900528","16","92327871"
"chr1","174233163","174233247","chr4","26051638","26051721","17","148181525"
"chr1","174244306","174244531","chr2B","66665417","66665639","35","107578889"
"chr1","174321592","174321761","chr5","121564870","121565040","32","52756722"
"chr1","174326663","174326832","chr5","121564870","121565040","30","52761793"
"chr1","174327774","174328069","chr7","79044919","79045216","39","95282855"
"chr1","174334097","174334401","chr18","43707910","43708206","46","130626187"
"chr1","174341090","174341172","chr21","30716416","30716499","9","143624674"
"chr1","174347387","174347689","chr5","138695005","138695301","38","35652382"
"chr1","174349141","174349448","chr9","11872939","11873243","42","162476202"
"chr1","174368079","174368372","chr1","181772570","181772863","50","7404491"
"chr1","174368625","174368923","chr9","113783108","113783414","43","60585517"
"chr1","174394947","174395235","chr1","25177448","25177739","45","149217499"
"chr1","174414805","174415117","chr14","47524534","47524845","40","126890271"
"chr1","174438812","174439108","chr8","25795125","25795422","49","148643687"
"chr1","174470537","174470834","chr14","10490195","10490492","36","163980342"
"chr1","174475455","174475750","chr9","106948213","106948511","37","67527242"
"chr1","174483674","174483981","chr11","120932649","120932956","35","53551025"
"chr1","174507099","174507253","chr6","101582425","101582576","27","72924674"
"chr1","174507550","174507659","chrX","1225172","1225283","18","173282378"
"chr1","174511843","174511967","chr6","29807607","29807731","31","144704236"
"chr1","174514889","174515185","chr18","23041143","23041446","45","151473746"
"chr1","174539479","174539601","chr16","38928469","38928600","27","135611010"
"chr1","174539901","174540073","chr1","85315847","85316019","26","89224054"
"chr1","174542846","174542972","chr10","138405459","138405590","13","36137387"
"chr1","174544278","174544409","chrX","123683241","123683374","19","50861037"
"chr1","174546059","174546289","chr10","131285263","131285510","50","43260796"
"chr1","174574306","174574564","chrX","13813129","13813378","53","160761177"
"chr1","174610179","174610473","chr15","37017871","37018163","38","137592308"
"chr1","174624985","174625211","chr21","15290184","15290413","38","159334801"
"chr1","174633076","174633183","chr15","71499102","71499205","24","103133974"
"chr1","174637943","174638241","chr11","86757352","86757654","38","87880591"
"chr1","174652671","174652948","chr3","53593985","53594256","48","121058686"
"chr1","174653821","174654003","chr14","58908447","58908623","27","115745374"
"chr1","174654297","174654418","chr1","227439358","227439480","27","52785061"
"chr1","174654815","174654918","chr1","21123280","21123379","21","153531535"
"chr1","174656136","174656248","chr2A","79920910","79921027","23","94735226"
"chr1","174661923","174662045","chr16","43849045","43849159","18","130812878"
"chr1","174664012","174664144","chr2A","68857598","68857737","27","105806414"
"chr1","174664611","174664869","chr10","147160365","147160623","39","27504246"
"chr1","174676763","174677069","chr3","195455937","195456241","40","20779174"
"chr1","174681423","174681721","chr11","75401494","75401791","37","99279929"
"chr1","174686946","174687136","chr9","111305296","111305489","40","63381650"
"chr1","174689290","174689478","chr3","200109852","200110029","35","25420562"
"chr1","174689783","174690073","chr3","189017179","189017480","42","14327396"
"chr1","174690493","174690679","chr1","38128287","38128467","31","136562206"
"chr1","174691354","174691621","chr1","23577030","23577309","49","151114324"
"chr1","174692551","174692811","chr7","128944606","128944866","36","45747945"
"chr1","174694479","174694756","chr1","76595396","76595652","45","98099083"
"chr1","174704152","174704220","chr22","847845","847908","17","173856307"
"chr1","174709354","174709654","chr9","71736676","71736971","41","102972678"
"chr1","174724838","174725134","chr7","137412318","137412614","35","37312520"
"chr1","174743793","174743927","chr8","85311804","85311938","12","89431989"
"chr1","174763681","174763830","chr16","38928469","38928600","39","135835212"
"chr1","174769222","174769518","chr7","134938326","134938628","38","39830896"
"chr1","174789540","174789844","chr4","201002184","201002482","48","26212644"
"chr1","174816213","174816442","chr14","41044989","41045222","36","133771224"
"chr1","174823576","174823872","chr12","69384377","69384670","40","105439199"
"chr1","174824039","174824310","chr9","13807793","13808081","53","161016246"
"chr1","174825046","174825265","chr20","57398752","57398970","34","117426294"
"chr1","174832497","174832844","chr19","49191848","49192188","77","125640649"
"chr1","174836923","174837210","chr1","222827071","222827360","36","47990148"
"chr1","174838039","174838131","chr2A","67898398","67898483","15","106939641"
"chr1","174841501","174841770","chrX","8016132","8016408","49","166825369"
"chr1","174856202","174856488","chr4","186276892","186277175","53","11420690"
"chr1","174861364","174861681","chrX","73602345","73602644","53","101259019"
"chr1","174867525","174867816","chr6","72031333","72031624","36","102836192"
"chr1","174874405","174874543","chr3","187533947","187534083","23","12659542"
"chr1","174874867","174875017","chr2B","122688533","122688683","40","52186334"
"chr1","174881289","174881575","chr3","28602110","28602392","41","146279179"
"chr1","174899313","174899623","chr21","35941034","35941345","37","138958279"
"chr1","174919380","174919677","chr5","113013443","113013742","40","61905937"
"chr1","174922275","174922574","chr2A","15843046","15843342","35","159079229"
"chr1","174928015","174928328","chr9","114285225","114285528","35","60642790"
"chr1","174941858","174942005","chr20","33332411","33332559","24","141609447"
"chr1","174946591","174946890","chr6","55712855","55713144","56","119233736"
"chr1","174971147","174971229","chr10","67506004","67506084","11","107465143"
"chr1","174972323","174972481","chr14","21056651","21056807","22","153915672"
"chr1","174972791","174972911","chr6","28270342","28270463","20","146702449"
"chr1","174973595","174973892","chr9","114319867","114320166","44","60653728"
"chr1","174974572","174974750","chrX","48005188","48005366","26","126969384"
"chr1","174975059","174975197","chr1","135555794","135555928","20","39419265"
"chr1","174976269","174976283","chr8","56420757","56420773","2","118555512"
"chr1","174976598","174976755","chr12","95272643","95272806","35","79703955"
"chr1","174977055","174977190","chr3","41203630","41203768","26","133773425"
"chr1","175005055","175005311","chr17","817230","817487","38","174187825"
"chr1","175036362","175036649","chr6","140759726","140760022","39","34276636"
"chr1","175045593","175045894","chr2A","5246001","5246302","34","169799592"
"chr1","175050355","175050644","chr7","107342637","107342915","43","67707718"
"chr1","175054356","175054670","chr20","46309223","46309532","46","128745133"
"chr1","175072143","175072411","chr5","32797745","32798024","44","142274398"
"chr1","175101156","175101441","chr3","59476033","59476318","34","115625123"
"chr1","175120681","175120989","chr10","30357227","30357526","45","144763454"
"chr1","175130708","175131018","chr10","25439738","25440044","48","149690970"
"chr1","175138999","175139120","chr8","67562389","67562508","16","107576610"
"chr1","175139145","175139306","chr16","75094022","75094184","30","100045123"
"chr1","175169935","175170238","chr2B","95841568","95841870","31","79328367"
"chr1","175170786","175171080","chr22","17547035","17547334","43","157623751"
"chr1","175176448","175176651","chr16","76687345","76687547","24","98489103"
"chr1","175180596","175180775","chr14","37341099","37341261","50","137839497"
"chr1","175189957","175190247","chr2B","124728949","124729237","38","50461008"
"chr1","175194469","175194774","chr22","19407366","19407666","33","155787103"
"chr1","175200823","175201119","chrX","72049902","72050201","40","103150921"
"chr1","175203269","175203537","chr3","53593985","53594256","50","121609284"
"chr1","175209562","175209844","chr1","139828512","139828799","44","35381050"
"chr1","175209849","175210142","chr9","47794291","47794585","37","127415558"
"chr1","175224157","175224295","chr1","206397442","206397578","14","31173285"
"chr1","175224597","175224741","chr9","13304944","13305095","23","161919653"
"chr1","175233383","175233482","chr4","22256879","22256976","13","152976504"
"chr1","175233493","175233526","chr19","6379046","6379076","5","168854447"
"chr1","175233527","175233760","chr2B","94749744","94749982","50","80483783"
"chr1","175245827","175246158","chr10","111529175","111529484","59","63716652"
"chr1","175254466","175254720","chr11","107975045","107975301","41","67279421"
"chr1","175265504","175265722","chr5","59851446","59851667","32","115414058"
"chr1","175269744","175269938","chr10","13338119","13338309","34","161931625"
"chr1","175282212","175282290","chr7","106837410","106837497","16","68444802"
"chr1","175282590","175282747","chr14","21056651","21056807","20","154225939"
"chr1","175286235","175286524","chr5","156273333","156273625","36","19012902"
"chr1","175306117","175306419","chr3","130864975","130865274","40","44441142"
"chr1","175318739","175318959","chr12","117896530","117896755","44","57422209"
"chr1","175321548","175321840","chr3","172708820","172709119","58","2612728"
"chr1","175357045","175357336","chr5","51523206","51523498","54","123833839"
"chr1","175363546","175363850","chr3","189017179","189017480","39","13653633"
"chr1","175373860","175374157","chr8","77651974","77652274","47","97721886"
"chr1","175375318","175375377","chrX","1133847","1133905","15","174241471"
"chr1","175375378","175375602","chrX","41740355","41740575","36","133635023"
"chr1","175380257","175380525","chr10","3188599","3188873","51","172191658"
"chr1","175380903","175381212","chr1","27413664","27413959","66","147967239"
"chr1","175384378","175384684","chr21","30658994","30659298","38","144725384"
"chr1","175406228","175406518","chr17","63540350","63540643","41","111865878"
"chr1","175407015","175407319","chr6","43552064","43552362","48","131854951"
"chr1","175409456","175409763","chr6","42833800","42834108","48","132575656"
"chr1","175415252","175415547","chr6","150517037","150517338","36","24898215"
"chr1","175428354","175428515","chr2A","11027973","11028125","31","164400381"
"chr1","175429179","175429461","chr2B","129989555","129989833","48","45439624"
"chr1","175429602","175429917","chr1","11800141","11800453","51","163629461"
"chr1","175432342","175432641","chr1","133870687","133870980","44","41561655"
"chr1","175435649","175435962","chr10","134663699","134664009","51","40771950"
"chr1","175444655","175444935","chr8","59939598","59939884","38","115505057"
"chr1","175446534","175446741","chr5","86042389","86042613","56","89404145"
"chr1","175449086","175449234","chr12","123465496","123465643","28","51983590"
"chr1","175451457","175451787","chr11","69576539","69576872","43","105874918"
"chr1","175451862","175452004","chr9","79303490","79303642","28","96148372"
"chr1","175459785","175460074","chr3","48929953","48930248","34","126529832"
"chr1","175461664","175461839","chr12","37388525","37388697","27","138073139"
"chr1","175461840","175462059","chr2A","4218698","4218907","27","171243142"
"chr1","175463167","175463245","chr10","34706182","34706260","11","140756985"
"chr1","175466622","175466925","chr9","114849287","114849590","42","60617335"
"chr1","175471891","175472129","chrX","41035901","41036131","39","134435990"
"chr1","175472812","175472977","chr9","94656201","94656363","27","80816611"
"chr1","175473286","175473426","chr7","82210564","82210699","14","93262722"
"chr1","175480431","175480737","chr22","13014582","13014881","48","162465849"
"chr1","175484362","175484666","chr9","112754320","112754620","41","62730042"
"chr1","175491356","175491488","chr1","133719894","133720026","17","41771462"
"chr1","175497627","175497878","chr9","43621144","43621400","53","131876483"
"chr1","175499857","175500000","chr19","48188644","48188794","26","127311213"
"chr1","175500626","175500917","chr1","41529231","41529524","38","133971395"
"chr1","175506592","175506898","chr9","114895452","114895757","47","60611140"
"chr1","175510001","175510307","chr19","46740248","46740534","62","128769753"
"chr1","175510591","175510746","chr2B","65020565","65020719","21","110490026"
"chr1","175510919","175510965","chr12","53597047","53597085","9","121913872"
"chr1","175512802","175513052","chr8","74307336","74307585","47","101205466"
"chr1","175518215","175518513","chrX","36383999","36384295","33","139134216"
"chr1","175550308","175550605","chr14","60651660","60651957","38","114898648"
"chr1","175559900","175560164","chr10","100354316","100354578","32","75205584"
"chr1","175571630","175571925","chr19","492660","492954","48","175078970"
"chr1","175597008","175597297","chr7","40053410","40053696","53","135543598"
"chr1","175627591","175627884","chr2B","100929351","100929648","39","74698240"
"chr1","175628695","175628981","chrX","47906942","47907236","40","127721753"
"chr1","175629643","175629947","chr8","9756252","9756551","42","165873391"
"chr1","175642775","175642884","chr6","85362783","85362893","13","90279992"
"chr1","175646625","175646926","chr6","65410504","65410807","37","110236121"
"chr1","175659795","175660101","chr4","198251635","198251936","49","22591840"
"chr1","175676163","175676323","chr6","36357202","36357360","24","139318961"
"chr1","175692280","175692582","chr5","157691952","157692250","39","18000328"
"chr1","175702957","175703126","chr1","146265452","146265621","30","29437505"
"chr1","175703338","175703659","chrX","24708883","24709200","58","150994455"
"chr1","175712822","175713121","chr5","163337076","163337372","35","12375746"
"chr1","175778793","175779087","chr5","60138584","60138866","48","115640209"
"chr1","175781663","175781970","chr6","167179521","167179827","44","8602142"
"chr1","175787581","175787890","chr2A","1702655","1702968","48","174084926"
"chr1","175810177","175810293","chr3","45629081","45629198","12","130181096"
"chr1","175810329","175810475","chr9","80863429","80863563","48","94946900"
"chr1","175812902","175813193","chr4","101447458","101447743","48","74365444"
"chr1","175825101","175825401","chr1","110420516","110420811","36","65404585"
"chr1","175836872","175837199","chr5","18960210","18960518","64","156876662"
"chr1","175837780","175837953","chr6","160928015","160928182","31","14909765"
"chr1","175837994","175838118","chr20","25657774","25657897","16","150180220"
"chr1","175846659","175846956","chr13","63368380","63368681","45","112478279"
"chr1","175863790","175864065","chr9","117733372","117733651","35","58130418"
"chr1","175887391","175887687","chr1","156921438","156921735","37","18965953"
"chr1","175894600","175894901","chr19","32244212","32244521","40","143650388"
"chr1","175916239","175916540","chr12","29998816","29999116","45","145917423"
"chr1","175932836","175932981","chr19","18547264","18547407","23","157385572"
"chr1","175937853","175937974","chr4","134938388","134938511","36","40999465"
"chr1","175965962","175966243","chr2B","83064341","83064622","42","92901621"
"chr1","176058004","176058257","chr6","166938741","166938995","43","9119263"
"chr1","176147240","176147535","chr8","118095947","118096240","38","58051293"
"chr1","176167128","176167429","chr22","25242303","25242597","50","150924825"
"chr1","176171272","176171563","chr19","3442521","3442821","43","172728751"
"chr1","176180569","176180854","chr3","188474421","188474704","46","12293852"
"chr1","176181800","176182045","chr14","61869380","61869627","37","114312420"
"chr1","176212207","176212511","chr17","1639093","1639392","41","174573114"
"chr1","176217708","176217755","chr20","44638289","44638339","10","131579419"
"chr1","176229583","176229865","chr9","109733660","109733937","45","66495923"
"chr1","176268913","176269202","chr9","107563021","107563319","40","68705892"
"chr1","176277008","176277250","chr1","135310687","135310924","49","40966321"
"chr1","176280249","176280545","chr8","28400720","28401016","32","147879529"
"chr1","176296722","176297021","chr4","130314501","130314796","51","45982221"
"chr1","176301689","176301845","chr4","158776911","158777072","22","17524778"
"chr1","176303388","176303682","chr20","34442113","34442414","59","141861275"
"chr1","176308872","176309136","chr21","7652644","7652911","44","168656228"
"chr1","176336500","176336675","chrX","70842634","70842812","29","105493866"
"chr1","176354408","176354713","chr1","15537107","15537412","40","160817301"
"chr1","176363370","176363672","chr15","45049171","45049461","46","131314199"
"chr1","176370541","176370851","chr5","90749179","90749487","43","85621362"
"chr1","176374818","176374955","chr1","43575114","43575246","26","132799704"
"chr1","176374956","176375262","chr12","35367389","35367695","45","141007567"
"chr1","176375263","176375392","chr5","6272328","6272463","23","170102935"
"chr1","176379838","176380129","chr6","151128421","151128713","38","25251417"
"chr1","176388574","176388837","chr19","17952342","17952608","37","158436232"
"chr1","176390051","176390345","chr5","24372432","24372725","36","152017619"
"chr1","176390431","176390560","chr10","60326661","60326780","21","116063770"
"chr1","176399495","176399785","chr1","46199617","46199916","43","130199878"
"chr1","176410905","176411163","chr10","100354316","100354578","45","76056589"
"chr1","176411230","176411261","chr1","135794513","135794545","8","40616717"
"chr1","176444449","176444588","chr10","97532113","97532252","16","78912336"
"chr1","176448266","176448555","chr2B","103777656","103777938","47","72670610"
"chr1","176450010","176450209","chr1","43028459","43028657","25","133421551"
"chr1","176454612","176454901","chr5","158745419","158745710","28","17709193"
"chr1","176456229","176456525","chrX","129787413","129787704","48","46668816"
"chr1","176457791","176458070","chr11","123114043","123114321","44","53343748"
"chr1","176458994","176459123","chr20","58094376","58094510","18","118364618"
"chr1","176464862","176465015","chr15","68594439","68594589","46","107870423"
"chr1","176465292","176465461","chr7","76846308","76846474","33","99618984"
"chr1","176488341","176488628","chr8","67632282","67632573","42","108856059"
"chr1","176489713","176489950","chr10","131285263","131285510","42","45204450"
"chr1","176512167","176512310","chr1","133471382","133471522","21","43040785"
"chr1","176512311","176512594","chr5","6116562","6116838","43","170395749"
"chr1","176512595","176512606","chr1","58325006","58325017","2","118187589"
"chr1","176516957","176517026","chr11","9242347","9242413","15","167274610"
"chr1","176522641","176523006","chr10","41915864","41916181","96","134606777"
"chr1","176523605","176523906","chr2A","14335186","14335485","34","162188419"
"chr1","176531051","176531188","chr12","123532523","123532660","22","52998528"
"chr1","176531465","176531647","chr21","16004534","16004719","32","160526931"
"chr1","176536675","176536870","chr3","28132679","28132862","37","148403996"
"chr1","176537203","176537336","chr19","39836501","39836633","15","136700702"
"chr1","176539502","176539550","chr2A","2537759","2537802","9","174001743"
"chr1","176539600","176539777","chr5","59930487","59930657","27","116609113"
"chr1","176545014","176545211","chr15","29132948","29133173","51","147412066"
"chr1","176570116","176570284","chrX","2276745","2276916","30","174293371"
"chr1","176570891","176571112","chr2A","15956981","15957203","37","160613910"
"chr1","176588065","176588361","chr9","47794291","47794585","45","128793774"
"chr1","176616068","176616210","chr1","71236814","71236961","21","105379254"
"chr1","176616504","176616673","chr1","127932391","127932557","29","48684113"
"chr1","176618829","176619113","chr10","129395168","129395449","32","47223661"
"chr1","176623242","176623439","chr2B","95643921","95644117","23","80979321"
"chr1","176624241","176624526","chr18","77675315","77675604","40","98948926"
"chr1","176643957","176644091","chr15","11672695","11672827","16","164971262"
"chr1","176644398","176644584","chr1","211816001","211816180","33","35171603"
"chr1","176646772","176647007","chrX","96608851","96609084","48","80037921"
"chr1","176655173","176655346","chr12","98776420","98776589","25","77878753"
"chr1","176656826","176657118","chrX","25525798","25526094","43","151131028"
"chr1","176739480","176739754","chr7","137312057","137312333","48","39427423"
"chr1","176739896","176740070","chr12","108655091","108655269","25","68084805"
"chr1","176769539","176769800","chr22","26265437","26265701","42","150504102"
"chr1","176770479","176770772","chr7","156101400","156101691","32","20669079"
"chr1","176799052","176799218","chr6","91919125","91919298","29","84879927"
"chr1","176801325","176801622","chr7","66837740","66838039","42","109963585"
"chr1","176824425","176824705","chr6","109655643","109655926","37","67168782"
"chr1","176829585","176829884","chr11","68244036","68244343","46","108585549"
"chr1","176845402","176845669","chr4","23634617","23634881","36","153210785"
"chr1","176857029","176857340","chr1","51039339","51039650","42","125817690"
"chr1","176858812","176859089","chr5","69760514","69760785","38","107098298"
"chr1","176885042","176885350","chrX","148581716","148582024","44","28303326"
"chr1","176897924","176898086","chr5","126636235","126636392","27","50261689"
"chr1","176898117","176898248","chr10","37978285","37978416","11","138919832"
"chr1","176937862","176938104","chr9","116313749","116313991","29","60624113"
"chr1","176947555","176947713","chr1","135795439","135795597","23","41152116"
"chr1","176947714","176948008","chr18","2191279","2191572","42","174756435"
"chr1","176948009","176948144","chr17","17814752","17814887","17","159133257"
"chr1","176964804","176965080","chr19","48380052","48380333","43","128584752"
"chr1","176973542","176973756","chr1","214970667","214970881","28","37997125"
"chr1","177030680","177030979","chr4","110265449","110265759","51","66765231"
"chr1","177033365","177033667","chr18","23041143","23041446","36","153992222"
"chr1","177063588","177063887","chr2B","27918722","27919021","39","149144866"
"chr1","177069433","177069728","chr9","116460034","116460338","44","60609399"
"chr1","177083163","177083453","chr21","17415612","17415907","37","159667551"
"chr1","177084005","177084326","chr3","38472738","38473026","78","138611267"
"chr1","177111152","177111464","chr4","156990703","156991010","43","20120449"
"chr1","177113292","177113602","chr8","77654380","77654689","40","99458912"
"chr1","177117127","177117362","chr10","60716014","60716247","39","116401113"
"chr1","177128523","177128682","chr2A","82562574","82562731","26","94565949"
"chr1","177155814","177156114","chr3","42788373","42788672","34","134367441"
"chr1","177170745","177171012","chr20","42318105","42318369","43","134852640"
"chr1","177180028","177180338","chrX","128923641","128923950","53","48256387"
"chr1","177190363","177190677","chrX","128923641","128923950","47","48266722"
"chr1","177204622","177204792","chr14","47810235","47810401","26","129394387"
"chr1","177209562","177209845","chr1","192639091","192639386","46","15429529"
"chr1","177239013","177239312","chr5","59191422","59191722","37","118047591"
"chr1","177265972","177266298","chr12","32893415","32893716","58","144372557"
"chr1","177269165","177269275","chr3","110475246","110475354","17","66793919"
"chr1","177275852","177275984","chr1","185123303","185123436","15","7847451"
"chr1","177290343","177290374","chrX","118891287","118891317","5","58399056"
"chr1","177290398","177290665","chr6","44071767","44072043","44","133218631"
"chr1","177313182","177313257","chr15","23703783","23703858","16","153609399"
"chr1","177325623","177325788","chr7","128090894","128091057","24","49234729"
"chr1","177369439","177369558","chr6","16800077","16800197","16","160569362"
"chr1","177408555","177408785","chr1","184990547","184990775","40","7581992"
"chr1","177410287","177410589","chr7","104427346","104427649","50","72982941"
"chr1","177416757","177417044","chr16","59835420","59835706","44","117581337"
"chr1","177430051","177430363","chr6","16695261","16695567","40","160734790"
"chr1","177448897","177449182","chr1","148591290","148591579","44","28857607"
"chr1","177451924","177452225","chr4","154361154","154361455","36","23090770"
"chr1","177462743","177462862","chr6","16800077","16800197","17","160662666"
"chr1","177498511","177498817","chr12","35367389","35367695","42","142131122"
"chr1","177507775","177507967","chr12","32832591","32832782","31","144675184"
"chr1","177528459","177528752","chr12","125255753","125256046","45","52272706"
"chr1","177533129","177533306","chr9","77379128","77379305","37","100154001"
"chr1","177537672","177537828","chr5","62272871","62273027","23","115264801"
"chr1","177547745","177548023","chr12","34242246","34242526","47","143305499"
"chr1","177550880","177551157","chr7","139669820","139670100","56","37881060"
"chr1","177591629","177591913","chr1","16135164","16135451","44","161456465"
"chr1","177598155","177598262","chr3","48116943","48117047","24","129481212"
"chr1","177642213","177642462","chr12","108937012","108937263","32","68705201"
"chr1","177649712","177650016","chr14","22381297","22381605","36","155268415"
"chr1","177708688","177708873","chr22","5626090","5626274","35","172082598"
"chr1","177736091","177736399","chr19","55936739","55937040","46","121799352"
"chr1","177763516","177763817","chr9","104384316","104384616","43","73379200"
"chr1","177771732","177771900","chrX","49073077","49073247","25","128698655"
"chr1","177772199","177772212","chr1","132842904","132842916","4","44929295"
"chr1","177797680","177797981","chr17","95796949","95797251","37","82000731"
"chr1","177820669","177820967","chr7","72979676","72979977","36","104840993"
"chr1","177872553","177872852","chr8","9756252","9756551","43","168116301"
"chr1","177939643","177939778","chr5","118006764","118006899","8","59932879"
"chr1","177960408","177960671","chr11","16553794","16554065","46","161406614"
"chr1","178021803","178022085","chr9","111035492","111035776","47","66986311"
"chr1","178041144","178041343","chr19","33967586","33967795","39","144073558"
"chr1","178099615","178099895","chr2B","44742855","44743136","44","133356760"
"chr1","178103606","178103746","chr13","22923419","22923559","20","155180187"
"chr1","178104059","178104230","chr10","132245824","132245994","21","45858235"
"chr1","178123961","178124267","chr14","10632726","10633025","37","167491235"
"chr1","178139935","178140221","chr15","887157","887443","35","177252778"
"chr1","178192263","178192556","chr6","6654898","6655192","43","171537365"
"chr1","178201001","178201271","chr1","27376814","27377081","46","150824187"
"chr1","178208409","178208522","chr18","6162756","6162861","25","172045653"
"chr1","178208752","178208948","chr19","19589882","19590078","28","158618870"
"chr1","178208951","178209074","chr10","15388646","15388757","35","162820305"
"chr1","178219884","178220016","chr16","31907781","31907912","16","146312103"
"chr1","178224066","178224209","chr3","39406104","39406247","18","138817962"
"chr1","178227894","178228189","chr21","31933268","31933561","27","146294626"
"chr1","178299965","178300228","chrX","101046940","101047213","47","77253025"
"chr1","178300857","178301054","chr14","16395420","16395621","56","161905437"
"chr1","178308559","178308865","chr10","29409238","29409547","49","148899321"
"chr1","178322020","178322318","chr1","45953736","45954032","47","132368284"
"chr1","178340388","178340688","chr6","167179521","167179827","37","11160867"
"chr1","178342782","178343057","chr5","4571656","4571926","54","173771126"
"chr1","178347109","178347397","chr14","50631545","50631835","32","127715564"
"chr1","178640637","178640936","chr4","167359703","167360011","51","11280934"
"chr1","178683186","178683294","chr5","25601020","25601139","21","153082166"
"chr1","178767060","178767370","chr5","34215137","34215446","33","144551923"
"chr1","178797366","178797661","chr1","65854541","65854833","43","112942825"
"chr1","178797662","178797751","chr7","72637978","72638063","20","106159684"
"chr1","178798699","178798782","chr19","56702045","56702122","22","122096654"
"chr1","178860574","178860875","chr5","24762715","24763015","38","154097859"
"chr1","178911053","178911363","chr3","121038671","121038982","34","57872382"
"chr1","178942405","178942688","chr3","48109050","48109330","40","130833355"
"chr1","179011923","179012048","chr6","28063858","28063984","13","150948065"
"chr1","179012082","179012243","chrX","15720473","15720642","32","163291609"
"chr1","179022952","179023053","chr1","21123280","21123379","23","157899672"
"chr1","179070084","179070170","chr8","103433197","103433277","17","75636887"
"chr1","179070211","179070274","chr14","86087026","86087089","8","92983185"
"chr1","179097291","179097354","chr17","38735481","38735529","21","140361810"
"chr1","179097625","179097858","chr4","2730770","2731005","47","176366855"
"chr1","179099968","179100067","chr19","56985258","56985350","19","122114710"
"chr1","179134374","179134675","chr1","21765808","21766113","48","157368566"
"chr1","179294033","179294159","chr8","74017791","74017916","16","105276242"
"chr1","179294197","179294356","chrX","69931574","69931735","21","109362623"
"chr1","179387820","179388073","chr11","101924364","101924617","43","77463456"
"chr1","179448812","179449105","chr17","81599233","81599526","39","97849579"
"chr1","179450045","179450191","chr5","8064092","8064237","20","171385953"
"chr1","179452043","179452247","chr9","90116503","90116711","35","89335540"
"chr1","179454601","179454705","chr3","110475246","110475354","23","68979355"
"chr1","179501006","179501278","chr6","110230790","110231069","54","69270216"
"chr1","179515513","179515819","chr20","52418272","52418572","39","127097241"
"chr1","179532804","179533098","chr6","115965854","115966152","49","63566950"
"chr1","179536351","179536584","chr8","119221662","119221904","37","60314689"
"chr1","179536745","179537043","chr1","20280960","20281258","45","159255785"
"chr1","179563652","179563942","chr11","3623940","3624232","41","175939712"
"chr1","179566966","179567270","chrX","47845060","47845363","39","131721906"
"chr1","179573988","179574133","chr10","105052722","105052870","11","74521266"
"chr1","179575211","179575348","chrX","123683241","123683374","16","55891970"
"chr1","179575650","179575813","chr19","10656344","10656508","31","168919306"
"chr1","179579134","179579216","chrX","406894","406971","25","179172240"
"chr1","179586791","179586952","chr19","12031666","12031828","25","167555125"
"chr1","179586986","179587106","chr9","45252398","45252520","10","134334588"
"chr1","179600683","179600900","chr9","118974971","118975194","40","60625712"
"chr1","179602576","179602833","chr2A","83698732","83698996","55","95903844"
"chr1","179614675","179614805","chr22","33379834","33379964","11","146234841"
"chr1","179617536","179617694","chr1","135795439","135795597","23","43822097"
"chr1","179621367","179621526","chr2A","82562574","82562731","19","97058793"
"chr1","179688368","179688648","chr3","111238815","111239101","48","68449553"
"chr1","179704619","179704828","chr15","69622410","69622621","40","110082209"
"chr1","179714463","179714771","chr13","9720914","9721222","44","169993549"
"chr1","179726233","179726507","chr8","144593849","144594123","40","35132384"
"chr1","179746572","179746719","chr19","31274271","31274422","25","148472301"
"chr1","179753273","179753576","chr20","60468690","60468994","38","119284583"
"chr1","179753776","179754090","chr10","85678664","85678974","50","94075112"
"chr1","179754992","179755045","chr19","45763839","45763889","11","133991153"
"chr1","179777216","179777554","chr9","91826494","91826823","56","87950722"
"chr1","179782588","179782847","chr2A","20892065","20892326","37","158890523"
"chr1","179828787","179829103","chr10","8684324","8684629","55","171144463"
"chr1","179849302","179849585","chr4","201156297","201156580","32","21306995"
"chr1","179882023","179882293","chr2A","37650701","37650976","52","142231322"
"chr1","179900347","179900644","chr19","18189585","18189884","32","161710762"
"chr1","179924778","179925076","chr4","110248134","110248433","46","69676644"
"chr1","179940194","179940486","chr13","11963769","11964060","51","167976425"
"chr1","179951932","179952218","chr6","4177308","4177600","44","175774624"
"chr1","179956779","179957077","chr10","103749387","103749684","43","76207392"
"chr1","179966761","179967050","chr5","21855144","21855431","44","158111617"
"chr1","179973407","179973701","chr7","139842715","139843009","40","40130692"
"chr1","179974378","179974697","chr16","59686019","59686328","52","120288359"
"chr1","180020864","180021128","chr22","7452485","7452745","49","172568379"
"chr1","180025158","180025453","chr1","109964973","109965267","35","70060185"
"chr1","180061159","180061287","chr1","205398980","205399109","19","25337821"
"chr1","180061588","180061761","chr7","110885244","110885413","28","69176344"
"chr1","180084822","180085120","chr9","119454957","119455267","45","60629865"
"chr1","180102670","180102978","chr3","73858368","73858669","57","106244302"
"chr1","180106764","180107013","chr7","2270201","2270458","48","177836563"
"chr1","180151541","180151839","chr9","119526538","119526832","43","60625003"
"chr1","180155279","180155429","chr9","13304944","13305095","29","166850335"
"chr1","180155734","180155868","chr6","32499391","32499525","16","147656343"
"chr1","180157162","180157294","chr12","121987168","121987296","22","58169994"
"chr1","180157592","180157755","chr3","50332619","50332780","27","129824973"
"chr1","180159391","180159694","chr7","13672392","13672697","36","166486999"
"chr1","180167773","180168077","chr18","23041143","23041446","28","157126630"
"chr1","180173439","180173783","chrX","42219858","42220195","83","137953581"
"chr1","180194064","180194183","chr10","121510730","121510861","27","58683334"
"chr1","180194493","180194658","chr7","74427710","74427875","22","105766783"
"chr1","180196689","180196973","chr7","130587450","130587739","59","49609239"
"chr1","180225601","180225928","chr15","57200574","57200901","45","123025027"
"chr1","180233509","180233804","chr10","31987153","31987448","35","148246356"
"chr1","180257905","180258078","chr1","223073222","223073405","30","42815317"
"chr1","180269382","180269690","chr6","37361889","37362199","43","142907493"
"chr1","180273176","180273483","chr16","72503578","72503887","49","107769598"
"chr1","180403249","180403545","chr7","78174556","78174854","50","102228693"
"chr1","180502547","180502740","chr7","152403769","152403941","69","28098778"
"chr1","180552395","180552697","chr7","37900250","37900549","44","142652145"
"chr1","180553667","180553908","chr9","47170614","47170877","62","133383053"
"chr1","180577941","180578221","chr17","888730","889009","48","179689211"
"chr1","180584109","180584404","chr15","78041904","78042206","51","102542205"
"chr1","180627352","180627661","chr3","100534692","100535008","57","80092660"
"chr1","180666797","180667089","chr5","51041695","51041987","34","129625102"
"chr1","180706664","180706963","chr11","118707172","118707471","41","61999492"
"chr1","180741128","180741384","chr4","83071425","83071683","39","97669703"
"chr1","180761341","180761652","chr9","115951835","115952142","46","64809506"
"chr1","180762169","180762386","chr20","45792885","45793098","31","134969284"
"chr1","180765209","180765491","chr22","25994989","25995279","56","154770220"
"chr1","180775966","180776268","chr11","76340133","76340434","52","104435833"
"chr1","180776889","180777173","chr16","26943607","26943889","53","153833282"
"chr1","180777180","180777476","chr16","25582553","25582856","34","155194627"
"chr1","180778855","180778988","chr6","11957977","11958108","16","168820878"
"chr1","180812680","180812974","chr1","194378313","194378610","35","13565633"
"chr1","180822155","180822326","chr2B","50431625","50431794","22","130390530"
"chr1","180822611","180822746","chr6","42712240","42712374","14","138110371"
"chr1","180828834","180828916","chr4","30654384","30654465","10","150174450"
"chr1","180829841","180829974","chr2A","82421758","82421882","29","98408083"
"chr1","180833378","180833674","chr6","92188867","92189159","36","88644511"
"chr1","180840508","180840681","chr16","64747340","64747509","24","116093168"
"chr1","180844430","180844589","chr6","42550244","42550397","31","138294186"
"chr1","180853892","180854164","chr12","52309270","52309537","49","128544622"
"chr1","180880499","180880614","chrX","24288832","24288946","13","156591667"
"chr1","180914063","180914292","chr19","17846403","17846631","43","163067660"
"chr1","180915381","180915668","chr19","51706537","51706825","39","129208844"
"chr1","180918597","180918890","chr6","4177308","4177600","38","176741289"
"chr1","180936850","180937064","chr9","120256645","120256859","42","60680205"
"chr1","180939820","180940061","chr1","43158847","43159094","44","137780973"
"chr1","180941902","180942200","chr15","71877041","71877338","40","109064861"
"chr1","180958840","180959128","chr1","180607097","180607386","58","351743"
"chr1","180997818","180997986","chr6","153550956","153551119","33","27446862"
"chr1","180998968","180999272","chr3","19018226","19018529","32","161980742"
"chr1","180999278","180999575","chr7","157137240","157137534","38","23862038"
"chr1","180999902","181000000","chr3","201027947","201028044","13","20028045"
"chr1","181005689","181005819","chr5","2544213","2544344","21","178461476"
"chr1","181005845","181006144","chr2A","84944173","84944477","46","96061672"
"chr1","181017390","181017690","chr5","19666007","19666305","42","161351383"
"chr1","181030341","181030690","chr15","77588143","77588466","77","103442198"
"chr1","181034433","181034726","chrX","41897727","41898024","32","139136706"
"chr1","181037788","181038061","chr6","14380618","14380894","38","166657170"
"chr1","181064839","181064947","chr3","189912177","189912280","20","8847338"
"chr1","181065904","181066117","chr15","19414385","19414589","41","161651519"
"chr1","181085178","181085468","chr4","40297931","40298230","49","140787247"
"chr1","181127676","181127911","chr22","14173659","14173896","29","166954017"
"chr1","181132039","181132337","chr19","45016213","45016515","47","136115826"
"chr1","181166200","181166360","chr16","66458120","66458283","29","114708080"
"chr1","181175604","181175890","chr7","77548302","77548597","41","103627302"
"chr1","181188716","181188848","chr1","23591151","23591286","20","157597565"
"chr1","181196627","181196804","chr3","15722426","15722601","27","165474201"
"chr1","181196805","181197099","chr2B","62135018","62135320","44","119061787"
"chr1","181197100","181197172","chr11","63584344","63584411","13","117612756"
"chr1","181197969","181198078","chr6","32533953","32534063","22","148664016"
"chr1","181198086","181198232","chrX","49878962","49879111","22","131319124"
"chr1","181198510","181198684","chr19","12375476","12375643","28","168823034"
"chr1","181209337","181209646","chr13","2865420","2865717","48","178343917"
"chr1","181235557","181235856","chr14","33200459","33200757","36","148035098"
"chr1","181248693","181248996","chr7","154133029","154133326","53","27115664"
"chr1","181249304","181249598","chr10","108694215","108694507","47","72555089"
"chr1","181283171","181283471","chr16","24110146","24110445","38","157173025"
"chr1","181331511","181331760","chr1","88025121","88025371","37","93306390"
"chr1","181340499","181340629","chr10","106853690","106853821","24","74486809"
"chr1","181353756","181354046","chr9","43766410","43766708","48","137587346"
"chr1","181375513","181375718","chr14","48435330","48435535","44","132940183"
"chr1","181376013","181376097","chr6","43652072","43652152","20","137723941"
"chr1","181376113","181376229","chr10","11873055","11873169","35","169503058"
"chr1","181376514","181376685","chr9","74250773","74250943","29","107125741"
"chr1","181418721","181419021","chr17","7388146","7388443","65","174030575"
"chr1","181420178","181420329","chr2A","14899044","14899195","17","166521134"
"chr1","181422524","181422717","chr1","161861790","161861989","25","19560734"
"chr1","181425537","181425595","chr10","114646932","114646990","7","66778605"
"chr1","181427176","181427310","chr7","71815519","71815647","23","109611657"
"chr1","181427823","181428128","chr5","103973979","103974272","61","77453844"
"chr1","181428968","181429087","chr1","118774098","118774217","16","62654870"
"chr1","181460007","181460290","chr4","124825886","124826177","53","56634121"
"chr1","181462375","181462671","chr2B","100893350","100893645","37","80569025"
"chr1","181464619","181464911","chr14","85986152","85986448","38","95478467"
"chr1","181468558","181468666","chr12","101718242","101718350","11","79750316"
"chr1","181491337","181491635","chr21","28266356","28266639","76","153224981"
"chr1","181511576","181511879","chr11","86757352","86757654","45","94754224"
"chr1","181518351","181518644","chrX","31476956","31477243","40","150041395"
"chr1","181524760","181525040","chr6","48058765","48059050","46","133465995"
"chr1","181526555","181526831","chr14","51281861","51282140","34","130244694"
"chr1","181539795","181540081","chr7","42023635","42023920","40","139516160"
"chr1","181541167","181541291","chr10","37978285","37978416","16","143562882"
"chr1","181541315","181541480","chr3","50494945","50495104","24","131046370"
"chr1","181550726","181550873","chr7","151024609","151024751","21","30526117"
"chr1","181551158","181551419","chrX","116807939","116808197","40","64743219"
"chr1","181551509","181551629","chr5","54133125","54133234","24","127418384"
"chr1","181571657","181571959","chr2A","6747490","6747788","40","174824167"
"chr1","181603511","181603694","chr5","61177586","61177769","24","120425925"
"chr1","181604016","181604102","chr14","63048319","63048405","10","118555697"
"chr1","181624315","181624536","chr4","58483523","58483748","37","123140792"
"chr1","181624934","181625067","chr9","105121338","105121473","16","76503596"
"chr1","181625366","181625535","chr1","24681785","24681955","23","156943581"
"chr1","181665970","181666217","chrX","116807939","116808197","48","64858031"
"chr1","181676795","181676810","chr9","13066604","13066618","4","168610191"
"chr1","181677123","181677305","chr16","23669145","23669323","35","158007978"
"chr1","181692779","181693078","chr7","1669242","1669542","38","180023537"
"chr1","181693379","181693617","chr5","53272399","53272637","32","128420980"
"chr1","181693626","181693718","chr5","6638938","6639036","27","175054688"
"chr1","181694609","181694905","chr13","31917110","31917405","44","149777499"
"chr1","181697474","181697775","chr1","20280960","20281258","41","161416514"
"chr1","181701394","181701672","chr9","109733660","109733937","38","71967734"
"chr1","181701697","181701729","chr1","135794513","135794545","7","45907184"
"chr1","181702658","181702821","chr5","19584116","19584279","21","162118542"
"chr1","181705680","181705822","chr3","53491849","53491991","19","128213831"
"chr1","181706229","181706386","chr17","52371871","52372025","27","129334358"
"chr1","181707805","181708113","chr6","153914206","153914517","42","27793599"
"chr1","181722065","181722171","chr6","18262399","18262497","20","163459666"
"chr1","181730421","181730578","chr19","35439223","35439383","26","146291198"
"chr1","181730872","181731016","chr12","29436374","29436519","24","152294498"
"chr1","181731019","181731176","chr8","27555379","27555541","31","154175640"
"chr1","181731478","181731607","chr9","89805035","89805168","27","91926443"
"chr1","181733430","181733687","chr5","3177439","3177702","57","178555991"
"chr1","181744857","181745020","chr12","34589931","34590095","22","147154926"
"chr1","181752369","181752671","chr9","104384316","104384616","53","77368053"
"chr1","181752815","181753103","chr1","133289247","133289537","42","48463568"
"chr1","181755495","181755847","chr19","49191848","49192188","69","132563647"
"chr1","181755849","181755938","chr10","40845989","40846080","12","140909860"
"chr1","181758153","181758446","chr19","13479348","13479642","49","168278805"
"chr1","181766767","181767069","chr18","43205132","43205441","50","138561635"
"chr1","181780837","181781127","chr12","125255753","125256046","39","56525084"
"chr1","181807338","181807650","chr12","103999226","103999534","41","77808112"
"chr1","181812558","181812850","chr14","86426874","86427171","39","95385684"
"chr1","181833610","181833911","chr3","101736745","101737051","52","80096865"
"chr1","181853638","181853763","chr5","15127453","15127588","25","166726185"
"chr1","181907405","181907580","chr19","715584","715758","29","181191821"
"chr1","181907601","181907717","chr11","113906994","113907109","14","68000607"
"chr1","181910521","181910811","chr12","29819043","29819337","33","152091478"
"chr1","181925129","181925425","chr6","86361573","86361872","44","95563556"
"chr1","181929373","181929684","chr22","30087295","30087600","43","151842078"
"chr1","182005666","182005842","chr16","17862561","17862733","20","164143105"
"chr1","182008205","182008483","chr5","35920004","35920281","41","146088201"
"chr1","182017296","182017503","chr16","45514990","45515199","45","136502306"
"chr1","182020036","182020124","chr5","57821563","57821642","21","124198473"
"chr1","182020397","182020493","chrX","130061565","130061661","15","51958832"
"chr1","182025198","182025348","chr3","134610326","134610478","20","47414872"
"chr1","182054214","182054504","chr19","35826743","35827033","40","146227471"
"chr1","182132776","182133072","chr5","21993062","21993361","42","160139714"
"chr1","182156946","182157245","chr10","133852992","133853290","48","48303954"
"chr1","182187399","182187684","chr6","38673670","38673957","50","143513729"
"chr1","182199216","182199520","chr8","126717045","126717351","40","55482171"
"chr1","182199521","182199632","chr17","16936950","16937062","25","165262571"
"chr1","182222360","182222532","chr8","45705999","45706154","46","136516361"
"chr1","182237770","182237894","chr12","88940362","88940481","22","93297408"
"chr1","182238197","182238353","chr12","124897201","124897362","28","57340996"
"chr1","182241421","182241699","chr1","115024612","115024895","41","67216809"
"chr1","182274619","182274895","chr3","171602660","171602942","40","10671959"
"chr1","182289871","182290050","chr10","34990756","34990934","33","147299115"
"chr1","182290071","182290186","chr3","5301383","5301491","17","176988688"
"chr1","182297974","182298280","chr6","167179521","167179827","38","15118453"
"chr1","182326018","182326301","chr5","61208080","61208365","33","121117938"
"chr1","182338739","182339024","chr1","31775922","31776206","42","150562817"
"chr1","182356186","182356299","chr17","764672","764791","17","181591514"
"chr1","182356658","182356887","chr19","3170622","3170852","42","179186036"
"chr1","182376390","182376691","chr1","52186083","52186381","41","130190307"
"chr1","182384708","182384941","chr1","19118059","19118301","56","163266649"
"chr1","182386345","182386646","chr6","117396368","117396672","49","64989977"
"chr1","182389133","182389262","chr6","33902335","33902470","16","148486798"
"chr1","182394018","182394324","chr1","16208822","16209124","39","166185196"
"chr1","182396248","182396410","chr4","124178744","124178902","44","58217504"
"chr1","182399670","182399912","chrX","45337336","45337578","46","137062334"
"chr1","182402024","182402137","chr15","34606084","34606197","14","147795940"
"chr1","182411237","182411336","chr22","7795207","7795290","29","174616030"
"chr1","182411646","182411790","chr9","13304944","13305095","24","169106702"
"chr1","182412544","182412755","chr19","1560019","1560234","31","180852525"
"chr1","182416935","182417220","chr6","4177308","4177600","51","178239627"
"chr1","182428500","182428726","chr3","162608881","162609115","49","19819619"
"chr1","182432580","182432742","chr15","64309381","64309538","28","118123199"
"chr1","182434590","182434900","chr6","139280494","139280800","55","43154096"
"chr1","182440829","182441135","chr14","85488580","85488880","42","96952249"
"chr1","182473966","182474333","chr2A","37405749","37406123","81","145068217"
"chr1","182474973","182474986","chr8","78691263","78691276","2","103783710"
"chr1","182475288","182475465","chr20","35565904","35566078","33","146909384"
"chr1","182479967","182480157","chr17","5023946","5024133","31","177456021"
"chr1","182480446","182480594","chrX","41790006","41790156","28","140690440"
"chr1","182482698","182482834","chr20","58094376","58094510","19","124388322"
"chr1","182482850","182483146","chr8","142760753","142761043","37","39722097"
"chr1","182494311","182494440","chr5","41383297","41383421","16","141111014"
"chr1","182502242","182502279","chrX","49607049","49607085","2","132895193"
"chr1","182502280","182502501","chr20","62803420","62803632","45","119698860"
"chr1","182520453","182520783","chrX","40215717","40216034","55","142304736"
"chr1","182529169","182529475","chr1","133095428","133095743","73","49433741"
"chr1","182532838","182533079","chr12","113261292","113261537","40","69271546"
"chr1","182535549","182535564","chr19","29647490","29647506","1","152888059"
"chr1","182535588","182535884","chr9","121157172","121157464","49","61378416"
"chr1","182537477","182537781","chr13","14472212","14472520","37","168065265"
"chr1","182542774","182542921","chr10","134526942","134527086","28","48015832"
"chr1","182543371","182543499","chr2A","82675571","82675703","14","99867800"
"chr1","182548227","182548541","chr2B","72080818","72081129","41","110467409"
"chr1","182550089","182550398","chr1","10058945","10059255","39","172491144"
"chr1","182550866","182551042","chr15","51640692","51640861","38","130910174"
"chr1","182551332","182551472","chr7","131031908","131032043","26","51519424"
"chr1","182560698","182560987","chr3","54444548","54444836","48","128116150"
"chr1","182564428","182564707","chr3","199677089","199677381","55","17112661"
"chr1","182565449","182565581","chr22","2015268","2015402","17","180550181"
"chr1","182566175","182566338","chr16","69577507","69577669","35","112988668"
"chr1","182566640","182566776","chr11","118050473","118050608","22","64516167"
"chr1","182568321","182568607","chr15","71866109","71866399","46","110702212"
"chr1","182578776","182579061","chr10","141846679","141846962","37","40732097"
"chr1","182581004","182581305","chr10","124861423","124861725","32","57719581"
"chr1","182587339","182587648","chr4","39429499","39429807","50","143157840"
"chr1","182593996","182594282","chr15","20100781","20101066","39","162493215"
"chr1","182599219","182599520","chr1","164497871","164498167","50","18101348"
"chr1","182608492","182608644","chr22","31820986","31821137","42","150787506"
"chr1","182608947","182608974","chrX","119106252","119106277","9","63502695"
"chr1","182609287","182609414","chr1","64265288","64265418","19","118343999"
"chr1","182610377","182610657","chr11","61836357","61836645","49","120774020"
"chr1","182614712","182614886","chr4","1766445","1766615","30","180848267"
"chr1","182619529","182619805","chr16","25138770","25139048","38","157480759"
"chr1","182623678","182623854","chr1","203553629","203553809","22","20929951"
"chr1","182624143","182624282","chr9","94655765","94655899","13","87968378"
"chr1","182634926","182635199","chr14","76696434","76696724","45","105938492"
"chr1","182660374","182660530","chr8","73676755","73676914","29","108983619"
"chr1","182707496","182707612","chr8","63631723","63631835","15","119075773"
"chr1","182707634","182707654","chrX","118137614","118137631","5","64570020"
"chr1","182713253","182713537","chr13","1376244","1376525","44","181337009"
"chr1","182739830","182740119","chr8","83783750","83784046","47","98956080"
"chr1","182740254","182740505","chr8","38371484","38371734","43","144368770"
"chr1","182743403","182743538","chr16","379923","380058","17","182363480"
"chr1","182743845","182744028","chr3","2186572","2186752","33","180557273"
"chr1","182753141","182753440","chr12","52178346","52178642","40","130574795"
"chr1","182754607","182754941","chrX","9341842","9342170","53","173412765"
"chr1","182755631","182755922","chr21","31933268","31933561","38","150822363"
"chr1","182782774","182783061","chr22","1260741","1261035","47","181522033"
"chr1","182783932","182783994","chr19","265283","265347","16","182518649"
"chr1","182784304","182784489","chr9","13315704","13315900","41","169468600"
"chr1","182795601","182795860","chr5","37834860","37835127","38","144960741"
"chr1","182802387","182802646","chr3","120427789","120428050","39","62374598"
"chr1","182811906","182812029","chr1","25588253","25588379","32","157223653"
"chr1","182824295","182824417","chr10","145143698","145143827","18","37680597"
"chr1","182840205","182840497","chr10","88606089","88606375","52","94234116"
"chr1","182843436","182843709","chr14","47869555","47869825","49","134973881"
"chr1","182847735","182848037","chr8","35769647","35769939","46","147078088"
"chr1","182849126","182849428","chr8","35769647","35769939","46","147079479"
"chr1","182853936","182854084","chr2B","116067971","116068110","26","66785965"
"chr1","182859854","182860146","chr4","48414564","48414860","46","134445290"
"chr1","182867469","182867524","chr7","62524497","62524548","12","120342972"
"chr1","182868647","182868952","chr3","143733492","143733803","55","39135155"
"chr1","182872035","182872171","chr20","4690657","4690788","20","178181378"
"chr1","182872647","182872779","chr2B","101109609","101109745","22","81763038"
"chr1","182872980","182873112","chr5","161161762","161161894","16","21711218"
"chr1","182873848","182874147","chr7","79044919","79045216","41","103828929"
"chr1","182874162","182874286","chr4","180870163","180870293","21","2003999"
"chr1","182890457","182890544","chr14","85974315","85974402","20","96916142"
"chr1","182890586","182890873","chr14","74043184","74043471","49","108847402"
"chr1","182892383","182892410","chr13","80926321","80926343","5","101966062"
"chr1","182892450","182892732","chr1","22479176","22479464","41","160413274"
"chr1","182895100","182895398","chr3","42788373","42788672","44","140106727"
"chr1","182921905","182922169","chr22","1390759","1391028","40","181531146"
"chr1","182929550","182929652","chrX","18290338","18290439","13","164639212"
"chr1","182929946","182930124","chr2A","45426203","45426376","36","137503743"
"chr1","182934067","182934201","chr5","152330775","152330907","19","30603292"
"chr1","182934202","182934481","chr17","94150021","94150312","37","88784181"
"chr1","182934482","182934674","chr10","34688348","34688531","33","148246134"
"chr1","182957205","182957484","chr4","200353041","200353325","52","17395836"
"chr1","182960183","182960447","chr16","10453814","10454091","45","172506369"
"chr1","182966474","182966767","chr10","12819467","12819771","45","170147007"
"chr1","182975971","182976270","chr3","15071438","15071730","41","167904533"
"chr1","182979374","182979518","chr6","107537092","107537246","35","75442282"
"chr1","182989301","182989576","chr6","65125780","65126051","44","117863521"
"chr1","183050764","183051037","chr3","3411667","3411940","61","179639097"
"chr1","183052808","183052922","chr3","110475246","110475354","22","72577562"
"chr1","183065069","183065370","chr1","7899868","7900166","43","175165201"
"chr1","183092864","183093160","chr5","8099014","8099308","30","174993850"
"chr1","183098421","183098558","chr1","28206534","28206669","22","154891887"
"chr1","183098861","183099045","chr2B","124539389","124539563","27","58559472"
"chr1","183144725","183145036","chr1","147188147","147188452","44","35956578"
"chr1","183158351","183158652","chr2A","67996728","67997019","44","115161623"
"chr1","183163539","183163851","chr1","48274459","48274770","49","134889080"
"chr1","183192943","183193200","chr12","12356690","12356945","30","170836253"
"chr1","183202343","183202475","chr1","169401247","169401367","31","13801096"
"chr1","183213287","183213550","chr2B","131387078","131387343","55","51826209"
"chr1","183216022","183216038","chr5","60826807","60826824","2","122389215"
"chr1","183216111","183216359","chr9","75424297","75424552","39","107791814"
"chr1","183217152","183217271","chr4","159932287","159932406","17","23284865"
"chr1","183217315","183217468","chr14","58912925","58913079","32","124304390"
"chr1","183217954","183218251","chr7","76028932","76029225","33","107189022"
"chr1","183224016","183224321","chr1","158838575","158838873","48","24385441"
"chr1","183236387","183236549","chr9","94656201","94656363","24","88580186"
"chr1","183236850","183236998","chr1","28580154","28580288","26","154656696"
"chr1","183243875","183244001","chr7","65318509","65318638","23","117925366"
"chr1","183246045","183246300","chr1","3409709","3409974","43","179836336"
"chr1","183253413","183253570","chr18","1067621","1067766","32","182185792"
"chr1","183289207","183289468","chrX","70731798","70732057","41","112557409"
"chr1","183289470","183289751","chr10","87272770","87273045","44","96016700"
"chr1","183298172","183298474","chr2B","114239081","114239380","33","69059091"
"chr1","183322876","183323132","chr16","9680800","9681062","43","173642076"
"chr1","183338483","183338790","chr12","596275","596581","50","182742208"
"chr1","183359660","183359968","chr12","123931544","123931847","50","59428116"
"chr1","183372570","183372805","chr14","88110355","88110596","48","95262215"
"chr1","183382717","183383003","chr7","77548302","77548597","50","105834415"
"chr1","183392181","183392413","chr2B","94907170","94907401","48","88485011"
"chr1","183419967","183420081","chr19","1675399","1675501","26","181744568"
"chr1","183433624","183433934","chr11","120932649","120932956","48","62500975"
"chr1","183456343","183456396","chr1","218242753","218242807","6","34786410"
"chr1","183459941","183460246","chr20","53108057","53108358","58","130351884"
"chr1","183462750","183462984","chr5","151834727","151834962","40","31628023"
"chr1","183492007","183492312","chr19","28219604","28219905","49","155272403"
"chr1","183495431","183495650","chr5","163988818","163989039","37","19506613"
"chr1","183502728","183503022","chr5","61395654","61395946","47","122107074"
"chr1","183512017","183512336","chr11","88939567","88939867","63","94572450"
"chr1","183512669","183512958","chr1","224418808","224419097","44","40906139"
"chr1","183518332","183518629","chrX","9217166","9217464","43","174301166"
"chr1","183545151","183545462","chr5","133442639","133442948","47","50102512"
"chr1","183555720","183556015","chr17","10054068","10054363","46","173501652"
"chr1","183557082","183557379","chr17","10054068","10054363","45","173503014"
"chr1","183559241","183559484","chr2A","80576702","80576944","45","102982539"
"chr1","183560429","183560704","chr10","31396954","31397231","39","152163475"
"chr1","183579722","183580021","chr4","162552218","162552510","53","21027504"
"chr1","183581443","183581530","chr3","149918887","149918980","19","33662556"
"chr1","183581570","183581796","chr10","31826517","31826744","33","151755053"
"chr1","183582034","183582168","chr8","28119222","28119352","28","155462812"
"chr1","183621061","183621375","chr2A","82177357","82177661","44","101443704"
"chr1","183632416","183632707","chr4","93828554","93828847","41","89803862"
"chr1","183641676","183641972","chr3","151867941","151868242","31","31773735"
"chr1","183642427","183642731","chr12","131067103","131067406","38","52575324"
"chr1","183671709","183672010","chr6","126511577","126511878","45","57160132"
"chr1","183682680","183682964","chr3","99833327","99833611","42","83849353"
"chr1","183710989","183711269","chr22","2561572","2561858","44","181149417"
"chr1","183728982","183729122","chr13","13925612","13925756","30","169803370"
"chr1","183729149","183729160","chr1","77404862","77404872","2","106324287"
"chr1","183739050","183739360","chr5","44101071","44101372","52","139637979"
"chr1","183753035","183753336","chr8","74142778","74143073","43","109610257"
"chr1","183754168","183754471","chr4","135125821","135126122","41","48628347"
"chr1","183754896","183755192","chr18","55613894","55614190","45","128141002"
"chr1","183756641","183756928","chr2B","1475279","1475574","44","182281362"
"chr1","183764744","183764959","chr22","2630526","2630738","36","181134218"
"chr1","183774698","183774986","chr8","46097979","46098265","44","137676719"
"chr1","183775600","183775894","chr1","46139966","46140263","36","137635634"
"chr1","183778206","183778340","chrX","119294972","119295111","27","64483234"
"chr1","183778649","183778784","chr17","2618681","2618816","16","181159968"
"chr1","183788228","183788501","chr7","103672694","103672975","41","80115534"
"chr1","183797192","183797427","chr15","29132948","29133173","53","154664244"
"chr1","183833007","183833293","chr13","81164151","81164440","53","102668856"
"chr1","183846268","183846561","chr22","2717900","2718203","53","181128368"
"chr1","183847203","183847505","chr14","81551019","81551321","34","102296184"
"chr1","183854222","183854531","chr8","94386672","94386976","46","89467550"
"chr1","183866455","183866752","chr3","125068067","125068363","46","58798388"
"chr1","183875243","183875538","chr6","153764895","153765190","37","30110348"
"chr1","183885294","183885572","chr10","90832231","90832515","48","93053063"
"chr1","183894809","183894981","chr20","2150753","2150919","32","181744056"
"chr1","183895504","183895808","chr15","46012653","46012953","49","137882851"
"chr1","183901458","183901770","chr15","72730905","72731214","48","111170553"
"chr1","183920692","183921000","chr20","44992820","44993127","40","138927872"
"chr1","183928316","183928527","chr15","52212773","52212980","39","131715543"
"chr1","183946219","183946504","chr5","16601172","16601460","44","167345047"
"chr1","183950830","183951109","chr2A","79808917","79809198","41","104141913"
"chr1","183957889","183958049","chr9","15360495","15360655","25","168597394"
"chr1","183958366","183958493","chr11","18595904","18596032","18","165362462"
"chr1","183969267","183969556","chr2A","7592807","7593102","47","176376460"
"chr1","183970513","183970783","chr2A","60232623","60232895","33","123737890"
"chr1","183975321","183975611","chr7","134591683","134591981","43","49383638"
"chr1","183981110","183981405","chr17","63805578","63805863","49","120175532"
"chr1","183986059","183986356","chr9","108355623","108355934","58","75630436"
"chr1","184026200","184026512","chrX","128923641","128923950","53","55102559"
"chr1","184056498","184056570","chrX","55042423","55042498","9","129014075"
"chr1","184060942","184061136","chr12","53360512","53360703","31","130700430"
"chr1","184063334","184063632","chr1","19457071","19457369","44","164606263"
"chr1","184070426","184070525","chr5","20753128","20753234","19","163317298"
"chr1","184075811","184075923","chr6","85362783","85362893","21","98713028"
"chr1","184091107","184091404","chr9","58790609","58790908","41","125300498"
"chr1","184119681","184119854","chr5","61421222","61421414","34","122698459"
"chr1","184119855","184119887","chrX","49607049","49607085","8","134512806"
"chr1","184119888","184120071","chr5","61421222","61421414","40","122698666"
"chr1","184139922","184139963","chr12","30061451","30061494","5","154078471"
"chr1","184139964","184140139","chr5","61421222","61421414","46","122718742"
"chr1","184191825","184192045","chr9","113407332","113407547","29","70784493"
"chr1","184232591","184232888","chr19","34963844","34964146","47","149268747"
"chr1","184253587","184253761","chr2B","99086800","99086973","24","85166787"
"chr1","184254063","184254197","chr19","13857641","13857776","12","170396422"
"chr1","184314574","184314689","chr10","49571987","49572102","16","134742587"
"chr1","184314690","184314973","chr2B","82792709","82793001","60","101521981"
"chr1","184315290","184315487","chr22","3135326","3135520","36","181179964"
"chr1","184328956","184329250","chr2A","67830661","67830952","37","116498295"
"chr1","184346711","184347015","chr16","61870246","61870540","48","122476465"
"chr1","184354101","184354367","chr4","124359555","124359819","37","59994546"
"chr1","184356018","184356312","chr22","3188476","3188771","44","181167542"
"chr1","184373079","184373260","chr7","65690646","65690830","36","118682433"
"chr1","184376968","184377287","chr3","46381852","46382163","69","137995116"
"chr1","184382639","184382940","chr6","45713778","45714072","39","138668861"
"chr1","184428958","184429232","chr5","51706420","51706696","55","132722538"
"chr1","184436650","184436955","chr12","72634766","72635064","44","111801884"
"chr1","184451592","184451884","chr5","4733108","4733403","43","179718484"
"chr1","184451893","184452184","chr1","76677706","76677999","43","107774187"
"chr1","184457797","184457892","chr9","70059064","70059157","10","114398733"
"chr1","184457893","184458002","chr1","10090900","10091014","17","174366993"
"chr1","184464649","184464703","chrX","27231241","27231290","12","157233408"
"chr1","184473514","184473647","chr7","131031908","131032043","19","53441606"
"chr1","184473936","184474093","chr7","74224573","74224727","34","110249363"
"chr1","184528553","184528830","chr1","46890129","46890419","50","137638424"
"chr1","184532261","184532569","chr13","51092768","51093070","39","133439493"
"chr1","184537074","184537202","chr6","126596585","126596716","14","57940489"
"chr1","184539298","184539599","chr21","33076246","33076547","40","151463052"
"chr1","184681747","184682047","chr6","39864627","39864923","33","144817120"
"chr1","184688473","184688588","chr3","50836150","50836264","6","133852323"
"chr1","184688617","184688633","chr1","44160930","44160944","5","140527687"
"chr1","184842234","184842338","chr1","149639879","149639983","18","35202355"
"chr1","184860736","184861013","chr3","34261429","34261702","53","150599307"
"chr1","184861319","184861606","chrX","13559368","13559655","58","171301951"
"chr1","184861627","184861911","chr17","2801238","2801525","47","182060389"
"chr1","184885145","184885437","chr1","219800159","219800452","38","34915014"
"chr1","184910836","184911027","chr5","1720610","1720801","24","183190226"
"chr1","184912851","184913135","chr2A","81399067","81399362","41","103513784"
"chr1","184919279","184919470","chr5","1720610","1720801","25","183198669"
"chr1","184921270","184921558","chr2A","81399067","81399362","43","103522203"
"chr1","184930289","184930618","chr8","122276388","122276704","58","62653901"
"chr1","184960347","184960490","chr1","87111997","87112142","19","97848350"
"chr1","184978899","184979025","chr9","111117898","111118031","23","73861001"
"chr1","184979331","184979450","chr13","32006656","32006790","22","152972675"
"chr1","184981953","184982061","chr4","6113636","6113746","14","178868317"
"chr1","184982082","184982238","chr1","165421202","165421364","26","19560880"
"chr1","184985450","184985795","chr6","51879834","51880134","87","133105616"
"chr1","184986789","184986922","chr1","6405360","6405492","41","178581429"
"chr1","184987201","184987483","chr1","222827071","222827360","44","37839870"
"chr1","184997670","184997792","chr16","10901222","10901339","16","174096448"
"chr1","184998090","184998279","chr5","20652919","20653101","30","164345171"
"chr1","185011256","185011558","chr8","7806573","7806869","47","177204683"
"chr1","185012894","185013185","chrX","68693234","68693522","44","116319660"
"chr1","185031737","185031854","chr1","118774098","118774217","14","66257639"
"chr1","185031882","185032061","chr16","30339729","30339912","31","154692153"
"chr1","185037763","185037978","chr1","214970667","214970881","23","29932904"
"chr1","185065668","185065961","chr9","12016274","12016564","49","173049394"
"chr1","185090785","185091086","chr8","124200571","124200876","26","60890214"
"chr1","185117060","185117315","chr6","72503180","72503435","45","112613880"
"chr1","185119195","185119459","chr1","184958582","184958856","44","160613"
"chr1","185127392","185127645","chr16","61952753","61952998","40","123174639"
"chr1","185128749","185129035","chr19","45555520","45555817","48","139573229"
"chr1","185137734","185137928","chr7","5383601","5383797","34","179754133"
"chr1","185148159","185148269","chr8","63631723","63631835","12","121516436"
"chr1","185154849","185155055","chr12","14038754","14038965","50","171116095"
"chr1","185157409","185157483","chr15","44855348","44855422","11","140302061"
"chr1","185166932","185167014","chr10","34706182","34706260","13","150460750"
"chr1","185167295","185167527","chr5","43246148","43246377","39","141921147"
"chr1","185168233","185168543","chr1","38036271","38036580","40","147131962"
"chr1","185172167","185172442","chr22","4350203","4350471","38","180821964"
"chr1","185173279","185173571","chr11","117329242","117329538","51","67844037"
"chr1","185174149","185174454","chr4","23335124","23335430","47","161839025"
"chr1","185177153","185177282","chr19","33950985","33951117","14","151226168"
"chr1","185178342","185178352","chr5","5751537","5751547","1","179426805"
"chr1","185178393","185178599","chr3","33605807","33606012","30","151572586"
"chr1","185184539","185184811","chrX","77233662","77233935","40","107950877"
"chr1","185185873","185186007","chr1","36509687","36509822","13","148676186"
"chr1","185186301","185186473","chr17","74891716","74891890","35","110294585"
"chr1","185192089","185192361","chr15","2684726","2685002","48","182507363"
"chr1","185192975","185193149","chr8","48713272","48713446","26","136479703"
"chr1","185193448","185193616","chrX","41790006","41790156","39","143403442"
"chr1","185193955","185194088","chr3","8501615","8501750","11","176692340"
"chr1","185195014","185195229","chr6","137200955","137201172","32","47994059"
"chr1","185214408","185214648","chr5","53272399","53272637","39","131942009"
"chr1","185236630","185236938","chr19","35564249","35564547","53","149672381"
"chr1","185246428","185246514","chr22","28221519","28221604","13","157024909"
"chr1","185248387","185248512","chr2A","105338918","105339035","32","79909469"
"chr1","185251738","185251913","chr1","133965580","133965759","32","51286158"
"chr1","185252216","185252344","chr3","194103478","194103609","21","8851262"
"chr1","185252656","185252942","chr1","15155733","15156019","45","170096923"
"chr1","185268575","185268875","chr3","28355353","28355652","51","156913222"
"chr1","185269001","185269128","chr3","59287633","59287756","27","125981368"
"chr1","185285292","185285603","chr6","38982508","38982813","44","146302784"
"chr1","185285655","185285962","chr6","37930870","37931181","46","147354785"
"chr1","185289730","185289859","chr1","114318909","114319042","17","70970821"
"chr1","185303245","185303558","chr3","58186663","58186969","40","127116582"
"chr1","185314771","185315055","chr12","33001772","33002050","53","152312999"
"chr1","185332195","185332491","chr10","45703120","45703417","44","139629075"
"chr1","185334871","185335077","chr6","161428786","161428995","40","23906085"
"chr1","185335374","185335463","chr18","56826401","56826490","10","128508973"
"chr1","185349431","185349734","chr10","30357227","30357526","43","154992204"
"chr1","185352807","185353117","chr10","48125877","48126187","38","137226930"
"chr1","185353842","185353972","chr14","12485207","12485337","17","172868635"
"chr1","185367947","185368110","chr10","117965413","117965578","21","67402534"
"chr1","185370477","185370613","chr7","4956315","4956451","11","180414162"
"chr1","185370619","185370778","chr8","67783104","67783272","25","117587515"
"chr1","185371091","185371233","chr1","115975835","115975970","23","69395256"
"chr1","185371881","185372175","chr1","65854541","65854833","44","119517340"
"chr1","185374094","185374186","chr7","57587502","57587584","25","127786592"
"chr1","185378870","185379027","chr7","72046197","72046353","27","113332673"
"chr1","185398831","185399166","chr9","87568136","87568464","71","97830695"
"chr1","185399185","185399415","chr5","40652120","40652348","41","144747065"
"chr1","185404559","185404655","chr20","15935968","15936068","14","169468591"
"chr1","185441618","185441749","chrX","50189688","50189819","17","135251930"
"chr1","185457243","185457544","chr8","54724297","54724600","50","130732946"
"chr1","185460664","185460801","chr10","2455031","2455167","20","183005633"
"chr1","185464776","185465060","chr17","59284140","59284434","40","126180636"
"chr1","185468344","185468501","chr8","110048994","110049154","35","75419350"
"chr1","185468800","185468922","chrX","77433385","77433506","23","108035415"
"chr1","185468951","185469106","chr16","62447087","62447240","26","123021864"
"chr1","185469653","185469786","chr14","47675888","47676022","12","137793765"
"chr1","185483936","185483977","chr12","101865387","101865425","12","83618549"
"chr1","185484279","185484478","chr11","114881229","114881424","49","70603050"
"chr1","185486178","185486465","chr5","15682077","15682370","50","169804101"
"chr1","185489295","185489427","chr17","3402890","3403026","19","182086405"
"chr1","185491631","185491848","chr3","59287366","59287584","28","126204265"
"chr1","185497825","185498136","chr19","49742018","49742322","51","135755807"
"chr1","185501787","185502087","chr7","46621710","46622019","37","138880077"
"chr1","185511246","185511335","chr9","70059064","70059157","18","115452182"
"chr1","185518556","185518634","chr19","18392443","18392519","14","167126113"
"chr1","185521642","185521924","chr2B","120369647","120369934","55","65151995"
"chr1","185525440","185525545","chr7","152223818","152223917","25","33301622"
"chr1","185525833","185525954","chr6","126596585","126596716","22","58929248"
"chr1","185526421","185526592","chr2B","50431625","50431794","28","135094796"
"chr1","185526896","185527025","chr1","93487279","93487413","21","92039617"
"chr1","185527546","185527673","chr10","134985436","134985567","14","50542110"
"chr1","185528454","185528765","chrX","154349779","154350084","42","31178675"
"chr1","185540998","185541244","chr22","4958345","4958589","46","180582653"
"chr1","185549325","185549609","chr17","27803888","27804169","43","157745437"
"chr1","185561564","185561729","chr3","28090924","28091086","28","157470640"
"chr1","185562308","185562621","chr2A","96878462","96878772","54","88683846"
"chr1","185563273","185563414","chr3","186617776","186617913","20","1054503"
"chr1","185565101","185565372","chr9","13272472","13272745","42","172292629"
"chr1","185572790","185573058","chr5","130194768","130195045","61","55378022"
"chr1","185583935","185584065","chr13","93613158","93613288","17","91970777"
"chr1","185584932","185585096","chr6","91919125","91919298","39","93665807"
"chr1","185589988","185590274","chr8","127011802","127012087","43","58578186"
"chr1","185604066","185604366","chr11","59624430","59624725","41","125979636"
"chr1","185609666","185609970","chr6","112148811","112149116","40","73460855"
"chr1","185614679","185614809","chr1","71393655","71393787","15","114221024"
"chr1","185619469","185619660","chr3","121567082","121567268","36","64052387"
"chr1","185623706","185624001","chr3","170592921","170593214","51","15030785"
"chr1","185662341","185662629","chr9","114191687","114191982","39","71470654"
"chr1","185670539","185670651","chr8","63631723","63631835","13","122038816"
"chr1","185671973","185672065","chr3","26048112","26048203","20","159623861"
"chr1","185674172","185674468","chr11","120932649","120932956","48","64741523"
"chr1","185679407","185679560","chr6","165362113","165362262","16","20317294"
"chr1","185680027","185680080","chr19","16729350","16729396","16","168950677"
"chr1","185680760","185681052","chr17","44897537","44897837","44","140783223"
"chr1","185682588","185682893","chr22","5098083","5098397","42","180584505"
"chr1","185705601","185705900","chr12","112321988","112322290","32","73383613"
"chr1","185728017","185728248","chr11","5825069","5825299","33","179902948"
"chr1","185732230","185732360","chr1","135637133","135637262","20","50095097"
"chr1","185732666","185732846","chr5","123485089","123485267","33","62247577"
"chr1","185738245","185738259","chr5","16287257","16287270","1","169450988"
"chr1","185738284","185738563","chr11","62812598","62812876","31","122925686"
"chr1","185740592","185740727","chr4","151370842","151370977","10","34369750"
"chr1","185741032","185741204","chr16","17862561","17862733","25","167878471"
"chr1","185741948","185742255","chr9","108641235","108641541","43","77100713"
"chr1","185742889","185743152","chrX","24803746","24804013","62","160939143"
"chr1","185747112","185747410","chr12","132948814","132949113","48","52798298"
"chr1","185749802","185750079","chrX","57926567","57926847","43","127823235"
"chr1","185755284","185755573","chr14","61097634","61097920","42","124657650"
"chr1","185758035","185758322","chr17","12279712","12280000","40","173478323"
"chr1","185759451","185759517","chr1","74149141","74149207","8","111610310"
"chr1","185759625","185759799","chr10","110261902","110262077","30","75497723"
"chr1","185763540","185763822","chr6","152428402","152428695","47","33335138"
"chr1","185764331","185764617","chr22","5176932","5177228","45","180587399"
"chr1","185766638","185766930","chr20","50773327","50773617","40","134993311"
"chr1","185777936","185778201","chr9","117733372","117733651","49","68044564"
"chr1","185782736","185782908","chr20","18220252","18220423","22","167562484"
"chr1","185793695","185793823","chr13","93613158","93613288","16","92180537"
"chr1","185793867","185794046","chr2B","63788144","63788307","44","122005723"
"chr1","185794614","185794912","chr11","10722051","10722346","43","175072563"
"chr1","185804001","185804175","chr7","139037286","139037453","37","46766715"
"chr1","185804234","185804364","chr22","29033814","29033945","20","156770420"
"chr1","185807939","185808299","chr4","197982628","197982985","90","12174689"
"chr1","185808887","185809039","chr17","27296259","27296412","31","158512628"
"chr1","185812421","185812524","chrX","18290338","18290439","13","167522083"
"chr1","185812831","185812994","chr1","135795439","135795597","34","50017392"
"chr1","185813220","185813506","chr4","93499101","93499385","43","92314119"
"chr1","185818852","185819136","chr11","10722051","10722346","45","175096801"
"chr1","185820372","185820658","chr9","113098573","113098861","44","72721799"
"chr1","185821999","185822135","chr7","26784682","26784819","12","159037317"
"chr1","185824792","185824905","chr2A","79999899","80000000","29","105824893"
"chr1","185825180","185825355","chrX","15720473","15720642","46","170104707"
"chr1","185828217","185828366","chr6","22330612","22330757","22","163497605"
"chr1","185838015","185838147","chr15","51357107","51357241","13","134480908"
"chr1","185839159","185839328","chr4","82724750","82724925","34","103114409"
"chr1","185846959","185847135","chr7","149897616","149897788","25","35949343"
"chr1","185847675","185847810","chr5","7709860","7709995","17","178137815"
"chr1","185849976","185850250","chr22","17590884","17591166","47","168259092"
"chr1","185858662","185858794","chr6","113116076","113116208","14","72742586"
"chr1","185859100","185859275","chr7","45451858","45452040","18","140407242"
"chr1","185862593","185862795","chr13","12134550","12134747","42","173728043"
"chr1","185863103","185863240","chr15","37731910","37732045","15","148131193"
"chr1","185880101","185880382","chr15","77813108","77813390","39","108066993"
"chr1","185888983","185889256","chr9","67443792","67444065","54","118445191"
"chr1","185926409","185926695","chr3","73194425","73194708","40","112731984"
"chr1","185940709","185940934","chr14","14635557","14635783","26","171305152"
"chr1","185959170","185959412","chr8","119221662","119221904","37","66737508"
"chr1","185970963","185971106","chr21","9746109","9746256","18","176224854"
"chr1","186087332","186087609","chr2B","129989555","129989833","35","56097777"
"chr1","186093382","186093665","chr7","26934288","26934569","37","159159094"
"chr1","186106554","186106857","chrX","9217166","9217464","39","176889388"
"chr1","186111566","186111744","chr7","100552730","100552907","31","85558836"
"chr1","186116212","186116312","chrX","18290338","18290439","9","167825874"
"chr1","186116313","186116446","chr3","8501615","8501750","17","177614698"
"chr1","186116756","186116930","chr17","80172374","80172549","31","105944382"
"chr1","186116931","186117099","chr19","12375476","12375643","29","173741455"
"chr1","186135105","186135396","chr4","41051261","41051551","40","145083844"
"chr1","186139419","186139547","chr7","13121898","13122029","13","173017521"
"chr1","186168283","186168485","chr1","21760602","21760803","23","164407681"
"chr1","186378294","186378416","chr6","16800077","16800197","13","169578217"
"chr1","186523458","186523502","chr8","27428051","27428094","8","159095407"
"chr1","186558127","186558441","chrX","29130659","29130962","41","157427468"
"chr1","186558981","186559142","chr19","15596110","15596256","35","170962871"
"chr1","186559443","186559635","chr12","15570895","15571084","47","170988548"
"chr1","186572222","186572520","chr4","93828554","93828847","40","92743668"
"chr1","186591310","186591606","chr8","101544594","101544890","41","85046716"
"chr1","186688250","186688563","chr10","129610373","129610683","50","57077877"
"chr1","186720977","186721271","chr10","85032894","85033191","42","101688083"
"chr1","186735777","186735905","chr5","38723485","38723617","17","148012292"
"chr1","186735908","186736209","chr7","139963807","139964112","39","46772101"
"chr1","186741262","186741575","chr3","155530451","155530758","59","31210811"
"chr1","186747320","186747619","chr7","139963807","139964112","43","46783513"
"chr1","186792574","186792872","chr2B","114239081","114239380","35","72553493"
"chr1","186873067","186873388","chr15","27017792","27018103","56","159855275"
"chr1","186886223","186886532","chr22","5626424","5626714","64","181259799"
"chr1","186905157","186905450","chr5","38135828","38136129","47","148769329"
"chr1","186905473","186905758","chr8","126026839","126027127","58","60878634"
"chr1","186906059","186906323","chr15","13302570","13302846","59","173603489"
"chr1","186915252","186915467","chr9","49385422","49385635","42","137529830"
"chr1","186915894","186916179","chr1","149371341","149371630","53","37544553"
"chr1","186917462","186917735","chr16","29395849","29396122","52","157521613"
"chr1","186919717","186919990","chr20","42497280","42497542","59","144422437"
"chr1","186920020","186920303","chr19","45580457","45580750","55","141339563"
"chr1","186927934","186928226","chr6","4177308","4177600","37","182750626"
"chr1","186931703","186931806","chrX","47761378","47761479","22","139170325"
"chr1","186932110","186932307","chr9","80137745","80137942","31","106794365"
"chr1","186935262","186935556","chr18","2191279","2191572","40","184743983"
"chr1","186945437","186945569","chr14","59236568","59236697","15","127708869"
"chr1","186949768","186950056","chr8","125631614","125631911","44","61318154"
"chr1","186966701","186966843","chr9","47165894","47166037","22","139800807"
"chr1","186967153","186967324","chr8","98981840","98982009","28","87985313"
"chr1","186988822","186988949","chr15","73119233","73119360","15","113869589"
"chr1","186990761","186991017","chr1","133000200","133000459","60","53990561"
"chr1","186991125","186991390","chr5","20399983","20400258","45","166591142"
"chr1","186993616","186993910","chr5","2973594","2973889","37","184020022"
"chr1","186998772","186999078","chr6","72139868","72140176","45","114858904"
"chr1","187000492","187000797","chr9","56800632","56800943","48","130199860"
"chr1","187047178","187047478","chrX","40125771","40126075","39","146921407"
"chr1","187076324","187076625","chr7","116371624","116371923","34","70704700"
"chr1","187103771","187104059","chr6","48058765","48059050","36","139045006"
"chr1","187118862","187119167","chr22","7895358","7895655","41","179223504"
"chr1","187139465","187139637","chr2B","50431625","50431794","24","136707840"
"chr1","187143597","187143879","chr13","1376244","1376525","38","185767353"
"chr1","187166090","187166381","chr10","107858288","107858577","50","79307802"
"chr1","187166394","187166696","chr17","7388146","7388443","33","179778248"
"chr1","187173853","187174166","chr4","86739574","86739882","48","100434279"
"chr1","187197028","187197149","chr17","483217","483338","24","186713811"
"chr1","187197150","187197287","chr9","83986046","83986179","18","103211104"
"chr1","187197592","187197749","chrX","69931574","69931735","27","117266018"
"chr1","187197750","187197923","chr12","37388525","37388697","21","149809225"
"chr1","187212048","187212345","chrX","43689132","43689430","40","143522916"
"chr1","187219960","187220090","chr6","33902335","33902470","16","153317625"
"chr1","187233805","187233988","chr1","203553629","203553809","35","16319824"
"chr1","187234280","187234442","chr22","8002628","8002780","29","179231652"
"chr1","187237264","187237539","chr7","137977860","137978152","61","49259404"
"chr1","187239256","187239379","chr15","73119233","73119360","18","114120023"
"chr1","187240604","187240773","chr15","52433622","52433795","40","134806982"
"chr1","187243257","187243548","chr17","7395135","7395425","39","179848122"
"chr1","187268608","187268894","chr5","128885493","128885783","48","58383115"
"chr1","187278972","187279167","chr21","27192938","27193134","31","160086034"
"chr1","187279454","187279588","chr3","48404443","48404577","15","138875011"
"chr1","187282811","187282984","chr14","57867999","57868177","24","129414812"
"chr1","187283250","187283382","chr16","379923","380058","13","186903327"
"chr1","187286915","187287235","chr1","221807842","221808153","53","34520927"
"chr1","187289505","187289802","chr1","134187131","134187427","44","53102374"
"chr1","187292761","187293065","chr1","31136599","31136900","39","156156162"
"chr1","187303042","187303222","chr22","14270200","14270381","27","173032842"
"chr1","187305905","187306035","chr8","74909849","74909977","17","112396056"
"chr1","187310184","187310351","chr7","2340874","2341033","23","184969310"
"chr1","187310656","187310964","chrX","23945702","23946005","40","163364954"
"chr1","187314975","187315135","chr14","34921385","34921550","25","152393590"
"chr1","187315439","187315583","chr4","155463310","155463450","21","31852129"
"chr1","187319495","187319621","chr4","133797054","133797182","12","53522441"
"chr1","187329346","187329517","chr4","72218364","72218523","22","115110982"
"chr1","187329828","187329953","chr12","121987168","121987296","16","65342660"
"chr1","187335209","187335306","chr19","2211777","2211872","21","185123432"
"chr1","187335610","187335756","chr11","61753429","61753569","26","125582181"
"chr1","187335807","187335841","chr22","7644115","7644147","4","179691692"
"chr1","187336483","187336672","chr6","7928343","7928531","30","179408140"
"chr1","187346710","187346804","chr3","149918887","149918980","14","37427823"
"chr1","187347301","187347402","chr5","40753649","40753751","23","146593652"
"chr1","187351609","187351893","chr1","46023983","46024273","43","141327626"
"chr1","187380572","187380868","chr12","36573900","36574199","49","150806672"
"chr1","187415065","187415349","chr22","7570663","7570952","39","179844402"
"chr1","187430903","187431207","chr5","23891382","23891691","39","163539521"
"chr1","187441865","187442125","chr8","44209824","44210083","44","143232041"
"chr1","187500310","187500592","chr9","111762498","111762778","50","75737812"
"chr1","187517652","187517922","chr15","18301772","18302039","41","169215880"
"chr1","187521835","187522129","chr9","111015080","111015377","49","76506755"
"chr1","187529749","187529940","chr1","23512543","23512730","26","164017206"
"chr1","187530288","187530356","chr1","63345344","63345409","22","124184944"
"chr1","187554145","187554279","chr1","216046125","216046259","16","28491980"
"chr1","187554280","187554590","chr1","26655119","26655426","47","160899161"
"chr1","187554591","187554761","chr3","198811481","198811657","36","11256890"
"chr1","187567037","187567141","chr1","149639879","149639983","20","37927158"
"chr1","187598580","187598865","chr22","7380330","7380628","51","180218250"
"chr1","187604000","187604170","chr19","19156091","19156261","27","168447909"
"chr1","187626160","187626433","chr22","7380330","7380628","66","180245830"
"chr1","187644512","187644746","chr5","87419011","87419244","33","100225501"
"chr1","187644980","187645101","chr6","17815620","17815731","35","169829360"
"chr1","187720549","187720776","chr2B","118951056","118951270","44","68769493"
"chr1","187738419","187738645","chr6","25518890","25519122","40","162219529"
"chr1","187742875","187743158","chr7","83290117","83290410","46","104452758"
"chr1","187744648","187744777","chr4","120183980","120184110","16","67560668"
"chr1","187813216","187813353","chr7","41947648","41947789","20","145865568"
"chr1","187817095","187817307","chr15","58753883","58754098","41","129063212"
"chr1","187818232","187818524","chr4","114203857","114204146","46","73614375"
"chr1","187832194","187832502","chr1","117548868","117549167","59","70283326"
"chr1","187842702","187843039","chr3","123128309","123128634","54","64714393"
"chr1","187855651","187855936","chr2B","10423684","10423974","47","177431967"
"chr1","187859166","187859471","chr2A","37977729","37978025","42","149881437"
"chr1","187874798","187874914","chr18","76112123","76112237","14","111762675"
"chr1","187881041","187881337","chr12","29819043","29819337","46","158061998"
"chr1","187925721","187925850","chr3","115180873","115181000","17","72744848"
"chr1","187936216","187936442","chr8","80996890","80997107","41","106939326"
"chr1","187946301","187946608","chr7","27510300","27510604","40","160436001"
"chr1","187952335","187952636","chr7","139963807","139964112","51","47988528"
"chr1","187954820","187955119","chr16","16697144","16697452","52","171257676"
"chr1","187959778","187959997","chr5","51242761","51242977","36","136717017"
"chr1","187969336","187969632","chr5","1527709","1527998","47","186441627"
"chr1","187971352","187971653","chr9","53769532","53769832","39","134201820"
"chr1","187972763","187973069","chr10","3763645","3763949","47","184209118"
"chr1","187980072","187980159","chr1","115533472","115533562","8","72446600"
"chr1","187980971","187981127","chr1","135795439","135795597","23","52185532"
"chr1","187981423","187981557","chr11","369484","369619","16","187611939"
"chr1","187987800","187987950","chrX","41790006","41790156","24","146197794"
"chr1","187988226","187988392","chr10","93433464","93433624","36","94554762"
"chr1","188003966","188004165","chr16","18215325","18215521","32","169788641"
"chr1","188017956","188018097","chr4","7086988","7087129","15","180930968"
"chr1","188023723","188024037","chr3","52354728","52355033","44","135668995"
"chr1","188034054","188034178","chr5","52421964","52422088","15","135612090"
"chr1","188039365","188039665","chr3","172886097","172886397","47","15153268"
"chr1","188041813","188041942","chr16","65477857","65477989","20","122563956"
"chr1","188044246","188044510","chr10","11136080","11136354","46","176908166"
"chr1","188044532","188044697","chr8","27707682","27707845","28","160336850"
"chr1","188044741","188044868","chr5","61540380","61540504","23","126504361"
"chr1","188077959","188078081","chr5","15862585","15862710","18","172215374"
"chr1","188078339","188078497","chr2A","82562574","82562731","26","105515765"
"chr1","188079767","188080069","chr20","35550161","35550463","50","152529606"
"chr1","188086270","188086576","chr19","23386017","23386325","53","164700253"
"chr1","188106298","188106590","chr3","183837195","183837499","55","4269103"
"chr1","188116058","188116176","chr9","114519866","114519979","23","73596192"
"chr1","188126820","188127078","chr5","5396879","5397137","42","182729941"
"chr1","188134197","188134507","chr5","90749179","90749487","40","97385018"
"chr1","188178021","188178184","chr14","55003593","55003760","25","133174428"
"chr1","188178493","188178626","chr7","70442351","70442486","20","117736142"
"chr1","188233830","188234141","chr3","52651662","52651956","52","135582168"
"chr1","188251900","188252188","chr22","8665682","8665970","36","179586218"
"chr1","188304633","188304928","chr3","190276346","190276640","39","1971713"
"chr1","188307331","188307653","chr12","132232140","132232464","49","56075191"
"chr1","188369901","188370203","chr16","48542111","48542408","50","139827790"
"chr1","188390288","188390540","chr2B","71436190","71436444","39","116954098"
"chr1","188445376","188445660","chr6","154177227","154177516","38","34268149"
"chr1","188468892","188469142","chr10","39499447","39499692","42","148969445"
"chr1","188572858","188573160","chr12","79252848","79253148","46","109320010"
"chr1","188574758","188575032","chr3","48166508","48166786","41","140408250"
"chr1","188599579","188599859","chr1","44545584","44545876","44","144053995"
"chr1","188647759","188648004","chr1","88025121","88025371","39","100622638"
"chr1","188680868","188681165","chr12","47174721","47175013","38","141506147"
"chr1","188684178","188684474","chr19","35082212","35082514","38","153601966"
"chr1","188688761","188688848","chr9","70059064","70059157","17","118629697"
"chr1","188705503","188705801","chr2A","63607314","63607611","36","125098189"
"chr1","188714139","188714429","chr7","115990968","115991267","52","72723171"
"chr1","188731338","188731608","chr5","106036908","106037179","49","82694430"
"chr1","188731653","188731675","chr1","138328064","138328086","3","50403589"
"chr1","188734943","188735236","chr4","16487048","16487347","41","172247895"
"chr1","188743309","188743585","chr7","68258839","68259112","48","120484470"
"chr1","188757210","188757500","chr10","93294718","93295008","38","95462492"
"chr1","188805096","188805378","chr4","201156297","201156580","30","12351201"
"chr1","188805900","188806191","chr17","13158367","13158663","35","175647533"
"chr1","188841559","188841657","chr10","16416900","16417000","15","172424659"
"chr1","188848624","188848885","chr9","109733660","109733937","52","79114964"
"chr1","188980713","188980876","chr1","218942644","218942786","56","29961931"
"chr1","188981172","188981269","chr5","134361106","134361201","13","54620066"
"chr1","189065567","189065876","chr22","21537259","21537564","42","167528308"
"chr1","189089647","189089936","chr1","135822681","135822976","53","53266966"
"chr1","189098859","189099142","chr7","76999096","76999379","46","112099763"
"chr1","189116761","189117048","chr5","51523206","51523498","47","137593555"
"chr1","189210917","189211145","chr1","184990547","184990775","32","4220370"
"chr1","189232038","189232323","chr13","80927453","80927755","49","108304585"
"chr1","189232816","189233066","chr14","54805719","54805978","38","134427097"
"chr1","189235986","189236116","chr15","73119233","73119360","16","116116753"
"chr1","189243820","189243972","chr10","88796031","88796186","41","100447789"
"chr1","189260590","189260873","chr3","171602660","171602942","37","17657930"
"chr1","189265507","189265813","chr2B","16744131","16744428","39","172521376"
"chr1","189276952","189277128","chr1","57273605","57273784","33","132003347"
"chr1","189283013","189283032","chr1","19439810","19439831","5","169843203"
"chr1","189283341","189283533","chr5","39301046","39301224","51","149982295"
"chr1","189293168","189293461","chr17","23067061","23067356","37","166226107"
"chr1","189321388","189321663","chr19","6877009","6877280","39","182444379"
"chr1","189321981","189322290","chr6","65410504","65410807","38","123911477"
"chr1","189329910","189330219","chr4","200466302","200466613","44","11136392"
"chr1","189353898","189354222","chr1","207941442","207941741","68","18587544"
"chr1","189374891","189375191","chr6","98389445","98389744","35","90985446"
"chr1","189406942","189407229","chr6","160422694","160422986","40","28984248"
"chr1","189418057","189418217","chr1","130521500","130521664","28","58896557"
"chr1","189418528","189418649","chr16","16699980","16700100","22","172718548"
"chr1","189420174","189420430","chr12","68491770","68492027","44","120928404"
"chr1","189422491","189422741","chrX","118839599","118839848","37","70582892"
"chr1","189429537","189429645","chr7","142679973","142680079","14","46749564"
"chr1","189448918","189449229","chr9","94612474","94612785","42","94836444"
"chr1","189454677","189454798","chr4","17082061","17082187","19","172372616"
"chr1","189454844","189455008","chr1","185132840","185133000","32","4322004"
"chr1","189459842","189460117","chr1","26616264","26616549","46","162843578"
"chr1","189466218","189466518","chr15","46012653","46012953","38","143453565"
"chr1","189483750","189483803","chrX","330774","330829","7","189152976"
"chr1","189486194","189486467","chr10","108945592","108945872","52","80540602"
"chr1","189494830","189495143","chr16","21462566","21462866","49","168032264"
"chr1","189495155","189495436","chr16","61860017","61860308","49","127635138"
"chr1","189498870","189499170","chr5","74133130","74133427","48","115365740"
"chr1","189501472","189501783","chr7","130622734","130623042","52","58878738"
"chr1","189503029","189503130","chr1","21123280","21123379","18","168379749"
"chr1","189514257","189514391","chr1","37708220","37708355","16","151806037"
"chr1","189514694","189514863","chr20","25765299","25765464","37","163749395"
"chr1","189519017","189519132","chr8","22643083","22643197","32","166875934"
"chr1","189519421","189519582","chr9","112083259","112083413","27","77436162"
"chr1","189545578","189545889","chr6","65410504","65410807","43","124135074"
"chr1","189577750","189578058","chr22","10176862","10177165","42","179400888"
"chr1","189583676","189583967","chr11","71331084","71331376","45","118252592"
"chr1","189598548","189598709","chrX","45129816","45129977","28","144468732"
"chr1","189600335","189600453","chr14","68772219","68772335","17","120828116"
"chr1","189630094","189630220","chr4","98309554","98309680","16","91320540"
"chr1","189650495","189650808","chr7","129375089","129375397","46","60275406"
"chr1","189679358","189679647","chr20","48083110","48083402","42","141596248"
"chr1","189683205","189683499","chr17","81663106","81663401","38","108020099"
"chr1","189720003","189720099","chr5","43094482","43094578","10","146625521"
"chr1","189754903","189755185","chr1","15125951","15126230","40","174628952"
"chr1","189774718","189774852","chr8","146552511","146552647","16","43222207"
"chr1","189775870","189776046","chr19","17620602","17620772","36","172155268"
"chr1","189812613","189812910","chr1","31136599","31136900","50","158676014"
"chr1","189835330","189835674","chrX","70160162","70160484","77","119675168"
"chr1","189836575","189836703","chr19","23060822","23060951","17","166775753"
"chr1","189836730","189836849","chr1","63588767","63588886","19","126247963"
"chr1","189862476","189862778","chr11","58607","58899","43","189803869"
"chr1","189874929","189875232","chr14","64822817","64823116","44","125052112"
"chr1","189882139","189882221","chr5","22749054","22749136","8","167133085"
"chr1","189979742","189980033","chrX","101865705","101866001","47","88114037"
"chr1","190025467","190025787","chr4","13846765","13847082","52","176178702"
"chr1","190035074","190035085","chr3","198725842","198725854","1","8690768"
"chr1","190035109","190035234","chr19","39435516","39435641","20","150599593"
"chr1","190168272","190168344","chr18","20213321","20213395","12","169954951"
"chr1","190198422","190198557","chr20","31547819","31547950","25","158650603"
"chr1","190216859","190217145","chr5","18074268","18074553","46","172142591"
"chr1","190250046","190250078","chr1","66042357","66042386","8","124207689"
"chr1","190250240","190250511","chr1","93068841","93069114","44","97181399"
"chr1","190259124","190259246","chr1","25588253","25588379","24","164670871"
"chr1","190299589","190299870","chr3","36205151","36205432","50","154094438"
"chr1","190300372","190300555","chr8","16270779","16270957","28","174029593"
"chr1","190307728","190308022","chrX","4516849","4517146","37","185790879"
"chr1","190405881","190406176","chr4","24255507","24255804","39","166150374"
"chr1","190429175","190429478","chr2B","48622920","48623225","48","141806255"
"chr1","190445210","190445502","chr22","16134892","16135187","43","174310318"
"chr1","190445503","190445623","chr11","107715222","107715344","26","82730281"
"chr1","190510789","190511084","chr1","184976059","184976351","40","5534730"
"chr1","190584000","190584300","chr3","77389863","77390159","35","113194137"
"chr1","190606890","190607191","chr5","3631979","3632283","42","186974911"
"chr1","190608166","190608339","chr14","48165633","48165807","19","142442533"
"chr1","190619175","190619307","chr11","124641168","124641299","17","65978007"
"chr1","190659229","190659534","chr15","53196353","53196655","46","137462876"
"chr1","190692331","190692631","chr9","52135731","52136029","35","138556600"
"chr1","190703197","190703486","chr9","99306727","99307020","35","91396470"
"chr1","190732879","190733192","chr9","109205687","109206002","44","81527192"
"chr1","190809367","190809671","chr22","11416921","11417227","33","179392446"
"chr1","190814119","190814416","chr4","137202145","137202441","36","53611974"
"chr1","190831758","190832055","chr7","4648208","4648496","38","186183550"
"chr1","190832357","190832647","chr1","94294773","94295063","42","96537584"
"chr1","190852766","190852989","chr15","68667435","68667661","36","122185331"
"chr1","190865470","190865761","chr3","70080420","70080713","40","120785050"
"chr1","190868564","190868675","chr5","24206916","24207032","19","166661648"
"chr1","190874130","190874420","chr12","29532667","29532956","39","161341463"
"chr1","190886584","190886721","chr14","57951995","57952135","17","132934589"
"chr1","190887025","190887192","chr16","31552584","31552750","20","159334441"
"chr1","190980900","190981207","chr10","37186756","37187064","45","153794144"
"chr1","190988231","190988502","chr8","142232398","142232683","53","48755833"
"chr1","190997484","190997742","chr6","92126689","92126942","45","98870795"
"chr1","191025000","191025299","chr10","45703120","45703417","36","145321880"
"chr1","191030549","191030840","chr6","91486612","91486909","39","99543937"
"chr1","191098236","191098504","chr1","38435143","38435413","51","152663093"
"chr1","191193480","191193771","chr22","11807165","11807462","44","179386315"
"chr1","191212237","191212521","chr12","98409406","98409700","43","92802831"
"chr1","191237221","191237343","chr4","134938388","134938511","20","56298833"
"chr1","191304068","191304159","chr14","57326249","57326342","21","133977819"
"chr1","191311652","191311912","chr10","100354316","100354578","40","90957336"
"chr1","191312798","191312908","chr22","6664850","6664961","29","184647948"
"chr1","191322252","191322553","chr12","112321988","112322290","39","79000264"
"chr1","191377125","191377421","chrX","113073064","113073360","41","78304061"
"chr1","191429380","191429683","chr5","157691952","157692250","40","33737428"
"chr1","191454645","191454952","chr8","141066904","141067212","38","50387741"
"chr1","191485662","191485926","chr6","77982799","77983061","39","113502863"
"chr1","191505082","191505387","chr20","26047715","26048000","77","165457367"
"chr1","191526009","191526263","chr10","100354316","100354578","34","91171693"
"chr1","191537022","191537139","chr1","93746517","93746636","16","97790505"
"chr1","191540937","191541208","chr10","61588269","61588536","43","129952668"
"chr1","191544128","191544248","chr6","16800077","16800197","18","174744051"
"chr1","191550824","191551015","chr2A","96313981","96314173","31","95236843"
"chr1","191551331","191551467","chr1","32409929","32410064","14","159141402"
"chr1","191586845","191587133","chr17","28460589","28460878","38","163126256"
"chr1","191587418","191587692","chr3","34261429","34261702","40","157325989"
"chr1","191588471","191588633","chr15","71479244","71479409","19","120109227"
"chr1","191588634","191588936","chr1","43874114","43874415","46","147714520"
"chr1","191588937","191589013","chr5","41433788","41433863","14","150155149"
"chr1","191603028","191603250","chr9","63500002","63500237","53","128103026"
"chr1","191608108","191608326","chr15","52508524","52508743","31","139099584"
"chr1","191610906","191611027","chrX","77433385","77433506","12","114177521"
"chr1","191611306","191611470","chr12","35791161","35791325","26","155820145"
"chr1","191615531","191615758","chr16","27149384","27149610","48","164466147"
"chr1","191625091","191625220","chr6","3772825","3772950","15","187852266"
"chr1","191625515","191625671","chr12","70976860","70977021","30","120648655"
"chr1","191629262","191629558","chr19","7923793","7924089","39","183705469"
"chr1","191634846","191635013","chr4","2469407","2469572","30","189165439"
"chr1","191636032","191636314","chr3","15071438","15071730","37","176564594"
"chr1","191641241","191641539","chr14","18446805","18447109","73","173194436"
"chr1","191643400","191643689","chr3","199443194","199443483","35","7799794"
"chr1","191646020","191646136","chr15","38028328","38028443","14","153617692"
"chr1","191660709","191661003","chr2A","104593286","104593577","36","87067423"
"chr1","191664875","191665171","chr3","80568027","80568323","44","111096848"
"chr1","191665481","191665604","chr16","29998196","29998320","15","161667285"
"chr1","191668868","191669025","chr17","16876913","16877073","20","174791955"
"chr1","191669525","191669670","chr6","15346225","15346365","24","176323300"
"chr1","191669961","191670093","chr9","121318844","121318980","26","70351117"
"chr1","191672437","191672560","chr7","148661024","148661145","15","43011413"
"chr1","191673492","191673792","chr15","63405417","63405720","46","128268075"
"chr1","191681846","191682030","chr2A","28016934","28017115","34","163664912"
"chr1","191683276","191683402","chr2B","13381090","13381223","16","178302186"
"chr1","191697535","191697729","chr22","5155969","5156162","36","186541566"
"chr1","191703896","191704015","chr11","3639856","3639975","13","188064040"
"chr1","191709387","191709651","chr4","124359555","124359819","40","67349832"
"chr1","191720970","191721219","chr7","137937897","137938147","38","53783073"
"chr1","191729654","191729736","chr7","65088911","65088992","10","126640743"
"chr1","191730657","191730956","chr7","79021407","79021709","42","112709250"
"chr1","191740222","191740355","chr1","213473838","213473970","16","21733616"
"chr1","191767066","191767275","chr3","130621193","130621399","32","61145873"
"chr1","191767965","191768079","chr6","91723632","91723748","15","100044333"
"chr1","191768978","191769094","chr14","33384334","33384449","23","158384644"
"chr1","191780145","191780281","chrX","117244399","117244536","18","74535746"
"chr1","191780566","191780745","chr5","49288367","49288541","32","142492199"
"chr1","191785091","191785372","chr11","130728676","130728969","44","61056415"
"chr1","191799353","191799646","chr6","45713778","45714072","29","146085575"
"chr1","191817640","191817924","chrX","132971523","132971812","48","58846117"
"chr1","191841713","191841924","chr19","15155192","15155398","35","176686521"
"chr1","191868683","191868938","chr12","21851879","21852124","36","170016804"
"chr1","191929022","191929329","chr1","21018345","21018652","43","170910677"
"chr1","191939349","191939664","chr1","29006928","29007222","64","162932421"
"chr1","191946433","191946585","chr4","191859159","191859310","19","87274"
"chr1","191946876","191947031","chr5","138512365","138512523","25","53434511"
"chr1","191954861","191955150","chr1","94804891","94805182","46","97149970"
"chr1","191960453","191960741","chr22","12576770","12577063","41","179383683"
"chr1","191974238","191974372","chr5","38723485","38723617","17","153250753"
"chr1","191990847","191991071","chr3","33305925","33306147","35","158684922"
"chr1","192041291","192041453","chr4","158776911","158777072","29","33264380"
"chr1","192047668","192047953","chr5","58789047","58789337","41","133258621"
"chr1","192064155","192064466","chr5","154717845","154718156","31","37346310"
"chr1","192076077","192076372","chr9","114191687","114191982","39","77884390"
"chr1","192076738","192077039","chr17","8289616","8289919","50","183787122"
"chr1","192077041","192077185","chr11","9569912","9570063","30","182507129"
"chr1","192085601","192085752","chr17","541671","541816","24","191543930"
"chr1","192086033","192086201","chr5","25351603","25351772","30","166734430"
"chr1","192086913","192087224","chr1","216899282","216899593","38","24812369"
"chr1","192088470","192088602","chr1","71393655","71393787","14","120694815"
"chr1","192094930","192095235","chr17","80428286","80428594","40","111666644"
"chr1","192098913","192099221","chr6","43552064","43552362","45","148546849"
"chr1","192117413","192117716","chr3","103786221","103786526","42","88331192"
"chr1","192131953","192132264","chr11","120932649","120932956","40","71199304"
"chr1","192134072","192134344","chr14","57463747","57464021","40","134670325"
"chr1","192140420","192140589","chr3","41807740","41807897","43","150332680"
"chr1","192141202","192141364","chr5","40963719","40963892","32","151177483"
"chr1","192146774","192147003","chr9","111122345","111122578","51","81024429"
"chr1","192171281","192171413","chrX","2369301","2369436","21","189801980"
"chr1","192179034","192179325","chr6","113134536","113134830","51","79044498"
"chr1","192181362","192181640","chr15","13302570","13302846","47","178878792"
"chr1","192192694","192192992","chr5","14892713","14893005","40","177299981"
"chr1","192212491","192212783","chr10","85032894","85033191","40","107179597"
"chr1","192217023","192217155","chr11","369484","369619","13","191847539"
"chr1","192217463","192217633","chr16","60365315","60365488","29","131852148"
"chr1","192217939","192218247","chr7","134938326","134938628","39","57279613"
"chr1","192221337","192221641","chr12","94780867","94781174","48","97440470"
"chr1","192253176","192253473","chr5","109752843","109753140","37","82500333"
"chr1","192272596","192272905","chr4","200837362","200837670","41","8564766"
"chr1","192299250","192299381","chr13","20774805","20774936","19","171524445"
"chr1","192305929","192306223","chr3","42102869","42103161","39","150203060"
"chr1","192306621","192306752","chr6","78227073","78227205","14","114079548"
"chr1","192308537","192308838","chr5","66262413","66262707","40","126046124"
"chr1","192312228","192312362","chr1","209742215","209742351","13","17429987"
"chr1","192312651","192312807","chr16","15498844","15499002","22","176813807"
"chr1","192314689","192314976","chr12","95040092","95040387","37","97274597"
"chr1","192315805","192315955","chr3","9778050","9778199","26","182537755"
"chr1","192315956","192316119","chr18","22835692","22835851","26","169480264"
"chr1","192316419","192316555","chr3","8501615","8501750","15","183814804"
"chr1","192316556","192316633","chr1","179979094","179979172","11","12337462"
"chr1","192325037","192325308","chr5","69760514","69760785","47","122564523"
"chr1","192356387","192356676","chr7","106016300","106016595","45","86340087"
"chr1","192356836","192356935","chr5","6638938","6639036","21","185717898"
"chr1","192357241","192357353","chr16","75767501","75767618","15","116589740"
"chr1","192367513","192367526","chr4","23004479","23004492","2","169363034"
"chr1","192367834","192368042","chr1","134486097","134486305","39","57881737"
"chr1","192371148","192371440","chr7","43510582","43510876","40","148860566"
"chr1","192372563","192372847","chr2A","67830661","67830952","47","124541902"
"chr1","192376854","192376951","chr3","161211314","161211411","13","31165540"
"chr1","192383682","192383858","chr5","7388743","7388917","25","184994939"
"chr1","192384135","192384280","chr5","152567746","152567889","19","39816389"
"chr1","192401792","192402101","chr1","95566830","95567140","41","96834962"
"chr1","192406928","192407229","chr8","9756252","9756551","38","182650676"
"chr1","192407897","192408175","chr2A","43600721","43601001","45","148807176"
"chr1","192409996","192410131","chr19","17984031","17984166","11","174425965"
"chr1","192410441","192410596","chr2A","95976940","95977105","32","96433501"
"chr1","192415223","192415485","chr21","34755672","34755930","42","157659551"
"chr1","192421151","192421280","chr7","134697843","134697970","17","57723308"
"chr1","192439479","192439657","chr5","121943789","121943966","34","70495690"
"chr1","192439985","192440127","chr5","119210493","119210629","30","73229492"
"chr1","192440616","192440911","chr8","101544594","101544890","36","90896022"
"chr1","192443760","192443995","chr3","199771804","199772040","37","7328044"
"chr1","192446547","192446831","chr12","60169571","60169853","46","132276976"
"chr1","192447153","192447458","chr2B","99945275","99945585","50","92501878"
"chr1","192452584","192452918","chr3","62099759","62100077","67","130352825"
"chr1","192456889","192457185","chr2A","82177357","82177661","36","110279532"
"chr1","192461972","192462107","chr4","121964169","121964304","9","70497803"
"chr1","192462844","192463012","chr7","5882720","5882888","40","186580124"
"chr1","192468597","192468872","chr6","53566081","53566354","37","138902516"
"chr1","192473699","192473987","chr18","54745001","54745284","47","137728698"
"chr1","192476241","192476309","chr1","180264757","180264824","11","12211484"
"chr1","192479090","192479392","chr8","119202320","119202618","51","73276770"
"chr1","192479994","192480159","chr16","79429247","79429410","23","113050747"
"chr1","192480459","192480595","chr6","33902335","33902470","12","158578124"
"chr1","192480824","192481129","chr22","26896202","26896504","39","165584622"
"chr1","192485530","192485548","chr7","77656815","77656831","3","114828715"
"chr1","192485569","192485858","chr7","133791604","133791899","62","58693965"
"chr1","192490685","192490985","chr8","9756252","9756551","42","182734433"
"chr1","192494220","192494479","chr6","42862047","42862322","53","149632173"
"chr1","192496971","192497253","chr4","140087853","140088135","41","52409118"
"chr1","192524382","192524683","chr11","76719549","76719855","41","115804833"
"chr1","192557440","192557711","chr16","70392673","70392941","35","122164767"
"chr1","192571089","192571250","chr12","109806371","109806534","28","82764718"
"chr1","192571558","192571622","chr16","31139564","31139624","11","161431994"
"chr1","192572142","192572436","chr15","30508140","30508434","33","162064002"
"chr1","192637543","192637827","chr22","13302227","13302503","40","179335316"
"chr1","192638948","192639086","chr1","27469409","27469546","18","165169539"
"chr1","192639380","192639544","chr22","13305886","13306042","25","179333494"
"chr1","192639996","192640304","chr1","210806948","210807252","47","18166952"
"chr1","192652956","192653083","chr6","11266719","11266851","23","181386237"
"chr1","192653814","192653957","chr22","19057468","19057612","27","173596346"
"chr1","192654571","192654685","chr10","11873055","11873169","26","180781516"
"chr1","192660610","192660907","chr10","100668224","100668519","33","91992386"
"chr1","192662045","192662150","chr13","36039495","36039600","12","156622550"
"chr1","192666726","192666978","chr15","7151565","7151816","41","185515161"
"chr1","192703308","192703417","chr16","43849045","43849159","18","148854263"
"chr1","192704275","192704404","chr21","23540140","23540272","16","169164135"
"chr1","192715993","192716283","chr17","3838447","3838732","50","188877546"
"chr1","192718541","192718809","chr2B","131387078","131387343","41","61331463"
"chr1","192724876","192725171","chr19","14262953","14263247","49","178461923"
"chr1","192737527","192737541","chr16","4512150","4512163","1","188225377"
"chr1","192737576","192737862","chr1","162234000","162234284","58","30503576"
"chr1","192738043","192738337","chr5","164233041","164233337","42","28505002"
"chr1","192739342","192739645","chr4","137202145","137202441","37","55537197"
"chr1","192740486","192740764","chr9","117733372","117733651","32","75007114"
"chr1","192775249","192775409","chr10","117965413","117965578","25","74809836"
"chr1","192775706","192775831","chrX","8693186","8693310","21","184082520"
"chr1","192790522","192790824","chr2A","67813928","67814230","43","124976594"
"chr1","192814004","192814292","chr10","142863864","142864155","43","49950140"
"chr1","192834137","192834411","chr8","126026839","126027127","51","66807298"
"chr1","192837993","192838300","chr3","187272510","187272819","46","5565483"
"chr1","192856879","192857167","chr5","2973594","2973889","44","189883285"
"chr1","192857871","192858144","chrX","154476530","154476808","44","38381341"
"chr1","192868211","192868387","chr1","15775291","15775465","29","177092920"
"chr1","192868640","192868773","chr1","191255195","191255330","14","1613445"
"chr1","192875758","192876058","chr3","42788373","42788672","41","150087385"
"chr1","192891613","192891891","chr17","7751867","7752151","47","185139746"
"chr1","192894681","192894963","chr10","88588073","88588357","51","104306608"
"chr1","192896014","192896185","chr1","204693641","204693816","39","11797627"
"chr1","192909450","192909614","chr11","73220487","73220650","20","119688963"
"chr1","192911959","192912231","chr3","34261429","34261702","38","158650530"
"chr1","192912757","192913031","chr7","156735101","156735375","39","36177656"
"chr1","192916340","192916646","chr2B","115960013","115960319","39","76956327"
"chr1","192919962","192920238","chr12","65399696","65399974","46","127520266"
"chr1","192931087","192931326","chr11","67319292","67319535","35","125611795"
"chr1","192953869","192954023","chr13","26948202","26948356","22","166005667"
"chr1","192954063","192954179","chr22","13625062","13625180","18","179329001"
"chr1","192957127","192957420","chr1","4016045","4016337","37","188941082"
"chr1","192986118","192986407","chr9","13807793","13808081","44","179178325"
"chr1","193070557","193070853","chr1","76677706","76677999","39","116392851"
"chr1","193073937","193074236","chr17","15988067","15988363","39","177085870"
"chr1","193076847","193077145","chr13","9716804","9717101","35","183360043"
"chr1","193135898","193136203","chr1","226271580","226271880","39","33135682"
"chr1","193180135","193180341","chr1","54936031","54936243","32","138244104"
"chr1","193199809","193200097","chrX","674850","675143","45","192524959"
"chr1","193200555","193200779","chr5","138445056","138445284","37","54755499"
"chr1","193220269","193220538","chr16","30988243","30988520","41","162232026"
"chr1","193234404","193234523","chr19","5450830","5450953","19","187783574"
"chr1","193237866","193238049","chr8","41655476","41655664","29","151582390"
"chr1","193260513","193260822","chr5","38377066","38377372","39","154883447"
"chr1","193322661","193322916","chr4","189523834","189524089","35","3798827"
"chr1","193325379","193325661","chr12","78780875","78781158","45","114544504"
"chr1","193334491","193334794","chr6","13811703","13812015","48","179522788"
"chr1","193357385","193357559","chr20","5539779","5539948","39","187817606"
"chr1","193357859","193357875","chr4","5175864","5175878","6","188181995"
"chr1","193358167","193358334","chr14","60537374","60537538","26","132820793"
"chr1","193366890","193367066","chr17","387367","387541","27","192979523"
"chr1","193367600","193367899","chr12","130149007","130149305","47","63218593"
"chr1","193380710","193381010","chr9","67930664","67930970","35","125450046"
"chr1","193383500","193383794","chr3","58218665","58218964","40","135164835"
"chr1","193390563","193390717","chr16","31641273","31641422","18","161749290"
"chr1","193418922","193419214","chr9","92362610","92362902","36","101056312"
"chr1","193428414","193428707","chr21","23583470","23583765","33","169844944"
"chr1","193436290","193436592","chr19","20156875","20157179","42","173279415"
"chr1","193439671","193439959","chr19","41743381","41743671","36","151696290"
"chr1","193448182","193448304","chr5","157092713","157092839","14","36355469"
"chr1","193450174","193450431","chr16","18222977","18223238","36","175227197"
"chr1","193457350","193457631","chr5","7073400","7073693","48","186383950"
"chr1","193469480","193469645","chr7","2416248","2416416","28","191053232"
"chr1","193474713","193474893","chr16","30525374","30525548","52","162949339"
"chr1","193475169","193475325","chrX","41479831","41479981","26","151995338"
"chr1","193480365","193480674","chr9","14780600","14780911","41","178699765"
"chr1","193488814","193488942","chr19","39836501","39836633","15","153652313"
"chr1","193502955","193503236","chr3","54466312","54466598","53","139036643"
"chr1","193505790","193505925","chr12","34942769","34942901","29","158563021"
"chr1","193509508","193509806","chr4","4376398","4376694","37","189133110"
"chr1","193509808","193509934","chr14","12485207","12485337","15","181024601"
"chr1","193510551","193510714","chr5","7982773","7982937","29","185527778"
"chr1","193512954","193513157","chr1","32927132","32927338","35","160585822"
"chr1","193513379","193513696","chr5","152289740","152290053","53","41223639"
"chr1","193529682","193529904","chr10","93467825","93468037","52","100061857"
"chr1","193547153","193547279","chr20","30982715","30982844","18","162564438"
"chr1","193552982","193553274","chr7","31085216","31085505","43","162467766"
"chr1","193558189","193558329","chr4","100206166","100206304","21","93352023"
"chr1","193558625","193558782","chr1","202667269","202667423","27","9108644"
"chr1","193563142","193563325","chr3","10318016","10318192","35","183245126"
"chr1","193564409","193564517","chr1","109438458","109438557","27","84125951"
"chr1","193566875","193567004","chr5","7570536","7570671","14","185996339"
"chr1","193567249","193567375","chr13","2210054","2210182","18","191357195"
"chr1","193569311","193569551","chr18","8196048","8196295","38","185373263"
"chr1","193573204","193573339","chr9","83986046","83986179","20","109587158"
"chr1","193585107","193585381","chr22","23180460","23180724","54","170404647"
"chr1","193591611","193591802","chr4","41775880","41776069","41","151815731"
"chr1","193593366","193593494","chr3","115180873","115181000","14","78412493"
"chr1","193595622","193595919","chr2A","79961703","79962004","45","113633919"
"chr1","193613060","193613368","chr10","112297321","112297630","40","81315739"
"chr1","193641220","193641518","chr22","14352565","14352827","55","179288655"
"chr1","193646153","193646447","chr8","101544594","101544890","40","92101559"
"chr1","193664435","193664720","chr8","57619575","57619866","51","136044860"
"chr1","193695603","193695901","chr19","13115155","13115450","34","180580448"
"chr1","193701721","193701902","chr1","38128287","38128467","29","155573434"
"chr1","193727720","193727979","chr9","17031317","17031592","53","176696403"
"chr1","193733563","193733851","chrX","47906942","47907236","43","145826621"
"chr1","193734087","193734229","chrX","120314115","120314253","21","73419972"
"chr1","193737814","193737956","chr8","8309098","8309237","20","185428716"
"chr1","193751678","193751994","chr20","44992820","44993127","50","148758858"
"chr1","193751995","193752301","chr17","51189507","51189813","42","142562488"
"chr1","193783664","193783776","chr1","116960879","116960991","14","76822785"
"chr1","193786747","193787047","chr22","34467371","34467669","46","159319376"
"chr1","193809527","193809812","chr9","113658931","113659214","44","80150596"
"chr1","193824351","193824643","chr2B","19308163","19308457","43","174516188"
"chr1","193834252","193834424","chr18","4219736","4219903","24","189614516"
"chr1","193837103","193837257","chr20","51560485","51560639","24","142276618"
"chr1","193837562","193837670","chr1","164359318","164359426","18","29478244"
"chr1","193840321","193840613","chr3","187803297","187803598","46","6037024"
"chr1","193846851","193846938","chr4","121792827","121792913","10","72054024"
"chr1","193846939","193847066","chr4","120183980","120184110","14","73662959"
"chr1","193847168","193847289","chr8","45523345","45523467","15","148323823"
"chr1","193848825","193848991","chr18","67512914","67513079","26","126335911"
"chr1","193853705","193853753","chr9","66361915","66361965","19","127491790"
"chr1","193854365","193854618","chrX","6968143","6968396","66","186886222"
"chr1","193859812","193860093","chr19","33520660","33520945","50","160339152"
"chr1","193864949","193865111","chrX","3682813","3682969","23","190182136"
"chr1","193869475","193869769","chr9","67930664","67930970","50","125938811"
"chr1","193874330","193874470","chr5","133401606","133401750","20","60472724"
"chr1","193874763","193874920","chr22","24589283","24589438","28","169285480"
"chr1","193874946","193875258","chr13","22551789","22552047","87","171323157"
"chr1","193881474","193881773","chrX","102090398","102090706","47","91791076"
"chr1","193904239","193904520","chr12","27351870","27352150","45","166552369"
"chr1","193934579","193934759","chr5","13677783","13677964","67","180256796"
"chr1","193935183","193935256","chr5","61113901","61113973","10","132821282"
"chr1","193944652","193944978","chr1","66101616","66101930","43","127843036"
"chr1","193953849","193954161","chr3","11082484","11082789","49","182871365"
"chr1","193969717","193970026","chrX","24860192","24860500","45","169109525"
"chr1","193987037","193987328","chr11","9404852","9405149","39","184582185"
"chr1","193989744","193990062","chr1","192200384","192200697","43","1789360"
"chr1","193993371","193993675","chr2A","10068345","10068636","52","183925026"
"chr1","194001952","194002080","chr2B","89205640","89205764","30","104796312"
"chr1","194002441","194002659","chr16","27837645","27837864","30","166164796"
"chr1","194008066","194008358","chr11","108588111","108588411","40","85419955"
"chr1","194012508","194012803","chr11","48339697","48339993","38","145672811"
"chr1","194016309","194016609","chr10","109742808","109743106","43","84273501"
"chr1","194025483","194025756","chr21","35171653","35171943","49","158853830"
"chr1","194090249","194090378","chr1","110505595","110505724","19","83584654"
"chr1","194090665","194090817","chr1","57370132","57370285","29","136720533"
"chr1","194093987","194094153","chr4","201018654","201018817","27","6924667"
"chr1","194094239","194094369","chr3","59065697","59065829","16","135028542"
"chr1","194095675","194095974","chr14","7217699","7217998","40","186877976"
"chr1","194096357","194096643","chr5","18074268","18074553","39","176022089"
"chr1","194132906","194133203","chr10","106902972","106903275","45","87229934"
"chr1","194144376","194144669","chr5","141748249","141748545","33","52396127"
"chr1","194153974","194154125","chr12","123273288","123273426","29","70880686"
"chr1","194166246","194166539","chr5","24372432","24372725","49","169793814"
"chr1","194180335","194180646","chr22","16123945","16124256","37","178056390"
"chr1","194185420","194185527","chr19","23157608","23157719","17","171027812"
"chr1","194186587","194186710","chr1","63281192","63281313","13","130905395"
"chr1","194186731","194187020","chr4","101447458","101447743","38","92739273"
"chr1","194187035","194187210","chr17","4768685","4768860","33","189418350"
"chr1","194187522","194187621","chrX","18290338","18290439","18","175897184"
"chr1","194188448","194188639","chr7","6485714","6485919","53","187702734"
"chr1","194188678","194188763","chr18","17696779","17696867","15","176491899"
"chr1","194190917","194191219","chr13","4952251","4952557","43","189238666"
"chr1","194200549","194200848","chrX","18058024","18058315","49","176142525"
"chr1","194204241","194204575","chr12","56595697","56596020","59","137608544"
"chr1","194230602","194230897","chr5","39914529","39914834","44","154316073"
"chr1","194238328","194238615","chr2B","62085072","62085366","43","132153256"
"chr1","194240474","194240624","chr1","38235558","38235708","35","156004916"
"chr1","194259634","194259922","chrX","8027667","8027947","45","186231967"
"chr1","194260362","194260654","chr7","102195779","102196080","48","92064583"
"chr1","194270469","194270783","chr3","172612692","172613001","41","21657777"
"chr1","194271441","194271727","chr12","2041003","2041289","39","192230438"
"chr1","194276633","194276795","chr12","30393770","30393933","31","163882863"
"chr1","194277942","194278078","chr6","36267934","36268076","28","158010008"
"chr1","194278393","194278482","chr1","51233542","51233629","14","143044851"
"chr1","194279740","194279832","chr9","70059064","70059157","13","124220676"
"chr1","194280823","194280959","chr5","118006764","118006899","21","76274059"
"chr1","194281270","194281444","chr12","37388525","37388697","31","156892745"
"chr1","194295386","194295687","chrX","133000111","133000409","46","61295275"
"chr1","194314909","194315036","chr15","73119233","73119360","15","121195676"
"chr1","194317908","194318046","chr8","78048246","78048380","20","116269662"
"chr1","194318330","194318491","chr7","74956247","74956408","28","119362083"
"chr1","194321961","194322084","chr5","150887505","150887628","16","43434456"
"chr1","194322125","194322314","chr16","24652754","24652938","29","169669371"
"chr1","194328936","194329102","chr19","35707867","35708040","34","158621069"
"chr1","194329404","194329537","chr5","163734016","163734148","20","30595388"
"chr1","194333617","194333870","chr7","79202884","79203126","54","115130733"
"chr1","194335680","194335770","chr16","66656726","66656819","12","127678954"
"chr1","194341757","194342049","chr8","101037433","101037730","39","93304324"
"chr1","194342230","194342535","chr12","92652799","92653098","40","101689431"
"chr1","194345280","194345554","chr5","38646206","38646480","49","155699074"
"chr1","194346861","194347150","chr19","4984735","4985026","50","189362126"
"chr1","194349089","194349382","chr5","129808332","129808626","36","64540757"
"chr1","194357062","194357367","chr9","114840897","114841196","54","79516165"
"chr1","194357944","194358224","chr7","31819470","31819747","50","162538474"
"chr1","194359556","194359864","chr1","119052937","119053247","44","75306619"
"chr1","194367131","194367426","chr1","9420819","9421108","57","184946312"
"chr1","194373333","194373631","chr11","66296711","66297014","44","128076622"
"chr1","194376158","194376451","chr7","26934288","26934569","45","167441870"
"chr1","194377711","194377878","chr16","2384920","2385089","31","191992791"
"chr1","194377900","194378020","chr1","43754138","43754262","18","150623762"
"chr1","194384161","194384303","chr19","9679075","9679223","31","184705086"
"chr1","194384336","194384457","chr2B","93204365","93204488","17","101179971"
"chr1","194390549","194390720","chr19","7251575","7251742","31","187138974"
"chr1","194393889","194394018","chr4","39902782","39902912","12","154491107"
"chr1","194419576","194419688","chrX","90790333","90790447","19","103629243"
"chr1","194419700","194419981","chr22","15155336","15155629","41","179264364"
"chr1","194421013","194421359","chr6","146252408","146252744","52","48168605"
"chr1","194422123","194422252","chr1","209383866","209384001","11","14961743"
"chr1","194429384","194429670","chr22","15165571","15165855","39","179263813"
"chr1","194429674","194429783","chr4","140531899","140532001","19","53897775"
"chr1","194431973","194432268","chr17","9489493","9489790","38","184942480"
"chr1","194435632","194435876","chr5","62182142","62182385","47","132253490"
"chr1","194457331","194457624","chr20","43704827","43705120","40","150752504"
"chr1","194457632","194457939","chrX","8135621","8135928","36","186322011"
"chr1","194465135","194465173","chr9","28672964","28673005","7","165792171"
"chr1","194465840","194465970","chr11","120280731","120280862","11","74185109"
"chr1","194466913","194467212","chr3","200778521","200778824","48","6311608"
"chr1","194485833","194486101","chr8","41377890","41378155","46","153107943"
"chr1","194496515","194496813","chr12","100043914","100044211","39","94452601"
"chr1","194498229","194498407","chr3","198811481","198811657","28","4313252"
"chr1","194498694","194498835","chr11","65399917","65400056","22","129098777"
"chr1","194505817","194505970","chr2B","16492410","16492571","30","178013407"
"chr1","194506270","194506417","chr11","63023722","63023866","20","131482548"
"chr1","194508073","194508374","chr3","182583447","182583746","46","11924626"
"chr1","194508482","194508668","chr20","32581695","32581864","42","161926787"
"chr1","194508884","194509019","chr8","48212618","48212753","17","146296266"
"chr1","194509302","194509495","chr8","32966273","32966459","34","161543029"
"chr1","194511144","194511409","chr8","144593849","144594123","41","49917295"
"chr1","194517585","194517894","chr5","34215137","34215446","37","160302448"
"chr1","194533485","194533640","chr5","118308032","118308187","32","76225453"
"chr1","194533936","194534012","chr5","41433788","41433863","14","153100148"
"chr1","194548687","194548980","chr17","9489493","9489790","35","185059194"
"chr1","194576696","194576990","chr6","4177308","4177600","32","190399388"
"chr1","194578669","194579011","chr3","181628627","181628967","51","12950042"
"chr1","194580436","194580615","chr2B","57320089","57320267","33","137260347"
"chr1","194580926","194581048","chr3","155319352","155319475","18","39261574"
"chr1","194584498","194584782","chr6","11233388","11233682","46","183351110"
"chr1","194584979","194585317","chr22","8584458","8584782","63","186000521"
"chr1","194585895","194586180","chr15","30997544","30997834","50","163588351"
"chr1","194587421","194587563","chr7","153887510","153887657","34","40699911"
"chr1","194587857","194587989","chr8","21828157","21828289","15","172759700"
"chr1","194593263","194593434","chr15","80025208","80025395","44","114568055"
"chr1","194594068","194594192","chr11","41901836","41901959","19","152692232"
"chr1","194595783","194596098","chr4","36499363","36499676","46","158096420"
"chr1","194602354","194602466","chr17","8267722","8267836","17","186334632"
"chr1","194606147","194606440","chr20","59337220","59337515","37","135268927"
"chr1","194607759","194608060","chr1","29377457","29377759","48","165230302"
"chr1","194609880","194610010","chr2A","32856945","32857075","13","161752935"
"chr1","194611319","194611388","chr3","11518852","11518930","16","183092467"
"chr1","194614799","194615109","chr15","20862023","20862327","42","173752776"
"chr1","194616509","194616669","chr22","20887745","20887907","23","173728764"
"chr1","194616969","194617096","chr4","185734049","185734184","21","8882920"
"chr1","194617746","194618049","chr12","55344157","55344462","35","139273589"
"chr1","194621214","194621346","chr8","85311804","85311938","16","109309410"
"chr1","194625455","194625611","chr16","58964041","58964200","32","135661414"
"chr1","194625612","194625906","chr3","187525002","187525293","47","7100610"
"chr1","194625907","194626116","chr2A","92581092","92581282","74","102044815"
"chr1","194646691","194646811","chr10","93726615","93726738","15","100920076"
"chr1","194647125","194647350","chr6","22531033","22531259","28","172116092"
"chr1","194661761","194662056","chr7","106016300","106016595","36","88645461"
"chr1","194663980","194664268","chr21","34225651","34225934","47","160438329"
"chr1","194672490","194672639","chr5","53397951","53398094","27","141274539"
"chr1","194674772","194675064","chr3","170592921","170593214","49","24081851"
"chr1","194675230","194675374","chr4","39155426","39155573","32","155519804"
"chr1","194688089","194688383","chrX","100636758","100637059","43","94051331"
"chr1","194691093","194691246","chr7","72046197","72046353","22","122644896"
"chr1","194697233","194697389","chr7","128090894","128091057","26","66606339"
"chr1","194708158","194708447","chr2A","64795523","64795818","41","129912635"
"chr1","194720598","194720924","chr8","68089139","68089436","69","126631459"
"chr1","194725121","194725410","chrX","4516849","4517146","44","190208272"
"chr1","194729660","194729965","chr11","76719549","76719855","48","118010111"
"chr1","194732221","194732532","chr10","146955450","146955757","41","47776771"
"chr1","194750050","194750348","chr20","4068559","4068852","42","190681491"
"chr1","194756028","194756329","chr5","34215137","34215446","31","160540891"
"chr1","194768896","194768948","chr12","19245103","19245154","11","175523793"
"chr1","194768949","194769248","chr3","37995726","37996032","45","156773223"
"chr1","194772737","194772864","chr1","10043533","10043661","12","184729204"
"chr1","194774857","194774989","chr19","32515543","32515675","23","162259314"
"chr1","194775618","194775790","chr5","121733898","121734075","33","73041720"
"chr1","194785302","194785584","chr15","51078602","51078894","64","143706700"
"chr1","194787625","194787714","chr8","95219514","95219598","22","99568111"
"chr1","194793053","194793341","chr6","45713778","45714072","39","149079275"
"chr1","194796541","194796722","chr4","2543977","2544150","47","192252564"
"chr1","194797429","194797645","chr5","61177770","61177990","48","133619659"
"chr1","194797778","194797879","chr5","109771074","109771178","21","85026704"
"chr1","194800747","194800950","chr8","68138511","68138717","41","126662236"
"chr1","194809628","194809720","chrX","128933518","128933612","15","65876110"
"chr1","194811149","194811382","chr14","64965373","64965614","39","129845776"
"chr1","194823333","194823448","chr3","50836150","50836264","10","143987183"
"chr1","194823453","194823679","chr22","15545617","15545835","35","179277836"
"chr1","194824273","194824407","chr5","135002719","135002851","19","59821554"
"chr1","194825473","194825604","chr21","34756841","34756973","18","160068632"
"chr1","194826190","194826325","chrX","16683148","16683283","12","178143042"
"chr1","194828769","194829064","chr1","20280960","20281258","39","174547809"
"chr1","194839709","194839815","chr12","41647863","41647968","18","153191846"
"chr1","194840112","194840216","chrX","18290338","18290439","11","176549774"
"chr1","194841237","194841380","chr10","29633018","29633159","23","165208219"
"chr1","194841686","194841809","chr5","126110335","126110461","18","68731351"
"chr1","194851070","194851359","chr13","81164151","81164440","46","113686919"
"chr1","194862653","194862944","chr15","29986856","29987143","37","164875797"
"chr1","194885140","194885432","chr3","40466670","40466962","39","154418470"
"chr1","194895649","194895937","chr22","15620008","15620302","47","179275641"
"chr1","194901450","194901749","chr11","127856075","127856374","36","67045375"
"chr1","194919486","194919781","chr2B","111297446","111297743","33","83622040"
"chr1","194930623","194930787","chr9","100849192","100849351","29","94081431"
"chr1","194963852","194963984","chr5","118006764","118006899","15","76957088"
"chr1","194964184","194964314","chr17","40745194","40745323","17","154218990"
"chr1","195011907","195012191","chr7","43991806","43992092","49","151020101"
"chr1","195023665","195023802","chr7","57541545","57541682","18","137482120"
"chr1","195055398","195055686","chr8","42441910","42442209","45","152613488"
"chr1","195095921","195096215","chr4","162552218","162552510","43","32543703"
"chr1","195106864","195107130","chr2A","33257766","33258030","37","161849098"
"chr1","195170967","195171229","chr16","29395849","29396122","57","165775118"
"chr1","195249848","195250111","chr3","24267418","24267684","50","170982430"
"chr1","195386232","195386356","chr6","136598409","136598534","17","58787823"
"chr1","195420076","195420349","chr22","22100277","22100541","46","173319799"
"chr1","195508444","195508685","chr1","32667499","32667739","38","162840945"
"chr1","195511908","195512049","chrX","41945535","41945676","24","153566373"
"chr1","195512411","195512577","chr10","24785758","24785916","32","170726653"
"chr1","195580314","195580589","chr12","3061473","3061752","37","192518841"
"chr1","195610027","195610358","chr4","165908284","165908611","60","29701743"
"chr1","195623083","195623283","chr5","64959907","64960109","33","130663176"
"chr1","195635464","195635769","chr2B","129089342","129089650","44","66546122"
"chr1","195645729","195645995","chrX","24438622","24438886","59","171207107"
"chr1","195671744","195672029","chr3","188474421","188474704","52","7197323"
"chr1","195698748","195699031","chr5","10635267","10635553","48","185063481"
"chr1","195738205","195738471","chr7","73284428","73284695","48","122453777"
"chr1","195763926","195764216","chr1","6861545","6861837","39","188902381"
"chr1","195770004","195770283","chr13","29635192","29635473","48","166134812"
"chr1","195828881","195829144","chr21","24444100","24444362","55","171384781"
"chr1","195831779","195831908","chr10","86925401","86925547","35","108906378"
"chr1","195838389","195838685","chr10","141832694","141832988","41","54005695"
"chr1","195857668","195857955","chr1","145866574","145866859","44","49991094"
"chr1","195876485","195876796","chr5","34215137","34215446","41","161661348"
"chr1","195887584","195887872","chr9","30178098","30178387","46","165709486"
"chr1","195919357","195919651","chr5","8099014","8099308","43","187820343"
"chr1","195934121","195934406","chr2A","44109033","44109313","43","151825088"
"chr1","195947844","195948131","chr17","41932161","41932454","55","154015683"
"chr1","195959751","195960030","chr12","8233056","8233340","44","187726695"
"chr1","195990713","195991011","chr7","139963807","139964112","46","56026906"
"chr1","195998719","195999030","chr6","110474486","110474790","52","85524233"
"chr1","196003065","196003340","chr6","28648800","28649079","45","167354265"
"chr1","196031740","196031875","chrX","154848018","154848152","16","41183722"
"chr1","196032195","196032371","chr12","37194825","37194998","29","158837370"
"chr1","196037846","196038131","chr15","30508140","30508434","44","165529706"
"chr1","196064583","196064882","chr4","73428507","73428782","67","122636076"
"chr1","196073126","196073382","chr5","21170058","21170329","50","174903068"
"chr1","196073409","196073437","chr10","40000867","40000897","6","156072542"
"chr1","196125602","196125901","chr13","82969187","82969484","44","113156415"
"chr1","196134110","196134387","chr2B","124977630","124977912","38","71156480"
"chr1","196134413","196134439","chr8","23212899","23212925","5","172921514"
"chr1","196136740","196136838","chr12","37038800","37038901","19","159097940"
"chr1","196138377","196138594","chr2B","19190992","19191204","46","176947385"
"chr1","196157031","196157242","chr9","114229095","114229303","41","81927936"
"chr1","196169920","196170158","chr1","35977905","35978144","38","160192015"
"chr1","196172252","196172570","chr15","11102244","11102568","52","185070008"
"chr1","196191174","196191250","chr5","25339946","25340025","12","170851228"
"chr1","196203288","196203461","chr14","48165633","48165807","29","148037655"
"chr1","196203733","196203856","chr1","14802147","14802270","19","181401586"
"chr1","196203896","196204065","chr18","4219736","4219903","30","191984160"
"chr1","196212209","196212508","chr16","65373198","65373490","39","130839011"
"chr1","196214818","196215031","chr12","14038754","14038965","46","182176064"
"chr1","196215342","196215433","chr2B","16077116","16077206","13","180138226"
"chr1","196216509","196216812","chrX","134266402","134266696","39","61950107"
"chr1","196267304","196267589","chr6","10816254","10816547","44","185451050"
"chr1","196278386","196278709","chr3","86537359","86537665","68","109741027"
"chr1","196280642","196280942","chr6","112148811","112149116","43","84131831"
"chr1","196286276","196286583","chrX","20200066","20200371","51","176086210"
"chr1","196306282","196306570","chr6","173215812","173216102","47","23090470"
"chr1","196378307","196378611","chr2B","1475279","1475574","42","194903028"
"chr1","196404154","196404473","chr1","16966192","16966489","61","179437962"
"chr1","196428226","196428491","chr4","124359555","124359819","37","72068671"
"chr1","196462305","196462566","chr10","100354316","100354578","31","96107989"
"chr1","196594944","196595238","chr9","116674797","116675091","38","79920147"
"chr1","196670359","196670567","chr4","34033596","34033799","40","162636763"
"chr1","196671118","196671253","chr5","2544213","2544344","17","194126905"
"chr1","196681415","196681713","chr16","60664981","60665281","43","136016434"
"chr1","196698555","196698788","chr3","49896699","49896925","48","146801856"
"chr1","196759045","196759336","chr11","3623940","3624232","42","193135105"
"chr1","196855954","196856260","chr5","118351918","118352225","48","78504036"
"chr1","196872854","196872982","chr11","109969087","109969216","15","86903767"
"chr1","196881563","196881869","chr5","32957579","32957881","41","163923984"
"chr1","196928679","196928978","chr10","109742808","109743106","47","87185871"
"chr1","196954422","196954553","chr6","3020528","3020659","19","193933894"
"chr1","196954841","196955032","chr8","144598753","144598942","34","52356088"
"chr1","196964633","196964940","chr7","152799145","152799449","47","44165488"
"chr1","197036576","197036884","chr1","26655119","26655426","48","170381457"
"chr1","197052109","197052341","chr22","17686882","17687119","32","179365227"
"chr1","197060383","197060651","chrX","141292951","141293222","44","55767432"
"chr1","197097796","197098070","chr3","179781249","179781524","39","17316547"
"chr1","197101478","197101749","chr4","124359555","124359819","41","72741923"
"chr1","197107517","197107764","chrX","9145890","9146140","32","187961627"
"chr1","197117794","197118089","chr9","106948213","106948511","45","90169581"
"chr1","197130823","197131112","chr6","13671103","13671393","35","183459720"
"chr1","197131533","197131845","chr11","3623940","3624232","60","193507593"
"chr1","197137137","197137397","chr14","11207197","11207478","54","185929940"
"chr1","197145102","197145442","chr7","34771672","34771992","70","162373430"
"chr1","197148470","197148565","chr10","41223813","41223911","11","155924657"
"chr1","197221770","197222070","chr19","35082212","35082514","55","162139558"
"chr1","197397454","197397753","chr12","52065717","52066020","40","145331737"
"chr1","197400863","197401150","chr3","159846286","159846576","37","37554577"
"chr1","197448843","197449156","chr8","102448940","102449251","45","94999903"
"chr1","197458775","197459006","chr1","53466878","53467112","43","143991897"
"chr1","197469058","197469361","chr9","89648595","89648896","70","107820463"
"chr1","197490680","197490981","chr7","134938326","134938628","46","62552354"
"chr1","197511463","197511758","chr7","106016300","106016595","43","91495163"
"chr1","197579438","197579520","chr7","129899501","129899579","14","67679937"
"chr1","197603026","197603330","chr18","33002216","33002527","40","164600810"
"chr1","197607309","197607605","chr1","65854541","65854833","40","131752768"
"chr1","197645120","197645431","chr3","37983045","37983355","39","159662075"
"chr1","197725335","197725627","chr1","183864313","183864605","44","13861022"
"chr1","197799463","197799634","chr20","19192369","19192541","23","178607094"
"chr1","197828764","197828886","chr11","61125377","61125504","19","136703387"
"chr1","197829527","197829696","chr2B","95643027","95643194","27","102186500"
"chr1","197831275","197831358","chr4","140069737","140069812","24","57761538"
"chr1","197833799","197833906","chr8","101951608","101951715","15","95882191"
"chr1","197833927","197834081","chr5","161525424","161525577","23","36308503"
"chr1","197841748","197842043","chr8","9756252","9756551","37","188085496"
"chr1","197853124","197853384","chr4","81507822","81508086","62","116345302"
"chr1","197860432","197860563","chr10","106853690","106853821","13","91006742"
"chr1","197866464","197866758","chr1","76677706","76677999","33","121188758"
"chr1","197880086","197880378","chrX","13403350","13403638","36","184476736"
"chr1","197885955","197886086","chr6","78227073","78227205","10","119658882"
"chr1","197894913","197895196","chr1","81895425","81895711","48","115999488"
"chr1","197918845","197918987","chr5","14066891","14067037","32","183851954"
"chr1","197921305","197921322","chr3","37790873","37790887","5","160130432"
"chr1","197921323","197921550","chr22","19072018","19072250","35","178849305"
"chr1","197921551","197921698","chr16","60078119","60078267","31","137843432"
"chr1","197930271","197930576","chr14","77135232","77135534","39","120795039"
"chr1","197937646","197937970","chr10","46344504","46344822","48","151593142"
"chr1","197943934","197944017","chr1","821178","821261","18","197122756"
"chr1","197949339","197949633","chr19","3208420","3208712","40","194740919"
"chr1","197968203","197968377","chr12","37388525","37388697","30","160579678"
"chr1","197968685","197968819","chr6","42712240","42712374","13","155256445"
"chr1","197988280","197988579","chr8","101544594","101544890","37","96443686"
"chr1","198010848","198010985","chr9","105121338","105121473","14","92889510"
"chr1","198011297","198011473","chr10","116692026","116692201","21","81319271"
"chr1","198034185","198034480","chr5","25420237","25420531","38","172613948"
"chr1","198077542","198077845","chr10","106902972","106903275","38","91174570"
"chr1","198081661","198081730","chr19","37213600","37213670","7","160868061"
"chr1","198095000","198095097","chr15","42857048","42857148","15","155237952"
"chr1","198102111","198102269","chrX","54752581","54752731","23","143349530"
"chr1","198109352","198109656","chr19","37573063","37573367","43","160536289"
"chr1","198111174","198111462","chr5","141748249","141748545","52","56362925"
"chr1","198113271","198113546","chr9","42333520","42333798","44","155779751"
"chr1","198117054","198117361","chr5","37548275","37548584","49","160568779"
"chr1","198143753","198143894","chr9","73304345","73304486","36","124839408"
"chr1","198157526","198157835","chr1","205863329","205863635","35","7705803"
"chr1","198235562","198235867","chr2B","100764181","100764484","36","97471381"
"chr1","198244089","198244389","chr3","199631597","199631896","42","1387508"
"chr1","198249585","198249874","chr15","1738999","1739290","34","196510586"
"chr1","198262927","198263221","chr17","18423653","18423955","42","179839274"
"chr1","198286633","198286932","chr22","19448753","19449058","46","178837880"
"chr1","198293336","198293511","chrX","133077574","133077746","26","65215762"
"chr1","198294275","198294558","chr1","225052538","225052823","46","26758263"
"chr1","198297454","198297754","chr15","68336663","68336963","35","129960791"
"chr1","198298981","198299141","chr8","93045191","93045352","28","105253790"
"chr1","198299185","198299303","chr16","19887673","19887794","20","178411512"
"chr1","198301983","198302282","chr19","42838327","42838623","37","155463656"
"chr1","198302717","198302928","chr9","74819531","74819730","39","123483186"
"chr1","198314373","198314680","chr7","82854328","82854636","45","115460045"
"chr1","198348959","198349302","chr2A","15387402","15387735","55","182961557"
"chr1","198351019","198351154","chr19","52927688","52927821","23","145423331"
"chr1","198376599","198376823","chr20","57398752","57398970","35","140977847"
"chr1","198407343","198407630","chr14","83230171","83230460","40","115177172"
"chr1","198408372","198408545","chr2B","50431625","50431794","29","147976747"
"chr1","198465349","198465473","chr2A","37364209","37364334","11","161101140"
"chr1","198478893","198479178","chr22","19653403","19653691","42","178825490"
"chr1","198493230","198493333","chr5","4182594","4182703","18","194310636"
"chr1","198493636","198493704","chr8","145707315","145707379","16","52786321"
"chr1","198499041","198499240","chr17","41858211","41858409","24","156640830"
"chr1","198508699","198508802","chrX","1225172","1225283","15","197283527"
"chr1","198508803","198509094","chr16","64384273","64384567","37","134124530"
"chr1","198509126","198509304","chr14","57638840","57639016","26","140870286"
"chr1","198514610","198514920","chr22","19675218","19675525","30","178839392"
"chr1","198522542","198522839","chr4","28544216","28544509","40","169978326"
"chr1","198525021","198525296","chr1","217049267","217049555","47","18524246"
"chr1","198526265","198526398","chr1","157552665","157552805","23","40973600"
"chr1","198530350","198530642","chr6","4177308","4177600","42","194353042"
"chr1","198532219","198532358","chr7","148465628","148465763","19","50066591"
"chr1","198532657","198532802","chrX","47990443","47990583","19","150542214"
"chr1","198532803","198532978","chr11","18426055","18426233","32","180106748"
"chr1","198533647","198533947","chr5","64445754","64446061","53","134087893"
"chr1","198538592","198538690","chrX","772215","772315","17","197766377"
"chr1","198539096","198539187","chr2A","67898398","67898483","14","130640698"
"chr1","198539853","198540070","chr16","18915565","18915780","29","179624288"
"chr1","198541653","198541782","chr4","81900404","81900528","27","116641249"
"chr1","198544887","198545198","chr2A","104454891","104455201","39","94089996"
"chr1","198550521","198550654","chr5","118006764","118006899","14","80543757"
"chr1","198550954","198551121","chr1","24681785","24681955","17","173869169"
"chr1","198557342","198557641","chrX","137684759","137685052","47","60872583"
"chr1","198559255","198559437","chr6","44980992","44981173","23","153578263"
"chr1","198561008","198561136","chr1","213473838","213473970","15","14912830"
"chr1","198562286","198562460","chr3","16047616","16047784","29","182514670"
"chr1","198562482","198562626","chr3","155389771","155389921","31","43172711"
"chr1","198563190","198563508","chr9","86759541","86759851","42","111803649"
"chr1","198570450","198570673","chr6","22531033","22531259","29","176039417"
"chr1","198571796","198571891","chr10","84158358","84158457","16","114413438"
"chr1","198576817","198577127","chr2A","104454891","104455201","37","94121926"
"chr1","198580282","198580588","chr6","153914206","153914517","39","44666076"
"chr1","198591068","198591367","chrX","137684759","137685052","47","60906309"
"chr1","198597853","198598008","chr19","17275707","17275871","34","181322146"
"chr1","198598308","198598443","chr9","13222358","13222493","14","185375950"
"chr1","198601452","198601601","chr2B","65738483","65738643","29","132862969"
"chr1","198602165","198602471","chr8","77654380","77654689","36","120947785"
"chr1","198604142","198604303","chr10","7828245","7828410","26","190775897"
"chr1","198604642","198604691","chr10","133395110","133395159","10","65209532"
"chr1","198605317","198605608","chr2A","32884916","32885207","40","165720401"
"chr1","198614337","198614547","chr5","52728730","52728940","27","145885607"
"chr1","198625685","198625982","chr4","135125821","135126122","56","63499864"
"chr1","198643116","198643251","chrX","2633366","2633502","17","196009750"
"chr1","198643564","198643724","chr1","202667269","202667423","30","4023705"
"chr1","198663112","198663384","chr12","32480569","32480848","41","166182543"
"chr1","198670669","198670946","chr1","155314621","155314891","38","43356048"
"chr1","198699211","198699516","chr11","62726767","62727069","41","135972444"
"chr1","198701251","198701539","chr16","53211839","53212125","44","145489412"
"chr1","198712123","198712221","chr9","108409781","108409879","10","90302342"
"chr1","198712476","198712670","chr6","110411612","110411810","33","88300864"
"chr1","198720376","198720653","chr7","158206899","158207181","47","40513477"
"chr1","198728740","198728840","chr5","24785678","24785775","15","173943062"
"chr1","198729440","198729735","chr20","44992820","44993127","36","153736620"
"chr1","198737516","198737779","chr20","46016472","46016735","45","152721044"
"chr1","198741784","198742099","chr9","87307258","87307569","41","111434526"
"chr1","198743360","198743660","chr9","114191687","114191982","43","84551673"
"chr1","198747068","198747192","chr20","37608902","37609033","18","161138166"
"chr1","198747545","198747664","chr11","1562973","1563089","17","197184572"
"chr1","198747966","198748138","chr11","46664552","46664726","22","152083414"
"chr1","198748603","198748844","chr4","2730770","2731005","43","196017833"
"chr1","198750543","198750867","chr9","75413294","75413610","79","123337249"
"chr1","198765337","198765572","chrX","130116333","130116569","41","68649004"
"chr1","198765573","198765615","chr16","3033470","3033507","10","195732103"
"chr1","198772805","198773104","chr10","109742808","109743106","39","89029997"
"chr1","198773730","198773976","chr12","125048775","125049022","27","73724955"
"chr1","198775146","198775436","chr1","36354006","36354302","39","162421140"
"chr1","198784463","198784752","chr16","37415439","37415715","52","161369024"
"chr1","198787322","198787622","chr11","118566750","118567050","30","80220572"
"chr1","198799454","198799614","chr1","147194209","147194362","29","51605245"
"chr1","198799700","198799838","chr6","35666854","35666989","23","163132846"
"chr1","198804128","198804269","chr2B","27463743","27463886","29","171340385"
"chr1","198804513","198804537","chr9","114623031","114623050","6","84181482"
"chr1","198806271","198806572","chr9","117667064","117667365","35","81139207"
"chr1","198808236","198808430","chr14","47676844","47677033","39","151131392"
"chr1","198808737","198808848","chr3","10567087","10567198","27","188241650"
"chr1","198809299","198809485","chr1","50161286","50161474","36","148648013"
"chr1","198814278","198814557","chr12","108933486","108933768","39","89880792"
"chr1","198827097","198827185","chr12","124978100","124978183","11","73848997"
"chr1","198835836","198836112","chr9","87382451","87382724","49","111453385"
"chr1","198843259","198843371","chr20","32785534","32785650","17","166057725"
"chr1","198849072","198849262","chr17","83889346","83889539","42","114959726"
"chr1","198850119","198850433","chr19","46042708","46043020","45","152807411"
"chr1","198856472","198856758","chr5","109972171","109972461","47","88884301"
"chr1","198859556","198859723","chr9","15166414","15166575","32","183693142"
"chr1","198859724","198860014","chr1","217049267","217049555","48","18189543"
"chr1","198860015","198860156","chr19","21334897","21335031","30","177525118"
"chr1","198863065","198863377","chr20","35626056","35626355","49","163237009"
"chr1","198865715","198866004","chr3","183367126","183367412","46","15498589"
"chr1","198876731","198876872","chr6","109186933","109187075","20","89689798"
"chr1","198884476","198884605","chr1","213473838","213473970","23","14589362"
"chr1","198885195","198885364","chr7","76846308","76846474","32","122038887"
"chr1","198891835","198892043","chr1","32927132","32927338","29","165964703"
"chr1","198897231","198897501","chr6","32887563","32887832","44","166009668"
"chr1","198902608","198902776","chr15","51640692","51640861","27","147261916"
"chr1","198903501","198903599","chr5","118111212","118111313","13","80792289"
"chr1","198906887","198907185","chr3","42788373","42788672","34","156118514"
"chr1","198922830","198923027","chr5","160421544","160421743","28","38501286"
"chr1","198924746","198924864","chr1","227439358","227439480","18","28514612"
"chr1","198925295","198925582","chr4","139676553","139676839","38","59248742"
"chr1","198940937","198941243","chr11","62726767","62727069","39","136214170"
"chr1","198954801","198955098","chr8","28400720","28401016","40","170554081"
"chr1","198956628","198956939","chrX","118715138","118715448","44","80241490"
"chr1","198975677","198975914","chr11","119164601","119164837","43","79811076"
"chr1","198977282","198977572","chr3","199443194","199443483","34","465912"
"chr1","199002892","199003196","chr14","52494390","52494693","38","146508502"
"chr1","199016057","199016353","chr10","117369849","117370145","38","81646208"
"chr1","199025525","199025824","chr7","74302931","74303234","42","124722594"
"chr1","199070591","199070755","chr4","155972681","155972851","31","43097910"
"chr1","199073844","199074144","chr13","3192526","3192824","40","195881318"
"chr1","199103986","199104268","chr6","79360967","79361252","38","119743019"
"chr1","199106412","199106473","chr12","7985140","7985201","11","191121272"
"chr1","199130137","199130402","chr11","125722767","125723043","42","73407370"
"chr1","199143249","199143531","chr5","8576231","8576524","45","190567018"
"chr1","199159569","199159872","chr17","9489493","9489790","33","189670076"
"chr1","199167821","199168120","chr21","30658994","30659298","42","168508827"
"chr1","199183044","199183157","chr7","65885293","65885397","27","133297751"
"chr1","199183786","199183846","chr11","66564592","66564641","21","132619194"
"chr1","199187885","199188073","chr8","78281246","78281441","30","120906639"
"chr1","199192312","199192626","chr2B","129089342","129089650","48","70102970"
"chr1","199232878","199233180","chr8","77654380","77654689","34","121578498"
"chr1","199267050","199267327","chr2A","19024892","19025178","48","180242158"
"chr1","199298452","199298741","chr16","30992198","30992489","42","168306254"
"chr1","199299122","199299352","chr6","161266039","161266264","43","38033083"
"chr1","199300377","199300665","chr7","122594525","122594813","42","76705852"
"chr1","199313934","199314230","chr12","29929642","29929937","44","169384292"
"chr1","199347880","199348002","chr2A","11350578","11350709","41","187997302"
"chr1","199348148","199348194","chr7","117826005","117826048","11","81522143"
"chr1","199349205","199349498","chr8","95025156","95025452","41","104324049"
"chr1","199359652","199359822","chr3","187564355","187564522","25","11795297"
"chr1","199360135","199360269","chr19","10474383","10474516","16","188885752"
"chr1","199363611","199363833","chr1","181535856","181536066","33","17827755"
"chr1","199364195","199364481","chr4","101447458","101447743","37","97916737"
"chr1","199398797","199399103","chr3","25531023","25531333","44","173867774"
"chr1","199406501","199406630","chr12","36756938","36757069","14","162649563"
"chr1","199421408","199421683","chr1","15125951","15126230","37","184295457"
"chr1","199433273","199433556","chr15","64478386","64478671","45","134954887"
"chr1","199443298","199443601","chr19","35082212","35082514","37","164361086"
"chr1","199485915","199486216","chr19","2798284","2798582","38","196687631"
"chr1","199520785","199521060","chr15","31750353","31750625","44","167770432"
"chr1","199549286","199549354","chr11","63118827","63118897","9","136430459"
"chr1","199549657","199549809","chr14","58912925","58913079","31","140636732"
"chr1","199555143","199555438","chr2B","64541733","64542025","32","135013410"
"chr1","199587894","199588197","chr2A","15843046","15843342","36","183744848"
"chr1","199590932","199591224","chr20","21716901","21717194","40","177874031"
"chr1","199610411","199610723","chr5","34215137","34215446","36","165395274"
"chr1","199629817","199630144","chr1","70324923","70325245","47","129304894"
"chr1","199637211","199637438","chr13","66583801","66584041","42","133053410"
"chr1","199643193","199643473","chr1","146575605","146575883","49","53067588"
"chr1","199656034","199656170","chrX","129750619","129750753","19","69905415"
"chr1","199666371","199666506","chrX","1730666","1730803","17","197935705"
"chr1","199671158","199671406","chr3","173120756","173121021","51","26550402"
"chr1","199732876","199733161","chr10","34585259","34585551","37","165147617"
"chr1","199739653","199739956","chr12","75805158","75805457","47","123934495"
"chr1","199750766","199750890","chr5","28465356","28465478","32","171285410"
"chr1","199750893","199750969","chr1","109992689","109992768","8","89758204"
"chr1","199759082","199759384","chr5","164886611","164886911","37","34872471"
"chr1","199772463","199772842","chr11","68929787","68930122","91","130842676"
"chr1","199773673","199773804","chr6","32759462","32759593","17","167014211"
"chr1","199804769","199805081","chr10","66455557","66455856","42","133349212"
"chr1","199806886","199807180","chr4","99311877","99312172","32","100495009"
"chr1","199849709","199850008","chr9","50801939","50802239","37","149047770"
"chr1","199852761","199852888","chr10","115982032","115982164","15","83870729"
"chr1","199853692","199853989","chr12","38975287","38975583","35","160878405"
"chr1","199856620","199856895","chr12","124254648","124254922","33","75601972"
"chr1","199870594","199870897","chrX","47845060","47845363","38","152025534"
"chr1","199878398","199878701","chr1","27210749","27211044","53","172667649"
"chr1","199884501","199884793","chr10","100668224","100668519","45","99216277"
"chr1","199887972","199888238","chr3","74424340","74424617","45","125463632"
"chr1","199891162","199891472","chr1","31136599","31136900","41","168754563"
"chr1","199893737","199893780","chr7","70595404","70595450","10","129298333"
"chr1","199893764","199893812","chr7","70595404","70595450","9","129298360"
"chr1","199899331","199899462","chr16","15160238","15160367","31","184739093"
"chr1","199923952","199924073","chr6","43435680","43435799","17","156488272"
"chr1","199928952","199929089","chr7","73000651","73000786","17","126928301"
"chr1","199929395","199929571","chr7","5882720","5882888","29","194046675"
"chr1","199933242","199933541","chr2A","67692225","67692524","35","132241017"
"chr1","199935743","199935857","chr21","23023866","23023983","15","176911877"
"chr1","199936528","199936836","chr16","58196122","58196431","46","141740406"
"chr1","199937313","199937411","chr9","70059064","70059157","14","129878249"
"chr1","199937544","199937678","chr1","214134294","214134424","19","14196750"
"chr1","199937961","199938151","chr16","24273971","24274150","43","175663990"
"chr1","199939158","199939403","chr1","15514991","15515242","50","184424167"
"chr1","199939909","199940216","chr22","25825629","25825936","42","174114280"
"chr1","199951111","199951244","chr9","105121338","105121473","13","94829773"
"chr1","199951543","199951706","chr17","8318989","8319153","30","191632554"
"chr1","199955286","199955599","chr19","20811630","20811928","46","179143656"
"chr1","199962981","199963238","chrX","24803746","24804013","38","175159235"
"chr1","199989561","199989857","chr5","158745419","158745710","36","41244142"
"chr1","199993464","199993762","chr11","67802484","67802782","41","132190980"
"chr1","199993765","199993886","chr4","188310174","188310295","19","11683591"
"chr1","199993910","199993923","chr1","28888598","28888611","5","171105312"
"chr1","199999865","200000000","chr16","22499150","22499285","22","177500715"
"chr1","200000149","200000293","chr6","35361205","35361348","23","164638944"
"chr1","200035194","200035513","chr12","120373163","120373479","46","79662031"
"chr1","200049628","200049921","chr3","79884186","79884480","43","120165442"
"chr1","200051545","200051655","chr1","82949395","82949501","19","117102150"
"chr1","200051934","200052127","chr11","63965408","63965604","31","136086526"
"chr1","200058823","200059112","chr10","36206364","36206653","38","163852459"
"chr1","200066905","200067181","chr1","25177448","25177739","55","174889457"
"chr1","200067192","200067283","chr5","10498837","10498929","12","189568355"
"chr1","200078481","200078777","chr1","96333476","96333783","48","103745005"
"chr1","200080717","200080885","chr1","22208793","22208950","34","177871924"
"chr1","200080919","200081199","chr11","46297289","46297567","47","153783630"
"chr1","200082244","200082458","chr2A","84198754","84198964","57","115883490"
"chr1","200083859","200084065","chr15","38733104","38733296","47","161350755"
"chr1","200084370","200084498","chr10","145143698","145143827","18","54940672"
"chr1","200116045","200116199","chr1","161382498","161382645","31","38733547"
"chr1","200116375","200116506","chr5","161161762","161161894","12","38954613"
"chr1","200118601","200118769","chr1","185132840","185133000","26","14985761"
"chr1","200119065","200119198","chr19","49125928","49126062","13","150993137"
"chr1","200137069","200137345","chr7","40774387","40774676","54","159362682"
"chr1","200141147","200141163","chr1","27102824","27102842","3","173038323"
"chr1","200141485","200141648","chr12","30393770","30393933","27","169747715"
"chr1","200141952","200142087","chr10","117244185","117244319","16","82897767"
"chr1","200144868","200144992","chr12","30095709","30095838","24","170049159"
"chr1","200145300","200145470","chr16","31552584","31552750","18","168592716"
"chr1","200147378","200147557","chr22","12987595","12987769","36","187159783"
"chr1","200152370","200152678","chr20","5658832","5659137","43","194493538"
"chr1","200155701","200155932","chr12","112659950","112660176","31","87495751"
"chr1","200159194","200159489","chr5","156460231","156460525","31","43698963"
"chr1","200161261","200161561","chr9","112754320","112754620","46","87406941"
"chr1","200163277","200163338","chr6","133531706","133531770","11","66631571"
"chr1","200164326","200164435","chr1","31185795","31185903","17","168978531"
"chr1","200164666","200164947","chr8","59854990","59855283","49","140309676"
"chr1","200174831","200175008","chr1","175483337","175483498","53","24691494"
"chr1","200176714","200177001","chr5","75762204","75762492","38","124414510"
"chr1","200179333","200179617","chr14","344128","344415","38","199835205"
"chr1","200232672","200232963","chr3","129524451","129524743","37","70708221"
"chr1","200234799","200234949","chr16","62494455","62494600","24","137740344"
"chr1","200235001","200235279","chr11","115863542","115863812","41","84371459"
"chr1","200238354","200238648","chr8","101544594","101544890","47","98693760"
"chr1","200241583","200241758","chr7","112792877","112793058","27","87448706"
"chr1","200253478","200253779","chr5","135480045","135480343","45","64773433"
"chr1","200262857","200262976","chr10","101997763","101997881","35","98265094"
"chr1","200263926","200264085","chr18","39780553","39780715","23","160483373"
"chr1","200266141","200266325","chr8","121787467","121787636","32","78478674"
"chr1","200266637","200266766","chr7","4485178","4485309","18","195781459"
"chr1","200270972","200271115","chrX","47990443","47990583","27","152280529"
"chr1","200272402","200272694","chr1","32814414","32814709","39","167457988"
"chr1","200277099","200277394","chr14","57736267","57736567","40","142540832"
"chr1","200277547","200277846","chr7","44371866","44372159","40","155905681"
"chr1","200282341","200282472","chr5","121627246","121627381","14","78655095"
"chr1","200284954","200285257","chr14","85488580","85488880","52","114796374"
"chr1","200288439","200288754","chr13","26461887","26462189","60","173826552"
"chr1","200288765","200288911","chr6","147767456","147767603","22","52521309"
"chr1","200288937","200289070","chr1","91403002","91403137","16","108885935"
"chr1","200289666","200289845","chr14","52504096","52504258","46","147785570"
"chr1","200289924","200290116","chr12","46122328","46122523","43","154167596"
"chr1","200301895","200302075","chr3","67193046","67193226","27","133108849"
"chr1","200303707","200304009","chr12","31805183","31805494","64","168498524"
"chr1","200305752","200305882","chrX","42325828","42325954","15","157979924"
"chr1","200315967","200316163","chr16","2225022","2225227","36","198090945"
"chr1","200316547","200316650","chr11","43912728","43912834","26","156403819"
"chr1","200318768","200318833","chr1","195422528","195422599","12","4896240"
"chr1","200328741","200328899","chr8","10748880","10749024","36","189579861"
"chr1","200332204","200332352","chr19","18547264","18547407","23","181784940"
"chr1","200336006","200336194","chr4","169470725","169470908","36","30865281"
"chr1","200348690","200348992","chr3","42788373","42788672","47","157560317"
"chr1","200351959","200352139","chr10","133113568","133113747","44","67238391"
"chr1","200352140","200352263","chr3","126890556","126890677","25","73461584"
"chr1","200354469","200354563","chr3","161211314","161211411","11","39143155"
"chr1","200354861","200355073","chr16","61460161","61460376","28","138894700"
"chr1","200355648","200355742","chr2B","22960107","22960198","17","177395541"
"chr1","200361242","200361535","chr5","2973594","2973889","37","197387648"
"chr1","200370803","200371107","chr9","113723652","113723953","56","86647151"
"chr1","200371466","200371594","chr19","48093652","48093781","15","152277814"
"chr1","200371888","200372055","chr6","112831541","112831707","24","87540347"
"chr1","200373919","200374085","chr8","67783104","67783272","21","132590815"
"chr1","200378286","200378571","chr10","34585259","34585551","44","165793027"
"chr1","200387695","200387745","chr4","72797526","72797571","16","127590169"
"chr1","200392335","200392575","chr12","38887570","38887792","52","161504765"
"chr1","200407058","200407184","chr19","48093652","48093781","16","152313406"
"chr1","200407478","200407645","chr6","163094459","163094622","22","37313019"
"chr1","200413273","200413506","chr1","127630359","127630575","45","72782914"
"chr1","200427712","200427968","chr22","21577273","21577538","36","178850439"
"chr1","200429541","200429841","chr22","19407366","19407666","39","181022175"
"chr1","200438451","200438747","chr8","9756252","9756551","37","190682199"
"chr1","200442658","200442942","chrX","19536649","19536926","41","180906009"
"chr1","200458239","200458512","chr22","21892417","21892694","41","178565822"
"chr1","200475773","200475945","chr7","139552335","139552500","43","60923438"
"chr1","200505054","200505082","chr19","12953134","12953161","5","187551920"
"chr1","200505108","200505244","chr5","163128960","163129096","43","37376148"
"chr1","200505245","200505531","chr7","37611793","37612078","43","162893452"
"chr1","200510535","200510835","chr16","31379119","31379421","35","169131416"
"chr1","200511643","200511778","chr6","33906992","33907129","16","166604651"
"chr1","200512079","200512254","chr1","209259508","209259685","27","8747429"
"chr1","200512694","200513002","chr2B","68693428","68693728","45","131819266"
"chr1","200517318","200517626","chr10","133565552","133565849","47","66951766"
"chr1","200545787","200546083","chr2B","18835692","18835989","39","181710095"
"chr1","200549127","200549353","chr12","14054555","14054782","29","186494572"
"chr1","200554287","200554473","chr1","136078748","136078933","33","64475539"
"chr1","200560546","200560773","chr7","151244453","151244692","43","49316093"
"chr1","200578620","200578760","chr15","8671155","8671293","20","191907465"
"chr1","200579054","200579129","chr19","18392443","18392519","12","182186611"
"chr1","200600529","200600841","chr7","139963807","139964112","37","60636722"
"chr1","200605363","200605649","chr1","129774148","129774439","50","70831215"
"chr1","200608824","200609097","chr12","83500968","83501252","50","117107856"
"chr1","200629524","200629814","chr14","6164917","6165209","42","194464607"
"chr1","200632144","200632435","chr4","110248134","110248433","41","90384010"
"chr1","200636823","200637116","chr1","33164270","33164568","46","167472553"
"chr1","200663390","200663553","chr1","15810713","15810878","24","184852677"
"chr1","200663848","200663980","chr9","111456276","111456410","16","89207572"
"chr1","200665308","200665625","chr22","21770471","21770787","40","178894837"
"chr1","200671466","200671756","chr2B","51022930","51023224","32","149648536"
"chr1","200719884","200720240","chr1","93519137","93519467","77","107200747"
"chr1","200726744","200727044","chr1","134751243","134751545","44","65975501"
"chr1","200739649","200739734","chr5","18817181","18817273","15","181922468"
"chr1","200786508","200786630","chr1","69272916","69273038","20","131513592"
"chr1","200789277","200789456","chr17","63054072","63054245","37","137735205"
"chr1","200801004","200801317","chr3","42788373","42788672","47","158012631"
"chr1","200801474","200801716","chr3","33405226","33405477","43","167396248"
"chr1","200803679","200803988","chr20","57834326","57834627","39","142969353"
"chr1","200812480","200812755","chr19","560271","560552","46","200252209"
"chr1","200817496","200817779","chr4","110429595","110429881","35","90387901"
"chr1","200820431","200820724","chr2B","100893350","100893645","40","99927081"
"chr1","200822506","200822810","chr15","71916542","71916841","31","128905964"
"chr1","200825704","200825821","chr11","3639856","3639975","9","197185848"
"chr1","200834667","200834972","chr2B","94982021","94982327","38","105852646"
"chr1","200838305","200838575","chr1","101370164","101370436","36","99468141"
"chr1","200874159","200874327","chr1","200355935","200356094","42","518224"
"chr1","200874605","200874623","chr3","18936529","18936545","6","181938076"
"chr1","200890764","200890896","chr8","107804988","107805123","18","93085776"
"chr1","200899766","200900062","chr19","444265","444566","39","200455501"
"chr1","200901908","200902196","chr1","46890129","46890419","54","154011779"
"chr1","200904211","200904503","chrX","7326681","7326981","38","193577530"
"chr1","200910314","200910610","chr5","121756012","121756307","44","79154302"
"chr1","200912740","200913042","chr1","10105989","10106291","48","190806751"
"chr1","200918793","200918928","chr1","52540671","52540806","16","148378122"
"chr1","200920866","200921184","chr11","56648134","56648436","54","144272732"
"chr1","200921547","200921772","chr1","225341688","225341915","32","24420141"
"chr1","200926079","200926383","chr10","91649600","91649897","37","109276479"
"chr1","200931963","200932252","chr11","3623940","3624232","38","197308023"
"chr1","200932294","200932448","chr5","62272871","62273027","20","138659423"
"chr1","200942063","200942364","chr9","98298013","98298306","74","102644050"
"chr1","200943564","200943823","chr16","22441404","22441680","71","178502160"
"chr1","200945525","200945794","chr1","75754150","75754422","47","125191375"
"chr1","200949429","200949591","chr1","147194209","147194362","30","53755220"
"chr1","200949889","200949901","chr4","5175864","5175878","3","195774025"
"chr1","200950180","200950286","chr1","164359318","164359426","18","36590862"
"chr1","200950287","200950355","chr16","31141719","31141787","8","169808568"
"chr1","200973674","200973972","chr19","14638514","14638815","40","186335160"
"chr1","200999869","201000000","chr5","20148398","20148528","24","180851471"
"chr1","201000001","201000124","chr21","16737892","16738020","21","184262109"
"chr1","201001646","201001779","chr6","42712240","42712374","12","158289406"
"chr1","201007429","201007724","chr13","9716804","9717101","34","191290625"
"chr1","201031685","201031814","chr2B","95401890","95402021","15","105629795"
"chr1","201037169","201037307","chrX","49110337","49110472","18","151926832"
"chr1","201037613","201037789","chr11","46664552","46664726","29","154373061"
"chr1","201041331","201041463","chr20","42484308","42484438","9","158557023"
"chr1","201042093","201042383","chr7","79044919","79045216","43","121997174"
"chr1","201045559","201045823","chr17","42037597","42037864","43","159007962"
"chr1","201055538","201055621","chr1","8696746","8696832","17","192358792"
"chr1","201060041","201060218","chr12","56781718","56781885","34","144278323"
"chr1","201069035","201069238","chr7","2589860","2590060","27","198479175"
"chr1","201072798","201073090","chr13","94708824","94709116","40","106363974"
"chr1","201084975","201085144","chr14","47466071","47466237","29","153618904"
"chr1","201123842","201124111","chr2B","44742855","44743136","44","156380987"
"chr1","201131063","201131287","chr1","150667960","150668181","36","50463103"
"chr1","201135358","201135653","chr5","141748249","141748545","31","59387109"
"chr1","201137109","201137203","chr12","92987699","92987795","9","108149410"
"chr1","201139882","201140111","chr2B","36361968","36362189","31","164777914"
"chr1","201161085","201161367","chr3","151012558","151012841","44","50148527"
"chr1","201165696","201165808","chr22","29426095","29426208","14","171739601"
"chr1","201175192","201175367","chr1","16689502","16689672","25","184485690"
"chr1","201176716","201177038","chr8","101435714","101436021","51","99741002"
"chr1","201177155","201177327","chr2B","99086800","99086973","25","102090355"
"chr1","201183809","201184112","chr6","4532207","4532513","41","196651602"
"chr1","201194884","201195145","chr17","7389396","7389669","60","193805488"
"chr1","201198347","201198644","chr22","22668371","22668665","43","178529976"
"chr1","201208025","201208152","chr1","89770976","89771108","14","111437049"
"chr1","201211950","201212246","chr20","54481954","54482259","41","146729996"
"chr1","201253702","201253996","chr22","25326445","25326744","38","175927257"
"chr1","201256702","201257014","chr10","24094468","24094782","44","177162234"
"chr1","201265371","201265675","chr8","9756252","9756551","39","191509119"
"chr1","201267021","201267327","chr22","19407366","19407666","34","181859655"
"chr1","201292631","201292914","chr1","31775922","31776206","43","169516709"
"chr1","201294958","201295266","chr9","109734146","109734451","32","91560812"
"chr1","201299324","201299618","chr14","87605486","87605781","33","113693838"
"chr1","201319240","201319371","chr8","85967035","85967166","10","115352205"
"chr1","201321393","201321706","chrX","3347867","3348175","41","197973526"
"chr1","201332888","201332972","chr11","67350015","67350098","12","133982873"
"chr1","201339381","201339585","chr19","7060340","7060551","34","194279041"
"chr1","201349188","201349490","chr2B","17024311","17024610","33","184324877"
"chr1","201355633","201355839","chr7","28809429","28809625","45","172546204"
"chr1","201366577","201366743","chr5","59930487","59930657","26","141436090"
"chr1","201366960","201367130","chr15","40999720","40999891","24","160367240"
"chr1","201368028","201368160","chr1","209742215","209742351","21","8374187"
"chr1","201368749","201368813","chr6","132240923","132240992","15","69127826"
"chr1","201416805","201417121","chr1","38036271","38036580","44","163380534"
"chr1","201428894","201429200","chr22","22799940","22800247","38","178628954"
"chr1","201440566","201440658","chr15","67733089","67733181","9","133707477"
"chr1","201441825","201442123","chr7","76028932","76029225","37","125412893"
"chr1","201446623","201446917","chr19","49954544","49954838","29","151492079"
"chr1","201453127","201453399","chrX","2031267","2031553","49","199421860"
"chr1","201455471","201455648","chr1","133364843","133365030","23","68090628"
"chr1","201459477","201459797","chr22","18741741","18742051","47","182717736"
"chr1","201462744","201463063","chr4","38463284","38463603","53","162999460"
"chr1","201471453","201471614","chr5","19584116","19584279","25","181887337"
"chr1","201471926","201472060","chr15","20074227","20074360","13","181397699"
"chr1","201482075","201482342","chr5","37834860","37835127","38","163647215"
"chr1","201493437","201493746","chr6","72217507","72217817","44","129275930"
"chr1","201517126","201517423","chrX","22093608","22093902","48","179423518"
"chr1","201522168","201522457","chr8","32259082","32259372","41","169263086"
"chr1","201522582","201522843","chr16","29854157","29854428","52","171668425"
"chr1","201527608","201527844","chr12","121608215","121608450","32","79919393"
"chr1","201530881","201531162","chr5","144486917","144487195","51","57043964"
"chr1","201535655","201535949","chr11","68251296","68251593","37","133284359"
"chr1","201537096","201537314","chr2A","3321033","3321265","50","198216063"
"chr1","201541822","201542160","chr20","4924614","4924962","71","196617208"
"chr1","201549311","201549598","chr14","61097634","61097920","41","140451677"
"chr1","201583095","201583217","chr15","73119233","73119360","16","128463862"
"chr1","201589051","201589210","chr6","89784869","89785032","41","111804182"
"chr1","201589817","201589964","chr1","160302248","160302397","19","41287569"
"chr1","201590258","201590422","chr1","129495024","129495188","27","72095234"
"chr1","201591202","201591336","chr16","65477857","65477989","20","136113345"
"chr1","201595238","201595533","chr20","49973623","49973923","42","151621615"
"chr1","201605631","201605913","chr5","5590874","5591164","54","196014757"
"chr1","201621067","201621198","chr15","45562534","45562668","14","156058533"
"chr1","201621496","201621662","chr5","19584116","19584279","21","182037380"
"chr1","201622528","201622787","chr3","121733766","121734018","48","79888762"
"chr1","201626010","201626287","chr19","3658723","3659002","42","197967287"
"chr1","201632432","201632742","chr5","94004472","94004781","36","107627960"
"chr1","201643800","201643915","chr3","86169450","86169567","17","115474350"
"chr1","201643988","201644109","chr10","77719918","77720034","24","123924070"
"chr1","201648725","201649031","chrX","18589815","18590117","46","183058910"
"chr1","201658651","201658934","chrX","15626910","15627195","35","186031741"
"chr1","201666051","201666325","chr6","77982799","77983061","50","123683252"
"chr1","201667489","201667791","chr10","63979510","63979807","39","137687979"
"chr1","201670446","201670746","chr12","11028671","11028978","44","190641775"
"chr1","201670872","201671162","chr22","14567407","14567698","29","187103465"
"chr1","201685340","201685628","chr9","121006446","121006734","63","80678894"
"chr1","201690020","201690179","chr8","22517025","22517197","29","179172995"
"chr1","201694413","201694715","chr7","2852623","2852923","44","198841790"
"chr1","201695284","201695465","chr14","60739991","60740159","36","140955293"
"chr1","201695762","201695918","chr15","68594439","68594589","29","133101323"
"chr1","201697209","201697503","chr5","950195","950494","53","200747014"
"chr1","201698608","201698737","chr10","115979660","115979787","19","85718948"
"chr1","201699039","201699184","chr7","152080646","152080784","37","49618393"
"chr1","201699453","201699586","chr8","144598500","144598630","16","57100953"
"chr1","201699854","201700020","chr6","152575412","152575577","22","49124442"
"chr1","201701968","201702268","chr14","60651660","60651957","46","141050308"
"chr1","201707364","201707498","chr12","52332062","52332197","13","149375302"
"chr1","201707795","201707962","chr3","172654930","172655092","26","29052865"
"chr1","201708836","201709142","chr14","57736267","57736567","36","143972569"
"chr1","201709870","201710003","chr11","78078378","78078501","23","123631492"
"chr1","201711715","201711918","chr10","108824631","108824835","36","92887084"
"chr1","201712101","201712398","chr7","79021407","79021709","42","122690694"
"chr1","201717904","201718202","chrX","10842144","10842442","46","190875760"
"chr1","201719830","201720129","chr19","20811630","20811928","48","180908200"
"chr1","201726399","201726582","chr15","15703943","15704121","40","186022456"
"chr1","201726612","201726727","chr1","209109778","209109894","20","7383166"
"chr1","201729012","201729146","chr12","36140414","36140549","14","165588598"
"chr1","201729442","201729587","chr1","162631208","162631359","31","39098234"
"chr1","201731325","201731458","chr20","46294136","46294267","26","155437189"
"chr1","201731733","201731927","chr7","23429758","23429944","44","178301975"
"chr1","201736400","201736539","chr3","172782020","172782161","18","28954380"
"chr1","201740766","201741062","chr8","74142778","74143073","33","127597988"
"chr1","201744711","201744987","chr18","54745001","54745284","40","146999710"
"chr1","201745505","201745621","chr12","8937376","8937491","17","192808129"
"chr1","201752096","201752390","chr11","117367595","117367888","37","84384501"
"chr1","201754107","201754346","chr12","121608215","121608450","39","80145892"
"chr1","201758811","201758971","chr1","20986678","20986835","35","180772133"
"chr1","201759275","201759444","chr7","72086210","72086381","25","129673065"
"chr1","201768808","201768989","chr16","14901424","14901593","28","186867384"
"chr1","201769001","201769280","chr12","108778092","108778371","43","92990909"
"chr1","201784688","201784983","chr12","95828771","95829068","55","105955917"
"chr1","201786927","201787221","chr3","182319983","182320279","41","19466944"
"chr1","201790521","201790558","chr11","18217930","18217968","10","183572591"
"chr1","201790855","201791121","chr19","29168390","29168656","53","172622465"
"chr1","201805879","201806153","chr6","36657947","36658229","44","165147932"
"chr1","201808462","201808634","chr16","28109607","28109779","28","173698855"
"chr1","201811827","201811964","chr1","209742215","209742351","20","7930388"
"chr1","201821831","201821999","chr2B","60563661","60563825","34","141258170"
"chr1","201822026","201822211","chr3","1702116","1702300","40","200119910"
"chr1","201834476","201834768","chr11","130728676","130728969","44","71105800"
"chr1","201846277","201846587","chr15","69817612","69817918","41","132028665"
"chr1","201849075","201849211","chr1","71393655","71393787","26","130455420"
"chr1","201849510","201849643","chr1","71393655","71393787","19","130455855"
"chr1","201850560","201850828","chr16","4881191","4881463","48","196969369"
"chr1","201851500","201851805","chr5","117943795","117944103","46","83907705"
"chr1","201859655","201859886","chr1","88137670","88137897","48","113721985"
"chr1","201865866","201865993","chr3","60785435","60785563","18","141080431"
"chr1","201870371","201870506","chr6","109615354","109615486","17","92255017"
"chr1","201870798","201870984","chr1","162846265","162846444","31","39024533"
"chr1","201871230","201871378","chr1","115707548","115707690","19","86163682"
"chr1","201871459","201871639","chr10","133113568","133113747","24","68757891"
"chr1","201872362","201872477","chr1","63281192","63281313","21","138591170"
"chr1","201878312","201878575","chr3","41344009","41344275","48","160534303"
"chr1","201879189","201879319","chr2B","96120242","96120374","20","105758947"
"chr1","201879603","201879613","chr6","39835407","39835417","3","162044196"
"chr1","201879907","201880068","chrX","52096827","52096988","25","149783080"
"chr1","201883412","201883702","chr5","163804709","163804996","38","38078703"
"chr1","201887453","201887607","chr21","28164935","28165091","21","173722518"
"chr1","201887919","201888054","chr5","110285576","110285711","10","91602343"
"chr1","201888064","201888373","chr1","24489835","24490126","54","177398229"
"chr1","201895933","201896212","chr1","102320513","102320796","38","99575420"
"chr1","201897597","201897895","chr8","87094935","87095235","49","114802662"
"chr1","201900953","201901215","chr5","16294799","16295070","47","185606154"
"chr1","201910025","201910188","chr5","19584116","19584279","26","182325909"
"chr1","201910489","201910621","chr7","72818426","72818560","18","129092063"
"chr1","201913436","201913563","chr17","9227231","9227362","18","192686205"
"chr1","201913918","201914054","chr1","36509687","36509822","14","165404231"
"chr1","201919985","201920119","chr1","22878871","22879006","16","179041114"
"chr1","201920430","201920604","chr16","27629427","27629601","30","174291003"
"chr1","201923591","201923701","chrX","1225172","1225283","18","200698419"
"chr1","201928226","201928531","chr3","187803297","187803598","42","14124929"
"chr1","201930750","201931041","chr7","71537058","71537346","33","130393692"
"chr1","201954604","201954876","chr14","54046502","54046771","36","147908102"
"chr1","201956251","201956533","chr22","24784685","24784975","55","177171566"
"chr1","201957747","201957880","chr3","48404443","48404577","20","153553304"
"chr1","201958186","201958363","chr4","140821531","140821699","33","61136655"
"chr1","201968953","201969261","chr9","86759541","86759851","52","115209412"
"chr1","201974369","201974562","chr9","74819531","74819730","27","127154838"
"chr1","201976989","201977121","chr1","7920848","7920979","15","194056141"
"chr1","201979159","201979247","chr19","821484","821577","16","201157675"
"chr1","201979248","201979531","chr6","18694251","18694536","52","183284997"
"chr1","201979532","201979705","chr10","132245824","132245994","27","69733708"
"chr1","201993492","201993784","chr20","30134900","30135196","45","171858592"
"chr1","201996165","201996411","chr12","40003228","40003470","45","161992937"
"chr1","201997224","201997452","chr12","113355389","113355618","25","88641835"
"chr1","201999180","201999321","chr1","71393655","71393787","23","130605525"
"chr1","201999624","201999758","chr8","85311804","85311938","17","116687820"
"chr1","202002576","202002752","chr2B","122860765","122860934","33","79141811"
"chr1","202003057","202003192","chr3","138229396","138229529","11","63773661"
"chr1","202014682","202014859","chr14","25921411","25921597","30","176093271"
"chr1","202015235","202015373","chr21","27665497","27665638","17","174349738"
"chr1","202029163","202029443","chr10","87272770","87273045","44","114756393"
"chr1","202037722","202038025","chr5","118351918","118352225","37","83685804"
"chr1","202048335","202048470","chr9","105121338","105121473","13","96926997"
"chr1","202048728","202048889","chr15","50181019","50181177","24","151867709"
"chr1","202057000","202057072","chr5","35945503","35945561","26","166111497"
"chr1","202071460","202071738","chr4","22040180","22040456","49","180031280"
"chr1","202093648","202093846","chrX","2157572","2157777","41","199936076"
"chr1","202096227","202096332","chrX","18290338","18290439","15","183805889"
"chr1","202096334","202096629","chr3","189674551","189674848","48","12421783"
"chr1","202098948","202099254","chr5","46530569","46530871","52","155568379"
"chr1","202109628","202109916","chr7","156101400","156101691","35","46008228"
"chr1","202109947","202110213","chrX","8693312","8693573","49","193416635"
"chr1","202114704","202114991","chr5","47101929","47102212","48","155012775"
"chr1","202117896","202118054","chr1","135795439","135795597","24","66322457"
"chr1","202119747","202119781","chr7","74781381","74781409","7","127338366"
"chr1","202126367","202126682","chr12","4229188","4229499","40","197897179"
"chr1","202128499","202128800","chr12","95285600","95285895","46","106842899"
"chr1","202134876","202135179","chr7","139963807","139964112","41","62171069"
"chr1","202136521","202136655","chr7","40605012","40605146","14","161531509"
"chr1","202136941","202137133","chr9","120325569","120325762","49","81811372"
"chr1","202138015","202138313","chr7","156406928","156407226","45","45731087"
"chr1","202145766","202145904","chr3","12858835","12858969","18","189286931"
"chr1","202146196","202146358","chr19","1787693","1787857","24","200358503"
"chr1","202147148","202147453","chr1","15724371","15724674","43","186422777"
"chr1","202158985","202159123","chr5","43482384","43482518","23","158676601"
"chr1","202167797","202167833","chr4","151279696","151279730","6","50888101"
"chr1","202168149","202168321","chr4","171529904","171530078","35","30638245"
"chr1","202181038","202181231","chrX","23992074","23992265","31","178188964"
"chr1","202189920","202189951","chr1","129583460","129583487","12","72606460"
"chr1","202190262","202190330","chr19","265283","265347","22","201924979"
"chr1","202195575","202195883","chr1","15537107","15537412","36","186658468"
"chr1","202198222","202198525","chr1","114261983","114262281","48","87936239"
"chr1","202201725","202201859","chr2A","91842849","91842984","15","110358876"
"chr1","202207456","202207754","chr4","96885498","96885809","48","105321958"
"chr1","202222845","202223118","chrX","15626538","15626809","57","186596307"
"chr1","202227825","202228073","chr8","74307336","74307585","45","127920489"
"chr1","202231451","202231612","chrX","52096827","52096988","25","150134624"
"chr1","202269435","202269725","chr22","26166703","26166983","43","176102732"
"chr1","202308268","202308564","chr9","113474645","113474943","42","88833623"
"chr1","202312660","202312860","chr5","64959907","64960109","27","137352753"
"chr1","202322962","202323097","chr7","131031908","131032043","12","71291054"
"chr1","202323386","202323545","chr20","6034647","6034804","25","196288739"
"chr1","202324740","202325042","chr4","411290","411591","46","201913450"
"chr1","202325673","202326025","chr9","87568136","87568464","92","114757537"
"chr1","202327031","202327336","chr13","34282102","34282401","33","168044929"
"chr1","202330647","202330801","chr1","227031194","227031345","40","24700547"
"chr1","202351139","202351235","chr17","6718757","6718852","11","195632382"
"chr1","202365698","202365834","chr5","126289715","126289850","22","76075983"
"chr1","202369606","202369899","chr1","32763562","32763853","46","169606044"
"chr1","202374015","202374184","chr11","128524490","128524660","31","73849525"
"chr1","202388787","202389091","chr8","77654380","77654689","42","124734407"
"chr1","202390986","202391274","chr8","73397702","73397990","41","128993284"
"chr1","202412037","202412165","chr19","57736469","57736601","15","144675568"
"chr1","202416114","202416346","chr7","152572732","152572964","33","49843382"
"chr1","202419559","202419829","chr5","39300175","39300449","50","163119384"
"chr1","202420534","202420825","chr5","162210369","162210666","42","40210165"
"chr1","202422478","202422643","chr5","165268352","165268516","25","37154126"
"chr1","202426498","202426788","chr4","139921109","139921405","41","62505389"
"chr1","202434661","202434920","chr22","10657102","10657367","44","191777559"
"chr1","202441632","202441928","chr10","65415651","65415946","41","137025981"
"chr1","202454107","202454244","chr1","10968906","10969041","20","191485201"
"chr1","202454539","202454720","chr6","67068399","67068574","35","135386140"
"chr1","202459040","202459159","chr16","75767501","75767618","19","126691539"
"chr1","202459428","202459588","chr10","14983614","14983773","35","187475814"
"chr1","202461353","202461642","chr9","106799866","106800156","37","95661487"
"chr1","202463562","202463871","chr5","50770373","50770679","45","151693189"
"chr1","202480855","202480978","chr4","81900404","81900528","22","120580451"
"chr1","202487184","202487309","chr15","73119233","73119360","13","129367951"
"chr1","202490288","202490595","chr9","71736676","71736971","47","130753612"
"chr1","202494344","202494591","chr10","123248291","123248534","35","79246053"
"chr1","202494726","202495031","chr16","4091353","4091654","43","198403373"
"chr1","202499865","202499999","chr21","34756841","34756973","21","167743024"
"chr1","202541358","202541621","chr8","123772104","123772371","60","78769254"
"chr1","202561815","202562112","chr13","1064969","1065265","42","201496846"
"chr1","202586639","202586775","chr1","168543967","168544101","20","34042672"
"chr1","202586779","202587056","chr20","5071747","5072031","52","197515032"
"chr1","202592089","202592374","chr11","121117476","121117760","39","81474613"
"chr1","202593013","202593098","chr1","28753545","28753625","17","173839468"
"chr1","202598890","202599168","chr9","13272472","13272745","47","189326418"
"chr1","202602948","202603083","chr11","369484","369619","13","202233464"
"chr1","202603396","202603576","chr1","181488857","181489035","29","21114539"
"chr1","202605749","202606041","chr7","156101400","156101691","41","46504349"
"chr1","202607044","202607349","chr1","136190565","136190874","43","66416479"
"chr1","202613914","202614037","chr10","100275972","100276100","13","102337942"
"chr1","202616446","202616729","chr2B","26216206","26216487","51","176400240"
"chr1","202616737","202617012","chr3","179781249","179781524","36","22835488"
"chr1","202617801","202617894","chr1","21123280","21123379","18","181494521"
"chr1","202620567","202620861","chr19","40814054","40814348","34","161806513"
"chr1","202629712","202629877","chr8","146552736","146552899","29","56076976"
"chr1","202635215","202635354","chr15","33916250","33916385","20","168718965"
"chr1","202635649","202635808","chr19","44720798","44720961","21","157914851"
"chr1","202642498","202642620","chr1","191931170","191931286","25","10711328"
"chr1","202646822","202646976","chr2B","131541998","131542146","29","71104824"
"chr1","202649767","202649878","chr10","15486811","15486920","11","187162956"
"chr1","202650184","202650397","chr16","24666801","24667008","36","177983383"
"chr1","202655139","202655267","chr15","18812412","18812537","15","183842727"
"chr1","202655562","202655738","chr4","2677481","2677657","31","199978081"
"chr1","202657424","202657560","chr19","40632942","40633079","22","162024482"
"chr1","202667741","202667869","chr1","10043533","10043661","17","192624208"
"chr1","202668197","202668369","chr1","37707735","37707908","28","164960462"
"chr1","202672951","202673253","chr12","32893415","32893716","40","169779536"
"chr1","202679988","202680209","chr3","157614228","157614479","71","45065760"
"chr1","202682111","202682143","chr8","103818949","103818982","7","98863162"
"chr1","202683268","202683396","chr16","47340969","47341098","30","155342299"
"chr1","202691742","202691873","chr6","4986918","4987047","14","197704824"
"chr1","202692177","202692305","chrX","137575918","137576040","29","65116259"
"chr1","202693007","202693090","chr22","26249476","26249552","16","176443531"
"chr1","202695310","202695442","chr7","29786391","29786523","26","172908919"
"chr1","202696020","202696314","chr4","151686277","151686573","42","51009743"
"chr1","202698270","202698435","chr3","189947624","189947792","33","12750646"
"chr1","202700212","202700507","chr16","13037737","13038029","43","189662475"
"chr1","202703172","202703451","chr6","153563457","153563744","45","49139715"
"chr1","202713901","202714156","chr18","8196048","8196295","40","194517853"
"chr1","202716514","202716628","chr18","76112123","76112237","18","126604391"
"chr1","202717129","202717296","chr15","21769767","21769942","36","180947362"
"chr1","202721737","202721992","chr4","86223725","86223986","37","116498012"
"chr1","202724971","202725144","chrX","16581816","16581991","31","186143155"
"chr1","202725444","202725579","chr6","33902335","33902470","17","168823109"
"chr1","202729916","202730090","chr10","37226515","37226694","56","165503401"
"chr1","202750052","202750354","chr6","33991343","33991641","50","168758709"
"chr1","202754360","202754499","chr6","36576189","36576324","19","166178171"
"chr1","202754782","202754949","chr3","38551712","38551874","37","164203070"
"chr1","202757618","202757911","chr1","156921438","156921735","40","45836180"
"chr1","202759269","202759558","chr5","9460113","9460406","46","193299156"
"chr1","202760067","202760189","chr6","143552251","143552375","16","59207816"
"chr1","202764808","202764932","chr15","18812412","18812537","17","183952396"
"chr1","202770615","202770700","chr1","51233542","51233629","19","151537073"
"chr1","202771192","202771413","chr6","117110600","117110823","28","85660592"
"chr1","202772056","202772343","chr11","112099180","112099466","41","90672876"
"chr1","202772492","202772686","chr19","13368999","13369193","35","189403493"
"chr1","202775478","202775601","chr2B","89205640","89205764","15","113569838"
"chr1","202778408","202778693","chr16","37134551","37134840","48","165643857"
"chr1","202784378","202784515","chr17","65329283","65329420","27","137455095"
"chr1","202785973","202786270","chr5","22622178","22622477","41","180163795"
"chr1","202786438","202786569","chr6","78227073","78227205","12","124559365"
"chr1","202788970","202789272","chr1","23889573","23889871","43","178899397"
"chr1","202791367","202791662","chr21","31933268","31933561","47","170858099"
"chr1","202797571","202797867","chr11","47222402","47222700","32","155575169"
"chr1","202805429","202805584","chr14","57734930","57735088","27","145070499"
"chr1","202805618","202805737","chr5","135124732","135124853","21","67680886"
"chr1","202811881","202812012","chr2B","121130495","121130627","13","81681386"
"chr1","202819042","202819308","chr15","38121904","38122171","47","164697138"
"chr1","202827667","202827806","chr1","71147129","71147268","19","131680538"
"chr1","202845310","202845385","chr20","35713075","35713158","17","167132235"
"chr1","202864713","202865011","chr10","50297952","50298253","43","152566761"
"chr1","202867768","202868062","chr1","109964973","109965267","41","92902795"
"chr1","202875405","202875711","chr10","139240952","139241250","44","63634453"
"chr1","202885186","202885267","chrX","55042423","55042498","15","147842763"
"chr1","202905752","202906058","chr3","183837195","183837499","45","19068557"
"chr1","202931011","202931300","chr3","199443194","199443483","47","3487817"
"chr1","202945316","202945611","chr15","39067690","39067984","40","163877626"
"chr1","202947288","202947579","chr12","47802346","47802644","37","155144942"
"chr1","202949261","202949394","chr6","109347124","109347255","24","93602137"
"chr1","202949651","202949817","chr4","86839770","86839929","30","116109881"
"chr1","202952342","202952420","chr5","7572240","7572333","20","195380102"
"chr1","202952425","202952661","chr12","121608215","121608450","39","81344210"
"chr1","202958534","202958633","chrX","129213767","129213861","13","73744767"
"chr1","202965945","202966252","chr1","157431755","157432062","40","45534190"
"chr1","202973356","202973645","chr4","97933231","97933520","58","105040125"
"chr1","202976787","202977078","chr6","39864627","39864923","38","163112160"
"chr1","202978974","202979076","chr21","9712888","9712989","15","193266086"
"chr1","202979225","202979407","chr10","128398181","128398367","38","74581044"
"chr1","202981060","202981197","chr3","8501615","8501750","10","194479445"
"chr1","202981507","202981677","chr6","112831541","112831707","28","90149966"
"chr1","202982610","202982912","chr1","89938779","89939088","46","113043831"
"chr1","202987959","202988312","chr15","9385925","9386292","69","193602034"
"chr1","202991654","202991938","chr17","39972023","39972313","31","163019631"
"chr1","202991951","202992251","chr3","189017179","189017480","36","13974772"
"chr1","202997633","202997724","chr8","146418339","146418436","14","56579294"
"chr1","202997890","202998189","chr3","42788373","42788672","38","160209517"
"chr1","202999878","203000000","chrX","23325027","23325143","22","179674851"
"chr1","203000001","203000060","chr9","110741160","110741215","16","92258841"
"chr1","203000363","203000479","chr11","113906994","113907109","17","89093369"
"chr1","203001310","203001449","chr3","49188720","49188857","19","153812590"
"chr1","203005252","203005542","chr3","130066920","130067212","81","72938332"
"chr1","203005560","203005716","chr17","42618956","42619109","48","160386604"
"chr1","203006151","203006249","chr5","6638938","6639036","26","196367213"
"chr1","203006273","203006392","chr11","123350008","123350126","20","79656265"
"chr1","203007701","203007972","chr10","88657957","88658210","62","114349744"
"chr1","203008501","203008712","chr5","23625015","23625226","29","179383486"
"chr1","203009930","203009996","chr6","143320793","143320859","15","59689137"
"chr1","203038562","203038843","chr8","144920502","144920776","40","58118060"
"chr1","203048729","203048928","chr20","35302191","35302391","46","167746538"
"chr1","203073678","203073903","chr7","73075396","73075626","49","129998282"
"chr1","203074613","203074919","chr7","99269821","99270124","35","103804792"
"chr1","203083799","203084102","chrX","22158908","22159212","32","180924891"
"chr1","203085254","203085559","chr1","20026663","20026966","38","183058591"
"chr1","203085869","203085999","chr2B","16990456","16990587","20","186095413"
"chr1","203087973","203088124","chr7","62660691","62660838","22","140427282"
"chr1","203090715","203090770","chr10","64769822","64769866","18","138320893"
"chr1","203091074","203091200","chr14","13375136","13375264","23","189715938"
"chr1","203098045","203098176","chr18","59064463","59064604","26","144033582"
"chr1","203098177","203098455","chr1","31775922","31776206","45","171322255"
"chr1","203098456","203098562","chr1","129360653","129360746","33","73737803"
"chr1","203102404","203102665","chr4","158588791","158589052","46","44513613"
"chr1","203103132","203103290","chr12","33023715","33023880","29","170079417"
"chr1","203103585","203103719","chr2B","105106532","105106669","17","97997053"
"chr1","203106010","203106077","chr4","629125","629193","9","202476885"
"chr1","203116394","203116541","chr8","1573606","1573751","14","201542788"
"chr1","203119426","203119581","chr16","38746543","38746701","24","164372883"
"chr1","203119884","203120013","chr1","97891137","97891268","23","105228747"
"chr1","203120389","203120516","chr5","44204051","44204177","15","158916338"
"chr1","203120817","203120977","chr4","62853362","62853516","32","140267455"
"chr1","203122942","203123076","chr19","13857641","13857776","18","189265301"
"chr1","203123383","203123580","chr12","31918010","31918183","52","171205373"
"chr1","203124827","203124960","chr20","58094376","58094510","13","145030451"
"chr1","203125280","203125445","chr6","112831541","112831707","22","90293739"
"chr1","203126266","203126429","chrX","69931574","69931735","28","133194692"
"chr1","203126623","203126959","chr2A","36869206","36869534","45","166257417"
"chr1","203133837","203134028","chr22","26650790","26650976","25","176483047"
"chr1","203134393","203134555","chr2A","46201839","46201995","32","156932554"
"chr1","203134963","203135052","chr9","14268712","14268798","15","188866251"
"chr1","203140262","203140553","chr18","20392322","20392607","42","182747940"
"chr1","203141342","203141621","chr19","12503794","12504081","46","190637548"
"chr1","203155363","203155477","chr18","76112123","76112237","19","127043240"
"chr1","203168760","203168909","chr5","20777912","20778068","28","182390848"
"chr1","203170437","203170735","chr6","110474486","110474790","53","92695951"
"chr1","203170942","203171073","chr2B","89836039","89836169","21","113334903"
"chr1","203186944","203187247","chr1","134187131","134187427","43","68999813"
"chr1","203188762","203189002","chr11","108469512","108469760","36","94719250"
"chr1","203195875","203196181","chr18","14234508","14234797","46","188961367"
"chr1","203210251","203210559","chr1","185227614","185227924","39","17982637"
"chr1","203216069","203216336","chr12","21833183","21833448","38","181382886"
"chr1","203274348","203274567","chr19","8168609","8168832","43","195105739"
"chr1","203324861","203325144","chr6","75611850","75612132","41","127713011"
"chr1","203348225","203348501","chr21","25323701","25323978","55","178024524"
"chr1","203352421","203352730","chr10","6497308","6497621","46","196855113"
"chr1","203356178","203356483","chr3","189017179","189017480","39","14338999"
"chr1","203361675","203361961","chr5","117884442","117884717","41","85477233"
"chr1","203369746","203369887","chr6","43527974","43528119","18","159841772"
"chr1","203370186","203370355","chr10","132245824","132245994","26","71124362"
"chr1","203375006","203375300","chr19","15134112","15134409","45","188240894"
"chr1","203388481","203388785","chr1","26512565","26512865","34","176875916"
"chr1","203391012","203391308","chr3","123242818","123243116","57","80148194"
"chr1","203419516","203419711","chr9","111305296","111305489","32","92114220"
"chr1","203419790","203419897","chr3","136325093","136325199","14","67094697"
"chr1","203446191","203446494","chr1","210472764","210473073","49","7026573"
"chr1","203474160","203474377","chr10","31686405","31686622","29","171787755"
"chr1","203485341","203485567","chr16","17678802","17679030","31","185806539"
"chr1","203510396","203510658","chr5","16239905","16240171","43","187270491"
"chr1","203511860","203512156","chr5","64426714","64427010","35","139085146"
"chr1","203536139","203536429","chr7","144251815","144252107","35","59284324"
"chr1","203541310","203541587","chrX","9679871","9680143","43","193861439"
"chr1","203555427","203555736","chr1","54264607","54264913","37","149290820"
"chr1","203590659","203590959","chr8","78024293","78024593","38","125566366"
"chr1","203607590","203607695","chr12","129453271","129453381","25","74154319"
"chr1","203640723","203641029","chrX","15735818","15736127","40","187904905"
"chr1","203653113","203653382","chr1","225052538","225052823","48","21399425"
"chr1","203657000","203657300","chr8","73988084","73988389","44","129668916"
"chr1","203699928","203700237","chr1","23889573","23889871","47","179810355"
"chr1","203710727","203711022","chr3","58218665","58218964","41","145492062"
"chr1","203753450","203753740","chr2A","67830661","67830952","39","135922789"
"chr1","203760694","203760853","chr22","27273484","27273643","19","176487210"
"chr1","203767922","203768207","chr4","42401489","42401776","45","161366433"
"chr1","203779873","203780029","chr20","61558711","61558872","29","142221162"
"chr1","203795161","203795218","chr3","15555540","15555595","9","188239621"
"chr1","203795515","203795682","chr12","33023715","33023880","23","170771800"
"chr1","203810514","203810720","chr6","3083397","3083603","22","200727117"
"chr1","203889286","203889387","chr1","15551533","15551634","15","188337753"
"chr1","203889849","203890031","chr11","134371526","134371706","30","69518323"
"chr1","203906839","203907083","chr9","87770338","87770596","52","116136501"
"chr1","203916711","203917018","chr15","60004931","60005240","55","143911780"
"chr1","203937571","203937864","chr7","73094896","73095187","40","130842675"
"chr1","203938183","203938362","chr5","61177586","61177769","25","142760597"
"chr1","203938786","203939086","chr11","10425355","10425652","38","193513431"
"chr1","203941977","203942275","chr5","23145755","23146050","41","180796222"
"chr1","203977987","203978274","chr3","49499021","49499306","41","154478966"
"chr1","203979930","203980241","chr3","58247769","58248071","54","145732161"
"chr1","204023712","204024014","chr1","146725524","146725833","38","57298188"
"chr1","204040815","204040945","chr16","14284147","14284280","17","189756668"
"chr1","204058118","204058413","chr5","157037102","157037398","40","47021016"
"chr1","204067420","204067580","chr14","29833303","29833463","26","174234117"
"chr1","204068280","204068570","chr20","50773327","50773617","41","153294953"
"chr1","204075438","204075759","chr6","112148811","112149116","51","91926627"
"chr1","204079131","204079426","chr8","78441857","78442157","42","125637274"
"chr1","204082723","204083007","chr7","22396211","22396497","47","181686512"
"chr1","204108452","204108765","chr6","11232610","11232912","39","192875842"
"chr1","204130745","204131033","chr9","41878230","41878523","32","162252515"
"chr1","204132003","204132114","chr1","130434698","130434805","18","73697305"
"chr1","204150256","204150475","chr1","114065071","114065292","42","90085185"
"chr1","204234970","204235051","chr3","54364417","54364503","14","149870553"
"chr1","204250950","204251182","chr4","17739394","17739629","41","186511556"
"chr1","204257279","204257411","chr8","24953975","24954108","22","179303304"
"chr1","204263647","204263974","chr17","58094382","58094702","52","146169265"
"chr1","204267227","204267326","chr5","134361106","134361201","27","69906121"
"chr1","204278360","204278643","chr8","84303503","84303790","53","119974857"
"chr1","204337439","204337747","chr21","30658994","30659298","41","173678445"
"chr1","204349156","204349263","chr14","23879599","23879700","15","180469557"
"chr1","204357360","204357506","chr22","4378239","4378384","19","199979121"
"chr1","204378215","204378308","chr22","20094329","20094420","13","184283886"
"chr1","204390995","204391158","chr11","46942414","46942579","26","157448581"
"chr1","204391159","204391339","chr18","17886081","17886264","24","186505078"
"chr1","204391662","204391793","chr16","81147975","81148108","15","123243687"
"chr1","204391794","204391886","chrX","69659721","69659814","9","134732073"
"chr1","204392250","204392542","chr5","41300508","41300800","44","163091742"
"chr1","204395854","204396078","chr2B","36361968","36362189","34","168033886"
"chr1","204397009","204397303","chr5","20888642","20888936","51","183508367"
"chr1","204401488","204401776","chr8","107039670","107039952","45","97361818"
"chr1","204445166","204445469","chr4","2168116","2168417","43","202277050"
"chr1","204449259","204449489","chr6","22531033","22531259","31","181918226"
"chr1","204449952","204450054","chrX","45466578","45466682","14","158983374"
"chr1","204452367","204452664","chr5","119275539","119275847","48","85176828"
"chr1","204453431","204453608","chr1","24681785","24681955","29","179771646"
"chr1","204457021","204457318","chrX","36383999","36384295","45","168073022"
"chr1","204460863","204461146","chr1","11669542","11669828","48","192791321"
"chr1","204470384","204470533","chr22","24589283","24589438","32","179881101"
"chr1","204470842","204470976","chr5","38957611","38957744","17","165513231"
"chr1","204473156","204473417","chr5","114970114","114970386","54","89503042"
"chr1","204485932","204486085","chr1","57370132","57370285","24","147115800"
"chr1","204486126","204486245","chrX","129658215","129658336","14","74827911"
"chr1","204491511","204491716","chr3","33605807","33606012","29","170885704"
"chr1","204491898","204491923","chr4","41559824","41559848","3","162932074"
"chr1","204498960","204499275","chr10","111260523","111260838","45","93238437"
"chr1","204527602","204527797","chr11","5209240","5209434","46","199318362"
"chr1","204527922","204527997","chr7","3975584","3975656","9","200552338"
"chr1","204541005","204541288","chr19","13425346","13425635","48","191115659"
"chr1","204583779","204584069","chr5","156460231","156460525","38","48123548"
"chr1","204589197","204589343","chr10","88726772","88726916","23","115862425"
"chr1","204596734","204597026","chr1","63265517","63265819","41","141331217"
"chr1","204599415","204599545","chr19","32515543","32515675","13","172083872"
"chr1","204624547","204624752","chr5","4741496","4741697","35","199883051"
"chr1","204625555","204625575","chr5","25862592","25862607","9","178762963"
"chr1","204628666","204628790","chr1","46966654","46966781","13","157662012"
"chr1","204638076","204638371","chr22","28586771","28587062","31","176051305"
"chr1","204641082","204641218","chr1","214134294","214134424","17","9493212"
"chr1","204641529","204641663","chr22","24845914","24846051","36","179795615"
"chr1","204646014","204646145","chr21","34756841","34756973","29","169889173"
"chr1","204662442","204662734","chr1","217275916","217276207","38","12613474"
"chr1","204672664","204672945","chrX","132898300","132898584","45","71774364"
"chr1","204731403","204731706","chr1","135844853","135845150","41","68886550"
"chr1","204785048","204785173","chr3","189036262","189036389","24","15748786"
"chr1","204807003","204807294","chr2B","117001635","117001927","43","87805368"
"chr1","204818558","204818859","chr1","35838189","35838488","49","168980369"
"chr1","204841699","204841815","chr3","50836150","50836264","14","154005549"
"chr1","204849287","204849414","chr14","60823980","60824109","17","144025307"
"chr1","204875786","204876062","chr15","23749853","23750142","54","181125933"
"chr1","204880689","204880805","chr3","62852860","62852977","18","142027829"
"chr1","204881108","204881313","chr1","24781579","24781777","43","180099529"
"chr1","204888131","204888433","chr20","62091846","62092146","36","142796285"
"chr1","204889084","204889267","chr1","140334966","140335172","37","64554118"
"chr1","204890488","204890683","chr11","93989212","93989416","40","110901276"
"chr1","204911978","204912266","chr3","121298263","121298559","42","83613715"
"chr1","204913745","204913904","chr7","1953278","1953440","41","202960467"
"chr1","204922138","204922446","chr1","216487322","216487632","37","11565184"
"chr1","204937939","204938031","chrX","941923","942014","21","203996016"
"chr1","204939004","204939224","chr11","78097653","78097869","25","126841351"
"chr1","204941564","204941697","chr12","118241268","118241399","16","86700296"
"chr1","204941986","204942060","chr5","53119372","53119428","35","151822614"
"chr1","204942351","204942518","chr2B","125949974","125950142","23","78992377"
"chr1","204947635","204947770","chr11","119261693","119261828","14","85685942"
"chr1","204948089","204948233","chr1","101740478","101740598","45","103207611"
"chr1","204953392","204953689","chr1","16393637","16393939","42","188559755"
"chr1","204954233","204954532","chr1","1265317","1265616","37","203688916"
"chr1","204970161","204970456","chr7","65579040","65579337","41","139391121"
"chr1","204970883","204971184","chr2A","44976866","44977161","37","159994017"
"chr1","204974296","204974551","chr10","144667939","144668186","52","60306357"
"chr1","204976386","204976626","chr1","32667499","32667739","42","172308887"
"chr1","204977872","204978171","chr14","59331803","59332104","31","145646069"
"chr1","204983417","204983581","chr7","62486171","62486332","21","142497246"
"chr1","204983882","204984018","chr7","73022172","73022307","14","131961710"
"chr1","204984022","204984292","chr16","81102917","81103186","36","123881105"
"chr1","204984296","204984566","chr16","81102917","81103186","35","123881379"
"chr1","204984571","204984692","chrX","19240655","19240787","19","185743916"
"chr1","205005285","205005568","chr7","23557399","23557685","56","181447886"
"chr1","205006221","205006383","chr16","3488439","3488599","25","201517782"
"chr1","205006706","205006719","chr1","28888598","28888611","2","176118108"
"chr1","205008165","205008483","chr19","8085222","8085532","42","196922943"
"chr1","205026727","205027012","chr2B","124728949","124729237","42","80297778"
"chr1","205027975","205028259","chr8","48387419","48387700","47","156640556"
"chr1","205053117","205053381","chr4","94031343","94031607","45","111021774"
"chr1","205077584","205077724","chr1","35102034","35102167","27","169975550"
"chr1","205083133","205083421","chr1","162359316","162359603","36","42723817"
"chr1","205087775","205088089","chr12","33084101","33084406","49","172003674"
"chr1","205089975","205090264","chr15","77937837","77938126","39","127152138"
"chr1","205095919","205096207","chr2A","80063573","80063869","42","125032346"
"chr1","205110940","205111232","chr7","138434617","138434908","33","66676323"
"chr1","205117651","205117773","chr1","24723040","24723167","18","180394611"
"chr1","205117813","205117870","chr3","168903757","168903819","13","36214056"
"chr1","205126143","205126413","chr5","67151227","67151499","43","137974916"
"chr1","205175469","205175776","chr22","15318262","15318535","76","189857207"
"chr1","205175916","205176048","chr17","17814752","17814887","16","187361164"
"chr1","205185091","205185369","chr17","888730","889009","54","204296361"
"chr1","205186185","205186412","chr6","22531033","22531259","36","182655152"
"chr1","205188199","205188371","chr7","156784585","156784756","27","48403614"
"chr1","205217646","205217950","chr1","24268512","24268815","47","180949134"
"chr1","205219209","205219369","chr1","145819643","145819804","33","59399566"
"chr1","205234843","205235140","chr1","15537107","15537412","44","189697736"
"chr1","205242108","205242418","chr7","23277677","23277980","54","181964431"
"chr1","205245282","205245592","chr1","182113299","182113606","39","23131983"
"chr1","205248427","205248710","chr6","13937967","13938258","50","191310460"
"chr1","205274102","205274400","chr13","30419734","30420036","43","174854368"
"chr1","205277762","205278068","chr11","73266148","73266441","48","132011614"
"chr1","205278079","205278317","chr3","53672459","53672699","38","151605620"
"chr1","205280261","205280350","chr20","33826279","33826367","11","171453982"
"chr1","205304280","205304389","chr4","190089096","190089195","22","15215184"
"chr1","205341100","205341381","chr10","116742860","116743141","40","88598240"
"chr1","205363612","205363914","chr7","130280997","130281296","41","75082615"
"chr1","205364922","205365041","chr5","59411557","59411678","26","145953365"
"chr1","205377071","205377372","chr4","42284012","42284310","42","163093059"
"chr1","205385935","205386226","chr22","29204300","29204597","42","176181635"
"chr1","205394623","205394908","chr1","44057671","44057979","54","161336952"
"chr1","205399353","205399645","chr15","46012653","46012953","40","159386700"
"chr1","205400480","205400775","chr7","79053914","79054202","44","126346566"
"chr1","205427362","205427655","chr6","7503535","7503831","35","197923827"
"chr1","205466237","205466534","chr12","8838192","8838488","52","196628045"
"chr1","205481287","205481574","chrX","42228408","42228695","47","163252879"
"chr1","205494014","205494308","chr1","46659706","46659998","44","158834308"
"chr1","205506903","205507147","chr6","132580956","132581191","47","72925947"
"chr1","205510420","205510550","chr1","213473838","213473970","15","7963418"
"chr1","205510553","205510892","chr9","97243115","97243444","86","108267438"
"chr1","205626110","205626260","chr9","73304345","73304486","28","132321765"
"chr1","205642532","205642831","chrX","121099721","121100015","40","84542811"
"chr1","205648208","205648441","chr12","129479841","129480069","30","76168367"
"chr1","205650060","205650349","chr5","30036297","30036578","45","175613763"
"chr1","205653295","205653596","chr12","93161597","93161896","49","112491698"
"chr1","205668364","205668664","chr8","9756252","9756551","40","195912112"
"chr1","205686247","205686530","chr11","65352465","65352746","49","140333782"
"chr1","205728752","205728915","chr6","100480052","100480215","22","105248700"
"chr1","205739534","205739826","chr12","68198722","68199021","49","137540812"
"chr1","205744104","205744232","chrX","55054909","55055044","13","150689195"
"chr1","205754245","205754373","chr6","28063858","28063984","19","177690387"
"chr1","205754390","205754670","chr5","428326","428611","42","205326064"
"chr1","205765034","205765196","chr10","66617890","66618056","38","139147144"
"chr1","205768549","205768701","chr4","195121955","195122110","27","10646594"
"chr1","205774865","205775159","chr11","3623940","3624232","42","202150925"
"chr1","205785830","205786139","chr3","188664374","188664685","44","17121456"
"chr1","205821540","205821837","chr14","110301","110606","43","205711239"
"chr1","205848555","205848850","chr3","48185456","48185752","44","157663099"
"chr1","205897380","205897502","chr10","107898843","107898965","13","97998537"
"chr1","205897823","205897978","chr5","118210845","118210998","21","87686978"
"chr1","205907880","205908159","chr1","130632478","130632756","56","75275402"
"chr1","205917761","205918067","chr19","36459603","36459907","41","169458158"
"chr1","205918705","205918821","chr3","48116943","48117047","24","157801762"
"chr1","205924879","205924957","chr3","50958405","50958483","18","154966474"
"chr1","205925123","205925288","chr17","6556136","6556301","26","199368987"
"chr1","205937363","205937443","chr4","89801024","89801096","28","116136339"
"chr1","205937717","205937906","chr12","20258534","20258716","33","185679183"
"chr1","205939283","205939611","chr9","53593076","53593374","64","152346207"
"chr1","205955743","205956044","chr22","29376128","29376426","39","176579615"
"chr1","205971201","205971503","chr19","14638514","14638815","40","191332687"
"chr1","205974181","205974477","chr4","171586541","171586835","41","34387640"
"chr1","206013831","206014127","chr12","104520924","104521217","40","101492907"
"chr1","206027898","206028165","chrX","5038856","5039117","54","200989042"
"chr1","206035187","206035330","chr2B","16236065","16236209","17","189799122"
"chr1","206035621","206035774","chr11","46979759","46979912","20","159055862"
"chr1","206036521","206036810","chr4","171202478","171202770","48","34834043"
"chr1","206047623","206047905","chr11","3623940","3624232","41","202423683"
"chr1","206051795","206051956","chr19","33882410","33882568","25","172169385"
"chr1","206052253","206052375","chr19","279168","279291","16","205773085"
"chr1","206081022","206081233","chr12","117896530","117896755","35","88184492"
"chr1","206081276","206081336","chr2B","22923177","22923240","10","183158099"
"chr1","206081942","206082215","chr7","128692374","128692649","41","77389568"
"chr1","206108417","206108728","chr3","26222285","26222595","49","179886132"
"chr1","206126929","206127205","chr2B","64155275","64155555","45","141971654"
"chr1","206132605","206132657","chr1","34616075","34616127","10","171516530"
"chr1","206134125","206134382","chr13","55206953","55207211","40","150927172"
"chr1","206139104","206139395","chr3","121298263","121298559","41","84840841"
"chr1","206151421","206151713","chr1","36524676","36524970","37","169626745"
"chr1","206153385","206153631","chr5","32017044","32017299","46","174136341"
"chr1","206163371","206163669","chr2B","70672110","70672420","55","135491261"
"chr1","206169467","206169754","chr3","80568027","80568323","47","125601440"
"chr1","206197299","206197585","chr1","110633964","110634255","32","95563335"
"chr1","206199562","206199848","chr5","162573860","162574148","36","43625702"
"chr1","206200849","206201002","chr4","121711952","121712107","23","84488897"
"chr1","206201293","206201578","chr5","126754014","126754299","38","79447279"
"chr1","206204403","206204551","chr3","9778050","9778199","25","196426353"
"chr1","206204857","206204974","chr6","56654540","56654667","24","149550317"
"chr1","206206161","206206441","chr9","113673372","113673655","43","92532789"
"chr1","206229980","206230264","chr13","96332314","96332607","41","109897666"
"chr1","206238411","206238703","chr10","117190946","117191240","43","89047465"
"chr1","206260990","206261302","chr1","162890196","162890507","43","43370794"
"chr1","206270964","206271258","chrX","119244254","119244549","34","87026710"
"chr1","206281633","206281917","chrX","42228408","42228695","37","164053225"
"chr1","206287740","206288049","chr1","146667786","146668094","38","59619954"
"chr1","206288179","206288308","chr14","24278429","24278559","8","182009750"
"chr1","206293556","206293817","chr1","183657519","183657785","43","22636037"
"chr1","206318019","206318323","chr1","32175226","32175522","39","174142793"
"chr1","206318436","206318533","chr1","143579087","143579183","11","62739349"
"chr1","206321372","206321678","chr12","120007608","120007914","39","86313764"
"chr1","206322138","206322424","chr6","156937954","156938236","69","49384184"
"chr1","206322814","206323094","chr6","156937954","156938236","46","49384860"
"chr1","206335569","206335614","chr7","117826005","117826048","9","88509564"
"chr1","206376258","206376552","chr5","24372432","24372725","41","182003826"
"chr1","206408282","206408355","chr12","37424417","37424500","21","168983865"
"chr1","206410634","206410942","chr8","39533101","39533404","63","166877533"
"chr1","206413314","206413511","chr9","112436564","112436754","39","93976750"
"chr1","206438459","206438741","chrX","17297985","17298267","37","189140474"
"chr1","206443876","206444171","chr3","50174048","50174347","51","156269828"
"chr1","206445461","206445620","chr19","12031666","12031828","21","194413795"
"chr1","206445909","206446043","chr3","48404443","48404577","12","158041466"
"chr1","206449187","206449345","chr12","6210507","6210667","22","200238680"
"chr1","206463032","206463292","chr11","61687500","61687759","45","144775532"
"chr1","206470538","206470839","chr10","100668224","100668519","54","105802314"
"chr1","206471442","206471576","chr5","38624990","38625126","15","167846452"
"chr1","206471577","206471872","chr5","53705870","53706166","38","152765707"
"chr1","206471873","206472041","chr6","161359805","161359973","23","45112068"
"chr1","206474394","206474685","chr3","51085560","51085840","48","155388834"
"chr1","206492707","206492995","chr6","136694182","136694473","44","69798525"
"chr1","206493007","206493273","chr5","155512941","155513214","56","50980066"
"chr1","206494778","206495081","chr3","189017179","189017480","44","17477599"
"chr1","206516902","206517016","chr17","8267722","8267836","16","198249180"
"chr1","206517320","206517353","chr22","29427293","29427319","9","177090027"
"chr1","206517577","206517648","chrX","1874805","1874872","12","204642772"
"chr1","206535827","206535988","chr18","18577424","18577586","17","187958403"
"chr1","206549268","206549403","chr9","53560737","53560869","15","152988531"
"chr1","206549722","206549863","chr10","29633018","29633159","24","176916704"
"chr1","206569569","206569651","chr17","60194725","60194811","21","146374844"
"chr1","206652961","206653169","chr9","49385422","49385635","36","157267539"
"chr1","206677563","206677860","chr6","140759726","140760022","37","65917837"
"chr1","206719152","206719441","chr2B","123843591","123843881","46","82875561"
"chr1","206772841","206773145","chr22","30633031","30633328","41","176139810"
"chr1","206992955","206993159","chr14","57474427","57474626","32","149518528"
"chr1","207072003","207072185","chr1","129332753","129332933","21","77739250"
"chr1","207091921","207092232","chr5","32325004","32325315","43","174766917"
"chr1","207094559","207094715","chr14","47879316","47879474","25","159215243"
"chr1","207167371","207167680","chr3","23761039","23761347","44","183406332"
"chr1","207214114","207214278","chr4","158776911","158777072","22","48437203"
"chr1","207378392","207378689","chrX","111678645","111678944","36","95699747"
"chr1","207388034","207388338","chr7","85560938","85561239","46","121827096"
"chr1","207407039","207407344","chr6","117396368","117396672","50","90010671"
"chr1","207431445","207431741","chr13","96332314","96332607","40","111099131"
"chr1","207676219","207676349","chr8","85967035","85967166","15","121709184"
"chr1","207686466","207686746","chr6","14380618","14380894","45","193305848"
"chr1","207773504","207773797","chr12","67863441","67863746","54","139910063"
"chr1","207784550","207784679","chr3","115180873","115181000","15","92603677"
"chr1","207784680","207784894","chr14","60559172","60559388","33","147225508"
"chr1","207789755","207790048","chr12","95495954","95496253","57","112293801"
"chr1","207795084","207795394","chr8","110818560","110818871","50","96976524"
"chr1","207798320","207798628","chr6","121372230","121372537","42","86426090"
"chr1","207810052","207810353","chr5","152699953","152700253","55","55110099"
"chr1","207898985","207899288","chr18","74362534","74362835","50","133536451"
"chr1","207917440","207917734","chr3","182650235","182650522","42","25267205"
"chr1","207931444","207931647","chr5","108144627","108144826","49","99786817"
"chr1","207950375","207950668","chr6","32844125","32844413","57","175106250"
"chr1","207951042","207951287","chr1","43158847","43159094","46","164792195"
"chr1","207970893","207971192","chr11","61767895","61768197","51","146202998"
"chr1","207991381","207991612","chr1","47828653","47828882","35","160162728"
"chr1","208070641","208070913","chr2B","94337341","94337613","34","113733300"
"chr1","208102867","208103165","chr13","75145470","75145767","40","132957397"
"chr1","208110970","208111267","chr1","212745117","212745410","38","4634147"
"chr1","208111525","208111617","chr2B","93631300","93631395","15","114480225"
"chr1","208180511","208180763","chr17","18600449","18600707","45","189580062"
"chr1","208222581","208222890","chr6","37361889","37362199","40","170860692"
"chr1","208237013","208237149","chr5","110285576","110285711","19","97951437"
"chr1","208237150","208237443","chr9","97977345","97977638","39","110259805"
"chr1","208237444","208237601","chr8","20046675","20046828","32","188190769"
"chr1","208261235","208261505","chr5","5483157","5483433","49","202778078"
"chr1","208344626","208344756","chr7","152080646","152080784","31","56263980"
"chr1","208435995","208436218","chr16","24895211","24895435","30","183540784"
"chr1","208477809","208478090","chr11","98081123","98081409","44","110396686"
"chr1","208515552","208515856","chr14","60358029","60358326","41","148157523"
"chr1","208542281","208542589","chr7","54230577","54230887","51","154311704"
"chr1","208556097","208556396","chr5","44412868","44413170","46","164143229"
"chr1","208585863","208586100","chr11","66000005","66000240","46","142585858"
"chr1","208648516","208648790","chr4","196248499","196248785","53","12400017"
"chr1","208648808","208649011","chr3","18939412","18939612","35","189709396"
"chr1","208657170","208657458","chrX","42228408","42228695","40","166428762"
"chr1","208658016","208658131","chr1","63588767","63588886","20","145069249"
"chr1","208683792","208683919","chr7","78564508","78564642","22","130119284"
"chr1","208723947","208724222","chr6","160406413","160406700","49","48317534"
"chr1","208728090","208728350","chr3","175421760","175422036","49","33306330"
"chr1","208729555","208729813","chr11","8461916","8462171","48","200267639"
"chr1","208777356","208777634","chr1","9275862","9276152","49","199501494"
"chr1","208780342","208780449","chr6","10607625","10607733","14","198172717"
"chr1","208783213","208783517","chr21","8933751","8934065","44","199849462"
"chr1","208827637","208827877","chr12","121608215","121608450","41","87219422"
"chr1","208828818","208829074","chr14","63907096","63907358","40","144921722"
"chr1","208840773","208841067","chr5","16293755","16294048","44","192547018"
"chr1","208913187","208913352","chr1","24681785","24681955","21","184231402"
"chr1","208926307","208926597","chr17","13768149","13768443","36","195158158"
"chr1","208960036","208960297","chr19","35202525","35202801","65","173757511"
"chr1","208963893","208964204","chr21","30718708","30719012","37","178245185"
"chr1","208993420","208993625","chr15","19414385","19414589","25","189579035"
"chr1","208994410","208994713","chr17","34888098","34888397","42","174106312"
"chr1","209002441","209002692","chr11","102117981","102118241","46","106884460"
"chr1","209028227","209028538","chr9","45392391","45392696","42","163635836"
"chr1","209028686","209028972","chr4","6446256","6446548","50","202582430"
"chr1","209040872","209041190","chr13","2865420","2865717","50","206175452"
"chr1","209041191","209041509","chr1","205863329","205863635","45","3177862"
"chr1","209091204","209091301","chr16","3558648","3558749","14","205532556"
"chr1","209115412","209115706","chr9","91366557","91366846","51","117748855"
"chr1","209133675","209133990","chr6","153832315","153832628","61","55301360"
"chr1","209215593","209215878","chr11","44301822","44302106","37","164913771"
"chr1","209236489","209236783","chrX","134825840","134826136","29","74410649"
"chr1","209258789","209259084","chr6","45713778","45714072","38","163545011"
"chr1","209274486","209274769","chr11","9392301","9392584","41","199882185"
"chr1","209275390","209275691","chr10","112297321","112297630","41","96978069"
"chr1","209309975","209310281","chr5","118351918","118352225","51","90958057"
"chr1","209369034","209369308","chr5","123721067","123721348","53","85647967"
"chr1","209369419","209369561","chr5","118006764","118006899","22","91362655"
"chr1","209369888","209370049","chr19","35136638","35136802","31","174233250"
"chr1","209371826","209372093","chr3","179781249","179781524","53","29590577"
"chr1","209382070","209382319","chr4","23802005","23802274","57","185580065"
"chr1","209385021","209385300","chr4","93828554","93828847","44","115556467"
"chr1","209386927","209387228","chr14","56661827","56662134","45","152725100"
"chr1","209387983","209388272","chr3","199443194","199443483","38","9944789"
"chr1","209397499","209397616","chr9","57352945","57353058","29","152044554"
"chr1","209397777","209397911","chr13","94227009","94227140","21","115170768"
"chr1","209398568","209398753","chr16","80279351","80279533","16","129119217"
"chr1","209401320","209401561","chr16","59648825","59649065","37","149752495"
"chr1","209403865","209404158","chr1","63265517","63265819","42","146138348"
"chr1","209411361","209411656","chr15","1886496","1886796","42","207524865"
"chr1","209417706","209417973","chrX","69875555","69875820","46","139542151"
"chr1","209427854","209428111","chr9","87647348","87647609","46","121780506"
"chr1","209443562","209443847","chr3","51018676","51018963","44","158424886"
"chr1","209445666","209445844","chr2A","61871883","61872059","26","147573783"
"chr1","209446148","209446283","chr11","61143946","61144082","12","148302202"
"chr1","209458318","209458618","chr7","139963807","139964112","38","69494511"
"chr1","209462016","209462326","chr7","72367456","72367767","51","137094560"
"chr1","209498040","209498189","chr3","134610326","134610478","18","74887714"
"chr1","209530284","209530578","chr7","77737487","77737777","62","131792797"
"chr1","209575258","209575302","chr10","64769822","64769866","7","144805436"
"chr1","209602461","209602702","chr22","34013952","34014182","42","175588509"
"chr1","209606923","209607213","chr4","58839205","58839494","30","150767718"
"chr1","209629935","209630238","chr3","46381852","46382163","40","163248083"
"chr1","209635757","209636052","chr12","19563926","19564220","36","190071831"
"chr1","209642390","209642672","chr12","120007608","120007914","58","89634782"
"chr1","209650428","209650718","chr2A","22299547","22299836","30","187350881"
"chr1","209654873","209655104","chr22","34013952","34014182","32","175640921"
"chr1","209658916","209658929","chr5","122154972","122154983","3","87503944"
"chr1","209658950","209659221","chr12","124254648","124254922","42","85404302"
"chr1","209674903","209675205","chr16","80466295","80466597","39","129208608"
"chr1","209675986","209676275","chr3","36205151","36205432","47","173470835"
"chr1","209679427","209679504","chr16","63024374","63024447","24","146655053"
"chr1","209687481","209687633","chr1","157408700","157408849","22","52278781"
"chr1","209729371","209729658","chr6","48058765","48059050","44","161670606"
"chr1","209732205","209732512","chr1","163838013","163838316","43","45894192"
"chr1","209732518","209732818","chr10","96983606","96983893","49","112748912"
"chr1","209746433","209746708","chr13","9973514","9973789","51","199772919"
"chr1","209752676","209752791","chr2A","32444278","32444390","32","177308398"
"chr1","209781035","209781159","chr1","7393463","7393589","20","202387572"
"chr1","209781160","209781477","chr1","185544511","185544817","45","24236649"
"chr1","209781478","209781633","chrX","50132440","50132584","31","159649038"
"chr1","209816716","209816998","chr20","43229797","43230089","46","166586919"
"chr1","209835356","209835563","chr16","3795910","3796076","71","206039446"
"chr1","209864358","209864490","chr15","20074227","20074360","14","189790131"
"chr1","209864794","209864925","chr1","25588253","25588379","24","184276541"
"chr1","209875307","209875484","chr15","35722202","35722379","29","174153105"
"chr1","209875650","209875941","chr8","15824738","15825034","44","194050912"
"chr1","209884655","209884796","chr5","6272328","6272463","32","203612327"
"chr1","209885108","209885130","chr11","438405","438423","5","209446703"
"chr1","209885131","209885417","chr7","73094896","73095187","43","136790235"
"chr1","209885418","209885529","chr4","152329814","152329922","20","57555604"
"chr1","209885832","209885957","chr3","40199084","40199204","19","169686748"
"chr1","209890094","209890301","chr1","15530693","15530909","38","194359401"
"chr1","209895627","209895757","chr11","3661114","3661245","18","206234513"
"chr1","209899487","209899620","chr16","65477857","65477989","16","144421630"
"chr1","209904625","209904820","chr19","13368999","13369193","33","196535626"
"chr1","209923308","209923598","chr11","118400359","118400655","38","91522949"
"chr1","209999244","209999555","chr3","103786221","103786526","56","106213023"
"chr1","210002691","210002940","chr15","18301772","18302039","52","191700919"
"chr1","210023873","210023937","chr2B","133443909","133443973","8","76579964"
"chr1","210026486","210026601","chr12","133103129","133103241","41","76923357"
"chr1","210026876","210027191","chr1","61094597","61094910","66","148932279"
"chr1","210027305","210027597","chr9","116793954","116794255","47","93233351"
"chr1","210029365","210029657","chr2A","20895744","20896038","35","189133621"
"chr1","210061373","210061456","chr1","28753545","28753625","14","181307828"
"chr1","210061754","210061895","chr18","60240694","60240839","25","149821060"
"chr1","210062874","210063189","chr10","6497308","6497621","40","203565566"
"chr1","210066653","210066928","chr19","47921162","47921446","51","162145491"
"chr1","210070952","210071257","chr5","156460231","156460525","39","53610721"
"chr1","210072606","210072774","chr7","44547499","44547669","29","165525107"
"chr1","210084270","210084388","chr2A","37342062","37342176","18","172742208"
"chr1","210090401","210090605","chr19","19063304","19063497","36","191027097"
"chr1","210096314","210096616","chr8","123192438","123192739","38","86903876"
"chr1","210097630","210097787","chr19","4033726","4033888","26","206063904"
"chr1","210131114","210131408","chr5","45720648","45720942","46","164410466"
"chr1","210151074","210151208","chrX","1474462","1474593","15","208676612"
"chr1","210151466","210151529","chr17","38735481","38735529","21","171415985"
"chr1","210162698","210162840","chr3","39406104","39406247","15","170756594"
"chr1","210163506","210163618","chr10","100784384","100784492","19","109379122"
"chr1","210175554","210175840","chrX","77818293","77818574","45","132357261"
"chr1","210185925","210186106","chr3","33516380","33516565","40","176669545"
"chr1","210189318","210189605","chr14","44038733","44039019","35","166150585"
"chr1","210192097","210192364","chr6","77982799","77983061","42","132209298"
"chr1","210304937","210305253","chr3","124986442","124986752","45","85318495"
"chr1","210317813","210317941","chr1","46966654","46966781","23","163351159"
"chr1","210317978","210318255","chr16","13396182","13396464","47","196921796"
"chr1","210325017","210325291","chr6","27328984","27329260","49","182996033"
"chr1","210329186","210329485","chr2B","9598093","9598389","41","200731093"
"chr1","210342671","210342836","chr1","135336190","135336355","36","75006481"
"chr1","210343110","210343243","chr12","111995608","111995741","20","98347502"
"chr1","210366095","210366375","chr6","141404416","141404699","53","68961679"
"chr1","210367927","210368232","chr12","214103","214413","56","210153824"
"chr1","210376707","210377004","chr7","48275505","48275805","45","162101202"
"chr1","210382363","210382658","chr4","39184698","39184992","40","171197665"
"chr1","210386123","210386423","chr11","75682726","75683019","46","134703397"
"chr1","210387982","210388249","chr2A","41856597","41856866","52","168531385"
"chr2","13631466","13631618","chr21","22209495","22209646","17","8578029"
"chr2","15728461","15728756","chr4","198115807","198116103","45","182387346"
"chr2","65011647","65011793","chr1","140504904","140505047","21","75493257"
"chr2","115343273","115343539","chr11","48292645","48292917","46","67050628"
"chr2","170917631","170917953","chr17","62983511","62983822","46","107934120"
"chr2","5898177","5898249","chr19","18077305","18077373","19","12179128"
"chr2","8257286","8257574","chr17","41932161","41932454","41","33674875"
"chr2","9174960","9175171","chr20","31601124","31601321","41","22426164"
"chr2","31064003","31064188","chr5","163894509","163894701","42","132830506"
"chr2","49151854","49152152","chr6","7503535","7503831","37","41648319"
"chr2","62259055","62259377","chr2B","40197014","40197323","50","22062041"
"chr2","62783479","62783773","chr5","7914055","7914348","35","54869424"
"chr2","81133467","81133758","chr6","128262527","128262815","38","47129060"
"chr2","86769663","86769976","chr5","94004472","94004781","44","7234809"
"chr2","90963968","90964246","chr5","44006917","44007193","47","46957051"
"chr2","103284497","103284790","chr5","24372432","24372725","42","78912065"
"chr2","105119628","105119760","chr2B","13381090","13381223","14","91738538"
"chr2","113377204","113377382","chr19","32471649","32471825","24","80905555"
"chr2","116653977","116654264","chr5","158745419","158745710","41","42091442"
"chr2","121503734","121504035","chr15","80669636","80669934","50","40834098"
"chr2","128843685","128843975","chr5","8212329","8212622","46","120631356"
"chr2","132644715","132645007","chrX","44801762","44802052","41","87842953"
"chr2","139853618","139853918","chr1","44904155","44904451","43","94949463"
"chr2","153222905","153223208","chr1","193132439","193132740","59","39909534"
"chr2","162267067","162267367","chr1","27413664","27413959","44","134853403"
"chr2","167247858","167248164","chr11","120932649","120932956","38","46315209"
"chr2","180485927","180486212","chr17","72608904","72609196","49","107877023"
"chr2","197263151","197263444","chr20","519859","520148","45","196743292"
"chr2","199753664","199753943","chr1","11669542","11669828","48","188084122"
"chr2","19738","20000","chr10","82307237","82307504","48","82287499"
"chr2","21746","22004","chr16","3360515","3360777","56","3338769"
"chr2","26169","26466","chr1","45953736","45954032","46","45927567"
"chr2","31496","31784","chr9","32631869","32632166","51","32600373"
"chr2","33618","33825","chr15","54800515","54800718","29","54766897"
"chr2","38380","38659","chr9","110099856","110100139","42","110061476"
"chr2","39005","39297","chr1","27413664","27413959","45","27374659"
"chr2","56511","56817","chr1","216899282","216899593","48","216842771"
"chr2","130442","130741","chr19","18189585","18189884","44","18059143"
"chr2","132655","132963","chr7","130893267","130893571","50","130760612"
"chr2","135507","135627","chr8","25269394","25269515","20","25133887"
"chr2","137236","137378","chr3","173274411","173274556","27","173137175"
"chr2","141517","141803","chr8","16412781","16413064","38","16271264"
"chr2","144085","144380","chr8","82891492","82891779","52","82747407"
"chr2","158465","158655","chr20","33909675","33909861","33","33751210"
"chr2","159128","159430","chr2B","67540821","67541122","41","67381693"
"chr2","160489","160652","chr5","3393603","3393770","24","3233114"
"chr2","160704","160822","chr16","75698450","75698566","20","75537746"
"chr2","161433","161683","chr1","161489223","161489481","52","161327790"
"chr2","165964","166134","chr5","46194798","46194969","31","46028834"
"chr2","166444","166558","chr11","74521714","74521836","25","74355270"
"chr2","172633","172914","chr8","45479226","45479509","46","45306593"
"chr2","175806","175971","chr8","131963776","131963942","20","131787970"
"chr2","178517","178813","chr10","40350693","40350990","38","40172176"
"chr2","179013","179127","chr11","112033042","112033153","14","111854029"
"chr2","179160","179340","chr7","56521475","56521651","38","56342315"
"chr2","181878","182020","chr9","121318844","121318980","32","121136966"
"chr2","185159","185439","chr3","177668368","177668643","57","177483209"
"chr2","194061","194357","chr2B","92229313","92229618","43","92035252"
"chr2","207838","208014","chr3","2186572","2186752","32","1978734"
"chr2","208591","208757","chr2B","83806339","83806508","33","83597748"
"chr2","258367","258533","chr2B","83806339","83806508","34","83547972"
"chr2","277415","277544","chr14","14109292","14109410","50","13831877"
"chr2","279969","280243","chr4","74585988","74586265","54","74306019"
"chr2","281418","281715","chr19","35826743","35827033","47","35545325"
"chr2","282116","282325","chr17","65032954","65033165","55","64750838"
"chr2","294690","294909","chr3","169208122","169208346","52","168913432"
"chr2","300007","300287","chr8","18827387","18827655","53","18527380"
"chr2","314238","314362","chr3","127000006","127000127","11","126685768"
"chr2","314672","314845","chr5","133168102","133168276","24","132853430"
"chr2","329971","330261","chr17","21648120","21648414","51","21318149"
"chr2","331744","332033","chr5","141748249","141748545","51","141416505"
"chr2","338194","338456","chr3","199793361","199793617","53","199455167"
"chr2","340130","340420","chr22","12458278","12458573","49","12118148"
"chr2","340994","341318","chr8","45919509","45919830","53","45578515"
"chr2","358007","358140","chr12","123009426","123009557","30","122651419"
"chr2","358433","358583","chr6","40746708","40746861","32","40388275"
"chr2","370408","370717","chr5","838415","838723","48","468007"
"chr2","377834","378135","chr8","9756252","9756551","46","9378418"
"chr2","379032","379281","chr1","153153452","153153702","42","152774420"
"chr2","379857","380145","chrX","155181732","155182023","45","154801875"
"chr2","389818","389967","chr9","13304944","13305095","26","12915126"
"chr2","391361","391535","chr12","37388525","37388697","23","36997164"
"chr2","391834","391921","chr1","65145273","65145362","15","64753439"
"chr2","395086","395331","chr12","11358465","11358705","45","10963379"
"chr2","395705","395934","chr14","83907176","83907405","34","83511471"
"chr2","401410","401715","chr5","118351918","118352225","37","117950508"
"chr2","404259","404374","chr1","209109778","209109894","17","208705519"
"chr2","407075","407269","chr16","18215325","18215521","36","17808250"
"chr2","411070","411364","chr5","61395654","61395946","41","60984584"
"chr2","414325","414618","chr2A","45828642","45828935","33","45414317"
"chr2","422932","423102","chr15","51640692","51640861","20","51217760"
"chr2","423482","423785","chr6","159384884","159385188","38","158961402"
"chr2","430817","430948","chr19","40084302","40084434","14","39653485"
"chr2","446613","446745","chr1","7920848","7920979","13","7474235"
"chr2","451916","452132","chr6","162133200","162133417","34","161681284"
"chr2","457410","457705","chr8","18830083","18830370","58","18372673"
"chr2","464678","464806","chr3","115180873","115181000","16","114716195"
"chr2","501364","501637","chr17","5711454","5711734","59","5210090"
"chr2","583345","583464","chr16","75767501","75767618","25","75184156"
"chr2","583793","583951","chr1","161925292","161925442","26","161341499"
"chr2","583952","584116","chr20","11943949","11944118","37","11359997"
"chr2","601247","601386","chr19","57510415","57510558","22","56909168"
"chr2","606172","606461","chr8","82891492","82891779","39","82285320"
"chr2","665746","666042","chr5","41300508","41300800","51","40634762"
"chr2","680031","680310","chr17","29340320","29340602","47","28660289"
"chr2","686291","686599","chr17","89099068","89099374","48","88412777"
"chr2","696435","696596","chrX","52096827","52096988","15","51400392"
"chr2","696818","696887","chr19","16554096","16554180","31","15857278"
"chr2","697147","697282","chr2A","82146576","82146708","15","81449429"
"chr2","714982","715267","chr20","21716901","21717194","50","21001919"
"chr2","724283","724382","chr4","95494971","95495071","16","94770688"
"chr2","734471","734675","chr14","85511353","85511552","28","84776882"
"chr2","751897","751983","chr12","96377654","96377742","14","95625757"
"chr2","753913","753992","chr5","39302648","39302730","16","38548735"
"chr2","760846","760955","chr1","130434698","130434805","17","129673852"
"chr2","766420","766715","chr6","45713778","45714072","28","44947358"
"chr2","775927","776218","chr22","30285663","30285953","53","29509736"
"chr2","782893","782966","chr6","43652072","43652152","15","42869179"
"chr2","797524","797775","chr7","64031485","64031746","44","63233961"
"chr2","805527","805744","chr1","52183942","52184158","32","51378415"
"chr2","811333","811617","chr9","12997485","12997766","34","12186152"
"chr2","812488","812596","chr19","3972798","3972900","22","3160310"
"chr2","812913","813076","chr11","107654526","107654690","29","106841613"
"chr2","818738","818899","chr10","148054018","148054180","26","147235280"
"chr2","819193","819322","chr2B","96120242","96120374","13","95301049"
"chr2","820367","820480","chr7","107267987","107268103","14","106447620"
"chr2","827271","827523","chr10","9089162","9089419","56","8261891"
"chr2","830233","830527","chr5","156460231","156460525","54","155629998"
"chr2","832151","832479","chr3","186728571","186728885","49","185896420"
"chr2","857641","857825","chr21","1052821","1053004","19","195180"
"chr2","891667","891800","chr16","379923","380058","15","511744"
"chr2","906092","906203","chr15","69621757","69621869","30","68715665"
"chr2","906348","906546","chr19","52302090","52302291","64","51395742"
"chr2","957617","957834","chr7","148242211","148242427","42","147284594"
"chr2","982721","982941","chr9","63500002","63500237","48","62517281"
"chr2","989610","989913","chr7","134938326","134938628","49","133948716"
"chr2","1016689","1016824","chr14","54315089","54315224","15","53298400"
"chr2","1017119","1017286","chr3","16047616","16047784","29","15030497"
"chr2","1020135","1020425","chr5","4872922","4873216","49","3852787"
"chr2","1031904","1032192","chr6","48058765","48059050","39","47026861"
"chr2","1043847","1044155","chr3","52354728","52355033","50","51310881"
"chr2","1050232","1050532","chr7","74507119","74507431","45","73456887"
"chr2","1053870","1054164","chr15","43868674","43868971","42","42814804"
"chr2","1055234","1055404","chr1","160188990","160189161","28","159133756"
"chr2","1058770","1059052","chr11","67721064","67721346","47","66662294"
"chr2","1067235","1067534","chr4","72255263","72255559","47","71188028"
"chr2","1068535","1068651","chr3","183845217","183845333","20","182776682"
"chr2","1069494","1069789","chr1","76677706","76677999","33","75608212"
"chr2","1072634","1072877","chr10","85496651","85496908","51","84424017"
"chr2","1076218","1076392","chr16","182392","182565","43","893826"
"chr2","1087125","1087405","chr16","60908326","60908607","43","59821201"
"chr2","1091658","1091957","chr7","71539413","71539711","40","70447755"
"chr2","1100955","1101088","chr17","9135323","9135448","22","8034368"
"chr2","1115792","1116083","chr5","4345743","4346035","44","3229951"
"chr2","1119274","1119426","chr14","86347679","86347827","31","85228405"
"chr2","1127992","1128092","chr4","22256879","22256976","21","21128887"
"chr2","1130990","1131108","chrX","130140836","130140954","20","129009846"
"chr2","1131709","1131981","chr6","25590350","25590612","52","24458641"
"chr2","1137610","1137906","chrX","155181732","155182023","48","154044122"
"chr2","1138915","1139192","chr19","43864150","43864429","48","42725235"
"chr2","1150124","1150252","chr6","115815313","115815443","30","114665189"
"chr2","1150559","1150693","chr5","141443434","141443566","18","140292875"
"chr2","1153371","1153662","chr5","24372432","24372725","40","23219061"
"chr2","1155355","1155640","chr11","66618808","66619095","35","65463453"
"chr2","1159066","1159355","chr5","147372333","147372625","44","146213267"
"chr2","1162298","1162470","chr19","609700","609878","28","552598"
"chr2","1162769","1162893","chr8","85967035","85967166","14","84804266"
"chr2","1177073","1177243","chr1","68252244","68252402","41","67075171"
"chr2","1177504","1177515","chr6","29384246","29384256","3","28206742"
"chr2","1186876","1187168","chr4","93828554","93828847","39","92641678"
"chr2","1189566","1189771","chr5","6172931","6173131","37","4983365"
"chr2","1192390","1192490","chr7","65408133","65408237","16","64215743"
"chr2","1192763","1192958","chr16","29290824","29291014","42","28098061"
"chr2","1197806","1198114","chr11","66003552","66003850","49","64805746"
"chr2","1199731","1199843","chr12","37012665","37012778","10","35812934"
"chr2","1202864","1203030","chr16","20022011","20022182","45","18819147"
"chr2","1203314","1203433","chr19","54411289","54411412","24","53207975"
"chr2","1205008","1205295","chrX","132971523","132971812","49","131766515"
"chr2","1220623","1220923","chr3","189017179","189017480","43","187796556"
"chr2","1229574","1229746","chr6","18189802","18189976","30","16960228"
"chr2","1235205","1235366","chr9","22551456","22551615","25","21316251"
"chr2","1237058","1237327","chr5","92676376","92676647","50","91439318"
"chr2","1240723","1240845","chr20","31547819","31547950","22","30307096"
"chr2","1240978","1241103","chr20","31547819","31547950","21","30306841"
"chr2","1241106","1241231","chr20","31547819","31547950","21","30306713"
"chr2","1247025","1247332","chr22","2903052","2903361","42","1656027"
"chr2","1257783","1257916","chr9","49197226","49197359","21","47939443"
"chr2","1258157","1258317","chr19","6559213","6559375","30","5301056"
"chr2","1259266","1259472","chr15","19414385","19414589","28","18155119"
"chr2","1262146","1262260","chr8","63631723","63631835","16","62369577"
"chr2","1262306","1262625","chr20","43088105","43088415","61","41825799"
"chr2","1275160","1275312","chr14","58912925","58913079","31","57637765"
"chr2","1277629","1277808","chr4","40349029","40349203","29","39071400"
"chr2","1278111","1278292","chr16","30509338","30509535","60","29231227"
"chr2","1279318","1279609","chr17","1639093","1639392","35","359775"
"chr2","1285721","1285817","chrX","941923","942014","21","343798"
"chr2","1294115","1294381","chr19","48114622","48114890","48","46820507"
"chr2","1296394","1296670","chr6","113067796","113068077","47","111771402"
"chr2","1305194","1305309","chrX","1225172","1225283","14","80022"
"chr2","1327738","1328027","chr15","37017871","37018163","36","35690133"
"chr2","1330894","1331028","chr16","379923","380058","19","950971"
"chr2","1331029","1331308","chrX","111354529","111354812","40","110023500"
"chr2","1331390","1331738","chr19","56510863","56511209","73","55179473"
"chr2","1341119","1341415","chr1","46886980","46887270","46","45545861"
"chr2","1342075","1342372","chr12","92652799","92653098","42","91310724"
"chr2","1344425","1344684","chrX","24438622","24438886","47","23094197"
"chr2","1355052","1355258","chr19","8894042","8894246","34","7538990"
"chr2","1364642","1364767","chr3","37674683","37674810","20","36310041"
"chr2","1364807","1364967","chr16","3488439","3488599","21","2123632"
"chr2","1365995","1366318","chr14","19296484","19296794","46","17930489"
"chr2","1366775","1367075","chr9","106948213","106948511","35","105581438"
"chr2","1387156","1387454","chr6","7503535","7503831","47","6116379"
"chr2","1398356","1398502","chr13","95556327","95556472","23","94157971"
"chr2","1400363","1400522","chr8","73676755","73676914","30","72276392"
"chr2","1403052","1403239","chr5","98305168","98305337","40","96902116"
"chr2","1403258","1403542","chr7","42023635","42023920","39","40620377"
"chr2","1416143","1416439","chr5","22309256","22309551","46","20893113"
"chr2","1451017","1451331","chr10","113065197","113065497","59","111614180"
"chr2","1458369","1458684","chr1","32797747","32798044","79","31339378"
"chr2","1463540","1463687","chr17","17546174","17546319","34","16082634"
"chr2","1467605","1467765","chrX","52096827","52096988","28","50629222"
"chr2","1467974","1468257","chr9","12997485","12997766","44","11529511"
"chr2","1469017","1469136","chr8","25269394","25269515","15","23800377"
"chr2","1470312","1470637","chr8","118252733","118253044","73","116782421"
"chr2","1473491","1473574","chr10","101103859","101103947","21","99630368"
"chr2","1479274","1479433","chr6","89784869","89785032","29","88305595"
"chr2","1491525","1491696","chr8","7700989","7701162","24","6209464"
"chr2","1492014","1492149","chr3","50154302","50154437","18","48662288"
"chr2","1492502","1492655","chr11","46979759","46979912","26","45487257"
"chr2","1492944","1493074","chr8","118134000","118134134","17","116641056"
"chr2","1508197","1508448","chr12","113261292","113261537","47","111753095"
"chr2","1509426","1509538","chr5","154743608","154743723","17","153234182"
"chr2","1509563","1509720","chr10","14983614","14983773","25","13474051"
"chr2","1510667","1510865","chr7","6371138","6371343","35","4860471"
"chr2","1511245","1511375","chr1","27766961","27767092","17","26255716"
"chr2","1543153","1543454","chr7","65337156","65337458","31","63794003"
"chr2","1547187","1547494","chr2A","33778317","33778626","48","32231130"
"chr2","1547512","1547646","chr14","12485207","12485337","20","10937695"
"chr2","1547954","1548135","chr16","23669145","23669323","25","22121191"
"chr2","1554010","1554292","chr20","34550671","34550962","51","32996661"
"chr2","1573525","1573616","chr7","68348254","68348341","13","66774729"
"chr2","1595935","1596220","chr5","47101929","47102212","36","45505994"
"chr2","1600548","1600841","chr21","6181721","6182010","56","4581173"
"chr2","1603176","1603472","chr19","45555520","45555817","37","43952344"
"chr2","1606616","1606923","chr18","18071207","18071512","48","16464591"
"chr2","1606983","1607286","chr12","75845443","75845741","60","74238460"
"chr2","1610344","1610620","chr7","109302984","109303255","45","107692640"
"chr2","1619518","1619684","chr3","48305324","48305493","33","46685806"
"chr2","1619988","1620103","chr16","75767501","75767618","21","74147513"
"chr2","1621329","1621636","chrX","121099721","121100015","49","119478392"
"chr2","1638216","1638267","chr22","29806156","29806202","11","28167940"
"chr2","1639165","1639344","chr19","52744330","52744505","25","51105165"
"chr2","1640879","1641158","chr6","124851359","124851644","53","123210480"
"chr2","1642898","1643033","chr20","43431832","43431967","20","41788934"
"chr2","1647954","1648083","chr14","12485207","12485337","14","10837253"
"chr2","1665589","1665873","chr7","139996539","139996831","54","138330950"
"chr2","1668187","1668481","chr12","29592654","29592947","54","27924467"
"chr2","1673371","1673680","chrX","40215717","40216034","53","38542346"
"chr2","1673681","1673749","chr11","72150280","72150346","7","70476599"
"chr2","1674013","1674164","chr6","152274248","152274397","26","150600235"
"chr2","1676651","1676902","chr9","111775635","111775877","48","110098984"
"chr2","1682860","1683156","chr1","133870687","133870980","40","132187827"
"chr2","1690652","1690847","chrX","65320481","65320676","39","63629829"
"chr2","1694036","1694322","chr15","20720470","20720757","55","19026434"
"chr2","1702574","1702861","chr1","159180870","159181161","44","157478296"
"chr2","1723568","1723861","chr9","79807026","79807320","50","78083458"
"chr2","1726384","1726642","chr9","75424297","75424552","53","73697913"
"chr2","1728052","1728350","chr5","58102410","58102713","41","56374358"
"chr2","1729104","1729238","chr8","118134000","118134134","13","116404896"
"chr2","1729539","1729616","chr16","29898173","29898251","14","28168634"
"chr2","1733369","1733667","chr3","189017179","189017480","42","187283810"
"chr2","1745906","1746215","chr16","28881220","28881525","43","27135314"
"chr2","1752195","1752485","chr1","216411309","216411600","46","214659114"
"chr2","1761576","1761865","chr1","55761920","55762207","46","54000344"
"chr2","1781632","1781758","chr1","71393655","71393787","18","69612023"
"chr2","1781780","1781835","chr1","13627380","13627435","13","11845600"
"chr2","1781924","1782227","chr10","134002631","134002930","43","132220707"
"chr2","1789009","1789112","chr3","189912177","189912280","25","188123168"
"chr2","1789142","1789313","chr1","24681785","24681955","29","22892643"
"chr2","1790432","1790624","chr19","35427808","35427993","28","33637376"
"chr2","1798406","1798716","chrX","128923641","128923950","28","127125235"
"chr2","1811389","1811694","chr7","66060554","66060857","41","64249165"
"chr2","1812944","1813130","chr5","61177586","61177769","26","59364642"
"chr2","1826654","1826942","chr10","88855854","88856145","48","87029200"
"chr2","1830012","1830327","chr19","37418592","37418906","54","35588580"
"chr2","1840384","1840665","chrX","17297985","17298267","35","15457601"
"chr2","1841106","1841229","chr2B","89205640","89205764","12","87364534"
"chr2","1889546","1889836","chr14","87605486","87605781","33","85715940"
"chr2","1900557","1900865","chr21","24366025","24366333","47","22465468"
"chr2","1912237","1912541","chr3","199631597","199631896","43","197719360"
"chr2","1913162","1913447","chr7","142890610","142890893","39","140977448"
"chr2","1919657","1919953","chr14","86426874","86427171","38","84507217"
"chr2","1926178","1926484","chr2B","98305867","98306176","41","96379689"
"chr2","1929520","1929816","chr7","586271","586571","32","1343249"
"chr2","1930247","1930570","chr2B","131657052","131657355","55","129726805"
"chr2","1932483","1932605","chr9","45252398","45252520","11","43319915"
"chr2","1934864","1935173","chr7","139963807","139964112","42","138028943"
"chr2","1942715","1943011","chrX","49097436","49097730","36","47154721"
"chr2","1949489","1949790","chr9","116793954","116794255","38","114844465"
"chr2","1969813","1970100","chr5","18606275","18606562","34","16636462"
"chr2","1993290","1993564","chr2A","101510167","101510448","50","99516877"
"chr2","2023861","2024031","chr5","59930487","59930657","27","57906626"
"chr2","2039779","2040074","chr4","72043971","72044268","44","70004192"
"chr2","2047906","2047993","chr6","19868862","19868950","12","17820956"
"chr2","2074631","2074784","chr9","104335980","104336145","30","102261349"
"chr2","2075091","2075226","chr4","121964169","121964304","13","119889078"
"chr2","2088027","2088140","chrX","129658215","129658336","22","127570188"
"chr2","2088439","2088612","chr21","18597073","18597244","31","16508634"
"chr2","2103830","2103973","chrX","47990443","47990583","15","45886613"
"chr2","2105965","2106271","chr12","55344157","55344462","40","53238192"
"chr2","2116082","2116353","chr18","72851763","72852018","44","70735681"
"chr2","2133845","2134036","chr22","17569097","17569289","36","15435252"
"chr2","2141423","2141641","chr1","214970667","214970881","31","212829244"
"chr2","2142386","2142676","chr3","38483516","38483795","51","36341130"
"chr2","2142687","2142806","chr9","91596035","91596155","18","89453348"
"chr2","2167494","2167792","chr7","75776889","75777184","45","73609395"
"chr2","2174774","2175076","chr1","16944410","16944709","47","14769636"
"chr2","2177550","2177833","chr2B","60410253","60410546","47","58232703"
"chr2","2205621","2205795","chr15","68729396","68729578","32","66523775"
"chr2","2232350","2232493","chr1","157552665","157552805","15","155320315"
"chr2","2237234","2237480","chr5","26200975","26201222","49","23963741"
"chr2","2246951","2247117","chr5","19584116","19584279","21","17337165"
"chr2","2247163","2247282","chr21","25046877","25046996","15","22799714"
"chr2","2271734","2271973","chr1","5924792","5925039","51","3653058"
"chr2","2273369","2273446","chr8","18360509","18360579","25","16087140"
"chr2","2275865","2276171","chr19","35082212","35082514","41","32806347"
"chr2","2288036","2288318","chr12","119855956","119856236","46","117567920"
"chr2","2296809","2297096","chr10","109678638","109678926","63","107381829"
"chr2","2302731","2302976","chr10","8136460","8136700","40","5833729"
"chr2","2308298","2308582","chr8","142043791","142044078","43","139735493"
"chr2","2311024","2311317","chr8","133075137","133075428","37","130764113"
"chr2","2324871","2325164","chr14","83614869","83615162","64","81289998"
"chr2","2350571","2350898","chr1","25213421","25213752","49","22862850"
"chr2","2351928","2352100","chr14","60740471","60740620","43","58388543"
"chr2","2352126","2352251","chr7","97203900","97204029","25","94851774"
"chr2","2380231","2380535","chr4","196624862","196625169","43","194244631"
"chr2","2381342","2381620","chr3","179781249","179781524","37","177399907"
"chr2","2383068","2383369","chr16","8128448","8128747","47","5745380"
"chr2","2395610","2395890","chr3","198514006","198514284","64","196118396"
"chr2","2398933","2399130","chr17","41858211","41858409","25","39459278"
"chr2","2407996","2408258","chr6","8085847","8086119","49","5677851"
"chr2","2408418","2408718","chr8","125631614","125631911","40","123223196"
"chr2","2411454","2411743","chr7","56823276","56823565","50","54411822"
"chr2","2417095","2417392","chr13","9716804","9717101","31","7299709"
"chr2","2418056","2418346","chr11","6426737","6427032","52","4008681"
"chr2","2442210","2442520","chr1","222626733","222627044","41","220184523"
"chr2","2457266","2457448","chr5","3962472","3962655","20","1505206"
"chr2","2476875","2477131","chr6","109406908","109407165","42","106930033"
"chr2","2506852","2507160","chr22","19407366","19407666","43","16900514"
"chr2","2538997","2539160","chr11","123857025","123857171","47","121318028"
"chr2","2539287","2539372","chr16","44984980","44985065","19","42445693"
"chr2","2540085","2540379","chrX","145882407","145882692","54","143342322"
"chr2","2544370","2544664","chr2B","75710503","75710804","49","73166133"
"chr2","2547133","2547442","chr8","48268024","48268330","61","45720891"
"chr2","2607457","2607648","chr4","31979453","31979650","28","29371996"
"chr2","2608788","2609063","chr2A","91601147","91601422","64","88992359"
"chr2","2609275","2609407","chr20","31547819","31547950","29","28938544"
"chr2","2628913","2629191","chr7","81647152","81647425","37","79018239"
"chr2","2686029","2686299","chr17","2303362","2303633","55","382667"
"chr2","2703087","2703288","chr20","4859395","4859591","33","2156308"
"chr2","2716278","2716581","chr7","70637143","70637445","40","67920865"
"chr2","2720668","2720897","chr14","57755544","57755768","39","55034876"
"chr2","2777468","2777689","chr12","61825361","61825577","34","59047893"
"chr2","2795377","2795483","chr2B","30811368","30811475","26","28015991"
"chr2","2842319","2842611","chr16","61870246","61870540","41","59027927"
"chr2","2854583","2854875","chr7","5822685","5822977","47","2968102"
"chr2","2855279","2855363","chr5","62526595","62526679","12","59671316"
"chr2","2855787","2856008","chr10","116117272","116117499","26","113261485"
"chr2","2862062","2862357","chr1","139828512","139828799","45","136966450"
"chr2","2879610","2879915","chr8","95025156","95025452","51","92145546"
"chr2","2890208","2890499","chr5","4872922","4873216","40","1982714"
"chr2","2894049","2894316","chr6","38988586","38988843","49","36094537"
"chr2","2894950","2895235","chr4","114203857","114204146","51","111308907"
"chr2","2899696","2899980","chr1","148846882","148847176","46","145947186"
"chr2","2906962","2907241","chr6","79360967","79361252","48","76454005"
"chr2","2907263","2907283","chr16","58713610","58713630","4","55806347"
"chr2","2929923","2930218","chr12","43912126","43912425","47","40982203"
"chr2","2930441","2930735","chr5","45914070","45914364","41","42983629"
"chr2","2949420","2949692","chr4","41078982","41079256","45","38129562"
"chr2","2955804","2956106","chr21","34778022","34778326","46","31822218"
"chr2","2966586","2966695","chr10","7566684","7566792","21","4600098"
"chr2","2966717","2966878","chr22","5075789","5075950","22","2109072"
"chr2","2971001","2971171","chr7","141639483","141639654","30","138668482"
"chr2","2971205","2971349","chr21","31662246","31662382","23","28691041"
"chr2","2972213","2972319","chr8","27990927","27991028","24","25018714"
"chr2","2972557","2972715","chr6","109238361","109238521","20","106265804"
"chr2","2985728","2986027","chr7","79374675","79374962","61","76388947"
"chr2","3005646","3005968","chr1","139061758","139062080","55","136056112"
"chr2","3016094","3016219","chr5","59628847","59628972","18","56612753"
"chr2","3022438","3022566","chr4","201135101","201135227","20","198112663"
"chr2","3022588","3022758","chrX","666417","666573","34","2356171"
"chr2","3037420","3037579","chr2B","126380485","126380629","41","123343065"
"chr2","3039409","3039700","chr16","33768328","33768621","37","30728919"
"chr2","3058952","3059260","chr8","126717045","126717351","42","123658093"
"chr2","3064867","3065152","chr5","18606275","18606562","44","15541408"
"chr2","3071047","3071215","chr5","2767848","2768016","22","303199"
"chr2","3071485","3071683","chr4","121757160","121757352","45","118685675"
"chr2","3075980","3076256","chrX","19706961","19707242","45","16630981"
"chr2","3079251","3079530","chr1","78508506","78508789","45","75429255"
"chr2","3089070","3089361","chr9","13944238","13944535","62","10855168"
"chr2","3119117","3119429","chr6","111420318","111420617","43","108301201"
"chr2","3123065","3123250","chr4","67790811","67790985","33","64667746"
"chr2","3149205","3149515","chr3","183837195","183837499","39","180687990"
"chr2","3162832","3163036","chr7","79208077","79208295","40","76045245"
"chr2","3163825","3164121","chr8","74142778","74143073","36","70978953"
"chr2","3169182","3169361","chr7","72086210","72086381","31","68917028"
"chr2","3169665","3169800","chr5","162152105","162152232","30","158982440"
"chr2","3171013","3171311","chr18","11950832","11951130","43","8779819"
"chr2","3186346","3186399","chr8","66778750","66778802","5","63592404"
"chr2","3201966","3202251","chr2A","77749806","77750091","40","74547840"
"chr2","3208149","3208446","chr13","14812050","14812345","47","11603901"
"chr2","3224083","3224394","chr16","71683718","71684022","42","68459635"
"chr2","3252332","3252416","chr4","124100503","124100587","26","120848171"
"chr2","3253409","3253547","chr19","44988637","44988774","28","41735228"
"chr2","3255226","3255507","chrX","1676836","1677117","35","1578390"
"chr2","3268754","3269058","chr6","126511577","126511878","49","123242823"
"chr2","3279966","3280260","chr17","9223984","9224283","38","5944018"
"chr2","3292990","3293284","chr13","2865420","2865717","38","427570"
"chr2","3309221","3309524","chr11","17079416","17079721","36","13770195"
"chr2","3333192","3333209","chr5","35464212","35464226","3","32131020"
"chr2","3333230","3333512","chrX","47993917","47994201","36","44660687"
"chr2","3355711","3356003","chr5","45914070","45914364","34","42558359"
"chr2","3361214","3361512","chr13","23986867","23987163","53","20625653"
"chr2","3368138","3368431","chr9","62561298","62561598","46","59193160"
"chr2","3377787","3377911","chr21","13982059","13982182","19","10604272"
"chr2","3377947","3378105","chrX","54789994","54790146","30","51412047"
"chr2","3429204","3429488","chr6","79360967","79361252","43","75931763"
"chr2","3434273","3434578","chr15","46012653","46012953","47","42578380"
"chr2","3437392","3437673","chr13","1923025","1923305","41","1514367"
"chr2","3441989","3442283","chrX","20141075","20141370","44","16699086"
"chr2","3443360","3443674","chr5","34215137","34215446","47","30771777"
"chr2","3457906","3458197","chr19","38289722","38290015","35","34831816"
"chr2","3476035","3476173","chrX","16581366","16581502","18","13105331"
"chr2","3476485","3476644","chr16","30790653","30790814","20","27314168"
"chr2","3485617","3485740","chr7","74934180","74934303","16","71448563"
"chr2","3486051","3486274","chr10","31686405","31686622","75","28200354"
"chr2","3509152","3509279","chr7","138107219","138107343","17","134598067"
"chr2","3509305","3509462","chr14","10664898","10665065","29","7155593"
"chr2","3515970","3516070","chr16","80415695","80415794","24","76899725"
"chr2","3521005","3521121","chr6","91723632","91723748","15","88202627"
"chr2","3521413","3521697","chr12","1122701","1122989","34","2398712"
"chr2","3522720","3522856","chr1","202982144","202982277","17","199459424"
"chr2","3588784","3588946","chr1","140678269","140678419","29","137089485"
"chr2","3589000","3589129","chr11","5768200","5768332","18","2179200"
"chr2","3591961","3592141","chr1","45744794","45744982","29","42152833"
"chr2","3600782","3601085","chr1","192199376","192199682","41","188598594"
"chr2","3606490","3606634","chr7","69715684","69715831","19","66109194"
"chr2","3612830","3612951","chr7","69708940","69709061","22","66096110"
"chr2","3664478","3664779","chr8","125631614","125631911","35","121967136"
"chr2","3667681","3667997","chr7","130419230","130419539","45","126751549"
"chr2","3686462","3686590","chr3","49072574","49072704","12","45386112"
"chr2","3732957","3733063","chr14","65398954","65399060","14","61665997"
"chr2","3738392","3738677","chr7","69569438","69569703","49","65831046"
"chr2","3743308","3743600","chr5","149940911","149941195","54","146197603"
"chr2","3785793","3786109","chr2A","32182603","32182921","49","28396810"
"chr2","3790946","3791262","chr4","147663765","147664077","65","143872819"
"chr2","3806330","3806620","chr6","45713778","45714072","44","41907448"
"chr2","3886444","3886735","chr1","42618802","42619096","43","38732358"
"chr2","3900220","3900529","chr7","69414856","69415164","45","65514636"
"chr2","3989878","3990144","chr10","51068616","51068884","44","47078738"
"chr2","4015508","4015818","chr2B","10049287","10049590","49","6033779"
"chr2","4201816","4201937","chr2A","11020602","11020721","29","6818786"
"chr2","4209619","4209731","chr1","6035514","6035626","12","1825895"
"chr2","4288978","4289267","chr1","11658302","11658596","47","7369324"
"chr2","4290388","4290662","chr1","52903924","52904199","50","48613536"
"chr2","4312075","4312291","chr4","88881792","88882005","39","84569717"
"chr2","4320916","4321188","chr19","10075720","10075987","56","5754804"
"chr2","4354951","4355223","chr1","52959496","52959777","54","48604545"
"chr2","4357537","4357839","chr8","11041340","11041636","47","6683803"
"chr2","4372037","4372330","chr9","73926210","73926510","52","69554173"
"chr2","4388877","4389168","chr7","68980214","68980516","55","64591337"
"chr2","4426546","4426839","chr14","57299150","57299446","44","52872604"
"chr2","4455899","4456195","chr5","67768953","67769262","52","63313054"
"chr2","4511840","4512133","chr19","33159980","33160277","40","28648140"
"chr2","4526278","4526409","chr5","38957611","38957744","16","34431333"
"chr2","4526723","4526894","chr9","50373140","50373311","26","45846417"
"chr2","4547053","4547345","chr22","13574833","13575112","52","9027780"
"chr2","4564161","4564435","chr4","105274734","105274999","51","100710573"
"chr2","4640698","4640978","chr7","68749633","68749917","52","64108935"
"chr2","4660557","4660834","chr2B","124977630","124977912","43","120317073"
"chr2","4762764","4763065","chr6","155382838","155383135","48","150620074"
"chr2","4780677","4780970","chr8","82894963","82895258","45","78114286"
"chr2","4789363","4789663","chr22","11180363","11180661","35","6391000"
"chr2","4789827","4789971","chr15","33044017","33044152","42","28254190"
"chr2","4795337","4795635","chr5","24090349","24090640","46","19295012"
"chr2","4829412","4829690","chr12","119960873","119961134","55","115131461"
"chr2","4871940","4872259","chr8","53106142","53106452","45","48234202"
"chr2","4875826","4876100","chr5","24701014","24701301","53","19825188"
"chr2","4881725","4881827","chrX","154759889","154759991","17","149878164"
"chr2","4888454","4888765","chr3","121038671","121038982","36","116150217"
"chr2","4897991","4898216","chr13","31155423","31155648","35","26257432"
"chr2","4906776","4906874","chr4","194530481","194530584","15","189623705"
"chr2","4907540","4907819","chr7","77548302","77548597","41","72640762"
"chr2","4911629","4911934","chr8","126717045","126717351","42","121805416"
"chr2","4915665","4915948","chr1","139828512","139828799","45","134912847"
"chr2","4918744","4919045","chr7","80808821","80809107","65","75890077"
"chr2","4923370","4923646","chr12","124254648","124254922","41","119331278"
"chr2","4932709","4932993","chr5","15333866","15334166","53","10401157"
"chr2","4950714","4950829","chr3","59180544","59180657","17","54229830"
"chr2","4953641","4953908","chr22","28238520","28238785","49","23284879"
"chr2","4960349","4960630","chr6","35629272","35629552","46","30668923"
"chr2","4993971","4994270","chr8","9756252","9756551","45","4762281"
"chr2","5013431","5013724","chr1","46890129","46890419","39","41876698"
"chr2","5025629","5025901","chr3","48166508","48166786","45","43140879"
"chr2","5033801","5034105","chr8","60088189","60088492","40","55054388"
"chr2","5046789","5046931","chr1","46113634","46113775","26","41066845"
"chr2","5051405","5051504","chr3","28045089","28045187","9","22993684"
"chr2","5081639","5081932","chr5","156460231","156460525","39","151378592"
"chr2","5088314","5088425","chr14","47041532","47041645","12","41953218"
"chr2","5089220","5089517","chr17","13158367","13158663","42","8069147"
"chr2","5094449","5094549","chr5","34133102","34133204","16","29038653"
"chr2","5094979","5095270","chr13","7927421","7927702","65","2832442"
"chr2","5106461","5106758","chr1","213862463","213862754","47","208756002"
"chr2","5110384","5110693","chr1","182113299","182113606","39","177002915"
"chr2","5114149","5114445","chr5","20888642","20888936","46","15774493"
"chr2","5124931","5125204","chr9","78511121","78511408","48","73386190"
"chr2","5126581","5126870","chr8","126637877","126638170","38","121511296"
"chr2","5127099","5127409","chr1","203529045","203529352","40","198401946"
"chr2","5165376","5165660","chr8","85169323","85169599","51","80003947"
"chr2","5204011","5204288","chr2A","97364116","97364392","40","92160105"
"chr2","5219566","5219890","chr9","82674600","82674904","59","77455034"
"chr2","5235136","5235339","chr21","32025317","32025537","38","26790181"
"chr2","5235590","5235716","chr3","61302302","61302427","18","56066712"
"chr2","5242468","5242765","chr8","9756252","9756551","39","4513784"
"chr2","5255630","5255957","chr8","144557534","144557872","52","139301904"
"chr2","5285670","5285962","chr5","144486917","144487195","49","139201247"
"chr2","5314648","5314920","chr15","49796939","49797207","54","44482291"
"chr2","5319626","5319770","chr1","76697102","76697241","23","71377476"
"chr2","5319806","5319905","chrX","130061565","130061661","17","124741759"
"chr2","5336197","5336507","chr6","136597722","136598032","44","131261525"
"chr2","5338387","5338675","chr1","181454925","181455218","50","176116538"
"chr2","5379949","5380237","chr6","6654898","6655192","50","1274949"
"chr2","5385958","5386265","chr12","29572651","29572955","42","24186693"
"chr2","5386277","5386595","chr3","121038671","121038982","61","115652394"
"chr2","5387840","5387975","chr19","13632910","13633045","11","8245070"
"chr2","5409602","5409869","chr5","14052982","14053247","54","8643380"
"chr2","5416826","5417121","chr3","54466312","54466598","47","49049486"
"chr2","5419053","5419339","chr9","111035492","111035776","49","105616439"
"chr2","5441537","5441862","chr1","70324923","70325245","50","64883386"
"chr2","5446823","5447117","chr9","106799866","106800156","37","101353043"
"chr2","5461858","5462161","chr1","117548868","117549167","42","112087010"
"chr2","5476418","5476705","chr3","38472738","38473026","39","32996320"
"chr2","5498563","5498867","chr1","23538342","23538639","47","18039779"
"chr2","5510189","5510353","chr11","91693483","91693648","21","86183294"
"chr2","5510639","5510773","chr3","54309550","54309685","15","48798911"
"chr2","5518652","5518812","chr9","116345793","116345953","23","110827141"
"chr2","5520085","5520364","chr7","47410518","47410794","49","41890433"
"chr2","5536831","5536923","chr3","180508856","180508948","9","174972025"
"chr2","5538635","5538932","chr1","207941442","207941741","46","202402807"
"chr2","5555196","5555471","chr2A","60232623","60232895","47","54677427"
"chr2","5558897","5559198","chr8","95025156","95025452","38","89466259"
"chr2","5561222","5561499","chr12","124254648","124254922","35","118693426"
"chr2","5568290","5568593","chr17","9489493","9489790","31","3921203"
"chr2","5575859","5575989","chr1","216046125","216046259","21","210470266"
"chr2","5576281","5576429","chrX","1391589","1391740","25","4184692"
"chr2","5581419","5581575","chr1","7647076","7647233","26","2065657"
"chr2","5583317","5583623","chr5","23138280","23138581","47","17554963"
"chr2","5584089","5584380","chr14","859167","859454","37","4724922"
"chr2","5590246","5590448","chr17","42559530","42559707","47","36969284"
"chr2","5591779","5592056","chr5","154215604","154215880","41","148623825"
"chr2","5607963","5608228","chrX","8256423","8256687","48","2648460"
"chr2","5611120","5611291","chr1","47985376","47985543","34","42374256"
"chr2","5611302","5611597","chr2A","20450662","20450953","40","14839360"
"chr2","5622726","5623032","chr4","3247666","3247958","66","2375060"
"chr2","5625451","5625762","chr22","19927561","19927868","43","14302110"
"chr2","5626621","5626922","chr3","187803297","187803598","43","182176676"
"chr2","5626923","5627178","chr7","67645310","67645557","33","62018387"
"chr2","5628074","5628308","chr10","24708048","24708283","40","19079974"
"chr2","5639920","5640211","chr6","141321654","141321950","48","135681734"
"chr2","5650391","5650678","chr1","216208142","216208425","38","210557751"
"chr2","5675718","5675988","chr7","67599803","67600072","43","61924085"
"chr2","5695188","5695361","chr7","5882720","5882888","28","187532"
"chr2","5695662","5695755","chr1","65145273","65145362","12","59449611"
"chr2","5699882","5700155","chr22","26395318","26395597","56","20695436"
"chr2","5706623","5706922","chr20","48240693","48240983","49","42534070"
"chr2","5709878","5710030","chr4","191859159","191859310","23","186149281"
"chr2","5730869","5731150","chr6","132612476","132612757","43","126881607"
"chr2","5754373","5754686","chr4","186206972","186207272","52","180452599"
"chr2","5763981","5764277","chr1","15537107","15537412","48","9773126"
"chr2","5788527","5788823","chr4","171275502","171275800","49","165486975"
"chr2","5789426","5789718","chr9","97466077","97466372","59","91676651"
"chr2","5803701","5803987","chr13","96332314","96332607","49","90528613"
"chr2","5811459","5811730","chr17","40519534","40519807","39","34708075"
"chr2","5823569","5823859","chr2B","111999625","111999916","40","106176056"
"chr2","5827639","5827876","chr7","67453897","67454136","37","61626258"
"chr2","5831097","5831393","chr3","185746789","185747084","35","179915692"
"chr2","5849126","5849421","chrX","41175235","41175531","42","35326109"
"chr2","5854967","5855275","chr16","37175551","37175859","35","31320584"
"chr2","5861499","5861789","chr5","4345743","4346035","39","1515756"
"chr2","5898707","5898763","chr19","46476038","46476092","11","40577331"
"chr2","5902293","5902422","chr3","144711168","144711298","18","138808875"
"chr2","5938445","5938747","chr1","125017644","125017945","41","119079199"
"chr2","5952521","5952695","chr19","53940370","53940544","29","47987849"
"chr2","5960582","5960883","chr7","67309439","67309741","47","61348857"
"chr2","5968151","5968427","chr7","67303445","67303716","44","61335294"
"chr2","5980530","5980817","chr6","42303","42592","41","5938227"
"chr2","6039154","6039468","chr1","6834142","6834451","50","794988"
"chr2","6039634","6039931","chr18","23025099","23025401","42","16985465"
"chr2","6063040","6063176","chr1","168543967","168544101","14","162480927"
"chr2","6063488","6063628","chr1","76697102","76697241","22","70633614"
"chr2","6069127","6069346","chr1","164359429","164359651","31","158290302"
"chr2","6074178","6074474","chrX","130755775","130756070","37","124681597"
"chr2","6079755","6079919","chr11","123177608","123177768","32","117097853"
"chr2","6080218","6080350","chr16","3598868","3598996","24","2481350"
"chr2","6122976","6123258","chr10","139378463","139378746","43","133255487"
"chr2","6128035","6128259","chr7","152572732","152572964","32","146444697"
"chr2","6130236","6130539","chr1","130589299","130589597","51","124459063"
"chr2","6144428","6144715","chr3","199504472","199504762","47","193360044"
"chr2","6148321","6148489","chr22","24857065","24857225","34","18708744"
"chr2","6150118","6150201","chr20","35713075","35713158","14","29562957"
"chr2","6151079","6151197","chr7","76635505","76635626","24","70484426"
"chr2","6168384","6168679","chr6","167179521","167179827","47","161011137"
"chr2","6172477","6172758","chr5","125384235","125384523","50","119211758"
"chr2","6193409","6193628","chr1","114065071","114065292","38","107871662"
"chr2","6196293","6196430","chr1","22878871","22879006","18","16682578"
"chr2","6197107","6197416","chr11","120932649","120932956","34","114735542"
"chr2","6200476","6200722","chr1","151626041","151626289","37","145425565"
"chr2","6213567","6213876","chr9","109734146","109734451","49","103520579"
"chr2","6239031","6239332","chr7","39272240","39272540","46","33033209"
"chr2","6253080","6253172","chr7","69740184","69740281","16","63487104"
"chr2","6254495","6254786","chr5","18074268","18074553","45","11819773"
"chr2","6272445","6272706","chr2B","71436190","71436444","36","65163745"
"chr2","6274269","6274520","chr3","136177846","136178103","40","129903577"
"chr2","6278147","6278237","chr1","128614339","128614430","19","122336192"
"chr2","6289071","6289368","chr13","9716804","9717101","41","3427733"
"chr2","6302813","6302907","chr1","26802441","26802536","17","20499628"
"chr2","6330932","6331009","chr12","96140004","96140081","10","89809072"
"chr2","6339078","6339378","chr5","157179582","157179881","36","150840504"
"chr2","6341335","6341640","chr6","117396368","117396672","33","111055033"
"chr2","6345765","6346077","chr8","25787120","25787408","64","19441355"
"chr2","6355691","6355866","chr5","25008096","25008272","28","18652405"
"chr2","6355912","6356034","chr11","26639804","26639926","14","20283892"
"chr2","6363274","6363571","chrX","77552983","77553282","41","71189709"
"chr2","6373278","6373577","chr9","82293057","82293355","46","75919779"
"chr2","6388231","6388525","chr5","117760443","117760736","41","111372212"
"chr2","6398378","6398683","chr14","64822817","64823116","51","58424439"
"chr2","6401111","6401408","chr2B","2511570","2511862","43","3889541"
"chr2","6408446","6408584","chr13","22923419","22923559","20","16514973"
"chr2","6408586","6408869","chr12","123302072","123302354","39","116893486"
"chr2","6409782","6409945","chrX","58082526","58082682","26","51672744"
"chr2","6420415","6420717","chr8","107896105","107896406","27","101475690"
"chr2","6424436","6424735","chr21","30718708","30719012","36","24294272"
"chr2","6431235","6431260","chrX","119741908","119741932","3","113310673"
"chr2","6431295","6431573","chr18","60480459","60480740","35","54049164"
"chr2","6444542","6444659","chr19","569092","569199","22","5875450"
"chr2","6448449","6448746","chr14","85986152","85986448","40","79537703"
"chr2","6449289","6449563","chr11","75682726","75683019","60","69233437"
"chr2","6449571","6449863","chr7","77548302","77548597","36","71098731"
"chr2","6452588","6452722","chr1","78871057","78871188","14","72418469"
"chr2","6453808","6454105","chr9","106799866","106800156","42","100346058"
"chr2","6456374","6456678","chr1","40187614","40187925","60","33731240"
"chr2","6476838","6476966","chr2A","95736676","95736800","26","89259838"
"chr2","6477271","6477386","chr20","50742782","50742909","31","44265511"
"chr2","6480323","6480618","chr1","32797747","32798044","40","26317424"
"chr2","6483552","6483716","chr9","45529714","45529878","19","39046162"
"chr2","6507641","6507954","chr13","18973530","18973839","45","12465889"
"chr2","6514450","6514528","chr16","66532531","66532611","13","60018081"
"chr2","6515652","6515965","chr2B","131657052","131657355","43","125141400"
"chr2","6521889","6522194","chr4","47892669","47892965","52","41370780"
"chr2","6527318","6527429","chr12","129453271","129453381","20","122925953"
"chr2","6565434","6565568","chr15","33044017","33044152","18","26478583"
"chr2","6578058","6578254","chr9","112436564","112436754","34","105858506"
"chr2","6591215","6591314","chrX","69659721","69659814","23","63068506"
"chr2","6592872","6593155","chr9","35669290","35669566","57","29076418"
"chr2","6601815","6602123","chr4","121348458","121348736","69","114746643"
"chr2","6603443","6603579","chr20","31547819","31547950","16","24944376"
"chr2","6611147","6611451","chr7","56892469","56892778","43","50281322"
"chr2","6628738","6629043","chr3","172708820","172709119","45","166080082"
"chr2","6639594","6639750","chr16","38746543","38746701","27","32106949"
"chr2","6640062","6640186","chr6","56654540","56654667","19","50014478"
"chr2","6652827","6653012","chr12","121345168","121345351","36","114692341"
"chr2","6653042","6653163","chr1","40002123","40002247","13","33349081"
"chr2","6664326","6664631","chr17","1524711","1525015","32","5139615"
"chr2","6664964","6665276","chr22","22158850","22159157","36","15493886"
"chr2","6672278","6672595","chr9","73940185","73940493","47","67267907"
"chr2","6707604","6707898","chr7","66453679","66453980","38","59746075"
"chr2","6718119","6718253","chr4","156322246","156322378","23","149604127"
"chr2","6718464","6718613","chr5","34815847","34815996","28","28097383"
"chr2","6721537","6721701","chr6","100480052","100480215","29","93758515"
"chr2","6732179","6732476","chr2B","100929351","100929648","37","94197172"
"chr2","6741831","6742131","chr7","66425926","66426204","54","59684095"
"chr2","6744605","6744775","chr14","52937118","52937275","32","46192513"
"chr2","6745018","6745173","chr1","28691719","28691870","25","21946701"
"chr2","6749463","6749712","chr5","121880760","121881015","39","115131297"
"chr2","6768436","6768727","chr8","103750212","103750498","50","96981776"
"chr2","6777488","6777784","chr13","57069017","57069314","39","50291529"
"chr2","6801383","6801670","chr11","66466976","66467270","46","59665593"
"chr2","6810568","6810866","chr2A","68539257","68539553","32","61728689"
"chr2","6813105","6813316","chr7","45311823","45312036","25","38498718"
"chr2","6815865","6816111","chr1","28757416","28757663","33","21941551"
"chr2","6842414","6842561","chr1","161925292","161925442","27","155082878"
"chr2","6867236","6867367","chr16","65477857","65477989","18","58610621"
"chr2","6916330","6916620","chr5","122919604","122919896","36","116003274"
"chr2","6916962","6917267","chr9","67930664","67930970","31","61013702"
"chr2","6920733","6920935","chr2A","68717247","68717441","37","61796514"
"chr2","6921852","6922107","chr5","10707676","10707932","37","3785824"
"chr2","6941134","6941349","chr12","12233792","12234012","47","5292658"
"chr2","6941842","6942046","chr5","8851478","8851683","33","1909636"
"chr2","6946127","6946396","chr2B","9279655","9279921","42","2333528"
"chr2","6947705","6948003","chr16","31379119","31379421","40","24431414"
"chr2","6953943","6954093","chr19","35855675","35855829","18","28901732"
"chr2","6958436","6958706","chrX","118620060","118620333","57","111661624"
"chr2","6961800","6962098","chr13","61951087","61951383","33","54989287"
"chr2","6962121","6962417","chr5","10858847","10859148","37","3896726"
"chr2","6962742","6963028","chr1","64198070","64198358","36","57235328"
"chr2","6968510","6968812","chr7","586271","586571","37","6382239"
"chr2","6970056","6970351","chr7","137412318","137412614","36","130442262"
"chr2","6972429","6972710","chr8","34195854","34196142","47","27223425"
"chr2","6975031","6975319","chr8","34654575","34654859","53","27679544"
"chr2","6978689","6979000","chr6","112148811","112149116","40","105170122"
"chr2","6979361","6979635","chrX","9679871","9680143","40","2700510"
"chr2","6988808","6989026","chr6","8922240","8922448","49","1933432"
"chr2","6991512","6991816","chr9","103044534","103044835","37","96053022"
"chr2","7002195","7002325","chr19","52927688","52927821","18","45925493"
"chr2","7002326","7002627","chr3","198020745","198021049","47","191018419"
"chr2","7007074","7007158","chr3","155348744","155348825","14","148341670"
"chr2","7018451","7018767","chr11","120932649","120932956","38","113914198"
"chr2","7022931","7023054","chr5","126110335","126110461","16","119087404"
"chr2","7025310","7025587","chr7","137977860","137978152","52","130952550"
"chr2","7028541","7028724","chr3","1702116","1702300","29","5326425"
"chr2","7030120","7030422","chr7","73915622","73915918","43","66885502"
"chr2","7030427","7030725","chr1","226271580","226271880","45","219241153"
"chr2","7045349","7045455","chr10","134614770","134614876","10","127569421"
"chr2","7045751","7045968","chr19","23150181","23150400","59","16104430"
"chr2","7047239","7047545","chr8","86974571","86974881","38","79927332"
"chr2","7051116","7051402","chr12","119941741","119942032","59","112890625"
"chr2","7058839","7059116","chr5","154215604","154215880","45","147156765"
"chr2","7060517","7060645","chr4","163930931","163931053","22","156870414"
"chr2","7068524","7068832","chr15","60004931","60005240","46","52936407"
"chr2","7069916","7070210","chr6","79360967","79361252","50","72291051"
"chr2","7073218","7073409","chr5","23414555","23414740","45","16341337"
"chr2","7075690","7075981","chr4","25185663","25185957","33","18109973"
"chr2","7079420","7079521","chr4","88417642","88417743","21","81338222"
"chr2","7079927","7080127","chr9","103936095","103936293","28","96856168"
"chr2","7083030","7083351","chr6","15352783","15353102","51","8269753"
"chr2","7099175","7099481","chr7","73661013","73661307","47","66561838"
"chr2","7106380","7106628","chr11","20084883","20085128","39","12978503"
"chr2","7115063","7115138","chr22","22539859","22539935","14","15424796"
"chr2","7116788","7116962","chr16","12340778","12340943","34","5223990"
"chr2","7117856","7118124","chr6","77982799","77983061","39","70864943"
"chr2","7127398","7127576","chr1","114583885","114584050","38","107456487"
"chr2","7127883","7128016","chr13","30548336","30548465","22","23420453"
"chr2","7138271","7138565","chr9","47908147","47908446","45","40769876"
"chr2","7138810","7139015","chr6","46236181","46236386","34","39097371"
"chr2","7139300","7139466","chr16","31552584","31552750","21","24413284"
"chr2","7146899","7147189","chr6","9200774","9201064","39","2053875"
"chr2","7156138","7156287","chr7","68436528","68436679","26","61280390"
"chr2","7159040","7159335","chr5","22807671","22807969","38","15648631"
"chr2","7160705","7160989","chr18","20392322","20392607","47","13231617"
"chr2","7161539","7161867","chr14","51262859","51263191","59","44101320"
"chr2","7168297","7168526","chr18","54137590","54137814","31","46969293"
"chr2","7187457","7187730","chr7","139823731","139823998","50","132636274"
"chr2","7188890","7189030","chr1","39415446","39415589","25","32226556"
"chr2","7189331","7189476","chr19","32515543","32515675","25","25326212"
"chr2","7192614","7192916","chr1","138032606","138032913","50","130839992"
"chr2","7194910","7195203","chr3","40466670","40466962","36","33271760"
"chr2","7199193","7199466","chr6","113080691","113080959","54","105881498"
"chr2","7204737","7205039","chr12","29572651","29572955","41","22367914"
"chr2","7209582","7209871","chr19","47853814","47854108","54","40644232"
"chr2","7211313","7211577","chr2B","85592847","85593107","34","78381534"
"chr2","7211582","7211634","chr12","19245103","19245154","8","12033521"
"chr2","7212265","7212524","chr2B","85592847","85593107","38","78380582"
"chr2","7212529","7212581","chr12","19245103","19245154","7","12032574"
"chr2","7212842","7213005","chr1","191073503","191073668","25","183860661"
"chr2","7230315","7230611","chr21","30728930","30729226","30","23498615"
"chr2","7242677","7242946","chr6","77982799","77983061","52","70740122"
"chr2","7245836","7246142","chr14","18427984","18428287","52","11182148"
"chr2","7249485","7249773","chr2A","44536946","44537237","34","37287461"
"chr2","7256928","7257239","chr1","23824671","23824977","61","16567743"
"chr2","7261235","7261532","chr5","45914070","45914364","37","38652835"
"chr2","7263716","7263981","chr6","3788542","3788812","51","3475174"
"chr2","7264114","7264232","chr3","46948804","46948928","20","39684690"
"chr2","7264262","7264439","chr1","27433974","27434152","28","20169712"
"chr2","7267245","7267534","chr15","69227884","69228175","46","61960639"
"chr2","7279427","7279722","chr5","24090349","24090640","38","16810922"
"chr2","7280869","7281166","chrX","30934659","30934952","46","23653790"
"chr2","7290215","7290310","chr3","26048112","26048203","16","18757897"
"chr2","7291095","7291239","chr5","59462823","59462969","32","52171728"
"chr2","7291240","7291384","chr7","128941833","128941967","25","121650593"
"chr2","7291686","7291851","chr19","43955496","43955662","30","36663810"
"chr2","7291852","7292010","chr7","2340874","2341033","31","4950978"
"chr2","7296721","7296864","chr5","41434175","41434298","38","34137454"
"chr2","7297625","7297742","chr14","68772219","68772335","14","61474594"
"chr2","7303948","7304101","chr1","162631208","162631359","31","155327260"
"chr2","7304102","7304284","chr2B","26828120","26828294","39","19524018"
"chr2","7304543","7304678","chr14","86369247","86369382","10","79064704"
"chr2","7305608","7305844","chr6","16571309","16571550","42","9265701"
"chr2","7306223","7306535","chr6","151760274","151760609","83","144454051"
"chr2","7309293","7309592","chr2A","676473","676774","61","6632820"
"chr2","7309593","7309721","chr1","209742215","209742351","19","202432622"
"chr2","7310981","7311145","chr11","67375568","67375735","36","60064587"
"chr2","7314856","7314916","chrX","1185432","1185490","11","6129424"
"chr2","7315213","7315387","chrX","1442055","1442222","24","5873158"
"chr2","7321450","7321704","chr5","10323159","10323411","51","3001709"
"chr2","7337368","7337581","chr2A","82251913","82252134","40","74914545"
"chr2","7339464","7339761","chr4","67649586","67649881","44","60310122"
"chr2","7340948","7341109","chr8","101256453","101256611","23","93915505"
"chr2","7344390","7344683","chr4","198955144","198955442","61","191610754"
"chr2","7349490","7349661","chr10","51363834","51364001","26","44014344"
"chr2","7349960","7350092","chr1","216046125","216046259","16","208696165"
"chr2","7352144","7352432","chrX","42228408","42228695","47","34876264"
"chr2","7357338","7357642","chr22","21324933","21325236","34","13967595"
"chr2","7358601","7358756","chr12","93049007","93049161","20","85690406"
"chr2","7360056","7360356","chr1","23889573","23889871","43","16529517"
"chr2","7361103","7361398","chr3","59335865","59336162","34","51974762"
"chr2","7363735","7364022","chr7","73195633","73195937","46","65831898"
"chr2","7367077","7367236","chr14","57734930","57735088","23","50367853"
"chr2","7367881","7367998","chr9","112014807","112014924","15","104646926"
"chr2","7371319","7371628","chr6","33600893","33601195","42","26229574"
"chr2","7373090","7373337","chr22","10105601","10105857","47","2732511"
"chr2","7376095","7376230","chr2A","91842849","91842984","11","84466754"
"chr2","7383361","7383496","chr9","49197226","49197359","12","41813865"
"chr2","7384056","7384366","chr12","123478484","123478789","43","116094428"
"chr2","7384528","7384829","chrX","47845060","47845363","38","40460532"
"chr2","7399899","7400190","chr6","7408993","7409283","28","9094"
"chr2","7403480","7403651","chr1","224769511","224769681","27","217366031"
"chr2","7414127","7414461","chr1","15537107","15537412","52","8122980"
"chr2","7424668","7424967","chr18","2191279","2191572","44","5233389"
"chr2","7429990","7430152","chr2B","95269389","95269549","29","87839399"
"chr2","7430153","7430448","chrX","91199993","91200279","34","83769840"
"chr2","7430449","7430634","chr6","120780385","120780559","58","113349936"
"chr2","7436386","7436536","chr1","57269798","57269948","27","49833412"
"chr2","7443801","7444107","chr5","34215137","34215446","37","26771336"
"chr2","7445345","7445564","chr14","37848905","37849120","56","30403560"
"chr2","7445802","7445947","chr6","34131083","34131236","22","26685281"
"chr2","7446241","7446257","chr7","73114655","73114670","1","65668414"
"chr2","7447747","7448038","chr21","31933268","31933561","32","24485521"
"chr2","7452619","7452922","chr1","132644289","132644599","37","125191670"
"chr2","7459833","7460152","chr1","23615043","23615355","50","16155210"
"chr2","7462755","7462968","chr8","1980475","1980689","28","5482280"
"chr2","7486003","7486191","chr10","34688348","34688531","27","27202345"
"chr2","7488873","7489172","chr7","143368241","143368538","35","135879368"
"chr2","7513222","7513464","chr1","15610844","15611087","36","8097622"
"chr2","7514222","7514516","chr15","30508140","30508434","35","22993918"
"chr2","7516508","7516584","chr2A","63086447","63086523","5","55569939"
"chr2","7522273","7522403","chr9","121076961","121077092","20","113554688"
"chr2","7522702","7522845","chr1","15743139","15743278","25","8220437"
"chr2","7524577","7524835","chr11","76684595","76684850","47","69160018"
"chr2","7525183","7525455","chr19","3210775","3211062","52","4314408"
"chr2","7526157","7526486","chr10","91405435","91405753","56","83879278"
"chr2","7528116","7528277","chr8","68070297","68070465","32","60542181"
"chr2","7528400","7528522","chr3","40081962","40082094","25","32553562"
"chr2","7528562","7528733","chr5","123924764","123924937","32","116396202"
"chr2","7530160","7530289","chr21","34756841","34756973","29","27226681"
"chr2","7535826","7535896","chr11","63118827","63118897","7","55583001"
"chr2","7551194","7551326","chr3","51142908","51143043","17","43591714"
"chr2","7551628","7551790","chr19","6414816","6414977","28","1136812"
"chr2","7552740","7552955","chr11","71135865","71136076","39","63583125"
"chr2","7554000","7554131","chr5","39403280","39403411","12","31849280"
"chr2","7558175","7558494","chr7","76351147","76351455","45","68792972"
"chr2","7559454","7559736","chr11","46660213","46660493","61","39100759"
"chr2","7560675","7560856","chr13","96263677","96263855","24","88703002"
"chr2","7570546","7570836","chr7","72979676","72979977","40","65409130"
"chr2","7590289","7590362","chr3","197515990","197516059","17","189925701"
"chr2","7591065","7591358","chr6","89778324","89778623","49","82187259"
"chr2","7591524","7591827","chr6","32828052","32828363","44","25236528"
"chr2","7592935","7593056","chr1","150762763","150762889","17","143169828"
"chr2","7596817","7597111","chr7","73094896","73095187","34","65498079"
"chr2","7598079","7598367","chr11","85526377","85526671","40","77928298"
"chr2","7599605","7599892","chr7","73094896","73095187","41","65495291"
"chr2","7602557","7602838","chr7","4648208","4648496","48","2954349"
"chr2","7607281","7607559","chr1","55598826","55599103","35","47991545"
"chr2","7610482","7610615","chr10","37978285","37978416","20","30367803"
"chr2","7610898","7611088","chr1","17310888","17311074","26","9699990"
"chr2","7611163","7611256","chr9","114277363","114277459","14","106666200"
"chr2","7616925","7617232","chr7","130676115","130676408","51","123059190"
"chr2","7619695","7619841","chr19","17296928","17297069","23","9677233"
"chr2","7620155","7620298","chr9","111018941","111019072","34","103398786"
"chr2","7629839","7630144","chr1","224580597","224580899","39","216950758"
"chr2","7636196","7636319","chr4","194530892","194531016","18","186894696"
"chr2","7636345","7636514","chr13","96263677","96263855","27","88627332"
"chr2","7636872","7636977","chr21","35485229","35485337","15","27848357"
"chr2","7648903","7649204","chr16","56140394","56140693","48","48491491"
"chr2","7653649","7653804","chr10","14983614","14983773","26","7329965"
"chr2","7654100","7654224","chr2B","117185797","117185922","13","109531697"
"chr2","7656484","7656607","chr2A","17359765","17359885","18","9703281"
"chr2","7671409","7671522","chr11","113906994","113907109","12","106235585"
"chr2","7671828","7671853","chr17","66847813","66847837","4","59175985"
"chr2","7673198","7673300","chrX","941923","942014","18","6731275"
"chr2","7673301","7673634","chr5","34948783","34949114","55","27275482"
"chr2","7673635","7673769","chr6","113116076","113116208","27","105442441"
"chr2","7674193","7674361","chr1","129203089","129203252","25","121528896"
"chr2","7674648","7674701","chr17","38735481","38735529","18","31060833"
"chr2","7675609","7675901","chr2B","62085072","62085366","39","54409463"
"chr2","7676327","7676496","chr1","28134172","28134323","54","20457845"
"chr2","7676733","7676809","chr2A","63086447","63086523","8","55409714"
"chr2","7676826","7677081","chr19","44519430","44519697","67","36842604"
"chr2","7685861","7685994","chr1","224706490","224706623","16","217020629"
"chr2","7701193","7701472","chr9","117733372","117733651","36","110032179"
"chr2","7701475","7701768","chr12","10839242","10839538","38","3137767"
"chr2","7707461","7707716","chr13","22551789","22552047","36","14844328"
"chr2","7714105","7714386","chr11","62845583","62845870","48","55131478"
"chr2","7718682","7718906","chr2B","861354","861579","64","6857328"
"chr2","7720180","7720473","chr21","23583470","23583765","38","15863290"
"chr2","7728249","7728290","chr1","129449892","129449936","8","121721643"
"chr2","7729355","7729513","chr16","38746543","38746701","21","31017188"
"chr2","7730238","7730540","chr8","101435714","101436021","47","93705476"
"chr2","7731604","7731648","chr5","6648194","6648227","12","1083410"
"chr2","7733267","7733573","chr21","24406876","24407171","46","16673609"
"chr2","7734683","7734973","chr10","133565552","133565849","33","125830869"
"chr2","7741640","7741843","chr1","159576263","159576475","40","151834623"
"chr2","7753490","7753557","chr12","732318","732387","9","7021172"
"chr2","7753558","7753855","chr18","26844130","26844429","36","19090572"
"chr2","7764107","7764400","chr9","104384316","104384616","39","96620209"
"chr2","7777133","7777424","chr16","53211839","53212125","38","45434706"
"chr2","7780524","7780687","chr15","54056108","54056265","23","46275584"
"chr2","7781797","7782012","chr15","39972179","39972389","55","32190382"
"chr2","7782036","7782050","chr5","16287257","16287270","1","8505221"
"chr2","7785171","7785367","chr12","53360512","53360703","30","45575341"
"chr2","7792372","7792533","chr2A","5900847","5901006","25","1891525"
"chr2","7813366","7813449","chr8","103433197","103433277","13","95619831"
"chr2","7839818","7840118","chr2A","48343205","48343505","42","40503387"
"chr2","7842475","7842556","chr3","12077390","12077473","17","4234915"
"chr2","7845215","7845353","chr19","11944700","11944823","37","4099485"
"chr2","7847019","7847174","chr16","58233823","58233988","40","50386804"
"chr2","7853548","7853665","chr19","1335268","1335385","12","6518280"
"chr2","7858168","7858447","chr13","1376244","1376525","37","6481924"
"chr2","7859824","7859952","chr7","100724871","100725001","20","92865047"
"chr2","7860370","7860555","chr4","123956454","123956641","26","116096084"
"chr2","7864524","7864823","chr10","109742808","109743106","43","101878284"
"chr2","7865684","7865773","chr9","70059064","70059157","20","62193380"
"chr2","7872892","7873191","chr12","36573900","36574199","34","28701008"
"chr2","7889798","7889926","chr4","120183980","120184110","12","112294182"
"chr2","7889955","7890126","chr15","53092315","53092495","29","45202360"
"chr2","7890941","7891244","chr10","36206364","36206653","43","28315423"
"chr2","7902251","7902534","chr1","8906184","8906464","44","1003933"
"chr2","7910814","7911087","chr22","30141895","30142167","46","22231081"
"chr2","7931085","7931368","chr10","141846679","141846962","38","133915594"
"chr2","7936416","7936546","chrX","19240655","19240787","23","11304239"
"chr2","7936808","7937037","chr16","57679571","57679801","54","49742763"
"chr2","7941960","7942236","chr9","58725251","58725533","42","50783291"
"chr2","7942259","7942282","chr2B","130380814","130380838","4","122438555"
"chr2","7944377","7944521","chr10","134526942","134527086","26","126582565"
"chr2","7945165","7945383","chr16","9468099","9468321","29","1522934"
"chr2","7955013","7955306","chr1","192479545","192479824","62","184524532"
"chr2","7970830","7970954","chr7","76635505","76635626","24","68664675"
"chr2","7975841","7976067","chr14","76161419","76161650","39","68185578"
"chr2","7984019","7984309","chr11","3623940","3624232","35","4360079"
"chr2","7989508","7989789","chr6","71983566","71983852","41","63994058"
"chr2","7990826","7991105","chrX","19706961","19707242","48","11716135"
"chr2","7998980","7999334","chr13","22889797","22890129","65","14890817"
"chr2","8002790","8002881","chr1","115533472","115533562","10","107530682"
"chr2","8026935","8027230","chr19","4106901","4107196","37","3920034"
"chr2","8038058","8038205","chr6","39935497","39935647","25","31897439"
"chr2","8038347","8038521","chr19","38067195","38067364","30","30028848"
"chr2","8039441","8039527","chr8","7695945","7696028","13","343496"
"chr2","8039956","8040068","chr5","34133102","34133204","28","26093146"
"chr2","8049488","8049703","chr11","5332043","5332259","27","2717445"
"chr2","8052322","8052620","chr4","39344065","39344354","43","31291743"
"chr2","8054137","8054418","chr12","108633862","108634156","48","100579725"
"chr2","8054420","8054575","chr19","6414816","6414977","26","1639604"
"chr2","8071880","8072013","chr15","46734424","46734558","13","38662544"
"chr2","8072316","8072494","chr2A","36991035","36991208","31","28918719"
"chr2","8084162","8084464","chr13","9716804","9717101","43","1632642"
"chr2","8114352","8114648","chr3","53839570","53839865","49","45725218"
"chr2","8119166","8119311","chr3","126948258","126948408","24","118829092"
"chr2","8121476","8121739","chr8","52518453","52518719","57","44396977"
"chr2","8126878","8127177","chr13","77437423","77437717","43","69310545"
"chr2","8131339","8131624","chr2B","100893350","100893645","44","92762011"
"chr2","8134631","8134732","chr9","70059064","70059157","20","61924433"
"chr2","8137968","8138161","chr2A","45775510","45775692","33","37637542"
"chr2","8141059","8141081","chr11","69457039","69457060","6","61315980"
"chr2","8141388","8141664","chr8","83414222","83414503","68","75272834"
"chr2","8142186","8142403","chr21","21337710","21337921","36","13195524"
"chr2","8155133","8155412","chr17","1016581","1016856","44","7138552"
"chr2","8159545","8159826","chr22","23036861","23037142","48","14877316"
"chr2","8161067","8161391","chr11","128394740","128395045","104","120233673"
"chr2","8161392","8161623","chrX","10355880","10356113","39","2194488"
"chr2","8165427","8165738","chr17","87468445","87468755","44","79303018"
"chr2","8176232","8176493","chr4","11998858","11999117","39","3822626"
"chr2","8176817","8176986","chr2B","50431625","50431794","19","42254808"
"chr2","8177284","8177416","chr1","36509687","36509822","22","28332403"
"chr2","8178398","8178525","chr1","212045205","212045343","32","203866807"
"chr2","8180043","8180233","chr3","186304117","186304310","37","178124074"
"chr2","8182499","8182735","chr6","11102320","11102570","45","2919821"
"chr2","8183070","8183296","chr16","57679571","57679801","37","49496501"
"chr2","8198556","8198786","chr10","64974917","64975151","43","56776361"
"chr2","8209865","8210001","chr16","9450514","9450651","16","1240649"
"chr2","8210312","8210478","chrX","52096827","52096988","22","43886515"
"chr2","8212036","8212309","chr20","8185187","8185458","47","26849"
"chr2","8213171","8213421","chr19","17733783","17734048","50","9520612"
"chr2","8217905","8218075","chr9","94889295","94889466","30","86671390"
"chr2","8221947","8222087","chrX","104519606","104519755","32","96297659"
"chr2","8222369","8222561","chr1","203553629","203553809","39","195331260"
"chr2","8252275","8252539","chr5","126766166","126766447","55","118513891"
"chr2","8253695","8254002","chr8","77654380","77654689","40","69400685"
"chr2","8256171","8256335","chr19","16200373","16200538","28","7944202"
"chr2","8256336","8256619","chr9","96955448","96955738","47","88699112"
"chr2","8259215","8259505","chr1","116008564","116008849","41","107749349"
"chr2","8260818","8260943","chr3","115180873","115181000","19","106920055"
"chr2","8266494","8266624","chr15","12873465","12873597","21","4606971"
"chr2","8267387","8267398","chr9","30477518","30477528","3","22210131"
"chr2","8267679","8267802","chr8","126739306","126739428","16","118471627"
"chr2","8267845","8268086","chr3","53672459","53672699","36","45404614"
"chr2","8269107","8269392","chr8","95460232","95460524","56","87191125"
"chr2","8271744","8272015","chr4","110869326","110869610","53","102597582"
"chr2","8287474","8287743","chr12","78780875","78781158","65","70493401"
"chr2","8288106","8288256","chr1","147194209","147194362","25","138906103"
"chr2","8288556","8288705","chr1","38253013","38253175","43","29964457"
"chr2","8295322","8295486","chr12","32019941","32020107","33","23724619"
"chr2","8295511","8295615","chr13","1777818","1777925","24","6517693"
"chr2","8319599","8319840","chr1","204255709","204255959","62","195936110"
"chr2","8319896","8320208","chr12","6319801","6320107","42","2000095"
"chr2","8325759","8326048","chr22","13606089","13606378","56","5280330"
"chr2","8327486","8327623","chr1","40716012","40716154","30","32388526"
"chr2","8327918","8328059","chr5","161217772","161217916","24","152889854"
"chr2","8334802","8335094","chr7","144251815","144252107","43","135917013"
"chr2","8348555","8348856","chr18","6290781","6291080","42","2057774"
"chr2","8357813","8357976","chr6","58049564","58049722","28","49691751"
"chr2","8363006","8363082","chr6","135212537","135212608","20","126849531"
"chr2","8363144","8363260","chr6","114129106","114129225","15","105765962"
"chr2","8383976","8384276","chr10","35753574","35753878","38","27369598"
"chr2","8386769","8386853","chr20","50762455","50762540","15","42375686"
"chr2","8392577","8392828","chrX","25999745","25999998","36","17607168"
"chr2","8410740","8410871","chr3","153697284","153697418","19","145286544"
"chr2","8411171","8411349","chr16","23669145","23669323","22","15257974"
"chr2","8420198","8420507","chr22","22128173","22128480","42","13707975"
"chr2","8421121","8421402","chr6","36657947","36658229","45","28236826"
"chr2","8425189","8425494","chr16","58935857","58936163","47","50510668"
"chr2","8438795","8439117","chr18","23316517","23316824","59","14877722"
"chr2","8442136","8442423","chr11","64978853","64979145","48","56536717"
"chr2","8447937","8448112","chr6","162765964","162766138","25","154318027"
"chr2","8454854","8455158","chr1","9681647","9681956","49","1226793"
"chr2","8461257","8461543","chr12","125028525","125028811","34","116567268"
"chr2","8462770","8463077","chr19","33561061","33561363","40","25098291"
"chr2","8464282","8464500","chr1","164359429","164359651","39","155895147"
"chr2","8486608","8486761","chr17","38654908","38655065","38","30168300"
"chr2","8486762","8486936","chr7","1712005","1712171","29","6774757"
"chr2","8487238","8487371","chr17","17814752","17814887","11","9327514"
"chr2","8487372","8487515","chr7","138725790","138725932","27","130238418"
"chr2","8496101","8496243","chr8","10748880","10749024","15","2252779"
"chr2","8499121","8499427","chr9","104384316","104384616","45","95885195"
"chr2","8503897","8504052","chr7","74224573","74224727","29","65720676"
"chr2","8521117","8521403","chr6","48058765","48059050","37","39537648"
"chr2","8523333","8523600","chr3","24267418","24267684","50","15744085"
"chr2","8523610","8523903","chr4","82792956","82793253","44","74269346"
"chr2","8524777","8525079","chr1","193132439","193132740","40","184607662"
"chr2","8529468","8529770","chr4","95929703","95930002","34","87400235"
"chr2","8532679","8532930","chr14","40007270","40007520","38","31474591"
"chr2","8555573","8555858","chr17","29222631","29222909","36","20667058"
"chr2","8560698","8560859","chr19","15292826","15292983","26","6732128"
"chr2","8561137","8561151","chr12","21613817","21613829","3","13052680"
"chr2","8563496","8563792","chr4","2133244","2133542","44","6430252"
"chr2","8565797","8566110","chr12","35932092","35932403","37","27366295"
"chr2","8567920","8568203","chr7","114686448","114686722","55","106118528"
"chr2","8579342","8579681","chr11","95065787","95066116","54","86486445"
"chr2","8585343","8585649","chr1","10834158","10834467","47","2248815"
"chr2","8586576","8586872","chr9","78494920","78495220","36","69908344"
"chr2","8589085","8589381","chr21","36430006","36430300","45","27840921"
"chr2","8599406","8599654","chrX","120654481","120654727","47","112055075"
"chr2","8600588","8600876","chr1","9683728","9684022","38","1083140"
"chr2","8602726","8603015","chr5","51523206","51523498","43","42920480"
"chr2","8611577","8611879","chr1","25847855","25848157","39","17236278"
"chr2","8623415","8623714","chr17","7388146","7388443","41","1235269"
"chr2","8631413","8631552","chr8","6691891","6692023","21","1939522"
"chr2","8633750","8634031","chr4","39648198","39648477","48","31014448"
"chr2","8634080","8634109","chr5","17606133","17606160","5","8972053"
"chr2","8636276","8636553","chr3","188474421","188474704","54","179838145"
"chr2","8645536","8645803","chr12","76322382","76322652","44","67676846"
"chr2","8647298","8647499","chr22","15488673","15488875","32","6841375"
"chr2","8651241","8651465","chr3","64929270","64929491","41","56278029"
"chr2","8656387","8656698","chr10","65709697","65710008","46","57053310"
"chr2","8662606","8662764","chr7","74266435","74266589","21","65603829"
"chr2","8668621","8668888","chrX","9679871","9680143","42","1011250"
"chr2","8668915","8668934","chr1","215401574","215401589","5","206732659"
"chr2","8671629","8671931","chr9","71460434","71460734","35","62788805"
"chr2","8678801","8679089","chr5","7627199","7627488","36","1051602"
"chr2","8683636","8683943","chr9","12958370","12958680","43","4274734"
"chr2","8692974","8693275","chr2A","42413678","42413976","36","33720704"
"chr2","8697976","8698059","chr6","15548566","15548652","20","6850590"
"chr2","8702399","8702698","chr6","45713778","45714072","34","37011379"
"chr2","8706864","8707117","chr14","76701843","76702097","44","67994979"
"chr2","8711588","8711600","chr3","198725842","198725854","2","190014254"
"chr2","8711627","8711911","chr8","48387419","48387700","34","39675792"
"chr2","8717911","8718202","chr4","110429595","110429881","50","101711684"
"chr2","8721239","8721546","chr10","100758707","100759012","34","92037468"
"chr2","8723513","8723830","chr17","55522427","55522750","49","46798914"
"chr2","8724451","8724616","chr20","2150753","2150919","29","6573698"
"chr2","8732991","8733286","chr1","193132439","193132740","42","184399448"
"chr2","8735783","8736080","chr7","156101400","156101691","40","147365617"
"chr2","8742790","8743094","chr3","58218665","58218964","44","49475875"
"chr2","8743910","8744215","chr19","45505024","45505332","43","36761114"
"chr2","8755590","8755877","chrX","13559368","13559655","44","4803778"
"chr2","8763910","8764187","chr8","142760753","142761043","56","133996843"
"chr2","8771779","8772096","chrX","41653232","41653540","65","32881453"
"chr2","8772099","8772386","chr2B","93935465","93935754","47","85163366"
"chr2","8776051","8776140","chr1","205568640","205568733","21","196792589"
"chr2","8776336","8776531","chr9","74819531","74819730","23","66043195"
"chr2","8779287","8779424","chr3","8501615","8501750","13","277672"
"chr2","8779733","8779912","chr2A","52826352","52826523","27","44046619"
"chr2","8784726","8785013","chr14","61097634","61097920","31","52312908"
"chr2","8795966","8796259","chr3","54117257","54117566","59","45321291"
"chr2","8801191","8801486","chr8","9756252","9756551","44","955061"
"chr2","8805425","8805633","chr1","111861844","111862052","31","103056419"
"chr2","8813315","8813446","chr2B","89836039","89836169","15","81022724"
"chr2","8813554","8813614","chr11","66565636","66565699","11","57752082"
"chr2","8817595","8817869","chr10","6465058","6465328","40","2352537"
"chr2","8818948","8819122","chr9","94889295","94889466","27","86070347"
"chr2","8822061","8822354","chr17","63658187","63658485","42","54836126"
"chr2","8830255","8830544","chr8","74535863","74536149","34","65705608"
"chr2","8840670","8840780","chr4","163870071","163870182","17","155029401"
"chr2","8857419","8857663","chr1","206080597","206080856","43","197223178"
"chr2","8860340","8860442","chr17","37848426","37848525","19","28988086"
"chr2","8862451","8862599","chrX","50132440","50132584","13","41269989"
"chr2","8863105","8863410","chr8","54724297","54724600","41","45861192"
"chr2","8871573","8871702","chr5","159476362","159476486","28","150604789"
"chr2","8880710","8880988","chrX","17297985","17298267","35","8417275"
"chr2","8882885","8882986","chr19","14773262","14773362","15","5890377"
"chr2","8884016","8884322","chr4","198251635","198251936","40","189367619"
"chr2","8885250","8885501","chr1","9245866","9246113","53","360616"
"chr2","8888530","8888667","chr5","35633795","35633931","20","26745265"
"chr2","8888700","8888880","chr8","7700989","7701162","29","1187711"
"chr2","8892032","8892230","chr16","51163736","51163930","46","42271704"
"chr2","8892234","8892347","chr2B","236147","236264","12","8656087"
"chr2","8892368","8892382","chr3","131152171","131152184","2","122259803"
"chr2","8894341","8894472","chr5","161161762","161161894","14","152267421"
"chr2","8898258","8898544","chr10","13827691","13827980","42","4929433"
"chr2","8909329","8909622","chr11","70634880","70635174","40","61725551"
"chr2","8913839","8913968","chr6","77300902","77301033","12","68387063"
"chr2","8917637","8917928","chr7","74444278","74444571","42","65526641"
"chr2","8920075","8920368","chr1","94804891","94805182","38","85884816"
"chr2","8922930","8923096","chr8","16700000","16700163","32","7777070"
"chr2","8923389","8923463","chr5","41433788","41433863","11","32510399"
"chr2","8935483","8935785","chr5","117545348","117545648","35","108609865"
"chr2","8939701","8939863","chr1","64265105","64265259","35","55325404"
"chr2","8940660","8940821","chr16","3488439","3488599","26","5452221"
"chr2","8941166","8941464","chrX","70063094","70063389","45","61121928"
"chr2","8944716","8945005","chr1","9420819","9421108","42","476103"
"chr2","8947735","8947864","chrX","45063471","45063598","16","36115736"
"chr2","8948152","8948329","chr5","66442062","66442232","34","57493910"
"chr2","8948765","8949056","chr7","74977675","74977964","46","66028910"
"chr2","8950330","8950622","chr1","181798990","181799282","38","172848660"
"chr2","8950674","8950963","chr14","85986152","85986448","42","77035478"
"chr2","8956701","8956827","chr18","72725511","72725646","30","63768810"
"chr2","8978177","8978217","chr3","180323656","180323695","10","171345479"
"chr2","8978516","8978713","chr11","68663144","68663342","41","59684628"
"chr2","8981640","8981831","chr4","200694360","200694548","27","191712720"
"chr2","8991685","8991858","chr3","58499825","58499999","31","49508140"
"chr2","9003064","9003318","chr5","91063744","91064007","40","82060680"
"chr2","9015641","9015815","chr11","65460530","65460703","26","56444889"
"chr2","9022921","9023205","chr1","206487431","206487714","31","197464510"
"chr2","9040779","9041065","chrX","47906942","47907236","40","38866163"
"chr2","9044032","9044165","chr1","71393655","71393787","23","62349623"
"chr2","9046503","9046638","chr3","8501615","8501750","15","544888"
"chr2","9046801","9047055","chr11","107975045","107975301","38","98928244"
"chr2","9047087","9047376","chr5","2973594","2973889","47","6073493"
"chr2","9047771","9048063","chr9","71250011","71250303","34","62202240"
"chr2","9051948","9052178","chr1","32667499","32667739","35","23615551"
"chr2","9057013","9057312","chr16","2658776","2659073","46","6398237"
"chr2","9064669","9064986","chr8","33624550","33624858","54","24559881"
"chr2","9065589","9065881","chr2A","44667261","44667557","52","35601672"
"chr2","9069002","9069303","chr14","61097634","61097920","44","52028632"
"chr2","9070191","9070316","chr3","200112833","200112959","27","191042642"
"chr2","9070852","9070993","chr12","9001577","9001712","20","69275"
"chr2","9073451","9073584","chr7","70442351","70442486","20","61368900"
"chr2","9073886","9074047","chr6","112831541","112831707","24","103757655"
"chr2","9081779","9082065","chr20","33831149","33831435","42","24749370"
"chr2","9099775","9100086","chr7","56597720","56598029","43","47497945"
"chr2","9116687","9116836","chr1","209206604","209206753","23","200089917"
"chr2","9117195","9117248","chr12","19245103","19245154","8","10127908"
"chr2","9118397","9118687","chr5","135590709","135591003","47","126472312"
"chr2","9126104","9126239","chr6","16742190","16742324","23","7616086"
"chr2","9133385","9133652","chr20","3183092","3183358","39","5950293"
"chr2","9141772","9142076","chr1","24608800","24609102","44","15467028"
"chr2","9164546","9164697","chr3","39200576","39200721","31","30036030"
"chr2","9165001","9165125","chr12","112659801","112659924","17","103494800"
"chr2","9167411","9167570","chr17","8318989","8319153","28","848422"
"chr2","9167877","9168017","chr7","72985934","72986072","13","63818057"
"chr2","9168699","9169003","chr1","31136599","31136900","42","21967900"
"chr2","9170689","9170826","chr1","216046125","216046259","23","206875436"
"chr2","9174653","9174825","chr12","33023715","33023880","25","23849062"
"chr2","9179267","9179577","chr6","37361889","37362199","37","28182622"
"chr2","9186822","9186956","chr3","187533947","187534083","15","178347125"
"chr2","9187946","9188089","chr16","19998283","19998435","34","10810337"
"chr2","9188404","9188564","chr2B","16492410","16492571","22","7304006"
"chr2","9194965","9195102","chr2B","99050424","99050558","16","89855459"
"chr2","9195103","9195306","chr1","21760602","21760803","26","12565499"
"chr2","9195307","9195517","chr5","143905876","143906083","58","134710569"
"chr2","9196654","9197032","chrX","16993748","16994122","96","7797094"
"chr2","9202383","9202554","chr3","45483389","45483556","35","36281006"
"chr2","9217304","9217616","chrX","128923641","128923950","38","119706337"
"chr2","9220781","9220944","chr1","23409964","23410126","27","14189183"
"chr2","9232916","9233203","chr1","213044115","213044402","51","203811199"
"chr2","9240123","9240253","chr19","15115967","15116102","16","5875844"
"chr2","9242893","9243185","chr4","21361861","21362148","35","12118968"
"chr2","9256256","9256388","chr1","168543967","168544101","17","159287711"
"chr2","9258587","9258858","chr17","888730","889009","46","8369857"
"chr2","9260112","9260316","chr4","196548468","196548670","29","187288356"
"chr2","9273047","9273352","chr6","110474486","110474790","40","101201439"
"chr2","9290335","9290631","chr13","9716804","9717101","43","426469"
"chr2","9300648","9300796","chr1","226730287","226730437","24","217429639"
"chr2","9318495","9318783","chr11","117367595","117367888","50","108049100"
"chr2","9319285","9319578","chr12","125255753","125256046","43","115936468"
"chr2","9323340","9323481","chr12","119601787","119601922","43","110278447"
"chr2","9323790","9323805","chr4","5175864","5175878","6","4147926"
"chr2","9325530","9325663","chr5","7570536","7570671","16","1754994"
"chr2","9325965","9326131","chr15","30702702","30702867","20","21376737"
"chr2","9330053","9330360","chr17","7388146","7388443","47","1941907"
"chr2","9332492","9332623","chr14","59236568","59236697","14","49904076"
"chr2","9334747","9334919","chr13","96237566","96237732","21","86902819"
"chr2","9339392","9339403","chr9","23863037","23863048","1","14523645"
"chr2","9339459","9339723","chr8","48387419","48387700","40","39047960"
"chr2","9341866","9342181","chr7","40557776","40558075","45","31215910"
"chr2","9350686","9350985","chr1","157469826","157470129","45","148119140"
"chr2","9352852","9353142","chr11","107935819","107936108","40","98582967"
"chr2","9354231","9354512","chr17","888730","889009","41","8465501"
"chr2","9370404","9370685","chrX","120203473","120203757","45","110833069"
"chr2","9372386","9372692","chr10","34717939","34718234","51","25345553"
"chr2","9380494","9380781","chr6","48058765","48059050","40","38678271"
"chr2","9401346","9401408","chr5","141793001","141793065","8","132391655"
"chr2","9401756","9401932","chr17","80172374","80172549","23","70770618"
"chr2","9421705","9421996","chr1","39642949","39643236","41","30221244"
"chr2","9422960","9423103","chr3","198061023","198061157","22","188638063"
"chr2","9423420","9423443","chr6","15614070","15614095","5","6190650"
"chr2","9432619","9432912","chr5","62349895","62350189","39","52917276"
"chr2","9435557","9435859","chr20","35185907","35186203","37","25750350"
"chr2","9456017","9456145","chr12","36756938","36757069","12","27300921"
"chr2","9464184","9464320","chr1","36509687","36509822","15","27045503"
"chr2","9464611","9464749","chr19","54706718","54706855","21","45242107"
"chr2","9469980","9470223","chr11","67319292","67319535","35","57849312"
"chr2","9477888","9478183","chr14","24049697","24049995","44","14571809"
"chr2","9481919","9482039","chr9","91596035","91596155","19","82114116"
"chr2","9486655","9486782","chr14","12485207","12485337","19","2998552"
"chr2","9493460","9493754","chr7","586271","586571","36","8907189"
"chr2","9503141","9503448","chr6","151755661","151755970","45","142252520"
"chr2","9510957","9511244","chr8","98924805","98925093","43","89413848"
"chr2","9516527","9516639","chr22","14032510","14032623","12","4515983"
"chr2","9516678","9516811","chr9","34724709","34724846","28","25208031"
"chr2","9516868","9516995","chrX","22199062","22199188","17","12682194"
"chr2","9517913","9518113","chr12","53360512","53360703","37","43842599"
"chr2","9519199","9519323","chr22","25571363","25571488","15","16052164"
"chr2","9519671","9519882","chr3","44539011","44539208","38","35019340"
"chr2","9521115","9521301","chr11","60950230","60950413","33","51429115"
"chr2","9522259","9522519","chr20","40332872","40333133","40","30810613"
"chr2","9535098","9535352","chr9","92394794","92395054","34","82859696"
"chr2","9536647","9536866","chr5","45215725","45215943","31","35679078"
"chr2","9538144","9538313","chr4","2469407","2469572","24","7068737"
"chr2","9538828","9539108","chr10","37200750","37201043","46","27661922"
"chr2","9541178","9541480","chr1","225512358","225512658","47","215971180"
"chr2","9547700","9547868","chr3","45483389","45483556","35","35935689"
"chr2","9548173","9548310","chr7","40605012","40605146","20","31056839"
"chr2","9567617","9567902","chr7","44619997","44620283","41","35052380"
"chr2","9570414","9570554","chr1","214134294","214134424","28","204563880"
"chr2","9575808","9576100","chr5","60663723","60664024","49","51087915"
"chr2","9599050","9599347","chr20","44984577","44984878","57","35385527"
"chr2","9603600","9603901","chr2A","2238591","2238902","46","7365009"
"chr2","9604269","9604569","chr20","44984577","44984878","41","35380308"
"chr2","9607044","9607316","chr8","144593849","144594123","40","134986805"
"chr2","9625058","9625361","chr9","104384316","104384616","37","94759258"
"chr2","9627409","9627700","chr6","152428402","152428695","41","142800993"
"chr2","9628799","9629049","chr5","55759722","55759988","52","46130923"
"chr2","9629493","9629830","chr12","112468640","112468964","70","102839147"
"chr2","9630524","9630574","chr1","28389177","28389227","1","18758653"
"chr2","9630885","9631049","chrX","69931574","69931735","24","60300689"
"chr2","9649403","9649577","chrX","52096827","52096988","35","42447424"
"chr2","9649890","9649902","chr6","43762515","43762527","2","34112625"
"chr2","9649924","9650138","chrX","44843485","44843702","34","35193561"
"chr2","9656818","9657096","chr9","93010040","93010345","52","83353222"
"chr2","9672485","9672627","chr4","155463310","155463450","21","145790825"
"chr2","9672936","9673102","chr6","20955212","20955371","26","11282276"
"chr2","9673442","9673566","chr17","30514493","30514618","13","20841051"
"chr2","9674334","9674461","chr19","54411289","54411412","14","44736955"
"chr2","9675936","9676246","chr6","33600893","33601195","49","23924957"
"chr2","9676719","9677010","chr11","16413573","16413862","50","6736854"
"chr2","9681470","9681659","chr3","144098665","144098846","34","134417195"
"chr2","9681683","9681716","chr6","109134181","109134213","10","99452498"
"chr2","9683875","9684175","chr9","108525939","108526234","36","98842064"
"chr2","9688379","9688693","chr7","75667950","75668266","52","65979571"
"chr2","9689617","9689732","chr6","18262286","18262397","19","8572669"
"chr2","9694945","9695015","chr11","63118827","63118897","6","53423882"
"chr2","9696269","9696572","chr20","9961013","9961311","36","264744"
"chr2","9697739","9697861","chr17","30514493","30514618","15","20816754"
"chr2","9699595","9699888","chr1","94804891","94805182","43","85105296"
"chr2","9717787","9718077","chr6","109421766","109422061","42","99703979"
"chr2","9722513","9722822","chrX","49238016","49238318","53","39515503"
"chr2","9727691","9727991","chr7","75744113","75744422","39","66016422"
"chr2","9735597","9735812","chr6","22531033","22531259","34","12795436"
"chr2","9735813","9736000","chr1","45744794","45744982","29","36008981"
"chr2","9743259","9743535","chr18","14433925","14434195","47","4690666"
"chr2","9771771","9771914","chrX","154349536","154349678","18","144577765"
"chr2","9772912","9773212","chr4","2570442","2570744","32","7202470"
"chr2","9775421","9775538","chr10","11873055","11873169","28","2097634"
"chr2","9775858","9776040","chr7","154040247","154040421","30","144264389"
"chr2","9776883","9777162","chr7","82671539","82671826","51","72894656"
"chr2","9777962","9778093","chr7","78998821","78998955","14","69220859"
"chr2","9800326","9800458","chr1","209383866","209384001","17","199583540"
"chr2","9804721","9805004","chr20","60196612","60196897","41","50391891"
"chr2","9808635","9808932","chrX","36589247","36589551","47","26780612"
"chr2","9815001","9815302","chr1","30920505","30920809","36","21105504"
"chr2","9817097","9817414","chr9","63731802","63732110","52","53914705"
"chr2","9825135","9825283","chrX","104088854","104089004","21","94263719"
"chr2","9830946","9831228","chr2A","18598144","18598426","36","8767198"
"chr2","9847430","9847454","chr3","83268397","83268417","10","73420967"
"chr2","9847743","9847883","chrX","154349536","154349678","16","144501793"
"chr2","9851218","9851486","chr19","33963906","33964159","57","24112688"
"chr2","9851962","9852069","chr19","17098162","17098270","15","7246200"
"chr2","9859610","9859895","chr19","49954544","49954838","36","40094934"
"chr2","9862464","9862592","chr1","71060262","71060392","21","61197798"
"chr2","9862903","9863074","chr21","30583077","30583246","32","20720174"
"chr2","9863679","9863964","chr18","77456408","77456687","51","67592729"
"chr2","9868455","9868762","chr10","112297321","112297630","37","102428866"
"chr2","9878488","9878760","chr1","19948860","19949131","40","10070372"
"chr2","9892384","9892537","chr3","155389771","155389921","25","145497387"
"chr2","9893647","9893810","chr12","33023715","33023880","22","23130068"
"chr2","9895522","9895809","chr12","108633862","108634156","45","98738340"
"chr2","9897215","9897480","chr2B","132846226","132846498","52","122949011"
"chr2","9898173","9898347","chr7","156784585","156784756","29","146886412"
"chr2","9898650","9898774","chr14","48532117","48532241","19","38633467"
"chr2","9901612","9901745","chr8","123134693","123134825","16","113233081"
"chr2","9916023","9916316","chr1","46659706","46659998","48","36743683"
"chr2","9918398","9918525","chr1","226915547","226915673","31","216997149"
"chr2","9918810","9918946","chr3","121511321","121511457","12","111592511"
"chr2","9920352","9920648","chr13","9716804","9717101","42","203548"
"chr2","9922124","9922248","chr5","35609585","35609710","21","25687461"
"chr2","9922283","9922454","chr17","74722891","74723063","25","64800608"
"chr2","9922478","9922625","chr7","75938088","75938244","28","66015610"
"chr2","9923365","9923673","chr7","40718531","40718840","50","30795166"
"chr2","9933250","9933379","chr14","12485207","12485337","15","2551957"
"chr2","9933703","9934013","chr11","120932649","120932956","36","110998946"
"chr2","9938263","9938557","chr10","98775410","98775709","43","88837147"
"chr2","9941370","9941499","chr1","205772785","205772916","18","195831415"
"chr2","9941502","9941789","chr7","144262384","144262678","59","134320882"
"chr2","9946294","9946461","chr7","5060115","5060281","21","4886179"
"chr2","9946812","9946947","chr5","118006764","118006899","13","108059952"
"chr2","9947553","9947737","chr8","86134072","86134255","26","76186519"
"chr2","9947990","9948106","chr9","43136566","43136682","15","33188576"
"chr2","9967746","9968031","chr8","145953707","145953999","45","135985961"
"chr2","9972051","9972347","chr2A","96716033","96716326","44","86743982"
"chr2","9990227","9990523","chr7","76005862","76006167","51","66015635"
"chr2","9994307","9994608","chr7","76010335","76010642","50","66016028"
"chr2","10016710","10017007","chr3","189017179","189017480","42","179000469"
"chr2","10021396","10021689","chr7","10462927","10463214","48","441531"
"chr2","10029600","10029890","chr12","108633862","108634156","38","98604262"
"chr2","10029965","10030269","chr6","112148811","112149116","48","102118846"
"chr2","10034130","10034164","chrX","1151743","1151778","4","8882387"
"chr2","10034377","10034689","chr14","88370145","88370457","59","78335768"
"chr2","10035417","10035704","chr6","6875622","6875903","61","3159795"
"chr2","10039507","10039598","chr3","152761514","152761604","17","142722007"
"chr2","10041889","10042069","chr5","156062138","156062320","24","146020249"
"chr2","10051777","10052082","chr1","32809541","32809842","48","22757764"
"chr2","10053090","10053364","chr3","179781249","179781524","38","169728159"
"chr2","10061151","10061312","chr2B","93631430","93631590","30","83570279"
"chr2","10062472","10062765","chr15","19582051","19582338","48","9519579"
"chr2","10077821","10078072","chr15","39411810","39412044","50","29333989"
"chr2","10095601","10095897","chr7","134591683","134591981","41","124496082"
"chr2","10103275","10103559","chr3","187167608","187167891","59","177064333"
"chr2","10124515","10125102","chr17","6571389","6571740","278","3553126"
"chr2","10130944","10131231","chr13","8917003","8917288","47","1213941"
"chr2","10131283","10131293","chr5","5751537","5751547","1","4379746"
"chr2","10137803","10138110","chr5","143005137","143005439","40","132867334"
"chr2","10144349","10144494","chr2B","16236065","16236209","22","6091716"
"chr2","10144495","10144768","chr3","126228889","126229159","45","116084394"
"chr2","10144769","10144969","chr13","8388715","8388905","40","1756054"
"chr2","10156631","10156937","chr1","31136599","31136900","45","20979968"
"chr2","10160889","10161114","chr18","54137590","54137814","33","43976701"
"chr2","10167743","10167983","chr8","119221662","119221904","43","109053919"
"chr2","10179778","10180014","chrX","40490636","40490870","33","30310858"
"chr2","10183544","10183851","chr3","9338908","9339211","39","844636"
"chr2","10195203","10195331","chr4","82724173","82724301","20","72528970"
"chr2","10195630","10195802","chr5","59930487","59930657","25","49734857"
"chr2","10223361","10223452","chr3","180508856","180508948","10","170285495"
"chr2","10223645","10223773","chr20","31547819","31547950","23","21324174"
"chr2","10249822","10250036","chr10","27946705","27946918","45","17696883"
"chr2","10256330","10256501","chr10","132245824","132245994","27","121989494"
"chr2","10261317","10261471","chr5","14947374","14947527","23","4686057"
"chr2","10262935","10263223","chr4","113725354","113725645","34","103462419"
"chr2","10267733","10267912","chr5","63483235","63483402","33","53215502"
"chr2","10269746","10270042","chr7","142917539","142917834","42","132647793"
"chr2","10271677","10271944","chrX","20230457","20230727","50","9958780"
"chr2","10275375","10275665","chr19","14082404","14082694","39","3807029"
"chr2","10280223","10280494","chr7","76293538","76293813","41","66013315"
"chr2","10289244","10289357","chr14","76771202","76771305","20","66481958"
"chr2","10303187","10303233","chr12","110265519","110265565","13","99962332"
"chr2","10303530","10303766","chr12","118310433","118310646","51","108006903"
"chr2","10307730","10308012","chrX","6109891","6110186","49","4197839"
"chr2","10313067","10313227","chr1","202667269","202667423","26","192354202"
"chr2","10315497","10315760","chr5","16239905","16240171","49","5924408"
"chr2","10315770","10316072","chr9","13807793","13808081","62","3492023"
"chr2","10318806","10319096","chr3","58828503","58828792","53","48509697"
"chr2","10319760","10319892","chr7","57083020","57083154","17","46763260"
"chr2","10319893","10320189","chr20","34838054","34838358","50","24518161"
"chr2","10320190","10320325","chr9","119475667","119475803","16","109155477"
"chr2","10328683","10328952","chr19","5819704","5819982","42","4508979"
"chr2","10343596","10343890","chr7","106016300","106016595","37","95672704"
"chr2","10347222","10347370","chr4","155365973","155366123","26","145018751"
"chr2","10348047","10348205","chr17","7576156","7576318","27","2771891"
"chr2","10348636","10348945","chr11","34146688","34146993","38","23798052"
"chr2","10352403","10352695","chr15","64478386","64478671","41","54125983"
"chr2","10360216","10360504","chr1","159180870","159181161","44","148820654"
"chr2","10360505","10360643","chr21","31662246","31662382","19","21301741"
"chr2","10360851","10360893","chr9","112589803","112589834","17","102228952"
"chr2","10361215","10361402","chr12","37388525","37388697","32","27027310"
"chr2","10361787","10362068","chr11","123114043","123114321","42","112752256"
"chr2","10364629","10364913","chr5","137834462","137834749","40","127469833"
"chr2","10368057","10368291","chr9","12398613","12398841","32","2030556"
"chr2","10369178","10369236","chr5","15815684","15815739","15","5446506"
"chr2","10372425","10372737","chr1","182113299","182113606","42","171740874"
"chr2","10387975","10388109","chr14","86369247","86369382","16","75981272"
"chr2","10393064","10393368","chrX","19144954","19145260","45","8751890"
"chr2","10393753","10394046","chr3","48012666","48012956","40","37618913"
"chr2","10401519","10401785","chr1","68387186","68387452","40","57985667"
"chr2","10405167","10405368","chr15","69622410","69622621","30","59217243"
"chr2","10418086","10418390","chr10","92365581","92365877","51","81947495"
"chr2","10422560","10422843","chr2B","100929351","100929648","45","90506791"
"chr2","10455492","10455767","chr5","28519605","28519871","60","18064113"
"chr2","10455768","10456045","chr4","196889682","196889961","38","186433914"
"chr2","10459555","10459761","chr16","4317921","4318118","46","6141634"
"chr2","10467247","10467521","chr16","18621825","18622104","43","8154578"
"chr2","10494169","10494472","chr12","214103","214413","43","10280066"
"chr2","10525589","10525685","chr19","18868509","18868604","27","8342920"
"chr2","10529520","10529546","chr11","9097047","9097067","10","1432473"
"chr2","10529849","10529974","chr1","46135119","46135243","31","35605270"
"chr2","10539390","10539695","chr9","67930664","67930970","32","57391274"
"chr2","10550725","10551022","chr7","33444745","33445043","37","22894020"
"chr2","10553474","10553768","chr1","24608800","24609102","46","14055326"
"chr2","10556816","10556894","chr9","15427927","15428002","14","4871111"
"chr2","10573234","10573377","chr5","35633795","35633931","25","25060561"
"chr2","10573412","10573582","chr19","18585519","18585691","30","8012107"
"chr2","10577551","10577820","chr8","18827387","18827655","42","8249836"
"chr2","10591597","10591878","chr15","64478386","64478671","50","53886789"
"chr2","10597040","10597310","chr17","7150148","7150428","40","3446892"
"chr2","10598491","10598780","chr6","164274281","164274576","42","153675790"
"chr2","10599809","10600106","chr1","139266119","139266414","32","128666310"
"chr2","10605448","10605518","chr6","43830937","43831007","6","33225489"
"chr2","10607304","10607437","chr5","38957611","38957744","14","28350307"
"chr2","10607741","10607831","chr20","33826279","33826367","18","23218538"
"chr2","10614457","10614753","chr19","28880260","28880552","54","18265803"
"chr2","10615194","10615454","chrX","24308092","24308352","37","13692898"
"chr2","10622274","10622574","chr5","2973594","2973889","51","7648680"
"chr2","10630936","10631223","chr9","56698524","56698806","39","46067588"
"chr2","10631919","10632200","chr11","117709560","117709842","36","107077641"
"chr2","10652234","10652533","chr1","46139966","46140263","37","35487732"
"chr2","10657098","10657276","chr9","79398925","79399105","18","68741827"
"chr2","10657809","10658044","chr1","143480650","143480885","36","132822841"
"chr2","10658507","10658584","chr19","54361800","54361874","20","43703293"
"chr2","10659161","10659247","chr1","28753545","28753625","19","18094384"
"chr2","10663406","10663684","chr1","192523055","192523333","66","181859649"
"chr2","10667692","10667836","chr2B","130776222","130776361","36","120108530"
"chr2","10669037","10669344","chr1","6364741","6365049","40","4304296"
"chr2","10679210","10679336","chr10","145143698","145143827","17","134464488"
"chr2","10684271","10684570","chr5","8051082","8051376","48","2633189"
"chr2","10686459","10686760","chr21","30658994","30659298","43","19972535"
"chr2","10690617","10690777","chr17","49777983","49778142","21","39087366"
"chr2","10691080","10691180","chr3","58825185","58825285","10","48134105"
"chr2","10699486","10699796","chr11","66269881","66270191","39","55570395"
"chr2","10700014","10700319","chr9","113844558","113844856","44","103144544"
"chr2","10707182","10707469","chr2A","59940886","59941173","44","49233704"
"chr2","10711016","10711303","chr14","47119062","47119353","42","36408046"
"chr2","10712121","10712321","chr22","15811689","15811900","39","5099568"
"chr2","10713081","10713211","chrX","3100526","3100657","21","7612555"
"chr2","10715061","10715231","chr1","40391172","40391343","28","29676111"
"chr2","10717664","10717973","chr1","134751243","134751545","50","124033579"
"chr2","10719218","10719231","chr8","26101843","26101856","1","15382625"
"chr2","10719374","10719492","chr2A","74412437","74412551","16","63693063"
"chr2","10725448","10725658","chr18","30264905","30265121","34","19539457"
"chr2","10727282","10727400","chr10","64803571","64803686","30","54076289"
"chr2","10727464","10727598","chr16","11942333","11942454","36","1214869"
"chr2","10728822","10729110","chr11","101615949","101616238","36","90887127"
"chr2","10732540","10732679","chr22","12182337","12182475","13","1449797"
"chr2","10733560","10733835","chr20","37622298","37622580","43","26888738"
"chr2","10737277","10737565","chr10","90676718","90677007","44","79939441"
"chr2","10738929","10739213","chr17","72630984","72631266","38","61892055"
"chr2","10744258","10744551","chr13","78180665","78180956","38","67436407"
"chr2","10745971","10746230","chr6","109406908","109407165","34","98660937"
"chr2","10747330","10747610","chr14","76723805","76724091","46","65976475"
"chr2","10756597","10756870","chr19","35202525","35202801","52","24445928"
"chr2","10756889","10757200","chr6","121544906","121545204","51","110788017"
"chr2","10758533","10758590","chr5","40856968","40857028","12","30098435"
"chr2","10759318","10759549","chr1","216260679","216260929","51","205501361"
"chr2","10760253","10760526","chr9","111035492","111035776","51","100275239"
"chr2","10760958","10761100","chr14","34678399","34678547","21","23917441"
"chr2","10777260","10777363","chrX","4833349","4833441","29","5943911"
"chr2","10777686","10777872","chr16","34500572","34500754","52","23722886"
"chr2","10784169","10784471","chrX","99444605","99444904","35","88660436"
"chr2","10788970","10789144","chr1","10096784","10096970","29","692186"
"chr2","10810092","10810384","chr8","67263311","67263607","49","56453219"
"chr2","10816590","10816867","chr3","75915486","75915767","40","65098896"
"chr2","10823146","10823452","chr2A","53212043","53212340","40","42388897"
"chr2","10825728","10825842","chr8","1408083","1408196","15","9417645"
"chr2","10825844","10825936","chr1","198365932","198366023","14","187540088"
"chr2","10827290","10827438","chr3","134610326","134610478","22","123783036"
"chr2","10827440","10827645","chr1","134414107","134414316","39","123586667"
"chr2","10831506","10831800","chr18","22650308","22650603","40","11818802"
"chr2","10833198","10833341","chr3","199484334","199484470","23","188651136"
"chr2","10833606","10833774","chrX","15032812","15032976","25","4199206"
"chr2","10835004","10835138","chr1","209742215","209742351","17","198907211"
"chr2","10844635","10844794","chr15","29091658","29091817","26","18247023"
"chr2","10845088","10845224","chr4","130264117","130264250","20","119419029"
"chr2","10846718","10847016","chr1","6861545","6861837","40","3985173"
"chr2","10848175","10848484","chr7","129375089","129375397","50","118526914"
"chr2","10854171","10854311","chr7","138725358","138725494","33","127871187"
"chr2","10854321","10854622","chr4","40463693","40463988","57","29609372"
"chr2","10854623","10854744","chr16","16699980","16700100","18","5845357"
"chr2","10892172","10892463","chr17","63805578","63805863","47","52913406"
"chr2","10896849","10896932","chr19","56702045","56702122","14","45805196"
"chr2","10896950","10897047","chr8","143559698","143559792","14","132662748"
"chr2","10898902","10899044","chr4","155463310","155463450","13","144564408"
"chr2","10899680","10899863","chr5","45060313","45060493","29","34160633"
"chr2","10900475","10900769","chr3","182319983","182320279","39","171419508"
"chr2","10905412","10905744","chr1","70324923","70325245","50","59419511"
"chr2","10906264","10906568","chr15","78041904","78042206","40","67135640"
"chr2","10916058","10916386","chr5","133705958","133706278","55","122789900"
"chr2","10936830","10936888","chr17","9287443","9287503","8","1649387"
"chr2","10938074","10938358","chr9","112296936","112297226","44","101358862"
"chr2","10939424","10939738","chr17","89099068","89099374","46","78159644"
"chr2","10947932","10948177","chr13","62784224","62784467","38","51836292"
"chr2","10953699","10954000","chr2B","71437249","71437549","41","60483550"
"chr2","10961936","10962247","chr11","62726767","62727069","46","51764831"
"chr2","10962683","10962989","chr9","76761318","76761626","45","65798635"
"chr2","10962990","10963133","chr6","168882415","168882550","25","157919425"
"chr2","10963601","10963875","chr8","27554215","27554491","33","16590614"
"chr2","10976977","10977009","chr1","16440241","16440274","8","5463264"
"chr2","10977034","10977205","chr16","75094022","75094184","27","64116988"
"chr2","10979647","10979702","chr4","89800970","89801023","10","78821323"
"chr2","10980113","10980310","chr19","28442537","28442727","45","17462424"
"chr2","10985068","10985351","chr8","48387419","48387700","42","37402351"
"chr2","10997260","10997419","chr3","48912653","48912811","26","37915393"
"chr2","10997706","10997844","chr3","199484334","199484470","24","188486628"
"chr2","11018894","11019067","chr1","63034846","63035014","33","52015952"
"chr2","11019068","11019366","chr19","52903313","52903614","39","41884245"
"chr2","11019367","11019502","chrX","19591644","19591778","25","8572277"
"chr2","11020180","11020506","chr5","133549781","133550101","69","122529601"
"chr2","11022363","11022646","chrX","132971523","132971812","44","121949160"
"chr2","11034960","11035005","chr5","54037600","54037646","7","43002640"
"chr2","11036641","11036939","chr9","93775903","93776199","43","82739262"
"chr2","11060488","11060615","chr14","57325756","57325879","25","46265268"
"chr2","11067053","11067163","chr9","16571108","16571218","16","5504055"
"chr2","11067193","11067330","chr5","143037254","143037389","34","131970061"
"chr2","11072517","11072689","chr1","160188990","160189161","29","149116473"
"chr2","11072720","11072843","chr6","143552251","143552375","19","132479531"
"chr2","11076300","11076445","chr7","151024609","151024751","20","139948309"
"chr2","11078398","11078681","chr18","60480459","60480740","38","49402061"
"chr2","11078704","11078716","chr3","198725842","198725854","2","187647138"
"chr2","11084355","11084615","chrX","24284757","24285022","56","13200402"
"chr2","11084654","11084942","chr17","7150148","7150428","50","3934506"
"chr2","11087244","11087546","chr3","61398806","61399109","36","50311562"
"chr2","11091745","11091854","chr5","138494791","138494901","19","127403046"
"chr2","11112732","11113020","chr3","151894114","151894404","34","140781382"
"chr2","11113912","11114049","chr11","96523718","96523840","34","85409806"
"chr2","11129587","11129722","chr11","369484","369619","13","10760103"
"chr2","11130027","11130198","chr10","28505673","28505838","35","17375646"
"chr2","11130802","11131076","chr4","41078982","41079256","45","29948180"
"chr2","11133290","11133602","chr8","141066904","141067212","51","129933614"
"chr2","11139267","11139392","chr9","15561049","15561173","21","4421782"
"chr2","11144238","11144260","chr1","46135846","46135868","5","34991608"
"chr2","11144261","11144559","chr9","111091660","111091957","36","99947399"
"chr2","11144560","11144721","chr20","51062291","51062453","36","39917731"
"chr2","11148336","11148606","chr10","135708352","135708619","32","124560016"
"chr2","11156785","11157084","chr9","112153119","112153416","38","100996334"
"chr2","11162089","11162395","chr3","125346275","125346578","48","114184186"
"chr2","11163172","11163313","chr9","114519980","114520119","19","103356808"
"chr2","11163606","11163785","chr14","57867999","57868177","26","46704393"
"chr2","11165028","11165163","chr1","168543967","168544101","13","157378939"
"chr2","11165461","11165659","chr1","27433974","27434152","42","16268513"
"chr2","11168864","11169095","chr9","114939259","114939489","68","103770395"
"chr2","11169100","11169354","chr3","3411667","3411940","58","7757433"
"chr2","11169385","11169553","chr7","63244336","63244504","26","52074951"
"chr2","11183531","11183664","chr6","156189946","156190077","15","145006415"
"chr2","11185920","11186203","chr4","93924674","93924967","50","82738754"
"chr2","11190787","11190885","chr9","70059064","70059157","22","58868277"
"chr2","11191177","11191307","chr4","159635447","159635579","13","148444270"
"chr2","11201497","11201783","chr1","33418694","33418984","45","22217197"
"chr2","11206732","11207036","chr12","52065717","52066020","48","40858985"
"chr2","11214829","11215126","chr6","147551966","147552260","41","136337137"
"chr2","11217254","11217338","chr15","43080548","43080631","13","31863294"
"chr2","11221563","11221715","chr5","161741360","161741513","35","150519797"
"chr2","11222039","11222137","chr10","84158358","84158457","10","72936319"
"chr2","11223600","11223898","chr7","79277379","79277677","40","68053779"
"chr2","11232268","11232508","chr1","44914978","44915212","42","33682710"
"chr2","11235402","11235707","chr16","21455029","21455329","55","10219627"
"chr2","11241819","11242113","chr8","63689041","63689334","43","52447222"
"chr2","11246376","11246699","chr6","109789816","109790135","43","98543440"
"chr2","11248341","11248649","chr9","108841244","108841553","46","97592903"
"chr2","11249107","11249240","chr17","3990232","3990366","15","7258875"
"chr2","11249241","11249552","chr1","202186160","202186472","39","190936919"
"chr2","11249553","11249722","chrX","15720473","15720642","21","4470920"
"chr2","11259717","11259876","chr19","15292826","15292983","23","4033109"
"chr2","11260180","11260314","chr1","55178560","55178697","23","43918380"
"chr2","11268042","11268175","chr10","41628351","41628485","19","30360309"
"chr2","11268283","11268484","chr5","22664011","22664202","44","11395728"
"chr2","11270014","11270186","chr12","29443098","29443267","25","18173084"
"chr2","11270510","11270645","chr19","6069825","6069960","16","5200685"
"chr2","11271654","11271889","chr1","43158847","43159094","46","31887193"
"chr2","11273511","11273813","chr4","37991659","37991968","46","26718148"
"chr2","11274845","11274908","chr19","51961287","51961351","9","40686442"
"chr2","11276219","11276403","chr15","35722202","35722379","31","24445983"
"chr2","11276897","11276986","chr2B","1106647","1106731","22","10170250"
"chr2","11277362","11277488","chr8","103382205","103382324","27","92104843"
"chr2","11277919","11278143","chr5","45215725","45215943","42","33937806"
"chr2","11279540","11279704","chr4","96054953","96055113","28","84775413"
"chr2","11281012","11281101","chr14","63048319","63048405","17","51767307"
"chr2","11289738","11290028","chr8","78441857","78442157","55","67152119"
"chr2","11294447","11294744","chr3","130555283","130555582","46","119260836"
"chr2","11303476","11303767","chr11","107935819","107936108","48","96632343"
"chr2","11306310","11306604","chr7","77377225","77377519","38","66070915"
"chr2","11307521","11307655","chr2A","91842849","91842984","20","80535328"
"chr2","11307911","11308034","chr1","89770976","89771108","33","78463065"
"chr2","11329847","11329970","chr2B","89205640","89205764","16","77875793"
"chr2","11348469","11348629","chrX","103632090","103632245","22","92283621"
"chr2","11350601","11350880","chr10","106061755","106062043","50","94711154"
"chr2","11353866","11354131","chr22","10105601","10105857","39","1248265"
"chr2","11375075","11375121","chr2B","112010876","112010920","10","100635801"
"chr2","11375425","11375600","chr9","69544552","69544726","40","58169127"
"chr2","11378971","11379088","chr1","40880566","40880685","18","29501595"
"chr2","11379113","11379134","chr6","113047033","113047053","5","101667920"
"chr2","11381501","11381796","chr5","156460231","156460525","37","145078730"
"chr2","11383765","11383932","chr3","187564355","187564522","27","176180590"
"chr2","11384231","11384263","chr2A","35734224","35734257","4","24349993"
"chr2","11392191","11392321","chr3","49072574","49072704","14","37680383"
"chr2","11393290","11393583","chr11","3623940","3624232","39","7769350"
"chr2","11394674","11394974","chr4","163652205","163652507","34","152257531"
"chr2","11395207","11395477","chr5","161145746","161146004","49","149750539"
"chr2","11396513","11396823","chr22","12412639","12412945","48","1016126"
"chr2","11403412","11403664","chr9","55712450","55712715","57","44309038"
"chr2","11411710","11411831","chr20","30356572","30356694","12","18944862"
"chr2","11419083","11419348","chr5","117964780","117965048","41","106545697"
"chr2","11420294","11420589","chr6","45713778","45714072","37","34293484"
"chr2","11421881","11422037","chrX","49228390","49228546","30","37806509"
"chr2","11422334","11422488","chr4","191859159","191859310","17","180436825"
"chr2","11425543","11425723","chr5","153010914","153011080","37","141585371"
"chr2","11425757","11425894","chr17","17814752","17814887","18","6388995"
"chr2","11426278","11426445","chr11","91693483","91693648","24","80267205"
"chr2","11426734","11426861","chr19","51601387","51601512","25","40174653"
"chr2","11426862","11426995","chr2B","96120242","96120374","15","84693380"
"chr2","11459865","11460160","chr10","82775758","82776055","44","71315893"
"chr2","11467123","11467406","chr5","13644413","13644694","47","2177290"
"chr2","11475017","11475272","chr9","72924252","72924507","75","61449235"
"chr2","11479356","11479634","chr12","34684971","34685255","48","23205615"
"chr2","11480797","11481062","chr20","50639093","50639356","42","39158296"
"chr2","11489107","11489220","chr6","6370460","6370576","20","5118647"
"chr2","11490286","11490396","chr7","150619292","150619406","18","139129006"
"chr2","11508453","11508735","chr20","33795169","33795465","50","22286716"
"chr2","11511430","11511628","chr20","41990818","41991014","32","30479388"
"chr2","11512796","11512932","chr2A","21731975","21732110","15","10219179"
"chr2","11513219","11513352","chr1","25588253","25588379","27","14075034"
"chr2","11515733","11516033","chr3","45227967","45228264","49","33712234"
"chr2","11525001","11525269","chr3","43717091","43717359","42","32192090"
"chr2","11525686","11525883","chr1","8325919","8326104","34","3199767"
"chr2","11526197","11526368","chr7","4788873","4789036","37","6737324"
"chr2","11528844","11529141","chr1","102320513","102320796","48","90791669"
"chr2","11537467","11537582","chr10","41377517","41377635","20","29840050"
"chr2","11542385","11542657","chr9","114247327","114247603","49","102704942"
"chr2","11553071","11553392","chr2B","62135018","62135320","52","50581947"
"chr2","11562471","11562635","chr5","25414740","25414902","30","13852269"
"chr2","11562944","11563081","chr1","2717278","2717415","21","8845666"
"chr2","11577426","11577569","chrX","70404881","70405017","24","58827455"
"chr2","11581655","11581915","chr7","72901806","72902066","60","61320151"
"chr2","11588836","11589130","chr6","153764895","153765190","38","142176059"
"chr2","11589133","11589299","chr5","165268352","165268516","32","153679219"
"chr2","11589591","11589767","chr11","46664552","46664726","29","35074961"
"chr2","11592024","11592163","chr5","122824736","122824882","33","111232712"
"chr2","11593991","11594161","chr19","38845834","38846001","27","27251843"
"chr2","11595114","11595247","chr14","72972908","72973040","19","61377794"
"chr2","11625547","11625849","chr4","7400246","7400551","40","4225301"
"chr2","11638736","11639029","chr8","78681816","78682114","53","67043080"
"chr2","11639149","11639313","chr11","78844136","78844298","21","67204987"
"chr2","11639619","11639754","chr1","91403002","91403137","18","79763383"
"chr2","11644974","11645289","chr8","65021069","65021378","49","53376095"
"chr2","11651893","11652168","chr1","146575605","146575883","51","134923712"
"chr2","11653876","11654058","chr12","111507751","111507929","29","99853875"
"chr2","11654873","11655140","chr11","114926386","114926661","51","103271513"
"chr2","11700462","11700679","chr16","9468099","9468321","34","2232363"
"chr2","11705311","11705610","chr7","77888609","77888904","42","66183298"
"chr2","11727115","11727415","chr7","5363383","5363661","62","6363732"
"chr2","11738494","11738790","chr1","156921438","156921735","41","145182944"
"chr2","11745314","11745485","chr20","34074828","34074997","32","22329514"
"chr2","11745774","11745916","chr14","89379896","89380040","25","77634122"
"chr2","11748390","11748596","chr19","4062563","4062759","40","7685827"
"chr2","11758181","11758488","chr1","196253747","196254053","53","184495566"
"chr2","11759136","11759446","chr11","43939170","43939476","41","32180034"
"chr2","11760807","11761114","chr21","23235544","23235853","51","11474737"
"chr2","11764220","11764342","chr11","78078378","78078501","18","66314158"
"chr2","11765453","11765550","chr12","103834727","103834824","13","92069274"
"chr2","11777882","11778094","chr9","58683859","58684073","31","46905977"
"chr2","11778415","11778516","chr1","6253507","6253596","16","5524908"
"chr2","11780226","11780302","chr7","127695183","127695259","14","115914957"
"chr2","11780330","11780365","chr15","4037362","4037393","7","7742968"
"chr2","11785932","11786191","chr10","91896056","91896316","39","80110124"
"chr2","11791314","11791624","chr8","9756252","9756551","37","2035062"
"chr2","11791625","11791754","chrX","1061818","1061949","20","10729807"
"chr2","11798016","11798301","chr3","199443194","199443483","44","187645178"
"chr2","11805085","11805220","chr9","16136189","16136324","16","4331104"
"chr2","11812076","11812210","chr9","111372220","111372352","23","99560144"
"chr2","11820191","11820354","chr18","18577424","18577586","34","6757233"
"chr2","11820675","11820797","chr15","37167051","37167175","18","25346376"
"chr2","11821249","11821384","chr6","16742190","16742324","13","4920941"
"chr2","11821694","11821843","chr3","131805211","131805354","32","119983517"
"chr2","11832879","11833044","chr1","161925292","161925442","33","150092413"
"chr2","11833338","11833492","chr2B","16236065","16236209","19","4402727"
"chr2","11835547","11835574","chr10","108905325","108905350","4","97069778"
"chr2","11842560","11842865","chr4","124303000","124303301","35","112460440"
"chr2","11848305","11848370","chr6","141439564","141439625","17","129591259"
"chr2","11848671","11848834","chr16","58627599","58627756","43","46778928"
"chr2","11850304","11850459","chr9","104335980","104336145","33","92485676"
"chr2","11850753","11850861","chrX","1225172","1225283","16","10625581"
"chr2","11851231","11851436","chr9","74819531","74819730","35","62968300"
"chr2","11856122","11856406","chr3","199443194","199443483","38","187587072"
"chr2","11864100","11864392","chr20","35525531","35525836","44","23661431"
"chr2","11888129","11888291","chr1","95866559","95866720","26","83978430"
"chr2","11888579","11888715","chr5","155483142","155483276","20","143594563"
"chr2","11898486","11898773","chr1","192609439","192609730","38","180710953"
"chr2","11901014","11901316","chr7","78063158","78063457","43","66162144"
"chr2","11918076","11918374","chr16","20164039","20164341","36","8245963"
"chr2","11923751","11924003","chr1","203396067","203396313","32","191472316"
"chr2","11924415","11924567","chr1","161925292","161925442","23","150000877"
"chr2","11924872","11925139","chr8","4739306","4739572","38","7185566"
"chr2","11945327","11945486","chr14","21056651","21056807","23","9111324"
"chr2","11952485","11952709","chr20","57398752","57398970","35","45446267"
"chr2","11952752","11952882","chr5","2544213","2544344","15","9408539"
"chr2","11965443","11965738","chr7","130523791","130524080","49","118558348"
"chr2","11969294","11969428","chr3","37913437","37913579","28","25944143"
"chr2","11974440","11974735","chr1","47990866","47991162","40","36016426"
"chr2","11977429","11977731","chr6","45713778","45714072","43","33736349"
"chr2","11981407","11981701","chr9","65446061","65446356","37","53464654"
"chr2","11998226","11998507","chr8","59177377","59177656","44","47179151"
"chr2","12000003","12000264","chr10","90269417","90269682","37","78269414"
"chr2","12007277","12007583","chr8","146290614","146290920","43","134283337"
"chr2","12012230","12012524","chr19","45836482","45836784","49","33824252"
"chr2","12040623","12040917","chr3","32418390","32418686","34","20377767"
"chr2","12123079","12123372","chr1","207554358","207554651","45","195431279"
"chr2","12137052","12137350","chr8","144931985","144932280","40","132794933"
"chr2","12145433","12145455","chr2B","34657373","34657396","2","22511940"
"chr2","12145487","12145695","chr1","189300369","189300566","37","177154882"
"chr2","12160887","12161153","chr5","32739792","32740066","55","20578905"
"chr2","12273053","12273323","chr1","6618945","6619208","44","5654108"
"chr2","12318993","12319267","chr5","24701014","24701301","51","12382021"
"chr2","12319840","12319992","chr16","43395330","43395477","25","31075490"
"chr2","12320278","12320413","chr1","28811616","28811748","25","16491338"
"chr2","12341944","12342257","chr20","44992820","44993127","50","32650876"
"chr2","12342733","12343047","chr21","14763097","14763408","37","2420364"
"chr2","12357722","12358008","chr5","162629387","162629676","44","150271665"
"chr2","12358055","12358077","chr1","8693386","8693404","4","3664669"
"chr2","12364542","12364845","chr5","64409016","64409319","31","52044474"
"chr2","12365800","12365972","chr5","2767848","2768016","30","9597952"
"chr2","12366284","12366381","chr16","4969010","4969103","16","7397274"
"chr2","12375009","12375141","chr5","134481718","134481853","17","122106709"
"chr2","12377972","12378011","chr7","73200461","73200502","7","60822489"
"chr2","12387178","12387471","chr7","78571162","78571453","39","66183984"
"chr2","12393493","12393629","chr19","13857641","13857776","18","1464148"
"chr2","12393908","12394088","chr15","53092315","53092495","28","40698407"
"chr2","12398188","12398453","chr12","52881858","52882132","59","40483670"
"chr2","12400873","12401027","chr1","209206604","209206753","24","196805731"
"chr2","12404215","12404330","chr11","64460123","64460235","20","52055908"
"chr2","12404590","12404762","chr9","115768907","115769091","42","103364317"
"chr2","12408331","12408635","chr20","5665832","5666140","46","6742499"
"chr2","12415438","12415745","chr5","141890810","141891123","35","129475372"
"chr2","12437320","12437443","chr21","27522058","27522180","22","15084738"
"chr2","12437734","12437754","chr21","8521330","8521349","7","3916404"
"chr2","12437861","12437997","chr12","32603195","32603330","16","20165334"
"chr2","12439577","12439871","chr3","199631597","199631896","43","187192020"
"chr2","12442559","12442846","chr8","27259942","27260231","37","14817383"
"chr2","12447231","12447370","chrX","44462497","44462623","39","32015266"
"chr2","12452283","12452432","chr5","62851584","62851729","40","50399301"
"chr2","12459237","12459380","chr19","10557573","10557715","25","1901664"
"chr2","12461839","12461946","chr10","29769514","29769621","10","17307675"
"chr2","12462133","12462247","chr12","32833092","32833208","16","20370959"
"chr2","12462847","12463041","chr2A","68717247","68717441","34","56254400"
"chr2","12482843","12483045","chr1","10658036","10658247","37","1824807"
"chr2","12483057","12483359","chr6","32337999","32338298","37","19854942"
"chr2","12491705","12492005","chr19","32535521","32535818","42","20043816"
"chr2","12493038","12493315","chr4","199678150","199678426","48","187185112"
"chr2","12493316","12493444","chrX","55804152","55804277","18","43310836"
"chr2","12493757","12493921","chr6","112831541","112831707","29","100337784"
"chr2","12495546","12495834","chr11","48054610","48054897","31","35559064"
"chr2","12508367","12508494","chrX","154843444","154843570","19","142335077"
"chr2","12508791","12508967","chr20","63010421","63010595","23","50501630"
"chr2","12509474","12509629","chr19","15292826","15292983","24","2783352"
"chr2","12514397","12514655","chr1","184681219","184681477","44","172166822"
"chr2","12522874","12523055","chr1","17065957","17066129","31","4543083"
"chr2","12523064","12523370","chr5","23619581","23619891","43","11096517"
"chr2","12523371","12523497","chr1","214134294","214134424","17","201610923"
"chr2","12524790","12525094","chr21","22417283","22417588","38","9892493"
"chr2","12525414","12525593","chrX","101296069","101296242","29","88770655"
"chr2","12525895","12526026","chr5","38624990","38625126","14","26099095"
"chr2","12578354","12578656","chr22","26896202","26896504","50","14317848"
"chr2","12582521","12582818","chr12","106886770","106887066","43","94304249"
"chr2","12589468","12589778","chr22","4965269","4965570","47","7624199"
"chr2","12594213","12594336","chr1","33155978","33156103","24","20561765"
"chr2","12594635","12594796","chr8","48753766","48753936","31","36159131"
"chr2","12603230","12603519","chr7","78087696","78087986","43","65484466"
"chr2","12604095","12604453","chr2A","96787854","96788213","77","84183759"
"chr2","12609305","12609618","chr11","61767895","61768197","46","49158590"
"chr2","12616808","12617086","chr1","47229485","47229770","42","34612677"
"chr2","12618509","12618629","chr6","79500001","79500124","12","66881492"
"chr2","12619647","12619752","chr4","194530481","194530584","24","181910834"
"chr2","12619885","12620047","chr9","99426363","99426533","26","86806478"
"chr2","12620215","12620330","chr1","10090900","10091014","16","2529315"
"chr2","12622954","12623233","chr6","141404416","141404699","46","128781462"
"chr2","12628924","12629002","chr5","41433788","41433863","12","28804864"
"chr2","12629313","12629473","chr6","46377725","46377881","26","33748412"
"chr2","12633038","12633172","chr4","121964169","121964304","15","109331131"
"chr2","12633455","12633630","chr5","59930487","59930657","27","47297032"
"chr2","12636611","12636896","chr17","5236713","5236995","36","7399898"
"chr2","12649814","12650103","chr19","33353402","33353692","39","20703588"
"chr2","12656494","12656629","chrX","19240655","19240787","12","6584161"
"chr2","12656942","12657103","chr15","64309381","64309538","32","51652439"
"chr2","12662416","12662722","chr6","33600893","33601195","38","20938477"
"chr2","12666728","12667052","chrX","40215717","40216034","50","27548989"
"chr2","12668388","12668683","chr9","69335388","69335681","41","56667000"
"chr2","12673635","12673926","chr3","190276346","190276640","30","177602711"
"chr2","12681694","12681859","chr8","63902984","63903147","22","51221290"
"chr2","12682403","12682537","chr8","45508643","45508779","18","32826240"
"chr2","12689341","12689519","chr1","205945113","205945290","28","193255772"
"chr2","12698546","12698674","chr6","156189946","156190077","13","143491400"
"chr2","12699691","12699968","chr15","18378186","18378468","39","5678495"
"chr2","12703157","12703474","chr13","77889704","77890017","43","65186547"
"chr2","12723827","12723965","chr3","190654099","190654244","32","177930272"
"chr2","12753612","12753668","chr10","106789440","106789500","12","94035828"
"chr2","12757602","12757889","chr15","49302263","49302546","48","36544661"
"chr2","12758323","12758610","chr15","48837704","48837996","35","36079381"
"chr2","12761358","12761674","chr2A","33433135","33433446","42","20671777"
"chr2","12763124","12763215","chr20","30356722","30356814","12","17593598"
"chr2","12769803","12770093","chr1","25608270","25608560","47","12838467"
"chr2","12780062","12780197","chr16","31284578","31284714","18","18504516"
"chr2","12781661","12781957","chr2A","61481702","61482006","52","48700041"
"chr2","12782437","12782739","chr10","92365581","92365877","51","79583144"
"chr2","12783635","12783811","chr22","22160617","22160790","26","9376982"
"chr2","12783841","12783957","chr10","106463779","106463896","12","93679938"
"chr2","12786821","12787123","chr12","28529293","28529592","46","15742472"
"chr2","12795122","12795419","chr7","156101400","156101691","33","143306278"
"chr2","12812362","12812403","chr3","102812584","102812623","10","90000222"
"chr2","12814313","12814621","chr1","90933926","90934236","47","78119613"
"chr2","12815683","12815932","chr14","70678910","70679167","38","57863227"
"chr2","12816868","12817182","chr4","39429499","39429807","62","26612631"
"chr2","12817671","12817956","chr8","124511905","124512200","49","111694234"
"chr2","12835266","12835576","chrX","155101069","155101379","48","142265803"
"chr2","12849830","12849930","chr5","52832571","52832673","9","39982741"
"chr2","12850855","12851017","chr8","93045191","93045352","20","80194336"
"chr2","12851278","12851412","chr21","31662246","31662382","14","18810968"
"chr2","12880281","12880578","chr1","207941442","207941741","33","195061161"
"chr2","12884947","12885069","chr19","279168","279291","11","12605779"
"chr2","12894048","12894208","chr2A","64294068","64294227","22","51400020"
"chr2","12894513","12894647","chr5","38957611","38957744","12","26063098"
"chr2","12897141","12897337","chr22","15488673","15488875","33","2591532"
"chr2","12897338","12897636","chr9","117479068","117479369","42","104581730"
"chr2","12897637","12897740","chr5","101910423","101910525","25","89012786"
"chr2","12927009","12927305","chrX","41300065","41300367","39","28373056"
"chr2","12951772","12952086","chr1","11974821","11975121","46","976951"
"chr2","12961356","12961664","chr19","32244212","32244521","49","19282856"
"chr2","12962977","12963257","chr2B","100949882","100950165","48","87986905"
"chr2","12967137","12967429","chr15","52165203","52165494","42","39198066"
"chr2","12974396","12974686","chr6","45713778","45714072","40","32739382"
"chr2","12981886","12982111","chr3","49896699","49896925","51","36914813"
"chr2","12986620","12986687","chrX","22242189","22242240","21","9255569"
"chr2","12993458","12993622","chr1","47985376","47985543","30","34991918"
"chr2","13001892","13002022","chr1","213473838","213473970","16","200471946"
"chr2","13005187","13005352","chr16","79099337","79099502","26","66094150"
"chr2","13030304","13030572","chr12","52309270","52309537","33","39278966"
"chr2","13042620","13042747","chr6","143552251","143552375","19","130509631"
"chr2","13042785","13042953","chr4","20273963","20274131","25","7231178"
"chr2","13056275","13056574","chr16","49168198","49168503","40","36111923"
"chr2","13090266","13090567","chr1","163838013","163838316","43","150747747"
"chr2","13104284","13104575","chr5","24372432","24372725","39","11268148"
"chr2","13104582","13104713","chr6","3020528","3020659","15","10084054"
"chr2","13106892","13107182","chr7","79202317","79202614","33","66095425"
"chr2","13107451","13107758","chr11","27462134","27462438","51","14354683"
"chr2","13109212","13109341","chr22","33379834","33379964","17","20270622"
"chr2","13109367","13109544","chr1","162846265","162846444","33","149736898"
"chr2","13111177","13111463","chr14","61097634","61097920","40","47986457"
"chr2","13117271","13117343","chr15","42000002","42000074","20","28882731"
"chr2","13148357","13148663","chr16","25477111","25477409","39","12328754"
"chr2","13155740","13156024","chrX","123528625","123528908","37","110372885"
"chr2","13156383","13156570","chr3","198892973","198893176","34","185736590"
"chr2","13165423","13165573","chr2B","61792179","61792326","19","48626756"
"chr2","13168457","13168569","chr6","109187641","109187744","22","96019184"
"chr2","13170136","13170431","chr12","36792920","36793215","41","23622784"
"chr2","13178600","13178887","chr12","94318279","94318561","38","81139679"
"chr2","13180600","13180872","chr11","113150862","113151135","38","99970262"
"chr2","13181478","13181630","chr2B","100801585","100801732","19","87620107"
"chr2","13192802","13193102","chr12","67682585","67682882","45","54489783"
"chr2","13197271","13197530","chr2B","70334516","70334775","37","57137245"
"chr2","13197899","13198094","chr2A","36500087","36500288","28","23302188"
"chr2","13199182","13199490","chr1","162272838","162273143","45","149073656"
"chr2","13217578","13217873","chr7","77548302","77548597","34","64330724"
"chr2","13224454","13224598","chr5","35839264","35839400","26","22614810"
"chr2","13229835","13230109","chr12","114562142","114562422","41","101332307"
"chr2","13243582","13243708","chr2B","89205640","89205764","15","75962058"
"chr2","13243736","13243912","chr16","79652095","79652272","28","66408359"
"chr2","13246518","13246835","chr11","118844456","118844765","51","105597938"
"chr2","13254780","13254910","chr3","182373365","182373496","14","169118585"
"chr2","13256308","13256481","chr19","43955496","43955662","23","30699188"
"chr2","13267588","13267887","chr8","35108737","35109024","56","21841149"
"chr2","13276572","13276711","chrX","9062048","9062182","11","4214524"
"chr2","13277012","13277183","chr13","94189105","94189272","36","80912093"
"chr2","13315899","13315996","chr5","56655247","56655335","23","43339348"
"chr2","13316529","13316733","chr3","72682616","72682820","31","59366087"
"chr2","13317663","13317952","chr14","10087134","10087425","45","3230529"
"chr2","13335092","13335401","chrX","22158908","22159212","38","8823816"
"chr2","13355494","13355773","chr12","32480569","32480848","34","19125075"
"chr2","13357792","13358090","chr4","99311877","99312172","36","85954085"
"chr2","13360233","13360532","chr11","375340","375648","44","12984893"
"chr2","13367487","13367770","chr1","214818063","214818354","47","201450576"
"chr2","13416261","13416555","chr14","10490954","10491249","46","2925307"
"chr2","13444248","13444542","chr14","60777230","60777524","35","47332982"
"chr2","13470548","13470855","chrX","22158908","22159212","42","8688360"
"chr2","13476597","13476896","chrX","36383999","36384295","32","22907402"
"chr2","13481896","13482222","chr1","20775019","20775338","63","7293123"
"chr2","13489517","13489629","chr12","46801001","46801105","19","33311484"
"chr2","13506466","13506563","chrX","22026438","22026538","11","8519972"
"chr2","13519817","13520006","chr4","121757160","121757352","26","108237343"
"chr2","13528614","13528921","chr17","7388146","7388443","37","6140468"
"chr2","13530797","13531098","chr7","139963807","139964112","36","126433010"
"chr2","13532790","13533076","chr12","1122701","1122989","30","12410089"
"chr2","13552076","13552265","chr5","6172931","6173131","43","7379145"
"chr2","13552817","13553113","chr12","21876592","21876887","51","8323775"
"chr2","13557130","13557442","chr18","19618953","19619250","43","6061823"
"chr2","13566283","13566528","chr10","39499447","39499692","38","25933164"
"chr2","13567638","13567777","chr19","48057785","48057919","28","34490147"
"chr2","13574560","13574692","chr16","65477857","65477989","15","51903297"
"chr2","13591872","13592069","chrX","71006312","71006504","60","57414440"
"chr2","13593640","13593748","chr1","31185795","31185903","27","17592155"
"chr2","13595897","13595924","chr12","33193476","33193498","8","19597579"
"chr2","13596067","13596348","chr12","83500968","83501252","36","69904901"
"chr2","13598035","13598190","chr6","90107128","90107281","30","76509093"
"chr2","13605214","13605502","chr6","112952710","112952997","41","99347496"
"chr2","13607894","13608222","chr15","43561582","43561897","52","29953688"
"chr2","13609423","13609662","chr3","121733766","121734018","49","108124343"
"chr2","13609952","13610230","chr14","57463747","57464021","39","43853795"
"chr2","13614982","13615288","chr5","34215137","34215446","45","20600155"
"chr2","13634329","13634455","chr1","227439358","227439480","20","213805029"
"chr2","13635485","13635628","chr6","112068966","112069115","27","98433481"
"chr2","13635653","13635769","chr7","5414295","5414412","12","8221358"
"chr2","13636190","13636431","chr1","43158847","43159094","39","29522657"
"chr2","13640139","13640432","chr11","69126689","69126984","40","55486550"
"chr2","13645614","13645908","chr7","79722951","79723255","48","66077337"
"chr2","13658349","13658558","chr9","105277016","105277229","34","91618667"
"chr2","13659411","13659698","chr6","53299732","53300029","50","39640321"
"chr2","13666297","13666584","chr5","24118426","24118715","46","10452129"
"chr2","13668826","13669119","chr11","14321937","14322230","37","653111"
"chr2","13669609","13669914","chr1","20280960","20281258","46","6611351"
"chr2","13679176","13679339","chr2A","95976940","95977105","29","82297764"
"chr2","13688245","13688528","chr15","46033829","46034111","47","32345584"
"chr2","13701785","13702072","chr12","1122701","1122989","41","12579084"
"chr2","13702580","13702704","chr1","40002123","40002247","13","26299543"
"chr2","13706701","13706883","chr16","5499648","5499827","35","8207053"
"chr2","13714143","13714444","chr13","2175533","2175833","30","11538610"
"chr2","13730015","13730225","chr5","143873407","143873616","35","130143392"
"chr2","13747144","13747455","chr8","101435714","101436021","43","87688570"
"chr2","13754755","13754957","chr12","32912050","32912251","44","19157295"
"chr2","13762691","13762815","chr12","112659801","112659924","18","98897110"
"chr2","13763111","13763274","chr22","25077029","25077196","31","11313918"
"chr2","13771126","13771328","chr5","20438339","20438542","27","6667213"
"chr2","13772524","13772815","chr4","23995151","23995439","45","10222627"
"chr2","13778215","13778522","chr5","40679682","40679983","45","26901467"
"chr2","13780199","13780490","chr8","74978088","74978380","47","61197889"
"chr2","13782184","13782494","chr7","79110987","79111293","43","65328803"
"chr2","13782538","13782666","chr17","33600124","33600239","34","19817586"
"chr2","13782704","13782721","chr1","22975747","22975761","6","9193043"
"chr2","13791226","13791346","chr11","68081085","68081207","14","54289859"
"chr2","13808793","13808873","chr7","65088911","65088992","13","51280118"
"chr2","13812994","13813266","chr15","37491432","37491703","40","23678438"
"chr2","13834289","13834588","chr7","79892009","79892308","42","66057720"
"chr2","13854802","13855079","chrX","33575116","33575401","47","19720314"
"chr2","13904557","13904844","chr8","63689041","63689334","36","49784484"
"chr2","13920456","13920631","chr12","98776420","98776589","27","84855964"
"chr2","13920929","13921062","chr5","38957611","38957744","15","25036682"
"chr2","13944933","13945243","chr6","167179521","167179827","47","153234588"
"chr2","13953407","13953670","chr1","23563241","23563518","43","9609834"
"chr2","13955619","13955909","chr15","1394097","1394396","40","12561522"
"chr2","13967773","13968070","chr1","216543638","216543933","40","202575865"
"chr2","13974237","13974296","chr20","40677258","40677320","7","26703021"
"chr2","13974319","13974485","chr4","197122051","197122220","28","183147732"
"chr2","13980033","13980314","chr2B","586202","586483","54","13393831"
"chr2","13989741","13989900","chr2B","14494039","14494199","26","504298"
"chr2","13990195","13990330","chr7","131031908","131032043","17","117041713"
"chr2","13991023","13991289","chr16","47522688","47522961","38","33531665"
"chr2","13991849","13992132","chr1","102320513","102320796","38","88328664"
"chr2","13992359","13992376","chr1","8693386","8693404","2","5298973"
"chr2","13992405","13992610","chr3","44539011","44539208","46","30546606"
"chr2","13996238","13996553","chr7","130419230","130419539","37","116422992"
"chr2","14016467","14016744","chr1","39340544","39340826","32","25324077"
"chr2","14016967","14017246","chr12","32480569","32480848","38","18463602"
"chr2","14023305","14023613","chr1","158285268","158285569","47","144261963"
"chr2","14023969","14024264","chrX","48637931","48638226","44","34613962"
"chr2","14030120","14030251","chr1","7920848","7920979","15","6109272"
"chr2","14036410","14036703","chr9","99306727","99307020","41","85270317"
"chr2","14037644","14037807","chr18","18577424","18577586","24","4539780"
"chr2","14037835","14037958","chr2B","130269878","130270003","14","116232043"
"chr2","14041402","14041562","chr2A","81472582","81472742","25","67431180"
"chr2","14044863","14045208","chr11","6158722","6159068","73","7886141"
"chr2","14045493","14045690","chr19","43885809","43886005","31","29840316"
"chr2","14046089","14046379","chr10","112220586","112220876","44","98174497"
"chr2","14050027","14050319","chr13","21953905","21954201","43","7903878"
"chr2","14058333","14058625","chr8","67632282","67632573","47","53573949"
"chr2","14062547","14062856","chr12","38003160","38003466","46","23940613"
"chr2","14073960","14074254","chr11","39131467","39131755","57","25057507"
"chr2","14080152","14080465","chrX","49238016","49238318","54","35157864"
"chr2","14085731","14086023","chr10","66455557","66455856","54","52369826"
"chr2","14090200","14090461","chr2A","46419212","46419475","42","32329012"
"chr2","14093640","14093933","chr19","5211952","5212249","53","8881688"
"chr2","14097672","14097966","chr5","111006073","111006353","51","96908401"
"chr2","14100956","14101230","chr12","124254648","124254922","36","110153692"
"chr2","14104223","14104489","chr6","33915633","33915901","40","19811410"
"chr2","14106519","14106824","chr6","38061710","38062009","46","23955191"
"chr2","14109740","14109945","chr12","113242970","113243176","33","99133230"
"chr2","14110093","14110396","chr3","143834818","143835123","44","129724725"
"chr2","14112951","14113251","chr5","500970","501273","47","13611981"
"chr2","14114173","14114465","chr6","89941150","89941442","48","75826977"
"chr2","14123326","14123377","chr8","127499946","127500000","12","113376620"
"chr2","14124544","14124732","chrX","22378078","22378260","29","8253534"
"chr2","14125754","14125866","chr19","52996932","52997036","18","38871178"
"chr2","14129134","14129484","chr5","40799949","40800286","76","26670815"
"chr2","14133529","14133665","chr15","45562534","45562668","16","31429005"
"chr2","14133970","14134133","chr1","114445714","114445876","25","100311744"
"chr2","14137107","14137401","chr19","45555520","45555817","44","31418413"
"chr2","14147383","14147513","chr4","100215280","100215409","13","86067897"
"chr2","14149533","14149833","chr9","116793954","116794255","28","102644421"
"chr2","14168474","14168772","chr1","164295344","164295638","54","150126870"
"chr2","14169545","14169558","chr1","162630898","162630910","2","148461353"
"chr2","14169871","14170037","chr12","98776420","98776589","20","84606549"
"chr2","14171939","14172250","chr12","120412580","120412886","43","106240641"
"chr2","14172555","14172863","chr5","34215137","34215446","43","20042582"
"chr2","14176708","14177016","chr3","42788373","42788672","43","28611665"
"chr2","14178635","14178901","chr12","120564452","120564714","51","106385817"
"chr2","14196967","14197272","chrX","68914193","68914496","35","54717226"
"chr2","14198004","14198165","chr17","372177","372341","27","13825827"
"chr2","14202738","14202873","chr7","132665542","132665677","16","118462804"
"chr2","14203185","14203346","chrX","134223535","134223700","24","120020350"
"chr2","14208593","14208886","chr1","216543638","216543933","35","202335045"
"chr2","14220182","14220414","chrX","100915985","100916220","41","86695803"
"chr2","14224944","14225246","chr1","205586985","205587285","55","191362041"
"chr2","14233043","14233202","chr19","12031666","12031828","18","2201377"
"chr2","14237181","14237295","chr6","43500320","43500437","14","29263139"
"chr2","14238426","14238697","chr15","2001983","2002244","62","12236443"
"chr2","14243119","14243392","chr2A","44664094","44664374","48","30420975"
"chr2","14243512","14243579","chr4","88880371","88880442","14","74636859"
"chr2","14244047","14244340","chr9","58924342","58924630","66","44680295"
"chr2","14245781","14245904","chr2B","89205640","89205764","16","74959859"
"chr2","14247801","14247886","chr1","28753545","28753625","19","14505744"
"chr2","14249613","14249810","chr13","8388715","8388905","30","5860898"
"chr2","14259135","14259206","chr14","9470769","9470842","11","4788366"
"chr2","14260342","14260496","chr18","56796242","56796396","27","42535900"
"chr2","14263335","14263621","chr15","59300087","59300378","51","45036752"
"chr2","14265429","14265517","chr1","6785220","6785301","18","7480209"
"chr2","14265804","14265933","chr14","48532117","48532241","13","34266313"
"chr2","14268615","14268769","chr2B","8494213","8494369","29","5774402"
"chr2","14269794","14269917","chr15","18812412","18812537","12","4542618"
"chr2","14276039","14276287","chr2B","99007273","99007517","39","84731234"
"chr2","14280321","14280624","chr15","58791771","58792072","43","44511450"
"chr2","14281706","14282001","chr5","121467609","121467902","37","107185903"
"chr2","14290091","14290394","chr7","158676345","158676646","36","144386254"
"chr2","14291370","14291515","chr4","190089229","190089374","32","175797859"
"chr2","14291811","14291947","chr3","48404443","48404577","18","34112632"
"chr2","14315621","14315890","chr7","5949356","5949623","49","8366265"
"chr2","14316348","14316623","chr7","137312057","137312333","39","122995709"
"chr2","14324412","14324730","chrX","79696393","79696706","49","65371981"
"chr2","14325041","14325319","chr16","64485695","64485970","50","50160654"
"chr2","14326370","14326613","chr6","166938741","166938995","44","152612371"
"chr2","14337008","14337237","chr3","133116349","133116578","34","118779341"
"chr2","14361034","14361322","chr19","2616600","2616892","41","11744434"
"chr2","14379894","14380054","chr1","35504705","35504869","28","21124811"
"chr2","14390453","14390751","chr10","101125244","101125529","68","86734791"
"chr2","14401342","14401645","chr15","22401463","22401764","48","8000121"
"chr2","14416227","14416526","chr2B","89780597","89780889","46","75364370"
"chr2","14426894","14427142","chr5","51840045","51840290","46","37413151"
"chr2","14427856","14427988","chr1","7920848","7920979","18","6507008"
"chr2","14438625","14438910","chr2B","89916206","89916488","44","75477581"
"chr2","14454484","14454805","chr3","162571166","162571477","43","148116682"
"chr2","14480355","14480527","chr18","20931938","20932111","21","6451583"
"chr2","14483513","14483621","chr19","52996932","52997036","22","38513419"
"chr2","14487406","14487707","chr3","53866219","53866528","45","39378813"
"chr2","14492872","14493144","chr20","34598380","34598656","53","20105508"
"chr2","14493884","14494066","chr16","58440740","58440892","58","43946856"
"chr2","14494673","14494779","chr8","2478735","2478845","24","12015938"
"chr2","14495080","14495239","chr1","52126056","52126214","22","37630976"
"chr2","14495968","14496134","chr9","104335980","104336145","27","89840012"
"chr2","14496415","14496550","chr1","209742215","209742351","22","195245800"
"chr2","14497919","14498193","chr15","80119214","80119496","51","65621295"
"chr2","14510189","14510482","chr16","20164039","20164341","34","5653850"
"chr2","14510914","14511207","chr1","181663457","181663748","42","167152543"
"chr2","14517864","14518160","chr1","32401336","32401631","43","17883472"
"chr2","14520232","14520433","chr1","46827737","46827935","36","32307505"
"chr2","14528158","14528452","chr6","95194922","95195216","34","80666764"
"chr2","14554717","14555014","chr20","30679824","30680119","51","16125107"
"chr2","14557869","14558102","chr10","12100421","12100652","51","2457448"
"chr2","14561326","14561628","chr4","110248134","110248433","47","95686808"
"chr2","14567507","14567580","chr7","147739054","147739128","17","133171547"
"chr2","14570974","14571102","chr5","7709860","7709995","19","6861114"
"chr2","14571403","14571568","chr7","76846308","76846474","21","62274905"
"chr2","14571801","14571937","chr3","8501615","8501750","13","6070186"
"chr2","14572233","14572395","chr7","62486171","62486332","24","47913938"
"chr2","14576007","14576127","chr14","48532117","48532241","27","33956110"
"chr2","14576423","14576611","chr5","123485089","123485267","30","108908666"
"chr2","14577510","14577600","chr4","81956698","81956787","18","67379188"
"chr2","14577902","14578084","chr19","3198410","3198592","39","11379492"
"chr2","14582278","14582400","chr6","55901900","55902021","17","41319622"
"chr2","14585755","14585930","chr1","208243872","208244041","33","193658117"
"chr2","14586160","14586296","chr8","78048246","78048380","21","63462086"
"chr2","14586710","14586885","chr1","160188990","160189161","30","145602280"
"chr2","14587175","14587309","chr6","91347795","91347927","15","76760620"
"chr2","14591376","14591652","chr11","33495161","33495448","44","18903785"
"chr2","14598638","14598957","chr18","20049240","20049547","58","5450602"
"chr2","14600095","14600390","chr19","37839885","37840171","65","23239790"
"chr2","14603121","14603420","chrX","152405980","152406278","55","137802859"
"chr2","14607365","14607659","chr1","40178945","40179250","57","25571580"
"chr2","14615579","14615863","chrX","1676836","1677117","34","12938743"
"chr2","14616840","14617126","chr22","1778163","1778440","50","12838677"
"chr2","14627806","14627942","chr20","45786506","45786644","27","31158700"
"chr2","14649848","14650058","chr5","148563992","148564204","20","133914144"
"chr2","14658051","14658169","chr1","101740478","101740598","35","87082427"
"chr2","14658486","14658621","chr17","34896422","34896557","18","20237936"
"chr2","14658966","14659274","chr16","48443014","48443321","50","33784048"
"chr2","14665991","14666153","chr11","66350397","66350565","20","51684406"
"chr2","14666180","14666286","chr1","135316827","135316944","22","120650647"
"chr2","14667859","14668018","chr16","10757237","10757400","23","3910622"
"chr2","14697250","14697348","chr10","82943171","82943268","24","68245921"
"chr2","14699379","14699510","chr6","141208908","141209041","16","126509529"
"chr2","14700739","14700907","chr1","130118399","130118565","30","115417660"
"chr2","14706137","14706446","chr14","44601071","44601374","44","29894934"
"chr2","14709485","14709775","chr9","108785192","108785486","33","94075707"
"chr2","14709938","14710235","chr9","116793954","116794255","43","102084016"
"chr2","14723531","14723816","chr5","59222974","59223258","41","44499443"
"chr2","14723828","14724135","chr16","56833729","56834033","44","42109901"
"chr2","14725677","14725958","chr18","23941850","23942132","40","9216173"
"chr2","14732325","14732440","chr2B","100588628","100588741","19","85856303"
"chr2","14737504","14737808","chr19","6786096","6786395","47","7951408"
"chr2","14738287","14738591","chr3","49119355","49119655","46","34381068"
"chr2","14749872","14750001","chr9","26674366","26674496","16","11924494"
"chr2","14750042","14750323","chr17","2886155","2886437","42","11863887"
"chr2","14755446","14755707","chr3","182676818","182677082","35","167921372"
"chr2","14768333","14768494","chr10","24785758","24785916","29","10017425"
"chr2","14769650","14769753","chr1","16258549","16258647","22","1488899"
"chr2","14769799","14769950","chr5","18664002","18664152","18","3894203"
"chr2","14770096","14770273","chr12","37388525","37388697","29","22618429"
"chr2","14773791","14774001","chr15","69622410","69622621","34","54848619"
"chr2","14781343","14781621","chr15","43020169","43020454","52","28238826"
"chr2","14789905","14790202","chr12","8839632","8839926","51","5950273"
"chr2","14792903","14793189","chr7","37611793","37612078","44","22818890"
"chr2","14806989","14807269","chr1","28617423","28617706","48","13810434"
"chr2","14809028","14809275","chr10","30118460","30118712","35","15309432"
"chr2","14819369","14819497","chr16","60437185","60437315","16","45617816"
"chr2","14822810","14823091","chr13","2299970","2300264","66","12522840"
"chr2","14827498","14827787","chr4","110248134","110248433","51","95420636"
"chr2","14831485","14831772","chr3","144924936","144925217","57","130093451"
"chr2","14834069","14834269","chr16","76687345","76687547","28","61853276"
"chr2","14835006","14835315","chr15","71022336","71022646","45","56187330"
"chr2","14835319","14835450","chr22","10034381","10034512","18","4800938"
"chr2","14847589","14847718","chr20","31547819","31547950","28","16700230"
"chr2","14849793","14849926","chr8","125854818","125854950","20","111005025"
"chr2","14854095","14854178","chr1","109139016","109139099","12","94284921"
"chr2","14880439","14880705","chr2A","70258127","70258391","52","55377688"
"chr2","14888018","14888285","chr5","106036908","106037179","49","91148890"
"chr2","14888312","14888340","chr9","108057543","108057566","5","93169231"
"chr2","14922486","14922765","chr14","38348718","38348980","46","23426232"
"chr2","14923928","14924108","chr19","2129475","2129647","33","12794453"
"chr2","14924401","14924535","chr7","70442351","70442486","17","55517950"
"chr2","14924536","14924670","chr8","85709414","85709550","16","70784878"
"chr2","14925263","14925545","chr1","35721108","35721396","39","20795845"
"chr2","14927420","14927731","chr1","135262025","135262335","40","120334605"
"chr2","14929230","14929508","chr9","35669290","35669566","51","20740060"
"chr2","14935249","14935388","chr18","70421327","70421466","31","55486078"
"chr2","14935630","14935921","chr5","57599320","57599616","44","42663690"
"chr2","14937692","14938015","chr1","40219466","40219773","68","25281774"
"chr2","14940088","14940400","chr8","24352605","24352915","40","9412517"
"chr2","14941538","14941834","chr1","41071042","41071334","42","26129504"
"chr2","14950259","14950351","chr5","24582265","24582360","10","9632006"
"chr2","14955291","14955380","chr1","28340448","28340540","21","13385157"
"chr2","14958526","14958819","chr2A","22783528","22783816","48","7825002"
"chr2","14966556","14966709","chr3","200878794","200878953","35","185912238"
"chr2","14982786","14982947","chr6","20955212","20955371","28","5972426"
"chr2","14986510","14986811","chr3","10498224","10498527","39","4488286"
"chr2","14988785","14988916","chr19","16728483","16728616","24","1739698"
"chr2","14989170","14989372","chr9","63768655","63768852","45","48779485"
"chr2","14993166","14993473","chr22","5116668","5116984","57","9876498"
"chr2","14994412","14994672","chr4","22035031","22035299","59","7040619"
"chr2","14995511","14995601","chr3","180508856","180508948","10","165513345"
"chr2","15001483","15001781","chr1","76771067","76771367","59","61769584"
"chr2","15003841","15004141","chr11","120932649","120932956","46","105928808"
"chr2","15006839","15007116","chr1","62601421","62601701","42","47594582"
"chr2","15014275","15014585","chr5","34215137","34215446","40","19200862"
"chr2","15023725","15024005","chr2B","124977630","124977912","35","109953905"
"chr2","15045756","15046041","chr9","110099856","110100139","36","95054100"
"chr2","15049111","15049403","chr3","131096776","131097076","55","116047665"
"chr2","15053806","15053988","chr4","200694360","200694548","32","185640554"
"chr2","15060459","15060747","chr10","3768084","3768373","44","11292375"
"chr2","15074903","15075176","chr13","9973514","9973789","44","5101389"
"chr2","15085394","15085579","chr8","48753766","48753936","38","33668372"
"chr2","15093133","15093435","chr11","86688045","86688346","42","71594912"
"chr2","15093539","15093821","chr11","62857979","62858267","55","47764440"
"chr2","15094586","15094881","chr5","62349895","62350189","44","47255309"
"chr2","15120393","15120466","chr11","36505752","36505828","10","21385359"
"chr2","15136148","15136227","chr11","42282891","42282977","23","27146743"
"chr2","15137498","15137757","chr5","3177439","3177702","45","11960059"
"chr2","15148221","15148396","chr10","34990756","34990934","28","19842535"
"chr2","15149906","15150045","chr3","59357951","59358090","20","44208045"
"chr2","15150347","15150537","chr19","47879286","47879488","54","32728939"
"chr2","15151310","15151453","chr5","6272328","6272463","29","8878982"
"chr2","15151759","15151891","chr5","38957611","38957744","16","23805852"
"chr2","15160549","15160838","chr1","210437591","210437876","71","195277042"
"chr2","15177163","15177464","chr6","167179521","167179827","30","152002358"
"chr2","15179503","15179802","chr20","61965386","61965691","51","46785883"
"chr2","15180307","15180610","chr6","25037668","25037978","45","9857361"
"chr2","15185340","15185533","chr19","8449344","8449530","29","6735996"
"chr2","15185534","15185703","chr10","132372386","132372551","24","117186852"
"chr2","15186027","15186143","chr9","72222427","72222545","14","57036400"
"chr2","15186144","15186208","chr3","187198669","187198719","22","172012525"
"chr2","15205665","15205960","chr7","5396850","5397142","37","9808815"
"chr2","15208180","15208350","chr11","61894885","61895049","44","46686705"
"chr2","15208639","15208771","chr15","42827984","42828116","14","27619345"
"chr2","15209081","15209394","chr2B","119716502","119716808","42","104507421"
"chr2","15215149","15215327","chr1","162846265","162846444","24","147631116"
"chr2","15215627","15215646","chr21","27532217","27532234","4","12316590"
"chr2","15215890","15216139","chr6","12760410","12760661","41","2455480"
"chr2","15226636","15226925","chr1","46890129","46890419","45","31663493"
"chr2","15233402","15233689","chr12","111190922","111191210","51","95957520"
"chr2","15234292","15234590","chr6","91560362","91560663","38","76326070"
"chr2","15234713","15234883","chr1","26782555","26782724","24","11547842"
"chr2","15235164","15235290","chr6","37231829","37231962","20","21996665"
"chr2","15236910","15237039","chr1","35102034","35102167","19","19865124"
"chr2","15237995","15238172","chr20","48878865","48879043","32","33640870"
"chr2","15238185","15238475","chr6","70824103","70824397","49","55585918"
"chr2","15239454","15239682","chr5","15590603","15590831","46","351149"
"chr2","15239921","15240223","chr6","45713778","45714072","38","30473857"
"chr2","15242177","15242457","chrX","132898300","132898584","64","117656123"
"chr2","15251975","15252276","chr6","171848451","171848752","45","156596476"
"chr2","15294530","15294826","chr10","66455557","66455856","49","51161027"
"chr2","15295849","15296164","chr11","118631081","118631387","52","103335232"
"chr2","15296735","15297040","chr12","123521379","123521685","39","108224644"
"chr2","15299140","15299402","chr8","44209824","44210083","49","28910684"
"chr2","15301666","15301828","chr4","158776911","158777072","21","143475245"
"chr2","15301832","15302006","chr14","44053296","44053464","38","28751464"
"chr2","15302299","15302408","chr5","59632533","59632635","30","44330234"
"chr2","15302446","15302528","chr1","135901341","135901426","27","120598895"
"chr2","15307901","15308031","chr5","141700662","141700793","17","126392761"
"chr2","15320371","15320661","chr3","54121779","54122063","43","38801408"
"chr2","15323486","15323787","chr20","48764273","48764578","37","33440787"
"chr2","15330350","15330658","chr21","5141511","5141813","50","10188839"
"chr2","15333867","15334137","chr1","159689870","159690137","52","144356003"
"chr2","15337350","15337646","chrX","48637931","48638226","35","33300581"
"chr2","15342629","15342926","chr14","57602687","57602976","42","42260058"
"chr2","15346784","15346908","chr7","104403957","104404081","21","89057173"
"chr2","15346948","15347106","chrX","134223535","134223700","33","118876587"
"chr2","15348949","15349222","chr7","141028920","141029194","59","125679971"
"chr2","15372628","15372928","chr11","117367595","117367888","37","101994967"
"chr2","15377168","15377355","chr15","18502477","18502660","33","3125309"
"chr2","15383151","15383445","chr10","110101568","110101865","38","94718417"
"chr2","15383457","15383746","chr5","109972171","109972461","42","94588714"
"chr2","15394139","15394325","chr21","22638055","22638242","30","7243916"
"chr2","15397397","15397509","chr9","32660161","32660272","12","17262764"
"chr2","15400642","15400928","chr2B","124977630","124977912","37","109576988"
"chr2","15420979","15421259","chr6","108904733","108905017","43","93483754"
"chr2","15430668","15430803","chr19","17984031","17984166","14","2553363"
"chr2","15433141","15433429","chr10","13991330","13991634","46","1441811"
"chr2","15435962","15436264","chr8","41984651","41984954","42","26548689"
"chr2","15446925","15447218","chr9","106799866","106800156","38","91352941"
"chr2","15448715","15448898","chr16","11651014","11651190","30","3797701"
"chr2","15449178","15449351","chr3","167280252","167280417","42","151831074"
"chr2","15452274","15452569","chr10","112192486","112192781","37","96740212"
"chr2","15455442","15455742","chr1","186067276","186067579","44","170611834"
"chr2","15459335","15459444","chr15","20963705","20963814","17","5504370"
"chr2","15459728","15459914","chr15","6462472","6462653","34","8997256"
"chr2","15465616","15465905","chr19","3208420","3208712","43","12257196"
"chr2","15469934","15470201","chr6","36657947","36658229","58","21188013"
"chr2","15470203","15470327","chr18","29302826","29302949","12","13832623"
"chr2","15471185","15471482","chr18","8406311","8406605","35","7064874"
"chr2","15476423","15476546","chr4","134938388","134938511","31","119461965"
"chr2","15493780","15493908","chr11","10233135","10233264","17","5260645"
"chr2","15494304","15494580","chr14","29182147","29182420","53","13687843"
"chr2","15498844","15498968","chr19","44291188","44291300","29","28792344"
"chr2","15500063","15500341","chr16","2362588","2362866","40","13137475"
"chr2","15500494","15500797","chr6","43880926","43881222","51","28380432"
"chr2","15509800","15509928","chr1","10043533","10043661","18","5466267"
"chr2","15510323","15510587","chr16","20241724","20241991","47","4731401"
"chr2","15520306","15520538","chr5","44846862","44847097","49","29326556"
"chr2","15524999","15525294","chr21","31933268","31933561","38","16408269"
"chr2","15525451","15525588","chr3","5166759","5166894","19","10358692"
"chr2","15525615","15525779","chr3","172654930","172655092","25","157129315"
"chr2","15544191","15544488","chr7","5081460","5081761","37","10462731"
"chr2","15545702","15545993","chr16","28312128","28312422","37","12766426"
"chr2","15547631","15547934","chr12","92652799","92653098","35","77105168"
"chr2","15553068","15553357","chr3","187910325","187910619","40","172357257"
"chr2","15565139","15565409","chr3","97384044","97384323","50","81818905"
"chr2","15567121","15567297","chr5","35988003","35988181","28","20420882"
"chr2","15567609","15567744","chr9","72870174","72870308","18","57302565"
"chr2","15575829","15575998","chr17","8275115","8275286","25","7300714"
"chr2","15575999","15576292","chr18","43707910","43708206","52","28131911"
"chr2","15581580","15581853","chr16","2362588","2362866","43","13218992"
"chr2","15582008","15582315","chr6","23131608","23131906","51","7549600"
"chr2","15584078","15584368","chr1","162831761","162832053","44","147247683"
"chr2","15585053","15585398","chr14","51262859","51263191","74","35677806"
"chr2","15591685","15591993","chr3","121038671","121038982","38","105446986"
"chr2","15600433","15600708","chr18","77746500","77746792","54","62146067"
"chr2","15604696","15604991","chr6","92275344","92275643","54","76670648"
"chr2","15608717","15609030","chr8","77654380","77654689","45","62045663"
"chr2","15610418","15610720","chr13","96370801","96371102","39","80760383"
"chr2","15614273","15614545","chr3","159846286","159846576","54","144232013"
"chr2","15618089","15618375","chrX","154613046","154613335","38","138994957"
"chr2","15627302","15627508","chr4","38919830","38920031","34","23292528"
"chr2","15631229","15631518","chr7","36884436","36884727","41","21253207"
"chr2","15634418","15634530","chrX","18290338","18290439","21","2655920"
"chr2","15637630","15637858","chr1","225341688","225341915","30","209704058"
"chr2","15645100","15645385","chr4","98378743","98379028","54","82733643"
"chr2","15645567","15645878","chr5","162648722","162649033","41","147003155"
"chr2","15646905","15647194","chr22","30285663","30285953","52","14638758"
"chr2","15647260","15647418","chr1","183534108","183534264","29","167886848"
"chr2","15648082","15648386","chr7","152799145","152799449","34","137151063"
"chr2","15652082","15652251","chr2B","50431625","50431794","24","34779543"
"chr2","15652547","15652567","chr6","57950931","57950951","7","42298384"
"chr2","15664529","15664823","chr5","15634201","15634477","57","30328"
"chr2","15665959","15666232","chr18","14504145","14504422","46","1161814"
"chr2","15673082","15673254","chr8","121787467","121787636","31","106114385"
"chr2","15673587","15673636","chr4","142066423","142066476","13","126392836"
"chr2","15673767","15674057","chr7","130523791","130524080","48","114850024"
"chr2","15674767","15675033","chrX","116807939","116808197","45","101133172"
"chr2","15679142","15679306","chr12","33023715","33023880","28","17344573"
"chr2","15679888","15680205","chr5","1443494","1443798","42","14236394"
"chr2","15680481","15680601","chr2A","20835969","20836087","28","5155488"
"chr2","15694553","15694863","chr5","34215137","34215446","37","18520584"
"chr2","15699557","15699845","chr5","18074268","18074553","41","2374711"
"chr2","15700248","15700527","chr9","16314314","16314595","39","614066"
"chr2","15700638","15700654","chr4","23004479","23004492","4","7303841"
"chr2","15704738","15704860","chr10","115339665","115339790","26","99634927"
"chr2","15706141","15706428","chr8","144089779","144090069","39","128383638"
"chr2","15714126","15714428","chr3","188861198","188861502","52","173147072"
"chr2","15715465","15715746","chr10","6374893","6375173","41","9340572"
"chr2","15717731","15717742","chr1","134695754","134695764","4","118978023"
"chr2","15717985","15718157","chr2B","2336095","2336266","25","13381890"
"chr2","15718774","15718849","chr2B","83964428","83964503","13","68245654"
"chr2","15719067","15719165","chr17","33600027","33600123","17","17880960"
"chr2","15734341","15734472","chr2A","63181773","63181905","13","47447432"
"chr2","15740363","15740524","chr21","30583077","30583246","22","14842714"
"chr2","15792342","15792654","chr5","39725707","39726011","48","23933365"
"chr2","15807243","15807546","chr11","123261793","123262092","38","107454550"
"chr2","15808489","15808794","chr11","19648950","19649254","47","3840461"
"chr2","15809453","15809748","chr12","113292073","113292359","53","97482620"
"chr2","15814950","15815244","chr1","27022178","27022477","44","11207228"
"chr2","15822170","15822475","chr7","5081460","5081761","38","10740710"
"chr2","15823681","15823972","chr16","28312128","28312422","38","12488447"
"chr2","15826627","15826910","chr2B","112915357","112915644","61","97088730"
"chr2","15828746","15829046","chr10","31712144","31712443","45","15883398"
"chr2","15830250","15830425","chr4","145372047","145372220","28","129541797"
"chr2","15830728","15830863","chr14","54315089","54315224","12","38484361"
"chr2","15833022","15833176","chr5","161525424","161525577","26","145692402"
"chr2","15833193","15833490","chr13","6393532","6393821","44","9439661"
"chr2","15833539","15833826","chr4","459155","459458","53","15374384"
"chr2","15836470","15836487","chr1","28888598","28888611","4","13052128"
"chr2","15836488","15836795","chr7","139963807","139964112","42","124127319"
"chr2","15836796","15836973","chr3","172736089","172736268","24","156899293"
"chr2","15853989","15854112","chr12","133118538","133118655","21","117264549"
"chr2","15869425","15869589","chr10","112255084","112255248","31","96385659"
"chr2","15884869","15885006","chr11","124304188","124304309","44","108419319"
"chr2","15886874","15887150","chr7","23576010","23576299","48","7689136"
"chr2","15894342","15894649","chrX","53553625","53553937","45","37659283"
"chr2","15895594","15895868","chr3","73194425","73194708","48","57298831"
"chr2","15900729","15900841","chr1","130434698","130434805","25","114533969"
"chr2","15901142","15901265","chr10","93726615","93726738","10","77825473"
"chr2","15903874","15904185","chr1","19590137","19590444","35","3686263"
"chr2","15905327","15905636","chr8","94386672","94386976","41","78481345"
"chr2","15913380","15913675","chr2A","20895744","20896038","42","4982364"
"chr2","15921430","15921737","chr10","50474252","50474554","42","34552822"
"chr2","15922495","15922798","chr12","52178346","52178642","36","36255851"
"chr2","15933845","15934146","chr7","129375089","129375397","53","113441244"
"chr2","15938767","15939064","chr1","25177448","25177739","36","9238681"
"chr2","15939065","15939176","chrX","1225172","1225283","16","14713893"
"chr2","15939864","15940130","chrX","18875176","18875442","30","2935312"
"chr2","15942933","15943233","chr19","37646752","37647048","38","21703819"
"chr2","15949567","15949872","chr10","110101568","110101865","44","94152001"
"chr2","15961456","15961585","chr1","213473838","213473970","19","197512382"
"chr2","15973984","15974272","chr7","4553907","4554195","39","11420077"
"chr2","15977076","15977377","chr7","4553907","4554195","40","11423169"
"chr2","15980786","15981074","chr7","4553907","4554195","45","11426879"
"chr2","15984408","15984701","chr8","126637877","126638170","43","110653469"
"chr2","15984973","15985053","chr5","116530140","116530219","11","100545167"
"chr2","15985994","15986131","chr15","23108734","23108871","18","7122740"
"chr2","15986142","15986382","chr22","15354839","15355075","36","631303"
"chr2","15990866","15991167","chr2B","64704470","64704763","41","48713604"
"chr2","16002055","16002371","chr17","74192618","74192933","44","58190563"
"chr2","16002844","16003146","chr9","98916415","98916712","40","82913571"
"chr2","16005084","16005179","chr3","81188117","81188214","14","65183033"
"chr2","16011296","16011393","chr1","16774476","16774572","14","763180"
"chr2","16011499","16011814","chr5","23619581","23619891","46","7608082"
"chr2","16014531","16014828","chr7","22866061","22866354","66","6851530"
"chr2","16016256","16016379","chr15","73119233","73119360","13","57102977"
"chr2","16018347","16018645","chr5","2684562","2684864","27","13333785"
"chr2","16024942","16025225","chr3","197889904","197890185","47","181864962"
"chr2","16029629","16029915","chr13","9716804","9717101","49","6312825"
"chr2","16030478","16030743","chrX","12667958","12668224","37","3362520"
"chr2","16033873","16034183","chr3","46381852","46382163","43","30347979"
"chr2","16034203","16034334","chr1","64265288","64265418","17","48231085"
"chr2","16038124","16038437","chr16","25557725","25558023","61","9519601"
"chr2","16040785","16041081","chr9","114191687","114191982","36","98150902"
"chr2","16045262","16045458","chr3","55619781","55619974","32","39574519"
"chr2","16054059","16054358","chr5","41690058","41690354","42","25635999"
"chr2","16056145","16056377","chr6","18854198","18854415","46","2798053"
"chr2","16063835","16064112","chr3","48166508","48166786","40","32102673"
"chr2","16064127","16064330","chr8","29194423","29194624","34","13130296"
"chr2","16078631","16078797","chr7","4440137","4440311","25","11638494"
"chr2","16083447","16083746","chrX","118656055","118656351","36","102572608"
"chr2","16095014","16095167","chrX","45322481","45322616","32","29227467"
"chr2","16095470","16095629","chrX","140021553","140021703","33","123926083"
"chr2","16098553","16098852","chr1","9657739","9658031","40","6440814"
"chr2","16102772","16103073","chr20","48927387","48927690","37","32824615"
"chr2","16114309","16114601","chr1","212745117","212745410","34","196630808"
"chr2","16114722","16115021","chrX","79632264","79632564","40","63517542"
"chr2","16116173","16116430","chr3","51774610","51774885","48","35658437"
"chr2","16133981","16134196","chr15","47288919","47289136","35","31154938"
"chr2","16134683","16134831","chr1","46936422","46936571","22","30801739"
"chr2","16146995","16147272","chr15","13302570","13302846","42","2844425"
"chr2","16148516","16148607","chr16","81322949","81323041","14","65174433"
"chr2","16150280","16150578","chr6","11204932","11205226","43","4945348"
"chr2","16162515","16162821","chr7","4348498","4348815","51","11814017"
"chr2","16175513","16175772","chr6","109406908","109407165","33","93231395"
"chr2","16210070","16210360","chr1","65854541","65854833","41","49644471"
"chr2","16225472","16225761","chr8","131916792","131917077","42","115691320"
"chr2","16233905","16234176","chr8","67909581","67909858","54","51675676"
"chr2","16239930","16240232","chr11","56648134","56648436","31","40408204"
"chr2","16260355","16260648","chr18","56375634","56375924","42","40115279"
"chr2","16282382","16282612","chrX","101719102","101719331","29","85436720"
"chr2","16305884","16306175","chrX","47906942","47907236","44","31601058"
"chr2","16322695","16323003","chr3","155530451","155530758","46","139207756"
"chr2","16332315","16332458","chr14","47727484","47727624","25","31395169"
"chr2","16357923","16358230","chr11","78418529","78418836","42","62060606"
"chr2","16414371","16414653","chr7","141128548","141128831","43","124714177"
"chr2","16414703","16414720","chr9","15858973","15858988","2","555730"
"chr2","16421975","16422018","chr2B","64594380","64594422","12","48172405"
"chr2","16460276","16460569","chr5","162629387","162629676","44","146169111"
"chr2","16471003","16471136","chr1","168543967","168544101","17","152072964"
"chr2","16471446","16471633","chr9","26434134","26434315","28","9962688"
"chr2","16505614","16505898","chr5","147372333","147372625","51","130866719"
"chr2","16666694","16666830","chr3","106668579","106668715","19","90001885"
"chr2","16703026","16703324","chr3","113576048","113576345","47","96873022"
"chr2","16790414","16790658","chr2B","586808","587050","33","16203606"
"chr2","16843224","16843474","chr1","42851268","42851522","55","26008044"
"chr2","16883736","16884030","chr7","3606730","3607027","42","13277006"
"chr2","16887837","16888109","chr22","27340631","27340896","36","10452794"
"chr2","16891517","16891647","chr1","89770976","89771108","19","72879459"
"chr2","16936427","16936724","chr3","12995468","12995767","41","3940959"
"chr2","16965951","16966245","chr4","124091174","124091472","47","107125223"
"chr2","16976982","16977231","chr1","31634462","31634700","61","14657480"
"chr2","17015852","17016147","chrX","107615533","107615830","49","90599681"
"chr2","17071255","17071563","chr1","31136599","31136900","38","14065344"
"chr2","17164165","17164460","chr17","29342751","29343046","42","12178586"
"chr2","17313513","17313812","chr4","86627007","86627303","38","69313494"
"chr2","17315368","17315563","chr16","18215325","18215521","27","899957"
"chr2","17322059","17322308","chr19","51468485","51468735","41","34146426"
"chr2","17322858","17323167","chr7","3182067","3182365","45","14140791"
"chr2","17339463","17339736","chr12","94318279","94318561","40","76978816"
"chr2","17342787","17343080","chr11","25149932","25150209","54","7807145"
"chr2","17350310","17350615","chr11","92291366","92291671","40","74941056"
"chr2","17375727","17376026","chr8","68089139","68089436","48","50713412"
"chr2","17402728","17402896","chr2B","50431625","50431794","23","33028897"
"chr2","17425033","17425338","chr2A","62661707","62662012","40","45236674"
"chr2","17477302","17477602","chr7","586271","586571","40","16891031"
"chr2","17487308","17487555","chr2B","586808","587050","45","16900500"
"chr2","17523862","17523998","chr1","168543967","168544101","14","151020105"
"chr2","17544396","17544696","chr20","43704827","43705120","39","26160431"
"chr2","17569542","17569864","chr10","137392933","137393215","73","119823391"
"chr2","17571112","17571247","chr8","11376177","11376312","13","6194935"
"chr2","17571552","17571715","chr1","135795439","135795597","24","118223887"
"chr2","17584467","17584597","chr1","89770976","89771108","22","72186509"
"chr2","17587668","17587773","chr6","127611593","127611698","19","110023925"
"chr2","17599779","17600087","chr1","150469027","150469333","40","132869248"
"chr2","17607700","17607991","chr7","2908183","2908476","44","14699517"
"chr2","17614637","17614790","chr8","77975808","77975959","25","60361171"
"chr2","17666849","17667155","chr22","1356476","1356780","40","16310373"
"chr2","17688511","17688646","chr7","82210564","82210699","20","64522053"
"chr2","17688928","17689092","chr10","148054018","148054180","26","130365090"
"chr2","17695229","17695517","chr5","92872399","92872683","53","75177170"
"chr2","17695853","17696128","chr10","3533414","3533700","45","14162439"
"chr2","17704334","17704578","chr8","133075658","133075906","41","115371324"
"chr2","17711667","17711958","chr11","123134506","123134799","40","105422839"
"chr2","17731232","17731334","chr16","6317634","6317738","10","11413598"
"chr2","17735391","17735688","chr5","45720648","45720942","38","27985257"
"chr2","17735959","17736256","chr1","24061156","24061457","36","6325197"
"chr2","17743319","17743442","chr19","11873873","11874004","19","5869446"
"chr2","17751752","17752051","chr9","106948213","106948511","38","89196461"
"chr2","17753110","17753390","chr2B","130241492","130241796","42","112488382"
"chr2","17763931","17764034","chr1","21123280","21123379","19","3359349"
"chr2","17766244","17766547","chr1","22894656","22894953","42","5128412"
"chr2","17784344","17784632","chr9","11620300","11620588","51","6164044"
"chr2","17798346","17798637","chr8","133075137","133075428","43","115276791"
"chr2","17855187","17855478","chr17","41932161","41932454","36","24076974"
"chr2","17870531","17870792","chr1","13857836","13858100","39","4012695"
"chr2","17876190","17876410","chr15","76027562","76027779","43","58151372"
"chr2","17889705","17889992","chrX","54649935","54650221","44","36760230"
"chr2","17896147","17896281","chr2A","87000001","87000134","26","69103854"
"chr2","17896589","17896700","chr12","121761450","121761560","10","103864861"
"chr2","17897103","17897213","chr14","48243141","48243249","11","30346038"
"chr2","17902134","17902426","chr19","35564249","35564547","33","17662115"
"chr2","17904986","17905119","chr9","94655765","94655899","16","76750779"
"chr2","17905409","17905564","chr8","61662562","61662723","26","43757153"
"chr2","17907255","17907544","chr5","156460231","156460525","34","138552976"
"chr2","17914186","17914479","chr2B","100893350","100893645","45","82979164"
"chr2","17914842","17915025","chr8","25854652","25854840","37","7939810"
"chr2","17916468","17916564","chr19","38140279","38140375","7","20223811"
"chr2","17926830","17927024","chr3","96511086","96511290","33","78584256"
"chr2","17927585","17927826","chr15","51716891","51717141","33","33789306"
"chr2","17938512","17938819","chr9","106161737","106162036","50","88223225"
"chr2","17939802","17939907","chr1","130928471","130928590","36","112988669"
"chr2","17948344","17948625","chr1","139828512","139828799","39","121880168"
"chr2","17956710","17956850","chr8","33954238","33954376","16","15997528"
"chr2","17957156","17957453","chr7","39500292","39500591","44","21543136"
"chr2","17959162","17959318","chr9","79946339","79946486","29","61987177"
"chr2","17989771","17990045","chr6","113707649","113707918","43","95717878"
"chr2","18011166","18011476","chr6","46462166","46462476","37","28451000"
"chr2","18021868","18022000","chr7","57083020","57083154","13","39061152"
"chr2","18023645","18023802","chr3","78714863","78715023","36","60691218"
"chr2","18030189","18030358","chr2B","83806339","83806508","27","65776150"
"chr2","18041951","18042212","chr1","78792701","78792957","48","60750750"
"chr2","18048646","18048877","chr12","112659950","112660176","38","94611304"
"chr2","18059620","18059912","chr8","68737038","68737333","49","50677418"
"chr2","18064320","18064455","chr9","105121338","105121473","15","87057018"
"chr2","18070617","18070755","chr11","119261693","119261828","12","101191076"
"chr2","18077843","18078138","chr13","75260014","75260309","50","57182171"
"chr2","18078778","18079064","chr8","102739657","102739938","43","84660879"
"chr2","18087024","18087324","chr9","104384316","104384616","37","86297292"
"chr2","18091146","18091442","chr5","140962732","140963040","43","122871586"
"chr2","18115561","18115896","chr19","54733958","54734263","78","36618397"
"chr2","18123843","18124144","chr7","77548302","77548597","39","59424459"
"chr2","18129610","18129912","chr7","68256324","68256623","45","50126714"
"chr2","18129916","18130207","chr3","40466670","40466962","36","22336754"
"chr2","18134589","18134882","chr11","102380253","102380540","56","84245664"
"chr2","18154234","18154559","chr2A","27687909","27688229","53","9533675"
"chr2","18154826","18155136","chr11","56648134","56648436","45","38493308"
"chr2","18167474","18167777","chr9","105808661","105808968","40","87641187"
"chr2","18183246","18183534","chrX","22401423","22401720","62","4218177"
"chr2","18214131","18214427","chr6","45713778","45714072","41","27499647"
"chr2","18221505","18221781","chrX","49833019","49833295","35","31611514"
"chr2","18239560","18239865","chr5","32634914","32635221","49","14395354"
"chr2","18243562","18243700","chr12","61757055","61757195","22","43513493"
"chr2","18243703","18243986","chr1","27632294","27632581","45","9388591"
"chr2","18261572","18261860","chr4","48934947","48935237","34","30673375"
"chr2","18338346","18338631","chr5","141183827","141184113","33","122845481"
"chr2","18370025","18370317","chr2B","19308163","19308457","40","938138"
"chr2","18372295","18372571","chr8","66348701","66348976","50","47976406"
"chr2","18381572","18381872","chr10","117405628","117405929","38","99024056"
"chr2","18403223","18403533","chr15","12845320","12845629","50","5557903"
"chr2","18471152","18471441","chr21","30658994","30659298","43","12187842"
"chr2","18483046","18483164","chr1","127657503","127657621","13","109174457"
"chr2","18483204","18483368","chr11","18595710","18595871","26","112506"
"chr2","18485208","18485514","chr10","114641725","114642024","46","96156517"
"chr2","18507885","18508165","chr1","113070782","113071064","42","94562897"
"chr2","18532761","18533065","chr1","13491740","13492042","40","5041021"
"chr2","18533960","18534126","chr14","15438186","15438350","35","3095774"
"chr2","18546623","18546917","chr5","45914070","45914364","33","27367447"
"chr2","18548472","18548758","chr3","12912174","12912468","49","5636298"
"chr2","18553596","18553876","chr5","141411404","141411684","34","122857808"
"chr2","18554159","18554385","chr11","74816507","74816729","33","56262348"
"chr2","18554598","18554907","chr3","172708820","172709119","46","154154222"
"chr2","18558848","18559154","chr5","141416150","141416460","37","122857302"
"chr2","18566574","18566875","chr5","141425246","141425553","41","122858672"
"chr2","18573230","18573552","chr5","54567667","54567971","53","35994437"
"chr2","18586049","18586346","chr1","57033983","57034284","30","38447934"
"chr2","18597053","18597394","chr17","801485","801817","53","17795568"
"chr2","18615325","18615626","chr17","9489493","9489790","39","9125832"
"chr2","18620255","18620566","chr5","1443494","1443798","74","17176761"
"chr2","18630854","18631127","chr8","21550900","21551171","42","2920046"
"chr2","18669286","18669592","chr16","23024984","23025292","45","4355698"
"chr2","18685076","18685365","chr7","73094896","73095187","45","54409820"
"chr2","18688408","18688713","chr1","52720825","52721129","45","34032417"
"chr2","18697831","18698140","chr1","26250299","26250607","41","7552468"
"chr2","18701830","18702120","chr4","110248134","110248433","46","91546304"
"chr2","18702196","18702276","chr14","63048319","63048405","14","44346123"
"chr2","18705378","18705518","chr1","71060262","71060392","20","52354884"
"chr2","18707927","18708092","chr3","185045047","185045212","27","166337120"
"chr2","18708759","18709047","chr7","78711012","78711301","39","60002253"
"chr2","18718412","18718540","chr14","12485207","12485337","15","6233205"
"chr2","18722443","18722573","chr14","12485207","12485337","14","6237236"
"chr2","18724154","18724458","chr16","48019282","48019589","53","29295128"
"chr2","18740669","18740800","chr5","38957611","38957744","14","20216942"
"chr2","18740825","18741019","chr3","187196752","187196940","38","168455927"
"chr2","18745077","18745351","chr7","97448005","97448282","37","78702928"
"chr2","18746575","18746843","chr11","125722767","125723043","43","106976192"
"chr2","18747203","18747498","chr6","77750064","77750357","26","59002861"
"chr2","18760760","18761021","chrX","24438622","24438886","50","5677862"
"chr2","18762811","18763084","chr9","87382451","87382724","40","68619640"
"chr2","18779845","18779940","chr19","55516586","55516680","14","36736741"
"chr2","18784320","18784609","chr7","74977675","74977964","47","56193355"
"chr2","18790778","18791061","chr5","52334450","52334731","45","33543672"
"chr2","18791084","18791111","chr1","66042357","66042386","4","47251273"
"chr2","18803091","18803390","chr15","68336663","68336963","37","49533572"
"chr2","18804627","18804923","chr12","130875932","130876230","41","112071305"
"chr2","18846798","18847056","chr15","43416972","43417223","38","24570174"
"chr2","18855590","18855896","chr12","24397776","24398085","36","5542186"
"chr2","18862224","18862388","chr7","62486171","62486332","29","43623947"
"chr2","18862700","18862710","chr17","51777183","51777194","2","32914483"
"chr2","18863008","18863141","chr17","17814752","17814887","13","1048256"
"chr2","18877176","18877472","chr9","113098573","113098861","46","94221397"
"chr2","18878216","18878513","chr20","55606224","55606529","56","36728008"
"chr2","18878719","18879010","chr22","15386505","15386802","69","3492214"
"chr2","18879183","18879471","chr6","6926599","6926885","48","11952584"
"chr2","18889216","18889521","chr16","44131160","44131469","42","25241944"
"chr2","18900533","18900691","chr5","5379694","5379849","26","13520839"
"chr2","18939908","18940151","chrX","51413964","51414217","54","32474056"
"chr2","18941062","18941316","chr12","70714473","70714731","48","51773411"
"chr2","18941899","18942144","chr19","37982899","37983143","42","19041000"
"chr2","18947564","18947724","chr10","147369413","147369570","27","128421849"
"chr2","18948037","18948168","chr1","39403304","39403439","18","20455267"
"chr2","18949032","18949173","chr6","160298404","160298545","18","141349372"
"chr2","18949382","18949682","chr3","58218665","58218964","44","39269283"
"chr2","18950472","18950783","chr2A","3441280","3441591","34","15509192"
"chr2","18960924","18961201","chr13","1376244","1376525","42","17584680"
"chr2","18988414","18988713","chr3","134344667","134344968","38","115356253"
"chr2","18990041","18990346","chr11","70249791","70250093","42","51259750"
"chr2","18994437","18994716","chr7","72555518","72555799","41","53561081"
"chr2","19056281","19056577","chr7","87356222","87356513","34","68299941"
"chr2","19075629","19075919","chr14","76696434","76696724","36","57620805"
"chr2","19231947","19232240","chr8","82894963","82895258","39","63663016"
"chr2","19250109","19250423","chr11","64245179","64245489","48","44995070"
"chr2","19321602","19321908","chrX","49238016","49238318","44","29916414"
"chr2","19388635","19388904","chr6","42517239","42517526","50","23128604"
"chr2","19546721","19546735","chr1","22975747","22975761","10","3429026"
"chr2","19546892","19547183","chr4","39436180","39436476","37","19889288"
"chr2","19571262","19571571","chr5","142365428","142365738","41","122794166"
"chr2","19586498","19586667","chr12","10503992","10504156","24","9082506"
"chr2","19789594","19789770","chr19","2172590","2172768","30","17617004"
"chr2","19789895","19789960","chr3","49329602","49329668","9","29539707"
"chr2","19821557","19821826","chrX","24438622","24438886","49","4617065"
"chr2","19824258","19824571","chr9","45805213","45805525","47","25980955"
"chr2","19898851","19899135","chr19","48380052","48380333","44","28481201"
"chr2","19941853","19941979","chr19","23039322","23039443","43","3097469"
"chr2","19954262","19954561","chr1","109165400","109165696","41","89211138"
"chr2","19963524","19963763","chr2A","3330063","3330301","47","16633461"
"chr2","20057620","20057923","chr11","65008604","65008902","42","44950984"
"chr2","20072425","20072549","chr4","194530892","194531016","14","174458467"
"chr2","20093236","20093531","chr2A","81182299","81182600","42","61089063"
"chr2","20109398","20109713","chr2B","111648654","111648951","50","91539256"
"chr2","20157114","20157396","chr2B","124728949","124729237","44","104571835"
"chr2","20164256","20164545","chr16","61870246","61870540","42","41705990"
"chr2","20255772","20256056","chr10","42068404","42068690","45","21812632"
"chr2","20278709","20278828","chr12","5105960","5106079","16","15172749"
"chr2","20294938","20295074","chr6","78227073","78227205","17","57932135"
"chr2","20298807","20299111","chr6","157862323","157862628","39","137563516"
"chr2","20310948","20311244","chr5","143075271","143075566","36","122764323"
"chr2","20320701","20320956","chr11","107975045","107975301","39","87654344"
"chr2","20323817","20323948","chr14","12485207","12485337","18","7838610"
"chr2","20337340","20337612","chr3","197889904","197890185","44","177552564"
"chr2","20350139","20350342","chr5","143905876","143906083","32","123555737"
"chr2","20350861","20351031","chr2A","4613088","4613266","43","15737773"
"chr2","20366410","20366591","chr4","171529904","171530078","34","151163494"
"chr2","20406778","20406904","chr1","186375038","186375164","12","165968260"
"chr2","20446421","20446715","chr20","43761961","43762257","35","23315540"
"chr2","20468005","20468309","chr3","138133123","138133421","48","117665118"
"chr2","20485391","20485692","chr3","45997384","45997687","39","25511993"
"chr2","20540432","20540741","chr12","64387896","64388204","37","43847464"
"chr2","20557126","20557379","chr1","205864109","205864363","32","185306983"
"chr2","20609524","20609634","chr6","32533953","32534063","16","11924429"
"chr2","20668554","20668854","chr5","143448291","143448592","38","122779737"
"chr2","20696292","20696586","chr17","63540350","63540643","39","42844058"
"chr2","20722050","20722349","chr4","775586","775885","41","19946464"
"chr2","20827619","20827912","chr2A","51447416","51447713","57","30619797"
"chr2","20868043","20868158","chr1","142810142","142810256","12","121942099"
"chr2","20949968","20950000","chr18","74569951","74569981","8","53619983"
"chr2","20950196","20950335","chr12","122517829","122517974","44","101567633"
"chr2","20952620","20952915","chr6","45713778","45714072","42","24761158"
"chr2","20989984","20990156","chr7","149897616","149897788","21","128907632"
"chr2","20997103","20997401","chr8","25390682","25390982","41","4393579"
"chr2","21023968","21024216","chr3","182392566","182392814","47","161368598"
"chr2","21046816","21047117","chr6","101091819","101092120","41","80045003"
"chr2","21052018","21052298","chr1","190343925","190344199","44","169291907"
"chr2","21075041","21075332","chr9","41878230","41878523","39","20803189"
"chr2","21080321","21080619","chr20","46131905","46132206","58","25051584"
"chr2","21093529","21093612","chr11","67350015","67350098","9","46256486"
"chr2","21096318","21096623","chr1","124337561","124337869","55","103241243"
"chr2","21101408","21101678","chrX","12667958","12668224","45","8433450"
"chr2","21121467","21121760","chr10","27590684","27590980","45","6469217"
"chr2","21125192","21125323","chr4","38754332","38754465","24","17629140"
"chr2","21136079","21136372","chr6","110223273","110223577","45","89087194"
"chr2","21141099","21141365","chr1","78914405","78914677","41","57773306"
"chr2","21141380","21141684","chr6","16008163","16008462","58","5133217"
"chr2","21160695","21160932","chr12","19237716","19237963","43","1922979"
"chr2","21164890","21164952","chrX","48689102","48689162","13","27524212"
"chr2","21166118","21166423","chr12","8813587","8813888","37","12352531"
"chr2","21166863","21166974","chr7","50743927","50744040","28","29577064"
"chr2","21175145","21175273","chr1","10043533","10043661","14","11131612"
"chr2","21185112","21185394","chr1","139828512","139828799","46","118643400"
"chr2","21194340","21194453","chr17","8267722","8267836","11","12926618"
"chr2","21196167","21196378","chr2B","115318497","115318707","39","94122330"
"chr2","21196678","21196795","chr11","113906994","113907109","14","92710316"
"chr2","21207159","21207376","chr14","75298179","75298398","32","54091020"
"chr2","21208332","21208609","chr6","25163865","25164137","64","3955533"
"chr2","21210224","21210425","chr3","72682616","72682820","36","51472392"
"chr2","21211619","21211748","chr3","60785435","60785563","15","39573816"
"chr2","21213658","21213864","chr8","121823302","121823494","42","100609644"
"chr2","21217700","21217965","chr7","148305592","148305858","47","127087892"
"chr2","21223864","21224049","chr4","86577929","86578112","34","65354065"
"chr2","21225648","21225937","chr6","13671103","13671393","43","7554545"
"chr2","21239484","21239615","chr1","35274196","35274324","23","14034712"
"chr2","21239926","21239972","chr4","64553005","64553037","18","43313079"
"chr2","21240215","21240339","chr6","157026163","157026287","17","135785948"
"chr2","21240361","21240422","chr17","38735481","38735529","16","17495120"
"chr2","21240942","21241190","chr7","139823731","139823998","44","118582789"
"chr2","21248489","21248587","chr11","120354186","120354285","11","99105697"
"chr2","21248840","21248907","chr1","13627380","13627435","21","7621460"
"chr2","21250632","21250760","chr14","12485207","12485337","14","8765425"
"chr2","21259950","21260081","chr19","279168","279291","26","20980782"
"chr2","21260387","21260544","chr12","124975481","124975639","27","103715094"
"chr2","21262288","21262430","chr1","46936422","46936571","34","25674134"
"chr2","21263014","21263129","chr7","101372503","101372622","22","80109489"
"chr2","21263604","21263887","chr1","206487431","206487714","47","185223827"
"chr2","21267376","21267670","chr20","35783328","35783620","42","14515952"
"chr2","21267876","21268080","chr17","24059205","24059401","41","2791329"
"chr2","21269408","21269473","chr17","33485931","33485996","10","12216523"
"chr2","21274119","21274242","chr4","134938388","134938511","19","113664269"
"chr2","21279346","21279470","chr10","100843927","100844052","26","79564581"
"chr2","21279773","21279905","chr9","83986046","83986179","18","62706273"
"chr2","21283847","21283916","chr7","137920493","137920565","13","116636646"
"chr2","21291373","21291538","chr7","5060115","5060281","26","16231258"
"chr2","21291838","21291964","chr7","78998821","78998955","28","57706983"
"chr2","21293154","21293268","chr2A","11020602","11020721","19","10272552"
"chr2","21299184","21299484","chr18","43707910","43708206","48","22408726"
"chr2","21301349","21301430","chr11","71249745","71249828","14","49948396"
"chr2","21302105","21302178","chr1","13208457","13208533","19","8093648"
"chr2","21308587","21308857","chr16","24332925","24333194","45","3024338"
"chr2","21309740","21309975","chr5","129748498","129748735","33","108438758"
"chr2","21310510","21310597","chr9","43119899","43119983","18","21809389"
"chr2","21314388","21314514","chr14","12485207","12485337","14","8829181"
"chr2","21322776","21322899","chrX","42325828","42325954","18","21003052"
"chr2","21340893","21341057","chr10","14983614","14983773","29","6357279"
"chr2","21341383","21341532","chr1","207901121","207901272","28","186559738"
"chr2","21345077","21345194","chr1","224747517","224747635","14","203402440"
"chr2","21345498","21345695","chrX","124599356","124599551","34","103253858"
"chr2","21346505","21346800","chr15","29986856","29987143","32","8640351"
"chr2","21352560","21352797","chr21","15290184","15290413","38","6062376"
"chr2","21353688","21353980","chr9","106799866","106800156","48","85446178"
"chr2","21356557","21356855","chr19","49839306","49839606","42","28482749"
"chr2","21357028","21357340","chr2A","46153870","46154173","41","24796842"
"chr2","21368135","21368421","chr17","888730","889009","42","20479405"
"chr2","21372442","21372729","chr9","108785192","108785486","42","87412750"
"chr2","21373257","21373556","chr4","110248134","110248433","40","88874877"
"chr2","21388648","21388763","chr12","125140441","125140562","17","103751793"
"chr2","21391678","21391869","chr11","77176525","77176721","30","55784847"
"chr2","21415800","21416097","chr19","8372944","8373243","41","13042856"
"chr2","21420482","21420765","chr4","137202145","137202441","41","115781663"
"chr2","21423126","21423430","chr19","35082212","35082514","36","13659086"
"chr2","21426562","21426849","chr8","18830083","18830370","41","2596479"
"chr2","21451588","21451767","chr7","90281753","90281929","27","68830165"
"chr2","21452066","21452201","chr1","52540671","52540806","15","31088605"
"chr2","21463066","21463362","chr14","38752607","38752899","43","17289541"
"chr2","21472072","21472369","chr3","16331954","16332253","38","5140118"
"chr2","21489052","21489289","chr3","19140152","19140382","61","2348900"
"chr2","21509236","21509527","chr19","35826743","35827033","47","14317507"
"chr2","21527468","21527757","chr5","59343755","59344041","47","37816287"
"chr2","21533519","21533833","chr5","144241411","144241725","43","122707892"
"chr2","21540339","21540439","chrX","22026438","22026538","15","486099"
"chr2","21546797","21547096","chr4","140030843","140031143","39","118484046"
"chr2","21553362","21553484","chr10","93726615","93726738","11","72173253"
"chr2","21583309","21583431","chr1","61983115","61983240","22","40399806"
"chr2","21583453","21583622","chr7","110885244","110885413","25","89301791"
"chr2","21587974","21588279","chr7","64620732","64621041","47","43032758"
"chr2","21612232","21612528","chr12","11955253","11955548","39","9656979"
"chr2","21628071","21628330","chr7","2270201","2270458","47","19357870"
"chr2","21633559","21633844","chr1","139828512","139828799","46","118194953"
"chr2","21651599","21651896","chr9","115940063","115940361","35","94288464"
"chr2","21709830","21710133","chr12","43697519","43697825","49","21987689"
"chr2","21791338","21791627","chr4","41051261","41051551","37","19259923"
"chr2","21853076","21853368","chr8","67632282","67632573","43","45779206"
"chr2","21959838","21960144","chr5","144647901","144648205","42","122688063"
"chr2","22006642","22006936","chr2B","70550117","70550407","53","48543475"
"chr2","22017696","22017993","chr19","35826743","35827033","50","13809047"
"chr2","22226719","22227011","chr7","77548302","77548597","36","55321583"
"chr2","22229126","22229243","chr7","5414295","5414412","12","16814831"
"chr2","22422844","22423094","chr17","85280033","85280282","51","62857189"
"chr2","22506397","22506557","chr3","190145156","190145312","29","167638759"
"chr2","22506650","22506744","chr20","61551178","61551265","15","39044528"
"chr2","22606132","22606428","chr11","3933147","3933442","42","18672985"
"chr2","22649904","22650040","chr3","121563186","121563322","14","98913282"
"chr2","22659013","22659313","chr14","85986152","85986448","45","63327139"
"chr2","22706802","22707110","chr1","51039339","51039650","56","28332537"
"chr2","22761428","22761719","chr19","36025272","36025565","40","13263844"
"chr2","22787042","22787347","chr7","67109386","67109679","59","44322344"
"chr2","22915402","22915570","chr1","94094563","94094730","24","71179161"
"chr2","22986619","22986910","chr19","56227518","56227805","51","33240899"
"chr2","22986950","22986961","chr5","44320839","44320850","1","21333889"
"chr2","23125391","23125668","chr11","115863542","115863812","56","92738151"
"chr2","23165694","23165889","chr1","110405403","110405603","51","87239709"
"chr2","23172668","23172968","chr1","139434343","139434642","45","116261675"
"chr2","23175955","23176255","chr19","39905207","39905498","56","16729252"
"chr2","23193907","23194200","chr5","145891616","145891911","47","122697709"
"chr2","23220422","23220676","chr3","33405226","33405477","51","10184804"
"chr2","23285032","23285223","chr14","33015272","33015462","39","9730240"
"chr2","23358288","23358580","chr5","109972171","109972461","52","86613883"
"chr2","23360237","23360524","chr7","7354387","7354675","54","16005850"
"chr2","23419847","23420110","chr10","36748912","36749187","53","13329065"
"chr2","23433219","23433503","chr15","11988062","11988351","42","11445157"
"chr2","23450976","23451254","chr3","48166508","48166786","44","24715532"
"chr2","23465769","23466051","chr9","16314314","16314595","57","7151455"
"chr2","23508335","23508534","chr4","138505190","138505388","38","114996855"
"chr2","23510694","23510790","chr18","11561090","11561185","18","11949604"
"chr2","23523196","23523357","chr6","100480052","100480215","27","76956856"
"chr2","23575420","23575720","chrX","41798362","41798663","61","18222942"
"chr2","23714839","23715129","chr2B","114379841","114380133","57","90665002"
"chr2","23760616","23760900","chr15","41591422","41591706","42","17830806"
"chr2","23771006","23771243","chrX","147697985","147698223","49","123926979"
"chr2","23865826","23866008","chr2B","99086800","99086973","37","75220974"
"chr2","23866300","23866430","chr7","139850572","139850699","21","115984272"
"chr2","23912347","23912629","chr16","40471238","40471514","48","16558891"
"chr2","23978935","23979234","chr7","67048017","67048316","51","43069082"
"chr2","23981046","23981332","chr2B","129582877","129583164","38","105601831"
"chr2","24032375","24032641","chr2A","60232623","60232895","48","36200248"
"chr2","24101896","24102194","chr1","181412725","181413024","37","157310829"
"chr2","24248716","24248842","chrX","16516647","16516773","17","7732069"
"chr2","24359614","24359913","chr5","147133886","147134180","36","122774272"
"chr2","24394071","24394363","chr14","12814410","12814702","44","11579661"
"chr2","24427735","24428031","chr12","92652799","92653098","41","68225064"
"chr2","24437686","24437820","chr12","9001577","9001712","27","15436109"
"chr2","24473208","24473515","chr12","55344157","55344462","44","30870949"
"chr2","24482641","24482951","chr14","3297884","3298193","39","21184757"
"chr2","24492898","24493185","chr5","51041695","51041987","46","26548797"
"chr2","24539687","24539977","chr11","98081123","98081409","46","73541436"
"chr2","24554632","24554919","chr8","103853182","103853465","41","79298550"
"chr2","24562329","24562608","chr6","22168334","22168613","40","2393995"
"chr2","24569541","24569793","chr5","147349543","147349791","31","122780002"
"chr2","24580986","24581279","chr11","81075316","81075610","35","56494330"
"chr2","24585239","24585289","chr15","64413460","64413510","10","39828221"
"chr2","24591542","24591811","chr2B","129989555","129989833","45","105398013"
"chr2","24616564","24616706","chr5","164113429","164113562","38","139496865"
"chr2","24616995","24617152","chr12","6210507","6210667","19","18406488"
"chr2","24617299","24617435","chr22","10173133","10173267","19","14444166"
"chr2","24617797","24617915","chr7","67950244","67950365","24","43332447"
"chr2","24625630","24625833","chr9","70455954","70456160","33","45830324"
"chr2","24643717","24643814","chr3","48081139","48081235","14","23437422"
"chr2","24658138","24658259","chrX","77433385","77433506","13","52775247"
"chr2","24658563","24658715","chr14","21056651","21056807","20","3601912"
"chr2","24674596","24674728","chr11","120280731","120280862","11","95606135"
"chr2","24684914","24685143","chr6","22531033","22531259","38","2153881"
"chr2","24738614","24738928","chr5","34215137","34215446","49","9476523"
"chr2","24791888","24792018","chr1","134679352","134679483","13","109887464"
"chr2","24801699","24801771","chrX","143577633","143577704","14","118775934"
"chr2","24902214","24902507","chr5","14837140","14837438","45","10065074"
"chr2","24943964","24944278","chr6","37361889","37362199","45","12417925"
"chr2","24972866","24973154","chr3","174727021","174727310","44","149754155"
"chr2","25075239","25075541","chr4","110248134","110248433","46","85172895"
"chr2","25075972","25076196","chr2B","36361968","36362189","35","11285996"
"chr2","25093310","25093440","chr7","76613435","76613568","20","51520125"
"chr2","25163643","25163924","chrX","19272662","19272946","51","5890981"
"chr2","25174376","25174687","chr2B","113435987","113436298","44","88261611"
"chr2","25222323","25222572","chr9","35669290","35669566","49","10446967"
"chr2","25311351","25311564","chr1","32927132","32927338","27","7615781"
"chr2","25314806","25315117","chr6","15540011","15540303","61","9774795"
"chr2","25420009","25420277","chr11","68911501","68911760","42","43491492"
"chr2","25457708","25458014","chrX","49557173","49557482","49","24099465"
"chr2","25593652","25593820","chr9","94294222","94294384","41","68700570"
"chr2","25664646","25664943","chr2B","111648654","111648951","44","85984008"
"chr2","25749826","25750100","chr5","17607600","17607862","39","8142226"
"chr2","25755118","25755426","chr3","176995322","176995626","46","151240204"
"chr2","25787112","25787282","chrX","45068833","45069000","31","19281721"
"chr2","25789699","25789813","chr12","78930624","78930738","14","53140925"
"chr2","25832705","25832995","chr11","66466976","66467270","41","40634271"
"chr2","25853670","25853945","chr9","87382451","87382724","39","61528781"
"chr2","25859882","25860174","chr16","61870246","61870540","43","36010364"
"chr2","25911545","25911847","chr14","60651660","60651957","38","34740115"
"chr2","25944658","25944955","chrX","155072004","155072300","46","129127346"
"chr2","25989958","25990260","chr19","14847304","14847605","43","11142654"
"chr2","25993351","25993582","chr17","63157587","63157814","34","37164236"
"chr2","26105825","26106126","chr14","64481436","64481736","49","38375611"
"chr2","26118548","26118874","chr19","4986222","4986544","55","21132326"
"chr2","26127027","26127321","chr5","43240336","43240634","53","17113309"
"chr2","26164762","26165056","chrX","50769255","50769552","50","24604493"
"chr2","26185795","26185930","chrX","376907","377041","19","25808888"
"chr2","26316002","26316312","chr1","13870773","13871068","47","12445229"
"chr2","26344114","26344369","chrX","9679871","9680143","59","16664243"
"chr2","26467982","26468291","chr15","68621917","68622227","43","42153935"
"chr2","26557437","26557738","chr1","9887694","9887990","48","16669743"
"chr2","26631953","26632143","chr12","113629151","113629332","31","86997198"
"chr2","26642997","26643266","chr4","120060977","120061247","57","93417980"
"chr2","26650711","26650854","chr9","36500931","36501077","32","9850220"
"chr2","26650910","26651030","chrX","124256137","124256255","19","97605227"
"chr2","26656546","26656842","chr1","156921438","156921735","41","130264892"
"chr2","26700246","26700383","chr1","215871392","215871529","23","189171146"
"chr2","26748809","26749102","chr7","157137240","157137534","45","130388431"
"chr2","26766942","26767066","chr14","61466119","61466240","23","34699177"
"chr2","26807390","26807558","chr3","49669514","49669679","24","22862124"
"chr2","26816720","26817059","chr8","144557534","144557872","56","117740814"
"chr2","26822161","26822289","chr12","125029903","125030029","27","98207742"
"chr2","26829349","26829647","chr6","31722272","31722564","44","4892923"
"chr2","26876153","26876286","chr12","121630513","121630645","22","94754360"
"chr2","26876582","26876743","chrX","41845481","41845645","36","14968899"
"chr2","26934175","26934460","chr9","78276742","78277022","46","51342567"
"chr2","26950005","26950326","chr2A","6622869","6623180","59","20327136"
"chr2","26955263","26955443","chr6","18189802","18189976","38","8765461"
"chr2","27007359","27007524","chr6","89784869","89785032","34","62777510"
"chr2","27012750","27012962","chr15","29132948","29133173","62","2120198"
"chr2","27132848","27133138","chr19","4527583","4527877","40","22605265"
"chr2","27143942","27144231","chr7","135183311","135183603","51","108039369"
"chr2","27157402","27157687","chr1","216208142","216208425","41","189050740"
"chr2","27157692","27157788","chr5","149882943","149883039","10","122725251"
"chr2","27206947","27207213","chr20","37622298","37622580","47","10415351"
"chr2","27216770","27217071","chr1","23889573","23889871","51","3327197"
"chr2","27247545","27247868","chr5","149980548","149980864","59","122733003"
"chr2","27268401","27268681","chr3","6784482","6784766","37","20483919"
"chr2","27276638","27276724","chr1","115533472","115533562","11","88256834"
"chr2","27285656","27285951","chr1","20451683","20451984","47","6833973"
"chr2","27302019","27302131","chr5","62380121","62380233","15","35078102"
"chr2","27316974","27317259","chr5","151486375","151486658","36","124169401"
"chr2","27331276","27331425","chr1","53578518","53578656","42","26247242"
"chr2","27331731","27331865","chr6","159908310","159908440","22","132576579"
"chr2","27333956","27334253","chr5","150091865","150092161","35","122757909"
"chr2","27344133","27344446","chr22","12243944","12244254","44","15100189"
"chr2","27405901","27406146","chr17","8440436","8440682","33","18965465"
"chr2","27411665","27411969","chr16","75546785","75547086","44","48135120"
"chr2","27433107","27433347","chr6","12870764","12871010","37","14562343"
"chr2","27448821","27449110","chr1","40978393","40978682","38","13529572"
"chr2","27451989","27452266","chrX","49833019","49833295","42","22381030"
"chr2","27491974","27492224","chr11","107975045","107975301","45","80483071"
"chr2","27586271","27586561","chr21","31933268","31933561","38","4346997"
"chr2","27594795","27594942","chr5","150356587","150356735","19","122761792"
"chr2","27601082","27601379","chr2B","100893350","100893645","36","73292268"
"chr2","27638732","27638802","chr16","31351310","31351379","17","3712578"
"chr2","27638985","27639067","chr16","66532531","66532611","14","38893546"
"chr2","27646643","27646942","chr6","141321654","141321950","45","113675011"
"chr2","27653485","27653781","chr17","65359502","65359797","42","37706017"
"chr2","27660224","27660374","chrX","1391589","1391740","28","26268635"
"chr2","27660420","27660537","chr17","27477215","27477339","23","183205"
"chr2","27720674","27720965","chr15","21081230","21081525","39","6639444"
"chr2","27742150","27742468","chr7","56597720","56598029","49","28855570"
"chr2","27800647","27800950","chr11","74178204","74178504","45","46377557"
"chr2","27804395","27804664","chr1","155314621","155314891","34","127510226"
"chr2","27840622","27840918","chr12","119739377","119739678","44","91898755"
"chr2","27911296","27911367","chr10","64803985","64804057","8","36892689"
"chr2","27960614","27960908","chr3","112471384","112471670","51","84510770"
"chr2","27972775","27973002","chr7","105770827","105771054","43","77798052"
"chr2","27991771","27992080","chr8","63849365","63849666","51","35857594"
"chr2","27995038","27995154","chr3","50836150","50836264","13","22841112"
"chr2","28006522","28006795","chr1","27826241","27826514","44","180281"
"chr2","28025494","28025670","chr12","118300422","118300589","32","90274928"
"chr2","28029375","28029678","chr1","25909218","25909523","53","2120157"
"chr2","28034049","28034337","chr17","7395135","7395425","43","20638914"
"chr2","28069152","28069359","chr6","51710484","51710681","38","23641332"
"chr2","28092408","28092578","chr13","1364922","1365089","28","26727486"
"chr2","28093057","28093192","chr9","16136189","16136324","15","11956868"
"chr2","28098999","28099304","chr6","110474486","110474790","42","82375487"
"chr2","28112052","28112362","chr1","184892432","184892742","45","156780380"
"chr2","28114595","28114870","chr2B","125949074","125949355","47","97834479"
"chr2","28115670","28115978","chr1","193132439","193132740","40","165016769"
"chr2","28117512","28117794","chr2B","2582611","2582904","56","25534901"
"chr2","28127079","28127385","chr3","162307473","162307776","38","134180394"
"chr2","28147536","28147639","chr3","49493452","49493553","27","21345916"
"chr2","28165767","28166044","chr9","80745955","80746233","46","52580188"
"chr2","28166073","28166091","chr1","156218844","156218863","2","128052771"
"chr2","28202122","28202398","chr1","15125951","15126230","41","13076171"
"chr2","28202611","28202628","chr8","121908911","121908927","3","93706300"
"chr2","28204980","28205251","chr3","52908431","52908702","46","24703451"
"chr2","28245950","28246260","chr19","8085222","8085532","36","20160728"
"chr2","28300592","28300719","chr11","78078378","78078501","31","49777786"
"chr2","28301251","28301399","chr6","55469065","55469213","16","27167814"
"chr2","28321273","28321567","chr3","15071438","15071730","38","13249835"
"chr2","28379644","28379905","chr4","124359555","124359819","39","95979911"
"chr2","28446013","28446133","chr1","33528323","33528447","32","5082310"
"chr2","28446273","28446415","chr4","7086988","7087129","22","21359285"
"chr2","28574667","28574967","chr3","171270635","171270933","42","142695968"
"chr2","28576546","28576663","chr5","1864180","1864298","11","26712366"
"chr2","28576953","28577132","chr3","80011692","80011869","34","51434739"
"chr2","28627025","28627244","chr2A","21757601","21757833","52","6869424"
"chr2","28723328","28723624","chr4","172504170","172504467","47","143780842"
"chr2","28771495","28771790","chr1","216543638","216543933","39","187772143"
"chr2","28847661","28847798","chr1","6251115","6251251","18","22596546"
"chr2","28848099","28848272","chr10","16727993","16728159","32","12120106"
"chr2","28861145","28861452","chr5","61155278","61155587","34","32294133"
"chr2","28990488","28990808","chr5","34215137","34215446","48","5224649"
"chr2","29032347","29032633","chr2B","124977630","124977912","35","95945283"
"chr2","29067724","29067867","chr14","41068194","41068337","49","12000470"
"chr2","29068353","29068480","chr5","61540380","61540504","18","32472027"
"chr2","29068944","29069234","chr5","107409398","107409687","44","78340454"
"chr2","29090489","29090754","chr21","23580060","23580330","50","5510429"
"chr2","29107856","29108158","chr4","95929703","95930002","47","66821847"
"chr2","29113522","29113638","chrX","23325027","23325143","20","5788495"
"chr2","29128556","29128857","chr19","13115155","13115450","55","16013401"
"chr2","29169947","29170227","chr19","46347364","46347644","45","17177417"
"chr2","29173337","29173635","chr2B","8672860","8673162","48","20500477"
"chr2","29206126","29206437","chr8","145720592","145720899","38","116514466"
"chr2","29236133","29236433","chr9","11729580","11729878","40","17506553"
"chr2","29245319","29245622","chrX","114598712","114599016","38","85353393"
"chr2","29311234","29311526","chr3","166800952","166801248","41","137489718"
"chr2","29342930","29343232","chr4","154361154","154361455","35","125018224"
"chr2","29361804","29362132","chr5","34215137","34215446","50","4853333"
"chr2","29380521","29380827","chr1","90913354","90913656","43","61532833"
"chr2","29382320","29382605","chr8","20598859","20599152","43","8783461"
"chr2","29399552","29399848","chr10","132475198","132475495","39","103075646"
"chr2","29456595","29456866","chr8","21570864","21571139","50","7885731"
"chr2","29472182","29472486","chr10","60315423","60315716","44","30843241"
"chr2","29473567","29473834","chr14","87155869","87156137","42","57682302"
"chr2","29474783","29475091","chr5","34215137","34215446","34","4740354"
"chr2","29476773","29476906","chr11","65700336","65700469","11","36223563"
"chr2","29477200","29477358","chr12","117094551","117094708","32","87617351"
"chr2","29491445","29491751","chr6","103381688","103381987","50","73890243"
"chr2","29496641","29496770","chr1","35559881","35560012","13","6063240"
"chr2","29500532","29500829","chr2B","134493045","134493342","35","104992513"
"chr2","29515048","29515346","chr8","9756252","9756551","41","19758796"
"chr2","29520310","29520541","chr6","161266039","161266264","35","131745729"
"chr2","29523234","29523560","chr5","152315036","152315336","63","122791802"
"chr2","29524465","29524778","chr5","152316107","152316410","51","122791642"
"chr2","29528948","29529221","chr1","7595110","7595386","48","21933838"
"chr2","29531749","29531873","chr7","5606987","5607114","18","23924762"
"chr2","29532114","29532242","chr19","32515543","32515675","13","2983429"
"chr2","29536973","29537271","chr10","35012509","35012807","36","5475536"
"chr2","29537840","29537967","chr6","156189946","156190077","16","126652106"
"chr2","29539449","29539727","chr11","96243028","96243304","43","66703579"
"chr2","29540571","29540854","chr2B","107894585","107894874","45","78354014"
"chr2","29547282","29547423","chr22","2835336","2835476","25","26711946"
"chr2","29547761","29547921","chr2B","16492410","16492571","21","13055351"
"chr2","29555955","29556069","chr6","91723632","91723748","12","62167677"
"chr2","29567557","29567827","chr6","109143073","109143350","36","79575516"
"chr2","29570428","29570558","chr1","36509687","36509822","18","6939259"
"chr2","29576752","29577040","chr6","48058765","48059050","40","18482013"
"chr2","29582432","29582731","chr3","42788373","42788672","36","13205941"
"chr2","29590845","29590993","chr16","23960338","23960492","27","5630507"
"chr2","29615538","29615843","chr10","50297952","50298253","40","20682414"
"chr2","29616036","29616303","chr13","92720697","92720963","39","63104661"
"chr2","29626113","29626320","chr2A","81593251","81593457","32","51967138"
"chr2","29627873","29628187","chr9","87143089","87143400","48","57515216"
"chr2","29635984","29636281","chrX","133347328","133347631","48","103711344"
"chr2","29638291","29638583","chr18","6290781","6291080","47","23347510"
"chr2","29656578","29656874","chr5","32670837","32671134","37","3014259"
"chr2","29661494","29661795","chr5","58994351","58994653","48","29332857"
"chr2","29663140","29663398","chr9","92295432","92295689","50","62632292"
"chr2","29665724","29666007","chr5","161176552","161176842","38","131510828"
"chr2","29674175","29674466","chr2B","16744131","16744428","48","12930044"
"chr2","29681918","29682001","chr1","109139016","109139099","7","79457098"
"chr2","29698419","29698529","chr4","44883709","44883822","19","15185290"
"chr2","29699609","29699794","chr16","61549638","61549820","34","31850029"
"chr2","29711511","29711631","chr21","27339681","27339805","11","2371830"
"chr2","29719704","29719994","chr18","11984693","11984971","45","17735011"
"chr2","29724903","29725184","chrX","81520198","81520482","41","51795295"
"chr2","29726931","29727222","chr4","93828554","93828847","34","64101623"
"chr2","29728684","29729001","chr7","104400689","104400997","40","74672005"
"chr2","29733135","29733259","chr8","86866097","86866223","18","57132962"
"chr2","29739940","29740248","chr13","83283511","83283816","42","53543571"
"chr2","29742382","29742513","chr5","117908627","117908759","14","88166245"
"chr2","29743892","29744022","chr7","65318509","65318638","23","35574617"
"chr2","29752505","29752650","chr10","29633018","29633159","29","119487"
"chr2","29753920","29754191","chr10","6465058","6465328","45","23288862"
"chr2","29765607","29765723","chr16","29431259","29431372","13","334348"
"chr2","29778434","29778517","chr1","28753545","28753625","13","1024889"
"chr2","29785283","29785297","chr1","164372032","164372043","7","134586749"
"chr2","29785553","29785692","chr3","199484334","199484470","19","169698781"
"chr2","29808004","29808177","chr19","9461999","9462179","32","20346005"
"chr2","29813813","29814067","chr4","124305318","124305578","51","94491505"
"chr2","29855670","29855906","chrX","100915985","100916220","35","71060315"
"chr2","29855907","29856076","chr1","111333318","111333474","37","81477411"
"chr2","29856372","29856491","chr19","57270139","57270258","11","27413767"
"chr2","29865526","29865652","chr3","115180873","115181000","16","85315347"
"chr2","29875920","29876049","chr14","12485207","12485337","11","17390713"
"chr2","29899550","29899675","chr14","12485207","12485337","18","17414343"
"chr2","29936500","29936613","chr10","93726615","93726738","19","63790115"
"chr2","29954366","29954594","chr16","9468099","9468321","32","20486267"
"chr2","29962562","29962884","chr5","19875159","19875474","56","10087403"
"chr2","29980011","29980319","chr12","119739377","119739678","46","89759366"
"chr2","29983536","29983839","chr5","152744356","152744654","34","122760820"
"chr2","30014052","30014352","chr12","1564170","1564473","54","28449882"
"chr2","30133532","30133818","chr3","74424340","74424617","41","44290808"
"chr2","30186270","30186574","chr6","23131608","23131906","39","7054662"
"chr2","30243031","30243311","chr6","137975542","137975819","56","107732511"
"chr2","30257992","30258268","chr3","48166508","48166786","40","17908516"
"chr2","30285997","30286113","chr5","54133125","54133234","20","23847128"
"chr2","30297341","30297436","chr10","7566684","7566792","21","22730657"
"chr2","30297457","30297640","chr1","203553629","203553809","28","173256172"
"chr2","30303935","30304246","chr7","139963807","139964112","35","109659872"
"chr2","30310842","30311141","chr1","23689077","23689373","45","6621765"
"chr2","30326065","30326367","chr6","110474486","110474790","41","80148421"
"chr2","30338556","30338849","chr5","23145755","23146050","37","7192801"
"chr2","30356221","30356478","chr17","18600449","18600707","35","11755772"
"chr2","30360379","30360680","chrX","134886708","134887013","36","104526329"
"chr2","30389763","30390074","chr5","118351918","118352225","44","87962155"
"chr2","30436202","30436490","chr5","153211974","153212268","39","122775772"
"chr2","30442203","30442480","chr3","87051108","87051376","51","56608905"
"chr2","30473791","30474086","chr18","48300559","48300865","54","17826768"
"chr2","30484788","30485070","chr14","10202994","10203275","39","20281794"
"chr2","30586459","30586716","chr1","19467796","19468052","47","11118663"
"chr2","30617904","30618217","chr6","6614850","6615159","45","24003054"
"chr2","30636100","30636408","chr1","135275847","135276149","37","104639747"
"chr2","30807679","30807972","chr19","32205708","32206006","45","1398029"
"chr2","30823989","30824267","chr3","45969189","45969484","51","15145200"
"chr2","30836203","30836494","chr2B","112367415","112367706","44","81531212"
"chr2","30853832","30853964","chrX","144059797","144059929","10","113205965"
"chr2","30894669","30894961","chr1","181798990","181799282","38","150904321"
"chr2","30908225","30908530","chr3","167026370","167026673","55","136118145"
"chr2","30928237","30928418","chr3","53513419","53513609","48","22585182"
"chr2","30979141","30979410","chrX","9679871","9680143","41","21299270"
"chr2","31008326","31008633","chr1","189738974","189739283","41","158730648"
"chr2","31009950","31010089","chrX","104964502","104964651","31","73954552"
"chr2","31010392","31010530","chr11","108325768","108325906","16","77315376"
"chr2","31013915","31014085","chr8","16700000","16700163","29","14313915"
"chr2","31014393","31014527","chr18","57285188","57285322","15","26270795"
"chr2","31023366","31023654","chr5","117726710","117727007","38","86703344"
"chr2","31029471","31029774","chr6","11232610","11232912","42","19796861"
"chr2","31031631","31031754","chr9","45252398","45252520","15","14220767"
"chr2","31032026","31032170","chr5","35633795","35633931","23","4601769"
"chr2","31034286","31034326","chr17","4738320","4738360","6","26295966"
"chr2","31034635","31034792","chr1","135795439","135795597","25","104760804"
"chr2","31044913","31045224","chr3","121038671","121038982","35","89993758"
"chr2","31046204","31046453","chr1","57158493","57158745","41","26112289"
"chr2","31050040","31050321","chr12","10361840","10362122","38","20688200"
"chr2","31059426","31059736","chr19","8085222","8085532","35","22974204"
"chr2","31062010","31062317","chr9","100689372","100689667","47","69627362"
"chr2","31065956","31066293","chr9","100142993","100143334","85","69077037"
"chr2","31077383","31077695","chr7","67573264","67573569","40","36495881"
"chr2","31079479","31079646","chr7","1712005","1712171","25","29367474"
"chr2","31092577","31092711","chr11","46619610","46619743","20","15527033"
"chr2","31093004","31093168","chr19","7251575","7251742","26","23841429"
"chr2","31097171","31097470","chr9","64581038","64581336","34","33483867"
"chr2","31105962","31106081","chr11","68081085","68081207","15","36975123"
"chr2","31107765","31108062","chr22","14322903","14323197","48","16784862"
"chr2","31112266","31112558","chr5","3555112","3555408","55","27557154"
"chr2","31116763","31116924","chr19","7251575","7251742","25","23865188"
"chr2","31116925","31117229","chr10","32696099","32696398","33","1579174"
"chr2","31117230","31117371","chr20","32813654","32813796","20","1696424"
"chr2","31119226","31119522","chr8","101544594","101544890","36","70425368"
"chr2","31121315","31121611","chr3","38955861","38956158","42","7834546"
"chr2","31129110","31129410","chr16","38878286","38878581","35","7749176"
"chr2","31133649","31133958","chr1","135262025","135262335","43","104128376"
"chr2","31136493","31136794","chr1","193132439","193132740","33","161995946"
"chr2","31144800","31145092","chr4","135442165","135442454","51","104297365"
"chr2","31145234","31145289","chr12","88820903","88820964","13","57675669"
"chr2","31169794","31169961","chr19","7251575","7251742","23","23918219"
"chr2","31169962","31170255","chr19","4574810","4575104","36","26595152"
"chr2","31170509","31170639","chr19","33950985","33951117","16","2780476"
"chr2","31173070","31173362","chr7","77548302","77548597","39","46375232"
"chr2","31186426","31186722","chr21","30728930","30729226","48","457496"
"chr2","31193421","31193559","chr16","2339546","2339664","41","28853875"
"chr2","31210605","31210889","chr5","122716526","122716809","41","91505921"
"chr2","31214013","31214299","chr6","48058765","48059050","35","16844752"
"chr2","31215683","31216006","chr10","12478771","12479089","49","18736912"
"chr2","31225428","31225734","chr4","100059912","100060216","46","68834484"
"chr2","31229443","31229720","chr1","159675346","159675637","51","128445903"
"chr2","31231417","31231546","chr6","33902335","33902470","14","2670918"
"chr2","31250586","31250721","chr5","122772139","122772275","20","91521553"
"chr2","31251015","31251185","chr15","23369148","23369315","26","7881867"
"chr2","31259365","31259667","chr5","117956839","117957144","38","86697474"
"chr2","31267714","31267840","chr22","18866521","18866643","29","12401193"
"chr2","31273954","31274128","chr13","49967984","49968133","50","18694030"
"chr2","31274188","31274313","chr7","45451556","45451677","11","14177368"
"chr2","31292599","31292911","chr1","144093829","144094140","42","112801230"
"chr2","31317936","31318073","chr1","1543282","1543416","23","29774654"
"chr2","31319012","31319287","chr1","224782102","224782369","49","193463090"
"chr2","31324744","31324803","chr3","50455586","50455646","8","19130842"
"chr2","31362195","31362504","chrX","18090635","18090935","48","13271560"
"chr2","31362507","31362791","chr16","15815088","15815355","56","15547419"
"chr2","31369413","31369496","chr7","63653858","63653941","12","32284445"
"chr2","31375281","31375570","chrX","154613046","154613335","44","123237765"
"chr2","31376953","31377112","chr19","17783643","17783802","25","13593310"
"chr2","31377420","31377555","chr1","181816541","181816676","14","150439121"
"chr2","31393448","31393742","chr4","40463693","40463988","33","9070245"
"chr2","31394491","31394788","chr9","113723652","113723953","37","82329161"
"chr2","31398632","31398795","chr16","4802039","4802196","35","26596593"
"chr2","31399092","31399107","chr4","577947","577960","5","30821145"
"chr2","31399404","31399564","chr1","6274460","6274621","33","25124944"
"chr2","31400445","31400657","chr18","68087239","68087452","35","36686794"
"chr2","31403745","31404027","chr5","44511404","44511670","63","13107659"
"chr2","31405543","31405848","chr11","62726767","62727069","39","31321224"
"chr2","31408447","31408580","chr3","48205918","48206052","15","16797471"
"chr2","31412195","31412323","chr2B","28282642","28282770","16","3129553"
"chr2","31417218","31417498","chr18","23941850","23942132","42","7475368"
"chr2","31419790","31420061","chr1","39957223","39957497","53","8537433"
"chr2","31440988","31441278","chr5","118146263","118146569","49","86705275"
"chr2","31443138","31443276","chr17","7462952","7463084","33","23980186"
"chr2","31446047","31446323","chr1","207941442","207941741","53","176495395"
"chr2","31457676","31457811","chr5","134481718","134481853","17","103024042"
"chr2","31458106","31458277","chrX","77440551","77440724","25","45982445"
"chr2","31460629","31460755","chr6","152523098","152523230","19","121062469"
"chr2","31466058","31466189","chr14","67335287","67335411","29","35869229"
"chr2","31468148","31468276","chrX","42325828","42325954","18","10857680"
"chr2","31468311","31468448","chr17","77467298","77467448","38","45998987"
"chr2","31472778","31473070","chr13","22589329","22589621","37","8883449"
"chr2","31473090","31473377","chr9","47997131","47997418","49","16524041"
"chr2","31476497","31476795","chr2A","81433179","81433491","44","49956682"
"chr2","31484559","31484811","chr3","33405226","33405477","40","1920667"
"chr2","31495440","31495700","chr8","4739306","4739572","40","26756134"
"chr2","31501612","31501796","chr12","15570895","15571084","50","15930717"
"chr2","31507724","31507872","chr14","61472650","61472803","27","29964926"
"chr2","31510697","31510862","chr10","117965413","117965578","26","86454716"
"chr2","31511175","31511310","chr5","38957611","38957744","16","7446436"
"chr2","31512549","31512680","chr2A","89720579","89720711","16","58208030"
"chr2","31514012","31514307","chr15","77995336","77995623","49","46481324"
"chr2","31518358","31518667","chr2B","115960013","115960319","44","84441655"
"chr2","31525468","31525598","chr1","10043533","10043661","17","21481935"
"chr2","31531828","31531980","chr1","126887353","126887504","27","95355525"
"chr2","31538493","31538624","chr2B","96120242","96120374","16","64581749"
"chr2","31538952","31539112","chrX","69931574","69931735","23","38392622"
"chr2","31539308","31539447","chr10","26157424","26157565","31","5381884"
"chr2","31539448","31539724","chr1","62601421","62601701","37","31061973"
"chr2","31550421","31550544","chr2A","74412437","74412551","43","42862016"
"chr2","31556924","31557077","chr12","117094551","117094708","30","85537627"
"chr2","31557369","31557513","chr16","28890774","28890909","26","2666595"
"chr2","31559620","31559742","chr9","45252398","45252520","9","13692778"
"chr2","31561076","31561280","chr13","19831640","19831847","32","11729436"
"chr2","31562026","31562070","chr9","66361915","66361965","14","34799889"
"chr2","31562131","31562314","chr1","181488857","181489035","34","149926726"
"chr2","31562611","31562745","chr3","8501615","8501750","16","23060996"
"chr2","31563826","31564136","chrX","7326681","7326981","47","24237145"
"chr2","31576963","31577082","chr1","227439358","227439480","22","195862395"
"chr2","31577378","31577520","chr15","68757020","68757156","30","37179642"
"chr2","31580303","31580502","chr9","74819531","74819730","31","43239228"
"chr2","31585082","31585195","chr8","63631723","63631835","13","32046641"
"chr2","31596188","31596484","chr1","212745117","212745410","38","181148929"
"chr2","31609535","31609831","chr9","107563021","107563319","39","75953486"
"chr2","31612329","31612474","chr6","55469065","55469213","19","23856736"
"chr2","31616480","31616768","chr9","117733372","117733651","44","86116892"
"chr2","31616782","31617075","chr22","21330925","21331225","35","10285857"
"chr2","31618887","31619190","chr3","37995726","37996032","41","6376839"
"chr2","31628153","31628279","chr8","136206618","136206749","22","104578465"
"chr2","31630876","31631033","chr16","58627599","58627756","39","26996723"
"chr2","31643612","31643770","chr8","95294311","95294464","40","63650699"
"chr2","31644309","31644597","chr19","56414489","56414783","42","24770180"
"chr2","31662102","31662415","chr12","68476206","68476510","42","36814104"
"chr2","31663077","31663220","chr18","70421327","70421466","24","38758250"
"chr2","31670272","31670538","chr20","4032117","4032379","49","27638155"
"chr2","31674292","31674624","chr3","187532425","187532732","55","155858133"
"chr2","31688342","31688634","chr15","45049171","45049461","36","13360829"
"chr2","31706059","31706322","chr5","158752778","158753055","45","127046719"
"chr2","31727437","31727569","chr1","43575114","43575246","14","11847677"
"chr2","31727874","31728176","chrX","68914193","68914496","46","37186319"
"chr2","31734038","31734325","chrX","13559368","13559655","36","18174670"
"chr2","31741813","31742085","chr6","17746086","17746357","54","13995727"
"chr2","31777289","31777375","chr5","21131606","21131694","12","10645683"
"chr2","31861715","31862043","chr5","118528395","118528711","54","86666680"
"chr2","31862665","31862937","chr5","118529329","118529607","38","86666664"
"chr2","32040004","32040091","chr17","1090991","1091080","11","30949013"
"chr2","32040266","32040468","chr6","38041063","38041269","33","6000797"
"chr2","32087495","32087788","chr21","33605699","33605991","34","1518204"
"chr2","32200094","32200372","chr6","39813382","39813664","40","7613288"
"chr2","32242924","32243216","chr14","57299150","57299446","44","25056226"
"chr2","32346003","32346300","chr2A","83479972","83480269","40","51133969"
"chr2","32360071","32360324","chr16","1445822","1446088","45","30914249"
"chr2","32371532","32371835","chr19","18189585","18189884","45","14181947"
"chr2","32420217","32420526","chrX","133347328","133347631","35","100927111"
"chr2","32540875","32541179","chr10","112173525","112173839","37","79632650"
"chr2","32583857","32584168","chr16","10987077","10987387","41","21596780"
"chr2","32584741","32584924","chr12","94197036","94197216","34","61612295"
"chr2","32585145","32585160","chr1","44160930","44160944","2","11575785"
"chr2","32681064","32681322","chr17","9515169","9515428","39","23165895"
"chr2","32757080","32757317","chr4","161387162","161387396","48","128630082"
"chr2","32800178","32800280","chr3","161211314","161211411","17","128411136"
"chr2","32800768","32800902","chr5","34455007","34455142","17","1654239"
"chr2","32884724","32884956","chr3","44332577","44332801","37","11447853"
"chr2","32909643","32909933","chrX","119232132","119232423","37","86322489"
"chr2","32958814","32959107","chr5","23609582","23609872","39","9349232"
"chr2","32985595","32985765","chr19","7251575","7251742","28","25734020"
"chr2","32985787","32985920","chr3","48894595","48894727","24","15908808"
"chr2","33155919","33156212","chr12","19764192","19764488","43","13391727"
"chr2","33161303","33161409","chr5","71662296","71662397","21","38500993"
"chr2","33183870","33184039","chr7","57866494","57866662","31","24682624"
"chr2","33237263","33237338","chr15","44855348","44855422","20","11618085"
"chr2","33394287","33394576","chr20","51359328","51359610","43","17965041"
"chr2","33549440","33549715","chr2B","64155275","64155555","36","30605835"
"chr2","33553798","33554078","chr9","58725251","58725533","32","25171453"
"chr2","33554158","33554181","chr6","113047033","113047053","4","79492875"
"chr2","33767595","33767787","chr9","112998337","112998527","40","79230742"
"chr2","33767818","33767939","chr13","55603547","55603667","15","21835729"
"chr2","33888384","33888679","chr6","70842264","70842560","48","36953880"
"chr2","33924939","33925151","chr12","110181868","110182091","44","76256929"
"chr2","33948307","33948605","chr9","71736676","71736971","40","37788369"
"chr2","34049931","34050266","chr6","37930870","37931181","62","3880939"
"chr2","34069306","34069596","chr4","120383670","120383963","38","86314364"
"chr2","34145433","34145729","chr2A","44428523","44428819","38","10283090"
"chr2","34152791","34153083","chr6","57030350","57030643","59","22877559"
"chr2","34227892","34228182","chr6","42303","42592","47","34185589"
"chr2","34327322","34327492","chr1","158656611","158656779","30","124329289"
"chr2","34327516","34327553","chr10","22595945","22595982","9","11731571"
"chr2","34381708","34381993","chr9","80122916","80123197","52","45741208"
"chr2","34387682","34387991","chr5","123198076","123198384","41","88810394"
"chr2","34406603","34406912","chr10","106915201","106915507","45","72508598"
"chr2","34478182","34478478","chr11","60516829","60517122","45","26038647"
"chr2","34504274","34504583","chr17","87468445","87468755","30","52964171"
"chr2","34580456","34580769","chr5","121208189","121208489","57","86627733"
"chr2","34587257","34587364","chr4","2729171","2729279","17","31858086"
"chr2","34638646","34638932","chr12","64044714","64045000","45","29406068"
"chr2","34653912","34654161","chr5","19793729","19793983","42","14860183"
"chr2","34696101","34696222","chr10","107898843","107898965","23","73202742"
"chr2","34696519","34696686","chr8","67783104","67783272","26","33086585"
"chr2","34746847","34747145","chr19","14847304","14847605","48","19899543"
"chr2","34775402","34775715","chr5","34215137","34215446","35","560265"
"chr2","34781117","34781245","chr21","31662246","31662382","21","3118871"
"chr2","34789305","34789384","chr5","39315402","39315477","14","4526097"
"chr2","34789476","34789603","chr12","108654629","108654764","21","73865153"
"chr2","34797276","34797584","chr19","14638514","14638815","70","20158762"
"chr2","34800754","34800849","chr12","103834727","103834824","19","69033973"
"chr2","34813843","34813962","chr2B","93204365","93204488","10","58390522"
"chr2","34814024","34814204","chr11","134371526","134371706","21","99557502"
"chr2","34814624","34814904","chr2A","68320762","68321054","46","33506138"
"chr2","34836665","34836952","chr11","9392301","9392584","61","25444364"
"chr2","34861843","34862139","chr16","48015061","48015360","38","13153218"
"chr2","34867963","34868249","chr20","21716901","21717194","48","13151062"
"chr2","34878909","34879024","chr1","69272916","69273038","24","34394007"
"chr2","34884141","34884304","chr3","172654930","172655092","31","137770789"
"chr2","34884611","34884745","chrX","23976572","23976706","10","10908039"
"chr2","34889017","34889303","chr5","121514559","121514855","42","86625542"
"chr2","34891978","34892265","chr22","1068009","1068297","42","33823969"
"chr2","34894963","34895098","chr7","72985934","72986072","11","38090971"
"chr2","34895099","34895395","chr8","101544594","101544890","31","66649495"
"chr2","34895396","34895557","chr2B","16492410","16492571","23","18402986"
"chr2","34895873","34895963","chr2A","32444781","32444871","13","2451092"
"chr2","34900640","34900947","chr3","39964527","39964830","45","5063887"
"chr2","34912731","34913019","chr5","115673180","115673471","43","80760449"
"chr2","34919498","34919793","chr9","11929816","11930113","43","22989682"
"chr2","34926799","34927085","chr1","9683728","9684022","48","25243071"
"chr2","34944575","34944726","chr6","68155717","68155870","23","33211142"
"chr2","34958403","34958565","chr12","30393770","30393933","25","4564633"
"chr2","34958872","34959012","chr2B","108880059","108880194","17","73921187"
"chr2","34967688","34967972","chr14","10182885","10183165","46","24784803"
"chr2","34971593","34971790","chr10","108962279","108962478","29","73990686"
"chr2","34982967","34983119","chr14","21056651","21056807","24","13926316"
"chr2","34983411","34983429","chr5","13653302","13653319","8","21330109"
"chr2","34983460","34983715","chr22","7452485","7452745","55","27530975"
"chr2","34983716","34983852","chr3","50071458","50071588","18","15087742"
"chr2","34995123","34995408","chr6","5526957","5527238","58","29468166"
"chr2","34999468","34999561","chr8","125468206","125468299","16","90468738"
"chr2","35001092","35001271","chr15","317248","317431","36","34683844"
"chr2","35001591","35001613","chr3","131751115","131751132","7","96749524"
"chr2","35001910","35002059","chr14","60740471","60740620","26","25738561"
"chr2","35022490","35022623","chr16","25197407","25197546","29","9825083"
"chr2","35022936","35023071","chr19","17984031","17984166","17","17038905"
"chr2","35034390","35034545","chr2A","45128837","45128993","32","10094447"
"chr2","35041100","35041267","chr18","4219736","4219903","24","30821364"
"chr2","35041563","35041705","chr3","187533947","187534083","24","152492384"
"chr2","35041903","35042203","chr5","156096954","156097256","37","121055051"
"chr2","35058573","35058687","chr1","164359318","164359426","20","129300745"
"chr2","35058991","35059145","chr12","11765522","11765680","28","23293469"
"chr2","35067261","35067381","chr19","1796865","1796986","19","33270396"
"chr2","35084707","35084995","chr20","33125953","33126241","42","1958754"
"chr2","35097814","35097950","chr19","17984031","17984166","14","17113783"
"chr2","35099983","35100274","chr8","47619379","47619670","42","12519396"
"chr2","35103490","35103630","chr2A","97335608","97335744","20","62232118"
"chr2","35103935","35104099","chr12","11765522","11765680","33","23338413"
"chr2","35108785","35109123","chr12","123824638","123824973","74","88715853"
"chr2","35117361","35117641","chr10","84923002","84923283","47","49805641"
"chr2","35120011","35120312","chr5","121746526","121746821","41","86626515"
"chr2","35121051","35121238","chr12","37388052","37388205","54","2267001"
"chr2","35121272","35121441","chr1","223140108","223140272","23","188018836"
"chr2","35121451","35121805","chr15","72662310","72662661","74","37540859"
"chr2","35124229","35124533","chr3","143834818","143835123","43","108710589"
"chr2","35130966","35131259","chr8","9756252","9756551","37","25374714"
"chr2","35135484","35135775","chr5","121761210","121761511","43","86625726"
"chr2","35141377","35141493","chr22","28571376","28571500","16","6570001"
"chr2","35162729","35162922","chr9","94457208","94457398","28","59294479"
"chr2","35166407","35166586","chrX","45022211","45022388","32","9855804"
"chr2","35166936","35166959","chr1","46135846","46135868","7","10968910"
"chr2","35191717","35192012","chr18","2899079","2899377","38","32292638"
"chr2","35198075","35198364","chr5","40662770","40663064","34","5464695"
"chr2","35202852","35202988","chr1","93487279","93487413","13","58284427"
"chr2","35203282","35203434","chr1","11393847","11394002","38","23809435"
"chr2","35211333","35211607","chr5","121828011","121828268","42","86616678"
"chr2","35223747","35223885","chr3","121563186","121563322","21","86339439"
"chr2","35224174","35224309","chr9","111117898","111118031","18","75893724"
"chr2","35237715","35238026","chr14","24107759","24108065","40","11129956"
"chr2","35238502","35238801","chr5","121865977","121866274","48","86627475"
"chr2","35250661","35250889","chrX","40490636","40490870","33","5239975"
"chr2","35255482","35255752","chr8","8766127","8766385","41","26489355"
"chr2","35265622","35265719","chr4","146736814","146736913","23","111471192"
"chr2","35266013","35266023","chr1","69109954","69109964","10","33843941"
"chr2","35266267","35266320","chr1","218242753","218242807","6","182976486"
"chr2","35282625","35282725","chr5","39317094","39317196","17","4034469"
"chr2","35286607","35286899","chr22","29322155","29322439","62","5964452"
"chr2","35298898","35299184","chr6","48058765","48059050","44","12759867"
"chr2","35299388","35299517","chr21","23540140","23540272","16","11759248"
"chr2","35299618","35299917","chr10","40962437","40962735","37","5662819"
"chr2","35302433","35302672","chr22","30217949","30218192","39","5084484"
"chr2","35306682","35306970","chr2B","100929351","100929648","40","65622669"
"chr2","35311559","35311857","chr1","23689077","23689373","49","11622482"
"chr2","35320928","35321051","chr18","19712106","19712226","16","15608822"
"chr2","35321360","35321524","chr2B","126543301","126543456","26","91221941"
"chr2","35357179","35357481","chr1","179975802","179976095","45","144618623"
"chr2","35359394","35359689","chr5","6137809","6138108","50","29221585"
"chr2","35365274","35365571","chr1","19175647","19175948","49","16189627"
"chr2","35381543","35381670","chr11","61564923","61565055","18","26183380"
"chr2","35382362","35382544","chr1","114500910","114501088","28","79118548"
"chr2","35382846","35382980","chr1","206397442","206397578","13","171014596"
"chr2","35386124","35386269","chr16","65477857","65477989","28","30091733"
"chr2","35386311","35386436","chr16","41250832","41250958","16","5864521"
"chr2","35404122","35404429","chr16","60364665","60364970","43","24960543"
"chr2","35408259","35408554","chr11","123134506","123134799","41","87726247"
"chr2","35411712","35412004","chr5","122919604","122919896","35","87507892"
"chr2","35414936","35415110","chr13","64450879","64451053","31","29035943"
"chr2","35420546","35420832","chr5","122041247","122041533","57","86620701"
"chr2","35421538","35421670","chr1","17306584","17306717","14","18114954"
"chr2","35421961","35422126","chr12","120337566","120337735","36","84915605"
"chr2","35431142","35431441","chr3","187803297","187803598","42","152372155"
"chr2","35456011","35456160","chr19","18547264","18547407","30","16908747"
"chr2","35456570","35456701","chr17","882599","882733","17","34573971"
"chr2","35457805","35458099","chr3","172708820","172709119","48","137251015"
"chr2","35468960","35469264","chr5","134046647","134046956","44","98577687"
"chr2","35471449","35471758","chr4","86739574","86739882","37","51268125"
"chr2","35474934","35475055","chr11","3639856","3639975","17","31835078"
"chr2","35475095","35475252","chr1","28134172","28134323","35","7340923"
"chr2","35476707","35476890","chr2A","71019302","71019496","40","35542595"
"chr2","35477672","35477953","chrX","46727945","46728224","32","11250273"
"chr2","35478478","35478574","chr3","58825185","58825285","11","23346707"
"chr2","35478850","35479015","chr12","30393770","30393933","18","5085080"
"chr2","35486544","35486837","chr12","6781175","6781470","40","28705369"
"chr2","35503143","35503447","chr11","107357367","107357665","45","71854224"
"chr2","35506410","35506534","chr14","10689504","10689631","19","24816906"
"chr2","35506963","35507236","chr3","163077210","163077474","47","127570247"
"chr2","35519560","35519671","chr20","2676438","2676549","22","32843122"
"chr2","35519928","35520134","chr10","108962279","108962478","33","73442351"
"chr2","35542266","35542564","chr11","33205778","33206081","40","2336488"
"chr2","35542575","35542870","chr16","61706961","61707255","35","26164386"
"chr2","35566947","35567199","chrX","6968143","6968396","31","28598804"
"chr2","35567976","35568146","chr12","132936938","132937110","24","97368962"
"chr2","35568448","35568580","chr17","63306399","63306532","15","27737951"
"chr2","35607553","35607851","chr1","159863957","159864266","57","124256404"
"chr2","35610689","35610902","chr4","36226804","36227010","47","616115"
"chr2","35619161","35619395","chr12","127703153","127703387","46","92083992"
"chr2","35619441","35619748","chr11","113082653","113082951","46","77463212"
"chr2","35623733","35623825","chr3","26048112","26048203","17","9575621"
"chr2","35624116","35624248","chr7","82210564","82210699","18","46586448"
"chr2","35624253","35624350","chr12","32461470","32461569","18","3162783"
"chr2","35625858","35626152","chr10","106061755","106062043","46","70435897"
"chr2","35637417","35637690","chr6","10652005","10652277","52","24985412"
"chr2","35640051","35640210","chr19","15292826","15292983","23","20347225"
"chr2","35640509","35640647","chr5","137588888","137589031","26","101948379"
"chr2","35647415","35647430","chr5","51152999","51153014","3","15505584"
"chr2","35647454","35647562","chrX","41913874","41913986","21","6266420"
"chr2","35655179","35655404","chr17","5202964","5203186","32","30452215"
"chr2","35666481","35666776","chr17","4939601","4939902","39","30726880"
"chr2","35669795","35669926","chr1","71393655","71393787","14","35723860"
"chr2","35711427","35711729","chr1","31136599","31136900","41","4574828"
"chr2","35720090","35720359","chr5","16239905","16240171","45","19480185"
"chr2","35733934","35734201","chr6","75250516","75250779","40","39516582"
"chr2","35734465","35734771","chr13","55373982","55374291","41","19639517"
"chr2","35741257","35741548","chr8","82894963","82895258","36","47153706"
"chr2","35763735","35763871","chr19","48057785","48057919","21","12294050"
"chr2","35770978","35771284","chr7","6539828","6540131","54","29231150"
"chr2","35774157","35774405","chr11","60737632","60737883","63","24963475"
"chr2","35793615","35793749","chr12","9001577","9001712","21","26792038"
"chr2","35798661","35798920","chr15","18727795","18728047","45","17070866"
"chr2","35860618","35860929","chr22","27275098","27275406","38","8585520"
"chr2","35863715","35864004","chr12","122059286","122059576","38","86195571"
"chr2","35901820","35902110","chr1","11658302","11658596","36","24243518"
"chr2","35907419","35907721","chr1","71594329","71594630","54","35686910"
"chr2","35959851","35960136","chr3","188548648","188548932","36","152588797"
"chr2","36004602","36004902","chr5","122633554","122633851","56","86628952"
"chr2","36015179","36015306","chr5","162152105","162152232","20","126136926"
"chr2","36018520","36018566","chr3","189131693","189131741","17","153113173"
"chr2","36031997","36032212","chr7","63292002","63292227","37","27260005"
"chr2","36032986","36033124","chrX","97532721","97532857","28","61499735"
"chr2","36037768","36038063","chr5","24372432","24372725","35","11665336"
"chr2","36057683","36057973","chr1","139828512","139828799","39","103770829"
"chr2","36068856","36068994","chr11","61143946","61144082","16","25075090"
"chr2","36069303","36069469","chr1","15810713","15810878","22","20258590"
"chr2","36069559","36069689","chr2B","89836039","89836169","13","53766480"
"chr2","36078494","36078802","chr2A","2554765","2555069","46","33523729"
"chr2","36084282","36084439","chr14","21056651","21056807","23","15027631"
"chr2","36095854","36096059","chr6","132892430","132892628","39","96796576"
"chr2","36105244","36105436","chrX","31603270","31603451","42","4501974"
"chr2","36105437","36105734","chr10","37180004","37180295","49","1074567"
"chr2","36105735","36105870","chr5","7709860","7709995","19","28395875"
"chr2","36119675","36119779","chr4","190089096","190089195","14","153969421"
"chr2","36122278","36122466","chr10","34990756","34990934","31","1131522"
"chr2","36123292","36123572","chr14","75071261","75071541","46","38947969"
"chr2","36139307","36139481","chr4","40927171","40927344","28","4787864"
"chr2","36140522","36140564","chr1","18840385","18840430","7","17300137"
"chr2","36145647","36145666","chr3","140317508","140317529","2","104171861"
"chr2","36145687","36145830","chr1","63588596","63588741","34","27442909"
"chr2","36145834","36146132","chr11","63463972","63464265","47","27318138"
"chr2","36147202","36147472","chr1","5924792","5925039","69","30222410"
"chr2","36152880","36152981","chr17","33600027","33600123","16","2552853"
"chr2","36162573","36162816","chr6","66464107","66464353","35","30301534"
"chr2","36163281","36163594","chr22","29032170","29032468","55","7131111"
"chr2","36169048","36169306","chr12","106881494","106881745","54","70712446"
"chr2","36169577","36169701","chr12","129453271","129453381","36","93283694"
"chr2","36170114","36170247","chr11","107651036","107651172","19","71480922"
"chr2","36170551","36170700","chr5","7808496","7808645","33","28362055"
"chr2","36171470","36171622","chr21","34657505","34657664","25","1513965"
"chr2","36173163","36173279","chr11","38981580","38981696","14","2808417"
"chr2","36173597","36173815","chr6","83518319","83518534","42","47344722"
"chr2","36175233","36175347","chr5","13612742","13612861","25","22562491"
"chr2","36185923","36186077","chr3","9778050","9778199","23","26407873"
"chr2","36186387","36186517","chr4","39902782","39902912","15","3716395"
"chr2","36192925","36193085","chr17","7576156","7576318","25","28616769"
"chr2","36194414","36194712","chr15","78041904","78042206","39","41847490"
"chr2","36195087","36195361","chr10","96515519","96515797","35","60320432"
"chr2","36204630","36204919","chrX","1084023","1084312","43","35120607"
"chr2","36205567","36205702","chr1","25588253","25588379","40","10617314"
"chr2","36206000","36206147","chr14","89379896","89380040","26","53173896"
"chr2","36213023","36213314","chr7","90150846","90151139","45","53937823"
"chr2","36213432","36213563","chr1","134667182","134667314","18","98453750"
"chr2","36220967","36221186","chr6","123903519","123903727","40","87682552"
"chr2","36235639","36235779","chr12","61757055","61757195","19","25521416"
"chr2","36236084","36236243","chr21","28164935","28165091","26","8071149"
"chr2","36241710","36241950","chr4","36187462","36187711","50","54248"
"chr2","36244662","36244960","chr6","123601115","123601415","49","87356453"
"chr2","36247085","36247377","chr4","71944583","71944875","44","35697498"
"chr2","36252588","36252830","chrX","130116333","130116569","38","93863745"
"chr2","36271280","36271571","chr1","183717374","183717658","45","147446094"
"chr2","36282698","36282992","chr11","66939215","66939510","41","30656517"
"chr2","36284642","36284903","chr10","90269417","90269682","43","53984775"
"chr2","36290086","36290216","chr1","205772785","205772916","14","169482699"
"chr2","36294917","36295034","chr2A","79920910","79921027","11","43625993"
"chr2","36297759","36298054","chr11","9374795","9375091","35","26922964"
"chr2","36303207","36303505","chr19","18836739","18837029","46","17466468"
"chr2","36308237","36308544","chr5","122953595","122953905","37","86645358"
"chr2","36313899","36313981","chr13","3023224","3023303","13","33290675"
"chr2","36321000","36321310","chrX","41798362","41798663","47","5477362"
"chr2","36335543","36335673","chr5","6272328","6272463","32","30063215"
"chr2","36352319","36352436","chr5","24695484","24695602","20","11656835"
"chr2","36364027","36364135","chrX","18290338","18290439","20","18073689"
"chr2","36364414","36364429","chr3","48948261","48948275","5","12583847"
"chr2","36364753","36364923","chr4","124178744","124178902","40","87813991"
"chr2","36373041","36373204","chrX","2480111","2480269","55","33892930"
"chr2","36378256","36378422","chr3","50188262","50188428","43","13810006"
"chr2","36378719","36378853","chr17","7723729","7723862","11","28654990"
"chr2","36381343","36381637","chrX","80320849","80321144","35","43939506"
"chr2","36392355","36392478","chr19","43889194","43889312","20","7496839"
"chr2","36396783","36396906","chr6","28270342","28270463","22","8126441"
"chr2","36397803","36397937","chr13","32006656","32006790","13","4391147"
"chr2","36398231","36398408","chr14","57638840","57639016","32","21240609"
"chr2","36400574","36400710","chr1","157552665","157552805","27","121152091"
"chr2","36401009","36401176","chr1","94094563","94094730","21","57693554"
"chr2","36406933","36407073","chr1","28460320","28460463","19","7946613"
"chr2","36407481","36407613","chr4","45049568","45049705","29","8642087"
"chr2","36416918","36417062","chr4","190089229","190089374","30","153672311"
"chr2","36417375","36417516","chrX","18407608","18407749","16","18009767"
"chr2","36418067","36418199","chr9","111058064","111058199","18","74639997"
"chr2","36434838","36434978","chr4","4340781","4340927","22","32094057"
"chr2","36435244","36435333","chr3","26048112","26048203","15","10387132"
"chr2","36436089","36436223","chr5","162152105","162152232","22","125716016"
"chr2","36438576","36438867","chr8","76202865","76203159","40","39764289"
"chr2","36461456","36461584","chr14","59236568","59236697","13","22775112"
"chr2","36465389","36465515","chr6","109289964","109290086","22","72824575"
"chr2","36470116","36470390","chr15","18693339","18693611","51","17776777"
"chr2","36476450","36476613","chr6","154397207","154397372","24","117920757"
"chr2","36477240","36477367","chr19","4501532","4501666","23","31975708"
"chr2","36484181","36484478","chr12","7817811","7818100","47","28666370"
"chr2","36493745","36494022","chr5","123138235","123138514","37","86644490"
"chr2","36500001","36500129","chr2B","93701131","93701250","22","57201130"
"chr2","36500411","36500548","chr1","30631834","30631969","15","5868577"
"chr2","36501102","36501257","chrX","140021553","140021703","25","103520451"
"chr2","36506884","36507183","chrX","45211712","45211994","53","8704828"
"chr2","36511586","36511892","chr1","23889573","23889871","47","12622013"
"chr2","36527079","36527305","chr18","47466205","47466414","47","10939126"
"chr2","36578777","36578908","chr6","21947905","21948036","14","14630872"
"chr2","36578909","36579046","chr21","31662246","31662382","20","4916663"
"chr2","36579420","36579590","chr7","67609620","67609795","30","31030200"
"chr2","36579591","36579741","chr16","40584544","40584697","34","4004953"
"chr2","36583809","36584057","chr15","13632789","13633039","43","22951020"
"chr2","36601446","36601626","chr5","123242002","123242180","29","86640556"
"chr2","36601920","36602057","chr7","5383144","5383279","15","31218776"
"chr2","36612779","36613076","chr8","9756252","9756551","33","26856527"
"chr2","36615549","36615676","chr6","109289964","109290086","25","72674415"
"chr2","36653967","36654097","chr13","30548336","30548465","18","6105631"
"chr2","36659691","36659873","chr6","18189802","18189976","26","18469889"
"chr2","36660182","36660317","chr9","50373614","50373749","13","13713432"
"chr2","36661935","36662249","chr19","41511058","41511367","65","4849123"
"chr2","36668442","36668736","chr6","91560362","91560663","37","54891920"
"chr2","36725265","36725557","chr4","176677472","176677768","39","139952207"
"chr2","36737616","36737911","chr5","123376461","123376768","52","86638845"
"chr2","36740494","36740765","chr4","196008302","196008572","37","159267808"
"chr2","36823567","36823865","chr13","91667366","91667654","42","54843799"
"chr2","36831400","36831689","chr1","159180870","159181161","46","122349470"
"chr2","36849835","36850164","chr2B","99945275","99945585","53","63095440"
"chr2","36850585","36850876","chr5","24372432","24372725","40","12478153"
"chr2","36862594","36862892","chr7","64966210","64966510","36","28103616"
"chr2","36917314","36917432","chr21","23023866","23023983","12","13893448"
"chr2","36966843","36967139","chr12","114618144","114618428","50","77651301"
"chr2","36982916","36983211","chrX","48363380","48363674","35","11380464"
"chr2","37034660","37034960","chr19","14847304","14847605","39","22187356"
"chr2","37050673","37050884","chr3","33605807","33606012","34","3444866"
"chr2","37052967","37053109","chr1","39415446","39415589","31","2362479"
"chr2","37053422","37053556","chr6","33902335","33902470","13","3151087"
"chr2","37098645","37098934","chr12","36976422","36976712","39","122223"
"chr2","37159411","37159718","chr3","52793738","52794046","49","15634327"
"chr2","37175126","37175400","chr1","52959496","52959777","45","15784370"
"chr2","37180345","37180531","chr8","61430684","61430866","23","24250339"
"chr2","37209590","37209888","chr1","20280960","20281258","41","16928630"
"chr2","37212624","37212700","chr15","77660396","77660468","22","40447772"
"chr2","37212888","37213020","chr1","35559881","35560012","16","1653007"
"chr2","37224947","37225250","chr9","58790609","58790908","52","21565662"
"chr2","37240410","37240542","chr5","138715563","138715697","16","101475153"
"chr2","37249489","37249790","chr5","123865083","123865384","36","86615594"
"chr2","37262381","37262658","chr6","91611491","91611773","38","54349110"
"chr2","37265837","37266114","chr12","3070247","3070522","40","34195590"
"chr2","37276080","37276196","chr3","45629081","45629198","12","8353001"
"chr2","37276220","37276356","chr3","109606542","109606662","52","72330322"
"chr2","37282489","37282798","chr11","56648134","56648436","42","19365645"
"chr2","37285130","37285429","chr2B","1475279","1475574","51","35809851"
"chr2","37296940","37297048","chrX","18290338","18290439","24","19006602"
"chr2","37297049","37297328","chrX","130572622","130572904","40","93275573"
"chr2","37297427","37297578","chr1","16114894","16115042","31","21182533"
"chr2","37305230","37305387","chr14","29833303","29833463","27","7471927"
"chr2","37317980","37318291","chr6","140536057","140536342","59","103218077"
"chr2","37323256","37323574","chr5","123945624","123945932","38","86622368"
"chr2","37332865","37333149","chrX","17982654","17982932","48","19350211"
"chr2","37340917","37341183","chr5","39300175","39300449","41","1959258"
"chr2","37347847","37348145","chr10","112192486","112192781","43","74844639"
"chr2","37349284","37349389","chr4","2729171","2729279","12","34620113"
"chr2","37354090","37354200","chr1","12088602","12088716","23","25265488"
"chr2","37362073","37362318","chr5","123992620","123992858","32","86630547"
"chr2","37364200","37364377","chr9","66395962","66396144","35","29031762"
"chr2","37366537","37366808","chr19","42731204","42731480","47","5364667"
"chr2","37367880","37368155","chr20","30837877","30838154","54","6530003"
"chr2","37385249","37385538","chr10","108950465","108950762","46","71565216"
"chr2","37392851","37393147","chr5","24372432","24372725","36","13020419"
"chr2","37403366","37403665","chr4","151826923","151827220","39","114423557"
"chr2","37403905","37404200","chr1","27210749","27211044","34","10193156"
"chr2","37416207","37416490","chr6","91880875","91881162","47","54464668"
"chr2","37417657","37417948","chr2B","44742855","44743136","46","7325198"
"chr2","37427233","37427523","chr5","124060157","124060452","36","86632924"
"chr2","37468215","37468514","chr5","124101375","124101674","34","86633160"
"chr2","37478417","37478544","chr2A","87484111","87484239","13","50005694"
"chr2","37497134","37497377","chr1","10999752","10999997","40","26497382"
"chr2","37500204","37500408","chr6","46236181","46236386","36","8735977"
"chr2","37510697","37511009","chrX","134233458","134233761","47","96722761"
"chr2","37529772","37530072","chr8","99351021","99351319","37","61821249"
"chr2","37534964","37535263","chr5","42026435","42026733","46","4491471"
"chr2","37574163","37574436","chr1","94804891","94805182","58","57230728"
"chr2","37590308","37590480","chr10","34990756","34990934","33","2599552"
"chr2","37593508","37593802","chr6","136694182","136694473","47","99100674"
"chr2","37593804","37593888","chr13","93581685","93581763","20","55987881"
"chr2","37595933","37596247","chr5","124225871","124226197","62","86629938"
"chr2","37860136","37860301","chr5","124474232","124474404","29","86614096"
"chr2","37933371","37933690","chr6","136855052","136855369","55","98921681"
"chr2","37941998","37942306","chr7","139963807","139964112","41","102021809"
"chr2","37948131","37948360","chr1","51953422","51953648","37","14005291"
"chr2","37956698","37956717","chr6","28387437","28387456","3","9569261"
"chr2","37956741","37957023","chr1","62735629","62735920","46","24778888"
"chr2","37981696","37981969","chr17","2303362","2303633","39","35678334"
"chr2","37983472","37983801","chr5","124594257","124594571","54","86610785"
"chr2","37987027","37987302","chrX","101046940","101047213","41","63059913"
"chr2","38007591","38007901","chr8","126717045","126717351","50","88709454"
"chr2","38016889","38017002","chr3","50836150","50836264","10","12819261"
"chr2","38017042","38017349","chr13","55586827","55587135","42","17569785"
"chr2","38017999","38018290","chr1","38634265","38634555","40","616266"
"chr2","38075431","38075749","chr5","34215137","34215446","45","3860294"
"chr2","38155800","38156103","chr13","9716804","9717101","39","28438996"
"chr2","38172131","38172260","chr14","60537815","60537947","16","22365684"
"chr2","38172607","38172684","chr7","65088911","65088992","16","26916304"
"chr2","38209822","38210119","chr5","62349895","62350189","43","24140073"
"chr2","38216612","38216916","chr8","131323921","131324220","37","93107309"
"chr2","38282348","38282633","chr5","43107490","43107788","56","4825142"
"chr2","38320973","38321277","chr5","124898967","124899274","32","86577994"
"chr2","38360250","38360380","chr14","12485207","12485337","13","25875043"
"chr2","38417369","38417532","chr7","85395718","85395880","25","46978349"
"chr2","38420163","38420308","chr14","57754593","57754744","32","19334430"
"chr2","38420600","38420737","chr1","37708220","37708355","18","712380"
"chr2","38440791","38440925","chr1","23421287","23421422","15","15019504"
"chr2","38441215","38441407","chr4","163585005","163585191","39","125143790"
"chr2","38473383","38473554","chr22","15469198","15469367","22","23004185"
"chr2","38482571","38482869","chr11","33528499","33528794","38","4954072"
"chr2","38505840","38506126","chr11","121117476","121117760","43","82611636"
"chr2","38547222","38547467","chr16","48557044","48557297","45","10009822"
"chr2","38572838","38573102","chrX","16678910","16679170","40","21893928"
"chr2","38594004","38594296","chr15","76754110","76754398","41","38160106"
"chr2","38599816","38599914","chr9","70059064","70059157","16","31459248"
"chr2","38602375","38602673","chr1","33632173","33632471","34","4970202"
"chr2","38611768","38612060","chr8","9756252","9756551","34","28855516"
"chr2","38623819","38624131","chr1","134603700","134604000","44","95979881"
"chr2","38634718","38635017","chr1","20451683","20451984","38","18183035"
"chr2","38638338","38638415","chr2A","63086447","63086523","11","24448109"
"chr2","38649265","38649579","chr8","110818560","110818871","53","72169295"
"chr2","38650449","38650747","chr14","83957275","83957576","47","45306826"
"chr2","38663442","38663736","chr1","44057671","44057979","54","5394229"
"chr2","38672548","38672645","chr1","195201521","195201620","17","156528973"
"chr2","38753479","38753789","chr5","15736521","15736832","42","23016958"
"chr2","38773055","38773184","chr2A","26284704","26284832","18","12488351"
"chr2","38773488","38773671","chr6","146265558","146265736","34","107492070"
"chr2","38779267","38779559","chr2A","19912175","19912470","46","18867092"
"chr2","38809586","38809834","chr1","21776368","21776625","41","17033218"
"chr2","38810290","38810573","chr8","73436709","73436989","50","34626419"
"chr2","38811539","38811756","chr5","4765272","4765501","51","34046267"
"chr2","38814441","38814744","chr12","112232416","112232718","44","73417975"
"chr2","38822610","38822727","chr7","5414295","5414412","10","33408315"
"chr2","38826346","38826643","chr9","50801939","50802239","33","11975593"
"chr2","38885275","38885361","chr1","51233542","51233629","15","12348267"
"chr2","38891491","38891791","chr11","59514310","59514616","41","20622819"
"chr2","38897660","38897976","chr7","158943212","158943520","48","120045552"
"chr2","38916824","38917131","chr7","56523996","56524301","40","17607172"
"chr2","38920414","38920571","chr4","121711952","121712107","21","82791538"
"chr2","38961913","38962192","chr5","59222974","59223258","29","20261061"
"chr2","38969395","38969680","chr1","220859446","220859734","45","181890051"
"chr2","38983408","38983479","chr7","3975584","3975656","7","35007824"
"chr2","38995890","38996197","chr9","76761318","76761626","39","37765428"
"chr2","39006282","39006579","chr5","24372432","24372725","38","14633850"
"chr2","39007980","39008185","chr4","38919830","38920031","26","88150"
"chr2","39025643","39025930","chr3","58256864","58257158","46","19231221"
"chr2","39033217","39033500","chr7","37611793","37612078","44","1421424"
"chr2","39033601","39033705","chr15","16525261","16525359","25","22508340"
"chr2","39041759","39042071","chr3","155546558","155546864","41","116504799"
"chr2","39044388","39044678","chr1","186408673","186408962","45","147364285"
"chr2","39046260","39046390","chr1","71143725","71143868","37","32097465"
"chr2","39060431","39060707","chr9","103387026","103387306","39","64326595"
"chr2","39060731","39060751","chr19","49687247","49687265","4","10626516"
"chr2","39062925","39063189","chr17","4827855","4828124","46","34235070"
"chr2","39066436","39066736","chr3","162307473","162307776","36","123241037"
"chr2","39089785","39090082","chr4","137202145","137202441","43","98112360"
"chr2","39094372","39094669","chr6","150208577","150208872","35","111114205"
"chr2","39103833","39103984","chr5","54901805","54901958","31","15797972"
"chr2","39115981","39116113","chr6","156189946","156190077","17","117073965"
"chr2","39127883","39128187","chr5","38377066","38377372","46","750817"
"chr2","39130283","39130372","chr1","134177293","134177384","15","95047010"
"chr2","39141127","39141428","chr8","101544594","101544890","43","62403467"
"chr2","39147113","39147370","chr1","57158493","57158745","38","18011380"
"chr2","39150747","39151030","chr3","199443194","199443483","41","160292447"
"chr2","39158624","39158908","chr5","125749223","125749504","42","86590599"
"chr2","39164678","39164980","chr13","2865420","2865717","36","36299258"
"chr2","39165362","39165572","chr2A","36711440","36711659","44","2453922"
"chr2","39174318","39174432","chr16","12332334","12332448","11","26841984"
"chr2","39179673","39179983","chr2A","33722872","33723181","42","5456801"
"chr2","39183666","39183797","chr14","45167827","45167959","13","5984161"
"chr2","39192077","39192251","chr12","92526612","92526771","33","53334535"
"chr2","39197049","39197271","chr5","125786325","125786551","28","86589276"
"chr2","39198527","39198833","chr11","117991741","117992049","43","78793214"
"chr2","39201617","39201887","chr3","34261429","34261702","36","4940188"
"chr2","39206583","39206790","chr5","125799153","125799361","38","86592570"
"chr2","39207264","39207550","chr2A","7839490","7839780","48","31367774"
"chr2","39210614","39210751","chr1","27469409","27469546","20","11741205"
"chr2","39211059","39211209","chr6","147767456","147767603","29","108556397"
"chr2","39213830","39214114","chr5","141586938","141587225","39","102373108"
"chr2","39215607","39215835","chr16","9468099","9468321","34","29747508"
"chr2","39233202","39233494","chr14","47119062","47119353","47","7885860"
"chr2","39239990","39240217","chr2A","82388362","82388595","35","43148372"
"chr2","39241126","39241208","chr12","101598875","101598959","22","62357749"
"chr2","39254769","39255074","chr12","112321988","112322290","38","73067219"
"chr2","39261264","39261573","chr8","9756252","9756551","44","29505012"
"chr2","39269461","39269767","chr11","120932649","120932956","36","81663188"
"chr2","39286656","39286954","chr3","58218665","58218964","43","18932009"
"chr2","39294217","39294358","chr2A","99785959","99786090","29","60491742"
"chr2","39294464","39294567","chr5","52569450","52569555","19","13274986"
"chr2","39294873","39295090","chr17","3614784","3614991","43","35680089"
"chr2","39298329","39298608","chr4","201156297","201156580","40","161857968"
"chr2","39302896","39303048","chr5","19129915","19130071","28","20172981"
"chr2","39325973","39326281","chr5","41175513","41175826","50","1849540"
"chr2","39327802","39328075","chr1","212745117","212745410","45","173417315"
"chr2","39346083","39346392","chr10","112173525","112173839","38","72827442"
"chr2","39359674","39359976","chr1","194434051","194434343","55","155074377"
"chr2","39360525","39360836","chr5","24045389","24045700","41","15315136"
"chr2","39370294","39370530","chr6","33918670","33918897","44","5451624"
"chr2","39372425","39372692","chr2A","41856597","41856866","50","2484172"
"chr2","39376203","39376372","chr16","31139057","31139227","22","8237146"
"chr2","39376681","39376698","chr8","23891300","23891314","3","15485381"
"chr2","39384187","39384325","chr12","32603195","32603330","18","6780992"
"chr2","39384482","39384647","chr6","31420225","31420392","21","7964257"
"chr2","39392690","39392880","chr7","71292864","71293056","56","31900174"
"chr2","39393140","39393267","chr1","46966654","46966781","22","7573514"
"chr2","39404905","39405204","chr7","140581858","140582155","43","101176953"
"chr2","39409602","39409877","chr12","124254648","124254922","43","84845046"
"chr2","39409901","39409937","chr7","75485007","75485044","12","36075106"
"chr2","39415502","39415801","chr13","9716804","9717101","39","29698698"
"chr2","39418699","39418980","chr1","179568514","179568795","51","140149815"
"chr2","39421828","39422121","chr5","2973594","2973889","40","36448234"
"chr2","39422718","39422736","chr19","50152527","50152544","3","10729809"
"chr2","39422767","39423052","chr14","52231686","52231970","42","12808919"
"chr2","39437088","39437143","chr9","50783507","50783561","14","11346419"
"chr2","39437555","39437608","chr9","66361915","66361965","18","26924360"
"chr2","39444796","39445104","chr5","126026640","126026942","45","86581844"
"chr2","39455806","39456087","chr8","74535863","74536149","48","35080057"
"chr2","39473405","39473700","chr7","67187505","67187801","33","27714100"
"chr2","39489239","39489541","chr6","18602870","18603168","39","20886369"
"chr2","39495862","39496145","chr2A","68432682","68432970","44","28936820"
"chr2","39524043","39524151","chr4","6113636","6113746","13","33410407"
"chr2","39526621","39526756","chr22","26192366","26192501","14","13334255"
"chr2","39527079","39527244","chr12","29345292","29345463","31","10181787"
"chr2","39572389","39572675","chr5","126158580","126158871","50","86586191"
"chr2","39574522","39574621","chr4","22256879","22256976","21","17317643"
"chr2","39610913","39611216","chr1","36255390","36255687","38","3355523"
"chr2","39624238","39624533","chr8","37227220","37227515","47","2397018"
"chr2","39638958","39639270","chrX","6554744","6555058","68","33084214"
"chr2","39785415","39785713","chr8","107896105","107896406","34","68110690"
"chr2","39798350","39798652","chr7","152799145","152799449","36","113000795"
"chr2","39867833","39868040","chr17","65032954","65033165","47","25165121"
"chr2","39875012","39875291","chr11","123114043","123114321","36","83239031"
"chr2","39877084","39877285","chr5","1720610","1720801","45","38156474"
"chr2","39897473","39897759","chr2A","105754001","105754289","42","65856528"
"chr2","39919057","39919187","chr19","52927688","52927821","23","13008631"
"chr2","40016184","40016491","chr7","156411290","156411591","47","116395106"
"chr2","40074211","40074360","chr5","38624990","38625126","36","1449221"
"chr2","40074669","40074825","chr5","34630329","34630487","27","5444340"
"chr2","40099008","40099319","chr5","126660670","126660979","44","86561662"
"chr2","40100269","40100527","chr7","28074988","28075236","52","12025281"
"chr2","40109888","40110007","chr11","123350008","123350126","15","83240120"
"chr2","40146461","40146761","chr4","172504170","172504467","37","132357709"
"chr2","40168421","40168670","chr12","40003228","40003470","40","165193"
"chr2","40195068","40195361","chr3","125271826","125272116","39","85076758"
"chr2","40270604","40270854","chr5","69760514","69760785","56","29489910"
"chr2","40295695","40295999","chr12","4405405","4405697","57","35890290"
"chr2","40344088","40344271","chr1","10774303","10774480","37","29569785"
"chr2","40400505","40400814","chr4","86739574","86739882","40","46339069"
"chr2","40470036","40470340","chr22","10716043","10716335","55","29753993"
"chr2","40501564","40501842","chr7","154548529","154548808","46","114046965"
"chr2","40528498","40528799","chr9","70101046","70101349","35","29572548"
"chr2","40541225","40541507","chr1","1016435","1016722","46","39524790"
"chr2","40551510","40551795","chrX","48363380","48363674","47","7811870"
"chr2","40568116","40568422","chr1","38036271","38036580","42","2531845"
"chr2","40657913","40658215","chr12","112321988","112322290","49","71664075"
"chr2","40691944","40692257","chr4","93638301","93638614","41","52946357"
"chr2","40734579","40734868","chr1","9683728","9684022","49","31050851"
"chr2","40747775","40748077","chr11","120932649","120932956","40","80184874"
"chr2","40759423","40759591","chr12","98776420","98776589","33","58016997"
"chr2","40759629","40759754","chr10","6721061","6721184","19","34038568"
"chr2","40766693","40766996","chr4","2406945","2407241","43","38359748"
"chr2","40822743","40823031","chr20","57850772","57851068","46","17028029"
"chr2","40872218","40872502","chr12","29806218","29806502","44","11066000"
"chr2","40872677","40872704","chr8","68202385","68202410","3","27329708"
"chr2","41003993","41004336","chr5","127519046","127519392","43","86515053"
"chr2","41011279","41011575","chr17","30003993","30004288","39","11007286"
"chr2","41048813","41049131","chr9","72969163","72969476","56","31920350"
"chr2","41081191","41081476","chr16","68838659","68838946","55","27757468"
"chr2","41160947","41161205","chr5","127660841","127661104","42","86499894"
"chr2","41288154","41288444","chr12","98409406","98409700","54","57121252"
"chr2","41315775","41316071","chr8","101544594","101544890","38","60228819"
"chr2","41427720","41428015","chr3","187525002","187525293","38","146097282"
"chr2","41547275","41547583","chr6","110474486","110474790","52","68927211"
"chr2","41548039","41548331","chr7","106016300","106016595","48","64468261"
"chr2","41588466","41588756","chr11","70634880","70635174","41","29046414"
"chr2","41643520","41643832","chrX","27580585","27580889","57","14062935"
"chr2","41691210","41691504","chr8","103952083","103952379","42","62260873"
"chr2","41742154","41742448","chrX","118285976","118286269","44","76543822"
"chr2","41822000","41822294","chr7","139996539","139996831","43","98174539"
"chr2","41925996","41926181","chr10","116692026","116692201","37","74766030"
"chr2","41926221","41926335","chr8","63010003","63010119","15","21083782"
"chr2","41931302","41931596","chrX","49238016","49238318","46","7306714"
"chr2","41938372","41938655","chr6","79360967","79361252","43","37422595"
"chr2","42005361","42005673","chr6","115699409","115699719","54","73694048"
"chr2","42274251","42274564","chr10","134194927","134195236","58","91920676"
"chr2","42277947","42278282","chr5","128768365","128768689","57","86490418"
"chr2","42331071","42331373","chr17","402201","402508","40","41928870"
"chr2","42332228","42332521","chr4","100603124","100603421","46","58270896"
"chr2","42403848","42404144","chr1","36762989","36763284","40","5640859"
"chr2","42574753","42575047","chr5","63478819","63479117","42","20904066"
"chr2","42624480","42624556","chr20","565630","565707","20","42058850"
"chr2","42872418","42872608","chr20","31601124","31601321","29","11271294"
"chr2","42941192","42941472","chr15","30997544","30997834","51","11943648"
"chr2","42989568","42989886","chr6","142675492","142675801","50","99685924"
"chr2","43010794","43011096","chr5","129424869","129425171","37","86414075"
"chr2","43029108","43029248","chr9","104423938","104424078","22","61394830"
"chr2","43056889","43057198","chr17","74397078","74397389","39","31340189"
"chr2","43118266","43118552","chr2A","78516174","78516471","46","35397908"
"chr2","43118859","43119152","chrX","121099721","121100015","43","77980862"
"chr2","43174797","43175033","chr12","113355389","113355618","45","70180592"
"chr2","43211024","43211310","chr9","69219827","69220118","45","26008803"
"chr2","43247028","43247330","chr16","66585184","66585481","38","23338156"
"chr2","43256818","43257124","chr22","23478312","23478616","36","19778506"
"chr2","43321553","43321708","chr10","106463597","106463750","34","63142044"
"chr2","43326866","43326980","chr1","10090900","10091014","11","33235966"
"chr2","43334475","43334772","chr10","116321066","116321369","49","72986591"
"chr2","43341985","43342292","chr3","162307473","162307776","42","118965488"
"chr2","43348820","43349109","chr5","9963100","9963400","46","33385720"
"chr2","43352113","43352375","chr10","100354316","100354578","45","57002203"
"chr2","43352382","43352621","chr6","22531033","22531259","41","20821349"
"chr2","43357497","43357631","chr5","110285576","110285711","11","66928079"
"chr2","43357632","43357764","chr1","91403002","91403137","13","48045370"
"chr2","43358069","43358219","chr1","209206604","209206753","28","165848535"
"chr2","43361713","43361993","chr5","66298268","66298555","48","22936555"
"chr2","43375337","43375615","chr18","71706264","71706550","45","28330927"
"chr2","43378188","43378476","chr2B","64346219","64346507","40","20968031"
"chr2","43385399","43385575","chr17","25621345","25621530","52","17764054"
"chr2","43385873","43386030","chr6","36357202","36357360","30","7028671"
"chr2","43389984","43390110","chr19","40084302","40084434","16","3305682"
"chr2","43391175","43391475","chr1","179387142","179387449","43","135995967"
"chr2","43392270","43392461","chr11","111929391","111929580","29","68537121"
"chr2","43398799","43399114","chr3","121038671","121038982","43","77639872"
"chr2","43404814","43405112","chr9","114686614","114686907","37","71281800"
"chr2","43409783","43409853","chr6","43830937","43831007","9","421154"
"chr2","43414738","43415036","chr4","181990076","181990376","36","138575338"
"chr2","43415091","43415382","chr9","76710013","76710305","41","33294922"
"chr2","43439079","43439388","chr10","51266666","51266974","47","7827587"
"chr2","43439572","43439883","chr3","50347684","50347993","47","6908112"
"chr2","43443800","43444086","chr20","8902842","8903128","54","34540958"
"chr2","43446720","43447012","chr11","123166971","123167269","64","79720251"
"chr2","43458045","43458329","chr10","139378463","139378746","38","95920418"
"chr2","43458438","43458676","chr21","15290184","15290413","41","28168254"
"chr2","43489770","43490062","chr19","39990462","39990750","41","3499308"
"chr2","43497058","43497339","chr12","118346655","118346946","53","74849597"
"chr2","43539947","43540246","chr9","69335388","69335681","45","25795441"
"chr2","43560007","43560298","chr1","182062341","182062631","40","138502334"
"chr2","43583574","43583820","chr12","126651291","126651527","41","83067717"
"chr2","43595530","43595824","chr5","24372432","24372725","34","19223098"
"chr2","43598809","43598938","chr2B","96120242","96120374","18","52521433"
"chr2","43621554","43621830","chr10","18115494","18115761","53","25506060"
"chr2","43626710","43626876","chr7","2416248","2416416","21","41210462"
"chr2","43639408","43639693","chr7","67109386","67109679","39","23469978"
"chr2","43641739","43641857","chr2A","31658471","31658589","20","11983268"
"chr2","43642322","43642606","chr7","65943588","65943875","39","22301266"
"chr2","43692208","43692473","chr10","90832231","90832515","54","47140023"
"chr2","43704553","43704866","chr5","117742995","117743288","71","74038442"
"chr2","43704941","43705249","chr4","124825886","124826177","56","81120945"
"chr2","43717620","43717932","chr8","59274634","59274943","39","15557014"
"chr2","43733447","43733742","chr18","23025099","23025401","41","20708348"
"chr2","43742000","43742114","chr6","21177782","21177895","18","22564218"
"chr2","43761836","43762127","chr5","130142018","130142308","31","86380182"
"chr2","43811946","43812242","chr3","125068067","125068363","44","81256121"
"chr2","43841332","43841635","chr15","78041904","78042206","47","34200572"
"chr2","43854105","43854234","chr10","6721061","6721184","20","37133044"
"chr2","43976631","43976765","chr12","122949941","122950075","18","78973310"
"chr2","43977819","43977941","chr2A","77713835","77713956","27","33736016"
"chr2","43986129","43986414","chr17","63805578","63805863","47","19819449"
"chr2","44001773","44002079","chr5","38135828","38136129","41","5865945"
"chr2","44045578","44045735","chr1","135795439","135795597","20","91749861"
"chr2","44106062","44106185","chr10","115979660","115979787","21","71873598"
"chr2","44106419","44106584","chr18","18577424","18577586","29","25528995"
"chr2","44132998","44133282","chr5","10545538","10545840","52","33587460"
"chr2","44150842","44151130","chr10","92003264","92003553","39","47852422"
"chr2","44213735","44214032","chr6","45713778","45714072","41","1500043"
"chr2","44382318","44382606","chr5","164460443","164460731","53","120078125"
"chr2","44587722","44587988","chr5","76968698","76968977","55","32380976"
"chr2","44667990","44668283","chr5","40662770","40663064","42","4005220"
"chr2","44683269","44683414","chr1","1097106","1097248","27","43586163"
"chr2","44685450","44685597","chr14","74731528","74731676","32","30046078"
"chr2","44707885","44708181","chr9","94478463","94478762","28","49770578"
"chr2","44717767","44718075","chr20","35550161","35550463","41","9167606"
"chr2","44722154","44722338","chr4","40349029","40349203","31","4373125"
"chr2","44729511","44729764","chrX","12667958","12668224","39","32061553"
"chr2","44750034","44750306","chr17","4961034","4961315","48","39789000"
"chr2","44770698","44770990","chr3","33552856","33553147","41","11217842"
"chr2","44776581","44776749","chr20","55180053","55180219","26","10403472"
"chr2","44778514","44778692","chr19","46470381","46470554","31","1691867"
"chr2","44790495","44790652","chr5","5379694","5379849","21","39410801"
"chr2","44790966","44791015","chr1","40720597","40720642","21","4070369"
"chr2","44791221","44791361","chr1","216046125","216046259","25","171254904"
"chr2","44856104","44856417","chr2A","96926669","96926978","43","52070565"
"chr2","44869033","44869333","chr6","39864627","39864923","42","5004406"
"chr2","44999176","44999487","chr19","8085222","8085532","43","36913954"
"chr2","45046634","45046926","chr19","35438931","35439222","38","9607703"
"chr2","45058868","45059169","chrX","44100499","44100799","41","958369"
"chr2","45068578","45068848","chr1","27826241","27826514","43","17242337"
"chr2","45093375","45093680","chr1","225512358","225512658","48","180418983"
"chr2","45179763","45179877","chr21","27965813","27965925","9","17213950"
"chr2","45183386","45183517","chr6","37231829","37231962","21","7951557"
"chr2","45183829","45183991","chr2B","16492410","16492571","33","28691419"
"chr2","45200545","45200823","chr5","76968698","76968977","36","31768153"
"chr2","45325919","45326081","chr19","11682089","11682238","35","33643830"
"chr2","45415557","45415720","chrX","45129816","45129977","21","285741"
"chr2","45428257","45428542","chr5","131745415","131745697","39","86317158"
"chr2","45465952","45466199","chr8","52518453","52518719","69","7052501"
"chr2","45468379","45468520","chr4","38772815","38772956","19","6695564"
"chr2","45468831","45468992","chr1","95866559","95866720","28","50397728"
"chr2","45525606","45525722","chr1","180054399","180054515","14","134528793"
"chr2","45565224","45565524","chr1","41052850","41053151","69","4512374"
"chr2","45712876","45713121","chr20","34107032","34107272","45","11605844"
"chr2","45714766","45715014","chr20","34107032","34107272","45","11607734"
"chr2","45841034","45841342","chr5","132054149","132054455","36","86213115"
"chr2","46017117","46017415","chr8","9756252","9756551","37","36260865"
"chr2","46067770","46068071","chr14","38645488","38645790","39","7422282"
"chr2","46272278","46272553","chr3","179781249","179781524","39","133508971"
"chr2","46406947","46407121","chr6","18189802","18189976","25","28217145"
"chr2","46407146","46407277","chr22","7606114","7606246","14","38801032"
"chr2","46495510","46495825","chr4","165195811","165196111","48","118700301"
"chr2","46505356","46505636","chr5","132780961","132781246","43","86275605"
"chr2","46535134","46535438","chr20","34584892","34585194","42","11950242"
"chr2","46544618","46544925","chr4","110248134","110248433","44","63703516"
"chr2","46675449","46675741","chr2A","20065758","20066048","42","26609691"
"chr2","46757407","46757692","chr8","20598859","20599152","42","26158548"
"chr2","46771280","46771384","chr1","177446019","177446123","19","130674739"
"chr2","46771421","46771614","chr8","20806710","20806901","36","25964711"
"chr2","46776903","46777031","chr2B","1090134","1090261","19","45686769"
"chr2","46811588","46811731","chr16","22499150","22499285","20","24312438"
"chr2","46822199","46822504","chr1","148591290","148591579","50","101769091"
"chr2","46839301","46839595","chr12","72634766","72635064","36","25795465"
"chr2","46849211","46849501","chr2B","23549213","23549505","45","23299998"
"chr2","46851218","46851510","chr1","36338426","36338717","45","10512792"
"chr2","46859793","46860088","chr9","32631869","32632166","54","14227924"
"chr2","46872808","46873113","chrX","49238016","49238318","43","2365208"
"chr2","46882536","46882828","chr15","30997544","30997834","42","15884992"
"chr2","46888993","46889131","chr4","155463310","155463450","20","108574317"
"chr2","46889894","46890077","chr4","197459748","197459926","22","150569854"
"chr2","46894213","46894521","chr2B","124042742","124043060","55","77148529"
"chr2","46898080","46898238","chr3","57832885","57833045","30","10934805"
"chr2","46898239","46898537","chr12","122059286","122059576","56","75161047"
"chr2","46898538","46898553","chr7","73114655","73114670","1","26216117"
"chr2","46911238","46911541","chr1","216189589","216189889","49","169278351"
"chr2","46946062","46946361","chr9","116674797","116675091","44","69728735"
"chr2","46963972","46964098","chr12","30095709","30095838","15","16868263"
"chr2","46964390","46964564","chr15","19358135","19358313","36","27606255"
"chr2","46972454","46972740","chr9","73567386","73567673","47","26594932"
"chr2","46975222","46975512","chr9","75067483","75067771","41","28092261"
"chr2","46980136","46980417","chr9","76710013","76710305","51","29729877"
"chr2","46984620","46984902","chr5","35420109","35420398","48","11564511"
"chr2","46984903","46985028","chr1","110505595","110505724","15","63520692"
"chr2","46985872","46986092","chr1","39080670","39080886","52","7905202"
"chr2","46986369","46986399","chr3","53011070","53011103","7","6024701"
"chr2","46989767","46989931","chr10","131517149","131517305","29","84527382"
"chr2","46990239","46990347","chr5","6201787","6201895","13","40788452"
"chr2","46991362","46991427","chr1","28367809","28367869","20","18623553"
"chr2","46991954","46992105","chr2B","102524138","102524282","29","55532184"
"chr2","46993037","46993159","chr14","60903108","60903232","10","13910071"
"chr2","46996213","46996349","chr11","63173557","63173692","23","16177344"
"chr2","46996377","46996491","chr7","5414295","5414412","16","41582082"
"chr2","46998979","46999104","chr7","44662596","44662717","18","2336383"
"chr2","47001467","47001651","chr3","161242829","161243020","46","114241362"
"chr2","47001904","47002033","chrX","38142379","38142511","22","8859525"
"chr2","47002037","47002175","chr1","29910241","29910381","27","17091796"
"chr2","47005577","47005737","chr6","164796818","164796977","23","117791241"
"chr2","47006398","47006525","chr14","12485207","12485337","14","34521191"
"chr2","47012258","47012555","chr9","15548310","15548604","35","31463948"
"chr2","47021015","47021248","chr1","820919","821152","42","46200096"
"chr2","47032966","47033094","chr14","59236568","59236697","14","12203602"
"chr2","47040478","47040753","chr2B","64006955","64007228","44","16966477"
"chr2","47041403","47041603","chr2B","94113414","94113620","39","47072011"
"chr2","47041852","47041977","chr22","28571376","28571500","17","18470476"
"chr2","47058318","47058626","chr20","54481954","54482259","40","7423636"
"chr2","47080340","47080641","chr7","70673808","70674107","43","23593468"
"chr2","47085640","47085928","chr11","65787500","65787788","38","18701860"
"chr2","47090683","47090816","chr6","78227073","78227205","20","31136390"
"chr2","47108977","47109251","chr6","135427576","135427840","50","88318599"
"chr2","47147032","47147215","chr3","1702116","1702300","32","45444916"
"chr2","47157446","47157753","chr1","63119735","63120041","40","15962289"
"chr2","47163820","47164116","chr5","52541563","52541863","46","5377743"
"chr2","47165914","47166211","chrX","43689132","43689430","29","3476782"
"chr2","47173328","47173458","chr15","12873465","12873597","12","34299863"
"chr2","47184126","47184413","chr6","31722272","31722564","52","15461854"
"chr2","47187463","47187767","chr12","112007665","112007968","42","64820202"
"chr2","47190086","47190378","chr11","9392301","9392584","37","37797785"
"chr2","47203996","47204081","chr1","13205771","13205851","26","33998225"
"chr2","47234576","47234878","chr1","185242885","185243179","41","138008309"
"chr2","47252882","47253183","chr14","53853748","53854041","48","6600866"
"chr2","47318622","47318924","chr10","12118144","12118442","39","35200478"
"chr2","47355203","47355406","chr5","133594579","133594796","34","86239376"
"chr2","47362386","47362475","chr3","180508856","180508948","19","133146470"
"chr2","47374933","47375212","chr21","8451067","8451354","49","38923866"
"chr2","47378096","47378374","chr12","108778092","108778371","40","61399996"
"chr2","47383613","47383743","chr13","93613158","93613288","16","46229545"
"chr2","47419577","47419845","chr7","24702825","24703108","42","22716752"
"chr2","47420253","47420543","chr2A","14863708","14863995","47","32556545"
"chr2","47428121","47428425","chr3","155313398","155313700","44","107885277"
"chr2","47502620","47502928","chr11","75177311","75177611","52","27674691"
"chr2","47532621","47532702","chr20","34165373","34165454","11","13367248"
"chr2","47543649","47543937","chr16","29829304","29829596","41","17714345"
"chr2","47554794","47554928","chr5","38957611","38957744","16","8597183"
"chr2","47555225","47555385","chr22","1262290","1262444","30","46292935"
"chr2","47570948","47571244","chr10","133565552","133565849","44","85994604"
"chr2","47586512","47586807","chr4","39436180","39436476","38","8150332"
"chr2","47588505","47588788","chr7","142890610","142890893","38","95302105"
"chr2","47644004","47644296","chr8","77956553","77956839","48","30312549"
"chr2","47690849","47691147","chr4","93872928","93873224","38","46182079"
"chr2","47698493","47698799","chr5","133928310","133928619","47","86229817"
"chr2","47722013","47722227","chr19","4062563","4062759","41","43659450"
"chr2","47815274","47815568","chr3","4538548","4538841","36","43276726"
"chr2","47816942","47817237","chr19","38613020","38613320","37","9203922"
"chr2","47820602","47820882","chr16","2855840","2856123","42","44964762"
"chr2","47823816","47824091","chr8","59177377","59177656","35","11353561"
"chr2","47824112","47824141","chr16","78308815","78308843","6","30484703"
"chr2","47831731","47832002","chr20","52152261","52152527","39","4320530"
"chr2","47841966","47842078","chr12","125140441","125140562","18","77298475"
"chr2","47885448","47885745","chr5","134106203","134106509","52","86220755"
"chr2","47889017","47889142","chr15","73119233","73119360","20","25230216"
"chr2","47890092","47890200","chr20","4091325","4091435","6","43798767"
"chr2","47915963","47916046","chr11","67350015","67350098","11","19434052"
"chr2","47921822","47921929","chr4","96613157","96613257","18","48691335"
"chr2","47922014","47922303","chr13","9716804","9717101","34","38205210"
"chr2","47922708","47922943","chr7","138445124","138445357","42","90522416"
"chr2","47933410","47933732","chr16","21523829","21524144","48","26409581"
"chr2","47940389","47940652","chr3","3411667","3411940","47","44528722"
"chr2","47943663","47943947","chr2A","3823335","3823621","44","44120328"
"chr2","47945234","47945465","chr1","14673678","14673907","40","33271556"
"chr2","47951075","47951375","chr13","18532488","18532787","34","29418587"
"chr2","47952193","47952542","chr1","27099579","27099913","64","20852614"
"chr2","47960954","47960979","chr4","41559824","41559848","6","6401130"
"chr2","47961161","47961243","chrX","56994876","56994960","14","9033715"
"chr2","47997303","47997562","chr6","77982799","77983061","40","29985496"
"chr2","47999346","47999638","chr3","103184782","103185072","39","55185436"
"chr2","48002748","48002899","chr2A","89762858","89763005","29","41760110"
"chr2","48010332","48010476","chr17","19644243","19644386","21","28366089"
"chr2","48015070","48015203","chr6","16742190","16742324","16","31272880"
"chr2","48015500","48015745","chr4","131656678","131656915","63","83641178"
"chr2","48049128","48049264","chr5","118006764","118006899","17","69957636"
"chr2","48049571","48049726","chr20","51560485","51560639","29","3510914"
"chr2","48050608","48050908","chr5","33617638","33617945","54","14432970"
"chr2","48052640","48052930","chr15","59300087","59300378","47","11247447"
"chr2","48053761","48054047","chr5","59222974","59223258","37","11169213"
"chr2","48056803","48057012","chr2B","64287259","64287458","54","16230456"
"chr2","48057314","48057422","chr10","103581847","103581956","13","55524533"
"chr2","48099540","48099840","chr4","140032864","140033163","40","91933324"
"chr2","48110775","48111067","chr5","134322736","134323027","37","86211961"
"chr2","48137976","48138292","chr4","21059187","21059496","51","27078789"
"chr2","48154703","48154998","chr12","109730535","109730832","40","61575832"
"chr2","48165340","48165641","chr5","46865315","46865615","46","1300025"
"chr2","48169057","48169369","chr15","73636229","73636537","37","25467172"
"chr2","48174531","48174696","chr11","119154022","119154185","26","70979491"
"chr2","48176490","48176620","chr8","121056788","121056922","18","72880298"
"chr2","48190952","48191069","chr16","10901222","10901339","11","37289730"
"chr2","48200575","48200877","chr16","75232721","75233021","40","27032146"
"chr2","48220862","48220993","chr11","121764766","121764903","16","73543904"
"chr2","48233876","48234199","chr9","87307258","87307569","53","39073382"
"chr2","48264201","48264501","chr16","65542894","65543199","43","17278693"
"chr2","48265314","48265604","chr3","10380638","10380928","42","37884676"
"chr2","48303719","48303836","chr17","1070848","1070967","19","47232871"
"chr2","48303860","48304042","chr3","135971349","135971531","34","87667489"
"chr2","48308457","48308740","chrX","15626910","15627195","39","32681547"
"chr2","48309478","48309760","chrX","40545871","40546151","43","7763607"
"chr2","48315475","48315787","chr4","156010851","156011158","43","107695376"
"chr2","48316870","48317177","chr3","145562851","145563162","44","97245981"
"chr2","48318100","48318408","chr6","37361889","37362199","50","10956211"
"chr2","48319617","48319917","chr8","101544594","101544890","45","53224977"
"chr2","48323677","48323899","chr9","73044908","73045127","30","24721231"
"chr2","48323966","48324193","chr14","57581800","57582001","51","9257834"
"chr2","48327502","48327628","chr1","130928471","130928590","18","82600969"
"chr2","48328859","48328989","chr14","38201699","38201830","16","10127160"
"chr2","48338990","48339278","chr2B","62087538","62087829","39","13748548"
"chr2","48341920","48342216","chr3","50367144","50367439","36","2025224"
"chr2","48342801","48342850","chr19","50103385","50103433","13","1760584"
"chr2","48343140","48343362","chr15","41991416","41991640","40","6351724"
"chr2","48349187","48349397","chr6","48389755","48389967","34","40568"
"chr2","48369887","48370165","chr1","221423261","221423539","43","173053374"
"chr2","48421692","48421902","chr20","8822448","8822664","27","39599244"
"chr2","48529558","48529702","chr5","54123067","54123208","18","5593509"
"chr2","48530004","48530167","chr8","27555379","27555541","26","20974625"
"chr2","48562262","48562535","chr19","46610078","46610353","45","1952184"
"chr2","48574954","48575177","chr5","134772686","134772910","31","86197732"
"chr2","48576235","48576513","chr6","48058765","48059050","39","517470"
"chr2","48590988","48591268","chr9","114191687","114191982","45","65600699"
"chr2","48625717","48625977","chr3","155391931","155392192","37","106766214"
"chr2","48636892","48637188","chr11","107935819","107936108","43","59298927"
"chr2","48643409","48643565","chr5","126636235","126636392","29","77992826"
"chr2","48643872","48644002","chr12","121987168","121987296","21","73343296"
"chr2","48672373","48672389","chr9","11987698","11987713","2","36684675"
"chr2","48672414","48672529","chr6","43500320","43500437","9","5172094"
"chr2","48677825","48678116","chr22","7570663","7570952","54","41107162"
"chr2","48696731","48697025","chr18","2191279","2191572","28","46505452"
"chr2","48701547","48701852","chr5","34215137","34215446","43","14486410"
"chr2","48708563","48708859","chr12","51670817","51671114","39","2962254"
"chr2","48713929","48714232","chr7","68256324","68256623","46","19542395"
"chr2","48721506","48721782","chr18","60904527","60904809","56","12183021"
"chr2","48730645","48730934","chr17","20967506","20967804","51","27763139"
"chr2","48742592","48742868","chrX","49833019","49833295","38","1090427"
"chr2","48754650","48754939","chr1","154549010","154549304","45","105794360"
"chr2","48766014","48766296","chr9","76710013","76710305","49","27943999"
"chr2","48774920","48775191","chr5","134966097","134966373","37","86191177"
"chr2","48776368","48776659","chr4","93954908","93955200","39","45178540"
"chr2","48776682","48776960","chr2A","68610636","68610916","38","19833954"
"chr2","48792015","48792154","chr10","133797928","133798063","31","85005913"
"chr2","48806173","48806405","chr7","128135356","128135592","29","79329183"
"chr2","48844391","48844694","chr16","62689286","62689570","61","13844895"
"chr2","48852416","48852714","chr11","69029504","69029802","45","20177088"
"chr2","48884170","48884456","chr12","55344157","55344462","52","6459987"
"chr2","48886935","48887215","chr1","23563241","23563518","44","25323694"
"chr2","48945163","48945462","chr4","98066248","98066547","41","49121085"
"chr2","48953214","48953376","chr5","160524786","160524960","35","111571572"
"chr2","48990000","48990280","chr5","135096417","135096697","40","86106417"
"chr2","49000708","49001005","chr3","201301164","201301457","43","152300456"
"chr2","49003200","49003316","chr16","39066194","39066307","15","9937006"
"chr2","49033578","49033867","chr5","135140053","135140342","46","86106475"
"chr2","49063910","49064203","chr9","47997131","47997418","41","1066779"
"chr2","49070118","49070254","chr13","22537105","22537241","25","26533013"
"chr2","49072379","49072525","chr1","202667269","202667423","24","153594890"
"chr2","49072551","49072671","chr7","45451556","45451677","14","3620995"
"chr2","49085563","49085844","chr2B","75643822","75644108","44","26558259"
"chr2","49109194","49109472","chr7","26934288","26934569","37","22174906"
"chr2","49112511","49112805","chr20","13368634","13368937","45","35743877"
"chr2","49117532","49117835","chr7","64968316","64968623","44","15850784"
"chr2","49145729","49145956","chr2B","861354","861579","57","48284375"
"chr2","49151081","49151374","chr13","91144016","91144304","43","41992935"
"chr2","49165090","49165379","chr22","16134892","16135187","39","33030198"
"chr2","49167792","49168091","chr6","22138932","22139237","54","27028860"
"chr2","49170134","49170428","chr16","21455029","21455329","39","27715105"
"chr2","49190276","49190563","chr5","135286683","135286984","61","86096407"
"chr2","49271278","49271590","chr5","34215137","34215446","40","15056141"
"chr2","49273131","49273270","chr14","77132240","77132377","14","27859109"
"chr2","49308140","49308431","chr11","66466976","66467270","40","17158836"
"chr2","49316605","49316729","chr4","16990330","16990457","17","32326275"
"chr2","49317034","49317190","chr7","72066230","72066386","25","22749196"
"chr2","49317872","49317981","chr6","32533953","32534063","16","16783919"
"chr2","49324783","49325062","chr11","429432","429720","40","48895351"
"chr2","49328941","49329201","chrX","70731798","70732057","30","21402857"
"chr2","49329207","49329346","chr6","141208908","141209041","27","91879701"
"chr2","49331362","49331614","chr19","7535682","7535932","38","41795680"
"chr2","49335853","49335913","chr3","196206132","196206190","7","146870279"
"chr2","49345072","49345376","chr2B","114239081","114239380","38","64894009"
"chr2","49345389","49345524","chrX","120657077","120657213","15","71311688"
"chr2","49348750","49348925","chr14","79599968","79600145","31","30251218"
"chr2","49353126","49353357","chr5","86042389","86042613","40","36689263"
"chr2","49357393","49357521","chr1","10043533","10043661","13","39313860"
"chr2","49360022","49360179","chr10","93433464","93433624","35","44073442"
"chr2","49360466","49360606","chr11","121764766","121764903","20","72404300"
"chr2","49376956","49377255","chr8","141604823","141605126","40","92227867"
"chr2","49385447","49385624","chr2A","61871883","61872059","31","12486436"
"chr2","49385939","49386109","chr5","36166737","36166884","43","13219202"
"chr2","49396461","49396594","chr22","4196254","4196388","15","45200207"
"chr2","49399362","49399666","chr3","40339185","40339486","50","9060177"
"chr2","49404863","49405154","chr9","13807793","13808081","33","35597070"
"chr2","49408473","49408782","chr22","21890408","21890713","55","27518065"
"chr2","49410767","49411058","chr5","133496336","133496634","50","84085569"
"chr2","49412360","49412639","chr6","26946809","26947067","63","22465551"
"chr2","49421534","49421667","chr21","24915032","24915167","18","24506502"
"chr2","49431779","49432036","chr21","36330630","36330886","29","13101149"
"chr2","49432597","49432705","chr1","12088602","12088716","24","37343995"
"chr2","49441364","49441636","chr5","161145746","161146004","57","111704382"
"chr2","49441945","49442134","chr5","145737793","145737989","40","96295848"
"chr2","49442788","49442951","chr2B","16492410","16492571","31","32950378"
"chr2","49443248","49443383","chr22","19751721","19751856","16","29691527"
"chr2","49444036","49444217","chr1","27103207","27103390","39","22340829"
"chr2","49452721","49453034","chr11","65020010","65020311","59","15567289"
"chr2","49458585","49458743","chr22","13416414","13416568","25","36042171"
"chr2","49466017","49466311","chr1","25847855","25848157","41","23618162"
"chr2","49483749","49484001","chr5","24089428","24089692","54","25394321"
"chr2","49493142","49493346","chr1","202410198","202410402","40","152917056"
"chr2","49502509","49502635","chr7","128302391","128302524","30","78799882"
"chr2","49517443","49517623","chr8","86134072","86134255","31","36616629"
"chr2","49517940","49518053","chr19","18333047","18333164","19","31184893"
"chr2","49538705","49538976","chr5","135585016","135585289","44","86046311"
"chr2","49540652","49540755","chr19","52996932","52997036","19","3456280"
"chr2","49551846","49552139","chr1","139266119","139266414","40","89714273"
"chr2","49552754","49552942","chr21","22828250","22828438","30","26724504"
"chr2","49635647","49635753","chr10","7566684","7566792","21","42068963"
"chr2","49664373","49664670","chr5","24372432","24372725","38","25291941"
"chr2","49727052","49727202","chrX","119294972","119295111","21","69567920"
"chr2","49789748","49790023","chrX","109966712","109966997","50","60176964"
"chr2","49942489","49942582","chr8","146418339","146418436","19","96475850"
"chr2","49942755","49943044","chr9","12033680","12033963","47","37909075"
"chr2","50086386","50086554","chr16","31552584","31552750","27","18533802"
"chr2","50086594","50086705","chr15","20963705","20963814","15","29122889"
"chr2","50150563","50150880","chr16","3376194","3376492","61","46774369"
"chr2","50171122","50171132","chr1","214812615","214812627","2","164641493"
"chr2","50171158","50171439","chrX","119106304","119106584","36","68935146"
"chr2","50246592","50246889","chr13","74242139","74242441","40","23995547"
"chr2","50276765","50276974","chr3","199269309","199269530","56","148992544"
"chr2","50286911","50287208","chrX","70115414","70115703","47","19828503"
"chr2","50351197","50351491","chr17","664788","665075","50","49686409"
"chr2","50380180","50380332","chr2A","17573600","17573746","25","32806580"
"chr2","50391376","50391672","chr5","136401695","136401991","54","86010319"
"chr2","50422077","50422225","chr1","204153813","204153958","25","153731736"
"chr2","50693933","50694237","chr5","21993062","21993361","47","28700871"
"chr2","50985331","50985510","chr5","19169389","19169565","45","31815942"
"chr2","51088626","51088909","chrX","15626910","15627195","45","35461716"
"chr2","51094866","51095174","chr10","146955450","146955757","39","95860584"
"chr2","51235446","51235742","chr6","148917099","148917398","45","97681653"
"chr2","51257198","51257501","chr6","7503535","7503831","56","43753663"
"chr2","51378400","51378686","chr5","157037102","157037398","45","105658702"
"chr2","51381857","51382186","chr16","44102916","44103250","67","7278941"
"chr2","51446768","51447083","chr18","23316517","23316824","51","28130251"
"chr2","51615095","51615379","chr6","36657947","36658229","42","14957148"
"chr2","51640145","51640430","chr11","100595606","100595884","48","48955461"
"chr2","51901712","51902003","chr21","31850440","31850727","43","20051272"
"chr2","51907596","51907705","chr7","72489565","72489680","20","20581969"
"chr2","51922727","51923018","chr14","344128","344415","46","51578599"
"chr2","51977221","51977423","chr5","15980848","15981051","29","35996373"
"chr2","51991636","51991918","chr1","222180598","222180894","61","170188962"
"chr2","52006615","52006923","chr3","186267498","186267808","33","134260883"
"chr2","52130601","52130774","chr5","137949508","137949676","28","85818907"
"chr2","52152412","52152722","chr7","79044919","79045216","51","26892507"
"chr2","52174544","52174838","chr9","112545955","112546240","62","60371411"
"chr2","52218687","52218983","chr5","45914070","45914364","36","6304617"
"chr2","52244378","52244652","chr3","26241110","26241391","57","26003268"
"chr2","52257130","52257311","chr8","86134072","86134255","30","33876942"
"chr2","52261312","52261625","chr3","158411510","158411818","43","106150198"
"chr2","52352734","52353011","chr13","34359126","34359400","41","17993608"
"chr2","52365637","52365912","chr3","12088228","12088514","39","40277409"
"chr2","52376656","52376961","chr21","19593176","19593480","38","32783480"
"chr2","52387015","52387300","chr9","70147376","70147661","39","17760361"
"chr2","52449345","52449669","chr1","190325276","190325593","49","137875931"
"chr2","52452026","52452240","chr11","5332043","5332259","33","47119983"
"chr2","52452650","52453008","chr7","79314682","79315023","73","26862032"
"chr2","52457868","52458198","chr10","116411890","116412196","93","63954022"
"chr2","52460964","52461239","chr9","11846554","11846830","48","40614410"
"chr2","52462509","52462759","chr3","57799557","57799810","59","5337048"
"chr2","52474447","52474756","chr7","139963807","139964112","42","87489360"
"chr2","52477634","52477940","chr8","49865594","49865895","43","2612040"
"chr2","52479348","52479634","chrX","41010747","41011042","45","11468601"
"chr2","52481219","52481526","chr18","23316517","23316824","49","29164702"
"chr2","52483208","52483513","chr15","3368899","3369202","40","49114309"
"chr2","52489473","52489777","chr19","4046633","4046932","43","48442840"
"chr2","52492099","52492400","chr14","87871716","87872017","47","35379617"
"chr2","52499009","52499224","chr7","68510888","68511101","26","16011879"
"chr2","52516449","52516767","chr9","30477529","30477841","41","22038920"
"chr2","52524458","52524758","chr7","140229914","140230213","58","87705456"
"chr2","52527020","52527232","chr1","191933391","191933598","32","139406371"
"chr2","52532942","52533206","chr19","47537460","47537729","46","4995482"
"chr2","52556936","52557240","chr1","156921438","156921735","49","104364502"
"chr2","52572513","52572561","chr1","62760979","62761030","8","10188466"
"chr2","52579631","52579906","chr3","49744245","49744528","52","2835386"
"chr2","52581538","52581726","chr10","36138953","36139135","40","16442585"
"chr2","52582001","52582144","chr1","87111997","87112142","18","34529996"
"chr2","52597176","52597496","chr3","33737802","33738111","56","18859374"
"chr2","52607092","52607386","chr5","34598529","34598830","41","18008563"
"chr2","52613038","52613320","chr14","39211827","39212110","42","13401211"
"chr2","52619145","52619360","chr4","151108675","151108883","45","98489530"
"chr2","52622346","52622654","chr4","2570442","2570744","49","50051904"
"chr2","52624597","52624907","chr12","43697519","43697825","50","8927078"
"chr2","52625573","52625874","chr8","77791266","77791559","49","25165693"
"chr2","52625895","52626180","chr15","43339740","43340026","42","9286155"
"chr2","52626374","52626629","chr9","53102308","53102564","41","475934"
"chr2","52629859","52630006","chr7","104206919","104207068","27","51577060"
"chr2","52630007","52630315","chr1","21756556","21756861","48","30873451"
"chr2","52633024","52633310","chr2A","14863708","14863995","43","37769316"
"chr2","52645497","52645793","chr12","107619101","107619398","54","54973604"
"chr2","52647427","52647608","chr1","127602837","127603008","43","74955410"
"chr2","52647892","52648030","chr6","33902335","33902470","20","18745557"
"chr2","52649204","52649215","chr7","129452243","129452253","1","76803039"
"chr2","52649237","52649519","chr2B","124977630","124977912","33","72328393"
"chr2","52651206","52651494","chr12","12338427","12338720","45","40312779"
"chr2","52661517","52661694","chr5","138464200","138464374","25","85802683"
"chr2","52663379","52663685","chr11","120932649","120932956","42","68269270"
"chr2","52664905","52665039","chr1","91403002","91403137","9","38738097"
"chr2","52665040","52665330","chr11","14200804","14201103","50","38464236"
"chr2","52666502","52666774","chr1","153275204","153275477","34","100608702"
"chr2","52671029","52671307","chr9","114111291","114111562","48","61440262"
"chr2","52682725","52682980","chr15","17498890","17499146","35","35183835"
"chr2","52698183","52698269","chr3","37790930","37791019","13","14907253"
"chr2","52698625","52698932","chr7","139963807","139964112","35","87265182"
"chr2","52699355","52699548","chrX","139744715","139744898","53","87045360"
"chr2","52699549","52699857","chr15","3312562","3312871","41","49386987"
"chr2","52699858","52699868","chr7","73227042","73227054","3","20527184"
"chr2","52700176","52700309","chr1","11102412","11102548","17","41597764"
"chr2","52701261","52701516","chrX","118839599","118839848","43","66138338"
"chr2","52706768","52706903","chr16","15499304","15499439","28","37207464"
"chr2","52707505","52707669","chr19","10656344","10656508","25","42051161"
"chr2","52707675","52707978","chr18","2780696","2780995","46","49926979"
"chr2","52713256","52713540","chr7","71478770","71479065","43","18765514"
"chr2","52720661","52720960","chr19","36025272","36025565","42","16695389"
"chr2","52731517","52731755","chr5","138533407","138533644","30","85801890"
"chr2","52732951","52733221","chr11","114926386","114926661","46","62193435"
"chr2","52740195","52740465","chr2B","94337341","94337613","38","41597146"
"chr2","52774823","52775050","chrX","91231854","91232082","40","38457031"
"chr2","52789864","52789923","chr7","30102127","30102186","10","22687737"
"chr2","52791037","52791336","chr5","4345743","4346035","39","48445294"
"chr2","52804053","52804318","chr4","124359555","124359819","37","71555502"
"chr2","52812011","52812139","chrX","41479376","41479503","19","11332635"
"chr2","52813670","52813967","chr22","2848539","2848836","44","49965131"
"chr2","52818119","52818293","chr16","2574755","2574929","31","50243364"
"chr2","52818598","52818742","chr7","72985934","72986072","27","20167336"
"chr2","52822262","52822492","chr19","2781827","2782071","47","50040435"
"chr2","52855469","52855770","chr4","165677154","165677457","48","112821685"
"chr2","52865625","52865713","chr19","39481437","39481529","22","13384188"
"chr2","52870610","52870905","chr5","38506940","38507235","52","14363670"
"chr2","52883895","52884144","chrX","18714938","18715191","43","34168957"
"chr2","52885016","52885302","chrX","100288079","100288372","46","47403063"
"chr2","52898325","52898481","chrX","52096827","52096988","22","801498"
"chr2","52910534","52910699","chrX","129500264","129500428","26","76589730"
"chr2","52912992","52913074","chr7","63653858","63653941","12","10740866"
"chr2","52915394","52915645","chr6","154722473","154722727","40","101807079"
"chr2","52924255","52924555","chr1","133985727","133986027","40","81061472"
"chr2","52926464","52926756","chr5","138743810","138744102","34","85817346"
"chr2","52947163","52947456","chr5","34566590","34566886","59","18380573"
"chr2","52955745","52956054","chr8","101435714","101436021","40","48479969"
"chr2","52969964","52970094","chr7","4485178","4485309","22","48484786"
"chr2","52980552","52980834","chr5","51706420","51706696","50","1274132"
"chr2","53006407","53006728","chr1","43846543","43846847","53","9159864"
"chr2","53011426","53011700","chr12","130639697","130639965","67","77628271"
"chr2","53110000","53110104","chr20","5177640","5177745","15","47932360"
"chr2","53149834","53150115","chrX","54591912","54592178","47","1442078"
"chr2","53236991","53237188","chr1","129602249","129602448","29","76365258"
"chr2","53280072","53280162","chr1","198365932","198366023","12","145085860"
"chr2","53300913","53301206","chr3","108662999","108663287","44","55362086"
"chr2","53352881","53353188","chr5","34215137","34215446","39","19137744"
"chr2","53422735","53423049","chr5","139208298","139208614","52","85785563"
"chr2","53683707","53684013","chr5","139440098","139440399","44","85756391"
"chr2","53786653","53786830","chr14","57638840","57639016","27","3852187"
"chr2","53786857","53786979","chr12","11999872","12000000","22","41786985"
"chr2","53838219","53838294","chr3","11518852","11518930","18","42319367"
"chr2","53882000","53882291","chr15","3322567","3322866","43","50559433"
"chr2","53910692","53910973","chr5","139635423","139635712","57","85724731"
"chr2","53916792","53916952","chr1","63281361","63281523","29","9364569"
"chr2","53965901","53966211","chr3","82211369","82211676","48","28245468"
"chr2","53988959","53989140","chr8","10022124","10022302","33","43966835"
"chr2","53996378","53996517","chr5","44051508","44051650","21","9944870"
"chr2","54066402","54066689","chr2B","124977630","124977912","47","70911228"
"chr2","54106979","54107254","chrX","9679871","9680143","45","44427108"
"chr2","54190472","54190757","chr4","42401489","42401776","42","11788983"
"chr2","54365634","54365898","chr10","35841914","35842185","50","18523720"
"chr2","54366865","54367150","chr13","1923025","1923305","40","52443840"
"chr2","54460164","54460449","chr9","117733372","117733651","43","63273208"
"chr2","54547796","54548113","chr8","18203887","18204192","57","36343909"
"chr2","54581761","54582038","chr19","3129950","3130227","37","51451811"
"chr2","54607099","54607398","chr1","145705547","145705845","47","91098448"
"chr2","54610699","54611035","chr13","10907321","10907640","84","43703378"
"chr2","54618976","54619251","chr9","11929510","11929787","43","42689466"
"chr2","54625504","54625812","chr17","59849131","59849427","58","5223627"
"chr2","54665984","54666279","chr8","101544594","101544890","39","46878610"
"chr2","54708017","54708312","chr3","125068067","125068363","39","70360050"
"chr2","54725867","54726061","chr4","163585005","163585191","27","108859138"
"chr2","54726373","54726516","chr7","40605012","40605146","24","14121361"
"chr2","54737800","54738090","chr19","3208420","3208712","41","51529380"
"chr2","54762519","54762807","chr8","47619379","47619670","44","7143140"
"chr2","54783176","54783457","chr10","7441372","7441660","51","47341804"
"chr2","54798314","54798599","chr15","48164142","48164429","45","6634172"
"chr2","54878251","54878461","chr4","5610683","5610898","37","49267568"
"chr2","54901260","54901568","chrX","128923641","128923950","38","74022381"
"chr2","54907379","54907655","chr5","140575876","140576136","51","85668497"
"chr2","54930614","54930926","chr15","79910615","79910926","53","24980001"
"chr2","55006325","55006632","chr1","191647569","191647875","43","136641244"
"chr2","55038842","55039146","chr7","68608208","68608501","46","13569366"
"chr2","55056017","55056309","chr1","159180870","159181161","46","104124853"
"chr2","55070894","55071169","chr1","23439755","23440042","50","31631139"
"chr2","55074989","55075121","chr16","22499150","22499285","23","32575839"
"chr2","55081517","55081812","chr5","140722505","140722797","46","85640988"
"chr2","55143726","55143934","chr1","16774243","16774450","47","38369483"
"chr2","55146522","55146782","chr5","8449616","8449866","56","46696906"
"chr2","55153597","55153659","chr3","50628061","50628118","17","4525536"
"chr2","55156557","55156864","chr5","40338410","40338710","51","14818147"
"chr2","55178366","55178659","chr5","140817514","140817806","44","85639148"
"chr2","55180087","55180382","chrX","12419962","12420263","49","42760125"
"chr2","55182906","55183214","chrX","130079272","130079574","51","74896366"
"chr2","55194546","55194727","chr1","38128287","38128467","28","17066259"
"chr2","55198602","55198904","chr3","42788373","42788672","42","12410229"
"chr2","55215719","55216011","chr9","27429037","27429334","48","27786682"
"chr2","55219517","55219808","chr15","47861904","47862198","45","7357613"
"chr2","55224834","55225120","chr5","20418184","20418465","42","34806650"
"chr2","55257252","55257527","chr6","108904733","108905017","43","53647481"
"chr2","55270572","55270847","chr7","2562158","2562464","59","52708414"
"chr2","55283089","55283281","chr3","144053471","144053660","29","88770382"
"chr2","55299156","55299433","chr13","96336773","96337049","54","41037617"
"chr2","55351791","55352085","chr20","3846054","3846357","54","51505737"
"chr2","55353204","55353364","chr14","74691096","74691260","24","19337892"
"chr2","55356959","55357255","chr4","40717548","40717832","55","14639411"
"chr2","55358157","55358391","chr5","113491678","113491910","46","58133521"
"chr2","55366854","55367159","chr1","16944410","16944709","58","38422444"
"chr2","55367176","55367468","chr5","1527709","1527998","46","53839467"
"chr2","55369429","55369720","chr8","22020455","22020741","47","33348974"
"chr2","55375617","55375889","chr3","179781249","179781524","40","124405632"
"chr2","55391422","55391683","chr8","80554406","80554668","44","25162984"
"chr2","55392486","55392621","chr17","17814752","17814887","16","37577734"
"chr2","55392622","55392939","chr6","37361889","37362199","47","18030733"
"chr2","55392940","55393112","chr11","16967635","16967802","25","38425305"
"chr2","55397632","55397883","chr7","106149089","106149348","47","50751457"
"chr2","55411423","55411513","chr1","65145273","65145362","15","9733850"
"chr2","55411825","55411996","chr5","2767848","2768016","26","52643977"
"chr2","55417803","55418072","chrX","9679871","9680143","51","45737932"
"chr2","55418638","55418942","chrX","113225183","113225493","42","57806545"
"chr2","55420298","55420586","chr12","125610509","125610805","35","70190211"
"chr2","55422523","55422685","chr7","2340874","2341033","24","53081649"
"chr2","55425605","55425888","chr1","218535138","218535423","37","163109533"
"chr2","55425922","55425937","chr1","11723019","11723034","2","43702903"
"chr2","55432742","55433072","chr12","27535746","27536066","59","27896996"
"chr2","55435077","55435332","chr7","56637518","56637784","57","1202441"
"chr2","55442166","55442332","chr16","58583005","58583165","28","3140839"
"chr2","55442373","55442495","chrX","129658215","129658336","13","74215842"
"chr2","55443530","55443625","chr1","195201521","195201620","24","139757991"
"chr2","55452286","55452579","chr1","216411309","216411600","46","160959023"
"chr2","55454312","55454617","chr22","22158850","22159157","46","33295462"
"chr2","55461991","55462285","chr10","50297952","50298253","33","5164039"
"chr2","55470612","55470748","chr15","18582484","18582621","16","36888128"
"chr2","55471039","55471202","chr14","35391502","35391665","25","20079537"
"chr2","55494432","55494660","chr1","53331364","53331597","42","2163068"
"chr2","55495502","55495635","chr17","7711193","7711327","20","47784309"
"chr2","55517812","55517971","chr3","49793662","49793816","56","5724150"
"chr2","55517999","55518118","chr5","95376480","95376601","15","39858481"
"chr2","55521102","55521295","chr8","26613364","26613558","38","28907738"
"chr2","55525329","55525614","chr3","10296218","10296513","39","45229111"
"chr2","55532149","55532260","chr8","9878419","9878533","18","45653730"
"chr2","55533549","55533761","chr21","32630271","32630491","46","22903278"
"chr2","55533811","55534106","chr5","25420237","25420531","42","30113574"
"chr2","55534496","55534801","chr22","23478312","23478616","47","32056184"
"chr2","55537680","55537984","chr10","133657840","133658140","46","78120160"
"chr2","55538684","55538994","chr4","16603935","16604229","60","38934749"
"chr2","55539070","55539366","chr2A","95863250","95863534","67","40324180"
"chr2","55541316","55541535","chr2A","82251913","82252134","30","26710597"
"chr2","55542333","55542425","chr16","66656726","66656819","10","11114393"
"chr2","55545519","55545820","chr1","43281682","43281981","42","12263837"
"chr2","55546038","55546163","chr11","108883269","108883397","16","53337231"
"chr2","55562141","55562432","chr1","212745117","212745410","46","157182976"
"chr2","55563802","55563819","chr19","39968679","39968697","5","15595123"
"chr2","55563820","55564117","chr1","52720825","52721129","41","2842995"
"chr2","55564118","55564279","chr5","126636235","126636392","38","71072117"
"chr2","55570623","55570657","chr12","112063447","112063479","7","56492824"
"chr2","55570734","55570989","chr3","11684948","11685204","49","43885786"
"chr2","55574026","55574074","chr4","160048245","160048293","15","104474219"
"chr2","55574733","55574936","chr16","19377986","19378188","30","36196747"
"chr2","55575702","55575736","chr19","19062873","19062910","11","36512829"
"chr2","55582965","55583067","chr5","34133102","34133204","21","21449863"
"chr2","55583357","55583505","chr19","33911263","33911405","23","21672094"
"chr2","55584052","55584339","chr2A","59940886","59941173","39","4356834"
"chr2","55586854","55587113","chr4","172788785","172789050","50","117201931"
"chr2","55590961","55591269","chr1","25554891","25555200","47","30036070"
"chr2","55591561","55591873","chr2B","108206500","108206812","34","52614939"
"chr2","55594162","55594467","chr10","35753574","35753878","43","19840588"
"chr2","55596978","55597289","chr3","101736745","101737051","44","46139767"
"chr2","55598450","55598732","chr22","6926058","6926338","41","48672392"
"chr2","55600226","55600517","chr3","182361140","182361430","42","126760914"
"chr2","55603634","55603789","chr2A","62205526","62205688","30","6601892"
"chr2","55603830","55603963","chr1","35559881","35560012","20","20043949"
"chr2","55604266","55604434","chr6","107495315","107495480","28","51891049"
"chr2","55609367","55609633","chrX","107721661","107721927","41","52112294"
"chr2","55611785","55612084","chrX","49575847","49576149","37","6035938"
"chr2","55614836","55615101","chr19","52941634","52941900","30","2673202"
"chr2","55649359","55649406","chr7","70595404","70595450","5","14946045"
"chr2","55649742","55649870","chr10","37978285","37978416","24","17671457"
"chr2","55651601","55651762","chrX","69931574","69931735","28","14279973"
"chr2","55653547","55653839","chr12","10745479","10745770","37","44908068"
"chr2","55698889","55699057","chr22","24589283","24589438","46","31109606"
"chr2","55699095","55699212","chr10","107898843","107898965","22","52199748"
"chr2","55707482","55707702","chr5","121369633","121369853","43","65662151"
"chr2","55707738","55708039","chr7","37182843","37183145","47","18524895"
"chr2","55805131","55805422","chr19","35564249","35564547","46","20240882"
"chr2","55833194","55833494","chr5","23619581","23619891","50","32213613"
"chr2","55942594","55942729","chr3","8501615","8501750","18","47440979"
"chr2","55942917","55943070","chr1","165709144","165709296","28","109766227"
"chr2","55946813","55946883","chr6","43830937","43831007","5","12115876"
"chr2","56062002","56062307","chr15","16720896","16721204","51","39341106"
"chr2","56065648","56065958","chr3","125673029","125673336","43","69607381"
"chr2","56090060","56090348","chr2B","132295501","132295794","43","76205441"
"chr2","56093698","56093979","chr4","72274168","72274453","39","16180470"
"chr2","56096350","56096611","chr11","68911501","68911760","39","12815151"
"chr2","56110636","56110800","chr14","47810235","47810401","34","8300401"
"chr2","56112018","56112316","chr15","26992641","26992940","37","29119377"
"chr2","56114672","56114953","chr3","18291528","18291828","57","37823144"
"chr2","56116155","56116465","chr2A","98100117","98100423","44","41983962"
"chr2","56117486","56117785","chr20","39919872","39920171","44","16197614"
"chr2","56119713","56120006","chr20","33125953","33126241","30","22993760"
"chr2","56125523","56125820","chr12","4229188","4229499","52","51896335"
"chr2","56127612","56127892","chr19","17071952","17072233","40","39055660"
"chr2","56130845","56131140","chr13","31069715","31070013","30","25061130"
"chr2","56144367","56144629","chr9","116234767","116235018","55","60090400"
"chr2","56173985","56174096","chr12","104094166","104094279","23","47920181"
"chr2","56175131","56175224","chr1","6253507","6253596","22","49921624"
"chr2","56199970","56200277","chr20","18384227","18384536","41","37815743"
"chr2","56266912","56267212","chr3","125068067","125068363","43","68801155"
"chr2","56271175","56271318","chrX","1730666","1730803","22","54540509"
"chr2","56271319","56271601","chr3","125836467","125836762","44","69565148"
"chr2","56271602","56271656","chr20","33988491","33988542","10","22283111"
"chr2","56280427","56280711","chr17","8433034","8433317","41","47847393"
"chr2","56286830","56287124","chr6","45713778","45714072","35","10573052"
"chr2","56289834","56290137","chr8","33273606","33273909","37","23016228"
"chr2","56318006","56318296","chr15","67846578","67846859","42","11528572"
"chr2","56324782","56324933","chr6","165362113","165362262","19","109037331"
"chr2","56333300","56333580","chr8","73436709","73436989","48","17103409"
"chr2","56345675","56345970","chr14","20497028","20497330","50","35848647"
"chr2","56384658","56384947","chrX","145778281","145778569","54","89393623"
"chr2","56385071","56385360","chr10","127858452","127858705","67","71473381"
"chr2","56385737","56385877","chr4","38754332","38754465","17","17631405"
"chr2","56406558","56406853","chr11","117367595","117367888","36","60961037"
"chr2","56442223","56442357","chr7","148465628","148465763","14","92023405"
"chr2","56442358","56442641","chr5","589791","590080","48","55852567"
"chr2","56442642","56442807","chrX","68366914","68367081","39","11924272"
"chr2","56443368","56443525","chr14","24051559","24051724","24","32391809"
"chr2","56446315","56446616","chr1","101636398","101636698","40","45190083"
"chr2","56459299","56459503","chr4","140835537","140835749","46","84376238"
"chr2","56480347","56480632","chr5","15805346","15805636","47","40675001"
"chr2","56482748","56483035","chr14","24536765","24537049","42","31945983"
"chr2","56484055","56484342","chr1","110577490","110577783","45","54093435"
"chr2","56491518","56491612","chr3","37790930","37791019","18","18700588"
"chr2","56491830","56491921","chr10","40845989","40846080","9","15645841"
"chr2","56520599","56520745","chr13","62851308","62851451","25","6330709"
"chr2","56521039","56521207","chr12","53207684","53207855","25","3313355"
"chr2","56530651","56530933","chr1","61299517","61299797","57","4768866"
"chr2","56550600","56550723","chr1","34945076","34945188","39","21605524"
"chr2","56554416","56554728","chr11","66412094","66412402","53","9857678"
"chr2","56560416","56560565","chr20","43701082","43701227","15","12859334"
"chr2","56565656","56565940","chr3","51774610","51774885","49","4791046"
"chr2","56566360","56566666","chr3","189011307","189011606","54","132444947"
"chr2","56585177","56585345","chr4","39889404","39889570","22","16695773"
"chr2","56636701","56636931","chr2B","66665417","66665639","34","10028716"
"chr2","56706079","56706418","chrX","42219858","42220195","59","14486221"
"chr2","56708422","56708724","chrX","49238016","49238318","37","7470406"
"chr2","56712393","56712688","chr6","37873870","37874163","31","18838523"
"chr2","56717065","56717209","chr2B","117205707","117205858","30","60488642"
"chr2","56718361","56718538","chr16","61549638","61549820","35","4831277"
"chr2","56720075","56720366","chr5","39360203","39360496","47","17359872"
"chr2","56724255","56724560","chr4","110248134","110248433","41","53523879"
"chr2","56727721","56727876","chr6","36357202","36357360","24","20370519"
"chr2","56728583","56728872","chr1","68400871","68401164","38","11672288"
"chr2","56737038","56737202","chr6","36975758","36975926","43","19761280"
"chr2","56737820","56738086","chr16","27237098","27237359","53","29500722"
"chr2","56739535","56739754","chr15","52508524","52508743","26","4231011"
"chr2","56742088","56742308","chr7","1104184","1104396","35","55637904"
"chr2","56745151","56745430","chr1","41042536","41042804","49","15702615"
"chr2","56756012","56756294","chr21","26947258","26947545","43","29808754"
"chr2","56788001","56788219","chr12","127703153","127703387","40","70915152"
"chr2","56789889","56790183","chr1","27918141","27918433","38","28871748"
"chr2","56804426","56804593","chr6","47629429","47629597","24","9174997"
"chr2","56804922","56805055","chr5","119210493","119210629","20","62405571"
"chr2","56937485","56937557","chr4","163536363","163536433","23","106598878"
"chr2","56937589","56937764","chr7","140134680","140134853","33","83197091"
"chr2","56938824","56938976","chrX","140021553","140021703","23","83082729"
"chr2","56959915","56960077","chr19","10656344","10656508","29","46303571"
"chr2","56960385","56960521","chr1","191979857","191979992","16","135019472"
"chr2","56961307","56961575","chr2A","97575148","97575418","55","40613841"
"chr2","56961704","56961833","chrX","54057912","54058040","30","2903792"
"chr2","56964918","56965009","chr10","40845989","40846080","8","16118929"
"chr2","56965108","56965153","chr7","117826005","117826048","8","60860897"
"chr2","56968963","56969263","chr6","160717323","160717626","42","103748360"
"chr2","56982123","56982424","chr14","60319397","60319702","47","3337274"
"chr2","56986506","56986637","chrX","118877663","118877798","10","61891157"
"chr2","56994265","56994561","chr1","114575874","114576175","41","57581609"
"chr2","56997135","56997418","chr9","78420709","78420992","43","21423574"
"chr2","57044122","57044405","chr1","220859446","220859734","47","163815324"
"chr2","57044484","57044768","chr1","24578103","24578377","58","32466381"
"chr2","57059367","57059489","chr1","14802147","14802270","14","42257220"
"chr2","57064805","57065071","chr11","114926386","114926661","46","57861581"
"chr2","57075613","57075623","chr1","69109954","69109964","2","12034341"
"chr2","57075670","57075835","chr2A","95976940","95977105","22","38901270"
"chr2","57087119","57087409","chr11","6100867","6101160","35","50986252"
"chr2","57087976","57088167","chr7","127865621","127865819","32","70777645"
"chr2","57103839","57104144","chrX","133347328","133347631","39","76243489"
"chr2","57105906","57106203","chr1","217589702","217590005","41","160483796"
"chr2","57106746","57106864","chr14","12485207","12485337","23","44621539"
"chr2","57113104","57113398","chr5","61395654","61395946","45","4282550"
"chr2","57116336","57116627","chr13","77437423","77437717","42","20321087"
"chr2","57118400","57118711","chr7","731486","731798","49","56386914"
"chr2","57120250","57120405","chrX","1391589","1391740","22","55728661"
"chr2","57120710","57120846","chr1","209383866","209384001","22","152263156"
"chr2","57204887","57205181","chr6","95194922","95195216","43","37990035"
"chr2","57205191","57205474","chr2A","59940886","59941173","46","2735695"
"chr2","57224078","57224395","chr7","37792554","37792858","53","19431524"
"chr2","57229339","57229388","chr2A","96836349","96836399","16","39607010"
"chr2","57229653","57229865","chr16","75375427","75375640","34","18145774"
"chr2","57336145","57336285","chr19","49431299","49431436","20","7904846"
"chr2","57343344","57343647","chr4","81420186","81420485","46","24076842"
"chr2","57343986","57344219","chr5","163936701","163936936","42","106592715"
"chr2","57356669","57356880","chrX","71356072","71356281","29","13999403"
"chr2","57384533","57384822","chr9","106799866","106800156","39","49415333"
"chr2","57396432","57396742","chr10","7813175","7813486","45","49583257"
"chr2","57434072","57434255","chr17","78369958","78370141","20","20935886"
"chr2","57446544","57446828","chr3","48669380","48669671","51","8777164"
"chr2","57455511","57455807","chr5","20669608","20669906","53","36785903"
"chr2","57475890","57476222","chr6","146252408","146252744","67","88776518"
"chr2","57519700","57520025","chr7","48455290","48455617","42","9064410"
"chr2","57524576","57524874","chr4","99311877","99312172","45","41787301"
"chr2","57538774","57539107","chr10","85332563","85332875","58","27793789"
"chr2","57647679","57647982","chr1","1265317","1265616","45","56382362"
"chr2","58782217","58782362","chr19","45932733","45932872","21","12849484"
"chr2","58784537","58784634","chr1","16258549","16258647","11","42525988"
"chr2","58790171","58790463","chr1","9901268","9901560","41","48888903"
"chr2","58802705","58802997","chr5","4733108","4733403","39","54069597"
"chr2","58818595","58818634","chr2A","35734224","35734257","6","23084371"
"chr2","58818931","58819097","chr10","148054018","148054180","27","89235087"
"chr2","58820287","58820421","chr11","319249","319383","25","58501038"
"chr2","58821759","58821793","chr2A","35734224","35734257","1","23087535"
"chr2","58822096","58822267","chr17","80172374","80172549","27","21350278"
"chr2","58822667","58822767","chr5","16821694","16821794","20","42000973"
"chr2","58824892","58825026","chr11","319249","319383","24","58505643"
"chr2","58825329","58825464","chr15","50792701","50792836","19","8032628"
"chr2","58825996","58826030","chr2A","35734224","35734257","2","23091772"
"chr2","58826332","58826511","chr5","703768","703946","28","58122564"
"chr2","58834968","58835283","chr7","76991373","76991676","68","18156405"
"chr2","58836572","58836880","chr5","15681753","15682062","46","43154819"
"chr2","58860937","58861128","chr2B","50431625","50431794","36","8429312"
"chr2","58861438","58861564","chr9","56539053","56539184","19","2322385"
"chr2","58915699","58915994","chr1","900300","900594","44","58015399"
"chr2","58944885","58945020","chr3","151819988","151820122","20","92875103"
"chr2","58945316","58945488","chr8","48713272","48713446","26","10232044"
"chr2","58983701","58983832","chr11","120280731","120280862","17","61297030"
"chr2","58991049","58991353","chr5","39104153","39104450","40","19886896"
"chr2","58992012","58992290","chr4","158018480","158018764","57","99026468"
"chr2","59000999","59001347","chr4","186636098","186636408","66","127635099"
"chr2","59010160","59010288","chr3","49072574","49072704","19","9937586"
"chr2","59012981","59013331","chr3","181628627","181628967","81","122615646"
"chr2","59015531","59015836","chr14","110301","110606","46","58905230"
"chr2","59017844","59017988","chr6","115815313","115815443","36","56797469"
"chr2","59018472","59018589","chr6","43500320","43500437","9","15518152"
"chr2","59019016","59019305","chr15","45189824","45190115","43","13829192"
"chr2","59020135","59020456","chr5","164555468","164555779","59","105535333"
"chr2","59026181","59026457","chr6","157767447","157767718","38","98741266"
"chr2","59040182","59040529","chrX","24704884","24705222","70","34335298"
"chr2","59048529","59048820","chr2B","86895283","86895584","60","27846754"
"chr2","59077716","59078012","chr7","138657403","138657700","44","79579687"
"chr2","59093461","59093782","chr1","214472340","214472656","51","155378879"
"chr2","59099332","59099464","chr10","12470509","12470638","20","46628823"
"chr2","59128983","59129280","chr6","11232610","11232912","49","47896373"
"chr2","59129725","59130027","chr17","34888098","34888397","40","24241627"
"chr2","59133045","59133276","chr18","46425556","46425792","42","12707489"
"chr2","59135429","59135610","chr20","21736906","21737085","46","37398523"
"chr2","59136298","59136572","chr3","199443194","199443483","47","140306896"
"chr2","59142990","59143121","chrX","53944246","53944372","35","5198744"
"chr2","59143122","59143409","chr1","139828512","139828799","39","80685390"
"chr2","59143410","59143557","chr17","65329283","65329420","33","6185873"
"chr2","59147309","59147615","chr3","121295547","121295846","44","62148238"
"chr2","59155647","59155743","chr12","75723056","75723147","15","16567409"
"chr2","59156140","59156260","chr4","163930931","163931053","21","104774791"
"chr2","59165296","59165606","chr1","17215374","17215684","43","41949922"
"chr2","59173508","59173791","chr1","129199935","129200200","62","70026427"
"chr2","59183576","59183867","chr13","60059976","60060265","42","876400"
"chr2","59197670","59197937","chr2A","58959269","58959534","50","238401"
"chr2","59198771","59198934","chr7","144526498","144526664","25","85327727"
"chr2","59206497","59206798","chr9","82674600","82674904","45","23468103"
"chr2","59207105","59207234","chr16","15160238","15160367","21","44046867"
"chr2","59219779","59220051","chr7","65126332","65126609","43","5906553"
"chr2","59220973","59221239","chrX","40350053","40350328","63","18870920"
"chr2","59229876","59230109","chr19","17338513","17338733","53","41891363"
"chr2","59238247","59238371","chr12","121987168","121987296","15","62748921"
"chr2","59240325","59240620","chr19","35564249","35564547","38","23676076"
"chr2","59246546","59246687","chr6","156189946","156190077","22","96943400"
"chr2","59253423","59253543","chr4","91685988","91686108","31","32432565"
"chr2","59253571","59253689","chr9","92489465","92489580","16","33235894"
"chr2","59257019","59257129","chr19","46739578","46739687","15","12517441"
"chr2","59259960","59260257","chr7","102560873","102561163","40","43300913"
"chr2","59263263","59263448","chr13","33989108","33989289","32","25274155"
"chr2","59263449","59263777","chr1","205580584","205580909","55","146317135"
"chr2","59263778","59263910","chr11","121764766","121764903","23","62500988"
"chr2","59265500","59265808","chr8","141066904","141067212","33","81801404"
"chr2","59271172","59271305","chr13","12135466","12135600","16","47135706"
"chr2","59274790","59274900","chr1","12088602","12088716","21","47186188"
"chr2","59285269","59285565","chrX","77518385","77518682","46","18233116"
"chr2","59286284","59286416","chr7","5606987","5607114","46","53679297"
"chr2","59286692","59286847","chr6","6883061","6883205","25","52403631"
"chr2","59294393","59294567","chr10","116692026","116692201","31","57397633"
"chr2","59294862","59295000","chr9","16136189","16136324","19","43158673"
"chr2","59312014","59312118","chr1","45598263","45598369","14","13713751"
"chr2","59316030","59316174","chr3","144618071","144618210","32","85302041"
"chr2","59320536","59320687","chr1","26756482","26756638","32","32564054"
"chr2","59320963","59321105","chr5","163757496","163757636","18","104436533"
"chr2","59321110","59321389","chr14","36270120","36270400","56","23050990"
"chr2","59323413","59323726","chr2A","2846777","2847091","44","56476636"
"chr2","59324498","59324671","chr1","16304405","16304569","41","43020093"
"chr2","59324969","59325105","chr5","118006764","118006899","20","58681795"
"chr2","59326711","59326937","chr5","15914145","15914383","56","43412566"
"chr2","59335742","59336030","chr7","31819470","31819747","62","27516272"
"chr2","59340447","59340592","chr4","39155426","39155573","41","20185021"
"chr2","59340925","59341078","chr6","113194337","113194479","43","53853412"
"chr2","59349938","59350223","chr2A","38748927","38749209","42","20601011"
"chr2","59358113","59358288","chr9","11846831","11847007","31","47511282"
"chr2","59358594","59358678","chr12","29452091","29452166","17","29906503"
"chr2","59364271","59364547","chr12","36043731","36044019","41","23320540"
"chr2","59383986","59384267","chr7","66837740","66838039","51","7453754"
"chr2","59399853","59399984","chr9","105665288","105665418","11","46265435"
"chr2","59400290","59400451","chr22","24589283","24589438","29","34811007"
"chr2","59407410","59407694","chr4","71916741","71917031","41","12509331"
"chr2","59408706","59408868","chr14","69646454","69646612","33","10237748"
"chr2","59415872","59416167","chr4","76126083","76126379","42","16710211"
"chr2","59435456","59435787","chr8","78502991","78503314","78","19067535"
"chr2","59437682","59437904","chr1","159576263","159576475","51","100138581"
"chr2","59439597","59439735","chr14","52708842","52708984","25","6730755"
"chr2","59453781","59454085","chr18","4842787","4843090","44","54610994"
"chr2","59461186","59461484","chr4","21361861","21362148","50","38099325"
"chr2","59472754","59472932","chr5","163894509","163894701","41","104421755"
"chr2","59477859","59477974","chrUn_CABD030132298v1","2562","2681","16","59475297"
"chr2","59479369","59479520","chr6","89784869","89785032","34","30305500"
"chr2","59494600","59494939","chr10","115722758","115723054","67","56228158"
"chr2","59522029","59522144","chr10","29875852","29875969","18","29646177"
"chr2","59522145","59522430","chrX","13403350","13403638","49","46118795"
"chr2","59522431","59522617","chr14","46497947","46498134","36","13024484"
"chr2","59530780","59531089","chr3","199396329","199396637","42","139865549"
"chr2","59542168","59542462","chr1","213383902","213384201","32","153841734"
"chr2","59556316","59556567","chr13","85472138","85472395","46","25915822"
"chr2","59558346","59558433","chr2A","67898398","67898483","21","8340052"
"chr2","59558901","59559020","chr6","79500001","79500124","14","19941100"
"chr2","59598755","59598892","chr22","12182337","12182475","23","47416418"
"chr2","59599189","59599351","chr8","45785674","45785834","21","13813515"
"chr2","59634610","59634895","chr11","46660213","46660493","41","12974397"
"chr2","59660878","59661184","chr10","25070810","25071120","38","34590068"
"chr2","59680259","59680557","chr1","23889573","23889871","50","35790686"
"chr2","59687616","59687675","chr19","3403590","3403641","15","56284026"
"chr2","59687955","59688020","chr1","15759158","15759226","14","43928797"
"chr2","59688023","59688074","chr1","205663644","205663686","21","145975621"
"chr2","59688119","59688411","chr22","34526874","34527167","81","25161245"
"chr2","59692283","59692572","chr5","164115621","164115908","40","104423338"
"chr2","59728868","59729127","chr6","44572535","44572795","43","15156333"
"chr2","59731621","59731958","chr20","30107296","30107629","53","29624325"
"chr2","59736231","59736547","chr7","111384807","111385115","51","51648576"
"chr2","59739185","59739504","chr1","70324923","70325245","43","10585738"
"chr2","59740981","59741271","chr12","122227288","122227581","49","62486307"
"chr2","59751521","59751746","chr14","14635557","14635783","33","45115964"
"chr2","59752724","59753022","chr5","164154940","164155229","41","104402216"
"chr2","59811468","59811779","chr18","22126942","22127255","40","37684526"
"chr2","59832939","59833226","chrX","15626910","15627195","36","44206029"
"chr2","59835280","59835581","chr1","116018161","116018458","52","56182881"
"chr2","59844966","59845268","chr4","198057031","198057330","44","138212065"
"chr2","59853623","59853904","chr8","133075137","133075428","44","73221514"
"chr2","59855252","59855388","chrX","376907","377041","19","59478345"
"chr2","59887297","59887596","chr9","109734146","109734451","45","49846849"
"chr2","59993662","59993963","chr16","61362678","61362982","53","1369016"
"chr2","60043436","60043735","chr3","131643212","131643513","37","71599776"
"chr2","60053216","60053518","chr3","115893477","115893773","39","55840261"
"chr2","60054940","60055245","chr20","50795461","50795760","42","9259479"
"chr2","60064626","60064727","chr3","58825185","58825285","13","1239441"
"chr2","60065032","60065210","chr5","2767848","2768016","34","57297184"
"chr2","60066350","60066665","chr5","71193936","71194247","38","11127586"
"chr2","60069860","60069930","chr14","14067821","14067890","11","46002039"
"chr2","60070265","60070436","chr2B","99086800","99086973","23","39016535"
"chr2","60074860","60075155","chr11","3623940","3624232","43","56450920"
"chr2","60076228","60076496","chr13","14913691","14913971","46","45162537"
"chr2","60078183","60078299","chr7","76159726","76159843","10","16081543"
"chr2","60103049","60103177","chr7","6377467","6377597","14","53725582"
"chr2","60109281","60109542","chr6","38002038","38002303","56","22107243"
"chr2","60124523","60124826","chr7","75800255","75800556","44","15675732"
"chr2","60125916","60126212","chr3","185043541","185043836","42","124917625"
"chr2","60147839","60148108","chrX","9679871","9680143","46","50467968"
"chr2","60157524","60157672","chr2A","33435732","33435888","30","26721792"
"chr2","60162526","60162831","chr7","76748205","76748510","45","16585679"
"chr2","60165909","60165967","chr5","20474400","20474458","12","39691509"
"chr2","60166471","60166592","chr10","60326661","60326780","17","160190"
"chr2","60170688","60170818","chr1","25588253","25588379","19","34582435"
"chr2","60187274","60187566","chr7","139754831","139755123","36","79567557"
"chr2","60205440","60205574","chr5","111860972","111861103","25","51655532"
"chr2","60237817","60237972","chr4","7123069","7123227","26","53114748"
"chr2","60240524","60240641","chr1","15775991","15776115","28","44464533"
"chr2","60240932","60241031","chr14","76771619","76771703","26","16530687"
"chr2","60258833","60259117","chr13","93795262","93795554","52","33536429"
"chr2","60276830","60277123","chr7","101786400","101786696","53","41509570"
"chr2","60282292","60282585","chr6","45713778","45714072","45","14568514"
"chr2","60297334","60297558","chr6","22531033","22531259","30","37766301"
"chr2","60301347","60301678","chr3","2530202","2530514","60","57771145"
"chr2","60332535","60332749","chrX","69756305","69756521","33","9423770"
"chr2","60385324","60385458","chr2B","83616577","83616701","41","23231253"
"chr2","60385871","60386110","chr1","26677502","26677733","47","33708369"
"chr2","60386146","60386326","chr20","53139817","53140001","32","7246329"
"chr2","60387586","60387833","chr10","111278981","111279213","56","50891395"
"chr2","60393830","60394116","chr5","143985679","143985963","58","83591849"
"chr2","60394190","60394494","chr11","17079416","17079721","38","43314774"
"chr2","60394681","60394983","chr10","146955450","146955757","55","86560769"
"chr2","60395045","60395195","chr18","53042047","53042197","29","7352998"
"chr2","60396089","60396376","chr3","187008698","187008982","44","126612609"
"chr2","60403433","60403565","chr2B","13381090","13381223","13","47022343"
"chr2","60403861","60403894","chr7","5561759","5561791","7","54842102"
"chr2","60427236","60427542","chr5","43039903","43040206","47","17387333"
"chr2","60436819","60437095","chr15","8887885","8888167","46","51548934"
"chr2","60438349","60438483","chr11","1400740","1400880","25","59037609"
"chr2","60535282","60535591","chr3","188173462","188173769","45","127638180"
"chr2","60546406","60546500","chr19","57478343","57478435","12","3068063"
"chr2","60546724","60546841","chr8","63010003","63010119","12","2463279"
"chr2","60561684","60561986","chr12","29572651","29572955","44","30989033"
"chr2","60565660","60565860","chr16","52718854","52719054","30","7846806"
"chr2","60589427","60589705","chrX","134264263","134264566","60","73674836"
"chr2","60597183","60597479","chr12","33970534","33970830","38","26626649"
"chr2","60632776","60632850","chr11","71249745","71249828","20","10616969"
"chr2","60636617","60636723","chr19","30888452","30888557","18","29748165"
"chr2","60636719","60636791","chr3","48471017","48471088","14","12165702"
"chr2","60641307","60641427","chr6","109289964","109290086","23","48648657"
"chr2","60641826","60642115","chr14","859167","859454","40","59782659"
"chr2","60642463","60642745","chr22","17590884","17591166","49","43051579"
"chr2","60643876","60644171","chr12","52178346","52178642","48","8465530"
"chr2","60646135","60646427","chr15","77995336","77995623","53","17349201"
"chr2","60648605","60648911","chr1","21018345","21018652","46","39630260"
"chr2","60649331","60649629","chr1","183580539","183580844","51","122931208"
"chr2","60669585","60669894","chr12","120174566","120174873","52","59504981"
"chr2","60671008","60671303","chr14","53052092","53052384","49","7618916"
"chr2","60672496","60672609","chr3","50836150","50836264","12","9836346"
"chr2","60678521","60678800","chr10","40719039","40719313","41","19959482"
"chr2","60680089","60680374","chr2A","18598144","18598426","45","42081945"
"chr2","60687610","60687746","chr19","54668095","54668230","15","6019515"
"chr2","60693248","60693541","chr16","1851680","1851971","44","58841568"
"chr2","60700327","60700614","chr5","6024989","6025285","42","54675338"
"chr2","60703467","60703759","chr8","118095947","118096240","42","57392480"
"chr2","60705517","60705647","chr1","13183769","13183898","19","47521748"
"chr2","60718250","60718548","chr1","22894656","22894953","31","37823594"
"chr2","60752239","60752383","chrX","154349536","154349678","20","93597297"
"chr2","60752685","60752843","chr14","47879316","47879474","26","12873369"
"chr2","60757092","60757345","chr6","10652005","10652277","56","50105087"
"chr2","60758822","60759133","chr10","40941591","40941896","50","19817231"
"chr2","60772240","60772540","chrX","48637931","48638226","47","12134309"
"chr2","60793809","60794116","chr11","120932649","120932956","42","60138840"
"chr2","60798147","60798439","chr1","110633964","110634255","45","49835817"
"chr2","60800154","60800441","chr3","58218665","58218964","40","2581489"
"chr2","60807814","60807919","chr1","195201521","195201620","23","134393707"
"chr2","60822973","60823266","chr11","108411963","108412256","51","47588990"
"chr2","60883825","60884114","chr7","139996539","139996831","32","79112714"
"chr2","60906305","60906585","chr12","57958159","57958446","43","2948146"
"chr2","60942233","60942529","chr21","33487386","33487680","42","27454847"
"chr2","60949681","60949974","chr8","66691960","66692252","39","5742279"
"chr2","60962964","60963255","chr14","89404025","89404323","40","28441061"
"chr2","60979515","60979801","chr7","77578946","77579235","46","16599431"
"chr2","61018311","61018606","chr8","124200571","124200876","47","63182260"
"chr2","61043266","61043305","chr1","135794513","135794545","10","74751247"
"chr2","61043399","61043483","chrX","53161861","53161937","20","7881538"
"chr2","61057435","61057669","chr1","218155490","218155728","36","157098055"
"chr2","61112081","61112399","chr22","5116668","5116984","50","55995413"
"chr2","61161060","61161360","chr20","37269262","37269563","46","23891798"
"chr2","61195421","61195712","chr11","75682726","75683019","50","14487305"
"chr2","61203000","61203314","chr16","55123470","55123779","41","6079530"
"chr2","61294500","61294682","chr8","126089958","126090141","26","64795458"
"chr2","61323391","61323676","chr6","39813382","39813664","37","21510009"
"chr2","61348599","61348881","chr10","29980599","29980897","62","31368000"
"chr2","61349520","61349821","chr1","24268512","24268815","47","37081008"
"chr2","61363347","61363657","chr5","24372432","24372725","55","36990915"
"chr2","61366593","61366902","chr1","205863329","205863635","41","144496736"
"chr2","61367382","61367678","chr5","163517532","163517834","45","102150150"
"chr2","61369495","61369612","chr5","71662399","71662516","9","10292904"
"chr2","61381632","61381900","chr2A","51067710","51067987","51","10313922"
"chr2","61394841","61395134","chr11","102027036","102027329","43","40632195"
"chr2","61434109","61434374","chr20","61406768","61407038","60","27341"
"chr2","61434510","61434799","chr5","133146837","133147127","45","71712327"
"chr2","61444228","61444532","chr11","33205778","33206081","46","28238450"
"chr2","61447205","61447501","chr12","51670817","51671114","32","9776388"
"chr2","61456754","61457045","chr6","169899536","169899815","61","108442782"
"chr2","61458822","61459117","chr12","92652799","92653098","34","31193977"
"chr2","61460570","61460732","chr7","64992460","64992617","21","3531890"
"chr2","61461027","61461309","chr2A","43600721","43601001","33","17860306"
"chr2","61463675","61463801","chr20","30224859","30224984","21","31238816"
"chr2","61465002","61465233","chr8","74877463","74877706","46","13412461"
"chr2","61467192","61467467","chr3","187008698","187008982","56","125541506"
"chr2","61473951","61474158","chr7","127865621","127865819","35","66391670"
"chr2","61474231","61474460","chr2B","129890733","129890959","30","68416502"
"chr2","61475391","61475566","chr9","3792254","3792428","36","57683137"
"chr2","61481149","61481455","chr3","145562851","145563162","41","84081702"
"chr2","61488432","61488706","chr12","34242246","34242526","40","27246186"
"chr2","61489447","61489730","chrX","15626910","15627195","36","45862537"
"chr2","61493020","61493230","chr19","57723472","57723680","29","3769548"
"chr2","61529358","61529643","chr6","142141059","142141344","59","80611701"
"chr2","61532062","61532215","chr1","226730287","226730437","23","165198225"
"chr2","61551332","61551513","chr7","152492140","152492307","38","90940808"
"chr2","61552860","61553139","chr2B","33964228","33964505","43","27588632"
"chr2","61556577","61556873","chr5","14837140","14837438","42","46719437"
"chr2","61572837","61572945","chr11","63662340","63662449","10","2089503"
"chr2","61575116","61575405","chr15","68543073","68543358","42","6967957"
"chr2","61580360","61580679","chr8","64244379","64244689","46","2664019"
"chr2","61582289","61582574","chr20","35456410","35456688","47","26125879"
"chr2","61587301","61587431","chr1","64265288","64265418","19","2677987"
"chr2","61589286","61589566","chr1","38652059","38652337","53","22937227"
"chr2","61592725","61593012","chr22","7097538","7097821","42","54495187"
"chr2","61593790","61593895","chr1","31185795","31185903","16","30407995"
"chr2","61595308","61595582","chr21","33708534","33708806","46","27886774"
"chr2","61595583","61595749","chr3","12983737","12983902","30","48611846"
"chr2","61601337","61601653","chr5","162663284","162663597","45","101061947"
"chr2","61601719","61602032","chr1","10058945","10059255","45","51542774"
"chr2","61602379","61602666","chr5","39360203","39360496","55","22242176"
"chr2","61603321","61603550","chr1","10728596","10728824","29","50874725"
"chr2","61606630","61606914","chr12","35685749","35686029","49","25920881"
"chr2","61616101","61616227","chr1","64265288","64265418","13","2649187"
"chr2","61621007","61621127","chr18","20855138","20855256","27","40765869"
"chr2","61643438","61643734","chr16","39086405","39086702","38","22557033"
"chr2","61666211","61666499","chr19","49954544","49954838","36","11711667"
"chr2","61677122","61677418","chr3","72149428","72149728","47","10472306"
"chr2","61680925","61681225","chr9","22584970","22585272","36","39095955"
"chr2","61684628","61684753","chr4","98309554","98309680","13","36624926"
"chr2","61685016","61685199","chr14","47676844","47677033","33","14008172"
"chr2","61688308","61688601","chr16","65373198","65373490","33","3684890"
"chr2","61690338","61690653","chr15","9399847","9400152","47","52290491"
"chr2","61706376","61706689","chr7","152799145","152799449","40","91092769"
"chr2","61734249","61734550","chr2B","100893350","100893645","48","39159101"
"chr2","61748459","61748767","chr5","161529074","161529383","45","99780615"
"chr2","61749327","61749628","chr11","16413573","16413862","44","45335754"
"chr2","61749911","61750191","chr9","110099856","110100139","39","48349945"
"chr2","61753501","61753792","chr13","14812050","14812345","35","46941451"
"chr2","61754701","61754994","chr1","28490498","28490788","37","33264203"
"chr2","61764074","61764360","chr4","21361861","21362148","41","40402213"
"chr2","61770571","61770852","chr8","118175885","118176162","47","56405314"
"chr2","61778400","61778723","chr1","95566830","95567140","54","33788430"
"chr2","61793445","61793540","chr3","161211314","161211411","17","99417869"
"chr2","61793886","61794163","chr2A","91226732","91227007","44","29432846"
"chr2","61822726","61822896","chr19","7251575","7251742","23","54571151"
"chr2","61823204","61823329","chr2B","7617248","7617371","23","54205956"
"chr2","61828709","61828993","chr18","54745001","54745284","47","7083708"
"chr2","61832994","61833130","chr19","10370482","10370616","12","51462512"
"chr2","61833419","61833571","chr10","116149704","116149852","28","54316285"
"chr2","61833831","61833966","chr17","4823942","4824078","19","57009889"
"chr2","61836696","61836902","chr12","122850080","122850289","41","61013384"
"chr2","61837222","61837369","chr14","41068194","41068337","31","20769028"
"chr2","61838932","61839094","chr6","20955212","20955371","27","40883720"
"chr2","61864506","61864821","chr3","11517066","11517372","70","50347440"
"chr2","61866477","61866780","chr14","10323743","10324034","44","51542734"
"chr2","61867660","61867958","chr2B","112013303","112013605","39","50145643"
"chr2","61870919","61871212","chrX","127698242","127698528","59","65827323"
"chr2","61906691","61907001","chr5","34215137","34215446","40","27691554"
"chr2","61916001","61916265","chrX","18875176","18875442","40","43040825"
"chr2","61919842","61920080","chr7","37005946","37006181","40","24913896"
"chr2","61920665","61920866","chr5","64959907","64960109","29","3039242"
"chr2","61921846","61922135","chr3","126629388","126629676","47","64707542"
"chr2","61942294","61942611","chr2A","91396217","91396518","53","29453923"
"chr2","61942760","61942865","chr6","10607625","10607733","16","51335135"
"chr2","61961283","61961403","chr15","43014654","43014776","13","18946629"
"chr2","61962055","61962179","chr7","16483204","16483328","17","45478851"
"chr2","61969951","61970242","chr4","105881590","105881885","57","43911639"
"chr2","61971444","61971601","chr2A","42885896","42886049","36","19085548"
"chr2","61972971","61973118","chr12","122449507","122449665","31","60476536"
"chr2","61977514","61977640","chr17","2634419","2634540","21","59343095"
"chr2","61978900","61979189","chr7","154548529","154548808","77","92569629"
"chr2","61990955","61991248","chr5","161290797","161291088","45","99299842"
"chr2","61998956","61999240","chr11","67721064","67721346","42","5722108"
"chr2","62004567","62004698","chrX","18785850","18785985","21","43218717"
"chr2","62004996","62005075","chr16","29898173","29898251","12","32106823"
"chr2","62006858","62007125","chr8","4739306","4739572","47","57267552"
"chr2","62007762","62008051","chrX","42228408","42228695","43","19779354"
"chr2","62008203","62008482","chr10","37049011","37049300","55","24959192"
"chr2","62019485","62019786","chr15","63405417","63405720","43","1385932"
"chr2","62026199","62026349","chr2B","65020565","65020719","23","2994366"
"chr2","62026487","62026612","chr6","16800077","16800197","17","45226410"
"chr2","62029417","62029542","chr6","16800077","16800197","17","45229340"
"chr2","62030568","62030875","chr3","51250821","51251133","55","10779747"
"chr2","62030994","62031300","chr5","161258905","161259199","46","99227911"
"chr2","62033171","62033308","chr22","4179711","4179847","49","57853460"
"chr2","62033813","62034108","chr1","32163374","32163672","43","29870439"
"chr2","62034690","62034985","chr22","16498788","16499084","46","45535902"
"chr2","62036681","62036979","chr3","121298263","121298559","39","59261582"
"chr2","62037977","62038209","chr17","1046845","1047085","56","60991132"
"chr2","62039459","62039730","chr2A","97575148","97575418","54","35535689"
"chr2","62042456","62042744","chr12","21623757","21624045","35","40418699"
"chr2","62043532","62043662","chr5","141700662","141700793","16","79657130"
"chr2","62043973","62044138","chr6","164420460","164420623","25","102376487"
"chr2","62051053","62051358","chr19","20156875","20157179","48","41894178"
"chr2","62063030","62063154","chr21","23023866","23023983","22","39039164"
"chr2","62066267","62066435","chr19","41767896","41768064","39","20298371"
"chr2","62069217","62069405","chr9","15750083","15750270","36","46319134"
"chr2","62070471","62070615","chr11","72896181","72896325","30","10825710"
"chr2","62070616","62070900","chr4","101447458","101447743","57","39376842"
"chr2","62070901","62071080","chr20","63010421","63010595","25","939520"
"chr2","62072815","62072947","chr10","41175836","41175968","11","20896979"
"chr2","62083923","62084208","chrX","154613046","154613335","40","92529123"
"chr2","62086407","62086536","chr1","213473838","213473970","20","151387431"
"chr2","62087205","62087501","chr15","52121107","52121401","34","9966098"
"chr2","62089382","62089542","chr12","30393770","30393933","30","31695612"
"chr2","62089843","62089978","chr22","31972723","31972857","20","30117120"
"chr2","62092394","62092691","chr6","45713778","45714072","44","16378616"
"chr2","62099426","62099604","chr22","12987595","12987769","19","49111831"
"chr2","62099897","62100014","chr5","47502129","47502246","32","14597768"
"chr2","62108650","62108783","chr14","73234954","73235089","29","11126304"
"chr2","62109085","62109097","chr19","45740315","45740328","5","16368770"
"chr2","62109408","62109567","chr14","21056651","21056807","28","41052757"
"chr2","62112743","62113051","chr6","112148811","112149116","38","50036068"
"chr2","62113086","62113375","chr12","92652799","92653098","43","30539713"
"chr2","62118151","62118326","chr1","205945113","205945290","31","143826962"
"chr2","62118560","62118855","chr5","14837140","14837438","35","47281420"
"chr2","62119165","62119458","chr9","50705192","50705487","41","11413973"
"chr2","62138853","62138996","chr4","98500657","98500795","22","36361804"
"chr2","62148716","62148832","chr6","32533953","32534063","20","29614763"
"chr2","62149893","62150014","chr15","3302887","3303005","18","58847006"
"chr2","62150087","62150211","chr11","24833191","24833315","17","37316896"
"chr2","62150229","62150309","chrX","120686510","120686589","15","58536281"
"chr2","62150624","62150862","chr17","51855783","51856018","49","10294841"
"chr2","62152209","62152517","chr18","23041143","23041446","40","39111066"
"chr2","62155486","62155622","chr5","118006764","118006899","13","55851278"
"chr2","62172403","62172585","chr5","3962472","3962655","21","58209931"
"chr2","62178082","62178215","chr5","2544213","2544344","18","59633869"
"chr2","62178216","62178524","chr3","183924273","183924579","44","121746057"
"chr2","62178525","62178662","chr5","6272328","6272463","29","55906197"
"chr2","62183218","62183333","chr16","12332334","12332448","13","49850884"
"chr2","62183794","62183948","chr14","61025207","61025361","27","1158587"
"chr2","62184055","62184220","chr6","34012414","34012575","28","28171641"
"chr2","62186061","62186191","chr5","123735052","123735181","13","61548991"
"chr2","62194489","62194567","chr2B","30054350","30054426","16","32140139"
"chr2","62198153","62198306","chr2A","14858049","14858181","39","47340104"
"chr2","62199528","62199787","chr5","161107260","161107523","41","98907732"
"chr2","62217380","62217681","chr5","161101237","161101546","52","98883857"
"chr2","62233921","62234178","chr10","100354316","100354578","45","38120395"
"chr2","62244419","62244709","chr1","154549010","154549304","43","92304591"
"chr2","62246937","62247238","chr13","30994481","30994780","39","31252456"
"chr2","62257588","62257879","chr1","214818063","214818354","39","152560475"
"chr2","62272368","62272587","chr9","58683859","58684073","27","3588509"
"chr2","62286487","62286770","chr4","97545528","97545824","39","35259041"
"chr2","62303429","62303659","chr6","117110600","117110823","38","54807171"
"chr2","62331224","62331517","chr4","65563130","65563433","54","3231906"
"chr2","62354292","62354465","chr1","24681785","24681955","27","37672507"
"chr2","62396189","62396497","chr21","36371656","36371957","42","26024533"
"chr2","62449908","62450134","chr6","33918670","33918897","34","28531238"
"chr2","62482936","62483235","chr1","188715058","188715358","39","126232122"
"chr2","62537541","62537788","chr6","12870764","12871010","41","49666777"
"chr2","62537921","62538000","chr1","13208457","13208533","21","49329464"
"chr2","62561148","62561441","chr21","25841207","25841509","52","36719941"
"chr2","62587321","62587427","chr19","10361184","10361293","37","52226137"
"chr2","62587731","62587898","chr1","24681785","24681955","27","37905946"
"chr2","62605388","62605688","chr12","92710799","92711100","47","30105411"
"chr2","62631110","62631273","chr16","31552584","31552750","29","31078526"
"chr2","62631298","62631417","chr13","45572667","45572789","12","17058631"
"chr2","62658105","62658416","chrX","51478083","51478380","53","11180022"
"chr2","62659466","62659769","chr3","51766820","51767120","39","10892646"
"chr2","62660899","62661197","chr2A","59940886","59941173","42","2720013"
"chr2","62673673","62673969","chr8","101544594","101544890","40","38870921"
"chr2","62674173","62674256","chr7","65088911","65088992","13","2414738"
"chr2","62692192","62692333","chr9","97858988","97859128","21","35166796"
"chr2","62692639","62692800","chr5","34630329","34630487","28","28062310"
"chr2","62709506","62709811","chr20","3696191","3696492","38","59013315"
"chr2","62726508","62726772","chr1","13857836","13858100","34","48868672"
"chr2","62738398","62738661","chr1","87899763","87900027","49","25161365"
"chr2","62742809","62742951","chr8","124755837","124755983","24","62013028"
"chr2","62745131","62745444","chr18","8420691","8420994","49","54324440"
"chr2","62748247","62748385","chr20","30356572","30356694","33","32391675"
"chr2","62748537","62748739","chr13","33989108","33989289","54","28759429"
"chr2","62771708","62771818","chr11","44591693","44591805","17","18180015"
"chr2","62776552","62776677","chr17","2634419","2634540","20","60142133"
"chr2","62790594","62790868","chr15","55184830","55185104","48","7605764"
"chr2","62811021","62811321","chr12","37531968","37532269","42","25279053"
"chr2","62811910","62812120","chr9","74819531","74819730","26","12007621"
"chr2","62813710","62813980","chr14","65752935","65753208","44","2939225"
"chr2","62814854","62815022","chrX","52096827","52096988","24","10718027"
"chr2","62815335","62815467","chr19","10370482","10370616","17","52444853"
"chr2","62824250","62824542","chr6","44225213","44225501","37","18599037"
"chr2","62829069","62829239","chr1","158656611","158656779","31","95827542"
"chr2","62829597","62829735","chr2B","96120242","96120374","21","33290645"
"chr2","62830151","62830462","chr2B","22798780","22799089","37","40031371"
"chr2","62831087","62831218","chr2A","83046720","83046854","20","20215633"
"chr2","62839822","62840146","chr9","78343201","78343524","58","15503379"
"chr2","62855488","62855620","chr4","7164294","7164429","18","55691194"
"chr2","62855621","62855736","chr12","36410722","36410841","18","26444899"
"chr2","62856028","62856191","chr3","12983737","12983902","28","49872291"
"chr2","62856192","62856337","chr12","114431855","114431988","32","51575663"
"chr2","62857044","62857343","chr1","35613946","35614245","38","27243098"
"chr2","62858728","62859012","chr15","64647983","64648276","58","1789255"
"chr2","62868621","62868802","chr7","152492140","152492307","39","89623519"
"chr2","62870142","62870434","chr11","47222402","47222700","48","15647740"
"chr2","62872662","62872886","chr1","25190644","25190872","39","37682018"
"chr2","62897996","62898228","chr6","161266039","161266264","37","98368043"
"chr2","62918451","62918561","chr12","110394631","110394739","11","47476180"
"chr2","62927286","62927392","chr4","163870071","163870182","17","100942785"
"chr2","62933387","62933534","chr14","85805329","85805476","23","22871942"
"chr2","62937661","62937958","chr1","162410722","162411019","31","99473061"
"chr2","62945963","62946233","chr5","88920804","88921072","40","25974841"
"chr2","62948692","62949050","chr4","197982628","197982985","66","135033936"
"chr2","62958245","62958533","chr9","107563021","107563319","47","44604776"
"chr2","62980642","62980819","chr16","11651014","11651190","25","51329628"
"chr2","62996305","62996467","chr5","160376645","160376807","12","97380340"
"chr2","63001964","63002213","chr8","74307336","74307585","39","11305372"
"chr2","63024427","63024556","chr5","44204051","44204177","20","18820376"
"chr2","63024846","63024994","chr10","24785758","24785916","39","38239088"
"chr2","63027703","63027998","chr5","77074553","77074836","44","14046850"
"chr2","63035025","63035242","chrX","69756305","69756521","30","6721280"
"chr2","63037937","63038043","chr9","118951975","118952082","18","55914038"
"chr2","63040850","63041151","chr4","162633247","162633546","48","99592397"
"chr2","63044190","63044480","chr6","153170383","153170681","44","90126193"
"chr2","63046268","63046518","chr5","160433916","160434172","39","97387648"
"chr2","63063030","63063319","chr12","92710799","92711100","52","29647769"
"chr2","63064152","63064447","chr1","43874114","43874415","40","19190038"
"chr2","63070720","63071044","chrX","40215717","40216034","64","22855003"
"chr2","63081184","63081366","chr16","27558694","27558880","51","35522490"
"chr2","63088741","63088853","chr12","93478349","93478456","18","30389608"
"chr2","63096625","63096877","chr13","12166213","12166466","32","50930412"
"chr2","63105455","63105619","chr18","67512914","67513079","22","4407459"
"chr2","63110718","63110849","chr5","117884309","117884441","24","54773591"
"chr2","63114620","63114747","chr6","78227073","78227205","15","15112453"
"chr2","63129261","63129564","chr1","6398929","6399233","43","56730332"
"chr2","63131375","63131670","chr2A","64795523","64795818","43","1664148"
"chr2","63139962","63140260","chr10","90501342","90501631","50","27361380"
"chr2","63140611","63140921","chr2A","1960881","1961187","44","61179730"
"chr2","63150026","63150340","chr4","201491313","201491623","42","138341287"
"chr2","63154734","63154858","chr21","23023866","23023983","20","40130868"
"chr2","63158182","63158507","chr6","112148811","112149116","56","48990629"
"chr2","63173782","63173954","chr10","132245824","132245994","26","69072042"
"chr2","63174263","63174398","chr5","118006764","118006899","14","54832501"
"chr2","63202466","63202751","chr19","2575838","2576119","39","60626628"
"chr2","63205354","63205563","chr3","198892973","198893176","35","135687619"
"chr2","63207746","63207881","chr19","18994049","18994182","22","44213697"
"chr2","63208184","63208345","chr1","26756482","26756638","27","36451702"
"chr2","63208797","63209082","chr6","55712855","55713144","51","7495942"
"chr2","63211536","63211604","chrX","117997591","117997659","19","54786055"
"chr2","63214102","63214444","chr6","146252408","146252744","46","83038306"
"chr2","63215431","63215594","chr20","2150753","2150919","32","61064678"
"chr2","63215996","63216125","chr1","115975835","115975970","14","52759839"
"chr2","63240182","63240432","chr7","73004907","73005160","41","9764725"
"chr2","63251672","63251963","chr11","101615949","101616238","33","38364277"
"chr2","63257166","63257440","chr7","73284428","73284695","34","10027262"
"chr2","63268649","63268833","chr16","23669145","23669323","30","39599504"
"chr2","63269145","63269279","chr6","37274114","37274248","13","25995031"
"chr2","63277981","63278044","chr5","59951820","59951887","8","3326161"
"chr2","63285355","63285621","chr17","40863135","40863416","45","22422220"
"chr2","63287545","63287758","chr1","209109553","209109770","41","145822008"
"chr2","63297763","63297901","chr4","196598034","196598165","24","133300271"
"chr2","63298193","63298383","chr9","52400179","52400345","48","10898014"
"chr2","63306100","63306199","chr7","76031609","76031706","20","12725509"
"chr2","63306502","63306606","chr7","75122296","75122392","27","11815794"
"chr2","63307463","63307707","chr1","43158847","43159094","42","20148616"
"chr2","63327613","63327771","chr9","22551456","22551615","28","40776157"
"chr2","63358285","63358578","chr4","130314501","130314796","33","66956216"
"chr2","63361055","63361162","chr16","66153878","66153986","11","2792823"
"chr2","63361412","63361617","chr5","144127285","144127498","41","80765873"
"chr2","63372258","63372558","chr8","9756252","9756551","44","53616006"
"chr2","63407624","63407756","chr11","68261757","68261885","20","4854133"
"chr2","63415144","63415324","chr7","112792877","112793058","33","49377733"
"chr2","63417193","63417495","chr18","23041143","23041446","37","40376050"
"chr2","63458703","63459000","chr19","7923793","7924089","38","55534910"
"chr2","63467585","63467883","chr2B","27479861","27480161","44","35987724"
"chr2","63504275","63504413","chr6","141208908","141209041","27","77704633"
"chr2","63522061","63522338","chr7","73729680","73729963","39","10207619"
"chr2","63534103","63534400","chr3","125068067","125068363","39","61533964"
"chr2","63543601","63543897","chrX","124079470","124079765","43","60535869"
"chr2","63554158","63554463","chrX","16571125","16571431","37","46983033"
"chr2","63554821","63555029","chr6","33419216","33419420","26","30135605"
"chr2","63592783","63592971","chr11","34155153","34155337","31","29437630"
"chr2","63630246","63630490","chr5","162576547","162576786","38","98946301"
"chr2","63680168","63680460","chr2B","99138806","99139094","47","35458638"
"chr2","63683423","63683591","chrX","72008764","72008935","21","8325341"
"chr2","63683751","63683849","chrX","69659721","69659814","19","5975970"
"chr2","63685697","63685868","chr19","12375476","12375643","34","51310221"
"chr2","63691816","63692123","chr7","152799145","152799449","39","89107329"
"chr2","63692836","63693133","chr19","40814054","40814348","43","22878782"
"chr2","63696164","63696384","chr3","176002907","176003124","35","112306743"
"chr2","63721194","63721492","chr3","130555283","130555582","44","66834089"
"chr2","63725990","63726299","chr6","55712855","55713144","64","8013135"
"chr2","63769735","63770037","chr6","144447175","144447478","47","80677440"
"chr2","63795932","63796193","chr14","54805719","54805978","38","8990213"
"chr2","63802803","63803065","chr9","110005354","110005621","66","46202551"
"chr2","63807534","63807859","chr7","135108458","135108766","56","71300924"
"chr2","63809462","63809516","chr1","14932548","14932599","7","48876914"
"chr2","63830203","63830529","chr1","9356953","9357263","58","54473250"
"chr2","63832303","63832599","chr5","138483795","138484085","44","74651492"
"chr2","63834931","63835226","chr9","71736676","71736971","38","7901745"
"chr2","63840500","63840780","chr12","104051075","104051359","54","40210575"
"chr2","63841136","63841259","chr10","6721061","6721184","14","57120075"
"chr2","63869091","63869330","chrX","30601067","30601305","51","33268024"
"chr2","63875707","63876000","chr2B","82727117","82727413","51","18851410"
"chr2","63889461","63889767","chr1","33632173","33632471","41","30257288"
"chr2","63890654","63890934","chr6","133579557","133579841","38","69688903"
"chr2","63890977","63890988","chr4","5068614","5068624","1","58822363"
"chr2","63904843","63905127","chr1","210802034","210802321","36","146897191"
"chr2","63917552","63917837","chr2B","112915357","112915644","53","48997805"
"chr2","63938199","63938484","chr3","33535652","33535945","46","30402547"
"chr2","63950085","63950389","chr7","149306264","149306570","36","85356179"
"chr2","63950635","63950752","chr8","51673382","51673503","27","12277253"
"chr2","63951048","63951189","chr5","162061018","162061158","19","98109970"
"chr2","63952900","63953203","chr18","23316517","23316824","48","40636383"
"chr2","63966046","63966248","chr15","23400430","23400637","40","40565616"
"chr2","63985797","63986095","chr13","33863635","33863932","41","30122162"
"chr2","63988107","63988282","chr12","132606425","132606599","33","68618318"
"chr2","63988584","63988711","chr1","216046125","216046259","24","152057541"
"chr2","63999580","63999872","chr11","74525977","74526281","50","10526397"
"chr2","64011503","64011742","chr5","20004674","20004909","53","44006829"
"chr2","64031563","64031694","chr7","82210564","82210699","20","18179001"
"chr2","64034698","64034996","chr13","48906070","48906367","34","15128628"
"chr2","64052650","64052944","chrX","68143449","68143736","48","4090799"
"chr2","64060559","64060860","chr8","102268741","102269039","36","38208182"
"chr2","64069306","64069623","chr8","146073201","146073497","56","82003895"
"chr2","64104745","64105023","chr5","37142241","37142525","47","26962504"
"chr2","64116581","64116879","chr8","82894963","82895258","42","18778382"
"chr2","64174591","64174901","chr4","69296987","69297294","45","5122396"
"chr2","64226396","64226695","chr1","36326602","36326903","46","27899794"
"chr2","64250860","64251171","chr1","19590137","19590444","47","44660723"
"chr2","64262845","64262996","chr3","27349311","27349454","34","36913534"
"chr2","64263078","64263203","chr19","48093652","48093781","13","16169426"
"chr2","64330487","64330742","chr1","9245866","9246113","44","55084621"
"chr2","64380177","64380464","chr7","77548302","77548597","45","13168125"
"chr2","64391820","64392113","chr17","9489493","9489790","33","54902327"
"chr2","64424688","64424950","chr14","63907096","63907358","38","517592"
"chr2","64459402","64459703","chr9","107563021","107563319","37","43103619"
"chr2","64487477","64487759","chr10","96515519","96515797","43","32028042"
"chr2","64502665","64502791","chr21","16737892","16738020","22","47764773"
"chr2","64513965","64514243","chr18","77456408","77456687","45","12942443"
"chr2","64521869","64522162","chr5","125524793","125525087","45","61002924"
"chr2","64524710","64524996","chr6","113507612","113507899","40","48982902"
"chr2","64567704","64568006","chr5","23688574","23688875","52","40879130"
"chr2","64582426","64582731","chr9","78876280","78876587","40","14293854"
"chr2","64619542","64619664","chr2B","17098607","17098736","21","47520935"
"chr2","64631957","64632024","chr17","1340001","1340066","14","63291956"
"chr2","64633361","64633652","chr10","107621215","107621503","36","42987854"
"chr2","64662131","64662447","chr7","85560938","85561239","59","20898807"
"chr2","64696959","64697236","chr17","89332691","89332980","43","24635732"
"chr2","64741055","64741359","chr16","37207893","37208199","49","27533162"
"chr2","64798172","64798484","chr13","27265527","27265830","57","37532645"
"chr2","64857633","64857935","chr9","108887316","108887615","45","44029683"
"chr2","64938524","64938802","chr10","28066159","28066447","48","36872365"
"chr2","64985567","64985856","chr12","111241282","111241572","37","46255715"
"chr2","65057113","65057238","chr4","124330910","124331034","16","59273797"
"chr2","65199232","65199530","chr18","6290781","6291080","42","58908451"
"chr2","65219562","65219880","chr7","5131119","5131432","45","60088443"
"chr2","65220903","65221193","chr12","75548410","75548699","53","10327507"
"chr2","65243359","65243694","chr3","121038671","121038982","60","55795312"
"chr2","65251525","65251827","chr1","10861894","10862201","36","54389631"
"chr2","65252427","65252717","chr9","41878230","41878523","36","23374197"
"chr2","65269346","65269650","chr14","10234154","10234457","53","55035192"
"chr2","65293177","65293465","chr7","41709282","41709579","40","23583895"
"chr2","65315503","65315807","chr14","61305129","61305433","66","4010374"
"chr2","65326750","65327044","chr15","69777804","69778096","40","4451054"
"chr2","65330502","65330783","chr1","135783396","135783678","44","70452894"
"chr2","65330807","65330819","chr1","58325006","58325017","2","7005801"
"chr2","65354406","65354712","chr6","41718784","41719084","43","23635622"
"chr2","65369766","65370029","chr7","2270201","2270458","55","63099565"
"chr2","65377797","65378092","chr2B","71437249","71437549","39","6059452"
"chr2","65378303","65378414","chr22","4148188","4148281","39","61230115"
"chr2","65399710","65399840","chr12","9001577","9001712","23","56398133"
"chr2","65400330","65400534","chr17","7815860","7816064","29","57584470"
"chr2","65403901","65404011","chr1","116960879","116960991","17","51556978"
"chr2","65407761","65408095","chr2A","36869206","36869534","55","28538555"
"chr2","65420567","65420845","chr8","28137465","28137746","40","37283102"
"chr2","65420867","65420894","chr6","141586755","141586779","6","76165888"
"chr2","65424010","65424311","chr14","65645584","65645881","41","221574"
"chr2","65433187","65433479","chr18","20107956","20108245","51","45325231"
"chr2","65446676","65446958","chr17","63805578","63805863","48","1641098"
"chr2","65462197","65462517","chr17","87468445","87468755","53","22006248"
"chr2","65501718","65502027","chr11","118566750","118567050","47","53065032"
"chr2","65537245","65537407","chr4","158776911","158777072","26","93239666"
"chr2","65575342","65575655","chr13","8799375","8799686","42","56775967"
"chr2","65586283","65586524","chr13","22882667","22882911","40","42703616"
"chr2","65680652","65680959","chr10","66827242","66827544","41","1146590"
"chr2","65684643","65684932","chr5","41021106","41021403","67","24663537"
"chr2","65709265","65709557","chr9","113844558","113844856","52","48135293"
"chr2","65739509","65739724","chr7","27999169","27999383","39","37740340"
"chr2","65740025","65740118","chr3","149918887","149918980","19","84178862"
"chr2","65808765","65809057","chr19","18938147","18938438","47","46870618"
"chr2","65861788","65861922","chr1","23421287","23421422","21","42440501"
"chr2","65865192","65865326","chr1","23421287","23421422","21","42443905"
"chr2","65870667","65870849","chr1","7856572","7856749","39","58014095"
"chr2","65896468","65896746","chr12","67880307","67880590","36","1983839"
"chr2","65982203","65982489","chr2A","64489855","64490143","43","1492348"
"chr2","66099876","66100178","chr5","158041398","158041698","33","91941522"
"chr2","66106723","66107034","chr1","215280677","215280982","40","149173954"
"chr2","66180701","66180823","chr15","73119233","73119360","13","6938532"
"chr2","66181436","66181750","chr5","157961090","157961393","43","91779654"
"chr2","66182806","66183101","chr4","195156146","195156441","41","128973340"
"chr2","66293453","66293748","chrX","4516849","4517146","45","61776604"
"chr2","66298019","66298300","chr2A","58665197","58665491","46","7632822"
"chr2","66347622","66347844","chr12","14038754","14038965","41","52308868"
"chr2","66378552","66378851","chr12","56150958","56151248","48","10227594"
"chr2","66384111","66384417","chr18","11626069","11626374","37","54758042"
"chr2","66411325","66411618","chr4","162720099","162720395","52","96308774"
"chr2","66445026","66445142","chr7","50743927","50744040","20","15701099"
"chr2","66452075","66452332","chr1","9245866","9246113","64","57206209"
"chr2","66487348","66487632","chr7","64304019","64304303","39","2183329"
"chr2","66593619","66593917","chr18","68136729","68137022","56","1543110"
"chr2","66671651","66671947","chr5","117760443","117760736","42","51088792"
"chr2","66693492","66693787","chr2A","67692225","67692524","36","998733"
"chr2","66742297","66742395","chrX","24261749","24261845","16","42480548"
"chr2","66763640","66763902","chr11","119005987","119006249","40","52242347"
"chr2","66766028","66766322","chr17","62378440","62378728","48","4387588"
"chr2","66790326","66790621","chr12","22156138","22156432","42","44634188"
"chr2","66908774","66909051","chr18","72724792","72725069","53","5816018"
"chr2","66947144","66947433","chr14","21870436","21870723","51","45076708"
"chr2","66964954","66965259","chr1","28740587","28740894","46","38224367"
"chr2","66986595","66986901","chr12","120174566","120174873","46","53187971"
"chr2","66996440","66996534","chr3","72852297","72852391","14","5855857"
"chr2","67000850","67001137","chr5","157302755","157303060","53","90301905"
"chr2","67005858","67006102","chrX","100915985","100916220","39","33910127"
"chr2","67006129","67006171","chr17","38735481","38735529","10","28270648"
"chr2","67015006","67015295","chr5","30036297","30036578","38","36978709"
"chr2","67039996","67040266","chr4","171202478","171202770","72","104162482"
"chr2","67055442","67055747","chrX","154613046","154613335","47","87557604"
"chr2","67066886","67066951","chr19","47817137","47817195","10","19249749"
"chr2","67068250","67068422","chr8","67783104","67783272","31","714854"
"chr2","67074754","67074881","chr20","62861386","62861517","18","4213368"
"chr2","67081988","67082286","chr8","101544594","101544890","36","34462606"
"chr2","67093573","67093879","chr5","157209628","157209927","59","90116055"
"chr2","67095707","67096024","chr1","38236936","38237247","51","28858771"
"chr2","67112066","67112201","chr16","470632","470763","18","66641434"
"chr2","67112543","67112696","chr10","127607927","127608068","39","60495384"
"chr2","67124480","67124599","chr7","5414295","5414412","10","61710185"
"chr2","67125186","67125450","chr5","26951059","26951340","49","40174127"
"chr2","67131933","67132209","chr11","9392301","9392584","41","57739632"
"chr2","67141699","67141859","chr7","72046197","72046353","23","4904498"
"chr2","67142732","67143034","chr5","34371034","34371338","49","32771698"
"chr2","67150106","67150405","chr19","14638514","14638815","57","52511592"
"chr2","67158843","67158962","chr3","62852860","62852977","12","4305983"
"chr2","67158964","67159057","chr14","23880117","23880209","8","43278847"
"chr2","67167295","67167544","chrX","18714938","18715191","37","48452357"
"chr2","67191204","67191488","chr5","16293755","16294048","43","50897449"
"chr2","67200644","67200945","chr5","10858847","10859148","47","56341797"
"chr2","67201013","67201142","chr14","12485207","12485337","17","54715806"
"chr2","67217990","67218279","chr9","89621359","89621656","46","22403369"
"chr2","67218532","67218818","chr8","47285126","47285421","43","19933406"
"chr2","67240701","67240850","chr9","104190876","104191021","21","36950175"
"chr2","67241372","67241468","chr19","46646464","46646561","14","20594908"
"chr2","67242169","67242497","chr3","182788811","182789122","56","115546642"
"chr2","67272877","67273164","chr9","106799866","106800156","39","39526989"
"chr2","67298949","67299277","chr19","4986222","4986544","44","62312727"
"chr2","67303308","67303603","chr7","2220957","2221253","40","65082351"
"chr2","67307302","67307581","chr11","117270984","117271275","47","49963682"
"chr2","67309839","67309981","chr5","3826933","3827072","15","63482906"
"chr2","67310281","67310453","chr19","44052931","44053089","35","23257350"
"chr2","67322808","67322970","chr19","12031666","12031828","20","55291142"
"chr2","67338419","67338710","chr1","109964973","109965267","47","42626554"
"chr2","67346924","67347219","chr5","156972832","156973135","36","89625908"
"chr2","67347238","67347319","chr1","15789870","15789951","11","51557368"
"chr2","67347946","67348135","chr19","7407658","7407844","48","59940288"
"chr2","67363100","67363232","chr5","34819640","34819772","21","32543460"
"chr2","67365327","67365635","chr7","40445781","40446084","38","26919546"
"chr2","67373134","67373288","chr3","83667404","83667560","25","16294270"
"chr2","67373566","67373677","chr1","40880566","40880685","19","26493000"
"chr2","67377725","67377976","chr20","22370234","22370488","46","45007491"
"chr2","67382457","67382470","chr13","1361160","1361170","4","66021297"
"chr2","67382788","67382956","chr12","33023715","33023880","21","34359073"
"chr2","67396320","67396580","chr2B","70334516","70334775","35","2938196"
"chr2","67412492","67412794","chr12","95040092","95040387","43","27627600"
"chr2","67429235","67429368","chr6","19544036","19544168","14","47885199"
"chr2","67432200","67432343","chr4","25191455","25191599","20","42240745"
"chr2","67434376","67434667","chr6","6961421","6961714","50","60472955"
"chr2","67442571","67442699","chr1","106812839","106812964","22","39370268"
"chr2","67449527","67449819","chr17","25463087","25463378","37","41986440"
"chr2","67450068","67450297","chr1","19327547","19327763","49","48122521"
"chr2","67453161","67453452","chr2A","67830661","67830952","30","377500"
"chr2","67462117","67462431","chr15","62295406","62295717","47","5166711"
"chr2","67479835","67480137","chr1","10736484","10736788","44","56743351"
"chr2","67487283","67487587","chr5","156830086","156830394","45","89342803"
"chr2","67626178","67626440","chr6","135427576","135427840","48","67801398"
"chr2","67632439","67632559","chr12","103078630","103078751","18","35446191"
"chr2","67632592","67632737","chr6","147767456","147767603","26","80134864"
"chr2","67646154","67646457","chr8","78252232","78252538","39","10606078"
"chr2","67696850","67697157","chr6","92117068","92117375","42","24420218"
"chr2","67709852","67710163","chrX","128923641","128923950","47","61213789"
"chr2","67716837","67717002","chr19","17783643","17783802","27","49933194"
"chr2","67720405","67720663","chrX","119321161","119321415","42","51600756"
"chr2","67798814","67799107","chr7","73094896","73095187","40","5296082"
"chr2","67806739","67807043","chr5","102245253","102245558","40","34438514"
"chr2","67808070","67808089","chr10","23068063","23068080","4","44740007"
"chr2","67808127","67808282","chr12","93049007","93049161","27","25240880"
"chr2","67814788","67815095","chr14","24049697","24049995","39","43765091"
"chr2","67815762","67815994","chr6","22531033","22531259","31","45284729"
"chr2","67823892","67824187","chr12","92652799","92653098","34","24828907"
"chr2","67828300","67828465","chr6","157763576","157763735","29","89935276"
"chr2","67831481","67831756","chr10","90832231","90832515","51","23000750"
"chr2","67831799","67831925","chr6","137233840","137233966","16","69402041"
"chr2","67861794","67862082","chr7","27700343","27700644","53","40161451"
"chr2","67868725","67868858","chr9","68146846","68146977","18","278121"
"chr2","67876653","67876955","chr19","14638514","14638815","46","53238139"
"chr2","67886734","67886951","chr11","747351","747560","36","67139383"
"chr2","67894721","67895019","chr12","18030953","18031244","40","49863768"
"chr2","67899050","67899181","chr14","57560348","57560480","17","10338702"
"chr2","67899842","67900138","chr11","19826889","19827182","54","48072953"
"chr2","67903713","67903984","chr9","30283665","30283950","40","37620048"
"chr2","67917532","67917659","chr1","25588253","25588379","31","42329279"
"chr2","67918251","67918382","chr5","119210493","119210629","19","51292242"
"chr2","67945192","67945329","chr2B","13381090","13381223","15","54564102"
"chr2","67959037","67959331","chr1","227289612","227289907","44","159330575"
"chr2","67972033","67972154","chr6","28343524","28343651","16","39628509"
"chr2","67974123","67974385","chr4","117879289","117879550","43","49905166"
"chr2","67978390","67978596","chr4","167473632","167473838","53","99495242"
"chr2","67982658","67982964","chr11","56648134","56648436","34","11334524"
"chr2","67998460","67998742","chr19","52543188","52543469","49","15455272"
"chr2","68020281","68020568","chr17","10604134","10604424","42","57416147"
"chr2","68020928","68021063","chr5","118006764","118006899","11","49985836"
"chr2","68023472","68023778","chr7","56523996","56524301","46","11499476"
"chr2","68024440","68024569","chr7","78998821","78998955","16","10974381"
"chr2","68067712","68067892","chr6","44980992","44981173","26","23086720"
"chr2","68069949","68070046","chr16","17441457","17441552","15","50628492"
"chr2","68092623","68092713","chr2A","32444781","32444871","10","35647842"
"chr2","68106762","68107043","chr14","72061594","72061875","46","3954832"
"chr2","68107706","68107998","chr4","198792500","198792789","48","130684794"
"chr2","68112725","68113008","chr3","199443194","199443483","41","131330469"
"chr2","68129322","68129627","chr8","124200571","124200876","37","56071249"
"chr2","68131487","68131786","chr16","25165816","25166112","31","42965671"
"chr2","68135850","68136157","chr6","112148811","112149116","34","44012961"
"chr2","68142632","68142854","chr8","100945755","100945963","59","32803123"
"chr2","68152533","68152843","chr14","47524534","47524845","41","20627999"
"chr2","68155893","68156202","chr7","46621710","46622019","47","21534183"
"chr2","68160497","68160798","chr11","48209135","48209431","46","19951362"
"chr2","68165137","68165337","chr20","31601124","31601321","34","36564013"
"chr2","68176131","68176421","chr12","100043914","100044211","41","31867783"
"chr2","68192911","68193214","chr6","50460758","50461069","44","17732153"
"chr2","68194826","68195000","chr8","124806327","124806503","20","56611501"
"chr2","68195296","68195428","chr1","22004183","22004317","17","46191113"
"chr2","68198007","68198137","chr19","49125928","49126062","15","19072079"
"chr2","68230165","68230448","chr6","57203286","57203585","57","11026879"
"chr2","68241463","68241594","chr6","78227073","78227205","13","9985610"
"chr2","68249699","68249864","chr10","117965413","117965578","29","49715714"
"chr2","68251344","68251638","chr6","4177308","4177600","43","64074036"
"chr2","68252070","68252363","chr5","24630357","24630650","37","43621713"
"chr2","68255358","68255557","chr12","113629151","113629332","50","45373793"
"chr2","68264252","68264430","chr1","164457735","164457914","27","96193483"
"chr2","68265568","68265816","chr4","196090373","196090618","46","127824805"
"chr2","68269042","68269331","chr3","36205151","36205432","50","32063891"
"chr2","68269506","68269614","chr1","164359318","164359426","22","96089812"
"chr2","68269657","68269835","chr6","18189802","18189976","33","50079855"
"chr2","68272508","68272812","chr4","37991659","37991968","43","30280849"
"chr2","68279174","68279470","chr3","184940179","184940475","46","116661005"
"chr2","68282581","68282689","chr6","85362783","85362893","13","17080202"
"chr2","68283476","68283775","chr1","225512358","225512658","42","157228882"
"chr2","68283861","68284158","chr11","48003200","48003499","42","20280661"
"chr2","68292826","68293033","chr7","45406422","45406629","29","22886404"
"chr2","68318730","68319038","chr10","12722183","12722479","61","55596547"
"chr2","68355746","68355875","chr6","37274114","37274248","22","31081632"
"chr2","68356182","68356360","chr7","129606963","129607138","28","61250781"
"chr2","68356563","68356880","chr5","34215137","34215446","39","34141426"
"chr2","68357788","68358088","chr20","58907444","58907741","54","9450344"
"chr2","68413067","68413202","chr7","105992294","105992427","21","37579227"
"chr2","68413533","68413835","chr8","134138088","134138390","42","65724555"
"chr2","68458922","68459142","chr5","110158059","110158270","44","41699137"
"chr2","68459447","68459559","chr17","78676430","78676535","13","10216983"
"chr2","68506907","68507196","chr18","2191279","2191572","41","66315628"
"chr2","68589153","68589312","chr19","55380646","55380809","29","13208507"
"chr2","68589357","68589480","chr2A","103196740","103196861","20","34607383"
"chr2","68634651","68634896","chr5","155807689","155807933","37","87173038"
"chr2","68665545","68665848","chr1","29672883","29673184","44","38992662"
"chr2","68678898","68679206","chr14","86362590","86362901","37","17683692"
"chr2","68720150","68720461","chr5","34215137","34215446","38","34505013"
"chr2","68727477","68727777","chr17","81663106","81663401","40","12935629"
"chr2","68778219","68778359","chrX","376907","377041","24","68401312"
"chr2","68778376","68778677","chrX","154797165","154797472","48","86018789"
"chr2","68783756","68784040","chr8","25420310","25420596","49","43363446"
"chr2","68849571","68849736","chrX","1997904","1998070","23","66851667"
"chr2","68852550","68852727","chr7","110885244","110885413","28","42032694"
"chr2","68853039","68853173","chr7","76931722","76931857","21","8078683"
"chr2","68855953","68856113","chr7","157128274","157128423","33","88272321"
"chr2","68887104","68887210","chr7","64324232","64324338","18","4562872"
"chr2","68887510","68887526","chr9","32341761","32341777","5","36545749"
"chr2","68888760","68889078","chr8","124880925","124881228","57","55992165"
"chr2","68906098","68906411","chr9","109734146","109734451","39","40828048"
"chr2","68909323","68909623","chr3","130864975","130865274","38","61955652"
"chr2","68911349","68911642","chrX","29594981","29595277","43","39316368"
"chr2","68928506","68928784","chr2A","82371144","82371416","48","13442638"
"chr2","68929961","68930170","chr13","20619961","20620186","43","48310000"
"chr2","68938943","68939238","chr3","33616438","33616737","44","35322505"
"chr2","68939949","68940220","chr18","57302455","57302733","55","11637494"
"chr2","68949457","68949731","chr16","75930642","75930930","58","6981185"
"chr2","68950129","68950282","chr5","40860815","40860972","22","28089314"
"chr2","68954642","68954920","chr2A","74617569","74617854","69","5662927"
"chr2","68961541","68961829","chr9","113061240","113061534","65","44099699"
"chr2","68962874","68963174","chr16","63131848","63132154","51","5831026"
"chr2","68963608","68963740","chrX","1061818","1061949","24","67901790"
"chr2","68964335","68964472","chr19","57736469","57736601","20","11227866"
"chr2","68966916","68967040","chr7","73273391","73273519","22","4306475"
"chr2","68967323","68967422","chr5","6638938","6639036","25","62328385"
"chr2","68970961","68971106","chr11","47525403","47525552","14","21445558"
"chr2","68974418","68974551","chr19","16728483","16728616","14","52245935"
"chr2","68977716","68977874","chr22","24588809","24588967","28","44388907"
"chr2","68978208","68978356","chr14","57754593","57754744","29","11223615"
"chr2","68981042","68981360","chr6","37361889","37362199","54","31619153"
"chr2","68984223","68984366","chr5","41690800","41690944","19","27293423"
"chr2","68986664","68986984","chrX","46462791","46463100","46","22523873"
"chr2","68989754","68990058","chr8","80850581","80850879","55","11860827"
"chr2","69005172","69005316","chr5","133401606","133401750","40","64396434"
"chr2","69016963","69017139","chr5","7388743","7388917","21","61628220"
"chr2","69019801","69020102","chr9","79446566","79446862","51","10426765"
"chr2","69051768","69052055","chr5","155385733","155386027","40","86333965"
"chr2","69060638","69060940","chrX","7326681","7326981","40","61733957"
"chr2","69125293","69125587","chr5","150814328","150814629","48","81689035"
"chr2","69211055","69211184","chr15","19325603","19325734","13","49885452"
"chr2","69309987","69310114","chr8","125768574","125768705","21","56458587"
"chr2","69318696","69318797","chr10","12081891","12081994","19","57236805"
"chr2","69450350","69450581","chrX","100915985","100916220","33","31465635"
"chr2","69476364","69476670","chr4","124825886","124826177","60","55349522"
"chr2","69501225","69501342","chr1","207878915","207879022","20","138377690"
"chr2","69504217","69504515","chr3","133020285","133020582","44","63516068"
"chr2","69514646","69514949","chr1","116018161","116018458","39","46503515"
"chr2","69515571","69515694","chr1","40002123","40002247","17","29513448"
"chr2","69532412","69532688","chr5","125040055","125040335","49","55507643"
"chr2","69579341","69579627","chr6","15324739","15325025","41","54254602"
"chr2","69617448","69617738","chr12","29597428","29597726","41","40020020"
"chr2","69673017","69673190","chr3","49669514","49669679","41","20003503"
"chr2","69673224","69673323","chr16","63519559","63519656","17","6153665"
"chr2","69681167","69681459","chr5","61156706","61157000","31","8524461"
"chr2","69683198","69683312","chr5","154744730","154744850","17","85061532"
"chr2","69683354","69683515","chr16","78733739","78733900","24","9050385"
"chr2","69684311","69684426","chr21","27965813","27965925","14","41718498"
"chr2","69697813","69698121","chr11","120932649","120932956","52","51234836"
"chr2","69828304","69828501","chr5","141513417","141513614","32","71685113"
"chr2","69872563","69872794","chr16","15849378","15849610","32","54023185"
"chr2","69899833","69899956","chr1","25588253","25588379","21","44311580"
"chr2","69900244","69900379","chr16","47340969","47341098","26","22559275"
"chr2","69901550","69901860","chr7","55584771","55585081","52","14316779"
"chr2","70035662","70035963","chr4","15485776","15486073","39","54549886"
"chr2","70100435","70100708","chr18","33320361","33320640","48","36780074"
"chr2","70131593","70131904","chr22","5390789","5391096","44","64740804"
"chr2","70169552","70169661","chr14","65398954","65399060","16","4770598"
"chr2","70169911","70170081","chr21","18597073","18597244","26","51572838"
"chr2","70200529","70200690","chr12","6210507","6210667","26","63990022"
"chr2","70200724","70200843","chr4","91685988","91686108","14","21485264"
"chr2","70209377","70209675","chr2B","86895283","86895584","67","16685906"
"chr2","70215360","70215661","chr6","11134446","11134746","47","59080914"
"chr2","70319906","70320130","chr15","47089658","47089884","39","23230248"
"chr2","70334877","70335166","chr11","3623940","3624232","42","66710937"
"chr2","70336535","70336846","chr18","21951252","21951563","38","48385283"
"chr2","70417403","70417548","chr19","46550060","46550204","23","23867343"
"chr2","70490974","70491270","chr5","22622178","22622477","51","47868796"
"chr2","70519260","70519470","chr1","52818862","52819074","31","17700398"
"chr2","70561550","70561845","chr1","9163902","9164199","61","61397648"
"chr2","70631009","70631282","chr17","4827855","4828124","49","65803154"
"chr2","70632948","70633222","chr5","153760245","153760531","43","83127297"
"chr2","70653833","70654124","chr1","109964973","109965267","39","39311140"
"chr2","70675312","70675410","chr1","180451005","180451107","16","109775693"
"chr2","70675786","70675967","chr8","48821737","48821912","38","21854049"
"chr2","70733558","70733865","chr8","74142778","74143073","42","3409220"
"chr2","70836787","70837098","chr10","133565552","133565849","59","62728765"
"chr2","70839787","70840057","chr5","117884442","117884717","46","47044655"
"chr2","70926026","70926328","chrX","150497931","150498226","47","79571905"
"chr2","70936519","70936793","chr12","23436053","23436305","79","47500466"
"chr2","70993258","70993356","chr7","69740184","69740281","13","1253074"
"chr2","71023508","71023747","chr1","218155490","218155728","36","147131982"
"chr2","71024770","71024963","chrX","123681334","123681528","38","52656564"
"chr2","71031403","71031703","chr4","165755007","165755304","41","94723604"
"chr2","71034204","71034329","chrX","14911893","14912019","18","56122311"
"chr2","71047478","71047775","chr1","135922404","135922701","46","64874926"
"chr2","71054338","71054640","chr11","123041650","123041961","52","51987312"
"chr2","71063006","71063140","chr21","31662246","31662382","14","39400760"
"chr2","71063455","71063622","chr8","16700000","16700163","29","54363455"
"chr2","71067028","71067165","chr22","19751721","19751856","20","51315307"
"chr2","71067467","71067619","chr5","62272871","62273027","37","8794596"
"chr2","71068933","71069240","chr15","53584883","53585194","38","17484050"
"chr2","71079249","71079563","chrUn_CABD030130549v1","46770","47079","47","71032479"
"chr2","71100048","71100303","chr14","70678910","70679167","51","421138"
"chr2","71107052","71107354","chr12","39876782","39877079","44","31230270"
"chr2","71158262","71158422","chr8","27707682","27707845","25","43450580"
"chr2","71170000","71170289","chr6","13480191","13480486","45","57689809"
"chr2","71225752","71226028","chr10","138055449","138055741","51","66829697"
"chr2","71228709","71228874","chr9","59712213","59712368","36","11516496"
"chr2","71230161","71230292","chr7","128472593","128472723","17","57242432"
"chr2","71234940","71235265","chr10","66627497","66627825","52","4607443"
"chr2","71239622","71239922","chr4","16603935","16604229","55","54635687"
"chr2","71245609","71245834","chr6","22531033","22531259","32","48714576"
"chr2","71251866","71251995","chr13","7968218","7968351","19","63283648"
"chr2","71255118","71255256","chr1","209742215","209742351","15","138487097"
"chr2","71255561","71255737","chr7","129606963","129607138","32","58351402"
"chr2","71262949","71263094","chr5","117524873","117525015","21","46261924"
"chr2","71268102","71268232","chr1","16258874","16258984","40","55009228"
"chr2","71268535","71268697","chr13","62799643","62799813","34","8468892"
"chr2","71285458","71285616","chr10","37359456","37359617","29","33926002"
"chr2","71285923","71286047","chr1","93487279","93487413","25","22201356"
"chr2","71291925","71292225","chr2B","33560570","33560867","51","37731355"
"chr2","71295456","71295588","chrX","19240655","19240787","13","52054801"
"chr2","71321240","71321471","chr1","222550955","222551188","52","151229715"
"chr2","71367247","71367414","chr1","47825371","47825534","27","23541876"
"chr2","71367708","71367843","chr12","107291806","107291941","18","35924098"
"chr2","71376012","71376317","chr7","104400689","104400997","44","33024677"
"chr2","71396976","71397264","chr5","39837795","39838084","40","31559181"
"chr2","71409232","71409381","chr6","77300902","77301033","33","5891670"
"chr2","71582960","71583228","chr2A","82371144","82371416","46","10788184"
"chr2","71742474","71742757","chr6","77636692","77636966","56","5894218"
"chr2","71745680","71745926","chr1","9224000","9224244","41","62521680"
"chr2","71809630","71809927","chr5","117046855","117047148","30","45237225"
"chr2","71841783","71842003","chr5","117015145","117015369","34","45173362"
"chr2","71900060","71900369","chr1","162181933","162182239","40","90281873"
"chr2","71909263","71909514","chrX","116807939","116808197","44","44898676"
"chr2","72214948","72215234","chr4","45260827","45261118","41","26954121"
"chr2","72219014","72219307","chr5","116667605","116667899","48","44448591"
"chr2","72273118","72273415","chr9","99306727","99307020","42","27033609"
"chr2","72322480","72322774","chr6","89778324","89778623","45","17455844"
"chr2","72354484","72354788","chr4","200821253","200821559","36","128466769"
"chr2","72370657","72370786","chr5","161161762","161161894","16","88791105"
"chr2","72378576","72378882","chr13","26317957","26318258","49","46060619"
"chr2","72392738","72392871","chr19","32515543","32515675","13","39877195"
"chr2","72393166","72393331","chr1","191347587","191347751","32","118954421"
"chr2","72400558","72400764","chr1","110416760","110416991","79","38016202"
"chr2","72401060","72401138","chr17","78676536","78676608","22","6275476"
"chr2","72406975","72407278","chr8","126717045","126717351","46","54310070"
"chr2","72413144","72413253","chr14","63050016","63050118","39","9363128"
"chr2","72419114","72419266","chr6","34131083","34131236","31","38288031"
"chr2","72419267","72419563","chr17","16345866","16346160","49","56073401"
"chr2","72420242","72420416","chr16","31552584","31552750","29","40867658"
"chr2","72420417","72420716","chr5","21486229","21486527","46","50934188"
"chr2","72420717","72420863","chr12","61757055","61757195","36","10663662"
"chr2","72423683","72423809","chr7","64930664","64930787","18","7493019"
"chr2","72424113","72424286","chr6","31357710","31357877","22","41066403"
"chr2","72441286","72441547","chr6","152309318","152309585","48","79868032"
"chr2","72446254","72446563","chr4","200821253","200821559","38","128374999"
"chr2","72455663","72455798","chr10","47477575","47477710","21","24978088"
"chr2","72456527","72456661","chr12","107291806","107291941","11","34835279"
"chr2","72456982","72457124","chr14","58912925","58913079","34","13544057"
"chr2","72461878","72462083","chr1","191933391","191933598","36","119471513"
"chr2","72471612","72471743","chr11","5768200","5768332","27","66703412"
"chr2","72476827","72476982","chr11","46979759","46979912","23","25497068"
"chr2","72477179","72477308","chr9","120596478","120596607","25","48119299"
"chr2","72479212","72479404","chr17","4669162","4669351","30","67810050"
"chr2","72490383","72490680","chr7","79044919","79045216","46","6554536"
"chr2","72497798","72497977","chr2B","121760300","121760478","39","49262502"
"chr2","72499933","72500000","chr20","18961100","18961159","15","53538833"
"chr2","72501108","72501234","chrX","42325828","42325954","12","30175280"
"chr2","72505215","72505336","chr2A","21978580","21978704","16","50526635"
"chr2","72505365","72505529","chr1","135336190","135336355","27","62830825"
"chr2","72510151","72510309","chr7","100341465","100341626","30","27831314"
"chr2","72510607","72510734","chr10","108777799","108777930","28","36267192"
"chr2","72519395","72519549","chr5","116394471","116394631","25","43875076"
"chr2","72519832","72519976","chr5","133401606","133401750","18","60881774"
"chr2","72530834","72531138","chr14","22381297","22381605","41","50149537"
"chr2","72532602","72532873","chr11","16553794","16554065","50","55978808"
"chr2","72541019","72541335","chr5","34215137","34215446","51","38325882"
"chr2","72542206","72542492","chr4","21361861","21362148","56","51180345"
"chr2","72544576","72544683","chr12","101569617","101569723","20","29025041"
"chr2","72586967","72587098","chr6","154418825","154418960","17","81831858"
"chr2","72590031","72590299","chr5","116340712","116340997","57","43750681"
"chr2","72597203","72597328","chr4","163930931","163931053","14","91333728"
"chr2","72603656","72603957","chrX","41951467","41951767","43","30652189"
"chr2","72606491","72606816","chr1","70324923","70325245","40","2281568"
"chr2","72608862","72609104","chr10","39499447","39499692","34","33109415"
"chr2","72622073","72622353","chr5","18074268","18074553","48","54547805"
"chr2","72636657","72636913","chr8","27750554","27750816","62","44886103"
"chr2","72660183","72660509","chr8","128235647","128235973","65","55575464"
"chr2","72671795","72672088","chr4","40742580","40742860","48","31929215"
"chr2","72672190","72672204","chr1","9446597","9446612","3","63225593"
"chr2","72674711","72674877","chr5","116252392","116252545","29","43577681"
"chr2","72678996","72679289","chr1","139266119","139266414","36","66587123"
"chr2","72686187","72686481","chrX","54872558","54872857","42","17813629"
"chr2","72701033","72701296","chr5","106036908","106037179","43","33335875"
"chr2","72728458","72728752","chr1","156921438","156921735","34","84192980"
"chr2","72737645","72737806","chr9","45529714","45529878","22","27207931"
"chr2","72738208","72738365","chr2B","14494039","14494199","21","58244169"
"chr2","72740189","72740500","chr3","46381852","46382163","37","26358337"
"chr2","72752450","72752577","chr1","106812839","106812964","16","34060389"
"chr2","72799287","72799589","chr7","134938326","134938628","40","62139039"
"chr2","72833146","72833369","chr17","49871142","49871351","56","22962004"
"chr2","72846650","72846949","chr19","12252954","12253252","44","60593696"
"chr2","72853701","72853925","chr17","7018619","7018841","40","65835082"
"chr2","72883462","72883760","chr7","37900250","37900549","42","34983212"
"chr2","72898205","72898380","chr8","67783104","67783272","35","5115101"
"chr2","72913213","72913521","chr2A","33594971","33595278","53","39318242"
"chr2","72923406","72923695","chr1","214818063","214818354","34","141894657"
"chr2","72926034","72926312","chr1","63344777","63345056","43","9581257"
"chr2","72973655","72973950","chr16","15635933","15636231","49","57337722"
"chr2","72980018","72980216","chr7","62720271","62720469","31","10259747"
"chr2","73045103","73045407","chr20","10753642","10753949","43","62291461"
"chr2","73049633","73049934","chr15","41374671","41374973","48","31674962"
"chr2","73050966","73051100","chr2A","32856945","32857075","17","40194021"
"chr2","73057152","73057284","chr4","1766033","1766160","15","71291119"
"chr2","73062339","73062637","chr4","16428693","16429001","48","56633646"
"chr2","73100905","73101201","chr1","36354006","36354302","37","36746899"
"chr2","73132497","73132795","chr1","39600187","39600482","45","33532310"
"chr2","73136291","73136596","chr7","152799145","152799449","33","79662854"
"chr2","73239687","73239861","chr12","111507751","111507929","40","38268064"
"chr2","73239887","73240001","chr14","68772219","68772335","16","4467668"
"chr2","73293662","73293771","chr12","23487910","23488020","22","49805752"
"chr2","73302444","73302741","chr2B","64345530","64345820","51","8956914"
"chr2","73352009","73352312","chr17","63540350","63540643","55","9811659"
"chr2","73374496","73374804","chr5","59897733","59898033","52","13476763"
"chr2","73424725","73425011","chr8","13798544","13798827","39","59626181"
"chr2","73513280","73513581","chr4","133111102","133111403","43","59597822"
"chr2","73558442","73558736","chr7","64942464","64942761","42","8615978"
"chr2","73558977","73559246","chr1","27826241","27826514","38","45732736"
"chr2","73639356","73639633","chr5","67755230","67755525","47","5884126"
"chr2","73641201","73641492","chr19","6764900","6765193","48","66876301"
"chr2","73673606","73673911","chr1","57033983","57034284","37","16639623"
"chr2","73677887","73677974","chr10","40845989","40846080","16","32831898"
"chr2","73678398","73678690","chr7","77548302","77548597","33","3869904"
"chr2","73710684","73710961","chr5","24701014","24701301","44","49009670"
"chr2","73736870","73736902","chr2A","32920476","32920498","12","40816394"
"chr2","73737185","73737346","chr5","153010914","153011080","33","79273729"
"chr2","73765388","73765676","chr20","53565946","53566231","38","20199442"
"chr2","73769161","73769471","chr8","49444233","49444543","63","24324928"
"chr2","73772629","73772760","chr6","127178426","127178554","30","53405797"
"chr2","73775694","73775834","chr3","8501615","8501750","21","65274079"
"chr2","73778192","73778300","chr4","2729171","2729279","17","71049021"
"chr2","73804380","73804468","chr7","77903212","77903300","19","4098832"
"chr2","73805643","73805790","chr6","43527974","43528119","17","30277669"
"chr2","73819488","73819787","chr3","133020285","133020582","50","59200797"
"chr2","73892969","73893264","chr6","164274281","164274576","41","90381312"
"chr2","73927149","73927421","chrX","36924556","36924829","39","37002593"
"chr2","73940252","73940560","chr18","53398571","53398876","44","20541681"
"chr2","73981772","73982059","chr5","115025759","115026048","37","41043987"
"chr2","73993530","73993774","chr7","76024655","76024907","52","2031125"
"chr2","74015832","74016138","chr1","135475584","135475893","50","61459752"
"chr2","74023019","74023315","chr14","81149227","81149524","39","7126208"
"chr2","74023614","74023910","chr10","7806561","7806851","49","66217053"
"chr2","74051347","74051643","chr1","7771978","7772276","38","66279369"
"chr2","74075111","74075311","chr1","39640232","39640431","37","34434879"
"chr2","74080228","74080506","chr5","114938743","114939024","48","40858515"
"chr2","74104210","74104369","chr2B","55744599","55744750","36","18359611"
"chr2","74104390","74104472","chr5","39315402","39315477","13","34788988"
"chr2","74120736","74121016","chr7","138434617","138434908","48","64313881"
"chr2","74123284","74123573","chr13","31610064","31610349","45","42513220"
"chr2","74129105","74129359","chr6","166938741","166938995","35","92809636"
"chr2","74140971","74141262","chr6","45713778","45714072","40","28427193"
"chr2","74182828","74183077","chr8","77945915","77946155","43","3763087"
"chr2","74185415","74185504","chr3","130630720","130630809","15","56445305"
"chr2","74185789","74185962","chr11","119595029","119595204","26","45409240"
"chr2","74206264","74206585","chr20","54481954","54482259","55","19724310"
"chr2","74212638","74212934","chr9","41878230","41878523","38","32334408"
"chr2","74225771","74226068","chrX","123850881","123851176","37","49625110"
"chr2","74250465","74250748","chr12","59604640","59604931","54","14645825"
"chr2","74260005","74260307","chrX","112792355","112792659","42","38532350"
"chr2","74302938","74303165","chr7","72586695","72586923","36","1716243"
"chr2","74319998","74320125","chr10","111821624","111821744","21","37501626"
"chr2","74320146","74320268","chr7","140066034","140066158","31","65745888"
"chr2","74333846","74334138","chr12","117117068","117117362","33","42783222"
"chr2","74334776","74335055","chr4","196248499","196248785","61","121913723"
"chr2","74337692","74337778","chr16","39415058","39415145","16","34922634"
"chr2","74338301","74338492","chr5","8154291","8154480","24","66184010"
"chr2","74359478","74359752","chr9","30550088","30550368","54","43809390"
"chr2","74363703","74363996","chr2B","23858761","23859052","40","50504942"
"chr2","74391925","74392215","chr5","1527709","1527998","38","72864216"
"chr2","74398793","74398917","chr3","187247034","187247160","16","112848241"
"chr2","74412244","74412390","chr1","160302248","160302397","24","85890004"
"chr2","74428393","74428692","chr1","36255390","36255687","36","38173003"
"chr2","74429797","74430093","chr6","91323321","91323619","55","16893524"
"chr2","74438619","74438908","chr15","28523394","28523697","42","45915225"
"chr2","74453461","74453733","chr5","114598743","114599019","36","40145282"
"chr2","74465089","74465383","chr19","17651599","17651891","40","56813490"
"chr2","74465499","74465778","chr8","21570864","21571139","52","52894635"
"chr2","74467987","74468285","chr13","34018202","34018492","52","40449785"
"chr2","74472113","74472401","chr12","6967485","6967770","48","67504628"
"chr2","74472422","74472434","chr1","184340759","184340769","2","109868337"
"chr2","74487146","74487410","chr10","9089162","9089419","46","65397984"
"chr2","74497378","74497567","chr1","27433974","27434152","38","47063404"
"chr2","74497591","74497714","chr12","5105960","5106079","26","69391631"
"chr2","74597034","74597329","chr12","35676025","35676321","42","38921009"
"chr2","74679811","74680106","chr5","114340163","114340453","58","39660352"
"chr2","74704630","74704925","chr5","114317787","114318080","39","39613157"
"chr2","74734393","74734680","chr3","50934507","50934804","44","23799886"
"chr2","74872510","74872802","chr5","117750477","117750770","46","42877967"
"chr2","74879986","74880153","chr12","9072795","9072960","32","65807191"
"chr2","74880446","74880514","chr1","12035805","12035872","10","62844641"
"chr2","75416908","75417031","chr18","43100747","43100870","13","32316161"
"chr2","75423553","75423720","chr19","13634170","13634345","25","61789383"
"chr2","75452039","75452351","chr8","33624550","33624858","44","41827489"
"chr2","75475690","75475976","chr2B","28366732","28367024","42","47108958"
"chr2","75515953","75516258","chr1","146725524","146725833","42","71209571"
"chr2","75665953","75666270","chr19","10077297","10077604","59","65588656"
"chr2","75860382","75860691","chr3","32144577","32144883","51","43715805"
"chr2","75919278","75919562","chr10","85441432","85441712","42","9522154"
"chr2","75978234","75978539","chr6","164274281","164274576","55","88296047"
"chr2","75993901","75994138","chr13","23741627","23741864","58","52252274"
"chr2","76093754","76094042","chr8","47791236","47791530","42","28302518"
"chr2","76162819","76163122","chr9","115411688","115411980","53","39248869"
"chr2","76205381","76205640","chr1","57158493","57158745","46","19046888"
"chr2","76273511","76273796","chr15","48164142","48164429","48","28109369"
"chr2","76360605","76360778","chr4","39889404","39889570","41","36471201"
"chr2","76360872","76360981","chr9","16571108","16571218","17","59789764"
"chr2","76371499","76371624","chr14","48641918","48642048","21","27729581"
"chr2","76371929","76372121","chr19","47568465","47568660","34","28803464"
"chr2","76425674","76425974","chr4","124825886","124826177","50","48400212"
"chr2","76475964","76476259","chr12","113388290","113388584","44","36912326"
"chr2","76542160","76542349","chr16","8762538","8762732","34","67779622"
"chr2","76781671","76781749","chr4","99997643","99997724","22","23215972"
"chr2","76918633","76918803","chr5","112350032","112350193","31","35431399"
"chr2","76932679","76932970","chrX","19536053","19536343","44","57396626"
"chr2","77267727","77267894","chr4","41123572","41123737","27","36144155"
"chr2","77284926","77285189","chr5","32739792","32740066","47","44545134"
"chr2","77359627","77359902","chr9","11846554","11846830","53","65513073"
"chr2","77379866","77380001","chr16","379923","380058","11","76999943"
"chr2","77380002","77380279","chr10","10983740","10984028","51","66396262"
"chr2","77388931","77389225","chr3","115893477","115893773","45","38504546"
"chr2","77413429","77413708","chr5","111837604","111837884","38","34424175"
"chr2","77459887","77460190","chr7","1669242","1669542","37","75790645"
"chr2","77615792","77615924","chr19","48057785","48057919","21","29558007"
"chr2","77615978","77616052","chr8","33183495","33183571","21","44432483"
"chr2","77616819","77617122","chr9","104384316","104384616","46","26767497"
"chr2","77631990","77632275","chr6","77819300","77819589","44","187310"
"chr2","77679084","77679384","chr9","111015080","111015377","53","33335996"
"chr2","77716841","77717052","chr8","47798918","47799122","40","29917923"
"chr2","77730309","77730539","chr5","111511783","111512009","32","33781474"
"chr2","77807191","77807305","chr5","102254174","102254295","26","24446983"
"chr2","77808907","77809044","chr9","16136189","16136324","18","61672718"
"chr2","77857652","77857945","chr6","11232610","11232912","35","66625042"
"chr2","77882798","77883110","chr1","184892432","184892742","41","107009634"
"chr2","77912636","77912939","chr7","139963807","139964112","41","62051171"
"chr2","77915799","77916099","chr15","57328671","57328968","43","20587128"
"chr2","77930807","77931133","chr6","90069914","90070241","56","12139107"
"chr2","77977809","77978112","chr14","33993375","33993675","41","43984434"
"chr2","78020077","78020373","chr5","111254607","111254904","43","33234530"
"chr2","78144699","78144986","chr12","114494165","114494460","45","36349466"
"chr2","78236117","78236368","chr4","83071425","83071683","43","4835308"
"chr2","78262336","78262436","chr3","161211314","161211411","14","82948978"
"chr2","78346603","78346736","chr8","85311804","85311938","14","6965201"
"chr2","78347043","78347214","chr9","6853124","6853296","30","71493919"
"chr2","78437919","78437994","chr19","34834578","34834652","8","43603341"
"chr2","78440686","78440731","chr1","129449892","129449936","7","51009206"
"chr2","78481230","78481455","chr6","117110600","117110823","26","38629370"
"chr2","78578830","78579093","chr5","110667908","110668175","39","32089078"
"chr2","78590441","78590732","chr14","859167","859454","36","77731274"
"chr2","78705361","78705678","chr10","25070810","25071120","48","53634551"
"chr2","78712139","78712436","chr12","130875932","130876230","39","52163793"
"chr2","78732405","78732702","chr20","37538534","37538834","38","41193871"
"chr2","78752950","78753237","chr9","105513535","105513817","44","26760585"
"chr2","78788018","78788179","chr6","43780752","43780917","31","35007266"
"chr2","78808470","78808765","chr6","164274281","164274576","38","85465811"
"chr2","78826230","78826528","chr16","59736571","59736863","43","19089659"
"chr2","78922918","78923053","chr7","131031908","131032043","11","52108990"
"chr2","78923347","78923515","chr4","124178744","124178902","41","45255397"
"chr2","78967139","78967450","chr10","40941591","40941896","36","38025548"
"chr2","78985198","78985489","chr8","67632282","67632573","46","11352916"
"chr2","79071086","79071397","chr1","89938779","89939088","41","10867693"
"chr2","79076733","79076862","chr6","77300902","77301033","15","1775831"
"chr2","79079182","79079366","chr1","10096784","10096970","33","68982398"
"chr2","79124319","79124614","chr19","44467069","44467365","50","34657250"
"chr2","79127143","79127392","chr2B","66885195","66885444","37","12241948"
"chr2","79127817","79127949","chr5","161161762","161161894","21","82033945"
"chr2","79130958","79131085","chr5","5499876","5500000","16","73631082"
"chr2","79142748","79143051","chr14","77249518","77249813","39","1893230"
"chr2","79143251","79143379","chr15","73119233","73119360","13","6024018"
"chr2","79153171","79153443","chr21","35044238","35044509","40","44108933"
"chr2","79162480","79162766","chr6","35803902","35804184","53","43358578"
"chr2","79166168","79166250","chr9","81434589","81434673","8","2268421"
"chr2","79170788","79170979","chr14","86999509","86999699","35","7828721"
"chr2","79172379","79172524","chr17","63306399","63306532","37","15865980"
"chr2","79178447","79178759","chr2B","52057812","52058122","53","27120635"
"chr2","79181497","79181718","chr7","76173095","76173319","43","3008402"
"chr2","79182218","79182506","chr13","96332314","96332607","41","17150096"
"chr2","79184872","79184926","chr12","120977653","120977703","9","41792781"
"chr2","79192596","79192731","chr10","117244185","117244319","16","38051589"
"chr2","79192761","79192929","chr1","15810713","15810878","23","63382048"
"chr2","79200624","79200932","chr12","121709461","121709770","50","42508837"
"chr2","79211776","79211860","chr15","71469464","71469546","16","7742312"
"chr2","79212155","79212300","chr22","28376278","28376418","20","50835877"
"chr2","79212957","79213266","chr1","44721617","44721911","56","34491340"
"chr2","79222467","79222752","chr18","18251317","18251608","43","60971150"
"chr2","79225048","79225200","chrX","49228390","49228546","22","29996658"
"chr2","79225468","79225551","chr13","78454517","78454600","15","770951"
"chr2","79226837","79227069","chr12","12175408","12175634","53","67051429"
"chr2","79228759","79229009","chr8","74307336","74307585","45","4921423"
"chr2","79231801","79232102","chr5","110009546","110009819","62","30777745"
"chr2","79233593","79233888","chr16","21462566","21462866","37","57771027"
"chr2","79241323","79241418","chr10","6084717","6084818","14","73156606"
"chr2","79262383","79262560","chr6","18189802","18189976","32","61072581"
"chr2","79262864","79262999","chr12","122949941","122950075","15","43687077"
"chr2","79265607","79265893","chr13","91667366","91667654","41","12401759"
"chr2","79275427","79275722","chr10","24094468","24094782","64","55180959"
"chr2","79278148","79278403","chr5","91063744","91064007","45","11785596"
"chr2","79286242","79286292","chr3","133745164","133745214","4","54458922"
"chr2","79286620","79286770","chr8","99301717","99301865","30","20015097"
"chr2","79288815","79289085","chr4","194741567","194741840","41","115452752"
"chr2","79290189","79290490","chr10","41362083","41362362","58","37928106"
"chr2","79294580","79294744","chr12","19001330","19001503","30","60293250"
"chr2","79304192","79304332","chrX","69050159","69050299","19","10254033"
"chr2","79308082","79308141","chr1","51233630","51233687","12","28074452"
"chr2","79310514","79310806","chr12","29929642","29929937","59","49380872"
"chr2","79317913","79318207","chr14","57602687","57602976","48","21715226"
"chr2","79327802","79327932","chr21","13982059","13982182","16","65345743"
"chr2","79330342","79330468","chr3","49072574","49072704","15","30257768"
"chr2","79330492","79330669","chr11","119595029","119595204","38","40264537"
"chr2","79337760","79337974","chr8","80996890","80997107","31","1659130"
"chr2","79344547","79344845","chr18","20204912","20205199","52","59139635"
"chr2","79346330","79346490","chr12","107579489","107579651","23","28233159"
"chr2","79346787","79346915","chr22","13305269","13305402","25","66041518"
"chr2","79347513","79347805","chr11","117270984","117271275","47","37923471"
"chr2","79352290","79352581","chr11","117367595","117367888","38","38015305"
"chr2","79352616","79352775","chr4","86839770","86839929","24","7487154"
"chr2","79353176","79353454","chr1","20439265","20439548","54","58913911"
"chr2","79361773","79362065","chr19","47086089","47086381","37","32275684"
"chr2","79375951","79376250","chr15","58791771","58792072","41","20584180"
"chr2","79383777","79384076","chr10","109678638","109678926","55","30294861"
"chr2","79391115","79391229","chr15","44057785","44057904","36","35333330"
"chr2","79391529","79391587","chr2A","17370631","17370682","15","62020898"
"chr2","79397259","79397559","chr5","51523206","51523498","50","27874053"
"chr2","79397576","79397873","chrX","36383999","36384295","50","43013577"
"chr2","79421395","79421693","chr16","61362678","61362982","52","18058717"
"chr2","79447073","79447204","chr8","123134693","123134825","19","43687620"
"chr2","79456419","79456718","chr6","148201998","148202303","45","68745579"
"chr2","79465378","79465610","chr12","11358465","11358705","36","68106913"
"chr2","79465687","79465924","chr9","111775635","111775877","35","32309948"
"chr2","79468446","79468709","chr5","109742297","109742562","40","30273851"
"chr2","79550807","79551065","chr6","109406908","109407165","43","29856101"
"chr2","79583698","79583992","chr10","100687142","100687440","42","21103444"
"chr2","79714187","79714463","chr6","136045623","136045898","51","56331436"
"chr2","79735232","79735533","chr4","60485293","60485593","41","19249939"
"chr2","79766436","79766729","chr5","4733108","4733403","33","75033328"
"chr2","79884915","79885034","chr5","147281832","147281951","24","67396917"
"chr2","79912824","79913134","chr19","46669710","46670018","47","33243114"
"chr2","79925296","79925583","chr9","113654579","113654873","46","33729283"
"chr2","79925585","79925911","chr11","17689375","17689690","57","62236210"
"chr2","80239274","80239428","chr9","113101161","113101317","24","32861887"
"chr2","80534089","80534393","chr5","108732634","108732938","42","28198545"
"chr2","80624578","80624862","chrX","31777979","31778262","32","48846599"
"chr2","80670641","80670954","chr6","48058765","48059050","75","32611876"
"chr2","80675907","80676214","chr10","65709697","65710008","52","14966210"
"chr2","80818783","80819090","chr7","56523996","56524301","51","24294787"
"chr2","80963711","80963839","chr9","87273794","87273920","19","6310083"
"chr2","80971337","80971638","chr15","37732046","37732351","37","43239291"
"chr2","81049770","81050062","chr1","6861545","6861837","39","74188225"
"chr2","81070972","81071251","chrX","119237743","119238026","42","38166771"
"chr2","81081908","81082223","chr6","95194922","95195216","60","14113014"
"chr2","81085570","81085826","chr3","31696236","31696497","51","49389334"
"chr2","81177328","81177608","chr3","184408941","184409227","51","103231613"
"chr2","81184803","81185075","chr9","103387026","103387306","46","22202223"
"chr2","81198070","81198363","chr5","157648624","157648928","50","76450554"
"chr2","81198624","81198917","chr1","9657739","9658031","48","71540885"
"chr2","81248212","81248226","chr3","184194706","184194720","2","102946494"
"chr2","81248259","81248539","chr11","67721064","67721346","44","13527195"
"chr2","81282104","81282342","chr2B","27222691","27222915","49","54059413"
"chr2","81286359","81286653","chr9","34622433","34622739","50","46663926"
"chr2","81293185","81293298","chr7","5414295","5414412","14","75878890"
"chr2","81306349","81306650","chr8","139712516","139712819","49","58406167"
"chr2","81315175","81315471","chr19","3208420","3208712","44","78106755"
"chr2","81330874","81331161","chr4","94306283","94306572","44","12975409"
"chr2","81334135","81334432","chr12","34849056","34849355","39","46485079"
"chr2","81336413","81336583","chr8","16700000","16700163","26","64636413"
"chr2","81338434","81338690","chrX","6968143","6968396","35","74370291"
"chr2","81339799","81339960","chr14","60537374","60537538","21","20802425"
"chr2","81339961","81340273","chr7","140062193","140062503","46","58722232"
"chr2","81411366","81411658","chr6","7503535","7503831","42","73907831"
"chr2","81444168","81444468","chr12","21429394","21429694","55","60014774"
"chr2","81447124","81447432","chr18","60589412","60589722","43","20857712"
"chr2","81469016","81469313","chr15","5287434","5287729","53","76181582"
"chr2","81483714","81483991","chr14","10323743","10324034","41","71159971"
"chr2","81514111","81514422","chr12","99998368","99998688","60","18484257"
"chr2","81676652","81676831","chr10","116692026","116692201","29","35015374"
"chr2","81693371","81693666","chr1","94804891","94805182","39","13111520"
"chr2","81709816","81710030","chr5","107585125","107585340","33","25875309"
"chr2","81718227","81718351","chr1","61983115","61983240","15","19735112"
"chr2","81738254","81738553","chr11","123135414","123135710","43","41397160"
"chr2","81808196","81808470","chr8","15287119","15287400","67","66521077"
"chr2","81876568","81876812","chr12","106881494","106881745","54","25004926"
"chr2","82104496","82104794","chr13","23986867","23987163","43","58117629"
"chr2","82130909","82131039","chr14","59236568","59236697","15","22894341"
"chr2","82159633","82159808","chr17","5223655","5223829","27","76935978"
"chr2","82175913","82176054","chr1","115707548","115707690","17","33531635"
"chr2","82284621","82284757","chr16","76481846","76481981","20","5802775"
"chr2","82285012","82285182","chr7","156784585","156784756","30","74499573"
"chr2","82336957","82337063","chr17","6382657","6382765","15","75954300"
"chr2","82445767","82445999","chr5","106908724","106908956","30","24462957"
"chr2","82554400","82554555","chr1","147194209","147194362","23","64639809"
"chr2","82594631","82594893","chr5","106711476","106711735","54","24116845"
"chr2","82601953","82602225","chr2A","34264824","34265107","51","48337129"
"chr2","82609107","82609408","chr3","16331954","16332253","57","66277153"
"chr2","82622124","82622390","chr3","57815437","57815704","50","24806687"
"chr2","82640279","82640623","chr13","10907321","10907640","69","71732958"
"chr2","82642734","82642984","chr14","5697780","5698020","47","76944954"
"chr2","82680921","82681193","chr6","157662992","157663282","50","74982071"
"chr2","82790143","82790424","chr4","93499101","93499385","45","10708958"
"chr2","82864458","82864750","chr5","161201989","161202284","42","78337531"
"chr2","82899573","82899688","chr8","63010003","63010119","18","19889570"
"chr2","82899935","82900138","chr1","118570669","118570869","35","35670734"
"chr2","82904270","82904515","chr3","129973791","129974044","56","47069521"
"chr2","82976666","82976970","chr20","48849307","48849607","41","34127359"
"chr2","83024611","83024914","chr9","78876280","78876587","49","4148331"
"chr2","83036007","83036300","chr11","118707172","118707471","43","35671165"
"chr2","83051829","83051970","chr7","115240672","115240813","23","32188843"
"chr2","83133860","83134113","chr19","46137703","46137960","46","36996157"
"chr2","83153110","83153233","chr2B","89205640","89205764","13","6052530"
"chr2","83187733","83188038","chr5","34215137","34215446","45","48972596"
"chr2","83195792","83196099","chr21","30658994","30659298","40","52536798"
"chr2","83221618","83221905","chr2A","105754001","105754289","47","22532383"
"chr2","83239217","83239527","chr7","4382934","4383235","48","78856283"
"chr2","83268381","83268688","chr4","411290","411591","39","82857091"
"chr2","83268699","83268833","chr12","9001577","9001712","22","74267122"
"chr2","83294348","83294677","chr6","166500094","166500401","57","83205746"
"chr2","83306360","83306639","chr9","96683056","96683337","41","13376696"
"chr2","83323300","83323506","chr11","13706318","13706506","44","69616982"
"chr2","83344325","83344438","chr2B","100588628","100588741","11","17244303"
"chr2","83347225","83347514","chr16","19514850","19515136","47","63832375"
"chr2","83351021","83351183","chrX","69931574","69931735","27","13419447"
"chr2","83369521","83369695","chr5","35988003","35988181","29","47381518"
"chr2","83379563","83379695","chr1","106812839","106812964","31","23433276"
"chr2","83380307","83380385","chr7","73295377","73295456","8","10084930"
"chr2","83385651","83385977","chr9","112308267","112308597","57","28922616"
"chr2","83438053","83438384","chr3","60782342","60782655","55","22655711"
"chr2","83453192","83453488","chr11","85870927","85871225","46","2417735"
"chr2","83508660","83508876","chr2A","99748243","99748464","35","16239583"
"chr2","83523550","83523610","chr7","45456375","45456433","9","38067175"
"chr2","83576478","83576709","chr12","127703153","127703387","40","44126675"
"chr2","83580156","83580347","chr10","19600015","19600204","38","63980141"
"chr2","83592513","83592770","chr4","171977333","171977584","49","88384820"
"chr2","83617700","83617995","chr4","163810078","163810378","47","80192378"
"chr2","83659551","83659857","chr10","85790403","85790703","50","2130852"
"chr2","83710572","83710892","chr3","162571166","162571477","55","78860594"
"chr2","83718192","83718423","chr16","57679571","57679801","37","26038621"
"chr2","83732294","83732605","chr6","140681165","140681474","53","56948871"
"chr2","83752502","83752642","chr1","141548532","141548674","18","57796030"
"chr2","83789301","83789581","chr6","79360967","79361252","43","4428334"
"chr2","83858171","83858214","chr8","29192005","29192052","9","54666166"
"chr2","83900877","83901171","chr14","22381297","22381605","56","61519580"
"chr2","83992169","83992276","chr10","100318038","100318149","17","16325869"
"chr2","83992785","83992903","chr10","93726615","93726738","18","9733830"
"chr2","84018985","84019179","chr7","72638553","72638745","21","11380432"
"chr2","84048791","84048929","chr17","1423559","1423696","26","82625232"
"chr2","84192285","84192430","chr11","58884661","58884807","23","25307624"
"chr2","84285151","84285443","chr7","31819470","31819747","63","52465681"
"chr2","84396454","84396726","chr7","137312057","137312333","43","52915603"
"chr2","84493603","84493905","chr16","28308660","28308967","44","56184943"
"chr2","84519067","84519225","chr5","104814317","104814480","32","20295250"
"chr2","84519806","84519931","chr5","14477646","14477774","21","70042160"
"chr2","84545804","84546076","chr5","104793849","104794126","48","20248045"
"chr2","84650803","84651094","chr7","539488","539783","51","84111315"
"chr2","84802826","84803124","chr6","153170383","153170681","42","68367557"
"chr2","84852399","84852691","chrX","2485911","2486202","43","82366488"
"chr2","84882137","84882430","chrX","136109691","136109977","49","51227554"
"chr2","84990469","84990672","chr6","12328182","12328368","37","72662287"
"chr2","85008923","85009042","chr11","104352984","104353103","17","19344061"
"chr2","85289428","85289730","chr1","8175352","8175654","41","77114076"
"chr2","85362080","85362388","chr9","33245603","33245911","42","52116477"
"chr2","85399489","85399798","chr18","68085596","68085900","46","17313893"
"chr2","85406592","85406836","chr15","37659831","37660098","54","47746761"
"chr2","85437880","85438169","chrX","42228408","42228695","51","43209472"
"chr2","85449553","85449847","chr9","79446566","79446862","46","6002987"
"chr2","85453057","85453191","chr2B","96120242","96120374","14","10667185"
"chr2","85575498","85575793","chr15","23355915","23356210","41","62219583"
"chr2","85665151","85665459","chr1","35093771","35094077","50","50571380"
"chr2","85768986","85769272","chr4","101447458","101447743","40","15678472"
"chr2","85910480","85910768","chr2A","59832615","59832903","48","26077865"
"chr2","85989675","85989966","chr7","78087696","78087986","47","7901979"
"chr2","86020179","86020445","chr10","36748912","36749187","56","49271267"
"chr2","86155509","86155775","chr9","53102308","53102564","40","33053201"
"chr2","86197357","86197473","chr2B","100588628","100588741","12","14391271"
"chr2","86202741","86203032","chr20","34838054","34838358","55","51364687"
"chr2","86212859","86213160","chr20","50949101","50949402","44","35263758"
"chr2","86303325","86303628","chr20","49534184","49534488","37","36769141"
"chr2","86331135","86331424","chr12","57958159","57958446","47","28372976"
"chr2","86342124","86342264","chrX","119294972","119295111","21","32952848"
"chr2","86422517","86422799","chr1","150463354","150463634","41","64040837"
"chr2","86422823","86422834","chr1","58325006","58325017","0","28097817"
"chr2","86436273","86436485","chr8","84625436","84625662","50","1810837"
"chr2","86645343","86645634","chr11","117246798","117247086","48","30601455"
"chr2","86704686","86704897","chr2B","28376032","28376243","42","58328654"
"chr2","86816404","86816697","chr6","113507612","113507899","52","26691208"
"chr2","86873696","86873999","chr10","50297952","50298253","38","36575744"
"chr2","87049749","87050052","chr4","171275502","171275800","44","84225753"
"chr2","87062664","87062964","chr12","29980703","29981001","38","57081961"
"chr2","87065573","87065868","chr12","35147057","35147353","41","51918516"
"chr2","87083207","87083510","chr4","137202145","137202441","36","50118938"
"chr2","87086589","87086880","chr8","20787643","20787933","43","66298946"
"chr2","87095952","87096237","chr7","46691289","46691574","53","40404663"
"chr2","87129228","87129485","chr4","81507822","81508086","57","5621406"
"chr2","87219250","87219532","chr1","186408673","186408962","43","99189423"
"chr2","87245265","87245381","chr8","9878419","9878533","18","77366846"
"chr2","87253151","87253413","chrX","24803746","24804013","37","62449405"
"chr2","87256002","87256111","chr5","119809274","119809386","14","32553272"
"chr2","87256411","87256623","chr8","26613364","26613558","43","60643047"
"chr2","87279778","87280065","chr2B","124728949","124729237","40","37449171"
"chr2","87314316","87314605","chr5","102387389","102387677","45","15073073"
"chr2","87385752","87386026","chr5","12545924","12546199","59","74839828"
"chr2","87399095","87399268","chr8","48821737","48821912","31","38577358"
"chr2","87430183","87430318","chr1","9236272","9236407","17","78193911"
"chr2","87430612","87430779","chr14","60537374","60537538","26","26893238"
"chr2","87442570","87442725","chr3","49043520","49043676","17","38399050"
"chr2","87444437","87444570","chr5","35633795","35633931","18","51810642"
"chr2","87456764","87457056","chr5","102244274","102244566","41","14787510"
"chr2","87457730","87458027","chr6","45713778","45714072","42","41743952"
"chr2","87464594","87464782","chr1","129334288","129334473","32","41869694"
"chr2","87471248","87471531","chr8","107410573","107410861","54","19939325"
"chr2","87477188","87477474","chr18","13253945","13254224","47","74223243"
"chr2","87483134","87483439","chr11","120932649","120932956","39","33449515"
"chr2","87503386","87503660","chr14","13219605","13219883","43","74283781"
"chr2","87514978","87515277","chr8","47791236","47791530","41","39723742"
"chr2","87520937","87521056","chr4","39598901","39599020","11","47922036"
"chr2","87531708","87531986","chr12","123758800","123759084","43","36227092"
"chr2","87541067","87541280","chr15","69622410","69622621","24","17918657"
"chr2","87541480","87541691","chr15","69622410","69622621","28","17919070"
"chr2","87609961","87610286","chr10","15389485","15389776","81","72220476"
"chr2","87620359","87620649","chr1","9418944","9419238","41","78201415"
"chr2","87639555","87639829","chr19","7112616","7112874","58","80526939"
"chr2","87639913","87640195","chr12","108933486","108933768","40","21293573"
"chr2","87644287","87644580","chr4","162552218","162552510","45","74907931"
"chr2","87680683","87680973","chr2A","67830661","67830952","40","19850022"
"chr2","87775040","87775337","chr5","101968063","101968359","45","14193023"
"chr2","87850633","87850755","chr21","23023866","23023983","15","64826767"
"chr2","87854720","87855004","chr8","48387419","48387700","35","39467301"
"chr2","88197956","88198239","chr3","180317112","180317408","45","92119156"
"chr2","88208800","88209060","chr17","817230","817487","51","87391570"
"chr2","88341379","88341670","chrX","18671001","18671294","47","69670378"
"chr2","88399367","88399664","chr2A","20479742","20480041","62","67919625"
"chr2","88455860","88456155","chr12","29929642","29929937","44","58526218"
"chr2","88649642","88649920","chr5","5450808","5451091","60","83198834"
"chr2","88679680","88679807","chr20","60510637","60510764","15","28169043"
"chr2","88679829","88679982","chr1","26756482","26756638","22","61923347"
"chr2","88725970","88726280","chrX","128923641","128923950","42","40197671"
"chr2","88805294","88805559","chr5","36333234","36333490","65","52472060"
"chr2","88838107","88838435","chr1","25213421","25213752","55","63624686"
"chr2","88850973","88851247","chr1","19948860","19949131","44","68902113"
"chr2","88873674","88873948","chrX","111354529","111354812","44","22480855"
"chr2","88977426","88977577","chr20","21531855","21532006","19","67445571"
"chr2","89088189","89088344","chr7","129792981","129793136","35","40704792"
"chr2","89116229","89116528","chr11","64189012","64189311","50","24927217"
"chr2","89133754","89133983","chr2B","66642441","66642667","29","22491313"
"chr2","89239831","89240021","chrX","1507464","1507649","44","87732367"
"chr2","89273234","89273508","chrX","101046940","101047213","59","11773706"
"chr2","89273561","89273593","chr9","73883126","73883155","8","15390435"
"chr2","89375849","89376111","chr5","55176496","55176773","53","34199353"
"chr2","89448707","89448952","chr15","7116871","7117124","57","82331836"
"chr2","89489221","89489525","chr6","43552064","43552362","38","45937157"
"chr2","89490837","89490995","chr19","10864268","10864432","27","78626569"
"chr2","89707332","89707614","chr1","215342127","215342404","59","125634795"
"chr2","89753731","89753839","chr7","147171746","147171858","10","57418015"
"chr2","89755780","89756062","chr20","58907444","58907741","43","30848336"
"chr2","89786114","89786416","chr4","24255507","24255804","51","65530607"
"chr2","89819256","89819568","chr18","28517213","28517509","59","61302043"
"chr2","89845860","89846171","chr20","54481954","54482259","44","35363906"
"chr2","89858529","89858814","chr7","146924356","146924633","59","57065827"
"chr2","89863813","89864120","chr1","76679777","76680087","47","13184036"
"chr2","89884156","89884359","chr6","22583904","22584117","46","67300252"
"chr2","89884627","89884743","chr4","72852437","72852547","18","17032190"
"chr2","89900629","89900803","chr9","111057593","111057767","29","21156964"
"chr2","89902031","89902325","chr2B","1475279","1475574","39","88426752"
"chr2","89927466","89927582","chr6","43500320","43500437","10","46427146"
"chr2","89985290","89985588","chr1","192905680","192905977","44","102920390"
"chr2","89998951","89999247","chr7","21217030","21217325","40","68781921"
"chr2","90024667","90024924","chr1","215380905","215381159","52","125356238"
"chr2","90090078","90090092","chr3","101576130","101576143","1","11486052"
"chr2","90090275","90090564","chr12","57958159","57958446","41","32132116"
"chr2","90098043","90098219","chr5","2767848","2768016","34","87330195"
"chr2","90098263","90098382","chr10","107898843","107898965","26","17800580"
"chr2","90219030","90219145","chr17","78676430","78676535","22","11542600"
"chr2","90296844","90297131","chr16","13037737","13038029","39","77259107"
"chr2","90347266","90347465","chr4","34033596","34033799","41","56313670"
"chr2","90397896","90398186","chr21","31933268","31933561","43","58464628"
"chr2","90453386","90453617","chrX","97166618","97166845","39","6713232"
"chr2","90647591","90647876","chr7","25237099","25237387","45","65410492"
"chr2","90779804","90780099","chrX","16571125","16571431","48","74208679"
"chr2","90794283","90794407","chr4","163930931","163931053","20","73136648"
"chr2","90843551","90843855","chr7","140145366","140145668","46","49301815"
"chr2","90895972","90896259","chr5","99028392","99028682","36","8132420"
"chr2","90905563","90905739","chr9","30637254","30637435","31","60268309"
"chr2","90906045","90906178","chr4","81956541","81956672","14","8949504"
"chr2","90922988","90923284","chr8","119202320","119202618","39","28279332"
"chr2","90929929","90930228","chr22","16724001","16724306","45","74205928"
"chr2","91004745","91005044","chr19","49839306","49839606","34","41165439"
"chr2","91038310","91038612","chrX","9281673","9281964","46","81756637"
"chr2","91067698","91068003","chr22","26896202","26896504","39","64171496"
"chr2","91117378","91117551","chr16","11651014","11651190","29","79466364"
"chr2","91120862","91121169","chr3","196949461","196949772","46","105828599"
"chr2","91128749","91128876","chr15","68722658","68722786","18","22406091"
"chr2","91129016","91129179","chr11","61143465","61143632","29","29985551"
"chr2","91130468","91130758","chr10","108992658","108992947","41","17862190"
"chr2","91131137","91131419","chr1","78508506","78508789","44","12622631"
"chr2","91132956","91133255","chr5","117742995","117743288","47","26610039"
"chr2","91135108","91135415","chr2B","100420046","100420353","43","9284938"
"chr2","91137133","91137400","chr19","17952342","17952608","47","73184791"
"chr2","91145944","91146254","chr5","63636675","63636985","42","27509269"
"chr2","91146674","91146967","chr5","125384235","125384523","50","34237561"
"chr2","91148304","91148355","chr1","195421803","195421850","13","104273499"
"chr2","91148368","91148535","chr16","61089992","61090157","29","30058376"
"chr2","91149270","91149575","chrX","155072004","155072300","48","63922734"
"chr2","91159752","91160040","chr1","8513682","8513967","49","82646070"
"chr2","91164091","91164389","chr9","103704485","103704782","40","12540394"
"chr2","91200539","91200833","chr2B","96369744","96370041","36","5169205"
"chr2","91288454","91288533","chr2A","83230218","83230297","11","8058236"
"chr2","91392196","91392505","chr8","101435714","101436021","49","10043518"
"chr2","91422757","91423019","chr10","100354316","100354578","37","8931559"
"chr2","91528248","91528381","chr4","103139300","103139435","16","11611052"
"chr2","91528696","91528854","chr20","2150753","2150919","28","89377943"
"chr2","91567624","91567756","chr15","19534571","19534704","20","72033053"
"chr2","91568068","91568234","chr4","2469407","2469572","21","89098661"
"chr2","91569415","91569714","chrX","105237772","105238069","43","13668357"
"chr2","91676132","91676431","chr9","71736676","71736971","40","19939456"
"chr2","91676963","91677125","chr5","98305168","98305337","26","6628205"
"chr2","91710241","91710521","chr3","72171772","72172053","45","19538469"
"chr2","91731713","91732005","chr5","98244351","98244655","53","6512638"
"chr2","91787464","91787736","chr5","98179123","98179395","44","6391659"
"chr2","92115114","92115426","chr1","21756556","21756861","52","70358558"
"chr2","92265590","92265875","chr5","153760245","153760531","45","61494655"
"chr2","92340097","92340368","chr7","68258839","68259112","45","24081258"
"chr2","92348133","92348370","chr1","52670029","52670265","38","39678104"
"chr2","92361421","92361566","chr8","1573606","1573751","16","90787815"
"chr2","92419725","92420022","chr8","119202320","119202618","37","26782595"
"chr2","92494783","92495074","chr7","73094896","73095187","49","19399887"
"chr2","92502934","92503245","chr2A","99151039","99151350","52","6648105"
"chr2","92503264","92503374","chr1","31185795","31185903","15","61317469"
"chr2","92507233","92507512","chr1","27821528","27821806","52","64685705"
"chr2","92568302","92568592","chr3","184256261","184256553","48","91687959"
"chr2","92634490","92634796","chr9","67930664","67930970","38","24703826"
"chr2","92692056","92692354","chr11","33528499","33528794","43","59163557"
"chr2","92830437","92830728","chr6","47822353","47822642","42","45008084"
"chr2","92875331","92875463","chr21","34756841","34756973","18","58118490"
"chr2","92960744","92961043","chr2B","3318446","3318740","37","89642298"
"chr2","92972692","92973001","chr3","37504015","37504324","43","55468677"
"chr2","93047666","93047767","chr3","136325093","136325199","14","43277427"
"chr2","93057680","93057987","chrX","49238016","49238318","50","43819664"
"chr2","93059324","93059456","chr3","187533947","187534083","11","94474623"
"chr2","93085133","93085433","chr18","44364132","44364433","47","48721001"
"chr2","93208738","93208996","chr14","54805719","54805978","44","38403019"
"chr2","93226216","93226426","chr8","83939449","83939649","39","9286767"
"chr2","93315796","93315837","chr7","73200461","73200502","6","20115335"
"chr2","93361352","93361597","chr5","38102803","38103034","57","55258549"
"chr2","93566843","93567150","chr10","136157647","136157956","40","42590804"
"chr2","93589558","93589625","chr1","45317870","45317936","4","48271688"
"chr2","93606424","93606734","chr5","4354304","4354613","40","89252120"
"chr2","93618714","93618996","chr11","32735604","32735883","46","60883110"
"chr2","93657174","93657450","chr2B","94337341","94337613","50","680167"
"chr2","93664616","93664904","chr7","40722123","40722408","51","52942493"
"chr2","93725852","93726128","chr5","96294144","96294418","46","2568292"
"chr2","93726518","93726823","chr2B","28143947","28144241","44","65582571"
"chr2","93795660","93795957","chr6","128262527","128262815","49","34466867"
"chr2","93830641","93830905","chr9","50270831","50271106","44","43559810"
"chr2","93831508","93831749","chr5","96198402","96198642","38","2366894"
"chr2","93897947","93898258","chr7","139963807","139964112","47","46065860"
"chr2","93904064","93904366","chr5","64409016","64409319","43","29495048"
"chr2","93922689","93922993","chr2A","676473","676774","38","93246216"
"chr2","93940782","93940940","chr9","36500931","36501077","39","57439851"
"chr2","93972290","93972410","chr1","63281192","63281313","15","30691098"
"chr2","93991668","93991987","chr7","100758267","100758587","53","6766599"
"chr2","94002779","94003066","chr5","96033768","96034069","47","2030989"
"chr2","94020449","94020661","chr7","152344299","152344491","59","58323850"
"chr2","94025640","94025935","chr9","114191687","114191982","34","20166047"
"chr2","94038785","94038914","chr5","7570536","7570671","15","86468249"
"chr2","94055480","94055792","chr10","107404942","107405251","54","13349462"
"chr2","94107333","94107618","chr14","61097634","61097920","37","33009699"
"chr2","94121966","94122263","chr5","95920310","95920614","43","1798344"
"chr2","94140667","94140893","chr16","24895211","24895435","27","69245456"
"chr2","94147803","94147979","chrX","74273360","74273539","30","19874443"
"chr2","94149205","94149455","chr1","18636016","18636273","44","75513189"
"chr2","94166844","94167150","chr2A","64219680","64219982","47","29947164"
"chr2","94189769","94190078","chrX","22158908","22159212","38","72030861"
"chr2","94243314","94243585","chr3","138366497","138366776","55","44123183"
"chr2","94248842","94249128","chr5","4268010","4268295","51","89980832"
"chr2","94296152","94296445","chr6","4177308","4177600","43","90118844"
"chr2","94392210","94392517","chr5","46247961","46248272","34","48144249"
"chr2","94397808","94398024","chr5","5774795","5775010","36","88623013"
"chr2","94398094","94398153","chr5","22588165","22588232","16","71809929"
"chr2","94436968","94437272","chr11","8944197","8944498","43","85492771"
"chr2","94481158","94481446","chr18","43156924","43157216","45","51324234"
"chr2","94561548","94561831","chr4","101447458","101447743","46","6885910"
"chr2","94583809","94584106","chr7","143297802","143298098","35","48713993"
"chr2","94619527","94619776","chr22","25929631","25929885","53","68689896"
"chr2","94648574","94648887","chrX","24278001","24278312","48","70370573"
"chr2","94676475","94676606","chr6","159908310","159908440","16","65231835"
"chr2","94686253","94686527","chr1","19948860","19949131","52","74737393"
"chr2","94711763","94712044","chr6","35803902","35804184","42","58907861"
"chr2","94751032","94751332","chr6","92275344","92275643","44","2475688"
"chr2","94766298","94766584","chr6","14171953","14172242","42","80594345"
"chr2","94800952","94801091","chr7","41947648","41947789","28","52853304"
"chr2","94825293","94825551","chr1","214859297","214859557","40","120034004"
"chr2","94888375","94888640","chr1","13857836","13858100","37","81030539"
"chr2","95005054","95005342","chr21","8842772","8843063","52","86162282"
"chr2","95022459","95022761","chr7","139760451","139760748","48","44737992"
"chr2","95458749","95458999","chr17","66962349","66962603","51","28496400"
"chr2","95473076","95473381","chr5","1672358","1672656","46","93800718"
"chr2","95539097","95539331","chr4","161387162","161387396","45","65848065"
"chr2","95556730","95556999","chr9","46282937","46283203","43","49273793"
"chr2","95577003","95577292","chr8","19406227","19406520","45","76170776"
"chr2","95599723","95600016","chr1","216411309","216411600","37","120811586"
"chr2","95606188","95606416","chr4","172747344","172747572","43","77141156"
"chr2","95611733","95612007","chr13","19305811","19306085","50","76305922"
"chr2","95654944","95655052","chr17","40745194","40745323","29","54909750"
"chr2","95694307","95694603","chr13","81164151","81164440","49","14530156"
"chr2","95748260","95748559","chr5","34215137","34215446","45","61533123"
"chr2","95817768","95818059","chr11","3623940","3624232","40","92193828"
"chr2","95858359","95858488","chr4","121964169","121964304","17","26105810"
"chr2","95886506","95886791","chr17","9373211","9373496","58","86513295"
"chr2","95887144","95887423","chr1","32249381","32249664","55","63637763"
"chr2","95939102","95939375","chr12","668593","668869","53","95270509"
"chr2","96028962","96029241","chr5","54136309","54136588","59","41892653"
"chr2","96080029","96080194","chr3","172654930","172655092","26","76574901"
"chr2","96124613","96124916","chr15","54044298","54044604","44","42080315"
"chr2","96145402","96145655","chr10","100354316","100354578","48","4208914"
"chr2","96319365","96319639","chr17","29222631","29222909","55","67096734"
"chr2","96466207","96466510","chr16","60255577","60255883","41","36210630"
"chr2","96625549","96625860","chr11","65133925","65134229","61","31491624"
"chr2","96631085","96631362","chr3","48166508","48166786","45","48464577"
"chr2","96655639","96655954","chr8","35236593","35236899","54","61419046"
"chr2","96731725","96731844","chr3","71920064","71920180","17","24811661"
"chr2","96869912","96870171","chr5","33724423","33724674","54","63145489"
"chr2","96946842","96947144","chr1","75708117","75708419","48","21238725"
"chr2","96955580","96955876","chr20","49617602","49617900","44","47337978"
"chr2","97017705","97018013","chr15","43154126","43154432","42","53863579"
"chr2","97240057","97240367","chr3","159460429","159460736","51","62220372"
"chr2","97245317","97245602","chr8","32675595","32675874","54","64569722"
"chr2","97295088","97295173","chr1","51233542","51233629","13","46061546"
"chr2","97336436","97336724","chr16","6782698","6782981","51","90553738"
"chr2","97355986","97356270","chr8","25272547","25272830","42","72083439"
"chr2","97437544","97437832","chr15","69227884","69228175","46","28209660"
"chr2","97462660","97462918","chr5","92676376","92676647","46","4786284"
"chr2","97533065","97533347","chr11","1744676","1744967","54","95788389"
"chr2","97619985","97620225","chr14","88110355","88110596","46","9509630"
"chr2","97629845","97630148","chr4","86739574","86739882","42","10890271"
"chr2","97631003","97631169","chr7","152492140","152492307","28","54861137"
"chr2","97638252","97638570","chr8","24352605","24352915","44","73285647"
"chr2","97640947","97641253","chr6","141321654","141321950","42","43680707"
"chr2","97651162","97651342","chr5","7693067","7693249","23","89958095"
"chr2","97654431","97654700","chr13","83268622","83268884","48","14385809"
"chr2","97655206","97655497","chr8","130901711","130902005","37","33246505"
"chr2","97673763","97673941","chrX","41966374","41966548","25","55707389"
"chr2","97679187","97679300","chr3","59287633","59287756","31","38391554"
"chr2","97690462","97690534","chr11","66794221","66794294","11","30896241"
"chr2","97696651","97696943","chrX","41897727","41898024","57","55798924"
"chr2","97702937","97703237","chr14","78752385","78752687","39","18950552"
"chr2","97737144","97737428","chr5","40662770","40663064","43","57074374"
"chr2","97742665","97742945","chrX","45393790","45394091","50","52348875"
"chr2","97876150","97876445","chr3","102856773","102857068","40","4980623"
"chr2","98152100","98152223","chr9","45252398","45252520","16","52899702"
"chr2","98340926","98341059","chr1","64265288","64265418","23","34075638"
"chr2","98365019","98365306","chr11","71249373","71249660","50","27115646"
"chr2","98423203","98423502","chr9","67930664","67930970","54","30492539"
"chr2","98535595","98535892","chr22","30458116","30458408","52","68077479"
"chr2","98545279","98545582","chr8","124200571","124200876","51","25655292"
"chr2","98609139","98609438","chr4","193142608","193142909","49","94533469"
"chr2","98731623","98731752","chr1","91403002","91403137","15","7328621"
"chr2","98865958","98866064","chr14","88983738","88983845","21","9882220"
"chr2","98891044","98891164","chr10","114421843","114421969","15","15530799"
"chr2","98903384","98903535","chr14","60740471","60740620","29","38162913"
"chr2","98903834","98904018","chr1","162846265","162846444","30","63942431"
"chr2","98905611","98905892","chr2A","96307111","96307392","38","2598500"
"chr2","98925201","98925478","chr4","101447458","101447743","45","2522257"
"chr2","99077472","99077576","chrX","47761378","47761479","16","51316094"
"chr2","99084313","99084615","chr11","47222402","47222700","36","51861911"
"chr2","99149602","99149769","chr6","37357453","37357616","29","61792149"
"chr2","99149799","99149920","chr5","135124732","135124853","15","35974933"
"chr2","99318467","99318749","chr15","39767867","39768150","33","59550600"
"chr2","99364425","99364520","chr2A","59338181","59338273","14","40026244"
"chr2","99373774","99374080","chr6","110474486","110474790","41","11100712"
"chr2","99444699","99444979","chr5","90683428","90683713","43","8761271"
"chr2","99471672","99471963","chr7","77548302","77548597","46","21923370"
"chr2","99618882","99619122","chr13","62784224","62784467","39","36834658"
"chr2","99695682","99695975","chr2B","2582611","2582904","39","97113071"
"chr2","99810022","99810136","chr3","50836150","50836264","12","48973872"
"chr2","99869847","99870065","chr6","112975858","112976085","42","13106011"
"chr2","99906488","99906498","chr3","130605499","130605509","1","30699011"
"chr2","99906532","99906811","chr8","48387419","48387700","38","51519113"
"chr2","99952627","99952920","chr1","212745117","212745410","40","112792490"
"chr2","99960370","99960656","chr15","48164142","48164429","43","51796228"
"chr2","100040773","100041024","chrX","18987677","18987928","41","81053096"
"chr2","100092228","100092534","chr5","34215137","34215446","41","65877091"
"chr2","100129620","100129915","chr20","43761961","43762257","48","56367659"
"chr2","100345222","100345515","chr4","87903290","87903587","48","12441932"
"chr2","100620547","100620850","chr7","130622734","130623042","47","30002187"
"chr2","100622837","100623119","chr1","94804891","94805182","46","5817946"
"chr2","100649619","100649908","chr3","48880288","48880577","51","51769331"
"chr2","100674036","100674339","chr1","153025983","153026286","47","52351947"
"chr2","100789196","100789488","chr4","82082682","82082973","49","18706514"
"chr2","100839712","100839788","chr14","55537579","55537647","19","45302133"
"chr2","100880506","100880812","chr7","158676345","158676646","51","57795839"
"chr2","100927993","100928254","chr5","89305536","89305810","47","11622457"
"chr2","100973398","100973523","chrX","42325828","42325954","22","58647570"
"chr2","100993696","100993787","chr6","47866107","47866202","13","53127589"
"chr2","100993811","100993964","chr16","8502963","8503111","33","92490848"
"chr2","101079362","101079647","chr10","91292506","91292788","48","9786856"
"chr2","101113106","101113391","chr5","43084014","43084303","47","58029092"
"chr2","101148277","101148565","chr14","81149227","81149524","52","19999050"
"chr2","101175415","101175536","chr17","1070848","1070967","20","100104567"
"chr2","101418104","101418225","chr17","27157832","27157950","22","74260272"
"chr2","101418687","101418931","chr7","6468226","6468455","51","94950461"
"chr2","101721204","101721498","chr1","157862941","157863238","46","56141737"
"chr2","101737086","101737371","chr6","31723241","31723525","49","70013845"
"chr2","101794595","101794897","chr1","191356214","191356510","46","89561619"
"chr2","101805089","101805374","chr7","23548047","23548327","38","78257042"
"chr2","102169221","102169515","chr6","22678731","22679031","50","79490490"
"chr2","102262350","102262660","chr9","45430907","45431211","52","56831443"
"chr2","102353018","102353126","chr19","3924569","3924675","15","98428449"
"chr2","102363825","102364000","chr5","87815321","87815496","25","14548504"
"chr2","102766733","102766845","chr12","129453271","129453381","22","26686538"
"chr2","102880301","102880602","chr22","34431886","34432179","51","68448415"
"chr2","102957297","102957594","chr1","114261983","114262281","43","11304686"
"chr2","103078687","103078982","chr5","87208231","87208524","40","15870456"
"chr2","103088149","103088465","chr8","74850303","74850611","50","28237846"
"chr2","103094283","103094581","chr1","20127812","20128114","58","82966471"
"chr2","103098445","103098655","chr6","72479695","72479909","54","30618750"
"chr2","103153737","103154021","chr8","103750212","103750498","50","596475"
"chr2","103155869","103156156","chr6","26823628","26823918","40","76332241"
"chr2","103312911","103313209","chr8","101544594","101544890","58","1768317"
"chr2","103394888","103395183","chr7","106016300","106016595","55","2621412"
"chr2","103494984","103495295","chr2A","62661707","62662012","50","40833277"
"chr2","103563959","103564253","chr5","86700116","86700409","44","16863843"
"chr2","103588716","103589005","chr12","67682585","67682882","46","35906131"
"chr2","103704811","103705135","chr3","131643212","131643513","55","27938401"
"chr2","103800213","103800503","chr1","28490498","28490788","44","75309715"
"chr2","103829075","103829381","chr4","38480485","38480787","43","65348590"
"chr2","103885143","103885446","chr12","98409406","98409700","46","5475737"
"chr2","103918495","103918781","chr9","110455767","110456050","40","6537272"
"chr2","104005522","104005803","chr5","32194950","32195228","69","71810572"
"chr2","104227922","104228220","chr7","77548302","77548597","46","26679620"
"chr2","104345322","104345618","chr9","104915604","104915900","42","570282"
"chr2","104436998","104437299","chr5","15300013","15300317","41","89136985"
"chr2","104470328","104470626","chr7","104427346","104427649","47","42982"
"chr2","104488078","104488336","chr3","11684948","11685204","45","92803130"
"chr2","104571440","104571737","chr3","56346212","56346514","42","48225228"
"chr2","104685235","104685486","chr15","43954791","43955057","41","60730444"
"chr2","104736634","104736943","chrX","108107735","108108047","63","3371101"
"chr2","104858125","104858421","chr3","185043541","185043836","45","80185416"
"chr2","104865843","104866149","chr8","102448940","102449251","42","2416903"
"chr2","105041491","105041783","chr2A","61415350","61415645","44","43626141"
"chr2","105126246","105126519","chr6","164693522","164693805","44","59567276"
"chr2","105166545","105166751","chr8","104420419","104420626","47","746126"
"chr2","105231557","105231842","chr7","25237099","25237387","42","79994458"
"chr2","105429514","105429737","chr10","5688048","5688274","45","99741466"
"chr2","105684665","105684791","chr3","60785435","60785563","19","44899230"
"chr2","105687409","105687526","chr17","12358002","12358121","33","93329407"
"chr2","105920422","105920740","chr3","172545562","172545864","56","66625140"
"chr2","105921185","105921411","chr10","128743122","128743353","47","22821937"
"chr2","105939034","105939150","chr17","26603162","26603278","12","79335872"
"chr2","105940157","105940459","chr9","58790609","58790908","54","47149548"
"chr2","105946858","105947031","chr2B","126543301","126543456","53","20596443"
"chr2","106201946","106202113","chr2B","50431625","50431794","20","55770321"
"chr2","106488839","106489134","chr3","50934507","50934804","45","55554332"
"chr2","106705929","106706209","chr6","30294920","30295204","61","76411009"
"chr2","106925735","106925961","chr14","14635557","14635783","37","92290178"
"chr2","106938687","106938994","chr7","152799145","152799449","46","45860458"
"chr2","106945554","106945801","chr1","32667499","32667739","42","74278055"
"chr2","107000019","107000247","chr12","111240121","111240348","56","4240102"
"chr2","107062035","107062318","chr6","101432996","101433278","44","5629039"
"chr2","107260281","107260531","chr2A","52212585","52212830","57","55047696"
"chr2","107318817","107319144","chr1","157431755","157432062","57","50112938"
"chr2","107356142","107356453","chr18","77160097","77160404","53","30196045"
"chr2","107368977","107369129","chr6","153778978","153779126","21","46410001"
"chr2","107501875","107502002","chr14","12485207","12485337","12","95016668"
"chr2","107538157","107538419","chr4","124359555","124359819","53","16821398"
"chr2","107549270","107549427","chr7","48329254","48329410","34","59220016"
"chr2","107549449","107549490","chr7","37765508","37765551","7","69783941"
"chr2","107584782","107584857","chr1","195422528","195422599","16","87837746"
"chr2","107584911","107585075","chr16","38746543","38746701","27","68838368"
"chr2","107693349","107693454","chr5","96050307","96050417","24","11643042"
"chr2","107709770","107710052","chr4","72274168","72274453","43","35435602"
"chr2","107745597","107745837","chr15","79547210","79547452","51","28198387"
"chr2","107818074","107818280","chr10","14470588","14470799","41","93347486"
"chr2","108075727","108076016","chr1","110633964","110634255","39","2558237"
"chr2","108081392","108081698","chr12","58120124","58120429","48","49961268"
"chr2","108136145","108136410","chr12","21833183","21833448","41","86302962"
"chr2","108145919","108146163","chr12","11358465","11358705","56","96787454"
"chr2","108205926","108206219","chr17","95271820","95272111","57","12934106"
"chr2","108212358","108212549","chr9","15750083","15750270","26","92462275"
"chr2","108281543","108281824","chr1","205612646","205612928","41","97331103"
"chr2","108344730","108345025","chr7","79374675","79374962","55","28970055"
"chr2","108441718","108442042","chr9","53430515","53430837","61","55011203"
"chr2","108569851","108570139","chr11","104486321","104486614","56","4083530"
"chr2","108653081","108653204","chr15","73119233","73119360","13","35533848"
"chr2","108726409","108726682","chr14","52194486","52194761","44","56531923"
"chr2","108727236","108727344","chr1","12088602","12088716","18","96638634"
"chr2","108743081","108743376","chr2A","34076378","34076678","35","74666703"
"chr2","108753561","108753872","chr15","66713484","66713788","44","42040077"
"chr2","108757020","108757328","chr13","9716804","9717101","42","99040216"
"chr2","108767351","108767636","chr6","79360967","79361252","44","29406384"
"chr2","108790064","108790359","chr19","45731453","45731754","45","63058611"
"chr2","108791546","108791844","chr1","162593180","162593479","39","53801634"
"chr2","108807087","108807423","chr3","44692674","44693000","54","64114413"
"chr2","108813959","108814258","chr5","11291914","11292218","46","97522045"
"chr2","108828626","108828920","chr1","135922404","135922701","44","27093778"
"chr2","108858416","108858702","chr5","81912996","81913296","49","26945420"
"chr2","108860278","108860612","chr12","66862244","66862567","56","41998034"
"chr2","108863826","108864004","chr10","34990756","34990934","26","73873070"
"chr2","108867599","108867903","chr18","60216973","60217278","45","48650626"
"chr2","108906074","108906356","chr8","123624586","123624865","47","14718512"
"chr2","108948559","108948863","chr9","43597636","43597938","39","65350923"
"chr2","109025951","109026239","chr9","80314946","80315237","44","28711005"
"chr2","109109194","109109282","chr1","158470676","158470760","16","49361482"
"chr2","109154313","109154618","chr15","16720896","16721204","54","92433417"
"chr2","109672727","109673038","chr5","26602593","26602896","47","83070134"
"chr2","109681028","109681312","chr14","85708196","85708488","48","23972832"
"chr2","109684739","109685043","chr5","81072595","81072908","53","28612144"
"chr2","109849793","109850093","chr10","11974321","11974614","41","97875472"
"chr2","110045511","110045620","chr17","78676430","78676535","11","31369081"
"chr2","110104407","110104666","chr5","80640920","80641182","36","29463487"
"chr2","110161282","110161562","chr7","138434617","138434908","44","28273335"
"chr2","110203925","110204210","chr4","134535301","134535591","54","24331376"
"chr2","110255622","110255754","chr2B","41409398","41409529","19","68846224"
"chr2","110256051","110256209","chr19","12031666","12031828","27","98224385"
"chr2","110256704","110256979","chr2B","33037466","33037745","47","77219238"
"chr2","110257009","110257025","chr19","52669859","52669874","2","57587150"
"chr2","110278257","110278377","chrX","1266201","1266319","16","109012056"
"chr2","110278406","110278430","chr2A","4389126","4389149","5","105889280"
"chr2","110473395","110473512","chr17","16936950","16937062","17","93536445"
"chr2","110519957","110520247","chr7","32453756","32454047","47","78066201"
"chr2","110521046","110521325","chr12","124254648","124254922","40","13733602"
"chr2","110522260","110522546","chr11","117367595","117367888","46","6845335"
"chr2","110719616","110719915","chrX","72049902","72050201","36","38669714"
"chr2","110731368","110731671","chr8","102281289","102281592","49","8450079"
"chr2","110766936","110767236","chr5","79887062","79887361","53","30879874"
"chr2","110774524","110774644","chr7","45451556","45451677","16","65322968"
"chr2","110774704","110774870","chr6","43494091","43494245","36","67280613"
"chr2","110819933","110820212","chr18","72355808","72356102","55","38464125"
"chr2","110879859","110880167","chr3","199782414","199782724","47","88902555"
"chr2","110887563","110887857","chr1","16966192","16966489","44","93921371"
"chr2","110933822","110934147","chr3","191250687","191251003","51","80316865"
"chr2","110951796","110952088","chr20","35012956","35013243","43","75938840"
"chr2","111021830","111022129","chr3","172886097","172886397","34","61864267"
"chr2","111035242","111035550","chr1","15537107","15537412","45","95498135"
"chr2","111044856","111045177","chr6","72740229","72740540","57","38304627"
"chr2","111055365","111055679","chr2B","124042742","124043060","53","12987377"
"chr2","111068306","111068600","chr10","31987153","31987448","42","79081153"
"chr2","111082210","111082511","chr1","209196926","209197232","43","98114716"
"chr2","111098319","111098451","chr8","123134693","123134825","14","12036374"
"chr2","111109784","111110075","chr19","20811630","20811928","47","90298154"
"chr2","111208941","111209234","chrX","13403350","13403638","40","97805591"
"chr2","111215837","111216141","chrX","112792355","112792659","56","1576518"
"chr2","111234122","111234225","chr1","29247794","29247894","22","81986328"
"chr2","111234893","111235001","chr17","19059816","19059925","13","92175077"
"chr2","111563579","111563883","chr4","24248990","24249297","40","87314589"
"chr2","111822960","111823093","chr5","51485688","51485814","34","60337272"
"chr2","111823406","111823536","chr6","4986918","4987047","16","106836488"
"chr2","111847652","111847931","chr12","113541996","113542278","48","1694344"
"chr2","111941513","111941796","chr1","139828512","139828799","38","27886999"
"chr2","111956783","111957050","chr1","224675471","224675736","58","112718688"
"chr2","111969978","111970268","chr5","78664062","78664353","46","33305916"
"chr2","111985673","111985987","chr10","36461248","36461559","56","75524425"
"chr2","112024706","112024930","chr1","206005436","206005660","42","93980730"
"chr2","112108600","112108865","chr1","9245866","9246113","52","102862734"
"chr2","112110112","112110415","chr17","63960123","63960419","48","48149989"
"chr2","112116671","112116804","chr22","7606114","7606246","13","104510557"
"chr2","112130071","112130363","chr8","95708898","95709191","33","16421173"
"chr2","112164582","112164736","chr12","11144289","11144452","28","101020293"
"chr2","112246916","112247192","chr6","38673670","38673957","43","73573246"
"chr2","112349982","112350271","chr6","14171953","14172242","41","98178029"
"chr2","112408179","112408467","chr5","20418184","20418465","43","91989995"
"chr2","112541071","112541326","chr4","158588791","158589052","40","46047720"
"chr2","112555134","112555428","chr1","46890129","46890419","39","65665005"
"chr2","112571183","112571500","chr1","45176813","45177130","46","67394370"
"chr2","112605062","112605348","chr22","11477523","11477809","50","101127539"
"chr2","112716922","112717215","chr7","144251815","144252107","44","31534893"
"chr2","112775380","112775616","chr17","44753361","44753612","59","68022019"
"chr2","112869219","112869515","chr8","101544594","101544890","35","11324625"
"chr2","112912524","112912817","chr13","22784810","22785101","50","90127714"
"chr2","112938082","112938343","chr5","21071770","21072025","53","91866312"
"chr2","113010499","113010785","chr9","32897126","32897414","48","80113373"
"chr2","113021382","113021691","chr5","34215137","34215446","51","78806245"
"chr2","113023322","113023626","chr10","32696099","32696398","44","80327223"
"chr2","113082725","113083012","chr11","115659402","115659687","45","2576677"
"chr2","113110953","113111234","chr8","103928915","103929198","44","9182038"
"chr2","113179405","113179713","chr2B","93867575","93867886","43","19311830"
"chr2","113180319","113180445","chr19","11944700","11944823","24","101235619"
"chr2","113233541","113233837","chr1","32566517","32566822","51","80667024"
"chr2","113268980","113269241","chr3","198514006","198514284","51","85245026"
"chr2","113290186","113290484","chr5","77337024","77337318","45","35953162"
"chr2","113377054","113377178","chr2B","129831786","129831912","8","16454732"
"chr2","113450042","113450303","chr10","148215775","148216033","40","34765733"
"chr2","113516114","113516266","chrX","70589550","70589708","30","42926564"
"chr2","113516566","113516701","chr19","48141881","48142016","13","65374685"
"chr2","113522193","113522511","chr19","37729875","37730183","44","75792318"
"chr2","113598915","113599211","chr20","519155","519448","51","113079760"
"chr2","113611763","113612034","chr9","99672607","99672878","38","13939156"
"chr2","113614552","113614835","chr21","24447816","24448094","61","89166736"
"chr2","113631855","113632154","chrX","133347328","133347631","41","19715473"
"chr2","113665872","113666165","chr3","201334238","201334531","42","87668366"
"chr2","113714664","113714801","chr1","212534813","212534951","36","98820149"
"chr2","113720165","113720340","chr2B","50431625","50431794","24","63288540"
"chr2","113720645","113720779","chr3","121511321","121511457","16","7790676"
"chr2","113722579","113722735","chr6","53179635","53179784","20","60542944"
"chr2","113733114","113733381","chr1","155314621","155314891","42","41581507"
"chr2","113963769","113964070","chr10","112177544","112177839","47","1786225"
"chr2","114160767","114160835","chr1","89597024","89597093","8","24563743"
"chr2","114161322","114161429","chr14","47041532","47041645","13","67119790"
"chr2","114163043","114163281","chr12","93012628","93012864","36","21150415"
"chr2","114317641","114317912","chr4","15665019","15665299","59","98652622"
"chr2","114342809","114342926","chr6","32400937","32401049","14","81941872"
"chr2","114385037","114385151","chr3","50836150","50836264","12","63548887"
"chr2","114393553","114393813","chr12","119960873","119961134","49","5567320"
"chr2","114577069","114577309","chr1","184990547","184990775","43","70413478"
"chr2","114643803","114644098","chr3","198940619","198940912","48","84296816"
"chr2","114885193","114885478","chr9","99306727","99307020","58","15578466"
"chr2","114948383","114948679","chr21","31933268","31933561","49","83015115"
"chr2","115021632","115021851","chr2B","66665417","66665639","37","48356215"
"chr2","115234972","115235101","chr6","29304391","29304513","25","85930581"
"chr2","115431256","115431533","chr9","117733372","117733651","56","2302116"
"chr2","115431709","115431730","chr12","97501730","97501752","3","17929979"
"chr2","115446036","115446328","chr5","75235649","75235952","57","40210387"
"chr2","115685179","115685313","chr15","20074227","20074360","15","95610952"
"chr2","115687701","115687991","chr5","131203190","131203482","46","15515489"
"chr2","115698228","115698510","chr1","55598826","55599103","54","60099402"
"chr2","115711476","115711668","chr9","74819531","74819730","33","40891945"
"chr2","115815920","115816218","chr12","29597428","29597726","39","86218492"
"chr2","115915991","115916253","chr7","30044993","30045256","41","85870998"
"chr2","115931767","115931835","chr16","66614366","66614434","6","49317401"
"chr2","116029150","116029447","chr4","189258045","189258348","44","73228895"
"chr2","116046725","116047011","chr15","13628361","13628648","41","102418364"
"chr2","116057552","116057802","chr11","122538795","122539044","42","6481243"
"chr2","116121433","116121728","chr9","106799866","106800156","38","9321567"
"chr2","116184294","116184596","chr10","85032894","85033191","38","31151400"
"chr2","116301793","116302053","chrX","70731798","70732057","46","45569995"
"chr2","116321734","116321821","chr1","135037741","135037829","19","18716007"
"chr2","116397818","116398098","chr19","48380052","48380333","50","68017766"
"chr2","116411689","116411993","chr12","109448183","109448483","38","6963506"
"chr2","116435100","116435379","chr19","47026026","47026305","40","69409074"
"chr2","116482236","116482318","chr22","23663581","23663663","16","92818655"
"chr2","116500010","116500289","chr4","198198108","198198391","40","81698098"
"chr2","116517559","116517681","chr4","151698724","151698845","21","35181165"
"chr2","116517966","116518119","chr5","62272871","62273027","40","54245095"
"chr2","116537795","116538079","chr1","73663374","73663657","54","42874421"
"chr2","116539532","116539815","chr17","63805578","63805863","38","52733954"
"chr2","116549826","116549980","chr3","131805211","131805354","27","15255385"
"chr2","116550296","116550431","chr4","185734049","185734184","19","69183753"
"chr2","116553867","116554167","chr5","74123041","74123355","42","42430826"
"chr2","116557207","116557414","chr5","4741496","4741697","66","111815711"
"chr2","116560621","116560770","chr1","79243417","79243565","25","37317204"
"chr2","116560813","116560939","chr3","187247034","187247160","17","70686221"
"chr2","116572414","116572726","chr5","34215137","34215446","45","82357277"
"chr2","116574546","116574854","chr11","120932649","120932956","43","4358103"
"chr2","116576316","116576429","chr3","130579020","130579133","19","14002704"
"chr2","116581402","116581525","chr1","40002123","40002247","13","76579279"
"chr2","116581847","116582013","chr18","17711569","17711735","23","98870278"
"chr2","116586154","116586361","chr7","127390283","127390490","26","10804129"
"chr2","116587740","116588076","chr4","191196483","191196824","70","74608743"
"chr2","116598894","116599194","chr4","3400438","3400744","43","113198456"
"chr2","116600653","116600959","chr15","28685821","28686125","47","87914832"
"chr2","116609127","116609419","chr8","109308562","109308858","36","7300565"
"chr2","116609998","116610291","chr11","117367595","117367888","36","757597"
"chr2","116615035","116615321","chr8","103853182","103853465","39","12761853"
"chr2","116621678","116621792","chr2B","100588628","100588741","9","16033050"
"chr2","116634898","116635186","chr15","51029731","51030029","40","65605167"
"chr2","116636329","116636639","chrX","49557173","49557482","49","67079156"
"chr2","116638513","116638813","chr11","3623940","3624232","47","113014573"
"chr2","116640816","116641077","chr1","215462821","215463078","38","98822005"
"chr2","116683262","116683519","chr19","56088072","56088321","48","60595190"
"chr2","116694286","116694583","chr20","5692768","5693066","34","111001518"
"chr2","116703518","116703822","chr19","572058","572360","41","116131460"
"chr2","116711182","116711478","chr17","58653122","58653418","40","58058060"
"chr2","116735932","116736222","chr5","73945067","73945368","45","42790865"
"chr2","116745528","116745825","chr1","217275916","217276207","43","100530388"
"chr2","116785411","116785566","chr10","110012976","110013130","29","6772435"
"chr2","116802631","116802924","chr22","25242303","25242597","42","91560328"
"chr2","116862677","116862812","chr4","185734049","185734184","11","68871372"
"chr2","117113131","117113431","chr5","73579841","73580141","42","43533290"
"chr2","117117599","117117906","chr5","73575223","73575529","43","43542376"
"chr2","117238192","117238461","chr5","163127146","163127429","51","45888954"
"chr2","117292562","117292867","chr4","8886242","8886545","44","108406320"
"chr2","117370258","117370570","chr14","10557771","10558080","47","106812487"
"chr2","117393508","117393813","chr1","13440931","13441250","66","103952577"
"chr2","117406683","117406977","chr8","94572903","94573193","38","22833780"
"chr2","117408915","117409208","chr6","45713778","45714072","43","71695137"
"chr2","117439375","117439653","chrX","24034614","24034896","50","93404761"
"chr2","117454495","117454621","chr7","63761044","63761170","26","53693451"
"chr2","117461454","117461753","chr3","128199527","128199833","46","10738073"
"chr2","117503986","117504286","chr2B","92229313","92229618","48","25274673"
"chr2","117532709","117532931","chr1","52183942","52184158","38","65348767"
"chr2","117534088","117534380","chr14","4168556","4168846","49","113365532"
"chr2","117655965","117656258","chr19","17676217","17676509","48","99979748"
"chr2","117658579","117658871","chr5","73069169","73069462","45","44589410"
"chr2","117842570","117842853","chrX","101436140","101436426","42","16406430"
"chr2","117879377","117879480","chr6","18262399","18262497","17","99616978"
"chr2","117879775","117879959","chr22","5626090","5626274","30","112253685"
"chr2","117970287","117970522","chr10","24708048","24708283","36","93262239"
"chr2","117970566","117970640","chr11","71249745","71249828","19","46720821"
"chr2","117971319","117971381","chr19","18077305","18077373","18","99894014"
"chr2","117977992","117978253","chr8","144593849","144594123","53","26615857"
"chr2","118259702","118259978","chr5","24372432","24372725","56","93887270"
"chr2","118340490","118340801","chrX","41653232","41653540","47","76687258"
"chr2","118365394","118365697","chr7","139963807","139964112","54","21598413"
"chr2","118440808","118441112","chr21","30658994","30659298","35","87781814"
"chr2","118631893","118632053","chr3","200708345","200708504","29","82076452"
"chr2","118632087","118632217","chr19","5063631","5063759","24","113568456"
"chr2","118802203","118802331","chr4","201135101","201135227","24","82332898"
"chr2","118802352","118802498","chr15","71825792","71825936","23","46976560"
"chr2","118932378","118932669","chr6","34873838","34874133","52","84058540"
"chr2","118988887","118989074","chr3","182778550","182778733","36","63789663"
"chr2","118990565","118990865","chr5","71775519","71775821","45","47215046"
"chr2","119032450","119032722","chr19","41415388","41415658","37","77617062"
"chr2","119136535","119136841","chr12","123478484","123478789","44","4341949"
"chr2","119142500","119142803","chr20","4914423","4914723","47","114228077"
"chr2","119200301","119200590","chr4","72274168","72274453","40","46926133"
"chr2","119211214","119211472","chr5","28519605","28519871","38","90691609"
"chr2","119217887","119218177","chr5","71540881","71541162","49","47677006"
"chr2","119224953","119225242","chr16","28312128","28312422","41","90912825"
"chr2","119389243","119389533","chr7","149634206","149634499","52","30244963"
"chr2","119402582","119402713","chr6","141208908","141209041","16","21806326"
"chr2","119478566","119478845","chr3","179781249","179781524","43","60302683"
"chr2","119612933","119613224","chr1","200515927","200516218","41","80902994"
"chr2","119708496","119708793","chr3","133020285","133020582","43","13311789"
"chr2","119722461","119722577","chr12","88940362","88940481","22","30782099"
"chr2","119724623","119724811","chr17","5023946","5024133","34","114700677"
"chr2","119761061","119761356","chr15","18841875","18842169","35","100919186"
"chr2","119811429","119811724","chrX","128923641","128923950","50","9112212"
"chr2","119838590","119838820","chr13","20619961","20620186","64","99218629"
"chr2","119954986","119955176","chr1","38128287","38128467","37","81826699"
"chr2","119955177","119955432","chr8","4739306","4739572","52","115215871"
"chr2","119955433","119955568","chr5","7570536","7570671","20","112384897"
"chr2","120215077","120215357","chr10","11136080","11136354","45","109078997"
"chr2","120341438","120341517","chr7","66821441","66821521","13","53519997"
"chr2","120496238","120496465","chr7","672201","672444","53","119824037"
"chr2","120507301","120507550","chr15","37532051","37532305","58","82975250"
"chr2","120518899","120519199","chr6","48560236","48560537","42","71958663"
"chr2","120524873","120525185","chr5","70252807","70253118","38","50272066"
"chr2","120795816","120796117","chr4","98470358","98470652","61","22325458"
"chr2","120811125","120811409","chr16","19514850","19515136","36","101296275"
"chr2","120850731","120851031","chr6","45713778","45714072","35","75136953"
"chr2","120851865","120852142","chr7","138319607","138319886","46","17467742"
"chr2","120852912","120853198","chr5","99718318","99718600","40","21134594"
"chr2","120853221","120853233","chr16","4512150","4512163","1","116341071"
"chr2","120893274","120893403","chr8","76247283","76247413","24","44645991"
"chr2","120895911","120896064","chr6","23011467","23011623","27","97884444"
"chr2","120910834","120910949","chr3","45629081","45629198","12","75281753"
"chr2","120923626","120923926","chr13","14081660","14081960","48","106841966"
"chr2","120940021","120940181","chr22","27273484","27273643","30","93666537"
"chr2","120946242","120946532","chr5","69870048","69870342","41","51076194"
"chr2","120995384","120995695","chrX","77582819","77583130","43","43412565"
"chr2","121042199","121042480","chr1","110168262","110168538","47","10873937"
"chr2","121112992","121113285","chr19","35478260","35478554","45","85634732"
"chr2","121139115","121139295","chr4","163585005","163585191","38","42445890"
"chr2","121139318","121139418","chr7","129380377","129380480","21","8241059"
"chr2","121168200","121168479","chr19","48380052","48380333","53","72788148"
"chr2","121230590","121230891","chr16","40725432","40725733","41","80505158"
"chr2","121277378","121277503","chr5","157092713","157092839","13","35815335"
"chr2","121277562","121277852","chr3","190276346","190276640","43","68998784"
"chr2","121597133","121597481","chr2A","33809289","33809622","63","87787844"
"chr2","121686429","121686727","chr12","29819043","29819337","41","91867386"
"chr2","121712512","121712635","chr2A","74412437","74412551","22","47300075"
"chr2","121858163","121858426","chr16","25670369","25670633","56","96187794"
"chr2","121877752","121877881","chr3","55091205","55091335","26","66786547"
"chr2","121903474","121903758","chr3","53593985","53594256","49","68309489"
"chr2","122004688","122004980","chr16","24110146","24110445","53","97894542"
"chr2","122166903","122167003","chr1","82949395","82949501","26","39217508"
"chr2","122169067","122169276","chr12","68683060","68683269","43","53486007"
"chr2","122313748","122314057","chr1","130804334","130804645","40","8490586"
"chr2","122339319","122339621","chr14","26085738","26086033","39","96253581"
"chr2","122425671","122425801","chr5","119210493","119210629","25","3215178"
"chr2","122455379","122455661","chr1","11669542","11669828","57","110785837"
"chr2","122610861","122611161","chr1","93992578","93992879","46","28618283"
"chr2","122715512","122715774","chr5","68001150","68001410","48","54714362"
"chr2","122719873","122720162","chr8","21653116","21653414","54","101066757"
"chr2","122770866","122771127","chr12","10072626","10072898","56","112698240"
"chr2","122781955","122782219","chr5","67947763","67948030","42","54834192"
"chr2","122841568","122841851","chr5","14145774","14146056","61","108695794"
"chr2","122855877","122855999","chr7","6467907","6468029","16","116387970"
"chr2","122856040","122856207","chr3","71893610","71893765","36","50962430"
"chr2","123016453","123016749","chr1","156921438","156921735","46","33904985"
"chr2","123204357","123204444","chr9","54101217","54101305","16","69103140"
"chr2","123244381","123244586","chr13","77652550","77652758","39","45591831"
"chr2","123269369","123269641","chr8","99760878","99761160","47","23508491"
"chr2","123269817","123269841","chr20","31911762","31911785","4","91358055"
"chr2","123272998","123273298","chr18","8493267","8493567","58","114779731"
"chr2","123275245","123275455","chr13","20619961","20620186","55","102655284"
"chr2","123282314","123282609","chrX","134825840","134826136","42","11543526"
"chr2","123297001","123297232","chr5","67422262","67422493","46","55874739"
"chr2","123487333","123487635","chrX","18589815","18590117","43","104897518"
"chr2","123540909","123541037","chr1","71060262","71060392","17","52480647"
"chr2","123541305","123541466","chr16","38777812","38777973","36","84763493"
"chr2","123565884","123566186","chr11","56648134","56648436","48","66917750"
"chr2","123597514","123597596","chr7","68348254","68348341","16","55249260"
"chr2","123597636","123597932","chr1","22677505","22677797","51","100920131"
"chr2","123694715","123695009","chr12","126464800","126465085","51","2770085"
"chr2","123754830","123755120","chr3","184877325","184877614","41","61122495"
"chr2","123837426","123837695","chr1","183705027","183705308","49","59867601"
"chr2","123842575","123842864","chr20","53565946","53566231","50","70276629"
"chr2","124016159","124016462","chr12","107712880","107713182","46","16303279"
"chr2","124183498","124183806","chr9","67930664","67930970","40","56252834"
"chr2","124212783","124213061","chr18","28876812","28877098","45","95335971"
"chr2","124220251","124220533","chr5","6288927","6289209","52","117931324"
"chr2","124221565","124221860","chr19","44044609","44044908","56","80176956"
"chr2","124283085","124283185","chr1","142477382","142477479","15","18194297"
"chr2","124283186","124283391","chr16","52718854","52719054","36","71564332"
"chr2","124346099","124346397","chr10","129169035","129169334","37","4822936"
"chr2","124352894","124353140","chr7","63766369","63766615","47","60586525"
"chr2","124388706","124389046","chr12","62451695","62452021","60","61937011"
"chr2","124414287","124414562","chr11","118975734","118976019","56","5438553"
"chr2","124430226","124430510","chr15","41594395","41594677","64","82835831"
"chr2","124441332","124441618","chr6","110583196","110583478","58","13858136"
"chr2","124454157","124454444","chr2A","75290170","75290459","48","49163987"
"chr2","124478101","124478403","chr8","82726310","82726605","50","41751791"
"chr2","124526361","124526640","chr14","12980775","12981053","41","111545586"
"chr2","124570502","124570602","chr1","16774476","16774572","18","107796026"
"chr2","124618935","124619246","chr8","103364820","103365127","46","21254115"
"chr2","124648725","124649015","chr13","61951087","61951383","47","62697638"
"chr2","124767155","124767269","chr18","76112123","76112237","18","48655032"
"chr2","124770522","124770685","chr12","109806371","109806534","27","14964151"
"chr2","124804157","124804425","chr1","36405685","36405963","45","88398472"
"chr2","124840180","124840496","chr3","188556690","188557004","54","63716510"
"chr2","124879931","124880219","chr11","47222402","47222700","53","77657529"
"chr2","124924485","124924745","chr4","167946632","167946892","49","43022147"
"chr2","124987488","124987819","chr3","87494823","87495148","46","37492665"
"chr2","125077576","125077865","chr5","141586938","141587225","48","16509362"
"chr2","125118629","125118877","chr12","19237716","19237963","41","105880913"
"chr2","125175376","125175576","chr8","47798918","47799122","30","77376458"
"chr2","125188224","125188536","chr6","47607825","47608136","51","77580399"
"chr2","125239755","125239879","chr3","155319352","155319475","14","30079597"
"chr2","125256058","125256188","chr5","34455007","34455142","16","90801051"
"chr2","125275739","125275861","chr1","63281192","63281313","21","61994547"
"chr2","125328530","125328828","chr1","183737131","183737431","49","58408601"
"chr2","125338206","125338470","chr4","151510363","151510627","43","26172157"
"chr2","125370228","125370520","chr9","92362610","92362902","41","33007618"
"chr2","125384773","125385078","chr6","136416465","136416772","51","11031692"
"chr2","125401848","125401998","chr2B","55744599","55744750","23","69657249"
"chr2","125678670","125678802","chr12","123009426","123009557","23","2669244"
"chr2","125717428","125717733","chr12","29313312","29313621","46","96404116"
"chr2","125734657","125734975","chr3","46483841","46484164","53","79250816"
"chr2","125806735","125807033","chr13","14472212","14472520","53","111334523"
"chr2","125834524","125834843","chr5","64859237","64859546","46","60975287"
"chr2","125847768","125848056","chr15","58791771","58792072","42","67055997"
"chr2","125874514","125874821","chr15","29157999","29158309","37","96716515"
"chr2","125876627","125876903","chr19","15988829","15989108","43","109887798"
"chr2","125944601","125944882","chr9","35669290","35669566","44","90275311"
"chr2","125980994","125981279","chr5","46530569","46530871","56","79450425"
"chr2","126030221","126030304","chr1","204345606","204345688","11","78315385"
"chr2","126071185","126071464","chr12","108778092","108778371","38","17293093"
"chr2","126085525","126085802","chr7","31819470","31819747","41","94266055"
"chr2","126098426","126098556","chr15","73119233","73119360","13","52979193"
"chr2","126137559","126137686","chr10","91560185","91560314","16","34577374"
"chr2","126154396","126154694","chr17","9489493","9489790","42","116664903"
"chr2","126171750","126171872","chr10","8514655","8514776","18","117657095"
"chr2","126177635","126177748","chr1","116960879","116960991","12","9216756"
"chr2","126208943","126209238","chr6","45713778","45714072","46","80495165"
"chr2","126209882","126210195","chr3","153369763","153370074","63","27159881"
"chr2","126211513","126211663","chr5","18664002","18664152","18","107547511"
"chr2","126216030","126216329","chr8","19349865","19350176","48","106866165"
"chr2","126216343","126216632","chr18","2191279","2191572","52","124025064"
"chr2","126246642","126246941","chr5","64455016","64455312","51","61791626"
"chr2","126247635","126247946","chr19","8085222","8085532","38","118162413"
"chr2","126255035","126255334","chr5","64445754","64446061","43","61809281"
"chr2","126274329","126274504","chr21","28082161","28082336","27","98192168"
"chr2","126298318","126298619","chr5","38135828","38136129","32","88162490"
"chr2","126346827","126347084","chr9","111844591","111844862","52","14502236"
"chr2","126390255","126390549","chr14","85986152","85986448","30","40404103"
"chr2","126414304","126414623","chr3","20438162","20438464","67","105976142"
"chr2","126418208","126418482","chr1","8513682","8513967","50","117904526"
"chr2","126431163","126431408","chr9","89560693","89560948","43","36870470"
"chr2","126450379","126450465","chr9","70059064","70059157","18","56391315"
"chr2","126458396","126458696","chr22","14932453","14932761","45","111525943"
"chr2","126524683","126524834","chr13","73826403","73826558","24","52698280"
"chr2","126573276","126573563","chr1","222827071","222827360","48","96253795"
"chr2","126636273","126636558","chr3","184408941","184409227","46","57772668"
"chr2","126656432","126656726","chr22","16498788","16499084","38","110157644"
"chr2","126661024","126661310","chr9","106799866","106800156","41","19861158"
"chr2","126690563","126690679","chr14","68772219","68772335","14","57918344"
"chr2","126722266","126722567","chr2B","62135018","62135320","39","64587248"
"chr2","126750561","126750688","chr6","109289964","109290086","21","17460597"
"chr2","126761323","126761440","chr14","47041532","47041645","22","79719791"
"chr2","126769542","126769839","chr7","79044919","79045216","42","47724623"
"chr2","126772200","126772494","chr7","44371866","44372159","37","82400334"
"chr2","126797888","126798188","chr9","103044534","103044835","45","23753354"
"chr2","126808271","126808568","chr6","7503535","7503831","48","119304736"
"chr2","126819998","126820268","chr5","63877219","63877487","46","62942779"
"chr2","126859001","126859305","chr19","17528372","17528674","56","109330629"
"chr2","126880367","126880676","chr15","23263548","23263854","46","103616819"
"chr2","126940875","126941126","chr7","73737843","73738103","47","53203032"
"chr2","126998012","126998320","chr5","63706004","63706316","38","63292008"
"chr2","127017953","127018238","chr8","103853182","103853465","42","23164771"
"chr2","127030265","127030542","chr5","63671075","63671353","30","63359190"
"chr2","127033958","127034268","chr5","63667324","63667633","38","63366634"
"chr2","127037032","127037318","chr7","135050561","135050854","49","8013529"
"chr2","127046094","127046393","chr7","139963807","139964112","37","12917713"
"chr2","127105800","127105910","chr10","100318038","100318149","12","26787762"
"chr2","127121495","127121792","chr19","14638514","14638815","42","112482981"
"chr2","127152834","127153104","chr10","51068616","51068884","43","76084218"
"chr2","127153210","127153221","chr5","122154972","122154983","1","4998238"
"chr2","127170935","127171175","chr19","10760096","10760341","43","116410839"
"chr2","127188132","127188296","chr19","18464306","18464473","22","108723826"
"chr2","127188607","127188737","chr4","100215280","100215409","16","26973327"
"chr2","127215333","127215645","chr6","30209070","30209374","43","97006263"
"chr2","127233318","127233589","chr11","56703079","56703342","39","70530239"
"chr2","127238303","127238596","chr19","51706537","51706825","38","75531766"
"chr2","127247130","127247421","chr7","77548302","77548597","37","49698828"
"chr2","127299937","127300222","chr7","106731510","106731805","42","20568427"
"chr2","127302399","127302716","chr5","63416112","63416447","54","63886287"
"chr2","127335193","127335485","chr5","6335682","6335977","46","120999511"
"chr2","127364464","127364560","chr1","142477382","142477479","10","15112918"
"chr2","127397901","127398175","chr5","23503907","23504181","46","103893994"
"chr2","127453902","127454034","chr14","80811677","80811810","20","46642225"
"chr2","127460530","127460705","chr11","119595029","119595204","31","7865501"
"chr2","127545997","127546302","chr3","37995726","37996032","39","89550271"
"chr2","127561846","127561981","chr3","50752498","50752630","25","76809348"
"chr2","127562274","127562442","chr3","9755674","9755839","28","117806600"
"chr2","127568258","127568544","chrX","33575116","33575401","48","93993142"
"chr2","127579963","127580215","chr19","39458079","39458331","62","88121884"
"chr2","127598948","127599118","chr12","10503992","10504156","21","117094956"
"chr2","127599416","127599554","chr3","138229396","138229529","22","10629980"
"chr2","127617634","127617933","chr16","61586773","61587071","40","66030861"
"chr2","127618331","127618624","chr1","46005396","46005686","38","81612935"
"chr2","127633397","127633575","chr3","67193046","67193226","25","60440351"
"chr2","127636845","127637140","chr11","124954202","124954495","36","2682643"
"chr2","127644706","127644825","chr2A","37342062","37342176","20","90302644"
"chr2","127667765","127668053","chr3","128729817","128730113","49","1062052"
"chr2","127670779","127671087","chr5","94004472","94004781","41","33666307"
"chr2","127691344","127691630","chr6","4177308","4177600","44","123514036"
"chr2","127699200","127699493","chr1","11658302","11658596","42","116040898"
"chr2","127730812","127730976","chr1","215152034","215152198","23","87421222"
"chr2","127747249","127747555","chr3","42788373","42788672","47","84958876"
"chr2","127749836","127750126","chr4","72043971","72044268","48","55705865"
"chr2","127755830","127756036","chr14","48435330","48435535","38","79320500"
"chr2","127768108","127768406","chr16","31379119","31379421","39","96388989"
"chr2","127775902","127776081","chr10","34990756","34990934","29","92785146"
"chr2","127776388","127776524","chr7","82210564","82210699","19","45565824"
"chr2","127808724","127808736","chr21","19973204","19973216","0","107835520"
"chr2","127808765","127809023","chr3","138215209","138215455","47","10406444"
"chr2","127817597","127817710","chr16","10901222","10901339","14","116916375"
"chr2","127820046","127820173","chr4","185318133","185318262","13","57498087"
"chr2","127831626","127831782","chr10","14983614","14983773","31","112848012"
"chr2","127831825","127831945","chr1","40002123","40002247","14","87829702"
"chr2","127833266","127833433","chr18","4219736","4219903","22","123613530"
"chr2","127838658","127838957","chr9","115960784","115961086","45","11877874"
"chr2","127856519","127856806","chr1","94294773","94295063","46","33561746"
"chr2","127865594","127865890","chr9","67966332","67966632","48","59899262"
"chr2","127868133","127868405","chr11","16553794","16554065","48","111314339"
"chr2","127874197","127874370","chr12","119746682","119746854","24","8127515"
"chr2","127876139","127876420","chr17","51966522","51966799","49","75909617"
"chr2","127893746","127894040","chrX","11658640","11658941","39","116235106"
"chr2","127895317","127895399","chr5","25339946","25340025","17","102555371"
"chr2","127896067","127896363","chr17","3926790","3927088","36","123969277"
"chr2","127901149","127901450","chr9","108785192","108785486","39","19115957"
"chr2","127904172","127904464","chr3","99179483","99179777","44","28724689"
"chr2","127904783","127905078","chr12","35147057","35147353","37","92757726"
"chr2","127912651","127912764","chr5","124538451","124538560","11","3374200"
"chr2","127916429","127916753","chr7","68449139","68449466","54","59467290"
"chr2","127921564","127921675","chrX","1225172","1225283","15","126696392"
"chr2","127923036","127923324","chr21","33605699","33605991","35","94317337"
"chr2","127929765","127930065","chr1","147188147","147188452","49","19258382"
"chr2","127933141","127933282","chr4","71785046","71785189","25","56148095"
"chr2","127933635","127933917","chr7","65126332","65126609","46","62807303"
"chr2","127936191","127936316","chr16","15160238","15160367","23","112775953"
"chr2","127961914","127961942","chr11","66163572","66163602","6","61798342"
"chr2","127961943","127962258","chr9","30477529","30477841","43","97484414"
"chr2","127962259","127962395","chr11","369484","369619","17","127592775"
"chr2","127968245","127968361","chr2A","74412437","74412551","13","53555808"
"chr2","127988721","127989020","chr6","136571900","136572201","45","8583179"
"chr2","128016695","128016969","chr3","53593985","53594256","45","74422710"
"chr2","128026633","128026924","chr10","124803026","124803316","48","3223607"
"chr2","128032403","128032675","chr19","16723985","16724260","53","111308418"
"chr2","128041943","128042232","chr6","15324739","15325025","48","112717204"
"chr2","128046330","128046409","chr19","53246925","53247001","21","74799405"
"chr2","128049417","128049659","chr6","130650158","130650401","48","2600741"
"chr2","128083578","128083866","chr1","139828512","139828799","43","11744934"
"chr2","128093442","128093735","chr16","38980672","38980970","44","89112770"
"chr2","128104863","128105136","chr2A","3792665","3792948","43","124312198"
"chr2","128119628","128119936","chr3","179867395","179867704","50","51747767"
"chr2","128125688","128125976","chr5","142715078","142715370","53","14589390"
"chr2","128127505","128127821","chr4","39519019","39519334","38","88608486"
"chr2","128223863","128224026","chr6","36975758","36975926","26","91248105"
"chr2","128224054","128224193","chr6","11957977","11958108","30","116266077"
"chr2","128320571","128320721","chr14","47727484","47727624","31","80593087"
"chr2","128509566","128509590","chr14","57792429","57792453","4","70717137"
"chr2","128509623","128509908","chr1","8487632","8487912","48","120021991"
"chr2","128560745","128560848","chr3","136325093","136325199","15","7764348"
"chr2","128575523","128575818","chr16","64384273","64384567","41","64191250"
"chr2","128576299","128576423","chr15","73119233","73119360","13","55457066"
"chr2","128577623","128577857","chr19","32418597","32418829","35","96159026"
"chr2","128595425","128595717","chr22","8281955","8282243","45","120313470"
"chr2","128600141","128600235","chr1","21123280","21123379","18","107476861"
"chr2","128612814","128612966","chr12","123648803","123648963","30","4964011"
"chr2","128613028","128613150","chr17","30514493","30514618","15","98098535"
"chr2","128615756","128616050","chr5","44063091","44063384","44","84552665"
"chr2","128621246","128621546","chr8","53106142","53106452","45","75515104"
"chr2","128632055","128632339","chr22","17590884","17591166","45","111041171"
"chr2","128636154","128636469","chr5","34215137","34215446","46","94421017"
"chr2","128639042","128639304","chr17","16919847","16920113","54","111719195"
"chr2","128646426","128646727","chr3","183837195","183837499","37","55190769"
"chr2","128662597","128662714","chr8","98720771","98720887","20","29941826"
"chr2","128695176","128695450","chr2B","44742855","44743136","51","83952321"
"chr2","128700411","128700706","chr1","205586985","205587285","45","76886574"
"chr2","128704188","128704358","chr17","16988444","16988602","30","111715744"
"chr2","128742919","128743173","chr7","5770572","5770829","57","122972347"
"chr2","128772228","128772533","chr1","43874114","43874415","44","84898114"
"chr2","128800579","128800760","chr12","111546559","111546734","35","17254020"
"chr2","128801073","128801210","chr1","37708220","37708355","17","91092853"
"chr2","128823156","128823429","chr9","42877139","42877425","61","85946017"
"chr2","128826574","128826841","chr3","108662999","108663287","60","20163575"
"chr2","128851605","128851884","chr17","5236713","5236995","40","123614892"
"chr2","128860957","128861091","chr14","60537815","60537947","12","68323142"
"chr2","128861386","128861569","chr15","57627106","57627286","31","71234280"
"chr2","128893264","128893392","chr3","59312974","59313109","31","69580290"
"chr2","128893703","128893854","chrX","1391589","1391740","27","127502114"
"chr2","128900993","128901289","chr2B","23858761","23859052","43","105042232"
"chr2","128901798","128902097","chr8","78024293","78024593","44","50877505"
"chr2","128918679","128918968","chr4","93771786","93772074","35","35146893"
"chr2","128920651","128920783","chr10","60598580","60598705","25","68322071"
"chr2","128952459","128952758","chr3","32418390","32418686","46","96534069"
"chr2","128959104","128959372","chr3","24267418","24267684","50","104691686"
"chr2","128962316","128962533","chr2B","68450136","68450352","34","60512180"
"chr2","128967595","128967707","chr1","34945076","34945188","13","94022519"
"chr2","128982884","128983008","chr1","25588253","25588379","28","103394631"
"chr2","128988669","128988814","chr17","541671","541816","22","128446998"
"chr2","128989117","128989280","chr3","123879246","123879413","27","5109871"
"chr2","128990463","128990737","chr19","6877009","6877280","33","122113454"
"chr2","128993749","128993880","chr1","214134294","214134424","21","85140545"
"chr2","128994466","128994767","chr17","17223535","17223825","52","111770931"
"chr2","128994826","128995039","chr3","130621193","130621399","42","1626367"
"chr2","129000002","129000265","chr5","28519605","28519871","41","100480397"
"chr2","129008524","129008805","chr12","132094139","132094432","55","3085615"
"chr2","129009060","129009110","chr17","19761463","19761511","8","109247597"
"chr2","129014896","129015164","chr7","151078092","151078358","45","22063196"
"chr2","129015293","129015591","chr10","6103873","6104173","50","122911420"
"chr2","129016185","129016315","chr5","138715563","138715697","14","9699378"
"chr2","129018681","129018974","chr5","24090349","24090640","44","104928332"
"chr2","129031465","129031759","chr21","26947258","26947545","55","102084207"
"chr2","129034155","129034278","chr1","69272916","69273038","14","59761239"
"chr2","129034999","129035111","chr5","4071000","4071112","25","124963999"
"chr2","129035411","129035564","chr14","60740471","60740620","26","68294940"
"chr2","129035566","129035769","chr22","34309775","34309977","31","94725791"
"chr2","129036081","129036246","chr4","17291505","17291664","34","111744576"
"chr2","129036542","129036671","chr2B","87824548","87824675","21","41211994"
"chr2","129037282","129037414","chr11","32469247","32469376","21","96568035"
"chr2","129037701","129037827","chr7","82210564","82210699","23","46827137"
"chr2","129039303","129039419","chr6","6370460","6370576","14","122668843"
"chr2","129048447","129048745","chr1","7771978","7772276","36","121276469"
"chr2","129049184","129049293","chr2A","74412437","74412551","23","54636747"
"chr2","129049723","129049851","chr1","51220210","51220342","17","77829513"
"chr2","129053663","129053953","chr11","3623940","3624232","39","125429723"
"chr2","129058283","129058586","chr8","13794714","13795013","43","115263569"
"chr2","129060154","129060410","chr2B","85592847","85593107","33","43467307"
"chr2","129060487","129060709","chr5","143873407","143873616","42","14812920"
"chr2","129062066","129062360","chr1","192371702","192371997","45","63309636"
"chr2","129062745","129062857","chr16","10901222","10901339","17","118161523"
"chr2","129068787","129069073","chrX","15626910","15627195","41","113441877"
"chr2","129079638","129079876","chr1","53466878","53467112","38","75612760"
"chr2","129083888","129084075","chr12","53360512","53360703","28","75723376"
"chr2","129084375","129084491","chr11","43113891","43114007","14","85970484"
"chr2","129104974","129105153","chr5","43531844","43532032","39","85573130"
"chr2","129105448","129105576","chr10","62334930","62335062","24","66770518"
"chr2","129131004","129131315","chrX","128923641","128923950","33","207363"
"chr2","129135296","129135598","chr17","17361699","17362002","47","111773597"
"chr2","129140950","129141252","chr18","28805984","28806286","37","100334966"
"chr2","129142316","129142574","chr11","48181014","48181270","43","80961302"
"chr2","129164614","129164792","chr11","46664552","46664726","29","82500062"
"chr2","129165102","129165226","chrX","77433385","77433506","22","51731717"
"chr2","129217316","129217623","chr22","5390789","5391096","41","123826527"
"chr2","129263231","129263531","chr19","35082212","35082514","45","94181019"
"chr2","129269104","129269398","chr11","3623940","3624232","35","125645164"
"chr2","129283216","129283511","chr14","60651660","60651957","47","68631556"
"chr2","129293319","129293608","chr8","136416842","136417129","47","7123523"
"chr2","129298994","129299299","chrX","12380623","12380927","40","116918371"
"chr2","129325634","129325929","chr7","130523791","130524080","41","1198157"
"chr2","129333334","129333623","chr1","95011017","95011302","58","34322317"
"chr2","129340908","129341220","chr16","59686019","59686328","48","69654889"
"chr2","129373089","129373356","chr6","38403879","38404143","40","90969210"
"chr2","129463342","129463495","chr7","23516881","23517032","30","105946461"
"chr2","129465876","129466018","chr5","118006764","118006899","23","11459112"
"chr2","129471870","129472175","chr19","7960300","7960603","39","121511570"
"chr2","129496993","129497080","chr1","134177293","134177384","18","4680300"
"chr2","129522619","129522887","chr11","16553794","16554065","48","112968825"
"chr2","129526728","129527053","chr13","25628855","25629196","57","103897873"
"chr2","129540684","129540807","chr2B","130269878","130270003","17","729194"
"chr2","129547629","129547797","chr1","224769511","224769681","28","95221882"
"chr2","129558443","129558668","chr1","88137670","88137897","45","41420773"
"chr2","129560908","129561196","chr20","48240693","48240983","33","81320215"
"chr2","129575938","129576229","chr11","66466976","66467270","39","63108962"
"chr2","129578896","129579167","chr1","225522515","225522785","40","95943619"
"chr2","129579539","129579831","chr16","38941917","38942197","49","90637622"
"chr2","129582492","129582786","chr19","40872320","40872621","45","88710172"
"chr2","129595231","129595539","chr12","21354562","21354870","45","108240669"
"chr2","129600223","129600402","chr5","121891558","121891736","31","7708665"
"chr2","129600430","129600545","chr3","34276408","34276526","16","95324022"
"chr2","129604430","129604736","chr17","17762808","17763119","34","111841622"
"chr2","129606602","129606722","chr4","122614986","122615104","20","6991616"
"chr2","129612502","129612807","chr10","13577555","13577867","41","116034947"
"chr2","129627269","129627545","chr5","117884442","117884717","47","11742827"
"chr2","129671149","129671434","chrX","48689470","48689761","62","80981679"
"chr2","129677781","129678060","chr15","59300087","59300378","61","70377694"
"chr2","129687423","129687730","chr7","26934288","26934569","65","102753135"
"chr2","129781330","129781615","chr1","163254917","163255200","37","33473587"
"chr2","129847907","129848042","chr7","68437501","68437636","21","61410406"
"chr2","129861824","129862087","chr1","6348618","6348894","58","123513206"
"chr2","129881984","129882093","chr4","115125522","115125634","26","14756462"
"chr2","129884361","129884541","chr22","15469198","15469367","29","114415163"
"chr2","129904283","129904399","chrX","24288832","24288946","13","105615451"
"chr2","129922971","129923260","chr8","82894963","82895258","40","47028008"
"chr2","129952606","129952730","chr20","43032336","43032459","11","86920270"
"chr2","129968191","129968332","chr7","104360436","104360581","22","25607755"
"chr2","129968627","129968796","chr20","63010421","63010595","28","66958206"
"chr2","129976704","129976908","chr6","155714561","155714754","61","25737857"
"chr2","129984630","129984785","chr9","102539515","102539684","37","27445115"
"chr2","130002810","130003093","chr1","211083712","211083997","52","81080902"
"chr2","130033934","130034024","chr2A","32444781","32444871","11","97589153"
"chr2","130034574","130034675","chr4","194530481","194530584","14","64495907"
"chr2","130062532","130062819","chr14","76696434","76696724","43","53366098"
"chr2","130087824","130088078","chr18","34367187","34367451","60","95720637"
"chr2","130098111","130098241","chr11","120280731","120280862","13","9817380"
"chr2","130116303","130116597","chr7","74241541","74241834","39","55874762"
"chr2","130116615","130116909","chr11","10319891","10320182","39","119796724"
"chr2","130127397","130127522","chr1","64265288","64265418","17","65862109"
"chr2","130158395","130158696","chr9","79446566","79446862","41","50711829"
"chr2","130165773","130165915","chr9","116302207","116302350","25","13863566"
"chr2","130197393","130197674","chr11","47695769","47696052","44","82501624"
"chr2","130355150","130355320","chr8","48753766","48753936","28","81601384"
"chr2","130355575","130355687","chr9","30276101","30276209","15","100079474"
"chr2","130370449","130370698","chr1","78904769","78905011","49","51465680"
"chr2","130384347","130384653","chr3","37736219","37736523","54","92648128"
"chr2","130393152","130393189","chr10","17875848","17875882","6","112517304"
"chr2","130398149","130398446","chr14","73974267","73974561","53","56423882"
"chr2","130401323","130401608","chr2A","67830661","67830952","36","62570662"
"chr2","130445712","130446016","chr9","66145751","66146054","32","64299961"
"chr2","130450998","130451283","chr3","130066920","130067212","43","384078"
"chr2","130505317","130505448","chr11","120280731","120280862","15","10224586"
"chr2","130517608","130517884","chr5","44006917","44007193","44","86510691"
"chr2","130520191","130520353","chr15","4329007","4329163","28","126191184"
"chr2","130526361","130526630","chr4","201156297","201156580","49","70629936"
"chr2","130546031","130546317","chr13","91667366","91667654","49","38878665"
"chr2","130549507","130549620","chr8","63631723","63631835","13","66917784"
"chr2","130561242","130561395","chr6","90107128","90107281","32","40454114"
"chr2","130599355","130599662","chr15","70510924","70511228","44","60088431"
"chr2","130604923","130605150","chr1","26677502","26677733","40","103927421"
"chr2","130609787","130610089","chr9","94478463","94478762","36","36131324"
"chr2","130643999","130644160","chr1","19551968","19552130","22","111092031"
"chr2","130652798","130653104","chr3","46381852","46382163","53","84270946"
"chr2","130653784","130654078","chr7","156101400","156101691","46","25447616"
"chr2","130669518","130669723","chr1","214620159","214620364","30","83950641"
"chr2","130756414","130756718","chr3","42788373","42788672","44","87968041"
"chr2","130826156","130826449","chr16","49261511","49261802","43","81564645"
"chr2","130837284","130837588","chr11","74490911","74491213","41","56346373"
"chr2","130915431","130915714","chr20","35783328","35783620","49","95132103"
"chr2","130950662","130950951","chr7","77578946","77579235","46","53371716"
"chr2","130967586","130967860","chr1","8513682","8513967","50","122453904"
"chr2","130970250","130970562","chrX","123668282","123668591","38","7301968"
"chr2","130996112","130996425","chr22","5390789","5391096","42","125605323"
"chr2","131163982","131164275","chr17","19292748","19293051","43","111871234"
"chr2","131264462","131264589","chr8","74017791","74017916","18","57246671"
"chr2","131264624","131264761","chr5","126289715","126289850","22","4974909"
"chr2","131265092","131265204","chr13","31958531","31958640","24","99306561"
"chr2","131313554","131313863","chr17","19432606","19432911","41","111880948"
"chr2","131326655","131326945","chr17","19444995","19445290","35","111881660"
"chr2","131336706","131337007","chr5","157179582","157179881","39","25842876"
"chr2","131344106","131344234","chr14","59236568","59236697","16","72107538"
"chr2","131349778","131349979","chr5","4741496","4741697","32","126608282"
"chr2","131393870","131394174","chr3","162307473","162307776","40","30913603"
"chr2","131442379","131442555","chr16","60365315","60365488","28","71077064"
"chr2","131442848","131442982","chr5","40351587","40351720","10","91091261"
"chr2","131449687","131449965","chr7","141128548","141128831","41","9678861"
"chr2","131465773","131466064","chr20","269553","269843","32","131196220"
"chr2","131467101","131467208","chr1","29247794","29247894","21","102219307"
"chr2","131472093","131472240","chr1","79243417","79243565","30","52228676"
"chr2","131472560","131472698","chr13","93613158","93613288","24","37859402"
"chr2","131479917","131480200","chr14","76696434","76696724","43","54783483"
"chr2","131484715","131484850","chr3","33294250","33294384","15","98190465"
"chr2","131485160","131485330","chr16","80769969","80770135","24","50715191"
"chr2","131493093","131493244","chrX","41790006","41790156","26","89703087"
"chr2","131493541","131493701","chr19","12375476","12375643","26","119118065"
"chr2","131497279","131497512","chr8","41967737","41967971","33","89529542"
"chr2","131497513","131497613","chr19","52996932","52997036","19","78500581"
"chr2","131498484","131498733","chr17","19690020","19690270","31","111808464"
"chr2","131503057","131503163","chr3","50836150","50836264","18","80666907"
"chr2","131503491","131503622","chrX","1061818","1061949","25","130441673"
"chr2","131509161","131509459","chr9","13807793","13808081","62","117701368"
"chr2","131514888","131515002","chr19","16035583","16035698","19","115479305"
"chr2","131515445","131515659","chr4","104626565","104626773","38","26888880"
"chr2","131519738","131519789","chr3","50183030","50183080","16","81336708"
"chr2","131519953","131520159","chr6","3083397","3083603","45","128436556"
"chr2","131522852","131523151","chr3","189017179","189017480","34","57494327"
"chr2","131525258","131525537","chr12","32480569","32480848","45","99044689"
"chr2","131544921","131545185","chr16","9680800","9681062","33","121864121"
"chr2","131551571","131551701","chr20","31547819","31547950","19","100003752"
"chr2","131556365","131556441","chr2A","63086447","63086523","9","68469918"
"chr2","131562182","131562476","chr12","29819043","29819337","42","101743139"
"chr2","131566064","131566373","chr3","46381852","46382163","27","85184212"
"chr2","131566873","131567172","chr10","85032894","85033191","47","46533979"
"chr2","131578044","131578348","chr7","52197221","52197530","53","79380823"
"chr2","131631073","131631199","chr1","10043533","10043661","18","121587540"
"chr2","131633479","131633672","chr17","19818458","19818668","36","111815021"
"chr2","131643250","131643558","chr5","20356021","20356328","41","111287229"
"chr2","131665493","131665788","chr4","72043971","72044268","47","59621522"
"chr2","131688651","131688933","chrX","70603619","70603900","45","61085032"
"chr2","131721111","131721396","chr17","9044489","9044776","47","122676622"
"chr2","131732211","131732503","chr6","95194922","95195216","33","36537289"
"chr2","131735551","131735602","chr12","15573909","15573958","10","116161642"
"chr2","131735895","131736034","chr3","199484334","199484470","24","67748439"
"chr2","131738806","131738960","chr3","186196961","186197116","20","54458155"
"chr2","131760108","131760419","chr5","18953257","18953568","35","112806851"
"chr2","131774596","131774870","chr17","19944946","19945216","33","111829650"
"chr2","131775742","131776037","chr5","7694117","7694413","40","124081625"
"chr2","131778258","131778490","chr5","81864746","81864973","48","49913512"
"chr2","131827014","131827299","chr2A","45194692","45194975","43","86632322"
"chr2","131832571","131832632","chr1","125426794","125426854","12","6405777"
"chr2","131855890","131856206","chr11","121983425","121983734","50","9872465"
"chr2","131881829","131881957","chr9","111936335","111936455","29","19945494"
"chr2","131892053","131892322","chr15","31017229","31017492","45","100874824"
"chr2","131901830","131902005","chr3","9910899","9911074","31","121990931"
"chr2","131902308","131902444","chr7","131031908","131032043","12","870400"
"chr2","131906756","131907049","chr17","20080795","20081097","42","111825961"
"chr2","131912793","131913101","chr3","51701298","51701602","38","80211495"
"chr2","131917456","131917653","chr1","118570669","118570869","23","13346787"
"chr2","131935807","131936001","chr5","44679544","44679728","44","87256263"
"chr2","131936282","131936420","chr3","59357951","59358090","17","72578331"
"chr2","131960625","131960920","chr22","26896202","26896504","45","105064423"
"chr2","131978325","131978439","chr1","209109778","209109894","9","77131453"
"chr2","131978705","131978835","chr2B","112068913","112069047","19","19909792"
"chr2","131990455","131990757","chr15","30508140","30508434","44","101482315"
"chr2","132011386","132011665","chr18","33950215","33950491","40","98061171"
"chr2","132029081","132029210","chr3","122007726","122007858","16","10021355"
"chr2","132042561","132042857","chr16","61870246","61870540","45","70172315"
"chr2","132050821","132050968","chr9","76304962","76305110","15","55745859"
"chr2","132062163","132062338","chr10","34990756","34990934","29","97071407"
"chr2","132084555","132084855","chr8","95701690","95701987","37","36382865"
"chr2","132112517","132112681","chr8","76411971","76412138","25","55700546"
"chr2","132171506","132171794","chr8","101544594","101544890","39","30626912"
"chr2","132213856","132214153","chr7","151813314","151813614","36","19599458"
"chr2","132638464","132638767","chr6","72139868","72140176","44","60498596"
"chr2","132641886","132642181","chr17","20805080","20805377","34","111836806"
"chr2","132647262","132647574","chr21","16643158","16643464","43","116004104"
"chr2","132678172","132678486","chr10","66737091","66737400","43","65941081"
"chr2","132764411","132764721","chr17","20928868","20929178","42","111835543"
"chr2","132797374","132797643","chr17","78771458","78771731","47","54025916"
"chr2","132826644","132826937","chr2B","124728949","124729237","48","8097695"
"chr2","132836181","132836471","chr10","109678638","109678926","40","23157543"
"chr2","132840841","132841128","chr6","15324739","15325025","44","117516102"
"chr2","132848832","132848948","chr7","5414295","5414412","11","127434537"
"chr2","132851084","132851383","chr4","140679870","140680167","39","7828786"
"chr2","132917331","132917454","chr5","161966306","161966430","14","29048975"
"chr2","132966930","132967052","chr2B","116542300","116542423","29","16424630"
"chr2","133008481","133008770","chr12","108681763","108682056","42","24326718"
"chr2","133010495","133010790","chr1","5836350","5836648","37","127174145"
"chr2","133014681","133014886","chr17","21192455","21192661","24","111822226"
"chr2","133047558","133047694","chr18","72725511","72725646","27","60322047"
"chr2","133049189","133049404","chr3","188040785","188041004","41","54991596"
"chr2","133064417","133064531","chr2B","100588628","100588741","10","32475789"
"chr2","133069353","133069654","chr22","29917731","29918029","43","103151622"
"chr2","133075834","133076082","chr7","72700372","72700618","40","60375462"
"chr2","133099353","133099650","chr11","72277774","72278074","40","60821579"
"chr2","133102517","133102812","chr20","57850772","57851068","43","75251745"
"chr2","133103061","133103345","chrX","33575116","33575401","45","99527945"
"chr2","133117957","133118049","chr7","71450712","71450803","15","61667245"
"chr2","133155775","133156074","chr20","34584892","34585194","43","98570883"
"chr2","133238802","133239045","chr11","44969525","44969783","49","88269277"
"chr2","133278019","133278202","chr1","27433974","27434152","29","105844045"
"chr2","133282504","133282639","chr5","141770252","141770386","13","8487748"
"chr2","133291444","133291579","chrX","55162999","55163134","15","78128445"
"chr2","133295607","133295724","chr14","35958577","35958694","17","97337030"
"chr2","133336892","133337210","chr3","46682931","46683240","51","86653961"
"chr2","133365913","133366187","chr5","125040055","125040335","46","8325858"
"chr2","133378357","133378473","chrX","23325027","23325143","20","110053330"
"chr2","133386645","133386932","chr1","182062341","182062631","43","48675696"
"chr2","133413685","133413992","chr12","66208667","66208969","41","67205018"
"chr2","133456315","133456621","chr6","72144551","72144844","51","61311764"
"chr2","133458217","133458260","chr1","15236862","15236908","9","118221355"
"chr2","133478138","133478306","chr1","7734768","7734941","25","125743370"
"chr2","133480717","133481001","chr10","13827691","13827980","42","119653026"
"chr2","133487296","133487586","chr6","48058765","48059050","39","85428531"
"chr2","133525111","133525253","chr1","202667269","202667423","34","69142158"
"chr2","133525554","133525689","chr2A","8265339","8265474","10","125260215"
"chr2","133526569","133526689","chr18","74720693","74720820","25","58805876"
"chr2","133526952","133527103","chr5","43140059","43140221","31","90386893"
"chr2","133556110","133556248","chr6","112458453","112458591","19","21097657"
"chr2","133559801","133560107","chr1","193132439","193132740","46","59572638"
"chr2","133569624","133569950","chrX","151533157","151533458","67","17963533"
"chr2","133577474","133577778","chr15","12665683","12665988","52","120911791"
"chr2","133585165","133585298","chr16","22499150","22499285","25","111086015"
"chr2","133586054","133586343","chr10","103749387","103749684","41","29836667"
"chr2","133622536","133622823","chr1","119304497","119304782","45","14318039"
"chr2","133626784","133626922","chr16","27530861","27530996","20","106095923"
"chr2","133691626","133691745","chr20","43032336","43032459","12","90659290"
"chr2","133691793","133691962","chr12","116875234","116875403","25","16816559"
"chr2","133714379","133714549","chr15","57734802","57734979","32","75979577"
"chr2","133719268","133719581","chr9","67930664","67930970","42","65788604"
"chr2","133724001","133724135","chr22","4179711","4179847","25","129544290"
"chr2","133724429","133724540","chr17","33600124","33600239","16","100124305"
"chr2","133748733","133749023","chr1","62601421","62601701","48","71147312"
"chr2","133795172","133795484","chr14","47481266","47481574","62","86313906"
"chr2","133805364","133805600","chrX","96517859","96518095","44","37287505"
"chr2","133810029","133810329","chr2A","32307447","32307745","47","101502582"
"chr2","133827853","133828146","chr6","110192592","110192884","40","23635261"
"chr2","133834489","133834792","chr2A","96301914","96302217","45","37532575"
"chr2","133836973","133837163","chr10","34990756","34990934","37","98846217"
"chr2","133879397","133879694","chr8","80995665","80995964","33","52883732"
"chr2","133897104","133897410","chr6","6870624","6870926","39","127026480"
"chr2","133899169","133899465","chr11","57067348","57067642","40","76831821"
"chr2","133920887","133921206","chr17","87468445","87468755","46","46452442"
"chr2","133930791","133931100","chr5","118351918","118352225","50","15578873"
"chr2","133938192","133938464","chr8","129459387","129459659","37","4478805"
"chr2","133945402","133945545","chr3","34777433","34777580","25","99167969"
"chr2","133981199","133981497","chr11","117367595","117367888","33","16613604"
"chr2","133984412","133984498","chr4","121792827","121792913","15","12191585"
"chr2","134029041","134029336","chr1","9277652","9277954","46","124751389"
"chr2","134036408","134036546","chr19","48057785","48057919","23","85978623"
"chr2","134103290","134103584","chr11","117329242","117329538","45","16774048"
"chr2","134125424","134125703","chr17","22335361","22335646","39","111790063"
"chr2","134261732","134261981","chr12","32647198","32647457","41","101614534"
"chr2","134274628","134274932","chr19","43762273","43762578","50","90512355"
"chr2","134340016","134340030","chr4","37998407","37998420","2","96341609"
"chr2","134340067","134340347","chr8","48441700","48441981","46","85898367"
"chr2","134365871","134366165","chr16","13633165","13633457","44","120732706"
"chr2","134371803","134372086","chr15","57328671","57328968","52","77043132"
"chr2","134380397","134380680","chr19","12503794","12504081","49","121876603"
"chr2","134406883","134407171","chr2B","18582242","18582529","45","115824641"
"chr2","134477857","134478162","chr3","26222285","26222595","48","108255572"
"chr2","134584813","134585111","chr12","95527677","95527972","53","39057136"
"chr2","134604407","134604694","chr4","83460397","83460678","40","51144010"
"chr2","134616302","134616582","chr2A","43600721","43601001","48","91015581"
"chr2","134635575","134635720","chrX","54719797","54719945","15","79915778"
"chr2","134661273","134661582","chr9","109734146","109734451","35","24927127"
"chr2","134726507","134726625","chr19","2595751","2595869","19","132130756"
"chr2","134765464","134765580","chr17","10398948","10399063","14","124366516"
"chr2","134785632","134785946","chr15","71022336","71022646","49","63763296"
"chr2","134790760","134791059","chr12","92652799","92653098","33","42137961"
"chr2","134814201","134814495","chr10","117190946","117191240","36","17623255"
"chr2","134823263","134823549","chr5","6229117","6229416","53","128594146"
"chr2","134840848","134841027","chr1","129334288","129334473","47","5506560"
"chr2","134845162","134845295","chr1","114318909","114319042","16","20526253"
"chr2","134845581","134845765","chr7","101008071","101008253","31","33837510"
"chr2","134867291","134867582","chr1","25177448","25177739","41","109689843"
"chr2","134891925","134892210","chr1","39316527","39316824","48","95575398"
"chr2","134892679","134892792","chr8","7469809","7469924","18","127422870"
"chr2","134931278","134931586","chr15","23263548","23263854","44","111667730"
"chr2","134965749","134966063","chr3","162307473","162307776","52","27341724"
"chr2","134990576","134990689","chr22","17386957","17387071","13","117603619"
"chr2","134992965","134993258","chr7","85973268","85973559","35","49019697"
"chr2","135034008","135034322","chr17","23209513","23209821","46","111824495"
"chr2","135037367","135037664","chr1","23889573","23889871","41","111147794"
"chr2","135071288","135071578","chr17","23246521","23246815","37","111824767"
"chr2","135100517","135100814","chr10","106997438","106997740","40","28103079"
"chr2","135102772","135103054","chr17","23272043","23272328","36","111830729"
"chr2","135139537","135139650","chr16","12332334","12332448","10","122807203"
"chr2","135193395","135193694","chr13","55959516","55959820","39","79233879"
"chr2","135224522","135224814","chr4","182166200","182166490","35","46941678"
"chr2","135282207","135282504","chr1","162410722","162411019","32","27128515"
"chr2","135318853","135319170","chr19","36146019","36146331","60","99172834"
"chr2","135328544","135328770","chr15","68667435","68667661","36","66661109"
"chr2","135431120","135431281","chr7","152492140","152492307","35","17061020"
"chr2","135444410","135444548","chr20","6035084","6035219","20","129409326"
"chr2","135444845","135445022","chrX","88069863","88070036","28","47374982"
"chr2","135446713","135447020","chr20","33054348","33054652","46","102392365"
"chr2","135470553","135470694","chrX","47990443","47990583","25","87480110"
"chr2","135471314","135471623","chr6","43613774","43614082","49","91857540"
"chr2","135495486","135495757","chr1","182062341","182062631","51","46566855"
"chr2","135516245","135516553","chr17","23709119","23709425","44","111807126"
"chr2","135532424","135532557","chr6","42764233","42764363","16","92768191"
"chr2","135546471","135546656","chr2A","6220921","6221099","34","129325550"
"chr2","135547692","135548012","chr14","78734656","78734966","49","56813036"
"chr2","135558092","135558223","chr5","6272328","6272463","31","129285764"
"chr2","135558899","135559184","chr7","73603775","73604068","44","61955124"
"chr2","135577187","135577315","chr1","94251625","94251762","32","41325562"
"chr2","135577610","135577749","chr3","121511321","121511457","19","14066289"
"chr2","135587295","135587586","chr5","121539281","121539574","38","14048014"
"chr2","135594023","135594328","chr19","14638514","14638815","43","120955509"
"chr2","135594608","135594855","chr6","164747281","164747513","60","29152673"
"chr2","135602715","135602986","chr19","48114622","48114890","46","87488093"
"chr2","135604073","135604362","chr20","35783328","35783620","40","99820745"
"chr2","135607802","135608095","chr1","11658302","11658596","44","123949500"
"chr2","135608344","135608633","chr19","5934783","5935074","52","129673561"
"chr2","135615633","135615925","chr2A","15843046","15843342","47","119772587"
"chr2","135617697","135617815","chr5","161966306","161966430","18","26348609"
"chr2","135640543","135640830","chr6","164274281","164274576","43","28633738"
"chr2","135647253","135647409","chr8","73959570","73959721","30","61687683"
"chr2","135667384","135667674","chr1","222342952","222343240","41","86675568"
"chr2","135688425","135688503","chr1","87208187","87208269","15","48480238"
"chr2","135730834","135731131","chr7","1669242","1669542","41","134061592"
"chr2","135770275","135770579","chrX","70775393","70775696","39","64994882"
"chr2","135805142","135805440","chr1","139266119","139266414","36","3460977"
"chr2","135823994","135824290","chr17","2201543","2201836","31","133622451"
"chr2","135894220","135894328","chrX","29027572","29027678","12","106866648"
"chr2","135916530","135916821","chr2B","93935465","93935754","36","41981065"
"chr2","136100044","136100310","chr6","77982799","77983061","44","58117245"
"chr2","136163232","136163492","chr1","15881336","15881597","51","120281896"
"chr2","136183234","136183365","chr1","204150703","204150837","22","67967469"
"chr2","136209128","136209318","chr9","58967211","58967412","34","77241917"
"chr2","136212626","136212911","chr14","39211827","39212110","45","97000799"
"chr2","136215138","136215390","chr6","153719408","153719664","55","17504270"
"chr2","136287457","136287758","chrX","101046521","101046821","45","35240936"
"chr2","136306025","136306281","chr10","100354316","100354578","42","35951709"
"chr2","136375036","136375340","chr1","88668229","88668526","43","47706807"
"chr2","136432392","136432656","chr3","146242110","146242374","35","9809718"
"chr2","136475388","136475670","chr9","109733660","109733937","44","26741728"
"chr2","136482289","136482573","chr12","6967485","6967770","41","129514804"
"chr2","136492445","136492709","chr17","24606400","24606664","31","111886045"
"chr2","136540995","136541132","chr6","141208908","141209041","27","4667913"
"chr2","136737380","136737667","chr17","7659709","7659993","42","129077671"
"chr2","136868743","136869038","chr1","164295344","164295638","34","27426601"
"chr2","136926327","136926622","chr17","24988623","24988914","35","111937704"
"chr2","136929500","136929652","chr16","60078119","60078267","29","76851381"
"chr2","136929696","136929819","chr5","5499876","5500000","16","131429820"
"chr2","136963423","136963701","chr13","1376244","1376525","43","135587179"
"chr2","136990262","136990560","chr17","25041084","25041382","41","111949178"
"chr2","137002211","137002508","chr8","101544594","101544890","37","35457617"
"chr2","137003003","137003310","chr10","112297321","112297630","39","24705682"
"chr2","137003642","137003953","chr15","78041904","78042206","46","58961738"
"chr2","137009819","137009978","chr19","17783643","17783802","21","119226176"
"chr2","137022466","137022768","chr1","164395941","164396239","42","27373475"
"chr2","137025894","137026194","chr10","91649600","91649897","40","45376294"
"chr2","137027613","137027734","chr9","45252398","45252520","13","91775215"
"chr2","137048848","137049154","chr18","60931987","60932295","39","76116861"
"chr2","137051930","137052211","chr17","25107728","25108016","45","111944202"
"chr2","137053088","137053208","chr11","44591693","44591805","17","92461395"
"chr2","137053585","137053790","chr10","56198453","56198643","35","80855132"
"chr2","137056095","137056385","chr1","44721617","44721911","48","92334478"
"chr2","137068483","137068606","chr1","69272916","69273038","21","67795567"
"chr2","137068634","137068805","chr19","48141411","48141582","26","88927223"
"chr2","137104825","137104946","chr9","45252398","45252520","14","91852427"
"chr2","137106197","137106282","chr1","821178","821261","12","136285019"
"chr2","137116799","137117080","chr11","3623940","3624232","48","133492859"
"chr2","137118500","137118796","chr4","96085922","96086220","49","41032578"
"chr2","137129912","137130191","chr11","32927139","32927413","52","104202773"
"chr2","137142909","137143123","chr12","118310433","118310646","40","18832476"
"chr2","137156079","137156369","chrX","132971523","132971812","40","4184556"
"chr2","137157379","137157673","chr6","45713778","45714072","42","91443601"
"chr2","137159494","137159697","chr14","79009970","79010178","28","58149524"
"chr2","137170108","137170235","chr1","64265288","64265418","17","72904820"
"chr2","137175748","137175874","chr3","191964816","191964940","18","54789068"
"chr2","137177708","137177895","chr5","61177586","61177769","38","76000122"
"chr2","137186468","137186757","chr14","83230171","83230460","52","53956297"
"chr2","137187266","137187434","chr5","4152681","4152856","37","133034585"
"chr2","137187726","137187803","chr5","41433788","41433863","8","95753938"
"chr2","137197829","137198116","chr5","40662770","40663064","54","96535059"
"chr2","137199951","137200132","chr1","61797914","61798099","29","75402037"
"chr2","137200439","137200568","chr12","36756938","36757069","15","100443501"
"chr2","137204922","137205219","chr5","4345743","4346035","42","132859179"
"chr2","137205551","137205837","chr11","77537460","77537748","41","59668091"
"chr2","137261075","137261160","chr20","50762455","50762540","12","86498620"
"chr2","137264749","137264843","chr3","180253343","180253436","6","42988594"
"chr2","137271514","137271815","chr16","61706961","61707255","51","75564553"
"chr2","137284180","137284351","chrX","15720473","15720642","27","121563707"
"chr2","137287303","137287600","chr5","32255045","32255341","36","105032258"
"chr2","137303091","137303264","chr13","81999819","82000000","34","55303272"
"chr2","137310302","137310601","chr17","25439516","25439817","35","111870786"
"chr2","137316562","137316676","chr21","28429184","28429304","15","108887378"
"chr2","137333565","137333756","chr12","27755454","27755643","34","109578111"
"chr2","137334058","137334173","chr6","91723632","91723748","13","45610426"
"chr2","137334658","137334933","chr14","13219605","13219883","37","124115053"
"chr2","137340046","137340133","chr1","26873677","26873772","22","110466369"
"chr2","137350482","137350774","chr1","93176463","93176756","41","44174019"
"chr2","137357935","137358243","chr7","45153786","45154095","54","92204149"
"chr2","137360420","137360729","chr4","177253380","177253689","50","39892960"
"chr2","137373358","137373639","chr5","156491820","156492099","55","19118462"
"chr2","137375717","137375846","chr14","12485207","12485337","16","124890510"
"chr2","137385206","137385327","chr6","157026163","157026287","15","19640957"
"chr2","137403712","137404008","chr3","32046207","32046491","60","105357505"
"chr2","137406994","137407217","chr16","9468099","9468321","38","127938895"
"chr2","137408075","137408158","chr19","6982309","6982397","16","130425766"
"chr2","137413776","137414012","chr5","40278915","40279149","44","97134861"
"chr2","137417933","137418239","chr6","167179521","167179827","45","29761588"
"chr2","137421335","137421618","chr5","75762204","75762492","32","61659131"
"chr2","137421881","137422181","chrX","107894432","107894730","40","29527449"
"chr2","137424435","137424734","chr1","207941442","207941741","40","70517007"
"chr2","137425646","137425945","chr4","5708286","5708588","49","131717360"
"chr2","137441675","137441973","chr1","21522591","21522891","56","115919084"
"chr2","137442227","137442396","chr2B","50431625","50431794","31","87010602"
"chr2","137442689","137442824","chr16","60187992","60188127","20","77254697"
"chr2","137442970","137443105","chr9","13222358","13222493","17","124220612"
"chr2","137443412","137443572","chr7","48329254","48329410","30","89114158"
"chr2","137445929","137446212","chr8","48432254","48432537","43","89013675"
"chr2","137446272","137446388","chr5","4071000","4071112","15","133375272"
"chr2","137454597","137454710","chr2B","13289471","13289581","20","124165126"
"chr2","137465004","137465272","chr13","57930682","57930948","39","79534322"
"chr2","137476578","137476712","chr7","82210564","82210699","16","55266014"
"chr2","137477019","137477174","chr1","52126056","52126214","25","85350963"
"chr2","137478230","137478415","chr8","61430684","61430866","39","76047546"
"chr2","137480931","137481123","chr12","11144289","11144452","53","126336642"
"chr2","137482805","137482941","chr6","78227073","78227205","15","59255732"
"chr2","137487079","137487329","chr1","34877839","34878088","40","102609240"
"chr2","137497119","137497334","chrX","16231122","16231339","24","121265997"
"chr2","137500433","137500559","chr21","16737892","16738020","25","120762541"
"chr2","137508623","137508923","chr19","47470954","47471255","45","90037669"
"chr2","137509690","137509962","chr1","190343925","190344199","38","52834235"
"chr2","137514569","137514861","chrX","41897727","41898024","41","95616842"
"chr2","137524630","137524953","chr15","63355054","63355345","70","74169576"
"chr2","137525623","137525837","chr10","66789560","66789789","41","70736063"
"chr2","137531015","137531274","chr17","26258016","26258278","42","111272999"
"chr2","137546750","137546879","chr10","134985436","134985567","19","2561314"
"chr2","137558188","137558471","chrX","39033534","39033822","49","98524654"
"chr2","137559244","137559533","chr17","26286019","26286308","34","111273225"
"chr2","137629590","137629724","chr16","379923","380058","17","137249667"
"chr2","137661406","137661679","chr14","47008331","47008605","39","90653075"
"chr2","137664141","137664390","chr1","152422398","152422642","41","14758257"
"chr2","137669309","137669615","chr3","42788373","42788672","45","94880936"
"chr2","137700648","137700726","chr1","109992689","109992768","10","27707959"
"chr2","137700727","137700831","chr10","29769514","29769621","19","107931213"
"chr2","137708741","137708865","chrX","16516647","16516773","12","121192094"
"chr2","137714847","137715110","chr6","38988586","38988843","47","98726261"
"chr2","137715122","137715419","chr19","46259666","46259966","39","91455456"
"chr2","137725123","137725404","chrX","114349465","114349723","85","23375658"
"chr2","137725636","137725788","chr3","9778050","9778199","26","127947586"
"chr2","137725789","137726060","chr5","69760514","69760785","44","67965275"
"chr2","137731196","137731318","chr14","5937960","5938092","24","131793236"
"chr2","137739897","137740045","chr1","172493827","172493974","25","34753930"
"chr2","137740046","137740332","chrX","15626910","15627195","46","122113136"
"chr2","137740610","137740746","chr19","12741547","12741678","36","124999063"
"chr2","137752516","137752824","chr7","4579537","4579847","37","133172979"
"chr2","137764809","137764984","chr8","67783104","67783272","21","69981705"
"chr2","137765305","137765450","chrX","104519606","104519755","23","33245699"
"chr2","137766663","137766963","chr4","110248134","110248433","44","27518529"
"chr2","137767904","137768203","chr6","11232610","11232912","46","126535294"
"chr2","137775251","137775550","chr6","43552064","43552362","43","94223187"
"chr2","137798312","137798598","chr1","217049267","217049555","44","79250955"
"chr2","137809731","137810028","chr15","46012653","46012953","39","91797078"
"chr2","137812785","137812882","chrX","71258182","71258280","12","66554603"
"chr2","137821556","137821844","chr10","107664329","107664614","43","30157227"
"chr2","137834634","137834692","chr11","60326403","60326461","11","77508231"
"chr2","137837528","137837838","chr15","55635607","55635918","43","82201921"
"chr2","137838503","137838780","chr14","46910473","46910759","49","90928030"
"chr2","137848490","137848756","chr1","192523055","192523333","54","54674565"
"chr2","137855276","137855356","chr7","65088911","65088992","12","72766365"
"chr2","137855419","137855696","chrX","18875176","18875442","46","118980243"
"chr2","137859132","137859260","chr17","26468765","26468891","20","111390367"
"chr2","137863690","137863992","chr3","42788373","42788672","41","95075317"
"chr2","137866264","137866389","chrX","44981879","44982009","20","92884385"
"chr2","137866455","137866671","chr1","134486097","134486305","39","3380358"
"chr2","137866679","137866806","chr14","12485207","12485337","16","125381472"
"chr2","137879508","137879632","chr18","55000007","55000129","10","82879501"
"chr2","137879909","137879995","chr2A","63086447","63086523","17","74793462"
"chr2","137880405","137880537","chr1","71393655","71393787","17","66486750"
"chr2","137889133","137889426","chr21","31933268","31933561","49","105955865"
"chr2","137895805","137895854","chrX","92462","92506","15","137803343"
"chr2","137904017","137904313","chrX","49097436","49097730","39","88806581"
"chr2","137904316","137904599","chr6","45713778","45714072","46","92190538"
"chr2","137907916","137907992","chr11","36505752","36505828","18","101402164"
"chr2","137908032","137908298","chr11","77085348","77085580","68","60822684"
"chr2","137914417","137914683","chr5","117964780","117965048","49","19949637"
"chr2","137915053","137915171","chr11","3639856","3639975","16","134275197"
"chr2","137915197","137915365","chr12","10503992","10504156","25","127411205"
"chr2","137917039","137917150","chr1","101740478","101740598","35","36176561"
"chr2","137917440","137917452","chr7","27807755","27807767","3","110109685"
"chr2","137917996","137918130","chr16","23891117","23891253","18","114026879"
"chr2","137925719","137926026","chr12","38528270","38528574","42","99397449"
"chr2","137931971","137932242","chr2A","97364116","97364392","42","40567855"
"chr2","137940303","137940362","chr1","62756334","62756388","14","75183969"
"chr2","137941190","137941485","chr3","189017179","189017480","42","51075989"
"chr2","137951326","137951614","chr1","159180870","159181161","38","21229544"
"chr2","137959166","137959453","chr17","26572546","26572842","41","111386620"
"chr2","137962413","137962705","chr4","40463693","40463988","40","97498720"
"chr2","137963989","137964278","chr7","65054924","65055210","54","72909065"
"chr2","137970927","137971224","chr4","150663627","150663922","34","12692700"
"chr2","137979426","137979677","chr11","118828312","118828573","54","19151114"
"chr2","138000453","138000732","chr11","117709560","117709842","41","20290893"
"chr2","138000942","138000971","chr19","5167192","5167220","6","132833750"
"chr2","138009367","138009662","chr3","10044709","10045004","37","127964658"
"chr2","138018349","138018656","chr20","44638770","44639071","38","93379579"
"chr2","138025934","138026006","chrX","45221026","45221093","15","92804908"
"chr2","138039558","138039644","chr7","65088911","65088992","12","72950647"
"chr2","138043708","138043997","chr1","46890129","46890419","36","91153579"
"chr2","138059547","138059823","chr20","3255287","3255561","34","134804260"
"chr2","138129370","138129645","chr19","16723985","16724260","45","121405385"
"chr2","138187852","138188018","chr17","26807824","26807987","26","111380028"
"chr2","138193549","138193857","chr5","34215137","34215446","40","103978412"
"chr2","138272583","138272876","chr1","65854541","65854833","32","72418042"
"chr2","138403813","138404071","chr3","11684948","11685204","35","126718865"
"chr2","138430452","138430641","chr1","159743052","159743246","33","21312600"
"chr2","138474707","138475012","chr17","27088118","27088426","37","111386589"
"chr2","138524318","138524621","chr2A","69428310","69428611","41","69096008"
"chr2","138549594","138549869","chr3","34261429","34261702","39","104288165"
"chr2","138601684","138601976","chr12","95040092","95040387","48","43561592"
"chr2","138625843","138626132","chr9","22060392","22060691","34","116565451"
"chr2","138674318","138674610","chr6","24071747","24072049","54","114602571"
"chr2","138690883","138691104","chr1","159576263","159576475","51","20885380"
"chr2","138811563","138811865","chr3","143651904","143652202","38","4840341"
"chr2","138824798","138825092","chr2B","111648654","111648951","38","27176144"
"chr2","138849502","138849801","chr2B","96314496","96314799","54","42535006"
"chr2","138868835","138868965","chr1","36091207","36091337","16","102777628"
"chr2","138869259","138869425","chr3","184903377","184903535","28","46034118"
"chr2","138874381","138874491","chr5","52569450","52569555","15","86304931"
"chr2","138897248","138897376","chr1","130521054","130521182","19","8376194"
"chr2","138897663","138897833","chrX","49073077","49073247","33","89824586"
"chr2","138905726","138906026","chr18","17994477","17994780","50","120911249"
"chr2","138917518","138917823","chr9","113723652","113723953","42","25193866"
"chr2","138925624","138925867","chr3","121733766","121734018","47","17191858"
"chr2","138946437","138946734","chr11","107935819","107936108","47","31010618"
"chr2","138994247","138994373","chrX","42325828","42325954","11","96668419"
"chr2","138994595","138994757","chrX","2480111","2480269","39","136514484"
"chr2","139014860","139015179","chr8","28938841","28939157","58","110076019"
"chr2","139022010","139022265","chr8","22616480","22616736","35","116405530"
"chr2","139025750","139026043","chr19","38289722","38290015","34","100736028"
"chr2","139029816","139030129","chr12","24397776","24398085","42","114632040"
"chr2","139078128","139078290","chr20","2150753","2150919","24","136927375"
"chr2","139104829","139105122","chr7","79021407","79021709","46","60083422"
"chr2","139262630","139262870","chr1","152422398","152422642","51","13159768"
"chr2","139263208","139263258","chr1","13627380","13627435","11","125635828"
"chr2","139384549","139384835","chr6","79360967","79361252","45","60023582"
"chr2","139404653","139404860","chr6","3083397","3083603","27","136321256"
"chr2","139424303","139424579","chr8","87545064","87545347","44","51879239"
"chr2","139480192","139480502","chr6","32828052","32828363","46","106652140"
"chr2","139680025","139680322","chrX","48637931","48638226","46","91042094"
"chr2","139716936","139717147","chr9","74819531","74819730","35","64897405"
"chr2","139819271","139819539","chr2B","15628728","15629011","57","124190543"
"chr2","139828841","139829147","chr1","196253747","196254053","40","56424906"
"chr2","139834099","139834399","chr6","45713778","45714072","40","94120321"
"chr2","139913452","139913739","chr8","140457456","140457742","43","544004"
"chr2","139957395","139957692","chr9","114191687","114191982","32","25765708"
"chr2","139992359","139992645","chr5","21058068","21058355","40","118934291"
"chr2","140084801","140085109","chr17","87468445","87468755","42","52616356"
"chr2","140113596","140113880","chr11","61406261","61406547","43","78707335"
"chr2","140119770","140119989","chr10","97560702","97560921","35","42559068"
"chr2","140128558","140128850","chr4","39344065","39344354","40","100784493"
"chr2","140133545","140133829","chr7","32453756","32454047","38","107679789"
"chr2","140189404","140189699","chr12","10839242","10839538","38","129350162"
"chr2","140204508","140204810","chr8","76202865","76203159","42","64001643"
"chr2","140215060","140215362","chr1","31136599","31136900","46","109078461"
"chr2","140358796","140359110","chr17","29047111","29047401","59","111311685"
"chr2","140435032","140435343","chr12","35014709","35015020","42","105420323"
"chr2","140477113","140477391","chr9","109733660","109733937","44","30743453"
"chr2","140485313","140485497","chr12","111314388","111314571","28","29170925"
"chr2","140485800","140485868","chr3","198893177","198893244","7","58407377"
"chr2","140514508","140514794","chr1","159550302","159550585","45","19035794"
"chr2","140536572","140536869","chrX","20141075","20141370","43","120395497"
"chr2","140581187","140581490","chr7","134938326","134938628","41","5642861"
"chr2","140681373","140681683","chr14","43905161","43905479","55","96776212"
"chr2","140685722","140686017","chr8","22389239","22389531","47","118296483"
"chr2","140763351","140763631","chr6","91880875","91881162","49","48882476"
"chr2","140880766","140881049","chr19","18507154","18507439","39","122373612"
"chr2","140881359","140881645","chr16","59743866","59744159","40","81137493"
"chr2","140887033","140887319","chr3","138301723","138301996","54","2585310"
"chr2","140900137","140900411","chr2B","103777656","103777938","54","37122481"
"chr2","140922086","140922385","chr17","29595879","29596176","38","111326207"
"chr2","140927326","140927473","chr6","35361205","35361348","24","105566121"
"chr2","140927765","140927934","chr4","2469407","2469572","27","138458358"
"chr2","140940667","140940935","chrX","91199993","91200279","51","49740674"
"chr2","140945234","140945536","chr10","91293681","91293979","40","49651553"
"chr2","140954334","140954615","chr2A","95555809","95556098","42","45398525"
"chr2","140960875","140961165","chr13","96332314","96332607","42","44628561"
"chr2","140975047","140975337","chr17","3837151","3837439","44","137137896"
"chr2","141089901","141090196","chr10","109023207","109023499","50","32066694"
"chr2","141091024","141091119","chr2B","50212813","50212904","18","90878211"
"chr2","141117287","141117584","chr11","64189012","64189311","46","76928275"
"chr2","141119209","141119354","chr3","114074093","114074245","30","27045116"
"chr2","141121936","141122228","chr17","29804006","29804314","46","111317930"
"chr2","141133435","141133675","chrX","19868059","19868281","51","121265376"
"chr2","141133960","141134273","chr8","78885892","78886199","46","62248068"
"chr2","141167499","141167585","chr3","51985331","51985407","23","89182168"
"chr2","141167889","141168025","chr3","127734503","127734638","13","13433386"
"chr2","141171172","141171483","chr9","66145751","66146054","47","75025421"
"chr2","141183764","141184076","chr3","189017179","189017480","46","47833415"
"chr2","141202649","141202938","chr3","49098702","49098990","45","92103947"
"chr2","141216758","141217035","chr11","63496362","63496637","38","77720396"
"chr2","141218237","141218385","chr11","71190673","71190820","18","70027564"
"chr2","141229940","141230233","chr7","77226662","77226960","37","64003278"
"chr2","141235651","141235764","chr8","63631723","63631835","8","77603928"
"chr2","141244233","141244522","chr1","46023983","46024273","42","95220250"
"chr2","141248960","141249252","chr19","3208420","3208712","41","138040540"
"chr2","141267206","141267519","chrX","53939067","53939378","50","87328139"
"chr2","141267856","141268134","chr20","50773327","50773617","43","90494529"
"chr2","141271740","141271899","chrX","52096827","52096988","26","89174913"
"chr2","141300022","141300285","chr8","48745750","48746015","33","92554272"
"chr2","141321168","141321460","chr7","33444745","33445043","42","107876423"
"chr2","141326877","141327095","chrX","19015544","19015761","27","122311333"
"chr2","141343579","141343791","chr7","80031864","80032074","32","61311715"
"chr2","141348057","141348367","chr4","39519019","39519334","49","101829038"
"chr2","141431869","141432176","chr3","52354728","52355033","44","89077141"
"chr2","141440607","141440898","chr9","71736676","71736971","43","69703931"
"chr2","141448018","141448307","chr13","85735086","85735374","47","55712932"
"chr2","141464687","141464760","chrX","38254929","38254998","14","103209758"
"chr2","141500679","141500954","chr17","7453583","7453861","51","134047096"
"chr2","141529109","141529234","chr12","124591017","124591139","27","16938092"
"chr2","141529541","141529643","chr6","32533953","32534063","32","108995588"
"chr2","141551871","141552167","chr3","184323118","184323400","61","42771247"
"chr2","141553263","141553556","chr5","114340163","114340453","41","27213100"
"chr2","141555015","141555333","chr15","57299720","57300037","57","84255295"
"chr2","141576697","141576986","chr1","186408673","186408962","41","44831976"
"chr2","141589975","141590261","chrX","44801762","44802052","42","96788213"
"chr2","141650260","141650566","chr11","66467682","66467985","47","75182578"
"chr2","141696841","141697143","chr17","30393035","30393340","43","111303806"
"chr2","141705788","141706086","chr17","30408350","30408649","40","111297438"
"chr2","141780722","141781013","chr16","38941917","38942197","49","102838805"
"chr2","141918753","141919044","chr2B","10423684","10423974","31","131495069"
"chr2","141972071","141972371","chr11","18623030","18623328","37","123349041"
"chr2","141991459","141991745","chr1","139266119","139266414","42","2725340"
"chr2","142008176","142008471","chr14","21043746","21044039","43","120964430"
"chr2","142058297","142058575","chr3","28056167","28056454","54","114002130"
"chr2","142209316","142209618","chr17","60756951","60757255","50","81452365"
"chr2","142245963","142246257","chr1","75708117","75708419","47","66537846"
"chr2","142246260","142246571","chr3","121038671","121038982","35","21207589"
"chr2","142316093","142316241","chr8","1573606","1573751","18","140742487"
"chr2","142352623","142352923","chr5","94583098","94583395","42","47769525"
"chr2","142397504","142397792","chr13","47962109","47962397","50","94435395"
"chr2","142398649","142398778","chr1","47033279","47033407","21","95365370"
"chr2","142448794","142449090","chr13","9716804","9717101","35","132731990"
"chr2","142469908","142470186","chr1","11669542","11669828","46","130800366"
"chr2","142561106","142561221","chr1","135795893","135796010","39","6765213"
"chr2","142561344","142561585","chr3","144905875","144906108","99","2344531"
"chr2","142563818","142563955","chr12","52332062","52332197","48","90231756"
"chr2","142592498","142592795","chr2B","1475279","1475574","40","141117219"
"chr2","142621367","142621669","chr2B","86895283","86895584","50","55726084"
"chr2","142716273","142716499","chr5","43246148","43246377","34","99470125"
"chr2","142740456","142740691","chr1","209089368","209089606","48","66348912"
"chr2","142848980","142849273","chr9","30504120","30504417","51","112344860"
"chr2","142853653","142853940","chr2A","21154859","21155151","42","121698794"
"chr2","142969390","142969582","chr3","72682616","72682820","39","70286774"
"chr2","143095120","143095243","chr5","11699029","11699153","22","131396091"
"chr2","143126556","143126628","chr22","847845","847908","20","142278711"
"chr2","143386766","143387046","chr9","75490487","75490771","47","67896279"
"chr2","143449566","143449867","chr9","94064207","94064506","54","49385359"
"chr2","143572240","143572522","chr19","16147046","16147335","41","127425194"
"chr2","143578847","143578864","chr2A","75307992","75308008","3","68270855"
"chr2","143578892","143579169","chr1","62414160","62414441","48","81164732"
"chr2","143649227","143649496","chr17","32165767","32166043","36","111483460"
"chr2","143667816","143668112","chr14","79519450","79519750","40","64148366"
"chr2","143777171","143777287","chr3","45629081","45629198","12","98148090"
"chr2","143806336","143806623","chr17","32287348","32287644","51","111518988"
"chr2","143831364","143831605","chr1","152422398","152422642","38","8591034"
"chr2","143860874","143861160","chr17","32353923","32354223","59","111506951"
"chr2","143869136","143869425","chr12","46551447","46551743","49","97317689"
"chr2","143926245","143926547","chrX","45955185","45955490","45","97971060"
"chr2","143967709","143967999","chr17","32457344","32457629","46","111510365"
"chr2","143970122","143970422","chr4","198251635","198251936","47","54281513"
"chr2","144052476","144052726","chr17","32554660","32554921","48","111497816"
"chr2","144145787","144145930","chr10","13385858","13386002","14","130759929"
"chr2","144154858","144155151","chr9","71736676","71736971","40","72418182"
"chr2","144257398","144257683","chr9","82213385","82213669","50","62044013"
"chr2","144299299","144299571","chr7","68814507","68814770","61","75484792"
"chr2","144300319","144300354","chr19","5167192","5167220","7","139133127"
"chr2","144300660","144300922","chr8","4739306","4739572","45","139561354"
"chr2","144340084","144340216","chr10","41628351","41628485","16","102711733"
"chr2","144340526","144340685","chr12","30393770","30393933","28","113946756"
"chr2","144391113","144391404","chr2A","20895744","20896038","45","123495369"
"chr2","144531565","144531878","chr2A","33076638","33076941","46","111454927"
"chr2","144545767","144546064","chr1","7771978","7772276","40","136773789"
"chr2","144605454","144605751","chr22","29376128","29376426","36","115229326"
"chr2","144619050","144619348","chr8","9756252","9756551","39","134862798"
"chr2","144622935","144623184","chr19","44295509","44295759","45","100327426"
"chr2","144674447","144674718","chr8","144593849","144594123","42","80598"
"chr2","144691933","144692035","chr5","16821694","16821794","15","127870239"
"chr2","144692147","144692326","chr10","34990756","34990934","38","109701391"
"chr2","144716589","144716707","chr11","1562973","1563089","15","143153616"
"chr2","144716754","144716901","chr7","73220601","73220750","30","71496153"
"chr2","144726388","144726683","chr11","6426737","6427032","38","138299651"
"chr2","144815355","144815446","chr1","134177293","134177384","14","10638062"
"chr2","144820852","144820967","chr5","92459351","92459466","11","52361501"
"chr2","144842056","144842354","chr11","107357367","107357665","43","37484689"
"chr2","144897366","144897643","chr3","53593985","53594256","53","91303381"
"chr2","144908511","144908823","chr14","51281861","51282140","67","93626650"
"chr2","144909316","144909590","chr17","33348444","33348723","48","111560872"
"chr2","144924810","144924858","chr5","47258837","47258887","10","97665973"
"chr2","144927460","144927738","chr10","36611831","36612104","59","108315629"
"chr2","144933949","144934144","chr17","41858211","41858409","34","103075738"
"chr2","144935657","144935915","chrX","70731798","70732057","35","74203859"
"chr2","144938769","144938902","chr16","9450514","9450651","15","135488255"
"chr2","144940024","144940145","chr4","134938388","134938511","26","10001636"
"chr2","144940949","144941220","chr1","181345186","181345459","46","36404237"
"chr2","144941916","144942186","chr7","5363383","5363661","44","139578533"
"chr2","144945894","144946166","chr6","43416190","43416461","64","101529704"
"chr2","144958854","144959174","chr10","67681339","67681662","58","77277515"
"chr2","144971505","144971793","chr6","7408993","7409283","32","137562512"
"chr2","144978528","144978819","chr5","147372333","147372625","36","2393805"
"chr2","144983582","144983856","chr6","57633422","57633699","39","87350160"
"chr2","144984279","144984619","chr12","121648353","121648674","73","23335926"
"chr2","144995695","144995828","chr10","37526854","37526989","21","107468841"
"chr2","145002174","145002450","chr3","180337670","180337953","47","35335496"
"chr2","145012573","145012851","chr7","65126332","65126609","42","79886241"
"chr2","145018323","145018630","chr1","18491167","18491473","49","126527156"
"chr2","145018664","145018736","chr11","118916948","118917020","7","26101716"
"chr2","145019348","145019636","chr1","148845901","148846188","55","3826553"
"chr2","145020955","145021081","chr1","130641620","130641746","20","14379335"
"chr2","145027095","145027166","chr21","24668013","24668079","16","120359082"
"chr2","145027474","145027615","chr1","110444990","110445131","26","34582484"
"chr2","145035018","145035308","chr2B","62085072","62085366","38","82949946"
"chr2","145041572","145041869","chr9","41878230","41878523","35","103163342"
"chr2","145064850","145065151","chr12","6888062","6888363","45","138176788"
"chr2","145080604","145080687","chr5","116530140","116530219","9","28550464"
"chr2","145081474","145081752","chr1","36405685","36405963","40","108675789"
"chr2","145092552","145092681","chr14","76463161","76463293","14","68629391"
"chr2","145095075","145095361","chr8","103853182","103853465","36","41241893"
"chr2","145157234","145157522","chr19","3208420","3208712","45","141948814"
"chr2","145176523","145176824","chr6","150208577","150208872","39","5032054"
"chr2","145218007","145218289","chr12","32480569","32480848","35","112737438"
"chr2","145391250","145391491","chr22","14173659","14173896","38","131217591"
"chr2","145437197","145437492","chr8","101544594","101544890","29","43892603"
"chr2","145632307","145632608","chr5","24762715","24763015","45","120869592"
"chr2","145737038","145737327","chr1","28490498","28490788","43","117246540"
"chr2","145942653","145942938","chr13","55341220","55341503","34","90601433"
"chr2","146040824","146041102","chr5","163543962","163544238","41","17503138"
"chr2","146059406","146059707","chrX","73602345","73602644","47","72457061"
"chr2","146070192","146070493","chr9","114191687","114191982","42","31878505"
"chr2","146070537","146070803","chr12","124254648","124254922","44","21815889"
"chr2","146073944","146074259","chr19","37132526","37132837","47","108941418"
"chr2","146074920","146075238","chr16","59304436","59304744","52","86770484"
"chr2","146076518","146076831","chr11","73063549","73063857","42","73012969"
"chr2","146093293","146093564","chr2B","129989555","129989833","45","16103738"
"chr2","146114132","146114439","chr2A","64795523","64795818","52","81318609"
"chr2","146150704","146151007","chr3","180336456","180336761","39","34185752"
"chr2","146156927","146157182","chrX","116807939","116808197","44","29348988"
"chr2","146163891","146164168","chr20","30973943","30974234","46","115189948"
"chr2","146164169","146164355","chr1","65338310","65338483","49","80825859"
"chr2","146290167","146290459","chr1","4016045","4016337","33","142274122"
"chr2","146306645","146306923","chr14","74043184","74043471","56","72263461"
"chr2","146317814","146318115","chr3","174727021","174727310","52","28409207"
"chr2","146320928","146321042","chr6","18262286","18262397","12","128058642"
"chr2","146412627","146412925","chr9","30568184","30568480","52","115844443"
"chr2","146424979","146425266","chr20","35533573","35533858","35","110891406"
"chr2","146458733","146459026","chr11","70634880","70635174","41","75823853"
"chr2","146467410","146467697","chr3","42671617","42671907","48","103795793"
"chr2","146508491","146508771","chr17","38015491","38015772","41","108493000"
"chr2","146511664","146511774","chr17","34852295","34852406","13","111659369"
"chr2","146512301","146512474","chr8","86134072","86134255","46","60378229"
"chr2","146526629","146526914","chr15","16213835","16214119","46","130312794"
"chr2","146549712","146550025","chr16","58834943","58835251","53","87714769"
"chr2","146588137","146588447","chr4","7131900","7132211","40","139456237"
"chr2","146630722","146630890","chr17","4277899","4278065","31","142352823"
"chr2","146632673","146632914","chr5","34651328","34651565","37","111981345"
"chr2","146639522","146639690","chr14","86567921","86568086","30","60071601"
"chr2","146649534","146649826","chr17","5599986","5600281","39","141049548"
"chr2","146651477","146651763","chr12","43697519","43697825","52","102953958"
"chr2","146666305","146666613","chr5","24045389","24045700","35","122620916"
"chr2","146755373","146755654","chrX","6262997","6263278","39","140492376"
"chr2","146768570","146768879","chr11","120932649","120932956","40","25835921"
"chr2","146804407","146804707","chr14","110301","110606","41","146694106"
"chr2","146835197","146835499","chr22","5390789","5391096","48","141444408"
"chr2","146883323","146883630","chr10","125055121","125055423","53","21828202"
"chr2","147075017","147075300","chr3","28602110","28602392","37","118472907"
"chr2","147100966","147101250","chr19","16606316","16606601","38","130494650"
"chr2","147104797","147105103","chrX","118715138","118715448","48","28389659"
"chr2","147120008","147120300","chr6","25467960","25468255","42","121652048"
"chr2","147137291","147137590","chr13","9716804","9717101","51","137420487"
"chr2","147159701","147159862","chr5","9018855","9019021","29","138140846"
"chr2","147159912","147160036","chr1","61983115","61983240","15","85176797"
"chr2","147174386","147174671","chr1","92542499","92542782","41","54631887"
"chr2","147248582","147248849","chr12","668593","668869","44","146579989"
"chr2","147350958","147351254","chr1","36255390","36255687","40","111095568"
"chr2","147451186","147451470","chr21","27485077","27485366","40","119966109"
"chr2","147460303","147460395","chr4","121757665","121757759","26","25702638"
"chr2","147561978","147562224","chr13","77208377","77208634","45","70353601"
"chr2","147692725","147693026","chr7","119338465","119338768","58","28354260"
"chr2","147727547","147727828","chr13","96383087","96383360","64","51344460"
"chr2","147844863","147845144","chr5","54501254","54501541","45","93343609"
"chr2","147919652","147919733","chr15","50902449","50902527","13","97017203"
"chr2","147919767","147919945","chr5","25351603","25351772","30","122568164"
"chr2","147927248","147927334","chr4","121792827","121792913","12","26134421"
"chr2","147972396","147972694","chr22","9292542","9292841","38","138679854"
"chr2","148084956","148085250","chr11","107357367","107357665","41","40727589"
"chr2","148099043","148099187","chr10","103234540","103234683","25","44864503"
"chr2","148108321","148108603","chr14","13219605","13219883","46","134888716"
"chr2","148356751","148356873","chr1","40002123","40002247","16","108354628"
"chr2","148365707","148366021","chr8","127887093","127887408","45","20478614"
"chr2","148366033","148366315","chr6","157767447","157767718","41","9401414"
"chr2","148369255","148369387","chr1","10043533","10043661","15","138325722"
"chr2","148386820","148386831","chr10","62328219","62328230","0","86058601"
"chr2","148386859","148387151","chr17","57776135","57776417","58","90610724"
"chr2","148536307","148536551","chr19","31947618","31947863","39","116588689"
"chr2","148554609","148554900","chr12","52761844","52762120","45","95792765"
"chr2","148589705","148589931","chr2B","66665417","66665639","33","81924288"
"chr2","148607893","148608200","chr22","26348854","26349161","49","122259039"
"chr2","148639404","148639654","chr1","15881336","15881597","43","132758068"
"chr2","148640081","148640114","chr8","125819472","125819503","14","22820609"
"chr2","148642562","148642859","chr19","7689946","7690245","47","140952616"
"chr2","148672746","148673056","chr11","71482750","71483057","40","77189996"
"chr2","148717721","148718005","chr2A","36697287","36697574","34","112020434"
"chr2","148727069","148727226","chr9","100849192","100849351","37","47877877"
"chr2","148757832","148758065","chr17","37082180","37082410","34","111675652"
"chr2","148847867","148848173","chr11","65939624","65939925","38","82908243"
"chr2","148990378","148990494","chr10","41377517","41377635","18","107612861"
"chr2","149075904","149076033","chr11","96523718","96523840","23","52552186"
"chr2","149676397","149676704","chr11","34951405","34951707","59","114724992"
"chr2","149711327","149711622","chrX","137684759","137685052","41","12026568"
"chr2","149722013","149722321","chr5","114686068","114686376","45","35035945"
"chr2","149731719","149731862","chr5","7026604","7026761","31","142705115"
"chr2","149776307","149776604","chr1","207941442","207941741","36","58165135"
"chr2","150015147","150015443","chr10","85032894","85033191","33","64982253"
"chr2","150188292","150188585","chr15","9825468","9825764","36","140362824"
"chr2","150254989","150255282","chr14","89621796","89622087","47","60633193"
"chr2","150283125","150283400","chr17","38587281","38587567","52","111695844"
"chr2","150297332","150297642","chr16","76377416","76377727","45","73919916"
"chr2","150308540","150308838","chr12","108633862","108634156","46","41674678"
"chr2","150349283","150349504","chr1","209109553","209109770","34","58760270"
"chr2","150350786","150351085","chr6","17679318","17679614","42","132671468"
"chr2","150355523","150355533","chr7","129452243","129452253","1","20903280"
"chr2","150355570","150355853","chr3","151012558","151012841","36","656988"
"chr2","150371977","150372279","chr6","109314930","109315226","46","41057047"
"chr2","150380509","150380792","chr9","74810773","74811056","42","75569736"
"chr2","150396315","150396601","chr3","42930631","42930917","43","107465684"
"chr2","150405773","150406075","chr3","117909237","117909534","49","32496536"
"chr2","150415443","150415720","chr2B","82496030","82496316","58","67919413"
"chr2","150425052","150425124","chr10","101346352","101346430","25","49078700"
"chr2","150425196","150425380","chr1","29303431","29303611","47","121121765"
"chr2","150443695","150443835","chr1","115707548","115707690","21","34736147"
"chr2","150444118","150444287","chr11","39638676","39638842","26","110805442"
"chr2","150447048","150447334","chr10","12856836","12857123","41","137590212"
"chr2","150447446","150447631","chr13","55353863","55354052","29","95093583"
"chr2","150458976","150459113","chrX","18407608","18407749","26","132051368"
"chr2","150459114","150459411","chr14","78752385","78752687","47","71706729"
"chr2","150459412","150459578","chr5","98305168","98305337","49","52154244"
"chr2","150461265","150461445","chr10","24171009","24171179","49","126290256"
"chr2","150464618","150464903","chr5","122035156","122035446","57","28429462"
"chr2","150465752","150465870","chrX","24288832","24288946","13","126176920"
"chr2","150468128","150468421","chr7","21217030","21217325","43","129251098"
"chr2","150492530","150492802","chr19","6877009","6877280","45","143615521"
"chr2","150495199","150495506","chr17","38795611","38795918","35","111699588"
"chr2","150499169","150499471","chr19","35082212","35082514","35","115416957"
"chr2","150500001","150500205","chr1","53461020","53461225","28","97038981"
"chr2","150502934","150503079","chr1","218931573","218931719","21","68428639"
"chr2","150510175","150510470","chr11","65866113","65866406","40","84644062"
"chr2","150519321","150519612","chr19","14661967","14662262","39","135857354"
"chr2","150543319","150543447","chr14","12485207","12485337","17","138058112"
"chr2","150548395","150548696","chr1","193132439","193132740","48","42584044"
"chr2","150554577","150554874","chrX","65480507","65480814","46","85074070"
"chr2","150555578","150555728","chr3","33261179","33261329","23","117294399"
"chr2","150555729","150556021","chr3","10296218","10296513","29","140259511"
"chr2","150556022","150556166","chr3","41203630","41203768","19","109352392"
"chr2","150563554","150563815","chr11","48181014","48181270","53","102382540"
"chr2","150567333","150567622","chr17","38872654","38872941","45","111694679"
"chr2","150570373","150570681","chr7","104400689","104400997","50","46169684"
"chr2","150599894","150600121","chr7","79208077","79208295","48","71391817"
"chr2","150621730","150622029","chr17","38932023","38932336","47","111689707"
"chr2","150631628","150631882","chr11","47991927","47992181","37","102639701"
"chr2","150636598","150636896","chr2B","89334132","89334430","43","61302466"
"chr2","150656000","150656176","chr19","9461999","9462179","26","141194001"
"chr2","150656212","150656336","chr16","29998196","29998320","18","120658016"
"chr2","150712627","150712937","chr18","18042529","18042833","47","132670098"
"chr2","150722707","150722974","chr17","39041365","39041632","35","111681342"
"chr2","150750522","150750805","chr7","2505686","2505976","49","148244836"
"chr2","150762009","150762160","chr19","7388418","7388569","22","143373591"
"chr2","150778958","150779018","chr20","39641740","39641807","15","111137218"
"chr2","150779026","150779181","chr12","122569926","122570075","32","28209100"
"chr2","150779617","150779905","chr19","39990462","39990750","35","110789155"
"chr2","150850837","150851142","chr9","82674600","82674904","41","68176237"
"chr2","150852154","150852449","chr2B","96369744","96370041","41","54482410"
"chr2","150921161","150921475","chr8","75018826","75019140","46","75902335"
"chr2","151042678","151042985","chr12","43697519","43697825","55","107345159"
"chr2","151054757","151055017","chr6","135427576","135427840","46","15627181"
"chr2","151069279","151069393","chr3","50836150","50836264","10","100233129"
"chr2","151314260","151314545","chr17","39616849","39617141","41","111697411"
"chr2","151350659","151350950","chr5","24372432","24372725","36","126978227"
"chr2","151384135","151384433","chr9","22060392","22060691","37","129323743"
"chr2","151396432","151396732","chr5","32957579","32957881","46","118438853"
"chr2","151439477","151439768","chr21","27485077","27485366","45","123954400"
"chr2","151465025","151465320","chr4","85866666","85866961","47","65598359"
"chr2","151480191","151480493","chr4","110248134","110248433","44","41232057"
"chr2","151488430","151488485","chr1","842404","842459","10","150646026"
"chr2","151491225","151491357","chr6","34837210","34837342","17","116654015"
"chr2","151493314","151493439","chr18","55000007","55000129","26","96493307"
"chr2","151493671","151493803","chr6","34837210","34837342","18","116656461"
"chr2","151499646","151499954","chr1","90913354","90913656","41","60586292"
"chr2","151509721","151509855","chr21","31662246","31662382","10","119847475"
"chr2","151517902","151518027","chr18","29302826","29302949","14","122215076"
"chr2","151541362","151541496","chr1","71393655","71393787","16","80147707"
"chr2","151541599","151541901","chr13","34282102","34282401","38","117259497"
"chr2","151557175","151557421","chr17","11966462","11966713","50","139590713"
"chr2","151558231","151558529","chr20","55598410","55598709","62","95959821"
"chr2","151561543","151561839","chr12","12338427","12338720","44","139223116"
"chr2","151566069","151566381","chr8","131985062","131985365","39","19581007"
"chr2","151568888","151569195","chrX","22158908","22159212","38","129409980"
"chr2","151586049","151586279","chr10","40845734","40845963","38","110740315"
"chr2","151588701","151588979","chr6","75870139","75870411","50","75718562"
"chr2","151589064","151589363","chr2B","62085072","62085366","43","89503992"
"chr2","151590545","151590848","chr15","53850193","53850503","45","97740352"
"chr2","151591354","151591511","chr3","41807740","41807897","28","109783614"
"chr2","151627885","151628190","chr8","110818560","110818871","50","40809325"
"chr2","151631560","151631643","chr9","93517285","93517365","17","58114275"
"chr2","151650912","151651038","chr2A","32856945","32857075","13","118793967"
"chr2","151654819","151654903","chr3","155348744","155348825","16","3693925"
"chr2","151655204","151655222","chr1","28379271","28379286","6","123275933"
"chr2","151656015","151656326","chr2B","95850309","95850616","48","55805706"
"chr2","151670497","151670817","chr2B","99945275","99945585","64","51725222"
"chr2","151675719","151676015","chr14","61097634","61097920","48","90578085"
"chr2","151678462","151678633","chr12","60949682","60949852","33","90728780"
"chr2","151682082","151682220","chr20","31547819","31547950","22","120134263"
"chr2","151682222","151682502","chr5","15805346","15805636","42","135876876"
"chr2","151731979","151732111","chr16","14766580","14766714","18","136965399"
"chr2","151732410","151732545","chr1","94251625","94251762","29","57480785"
"chr2","151839426","151839719","chr1","46890129","46890419","47","104949297"
"chr2","151852370","151852682","chr19","13490071","13490381","43","138362299"
"chr2","151866616","151866800","chr3","1702116","1702300","32","150164500"
"chr2","151869163","151869472","chr9","109734146","109734451","50","42135017"
"chr2","151883058","151883356","chr5","66262413","66262707","43","85620645"
"chr2","151897753","151898065","chr17","40181755","40182060","42","111715998"
"chr2","151904890","151904997","chr1","26873677","26873772","26","125031213"
"chr2","151938090","151938374","chr17","40209147","40209448","46","111728943"
"chr2","151938418","151938706","chr5","6116562","6116838","67","145821856"
"chr2","151941364","151941643","chr3","111238815","111239101","52","40702549"
"chr2","151947486","151947776","chr3","199443194","199443483","33","47495708"
"chr2","151955132","151955436","chr3","50367144","50367439","48","101587988"
"chr2","151998584","151998734","chr1","202476133","202476279","25","50477549"
"chr2","152001281","152001422","chr17","40242358","40242498","20","111758923"
"chr2","152003972","152004269","chr8","56857402","56857699","34","95146570"
"chr2","152030184","152030482","chr6","43552064","43552362","32","108478120"
"chr2","152034652","152034922","chr7","141028920","141029194","43","11005732"
"chr2","152040443","152040610","chr4","140736431","140736591","34","11304012"
"chr2","152040697","152040762","chr6","115981582","115981648","11","36059115"
"chr2","152054065","152054359","chr2A","64199813","64200109","49","87854252"
"chr2","152056833","152057138","chr1","25847855","25848157","48","126208978"
"chr2","152062067","152062391","chr10","35816628","35816930","65","116245439"
"chr2","152082235","152082531","chr14","6481604","6481898","35","145600631"
"chr2","152100170","152100298","chr3","74161743","74161869","21","77938427"
"chr2","152100344","152100495","chr6","65170169","65170325","37","86930175"
"chr2","152101948","152102250","chr1","52526236","52526537","41","99575712"
"chr2","152118111","152118335","chr22","28057819","28058045","31","124060292"
"chr2","152121020","152121314","chr8","107851632","107851923","51","44269388"
"chr2","152121594","152121876","chrX","46727945","46728224","46","105393649"
"chr2","152121885","152122174","chr10","34585259","34585551","35","117536626"
"chr2","152125139","152125418","chr15","53419430","53419715","38","98705709"
"chr2","152131183","152131308","chr8","95812333","95812457","16","56318850"
"chr2","152132468","152132771","chr2A","68807272","68807575","42","83325196"
"chr2","152133525","152133824","chr5","116327024","116327318","44","35806501"
"chr2","152142072","152142350","chr9","113673372","113673655","45","38468700"
"chr2","152146278","152146410","chr10","115982032","115982164","20","36164246"
"chr2","152149055","152149190","chr1","28134635","28134769","20","124014420"
"chr2","152149457","152149646","chr15","594436","594619","34","151555021"
"chr2","152175416","152175698","chr9","60248315","60248587","43","91927101"
"chr2","152188174","152188456","chr2A","68432682","68432970","58","83755492"
"chr2","152197517","152197686","chr9","119537414","119537581","31","32660103"
"chr2","152218492","152218769","chr8","18827387","18827655","54","133391105"
"chr2","152227943","152228230","chr6","75626441","75626739","47","76601502"
"chr2","152228336","152228615","chr1","217049267","217049555","50","64820931"
"chr2","152239533","152239833","chr3","56346212","56346514","50","95893321"
"chr2","152242852","152243154","chr1","13626599","13626894","43","138616253"
"chr2","152243423","152243585","chrX","33938283","33938440","28","118305140"
"chr2","152243885","152243990","chr7","129380377","129380480","29","22863508"
"chr2","152274563","152274854","chr17","40510653","40510950","41","111763910"
"chr2","152295037","152295327","chr4","98470358","98470652","48","53824679"
"chr2","152305174","152305468","chr3","119263499","119263794","46","33041675"
"chr2","152316401","152316520","chr2B","87326040","87326158","27","64990361"
"chr2","152337178","152337482","chr15","27081977","27082274","40","125255201"
"chr2","152340087","152340222","chr12","32861260","32861394","19","119478827"
"chr2","152378251","152378539","chr10","107621215","107621503","52","44757036"
"chr2","152417367","152417668","chr18","10807354","10807653","42","141610013"
"chr2","152428319","152428619","chr1","117548868","117549167","40","34879451"
"chr2","152429432","152429700","chr16","64585012","64585285","39","87844420"
"chr2","152434135","152434214","chrX","117997591","117997659","27","34436544"
"chr2","152492261","152492557","chr1","16343464","16343761","39","136148797"
"chr2","152505954","152506260","chrX","139867551","139867854","39","12638403"
"chr2","152515866","152515998","chr2A","82675571","82675703","13","69840295"
"chr2","152529745","152530035","chr5","38168481","38168776","39","114361264"
"chr2","152536115","152536202","chr1","114584342","114584431","15","37951773"
"chr2","152553523","152553818","chr2A","75335005","75335306","46","77218518"
"chr2","152557735","152557939","chrX","41233760","41233962","29","111323975"
"chr2","152561584","152561635","chrX","22242189","22242240","8","130319395"
"chr2","152649638","152649769","chr10","826828","826961","18","151822810"
"chr2","152653765","152654061","chr5","141748249","141748545","30","10905516"
"chr2","152654518","152654660","chr10","17856327","17856468","25","134798191"
"chr2","152702722","152703030","chr16","37207893","37208199","37","115494829"
"chr2","152940290","152940613","chr17","55522427","55522750","57","97417863"
"chr2","152993749","152994012","chr3","129714654","129714912","40","23279095"
"chr2","153145717","153145912","chr5","3962472","3962655","36","149183245"
"chr2","153146425","153146532","chr17","41419861","41419974","19","111726564"
"chr2","153178979","153179113","chr10","142342693","142342827","14","10836286"
"chr2","153209077","153209373","chr5","133146837","133147127","44","20062240"
"chr2","153212770","153213067","chr1","135922404","135922701","37","17290366"
"chr2","153217592","153217875","chr11","94619467","94619758","42","58598125"
"chr2","153223972","153224279","chr19","12209193","12209499","43","141014779"
"chr2","153226899","153227071","chr1","47985376","47985543","24","105241523"
"chr2","153248143","153248270","chr14","12485207","12485337","10","140762936"
"chr2","153252391","153252679","chr3","54121779","54122063","37","99130612"
"chr2","153300478","153300762","chr12","10745479","10745770","47","142554999"
"chr2","153335786","153335909","chr9","15561049","15561173","20","137774737"
"chr2","153342515","153342798","chr17","7150148","7150428","38","146192367"
"chr2","153343637","153343727","chr7","57691494","57691586","24","95652143"
"chr2","153343834","153343999","chr4","191859159","191859310","32","38515325"
"chr2","153350531","153350819","chr17","41622025","41622306","28","111728506"
"chr2","153370339","153370476","chr5","4784191","4784333","21","148586148"
"chr2","153375596","153375710","chrX","24288832","24288946","7","129086764"
"chr2","153387211","153387342","chr11","120280731","120280862","13","33106480"
"chr2","153394004","153394304","chr7","132957349","132957649","45","20436655"
"chr2","153399850","153400156","chr4","156010851","156011158","49","2611001"
"chr2","153407394","153407445","chr10","130748863","130748912","9","22658531"
"chr2","153407678","153407915","chr10","39499447","39499692","44","113908231"
"chr2","153469358","153469683","chr2A","59403917","59404227","63","94065441"
"chr2","153502189","153502356","chr8","98981840","98982009","24","54520349"
"chr2","153533748","153534056","chr1","8740796","8741106","57","144792952"
"chr2","153558475","153558763","chr6","153170383","153170681","38","388092"
"chr2","153584052","153584248","chr17","41858211","41858409","22","111725841"
"chr2","153584249","153584301","chr4","142066423","142066476","17","11517826"
"chr2","153645935","153646251","chr4","87673457","87673768","47","65972478"
"chr2","153649776","153650043","chr8","16052591","16052858","43","137597185"
"chr2","153655597","153655724","chr11","78078378","78078501","22","75577219"
"chr2","153661988","153662293","chr6","37930870","37931181","42","115731118"
"chr2","153668888","153669138","chr1","151626041","151626289","41","2042847"
"chr2","153675368","153675500","chr5","161161762","161161894","8","7486394"
"chr2","153702218","153702473","chr13","92720697","92720963","43","60981521"
"chr2","153702474","153702557","chr7","65088911","65088992","11","88613563"
"chr2","153713802","153713928","chr7","5606987","5607114","13","148106815"
"chr2","153772142","153772438","chr9","50705192","50705487","44","103066950"
"chr2","153777988","153778290","chr7","1669242","1669542","42","152108746"
"chr2","153779386","153779472","chr5","62526595","62526679","16","91252791"
"chr2","153781496","153781797","chr1","180206663","180206959","43","26425167"
"chr2","153818824","153819131","chr1","223636516","223636815","44","69817692"
"chr2","153847654","153847911","chr3","444288","444550","52","153403366"
"chr2","153912024","153912314","chr15","11988062","11988351","35","141923962"
"chr2","153927875","153928089","chr15","52508524","52508743","42","101419351"
"chr2","153930164","153930472","chr3","42893249","42893559","51","111036915"
"chr2","154019496","154019811","chr3","50791867","50792181","40","103227629"
"chr2","154020985","154021258","chr11","125722767","125723043","46","28298218"
"chr2","154074724","154075018","chr15","37017871","37018163","31","117056853"
"chr2","154101487","154101764","chr12","8233056","8233340","46","145868431"
"chr2","154140130","154140387","chr6","18607403","18607656","36","135532727"
"chr2","154158978","154159289","chr5","27448112","27448423","53","126710866"
"chr2","154164837","154165141","chr7","67187505","67187801","50","86977332"
"chr2","154219554","154219789","chr21","34255467","34255702","34","119964087"
"chr2","154246240","154246548","chrX","128923641","128923950","47","25322599"
"chr2","154297973","154298123","chr17","42618956","42619109","24","111679017"
"chr2","154347241","154347333","chrX","1746604","1746696","10","152600637"
"chr2","154347618","154347771","chr12","59137403","59137557","28","95210215"
"chr2","154383930","154384025","chr9","70059064","70059157","10","84324866"
"chr2","154391375","154391484","chr5","124538451","124538560","11","29852924"
"chr2","154414891","154415200","chr4","135536960","135537268","53","18877931"
"chr2","154453737","154454030","chr17","42758515","42758808","40","111695222"
"chr2","154474383","154474518","chr2A","19527745","19527884","22","134946638"
"chr2","154474817","154474984","chr1","24681785","24681955","29","129793032"
"chr2","154477465","154477620","chr12","59137403","59137557","30","95340062"
"chr2","154477662","154477790","chr10","82702504","82702637","17","71775158"
"chr2","154478092","154478404","chr5","25543850","25544158","35","128934242"
"chr2","154493779","154493909","chr6","156189946","156190077","13","1696167"
"chr2","154524253","154524567","chr5","64750309","64750616","41","89773944"
"chr2","154544892","154545211","chr13","22713382","22713695","43","131831510"
"chr2","154587890","154588199","chr13","96246742","96247046","36","58341148"
"chr2","154634779","154635081","chr5","4883092","4883394","46","149751687"
"chr2","154645444","154645533","chr18","56826401","56826490","13","97819043"
"chr2","154659044","154659351","chr11","118844456","118844765","50","35814588"
"chr2","154660185","154660489","chr10","110020152","110020451","43","44640033"
"chr2","154660937","154661229","chr1","164172485","164172779","50","9511548"
"chr2","154698556","154698856","chr5","44190574","44190868","52","110507982"
"chr2","154748051","154748342","chr3","173174796","173175094","44","18426745"
"chr2","154765776","154766060","chr3","151012558","151012841","45","3753218"
"chr2","154766092","154766111","chr1","39256783","39256799","5","115509309"
"chr2","154780392","154780694","chr11","66467682","66467985","51","88312710"
"chr2","154799144","154799262","chr12","36410722","36410841","15","118388422"
"chr2","154799293","154799463","chr1","33156733","33156906","27","121642560"
"chr2","154824363","154824663","chr6","72560960","72561265","43","82263403"
"chr2","154852037","154852337","chr3","39964527","39964830","48","114887510"
"chr2","154902917","154903265","chrX","42219858","42220195","52","112683059"
"chr2","154945177","154945446","chr16","27237098","27237359","42","127708079"
"chr2","155101330","155101640","chr15","73636229","73636537","40","81465101"
"chr2","155147470","155147601","chr16","38928469","38928600","35","116219001"
"chr2","155147904","155148107","chr19","16071739","16071938","39","139076165"
"chr2","155175126","155175438","chr5","138695005","138695301","49","16480121"
"chr2","155278748","155279051","chr5","718948","719253","44","154559800"
"chr2","155286427","155286728","chr17","43698193","43698488","39","111588234"
"chr2","155370497","155370805","chr5","94004472","94004781","40","61366025"
"chr2","155386504","155386780","chr18","60480459","60480740","37","94906045"
"chr2","155471853","155472035","chrX","27417608","27417792","37","128054245"
"chr2","155472303","155472411","chr10","15486811","15486920","18","139985492"
"chr2","155511065","155511366","chr17","43926882","43927185","48","111584183"
"chr2","155538206","155538496","chr2B","66416298","66416593","45","89121908"
"chr2","155539346","155539422","chr18","20213321","20213395","11","135326025"
"chr2","155603815","155604121","chr8","144260164","144260462","57","11343651"
"chr2","155711605","155711898","chr5","154153417","154153708","46","1558188"
"chr2","155712949","155713243","chr12","29406987","29407281","40","126305962"
"chr2","156192073","156192408","chr10","90905086","90905411","61","65286987"
"chr2","156307750","156308059","chr9","91348149","91348461","44","64959601"
"chr2","156372938","156373228","chr12","1122701","1122989","39","155250237"
"chr2","156405590","156405898","chr20","37742490","37742795","45","118663100"
"chr2","156464889","156465173","chr2A","12208825","12209102","57","144256064"
"chr2","156503183","156503484","chr17","44897537","44897837","36","111605646"
"chr2","156514708","156514961","chr2B","70334516","70334775","45","86180192"
"chr2","156659260","156659563","chr11","47308826","47309131","41","109350434"
"chr2","156677029","156677339","chr17","45055055","45055364","46","111621974"
"chr2","156704240","156704506","chr10","6465058","6465328","52","150239182"
"chr2","156829450","156829751","chr19","34671443","34671743","37","122158007"
"chr2","156888327","156888621","chr3","59607961","59608257","47","97280366"
"chr2","156918406","156918701","chr5","16171270","16171559","40","140747136"
"chr2","157003689","157003950","chr13","85472138","85472395","52","71531551"
"chr2","157006294","157006636","chr22","12390303","12390643","65","144615991"
"chr2","157007783","157008085","chr12","35147057","35147353","50","121860726"
"chr2","157017549","157017819","chr8","126028113","126028393","49","30989436"
"chr2","157031087","157031224","chr7","128302391","128302524","28","28728696"
"chr2","157037516","157037806","chr8","133075137","133075428","42","23962379"
"chr2","157039649","157039812","chr12","98776420","98776589","26","58263229"
"chr2","157108040","157108249","chr15","40964480","40964693","30","116143560"
"chr2","157170833","157171124","chr5","24372432","24372725","44","132798401"
"chr2","157296550","157296843","chr14","48782819","48783114","42","108513731"
"chr2","157370894","157371197","chr11","120932649","120932956","50","36438245"
"chr2","157414135","157414422","chr9","104522521","104522810","49","52891614"
"chr2","157510054","157510132","chr6","65792676","65792752","20","91717378"
"chr2","157567638","157567927","chr1","216411309","216411600","38","58843671"
"chr2","157850250","157850373","chr17","16185076","16185200","12","141665174"
"chr2","157862059","157862191","chrX","23968201","23968308","34","133893858"
"chr2","157877647","157877710","chrX","1874805","1874872","15","156002842"
"chr2","157896502","157896760","chr1","11860293","11860563","52","146036209"
"chr2","157912461","157912612","chr2B","100801585","100801732","18","57110876"
"chr2","158006283","158006573","chr17","95271820","95272111","47","62734463"
"chr2","158042308","158042616","chr11","242567","242869","53","157799741"
"chr2","158133330","158133492","chr15","19391838","19391992","32","138741492"
"chr2","158155450","158155734","chr3","52532131","52532423","63","105623319"
"chr2","158191614","158191906","chr22","29376128","29376426","48","128815486"
"chr2","158230432","158230546","chr3","51739037","51739152","16","106491395"
"chr2","158230584","158230747","chr12","34742964","34743126","28","123487620"
"chr2","158247388","158247664","chr1","146575605","146575883","56","11671783"
"chr2","158263626","158263921","chr3","45969189","45969484","37","112294437"
"chr2","158276836","158277124","chr14","42019393","42019680","48","116257443"
"chr2","158349388","158349521","chr9","94655765","94655899","16","63693623"
"chr2","158349824","158349941","chr19","38723346","38723473","23","119626478"
"chr2","158494454","158494757","chr1","52045396","52045697","50","106449058"
"chr2","158505052","158505347","chr8","131317213","131317507","37","27187839"
"chr2","158517965","158518161","chr19","19589882","19590078","37","138928083"
"chr2","158539835","158539977","chr16","22499150","22499285","23","136040685"
"chr2","158725430","158725541","chr3","48116943","48117047","21","110608487"
"chr2","158763158","158763446","chr7","73094896","73095187","46","85668262"
"chr2","158779799","158780078","chr3","72171772","72172053","36","86608027"
"chr2","159114812","159115121","chr5","34215137","34215446","47","124899675"
"chr2","159130892","159131189","chr12","22156138","22156432","41","136974754"
"chr2","159172728","159173002","chr8","125529399","125529675","44","33643329"
"chr2","159260886","159261187","chr2A","3026541","3026842","40","156234345"
"chr2","159284289","159284409","chr2B","116542300","116542423","17","42741989"
"chr2","159284432","159284595","chr12","35899001","35899163","21","123385431"
"chr2","159703548","159703829","chr9","117733372","117733651","49","41970176"
"chr2","159703870","159703884","chr8","26101843","26101856","2","133602027"
"chr2","159713109","159713420","chr8","60583947","60584256","50","99129162"
"chr2","159729827","159730100","chr9","80583599","80583882","38","79146228"
"chr2","159737098","159737380","chr12","123758800","123759084","46","35978298"
"chr2","159791484","159791774","chr9","43973772","43974071","44","115817712"
"chr2","159841204","159841506","chr7","156411290","156411591","41","3429914"
"chr2","159901346","159901658","chr1","9659037","9659348","38","150242309"
"chr2","159965320","159965613","chr17","8443098","8443390","44","151522222"
"chr2","159966568","159966847","chr19","54424928","54425203","44","105541640"
"chr2","159972176","159972463","chr17","51972180","51972468","42","107999996"
"chr2","160079631","160079920","chr1","160302436","160302727","50","222805"
"chr2","160104677","160104969","chr17","38821796","38822087","41","121282881"
"chr2","160129349","160129664","chr5","152289740","152290053","51","7839609"
"chr2","160130425","160130718","chr15","20286636","20286933","40","139843789"
"chr2","160139154","160139458","chr5","117004910","117005220","40","43134244"
"chr2","160139644","160139773","chr5","123735052","123735181","19","36404592"
"chr2","160139777","160140077","chr1","154110951","154111251","49","6028826"
"chr2","160143572","160143687","chr3","100429124","100429229","27","59714448"
"chr2","160144079","160144270","chr9","15750083","15750270","40","144393996"
"chr2","160160345","160160579","chr5","34462257","34462476","39","125698088"
"chr2","160167669","160167771","chr6","18262399","18262497","18","141905270"
"chr2","160167772","160167913","chr17","17546174","17546319","27","142621598"
"chr2","160197238","160197513","chr4","83460397","83460678","39","76736841"
"chr2","160203033","160203327","chr5","164749213","164749509","34","4546180"
"chr2","160210543","160210843","chr5","329866","330160","55","159880677"
"chr2","160230047","160230166","chr1","14802147","14802270","16","145427900"
"chr2","160233784","160234044","chr17","52265694","52265953","43","107968090"
"chr2","160254411","160254567","chr3","39406104","39406247","31","120848307"
"chr2","160257166","160257396","chr6","22531033","22531259","29","137726133"
"chr2","160257975","160258110","chr9","94655765","94655899","13","65602210"
"chr2","160270045","160270336","chr7","81672153","81672444","34","78597892"
"chr2","160272133","160272424","chr1","192479545","192479824","56","32207412"
"chr2","160272895","160273189","chr3","70371345","70371644","43","89901550"
"chr2","160278007","160278310","chr2B","10916327","10916631","35","149361680"
"chr2","160289020","160289337","chr17","52321787","52322092","45","107967233"
"chr2","160298892","160299153","chr11","67771784","67772039","48","92527108"
"chr2","160313308","160313431","chr15","18812412","18812537","13","141500896"
"chr2","160332626","160332905","chr9","13272472","13272745","38","147060154"
"chr2","160347344","160347453","chr10","15388646","15388757","20","144958698"
"chr2","160371494","160371621","chr11","109966682","109966807","20","50404812"
"chr2","160415491","160415556","chr2A","83339393","83339449","25","77076098"
"chr2","160415856","160415986","chr9","53560737","53560869","19","106855119"
"chr2","160417346","160417609","chr7","73284428","73284695","41","87132918"
"chr2","160463457","160463552","chr22","1754798","1754894","9","158708659"
"chr2","160569334","160569647","chr5","154717845","154718156","46","5851489"
"chr2","160631721","160632011","chr7","90216316","90216603","47","70415405"
"chr2","160663169","160663448","chr4","101447458","101447743","52","59215711"
"chr2","160917654","160917819","chr1","209204341","209204509","26","48286687"
"chr2","160989795","160990085","chr14","13716938","13717225","42","147272857"
"chr2","161132834","161133134","chr15","39369422","39369720","48","121763412"
"chr2","161266377","161266653","chr10","94156895","94157173","39","67109482"
"chr2","161266836","161266861","chr8","68202385","68202410","4","93064451"
"chr2","161271611","161271907","chr1","9683728","9684022","48","151587883"
"chr2","161280847","161281137","chr5","2813066","2813368","51","158467781"
"chr2","161484090","161484346","chr1","91387897","91388142","56","70096193"
"chr2","161503103","161503392","chr10","133565552","133565849","45","27937551"
"chr2","161551342","161551639","chr5","41300508","41300800","44","120250834"
"chr2","161623415","161623552","chr12","35675297","35675429","16","125948118"
"chr2","161623849","161624013","chr1","45321380","45321540","28","116302469"
"chr2","161710893","161711159","chr12","949576","949843","38","160761317"
"chr2","161713436","161713734","chr17","14612772","14613071","46","147100664"
"chr2","161750287","161750588","chr7","77548302","77548597","36","84201985"
"chr2","161753595","161753865","chr7","23711572","23711850","57","138042023"
"chr2","161860135","161860432","chr11","47222402","47222700","34","114637733"
"chr2","161886001","161886298","chr5","61395654","61395946","49","100490347"
"chr2","161921291","161921583","chr1","216411309","216411600","40","54490018"
"chr2","161922927","161923185","chr1","215664612","215664870","45","53741685"
"chr2","162104558","162104858","chr4","15169460","15169771","50","146935098"
"chr2","162226954","162227260","chr12","120007608","120007914","46","42219346"
"chr2","162343705","162344047","chr10","98685493","98685841","63","63658212"
"chr2","162355075","162355296","chr1","222265304","222265519","39","59910229"
"chr2","162399554","162399747","chr7","152344299","152344491","35","10055255"
"chr2","162524169","162524461","chr6","80403403","80403697","46","82120766"
"chr2","162533132","162533238","chr16","66153878","66153986","19","96379254"
"chr2","162534061","162534193","chr6","78227073","78227205","17","84306988"
"chr2","162548766","162549076","chr7","77548302","77548597","56","85000464"
"chr2","162577478","162577768","chr8","109975260","109975549","45","52602218"
"chr2","162578216","162578518","chr17","54447457","54447764","45","108130759"
"chr2","162602863","162603096","chr10","36683892","36684096","57","125918971"
"chr2","162603408","162603500","chr9","45994543","45994638","23","116608865"
"chr2","162615011","162615161","chr12","111765378","111765526","30","50849633"
"chr2","162618087","162618235","chr12","110016471","110016620","23","52601616"
"chr2","162626177","162626399","chr6","78295568","78295790","42","84330609"
"chr2","162632449","162632579","chr14","12485207","12485337","17","150147242"
"chr2","162640310","162640606","chr3","162307473","162307776","43","332837"
"chr2","162646211","162646511","chr7","134938326","134938628","37","27707885"
"chr2","162654674","162654797","chr18","43100747","43100870","15","119553927"
"chr2","162655868","162655992","chr5","10503804","10503947","30","152152064"
"chr2","162663054","162663339","chr19","45580457","45580750","43","117082597"
"chr2","162710799","162711056","chr15","58819052","58819307","47","103891747"
"chr2","162735923","162736067","chr5","35839264","35839400","32","126896659"
"chr2","162736370","162736504","chr17","7723729","7723862","15","155012641"
"chr2","162822377","162822657","chr1","146575605","146575883","50","16246772"
"chr2","162900308","162900590","chr1","8906184","8906464","46","153994124"
"chr2","162910987","162911268","chr5","60138584","60138866","52","102772403"
"chr2","163172161","163172448","chr8","103853182","103853465","48","59318979"
"chr2","163333931","163334236","chr15","78041904","78042206","40","85292027"
"chr2","163335410","163335692","chr10","58901116","58901397","46","104434294"
"chr2","163417702","163417928","chr18","54137590","54137814","44","109280112"
"chr2","163423450","163423580","chr17","14146954","14147088","38","149276496"
"chr2","163426275","163426387","chr8","63631723","63631835","15","99794552"
"chr2","163450757","163451043","chr8","59939598","59939884","36","103511159"
"chr2","163466438","163466700","chrX","18875176","18875442","44","144591262"
"chr2","163538951","163539248","chr10","17509763","17510063","39","146029188"
"chr2","163561747","163561827","chr17","764586","764671","18","162797161"
"chr2","163577498","163577555","chr3","54734924","54734984","6","108842574"
"chr2","163629274","163629554","chr13","14913691","14913971","38","148715583"
"chr2","163634912","163635207","chr19","7923793","7924089","40","155711119"
"chr2","163644864","163645143","chr3","197889904","197890185","40","34245040"
"chr2","163696088","163696323","chr2A","78387151","78387401","52","85308937"
"chr2","163696543","163696836","chr3","180336456","180336761","47","16639913"
"chr2","163743395","163743692","chrX","48637931","48638226","45","115105464"
"chr2","163864253","163864573","chr1","135475584","135475893","49","28388669"
"chr2","163891979","163892271","chr19","16736777","16737069","46","147155202"
"chr2","163897703","163897835","chr2A","82675571","82675703","10","81222132"
"chr2","163914385","163914517","chr21","31662246","31662382","16","132252139"
"chr2","163914760","163914873","chr1","10090900","10091014","7","153823860"
"chr2","163930012","163930291","chr4","189768555","189768835","45","25838543"
"chr2","163937733","163938004","chr2A","67802357","67802640","48","96135376"
"chr2","163966971","163967074","chr2B","9676259","9676361","19","154290712"
"chr2","163997253","163997365","chr2B","100588628","100588741","11","63408625"
"chr2","164002585","164002711","chr11","120280731","120280862","15","43721854"
"chr2","164006275","164006561","chr2B","120993709","120993992","48","43012566"
"chr2","164026475","164026613","chr12","61757055","61757195","25","102269420"
"chr2","164029508","164029794","chr9","117733372","117733651","40","46296136"
"chr2","164045335","164045455","chr6","16800077","16800197","15","147245258"
"chr2","164051265","164051395","chr1","71393655","71393787","21","92657610"
"chr2","164183817","164184103","chr4","83095957","83096244","52","81087860"
"chr2","164194142","164194452","chr6","160924289","160924587","42","3269853"
"chr2","164219629","164219752","chr18","43100747","43100870","13","121118882"
"chr2","164240967","164241273","chr2A","51554213","51554519","44","112686754"
"chr2","164254343","164254573","chr2A","97216836","97217082","41","67037507"
"chr2","164271384","164271647","chr18","11984693","11984971","46","152286691"
"chr2","164300990","164301303","chr1","205768846","205769157","49","41467856"
"chr2","164353263","164353420","chr21","22209495","22209646","25","142143768"
"chr2","164362181","164362455","chr2A","44664094","44664374","41","119698087"
"chr2","164420832","164420962","chr2B","89836039","89836169","14","74584793"
"chr2","164434427","164434677","chr1","91387897","91388142","46","73046530"
"chr2","164438989","164439119","chr8","123134693","123134825","14","41304296"
"chr2","164457657","164457791","chr8","118134000","118134134","16","46323657"
"chr2","164458086","164458150","chr12","3514394","3514462","14","160943692"
"chr2","164462381","164462515","chr8","118134000","118134134","16","46328381"
"chr2","164462809","164462873","chr12","3514394","3514462","14","160948415"
"chr2","164595841","164596129","chr4","1046687","1046982","54","163549154"
"chr2","164616588","164616883","chr5","73290122","73290412","35","91326466"
"chr2","164635102","164635298","chr17","56506319","56506516","19","108128783"
"chr2","164749707","164750012","chr7","152799145","152799449","45","11950562"
"chr2","164790482","164790686","chr1","32927132","32927338","45","131863350"
"chr2","164806522","164806801","chr1","200515927","200516218","53","35709405"
"chr2","164817242","164817412","chr8","100500003","100500176","26","64317239"
"chr2","164827197","164827492","chr12","55344157","55344462","44","109483040"
"chr2","164836309","164836484","chr6","147767456","147767603","40","17068853"
"chr2","164840469","164840770","chr2A","32307447","32307745","38","132533022"
"chr2","164853798","164854106","chr9","94567491","94567804","38","70286307"
"chr2","164872600","164872852","chr15","51716891","51717141","41","113155709"
"chr2","164966496","164966791","chr8","74142778","74143073","39","90823718"
"chr2","165025397","165025682","chr17","56896977","56897264","39","108128420"
"chr2","165026292","165026591","chr17","56897856","56898156","30","108128436"
"chr2","165027076","165027366","chr5","161522591","161522890","36","3504485"
"chr2","165052390","165052686","chr13","9716804","9717101","34","155335586"
"chr2","165090724","165090987","chr1","164498819","164499083","43","591905"
"chr2","165157001","165157286","chr11","9392301","9392584","38","155764700"
"chr2","165164725","165165019","chr9","104384316","104384616","37","60780409"
"chr2","165171823","165172134","chr1","135262025","135262335","39","29909798"
"chr2","165245072","165245354","chr5","114547493","114547788","52","50697579"
"chr2","165311104","165311400","chr15","44342908","44343202","41","120968196"
"chr2","165329571","165329695","chr3","127000006","127000127","19","38329565"
"chr2","165385890","165386000","chr9","10857691","10857809","21","154528199"
"chr2","165402971","165403047","chr2A","63086447","63086523","8","102316524"
"chr2","165571052","165571217","chr16","66458120","66458283","28","99112932"
"chr2","165617521","165617649","chr2B","89836039","89836169","21","75781482"
"chr2","165629279","165629558","chrX","57926567","57926847","45","107702712"
"chr2","165756053","165756135","chr1","109139016","109139099","13","56617037"
"chr2","165864138","165864419","chr17","78249403","78249687","51","87614735"
"chr2","165915383","165915664","chr2B","118464411","118464692","42","47450972"
"chr2","165955172","165955485","chr5","21646772","21647083","54","144308400"
"chr2","165959835","165960134","chr21","30718708","30719012","44","135241127"
"chr2","165963778","165964063","chr4","8153159","8153452","54","157810619"
"chr2","165995799","165995935","chr6","57594868","57595001","19","108400931"
"chr2","166048518","166048681","chr22","24857065","24857225","19","141191453"
"chr2","166048790","166049075","chr2B","51199348","51199632","36","114849442"
"chr2","166049084","166049373","chr3","160736782","160737074","50","5312302"
"chr2","166050342","166050461","chr4","122614986","122615104","24","43435356"
"chr2","166050964","166051265","chr6","109275294","109275593","42","56775670"
"chr2","166065417","166065708","chr3","199504472","199504762","46","33439055"
"chr2","166072600","166072891","chr5","75762204","75762492","42","90310396"
"chr2","166090811","166090948","chr7","27333516","27333651","16","138757295"
"chr2","166091260","166091416","chr16","15498844","15499002","27","150592416"
"chr2","166097702","166097803","chr19","11102545","11102642","16","154995157"
"chr2","166098621","166098885","chr14","73734353","73734620","46","92364268"
"chr2","166110284","166110491","chr22","26618911","26619098","49","139491373"
"chr2","166112552","166112862","chr4","198849408","198849705","58","32736856"
"chr2","166115785","166115982","chr10","16511547","16511758","67","149604238"
"chr2","166116252","166116439","chr17","16938693","16938876","45","149177559"
"chr2","166119194","166119332","chr1","209742215","209742351","17","43623021"
"chr2","166133361","166133650","chr14","6089347","6089642","46","160044014"
"chr2","166135713","166135880","chr10","132245824","132245994","26","33889889"
"chr2","166136185","166136320","chr16","4374724","4374859","17","161761461"
"chr2","166136393","166136669","chr3","129873039","129873311","59","36263354"
"chr2","166139330","166139629","chr21","30658994","30659298","45","135480336"
"chr2","166151123","166151415","chr9","109165049","109165346","46","56986074"
"chr2","166153835","166154133","chr3","190276346","190276640","38","24122511"
"chr2","166154946","166155249","chr9","77170640","77170937","36","88984306"
"chr2","166165123","166165421","chr17","58012327","58012626","57","108152796"
"chr2","166166113","166166423","chr2A","87679665","87679968","37","78486448"
"chr2","166166424","166166724","chr18","23025099","23025401","35","143141325"
"chr2","166170157","166170373","chr14","72804072","72804292","37","93366085"
"chr2","166173863","166174162","chr17","58018240","58018541","46","108155623"
"chr2","166182168","166182455","chr17","58025621","58025910","41","108156547"
"chr2","166186144","166186435","chr8","142760753","142761043","44","23425391"
"chr2","166192054","166192192","chr19","18547264","18547407","24","147644790"
"chr2","166193270","166193530","chrX","18875176","18875442","33","147318094"
"chr2","166194392","166194690","chr1","41529231","41529524","45","124665161"
"chr2","166197889","166198187","chr18","1858982","1859279","45","164338907"
"chr2","166203130","166203437","chr3","32878263","32878566","45","133324867"
"chr2","166204983","166205162","chr9","80166124","80166300","29","86038859"
"chr2","166205472","166205604","chr1","27350774","27350904","20","138854698"
"chr2","166206515","166206664","chr17","58050317","58050465","14","108156198"
"chr2","166222393","166222697","chr2B","71437249","71437549","56","94785144"
"chr2","166235020","166235289","chrX","9679871","9680143","39","156555149"
"chr2","166244565","166244731","chr1","7775517","7775682","25","158469048"
"chr2","166245033","166245168","chrX","143661354","143661489","20","22583679"
"chr2","166247843","166247975","chr14","12485207","12485337","20","153762636"
"chr2","166249552","166249630","chr19","56702045","56702122","12","109547507"
"chr2","166256690","166256818","chrX","19240655","19240787","15","147016035"
"chr2","166258649","166258776","chr3","115180873","115181000","22","51077776"
"chr2","166258782","166259049","chr3","179781249","179781524","45","13522467"
"chr2","166263929","166264178","chr7","86106741","86106989","34","80157188"
"chr2","166275508","166275863","chr22","33581685","33581996","107","132693823"
"chr2","166279368","166279676","chr14","73771893","73772203","43","92507475"
"chr2","166288566","166288858","chr7","146228690","146228979","55","20059876"
"chr2","166306425","166306730","chrX","119456205","119456509","48","46850220"
"chr2","166320007","166320312","chr1","75708117","75708419","47","90611890"
"chr2","166335586","166335879","chr5","149940911","149941195","46","16394675"
"chr2","166339268","166339569","chr1","145866574","145866859","49","20472694"
"chr2","166351756","166352027","chr22","12451283","12451544","48","153900473"
"chr2","166383270","166383581","chr5","141890810","141891123","45","24492460"
"chr2","166395830","166396119","chr16","5119107","5119398","48","161276723"
"chr2","166448409","166448543","chr4","185734049","185734184","13","19285640"
"chr2","166486885","166487174","chr19","3208420","3208712","42","163278465"
"chr2","166505476","166505772","chr4","82792956","82793253","38","83712520"
"chr2","166594665","166594968","chr17","58390614","58390915","42","108204051"
"chr2","166612060","166612353","chr8","101544594","101544890","49","65067466"
"chr2","166613662","166613960","chr7","95907271","95907567","34","70706391"
"chr2","166618236","166618354","chr5","1864180","1864298","16","164754056"
"chr2","166643545","166643695","chr10","88726772","88726916","27","77916773"
"chr2","166682190","166682480","chr2B","124728949","124729237","44","41953241"
"chr2","166683050","166683359","chr1","48274459","48274770","41","118408591"
"chr2","166690669","166690933","chrX","9679871","9680143","47","157010798"
"chr2","166691197","166691397","chr15","76027562","76027779","45","90663635"
"chr2","166734395","166734515","chr19","57270139","57270258","16","109464256"
"chr2","166787317","166787556","chrX","40490636","40490870","40","126296681"
"chr2","166837071","166837344","chr16","47522688","47522961","44","119314383"
"chr2","166861016","166861179","chr15","42833987","42834151","30","124027029"
"chr2","166871407","166871700","chr22","30197401","30197696","42","136674006"
"chr2","166949530","166949665","chr7","57083020","57083154","21","109866510"
"chr2","166949962","166950115","chr5","62272871","62273027","22","104677091"
"chr2","166954240","166954400","chr8","101256453","101256611","27","65697787"
"chr2","166975052","166975183","chr1","78871057","78871188","22","88103995"
"chr2","166989769","166990070","chr19","18189585","18189884","38","148800184"
"chr2","166993715","166994012","chr10","50297952","50298253","33","116695763"
"chr2","166998908","166999069","chr17","58785238","58785398","25","108213670"
"chr2","167007744","167008040","chr17","58794217","58794522","44","108213527"
"chr2","167014177","167014477","chr7","85794685","85794984","45","81219492"
"chr2","167098143","167098271","chr8","45393743","45393871","25","121704400"
"chr2","167161189","167161422","chr1","26350058","26350293","45","140811131"
"chr2","167170210","167170361","chr1","160302248","160302397","20","6867962"
"chr2","167332334","167332637","chr14","12332178","12332487","39","155000156"
"chr2","167425411","167425532","chr4","39852179","39852304","24","127573232"
"chr2","167453272","167453360","chr17","1090991","1091080","9","166362281"
"chr2","167458547","167458855","chr13","96246742","96247046","35","71211805"
"chr2","167511770","167511851","chr6","153755435","153755514","18","13756335"
"chr2","167525657","167525759","chr5","109771074","109771178","21","57754583"
"chr2","167530296","167530599","chr22","5390789","5391096","36","162139507"
"chr2","167530681","167531006","chr12","74896197","74896500","59","92634484"
"chr2","167553104","167553405","chr1","20280960","20281258","39","147272144"
"chr2","167562372","167562504","chr16","31284578","31284714","29","136277794"
"chr2","167562796","167562974","chr5","133243304","133243477","29","34319492"
"chr2","167564605","167564741","chr18","17810179","17810307","39","149754426"
"chr2","167668540","167668808","chr4","120263250","120263523","50","47405290"
"chr2","167699634","167699929","chrX","9081409","9081704","42","158618225"
"chr2","167702170","167702406","chr12","127703153","127703387","41","39999017"
"chr2","167702407","167702508","chr7","4794009","4794115","18","162908398"
"chr2","167706776","167707071","chr4","110248134","110248433","42","57458642"
"chr2","167729640","167729896","chr7","74893633","74893885","63","92836007"
"chr2","167743784","167743991","chr12","129535627","129535838","45","38208157"
"chr2","167769001","167769296","chr1","225373662","225373960","42","57604661"
"chr2","167824270","167824375","chr3","110475246","110475354","22","57349024"
"chr2","167932998","167933265","chr9","66470232","66470489","44","101462766"
"chr2","168049082","168049379","chr19","49954544","49954838","41","118094538"
"chr2","168122038","168122182","chr6","13674977","13675121","28","154447061"
"chr2","168177009","168177264","chr17","59920262","59920527","40","108256747"
"chr2","168199018","168199307","chr7","73094896","73095187","40","95104122"
"chr2","168203851","168203950","chr7","40107339","40107439","16","128096512"
"chr2","168246362","168246553","chr9","111305296","111305489","27","56941066"
"chr2","168275102","168275409","chr2B","131657052","131657355","45","36618050"
"chr2","168283177","168283471","chr13","81164151","81164440","35","87119026"
"chr2","168347374","168347663","chr3","160736782","160737074","63","7610592"
"chr2","168457405","168457525","chr14","14074348","14074466","26","154383057"
"chr2","168528288","168528515","chr17","60279682","60279910","31","108248606"
"chr2","168551039","168551339","chr3","73415224","73415531","47","95135815"
"chr2","168563307","168563595","chr12","52944997","52945294","45","115618310"
"chr2","168580484","168580793","chr8","77654380","77654689","42","90926104"
"chr2","168583662","168583969","chr17","4708710","4709014","52","163874952"
"chr2","168606522","168606743","chr11","1736390","1736611","28","166870132"
"chr2","168634267","168634542","chr1","194129673","194129951","39","25495406"
"chr2","168637863","168638128","chr8","124060179","124060447","55","44577684"
"chr2","168645640","168645677","chr4","151279696","151279730","3","17365944"
"chr2","168645977","168646136","chr10","114237396","114237552","29","54408581"
"chr2","168654436","168654719","chr13","81528571","81528856","36","87125865"
"chr2","168671267","168671548","chr19","6797152","6797430","47","161874115"
"chr2","168686891","168687174","chr8","25787120","25787408","43","142899771"
"chr2","168697172","168697322","chr16","79344235","79344397","41","89352937"
"chr2","168697347","168697471","chr4","16990330","16990457","17","151707017"
"chr2","168700499","168700766","chr13","91674285","91674561","46","77026214"
"chr2","168707583","168707903","chr10","106629270","106629575","50","62078313"
"chr2","168736190","168736258","chr15","54252813","54252886","14","114483377"
"chr2","168752260","168752546","chr16","30992198","30992489","43","137760062"
"chr2","168754733","168755012","chr2B","50725770","50726046","47","118028963"
"chr2","168763461","168763741","chr12","78780875","78781158","36","89982586"
"chr2","168780658","168780965","chr19","38192151","38192451","46","130588507"
"chr2","168790441","168790746","chr1","152886327","152886633","38","15904114"
"chr2","168794263","168794544","chr6","7408993","7409283","38","161385270"
"chr2","168804712","168804996","chr19","42838327","42838623","44","125966385"
"chr2","168807452","168807601","chr6","160298404","160298545","18","8509048"
"chr2","168834910","168835217","chr7","143977985","143978293","38","24856925"
"chr2","168853488","168853771","chr17","60591560","60591849","47","108261928"
"chr2","168872559","168872837","chr17","60598886","60599162","36","108273673"
"chr2","168881934","168882229","chr1","22894656","22894953","42","145987278"
"chr2","168906057","168906119","chr7","76138952","76139011","9","92767105"
"chr2","168914032","168914312","chr17","60636298","60636577","44","108277734"
"chr2","168916796","168917089","chr20","43761961","43762257","39","125154835"
"chr2","168997338","168997635","chrX","123773334","123773635","49","45224004"
"chr2","169012462","169012574","chr1","12088602","12088716","19","156923860"
"chr2","169035253","169035385","chr10","107898843","107898965","29","61136410"
"chr2","169036634","169036918","chr11","108987162","108987448","44","60049472"
"chr2","169042098","169042366","chr15","71464880","71465142","53","97577218"
"chr2","169057768","169058074","chr7","46621710","46622019","46","122436058"
"chr2","169085903","169086213","chr8","24352605","24352915","51","144733298"
"chr2","169111500","169111785","chr15","47580427","47580716","43","121531073"
"chr2","169126034","169126317","chr2A","43600721","43601001","51","125525313"
"chr2","169168766","169169058","chr17","60860143","60860428","51","108308623"
"chr2","169169867","169169991","chr6","55901900","55902021","26","113267967"
"chr2","169183082","169183378","chr7","70326086","70326385","39","98856996"
"chr2","169262869","169263175","chr20","43309739","43310035","61","125953130"
"chr2","169289331","169289509","chr1","205945113","205945290","30","36655782"
"chr2","169318949","169319255","chr1","10861894","10862201","43","158457055"
"chr2","169412767","169413053","chr5","39668073","39668356","43","129744694"
"chr2","169502889","169503200","chr1","133083517","133083818","57","36419372"
"chr2","169505127","169505423","chr16","4244208","4244504","41","165260919"
"chr2","169548387","169548667","chr6","79609117","79609396","45","89939270"
"chr2","169548688","169548719","chr18","74569951","74569981","6","94978737"
"chr2","169559131","169559439","chr8","104199564","104199871","43","65359567"
"chr2","169647932","169648096","chr6","89784869","89785032","28","79863063"
"chr2","169753696","169753991","chr4","83173376","83173668","41","86580320"
"chr2","169767933","169768235","chr17","61754161","61754463","34","108013772"
"chr2","169837578","169837625","chr19","16729350","16729396","14","153108228"
"chr2","169843003","169843288","chr5","133146837","133147127","46","36696166"
"chr2","169889818","169889946","chr1","110505595","110505724","22","59384223"
"chr2","169935356","169935642","chr16","61435250","61435545","39","108500106"
"chr2","169950667","169950874","chr14","16395420","16395621","34","153555247"
"chr2","169966231","169966502","chr2B","64277055","64277328","40","105689176"
"chr2","170030575","170030722","chr1","129360168","129360320","27","40670407"
"chr2","170071852","170071985","chr19","32515543","32515675","13","137556309"
"chr2","170072310","170072439","chr3","131805211","131805354","40","38267099"
"chr2","170137309","170137379","chr5","35906844","35906914","11","134230465"
"chr2","170137728","170138029","chr17","62136655","62136952","44","108001073"
"chr2","170258441","170258717","chr17","62265396","62265661","38","107993045"
"chr2","170397209","170397486","chr5","30036297","30036578","44","140360912"
"chr2","170423871","170424162","chr9","106799866","106800156","30","63624005"
"chr2","170466587","170466721","chr6","115815313","115815443","29","54651274"
"chr2","170504247","170504398","chr16","58440740","58440892","14","112063507"
"chr2","170540215","170540505","chr6","48058765","48059050","40","122481450"
"chr2","170575369","170575700","chr5","133549781","133550101","56","37025588"
"chr2","170634124","170634433","chr4","86739574","86739882","39","83894550"
"chr2","170647016","170647313","chrX","133353111","133353411","43","37293905"
"chr2","170649064","170649341","chr14","46895488","46895764","32","123753576"
"chr2","170661245","170661454","chr2B","90193070","90193289","37","80468175"
"chr2","170670916","170671183","chr4","124359555","124359819","41","46311361"
"chr2","170704222","170704358","chr1","43234226","43234361","17","127469996"
"chr2","170704668","170704837","chr15","51640692","51640861","22","119063976"
"chr2","170714686","170714792","chr7","5004294","5004400","11","165710392"
"chr2","170714836","170714996","chr19","15292826","15292983","22","155422010"
"chr2","170730677","170730946","chr7","151609823","151610099","51","19120854"
"chr2","170731381","170731666","chr17","62817010","62817295","34","107914371"
"chr2","170738055","170738361","chr11","113082653","113082951","47","57655402"
"chr2","170741511","170741650","chr22","13208910","13209047","19","157532601"
"chr2","170749388","170749697","chr1","33164270","33164568","61","137585118"
"chr2","170750907","170751199","chr1","216411309","216411600","35","45660402"
"chr2","170753491","170753787","chr8","82894963","82895258","30","87858528"
"chr2","170761772","170761905","chr5","117908627","117908759","16","52853145"
"chr2","170801376","170801494","chr16","10901222","10901339","14","159900154"
"chr2","170813868","170813998","chr5","38957611","38957744","17","131856257"
"chr2","170814265","170814435","chr7","76846308","76846474","28","93967957"
"chr2","170816600","170816804","chr16","30591358","30591565","34","140225242"
"chr2","170832861","170833141","chr4","140087853","140088135","52","30745008"
"chr2","170834269","170834540","chr3","48166508","48166786","49","122667761"
"chr2","170870014","170870307","chr8","95025156","95025452","43","75844858"
"chr2","170881552","170881665","chr6","28270342","28270463","24","142611210"
"chr2","170881971","170882130","chr7","104320068","104320227","27","66561903"
"chr2","170884722","170884849","chr15","73119233","73119360","19","97765489"
"chr2","170885346","170885465","chr11","107715222","107715344","34","63170124"
"chr2","170923172","170923475","chr7","2922906","2923207","51","168000266"
"chr2","170934233","170934408","chr3","70383569","70383743","32","100550664"
"chr2","170934672","170934806","chr8","85311804","85311938","17","85622868"
"chr2","170946611","170946884","chr10","37201756","37202019","49","133744855"
"chr2","170951665","170951838","chr18","10965316","10965490","27","159986349"
"chr2","170952131","170952266","chr1","114222927","114223063","17","56729204"
"chr2","170959362","170959475","chr2B","100588628","100588741","14","70370734"
"chr2","170981648","170981901","chr10","18281180","18281445","49","152700468"
"chr2","170991656","170991953","chr5","51523206","51523498","49","119468450"
"chr2","171007010","171007083","chr4","151911513","151911582","13","19095497"
"chr2","171012409","171012689","chr5","162027739","162028030","44","8984670"
"chr2","171012698","171012863","chr20","2150753","2150919","21","168861945"
"chr2","171031473","171031751","chr6","57633422","57633699","40","113398051"
"chr2","171041051","171041211","chr5","138512365","138512523","30","32528686"
"chr2","171041506","171041642","chr4","178469447","178469582","16","7427941"
"chr2","171069733","171070026","chr9","103613872","103614168","31","67455861"
"chr2","171072015","171072280","chr6","43745408","43745678","45","127326607"
"chr2","171087427","171087729","chr5","2684562","2684864","36","168402865"
"chr2","171092404","171092546","chr3","39406104","39406247","14","131686300"
"chr2","171092547","171092827","chr14","76476938","76477225","44","94615609"
"chr2","171095338","171095640","chr12","51670817","51671114","45","119424521"
"chr2","171096713","171097009","chrX","49262444","49262737","40","121834269"
"chr2","171099382","171099664","chr1","46588938","46589218","36","124510444"
"chr2","171099888","171100171","chr14","39211827","39212110","45","131888061"
"chr2","171101209","171101380","chr8","19993131","19993299","27","151108078"
"chr2","171104316","171104457","chr1","62928211","62928352","22","108176105"
"chr2","171104579","171104893","chr6","32526788","32527103","48","138577791"
"chr2","171106317","171106618","chr20","35550161","35550463","34","135556156"
"chr2","171111454","171111731","chr5","76968698","76968977","48","94142756"
"chr2","171113878","171114186","chr3","183837195","183837499","36","12723317"
"chr2","171121407","171121690","chr1","145866574","145866859","37","25254833"
"chr2","171121696","171122001","chr6","43552064","43552362","51","127569632"
"chr2","171134590","171134885","chr4","74587498","74587798","45","96547092"
"chr2","171146732","171147016","chr21","759155","759433","50","170387577"
"chr2","171149141","171149190","chr7","73200461","73200502","11","97948680"
"chr2","171177076","171177372","chr4","115061327","115061622","42","56115749"
"chr2","171178045","171178303","chr1","205864109","205864363","31","34686064"
"chr2","171188806","171189095","chr17","16171692","16171975","45","155017114"
"chr2","171212820","171213109","chr6","4177308","4177600","39","167035512"
"chr2","171224764","171225059","chr6","134174154","134174448","46","37050610"
"chr2","171238882","171239168","chr3","199443194","199443483","41","28204312"
"chr2","171244418","171244714","chr17","63335478","63335775","34","107908940"
"chr2","171246362","171246663","chr3","50934507","50934804","49","120311855"
"chr2","171249167","171249473","chr6","160915419","160915718","45","10333748"
"chr2","171250026","171250361","chr20","56081126","56081455","63","115168900"
"chr2","171256929","171257223","chr11","109051642","109051936","38","62205287"
"chr2","171264403","171264706","chr2B","131657052","131657355","46","39607351"
"chr2","171276764","171277019","chr19","33963906","33964159","39","137312858"
"chr2","171289184","171289476","chr9","79961882","79962178","41","91327302"
"chr2","171291024","171291206","chr22","7628518","7628697","29","163662506"
"chr2","171293468","171293765","chr6","45713778","45714072","45","125579690"
"chr2","171294655","171294791","chr16","379923","380058","15","170914732"
"chr2","171295090","171295261","chr22","21292579","21292748","23","150002511"
"chr2","171307031","171307340","chr4","24248990","24249297","48","147058041"
"chr2","171325583","171325760","chr1","28379552","28379739","41","142946031"
"chr2","171329517","171329805","chr14","76696434","76696724","39","94633083"
"chr2","171335824","171336111","chr16","53211839","53212125","45","118123985"
"chr2","171338087","171338392","chr17","63425464","63425773","39","107912623"
"chr2","171343317","171343609","chr2B","100929351","100929648","38","70413966"
"chr2","171346465","171346771","chr22","34526874","34527167","53","136819591"
"chr2","171369823","171370062","chr19","37982899","37983143","43","133386924"
"chr2","171378051","171378195","chr9","43376998","43377136","22","128001053"
"chr2","171378502","171378645","chr1","26756482","26756638","38","144622020"
"chr2","171380798","171380947","chrX","3682813","3682969","32","167697985"
"chr2","171382573","171382829","chr6","77982799","77983061","41","93399774"
"chr2","171384814","171385087","chr2A","63349971","63350242","42","108034843"
"chr2","171385283","171385434","chr1","209206604","209206753","32","37821321"
"chr2","171385758","171386002","chr7","4380872","4381114","47","167004886"
"chr2","171400549","171400668","chr14","36120852","36120969","18","135279697"
"chr2","171400965","171401125","chr1","135795439","135795597","25","35605526"
"chr2","171402262","171402518","chr5","3177439","3177702","50","168224823"
"chr2","171403005","171403303","chr1","93992578","93992879","33","77410427"
"chr2","171405876","171406007","chr11","65700336","65700469","14","105705540"
"chr2","171408636","171408720","chr10","94262590","94262672","12","77146046"
"chr2","171409466","171409757","chr11","3623940","3624232","27","167785526"
"chr2","171411246","171411534","chrX","132971523","132971812","38","38439723"
"chr2","171413318","171413451","chr4","19031051","19031186","17","152382267"
"chr2","171413897","171414069","chr19","45677335","45677506","21","125736562"
"chr2","171419584","171419724","chr3","59357951","59358090","22","112061633"
"chr2","171420035","171420187","chr1","200355935","200356094","34","28935900"
"chr2","171423667","171423873","chr9","74819531","74819730","37","96604136"
"chr2","171431107","171431133","chr18","7985988","7986021","8","163445119"
"chr2","171431373","171431438","chrUn_CABD030132327v1","11004","11073","11","171420369"
"chr2","171431504","171431691","chr3","144053471","144053660","28","27378033"
"chr2","171435951","171436263","chr2B","134932519","134932824","41","36503432"
"chr2","171442850","171442965","chr1","125742416","125742529","12","45700434"
"chr2","171451422","171451609","chr10","131895672","131895869","30","39555750"
"chr2","171451937","171452188","chr6","74684541","74684788","58","96767396"
"chr2","171452687","171452924","chr5","24109801","24110043","86","147342886"
"chr2","171455752","171456032","chr2B","100893350","100893645","50","70562402"
"chr2","171468790","171469077","chr19","38289722","38290015","43","133179068"
"chr2","171471789","171471913","chr20","43032336","43032459","7","128439453"
"chr2","171484528","171484836","chr1","13491740","13492042","45","157992788"
"chr2","171485266","171485558","chrX","132971523","132971812","44","38513743"
"chr2","171496499","171496801","chr4","71829583","71829886","51","99666916"
"chr2","171513506","171513817","chr12","29406987","29407281","54","142106519"
"chr2","171520499","171520599","chr5","71662296","71662397","21","99858203"
"chr2","171538081","171538379","chr7","79044919","79045216","38","92493162"
"chr2","171538876","171539101","chr11","78097653","78097869","29","93441223"
"chr2","171568921","171569174","chr2B","51440151","51440403","33","120128770"
"chr2","171577317","171577613","chr9","114486467","114486767","40","57090850"
"chr2","171581806","171582085","chr5","40597578","40597860","36","130984228"
"chr2","171588178","171588466","chr6","13671103","13671393","42","157917075"
"chr2","171606288","171606391","chr12","6480970","6481070","10","165125318"
"chr2","171608026","171608322","chr10","136959075","136959369","42","34648951"
"chr2","171628235","171628545","chr9","13260630","13260942","38","158367605"
"chr2","171641853","171642102","chr17","66962349","66962603","49","104679504"
"chr2","171661951","171662244","chr8","120915311","120915612","34","50746640"
"chr2","171680703","171680832","chr3","8501615","8501750","11","163179088"
"chr2","171681849","171682019","chr8","25467868","25468040","27","146213981"
"chr2","171682197","171682501","chr1","13491740","13492042","40","158190457"
"chr2","171692510","171692663","chr12","11765522","11765680","35","159926988"
"chr2","171692953","171693088","chr7","73022172","73022307","10","98670781"
"chr2","171693948","171694083","chr15","9053943","9054078","15","162640005"
"chr2","171694386","171694556","chrX","38274220","38274388","27","133420166"
"chr2","171704699","171704975","chr12","70425650","70425933","34","101279049"
"chr2","171705820","171706127","chr3","189017179","189017480","34","17311359"
"chr2","171706600","171706740","chr5","161161762","161161894","23","10544838"
"chr2","171707032","171707194","chr12","64214983","64215146","27","107492049"
"chr2","171719097","171719274","chr1","203553629","203553809","29","31834532"
"chr2","171721021","171721324","chr7","21217030","21217325","35","150503991"
"chr2","171721907","171722053","chr2B","60649907","60650060","32","111072000"
"chr2","171722358","171722481","chr5","44204051","44204177","17","127518307"
"chr2","171724794","171725083","chr9","13807793","13808081","38","157917001"
"chr2","171728607","171728722","chr5","55819528","55819642","13","115909079"
"chr2","171729200","171729276","chr19","18077305","18077373","22","153651895"
"chr2","171729684","171729936","chr6","22531033","22531259","46","149198651"
"chr2","171733485","171733769","chr17","63806468","63806754","29","107927017"
"chr2","171741781","171742071","chr2B","100893350","100893645","40","70848431"
"chr2","171756606","171756901","chr1","207941442","207941741","40","36184836"
"chr2","171773149","171773433","chr14","386554","386839","43","171386595"
"chr2","171778996","171779195","chr14","48435330","48435535","30","123343666"
"chr2","171779197","171779444","chr6","18563142","18563397","41","153216055"
"chr2","171781416","171781515","chr4","39460510","39460609","18","132320906"
"chr2","171804071","171804230","chr1","43717553","43717711","21","128086518"
"chr2","171804231","171804538","chr1","48274459","48274770","48","123529772"
"chr2","171842142","171842441","chr10","108681055","108681354","45","63161087"
"chr2","171886936","171887228","chr19","13115155","13115450","46","158771781"
"chr2","171888403","171888639","chr5","96198402","96198642","43","75690001"
"chr2","171907617","171907921","chr7","116294548","116294859","44","55613069"
"chr2","171911566","171911855","chr17","18976938","18977223","50","152934628"
"chr2","171951426","171951718","chr12","28341447","28341741","36","143609979"
"chr2","171969181","171969458","chr1","69031755","69032031","52","102937426"
"chr2","171985978","171986252","chr16","75357339","75357616","44","96628639"
"chr2","172110871","172111169","chr8","15824738","15825034","40","156286133"
"chr2","172226906","172227198","chr17","64273413","64273715","41","107953493"
"chr2","172237998","172238287","chr6","48058765","48059050","37","124179233"
"chr2","172286409","172286425","chr1","39256783","39256799","3","133029626"
"chr2","172286590","172286872","chr3","119275195","119275476","48","53011395"
"chr2","172296673","172296973","chr6","23131608","23131906","43","149165065"
"chr2","172584234","172584528","chr11","62857979","62858267","45","109726255"
"chr2","172642754","172643057","chr7","152799145","152799449","47","19843609"
"chr2","172700396","172700693","chr1","207105830","207106127","43","34405434"
"chr2","172702258","172702518","chr12","122011625","122011896","57","50690633"
"chr2","172763111","172763223","chr5","78580273","78580386","18","94182838"
"chr2","172811743","172811897","chr1","226730287","226730437","24","53918544"
"chr2","172851426","172851750","chr17","64880456","64880769","63","107970970"
"chr2","172869839","172870122","chr5","158750060","158750350","43","14119779"
"chr2","172938826","172939035","chr16","1631095","1631305","36","171307731"
"chr2","172980689","172980984","chr10","112192486","112192781","41","60788203"
"chr2","173015252","173015565","chr11","69014775","69015086","60","104000477"
"chr2","173074361","173074457","chr9","70059064","70059157","19","103015297"
"chr2","173075281","173075292","chr1","184340759","184340769","1","11265478"
"chr2","173164547","173164874","chr22","22869102","22869429","53","150295445"
"chr2","173200376","173200657","chr9","113673372","113673655","40","59527004"
"chr2","173219222","173219375","chr3","9778050","9778199","24","163441172"
"chr2","173269552","173269861","chr3","52354728","52355033","50","120914824"
"chr2","173459287","173459384","chr1","16774476","16774572","16","156684811"
"chr2","173500154","173500426","chr1","115437017","115437293","48","58063137"
"chr2","173503845","173504123","chr12","95235484","95235774","52","78268361"
"chr2","173547012","173547294","chr20","4668900","4669190","45","168878112"
"chr2","173574374","173574675","chr13","14159136","14159434","57","159415238"
"chr2","173631600","173631701","chr16","18215211","18215314","14","155416389"
"chr2","173783722","173784021","chr9","67930664","67930970","56","105853058"
"chr2","173803843","173804138","chr1","65854541","65854833","52","107949302"
"chr2","173926441","173926612","chr16","28109607","28109779","37","145816834"
"chr2","173932192","173932497","chr7","138671585","138671894","39","35260607"
"chr2","173934123","173934418","chr8","28400720","28401016","47","145533403"
"chr2","173934591","173934603","chr10","13934847","13934859","1","159999744"
"chr2","173991680","173992037","chr10","129951375","129951718","68","44040305"
"chr2","174038160","174038289","chr11","3661114","3661245","13","170377046"
"chr2","174096786","174097078","chr21","31933268","31933561","47","142163518"
"chr2","174201184","174201481","chr16","28312128","28312422","45","145889056"
"chr2","174223339","174223630","chr19","46592271","46592563","44","127631068"
"chr2","174308885","174309182","chr12","123479815","123480109","43","50829070"
"chr2","174309928","174310213","chr7","90216316","90216603","49","84093612"
"chr2","174434403","174434556","chr1","26748932","26749088","26","147685471"
"chr2","174449113","174449407","chr1","65854541","65854833","47","108594572"
"chr2","174455782","174456089","chr5","59897733","59898033","64","114558049"
"chr2","174519382","174519394","chr1","69109954","69109964","2","105409428"
"chr2","174519418","174519705","chr18","2191279","2191572","45","172328139"
"chr2","174560051","174560195","chr9","14496786","14496928","47","160063265"
"chr2","174655511","174655796","chr12","103648203","103648491","60","71007308"
"chr2","174683289","174683602","chr1","205863329","205863635","47","31180040"
"chr2","174731051","174731170","chrX","137575918","137576040","26","37155133"
"chr2","174746176","174746492","chr14","38785059","38785369","52","135961117"
"chr2","174758181","174758475","chr9","106948213","106948511","50","67809968"
"chr2","174830535","174830833","chr2B","131657052","131657355","38","43173483"
"chr2","174831013","174831307","chr1","217049267","217049555","47","42218254"
"chr2","174878037","174878338","chr8","40972290","40972586","67","133905747"
"chr2","174891326","174891602","chr1","46005396","46005686","48","128885930"
"chr2","174901232","174901352","chr2B","129408110","129408233","21","45493122"
"chr2","174901422","174901589","chr2B","129404240","129404406","30","45497182"
"chr2","175077343","175077520","chrX","3504805","3505000","45","171572538"
"chr2","175116719","175117019","chr20","516512","516821","59","174600207"
"chr2","175117758","175117969","chr19","21816689","21816894","45","153301069"
"chr2","175133934","175134256","chr8","59768446","59768757","57","115365488"
"chr2","175146350","175146621","chr1","10080756","10081034","55","165065594"
"chr2","175180215","175180531","chrX","32013050","32013353","63","143167165"
"chr2","175283829","175283924","chr14","46464206","46464291","18","128819623"
"chr2","175286077","175286239","chr10","40668780","40668944","33","134617297"
"chr2","175302937","175303167","chr1","218155490","218155728","41","42852553"
"chr2","175373198","175373393","chr5","1720610","1720801","32","173652588"
"chr2","175465355","175465656","chr3","113576048","113576345","42","61889307"
"chr2","175466270","175466406","chr12","9001577","9001712","20","166464693"
"chr2","175488858","175488953","chr14","80249715","80249809","19","95239143"
"chr2","175611982","175612154","chr8","40158714","40158897","36","135453268"
"chr2","175612507","175612620","chr2B","126214877","126214993","18","49397630"
"chr2","175649654","175649808","chrX","40257404","40257556","35","135392250"
"chr2","175654046","175654170","chr2B","130269878","130270003","24","45384168"
"chr2","175682622","175682745","chr8","86866097","86866223","20","88816525"
"chr2","175682781","175682919","chr19","17182075","17182208","27","158500706"
"chr2","175724423","175724714","chr4","181136843","181137133","51","5412420"
"chr2","175876751","175877030","chr5","102387389","102387677","43","73489362"
"chr2","176007262","176007379","chr3","62852860","62852977","11","113154402"
"chr2","176010657","176010956","chr18","28828292","28828598","50","147182365"
"chr2","176064702","176064807","chr16","61557601","61557707","14","114507101"
"chr2","176099995","176100307","chr1","152886327","152886633","52","23213668"
"chr2","176180681","176180955","chr16","26500001","26500273","52","149680680"
"chr2","176188799","176188959","chr17","68233704","68233871","28","107955095"
"chr2","176189255","176189384","chr7","74162318","74162446","26","102026937"
"chr2","176214413","176214635","chrUn_CABD030132317v1","1042","1248","62","176213371"
"chr2","176227290","176227531","chr1","205218578","205218823","45","28991288"
"chr2","176419472","176419744","chr8","2592815","2593088","49","173826657"
"chr2","176426757","176427023","chr19","10956925","10957189","53","165469832"
"chr2","176480951","176481139","chr13","31974299","31974478","32","144506652"
"chr2","176481449","176481585","chr3","121563186","121563322","22","54918263"
"chr2","176650013","176650322","chr15","55635607","55635918","45","121014406"
"chr2","176850108","176850398","chr13","8933288","8933581","41","167916820"
"chr2","176875518","176875786","chr1","218130091","218130353","59","41254573"
"chr2","176974796","176975080","chr8","66318553","66318839","59","110656243"
"chr2","177058245","177058441","chr9","65044054","65044262","45","112014191"
"chr2","177110371","177110649","chr11","47733528","47733805","43","129376843"
"chr2","177158232","177158526","chr11","75401494","75401791","46","101756738"
"chr2","177167710","177167983","chr6","151482542","151482819","47","25685168"
"chr2","177214742","177215041","chr6","39334930","39335231","55","137879812"
"chr2","177315727","177315873","chr14","74731528","74731676","17","102584199"
"chr2","177359658","177359943","chr17","69369512","69369799","46","107990146"
"chr2","177427442","177427712","chr13","83268622","83268884","50","94158820"
"chr2","177458213","177458344","chr13","20774805","20774936","13","156683408"
"chr2","177654448","177654727","chr12","36043731","36044019","45","141610717"
"chr2","177716152","177716286","chr1","36509687","36509822","14","141206465"
"chr2","177716579","177716755","chr20","35565904","35566078","29","142150675"
"chr2","177768449","177768717","chr5","16294799","16295070","45","161473650"
"chr2","177923117","177923446","chr7","68449139","68449466","57","109473978"
"chr2","178036285","178036561","chr11","67721064","67721346","50","110315221"
"chr2","178080516","178080799","chrUn_CABD030130631v1","4028","4301","48","178076488"
"chr2","178138421","178138728","chr5","150418643","150418945","55","27719778"
"chr2","178145540","178145819","chr5","76968698","76968977","52","101176842"
"chr2","178203264","178203563","chr4","198115807","198116103","53","19912543"
"chr2","178426831","178427125","chr9","30492422","30492721","48","147934409"
"chr2","178500451","178500737","chr17","63658187","63658485","54","114842264"
"chr2","178517742","178518014","chr22","26826753","26827022","47","151690989"
"chr2","178539582","178539716","chr21","31662246","31662382","11","146877336"
"chr2","178541842","178542029","chr19","35427808","35427993","33","143114034"
"chr2","178546648","178546780","chr9","87358078","87358212","14","91188570"
"chr2","178556498","178556773","chrX","41772605","41772887","43","136783893"
"chr2","178567155","178567455","chr9","114191687","114191982","47","64375468"
"chr2","178699107","178699418","chr5","118351918","118352225","57","60347189"
"chr2","178702197","178702507","chr3","158213707","158214023","49","20488490"
"chr2","178725471","178725644","chrX","73554270","73554453","32","105171201"
"chr2","178760020","178760148","chr3","115180873","115181000","18","63579147"
"chr2","178760171","178760312","chr12","612491","612626","26","178147680"
"chr2","178777845","178778148","chr14","47148586","47148890","49","131629259"
"chr2","178788371","178788661","chr17","70789867","70790161","54","107998504"
"chr2","178877812","178877912","chr12","41647863","41647968","40","137229949"
"chr2","178879524","178879821","chr1","24608800","24609102","49","154270724"
"chr2","178915446","178915523","chr3","12077390","12077473","18","166838056"
"chr2","178915524","178915749","chrX","154320494","154320712","46","24595030"
"chr2","178944348","178944639","chr7","57395123","57395418","51","121549225"
"chr2","179034043","179034350","chr22","22900105","22900417","59","156133938"
"chr2","179129895","179130060","chr7","72046197","72046353","29","107083698"
"chr2","179151960","179152125","chrX","52096827","52096988","24","127055133"
"chr2","179152150","179152280","chrX","123683241","123683374","19","55468909"
"chr2","179202768","179203062","chr2B","100929351","100929648","43","78273417"
"chr2","179253509","179253791","chr6","38002038","38002303","68","141251471"
"chr2","179421704","179421979","chr6","156763834","156764105","50","22657870"
"chr2","179425119","179425285","chr13","81469858","81470022","25","97955261"
"chr2","179433719","179434012","chrX","24093240","24093533","40","155340479"
"chr2","179558931","179559227","chr5","41250187","41250489","67","138308744"
"chr2","179596363","179596633","chr1","19948860","19949131","37","159647503"
"chr2","179661684","179661973","chr1","139828512","139828799","44","39833172"
"chr2","179728551","179728808","chr8","54156595","54156854","49","125571956"
"chr2","179802869","179803208","chr11","69576539","69576872","60","110226330"
"chr2","179864981","179865305","chr15","49357359","49357689","48","130507622"
"chr2","179869114","179869396","chr16","26943607","26943889","58","152925507"
"chr2","179869417","179869433","chrX","44916195","44916210","1","134953222"
"chr2","179885885","179886082","chrX","23992074","23992265","36","155893811"
"chr2","179942512","179942654","chr10","19201911","19202044","36","160740601"
"chr2","179990990","179991137","chr12","32529250","32529403","29","147461740"
"chr2","180066090","180066383","chr13","81164151","81164440","64","98901939"
"chr2","180100093","180100255","chr6","163094459","163094622","24","17005634"
"chr2","180103272","180103561","chr7","73094896","73095187","52","107008376"
"chr2","180222850","180222978","chr1","46966654","46966781","23","133256196"
"chr2","180223008","180223175","chr12","98776420","98776589","28","81446588"
"chr2","180258307","180258600","chr9","117242711","117243009","43","63015596"
"chr2","180342419","180342683","chr20","16777434","16777691","59","163564985"
"chr2","180357427","180357728","chr7","139963807","139964112","46","40393620"
"chr2","180365057","180365350","chr5","24372432","24372725","47","155992625"
"chr2","180455707","180455826","chr11","123350008","123350126","17","57105699"
"chr2","180455878","180456054","chr11","14295384","14295555","29","166160494"
"chr2","180519686","180519952","chr16","36915749","36916008","49","143603937"
"chr2","180551375","180551654","chr17","72682867","72683146","39","107868508"
"chr2","180551687","180551718","chr6","82616654","82616685","6","97935033"
"chr2","180581932","180582005","chr10","46599284","46599356","11","133982648"
"chr2","180591325","180591468","chr7","41947648","41947789","22","138643677"
"chr2","180699222","180699521","chr8","99351021","99351319","42","81348201"
"chr2","180867059","180867084","chr2B","34657373","34657396","3","146209686"
"chr2","180867107","180867392","chr8","59939598","59939884","47","120927509"
"chr2","180870210","180870447","chr1","165460954","165461193","42","15409256"
"chr2","180963829","180964137","chrX","9888217","9888527","51","171075612"
"chr2","181140525","181140766","chr6","132128875","132129119","33","49011650"
"chr2","181181138","181181317","chr14","57867999","57868177","27","123313139"
"chr2","181211607","181211873","chr7","144153117","144153389","54","37058490"
"chr2","181231370","181231607","chr9","110151496","110151739","38","71079874"
"chr2","181294039","181294116","chr15","47453759","47453835","9","133840280"
"chr2","181339306","181339607","chr15","12142326","12142628","43","169196980"
"chr2","181353402","181353696","chr11","76719549","76719855","49","104633853"
"chr2","181408979","181409247","chr14","11207197","11207478","57","170201782"
"chr2","181422495","181422761","chr3","41344009","41344275","48","140078486"
"chr2","181482428","181482731","chr2A","57968489","57968795","50","123513939"
"chr2","181510085","181510357","chr22","20061375","20061658","50","161448710"
"chr2","181554332","181554454","chr9","81434465","81434588","24","100119867"
"chr2","181642395","181642688","chrX","40642512","40642807","55","140999883"
"chr2","181673021","181673303","chr19","16723985","16724260","39","164949036"
"chr2","181709946","181710237","chr13","12012079","12012370","45","169697867"
"chr2","181718495","181718751","chr9","115614290","115614542","48","66104205"
"chr2","181834010","181834305","chr7","77493081","77493375","49","104340929"
"chr2","181850717","181850791","chr2A","63086447","63086523","9","118764270"
"chr2","181873434","181873565","chr15","22699976","22700107","21","159173458"
"chr2","181891597","181891872","chr9","103813748","103814025","46","78077849"
"chr2","181930190","181930319","chrX","44462497","44462623","28","137467693"
"chr2","181945101","181945215","chr2A","20005285","20005395","27","161939816"
"chr2","181994517","181994839","chr1","89938779","89939088","59","92055738"
"chr2","181999266","181999452","chr7","101008071","101008253","29","80991195"
"chr2","182026238","182026544","chr6","146287920","146288218","44","35738318"
"chr2","182046973","182047075","chrX","154759889","154759991","18","27287084"
"chr2","182105595","182105899","chr17","25850693","25850987","54","156254902"
"chr2","182150693","182150865","chr4","5037225","5037406","25","177113468"
"chr2","182150901","182151025","chr6","143552251","143552375","18","38598650"
"chr2","182207880","182208141","chr2B","65343665","65343928","63","116864215"
"chr2","182216647","182216938","chr5","41300508","41300800","45","140916139"
"chr2","182253624","182253897","chr1","155314621","155314891","46","26939003"
"chr2","182297622","182297874","chr19","52941634","52941900","42","129355988"
"chr2","182318566","182318863","chr11","48209135","48209431","55","134109431"
"chr2","182396249","182396548","chr17","74491082","74491367","59","107905167"
"chr2","182467549","182467607","chr19","48500535","48500594","13","133967014"
"chr2","182502083","182502391","chr7","152799145","152799449","48","29702938"
"chr2","182558503","182558786","chr3","34261429","34261702","57","148297074"
"chr2","182565021","182565314","chr5","22309256","22309551","40","160255765"
"chr2","182651375","182651506","chr20","55025362","55025494","18","127626013"
"chr2","182692927","182693086","chr20","2150753","2150919","25","180542174"
"chr2","182767753","182768047","chr8","101544594","101544890","46","81223159"
"chr2","182870518","182870793","chrX","8693312","8693573","52","174177206"
"chr2","182895929","182896146","chr13","57559013","57559227","37","125336916"
"chr2","182983877","182984014","chr1","37708220","37708355","23","145275657"
"chr2","183068208","183068506","chr19","492660","492954","46","182575548"
"chr2","183117631","183117927","chr6","129592035","129592338","52","53525596"
"chr2","183171302","183171632","chr11","112348072","112348399","55","70823230"
"chr2","183183123","183183359","chr6","3538698","3538932","38","179644425"
"chr2","183184365","183184503","chr16","76225501","76225642","21","106958864"
"chr2","183257746","183258046","chr11","71231124","71231422","55","112026622"
"chr2","183323737","183323960","chr5","163988818","163989039","41","19334919"
"chr2","183352630","183352935","chr10","120691337","120691649","47","62661293"
"chr2","183354946","183355247","chr1","33543223","33543526","63","149811723"
"chr2","183357851","183358122","chr4","124359555","124359819","45","58998296"
"chr2","183394723","183394943","chr1","225341688","225341915","37","41946965"
"chr2","183495644","183495772","chr1","47033279","47033407","19","136462365"
"chr2","183549208","183549504","chr5","35002763","35003060","49","148546445"
"chr2","183585767","183586063","chr5","162913912","162914208","38","20671855"
"chr2","183645093","183645384","chr6","48058765","48059050","47","135586328"
"chr2","183672036","183672284","chr16","64803418","64803663","44","118868618"
"chr2","183700604","183700895","chr5","45914070","45914364","41","137786534"
"chr2","183764043","183764344","chr1","45401607","45401907","54","138362436"
"chr2","183768676","183768978","chr13","27943076","27943376","48","155825600"
"chr2","183864014","183864260","chr6","12760410","12760661","61","171103604"
"chr2","183943753","183944063","chr6","46462166","46462476","53","137481587"
"chr2","183972785","183972994","chr6","13677840","13678046","43","170294945"
"chr2","183973636","183973758","chr10","15486811","15486920","32","168486825"
"chr2","183977997","183978290","chr4","95929703","95930002","47","88048294"
"chr2","183986556","183986680","chr2A","82675571","82675703","16","101310985"
"chr2","184073968","184074225","chr5","91063744","91064007","40","93010224"
"chr2","184106713","184107013","chr2A","21552247","21552546","40","162554466"
"chr2","184139449","184139748","chr18","6290781","6291080","43","177848668"
"chr2","184358081","184358372","chr3","160736782","160737074","45","23621299"
"chr2","184362405","184362700","chr18","2191279","2191572","52","182171126"
"chr2","184430598","184430920","chr8","122276388","122276704","64","62154210"
"chr2","184443335","184443347","chr6","43762515","43762527","1","140680820"
"chr2","184443377","184443659","chr5","61208080","61208365","36","123235297"
"chr2","184544657","184544943","chr12","130875932","130876230","54","53668725"
"chr2","184592629","184592946","chr19","20156875","20157179","68","164435754"
"chr2","184610959","184611259","chr3","121007428","121007740","55","63603531"
"chr2","184613521","184613848","chr2A","36869206","36869534","43","147744315"
"chr2","184644674","184644988","chr8","80945832","80946143","46","103698842"
"chr2","184661528","184661816","chr15","69777804","69778096","45","114883724"
"chr2","184784359","184784664","chr9","109734146","109734451","47","75050213"
"chr2","184968232","184968516","chr5","110541106","110541389","50","74427126"
"chr2","185040564","185040869","chr4","196624862","196625169","43","11584298"
"chr2","185055410","185055693","chr2B","128181710","128181995","46","56873700"
"chr2","185061073","185061365","chr12","1122701","1122989","48","183938372"
"chr2","185098677","185098842","chr2A","87191414","87191578","22","97907263"
"chr2","185099154","185099292","chr1","11102412","11102548","23","173996742"
"chr2","185131161","185131453","chr3","199443194","199443483","35","14312033"
"chr2","185182763","185182934","chr10","26012898","26013065","30","159169865"
"chr2","185185762","185185884","chr17","30514493","30514618","15","154671269"
"chr2","185186791","185186965","chr5","61540531","61540694","30","123646260"
"chr2","185201842","185202103","chr17","77281013","77281264","45","107920829"
"chr2","185237675","185237945","chr1","15125951","15126230","52","170111724"
"chr2","185265750","185266072","chr15","60991753","60992066","60","124273997"
"chr2","185296515","185296824","chr13","58941573","58941883","57","126354942"
"chr2","185415361","185415571","chr3","16576332","16576550","32","168839029"
"chr2","185455192","185455359","chr8","131963776","131963942","27","53491416"
"chr2","185455407","185455530","chr4","194530892","194531016","20","9075485"
"chr2","185565295","185565560","chr1","43073246","43073519","52","142492049"
"chr2","185819016","185819157","chr6","160298404","160298545","17","25520612"
"chr2","185864510","185864639","chr13","21128132","21128255","31","164736378"
"chr2","185870870","185871038","chr2A","18661266","18661430","32","167209604"
"chr2","185871487","185871787","chr8","123192438","123192739","42","62679049"
"chr2","185883476","185883742","chr3","57815437","57815704","42","128068039"
"chr2","185932110","185932407","chrX","45211712","45211994","54","140720398"
"chr2","185941963","185942290","chr8","73112094","73112419","67","112829869"
"chr2","185971364","185971670","chr11","65010898","65011200","49","120960466"
"chr2","185983311","185983615","chr4","38965789","38966090","56","147017522"
"chr2","185993113","185993408","chr15","54874263","54874558","44","131118850"
"chr2","185995588","185995657","chr6","129815816","129815887","6","56179772"
"chr2","186001048","186001345","chrX","72049902","72050201","40","113951146"
"chr2","186010554","186010834","chr8","107039670","107039952","37","78970884"
"chr2","186042598","186042893","chr6","32663647","32663954","44","153378951"
"chr2","186046665","186046964","chr15","78041904","78042206","42","108004761"
"chr2","186049747","186050042","chr15","37017871","37018163","49","149031876"
"chr2","186052321","186052442","chr1","46966654","46966781","18","139085667"
"chr2","186052558","186052687","chr3","59287633","59287756","23","126764925"
"chr2","186056541","186056813","chr1","19948860","19949131","36","166107681"
"chr2","186060495","186060624","chr22","12438907","12439033","25","173621588"
"chr2","186060770","186060950","chr1","30988609","30988792","34","155072161"
"chr2","186100119","186100416","chr2B","64345530","64345820","48","121754589"
"chr2","186109847","186110140","chr7","72979676","72979977","43","113130171"
"chr2","186118136","186118268","chr1","168543967","168544101","14","17574169"
"chr2","186120040","186120294","chr8","44209824","44210083","44","141910216"
"chr2","186134552","186134760","chr1","214620159","214620364","25","28485607"
"chr2","186140087","186140224","chr5","18475476","18475610","47","167664611"
"chr2","186140727","186140948","chr10","24076614","24076831","44","162064113"
"chr2","186142385","186142678","chr10","97853126","97853420","39","88289259"
"chr2","186145386","186145669","chr11","9392301","9392584","51","176753085"
"chr2","186146576","186146865","chr1","191869192","191869485","45","5722616"
"chr2","186147645","186147949","chrX","154349779","154350084","35","31797866"
"chr2","186153206","186153504","chr9","103044534","103044835","39","83108672"
"chr2","186155952","186156263","chr3","199782414","199782724","43","13626462"
"chr2","186157494","186157835","chr11","81904113","81904434","76","104253381"
"chr2","186159590","186159748","chr1","7647076","7647233","23","178512514"
"chr2","186167904","186168206","chr11","120932649","120932956","56","65235255"
"chr2","186172948","186173257","chr1","217025876","217026177","40","30852928"
"chr2","186174856","186175150","chr6","15540011","15540303","42","170634845"
"chr2","186176295","186176576","chr1","102320513","102320796","44","83855782"
"chr2","186182874","186183173","chr15","30508140","30508434","45","155674734"
"chr2","186190148","186190452","chr1","7588581","7588883","39","178601567"
"chr2","186191028","186191314","chr2B","125949074","125949355","41","60241954"
"chr2","186213392","186213703","chr15","69817612","69817918","41","116395780"
"chr2","186234906","186235006","chr5","118111212","118111313","12","68123694"
"chr2","186238388","186238681","chr1","223809873","223810164","45","37571485"
"chr2","186244124","186244433","chr1","139464107","139464418","45","46780017"
"chr2","186256565","186256850","chr2B","51199348","51199632","34","135057217"
"chr2","186272262","186272554","chr12","43697519","43697825","48","142574743"
"chr2","186277134","186277471","chr1","37302402","37302721","61","148974732"
"chr2","186291286","186291516","chr9","12398613","12398841","30","173892673"
"chr2","186297058","186297338","chr6","75611850","75612132","40","110685208"
"chr2","186302121","186302404","chr9","47997131","47997418","37","138304990"
"chr2","186316605","186316805","chr19","44693494","44693697","33","141623111"
"chr2","186317297","186317434","chrX","45352555","45352693","16","140964742"
"chr2","186319470","186319600","chr4","81956541","81956672","17","104362929"
"chr2","186319897","186320103","chr9","15750083","15750270","48","170569814"
"chr2","186321777","186322003","chr3","10448622","10448857","48","175873155"
"chr2","186324273","186324560","chr10","37566799","37567091","57","148757474"
"chr2","186325613","186325891","chr5","99718318","99718600","48","86607295"
"chr2","186330084","186330377","chr20","49973623","49973923","38","136356461"
"chr2","186333729","186334031","chrX","45212918","45213222","41","141120811"
"chr2","186340875","186341151","chr6","8085847","8086119","39","178255028"
"chr2","186347153","186347430","chr13","76474271","76474539","48","109872882"
"chr2","186362332","186362602","chr10","51068616","51068884","45","135293716"
"chr2","186366210","186366488","chr9","103813748","103814025","45","82552462"
"chr2","186367340","186367647","chr11","16413573","16413862","60","169953767"
"chr2","186389476","186389782","chr8","101544594","101544890","44","84844882"
"chr2","186392999","186393226","chr5","126281723","126281947","32","60111276"
"chr2","186417631","186417717","chr4","124100503","124100587","15","62317128"
"chr2","186424595","186424921","chr1","215540743","215541074","51","29116148"
"chr2","186434178","186434340","chr4","2485558","2485719","25","183948620"
"chr2","186441259","186441506","chr12","32647198","32647457","45","153794061"
"chr2","186443617","186443915","chr12","109950917","109951213","51","76492700"
"chr2","186447201","186447510","chr6","13811703","13812015","47","172635498"
"chr2","186471743","186472026","chr8","16412781","16413064","38","170058962"
"chr2","186476408","186476695","chrX","44828311","44828598","37","141648097"
"chr2","186496008","186496313","chr11","56648134","56648436","38","129847874"
"chr2","186512642","186512812","chr1","190040497","190040667","39","3527855"
"chr2","186514810","186514967","chr12","124975481","124975639","25","61539329"
"chr2","186515275","186515408","chr22","4196254","4196388","17","182319021"
"chr2","186520566","186520871","chr7","74257967","74258271","35","112262599"
"chr2","186521140","186521432","chr11","47222402","47222700","38","139298738"
"chr2","186540818","186541118","chr5","129828116","129828406","54","56712702"
"chr2","186544095","186544211","chr6","85362783","85362893","20","101181312"
"chr2","186544842","186545130","chr6","14171953","14172242","32","172372889"
"chr2","186546774","186546905","chr16","62974937","62975067","15","123571837"
"chr2","186550352","186550499","chr11","62113019","62113150","41","124437333"
"chr2","186550500","186550637","chr6","140892212","140892363","32","45658288"
"chr2","186550859","186551006","chr3","198305409","198305553","26","11754550"
"chr2","186570716","186571008","chr3","182319983","182320279","40","4250733"
"chr2","186575567","186575821","chr1","114443480","114443746","49","72132087"
"chr2","186594793","186595082","chr1","65854541","65854833","45","120740252"
"chr2","186600210","186600511","chr7","2922906","2923207","37","183677304"
"chr2","186601053","186601233","chr14","58908447","58908623","30","127692606"
"chr2","186601555","186601680","chrX","45063471","45063598","15","141538084"
"chr2","186616219","186616364","chr13","26948202","26948356","28","159668017"
"chr2","186616674","186616813","chr3","5166759","5166894","22","181449915"
"chr2","186620224","186620528","chr1","160860624","160860920","43","25759600"
"chr2","186635102","186635223","chr8","37983975","37984095","20","148651127"
"chr2","186655462","186655772","chr2A","14676700","14677009","38","171978762"
"chr2","186658147","186658406","chr20","6655059","6655314","44","180003088"
"chr2","186676876","186677005","chr1","7920848","7920979","14","178756028"
"chr2","186685719","186685890","chr5","57124191","57124359","42","129561528"
"chr2","186718100","186718318","chr21","24428860","24429072","36","162289240"
"chr2","186721245","186721541","chr6","43552064","43552362","39","143169181"
"chr2","186751987","186752252","chr10","100354316","100354578","33","86397671"
"chr2","186758469","186758774","chr1","21018345","21018652","50","165740124"
"chr2","186762498","186762630","chr1","10043533","10043661","13","176718965"
"chr2","186765015","186765294","chr8","48387419","48387700","34","138377596"
"chr2","186800147","186800445","chrX","134302303","134302597","44","52497844"
"chr2","186888785","186889075","chr1","24230402","24230695","57","162658383"
"chr2","186929064","186929317","chr17","79087486","79087739","27","107841578"
"chr2","186948154","186948291","chr6","126596585","126596716","31","60351569"
"chr2","186948586","186948749","chr18","77283980","77284143","27","109664606"
"chr2","187054282","187054578","chr1","22894656","22894953","43","164159626"
"chr2","187162139","187162232","chr5","71662296","71662397","20","115499843"
"chr2","187428322","187428569","chr6","135277333","135277595","52","52150989"
"chr2","187468129","187468445","chr2B","42817612","42817930","48","144650517"
"chr2","187490614","187490911","chr9","25207930","25208228","48","162282684"
"chr2","187628956","187629190","chr5","18520264","18520500","32","169108692"
"chr2","187684713","187684973","chr8","24541792","24542048","47","163142921"
"chr2","187719882","187720164","chr2A","68028621","68028908","50","119691261"
"chr2","187766985","187767194","chr4","110212781","110212992","27","77554204"
"chr2","187788163","187788484","chr19","16828711","16829019","46","170959452"
"chr2","187907965","187908161","chrX","26851185","26851383","30","161056780"
"chr2","187949875","187950029","chr1","28691719","28691870","23","159258156"
"chr2","187971376","187971661","chrX","55029045","55029330","42","132942331"
"chr2","187985208","187985520","chr1","48274459","48274770","49","139710749"
"chr2","188037120","188037416","chr8","67263311","67263607","44","120773809"
"chr2","188114782","188115077","chr19","37646752","37647048","37","150468030"
"chr2","188165323","188165601","chr8","102279678","102279967","51","85885645"
"chr2","188276372","188276654","chr18","18251317","18251608","58","170025055"
"chr2","188359428","188359728","chr1","207941442","207941741","37","19582014"
"chr2","188493696","188493847","chr20","51560485","51560639","30","136933211"
"chr2","188553277","188553557","chr9","103813748","103814025","43","84739529"
"chr2","188577510","188577769","chr4","171646065","171646305","50","16931445"
"chr2","188579986","188580271","chr6","48058765","48059050","43","140521221"
"chr2","188589589","188589875","chr9","47997131","47997418","46","140592458"
"chr2","188602798","188603081","chr5","99718318","99718600","43","88884480"
"chr2","188604232","188604525","chrX","128861249","128861542","43","59742983"
"chr2","188611498","188611721","chr17","5732096","5732329","48","182879402"
"chr2","188653197","188653480","chr18","43042136","43042418","42","145611061"
"chr2","188686759","188687029","chr3","143753221","143753496","53","44933538"
"chr2","188688589","188688889","chr15","37965382","37965685","46","150723207"
"chr2","188692924","188693217","chr17","80756808","80757105","39","107936116"
"chr2","188704050","188704345","chr4","85866666","85866961","42","102837384"
"chr2","188718558","188718871","chr17","80783431","80783739","48","107935127"
"chr2","188736444","188736708","chr10","85866992","85867256","35","102869452"
"chr2","188738192","188738373","chr1","38128287","38128467","30","150609905"
"chr2","188740540","188740686","chr1","68205485","68205630","18","120535055"
"chr2","188753694","188753836","chrX","129864736","129864881","24","58888958"
"chr2","188783793","188783906","chr8","63631723","63631835","13","125152070"
"chr2","188822517","188822821","chr2B","68384314","68384621","37","120438203"
"chr2","188891109","188891408","chr17","80932128","80932426","61","107958981"
"chr2","188897757","188897889","chr1","213473838","213473970","11","24576081"
"chr2","188909638","188909931","chr10","92067818","92068104","41","96841820"
"chr2","188916789","188916916","chr6","16800077","16800197","14","172116712"
"chr2","188918521","188918794","chr17","80968602","80968882","38","107949919"
"chr2","188925948","188926210","chr10","100354316","100354578","34","88571632"
"chr2","188927096","188927379","chr2B","57874267","57874555","36","131052829"
"chr2","188928346","188928471","chrX","22199062","22199188","17","166729284"
"chr2","188932873","188933027","chr10","47825540","47825690","31","141107333"
"chr2","188986474","188986622","chr6","55469065","55469213","22","133517409"
"chr2","188995652","188995950","chr7","152799145","152799449","36","36196507"
"chr2","189006519","189006808","chr13","35675027","35675318","46","153331492"
"chr2","189046032","189046340","chrX","70775393","70775696","36","118270639"
"chr2","189081465","189081741","chr12","37912259","37912538","44","151169206"
"chr2","189108300","189108593","chr8","35769647","35769939","55","153338653"
"chr2","189124736","189125050","chr3","46381852","46382163","50","142742884"
"chr2","189177960","189178238","chr8","67909581","67909858","43","121268379"
"chr2","189213825","189214117","chr5","24372432","24372725","30","164841393"
"chr2","189241657","189241963","chr11","64143151","64143450","41","125098506"
"chr2","189245126","189245421","chr4","88048769","88049064","33","101196357"
"chr2","189270754","189271008","chr17","81339201","81339468","53","107931553"
"chr2","189343566","189343863","chr12","109448183","109448483","34","79895383"
"chr2","189359420","189359714","chr15","30209361","30209650","37","159150059"
"chr2","189366218","189366506","chr3","20616514","20616805","51","168749704"
"chr2","189369190","189369489","chr17","81421082","81421387","45","107948108"
"chr2","189379228","189379327","chr14","54044821","54044918","13","135334407"
"chr2","189379713","189379880","chr1","135555323","135555492","32","53824390"
"chr2","189404611","189404900","chr6","40054264","40054551","38","149350347"
"chr2","189419971","189420136","chr17","81474214","81474377","16","107945757"
"chr2","189420427","189420561","chr17","6927655","6927789","13","182492772"
"chr2","189424112","189424233","chr1","14802147","14802270","17","174621965"
"chr2","189424254","189424426","chr2B","99086800","99086973","29","90337454"
"chr2","189439194","189439503","chr8","33624550","33624858","45","155814644"
"chr2","189446541","189446849","chr19","572058","572360","36","188874483"
"chr2","189447545","189447712","chr6","112831541","112831707","22","76616004"
"chr2","189460161","189460461","chr17","666755","667054","38","188793406"
"chr2","189473470","189473777","chr19","47230022","47230323","53","142243448"
"chr2","189551935","189552235","chr6","167179521","167179827","35","22372414"
"chr2","189606593","189606871","chr5","163127146","163127429","40","26479447"
"chr2","189613384","189613552","chr14","47466071","47466237","24","142147313"
"chr2","189663176","189663448","chrX","24803746","24804013","53","164859430"
"chr2","189722604","189722908","chr5","26602593","26602896","41","163120011"
"chr2","189726229","189726369","chr1","6405360","6405492","21","183320869"
"chr2","189732970","189733247","chr6","129175476","129175763","39","60557494"
"chr2","189735573","189735854","chr17","81785045","81785312","47","107950528"
"chr2","189763925","189764223","chr5","40662770","40663064","37","149101155"
"chr2","189785159","189785315","chr3","9778050","9778199","24","180007109"
"chr2","189785381","189785483","chr10","107023078","107023180","15","82762303"
"chr2","189985684","189985986","chr11","66034207","66034503","45","123951477"
"chr2","190034683","190034975","chr2A","95555809","95556098","32","94478874"
"chr2","190150134","190150216","chr1","109139016","109139099","15","81011118"
"chr2","190150451","190150582","chr14","75677992","75678124","18","114472459"
"chr2","190167555","190167824","chr12","130639697","130639965","43","59527858"
"chr2","190282200","190282496","chr17","82337594","82337889","42","107944606"
"chr2","190319989","190320289","chr7","158676345","158676646","43","31643644"
"chr2","190366336","190366487","chr9","36500931","36501077","25","153865405"
"chr2","190366531","190366650","chr11","68081085","68081207","20","122285446"
"chr2","190385974","190386296","chr17","82480621","82480932","57","107905353"
"chr2","190449887","190450176","chr5","147224659","147224945","43","43225228"
"chr2","190466429","190466650","chr9","112086840","112087077","44","78379589"
"chr2","190534001","190534291","chr3","201334238","201334531","41","10800237"
"chr2","190587219","190587508","chr17","888730","889009","59","189698489"
"chr2","190650941","190651230","chr10","29291892","29292182","44","161359049"
"chr2","190656120","190656418","chrX","49575847","49576149","49","141080273"
"chr2","190660785","190661065","chr2B","83760249","83760536","52","106900536"
"chr2","190662264","190662455","chr10","36683892","36684096","38","153978372"
"chr2","190706024","190706334","chr1","9356953","9357263","52","181349071"
"chr2","190837513","190837776","chr9","113670905","113671170","46","77166608"
"chr2","190884813","190885049","chr1","44914978","44915212","43","145969835"
"chr2","190904191","190904477","chrX","96555131","96555423","44","94349060"
"chr2","191103942","191104036","chr1","28753545","28753625","29","162350397"
"chr2","191165737","191165907","chr1","26239256","26239425","27","164926481"
"chr2","191165934","191165970","chr22","13159227","13159265","10","178006707"
"chr2","191166598","191166631","chr7","144108235","144108266","5","47058363"
"chr2","191380257","191380389","chr19","57736469","57736601","16","133643788"
"chr2","191459588","191459878","chr11","117367595","117367888","38","74091993"
"chr2","191494645","191494833","chr1","23512543","23512730","26","167982102"
"chr2","191509809","191509867","chr19","48500535","48500594","13","143009274"
"chr2","191542989","191543299","chr5","24422783","24423090","51","167120206"
"chr2","191563564","191563842","chr3","27728592","27728867","50","163834972"
"chr2","191586966","191587257","chr21","27485077","27485366","34","164101889"
"chr2","191590700","191591001","chrX","115542860","115543158","55","76047840"
"chr2","191713095","191713401","chr18","11626069","11626374","52","180087026"
"chr2","191743419","191743728","chr9","11726873","11727184","46","180016546"
"chr2","191850616","191850902","chr8","23174661","23174960","47","168675955"
"chr2","191903908","191904160","chr11","76684595","76684850","50","115219313"
"chr2","191924562","191924832","chr1","63765294","63765558","57","128159268"
"chr2","191927689","191927983","chr11","3623940","3624232","48","188303749"
"chr2","192028140","192028300","chr19","5411909","5412071","32","186616231"
"chr2","192121142","192121303","chr14","65392304","65392467","24","126728838"
"chr2","192121326","192121455","chr5","8509702","8509833","13","183611624"
"chr2","192143906","192144188","chr5","39668073","39668356","85","152475833"
"chr2","192150074","192150348","chr3","38985221","38985495","52","153164853"
"chr2","192150865","192151154","chrX","30934659","30934952","47","161216206"
"chr2","192211486","192211767","chr14","57602687","57602976","37","134608799"
"chr2","192240072","192240367","chr6","95194922","95195216","45","97045150"
"chr2","192243671","192243963","chr7","77548302","77548597","44","114695369"
"chr2","192321327","192321625","chr3","129868568","129868869","54","62452759"
"chr2","192326724","192327022","chr3","42788373","42788672","42","149538351"
"chr2","192353520","192353673","chr8","101256453","101256611","28","91097067"
"chr2","192359779","192360079","chr14","7217699","7217998","41","185142080"
"chr2","192422108","192422390","chr1","212745117","212745410","48","20323009"
"chr2","192428501","192428677","chr1","133965580","133965759","32","58462921"
"chr2","192428944","192428989","chr5","54037600","54037646","6","138391344"
"chr2","192448428","192448736","chr5","46247961","46248272","37","146200467"
"chr2","192469340","192469518","chr12","132936938","132937110","35","59532402"
"chr2","192542414","192542710","chr4","144348946","144349243","42","48193468"
"chr2","192548520","192548825","chr12","92652799","92653098","38","99895721"
"chr2","192660132","192660424","chr6","34020262","34020556","40","158639870"
"chr2","192712179","192712261","chr1","109139016","109139099","14","83573163"
"chr2","192787605","192787844","chr5","21948941","21949184","37","170838664"
"chr2","192827322","192827593","chr12","1122701","1122989","46","191704621"
"chr2","192864856","192865153","chr4","83906348","83906646","42","108958508"
"chr2","192912985","192913296","chr1","3648210","3648520","46","189264775"
"chr2","192975640","192975915","chr11","123114043","123114321","39","69861597"
"chr2","192988062","192988364","chr12","58120124","58120429","44","134867938"
"chr2","193013532","193013814","chr7","38405488","38405772","38","154608044"
"chr2","193100491","193100759","chr19","16871380","16871662","55","176229111"
"chr2","193105276","193105582","chr1","20280960","20281258","44","172824316"
"chr2","193134364","193134668","chr5","34215137","34215446","41","158919227"
"chr2","193143299","193143421","chr19","11944700","11944823","17","181198599"
"chr2","193180489","193180741","chr7","45729639","45729886","42","147450850"
"chr2","193200777","193201113","chr5","41378080","41378408","51","151822697"
"chr2","193210727","193211019","chrX","134266402","134266696","36","58944325"
"chr2","193237213","193237342","chr6","78227073","78227205","19","115010140"
"chr2","193258365","193258660","chr16","38878286","38878581","35","154380079"
"chr2","193308070","193308359","chr19","3208420","3208712","38","190099650"
"chr2","193310312","193310585","chr3","34261429","34261702","45","159048883"
"chr2","193347633","193347731","chr11","120354186","120354285","19","72993447"
"chr2","193354331","193354628","chr1","212745117","212745410","43","19390786"
"chr2","193360737","193360894","chr18","77283980","77284143","32","116076757"
"chr2","193360926","193361046","chr6","43435680","43435799","14","149925246"
"chr2","193373953","193374082","chr6","153401902","153402034","16","39972051"
"chr2","193376061","193376189","chr12","30095709","30095838","16","163280352"
"chr2","193382191","193382472","chr15","67846578","67846859","40","125535613"
"chr2","193382473","193382757","chr6","79360967","79361252","40","114021506"
"chr2","193382778","193382805","chrX","91998466","91998491","4","101384312"
"chr2","193393372","193393592","chr3","140899705","140899923","38","52493667"
"chr2","193397968","193398268","chrX","44100499","44100799","40","149297469"
"chr2","193410366","193410497","chr16","31907781","31907912","10","161502585"
"chr2","193413947","193414125","chr1","38128287","38128467","31","155285660"
"chr2","193420553","193420851","chr8","59790832","59791129","44","133629721"
"chr2","193432416","193432729","chr7","72367456","72367767","44","121064960"
"chr2","193445437","193445701","chr12","21833183","21833448","43","171612254"
"chr2","193455018","193455153","chr1","1677532","1677667","23","191777486"
"chr2","193471007","193471308","chr3","54314314","54314619","46","139156693"
"chr2","193480491","193480663","chr12","53640103","53640273","20","139840388"
"chr2","193480975","193480986","chr6","33909783","33909793","3","159571192"
"chr2","193483682","193483813","chr1","17325345","17325470","25","176158337"
"chr2","193490763","193491073","chr5","34215137","34215446","43","159275626"
"chr2","193504962","193505240","chr12","30283329","30283606","43","163221633"
"chr2","193521815","193522100","chr5","47101929","47102212","38","146419886"
"chr2","193522216","193522409","chr14","59627910","59628107","31","133894306"
"chr2","193527861","193528170","chr1","88668229","88668526","42","104859632"
"chr2","193529919","193530167","chr10","100354316","100354578","52","93175603"
"chr2","193534515","193534803","chr2A","79105958","79106246","45","114428557"
"chr2","193547090","193547390","chr12","92652799","92653098","40","100894291"
"chr2","193584566","193584810","chr1","152422398","152422642","39","41162168"
"chr2","193588197","193588306","chr6","85362783","85362893","20","108225414"
"chr2","193606626","193606745","chr10","41223912","41224030","20","152382714"
"chr2","193617372","193617694","chr4","72439645","72439952","55","121177727"
"chr2","193630786","193630880","chr8","125468206","125468299","13","68162580"
"chr2","193650979","193651284","chr5","15736521","15736832","45","177914458"
"chr2","193651554","193651847","chr3","184877325","184877614","37","8774229"
"chr2","193654369","193654669","chr1","101156445","101156745","46","92497924"
"chr2","193655428","193655692","chr3","34261429","34261702","45","159393999"
"chr2","193660249","193660558","chrX","18941413","18941724","48","174718836"
"chr2","193666263","193666570","chr10","125356622","125356930","40","68309641"
"chr2","193669263","193669424","chr7","44547499","44547669","22","149121764"
"chr2","193669724","193669869","chr11","119215309","119215453","18","74454415"
"chr2","193682255","193682507","chr19","37982899","37983143","33","155699356"
"chr2","193691291","193691587","chr5","117760443","117760736","30","75930848"
"chr2","193773064","193773345","chr16","13037737","13038029","50","180735327"
"chr2","193775812","193776114","chr4","93828554","93828847","44","99947258"
"chr2","193777365","193777574","chr17","85464449","85464660","22","108312916"
"chr2","193792705","193792988","chr18","11865465","11865749","49","181927240"
"chr2","193811293","193811566","chr8","85169323","85169599","40","108641970"
"chr2","193816394","193816670","chr17","85503759","85504037","38","108312635"
"chr2","193868571","193868685","chr3","50836150","50836264","9","143032421"
"chr2","193873937","193873966","chr1","147194534","147194558","6","46679403"
"chr2","193874301","193874433","chrX","1264071","1264204","17","192610230"
"chr2","193883354","193883439","chr13","78320519","78320603","14","115562835"
"chr2","193904686","193904997","chr1","212770505","212770816","44","18865819"
"chr2","193937715","193937869","chr3","190654099","190654244","28","3283616"
"chr2","193949360","193949665","chr8","9931674","9931975","47","184017686"
"chr2","194378032","194378278","chr17","85972886","85973132","32","108405146"
"chr2","194469852","194470146","chrX","77265352","77265649","48","117204500"
"chr2","194480745","194480899","chr10","83871632","83871776","28","110609113"
"chr2","194483993","194484282","chr13","91667366","91667654","41","102816627"
"chr2","194544669","194544962","chr6","46332308","46332601","38","148212361"
"chr2","194562046","194562342","chr3","109414540","109414837","35","85147506"
"chr2","194562919","194563205","chr17","2728570","2728852","45","191834349"
"chr2","194603912","194604219","chr13","96370801","96371102","32","98233111"
"chr2","194625013","194625336","chr20","30107296","30107629","48","164517717"
"chr2","194697884","194698195","chr9","110815359","110815664","46","83882525"
"chr2","194745500","194745790","chrX","21546927","21547221","51","173198573"
"chr2","194940476","194940675","chr12","31963652","31963863","49","162976824"
"chr2","195042179","195042348","chr7","2416248","2416416","25","192625931"
"chr2","195050319","195050610","chr13","81164151","81164440","51","113886168"
"chr2","195091354","195091498","chr14","5914823","5914965","26","189176531"
"chr2","195123100","195123318","chr9","58683859","58684073","33","136439241"
"chr2","195177829","195178125","chr13","64871747","64872040","40","130306082"
"chr2","195238147","195238360","chr17","86831127","86831329","43","108407020"
"chr2","195301002","195301290","chr14","88974246","88974528","49","106326756"
"chr2","195318258","195318556","chr3","152798387","152798690","47","42519871"
"chr2","195532017","195532202","chr7","101008071","101008253","39","94523946"
"chr2","195536603","195536742","chr12","9001577","9001712","20","186535026"
"chr2","195684213","195684512","chr9","113218055","113218360","49","82466158"
"chr2","195767442","195767575","chrX","124256137","124256255","24","71511305"
"chr2","195775169","195775441","chr3","34261429","34261702","52","161513740"
"chr2","195819808","195820096","chr10","98651528","98651818","42","97168280"
"chr2","195985946","195986028","chr1","109139016","109139099","9","86846930"
"chr2","196094721","196095018","chr7","64966210","64966510","46","131128511"
"chr2","196126719","196127022","chr1","33632173","33632471","40","162494546"
"chr2","196306078","196306375","chr5","22430270","22430566","46","173875808"
"chr2","196423638","196423943","chr9","48213976","48214269","40","148209662"
"chr2","196442659","196442949","chr9","95311286","95311578","47","101131373"
"chr2","196491373","196491521","chr1","161925292","161925442","28","34566081"
"chr2","196610152","196610453","chr18","31354943","31355246","45","165255209"
"chr2","196638876","196639146","chr10","119625366","119625636","44","77013510"
"chr2","196649088","196649385","chr1","38634265","38634555","37","158014823"
"chr2","196729551","196729868","chr17","88237889","88238200","51","108491662"
"chr2","196875902","196876190","chr6","16852692","16852994","50","180023210"
"chr2","196976246","196976537","chr5","40662770","40663064","42","156313476"
"chr2","196979609","196979826","chr3","44367572","44367795","43","152612037"
"chr2","196998314","196998637","chr17","88537690","88538000","67","108460624"
"chr2","197266024","197266159","chr7","72770261","72770395","27","124495763"
"chr2","197304345","197304628","chr2A","3823335","3823621","51","193481010"
"chr2","197356566","197356657","chr1","28340448","28340540","14","169016118"
"chr2","197384520","197384813","chr1","110806072","110806366","42","86578448"
"chr2","197428692","197428774","chr4","38523647","38523730","15","158905045"
"chr2","197441146","197441424","chr6","8085847","8086119","57","189355299"
"chr2","197473292","197473603","chr3","46682931","46683240","57","150790361"
"chr2","197516816","197517143","chr14","60319397","60319702","53","137197419"
"chr2","197535668","197535869","chr17","89026190","89026400","31","108509478"
"chr2","197564575","197564844","chr6","113080691","113080959","47","84483884"
"chr2","197565525","197565771","chr9","111775635","111775877","38","85789890"
"chr2","197569513","197569823","chr12","110393433","110393740","41","87176080"
"chr2","197588933","197589075","chr9","73304345","73304486","26","124284588"
"chr2","197590628","197590901","chr13","23086685","23086963","57","174503943"
"chr2","197601063","197601348","chr14","64822817","64823116","46","132778246"
"chr2","197650529","197650812","chr9","16296129","16296412","39","181354400"
"chr2","197764683","197764969","chrX","23744956","23745237","56","174019727"
"chr2","197765616","197765900","chr17","2886155","2886437","51","194879461"
"chr2","197806638","197806947","chr11","120932649","120932956","44","76873989"
"chr2","197819326","197819634","chr9","70101046","70101349","46","127718280"
"chr2","197828418","197828717","chr5","143993695","143993990","59","53834723"
"chr2","197860343","197860657","chr18","11590705","11591005","60","186269638"
"chr2","197905952","197906263","chr4","94056059","94056372","51","103849893"
"chr2","197972560","197972846","chr6","32844125","32844413","42","165128435"
"chr2","198015705","198016027","chrX","119300666","119300977","51","78715039"
"chr2","198041383","198041696","chr7","56546505","56546820","51","141494878"
"chr2","198042311","198042599","chr6","7408993","7409283","32","190633318"
"chr2","198153557","198153850","chr13","2865420","2865717","34","195288137"
"chr2","198163052","198163183","chr4","29997009","29997138","37","168166043"
"chr2","198319600","198319756","chr16","38746543","38746701","25","159573057"
"chr2","198320688","198320807","chr6","43435680","43435799","18","154885008"
"chr2","198383683","198383933","chr17","89876073","89876325","39","108507610"
"chr2","198396330","198396400","chr7","152174951","152175022","13","46221379"
"chr2","198417273","198417377","chr3","161211314","161211411","22","37205959"
"chr2","198462013","198462326","chr2A","676473","676774","40","197785540"
"chr2","198476848","198477139","chr8","17206301","17206595","48","181270547"
"chr2","198490217","198490511","chr6","121386173","121386468","38","77104044"
"chr2","198490685","198490701","chr1","39256783","39256799","1","159233902"
"chr2","198523666","198523974","chr11","19648950","19649254","38","178874716"
"chr2","198531533","198531546","chr13","62919556","62919571","5","135611977"
"chr2","198531547","198531561","chr5","16287257","16287270","2","182244290"
"chr2","198531742","198532022","chr13","14913691","14913971","32","183618051"
"chr2","198532023","198532158","chr16","379923","380058","15","198152100"
"chr2","198537859","198537942","chr7","63653858","63653941","14","134884001"
"chr2","198639824","198640127","chr14","7217699","7217998","49","191422125"
"chr2","198652501","198652790","chr7","74977675","74977964","56","123674826"
"chr2","198678182","198678377","chr7","83470189","83470387","43","115207993"
"chr2","198699708","198699968","chr20","40332872","40333133","40","158366836"
"chr2","198739329","198739620","chr18","60126588","60126881","40","138612741"
"chr2","198798176","198798478","chr3","131096776","131097076","37","67701400"
"chr2","198930492","198930802","chrX","145671864","145672169","47","53258628"
"chr2","198947152","198947309","chr19","44052931","44053089","25","154894221"
"chr2","198962222","198962520","chr1","45137801","45138094","49","153824421"
"chr2","199002066","199002329","chr16","27237098","27237359","53","171764968"
"chr2","199015947","199016251","chr5","13711793","13712097","34","185304154"
"chr2","199060017","199060312","chr11","3623940","3624232","54","195436077"
"chr2","199109861","199110158","chr9","106948213","106948511","28","92161648"
"chr2","199254082","199254349","chr12","124254648","124254922","51","74999434"
"chr2","199266128","199266434","chr14","24232147","24232451","38","175033981"
"chr2","199359416","199359582","chr12","132936938","132937110","31","66422478"
"chr2","199359606","199359734","chr2B","92627673","92627801","15","106731933"
"chr2","199366925","199367186","chr3","120427789","120428050","53","78939136"
"chr2","199386807","199386927","chr5","78580273","78580386","28","120806534"
"chr2","199393200","199393502","chr5","16040907","16041211","47","183352293"
"chr2","199429823","199430131","chr5","139074525","139074836","47","60355298"
"chr2","199446605","199446745","chr22","34387914","34388051","21","165058691"
"chr2","199446766","199446947","chr9","111455787","111455965","29","87990979"
"chr2","199487360","199487647","chrX","91199993","91200279","47","108287367"
"chr2","199551372","199551755","chr10","40326931","40327279","116","159224441"
"chr2","199570930","199571016","chr2A","67898398","67898483","12","131672532"
"chr2","199572455","199572673","chr5","6642777","6642992","36","192929678"
"chr2","199597205","199597465","chr12","121642484","121642745","44","77954721"
"chr2","199653424","199653759","chrX","71399522","71399852","64","128253902"
"chr2","199752420","199752701","chr7","74557087","74557367","52","125195333"
"chr2","199797765","199798055","chr4","110429595","110429881","53","89368170"
"chr2","199798933","199799138","chr14","16395420","16395621","36","183403513"
"chr2","199826975","199827112","chrX","91029630","91029764","28","108797345"
"chr2","199849551","199849831","chr19","5213002","5213282","48","194636549"
"chr2","199886002","199886130","chr16","12680308","12680429","27","187205694"
"chr2","199886218","199886353","chr6","3020528","3020659","16","196865690"
"chr2","200027828","200027977","chr22","24454420","24454556","29","175573408"
"chr2","200095644","200095852","chr2B","42458395","42458606","35","157637249"
"chr2","200095901","200095911","chr4","195337169","195337180","2","4758732"
"chr2","200145634","200145804","chr5","133168102","133168276","44","66977532"
"chr2","200145847","200145969","chr9","45252398","45252520","18","154893449"
"chr2","200156068","200156315","chr5","156892798","156893032","55","43263270"
"chr2","200161204","200161311","chrX","40336548","40336657","11","159824656"
"chr2","200217799","200218129","chr8","128235647","128235973","66","71982152"
"chr2","200227399","200227703","chr1","186067276","186067579","48","14160123"
"chr2","200246317","200246622","chr11","63349955","63350262","55","136896362"
"chr2","200282727","200283023","chrX","48637931","48638226","48","151644796"
"chr2","200317261","200317559","chr5","39360203","39360496","50","160957058"
"chr2","200402386","200402519","chr16","76481846","76481981","29","123920540"
"chr2","200408081","200408354","chr17","62265396","62265661","55","138142685"
"chr2","200434556","200434696","chr19","48057785","48057919","29","152376771"
"chr2","200458462","200458762","chr1","225512358","225512658","45","25053896"
"chr2","200461719","200461947","chr6","22531033","22531259","34","177930686"
"chr2","200464712","200464811","chr1","21123280","21123379","16","179341432"
"chr2","200657405","200657685","chr8","107039670","107039952","40","93617735"
"chr2","200664383","200664706","chr10","83106528","83106845","47","117557855"
"chr2","200719976","200720281","chr8","41984651","41984954","43","158735325"
"chr2","200788702","200788971","chr11","69577035","69577306","45","131211667"
"chr2","200819057","200819153","chr12","75723056","75723147","21","125096001"
"chr2","200824704","200824941","chr12","111240121","111240348","71","89584583"
"chr2","200850620","200850929","chrX","16691844","16692151","45","184158776"
"chr2","200885546","200885806","chr5","10707676","10707932","52","190177870"
"chr2","200967216","200967505","chr5","147372333","147372625","46","53594883"
"chr2","200968148","200968442","chr12","32947541","32947831","56","168020607"
"chr2","200969461","200969753","chr1","206487431","206487714","53","5517970"
"chr2","200978255","200978403","chr3","126370891","126371038","27","74607364"
"chr2","200978453","200978567","chr1","61983115","61983240","21","138995338"
"chr2","200988950","200989057","chr3","110475246","110475354","11","90513704"
"chr2","200993075","200993370","chr7","25237099","25237387","40","175755976"
"chr2","201014189","201014480","chr3","159846286","159846576","54","41167903"
"chr2","201194129","201194296","chr5","19660938","19661098","25","181533191"
"chr2","201202226","201202534","chr4","146646951","146647262","62","54555275"
"chr2","201204159","201204173","chr5","16287257","16287270","1","184916902"
"chr2","201204210","201204445","chr1","151626041","151626289","59","49578169"
"chr2","201305114","201305286","chr19","21919977","21920148","28","179385137"
"chr2","201314028","201314280","chr11","107975045","107975301","44","93338983"
"chr2","201384342","201384639","chr5","2973594","2973889","45","198410748"
"chr2","201388175","201388468","chr11","130728676","130728969","32","70659499"
"chr2","201392831","201393119","chr17","92747990","92748284","37","108644841"
"chr2","201401328","201401617","chr11","111189602","111189895","42","90211726"
"chr2","201404493","201404801","chr5","34215137","34215446","46","167189356"
"chr2","201431282","201431580","chr7","77548302","77548597","42","123882980"
"chr2","201449063","201449365","chr12","24528552","24528850","40","176920511"
"chr2","201549387","201549687","chr3","12930772","12931070","52","188618615"
"chr2","201575597","201575857","chr6","156763834","156764105","51","44811763"
"chr2","201621497","201621671","chr19","12583465","12583634","23","189038032"
"chr2","201646062","201646355","chr13","9138792","9139090","50","192507270"
"chr2","201655687","201655955","chr19","56570603","56570867","55","145085084"
"chr2","201656038","201656327","chrX","31758067","31758355","31","169897971"
"chr2","201681221","201681480","chr1","225035948","225036210","50","23354727"
"chr2","201727223","201727527","chr8","9756252","9756551","50","191970971"
"chr2","201855890","201856189","chr7","130622734","130623042","50","71233156"
"chr2","201889030","201889306","chr18","28283348","28283624","44","173605682"
"chr2","201914125","201914295","chr10","8689753","8689933","35","193224372"
"chr2","201940517","201940808","chr6","110762190","110762482","36","91178327"
"chr2","201949600","201949920","chr1","14007329","14007643","47","187942271"
"chr2","202052496","202052766","chr2A","46419212","46419475","51","155633284"
"chr2","202065820","202066113","chr8","9756252","9756551","51","192309568"
"chr2","202226624","202226753","chrX","51224486","51224615","13","151002138"
"chr2","202292541","202292832","chr14","36501341","36501639","49","165791200"
"chr2","202491825","202492142","chr16","22522249","22522562","50","179969576"
"chr2","202521863","202521980","chr4","122614986","122615104","25","79906877"
"chr2","202581148","202581458","chr17","93869779","93870088","33","108711369"
"chr2","202590842","202591136","chr3","135108282","135108584","36","67482560"
"chr2","202594678","202594902","chr5","45215725","45215943","37","157378953"
"chr2","202754129","202754405","chrX","92324856","92325144","57","110429273"
"chr2","202809743","202810052","chr21","33487386","33487680","60","169322357"
"chr2","202830866","202831105","chr17","94062112","94062355","36","108768754"
"chr2","202836844","202837130","chr1","194422568","194422852","43","8414276"
"chr2","202885790","202885971","chr1","38128287","38128467","26","164757503"
"chr2","202894519","202894818","chr8","9756252","9756551","35","193138267"
"chr2","202906415","202906725","chrX","25005669","25005976","33","177900746"
"chr2","202911791","202912090","chr14","110301","110606","43","202801490"
"chr2","203011763","203012039","chr8","131079128","131079404","47","71932635"
"chr2","203013933","203014224","chr4","162552218","162552510","37","40461715"
"chr2","203077130","203077417","chr4","198115807","198116103","49","4961323"
"chr2","203175072","203175367","chr12","75805158","75805457","39","127369914"
"chr2","203186355","203186431","chr12","96140004","96140081","8","107046351"
"chr2","203195361","203195492","chr6","3020528","3020659","12","200174833"
"chr2","203232859","203233165","chr6","124775569","124775875","39","78457290"
"chr2","203239115","203239245","chr9","43376998","43377136","19","159862117"
"chr2","203264907","203265040","chr5","163734016","163734148","17","39530891"
"chr2","203284552","203284845","chr15","39369422","39369720","36","163915130"
"chr2","203363519","203363820","chr19","2324717","2325019","39","201038802"
"chr2","203435837","203436126","chr1","23889573","23889871","53","179546264"
"chr2","203556824","203556992","chr10","40668780","40668944","28","162888044"
"chr2","203558263","203558572","chr1","154549010","154549304","42","49009253"
"chr2","203664567","203664590","chr7","57721772","57721791","5","145942795"
"chr2","203664623","203664910","chr8","103853182","103853465","46","99811441"
"chr2","203817162","203817466","chr7","71465234","71465539","44","132351928"
"chr2","203900482","203900610","chr1","64265288","64265418","13","139635194"
"chr2","203931587","203931883","chrX","44801762","44802052","45","159129825"
"chr2","204002994","204003217","chr15","10055709","10055936","48","193947285"
"chr2","204019717","204020023","chr3","189017179","189017480","52","15002538"
"chr2","204080672","204080856","chr1","134988145","134988330","45","69092527"
"chr2","204081179","204081288","chr2B","94997470","94997583","15","109083709"
"chr2","204118516","204118812","chr16","43558546","43558842","52","160559970"
"chr2","204144020","204144157","chr7","73022172","73022307","12","131121848"
"chr2","204157790","204158013","chr7","72586695","72586923","39","131571095"
"chr2","204259065","204259366","chr17","95780448","95780732","46","108478617"
"chr3","62652295","62652601","chr22","25093899","25094196","52","37558396"
"chr3","64880410","64880706","chr10","12065896","12066183","43","52814514"
"chr3","107216861","107217160","chr12","21195793","21196090","37","86021068"
"chr3","110624602","110624792","chr4","104944981","104945166","43","5679621"
"chr3","142737392","142737700","chr12","109888063","109888371","37","32849329"
"chr3","166592475","166592598","chr5","11699029","11699153","17","154893446"
"chr3","51417","51700","chr1","157362164","157362456","46","157310747"
"chr3","91027","91290","chr11","119788713","119788978","52","119697686"
"chr3","102397","102629","chr1","161736322","161736560","33","161633925"
"chr3","105476","105786","chr4","197792872","197793178","42","197687396"
"chr3","174449","174767","chr15","44912237","44912556","56","44737788"
"chr3","235171","235438","chrX","155231928","155232207","54","154996757"
"chr3","299908","300207","chr1","23889573","23889871","41","23589665"
"chr3","332014","332099","chr1","28753545","28753625","20","28421531"
"chr3","422662","422963","chr3","51701298","51701602","48","51278636"
"chr3","463110","463285","chr4","171529904","171530078","33","171066794"
"chr3","463586","463730","chr15","71728376","71728517","18","71264790"
"chr3","515833","516116","chr12","119855956","119856236","51","119340123"
"chr3","542691","542821","chrX","129688031","129688160","16","129145340"
"chr3","619060","619322","chr3","192382681","192382943","42","191763621"
"chr3","693967","694226","chr11","107975045","107975301","46","107281078"
"chr3","721627","721920","chr5","82622970","82623262","43","81901343"
"chr3","791530","791832","chr7","139963807","139964112","33","139172277"
"chr3","831262","831570","chr5","94004472","94004781","61","93173210"
"chr3","922273","922531","chr4","48618341","48618614","50","47696068"
"chr3","967451","967704","chr8","74307336","74307585","49","73339885"
"chr3","975268","975535","chrX","19536053","19536343","56","18560785"
"chr3","988966","989257","chr3","158455759","158456055","41","157466793"
"chr3","1045047","1045332","chr11","61147322","61147596","53","60102275"
"chr3","1146461","1146756","chr9","105107541","105107839","52","103961080"
"chr3","1158378","1158522","chr7","72046197","72046353","36","70887819"
"chr3","1194149","1194326","chr4","180857080","180857258","40","179662931"
"chr3","1194616","1194727","chr9","111192030","111192137","24","109997414"
"chr3","1198595","1198673","chrX","53161861","53161937","25","51963266"
"chr3","1216788","1217079","chr11","14371782","14372075","36","13154994"
"chr3","1232572","1232759","chr19","52024256","52024435","49","50791684"
"chr3","1247149","1247237","chr2B","66660016","66660105","12","65412867"
"chr3","1258098","1258402","chr11","64143151","64143450","34","62885053"
"chr3","1259253","1259412","chr19","46123124","46123284","24","44863871"
"chr3","1259709","1259827","chrX","90790333","90790447","29","89530624"
"chr3","1285631","1285772","chr5","138494122","138494259","22","137208491"
"chr3","1287770","1288074","chrX","73602345","73602644","39","72314575"
"chr3","1290145","1290191","chr18","3679064","3679110","9","2388919"
"chr3","1290186","1290251","chr4","47539485","47539533","20","46249299"
"chr3","1294314","1294433","chr10","41377517","41377635","17","40083203"
"chr3","1303756","1303939","chr21","22638055","22638242","27","21334299"
"chr3","1310845","1310860","chr1","23694538","23694553","3","22383693"
"chr3","1311174","1311331","chr6","43494091","43494245","35","42182917"
"chr3","1334979","1335272","chr9","103044534","103044835","36","101709555"
"chr3","1341697","1341992","chrX","48637931","48638226","35","47296234"
"chr3","1346153","1346446","chr7","137091337","137091632","50","135745184"
"chr3","1377762","1378061","chr4","152956832","152957130","40","151579070"
"chr3","1385015","1385307","chr5","66262413","66262707","36","64877398"
"chr3","1400650","1400761","chr5","78580273","78580386","15","77179623"
"chr3","1437255","1437371","chr11","113906994","113907109","19","112469739"
"chr3","1439838","1439992","chr21","28164935","28165091","25","26725097"
"chr3","1440306","1440446","chr7","72985934","72986072","20","71545628"
"chr3","1449251","1449403","chr9","75335168","75335322","26","73885917"
"chr3","1451822","1451966","chr7","82210564","82210699","26","80758742"
"chr3","1456287","1456598","chr7","155814686","155814996","52","154358399"
"chr3","1458845","1458974","chr7","69708940","69709061","25","68250095"
"chr3","1461781","1461931","chr12","102114959","102115119","28","100653178"
"chr3","1465526","1465807","chr1","9232466","9232748","49","7766940"
"chr3","1498026","1498329","chr19","17807739","17808044","36","16309713"
"chr3","1500521","1500812","chr3","172312758","172313057","40","170812237"
"chr3","1505056","1505170","chr1","1893115","1893230","19","388059"
"chr3","1507636","1507921","chr3","58671857","58672152","54","57164221"
"chr3","1511295","1511574","chr17","29848283","29848579","58","28336988"
"chr3","1517038","1517338","chr20","4945719","4946021","37","3428681"
"chr3","1523474","1523762","chr6","32844125","32844413","47","31320651"
"chr3","1531335","1531617","chr9","117733372","117733651","27","116202037"
"chr3","1533732","1533880","chr6","45033316","45033463","27","43499584"
"chr3","1539980","1540136","chr12","10503992","10504156","25","8964012"
"chr3","1546958","1547238","chr20","53042390","53042670","46","51495432"
"chr3","1575682","1575935","chr16","9680800","9681062","40","8105118"
"chr3","1587390","1587575","chr1","28379552","28379739","30","26792162"
"chr3","1587944","1588174","chr6","112975858","112976085","62","111387914"
"chr3","1588910","1589211","chr13","96370801","96371102","42","94781891"
"chr3","1590522","1590810","chr11","3623940","3624232","35","2033418"
"chr3","1598747","1599046","chr2A","86205815","86206110","41","84607068"
"chr3","1603043","1603354","chr9","82754395","82754704","44","81151352"
"chr3","1603787","1604087","chr12","29917942","29918238","38","28314155"
"chr3","1618379","1618664","chr1","51274855","51275144","56","49656476"
"chr3","1635533","1635702","chr10","3780797","3780964","32","2145264"
"chr3","1635703","1635989","chr3","151894114","151894404","43","150258411"
"chr3","1635990","1636121","chr9","49197226","49197359","15","47561236"
"chr3","1636984","1637130","chr2A","959589","959730","20","677395"
"chr3","1653748","1654041","chr8","103977254","103977550","39","102323506"
"chr3","1654042","1654197","chr10","110012976","110013130","20","108358934"
"chr3","1698492","1698790","chr3","130555283","130555582","34","128856791"
"chr3","1735967","1736256","chr11","9394201","9394487","58","7658234"
"chr3","1773777","1774063","chr15","19677085","19677370","49","17903308"
"chr3","1876885","1877165","chr4","1022251","1022532","48","854634"
"chr3","1914086","1914390","chr13","9303184","9303473","51","7389098"
"chr3","1926237","1926381","chr9","110309114","110309263","28","108382877"
"chr3","1926405","1926567","chrX","2276745","2276916","30","350340"
"chr3","1968272","1968401","chr12","35675297","35675429","12","33707025"
"chr3","2032929","2033220","chr1","212745117","212745410","47","210712188"
"chr3","2060027","2060338","chr8","101435714","101436021","31","99375687"
"chr3","2096241","2096527","chr8","84303503","84303790","49","82207262"
"chr3","2100136","2100436","chr12","31885313","31885614","44","29785177"
"chr3","2142510","2142811","chr7","121475973","121476270","42","119333463"
"chr3","2156822","2157083","chr2B","85592847","85593107","45","83436025"
"chr3","2207923","2208227","chr1","25847855","25848157","45","23639932"
"chr3","2233901","2234033","chr7","105992294","105992427","22","103758393"
"chr3","2234221","2234390","chr19","38845834","38846001","26","36611613"
"chr3","2355790","2356096","chr5","34215137","34215446","42","31859347"
"chr3","2421230","2421241","chr15","20728975","20728986","1","18307745"
"chr3","2421274","2421540","chr15","8941921","8942201","47","6520647"
"chr3","2468836","2469147","chr1","125586160","125586466","42","123117324"
"chr3","2528547","2528854","chr7","152799145","152799449","43","150270598"
"chr3","2533711","2533942","chrX","100915985","100916220","36","98382274"
"chr3","2571934","2572252","chr12","27535746","27536066","50","24963812"
"chr3","2601019","2601334","chr18","45541031","45541332","65","42940012"
"chr3","2643346","2643494","chr20","21531855","21532006","22","18888509"
"chr3","2703500","2703709","chr10","31686405","31686622","36","28982905"
"chr3","2757191","2757486","chr22","20482604","20482883","68","17725413"
"chr3","2763746","2764049","chr1","77102339","77102646","42","74338593"
"chr3","2768166","2768450","chrX","19529091","19529378","45","16760925"
"chr3","2773328","2773486","chr9","116345793","116345953","26","113572465"
"chr3","2773788","2773932","chr1","15319570","15319711","24","12545782"
"chr3","2789546","2789764","chr10","5688048","5688274","43","2898502"
"chr3","2794867","2795160","chr9","92935258","92935546","46","90140391"
"chr3","2859799","2860096","chr1","217589702","217590005","54","214729903"
"chr3","2877313","2877572","chr13","59496998","59497257","41","56619685"
"chr3","2877818","2877887","chr9","51578967","51579044","25","48701149"
"chr3","2971391","2971552","chr9","15360495","15360655","22","12389104"
"chr3","2975055","2975313","chr16","75493110","75493365","38","72518055"
"chr3","3036277","3036399","chr5","135124732","135124853","19","132088455"
"chr3","3090941","3091134","chr16","22507495","22507688","45","19416554"
"chr3","3109531","3109658","chr1","71393655","71393787","15","68284124"
"chr3","3121982","3122263","chr14","39211827","39212110","35","36089845"
"chr3","3154270","3154563","chr9","12016274","12016564","49","8862004"
"chr3","3221049","3221350","chr5","45914070","45914364","38","42693021"
"chr3","3291358","3291647","chr1","51871055","51871343","34","48579697"
"chr3","3307337","3307656","chr8","77654380","77654689","47","74347043"
"chr3","3312212","3312347","chr5","118006764","118006899","14","114694552"
"chr3","3312643","3312684","chr1","11008159","11008198","9","7695516"
"chr3","3351410","3351720","chr4","186453834","186454145","49","183102424"
"chr3","3353118","3353406","chr4","38588688","38588976","39","35235570"
"chr3","3405963","3406112","chr3","49496026","49496170","24","46090063"
"chr3","3407501","3407549","chr5","161329250","161329301","10","157921749"
"chr3","3413406","3413700","chr6","4177308","4177600","37","763902"
"chr3","3461050","3461186","chr21","31662246","31662382","12","28201196"
"chr3","3461485","3461685","chr14","59195505","59195692","39","55734020"
"chr3","3465426","3465723","chr1","183864313","183864605","40","180398887"
"chr3","3505689","3505737","chr1","218242753","218242807","7","214737064"
"chr3","3507821","3508107","chr17","27484894","27485185","41","23977073"
"chr3","3516289","3516410","chr19","279168","279291","17","3237121"
"chr3","3533970","3534249","chr6","48058765","48059050","35","44524795"
"chr3","3547164","3547464","chr4","196624862","196625169","49","193077698"
"chr3","3614039","3614343","chr4","198705840","198706144","34","195091801"
"chr3","3652366","3652677","chr22","14349686","14349996","36","10697320"
"chr3","3720584","3720867","chr4","177737792","177738073","45","174017208"
"chr3","3730147","3730425","chr1","24578103","24578377","47","20847956"
"chr3","3735372","3735636","chr1","15125951","15126230","51","11390579"
"chr3","3740042","3740331","chr16","19460380","19460669","37","15720338"
"chr3","3827813","3827840","chr3","120787732","120787762","6","116959919"
"chr3","3838345","3838643","chr10","148365131","148365427","42","144526786"
"chr3","3868849","3869153","chr16","4449618","4449922","40","580769"
"chr3","3871004","3871296","chr3","190276346","190276640","40","186405342"
"chr3","3961307","3961615","chr18","59939666","59939972","43","55978359"
"chr3","3969112","3969339","chr1","135124356","135124586","31","131155244"
"chr3","3972588","3972687","chrX","47761378","47761479","19","43788790"
"chr3","4011094","4011149","chr8","127499946","127500000","9","123488852"
"chr3","4056680","4056816","chr1","24718624","24718758","10","20661944"
"chr3","4057119","4057284","chr1","183661015","183661182","29","179603896"
"chr3","4087108","4087222","chr5","102199476","102199579","35","98112368"
"chr3","4087782","4087971","chr1","23512543","23512730","24","19424761"
"chr3","4091856","4091981","chr4","98309554","98309680","12","94217698"
"chr3","4092007","4092176","chrX","31313690","31313868","28","27221683"
"chr3","4093433","4093719","chr13","81164151","81164440","42","77070718"
"chr3","4094465","4094757","chr7","77548302","77548597","30","73453837"
"chr3","4109481","4109729","chr20","10919309","10919566","66","6809828"
"chr3","4122967","4123257","chr21","10901481","10901774","47","6778514"
"chr3","4124043","4124335","chr9","109165049","109165346","36","105041006"
"chr3","4128080","4128367","chr7","151609198","151609484","36","147481118"
"chr3","4143020","4143321","chr3","51743037","51743340","43","47600017"
"chr3","4148889","4149192","chrX","71270947","71271251","39","67122058"
"chr3","4165995","4166295","chr3","126629388","126629676","40","122463393"
"chr3","4220409","4220525","chr12","125140441","125140562","15","120920032"
"chr3","4222558","4222812","chr21","36330630","36330886","38","32108072"
"chr3","4223227","4223267","chr1","16440241","16440274","13","12217014"
"chr3","4232262","4232545","chr4","198122192","198122473","47","193889930"
"chr3","4241076","4241264","chr6","162059590","162059777","32","157818514"
"chr3","4243743","4244045","chr7","32811212","32811509","42","28567469"
"chr3","4258201","4258493","chr1","47990866","47991162","43","43732665"
"chr3","4266144","4266453","chr10","25070810","25071120","43","20804666"
"chr3","4267948","4268247","chr8","121277266","121277571","56","117009318"
"chr3","4268311","4268601","chr20","35304583","35304875","37","31036272"
"chr3","4280368","4280670","chr3","155313398","155313700","43","151033030"
"chr3","4280823","4281130","chr1","24035438","24035741","41","19754615"
"chr3","4281273","4281571","chr8","68089139","68089436","42","63807866"
"chr3","4287253","4287302","chr4","81655256","81655301","14","77368003"
"chr3","4287331","4287380","chr4","81655256","81655301","14","77367925"
"chr3","4287370","4287408","chr3","47327690","47327723","10","43040320"
"chr3","4293010","4293214","chr20","31601124","31601321","26","27308114"
"chr3","4297311","4297594","chr9","111762498","111762778","43","107465187"
"chr3","4336567","4336870","chr14","60358029","60358326","50","56021462"
"chr3","4340249","4340534","chr7","138996714","138997004","50","134656465"
"chr3","4356098","4356384","chr7","128058400","128058696","53","123702302"
"chr3","4358967","4359258","chr16","61860017","61860308","36","57501050"
"chr3","4365347","4365478","chr13","5029638","5029767","21","664291"
"chr3","4367920","4368194","chr14","38348718","38348980","52","33980798"
"chr3","4380912","4381210","chr8","77654380","77654689","44","73273468"
"chr3","4397516","4397806","chr6","7262191","7262476","49","2864675"
"chr3","4401856","4402124","chr15","18301772","18302039","43","13899916"
"chr3","4438627","4438928","chr7","140145366","140145668","33","135706739"
"chr3","4441613","4441910","chr4","171275502","171275800","42","166833889"
"chr3","4463038","4463112","chr16","63024374","63024447","18","58561336"
"chr3","4469933","4470220","chr4","197879133","197879419","45","193409200"
"chr3","4531634","4531940","chr4","197788654","197788949","51","193257020"
"chr3","4559502","4559628","chr11","109969087","109969216","16","105409585"
"chr3","4566017","4566263","chr9","120180299","120180525","52","115614282"
"chr3","4578788","4579073","chrX","43599697","43599983","34","39020909"
"chr3","4590755","4590904","chr3","173274411","173274556","23","168683656"
"chr3","4592796","4592883","chr17","40747479","40747562","24","36154683"
"chr3","4599744","4600046","chr1","217589702","217590005","38","212989958"
"chr3","4606807","4607057","chr11","18058042","18058307","53","13451235"
"chr3","4608479","4608765","chr16","25736594","25736877","48","21128115"
"chr3","4612347","4612655","chr8","12332729","12333034","37","7720382"
"chr3","4629145","4629443","chr6","153170383","153170681","37","148541238"
"chr3","4688534","4688666","chr20","3622723","3622855","12","1065811"
"chr3","4704671","4704980","chr22","18741741","18742051","31","14037070"
"chr3","4716980","4717181","chr6","37274755","37274940","47","32557775"
"chr3","4748359","4748431","chrX","119141165","119141234","9","114392806"
"chr3","4809077","4809344","chr19","31913298","31913558","44","27104221"
"chr3","4813444","4813740","chr3","121298263","121298559","39","116484819"
"chr3","4875570","4875873","chrX","114273449","114273756","64","109397879"
"chr3","4899927","4900226","chr8","101544594","101544890","35","96644667"
"chr3","4903456","4903758","chr8","108114038","108114337","41","103210582"
"chr3","4944446","4944625","chr16","16272437","16272609","38","11327991"
"chr3","4978064","4978336","chr10","87272770","87273045","33","82294706"
"chr3","5030211","5030516","chr8","82894963","82895258","60","77864752"
"chr3","5031801","5032091","chr4","98470358","98470652","39","93438557"
"chr3","5097542","5097839","chr2A","92064598","92064897","39","86967056"
"chr3","5103388","5103681","chr5","24372432","24372725","29","19269044"
"chr3","5110095","5110397","chr4","111352871","111353175","45","106242776"
"chr3","5137939","5138222","chrX","57926567","57926847","36","52788628"
"chr3","5168148","5168417","chr2B","116952365","116952639","49","111784217"
"chr3","5178589","5178614","chr1","126887530","126887555","3","121708941"
"chr3","5202839","5203138","chr4","38608416","38608714","36","33405577"
"chr3","5250139","5250302","chr9","100849192","100849351","27","95599053"
"chr3","5295283","5295602","chrX","10971157","10971474","45","5675874"
"chr3","5316985","5317112","chr5","162152105","162152232","18","156835120"
"chr3","5317408","5317577","chr20","60510440","60510606","31","55193032"
"chr3","5324189","5324467","chr14","39211827","39212110","39","33887638"
"chr3","5370888","5371166","chr9","13067220","13067500","45","7696332"
"chr3","5384613","5384894","chrX","119237743","119238026","43","113853130"
"chr3","5385077","5385095","chr10","33652616","33652634","2","28267539"
"chr3","5435094","5435397","chr11","76719549","76719855","46","71284455"
"chr3","5497951","5498244","chr10","37200750","37201043","42","31702799"
"chr3","5508439","5508712","chr7","56740591","56740869","38","51232152"
"chr3","5512973","5513277","chr19","45829385","45829691","44","40316412"
"chr3","5525437","5525668","chr10","24076614","24076831","49","18551177"
"chr3","5553395","5553692","chr4","196844632","196844940","50","191291237"
"chr3","5555573","5555866","chr10","141846679","141846962","44","136291106"
"chr3","5562012","5562324","chr6","22049679","22049992","55","16487667"
"chr3","5571207","5571347","chr3","39406104","39406247","23","33834897"
"chr3","5572025","5572173","chr12","6656538","6656688","27","1084513"
"chr3","5576266","5576560","chrX","121099721","121100015","34","115523455"
"chr3","5623651","5623963","chr15","68973477","68973787","58","63349826"
"chr3","5631497","5631633","chr1","26627825","26627960","20","20996328"
"chr3","5631921","5632082","chr22","24832898","24833059","31","19200977"
"chr3","5637725","5637854","chr6","11957977","11958108","9","6320252"
"chr3","5640173","5640354","chr10","34990756","34990934","30","29350583"
"chr3","5651621","5651929","chr6","157862323","157862628","45","152210702"
"chr3","5664167","5664458","chrX","119232132","119232423","35","113567965"
"chr3","5670017","5670113","chr1","215827506","215827602","10","210157489"
"chr3","5674372","5674650","chr9","109733660","109733937","42","104059288"
"chr3","5696238","5696360","chr14","48532117","48532241","16","42835879"
"chr3","5696361","5696655","chr1","156921438","156921735","28","151225077"
"chr3","5697987","5698250","chr3","59723143","59723413","45","54025156"
"chr3","5709419","5709562","chr11","65399917","65400056","21","59690498"
"chr3","5709871","5710048","chr1","203553629","203553809","30","197843758"
"chr3","5713550","5713842","chr3","129524451","129524743","35","123810901"
"chr3","5714929","5715185","chr1","39406005","39406265","42","33691076"
"chr3","5716327","5716620","chr2B","107707928","107708218","39","101991601"
"chr3","5717208","5717488","chr14","73942230","73942518","49","68225022"
"chr3","5735224","5735453","chr14","14635557","14635783","36","8900333"
"chr3","5749730","5750011","chr1","62601421","62601701","33","56851691"
"chr3","5769092","5769395","chr9","63545419","63545711","51","57776327"
"chr3","5782725","5783032","chr15","58791771","58792072","46","53009046"
"chr3","5787026","5787317","chr11","107935819","107936108","48","102148793"
"chr3","5796299","5796597","chr3","121298263","121298559","51","115501964"
"chr3","5798151","5798409","chrX","6968143","6968396","38","1169992"
"chr3","5804335","5804603","chr1","28617423","28617706","54","22813088"
"chr3","5807795","5808078","chr11","9392301","9392584","39","3584506"
"chr3","5832144","5832411","chr19","56608974","56609244","43","50776830"
"chr3","5840076","5840348","chr16","27617872","27618145","31","21777796"
"chr3","5842917","5843227","chr1","192426674","192426982","48","186583757"
"chr3","5844018","5844298","chr6","143118121","143118411","50","137274103"
"chr3","5858192","5858348","chr22","24589283","24589438","28","18731091"
"chr3","5883413","5883702","chr8","35769647","35769939","46","29886234"
"chr3","5887426","5887625","chr1","114442505","114442704","36","108555079"
"chr3","5890411","5890533","chr19","9676147","9676272","16","3785736"
"chr3","5901319","5901591","chr5","57771312","57771605","51","51869993"
"chr3","5905774","5905905","chr7","76293814","76293948","17","70388040"
"chr3","5905906","5906218","chrX","46462791","46463100","41","40556885"
"chr3","5906219","5906384","chr10","132245824","132245994","29","126339605"
"chr3","5913393","5913684","chr5","158745419","158745710","30","152832026"
"chr3","5988542","5988821","chr12","122647274","122647552","44","116658732"
"chr3","5999212","5999464","chr12","113458338","113458592","43","107459126"
"chr3","6000001","6000245","chr12","125048775","125049022","41","119048774"
"chr3","6012256","6012557","chr19","14847304","14847605","38","8835048"
"chr3","6023135","6023425","chr3","187650838","187651127","55","181627703"
"chr3","6035217","6035514","chr6","15577543","15577843","42","9542326"
"chr3","6043421","6043515","chr3","161211314","161211411","12","155167893"
"chr3","6049169","6049466","chr5","2973594","2973889","43","3075575"
"chr3","6052886","6053013","chr1","64265288","64265418","16","58212402"
"chr3","6055670","6055979","chr7","104575685","104575987","43","98520015"
"chr3","6063661","6063916","chr1","129199935","129200200","62","123136274"
"chr3","6068580","6068698","chr1","227439358","227439480","21","221370778"
"chr3","6068982","6069169","chr21","22638055","22638242","31","16569073"
"chr3","6075166","6075477","chr7","140062193","140062503","43","133987027"
"chr3","6083402","6083726","chr10","12722183","12722479","74","6638781"
"chr3","6094922","6095234","chr14","74631939","74632254","61","68537017"
"chr3","6103524","6103808","chr2B","124728949","124729237","39","118625425"
"chr3","6113456","6113751","chr7","71478770","71479065","38","65365314"
"chr3","6123529","6123832","chr10","85032894","85033191","33","78909365"
"chr3","6126970","6127275","chr12","123645967","123646272","37","117518997"
"chr3","6138835","6139063","chr15","63153289","63153513","30","57014454"
"chr3","6141897","6142187","chr11","3623940","3624232","34","2517957"
"chr3","6160866","6161156","chr2A","45828642","45828935","41","39667776"
"chr3","6176193","6176499","chr2B","123549621","123549932","42","117373428"
"chr3","6183089","6183370","chr7","42023635","42023920","56","35840546"
"chr3","6198096","6198379","chr6","124063158","124063439","35","117865062"
"chr3","6229763","6229888","chr7","4485178","4485309","15","1744585"
"chr3","6242758","6243058","chr13","85732556","85732843","65","79489798"
"chr3","6286870","6287149","chr10","91000577","91000878","56","84713707"
"chr3","6294768","6294883","chr2B","236147","236264","13","6058621"
"chr3","6328452","6328749","chr9","67930664","67930970","41","61602212"
"chr3","6344987","6345283","chr7","77548302","77548597","44","71203315"
"chr3","6368139","6368224","chr19","40360952","40361038","15","33992813"
"chr3","6390615","6390744","chr2A","82675571","82675703","17","76284956"
"chr3","6396047","6396342","chr5","21855144","21855431","41","15459097"
"chr3","6417280","6417586","chr6","41924359","41924664","36","35507079"
"chr3","6419119","6419414","chr7","77548302","77548597","41","71129183"
"chr3","6424936","6425223","chr1","217237392","217237678","38","210812456"
"chr3","6429565","6429733","chr10","51363834","51364001","32","44934269"
"chr3","6429757","6429880","chr20","34299328","34299451","14","27869571"
"chr3","6436908","6437189","chr4","81514945","81515225","50","75078037"
"chr3","6450354","6450618","chr12","123779950","123780215","41","117329596"
"chr3","6457878","6458145","chr2B","123223770","123224037","46","116765892"
"chr3","6463200","6463494","chr2B","100893350","100893645","39","94430150"
"chr3","6472690","6472982","chr8","125631614","125631911","46","119158924"
"chr3","6477337","6477633","chr4","137202145","137202441","33","130724808"
"chr3","6485195","6485488","chr5","45914070","45914364","32","39428875"
"chr3","6508615","6508770","chr5","133446043","133446198","22","126937428"
"chr3","6570442","6570731","chr2B","100893350","100893645","49","94322908"
"chr3","6604954","6605034","chrX","56994876","56994960","15","50389922"
"chr3","6611684","6611978","chr17","1834106","1834403","35","4777578"
"chr3","6643483","6643784","chr9","104384316","104384616","41","97740833"
"chr3","6668675","6668728","chr9","66361915","66361965","17","59693240"
"chr3","6669177","6669434","chrX","6968143","6968396","41","298966"
"chr3","6700727","6701018","chr5","133146837","133147127","39","126446110"
"chr3","6727166","6727465","chr1","73463496","73463797","49","66736330"
"chr3","6835956","6836262","chr10","39015697","39015999","48","32179741"
"chr3","6837769","6837779","chr7","42584782","42584793","1","35747013"
"chr3","6837813","6838095","chr9","109733660","109733937","40","102895847"
"chr3","6897696","6897858","chr10","148054018","148054180","19","141156322"
"chr3","6898167","6898305","chr8","11376177","11376312","20","4478010"
"chr3","6924982","6925277","chr14","87605486","87605781","44","80680504"
"chr3","6968144","6968277","chr3","186617776","186617913","20","179649632"
"chr3","7035526","7035814","chr11","117367595","117367888","35","110332069"
"chr3","7037424","7037495","chr17","80693304","80693376","7","73655880"
"chr3","7042553","7042852","chr6","18617093","18617389","55","11574540"
"chr3","7044067","7044282","chr18","31924075","31924286","41","24880008"
"chr3","7054516","7054781","chr12","80689387","80689660","43","73634871"
"chr3","7055112","7055396","chr1","159734007","159734293","34","152678895"
"chr3","7066077","7066210","chr1","204150703","204150837","19","197084626"
"chr3","7067052","7067304","chr12","11358465","11358705","61","4291413"
"chr3","7067728","7068030","chr5","21993062","21993361","40","14925334"
"chr3","7110353","7110468","chr1","31185795","31185903","24","24075442"
"chr3","7117599","7117682","chr12","121865970","121866049","12","114748371"
"chr3","7117959","7118187","chr16","29825591","29825810","32","22707632"
"chr3","7124420","7124725","chr6","31664641","31664952","52","24540221"
"chr3","7133450","7133746","chrX","43689132","43689430","42","36555682"
"chr3","7161909","7162216","chr1","33543223","33543526","50","26381314"
"chr3","7173685","7173959","chr11","47733528","47733805","42","40559843"
"chr3","7196368","7196655","chr9","117733372","117733651","55","110537004"
"chr3","7204250","7204545","chr17","17754065","17754357","45","10549815"
"chr3","7213094","7213387","chr16","24852723","24853009","48","17639629"
"chr3","7242953","7243253","chr7","77548302","77548597","35","70305349"
"chr3","7255081","7255142","chr5","40856968","40857028","16","33601887"
"chr3","7271898","7272070","chr5","133243304","133243477","32","125971406"
"chr3","7272350","7272487","chr9","108389057","108389192","22","101116707"
"chr3","7289834","7290123","chr2A","63367899","63368190","38","56078065"
"chr3","7306089","7306217","chr1","199256264","199256392","20","191950175"
"chr3","7314277","7314582","chr13","17812807","17813110","50","10498530"
"chr3","7324721","7324856","chr9","45964125","45964255","28","38639404"
"chr3","7371631","7371906","chr6","124192356","124192639","43","116820725"
"chr3","7396168","7396428","chr7","73284428","73284695","48","65888260"
"chr3","7406373","7406592","chr10","31686405","31686622","45","24280032"
"chr3","7407096","7407191","chr14","14574678","14574776","27","7167582"
"chr3","7412237","7412517","chr9","109733660","109733937","38","102321423"
"chr3","7464059","7464313","chr2B","123223770","123224037","48","115759711"
"chr3","7519309","7519419","chr2A","37342062","37342176","22","29822753"
"chr3","7586664","7586949","chr17","2886155","2886437","39","4700509"
"chr3","7627763","7628033","chrX","141292951","141293222","37","133665188"
"chr3","7649158","7649426","chr9","60248315","60248587","56","52599157"
"chr3","7654758","7654845","chr7","106837410","106837497","10","99182652"
"chr3","7655158","7655325","chr7","138315816","138315985","28","130660658"
"chr3","7679220","7679522","chr19","8085222","8085532","48","406002"
"chr3","7692792","7693093","chr11","6056991","6057291","45","1635801"
"chr3","7708934","7709080","chr1","40716012","40716154","29","33007078"
"chr3","7709133","7709249","chr3","73885630","73885746","10","66176497"
"chr3","7714577","7714865","chr3","59303395","59303693","49","51588818"
"chr3","7757842","7757972","chr5","35633795","35633931","18","27875953"
"chr3","7777904","7778019","chr16","62916690","62916809","18","55138786"
"chr3","7787069","7787336","chr1","197342830","197343104","41","189555761"
"chr3","7856067","7856370","chr10","132595288","132595588","65","124739221"
"chr3","7924913","7925132","chr9","12909576","12909793","28","4984663"
"chr3","7961410","7961699","chr12","123479815","123480109","43","115518405"
"chr3","8009480","8009724","chr18","55298398","55298649","51","47288918"
"chr3","8265678","8265979","chr14","32893422","32893722","45","24627744"
"chr3","8282731","8283021","chr4","101447458","101447743","37","93164727"
"chr3","8383881","8384173","chr14","11718645","11718940","52","3334764"
"chr3","8406431","8406744","chr4","194114854","194115177","47","185708423"
"chr3","8426903","8427204","chr1","185219402","185219699","50","176792499"
"chr3","8462185","8462495","chr14","38810137","38810448","39","30347952"
"chr3","8491423","8491725","chr4","196355329","196355638","39","187863906"
"chr3","8494233","8494391","chr7","23535120","23535262","40","15040887"
"chr3","8499583","8499841","chr2B","85592847","85593107","46","77093264"
"chr3","8667046","8667350","chr11","120932649","120932956","59","112265603"
"chr3","8678845","8679114","chr3","58765236","58765499","53","50086391"
"chr3","8684066","8684333","chrX","12667958","12668224","47","3983892"
"chr3","8710693","8710933","chr7","55403198","55403466","78","46692505"
"chr3","8710972","8710996","chrX","119741908","119741932","4","111030936"
"chr3","8719844","8720144","chr18","4842787","4843090","49","3877057"
"chr3","8782465","8782743","chr11","44301822","44302106","52","35519357"
"chr3","8811718","8811801","chr1","27765725","27765813","18","18954007"
"chr3","8847557","8847848","chr6","39813382","39813664","54","30965825"
"chr3","8909590","8909879","chrX","15626910","15627195","43","6717320"
"chr3","8924725","8925006","chr16","26943607","26943889","49","18018882"
"chr3","8925180","8925207","chr8","68202385","68202410","4","59277205"
"chr3","8946486","8946759","chr7","5363383","5363661","48","3583103"
"chr3","8981362","8981498","chr1","89770976","89771108","25","80789614"
"chr3","9035795","9035933","chr1","57234702","57234836","26","48198907"
"chr3","9061014","9061302","chr1","115024612","115024895","48","105963598"
"chr3","9071894","9072076","chr22","6956701","6956883","35","2115193"
"chr3","9075978","9076287","chr10","121650193","121650499","48","112574215"
"chr3","9097827","9098128","chr7","72367456","72367767","49","63269629"
"chr3","9103692","9103974","chr3","188769938","188770223","54","179666246"
"chr3","9104014","9104033","chr1","27102824","27102842","4","17998810"
"chr3","9151340","9151645","chr5","126505026","126505325","46","117353686"
"chr3","9187541","9187738","chr10","40976491","40976688","32","31788950"
"chr3","9215714","9216012","chrX","41897727","41898024","48","32682013"
"chr3","9344496","9344798","chr3","42788373","42788672","46","33443877"
"chr3","9354034","9354331","chr11","64978853","64979145","58","55624819"
"chr3","9378584","9378875","chr5","126205517","126205814","54","116826933"
"chr3","9447446","9447747","chr12","21585516","21585814","58","12138070"
"chr3","9503324","9503482","chr3","198933486","198933648","27","189430162"
"chr3","9503512","9503620","chr13","27309302","27309409","27","17805790"
"chr3","9524635","9524922","chr5","61156706","61157000","46","51632071"
"chr3","9530267","9530578","chr7","152799145","152799449","53","143268878"
"chr3","9555416","9555701","chr17","10210718","10211005","55","655302"
"chr3","9576698","9577007","chr12","77124148","77124447","53","67547450"
"chr3","9594282","9594384","chr3","50836150","50836264","16","41241868"
"chr3","9610345","9610625","chr2A","91929672","91929960","43","82319327"
"chr3","9651868","9652168","chr6","42623656","42623956","37","32971788"
"chr3","9657495","9657656","chr2B","65020565","65020719","30","55363070"
"chr3","9676263","9676526","chr6","113080691","113080959","58","103404428"
"chr3","9695039","9695303","chr19","31983074","31983341","52","22288035"
"chr3","9704575","9704863","chr17","35804005","35804298","53","26099430"
"chr3","9719702","9720023","chr5","152289740","152290053","50","142570038"
"chr3","9724864","9725164","chr10","42688790","42689090","39","32963926"
"chr3","9766132","9766416","chr4","192743710","192743994","57","182977578"
"chr3","9776421","9776711","chr12","104520924","104521217","47","94744503"
"chr3","9799130","9799202","chr21","27399405","27399476","11","17600275"
"chr3","9916664","9916956","chr2A","7839490","7839780","51","2077174"
"chr3","9947870","9948166","chr9","100118569","100118866","46","90170699"
"chr3","9976973","9977209","chr1","161736322","161736560","39","151759349"
"chr3","10002977","10003272","chr18","22650308","22650603","39","12647331"
"chr3","10031470","10031767","chr6","137732098","137732398","45","127700628"
"chr3","10040527","10040770","chr1","183374903","183375161","54","173334376"
"chr3","10054464","10054751","chr1","65854541","65854833","46","55800077"
"chr3","10107685","10107773","chr7","77837514","77837594","17","67729829"
"chr3","10135616","10135808","chr3","111589540","111589715","44","101453924"
"chr3","10185905","10186207","chr1","41534398","41534698","48","31348493"
"chr3","10233729","10233866","chr7","75537420","75537564","34","65303691"
"chr3","10249181","10249335","chrX","41479831","41479981","27","31230650"
"chr3","10292549","10292744","chr6","51710484","51710681","37","41417935"
"chr3","10325808","10326090","chr22","17590884","17591166","52","7265076"
"chr3","10334942","10335225","chr3","58416831","58417117","46","48081889"
"chr3","10374885","10375013","chr22","25291618","25291750","15","14916733"
"chr3","10398038","10398274","chr16","5529611","5529849","42","4868427"
"chr3","10430393","10430500","chr8","125626956","125627053","36","115196563"
"chr3","10494264","10494553","chr10","34876445","34876718","54","24382181"
"chr3","10524869","10525150","chr2B","111397219","111397512","44","100872350"
"chr3","10561339","10561637","chr4","200821253","200821559","47","190259914"
"chr3","10610840","10611121","chr1","23439755","23440042","42","12828915"
"chr3","10638632","10638929","chr1","144649497","144649804","48","134010865"
"chr3","10684561","10684669","chr4","115125522","115125634","27","104440961"
"chr3","10684988","10685164","chr6","18189802","18189976","33","7504814"
"chr3","10747517","10747794","chr1","117326083","117326371","57","106578566"
"chr3","10774157","10774465","chrX","65480507","65480814","43","54706350"
"chr3","10830884","10831192","chrX","119118845","119119165","57","108287961"
"chr3","10862511","10862839","chrX","43454853","43455168","61","32592342"
"chr3","10865291","10865401","chr10","11873055","11873169","29","1007764"
"chr3","10865693","10865854","chr12","70976860","70977021","35","60111167"
"chr3","10895358","10895667","chr14","288309","288603","64","10607049"
"chr3","10961570","10961876","chr17","82042401","82042710","45","71080831"
"chr3","10978521","10978823","chr5","126505026","126505325","45","115526505"
"chr3","11001974","11002277","chr7","130622734","130623042","52","119620760"
"chr3","11050685","11050992","chr10","120691337","120691649","43","109640652"
"chr3","11064337","11064621","chr15","47580427","47580716","49","36516090"
"chr3","11129672","11129958","chr4","97545528","97545824","52","86415856"
"chr3","11239921","11240226","chr6","22830711","22831004","51","11590790"
"chr3","11242513","11242718","chr13","31699097","31699298","36","20456584"
"chr3","11245058","11245181","chr3","46948804","46948928","18","35703746"
"chr3","11245206","11245389","chr1","162846265","162846444","32","151601059"
"chr3","11283657","11283944","chr3","158455759","158456055","41","147172102"
"chr3","11369750","11370019","chr3","138301723","138301996","60","126931973"
"chr3","11378137","11378426","chr1","214818063","214818354","55","203439926"
"chr3","11390296","11390511","chr3","72682616","72682820","40","61292320"
"chr3","11500863","11501119","chr8","34375044","34375294","46","22874181"
"chr3","11546597","11546856","chrX","116807939","116808197","43","105261342"
"chr3","11633921","11634085","chr2B","126388157","126388321","27","114754236"
"chr3","11695657","11695969","chr5","10111624","10111933","66","1584033"
"chr3","11707957","11708272","chr13","24086760","24087080","55","12378803"
"chr3","11742195","11742309","chr10","49571987","49572102","12","37829792"
"chr3","11745388","11745674","chr4","190675399","190675680","54","178930011"
"chr3","11778901","11779209","chr12","121276101","121276401","39","109497200"
"chr3","11823157","11823438","chrX","57926567","57926847","37","46103410"
"chr3","11846899","11847197","chr1","109964973","109965267","51","98118074"
"chr3","11852488","11852605","chrX","71154236","71154355","31","59301748"
"chr3","11853253","11853539","chr1","110534322","110534611","48","98681069"
"chr3","11985824","11986132","chr5","34215137","34215446","39","22229313"
"chr3","12054496","12054631","chr5","38957611","38957744","18","26903115"
"chr3","12054939","12055085","chr15","71825792","71825936","22","59770853"
"chr3","12061636","12061932","chr1","33205007","33205302","53","21143371"
"chr3","12094069","12094364","chr6","86361573","86361872","51","74267504"
"chr3","12094680","12094806","chr7","16483204","16483328","17","4388524"
"chr3","12097805","12098205","chr20","6893495","6893851","122","5204310"
"chr3","12098501","12098591","chr18","56826401","56826490","16","44727900"
"chr3","12113777","12114048","chr5","10048488","10048762","40","2065289"
"chr3","12114230","12114266","chr1","66042357","66042386","10","53928127"
"chr3","12143856","12144144","chr1","129799456","129799738","54","117655600"
"chr3","12147410","12147703","chr5","76346018","76346308","46","64198608"
"chr3","12154789","12155076","chr16","61870246","61870540","42","49715457"
"chr3","12159121","12159399","chr11","9392301","9392584","45","2766820"
"chr3","12188111","12188420","chr10","27665927","27666235","46","15477816"
"chr3","12201987","12202279","chr8","59854990","59855283","39","47653003"
"chr3","12231464","12231603","chrX","8837765","8837905","19","3393699"
"chr3","12241109","12241120","chr5","44320839","44320850","1","32079730"
"chr3","12241159","12241430","chr7","24452317","24452599","51","12211158"
"chr3","12250040","12250161","chr5","126110335","126110461","17","113860295"
"chr3","12285937","12286096","chr1","161925292","161925442","40","149639355"
"chr3","12292713","12293014","chr3","121298263","121298559","42","109005550"
"chr3","12321576","12321869","chr20","50802643","50802928","50","38481067"
"chr3","12322193","12322485","chr8","84303503","84303790","45","71981310"
"chr3","12358389","12358674","chr1","23563241","23563518","51","11204852"
"chr3","12387628","12387779","chr2B","122688533","122688683","20","110300905"
"chr3","12398479","12398780","chr2B","44073354","44073658","37","31674875"
"chr3","12400234","12400374","chr16","76225501","76225642","19","63825267"
"chr3","12400404","12400573","chr16","26673402","26673568","19","14272998"
"chr3","12420118","12420422","chr15","44457346","44457645","39","32037228"
"chr3","12441783","12442082","chr16","28927597","28927897","45","16485814"
"chr3","12533441","12533735","chr13","83167892","83168189","44","70634451"
"chr3","12556963","12557090","chr14","13375136","13375264","23","818173"
"chr3","12629060","12629293","chr10","31826517","31826744","38","19197457"
"chr3","12658394","12658678","chr8","103853182","103853465","42","91194788"
"chr3","12704708","12705020","chr4","89495006","89495313","61","76790298"
"chr3","12869318","12869621","chr7","65109556","65109856","47","52240238"
"chr3","12888670","12888984","chr7","111384807","111385115","51","98496137"
"chr3","12897795","12897903","chr18","61105034","61105147","15","48207239"
"chr3","12897966","12898138","chr6","137448651","137448824","23","124550685"
"chr3","12899169","12899330","chr10","37359456","37359617","25","24460287"
"chr3","12899370","12899492","chr15","37167051","37167175","16","24267681"
"chr3","12929227","12929535","chr5","34215137","34215446","52","21285910"
"chr3","12963721","12964021","chr1","68001907","68002211","44","55038186"
"chr3","12970036","12970190","chr1","28384625","28384774","30","15414589"
"chr3","12995229","12995513","chr7","24702825","24703108","45","11707596"
"chr3","13036178","13036526","chr1","25213421","25213752","55","12177243"
"chr3","13097065","13097360","chr19","15845191","15845490","46","2748126"
"chr3","13110523","13110787","chr6","11122909","11123178","43","1987614"
"chr3","13143731","13143970","chr12","66547947","66548183","36","53404216"
"chr3","13177930","13178044","chr15","44057785","44057904","27","30879855"
"chr3","13180020","13180310","chr9","106799866","106800156","40","93619846"
"chr3","13288163","13288295","chr20","3622723","3622855","15","9665440"
"chr3","13305379","13305691","chr5","34215137","34215446","46","20909758"
"chr3","13351259","13351273","chr1","27942730","27942743","2","14591471"
"chr3","13351317","13351600","chr1","44323118","44323400","44","30971801"
"chr3","13364144","13364430","chr14","39211827","39212110","42","25847683"
"chr3","13373329","13373613","chr7","137680296","137680578","46","124306967"
"chr3","13399022","13399153","chr12","9001577","9001712","20","4397445"
"chr3","13442236","13442528","chr6","11204932","11205226","44","2237304"
"chr3","13503060","13503393","chr14","76423071","76423401","70","62920011"
"chr3","13534107","13534382","chr4","184907152","184907443","50","171373045"
"chr3","13540578","13540704","chr10","115979660","115979787","24","102439082"
"chr3","13540728","13540890","chr3","186251082","186251250","29","172710354"
"chr3","13549220","13549523","chr10","32696099","32696398","55","19146879"
"chr3","13638574","13638749","chrX","4976103","4976274","28","8662471"
"chr3","13638836","13639144","chr3","50934507","50934804","51","37295671"
"chr3","13656939","13657240","chr1","75708117","75708419","38","62051178"
"chr3","13657967","13658271","chr9","69301913","69302215","42","55643946"
"chr3","13669612","13669761","chr9","111510295","111510428","41","97840683"
"chr3","13677431","13677735","chr1","36255390","36255687","54","22577959"
"chr3","13683229","13683537","chr6","112148811","112149116","40","98465582"
"chr3","13691612","13691922","chr2A","18587879","18588180","49","4896267"
"chr3","13694581","13694881","chr8","98694611","98694918","45","85000030"
"chr3","13707225","13707532","chr4","188742383","188742692","52","175035158"
"chr3","13788635","13788915","chr2B","112592027","112592310","39","98803392"
"chr3","13817741","13817873","chr1","32115147","32115279","14","18297406"
"chr3","13838933","13839190","chr18","34367187","34367451","53","20528254"
"chr3","13886294","13886416","chr22","25571363","25571488","17","11685069"
"chr3","13886460","13886627","chr1","38826252","38826421","28","24939792"
"chr3","13893220","13893494","chr2A","33316421","33316702","51","19423201"
"chr3","13897239","13897537","chr16","66585184","66585481","40","52687945"
"chr3","13936277","13936404","chr4","201135101","201135227","14","187198824"
"chr3","13949239","13949523","chr6","89988737","89989019","52","76039498"
"chr3","13958139","13958435","chr1","181737608","181737911","46","167779469"
"chr3","13975594","13975891","chr4","135125821","135126122","46","121150227"
"chr3","14016423","14016505","chr1","13208457","13208533","17","807966"
"chr3","14016766","14017009","chr2A","97216836","97217082","44","83200070"
"chr3","14070959","14071067","chr19","17098162","17098270","15","3027203"
"chr3","14071092","14071242","chr10","106463597","106463750","33","92392505"
"chr3","14102882","14103161","chr1","162656858","162657140","51","148553976"
"chr3","14126906","14127091","chr1","203553629","203553809","35","189426723"
"chr3","14127133","14127253","chr13","1060365","1060484","21","13066768"
"chr3","14128083","14128191","chr1","195201521","195201620","30","181073438"
"chr3","14209770","14210061","chr6","45713778","45714072","40","31504008"
"chr3","14210822","14211116","chr1","31395653","31395943","40","17184831"
"chr3","14232270","14232414","chr12","93908336","93908477","30","79676066"
"chr3","14232844","14233091","chr11","36704310","36704567","58","22471466"
"chr3","14279301","14279403","chr1","15551533","15551634","17","1272232"
"chr3","14288153","14288302","chr5","59374167","59374315","36","45086014"
"chr3","14288352","14288471","chr1","40880566","40880685","18","26592214"
"chr3","14318850","14319121","chr12","18894957","18895232","32","4576107"
"chr3","14367917","14368025","chr5","124538451","124538560","14","110170534"
"chr3","14394686","14394968","chr8","46097979","46098265","42","31703293"
"chr3","14548002","14548276","chr21","23869060","23869336","41","9321058"
"chr3","14702424","14702723","chr7","40557776","40558075","43","25855352"
"chr3","14739535","14739810","chr1","26682571","26682841","47","11943036"
"chr3","14746213","14746510","chr11","76719549","76719855","53","61973336"
"chr3","14777029","14777242","chr14","55411113","55411320","30","40634084"
"chr3","14807666","14807973","chr1","17472366","17472669","64","2664700"
"chr3","14856866","14857165","chr19","35699454","35699753","47","20842588"
"chr3","14891436","14891743","chr6","109295909","109296210","45","94404473"
"chr3","14923303","14923423","chr7","45451556","45451677","17","30528253"
"chr3","14923465","14923612","chr3","69531203","69531358","31","54607738"
"chr3","14948712","14949015","chr9","104384316","104384616","40","89435604"
"chr3","14952058","14952353","chr16","38878286","38878581","42","23926228"
"chr3","14980022","14980299","chr5","18981576","18981854","58","4001554"
"chr3","15071535","15071744","chr20","4910785","4910987","38","10160750"
"chr3","15109559","15109691","chr12","8001576","8001707","14","7107983"
"chr3","15315236","15315369","chrX","47697355","47697489","17","32382119"
"chr3","15315667","15315761","chr1","16258549","16258647","22","942882"
"chr3","15349222","15349416","chr7","89946671","89946866","34","74597449"
"chr3","15356767","15357025","chr4","177798497","177798754","41","162441730"
"chr3","15361132","15361397","chr5","32739792","32740066","56","17378660"
"chr3","15436628","15436934","chr1","51448493","51448801","56","36011865"
"chr3","15475252","15475487","chr5","34457795","34458032","40","18982543"
"chr3","15601408","15601701","chr6","151128421","151128713","49","135527013"
"chr3","15673015","15673306","chrX","15626538","15626809","52","46477"
"chr3","15738417","15738680","chr9","87770338","87770596","46","72031921"
"chr3","15778487","15778772","chr1","216275632","216275928","41","200497145"
"chr3","15787988","15788285","chr17","6475938","6476236","34","9312050"
"chr3","15789868","15790138","chr1","139828512","139828799","61","124038644"
"chr3","15848561","15848863","chr20","58175155","58175452","44","42326594"
"chr3","15909065","15909368","chr8","41984651","41984954","38","26075586"
"chr3","16007009","16007288","chr4","186276892","186277175","40","170269883"
"chr3","16008073","16008346","chr19","36455231","36455497","40","20447158"
"chr3","16038459","16038751","chr10","132230202","132230495","37","116191743"
"chr3","16093892","16094194","chr4","186224960","186225268","43","170131068"
"chr3","16110820","16110996","chr6","18189802","18189976","23","2078982"
"chr3","16111044","16111169","chr9","45252398","45252520","14","29141354"
"chr3","16111270","16111580","chr14","60319397","60319702","43","44208127"
"chr3","16148523","16148694","chr7","85395718","85395880","39","69247195"
"chr3","16179204","16179490","chr5","125703188","125703474","45","109523984"
"chr3","16179585","16179894","chrX","42312972","42313283","48","26133387"
"chr3","16216121","16216264","chr17","16974243","16974386","17","758122"
"chr3","16254907","16255193","chr1","115024612","115024895","47","98769705"
"chr3","16311355","16311636","chr1","150745742","150746024","31","134434387"
"chr3","16356852","16357036","chr8","32966273","32966459","35","16609421"
"chr3","16365061","16365378","chr3","49137205","49137505","72","32772144"
"chr3","16378830","16379118","chr12","10745479","10745770","40","5633351"
"chr3","16413067","16413350","chr1","102320513","102320796","37","85907446"
"chr3","16418533","16418839","chr3","29027730","29028033","37","12609197"
"chr3","16419810","16419931","chr11","68081085","68081207","15","51661275"
"chr3","16432006","16432292","chr4","185915318","185915602","46","169483312"
"chr3","16527331","16527427","chr8","78755818","78755916","11","62228487"
"chr3","16527471","16527682","chr9","113407332","113407547","31","96879861"
"chr3","16533955","16534251","chr2B","16744131","16744428","39","210176"
"chr3","16546192","16546489","chr1","31136599","31136900","49","14590407"
"chr3","16558112","16558411","chr14","60651660","60651957","36","44093548"
"chr3","16584097","16584252","chrX","41769452","41769608","22","25185355"
"chr3","16589852","16589957","chr19","44088351","44088458","15","27498499"
"chr3","16603483","16603615","chr14","86369247","86369382","19","69765764"
"chr3","16603927","16604091","chr16","10757237","10757400","22","5846690"
"chr3","16610739","16610998","chr7","67935116","67935386","48","51324377"
"chr3","16610999","16611115","chr6","85362783","85362893","21","68751784"
"chr3","16614517","16614638","chr7","45451556","45451677","13","28837039"
"chr3","16614672","16614834","chr18","18577424","18577586","27","1962752"
"chr3","16643750","16644020","chr2B","17653572","17653827","57","1009822"
"chr3","16708040","16708157","chr16","43849045","43849159","20","27141005"
"chr3","16710509","16710612","chr2A","75389404","75389507","11","58678895"
"chr3","16719810","16719897","chr4","121792827","121792913","10","105073017"
"chr3","16727972","16727983","chr2B","55614647","55614657","1","38886675"
"chr3","16728040","16728302","chr11","60174740","60174996","53","43446700"
"chr3","16752802","16753120","chr15","63405417","63405720","64","46652615"
"chr3","16781433","16781691","chr13","8662461","8662716","55","8118972"
"chr3","16800584","16800882","chr11","56728192","56728490","41","39927608"
"chr3","16904150","16904461","chr5","109928928","109929238","50","93024778"
"chr3","16921827","16922064","chr4","124122556","124122796","58","107200729"
"chr3","17014693","17014732","chr14","33172362","33172401","8","16157669"
"chr3","17123758","17124043","chr5","36574521","36574809","40","19450763"
"chr3","17201705","17201991","chr9","11846554","11846830","49","5355151"
"chr3","17209019","17209313","chr10","13381327","13381615","49","3827692"
"chr3","17215193","17215459","chrX","24803746","24804013","47","7588553"
"chr3","17232729","17232899","chr3","191386270","191386440","29","174153541"
"chr3","17244904","17245157","chr11","41390565","41390812","44","24145661"
"chr3","17256997","17257114","chr5","159476362","159476486","21","142219365"
"chr3","17352228","17352470","chr1","129339709","129339963","50","111987481"
"chr3","17414438","17414752","chr1","110988504","110988808","45","93574066"
"chr3","17621974","17622274","chr9","76710013","76710305","50","59088039"
"chr3","17656639","17656938","chr1","26955642","26955938","45","9299003"
"chr3","17680507","17680794","chr5","75762204","75762492","53","58081697"
"chr3","17738038","17738344","chr12","105869262","105869565","47","88131224"
"chr3","17752561","17752852","chr15","52121107","52121401","47","34368546"
"chr3","17757304","17757481","chr10","25277546","25277727","32","7520242"
"chr3","17768109","17768207","chr5","134361106","134361201","14","116592997"
"chr3","17789071","17789354","chr2A","33316421","33316702","36","15527350"
"chr3","18002076","18002366","chrX","136109691","136109977","50","118107615"
"chr3","18028523","18028809","chr2B","124977630","124977912","42","106949107"
"chr3","18041345","18041631","chr18","55411534","55411814","47","37370189"
"chr3","18129728","18129839","chr1","101740478","101740598","31","83610750"
"chr3","18129872","18130000","chr19","19930570","19930692","19","1800698"
"chr3","18192496","18192780","chr6","134692009","134692297","46","116499513"
"chr3","18197715","18198013","chr9","120149424","120149721","44","101951709"
"chr3","18302596","18302888","chr11","64143151","64143450","48","45840555"
"chr3","18351992","18352136","chr1","128500240","128500378","44","110148248"
"chr3","18377736","18377825","chr9","14268712","14268798","17","4109024"
"chr3","18389635","18389794","chr7","62486171","62486332","41","44096536"
"chr3","18418829","18419093","chrX","24284757","24285022","51","5865928"
"chr3","18491463","18491761","chr8","82894963","82895258","44","64403500"
"chr3","18513953","18514253","chr14","66269372","66269676","49","47755419"
"chr3","18516281","18516582","chr7","77548302","77548597","46","59032021"
"chr3","18541686","18541812","chr2B","26510248","26510376","25","7968562"
"chr3","18802965","18803232","chr8","96953172","96953440","47","78150207"
"chr3","18858374","18858639","chr2B","39398811","39399091","54","20540437"
"chr3","18864591","18864894","chr14","84130083","84130384","53","65265492"
"chr3","18916243","18916546","chr17","11889077","11889384","55","7027166"
"chr3","19000522","19000824","chr14","74699963","74700262","62","55699441"
"chr3","19025971","19026250","chr10","136068584","136068876","54","117042613"
"chr3","19036075","19036336","chr11","123511087","123511344","48","104475012"
"chr3","19051126","19051205","chr11","77211450","77211530","15","58160324"
"chr3","19125011","19125304","chr15","30997544","30997834","41","11872533"
"chr3","19216770","19217078","chr3","183837195","183837499","40","164620425"
"chr3","19311548","19311805","chr19","2781827","2782071","49","16529721"
"chr3","19334280","19334584","chr11","64143151","64143450","39","44808871"
"chr3","19341164","19341425","chr6","156972191","156972461","43","137631027"
"chr3","19365069","19365352","chr6","38673670","38673957","49","19308601"
"chr3","19373825","19373898","chr5","21970026","21970105","20","2596201"
"chr3","19522437","19522700","chr4","124359555","124359819","33","104837118"
"chr3","19589955","19590141","chr8","124598467","124598647","40","105008512"
"chr3","19595431","19595553","chr14","36120852","36120969","19","16525421"
"chr3","19614266","19614578","chr7","152799145","152799449","45","133184879"
"chr3","19644456","19644628","chr13","31587383","31587551","22","11942927"
"chr3","19644939","19645072","chr15","33916250","33916385","13","14271311"
"chr3","19662489","19662766","chr6","36106666","36106946","56","16444177"
"chr3","19680911","19681187","chrX","107717623","107717898","49","88036712"
"chr3","19710157","19710300","chr7","67055752","67055897","24","47345595"
"chr3","19712705","19712834","chr3","48027262","48027395","18","28314557"
"chr3","19712835","19713069","chr5","143786976","143787208","40","124074141"
"chr3","19713094","19713268","chr3","136107032","136107207","38","116393938"
"chr3","19749069","19749329","chr10","100354316","100354578","38","80605247"
"chr3","19750904","19751201","chr10","138255302","138255600","32","118504398"
"chr3","19764482","19764761","chr3","177668368","177668643","42","157903886"
"chr3","19767667","19767959","chr9","92362610","92362902","35","72594943"
"chr3","19772143","19772360","chr9","58683859","58684073","28","38911716"
"chr3","19772396","19772615","chr6","132580956","132581191","65","112808560"
"chr3","19778915","19779214","chr2B","100929351","100929648","34","81150436"
"chr3","19799565","19799842","chr9","74810773","74811056","44","55011208"
"chr3","19825703","19825991","chr3","199443194","199443483","34","179617491"
"chr3","19847639","19847950","chrX","41653232","41653540","47","21805593"
"chr3","19849403","19849674","chr3","179781249","179781524","54","159931846"
"chr3","19854986","19855285","chr19","35564249","35564547","41","15709263"
"chr3","19875881","19876045","chr8","101256453","101256611","26","81380572"
"chr3","19883835","19883977","chr7","56542204","56542354","23","36658369"
"chr3","19884119","19884283","chr7","84328628","84328793","25","64444509"
"chr3","19903442","19903481","chr6","46634436","46634480","9","26730994"
"chr3","19922593","19922676","chr11","67350015","67350098","10","47427422"
"chr3","19984408","19984542","chr1","78871057","78871188","17","58886649"
"chr3","19984858","19985024","chr12","109806371","109806534","26","89821513"
"chr3","19997179","19997480","chr10","50474252","50474554","37","30477073"
"chr3","20007609","20007911","chr15","20862023","20862327","44","854414"
"chr3","20023342","20023652","chr8","77654380","77654689","41","57631038"
"chr3","20065466","20065764","chr12","9468375","9468672","46","10597091"
"chr3","20070807","20071068","chr17","7150148","7150428","56","12920659"
"chr3","20080616","20080765","chr14","60740471","60740620","32","40659855"
"chr3","20080795","20081013","chr9","44289824","44290038","51","24209029"
"chr3","20084666","20084799","chr8","48754235","48754366","21","28669569"
"chr3","20085081","20085274","chr9","112436564","112436754","33","92351483"
"chr3","20104250","20104423","chr4","39726179","39726346","33","19621929"
"chr3","20104716","20104849","chr8","48754235","48754366","23","28649519"
"chr3","20112140","20112251","chr18","70098742","70098854","27","49986602"
"chr3","20118400","20118693","chr1","16259721","16260013","31","3858679"
"chr3","20119452","20119571","chr7","5414295","5414412","10","14705157"
"chr3","20157380","20157688","chr4","182319996","182320293","40","162162616"
"chr3","20230395","20230664","chr22","14272931","14273204","48","5957464"
"chr3","20325185","20325490","chr1","71218116","71218413","52","50892931"
"chr3","20325576","20325773","chr2A","14715993","14716191","39","5609583"
"chr3","20354598","20354902","chr1","13491740","13492042","40","6862858"
"chr3","20372525","20372811","chr1","46023983","46024273","36","25651458"
"chr3","20404389","20404669","chr22","17590884","17591166","34","2813505"
"chr3","20414768","20414914","chr12","61757055","61757195","18","41342287"
"chr3","20415189","20415345","chrX","33938283","33938440","23","13523094"
"chr3","20455899","20456168","chr8","96820557","96820821","41","76364658"
"chr3","20459231","20459524","chrX","49238016","49238318","47","28778785"
"chr3","20463257","20463550","chr3","52651662","52651956","37","32188405"
"chr3","20466367","20466638","chr12","10072626","10072898","48","10393741"
"chr3","20468709","20469003","chr4","181996382","181996671","42","161527673"
"chr3","20475045","20475347","chr1","217589702","217590005","44","197114657"
"chr3","20500674","20500809","chr5","118006764","118006899","16","97506090"
"chr3","20501115","20501267","chr16","15142417","15142570","27","5358698"
"chr3","20502236","20502514","chr4","181961631","181961903","41","161459395"
"chr3","20525914","20526188","chr12","125043920","125044194","60","104518006"
"chr3","20536378","20536625","chr7","86106741","86106989","40","65570363"
"chr3","20566292","20566586","chr12","38975287","38975583","37","18408995"
"chr3","20596051","20596337","chr11","46766203","46766491","39","26170152"
"chr3","20601598","20601913","chr7","158943212","158943520","47","138341614"
"chr3","20624596","20624874","chr9","114286899","114287177","49","93662303"
"chr3","20634855","20635168","chr1","207941442","207941741","57","187306587"
"chr3","20635850","20636149","chr11","68251296","68251593","45","47615446"
"chr3","20642128","20642432","chr7","27510300","27510604","29","6868172"
"chr3","20649024","20649301","chr6","65125780","65126051","42","44476756"
"chr3","20657398","20657709","chr11","76719549","76719855","42","56062151"
"chr3","20664137","20664441","chr15","63918693","63919001","40","43254556"
"chr3","20674935","20675261","chr12","35145652","35145972","39","14470717"
"chr3","20676382","20676683","chr9","109156859","109157153","50","88480477"
"chr3","20685653","20685818","chr5","2046390","2046563","34","18639263"
"chr3","20702333","20702626","chr8","76202865","76203159","40","55500532"
"chr3","20726942","20727244","chrX","41951467","41951767","36","21224525"
"chr3","20738094","20738401","chr1","91995422","91995729","56","71257328"
"chr3","20748699","20749001","chr2B","134493045","134493342","50","113744346"
"chr3","20768940","20769169","chr1","14673678","14673907","35","6095262"
"chr3","20785563","20785859","chr4","72043971","72044268","46","51258408"
"chr3","20819696","20819995","chr9","75608442","75608743","40","54788746"
"chr3","20841085","20841378","chr10","13827691","13827980","48","7013394"
"chr3","20854861","20855155","chr8","101544594","101544890","51","80689733"
"chr3","20972918","20973046","chr21","18152763","18152896","26","2820155"
"chr3","20976105","20976392","chr2B","48642767","48643053","46","27666662"
"chr3","20987621","20987903","chr20","48240693","48240983","39","27253072"
"chr3","21013716","21014014","chr14","85488580","85488880","45","64474864"
"chr3","21045509","21045804","chrX","123684297","123684589","36","102638788"
"chr3","21099939","21100124","chr21","22638055","22638242","27","1538116"
"chr3","21100814","21100933","chrX","142351097","142351216","17","121250283"
"chr3","21100957","21101085","chr1","101740478","101740598","35","80639521"
"chr3","21121978","21122254","chr3","163084040","163084320","44","141962062"
"chr3","21184197","21184411","chr6","5478779","5478995","29","15705418"
"chr3","21203960","21204263","chr9","104384316","104384616","40","83180356"
"chr3","21273037","21273163","chr4","98309554","98309680","12","77036517"
"chr3","21293010","21293160","chr1","213048901","213049051","19","191755891"
"chr3","21306685","21306987","chr5","41690058","41690354","51","20383373"
"chr3","21337609","21337783","chr8","54985814","54985992","31","33648205"
"chr3","21536090","21536353","chr20","39746612","39746886","43","18210522"
"chr3","21540769","21541073","chr4","171275502","171275800","46","149734733"
"chr3","21565953","21566219","chr2A","33316421","33316702","50","11750468"
"chr3","21654588","21654878","chrX","119232132","119232423","32","97577544"
"chr3","21665736","21665938","chr2A","5932886","5933090","27","15732850"
"chr3","21666046","21666136","chr9","76138734","76138819","15","54472688"
"chr3","21686366","21686622","chr6","322275","322522","54","21364091"
"chr3","21687991","21688262","chr1","27826241","27826514","45","6138250"
"chr3","21750574","21750892","chr7","5846026","5846339","50","15904548"
"chr3","21763061","21763362","chr10","37542192","37542503","50","15779131"
"chr3","21991201","21991490","chr12","104487268","104487549","63","82496067"
"chr3","21999555","21999817","chr19","20017980","20018239","68","1981575"
"chr3","22030062","22030363","chr7","21217030","21217325","52","813032"
"chr3","22043729","22044029","chr14","57890370","57890675","52","35846641"
"chr3","22119917","22120206","chr7","80062229","80062529","45","57942312"
"chr3","22155318","22155483","chr10","40668780","40668944","26","18513462"
"chr3","22367331","22367673","chr6","16028924","16029259","63","6338407"
"chr3","22557137","22557271","chr9","73304345","73304486","23","50747208"
"chr3","22623284","22623414","chr15","37731910","37732045","19","15108626"
"chr3","22624082","22624239","chr7","48329254","48329410","34","25705172"
"chr3","22628832","22628988","chr6","151485346","151485504","27","128856514"
"chr3","22629033","22629133","chrX","130061565","130061661","22","107432532"
"chr3","22801190","22801502","chr10","112297321","112297630","48","89496131"
"chr3","22805629","22805839","chr11","122972234","122972440","41","100166605"
"chr3","22809672","22809954","chr4","72274168","72274453","54","49464496"
"chr3","22815538","22815714","chr1","155179522","155179671","53","132363984"
"chr3","22862332","22862645","chr9","55696467","55696771","67","32834135"
"chr3","22972024","22972336","chr19","37982590","37982895","52","15010566"
"chr3","23105207","23105500","chr8","126026839","126027127","50","102921632"
"chr3","23163056","23163343","chr12","3061473","3061752","48","20101583"
"chr3","23268469","23268756","chr5","7627199","7627488","49","15641270"
"chr3","23298258","23298552","chr7","43629933","43630225","40","20331675"
"chr3","23383918","23384207","chr19","35478260","35478554","42","12094342"
"chr3","23385722","23386035","chr21","27650885","27651193","43","4265163"
"chr3","23431309","23431599","chr4","104628818","104629113","47","81197509"
"chr3","23444449","23444624","chr13","33989108","33989289","36","10544659"
"chr3","23553878","23554171","chr6","45713778","45714072","43","22159900"
"chr3","23816620","23816907","chr8","142760753","142761043","61","118944133"
"chr3","25191656","25191927","chr3","9799141","9799429","67","15392515"
"chr3","25194039","25194325","chr1","66013128","66013418","69","40819089"
"chr3","25353237","25353534","chr1","32797747","32798044","46","7444510"
"chr3","25355022","25355310","chr1","185242885","185243179","49","159887863"
"chr3","25364215","25364435","chr1","88137670","88137897","43","62773455"
"chr3","25390133","25390261","chr8","78048246","78048380","16","52658113"
"chr3","25428576","25428874","chr3","20616514","20616805","48","4812062"
"chr3","25434879","25435004","chr11","110109932","110110059","19","84675053"
"chr3","25483330","25483619","chrX","47906942","47907236","33","22423612"
"chr3","25492288","25492302","chr4","23004479","23004492","2","2487809"
"chr3","25492335","25492626","chr14","10323743","10324034","35","15168592"
"chr3","25575404","25575699","chr6","48058765","48059050","50","22483361"
"chr3","25697110","25697421","chr12","124365597","124365901","68","98668487"
"chr3","25704969","25705269","chr1","16812639","16812946","46","8892330"
"chr3","25723328","25723628","chr3","125068067","125068363","44","99344739"
"chr3","25758667","25758966","chr5","2973594","2973889","52","22785073"
"chr3","25791215","25791328","chr9","89031464","89031579","13","63240249"
"chr3","25866907","25867208","chr3","42788373","42788672","37","16921466"
"chr3","25898675","25898959","chrX","17297985","17298267","48","8600690"
"chr3","25901339","25901607","chr10","34876445","34876718","43","8975106"
"chr3","25953376","25953505","chr11","120280731","120280862","13","94327355"
"chr3","25954110","25954426","chr19","4986222","4986544","52","20967888"
"chr3","25963951","25964213","chr7","104284214","104284471","46","78320263"
"chr3","25971051","25971183","chr4","178138031","178138163","19","152166980"
"chr3","25992595","25992808","chr17","3614784","3614991","28","22377811"
"chr3","26005049","26005173","chr14","67335287","67335411","14","41330238"
"chr3","26020113","26020397","chr5","75762204","75762492","37","49742091"
"chr3","26053277","26053416","chrX","29956184","29956325","23","3902907"
"chr3","26062475","26062552","chr4","25162416","25162494","14","900059"
"chr3","26079787","26079874","chr15","71042468","71042552","13","44962681"
"chr3","26079908","26080091","chr22","22212113","22212291","36","3867795"
"chr3","26140128","26140415","chr5","9460113","9460406","41","16680015"
"chr3","26165870","26166171","chr1","21018345","21018652","49","5147525"
"chr3","26174017","26174309","chr2B","64345530","64345820","48","38171513"
"chr3","26181893","26182197","chr4","131160410","131160715","40","104978517"
"chr3","26207353","26207478","chr5","126110335","126110461","15","99902982"
"chr3","26207521","26207689","chr18","4219736","4219903","25","21987785"
"chr3","26217384","26217517","chr5","15330940","15331072","23","10886444"
"chr3","26217815","26217985","chr6","18189802","18189976","31","8028013"
"chr3","26237380","26237641","chr14","57676741","57676996","42","31439361"
"chr3","26257853","26257990","chr8","118134000","118134134","18","91876147"
"chr3","26261123","26261408","chr17","888730","889009","42","25372393"
"chr3","26263223","26263392","chr12","60115192","60115368","29","33851969"
"chr3","26288724","26289029","chr5","17576583","17576892","46","8712141"
"chr3","26290071","26290367","chr1","23538342","23538639","40","2751729"
"chr3","26294447","26294760","chr3","42788373","42788672","47","16493926"
"chr3","26297782","26298078","chr7","130523791","130524080","42","104226009"
"chr3","26305227","26305535","chr5","2098655","2098966","43","24206572"
"chr3","26311411","26311719","chrX","133347328","133347631","47","107035917"
"chr3","26313287","26313613","chr14","56658772","56659095","61","30345485"
"chr3","26330727","26330983","chr4","177798497","177798754","39","151467770"
"chr3","26338206","26338495","chr3","151894114","151894404","37","125555908"
"chr3","26340540","26340672","chr12","35675297","35675429","11","9334757"
"chr3","26351387","26351465","chr3","51985331","51985407","9","25633944"
"chr3","26352522","26352691","chr17","1300232","1300420","41","25052290"
"chr3","26357904","26358189","chr4","94547293","94547583","51","68189389"
"chr3","26363172","26363455","chr19","55769394","55769682","49","29406222"
"chr3","26364754","26364885","chr14","60537815","60537947","16","34173061"
"chr3","26365207","26365366","chrX","41769452","41769608","23","15404245"
"chr3","26370873","26371170","chr15","20286636","20286933","57","6084237"
"chr3","26374835","26374948","chr16","10901222","10901339","16","15473613"
"chr3","26377294","26377606","chr5","34215137","34215446","46","7837843"
"chr3","26379375","26379516","chr14","85805329","85805476","23","59425954"
"chr3","26380683","26380843","chr6","20955212","20955371","32","5425471"
"chr3","26381142","26381349","chr9","70455954","70456160","44","44074812"
"chr3","26381655","26381784","chr19","39008817","39008946","27","12627162"
"chr3","26382280","26382581","chr1","97048696","97048997","48","70666416"
"chr3","26383057","26383340","chr13","80927453","80927755","49","54544396"
"chr3","26383459","26383746","chr6","150208577","150208872","51","123825118"
"chr3","26385458","26385559","chr2A","60336485","60336586","18","33951027"
"chr3","26393205","26393374","chr8","146552736","146552899","46","120159531"
"chr3","26393708","26393793","chr1","821178","821261","21","25572530"
"chr3","26397372","26397671","chr6","164771963","164772271","50","138374591"
"chr3","26402341","26402562","chr17","57183384","57183600","32","30781043"
"chr3","26402584","26402602","chr21","27532217","27532234","3","1129633"
"chr3","26409171","26409483","chr16","68500343","68500649","42","42091172"
"chr3","26409823","26410119","chr4","96085922","96086220","38","69676099"
"chr3","26411763","26412053","chr1","157862941","157863238","47","131451178"
"chr3","26412638","26412765","chr2B","129831786","129831912","20","103419148"
"chr3","26414643","26414932","chr2A","89221136","89221426","45","62806493"
"chr3","26435475","26435769","chrX","77486394","77486689","42","51050919"
"chr3","26442355","26442537","chr14","56791162","56791337","35","30348807"
"chr3","26442541","26442826","chr1","145866574","145866859","40","119424033"
"chr3","26452966","26453265","chr4","2570442","2570744","36","23882524"
"chr3","26455515","26455630","chr1","34945076","34945188","18","8489561"
"chr3","26472442","26472546","chr7","6023288","6023391","25","20449154"
"chr3","26474511","26474812","chr6","165397384","165397679","41","138922873"
"chr3","26483597","26483863","chr1","215664612","215664870","45","189181015"
"chr3","26508819","26509093","chr1","95064891","95065177","53","68556072"
"chr3","26514494","26514750","chr2B","70971927","70972187","54","44457433"
"chr3","26521067","26521165","chr11","120374918","120375017","22","93853851"
"chr3","26538877","26538917","chr1","5717386","5717430","10","20821491"
"chr3","26541751","26541977","chr3","169208122","169208346","66","142666371"
"chr3","26560240","26560476","chr5","34462257","34462476","47","7902017"
"chr3","26561396","26561479","chr15","64251353","64251429","18","37689957"
"chr3","26561814","26562096","chr4","182166200","182166490","46","155604386"
"chr3","26584051","26584319","chr17","3819727","3819997","58","22764324"
"chr3","26584423","26584732","chr5","34215137","34215446","39","7630714"
"chr3","26586057","26586337","chr18","4920165","4920448","59","21665892"
"chr3","26601452","26601756","chr15","69469784","69470086","47","42868332"
"chr3","26608400","26608708","chr3","33625381","33625685","54","7016981"
"chr3","26609400","26609668","chr14","38348718","38348980","47","11739318"
"chr3","26623997","26624301","chr1","189189671","189189974","63","162565674"
"chr3","26701171","26701475","chr4","459155","459458","39","26242016"
"chr3","26716757","26716880","chr3","61302302","61302427","17","34585545"
"chr3","26716931","26717117","chr5","47303712","47303893","27","20586781"
"chr3","26781969","26782272","chr1","25847855","25848157","48","934114"
"chr3","26883805","26884104","chr5","51575453","51575752","53","24691648"
"chr3","26887078","26887111","chr19","19062873","19062910","11","7824205"
"chr3","26905801","26906085","chr7","74977675","74977964","58","48071874"
"chr3","26946195","26946495","chr12","109472207","109472508","41","82526012"
"chr3","26997229","26997516","chr1","148846882","148847176","42","121849653"
"chr3","27012325","27012612","chr1","9683728","9684022","50","17328597"
"chr3","27188738","27189033","chr10","90172911","90173207","43","62984173"
"chr3","27239508","27239819","chr9","108641235","108641541","56","81401727"
"chr3","27296809","27296927","chr18","76112123","76112237","22","48815314"
"chr3","27327760","27328023","chr2B","123223770","123224037","51","95896010"
"chr3","27438110","27438379","chr2B","94337341","94337613","55","66899231"
"chr3","27513384","27513513","chr12","38883363","38883488","21","11369979"
"chr3","27513632","27513808","chr6","109152771","109152938","29","81639139"
"chr3","27553971","27554128","chr5","138512365","138512523","33","110958394"
"chr3","27557530","27557663","chr8","104899092","104899219","20","77341562"
"chr3","27595768","27595922","chrX","140021553","140021703","29","112425785"
"chr3","27622111","27622410","chr5","64079727","64080026","41","36457616"
"chr3","27657509","27657800","chr19","36025272","36025565","49","8367763"
"chr3","27728023","27728311","chr8","47619379","47619670","38","19891356"
"chr3","28051953","28052116","chr16","53227498","53227665","48","25175545"
"chr3","28113280","28113565","chr7","40876148","40876428","39","12762868"
"chr3","28146053","28146330","chr1","116008564","116008849","54","87862511"
"chr3","28231986","28232166","chr10","34990756","34990934","27","6758770"
"chr3","28238252","28238511","chr7","154955400","154955660","56","126717148"
"chr3","28252737","28253048","chr8","131063195","131063505","45","102810458"
"chr3","28257599","28257900","chrX","127137255","127137555","38","98879656"
"chr3","28345347","28345642","chr3","189974149","189974445","36","161628802"
"chr3","28398789","28399082","chr4","176036591","176036888","49","147637802"
"chr3","28432619","28432887","chr3","2976613","2976879","57","25456006"
"chr3","28434586","28434710","chr2B","89205640","89205764","17","60771054"
"chr3","28507120","28507425","chr4","110248134","110248433","52","81741014"
"chr3","28619774","28620075","chr5","22622178","22622477","48","5997596"
"chr3","28647801","28647926","chr4","81900404","81900528","23","53252603"
"chr3","28939967","28940278","chr3","158411510","158411818","39","129471543"
"chr3","28945130","28945360","chr1","184990547","184990775","34","156045417"
"chr3","28989831","28990124","chr15","23384965","23385256","40","5604866"
"chr3","29002065","29002329","chrX","118839599","118839848","45","89837534"
"chr3","29005310","29005603","chr6","108924267","108924560","45","79918957"
"chr3","29007743","29007975","chr12","12175408","12175634","42","16832335"
"chr3","29110226","29110370","chr3","151890591","151890737","20","122780365"
"chr3","29113390","29113679","chr2A","105754001","105754289","44","76640611"
"chr3","29201690","29201992","chr4","175317056","175317360","46","146115366"
"chr3","29219981","29220289","chrX","128923641","128923950","40","99703660"
"chr3","29591532","29591655","chr1","47033279","47033407","27","17441747"
"chr3","29614079","29614346","chr19","29168390","29168656","43","445689"
"chr3","29657958","29658229","chr17","3834201","3834472","49","25823757"
"chr3","29687441","29687667","chr4","174896943","174897170","36","145209502"
"chr3","29688565","29688853","chr6","45713778","45714072","61","16025213"
"chr3","29721780","29722018","chr19","6604759","6604996","43","23117021"
"chr3","29754236","29754279","chr6","46634436","46634480","9","16880200"
"chr3","29787638","29787947","chr2B","131851820","131852127","38","102064182"
"chr3","29881322","29881623","chr8","78156621","78156921","48","48275299"
"chr3","29896411","29896711","chr4","174708713","174709021","53","144812302"
"chr3","29939734","29940021","chr4","93822250","93822554","52","63882516"
"chr3","29967476","29967778","chr14","110301","110606","40","29857175"
"chr3","29976095","29976331","chr1","143480650","143480885","51","113504555"
"chr3","30004526","30004567","chr4","39057990","39058030","6","9053464"
"chr3","30011999","30012276","chr19","10956925","10957189","55","19055074"
"chr3","30055233","30055522","chr3","160736782","160737074","45","130681549"
"chr3","30089046","30089308","chr3","192382681","192382943","58","162293635"
"chr3","30094109","30094216","chr1","64666644","64666758","19","34572535"
"chr3","30113644","30113819","chrUn_CABD030130719v1","1291","1464","22","30112353"
"chr3","30124121","30124407","chr11","28737900","28738190","46","1386221"
"chr3","30166098","30166378","chr5","6654269","6654550","64","23511829"
"chr3","30171059","30171163","chr17","78676430","78676535","10","48505371"
"chr3","30314799","30315088","chr8","61643728","61644022","54","31328929"
"chr3","30335268","30335564","chr8","76292317","76292607","53","45957049"
"chr3","30352848","30353161","chr10","24922310","24922610","47","5430538"
"chr3","30416933","30417200","chrX","18875176","18875442","41","11541757"
"chr3","30456028","30456307","chr9","111762498","111762778","50","81306470"
"chr3","30507456","30507776","chr3","196949461","196949772","65","166442005"
"chr3","30529794","30529927","chr1","215871392","215871529","22","185341598"
"chr3","30539899","30540033","chr5","14477646","14477774","25","16062253"
"chr3","30574994","30575303","chr4","101565051","101565368","52","70990057"
"chr3","30706698","30707001","chr19","50003822","50004120","51","19297124"
"chr3","30775033","30775331","chr7","48275505","48275805","44","17500472"
"chr3","30881050","30881346","chr3","50367144","50367439","51","19486094"
"chr3","30903508","30903799","chr1","143449658","143449944","50","112546150"
"chr3","30944829","30944987","chr3","52583301","52583455","29","21638472"
"chr3","31093354","31093650","chr11","47222402","47222700","46","16129048"
"chr3","31107559","31107857","chr10","65415651","65415946","38","34308092"
"chr3","31171286","31171472","chr15","51640692","51640861","35","20469406"
"chr3","31171773","31171889","chr6","43500320","43500437","15","12328547"
"chr3","31178203","31178331","chr15","18812412","18812537","18","12365791"
"chr3","31212887","31213078","chr19","1132425","1132603","57","30080462"
"chr3","31213577","31213868","chr1","218535138","218535423","57","187321561"
"chr3","31336152","31336450","chr5","126117541","126117835","45","94781389"
"chr3","31534831","31535128","chr9","41878230","41878523","45","10343399"
"chr3","31541261","31541372","chr21","27965813","27965925","12","3575448"
"chr3","31579493","31579802","chr9","87293681","87293983","56","55714188"
"chr3","31624727","31624850","chr15","73119233","73119360","18","41494506"
"chr3","31733343","31733602","chr14","48718565","48718825","50","16985222"
"chr3","31841020","31841353","chr20","30107296","30107629","60","1733724"
"chr3","31923023","31923321","chr1","36537495","36537790","52","4614472"
"chr3","32016866","32017155","chr3","186900192","186900481","47","154883326"
"chr3","32018161","32018450","chr2B","106113967","106114264","50","74095806"
"chr3","32033843","32034139","chr14","87673825","87674115","41","55639982"
"chr3","32064347","32064650","chr1","192905680","192905977","41","160841333"
"chr3","32143743","32144023","chr13","9716804","9717101","45","22426939"
"chr3","32150327","32150625","chr3","45227967","45228264","53","13077640"
"chr3","32167579","32167694","chr14","68772219","68772335","15","36604640"
"chr3","32182498","32182796","chr5","45914070","45914364","46","13731572"
"chr3","32212450","32212725","chr1","10080756","10081034","44","22131694"
"chr3","32230127","32230452","chr5","133549781","133550101","42","101319654"
"chr3","32252254","32252558","chr4","114203857","114204146","62","81951603"
"chr3","32285775","32286077","chr9","16423254","16423552","46","15862521"
"chr3","32475250","32475526","chr4","121348458","121348736","47","88873208"
"chr3","32500020","32500164","chr16","79122201","79122337","29","46622181"
"chr3","32582450","32582748","chr4","190930913","190931208","40","158348463"
"chr3","32591631","32591939","chr12","41069795","41070107","46","8478164"
"chr3","32659953","32660257","chr4","172060214","172060520","40","139400261"
"chr3","32666756","32667055","chr6","137802054","137802357","51","105135298"
"chr3","32668934","32669230","chr13","1064969","1065265","43","31603965"
"chr3","32684477","32684648","chr1","126226950","126227121","26","93542473"
"chr3","32696740","32697001","chr19","10956925","10957189","41","21739815"
"chr3","32715712","32715880","chr14","29833303","29833463","27","2882409"
"chr3","32716186","32716308","chr4","159635447","159635579","20","126919261"
"chr3","32740422","32740578","chr6","91253106","91253262","31","58512684"
"chr3","32741051","32741174","chr1","117281757","117281881","16","84540706"
"chr3","32744987","32745256","chr4","158588791","158589052","48","125843804"
"chr3","32747994","32748280","chr2A","96876163","96876448","42","64128169"
"chr3","32783049","32783359","chr4","171929280","171929582","54","139146231"
"chr3","32887462","32887767","chr5","40871179","40871482","39","7983717"
"chr3","32936123","32936419","chr16","53713086","53713382","45","20776963"
"chr3","32945783","32946071","chr3","68006102","68006392","53","35060319"
"chr3","32962402","32962434","chr5","4962002","4962037","7","28000400"
"chr3","32964889","32965057","chr7","138315816","138315985","30","105350927"
"chr3","33071204","33071496","chr4","171661762","171662050","47","138590558"
"chr3","33072152","33072333","chr1","203553629","203553809","29","170481477"
"chr3","33072369","33072483","chr7","4946810","4946930","28","28125559"
"chr3","33073773","33073935","chr10","148054018","148054180","26","114980245"
"chr3","33073958","33074082","chr19","35381244","35381370","19","2307286"
"chr3","33078782","33079079","chr11","56648134","56648436","47","23569352"
"chr3","33094773","33094869","chr1","198365932","198366023","21","165271159"
"chr3","33095729","33095850","chr1","14802147","14802270","14","18293582"
"chr3","33109215","33109486","chr7","68258839","68259112","45","35149624"
"chr3","33119326","33119409","chrX","130584196","130584288","24","97464870"
"chr3","33155557","33155824","chr4","171582526","171582811","47","138426969"
"chr3","33159502","33159802","chr3","126321458","126321762","43","93161956"
"chr3","33178260","33178554","chr6","45713778","45714072","36","12535518"
"chr3","33193236","33193545","chr8","141066904","141067212","39","107873668"
"chr3","33193921","33194217","chr12","108713488","108713785","42","75519567"
"chr3","33194798","33195069","chr9","60248315","60248587","45","27053517"
"chr3","33230493","33230768","chr10","17481907","17482175","42","15748586"
"chr3","33236695","33236988","chr5","18074268","18074553","50","15162427"
"chr3","33245993","33246281","chr12","1147000","1147290","41","32098993"
"chr3","33336579","33336710","chrX","376907","377041","21","32959672"
"chr3","33392148","33392331","chr5","61177586","61177769","35","27785438"
"chr3","33405382","33405669","chr2A","44536946","44537237","44","11131564"
"chr3","33407196","33407489","chr4","172504170","172504467","44","139096974"
"chr3","33452383","33452685","chr10","27228653","27228956","37","6223730"
"chr3","33472986","33473091","chr3","187185621","187185727","16","153712635"
"chr3","33491879","33492167","chr6","14171953","14172242","42","19319926"
"chr3","33500048","33500334","chr11","65787500","65787788","39","32287452"
"chr3","33528686","33528915","chr4","171191912","171192140","33","137663226"
"chr3","33542358","33542648","chr4","110869326","110869610","38","77326968"
"chr3","33602418","33602585","chr9","94656201","94656363","28","61053783"
"chr3","33635795","33636016","chr8","17622637","17622864","30","16013158"
"chr3","33702337","33702519","chr9","69544552","69544726","33","35842215"
"chr3","33702809","33702943","chr16","81147975","81148108","18","47445166"
"chr3","33741724","33741784","chr12","7985140","7985201","8","25756584"
"chr3","33760286","33760578","chr1","212745117","212745410","43","178984831"
"chr3","33799743","33799779","chr5","59035156","59035184","12","25235413"
"chr3","33862833","33862912","chr17","17274276","17274354","20","16588557"
"chr3","33903659","33903773","chr3","50836150","50836264","9","16932491"
"chr3","34070056","34070287","chr11","119164601","119164837","34","85094545"
"chr3","34140571","34140774","chr3","76811784","76811996","35","42671213"
"chr3","34140816","34140894","chr2A","83044177","83044258","19","48903361"
"chr3","34157482","34157776","chr20","48240693","48240983","38","14083211"
"chr3","34165339","34165504","chr3","172654930","172655092","25","138489591"
"chr3","34171969","34172104","chr5","39281207","39281341","20","5109238"
"chr3","34181643","34181942","chr3","135056483","135056780","44","100874840"
"chr3","34242821","34243109","chr6","75611850","75612132","57","41369029"
"chr3","34281585","34281704","chr13","43518473","43518596","17","9236888"
"chr3","34281737","34281930","chr8","65573151","65573339","33","31291414"
"chr3","34452770","34453066","chr17","63805578","63805863","61","29352808"
"chr3","34674006","34674262","chr19","15603236","15603497","49","19070770"
"chr3","34822566","34822893","chr1","70324923","70325245","53","35502357"
"chr3","34867609","34867897","chr5","75762204","75762492","42","40894595"
"chr3","34968167","34968258","chr3","187645509","187645597","15","152677342"
"chr3","35015961","35016265","chr21","30658994","30659298","46","4356967"
"chr3","35050359","35050658","chr10","5658862","5659157","52","29391497"
"chr3","35084817","35085015","chrX","74273360","74273539","49","39188543"
"chr3","35148952","35149083","chr21","31662246","31662382","12","3486706"
"chr3","35165266","35165532","chr6","14190110","14190393","60","20975156"
"chr3","35204577","35204678","chr18","69438895","69438999","25","34234318"
"chr3","35207051","35207255","chr16","18215325","18215521","32","16991726"
"chr3","35303359","35303645","chr5","162573860","162574148","48","127270501"
"chr3","35306687","35306980","chr13","91667366","91667654","37","56360679"
"chr3","35317817","35318084","chr2A","97364116","97364392","49","62046299"
"chr3","35353234","35353491","chr2A","78142430","78142688","43","42789196"
"chr3","35359927","35359980","chr1","133295808","133295853","21","97935881"
"chr3","35360013","35360058","chr1","133295808","133295853","12","97935795"
"chr3","35393856","35394141","chr9","92362610","92362902","54","56968754"
"chr3","35403522","35403835","chr5","34215137","34215446","49","1188385"
"chr3","35451402","35451693","chrX","45119872","45120162","62","9668470"
"chr3","35506105","35506296","chr13","55353863","55354052","41","19847758"
"chr3","35557189","35557461","chr4","169236495","169236773","46","133679306"
"chr3","35568658","35568935","chr1","192523055","192523333","52","156954397"
"chr3","35790936","35791237","chr5","34215137","34215446","56","1575799"
"chr3","35836856","35837211","chr4","168981631","168981968","71","133144775"
"chr3","35892021","35892338","chr1","205863329","205863635","50","169971308"
"chr3","35893754","35894080","chr12","35145652","35145972","58","748102"
"chr3","36027118","36027391","chr20","43876754","43877024","50","7849636"
"chr3","36045323","36045615","chr8","48946739","48947034","39","12901416"
"chr3","36063464","36063763","chr10","17893077","17893384","73","18170387"
"chr3","36185354","36185669","chr4","168659476","168659783","41","132474122"
"chr3","36190598","36190859","chrX","9679871","9680143","52","26510727"
"chr3","36222465","36222772","chr5","25147051","25147361","55","11075414"
"chr3","36251671","36251959","chr4","110869326","110869610","45","74617655"
"chr3","36369490","36369771","chr5","9027710","9028004","50","27341780"
"chr3","36380630","36380900","chrX","24803746","24804013","44","11576884"
"chr3","36453503","36453800","chr8","9756252","9756551","46","26697251"
"chr3","36453805","36454092","chr7","74909601","74909890","49","38455796"
"chr3","36460819","36460961","chr3","152804465","152804602","30","116343646"
"chr3","36460985","36461129","chr9","13222358","13222493","25","23238627"
"chr3","36493906","36494187","chr12","121719493","121719774","44","85225587"
"chr3","36515817","36515943","chr15","73119233","73119360","17","36603416"
"chr3","36642273","36642528","chr15","11984493","11984747","38","24657780"
"chr3","36644798","36645089","chr5","1428047","1428338","56","35216751"
"chr3","36754787","36754874","chr18","17696779","17696867","13","19058008"
"chr3","36755618","36755633","chr16","72352289","72352305","1","35596671"
"chr3","36807151","36807420","chr4","168091244","168091512","38","131284093"
"chr3","36814199","36814485","chr9","11846554","11846830","50","24967645"
"chr3","36855191","36855321","chr2A","63181773","63181905","19","26326582"
"chr3","36861427","36861551","chr5","14477646","14477774","25","22383781"
"chr3","36983917","36984205","chr7","4409041","4409339","41","32574876"
"chr3","36985489","36985790","chr3","144211774","144212073","51","107226285"
"chr3","37021369","37021461","chr4","121757665","121757759","23","84736296"
"chr3","37082767","37083074","chr11","33205778","33206081","49","3876989"
"chr3","37151109","37151236","chr6","28343524","28343651","14","8807585"
"chr3","37158227","37158537","chr3","48659455","48659766","48","11501228"
"chr3","37193210","37193463","chr9","30536312","30536575","54","6656898"
"chr3","37348028","37348301","chr9","103813748","103814025","54","66465720"
"chr3","37348307","37348488","chr16","59116553","59116733","40","21768246"
"chr3","37382111","37382407","chr10","148365131","148365427","37","110983020"
"chr3","37400586","37400867","chr3","115661917","115662214","47","78261331"
"chr3","37439455","37439556","chr17","92118913","92119012","21","54679458"
"chr3","37454670","37454956","chr16","53211839","53212125","43","15757169"
"chr3","37473173","37473458","chr1","78508506","78508789","44","41035333"
"chr3","37480223","37480512","chr5","35234993","35235284","55","2245230"
"chr3","37480518","37480699","chr5","133168102","133168276","41","95687584"
"chr3","37553239","37553483","chr1","152422398","152422642","44","114869159"
"chr3","37681971","37682262","chr12","123479815","123480109","57","85797844"
"chr3","37879279","37879559","chrX","44828311","44828598","49","6949032"
"chr3","37930150","37930436","chr2B","36345748","36346030","51","1584402"
"chr3","37950784","37951095","chr11","118844456","118844765","54","80893672"
"chr3","37951245","37951349","chr3","110475246","110475354","17","72524001"
"chr3","37980639","37980763","chr9","45252398","45252520","17","7271759"
"chr3","37995880","37996125","chr12","123508374","123508624","51","85512494"
"chr3","38020498","38020789","chr7","139996539","139996831","48","101976041"
"chr3","38030363","38030641","chr1","9797650","9797931","51","28232713"
"chr3","38033874","38034127","chr4","166968705","166968980","48","128934831"
"chr3","38316347","38316649","chr17","9489493","9489790","39","28826854"
"chr3","38335261","38335586","chr3","60862720","60863050","66","22527459"
"chr3","38335763","38335786","chr11","123217984","123218004","3","84882221"
"chr3","38464641","38464935","chr16","61870246","61870540","41","23405605"
"chr3","38497000","38497111","chr9","32660161","32660272","10","5836839"
"chr3","38526591","38526904","chr2B","70672110","70672420","51","32145519"
"chr3","38565985","38566258","chr4","166432729","166433011","43","127866744"
"chr3","38587409","38587594","chr6","69326913","69327107","37","30739504"
"chr3","38611867","38612198","chr12","29895588","29895907","62","8716279"
"chr3","38620090","38620387","chr15","68328367","68328659","36","29708277"
"chr3","38659220","38659523","chr4","5708286","5708588","40","32950934"
"chr3","38727599","38727742","chr10","829619","829768","28","37897980"
"chr3","38788815","38788879","chr1","115390473","115390541","12","76601658"
"chr3","38796787","38796895","chr3","110475246","110475354","19","71678459"
"chr3","38845188","38845461","chr4","166091590","166091873","44","127246402"
"chr3","38872577","38872872","chr14","87605486","87605781","32","48732909"
"chr3","38889569","38889862","chr5","24630357","24630650","43","14259212"
"chr3","38891822","38892120","chr5","62349895","62350189","35","23458073"
"chr3","38894763","38895043","chr9","12997485","12997766","45","25897278"
"chr3","38895643","38895955","chr12","8813587","8813888","51","30082056"
"chr3","38899260","38899394","chr19","17984031","17984166","14","20915229"
"chr3","38899688","38899859","chr10","34990756","34990934","34","3908932"
"chr3","38910152","38910448","chr4","198062716","198063012","43","159152564"
"chr3","38912910","38913042","chr12","125416885","125417017","15","86503975"
"chr3","38944115","38944383","chr8","131079128","131079404","41","92135013"
"chr3","38952167","38952458","chr1","15888633","15888931","44","23063534"
"chr3","38975487","38975777","chr4","36196449","36196734","84","2779038"
"chr3","38984771","38985038","chr7","132512417","132512691","41","93527646"
"chr3","39000518","39000824","chr17","9220733","9221038","45","29779785"
"chr3","39004836","39004882","chr7","5500226","5500267","10","33504610"
"chr3","39005218","39005445","chr10","86100466","86100693","39","47095248"
"chr3","39012271","39012551","chr12","60169571","60169853","46","21157300"
"chr3","39018165","39018467","chr1","23689077","23689373","46","15329088"
"chr3","39020062","39020359","chr4","165942869","165943164","34","126922807"
"chr3","39033207","39033473","chr16","24801277","24801540","54","14231930"
"chr3","39056150","39056437","chr13","78163788","78164073","39","39107638"
"chr3","39056730","39057030","chr2A","14869643","14869936","31","24187087"
"chr3","39060566","39060862","chr6","110474486","110474790","45","71413920"
"chr3","39073725","39074031","chr7","139053532","139053842","38","99979807"
"chr3","39080144","39080265","chr14","56791367","56791489","17","17711223"
"chr3","39086184","39086490","chr3","158411510","158411818","42","119325326"
"chr3","39164721","39165020","chr6","155382838","155383135","54","116218117"
"chr3","39191555","39191856","chr18","14121628","14121928","34","25069927"
"chr3","39193820","39194111","chr4","165767857","165768151","46","126574037"
"chr3","39208990","39209118","chr14","12485207","12485337","18","26723783"
"chr3","39210041","39210162","chr12","61912415","61912536","13","22702374"
"chr3","39213066","39213373","chr5","51024598","51024905","45","11811532"
"chr3","39215625","39215913","chrX","132971523","132971812","38","93755898"
"chr3","39216961","39217244","chr19","17372220","17372501","36","21844741"
"chr3","39275135","39275411","chrX","49833019","49833295","40","10557884"
"chr3","39294054","39294357","chr14","3297884","3298193","52","35996170"
"chr3","39306703","39306833","chr3","187533947","187534083","15","148227244"
"chr3","39337030","39337159","chr5","161161762","161161894","17","121824732"
"chr3","39338987","39339275","chr2A","67830661","67830952","43","28491674"
"chr3","39368359","39368657","chr3","15071438","15071730","49","24296921"
"chr3","39370280","39370564","chr4","110869326","110869610","40","71499046"
"chr3","39374134","39374368","chr19","32418597","32418829","38","6955537"
"chr3","39388675","39388808","chr6","33902335","33902470","14","5486340"
"chr3","39388809","39389113","chrX","10842144","10842442","44","28546665"
"chr3","39462734","39462820","chr9","70059064","70059157","18","30596330"
"chr3","39520870","39520976","chr2A","62828944","62829050","9","23308074"
"chr3","39521603","39521698","chr6","157499133","157499229","11","117977530"
"chr3","39529145","39529446","chrX","133353111","133353411","48","93823966"
"chr3","39553848","39554169","chr10","6497308","6497621","40","33056540"
"chr3","39555992","39556115","chr12","112659801","112659924","15","73103809"
"chr3","39556419","39556586","chr10","132245824","132245994","24","92689405"
"chr3","39569000","39569302","chr2A","64219680","64219982","40","24650680"
"chr3","39592327","39592618","chr5","24372432","24372725","35","15219895"
"chr3","39593678","39593807","chr3","128859796","128859915","28","89266118"
"chr3","39617091","39617236","chr5","4784191","4784333","27","34832900"
"chr3","39623016","39623317","chr2A","32931331","32931634","36","6691685"
"chr3","39681423","39681720","chr5","161419600","161419898","41","121738177"
"chr3","39684282","39684582","chr6","77750064","77750357","36","38065782"
"chr3","39690186","39690479","chr14","83230171","83230460","42","43539985"
"chr3","39719652","39719937","chr6","111039891","111040175","54","71320239"
"chr3","39738189","39738479","chr6","7247274","7247572","41","32490915"
"chr3","39765603","39765892","chr2A","81501708","81501989","42","41736105"
"chr3","39768918","39769208","chr16","9397981","9398266","49","30370937"
"chr3","39785424","39785701","chr18","73305180","73305433","68","33519756"
"chr3","39785953","39786052","chr7","77941788","77941879","21","38155835"
"chr3","39795425","39795720","chr6","37873870","37874163","40","1921555"
"chr3","39824925","39825216","chr1","191869192","191869485","46","152044267"
"chr3","39845507","39845792","chr3","141716230","141716524","45","101870723"
"chr3","39863742","39864047","chr11","77411043","77411352","59","37547301"
"chr3","39914269","39914570","chr4","198062716","198063012","46","158148447"
"chr3","39945516","39945782","chr19","40067158","40067434","45","121642"
"chr3","39949022","39949278","chr19","39660619","39660863","55","288403"
"chr3","39964384","39964563","chr7","26809051","26809218","46","13155333"
"chr3","39964695","39964909","chr3","64929270","64929491","44","24964575"
"chr3","39964911","39964965","chr4","142066423","142066476","15","102101512"
"chr3","39984795","39984918","chr12","133118538","133118655","19","93133743"
"chr3","40029673","40029794","chr4","41878018","41878146","30","1848345"
"chr3","40036799","40037114","chr16","66585184","66585481","59","26548385"
"chr3","40038787","40039083","chr8","95025156","95025452","43","54986369"
"chr3","40074780","40075056","chr19","39722896","39723185","53","351884"
"chr3","40075464","40075758","chr19","55298317","55298613","39","15222853"
"chr3","40088711","40088870","chrX","52096827","52096988","26","12008116"
"chr3","40089166","40089302","chr7","72985934","72986072","13","32896768"
"chr3","40107491","40107616","chr1","130928471","130928590","23","90820980"
"chr3","40170757","40171067","chr1","46954963","46955271","44","6784206"
"chr3","40185675","40185920","chr16","61952753","61952998","43","21767078"
"chr3","40233213","40233501","chr4","164724089","164724395","57","124490876"
"chr3","40317372","40317659","chr1","65854541","65854833","42","25537169"
"chr3","40352263","40352560","chr6","121386173","121386468","52","81033910"
"chr3","40367659","40367967","chr1","221736382","221736682","47","181368723"
"chr3","40448142","40448450","chr20","46140799","46141103","42","5692657"
"chr3","40464764","40465048","chr14","61097634","61097920","43","20632870"
"chr3","40465988","40466121","chr7","71815519","71815647","27","31349531"
"chr3","40470149","40470288","chr12","9001577","9001712","21","31468572"
"chr3","40498660","40498949","chrX","8429232","8429530","48","32069428"
"chr3","40522588","40522876","chr20","15531340","15531631","48","24991248"
"chr3","40559717","40559840","chr7","76632609","76632733","18","36072892"
"chr3","40565565","40565657","chr2A","67898398","67898483","18","27332833"
"chr3","40566851","40566978","chr4","120183980","120184110","23","79617129"
"chr3","40598830","40599138","chr10","132164858","132165160","51","91566028"
"chr3","40602041","40602336","chr14","52350088","52350382","41","11748047"
"chr3","40695978","40696120","chr9","73304345","73304486","29","32608367"
"chr3","40700461","40700767","chr17","9489493","9489790","45","31210968"
"chr3","40705097","40705400","chr14","7217699","7217998","40","33487398"
"chr3","40939956","40940179","chr22","30326031","30326258","38","10613925"
"chr3","40969401","40969675","chr8","125529399","125529675","43","84559998"
"chr3","40972760","40973038","chr8","109291282","109291561","36","68318522"
"chr3","40978587","40978880","chr2B","124728949","124729237","46","83750362"
"chr3","40982656","40982739","chr2A","63086447","63086523","16","22103791"
"chr3","41048555","41048831","chr12","124254648","124254922","32","83206093"
"chr3","41094010","41094303","chr9","41878230","41878523","36","784220"
"chr3","41110829","41111142","chr1","205586985","205587285","52","164476156"
"chr3","41132609","41132779","chr8","98981840","98982009","27","57849231"
"chr3","41165505","41165714","chr5","18467376","18467586","39","22698129"
"chr3","41172678","41172931","chr6","129539816","129540076","39","88367138"
"chr3","41175299","41175588","chr7","73094896","73095187","42","31919597"
"chr3","41195873","41196047","chr5","1779992","1780170","27","39415881"
"chr3","41197245","41197523","chr13","1376244","1376525","40","39821001"
"chr3","41229324","41229626","chr1","52720825","52721129","36","11491501"
"chr3","41253020","41253317","chr2A","96337914","96338213","30","55084894"
"chr3","41262992","41263285","chr1","33164270","33164568","39","8098722"
"chr3","41267106","41267238","chr1","209383866","209384001","15","168116760"
"chr3","41285860","41286158","chr5","51987340","51987638","39","10701480"
"chr3","41298431","41298726","chr4","163697385","163697679","41","122398954"
"chr3","41306112","41306403","chr16","61870246","61870540","44","20564134"
"chr3","41334559","41334865","chr1","135275847","135276149","33","93941288"
"chr3","41351282","41351586","chr19","14638514","14638815","41","26712768"
"chr3","41351588","41351727","chrX","114712194","114712331","17","73360606"
"chr3","41363607","41363897","chr7","77578946","77579235","57","36215339"
"chr3","41388567","41388875","chr4","163602318","163602625","43","122213751"
"chr3","41409007","41409299","chr8","122941102","122941394","44","81532095"
"chr3","41426652","41426914","chr11","69577035","69577306","43","28150383"
"chr3","41426932","41427247","chr11","112229711","112230015","70","70802779"
"chr3","41449230","41449534","chr17","9410528","9410832","33","32038702"
"chr3","41456489","41456558","chr4","163536363","163536433","7","122079874"
"chr3","41456939","41457110","chr18","20931938","20932111","29","20525001"
"chr3","41464138","41464254","chr8","63631723","63631835","15","22167585"
"chr3","41465235","41465524","chr12","270182","270479","38","41195053"
"chr3","41475558","41475714","chr4","163520246","163520402","17","122044688"
"chr3","41490919","41491228","chr3","143733492","143733803","48","102242573"
"chr3","41494394","41494688","chr15","29019248","29019544","39","12475146"
"chr3","41499251","41499358","chr19","21529728","21529834","13","19969523"
"chr3","41506264","41506556","chr3","125271826","125272116","41","83765562"
"chr3","41516350","41516636","chr3","197938350","197938641","43","156422000"
"chr3","41521226","41521302","chrX","131680879","131680958","14","90159653"
"chr3","41521590","41521719","chr15","68757020","68757156","35","27235430"
"chr3","41523875","41524165","chr14","61097634","61097920","36","19573759"
"chr3","41531203","41531565","chr10","40326931","40327279","90","1204272"
"chr3","41535343","41535477","chr7","6483541","6483675","18","35051802"
"chr3","41535805","41536103","chr3","102243637","102243930","40","60707832"
"chr3","41536870","41537165","chr15","64647983","64648276","38","23111113"
"chr3","41546980","41547133","chr5","38544955","38545103","22","3002025"
"chr3","41547693","41547795","chr1","36035911","36036017","22","5511782"
"chr3","41547793","41547916","chr1","87806657","87806779","36","46258864"
"chr3","41552565","41552867","chr3","172708820","172709119","54","131156255"
"chr3","41556676","41556789","chr1","141635448","141635560","15","100078772"
"chr3","41557978","41558275","chr3","102243637","102243930","42","60685659"
"chr3","41585457","41585772","chr10","6497308","6497621","51","35088149"
"chr3","41586855","41587048","chr1","161861790","161861989","30","120274935"
"chr3","41590337","41590630","chr1","35334153","35334451","43","6256184"
"chr3","41601417","41601710","chrX","41897727","41898024","39","296310"
"chr3","41607107","41607393","chr15","2591768","2592057","48","39015339"
"chr3","41610648","41610817","chr10","936992","937162","37","40673656"
"chr3","41610818","41610980","chr12","30393770","30393933","22","11217048"
"chr3","41611274","41611410","chr1","11102412","11102548","17","30508862"
"chr3","41611411","41611551","chr7","150342290","150342430","17","108730879"
"chr3","41613042","41613174","chr11","1200315","1200449","14","40412727"
"chr3","41613685","41613894","chr4","163390679","163390885","24","121776994"
"chr3","41617580","41617705","chr3","115180873","115181000","16","73563293"
"chr3","41628031","41628331","chr6","17679318","17679614","46","23948713"
"chr3","41632747","41632913","chr9","45529714","45529878","35","3896967"
"chr3","41633224","41633359","chr5","7709860","7709995","23","33923364"
"chr3","41641340","41641475","chr3","55304811","55304945","15","13663471"
"chr3","41641932","41642130","chr17","1300232","1300420","35","40341700"
"chr3","41642804","41642913","chr12","121761450","121761560","20","80118646"
"chr3","41651148","41651437","chr5","2973594","2973889","40","38677554"
"chr3","41702827","41702962","chrX","45352555","45352693","16","3649728"
"chr3","41709378","41709545","chr4","140821531","140821699","25","99112153"
"chr3","41709853","41709988","chr4","163309492","163309627","16","121599639"
"chr3","41772828","41773104","chr16","25138770","25139048","57","16634058"
"chr3","41784472","41784781","chr17","89099068","89099374","51","47314596"
"chr3","41796807","41797094","chr7","146228690","146228979","47","104431883"
"chr3","41803111","41803380","chr7","65040964","65041236","52","23237853"
"chr3","41866980","41867266","chr5","153256043","153256331","40","111389063"
"chr3","41869696","41869970","chr9","109733660","109733937","35","67863964"
"chr3","41881531","41881690","chr9","22551456","22551615","22","19330075"
"chr3","41926997","41927291","chr10","85032894","85033191","50","43105897"
"chr3","41931170","41931266","chr3","10397613","10397709","18","31533557"
"chr3","42007268","42007497","chr5","34457795","34458032","52","7549473"
"chr3","42010641","42010778","chr12","9001577","9001712","19","33009064"
"chr3","42011766","42011913","chr10","12665572","12665726","46","29346194"
"chr3","42150814","42150933","chr10","28786060","28786179","17","13364754"
"chr3","42160554","42160838","chr14","74043184","74043471","35","31882630"
"chr3","42261804","42261928","chr4","81900404","81900528","24","39638600"
"chr3","42262215","42262509","chr9","106799866","106800156","45","64537651"
"chr3","42337422","42337712","chr8","47791236","47791530","40","5453814"
"chr3","42383316","42383618","chr3","198115012","198115313","44","155731696"
"chr3","42413804","42414080","chr3","34261429","34261702","40","8152375"
"chr3","42461731","42461851","chrX","71154236","71154355","18","28692505"
"chr3","42473514","42473810","chr20","43761961","43762257","46","1288447"
"chr3","42474439","42474570","chr1","71393655","71393787","14","28919216"
"chr3","42497996","42498126","chr1","11109640","11109772","21","31388356"
"chr3","42498412","42498604","chrX","54846573","54846768","26","12348161"
"chr3","42500847","42501129","chr6","79360967","79361252","46","36860120"
"chr3","42520153","42520429","chr9","11846554","11846830","54","30673599"
"chr3","42520736","42521038","chr11","64143151","64143450","41","21622415"
"chr3","42534827","42535133","chr16","65385234","65385537","45","22850407"
"chr3","42844791","42844882","chr13","95192812","95192897","25","52348021"
"chr3","42873646","42873884","chr5","26261459","26261699","39","16612187"
"chr3","42921568","42921879","chr20","33417124","33417436","57","9504444"
"chr3","42962745","42963042","chr7","21217030","21217325","39","21745715"
"chr3","43234518","43234821","chr10","56534176","56534475","52","13299658"
"chr3","43270416","43270750","chr7","68449139","68449466","79","25178723"
"chr3","43379615","43379905","chr1","139828512","139828799","45","96448897"
"chr3","43486213","43486530","chr8","80945832","80946143","42","37459619"
"chr3","43494588","43494885","chr1","173063862","173064157","41","129569274"
"chr3","43554398","43554713","chr1","152914301","152914616","55","109359903"
"chr3","43582422","43582713","chr1","191306239","191306535","47","147723817"
"chr3","43696614","43696865","chr2A","33463323","33463574","45","10233291"
"chr3","43725037","43725306","chr5","41636252","41636529","48","2088785"
"chr3","43823654","43823941","chr1","96613136","96613425","48","52789482"
"chr3","43851637","43851865","chr21","30494442","30494671","45","13357195"
"chr3","43972013","43972306","chr15","77995336","77995623","51","34023323"
"chr3","44098076","44098369","chr6","4177308","4177600","40","39920768"
"chr3","44177204","44177487","chr4","160923130","160923414","36","116745926"
"chr3","44184689","44184974","chr5","125636060","125636339","49","81451371"
"chr3","44197359","44197486","chr2A","14858049","14858181","17","29339310"
"chr3","44251766","44252054","chr4","160849817","160850112","43","116598051"
"chr3","44259442","44259758","chr12","73861411","73861727","53","29601969"
"chr3","44262459","44262774","chr12","40873849","40874157","40","3388610"
"chr3","44352349","44352540","chr4","25816006","25816193","42","18536343"
"chr3","44352826","44352954","chr3","115180873","115181000","15","70828047"
"chr3","44406717","44407014","chr15","57328671","57328968","46","12921954"
"chr3","44497831","44498118","chr15","11988062","11988351","33","32509769"
"chr3","44540609","44540891","chr2A","105754001","105754289","40","61213392"
"chr3","44562325","44562622","chr4","81420186","81420485","49","36857861"
"chr3","44609094","44609221","chr12","14549953","14550076","19","30059141"
"chr3","44617060","44617360","chr8","145739924","145740233","58","101122864"
"chr3","44621684","44621997","chr1","205863329","205863635","41","161241645"
"chr3","44675616","44675919","chr13","9716804","9717101","37","34958812"
"chr3","44744670","44744793","chr15","28889483","28889610","23","15855187"
"chr3","44817989","44818295","chr2A","62661707","62662012","44","17843718"
"chr3","44825293","44825574","chr12","121402548","121402838","44","76577255"
"chr3","44834956","44835261","chr3","52354728","52355033","48","7519772"
"chr3","44850285","44850578","chr3","58218665","58218964","41","13368380"
"chr3","44856280","44856573","chr4","110248134","110248433","39","65391854"
"chr3","44857253","44857533","chr5","1527709","1527998","44","43329544"
"chr3","44879413","44879563","chr1","87111997","87112142","23","42232584"
"chr3","44880489","44880635","chr1","161925292","161925442","23","117044803"
"chr3","44921272","44921568","chr2B","64160384","64160675","46","19239112"
"chr3","44933693","44933806","chr20","4936360","4936470","17","39997333"
"chr3","44935082","44935183","chr1","180451005","180451107","16","135515923"
"chr3","44995413","44995710","chr11","62726767","62727069","47","17731354"
"chr3","45013973","45014230","chr6","73627058","73627314","45","28613085"
"chr3","45021522","45021833","chr5","34215137","34215446","41","10806385"
"chr3","45026415","45026716","chr1","24712518","24712824","57","20313897"
"chr3","45035002","45035310","chr4","160072775","160073058","53","115037773"
"chr3","45039982","45040280","chr6","6870624","6870926","30","38169358"
"chr3","45049808","45050104","chr20","50900451","50900745","39","5850643"
"chr3","45055777","45056054","chr1","8906184","8906464","48","36149593"
"chr3","45057700","45058010","chr1","86931221","86931530","35","41873521"
"chr3","45063631","45063922","chr6","45713778","45714072","42","650147"
"chr3","45064324","45064604","chr5","110541106","110541389","43","65476782"
"chr3","45064905","45065045","chr7","131031908","131032043","17","85967003"
"chr3","45065325","45065490","chr16","79429247","79429410","27","34363922"
"chr3","45067812","45068099","chr4","83882424","83882725","59","38814612"
"chr3","45070845","45071133","chr3","4538548","4538841","42","40532297"
"chr3","45084063","45084379","chr4","110248134","110248433","56","65164071"
"chr3","45085128","45085290","chr1","161382498","161382645","31","116297370"
"chr3","45095804","45096100","chr5","66262413","66262707","50","21166609"
"chr3","45112201","45112324","chr20","43032336","43032459","13","2079865"
"chr3","45128335","45128604","chr18","11836657","11836929","48","33291678"
"chr3","45133261","45133536","chr20","3063050","3063335","60","42070211"
"chr3","45148949","45149158","chr12","21866429","21866646","54","23282520"
"chr3","45186889","45187009","chr13","29635654","29635774","12","15551235"
"chr3","45194274","45194605","chr15","68781462","68781762","71","23587188"
"chr3","45210185","45210356","chr1","200355935","200356094","35","155145750"
"chr3","45210387","45210508","chr6","114129106","114129225","14","68918719"
"chr3","45229223","45229520","chrX","119456205","119456509","39","74226982"
"chr3","45240302","45240497","chr2A","83444240","83444435","26","38203938"
"chr3","45293396","45293700","chr1","209280692","209280996","42","163987296"
"chr3","45300063","45300216","chr1","174558336","174558486","21","129258273"
"chr3","45721321","45721605","chr8","103853182","103853465","39","58131861"
"chr3","45753338","45753608","chr2A","75115981","75116250","47","29362643"
"chr3","45803539","45803827","chr20","25518702","25519000","43","20284837"
"chr3","45861941","45862236","chr4","159342296","159342600","52","113480355"
"chr3","45951085","45951259","chr1","15775291","15775465","26","30175794"
"chr3","46054086","46054207","chr3","46948804","46948928","12","894718"
"chr3","46054442","46054621","chr5","57817949","57818126","34","11763507"
"chr3","46185735","46186038","chr13","25320011","25320311","46","20865724"
"chr3","46200854","46201182","chr8","88479500","88479820","60","42278646"
"chr3","46310100","46310393","chr5","45914070","45914364","47","396030"
"chr3","46347376","46347671","chr3","130864975","130865274","52","84517599"
"chr3","46401498","46401734","chr3","199771804","199772040","35","153370306"
"chr3","46489187","46489473","chr8","82891492","82891779","35","36402305"
"chr3","46492335","46492446","chr12","78930624","78930738","14","32438289"
"chr3","46492699","46492987","chr4","158753554","158753843","50","112260855"
"chr3","46495771","46496059","chr17","3750532","3750814","62","42745239"
"chr3","46529039","46529343","chr3","27952669","27952975","43","18576370"
"chr3","46692750","46693018","chr1","11860293","11860563","53","34832457"
"chr3","46703549","46703859","chrX","97878407","97878712","44","51174858"
"chr3","46706154","46706435","chr7","142890610","142890893","51","96184456"
"chr3","46721924","46722056","chr5","7709860","7709995","18","39012064"
"chr3","46722349","46722493","chrX","119294972","119295111","24","72572623"
"chr3","46756866","46757001","chr7","82210564","82210699","19","35453698"
"chr3","46757314","46757462","chr8","77975808","77975959","31","31218494"
"chr3","46763238","46763381","chr14","38477903","38478049","30","8285335"
"chr3","46763430","46763512","chr1","13205771","13205851","15","33557659"
"chr3","46779486","46779786","chr14","57602687","57602976","40","10823201"
"chr3","46881313","46881475","chr2A","83101684","83101843","38","36220371"
"chr3","46881807","46881944","chr9","113031875","113032011","14","66150068"
"chr3","46915237","46915513","chr8","48387419","48387700","51","1472182"
"chr3","47016044","47016346","chr6","164636990","164637300","45","117620946"
"chr3","47042659","47042946","chr9","111035492","111035776","44","63992833"
"chr3","47053373","47053560","chr1","136078748","136078933","32","89025375"
"chr3","47054164","47054324","chr7","128090894","128091057","25","81036730"
"chr3","47125234","47125559","chr11","66777333","66777653","46","19652099"
"chr3","47127923","47128210","chr12","69384377","69384670","39","22256454"
"chr3","47141338","47141624","chr1","27510589","27510878","48","19630749"
"chr3","47209795","47209963","chr16","3488439","3488599","31","43721356"
"chr3","47210201","47210330","chr6","11957977","11958108","16","35252224"
"chr3","47305241","47305540","chr5","122027828","122028126","40","74722587"
"chr3","47344639","47344923","chr5","47101929","47102212","39","242710"
"chr3","47352270","47352578","chr6","149442348","149442659","37","102090078"
"chr3","47439696","47439991","chr3","45452941","45453238","43","1986755"
"chr3","47468026","47468040","chr5","54725242","54725255","1","7257216"
"chr3","47468065","47468338","chr22","32474604","32474880","51","14993461"
"chr3","47509816","47509982","chr7","62486171","62486332","30","14976355"
"chr3","47510278","47510404","chrX","136955914","136956049","27","89445636"
"chr3","47529794","47530092","chr2A","676473","676774","45","46853321"
"chr3","47604396","47604663","chrX","18177134","18177401","58","29427262"
"chr3","47666927","47667217","chr7","106016300","106016595","40","58349373"
"chr3","47695984","47696115","chr10","36926927","36927058","17","10769057"
"chr3","47696403","47696563","chr12","11765522","11765680","28","35930881"
"chr3","47727968","47728168","chr17","41858211","41858409","30","5869757"
"chr3","47747232","47747517","chr7","5075500","5075791","52","42671732"
"chr3","47751520","47751819","chr5","40952351","40952645","43","6799169"
"chr3","47756827","47757109","chr3","199443194","199443483","43","151686367"
"chr3","47757478","47757779","chr11","55669424","55669726","45","7911946"
"chr3","47766195","47766496","chr1","53181446","53181757","58","5415251"
"chr3","47768497","47768789","chr4","2977821","2978113","42","44790676"
"chr3","47769612","47769903","chr9","116674797","116675091","48","68905185"
"chr3","47792490","47792619","chr6","77300902","77301033","13","29508412"
"chr3","47792641","47792828","chr5","6526389","6526566","29","41266252"
"chr3","47917845","47918143","chr6","45713778","45714072","36","2204067"
"chr3","47934678","47934991","chr19","53737842","53738151","48","5803164"
"chr3","47948653","47948942","chrX","50062220","50062514","48","2113567"
"chr3","47962409","47962706","chr2B","63018129","63018427","45","15055720"
"chr3","47969645","47969946","chr4","157272341","157272644","44","109302696"
"chr3","47996299","47996610","chr6","133230436","133230745","43","85234137"
"chr3","48038908","48039086","chr6","138729536","138729717","28","90690628"
"chr3","48057102","48057396","chr1","204280337","204280637","57","156223235"
"chr3","48174276","48174425","chr7","67055752","67055897","31","18881476"
"chr3","48205952","48206233","chr2B","52715909","52716185","38","4509957"
"chr3","48206257","48206273","chr10","23068063","23068080","1","25138194"
"chr3","48319345","48319624","chr2A","3823335","3823621","50","44496010"
"chr3","48329200","48329498","chr19","13425346","13425635","50","34903854"
"chr3","48362009","48362313","chr14","110301","110606","48","48251708"
"chr3","48393641","48393768","chr13","26541183","26541311","16","21852458"
"chr3","48486980","48487292","chr4","180636857","180637164","39","132149877"
"chr3","48664414","48664517","chr11","69543123","69543224","22","20878709"
"chr3","48726611","48726894","chr20","32811512","32811791","50","15915099"
"chr3","48814017","48814273","chr5","7116355","7116621","49","41697662"
"chr3","48837761","48838059","chr1","23701672","23701975","44","25136089"
"chr3","48865405","48865722","chr6","31664641","31664952","52","17200764"
"chr3","48893828","48894123","chr11","130728676","130728969","44","81834848"
"chr3","48978548","48978707","chr7","104320068","104320227","25","55341520"
"chr3","49131917","49132111","chr7","71292864","71293056","36","22160947"
"chr3","49132400","49132510","chr12","122834996","122835105","17","73702596"
"chr3","49136963","49137102","chr10","134526942","134527086","23","85389979"
"chr3","49162399","49162693","chr18","2899079","2899377","36","46263320"
"chr3","49253732","49253985","chr8","38371484","38371734","47","10882248"
"chr3","49329526","49329622","chr3","199844401","199844497","16","150514875"
"chr3","49360257","49360569","chr3","144357290","144357593","42","94997033"
"chr3","49361806","49362093","chr4","155518039","155518324","35","106156233"
"chr3","49377900","49378196","chr3","79884186","79884480","34","30506286"
"chr3","49380952","49381118","chr7","2416248","2416416","23","46964704"
"chr3","49388213","49388484","chr2B","129989555","129989833","47","80601342"
"chr3","49392150","49392275","chr19","49555795","49555918","18","163645"
"chr3","49392452","49392586","chr1","213473838","213473970","13","164081386"
"chr3","49392880","49393062","chr5","35375888","35376080","39","14016992"
"chr3","49397055","49397349","chr10","138055449","138055741","46","88658394"
"chr3","49401999","49402292","chr6","45713778","45714072","35","3688221"
"chr3","49418927","49419142","chr15","45378737","45378949","40","4040190"
"chr3","49419469","49419581","chr4","25816309","25816423","17","23603160"
"chr3","49424119","49424397","chrUn_CABD030132239v1","654","941","45","49423465"
"chr3","49429361","49429664","chr19","14847304","14847605","35","34582057"
"chr3","49476919","49477060","chr4","111309265","111309416","30","61832346"
"chr3","49538849","49539153","chr5","5462895","5463197","36","44075954"
"chr3","49552032","49552317","chr16","23493286","23493574","48","26058746"
"chr3","49579588","49579879","chr4","110353443","110353749","59","60773855"
"chr3","49589319","49589614","chr3","48929953","48930248","42","659366"
"chr3","49622972","49623273","chr3","189017179","189017480","39","139394207"
"chr3","49629324","49629613","chr19","3208420","3208712","41","46420904"
"chr3","49639659","49639943","chr8","46097979","46098265","48","3541680"
"chr3","49639966","49639978","chr8","30436490","30436503","1","19203476"
"chr3","49665354","49665653","chr1","134187131","134187427","42","84521777"
"chr3","49746789","49747087","chr7","106016300","106016595","54","56269511"
"chr3","49815527","49815646","chr11","123350008","123350126","14","73534481"
"chr3","49830411","49830706","chr4","155089253","155089539","40","105258842"
"chr3","49871817","49871951","chr4","39902782","39902912","22","9969035"
"chr3","49872249","49872428","chr9","94304596","94304774","31","44432347"
"chr3","49948401","49948635","chr1","152422398","152422642","42","102473997"
"chr3","49949202","49949435","chr1","152422398","152422642","41","102473196"
"chr3","49954233","49954544","chr10","59914542","59914847","39","9960309"
"chr3","49979603","49979893","chr5","126505026","126505325","47","76525423"
"chr3","50017245","50017546","chr5","155467402","155467703","56","105450157"
"chr3","50033174","50033480","chr4","154930623","154930921","39","104897449"
"chr3","50036446","50036735","chr6","39334930","39335231","65","10701516"
"chr3","50044391","50044702","chr1","189738974","189739283","47","139694583"
"chr3","50085234","50085335","chr22","15625582","15625691","21","34459652"
"chr3","50087666","50087785","chr12","124591017","124591139","27","74503351"
"chr3","50111775","50112086","chr3","121038671","121038982","43","70926896"
"chr3","50119885","50120105","chr1","52183942","52184158","33","2064057"
"chr3","50220578","50220884","chr7","94317385","94317695","53","44096807"
"chr3","50234623","50234930","chr2B","89226992","89227293","38","38992369"
"chr3","50239196","50239251","chr2A","83339393","83339449","9","33100197"
"chr3","50386661","50386879","chr1","182772205","182772420","35","132385544"
"chr3","50404461","50404683","chr18","54137590","54137814","38","3733129"
"chr3","50473048","50473267","chr18","54137590","54137814","39","3664542"
"chr3","50518110","50518430","chr1","110016822","110017138","52","59498712"
"chr3","50608174","50608504","chrX","48155793","48156103","61","2452381"
"chr3","50806606","50806726","chr14","62967074","62967199","14","12160468"
"chr3","50858250","50858548","chr3","187721196","187721496","51","136862946"
"chr3","51051669","51051752","chr3","144147998","144148079","28","93096329"
"chr3","51215060","51215200","chr6","141208908","141209041","22","89993848"
"chr3","51333353","51333621","chr5","88955857","88956111","59","37622504"
"chr3","51361614","51361915","chr7","137412318","137412614","45","86050704"
"chr3","51389782","51389901","chr2A","37342062","37342176","16","14047720"
"chr3","51396718","51396845","chr15","3356805","3356936","15","48039913"
"chr3","51469413","51469540","chr9","80121053","80121181","18","28651640"
"chr3","51503983","51504066","chr6","133940473","133940558","9","82436490"
"chr3","51518456","51518745","chr2B","62085072","62085366","42","10566616"
"chr3","51596614","51596743","chr10","29633018","29633159","36","21963596"
"chr3","51618035","51618324","chr11","73844829","73845119","46","22226794"
"chr3","51648300","51648599","chr4","153397397","153397696","36","101749097"
"chr3","51730797","51731090","chr5","1989021","1989311","49","49741776"
"chr3","51739748","51740045","chr21","27485077","27485366","48","24254671"
"chr3","51825069","51825371","chr10","50297952","50298253","48","1527117"
"chr3","51842055","51842347","chr1","21453598","21453896","45","30388457"
"chr3","51911234","51911530","chr1","9887694","9887990","37","42023540"
"chr3","51936959","51937202","chr3","189234778","189235024","59","137297819"
"chr3","51941123","51941409","chr5","66298268","66298555","33","14357145"
"chr3","51983471","51983759","chr15","28734107","28734396","45","23249364"
"chr3","52085124","52085409","chr11","107935819","107936108","38","55850695"
"chr3","52104985","52105109","chr16","61293039","61293155","21","9188054"
"chr3","52114440","52114692","chr6","18563142","18563397","49","33551298"
"chr3","52120392","52120666","chr9","103813748","103814025","44","51693356"
"chr3","52135197","52135299","chr3","161211314","161211411","16","109076117"
"chr3","52146873","52146912","chr1","40084970","40085014","8","12061903"
"chr3","52148498","52148782","chr2A","81501708","81501989","44","29353210"
"chr3","52153129","52153444","chr14","73771893","73772203","44","21618764"
"chr3","52153822","52153933","chr11","112033042","112033153","10","59879220"
"chr3","52154240","52154424","chr15","6462472","6462653","35","45691768"
"chr3","52159561","52159775","chr2A","19744083","19744295","27","32415478"
"chr3","52171110","52171423","chrX","113053295","113053595","59","60882185"
"chr3","52173817","52174094","chr2B","10615114","10615400","40","41558703"
"chr3","52194202","52194517","chr12","108681763","108682056","57","56487561"
"chr3","52227097","52227378","chr11","44301822","44302106","40","7925275"
"chr3","52314874","52315164","chr11","3623940","3624232","31","48690934"
"chr3","52355916","52356218","chr1","15537107","15537412","48","36818809"
"chr3","52377084","52377383","chr4","152707059","152707361","37","100329975"
"chr3","52442557","52442787","chr21","15290184","15290413","33","37152373"
"chr3","52482516","52482751","chr6","152274424","152274657","33","99791908"
"chr3","52482775","52482887","chr3","90589083","90589179","22","38106308"
"chr3","52483194","52483386","chr3","45721498","45721681","38","6761696"
"chr3","52513552","52513786","chr1","129339709","129339963","45","76826157"
"chr3","52599596","52599714","chr5","92459351","92459466","14","39859755"
"chr3","52663194","52663490","chr11","65802537","65802826","55","13139343"
"chr3","52681688","52681976","chr5","125384235","125384523","37","72702547"
"chr3","52703481","52703593","chr1","12088602","12088716","24","40614879"
"chr3","52709122","52709396","chr2B","78510271","78510557","47","25801149"
"chr3","52726060","52726152","chr17","33600027","33600123","19","19126033"
"chr3","52770445","52770621","chr8","46922845","46923020","28","5847600"
"chr3","52792988","52793157","chr19","55380646","55380809","24","2587658"
"chr3","52793190","52793234","chr5","161485506","161485536","14","108692316"
"chr3","52793550","52793686","chr12","119601787","119601922","15","66808237"
"chr3","52830840","52830938","chr14","54044821","54044918","11","1213981"
"chr3","52831238","52831413","chr12","37194825","37194998","30","15636413"
"chr3","52854492","52854728","chr5","53272399","53272637","42","417907"
"chr3","52866502","52866635","chr19","57270139","57270258","28","4403637"
"chr3","52870466","52870795","chr19","4730978","4731294","51","48139488"
"chr3","52887622","52887907","chr20","45288279","45288567","43","7599343"
"chr3","52905085","52905390","chr11","61767895","61768197","37","8862810"
"chr3","52906622","52906931","chr16","41477581","41477891","44","11429041"
"chr3","52907908","52908204","chr15","30997544","30997834","40","21910364"
"chr3","52916014","52916283","chr9","67507232","67507510","45","14591218"
"chr3","52921830","52921976","chr10","136894892","136895040","33","83973062"
"chr3","52957612","52957669","chr3","50455586","50455646","13","2502026"
"chr3","53022979","53023265","chr3","15071438","15071730","40","37951541"
"chr3","53086369","53086688","chr7","69435964","69436280","45","16349595"
"chr3","53097955","53098260","chr7","129809458","129809761","38","76711503"
"chr3","53146202","53146500","chr15","42722522","42722818","33","10423680"
"chr3","53166836","53167113","chr17","7150148","7150428","44","46016688"
"chr3","53243669","53243970","chr4","8886242","8886545","41","44357427"
"chr3","53252650","53252957","chr13","26887519","26887823","36","26365131"
"chr3","53259364","53259504","chr12","88322222","88322368","25","35062858"
"chr3","53281060","53281365","chr5","34215137","34215446","43","19065923"
"chr3","53294375","53294675","chr21","30658994","30659298","40","22635381"
"chr3","53301815","53302056","chr1","116149726","116149980","40","62847911"
"chr3","53312455","53312742","chr3","108662999","108663287","47","55350544"
"chr3","53319749","53320022","chr4","119904408","119904676","52","66584659"
"chr3","53331550","53331845","chr1","134187131","134187427","40","80855581"
"chr3","53347506","53347804","chr3","199631597","199631896","46","146284091"
"chr3","53349816","53350119","chr4","151845319","151845616","51","98495503"
"chr3","53350957","53351257","chr4","151844445","151844745","31","98493488"
"chr3","53381965","53382085","chr14","36120852","36120969","22","17261113"
"chr3","53384728","53384820","chr9","70059064","70059157","15","16674336"
"chr3","53388118","53388407","chr19","6847678","6847963","40","46540440"
"chr3","53397097","53397352","chr15","55670124","55670382","53","2273027"
"chr3","53400402","53400703","chr12","43697519","43697825","58","9702883"
"chr3","53408769","53409065","chr19","45555520","45555817","45","7853249"
"chr3","53411411","53411709","chr20","57850772","57851068","41","4439361"
"chr3","53419506","53419805","chr2A","34076378","34076678","44","19343128"
"chr3","53426890","53427211","chr5","24045389","24045700","56","29381501"
"chr3","53430406","53430618","chr19","36332838","36333043","54","17097568"
"chr3","53457901","53458202","chr7","1669242","1669542","42","51788659"
"chr3","53472744","53473037","chr4","151717954","151718247","33","98245210"
"chr3","53491837","53491859","chr9","65726355","65726377","6","12234518"
"chr3","53491860","53492160","chr15","45646918","45647221","44","7844942"
"chr3","53492161","53492319","chr14","32097915","32098067","36","21394246"
"chr3","53507938","53508223","chr5","125636060","125636339","42","72128122"
"chr3","53512430","53512664","chr3","33405226","33405477","59","20107204"
"chr3","53517577","53517854","chr18","60480459","60480740","36","6962882"
"chr3","53519121","53519182","chr12","7985140","7985201","16","45533981"
"chr3","53531281","53531421","chr11","125673855","125673996","16","72142574"
"chr3","53540553","53540653","chr5","102199476","102199579","15","48658923"
"chr3","53589832","53590125","chr14","110301","110606","39","53479531"
"chr3","53590986","53591280","chr7","106016300","106016595","45","52425314"
"chr3","53637846","53638147","chr3","42788373","42788672","47","10849473"
"chr3","53645801","53646094","chr19","1679472","1679770","44","51966329"
"chr3","53654507","53654733","chrX","19868059","19868281","44","33786448"
"chr3","53671704","53671998","chr4","151535688","151535988","41","97863984"
"chr3","53678542","53678849","chr4","151529335","151529632","47","97850793"
"chr3","53680659","53680857","chrX","124599356","124599551","31","70918697"
"chr3","53685140","53685388","chr4","151517531","151517793","44","97832391"
"chr3","53696993","53697075","chr3","58439291","58439368","11","4742298"
"chr3","53705081","53705355","chrX","83485603","83485881","58","29780522"
"chr3","53714266","53714569","chr1","19615026","19615322","51","34099240"
"chr3","53732458","53732546","chr6","19868862","19868950","20","33863596"
"chr3","53755738","53756025","chr5","1989021","1989311","45","51766717"
"chr3","53760983","53761161","chr5","25008096","25008272","34","28752887"
"chr3","53761446","53761580","chr1","213473838","213473970","16","159712392"
"chr3","53771015","53771148","chr14","23770286","23770420","19","30000729"
"chr3","53771454","53771632","chr14","58908447","58908623","24","5136993"
"chr3","53781011","53781182","chr4","191859159","191859310","36","138078148"
"chr3","53795287","53795592","chr3","51701298","51701602","43","2093989"
"chr3","53835090","53835218","chr16","65477857","65477989","19","11642767"
"chr3","53838082","53838369","chr6","10894936","10895217","38","42943146"
"chr3","53860021","53860332","chr2B","88918073","88918368","64","35058052"
"chr3","53867724","53868019","chr4","151356055","151356345","36","97488331"
"chr3","53868641","53868936","chr6","45713778","45714072","38","8154863"
"chr3","53872842","53872964","chr10","93726615","93726738","19","39853773"
"chr3","53873931","53874064","chr1","71393655","71393787","19","17519724"
"chr3","53882280","53882491","chr1","160084863","160085071","39","106202583"
"chr3","53882759","53882874","chr4","39313009","39313124","23","14569750"
"chr3","53900853","53901021","chr5","19584116","19584279","22","34316737"
"chr3","53911157","53911266","chr16","10901222","10901339","14","43009935"
"chr3","53918958","53919241","chr4","101447458","101447743","36","47528500"
"chr3","53927248","53927368","chr16","3388703","3388827","22","50538545"
"chr3","53959412","53959699","chr6","164693522","164693805","41","110734110"
"chr3","53962836","53962981","chr12","108497012","108497157","42","54534176"
"chr3","53963126","53963429","chr3","189017179","189017480","39","135054053"
"chr3","53963535","53963731","chr3","150463990","150464186","30","96500455"
"chr3","53972006","53972296","chr9","76710013","76710305","40","22738007"
"chr3","53976987","53977293","chr19","12209193","12209499","48","41767794"
"chr3","53978609","53978773","chr9","45529714","45529878","26","8448895"
"chr3","53980477","53980769","chr5","114595481","114595773","38","60615004"
"chr3","53992323","53992437","chr8","63631723","63631835","17","9639400"
"chr3","54001881","54002160","chr4","110429595","110429881","49","56427714"
"chr3","54011554","54011851","chr2B","84319689","84319983","40","30308135"
"chr3","54019056","54019338","chr13","77437423","77437717","44","23418367"
"chr3","54029235","54029542","chr11","126723702","126724008","52","72694467"
"chr3","54045980","54046254","chr2A","97364116","97364392","40","43318136"
"chr3","54052341","54052646","chr20","54481954","54482259","33","429613"
"chr3","54053448","54053557","chr3","50836150","50836264","19","3217298"
"chr3","54053964","54054073","chr7","128302281","128302390","15","74248317"
"chr3","54054566","54054757","chr14","47676844","47677033","34","6377722"
"chr3","54057144","54057276","chr20","43431832","43431967","19","10625312"
"chr3","54057849","54058142","chr15","1738999","1739290","42","52318850"
"chr3","54070118","54070346","chr2A","91362371","91362597","34","37292253"
"chr3","54070650","54070742","chr2B","16077116","16077206","15","37993534"
"chr3","54077095","54077419","chr9","120025484","120025801","58","65948389"
"chr3","54080994","54081292","chr10","40350693","40350990","42","13730301"
"chr3","54084297","54084599","chr7","152799145","152799449","37","98714848"
"chr3","54087388","54087694","chr6","166663442","166663749","47","112576054"
"chr3","54094410","54094533","chr15","73119233","73119360","13","19024823"
"chr3","54094583","54094745","chr16","30790653","30790814","19","23303930"
"chr3","54106452","54106510","chrX","330774","330829","12","53775678"
"chr3","54106853","54106979","chr12","124591017","124591139","22","70484164"
"chr3","54120166","54120462","chr2A","101401749","101402049","41","47281583"
"chr3","54134436","54134641","chr4","151108675","151108883","29","96974239"
"chr3","54141333","54141443","chr4","163870071","163870182","14","109728738"
"chr3","54142457","54142587","chr12","35675297","35675429","14","18467160"
"chr3","54181470","54181753","chr22","28053318","28053599","33","26128152"
"chr3","54220941","54221245","chr12","71052190","71052491","45","16831249"
"chr3","54277366","54277627","chr1","192523055","192523333","52","138245689"
"chr3","54374885","54375177","chr21","23532276","23532571","49","30842609"
"chr3","54385855","54385986","chr3","50154302","50154437","15","4231553"
"chr3","54386314","54386488","chr10","132245824","132245994","26","77859510"
"chr3","54403074","54403176","chr7","6023288","6023391","11","48379786"
"chr3","54651154","54651445","chr10","38996761","38997056","46","15654393"
"chr3","54670817","54671092","chr6","166749728","166750013","51","112078911"
"chr3","54702691","54703011","chr4","93893202","93893515","61","39190511"
"chr3","54783988","54784307","chr4","2133244","2133542","54","52650744"
"chr3","54811682","54811849","chr5","45998971","45999135","26","8812711"
"chr3","54813258","54813377","chr1","110429772","110429894","19","55616514"
"chr3","54858780","54858943","chr6","157763576","157763735","33","102904796"
"chr3","54949733","54949866","chr4","150315557","150315692","15","95365824"
"chr3","54995196","54995471","chr4","39648198","39648477","52","15346998"
"chr3","55014068","55014348","chr6","26518688","26518978","44","28495380"
"chr3","55031667","55031956","chr2A","68122456","68122749","38","13090789"
"chr3","55032397","55032549","chr20","42402460","42402612","26","12629937"
"chr3","55032950","55033094","chr5","114999858","115000000","21","59966908"
"chr3","55034753","55035010","chr14","64335859","64336117","66","9301106"
"chr3","55059409","55059702","chr6","11806647","11806945","47","43252762"
"chr3","55192586","55192898","chr10","25070810","25071120","55","30121776"
"chr3","55194500","55194694","chr14","85511353","85511552","30","30316853"
"chr3","55197856","55197961","chr3","153140218","153140326","19","97942362"
"chr3","55203397","55203508","chr4","163870071","163870182","16","108666674"
"chr3","55206182","55206476","chr9","103704485","103704782","39","48498303"
"chr3","55206574","55206822","chr10","111278981","111279213","60","56072407"
"chr3","55207925","55208170","chr1","28953937","28954158","57","26253988"
"chr3","55232349","55232430","chr21","30716416","30716499","15","24515933"
"chr3","55232513","55232732","chr2A","36711440","36711659","32","18521073"
"chr3","55256213","55256519","chr7","144262384","144262678","67","89006171"
"chr3","55258508","55258651","chr10","29633018","29633159","25","25625490"
"chr3","55292256","55292397","chr1","110505595","110505724","31","55213339"
"chr3","55292708","55292893","chr19","479092","479268","32","54813616"
"chr3","55300005","55300291","chr1","138337409","138337694","57","83037404"
"chr3","55333410","55333580","chr1","15564126","15564296","33","39769284"
"chr3","55333896","55334029","chr1","52645961","52646099","16","2687935"
"chr3","55364586","55364884","chr3","47454443","47454739","46","7910143"
"chr3","55407022","55407314","chr2B","90626075","90626367","49","35219053"
"chr3","55413536","55413654","chr5","59589026","59589158","30","4175490"
"chr3","55446746","55446886","chr6","141208908","141209041","28","85762162"
"chr3","55460244","55460407","chr14","86050612","86050774","37","30590368"
"chr3","55460430","55460557","chr7","45451556","45451677","30","10008874"
"chr3","55461864","55462177","chr1","140254000","140254311","47","84792136"
"chr3","55470028","55470321","chr9","114191687","114191982","40","58721659"
"chr3","55482097","55482385","chr16","26857355","26857646","44","28624742"
"chr3","55506380","55506587","chr1","182772205","182772420","43","127265825"
"chr3","55577464","55577722","chr17","1835914","1836174","57","53741550"
"chr3","55582613","55582660","chr17","19761463","19761511","9","35821150"
"chr3","55637842","55638157","chr1","52186083","52186381","57","3451759"
"chr3","55668320","55668613","chr2A","80222712","80223006","43","24554392"
"chr3","55668638","55668919","chr8","103868121","103868408","55","48199483"
"chr3","55676005","55676305","chr2B","67540821","67541122","42","11864816"
"chr3","55683316","55683616","chr2A","42413678","42413976","46","13269638"
"chr3","55711111","55711416","chr7","139963807","139964112","49","84252696"
"chr3","55743407","55743534","chr21","23540140","23540272","20","32203267"
"chr3","55743824","55744050","chr1","26508318","26508531","59","29235506"
"chr3","55791350","55791656","chr21","22207461","22207771","56","33583889"
"chr3","55903923","55904152","chr19","55317187","55317402","39","586736"
"chr3","55945483","55945782","chr3","189017179","189017480","44","133071696"
"chr3","55956650","55956954","chr10","13944543","13944842","47","42012107"
"chr3","56060884","56061054","chr2A","36976715","36976887","29","19084169"
"chr3","56061110","56061230","chr1","63588767","63588886","12","7527657"
"chr3","56068795","56069041","chr7","66310029","66310279","47","10241234"
"chr3","56305762","56306059","chr1","193132439","193132740","54","136826677"
"chr3","56333326","56333461","chr7","4752478","4752613","12","51580848"
"chr3","56652595","56652892","chr2B","108490542","108490839","40","51837947"
"chr3","56793181","56793484","chr1","24268512","24268815","57","32524669"
"chr3","56803999","56804142","chr12","9001577","9001712","30","47802422"
"chr3","56863219","56863511","chr2B","100893350","100893645","38","44030131"
"chr3","56886191","56886302","chr10","11873055","11873169","11","45013136"
"chr3","56968733","56969041","chr9","109734146","109734451","45","52765413"
"chr3","57247449","57247751","chr3","179186551","179186849","48","121939102"
"chr3","57339855","57340094","chr1","157809719","157809964","39","100469864"
"chr3","57553108","57553401","chr2B","100893350","100893645","54","43340242"
"chr3","57655021","57655188","chr1","45321380","45321540","28","12333641"
"chr3","57675815","57676107","chr11","3623940","3624232","53","54051875"
"chr3","57750558","57750759","chr6","37274755","37274940","53","20475803"
"chr3","57750787","57750910","chr6","143552251","143552375","15","85801464"
"chr3","57795802","57796111","chr1","194193699","194194013","48","136397897"
"chr3","58388411","58388701","chr4","146939034","146939330","54","88550623"
"chr3","58429681","58429789","chr2A","79979977","79980087","32","21550296"
"chr3","58535798","58535924","chr7","69708940","69709061","30","11173142"
"chr3","58599125","58599424","chr6","140911215","140911498","103","82312090"
"chr3","58610917","58611058","chr1","111214979","111215120","17","52604062"
"chr3","58611369","58611534","chr12","120497746","120497911","26","61886377"
"chr3","58655209","58655500","chr4","171275502","171275800","52","112620293"
"chr3","58712056","58712390","chr11","69576539","69576872","56","10864483"
"chr3","58848952","58849249","chr1","217049267","217049555","49","158200315"
"chr3","58918270","58918466","chr8","32966273","32966459","33","25951997"
"chr3","58943078","58943173","chrX","129213767","129213861","16","70270689"
"chr3","58981490","58981762","chr18","19250280","19250583","64","39731210"
"chr3","59053854","59054132","chr4","146266108","146266389","45","87212254"
"chr3","59067422","59067722","chrX","139996533","139996835","43","80929111"
"chr3","59093507","59093781","chr5","117884442","117884717","55","58790935"
"chr3","59233856","59233872","chr7","77656815","77656831","2","18422959"
"chr3","59233906","59234180","chr1","19948860","19949131","44","39285046"
"chr3","59306894","59306909","chr9","82518904","82518918","1","23212010"
"chr3","59306936","59307216","chr12","67880307","67880590","44","8573371"
"chr3","59356046","59356173","chr14","12485207","12485337","19","46870839"
"chr3","59359805","59360093","chr12","64044714","64045000","42","4684909"
"chr3","59480940","59481036","chr15","19176525","19176620","17","40304415"
"chr3","59934246","59934409","chr22","3938344","3938503","34","55995902"
"chr3","59943058","59943191","chr1","71393655","71393787","26","11450597"
"chr3","60023488","60023748","chr20","33929052","33929309","38","26094436"
"chr3","60064703","60065002","chr19","14638514","14638815","50","45426189"
"chr3","60078310","60078615","chr3","173713866","173714172","51","113635556"
"chr3","60170614","60170790","chr5","25008096","25008272","25","35162518"
"chr3","60171114","60171249","chr8","118134000","118134134","15","57962886"
"chr3","60388199","60388479","chr11","14342140","14342425","47","46046059"
"chr3","60417138","60417431","chr5","22309256","22309551","46","38107882"
"chr3","60424606","60424869","chr4","124359555","124359819","45","63934949"
"chr3","60425111","60425251","chr1","76697102","76697241","26","16271991"
"chr3","60514568","60514723","chr6","34131083","34131236","33","26383485"
"chr3","60598216","60598512","chr3","4538548","4538841","45","56059668"
"chr3","60641126","60641405","chr1","29060310","29060594","47","31580816"
"chr3","60934302","60934601","chr10","66468691","66468981","54","5534389"
"chr3","60945737","60945886","chr6","91253106","91253262","28","30307369"
"chr3","61178234","61178354","chr5","135124732","135124853","16","73946498"
"chr3","61178394","61178567","chr6","111094808","111094975","38","49916414"
"chr3","61409077","61409291","chr19","53156303","53156516","36","8252774"
"chr3","61480583","61480879","chr9","113844558","113844856","53","52363975"
"chr3","61586350","61586627","chr10","134545964","134546242","51","72959614"
"chr3","61595635","61595831","chr1","147199150","147199340","40","85603515"
"chr3","61612266","61612562","chr3","125068067","125068363","56","63455801"
"chr3","61631679","61631939","chr15","55670124","55670382","46","5961555"
"chr3","61812545","61812778","chr1","161736322","161736560","38","99923777"
"chr3","61815789","61816101","chrX","128923641","128923950","45","67107852"
"chr3","61822178","61822473","chr5","143466272","143466571","51","81644094"
"chr3","61956157","61956444","chr5","163337076","163337372","45","101380919"
"chr3","62157370","62157571","chr9","74819531","74819730","35","12662161"
"chr3","62287456","62287760","chr15","70510924","70511228","40","8223468"
"chr3","62291251","62291419","chr12","98776420","98776589","35","36485169"
"chr3","62310213","62310503","chr1","186872961","186873250","59","124562748"
"chr3","62383133","62383388","chr1","17662907","17663165","49","44720226"
"chr3","62388359","62388634","chr16","31413563","31413838","73","30974796"
"chr3","62576701","62576858","chr18","60240694","60240839","47","2336007"
"chr3","62918550","62918842","chr6","31622494","31622795","53","31296056"
"chr3","62919029","62919331","chr2B","131182276","131182564","55","68263247"
"chr3","62923674","62923957","chr1","192523055","192523333","48","129599381"
"chr3","62960698","62960994","chr4","142384648","142384943","46","79423950"
"chr3","62976406","62976539","chr1","36079621","36079756","17","26896785"
"chr3","62976540","62976850","chr12","361647","361953","50","62614893"
"chr3","62976851","62976996","chr12","121821414","121821548","44","58844563"
"chr3","63011001","63011103","chr1","16774476","16774572","28","46236525"
"chr3","63011105","63011118","chr8","40132623","40132634","3","22878482"
"chr3","63011139","63011196","chr20","40677258","40677320","12","22333881"
"chr3","63190062","63190355","chr1","45065740","45066036","37","18124322"
"chr3","63247325","63247592","chr7","20660824","20661086","41","42586501"
"chr3","63298426","63298696","chr8","145178023","145178303","44","81879597"
"chr3","63325918","63326228","chr4","72774311","72774622","39","9448393"
"chr3","63430874","63431000","chr11","120280731","120280862","17","56849857"
"chr3","63678802","63679084","chr18","77456408","77456687","59","13777606"
"chr3","64262428","64262524","chr14","85001140","85001235","16","20738712"
"chr3","64359794","64359881","chr1","51233542","51233629","9","13126252"
"chr3","64359875","64359984","chr3","110475246","110475354","22","46115371"
"chr3","64364550","64364733","chr21","22638055","22638242","31","41726495"
"chr3","64378250","64378356","chr5","6199718","6199822","19","58178532"
"chr3","64388735","64389040","chr4","130808438","130808745","46","66419703"
"chr3","64484865","64485005","chr4","141041074","141041216","15","76556209"
"chr3","64521329","64521621","chr3","40466670","40466962","44","24054659"
"chr3","64548040","64548338","chrX","71091113","71091418","38","6543073"
"chr3","64556984","64557294","chr17","80828640","80828949","41","16271656"
"chr3","64567494","64567607","chr21","27965813","27965925","6","36601681"
"chr3","64576537","64576811","chr4","85479749","85480020","49","20903212"
"chr3","64686140","64686435","chr6","43552064","43552362","38","21134076"
"chr3","64688260","64688412","chr5","9762042","9762185","30","54926218"
"chr3","64688727","64688893","chr11","78844136","78844298","28","14155409"
"chr3","64694584","64694704","chrX","23325027","23325143","20","41369557"
"chr3","64704916","64705210","chr6","107146265","107146562","51","42441349"
"chr3","64725229","64725360","chr5","61417733","61417868","21","3307496"
"chr3","64730013","64730192","chr2B","63073813","63073984","51","1656200"
"chr3","64730496","64730629","chr15","20074227","20074360","19","44656269"
"chr3","64732257","64732549","chr12","29929642","29929937","46","34802615"
"chr3","64737059","64737348","chr3","199443194","199443483","35","134706135"
"chr3","64743687","64744024","chrX","9690700","9691011","70","55052987"
"chr3","64750878","64751131","chr16","60736435","60736699","49","4014443"
"chr3","64791221","64791376","chr13","55803739","55803894","27","8987482"
"chr3","64794651","64794774","chr5","9577715","9577839","16","55216936"
"chr3","64802447","64802756","chr5","39481373","39481682","37","25321074"
"chr3","64815608","64815903","chr4","201002184","201002482","51","136186576"
"chr3","64832991","64833289","chr10","5923874","5924172","36","58909117"
"chr3","64837906","64838214","chr19","36161945","36162251","36","28675961"
"chr3","64841204","64841491","chr20","4237429","4237723","49","60603775"
"chr3","64849712","64850012","chr11","111974661","111974961","41","47124949"
"chr3","64850016","64850292","chr10","32285720","32285995","43","32564296"
"chr3","64869463","64869742","chr1","147009090","147009364","45","82139627"
"chr3","64873062","64873232","chr9","109459345","109459514","30","44586283"
"chr3","64876072","64876239","chr10","132245824","132245994","22","67369752"
"chr3","64876240","64876546","chrX","18058024","18058315","52","46818216"
"chr3","64881842","64882152","chr17","20928868","20929178","45","43952974"
"chr3","64896727","64896850","chr11","96523718","96523840","20","31626991"
"chr3","64898182","64898448","chr5","151049958","151050238","49","86151776"
"chr3","64905189","64905490","chr5","24457435","24457738","44","40447754"
"chr3","64907432","64907700","chr7","43719358","43719624","42","21188074"
"chr3","64926406","64926712","chr15","62295406","62295717","39","2631000"
"chr3","64929933","64930057","chrX","22199062","22199188","18","42730871"
"chr3","64997595","64997788","chr7","71292650","71292842","35","6295055"
"chr3","65009354","65009660","chr1","146667786","146668094","50","81658432"
"chr3","65010057","65010298","chr4","140594966","140595226","40","75584909"
"chr3","65059227","65059341","chr20","30224859","30224984","25","34834368"
"chr3","65187052","65187370","chr3","29027730","29028033","52","36159322"
"chr3","65281747","65282056","chr14","14007750","14008049","42","51273997"
"chr3","65283858","65283975","chr1","12088602","12088716","17","53195256"
"chr3","65326868","65327168","chr1","36977102","36977393","59","28349766"
"chr3","65333232","65333412","chr18","28473757","28473934","27","36859475"
"chr3","65353338","65353501","chr11","107654526","107654690","25","42301188"
"chr3","65353794","65353918","chr15","37204517","37204631","28","28149277"
"chr3","65362213","65362518","chr21","28100054","28100357","53","37262159"
"chr3","65366945","65367076","chr5","161161762","161161894","18","95794817"
"chr3","65368367","65368486","chr7","148661024","148661145","17","83292657"
"chr3","65368532","65368692","chr19","12031666","12031828","24","53336866"
"chr3","65370162","65370299","chr10","117244185","117244319","26","51874023"
"chr3","65386111","65386332","chr7","76173095","76173319","35","10786984"
"chr3","65389484","65389644","chr7","128090894","128091057","21","62701410"
"chr3","65392872","65393038","chr19","7969567","7969732","31","57423305"
"chr3","65400762","65400807","chr5","54037600","54037646","2","11363162"
"chr3","65423542","65423796","chr1","205864109","205864363","41","140440567"
"chr3","65424087","65424365","chr3","53593985","53594256","39","11830102"
"chr3","65433778","65433903","chr3","115180873","115181000","14","49747095"
"chr3","65450407","65450578","chr6","112831541","112831707","23","47381134"
"chr3","65456753","65456860","chr20","1951184","1951294","29","63505569"
"chr3","65459610","65459780","chr15","22601617","22601791","26","42857993"
"chr3","65506138","65506431","chr5","117715882","117716173","33","52209744"
"chr3","65524249","65524538","chr6","79360967","79361252","42","13836718"
"chr3","65532506","65532639","chr19","49125928","49126062","19","16406578"
"chr3","65532640","65532946","chr1","134187131","134187427","47","68654491"
"chr3","65551178","65551292","chr7","6370899","6371013","14","59180279"
"chr3","65551882","65552177","chr17","3527860","3528157","73","62024022"
"chr3","65552716","65552983","chrX","12667958","12668224","38","52884758"
"chr3","65558510","65558803","chr2B","100893350","100893645","35","35334840"
"chr3","65560097","65560222","chr5","14477646","14477774","29","51082451"
"chr3","65563617","65563887","chr19","13876394","13876668","52","51687223"
"chr3","65571751","65572051","chr1","20471155","20471455","39","45100596"
"chr3","65572148","65572457","chr10","120691337","120691649","41","55119189"
"chr3","65576894","65577050","chr10","7267405","7267562","31","58309489"
"chr3","65577962","65578269","chr10","6291671","6291979","68","59286291"
"chr3","65587161","65587351","chr9","41623369","41623568","47","23963792"
"chr3","65590006","65590092","chr17","1090991","1091080","8","64499015"
"chr3","65591198","65591352","chr12","123648803","123648963","61","58057605"
"chr3","65591675","65591738","chr2A","75070576","75070640","22","9478901"
"chr3","65593357","65593639","chr3","121295547","121295846","60","55702190"
"chr3","65593649","65593801","chr1","147194209","147194362","30","81600560"
"chr3","65594098","65594232","chr3","199484334","199484470","23","133890236"
"chr3","65598276","65598484","chr7","68347619","68347829","40","2749343"
"chr3","65602542","65602838","chr2B","103777656","103777938","64","38175114"
"chr3","65602840","65602930","chr6","100102253","100102342","13","34499413"
"chr3","65604093","65604225","chr19","54668095","54668230","20","10935998"
"chr3","65604520","65604679","chr16","3488439","3488599","29","62116081"
"chr3","65617851","65617904","chr12","36260058","36260111","10","29357793"
"chr3","65618168","65618358","chr1","203553629","203553809","36","137935461"
"chr3","65618681","65618816","chr5","34455007","34455142","18","31163674"
"chr3","65629648","65629814","chr2B","50431625","50431794","27","15198023"
"chr3","65630111","65630243","chr4","121964169","121964304","16","56334058"
"chr3","65642160","65642459","chr7","72728291","72728588","37","7086131"
"chr3","65644969","65645244","chr10","66863643","66863933","57","1218674"
"chr3","65656332","65656616","chr7","73094896","73095187","39","7438564"
"chr3","65656787","65657052","chrX","123603230","123603503","50","57946443"
"chr3","65657977","65658219","chr11","111715938","111716183","37","46057961"
"chr3","65659884","65660007","chr10","4417323","4417448","10","61242561"
"chr3","65661730","65661947","chr7","96972240","96972461","37","31310510"
"chr3","65710413","65710715","chr1","128927826","128928136","56","63217413"
"chr3","65712514","65712657","chr5","122826175","122826321","24","57113661"
"chr3","65712813","65713122","chr4","139956131","139956446","49","74243318"
"chr3","65719966","65720096","chr1","11109640","11109772","12","54610326"
"chr3","65720229","65720510","chr4","93499101","93499385","57","27778872"
"chr3","65723135","65723278","chr17","541671","541816","20","65181464"
"chr3","65742674","65742957","chr15","68328367","68328659","56","2585693"
"chr3","65748012","65748277","chr5","28519605","28519871","45","37228407"
"chr3","65751350","65751651","chr22","16123945","16124256","39","49627405"
"chr3","65771345","65771645","chr14","7217699","7217998","47","58553646"
"chr3","65780311","65780584","chr8","103853182","103853465","42","38072871"
"chr3","65780585","65780719","chr1","168543967","168544101","15","102763382"
"chr3","65805276","65805580","chr18","19646192","19646505","58","46159084"
"chr3","65830594","65830891","chr4","96085922","96086220","54","30255328"
"chr3","65855011","65855307","chr8","74142778","74143073","38","8287767"
"chr3","65857176","65857408","chr1","8988316","8988536","41","56868860"
"chr3","65858203","65858496","chr10","112192486","112192781","41","46334283"
"chr3","65958115","65958412","chr9","73189728","73190025","51","7231613"
"chr3","65959936","65960227","chr4","162552218","162552510","40","96592282"
"chr3","65967624","65967923","chr7","150917773","150918071","33","84950149"
"chr3","66009869","66010149","chr3","199793361","199793617","60","133783492"
"chr3","66016250","66016334","chr18","56826401","56826490","11","9189849"
"chr3","66072468","66072748","chr19","2575838","2576119","51","63496630"
"chr3","66101881","66102177","chr10","84854407","84854704","45","18752526"
"chr3","66155438","66155709","chr1","15125951","15126230","46","51029487"
"chr3","66160013","66160290","chr1","9683728","9684022","54","56476285"
"chr3","66202121","66202275","chr9","36500931","36501077","23","29701190"
"chr3","66214954","66215253","chr2B","131657052","131657355","35","65442098"
"chr3","66265804","66266114","chr3","59079641","59079933","67","7186163"
"chr3","66272989","66273285","chr6","25335510","25335804","47","40937479"
"chr3","66370056","66370348","chr4","101447458","101447743","40","35077402"
"chr3","66713464","66713697","chr6","161266039","161266264","50","94552575"
"chr3","66716383","66716679","chr17","1142156","1142451","39","65574227"
"chr3","66890572","66890870","chr2A","36960561","36960861","38","29930011"
"chr3","66904049","66904361","chr4","138925336","138925641","44","72021287"
"chr3","66957092","66957364","chr4","138876827","138877101","42","71919735"
"chr3","67013122","67013424","chr5","133146062","133146360","46","66132940"
"chr3","67094911","67095217","chr7","81430890","81431200","43","14335979"
"chr3","67102958","67103252","chr7","130440904","130441201","41","63337946"
"chr3","67162683","67162964","chr15","10685716","10685996","43","56476967"
"chr3","67175055","67175339","chr16","1851680","1851971","51","65323375"
"chr3","67318269","67318441","chr7","43315713","43315896","42","24002556"
"chr3","67340736","67340992","chr6","65666310","65666576","60","1674426"
"chr3","67384583","67384871","chr15","27081977","27082274","44","40302606"
"chr3","67450302","67450408","chr17","16936950","16937062","23","50513352"
"chr3","67487550","67487844","chr13","6730299","6730586","61","60757251"
"chr3","67499240","67499535","chr3","155450395","155450685","58","87951155"
"chr3","67505986","67506092","chr10","98290111","98290210","22","30784125"
"chr3","67748185","67748457","chr1","194129673","194129951","65","126381488"
"chr3","67749256","67749509","chr14","48718565","48718825","54","19030691"
"chr3","67872989","67873073","chr8","92163156","92163233","17","24290167"
"chr3","67994110","67994391","chr8","126026839","126027127","51","58032729"
"chr3","67995033","67995144","chr1","34945076","34945188","18","33049957"
"chr3","68087639","68087768","chr5","35633795","35633931","22","32453844"
"chr3","68110763","68110952","chr2B","68650449","68650624","37","539686"
"chr3","68111244","68111370","chr4","36905526","36905655","23","31205718"
"chr3","68164011","68164309","chr3","152718857","152719154","43","84554846"
"chr3","68267243","68267412","chr3","123260001","123260171","25","54992758"
"chr3","68282147","68282445","chr20","35138811","35139107","54","33143336"
"chr3","68314563","68314670","chr4","140531899","140532001","22","72217336"
"chr3","68476003","68476155","chr3","173274411","173274556","32","104798408"
"chr3","68553731","68554031","chr14","79519450","79519750","48","10965719"
"chr3","68554081","68554367","chrX","33575116","33575401","44","34978965"
"chr3","68632774","68633079","chr10","115761256","115761556","55","47128482"
"chr3","68656750","68656939","chr6","58439187","58439379","38","10217563"
"chr3","68657431","68657716","chr1","92117926","92118216","46","23460495"
"chr3","68731846","68732153","chr1","10834158","10834467","48","57897688"
"chr3","68954746","68954909","chr4","76627356","76627517","30","7672610"
"chr3","69002630","69002858","chr5","126281723","126281947","33","57279093"
"chr3","69018450","69018772","chr3","187234270","187234565","63","118215820"
"chr3","69116160","69116449","chr6","2250322","2250619","46","66865838"
"chr3","69194377","69194688","chr2B","96374048","96374358","48","27179671"
"chr3","69198617","69198908","chr10","88625961","88626259","46","19427344"
"chr3","69547826","69547920","chr1","129602129","129602222","5","60054303"
"chr3","69857312","69857602","chr12","92652799","92653098","43","22795487"
"chr3","69916003","69916170","chr10","90211975","90212138","28","20295972"
"chr3","69916293","69916418","chr3","115180873","115181000","18","45264580"
"chr3","69968750","69969023","chr4","40335025","40335295","50","29633725"
"chr3","70098887","70099169","chr11","62103091","62103365","50","7995796"
"chr3","70146720","70147018","chr2B","100929351","100929648","41","30782631"
"chr3","70256508","70256798","chr3","197865269","197865558","49","127608761"
"chr3","70316017","70316306","chr15","45113588","45113879","53","25202429"
"chr3","70326038","70326287","chr4","135657065","135657322","43","65331027"
"chr3","70414219","70414532","chr10","59914542","59914847","42","10499677"
"chr3","70490671","70490978","chr11","3623940","3624232","61","66866731"
"chr3","70491574","70491864","chr4","135507756","135508036","36","65016182"
"chr3","70510909","70511199","chr19","47921162","47921446","42","22589747"
"chr3","70531038","70531329","chr4","88409968","88410257","44","17878930"
"chr3","70557972","70558252","chr14","50618961","50619244","43","19939011"
"chr3","70567107","70567418","chr15","49522479","49522786","43","21044628"
"chr3","70567429","70567634","chr15","19414385","19414589","27","51153044"
"chr3","70600626","70600900","chrX","15626910","15627195","38","54973716"
"chr3","70612096","70612378","chr19","40680751","40681040","44","29931345"
"chr3","70617479","70617757","chr3","54466312","54466598","48","16151167"
"chr3","70665884","70666141","chr9","105647577","105647828","42","34981693"
"chr3","70689263","70689359","chr6","22067312","22067404","21","48621951"
"chr3","70690210","70690488","chr7","75972337","75972609","43","5282127"
"chr3","70716757","70717004","chr19","56088072","56088321","43","14628685"
"chr3","70807585","70807705","chr1","10043533","10043661","22","60764052"
"chr3","70841061","70841201","chr16","76225501","76225642","15","5384440"
"chr3","70841243","70841421","chr4","176546656","176546832","30","105705413"
"chr3","70856690","70856806","chr21","27965813","27965925","12","42890877"
"chr3","70929777","70930071","chr14","6164917","6165209","46","64764860"
"chr3","70933522","70933636","chr17","16936950","16937062","24","53996572"
"chr3","70949598","70949863","chr4","134966764","134967049","77","64017166"
"chr3","71032101","71032410","chrX","14650817","14651125","42","56381284"
"chr3","71056449","71056752","chr10","132164858","132165160","53","61108409"
"chr3","71073177","71073446","chr10","136702504","136702782","62","65629327"
"chr3","71094165","71094472","chr7","72759051","72759361","42","1664886"
"chr3","71112399","71112665","chr8","134979114","134979396","55","63866715"
"chr3","71175662","71175773","chr7","147171746","147171858","14","75996084"
"chr3","71181333","71181622","chr21","30504763","30505057","48","40676570"
"chr3","71350105","71350361","chr19","35559276","35559530","40","35790829"
"chr3","71504304","71504599","chr10","10284413","10284710","42","61219891"
"chr3","71609601","71609898","chr4","134224283","134224580","40","62614682"
"chr3","71646535","71646802","chr5","163032090","163032352","51","91385555"
"chr3","71748178","71748465","chr3","64796573","64796858","44","6951605"
"chr3","71804208","71804325","chr7","5186354","5186473","21","66617854"
"chr3","71804371","71804540","chr12","118300422","118300589","29","46496051"
"chr3","71905457","71905714","chr3","182241485","182241749","59","110336028"
"chr3","71968539","71968854","chr8","49444233","49444543","56","22524306"
"chr3","71971589","71971702","chr13","20105528","20105652","30","51866061"
"chr3","72001499","72001770","chr1","10682570","10682835","49","61318929"
"chr3","72113458","72113731","chr8","144593849","144594123","36","72480391"
"chr3","72117448","72117575","chr3","60785435","60785563","15","11332013"
"chr3","72121893","72122009","chr10","49571987","49572102","6","22549906"
"chr3","72126666","72126979","chr5","152289740","152290053","55","80163074"
"chr3","72127721","72128010","chr4","133759016","133759309","41","61631295"
"chr3","72138817","72139111","chr19","33606847","33607144","38","38531970"
"chr3","72142743","72143044","chr13","22711773","22712074","46","49430970"
"chr3","72148017","72148147","chr21","31662246","31662382","17","40485771"
"chr3","72148726","72149022","chr1","43874114","43874415","42","28274612"
"chr3","72158253","72158359","chr14","65398954","65399060","8","6759299"
"chr3","72164513","72164644","chr22","25291618","25291750","14","46872895"
"chr3","72172755","72173049","chr4","133697125","133697420","42","61524370"
"chr3","72174412","72174536","chrX","129688031","129688160","13","57513619"
"chr3","72174817","72174970","chr19","16245932","16246082","40","55928885"
"chr3","72179616","72179911","chr7","106731510","106731805","35","34551894"
"chr3","72186145","72186442","chr4","133679843","133680139","34","61493698"
"chr3","72189183","72189323","chr11","125673855","125673996","17","53484672"
"chr3","72202778","72202906","chr1","134679352","134679483","16","62476574"
"chr3","72212403","72212590","chr1","129879680","129879864","33","57667277"
"chr3","72217984","72218263","chr1","65850703","65850981","50","6367281"
"chr3","72265078","72265359","chr16","16389192","16389485","57","55875886"
"chr3","72294535","72294827","chr3","123225574","123225865","41","50931039"
"chr3","72304684","72304964","chr9","117733372","117733651","35","45428688"
"chr3","72346233","72346519","chr8","98924805","98925093","40","26578572"
"chr3","72441218","72441528","chr14","80448722","80449027","50","8007504"
"chr3","72526544","72526848","chr14","87871716","87872017","38","15345172"
"chr3","72628746","72629049","chr5","19666007","19666305","43","52962739"
"chr3","72703291","72703385","chr19","5917826","5917922","14","66785465"
"chr3","72850124","72850432","chr8","126717045","126717351","44","53866921"
"chr3","73047061","73047229","chr21","9746109","9746256","51","63300952"
"chr3","73047271","73047429","chr1","129203089","129203252","32","56155818"
"chr3","73083245","73083543","chr8","82894963","82895258","39","9811718"
"chr3","73091537","73091818","chr13","14913691","14913971","58","58177846"
"chr3","73159333","73159426","chr18","17696779","17696867","15","55462554"
"chr3","73159937","73159950","chr3","198725842","198725854","1","125565905"
"chr3","73166024","73166323","chr9","52135731","52136029","44","21030293"
"chr3","73191853","73192146","chr5","1316128","1316430","47","71875725"
"chr3","73217517","73217698","chr3","101766875","101767054","29","28549358"
"chr3","73217748","73217868","chr3","46948804","46948928","19","26268944"
"chr3","73455422","73455709","chr1","211083712","211083997","40","137628290"
"chr3","73487445","73487724","chr21","9074527","9074803","43","64412918"
"chr3","73572716","73573018","chr1","220655608","220655903","51","147082892"
"chr3","73582476","73582773","chr15","69031981","69032276","41","4550495"
"chr3","73636488","73636806","chrX","101069175","101069496","56","27432687"
"chr3","73763733","73764014","chr11","112099180","112099466","42","38335447"
"chr3","73792898","73793195","chr12","24528552","24528850","44","49264346"
"chr3","73873220","73873511","chr7","72551503","72551792","48","1321717"
"chr3","73925908","73926194","chr2A","102899486","102899775","53","28973578"
"chr3","74142379","74142680","chr13","9716804","9717101","36","64425575"
"chr3","74233723","74233846","chr15","73119233","73119360","15","1114490"
"chr3","74275378","74275679","chr8","9756252","9756551","42","64519126"
"chr3","74327599","74327880","chr10","85441432","85441712","52","11113833"
"chr3","74429832","74430141","chr9","75393542","75393851","43","963710"
"chr3","74432366","74432485","chr12","36410722","36410841","14","38021644"
"chr3","74539504","74539815","chr5","24064939","24065247","45","50474565"
"chr3","74568564","74568656","chr3","37790930","37791019","16","36777634"
"chr3","74569948","74570024","chr15","44855348","44855422","19","29714600"
"chr3","74610325","74610602","chr17","3355871","3356146","48","71254454"
"chr3","74616965","74617161","chr20","4859395","4859591","38","69757570"
"chr3","74623680","74623904","chr1","51953422","51953648","33","22670258"
"chr3","74687220","74687518","chr4","139654371","139654673","41","64967151"
"chr3","74725824","74725938","chr7","50743927","50744040","21","23981897"
"chr3","74764787","74765035","chr12","125048775","125049022","36","50283988"
"chr3","74783882","74784194","chr6","39334930","39335231","52","35448952"
"chr3","74835612","74835903","chr18","42360649","42360934","63","32474963"
"chr3","74916871","74917160","chr18","18251317","18251608","43","56665554"
"chr3","74988327","74988472","chr9","45440285","45440447","35","29548042"
"chr3","74989213","74989366","chr1","226730287","226730437","17","151741074"
"chr3","75056669","75056962","chr6","45713778","45714072","39","29342891"
"chr3","75145597","75145826","chr11","82604042","82604283","54","7458445"
"chr3","75145843","75145899","chrX","330774","330829","11","74815069"
"chr3","75146090","75146417","chr20","62721781","62722089","78","12424309"
"chr3","75167392","75167673","chr13","1376244","1376525","37","73791148"
"chr3","75172800","75173066","chr16","19294672","19294946","51","55878128"
"chr3","75194975","75195274","chr9","113844558","113844856","28","38649583"
"chr3","75217173","75217464","chr1","94804891","94805182","38","19587718"
"chr3","75230220","75230339","chr11","95904481","95904600","21","20674261"
"chr3","75230360","75230525","chrX","45068833","45069000","20","30161527"
"chr3","75267758","75268056","chrX","25464416","25464708","49","49803342"
"chr3","75273489","75273776","chr21","28266356","28266639","40","47007133"
"chr3","75365112","75365402","chr7","7354387","7354675","44","68010725"
"chr3","75379765","75380077","chr2B","26685688","26685981","63","48694077"
"chr3","75403333","75403485","chr3","9778050","9778199","24","65625283"
"chr3","75403787","75403917","chr1","37708220","37708355","20","37695567"
"chr3","75448329","75448612","chr10","129702454","129702736","39","54254125"
"chr3","75456053","75456332","chrX","71774698","71774981","36","3681355"
"chr3","75803227","75803347","chr3","128859796","128859915","20","53056569"
"chr3","75887892","75888170","chr5","143799619","143799893","54","67911727"
"chr3","75910632","75910714","chr5","143858172","143858254","23","67947540"
"chr3","75912678","75912788","chr2A","37342062","37342176","24","38570616"
"chr3","76025100","76025391","chr8","131916792","131917077","53","55891692"
"chr3","76074441","76074570","chr14","12485207","12485337","19","63589234"
"chr3","76098876","76099191","chr11","60726303","60726635","68","15372573"
"chr3","76128759","76129063","chr7","158943212","158943520","50","82814453"
"chr3","76187940","76188235","chr7","129583721","129584019","48","53395781"
"chr3","76262916","76263225","chr9","116793954","116794255","48","40531038"
"chr3","76285578","76285856","chr1","145866574","145866859","52","69580996"
"chr3","76347441","76347613","chr6","37231363","37231535","34","39116078"
"chr3","76348740","76348876","chr5","61417733","61417868","20","14931007"
"chr3","76406004","76406281","chr16","26943607","26943889","47","49462397"
"chr3","76406347","76406362","chr13","81068044","81068060","1","4661697"
"chr3","76552412","76552550","chr17","40745194","40745323","26","35807218"
"chr3","76887959","76888256","chr6","92275344","92275643","42","15387385"
"chr3","76937769","76938069","chr8","54957206","54957497","50","21980563"
"chr3","76945586","76945600","chr5","54725242","54725255","2","22220344"
"chr3","76945644","76945805","chr16","5079798","5079964","63","71865846"
"chr3","76992780","76992860","chr8","126049484","126049566","9","49056704"
"chr3","77112162","77112455","chr7","77548302","77548597","45","436140"
"chr3","77128755","77128998","chrX","121774073","121774318","54","44645318"
"chr3","77151736","77151865","chr5","138715563","138715697","17","61563827"
"chr3","77184183","77184467","chr2B","12544393","12544683","56","64639790"
"chr3","77296279","77296364","chr13","95192812","95192897","23","17896533"
"chr3","77344936","77345228","chr5","120263180","120263474","45","42918244"
"chr3","77407605","77407897","chr4","127855434","127855726","41","50447829"
"chr3","77427040","77427224","chr16","5710506","5710689","35","71716534"
"chr3","77429645","77429772","chr4","15712464","15712593","20","61717181"
"chr3","77438856","77439137","chr4","121134168","121134451","50","43695312"
"chr3","77533422","77533724","chr1","216899282","216899593","55","139365860"
"chr3","77558624","77558900","chr16","30988243","30988520","44","46570381"
"chr3","77580868","77581122","chr8","74307336","74307585","39","3273532"
"chr3","77627011","77627308","chr7","77548302","77548597","48","78709"
"chr3","77632300","77632587","chr8","98924805","98925093","39","21292505"
"chr3","77632855","77633081","chr1","214970667","214970881","42","137337812"
"chr3","77685426","77685735","chr2B","99945275","99945585","45","22259849"
"chr3","77755090","77755247","chr13","4368889","4369047","35","73386201"
"chr3","77836216","77836524","chr22","7243117","7243423","57","70593099"
"chr3","77865424","77865708","chrX","31777979","31778262","42","46087445"
"chr3","77885435","77885729","chr1","200515927","200516218","43","122630492"
"chr3","77938014","77938114","chr1","21123280","21123379","16","56814734"
"chr3","77949965","77950150","chr21","29609464","29609641","38","48340501"
"chr3","77950521","77950656","chr9","49197226","49197359","16","28753295"
"chr3","78426299","78426429","chr6","141208908","141209041","24","62782609"
"chr3","78482158","78482292","chr5","39316459","39316593","22","39165699"
"chr3","78482894","78483056","chr5","155590947","155591113","39","77108053"
"chr3","78505580","78505737","chr11","123614622","123614778","26","45109042"
"chr3","78530867","78531196","chr1","93519137","93519467","58","14988270"
"chr3","78534362","78534664","chr12","82582291","82582591","40","4047929"
"chr3","78682285","78682591","chr1","97174406","97174696","55","18492121"
"chr3","78736942","78737197","chrX","116807939","116808197","44","38070997"
"chr3","78786955","78787254","chr7","72262571","72262871","45","6524384"
"chr3","78953758","78954058","chr1","143406835","143407142","40","64453077"
"chr3","79009326","79009639","chr7","4579537","4579847","45","74429789"
"chr3","79018286","79018582","chr10","107046815","107047110","54","28028529"
"chr3","79108019","79108132","chr3","50836150","50836264","12","28271869"
"chr3","79219156","79219431","chr8","59177377","59177656","52","20041779"
"chr3","79318295","79318574","chr16","23784690","23784983","55","55533605"
"chr3","79349521","79349646","chr21","34756841","34756973","27","44592680"
"chr3","79362295","79362596","chr1","65931982","65932282","44","13430313"
"chr3","79380262","79380435","chr19","10554501","10554676","25","68825761"
"chr3","79382530","79382689","chr2B","65020565","65020719","22","14361965"
"chr3","79382716","79382843","chr4","120183980","120184110","14","40801264"
"chr3","79394103","79394369","chr9","26775365","26775630","32","52618738"
"chr3","79477346","79477644","chr8","101544594","101544890","44","22067248"
"chr3","79480669","79480948","chr2B","44431460","44431730","56","35049209"
"chr3","79509881","79510185","chr4","2570442","2570744","42","76939439"
"chr3","79586823","79587027","chrX","41233760","41233962","50","38353063"
"chr3","79684084","79684306","chr1","8413292","8413505","59","71270792"
"chr3","79712405","79712679","chr7","65398022","65398304","50","14314383"
"chr3","79806007","79806224","chr20","46293811","46294029","32","33512196"
"chr3","79820628","79820927","chr2B","82727117","82727413","54","2906489"
"chr3","79824418","79824579","chr7","76159893","76160049","26","3664525"
"chr3","79934623","79934941","chr6","35220636","35220948","54","44713987"
"chr3","79935076","79935387","chr19","53636344","53636655","44","26298732"
"chr3","80024793","80025069","chr9","109733660","109733937","38","29708867"
"chr3","80025386","80025520","chr6","75172923","75173058","23","4852463"
"chr3","80028478","80028552","chr15","54252813","54252886","16","25775665"
"chr3","80046912","80047052","chrX","82089028","82089176","35","2042116"
"chr3","80077700","80078006","chr14","7217699","7217998","46","72860001"
"chr3","80144238","80144261","chr19","17072265","17072287","5","63071973"
"chr3","80144305","80144580","chr2A","18598144","18598426","44","61546161"
"chr3","80154319","80154601","chr2B","124977630","124977912","38","44823311"
"chr3","80173272","80173565","chr21","5141511","5141813","45","75031761"
"chr3","80262429","80262721","chr7","152775712","152776009","39","72513283"
"chr3","80273346","80273597","chr19","46943521","46943776","49","33329825"
"chr3","80276735","80277016","chr4","124822879","124823166","49","44546144"
"chr3","80355215","80355439","chr1","19327547","19327763","38","61027668"
"chr3","80405164","80405472","chr3","43602807","43603106","47","36802357"
"chr3","80484225","80484534","chr18","33002216","33002527","39","47482009"
"chr3","80487001","80487262","chrX","141292951","141293222","40","60805950"
"chr3","80498417","80498542","chr5","59589026","59589158","23","20909391"
"chr3","80639405","80639689","chr5","36131802","36132091","39","44507603"
"chr3","80666254","80666559","chr20","34838054","34838358","47","45828200"
"chr3","80684929","80685102","chr9","111057593","111057767","27","30372664"
"chr3","80685396","80685502","chr8","76412457","76412562","21","4272939"
"chr3","80691530","80691810","chr22","19932508","19932797","48","60759022"
"chr3","80744774","80745065","chr7","83290117","83290410","45","2545343"
"chr3","80769322","80769621","chr15","68730508","68730812","42","12038814"
"chr3","80779518","80779816","chr7","87198283","87198578","39","6418765"
"chr3","80803933","80804047","chr11","113906994","113907109","13","33103061"
"chr3","80804333","80804535","chr8","16743164","16743373","39","64061169"
"chr3","80805383","80805609","chr9","120180299","120180525","41","39374916"
"chr3","80836681","80836938","chr1","6642105","6642371","47","74194576"
"chr3","80843599","80843757","chr12","93049007","93049161","25","12205408"
"chr3","80849539","80849678","chr14","57951995","57952135","22","22897544"
"chr3","80849993","80850166","chrX","71110362","71110543","41","9739631"
"chr3","80852445","80852755","chr14","110301","110606","42","80742144"
"chr3","80852771","80853059","chr9","115398045","115398335","39","34545274"
"chr3","80855413","80855698","chr16","17735667","17735954","49","63119746"
"chr3","80867455","80867747","chr9","104384316","104384616","46","23516861"
"chr3","80874200","80874495","chr17","81507469","81507757","48","633269"
"chr3","80879054","80879200","chr11","106723599","106723743","32","25844545"
"chr3","80879509","80879644","chr19","54668095","54668230","10","26211414"
"chr3","80881141","80881330","chr9","112436564","112436754","34","31555423"
"chr3","80881905","80882041","chr15","42938066","42938200","16","37943839"
"chr3","80899910","80900192","chr5","5751225","5751507","37","75148685"
"chr3","80903591","80903715","chr1","17325345","17325470","13","63578246"
"chr3","80904720","80905005","chr2B","54303569","54303863","39","26601151"
"chr3","80907279","80907543","chr3","16318004","16318266","42","64589275"
"chr3","80916117","80916230","chr10","100784496","100784612","23","19868379"
"chr3","80916536","80916688","chr2B","126543301","126543456","24","45626765"
"chr3","80921363","80921461","chr17","37848426","37848525","15","43072937"
"chr3","80921462","80921684","chr6","15486991","15487222","52","65434471"
"chr3","80922111","80922321","chr12","27755454","27755643","55","53166657"
"chr3","80922333","80922467","chr22","24960338","24960472","19","55961995"
"chr3","80922777","80922941","chr5","61763730","61763894","36","19159047"
"chr3","80923888","80924171","chr2A","44428523","44428819","41","36495365"
"chr3","80924826","80925126","chr22","15103501","15103796","50","65821325"
"chr3","80931004","80931287","chr11","32653556","32653838","38","48277448"
"chr3","80951843","80952122","chrX","19706961","19707242","42","61244882"
"chr3","80953669","80953834","chr11","46664552","46664726","28","34289117"
"chr3","80953948","80954079","chr20","42484308","42484438","11","38469640"
"chr3","80958099","80958386","chr1","135275847","135276149","49","54317748"
"chr3","80962009","80962305","chr2B","57865529","57865832","47","23096480"
"chr3","80968445","80968736","chr6","146502517","146502811","39","65534072"
"chr3","80976450","80976744","chr7","157137240","157137534","40","76160790"
"chr3","80979052","80979185","chr16","76331489","76331623","14","4647563"
"chr3","80979472","80979637","chr5","36605080","36605249","40","44374392"
"chr3","80991657","80991780","chr7","104403957","104404081","15","23412300"
"chr3","80999146","80999459","chr3","185043541","185043836","58","104044395"
"chr3","81000001","81000188","chr12","40416242","40416430","33","40583759"
"chr3","81004745","81004995","chr1","32667499","32667739","46","48337246"
"chr3","81019766","81020028","chr1","197532751","197533027","54","116512985"
"chr3","81020049","81020079","chr6","20969412","20969437","7","60050637"
"chr3","81020720","81020841","chr6","16800077","16800197","15","64220643"
"chr3","81021113","81021409","chr4","124110382","124110679","47","43089269"
"chr3","81025058","81025353","chr5","24762715","24763015","37","56262343"
"chr3","81025497","81025807","chr5","118351918","118352225","39","37326421"
"chr3","81026298","81026610","chr9","109734146","109734451","53","28707848"
"chr3","81036746","81036948","chr19","3311699","3311901","47","77725047"
"chr3","81039484","81039764","chr4","124095685","124095958","39","43056201"
"chr3","81041287","81041589","chr2A","2801093","2801390","54","78240194"
"chr3","81062206","81062498","chrX","31758067","31758355","51","49304139"
"chr3","81075409","81075718","chr19","45836482","45836784","44","35238927"
"chr3","81155412","81155549","chr15","19132777","19132917","28","62022635"
"chr3","81170226","81170408","chr4","123956454","123956641","23","42786228"
"chr3","81184152","81184417","chr4","123947579","123947855","47","42763427"
"chr3","81215984","81216258","chr13","26936691","26936961","45","54279293"
"chr3","81312679","81312961","chr17","21648120","21648414","49","59664559"
"chr3","81326243","81326528","chr5","59849749","59850042","54","21476494"
"chr3","81380329","81380626","chr4","123786218","123786519","44","42405889"
"chr3","81385283","81385373","chr1","128614339","128614430","12","47229056"
"chr3","81392346","81392635","chr4","123775768","123776068","45","42383422"
"chr3","81393324","81393629","chr4","180636857","180637164","42","99243533"
"chr3","81437095","81437225","chrX","23946011","23946143","18","57491084"
"chr3","81437750","81437938","chr5","61177586","61177769","38","20260164"
"chr3","81495057","81495193","chr11","61753429","61753569","33","19741628"
"chr3","81535661","81535956","chr13","9716804","9717101","31","71818857"
"chr3","81555958","81556268","chr5","32325004","32325315","40","49230954"
"chr3","81558705","81558865","chr6","46634251","46634410","27","34924454"
"chr3","81559161","81559305","chr1","207901121","207901272","27","126341960"
"chr3","81576039","81576329","chr4","21361861","21362148","46","60214178"
"chr3","81625592","81625882","chr5","428326","428611","52","81197266"
"chr3","81651607","81651817","chr9","112620515","112620729","25","30968908"
"chr3","81669649","81669940","chr22","14322903","14323197","38","67346746"
"chr3","81671722","81672022","chr16","17954347","17954650","40","63717375"
"chr3","81694631","81694929","chr22","15229657","15229964","47","66464974"
"chr3","81701541","81701677","chr12","114431855","114431988","24","32730314"
"chr3","81701976","81702107","chr17","17814752","17814887","19","63887224"
"chr3","81707642","81707930","chr4","123494002","123494293","58","41786360"
"chr3","81832327","81832543","chr20","34659210","34659432","47","47173117"
"chr3","81878141","81878303","chr4","123324425","123324588","26","41446284"
"chr3","81969644","81969785","chr19","30612812","30612954","25","51356832"
"chr3","81969828","81969993","chr15","29091658","29091817","34","52878170"
"chr3","82025364","82025663","chr1","52720825","52721129","38","29304539"
"chr3","82034163","82034447","chr4","123140949","123141233","33","41106786"
"chr3","82115804","82116087","chr12","10745479","10745770","44","71370325"
"chr3","82341960","82342250","chr5","15655691","15655965","64","66686269"
"chr3","82368214","82368343","chr1","64652249","64652381","17","17715965"
"chr3","82460289","82460373","chr9","76138734","76138819","15","6321555"
"chr3","82483054","82483339","chr5","143985679","143985963","53","61502625"
"chr3","82483414","82483479","chr15","77660396","77660468","20","4823018"
"chr3","82483744","82483929","chr3","33516380","33516565","32","48967364"
"chr3","82483938","82484042","chr19","47956756","47956864","14","34527182"
"chr3","82568154","82568371","chr15","58753883","58754098","32","23814271"
"chr3","83118589","83118893","chrX","47845060","47845363","39","35273529"
"chr3","83157324","83157633","chrX","128923641","128923950","36","45766317"
"chr3","83173019","83173301","chr3","15609517","15609799","48","67563502"
"chr3","83193653","83193776","chr1","14802147","14802270","12","68391506"
"chr3","83200339","83200387","chr4","593747","593800","10","82606592"
"chr3","83217556","83217689","chrX","47697355","47697489","17","35520201"
"chr3","83221528","83221823","chr6","161070999","161071291","43","77849471"
"chr3","83229695","83229827","chrX","118877663","118877798","19","35647968"
"chr3","83247012","83247141","chr6","156189946","156190077","14","72942934"
"chr3","83260105","83260402","chr5","38506940","38507235","59","44753165"
"chr3","83266037","83266147","chr1","6035514","6035626","16","77230523"
"chr3","83270922","83271035","chr8","63631723","63631835","11","19639199"
"chr3","83281163","83281287","chr7","16483204","16483328","14","66797959"
"chr3","83289573","83289792","chr15","44981764","44981985","42","38307809"
"chr3","83291549","83291572","chr4","41559824","41559848","3","41731725"
"chr3","83291602","83291881","chr16","75803874","75804155","38","7487728"
"chr3","83292501","83292652","chr17","77467298","77467448","23","5825203"
"chr3","83307190","83307317","chr15","73119233","73119360","14","10187957"
"chr3","83330614","83330914","chr3","75982203","75982476","67","7348411"
"chr3","83371020","83371337","chrX","123668282","123668591","43","40297262"
"chr3","83372077","83372361","chr7","106301000","106301283","49","22928923"
"chr3","83379447","83379751","chr12","31816989","31817294","46","51562458"
"chr3","83380254","83380541","chr2A","37650701","37650976","61","45729553"
"chr3","83383398","83383514","chr12","101288027","101288145","20","17904629"
"chr3","83390050","83390349","chr6","109115142","109115442","49","25725092"
"chr3","83392146","83392414","chr4","124359555","124359819","44","40967409"
"chr3","83392919","83393219","chr12","103962560","103962853","43","20569641"
"chr3","83393702","83393833","chr14","12485207","12485337","15","70908495"
"chr3","83411434","83411725","chr4","121717345","121717656","58","38305911"
"chr3","83426308","83426361","chr3","50183030","50183080","12","33243278"
"chr3","83429202","83429511","chr6","58768758","58769070","47","24660444"
"chr3","83437224","83437511","chr20","58175155","58175452","46","25262069"
"chr3","83450715","83450742","chr13","7677182","7677208","1","75773533"
"chr3","83450796","83451076","chr9","80583599","80583882","46","2867197"
"chr3","83456156","83456231","chr5","338326","338402","9","83117830"
"chr3","83459442","83459600","chr5","40633317","40633468","26","42826125"
"chr3","83494058","83494383","chr5","117786068","117786387","64","34292010"
"chr3","83497617","83497926","chr4","121643720","121644028","44","38146103"
"chr3","83565330","83565629","chr8","9756252","9756551","39","73809078"
"chr3","83585467","83585738","chr4","184162655","184162922","56","100577188"
"chr3","83599189","83599470","chr13","14913691","14913971","36","68685498"
"chr3","83632492","83632802","chr3","48042434","48042743","56","35590058"
"chr3","83690741","83690944","chr9","68200237","68200442","37","15490504"
"chr3","83691278","83691479","chr9","41623369","41623568","28","42067909"
"chr3","83724263","83724371","chr20","4936360","4936470","9","78787903"
"chr3","83735968","83736083","chr11","113906994","113907109","15","30171026"
"chr3","83798373","83798661","chr2A","75345541","75345836","38","8452832"
"chr3","83886813","83887091","chr4","121272646","121272932","45","37385833"
"chr3","83895928","83896235","chr5","9482966","9483266","42","74412962"
"chr3","83927427","83927724","chr15","30508140","30508434","43","53419287"
"chr3","83928695","83928972","chr2A","67805820","67806097","36","16122875"
"chr3","83932743","83933031","chr1","8513682","8513967","47","75419061"
"chr3","83979845","83980141","chr14","61270693","61270991","43","22709152"
"chr3","84040362","84040631","chr2B","123962129","123962408","49","39921767"
"chr3","84044365","84044504","chr1","72679958","72680099","20","11364407"
"chr3","84069885","84070128","chr19","46511815","46512054","33","37558070"
"chr3","84110667","84110946","chr7","26934288","26934569","44","57176379"
"chr3","84112984","84113270","chr4","140032864","140033163","49","55919880"
"chr3","84122372","84122678","chr8","141066904","141067212","42","56944532"
"chr3","84128899","84129190","chr3","54121779","54122063","46","30007120"
"chr3","84145016","84145299","chr3","201209552","201209838","45","117064536"
"chr3","84151450","84151739","chr2B","1475279","1475574","43","82676171"
"chr3","84173060","84173366","chr9","104384316","104384616","31","20211256"
"chr3","84175612","84175734","chr3","35284845","35284968","19","48890767"
"chr3","84176033","84176320","chr20","34550671","34550962","54","49625362"
"chr3","84189177","84189471","chr7","79374675","79374962","53","4814502"
"chr3","84190190","84190491","chr5","35893532","35893831","41","48296658"
"chr3","84219634","84219915","chr18","18251317","18251608","45","65968317"
"chr3","84264065","84264205","chr12","53624652","53624787","18","30639413"
"chr3","84273655","84273917","chr10","100354316","100354578","37","16080661"
"chr3","84285120","84285241","chr12","133118538","133118655","21","48833418"
"chr3","84369708","84369798","chr9","116259811","116259902","16","31890103"
"chr3","84439143","84439451","chr4","119655282","119655580","42","35216139"
"chr3","84479614","84479883","chr4","120726889","120727149","49","36247275"
"chr3","84555144","84555421","chr7","4444965","4445247","49","80110179"
"chr3","84590252","84590413","chr18","55201522","55201681","23","29388730"
"chr3","84676171","84676392","chr15","37958980","37959202","29","46717191"
"chr3","84679217","84679310","chr5","7846311","7846401","12","76832906"
"chr3","84699643","84699946","chr3","187362815","187363114","40","102663172"
"chr3","84764560","84764869","chr13","14472212","14472520","41","70292348"
"chr3","84777607","84777689","chr8","92163156","92163233","17","7385549"
"chr3","84778396","84778677","chr19","12105066","12105347","45","72673330"
"chr3","84788457","84788735","chr7","26934288","26934569","37","57854169"
"chr3","84796919","84797203","chr15","77937837","77938126","37","6859082"
"chr3","84827133","84827417","chr4","120268205","120268491","35","35441072"
"chr3","84839133","84839147","chr5","16287257","16287270","1","68551876"
"chr3","84839433","84839518","chr3","155348744","155348825","16","70509311"
"chr3","84843825","84844113","chr5","82284587","82284867","50","2559238"
"chr3","84847378","84847498","chr8","10831424","10831546","30","74015954"
"chr3","84847526","84847686","chr7","104320068","104320227","30","19472542"
"chr3","84848237","84848304","chr14","86087026","86087089","10","1238789"
"chr3","84862022","84862100","chr1","109992689","109992768","12","25130667"
"chr3","84862226","84862459","chr17","33550670","33550911","51","51311556"
"chr3","84862905","84863206","chr1","31136599","31136900","54","53726306"
"chr3","84874931","84875232","chr6","154956237","154956544","58","70081306"
"chr3","84879506","84879665","chr1","135795439","135795597","24","50915933"
"chr3","84884578","84884872","chr1","156921438","156921735","37","72036860"
"chr3","84888499","84888812","chr3","1181100","1181415","53","83707399"
"chr3","84899520","84899813","chr5","161201989","161202284","44","76302469"
"chr3","84916132","84916425","chr4","120192657","120192955","45","35276525"
"chr3","84930457","84930741","chr20","62260051","62260337","42","22670406"
"chr3","84942490","84942798","chr9","58983134","58983440","52","25959356"
"chr3","84956774","84956895","chr6","79500001","79500124","19","5456773"
"chr3","84960850","84961137","chr1","216208142","216208425","40","131247292"
"chr3","84962687","84962991","chr16","53536713","53537011","51","31425974"
"chr3","85002389","85002683","chr6","95194922","95195216","35","10192533"
"chr3","85005594","85005885","chr5","24372432","24372725","39","60633162"
"chr3","85015839","85016044","chr12","130560602","130560800","44","45544763"
"chr3","85031965","85032112","chr3","126370891","126371038","20","41338926"
"chr3","85041209","85041430","chr2A","36711440","36711659","29","48329769"
"chr3","85044573","85044875","chr10","40882409","40882712","37","44162164"
"chr3","85062577","85062861","chr16","20044111","20044400","40","65018466"
"chr3","85063052","85063343","chr6","139198333","139198630","40","54135281"
"chr3","85085310","85085515","chr14","85511353","85511552","37","426043"
"chr3","85085820","85085933","chr12","121761450","121761560","19","36675630"
"chr3","85110669","85110903","chr19","49019520","49019755","39","36091149"
"chr3","85205003","85205325","chr7","25076781","25077092","57","60128222"
"chr3","85300564","85300712","chrX","36478653","36478796","25","48821911"
"chr3","85388010","85388297","chr4","119695244","119695530","47","34307234"
"chr3","85388343","85388356","chr3","12731764","12731778","2","72656579"
"chr3","85402781","85402968","chr17","16938693","16938876","35","68464088"
"chr3","85434507","85434815","chr1","222856996","222857309","56","137422489"
"chr3","85438923","85439238","chr1","146725524","146725833","43","61286601"
"chr3","85513912","85514205","chr11","68281714","68282010","41","17232198"
"chr3","85535547","85535838","chr11","77103333","77103625","44","8432214"
"chr3","85551472","85551775","chr1","216899282","216899593","40","131347810"
"chr3","85624364","85624642","chr10","32790008","32790287","48","52834356"
"chr3","85693090","85693389","chr1","212745117","212745410","33","127052027"
"chr3","85755664","85755958","chr3","58218665","58218964","40","27536999"
"chr3","85875309","85875574","chr2B","117079960","117080243","55","31204651"
"chr3","86002268","86002501","chr4","119058114","119058349","37","33055846"
"chr3","86044212","86044226","chr16","76236826","76236838","4","9807386"
"chr3","86044251","86044418","chr1","158656611","158656779","27","72612360"
"chr3","86136537","86136805","chr5","45704421","45704704","68","40432116"
"chr3","86136832","86136855","chr1","225284955","225284981","5","139148123"
"chr3","86259382","86259543","chr7","62486171","62486332","20","23773211"
"chr3","86351616","86351918","chrX","49238016","49238318","38","37113600"
"chr3","86360838","86361045","chr1","46192324","46192528","49","40168514"
"chr3","86436751","86437037","chr5","40431660","40431958","65","46005091"
"chr3","86580583","86580692","chr14","88983738","88983845","22","2403155"
"chr3","86588023","86588330","chr3","46381852","46382163","47","40206171"
"chr3","86607551","86607852","chr6","92117068","92117375","59","5509517"
"chr3","86673975","86674236","chr3","174779972","174780242","55","88105997"
"chr3","86718358","86718641","chr1","145866574","145866859","35","59148216"
"chr3","86815561","86815870","chr1","9681647","9681956","43","77133914"
"chr3","86841780","86842079","chr6","91323321","91323619","42","4481541"
"chr3","86908618","86908907","chr5","66262413","66262707","53","20646205"
"chr3","87136045","87136321","chr12","122246642","122246924","44","35110597"
"chr3","87183242","87183418","chr1","24681785","24681955","27","62501457"
"chr3","87183446","87183567","chr1","14802147","14802270","13","72381299"
"chr3","87183948","87184249","chr14","61703732","61704029","41","25480216"
"chr3","87244185","87244476","chr12","123479815","123480109","38","36235630"
"chr3","87295552","87295820","chr22","12451283","12451544","49","74844269"
"chr3","87299604","87299887","chr9","111465223","111465512","41","24165619"
"chr3","87422038","87422241","chr1","149640552","149640758","36","62218514"
"chr3","87423009","87423097","chr1","134177293","134177384","13","46754284"
"chr3","87427633","87427791","chr13","34456126","34456283","24","52971507"
"chr3","87605280","87605493","chr9","111992562","111992790","51","24387282"
"chr3","87785088","87785369","chr1","216208142","216208425","51","128423054"
"chr3","87927386","87927589","chr6","6920897","6921106","36","81006489"
"chr3","88017080","88017383","chr17","30050561","30050856","57","57966519"
"chr3","88064216","88064512","chr2B","41123929","41124229","42","46940287"
"chr3","88171950","88172191","chr1","15610844","15611087","39","72561106"
"chr3","88188345","88188614","chr16","64585012","64585285","49","23603333"
"chr3","88277289","88277557","chr14","52194486","52194761","50","36082803"
"chr3","88283558","88283728","chr16","78733739","78733900","32","9549819"
"chr3","88283995","88284123","chr10","12617951","12618079","20","75666044"
"chr3","88284204","88284522","chr6","164636990","164637300","45","76352786"
"chr3","88320867","88321020","chr14","34678399","34678547","17","53642468"
"chr3","88372887","88373176","chr9","109467275","109467570","46","21094388"
"chr3","88450693","88450821","chr1","168543967","168544101","17","80093274"
"chr3","88472086","88472217","chr19","40084302","40084434","14","48387784"
"chr3","88482041","88482338","chr9","116674797","116675091","39","28192756"
"chr3","88504561","88504797","chr8","44209824","44210083","65","44294737"
"chr3","88504799","88505006","chr4","116576085","116576289","26","28071286"
"chr3","88518636","88518744","chrX","90790333","90790447","25","2271697"
"chr3","88519716","88519846","chr1","139155038","139155171","14","50635322"
"chr3","88539591","88539710","chr3","45629081","45629198","13","42910510"
"chr3","88561945","88562165","chr11","5332043","5332259","39","83229902"
"chr3","88582586","88582785","chr14","59627910","59628107","36","28954676"
"chr3","88693319","88693612","chr8","101544594","101544890","46","12851275"
"chr3","88737359","88737490","chr5","135002719","135002851","18","46265360"
"chr3","88960411","88960717","chr5","59191422","59191722","48","29768989"
"chr3","88979837","88980145","chr1","79029989","79030281","56","9949848"
"chr3","89112101","89112415","chr7","152799145","152799449","50","63687044"
"chr3","89210927","89211239","chr13","57821806","57822118","49","31389121"
"chr3","89211991","89212121","chr20","42484308","42484438","20","46727683"
"chr3","89298712","89298888","chr1","162846265","162846444","22","73547553"
"chr3","89298917","89299045","chr4","201135101","201135227","21","111836184"
"chr3","89511526","89511807","chr15","49302263","49302546","34","40209263"
"chr3","89755057","89755257","chr1","46192324","46192528","35","43562733"
"chr3","89922494","89922594","chrX","47761378","47761479","11","42161116"
"chr3","89979335","89979449","chr7","6159919","6160031","11","83819416"
"chr3","90078332","90078635","chr7","102315649","102315951","49","12237317"
"chr3","90079846","90080133","chr10","115956895","115957189","50","25877049"
"chr3","90127509","90127825","chr19","17535533","17535847","65","72591976"
"chr3","90306802","90307064","chr11","107975045","107975301","43","17668243"
"chr3","90336252","90336559","chrX","23945702","23946005","48","66390550"
"chr3","90389610","90389907","chr13","1803926","1804222","38","88585684"
"chr3","90511939","90512221","chr1","40978393","40978682","43","49533546"
"chr3","90536161","90536419","chr1","44216395","44216648","53","46319766"
"chr3","90610690","90610968","chr1","9351435","9351714","44","81259255"
"chr3","90623716","90624003","chr4","114416569","114416862","55","23792853"
"chr3","90704388","90704726","chr16","13726032","13726366","39","76978356"
"chr3","90707998","90708179","chr7","32782472","32782647","29","57925526"
"chr3","90741360","90741472","chr1","64666644","64666758","20","26074716"
"chr3","90783287","90783579","chr4","174490551","174490849","49","83707264"
"chr3","90792857","90793151","chr7","121475973","121476270","38","30683116"
"chr3","90809146","90809330","chr1","16608058","16608245","42","74201088"
"chr3","90811150","90811441","chr1","134187131","134187427","36","43375981"
"chr3","90838047","90838318","chr19","35032727","35033000","55","55805320"
"chr3","90841674","90841968","chr8","76292317","76292607","54","14549357"
"chr3","90848772","90849018","chr9","110201696","110201945","64","19352924"
"chr3","90871819","90872091","chr5","56031864","56032137","52","34839955"
"chr3","90910909","90911175","chr22","24410475","24410754","51","66500434"
"chr3","90951153","90951374","chr4","38960535","38960756","37","51990618"
"chr3","90968240","90968560","chr4","114041637","114041923","72","23073397"
"chr3","90968970","90969278","chr5","50770373","50770679","39","40198597"
"chr3","91142014","91142152","chr1","32409929","32410064","18","58732085"
"chr3","91151976","91152248","chr6","27328984","27329260","45","63822992"
"chr3","91205430","91205560","chr5","117908627","117908759","16","26703197"
"chr3","91231292","91231589","chr1","225431430","225431722","54","134200138"
"chr3","91248788","91248913","chr9","81434465","81434588","24","9814323"
"chr3","91268881","91269162","chr5","47101929","47102212","40","44166952"
"chr3","91269188","91269206","chr1","8693386","8693404","3","82575802"
"chr3","91290140","91290441","chr7","34234347","34234648","43","57055793"
"chr3","91481794","91482089","chr19","36553576","36553871","50","54928218"
"chr3","91577659","91577920","chr7","2270201","2270458","47","89307458"
"chr3","91582435","91582749","chr7","40445781","40446084","48","51136654"
"chr3","91697140","91697451","chr7","148724742","148725045","41","57027602"
"chr3","91870182","91870527","chr8","144557534","144557872","60","52687352"
"chr3","91969535","91969821","chr13","33264699","33264992","50","58704836"
"chr3","91982324","91982623","chr2A","75063735","75064037","53","16918589"
"chr3","92002736","92003001","chr4","73428507","73428782","44","18574229"
"chr3","92006696","92006982","chr6","37687568","37687849","62","54319128"
"chr3","92010059","92010340","chr20","25789479","25789767","38","66220580"
"chr3","92055611","92055880","chr9","60248315","60248587","54","31807296"
"chr3","92086149","92086419","chr20","49328236","49328518","57","42757913"
"chr3","92102227","92102360","chr4","100215280","100215409","24","8113053"
"chr3","92195445","92195757","chrX","148169944","148170241","60","55974499"
"chr3","92223295","92223583","chr6","45713778","45714072","47","46509517"
"chr3","92229939","92230244","chr3","29027730","29028033","53","63202209"
"chr3","92294050","92294267","chr3","199974157","199974377","38","107680107"
"chr3","92381478","92381774","chr19","18957040","18957338","47","73424438"
"chr3","92543501","92543806","chr9","25366769","25367077","44","67176732"
"chr3","92559281","92559592","chr3","33205916","33206238","55","59353365"
"chr3","92736491","92736780","chr7","95780773","95781064","48","3044282"
"chr3","92754431","92754706","chr2B","85767043","85767330","50","6987388"
"chr3","92758674","92758950","chr7","142890610","142890893","47","50131936"
"chr3","92866209","92866496","chr19","45649741","45650024","49","47216468"
"chr3","92866518","92866541","chr2A","24283987","24284006","4","68582531"
"chr3","92893249","92893544","chr1","156921438","156921735","44","64028189"
"chr3","93056136","93056292","chr12","67910267","67910417","28","25145869"
"chr3","93266795","93267068","chr22","4349719","4349996","46","88917076"
"chr3","93284278","93284580","chr5","52353058","52353362","44","40931220"
"chr3","93297726","93297958","chr4","111729710","111729947","35","18431984"
"chr3","93321456","93321755","chr8","124200571","124200876","36","30879115"
"chr3","93328988","93329252","chr4","15694125","15694406","53","77634863"
"chr3","93347241","93347411","chr4","111679405","111679577","32","18332164"
"chr3","93438057","93438345","chr9","70147376","70147661","39","23290681"
"chr3","93557915","93558131","chr5","121401735","121401940","41","27843820"
"chr3","93567807","93568086","chr4","111459913","111460196","47","17892106"
"chr3","93662539","93662844","chr6","109240184","109240484","58","15577645"
"chr3","93676985","93677287","chr3","42788373","42788672","41","50888612"
"chr3","93692024","93692134","chr10","106485639","106485747","17","12793615"
"chr3","93695272","93695459","chr11","120281030","120281220","40","26585758"
"chr3","93737343","93737646","chr14","54884364","54884670","50","38852979"
"chr3","93757639","93757777","chr21","31662246","31662382","14","62095393"
"chr3","93758062","93758265","chr8","76246777","76246973","45","17511285"
"chr3","93763405","93763617","chr3","72682616","72682820","39","21080789"
"chr3","93782501","93782809","chr1","182113299","182113606","37","88330798"
"chr3","93830052","93830362","chr4","197124018","197124325","32","103293966"
"chr3","93834182","93834472","chr7","87355186","87355477","42","6478996"
"chr3","93857944","93858247","chr5","32177109","32177412","53","61680835"
"chr3","93889059","93889346","chr17","89332691","89332980","50","4556368"
"chr3","93906241","93906475","chr1","17713656","17713880","53","76192585"
"chr3","93981275","93981560","chr15","48164142","48164429","35","45817133"
"chr3","94023116","94023401","chr3","182650235","182650522","47","88627119"
"chr3","94099528","94099813","chr14","61097634","61097920","30","33001894"
"chr3","94108697","94108993","chr4","108683684","108683978","40","14574987"
"chr3","94187789","94188083","chr4","110783381","110783679","33","16595592"
"chr3","94213918","94214126","chr12","113242970","113243176","32","19029052"
"chr3","94259183","94259300","chr1","135316827","135316944","19","41057644"
"chr3","94308974","94309269","chr1","207941442","207941741","44","113632468"
"chr3","94322981","94323279","chr20","39919872","39920171","33","54403109"
"chr3","94400292","94400589","chr20","43229797","43230089","49","51170495"
"chr3","94430461","94430570","chr1","12088602","12088716","18","82341859"
"chr3","94441801","94442046","chr1","151626041","151626289","41","57184240"
"chr3","94466727","94467021","chr4","186393912","186394204","42","91927185"
"chr3","94473625","94473915","chr14","87014468","87014760","44","7459157"
"chr3","94474075","94474087","chr9","92431535","92431545","2","2042540"
"chr3","94482560","94482691","chr1","214134294","214134424","21","119651734"
"chr3","94482731","94482895","chr8","61662562","61662723","31","32820169"
"chr3","94487516","94487810","chr4","110500584","110500880","44","16013068"
"chr3","94500629","94500803","chr1","53530643","53530811","35","40969986"
"chr3","94511499","94511836","chrUn_CABD030130631v1","3013","3321","76","94508486"
"chr3","94516448","94516594","chr16","58583005","58583165","34","35933443"
"chr3","94517867","94517976","chr22","17386957","17387071","21","77130910"
"chr3","94646163","94646378","chr20","30927268","30927467","52","63718895"
"chr3","94651874","94651998","chr10","60326661","60326780","23","34325213"
"chr3","94666538","94666810","chr9","94004995","94005282","47","661543"
"chr3","94702638","94702937","chrX","152405980","152406278","47","57703342"
"chr3","94707312","94707617","chr7","152799145","152799449","39","58091833"
"chr3","94718534","94718843","chr18","68196936","68197238","61","26521598"
"chr3","94720626","94720922","chr1","216411309","216411600","48","121690683"
"chr3","94730294","94730394","chr5","6637334","6637432","17","88092960"
"chr3","94733122","94733285","chr19","16200373","16200538","31","78532749"
"chr3","94733590","94733661","chr3","123274378","123274448","15","28540788"
"chr3","94742079","94742363","chr12","1122701","1122989","44","93619378"
"chr3","94754732","94754925","chr8","26613364","26613558","30","68141368"
"chr3","94772864","94773007","chr5","133401606","133401750","14","38628742"
"chr3","94773008","94773293","chr13","1376244","1376525","53","93396764"
"chr3","94774467","94774599","chr11","117333933","117334065","18","22559466"
"chr3","94776219","94776349","chr5","14477646","14477774","22","80298573"
"chr3","94777650","94777769","chr4","122614986","122615104","20","27837336"
"chr3","94815799","94816048","chrX","95139586","95139848","51","323787"
"chr3","94828754","94828970","chr11","70827037","70827241","52","24001717"
"chr3","94836731","94836943","chr3","59287366","59287584","33","35549365"
"chr3","94839332","94839629","chr21","25083944","25084243","43","69755388"
"chr3","94887980","94888165","chr4","26069481","26069670","29","68818499"
"chr3","94890949","94891245","chr4","110114600","110114897","44","15223651"
"chr3","94916975","94917292","chr6","82262236","82262543","56","12654739"
"chr3","95008430","95008729","chr4","110020473","110020771","44","15012043"
"chr3","95071591","95071677","chr3","126133047","126133134","12","31061456"
"chr3","95072220","95072338","chr6","114129106","114129225","11","19056886"
"chr3","95108469","95108765","chr14","10852179","10852470","41","84256290"
"chr3","95115171","95115394","chr4","109947340","109947564","35","14832169"
"chr3","95158795","95158927","chrX","41479376","41479503","21","53679419"
"chr3","95159234","95159391","chr1","57370132","57370285","27","37789102"
"chr3","95206955","95207245","chr17","21535629","21535921","33","73671326"
"chr3","95212627","95212776","chr19","39365925","39366078","35","55846702"
"chr3","95294538","95294716","chr3","15722426","15722601","23","79572112"
"chr3","95295023","95295043","chr1","46135846","46135868","6","49159177"
"chr3","95332578","95332874","chr2A","15843046","15843342","37","79489532"
"chr3","95435609","95435894","chr1","214818063","214818354","47","119382454"
"chr3","95478032","95478120","chr22","4148188","4148281","13","91329844"
"chr3","95489810","95489935","chr1","186375038","186375164","15","90885228"
"chr3","95596332","95596448","chr6","43500320","43500437","10","52096012"
"chr3","95620600","95620878","chr9","16296129","16296412","38","79324471"
"chr3","95630462","95630632","chr4","109474401","109474565","33","13843939"
"chr3","95647976","95648267","chr6","32844125","32844413","33","62803851"
"chr3","95652511","95652806","chr3","180317112","180317408","43","84664601"
"chr3","95673870","95674046","chr2B","95643027","95643194","36","30843"
"chr3","95674340","95674472","chrX","19240655","19240787","17","76433685"
"chr3","95730739","95730987","chr8","73114903","73115155","43","22615836"
"chr3","95740629","95740920","chr12","125610509","125610805","47","29869880"
"chr3","96031653","96031863","chr12","94679017","94679234","52","1352636"
"chr3","96059168","96059398","chr14","14635557","14635783","40","81423611"
"chr3","96066134","96066302","chr12","124647206","124647375","28","28581072"
"chr3","96144111","96144407","chr13","9716804","9717101","53","86427307"
"chr3","96156664","96156890","chr2A","21757601","21757833","40","74399063"
"chr3","96388224","96388447","chr4","108749480","108749701","34","12361256"
"chr3","96620050","96620364","chr15","63918693","63919001","52","32701357"
"chr3","96680671","96680971","chr22","16134892","16135187","45","80545779"
"chr3","96690323","96690580","chr5","88955857","88956111","40","7734466"
"chr3","96760195","96760361","chr11","95238439","95238606","27","1521756"
"chr3","96995677","96995948","chr12","124254648","124254922","48","27258971"
"chr3","97009693","97009926","chr6","67800904","67801135","42","29208789"
"chr3","97141033","97141124","chr7","65444081","65444173","10","31696952"
"chr3","97203094","97203403","chr11","76719549","76719855","46","20483545"
"chr3","97210671","97210946","chr10","106641668","106641960","62","9430997"
"chr3","97211386","97211662","chr4","107897701","107897978","39","10686315"
"chr3","97259836","97260137","chr1","146725524","146725833","50","49465688"
"chr3","97334844","97335144","chr6","91560362","91560663","37","5774482"
"chr3","97394498","97394788","chr8","109975260","109975549","46","12580762"
"chr3","97603373","97603678","chr12","110694931","110695236","49","13091558"
"chr3","97745262","97745329","chr12","7985140","7985201","18","89760122"
"chr3","97766111","97766406","chr1","42856185","42856483","49","54909926"
"chr3","97770283","97770453","chr4","1766445","1766615","26","96003838"
"chr3","98108942","98109061","chr14","68772219","68772335","17","29336723"
"chr3","98147071","98147344","chr9","13272472","13272745","47","84874599"
"chr3","98213554","98213881","chr2A","36869206","36869534","45","61344348"
"chr3","98221816","98222072","chrX","18987677","18987928","39","79234139"
"chr3","98226498","98226725","chr12","113355389","113355618","38","15128891"
"chr3","98437289","98437576","chr12","8813587","8813888","45","89623702"
"chr3","98505059","98505364","chr10","66597457","66597759","47","31907602"
"chr3","98578718","98579023","chr21","5141511","5141813","40","93437207"
"chr3","98584363","98584668","chr4","119567912","119568217","47","20983549"
"chr3","98653159","98653272","chr8","63631723","63631835","12","35021436"
"chr3","98672756","98673040","chr19","48668007","48668296","33","50004749"
"chr3","98691437","98691736","chr5","39360203","39360496","43","59331234"
"chr3","98859853","98860106","chr9","116507929","116508210","62","17648076"
"chr3","98888983","98889164","chr2B","6921912","6922089","33","91967071"
"chr3","98903075","98903371","chr11","67802484","67802782","50","31100591"
"chr3","98924775","98925092","chr7","139984737","139985056","54","41059962"
"chr3","98936178","98936441","chr1","161410116","161410384","43","62473938"
"chr3","98993817","98994047","chr9","112086840","112087077","42","13093023"
"chr3","99006354","99006522","chr3","143771700","143771865","36","44765346"
"chr3","99014770","99015079","chr8","144429744","144430054","50","45414974"
"chr3","99018868","99019170","chr6","22321310","22321611","40","76697558"
"chr3","99132760","99132878","chr1","224747517","224747635","18","125614757"
"chr3","99139713","99139883","chr1","162451904","162452076","31","63312191"
"chr3","99166893","99167208","chr3","46381852","46382163","50","52785041"
"chr3","99168815","99168907","chrX","24261749","24261845","31","74907066"
"chr3","99170151","99170356","chr14","16395420","16395621","34","82774731"
"chr3","99183619","99183895","chr16","81102917","81103186","49","18080702"
"chr3","99193954","99194213","chrX","9679871","9680143","52","89514083"
"chr3","99196514","99196621","chr11","50218818","50218933","17","48977696"
"chr3","99196652","99196808","chr6","43494091","43494245","39","55702561"
"chr3","99212511","99212630","chr1","178929290","178929409","17","79716779"
"chr3","99212670","99212825","chr16","31553924","31554081","28","67658746"
"chr3","99217984","99218368","chr8","61283804","61284162","113","37934180"
"chr3","99224710","99224856","chr19","18547264","18547407","29","80677446"
"chr3","99225156","99225290","chr1","28134635","28134769","20","71090521"
"chr3","99240266","99240557","chr14","41801838","41802127","34","57438428"
"chr3","99247108","99247393","chr8","126026839","126027127","37","26779731"
"chr3","99305113","99305404","chr5","108013088","108013378","36","8707975"
"chr3","99334800","99335093","chr1","39476964","39477258","43","59857836"
"chr3","99342926","99343178","chr4","105786339","105786596","31","6443413"
"chr3","99354116","99354395","chr18","13253945","13254224","42","86100171"
"chr3","99368010","99368293","chr9","120379151","120379436","46","21011141"
"chr3","99384856","99385208","chrX","42219858","42220195","84","57164998"
"chr3","99413036","99413240","chr1","16608058","16608245","61","82804978"
"chr3","99415691","99415988","chr6","15324739","15325025","51","84090952"
"chr3","99434241","99434547","chr2B","100756734","100757043","48","1322493"
"chr3","99456065","99456350","chr15","48164142","48164429","40","51291923"
"chr3","99463409","99463711","chr3","185825612","185825910","48","86362203"
"chr3","99527714","99527992","chr1","147009090","147009364","45","47481376"
"chr3","99555402","99555701","chr10","129543841","129544131","45","29988439"
"chr3","99604986","99605302","chr1","183881977","183882286","43","84276991"
"chr3","99606001","99606302","chr19","35512059","35512356","36","64093942"
"chr3","99659473","99659765","chr7","139996539","139996831","43","40337066"
"chr3","99659817","99659833","chr8","121908911","121908927","2","22249094"
"chr3","99691694","99691827","chr1","209383866","209384001","15","109692172"
"chr3","99712609","99712793","chr13","31974299","31974478","30","67738310"
"chr3","99716165","99716292","chr14","12485207","12485337","16","87230958"
"chr3","99735588","99735896","chr4","36446068","36446372","48","63289520"
"chr3","99737141","99737274","chr2B","89836039","89836169","14","9901102"
"chr3","99737913","99738045","chr5","61417733","61417868","15","38320180"
"chr3","99738934","99739217","chr1","146575605","146575883","44","46836671"
"chr3","99740217","99740343","chr10","145143698","145143827","14","45403481"
"chr3","99747475","99747771","chr12","29819043","29819337","40","69928432"
"chr3","99769313","99769414","chr12","123388508","123388606","19","23619195"
"chr3","99769704","99769741","chr4","198532605","198532641","9","98762901"
"chr3","99779104","99779269","chr9","43387687","43387854","27","56391417"
"chr3","99779290","99779378","chr11","32405013","32405103","16","67374277"
"chr3","99779499","99779633","chr2B","13381090","13381223","16","86398409"
"chr3","99781160","99781471","chr14","38785059","38785369","40","60996101"
"chr3","99800581","99800881","chr4","105331586","105331886","37","5531005"
"chr3","99809291","99809396","chr19","52996932","52997036","22","46812359"
"chr3","99813715","99813910","chr7","89946671","89946866","37","9867044"
"chr3","99826402","99826690","chr4","38911131","38911425","47","60915271"
"chr3","99829155","99829278","chr9","110900896","110901027","20","11071741"
"chr3","99832448","99832744","chr4","105286869","105287177","53","5454421"
"chr3","99867016","99867317","chr4","105241673","105241972","54","5374657"
"chr3","99900662","99900954","chr14","52194486","52194761","61","47706176"
"chr3","99931756","99931863","chr1","31185795","31185903","15","68745961"
"chr3","99990137","99990415","chr1","115024612","115024895","44","15034475"
"chr3","100015969","100016268","chr3","42788373","42788672","54","57227596"
"chr3","100169627","100169929","chr16","24110146","24110445","37","76059481"
"chr3","100188988","100189114","chr7","78060021","78060149","21","22128967"
"chr3","100199328","100199633","chr1","28740587","28740894","47","71458741"
"chr3","100332242","100332553","chrX","9888217","9888527","44","90444025"
"chr3","100434401","100434501","chr6","32583715","32583815","30","67850686"
"chr3","100469268","100469567","chr11","6426737","6427032","50","94042531"
"chr3","100512844","100513143","chr19","20811630","20811928","43","79701214"
"chr3","100521394","100521699","chr21","7289019","7289312","63","93232375"
"chr3","100534700","100534794","chr7","72724910","72725013","16","27809790"
"chr3","100587848","100588146","chr7","158676345","158676646","38","58088497"
"chr3","100611218","100611345","chr4","134938388","134938511","22","34327170"
"chr3","100636417","100636702","chr14","859167","859454","46","99777250"
"chr3","100687508","100687815","chr1","38036271","38036580","49","62651237"
"chr3","100815423","100815702","chr1","207105830","207106127","66","106290407"
"chr3","100816100","100816418","chr1","216899282","216899593","56","116083182"
"chr3","100838609","100838842","chrX","23224345","23224580","43","77614264"
"chr3","100894497","100894759","chr7","64936164","64936443","70","35958333"
"chr3","100916132","100916445","chr2B","89656464","89656757","61","11259668"
"chr3","101000961","101001054","chr7","792227","792324","16","100208734"
"chr3","101008481","101008498","chr18","80260","80275","5","100928221"
"chr3","101008499","101008800","chr4","42695292","42695595","64","58313207"
"chr3","101008801","101008947","chr1","94251625","94251762","39","6757176"
"chr3","101015566","101015841","chr5","9948521","9948795","54","91067045"
"chr3","101067384","101067479","chr1","16774476","16774572","18","84292908"
"chr3","101067789","101067997","chr16","32636655","32636858","46","68431134"
"chr3","101166394","101166662","chr4","103969355","103969628","47","2802961"
"chr3","101308575","101308844","chr4","23802005","23802274","57","77506570"
"chr3","101352929","101353219","chr3","101862737","101863034","54","509808"
"chr3","101439281","101439519","chr1","114065071","114065292","53","12625790"
"chr3","101442356","101442635","chr1","11669542","11669828","47","89772814"
"chr3","101455771","101456080","chr3","32144577","32144883","45","69311194"
"chr3","101460395","101460702","chr12","121022234","121022532","57","19561839"
"chr3","101632626","101632914","chr9","16452288","16452584","44","85180338"
"chr3","101661763","101662048","chr4","103483686","103483979","53","1821923"
"chr3","101689362","101689505","chr1","215871392","215871529","26","114182030"
"chr3","101822707","101822978","chr4","73428507","73428782","36","28394200"
"chr3","101845427","101845717","chr11","9392301","9392584","47","92453126"
"chr3","101877704","101877999","chr7","106731510","106731805","45","4853806"
"chr3","102017103","102017238","chr4","103139300","103139435","12","1122197"
"chr3","102054784","102055090","chr11","118844456","118844765","50","16789672"
"chr3","102077053","102077262","chr4","196548468","196548670","31","94471415"
"chr3","102184117","102184256","chrX","119294972","119295111","13","17110855"
"chr3","102465373","102465684","chr4","86739574","86739882","44","15725799"
"chr3","102553708","102554012","chr17","89502515","89502816","54","13051193"
"chr3","102565341","102565619","chr6","38388508","38388790","42","64176833"
"chr3","102744017","102744328","chr3","73415224","73415531","51","29328793"
"chr3","102823079","102823345","chr11","102117981","102118241","47","705098"
"chr3","102847854","102848163","chr12","28199255","28199558","55","74648599"
"chr3","102858711","102859010","chr7","116139674","116139973","46","13280963"
"chr3","102941625","102941757","chr8","44934269","44934401","19","58007356"
"chr3","102941909","102942206","chr7","32811212","32811509","50","70130697"
"chr3","102978086","102978387","chr8","9756252","9756551","44","93221834"
"chr3","103257685","103257943","chr14","57676741","57676996","53","45580944"
"chr3","103257945","103258076","chr7","66145394","66145524","33","37112551"
"chr3","103265524","103265784","chr4","10781830","10782083","56","92483694"
"chr3","103302482","103302748","chr3","150424649","150424918","46","47122167"
"chr3","103327844","103328138","chr6","45713778","45714072","40","57614066"
"chr3","103341069","103341343","chr19","6877009","6877280","36","96464060"
"chr3","103432535","103432823","chr4","101447458","101447743","37","1985077"
"chr3","103458553","103458782","chr9","119412604","119412832","34","15954051"
"chr3","103673272","103673595","chr4","196355329","196355638","49","92682057"
"chr3","103676470","103676768","chr5","13711793","13712097","39","89964677"
"chr3","103691088","103691304","chr17","3614784","3614991","39","100076304"
"chr3","103772640","103772931","chr5","156460231","156460525","41","52687591"
"chr3","103803925","103804212","chr8","98924805","98925093","37","4879120"
"chr3","103876961","103877075","chr2A","36707492","36707607","24","67169469"
"chr3","103898324","103898618","chr20","53027050","53027341","53","50871274"
"chr3","103907183","103907468","chr11","71249373","71249660","48","32657810"
"chr3","103919330","103919452","chr1","130928471","130928590","23","27009141"
"chr3","103973645","103973944","chr12","568167","568465","47","103405478"
"chr3","103980744","103981033","chr5","61208080","61208365","37","42772664"
"chr3","103983652","103983967","chr4","101121852","101122158","40","2861800"
"chr3","103984533","103984814","chr2B","112367415","112367706","49","8382882"
"chr3","104056172","104056502","chr21","37059638","37059965","72","66996534"
"chr3","104101905","104102156","chr13","73433757","73434007","44","30668148"
"chr3","104136111","104136431","chr1","23824671","23824977","45","80311440"
"chr3","104184091","104184304","chr8","91432571","91432782","37","12751520"
"chr3","104218153","104218285","chr5","161161762","161161894","10","56943609"
"chr3","104424890","104425201","chr1","89938779","89939088","37","14486111"
"chr3","104470538","104470849","chr1","189738974","189739283","42","85268436"
"chr3","104508004","104508098","chr5","130877997","130878093","15","26369993"
"chr3","104750850","104751149","chr12","35147057","35147353","34","69603793"
"chr3","104770950","104771224","chr1","216208142","216208425","46","111437192"
"chr3","104785934","104786229","chr9","112471289","112471588","43","7685355"
"chr3","104888955","104889246","chr5","122919604","122919896","43","18030649"
"chr3","104982709","104983004","chr1","36762989","36763284","34","68219720"
"chr3","105014195","105014325","chr10","17282114","17282248","14","87732081"
"chr3","105063014","105063329","chr1","200122266","200122565","57","95059252"
"chr3","105104177","105104469","chr11","3623940","3624232","37","101480237"
"chr3","105108316","105108617","chr4","100122650","100122945","38","4985666"
"chr3","105121338","105121647","chr1","15243403","15243714","37","89877935"
"chr3","105140109","105140434","chr4","100079736","100080047","44","5060373"
"chr3","105195460","105195729","chr7","81647152","81647425","45","23548308"
"chr3","105252586","105252812","chr2B","63008270","63008492","31","42244316"
"chr3","105255695","105255825","chr14","12485207","12485337","11","92770488"
"chr3","105437215","105437426","chr3","44367572","44367795","51","61069643"
"chr3","105486726","105487022","chr9","67966332","67966632","47","37520394"
"chr3","105528477","105528660","chr4","99694190","99694374","21","5834287"
"chr3","105529421","105529479","chr2B","85716899","85716950","18","19812522"
"chr3","105542315","105542622","chr4","99671071","99671378","53","5871244"
"chr3","105590935","105591237","chr17","7760160","7760461","52","97830775"
"chr3","105598707","105598841","chr9","111510295","111510428","16","5911588"
"chr3","105606267","105606519","chr6","8085847","8086119","67","97520420"
"chr3","105619144","105619441","chr19","35082212","35082514","44","70536932"
"chr3","105693686","105693827","chr17","2193792","2193935","16","103499894"
"chr3","105703404","105703604","chr12","83275410","83275620","45","22427994"
"chr3","105705242","105705364","chrX","42325828","42325954","15","63379414"
"chr3","105711760","105711925","chr12","118300422","118300589","22","12588662"
"chr3","105711965","105712087","chr1","14802147","14802270","15","90909818"
"chr3","105714294","105714615","chr5","8677142","8677450","64","97037152"
"chr3","105722395","105722658","chr7","78647759","78648021","40","27074636"
"chr3","105731809","105732112","chr1","26512565","26512865","34","79219244"
"chr3","105733283","105733566","chr9","110099856","110100139","47","4366573"
"chr3","105733590","105733617","chrX","91998466","91998491","5","13735124"
"chr3","105800364","105800663","chrX","19694089","19694388","41","86106275"
"chr3","105809462","105809561","chr1","16774476","16774572","18","89034986"
"chr3","105811042","105811347","chr19","20156875","20157179","43","85654167"
"chr3","105849438","105849552","chr16","75767501","75767618","15","30081937"
"chr3","105849858","105849904","chr4","195567506","195567552","12","89717648"
"chr3","105862154","105862457","chr7","72979676","72979977","47","32882478"
"chr3","105872121","105872421","chr11","62726767","62727069","35","43145354"
"chr3","105872435","105872660","chr1","206005436","206005660","43","100133001"
"chr3","105876366","105876674","chr2B","42926575","42926883","41","62949791"
"chr3","105892391","105892684","chr5","156460231","156460525","44","50567840"
"chr3","105908628","105908905","chr13","1376244","1376525","34","104532384"
"chr3","105910973","105911283","chr21","14763097","14763408","36","91147876"
"chr3","105913944","105914070","chr1","227439358","227439480","21","121525414"
"chr3","105914370","105914544","chr5","123924764","123924937","22","18010394"
"chr3","105917122","105917422","chr8","28400720","28401016","40","77516402"
"chr3","105930192","105930422","chr15","47089658","47089884","37","58840534"
"chr3","105956845","105957130","chr1","9998736","9999028","44","95958109"
"chr3","105987186","105987471","chrX","15626910","15627195","45","90360276"
"chr3","106010743","106011035","chr8","47619379","47619670","52","58391364"
"chr3","106192422","106192719","chr4","98986011","98986308","42","7206411"
"chr3","106294413","106294713","chr5","43653545","43653844","45","62640868"
"chr3","106320308","106320443","chr7","82210564","82210699","16","24109744"
"chr3","106320746","106320930","chr17","5223655","5223829","28","101097091"
"chr3","106321787","106321896","chr4","128812732","128812841","20","22490945"
"chr3","106325927","106326207","chr3","72171772","72172053","46","34154155"
"chr3","106377617","106377794","chr9","69544552","69544726","37","36833065"
"chr3","106378093","106378230","chr4","98832351","98832486","23","7545742"
"chr3","106445568","106445854","chrX","49515752","49516045","52","56929816"
"chr3","106509427","106509721","chr12","68198722","68199021","45","38310705"
"chr3","106521256","106521577","chr2B","124042742","124043060","53","17521486"
"chr3","106521586","106521751","chr6","37357453","37357616","28","69164133"
"chr3","106532751","106533012","chr1","150266830","150267102","50","43734079"
"chr3","106557352","106557644","chr22","30285663","30285953","35","76271689"
"chr3","106563158","106563277","chr7","50891579","50891700","15","55671579"
"chr3","106591998","106592227","chr9","99009189","99009419","31","7582809"
"chr3","106614849","106615120","chr8","131079128","131079404","44","24464279"
"chr3","106628441","106628539","chr2B","127788468","127788567","14","21160027"
"chr3","106636725","106637040","chr16","57545089","57545398","50","49091636"
"chr3","106641371","106641601","chr8","29611794","29612031","38","77029577"
"chr3","106656821","106657117","chr4","121938202","121938503","45","15281381"
"chr3","106661155","106661452","chr4","98520332","98520631","40","8140823"
"chr3","106662426","106662719","chr16","28312128","28312422","30","78350298"
"chr3","106663978","106664270","chr17","12947727","12948019","38","93716251"
"chr3","106674993","106675278","chr7","62433997","62434282","41","44240996"
"chr3","106699836","106700144","chr12","105869262","105869565","47","830574"
"chr3","106703369","106703477","chr20","4536989","4537092","18","102166380"
"chr3","106707148","106707438","chr3","108662999","108663287","43","1955851"
"chr3","106722732","106722863","chr7","150967854","150967983","15","44245122"
"chr3","106811267","106811565","chr19","20811630","20811928","43","85999637"
"chr3","106825257","106825544","chr12","34242246","34242526","48","72583011"
"chr3","106848995","106849260","chr16","1445822","1446088","38","105403173"
"chr3","106876408","106876711","chr16","73008848","73009151","51","33867560"
"chr3","106893761","106893893","chr3","187533947","187534083","16","80640186"
"chr3","106912813","106913055","chr2A","75289090","75289312","48","31623723"
"chr3","106915202","106915280","chr4","105344929","105345005","8","1570273"
"chr3","106934014","106934141","chr21","34756841","34756973","20","72177173"
"chr3","106963871","106964000","chrX","70404881","70405017","20","36558990"
"chr3","106980825","106981104","chr19","693792","694072","42","106287033"
"chr3","106981133","106981143","chr1","69109954","69109964","2","37871179"
"chr3","106994539","106994838","chr8","59854990","59855283","52","47139549"
"chr3","107006220","107006550","chr19","52573486","52573810","66","54432734"
"chr3","107011251","107011394","chrX","45291385","45291515","47","61719866"
"chr3","107012468","107012608","chr5","141221195","141221336","21","34208727"
"chr3","107025282","107025595","chr1","192426674","192426982","49","85401392"
"chr3","107031667","107031879","chr12","61825361","61825577","32","45206306"
"chr3","107068274","107068445","chr5","59930487","59930657","30","47137787"
"chr3","107083290","107083359","chrX","1442520","1442589","13","105640770"
"chr3","107105737","107106012","chr15","39048989","39049276","63","68056748"
"chr3","107107985","107108281","chr12","111866132","111866431","41","4758147"
"chr3","107112993","107113288","chr3","53839570","53839865","33","53273423"
"chr3","107140103","107140224","chr10","92362895","92363019","22","14777208"
"chr3","107140553","107140788","chr22","33256950","33257179","49","73883603"
"chr3","107149560","107149692","chrX","19240655","19240787","15","87908905"
"chr3","107167970","107168084","chr2B","17197643","17197757","11","89970327"
"chr3","107202406","107202519","chr8","63631723","63631835","15","43570683"
"chr3","107212484","107212595","chr2A","11213415","11213540","32","95999069"
"chr3","107213803","107213891","chr6","47866107","47866202","16","59347696"
"chr3","107231896","107232199","chrX","155395429","155395733","45","48163533"
"chr3","107232414","107232672","chr12","122334900","122335170","51","15102486"
"chr3","107259798","107260104","chr12","74896197","74896500","47","32363601"
"chr3","107263292","107263588","chr9","107563021","107563319","54","299729"
"chr3","107266792","107267092","chr14","87014468","87014760","51","20252324"
"chr3","107290537","107290803","chr4","124359555","124359819","37","17069018"
"chr3","107290902","107291213","chr16","13144133","13144441","41","94146769"
"chr3","107317059","107317369","chr5","46247961","46248272","45","61069098"
"chr3","107404151","107404441","chr17","63805578","63805863","48","43598573"
"chr3","107444200","107444375","chr2B","111818097","111818277","31","4373897"
"chr3","107468892","107469186","chr12","12035396","12035685","41","95433496"
"chr3","107516738","107516993","chrX","118839599","118839848","51","11322861"
"chr3","107524080","107524359","chr6","128262527","128262815","47","20738447"
"chr3","107537084","107537398","chr6","75411373","75411682","58","32125711"
"chr3","107540073","107540342","chr7","68834212","68834489","64","38705861"
"chr3","107551463","107551485","chr5","131745368","131745387","5","24193905"
"chr3","107551507","107551796","chr4","39858037","39858327","43","67693470"
"chr3","107659785","107660081","chr7","77548302","77548597","45","30111483"
"chr3","107700990","107701275","chr18","20204912","20205199","36","87496078"
"chr3","107702616","107702779","chr19","35855675","35855829","34","71846941"
"chr3","107707091","107707409","chrX","128923641","128923950","45","21216550"
"chr3","107708222","107708414","chr5","32850651","32850834","51","74857571"
"chr3","107709307","107709578","chr1","101370164","101370436","48","6339143"
"chr3","107711124","107711418","chr16","56140394","56140693","46","51570730"
"chr3","107779120","107779274","chr1","57370132","57370285","25","50408988"
"chr3","107779304","107779429","chr5","126110335","126110461","9","18331031"
"chr3","107806566","107806866","chr6","30209070","30209374","34","77597496"
"chr3","107820635","107820929","chrX","137323907","137324209","55","29503272"
"chr3","107838936","107839030","chr14","86087090","86087194","25","21751846"
"chr3","107839059","107839288","chr3","23697721","23697949","34","84141338"
"chr3","107917453","107917743","chr2A","59940886","59941173","45","47976567"
"chr3","108047619","108047787","chrX","44860345","44860512","19","63187274"
"chr3","108117467","108117742","chr15","41138574","41138865","55","66978893"
"chr3","108136542","108136816","chr9","108054063","108054337","50","82479"
"chr3","108141673","108141844","chr6","162765964","162766138","25","54624291"
"chr3","108141962","108142174","chr4","97020796","97021015","42","11121166"
"chr3","108142609","108142918","chr2B","124949675","124949983","37","16807066"
"chr3","108213227","108213495","chrX","107721661","107721927","40","491566"
"chr3","108215675","108215967","chr8","61865855","61866149","41","46349820"
"chr3","108232497","108232788","chr4","96931669","96931961","44","11300828"
"chr3","108242581","108242881","chr1","7793211","7793513","33","100449370"
"chr3","108258870","108259145","chr6","42862047","42862322","44","65396823"
"chr3","108269928","108270228","chr5","1443494","1443798","45","106826434"
"chr3","108272869","108273100","chr5","51615714","51615946","32","56657155"
"chr3","108286974","108287258","chr10","96983606","96983893","43","11303368"
"chr3","108300944","108301109","chr10","90211975","90212138","26","18088969"
"chr3","108301141","108301265","chr16","12680564","12680687","11","95620577"
"chr3","108311869","108312183","chr17","35422309","35422616","48","72889560"
"chr3","108331283","108331566","chr1","134438952","134439234","40","26107669"
"chr3","108471546","108471850","chr4","110248134","110248433","48","1776588"
"chr3","108479638","108479944","chr11","64143151","64143450","40","44336487"
"chr3","108519729","108520021","chr3","1607454","1607737","63","106912275"
"chr3","108586614","108586855","chr12","63259450","63259698","42","45327164"
"chr3","108629098","108629407","chr3","121038671","121038982","39","12409573"
"chr3","108636241","108636477","chr5","15914145","15914383","46","92722096"
"chr3","108687327","108687608","chr3","156949000","156949280","39","48261673"
"chr3","108940504","108940813","chr14","60341263","60341564","59","48599241"
"chr3","108963661","108963765","chr19","21529728","21529834","20","87433933"
"chr3","108980314","108980434","chr2B","116542300","116542423","17","7561986"
"chr3","108984670","108984968","chr7","36099716","36100008","50","72884954"
"chr3","109012592","109012752","chr1","135086632","135086788","25","26074040"
"chr3","109044025","109044186","chr4","96054953","96055113","25","12989072"
"chr3","109081886","109082163","chr1","28617423","28617706","40","80464463"
"chr3","109121701","109122007","chr22","21114386","21114692","46","88007315"
"chr3","109137217","109137387","chr1","11519332","11519502","25","97617885"
"chr3","109137388","109137652","chr14","66512279","66512526","54","42625109"
"chr3","109137653","109137746","chr15","19176525","19176620","16","89961128"
"chr3","109157875","109158168","chr3","114560454","114560750","39","5402579"
"chr3","109163220","109163517","chr11","66003552","66003850","39","43159668"
"chr3","109171594","109171868","chr15","66205278","66205559","59","42966316"
"chr3","109175785","109176089","chr9","103571122","103571424","39","5604663"
"chr3","109189299","109189624","chr3","37983045","37983355","60","71206254"
"chr3","109192756","109192886","chr12","96200821","96200953","27","12991935"
"chr3","109193190","109193367","chr1","162846265","162846444","24","53653075"
"chr3","109200792","109201019","chr2B","100893124","100893341","42","8307668"
"chr3","109226487","109226624","chr22","23663419","23663553","22","85563068"
"chr3","109239421","109239715","chr6","98389445","98389744","36","10849976"
"chr3","109246398","109246684","chr5","58526909","58527191","41","50719489"
"chr3","109255826","109255953","chr8","59431100","59431234","20","49824726"
"chr3","109280156","109280450","chr1","133706907","133707209","51","24426751"
"chr3","109313012","109313312","chr4","95772966","95773265","39","13540046"
"chr3","109333651","109333953","chr3","58218665","58218964","45","51114986"
"chr3","109365131","109365382","chr22","21651777","21652027","41","87713354"
"chr3","109372500","109372787","chr6","128262527","128262815","44","18890027"
"chr3","109383018","109383321","chr7","72198939","72199249","52","37184079"
"chr3","109386975","109387234","chrX","70731798","70732057","37","38655177"
"chr3","109450968","109451253","chr4","95631707","95631996","39","13819261"
"chr3","109511011","109511313","chr3","144357290","144357593","35","34846279"
"chr3","109518965","109519247","chr2A","80110909","80111193","43","29408056"
"chr3","109520794","109521079","chr4","95584797","95585080","43","13935997"
"chr3","109613067","109613364","chr2B","1475279","1475574","39","108137788"
"chr3","109679322","109679604","chr15","77995336","77995623","44","31683986"
"chr3","109732269","109732396","chr10","141725405","141725535","17","31993136"
"chr3","109732423","109732561","chr3","198061023","198061157","29","88328600"
"chr3","109846565","109846866","chr3","189017179","189017480","49","79170614"
"chr3","109952991","109953280","chr11","38181369","38181660","38","71771622"
"chr3","110019052","110019358","chr4","93822250","93822554","40","16196802"
"chr3","110232583","110232878","chr2B","100893350","100893645","41","9339233"
"chr3","110431683","110431977","chr7","134938326","134938628","41","24506643"
"chr3","110448078","110448358","chr17","7150148","7150428","45","103297930"
"chr3","110473340","110473625","chr14","10323743","10324034","53","100149597"
"chr3","110491949","110492111","chrX","55174160","55174319","26","55317789"
"chr3","110495239","110495534","chr7","77548302","77548597","31","32946937"
"chr3","110522059","110522349","chr20","43229797","43230089","47","67292262"
"chr3","110547443","110547523","chr5","41433788","41433863","17","69113655"
"chr3","110547831","110547989","chr6","118295412","118295562","40","7747581"
"chr3","110549061","110549237","chr1","129332753","129332933","29","18783692"
"chr3","110554423","110554716","chr5","45914070","45914364","37","64640353"
"chr3","110562537","110562828","chr3","34275609","34275900","44","76286928"
"chr3","110563554","110563865","chr9","14780600","14780911","47","95782954"
"chr3","110586164","110586451","chr9","92517984","92518267","62","18068180"
"chr3","110587722","110587754","chr7","74781381","74781409","6","35806341"
"chr3","110587777","110587864","chr15","71469464","71469546","19","39118313"
"chr3","110606382","110606515","chr19","49125928","49126062","18","61480454"
"chr3","110608659","110608967","chr5","34215137","34215446","48","76393522"
"chr3","110610256","110610552","chr3","182319983","182320279","38","71709727"
"chr3","110614350","110614642","chr1","9683728","9684022","41","100930622"
"chr3","110624208","110624327","chr9","76199203","76199325","31","34425005"
"chr3","110633562","110633846","chr3","33719972","33720261","38","76913590"
"chr3","110638964","110639263","chr12","35631160","35631453","51","75007804"
"chr3","110643096","110643398","chr1","24268512","24268815","40","86374584"
"chr3","110645061","110645134","chr7","10757882","10757943","18","99887179"
"chr3","110645601","110645732","chr1","71393655","71393787","13","39251946"
"chr3","110652603","110652910","chr3","162571166","162571477","30","51918563"
"chr3","110657270","110657449","chr12","98130378","98130557","25","12526892"
"chr3","110657477","110657603","chr3","122561077","122561203","16","11903600"
"chr3","110659248","110659548","chr5","61156706","61157000","49","49502542"
"chr3","110664149","110664339","chr3","27804434","27804627","32","82859715"
"chr3","110665060","110665121","chr19","18077305","18077373","19","92587755"
"chr3","110678275","110678404","chr11","120280731","120280862","16","9602456"
"chr3","110681790","110682078","chr2A","20065758","20066048","41","90616032"
"chr3","110682979","110683274","chr6","45713778","45714072","40","64969201"
"chr3","110685869","110686166","chr15","3322567","3322866","41","107363302"
"chr3","110715677","110715806","chr7","4752478","4752613","18","105963199"
"chr3","110736067","110736391","chr5","54344070","54344386","43","56391997"
"chr3","110745959","110746262","chr14","52460341","52460651","43","58285618"
"chr3","110774765","110775070","chr11","27462134","27462438","37","83312631"
"chr3","110782207","110782433","chrX","101719102","101719331","28","9063105"
"chr3","110783064","110783365","chr6","39334930","39335231","36","71448134"
"chr3","110792707","110793008","chr16","19429007","19429313","39","91363700"
"chr3","110793241","110793521","chr14","13219605","13219883","44","97573636"
"chr3","110834151","110834448","chr6","151128421","151128713","32","40294270"
"chr3","110849737","110850027","chr10","34585259","34585551","40","76264478"
"chr3","110872329","110872610","chr9","12997485","12997766","38","97874844"
"chr3","110890945","110891140","chr20","43458365","43458560","31","67432580"
"chr3","110904086","110904379","chr1","39600187","39600482","47","71303899"
"chr3","110926822","110927114","chr4","98470358","98470652","39","12456464"
"chr3","110945738","110945868","chr14","59236568","59236697","12","51709170"
"chr3","110948031","110948119","chrX","50078671","50078760","17","60869360"
"chr3","110949292","110949603","chr4","94236596","94236908","45","16712696"
"chr3","110953088","110953324","chr11","119164601","119164837","40","8211513"
"chr3","110956920","110957192","chr5","6116562","6116838","52","104840358"
"chr3","111016915","111017041","chr15","73119233","73119360","13","37897682"
"chr3","111021458","111021765","chr7","41867605","41867904","46","69153853"
"chr3","111031399","111031526","chr5","161161762","161161894","15","50130363"
"chr3","111075659","111075742","chr1","162093016","162093087","25","51017357"
"chr3","111077245","111077539","chr5","64490736","64491031","57","46586509"
"chr3","111105874","111105964","chr8","146418339","146418436","16","35312465"
"chr3","111119074","111119374","chr10","24010982","24011281","42","87108092"
"chr3","111121239","111121361","chr6","143552251","143552375","10","32431012"
"chr3","111153075","111153207","chr6","19544036","19544168","20","91609039"
"chr3","111154356","111154669","chr5","34215137","34215446","42","76939219"
"chr3","111165522","111165814","chr7","138434617","138434908","47","27269095"
"chr3","111166694","111166816","chr2A","37364209","37364334","14","73802485"
"chr3","111167513","111167788","chr10","84150867","84151147","39","27016646"
"chr3","111172956","111173264","chr12","92652799","92653098","39","18520157"
"chr3","111177795","111177933","chr11","121764766","121764903","17","10586971"
"chr3","111178223","111178390","chr1","37707735","37707908","30","73470488"
"chr3","111200189","111200479","chr16","61860017","61860308","37","49340172"
"chr3","111201472","111201546","chr1","45317870","45317936","18","65883602"
"chr3","111201841","111201988","chrX","23931711","23931853","36","87270130"
"chr3","111209150","111209308","chr14","57689081","57689242","33","53520069"
"chr3","111209617","111209752","chr22","10034381","10034512","14","101175236"
"chr3","111209982","111210100","chr17","2819657","2819778","23","108390325"
"chr3","111211598","111211731","chrX","40561185","40561320","13","70650413"
"chr3","111211877","111212133","chr3","33405226","33405477","45","77806651"
"chr3","111242460","111242755","chr4","93976540","93976835","42","17265920"
"chr3","111250559","111250861","chr19","39753838","39754140","36","71496721"
"chr3","111253544","111253815","chr8","129459387","129459659","40","18205843"
"chr3","111258555","111258773","chr4","6153955","6154170","40","105104600"
"chr3","111264672","111264883","chr12","14038754","14038965","30","97225918"
"chr3","111270599","111270902","chr10","85032894","85033191","48","26237705"
"chr3","111271272","111271544","chr21","18869422","18869695","40","92401850"
"chr3","111275818","111276126","chr17","30124727","30125033","50","81151091"
"chr3","111287333","111287627","chr4","93938984","93939283","42","17348349"
"chr3","111293538","111293827","chr2B","40821943","40822236","38","70471595"
"chr3","111305080","111305384","chr4","93923153","93923466","48","17381927"
"chr3","111306061","111306396","chr3","62224949","62225250","82","49081112"
"chr3","111326439","111326730","chr5","40662770","40663064","33","70663669"
"chr3","111345803","111346107","chr4","93893202","93893515","48","17452601"
"chr3","111349288","111349584","chr2B","55776934","55777229","39","55572354"
"chr3","111358722","111359018","chr7","4510235","4510534","50","106848487"
"chr3","111363043","111363342","chrX","111678645","111678944","54","315602"
"chr3","111367211","111367395","chr4","93881803","93881982","35","17485408"
"chr3","111381529","111381618","chr15","42857048","42857148","25","68524481"
"chr3","111381647","111381812","chr5","40963719","40963892","29","70417928"
"chr3","111383495","111383670","chr2A","100162066","100162238","22","11221429"
"chr3","111398222","111398525","chr20","35550161","35550463","44","75848061"
"chr3","111402989","111403275","chr1","221760593","221760887","52","110357604"
"chr3","111407608","111407903","chrX","119244254","119244549","38","7836646"
"chr3","111417205","111417496","chr7","24702825","24703108","48","86714380"
"chr3","111433795","111434071","chrX","5363168","5363445","37","106070627"
"chr3","111475899","111476112","chr4","93769094","93769313","34","17706805"
"chr3","111476275","111476418","chr3","79788936","79789074","30","31687339"
"chr3","111506636","111506956","chr4","93743315","93743613","57","17763321"
"chr3","111507392","111507542","chr9","110164531","110164681","21","1342861"
"chr3","111507810","111507974","chr20","55180053","55180219","18","56327757"
"chr3","111527141","111527256","chr3","45629081","45629198","20","65898060"
"chr3","111539412","111539712","chr10","42688790","42689090","42","68850622"
"chr3","111553813","111553906","chr3","180508856","180508948","18","68955043"
"chr3","111559802","111560104","chr10","46343347","46343649","50","65216455"
"chr3","111562482","111562683","chr1","134486097","134486305","35","22923615"
"chr3","111573550","111573846","chr11","117367595","117367888","50","5794045"
"chr3","111606246","111606389","chr19","34833698","34833845","28","76772548"
"chr3","111615854","111616154","chrX","19334532","19334835","30","92281322"
"chr3","111620862","111621201","chr4","93633216","93633544","66","17987646"
"chr3","111649931","111650224","chr6","4177308","4177600","46","107472623"
"chr3","111664221","111664347","chr1","227439358","227439480","28","115775137"
"chr3","111664653","111664819","chr9","43387687","43387854","26","68276966"
"chr3","111667906","111668074","chr5","7982773","7982937","25","103685133"
"chr3","111668112","111668237","chr5","161966306","161966430","17","50298194"
"chr3","111705152","111705433","chr5","138341666","138341952","38","26636514"
"chr3","111729757","111730054","chr4","93510580","93510881","49","18219177"
"chr3","111744379","111744675","chr7","4837910","4838209","42","106906469"
"chr3","111751496","111751805","chr4","93493241","93493548","44","18258255"
"chr3","111762338","111762647","chr1","147188147","147188452","39","35425809"
"chr3","111771300","111771610","chr13","28246195","28246506","36","83525105"
"chr3","111781132","111781437","chr10","39731419","39731722","37","72049713"
"chr3","111812334","111812620","chr11","31962834","31963118","37","79849500"
"chr3","111819841","111819997","chr5","118210845","118210998","20","6391004"
"chr3","111820290","111820425","chr16","379923","380058","21","111440367"
"chr3","111834926","111835027","chr16","65701199","65701289","36","46133727"
"chr3","111890936","111891227","chr6","45713778","45714072","41","66177158"
"chr3","111910507","111910784","chr11","123114043","123114321","45","11203536"
"chr3","111915189","111915268","chr12","127553253","127553343","24","15638064"
"chr3","111924592","111924742","chr7","152182207","152182360","28","40257615"
"chr3","111924768","111924946","chr5","59930487","59930657","25","51994281"
"chr3","111926221","111926512","chr6","109940296","109940588","51","1985925"
"chr3","111975466","111975656","chr13","8388715","8388905","26","103586751"
"chr3","112002167","112002467","chr6","92053473","92053764","37","19948694"
"chr3","112038899","112039022","chr9","45252398","45252520","11","66786501"
"chr3","112050374","112050681","chr1","130143423","130143735","44","18093049"
"chr3","112158602","112158865","chr17","19944264","19944537","37","92214338"
"chr3","112234000","112234290","chr6","50706985","50707274","38","61527015"
"chr3","112326695","112326986","chr11","3623940","3624232","44","108702755"
"chr3","112335746","112335860","chr11","113906994","113907109","12","1571248"
"chr3","112338024","112338332","chr11","76719549","76719855","42","35618475"
"chr3","112417129","112417264","chr6","75172923","75173058","20","37244206"
"chr3","112460135","112460439","chr22","26896202","26896504","38","85563933"
"chr3","112472017","112472099","chr4","38523647","38523730","13","73948370"
"chr3","112587028","112587335","chr2A","69428310","69428611","45","43158718"
"chr3","112705420","112705707","chrX","119686901","119687188","49","6981481"
"chr3","112716225","112716504","chr5","20418184","20418465","47","92298041"
"chr3","112745581","112745736","chr2B","126543301","126543456","25","13797720"
"chr3","112745737","112746039","chr4","86739574","86739882","45","26006163"
"chr3","112746040","112746178","chr8","126730385","126730516","26","13984345"
"chr3","112762599","112762783","chr9","80166124","80166300","32","32596475"
"chr3","112763193","112763320","chr10","115979660","115979787","20","3216467"
"chr3","112835692","112835993","chr4","153246274","153246577","38","40410582"
"chr3","112914299","112914584","chr5","66682663","66682947","30","46231636"
"chr3","113009173","113009395","chr3","20074176","20074404","43","92934997"
"chr3","113064294","113064512","chr20","42479088","42479309","40","70585206"
"chr3","113314823","113315114","chr1","9683728","9684022","46","103631095"
"chr3","113470754","113471049","chr1","148305049","148305328","74","34834295"
"chr3","113574671","113574951","chr2B","124977630","124977912","39","11402959"
"chr3","113725850","113725980","chr2A","14858049","14858181","22","98867801"
"chr3","113735713","113736002","chr3","70080420","70080713","47","43655293"
"chr3","113740119","113740457","chr11","68929787","68930122","71","44810332"
"chr3","113769528","113769813","chr3","199443194","199443483","41","85673666"
"chr3","113775227","113775358","chr1","214134294","214134424","15","100359067"
"chr3","113775660","113775831","chr2B","50431625","50431794","27","63344035"
"chr3","113827390","113827658","chr1","43073246","43073519","57","70754144"
"chr3","114070210","114070512","chr16","9037759","9038043","55","105032451"
"chr3","114105430","114105527","chr10","40649573","40649677","14","73455857"
"chr3","114186352","114186654","chr5","160450874","160451173","47","46264522"
"chr3","114202135","114202296","chr6","108948190","108948351","22","5253945"
"chr3","114224198","114224508","chr8","124200571","124200876","38","9976373"
"chr3","114253723","114253982","chr15","46135364","46135629","47","68118359"
"chr3","114431263","114431440","chr11","47038997","47039184","45","67392266"
"chr3","114679934","114680029","chrX","131474586","131474679","22","16794652"
"chr3","114846089","114846391","chr1","134943002","134943299","50","20096913"
"chr3","114914414","114914697","chr17","63805578","63805863","35","51108836"
"chr3","114930889","114931189","chr4","90600870","90601168","45","24330019"
"chr3","115059721","115060012","chr3","123225574","123225865","44","8165853"
"chr3","115060190","115060464","chr1","15783283","15783551","53","99276907"
"chr3","115073352","115073658","chr1","12016467","12016774","46","103056885"
"chr3","115213130","115213244","chr1","130928471","130928590","29","15715341"
"chr3","115508324","115508445","chr12","121987168","121987296","16","6478844"
"chr3","115602536","115602664","chr1","10043533","10043661","16","105559003"
"chr3","115635992","115636129","chr1","33528323","33528447","31","82107669"
"chr3","115636398","115636535","chr13","2652862","2652996","33","112983536"
"chr3","115743617","115743753","chr21","31662246","31662382","11","84081371"
"chr3","115744372","115744539","chr16","2384920","2385089","31","113359452"
"chr3","115746242","115746476","chr7","152572732","152572964","37","36826490"
"chr3","115761283","115761408","chr16","29998196","29998320","14","85763087"
"chr3","115803383","115803548","chr3","123260001","123260171","23","7456618"
"chr3","115803586","115803707","chr6","43435680","43435799","12","72367906"
"chr3","115853109","115853413","chr11","32262117","32262422","48","83590992"
"chr3","115869676","115869985","chr11","76719549","76719855","34","39150127"
"chr3","115896198","115896366","chr5","129845429","129845602","23","13949231"
"chr3","115898607","115898732","chr1","150762763","150762889","16","34864156"
"chr3","115947998","115948265","chr6","75250516","75250779","44","40697482"
"chr3","115980027","115980178","chr1","150194119","150194265","31","34214092"
"chr3","115980495","115980630","chr1","209742215","209742351","13","93761720"
"chr3","116074037","116074345","chr1","25847855","25848157","46","90226182"
"chr3","116086393","116086687","chr2B","131657052","131657355","43","15570659"
"chr3","116179886","116180187","chrX","70775393","70775696","45","45404493"
"chr3","116503079","116503342","chr12","121573976","121574234","47","5070897"
"chr3","116510612","116510906","chr1","27413664","27413959","57","89096948"
"chr3","116542831","116542957","chr4","201135101","201135227","18","84592270"
"chr3","116542997","116543164","chr15","23369148","23369315","23","93173849"
"chr3","116618175","116618268","chr17","33600027","33600123","19","83018148"
"chr3","116623905","116624194","chr3","189974149","189974445","42","73350244"
"chr3","116641402","116641686","chr4","93499101","93499385","52","23142301"
"chr3","116645781","116646077","chr2A","81092725","81093021","33","35553056"
"chr3","116652555","116652687","chr12","24577929","24578061","21","92074626"
"chr3","116652708","116652880","chr20","63010421","63010595","23","53642287"
"chr3","116654726","116655042","chr12","52178346","52178642","57","64476380"
"chr3","116664077","116664359","chr4","88859649","88859954","51","27804428"
"chr3","116678917","116679210","chr2B","42599437","42599724","48","74079480"
"chr3","116681651","116681812","chr14","74691096","74691260","32","41990555"
"chr3","116682235","116682397","chr4","173264938","173265088","30","56582703"
"chr3","116689551","116689678","chr20","30982715","30982844","17","85706836"
"chr3","116689970","116690161","chr7","101008071","101008253","31","15681899"
"chr3","116691239","116691528","chr2B","41822677","41822972","49","74868562"
"chr3","116715269","116715564","chr4","88813007","88813321","55","27902262"
"chr3","116724074","116724176","chr7","72724910","72725013","8","43999164"
"chr3","116724375","116724684","chr6","77404290","77404601","30","39320085"
"chr3","116725392","116725562","chr4","39716140","39716311","26","77009252"
"chr3","116751083","116751333","chrX","44374359","44374618","48","72376724"
"chr3","116800568","116800831","chr11","102117981","102118241","44","14682587"
"chr3","116861791","116862082","chr18","60126588","60126881","46","56735203"
"chr3","116918895","116919179","chr15","49326054","49326340","49","67592841"
"chr3","117010946","117011088","chr5","110332644","110332786","34","6678302"
"chr3","117011120","117011238","chr1","135316827","135316944","14","18305707"
"chr3","117019115","117019397","chr3","51018676","51018963","47","66000439"
"chr3","117102765","117102892","chr3","59287633","59287756","25","57815132"
"chr3","117216125","117216403","chr6","133846505","133846787","69","16630380"
"chr3","117357479","117357614","chr10","32072493","32072627","14","85284986"
"chr3","117421728","117422027","chr18","28828292","28828598","50","88593436"
"chr3","117425844","117426148","chr12","119739377","119739678","41","2313533"
"chr3","117429938","117430227","chr4","110429595","110429881","38","7000343"
"chr3","117450252","117450433","chr1","53461020","53461225","41","63989232"
"chr3","117450514","117450808","chr11","34179075","34179368","40","83271439"
"chr3","117468784","117469016","chr5","156157690","156157924","37","38688906"
"chr3","117469658","117469786","chr4","120183980","120184110","19","2714322"
"chr3","117480077","117480272","chr8","83939449","83939649","27","33540628"
"chr3","117483773","117484084","chr1","184892432","184892742","44","67408659"
"chr3","117486445","117486654","chr1","21382865","21383076","33","96103580"
"chr3","117489978","117490115","chr14","86369247","86369382","19","31120731"
"chr3","117490386","117490555","chr10","26012898","26013065","28","91477488"
"chr3","117494237","117494515","chr3","3411667","3411940","36","114082570"
"chr3","117505448","117505740","chr1","179975802","179976095","40","62470354"
"chr3","117511502","117511653","chr1","162631208","162631359","31","45119706"
"chr3","117511953","117512088","chr9","111219474","111219609","21","6292479"
"chr3","117554717","117554847","chr8","60068863","60068993","14","57485854"
"chr3","117633696","117633980","chrX","15249971","15250252","41","102383725"
"chr3","117655233","117655527","chr16","65373198","65373490","43","52282035"
"chr3","117658262","117658558","chr4","87880937","87881238","30","29777325"
"chr3","117668502","117668779","chr5","6288927","6289209","46","111379575"
"chr3","117714243","117714422","chr1","134504990","134505174","33","16790747"
"chr3","117714727","117714861","chr14","86642192","86642326","23","31072535"
"chr3","117763524","117763793","chr9","54111278","54111536","49","63652246"
"chr3","117778921","117779189","chr9","58725251","58725533","47","59053670"
"chr3","117816475","117816760","chr1","31775922","31776206","42","86040553"
"chr3","117844985","117845286","chr5","24090349","24090640","44","93754636"
"chr3","117893726","117894011","chr2B","103777656","103777938","50","14116070"
"chr3","117941896","117942202","chr2B","17024311","17024610","39","100917585"
"chr3","117949446","117949590","chr7","67055752","67055897","26","50893694"
"chr3","117968020","117968322","chr12","8813587","8813888","42","109154433"
"chr3","117979168","117979471","chr12","92652799","92653098","41","25326369"
"chr3","118008002","118008302","chr8","141066904","141067212","48","23058902"
"chr3","118027104","118027422","chr9","66464527","66464864","59","51562577"
"chr3","118078480","118078693","chr6","37060056","37060267","33","81018424"
"chr3","118078694","118079000","chr10","148283163","148283474","38","30204469"
"chr3","118094373","118094671","chr14","33063888","33064185","39","85030485"
"chr3","118099565","118099852","chr8","103853182","103853465","38","14246383"
"chr3","118106018","118106269","chrX","6968143","6968396","32","111137875"
"chr3","118145445","118145758","chr1","184892432","184892742","37","66746987"
"chr3","118165834","118166130","chr7","1669242","1669542","54","116496592"
"chr3","118171166","118171460","chr18","2191279","2191572","40","115979887"
"chr3","118207835","118208011","chr3","197458951","197459130","28","79251116"
"chr3","118208036","118208149","chr3","5301383","5301491","23","112906653"
"chr3","118229983","118230098","chrX","2663123","2663236","39","115566860"
"chr3","118241767","118242066","chr1","65931982","65932282","40","52309785"
"chr3","118274284","118274572","chr5","75762204","75762492","39","42512080"
"chr3","118425198","118425406","chr19","19719050","19719252","44","98706148"
"chr3","118460633","118460924","chr4","98470358","98470652","38","19990275"
"chr3","118482995","118483282","chrX","44801762","44802052","38","73681233"
"chr3","118554721","118555030","chr5","1443494","1443798","49","117111227"
"chr3","118569764","118570069","chr15","55204814","55205120","46","63364950"
"chr3","118571259","118571556","chr15","71877041","71877338","38","46694218"
"chr3","118630836","118631136","chr5","22622178","22622477","44","96008658"
"chr3","118644113","118644397","chrX","97146147","97146435","41","21497966"
"chr3","118676754","118677023","chr3","24267418","24267684","53","94409336"
"chr3","118683298","118683525","chr2B","66665417","66665639","31","52017881"
"chr3","118749090","118749400","chrX","40709553","40709862","46","78039537"
"chr3","118773680","118773965","chr17","59954849","59955142","45","58818831"
"chr3","118773987","118774282","chr4","137202145","137202441","44","18428158"
"chr3","118790385","118790682","chr4","86878207","86878493","42","31912178"
"chr3","118794669","118794945","chr4","86874264","86874544","51","31920405"
"chr3","118798318","118798611","chr19","7923793","7924089","29","110874525"
"chr3","118809772","118809815","chr15","7040403","7040444","12","111769369"
"chr3","118810258","118810412","chr14","61025207","61025361","26","57785051"
"chr3","118815006","118815123","chr9","89031464","89031579","11","29783542"
"chr3","118815397","118815610","chr14","14415770","14415972","47","104399627"
"chr3","118824268","118824584","chr8","49517140","49517452","41","69307128"
"chr3","118831193","118831464","chr5","125636060","125636339","48","6804867"
"chr3","118859662","118859962","chr19","36746867","36747168","41","82112795"
"chr3","118872440","118872619","chr5","1296111","1296294","31","117576329"
"chr3","118892178","118892469","chr12","119996689","119996982","43","1104511"
"chr3","118910481","118910698","chr4","5610683","5610898","39","113299798"
"chr3","118929693","118929823","chr2A","87484111","87484239","19","31445582"
"chr3","118970857","118971152","chr4","98470358","98470652","44","20500499"
"chr3","118976405","118976686","chr12","7637182","7637462","40","111339223"
"chr3","118981404","118981709","chr6","110223273","110223577","48","8758131"
"chr3","118992224","118992516","chr18","24145301","24145586","48","94846923"
"chr3","119000799","119001088","chr1","52805930","52806221","38","66194869"
"chr3","119021238","119021359","chr1","110505595","110505724","18","8515643"
"chr3","119029991","119030271","chrX","18665760","18666032","53","100364231"
"chr3","119055593","119055891","chr4","459155","459458","39","118596438"
"chr3","119134066","119134378","chr6","166663442","166663749","44","47529376"
"chr3","119142726","119143021","chr6","2250322","2250619","38","116892404"
"chr3","119161949","119162260","chr1","219949790","219950098","39","100787841"
"chr3","119715810","119716108","chr9","52135731","52136029","38","67580079"
"chr3","119716147","119716158","chr1","136000337","136000347","2","16284190"
"chr3","119744417","119744667","chr19","15603236","15603497","51","104141181"
"chr3","119910859","119911143","chr1","40161620","40161911","42","79749239"
"chr3","119949615","119949892","chrX","111354529","111354812","44","8595086"
"chr3","120041723","120042005","chr21","25323701","25323978","51","94718022"
"chr3","120049127","120049406","chr8","100633873","100634155","51","19415254"
"chr3","120133645","120133931","chrX","54649935","54650221","49","65483710"
"chr3","120336418","120336749","chr8","128235647","128235973","54","7899229"
"chr3","120423622","120423917","chrX","123642706","123643000","40","3219084"
"chr3","120480824","120480933","chr1","82949395","82949501","20","37531429"
"chr3","120522806","120522938","chr13","21274037","21274170","30","99248769"
"chr3","120653636","120653933","chr19","9739992","9740289","50","110913644"
"chr3","120716875","120717166","chrX","18058024","18058315","43","102658851"
"chr3","120783514","120783807","chr19","32200698","32200987","45","88582816"
"chr3","120856049","120856361","chr5","34215137","34215446","46","86640912"
"chr3","120921406","120921705","chr7","77226662","77226960","52","43694744"
"chr3","121082691","121082980","chr4","165083918","165084214","46","44001227"
"chr3","121120140","121120432","chr13","96332314","96332607","47","24787826"
"chr3","121127757","121127920","chr17","12300476","12300635","33","108827281"
"chr3","121208723","121208995","chrUn_CABD030132239v1","654","941","57","121208069"
"chr3","121311772","121312081","chr4","84241197","84241495","50","37070575"
"chr3","121336195","121336396","chr5","4741496","4741697","40","116594699"
"chr3","121336708","121336745","chr12","109463126","109463166","9","11873582"
"chr3","121371016","121371237","chr12","96138666","96138885","30","25232350"
"chr3","121430932","121431232","chr15","53625075","53625374","44","67805857"
"chr3","121443664","121443956","chr1","46659706","46659998","38","74783958"
"chr3","121462574","121462739","chr7","156784585","156784756","30","35322011"
"chr3","121494718","121495015","chr1","224745692","224745988","36","103250974"
"chr3","121503910","121504216","chr4","200821253","200821559","42","79317343"
"chr3","121521426","121521723","chr6","22830711","22831004","52","98690715"
"chr3","121529757","121530069","chr5","163745040","163745352","38","42215283"
"chr3","121577682","121577977","chr7","144251815","144252107","43","22674133"
"chr3","121581596","121581761","chrX","1442055","1442222","35","120139541"
"chr3","121598946","121599228","chr7","73094896","73095187","44","48504050"
"chr3","121620528","121620651","chrX","39101670","39101796","17","82518858"
"chr3","121638177","121638479","chr22","15526141","15526442","49","106112036"
"chr3","121645304","121645607","chr1","20280960","20281258","37","101364344"
"chr3","121666809","121667098","chr2A","79960672","79960962","40","41706137"
"chr3","121676001","121676132","chr1","71393655","71393787","20","50282346"
"chr3","121721632","121721957","chr7","5846026","5846339","47","115875606"
"chr3","121740915","121741220","chr1","17541081","17541386","47","104199834"
"chr3","121973172","121973257","chr9","81434589","81434673","14","40538583"
"chr3","122013808","122014117","chr14","110301","110606","46","121903507"
"chr3","122058686","122058990","chr12","58120124","58120429","41","63938562"
"chr3","122082618","122082916","chr7","130595096","130595396","52","8512478"
"chr3","122114056","122114299","chr11","77085348","77085580","38","45028708"
"chr3","122299648","122299833","chr3","129881249","129881431","29","7581601"
"chr3","122320535","122320753","chr1","209109553","209109770","38","86789018"
"chr3","122321392","122321478","chr1","51233542","51233629","14","71087850"
"chr3","122330520","122330812","chr14","10632726","10633025","51","111697794"
"chr3","122408776","122409055","chr22","1277151","1277397","65","121131625"
"chr3","122437126","122437246","chr5","46767835","46767960","21","75669291"
"chr3","122543541","122543831","chrX","36383999","36384295","35","86159542"
"chr3","122552983","122553335","chr3","181628627","181628967","59","59075644"
"chr3","122731226","122731461","chr2A","99748243","99748464","39","22982983"
"chr3","122794427","122794562","chr6","2983224","2983357","20","119811203"
"chr3","122816309","122816588","chr8","85169323","85169599","51","37646986"
"chr3","122916180","122916503","chr3","121038671","121038982","57","1877509"
"chr3","123000460","123000760","chr11","131298772","131299066","47","8298312"
"chr3","123000761","123001050","chr4","21361861","21362148","53","101638900"
"chr3","123031715","123032028","chr5","34215137","34215446","54","88816578"
"chr3","123045417","123045715","chr19","42933115","42933414","49","80112302"
"chr3","123176279","123176568","chr19","9980208","9980494","43","113196071"
"chr3","123239329","123239625","chr4","82259875","82260166","45","40979454"
"chr3","123253909","123254200","chr9","113098573","113098861","38","10155336"
"chr3","123312072","123312184","chr18","76112123","76112237","33","47199949"
"chr3","123364053","123364175","chr16","9393248","9393371","21","113970805"
"chr3","123364221","123364375","chr14","21056651","21056807","20","102307570"
"chr3","123424836","123425101","chr20","3183092","3183358","37","120241744"
"chr3","123427270","123427581","chr5","46247961","46248272","44","77179309"
"chr3","123431161","123431460","chrX","19694089","19694388","39","103737072"
"chr3","123450773","123451039","chr4","82061064","82061330","49","41389709"
"chr3","123494114","123494428","chr14","47524534","47524845","38","75969580"
"chr3","123554378","123554579","chr7","73826820","73827020","35","49727558"
"chr3","123556959","123557261","chr22","7038966","7039260","40","116517993"
"chr3","123589639","123589763","chr9","45252398","45252520","13","78337241"
"chr3","123591047","123591088","chr5","60290119","60290161","11","63300928"
"chr3","123591454","123591671","chr10","111278981","111279213","58","12312473"
"chr3","123598890","123599192","chr1","207941442","207941741","46","84342552"
"chr3","123615637","123615924","chr1","18332154","18332443","41","105283483"
"chr3","123676884","123677175","chr8","46168577","46168869","41","77508307"
"chr3","123701051","123701341","chr19","35438931","35439222","45","88262120"
"chr3","123702371","123702674","chr14","7217699","7217998","40","116484672"
"chr3","123710710","123710998","chr3","160736782","160737074","42","37026072"
"chr3","123720065","123720355","chr1","46005396","46005686","44","77714669"
"chr3","123735840","123736127","chr15","45049171","45049461","47","78686669"
"chr3","123746702","123746998","chr6","18602870","18603168","40","105143832"
"chr3","123749835","123750141","chr5","34310504","34310816","47","89439331"
"chr3","123752928","123753208","chr4","81733354","81733632","37","42019574"
"chr3","123756329","123756420","chr3","126133047","126133134","18","2376718"
"chr3","123757217","123757417","chr5","4741496","4741697","36","119015721"
"chr3","123761882","123762013","chr19","40084302","40084434","15","83677580"
"chr3","123762328","123762491","chr8","146012620","146012782","23","22250292"
"chr3","123762564","123762853","chr9","105764174","105764464","35","17998390"
"chr3","123769406","123769678","chr7","3603239","3603511","40","120166167"
"chr3","123791481","123791790","chr10","34959507","34959819","54","88831974"
"chr3","123792030","123792323","chr5","3199541","3199839","45","120592489"
"chr3","123792650","123792793","chr18","9011864","9012004","17","114780786"
"chr3","123792811","123792867","chr2A","96836349","96836399","18","26956462"
"chr3","123792965","123793269","chr5","6873930","6874239","40","116919035"
"chr3","123794323","123794634","chr1","51039339","51039650","38","72754984"
"chr3","123805153","123805424","chr5","117771991","117772273","45","6033162"
"chr3","123808433","123808727","chr8","21183619","21183915","42","102624814"
"chr3","123812619","123812900","chr7","72555518","72555799","39","51257101"
"chr3","123813520","123813818","chr13","9716804","9717101","38","114096716"
"chr3","123845529","123845644","chr16","75698450","75698566","18","48147079"
"chr3","123856164","123856453","chr5","9053684","9053969","40","114802480"
"chr3","123863091","123863396","chr4","38965789","38966090","42","84897302"
"chr3","123870529","123870816","chr10","86173166","86173462","50","37697363"
"chr3","123872850","123873108","chr15","2247339","2247599","56","121625511"
"chr3","123877773","123877943","chr2B","126684138","126684309","36","2806365"
"chr3","123878247","123878374","chr6","91740822","91740955","29","32137425"
"chr3","123885270","123885398","chr12","9001577","9001712","20","114883693"
"chr3","123893319","123893600","chr20","35783328","35783620","50","88109991"
"chr3","123894858","123895146","chr19","33662367","33662658","45","90232491"
"chr3","123898764","123899039","chr2A","38550942","38551228","48","85347822"
"chr3","123908309","123908588","chr6","36657947","36658229","56","87250362"
"chr3","123915150","123915463","chr1","205685668","205685971","54","81770518"
"chr3","123947204","123947461","chr18","23886921","23887173","48","100060283"
"chr3","123953707","123954014","chr16","58470450","58470756","43","65483257"
"chr3","123955046","123955356","chr4","86141764","86142044","64","37813282"
"chr3","123968437","123968648","chr6","119035851","119036060","39","4932586"
"chr3","123974744","123974881","chr1","32409929","32410064","14","91564815"
"chr3","123976422","123976697","chr22","33249776","33250055","48","90726646"
"chr3","123977059","123977362","chr15","70423728","70424024","40","53553331"
"chr3","124003561","124003859","chrX","4516849","4517146","29","119486712"
"chr3","124004639","124004936","chr12","43889010","43889295","43","80115629"
"chr3","124005232","124005350","chr5","1864180","1864298","14","122141052"
"chr3","124005378","124005542","chrX","1152279","1152441","31","122853099"
"chr3","124014163","124014451","chr6","45713778","45714072","41","78300385"
"chr3","124016302","124016598","chr3","26008517","26008815","49","98007785"
"chr3","124019492","124019776","chr4","81462645","81462929","47","42556847"
"chr3","124020142","124020276","chr10","117244185","117244319","18","6775957"
"chr3","124020567","124020737","chr19","12375476","12375643","29","111645091"
"chr3","124026246","124026561","chr2B","63258905","63259212","61","60767341"
"chr3","124026609","124026621","chr5","32276680","32276692","1","91749929"
"chr3","124044293","124044425","chr10","82702504","82702637","20","41341789"
"chr3","124064072","124064313","chr10","85764858","85765104","52","38299214"
"chr3","124078902","124079209","chr11","120932649","120932956","32","3146253"
"chr3","124083331","124083619","chr2A","82440490","82440781","50","41642841"
"chr3","124104879","124105167","chr4","81382798","81383092","40","42722081"
"chr3","124115386","124115678","chr3","190276346","190276640","39","66160960"
"chr3","124118292","124118594","chr1","20280960","20281258","43","103837332"
"chr3","124119429","124119725","chr11","3623940","3624232","35","120495489"
"chr3","124125406","124125698","chr4","81360605","81360900","46","42764801"
"chr3","124127736","124128030","chrX","9217166","9217464","43","114910570"
"chr3","124159158","124159451","chr7","83290117","83290410","36","40869041"
"chr3","124166173","124166439","chr16","25670369","25670633","46","98495804"
"chr3","124178485","124178771","chr4","81315830","81316124","38","42862655"
"chr3","124257181","124257467","chr7","73094896","73095187","39","51162285"
"chr3","124271202","124271324","chr8","80734597","80734719","14","43536605"
"chr3","124271357","124271550","chr6","91740333","91740516","43","32531024"
"chr3","124370570","124370612","chr22","15042251","15042296","10","109328319"
"chr3","124370918","124371028","chr13","31958531","31958640","19","92412387"
"chr3","124552763","124553038","chr12","124254648","124254922","43","298115"
"chr3","124636531","124636602","chr5","41588115","41588186","11","83048416"
"chr3","124671148","124671408","chrX","18957626","18957882","42","105713522"
"chr3","124681246","124681552","chr13","9716804","9717101","62","114964442"
"chr3","124741663","124741799","chr5","122772139","122772275","26","1969524"
"chr3","124742947","124743125","chr20","48118581","48118762","38","76624366"
"chr3","124745318","124745427","chr10","15388646","15388757","16","109356672"
"chr3","124801048","124801306","chr2B","52715909","52716185","61","72085139"
"chr3","124807326","124807574","chr3","24345597","24345857","54","100461729"
"chr3","124840055","124840351","chr1","36255390","36255687","43","88584665"
"chr3","124883897","124884031","chr3","186617776","186617913","27","61733879"
"chr3","124942603","124942876","chr14","13219605","13219883","48","111722998"
"chr3","124987455","124987762","chr2A","59045940","59046247","46","65941515"
"chr3","125049776","125049998","chr13","2009431","2009655","40","123040345"
"chr3","125111299","125111601","chr19","47205283","47205584","64","77906016"
"chr3","125193251","125193498","chr2A","80576702","80576944","48","44616549"
"chr3","125202647","125202829","chrX","23992074","23992265","28","101210573"
"chr3","125259469","125259771","chr15","2175324","2175614","62","123084145"
"chr3","125359346","125359528","chr13","83515752","83515939","30","41843594"
"chr3","125375962","125376220","chr3","131689761","131690014","63","6313799"
"chr3","125392732","125392933","chr16","18215325","18215521","31","107177407"
"chr3","125489930","125490261","chr5","106925909","106926218","68","18564021"
"chr3","125556575","125556876","chr13","18532488","18532787","42","107024087"
"chr3","125604965","125605267","chr4","38480485","38480787","42","87124480"
"chr3","125627412","125627713","chr5","63478819","63479117","44","62148593"
"chr3","125640750","125641037","chr1","119404297","119404591","51","6236453"
"chr3","125647934","125648219","chr16","23775254","23775520","86","101872680"
"chr3","125651938","125652236","chr3","28591674","28591973","46","97060264"
"chr3","125665284","125665571","chr8","85574748","85575039","35","40090536"
"chr3","125675618","125675907","chr4","94306283","94306572","37","31369335"
"chr3","125685092","125685384","chr4","59901200","59901486","43","65783892"
"chr3","125686978","125687003","chr3","76772442","76772464","3","48914536"
"chr3","125687046","125687323","chr5","125040055","125040335","41","646991"
"chr3","125744382","125744677","chr6","45713778","45714072","49","80030604"
"chr3","125940615","125940946","chr1","162181933","162182239","65","36241318"
"chr3","125966874","125967176","chr11","63402097","63402399","40","62564777"
"chr3","125996024","125996322","chr4","100304636","100304931","51","25691388"
"chr3","125997098","125997220","chr9","45252398","45252520","20","80744700"
"chr3","126001954","126002087","chr19","48057785","48057919","25","77944169"
"chr3","126002945","126003246","chr4","25322600","25322905","37","100680345"
"chr3","126037236","126037539","chr2A","51554213","51554519","40","74483023"
"chr3","126094484","126094705","chr18","27792368","27792582","58","98302116"
"chr3","126157506","126157826","chr11","129081309","129081616","74","2923803"
"chr3","126182966","126183051","chr1","109139016","109139099","10","17043950"
"chr3","126230483","126230539","chr8","74737940","74737994","9","51492543"
"chr3","126318044","126318349","chr12","106886770","106887066","47","19431274"
"chr3","126352504","126352767","chr15","2109589","2109830","70","124242915"
"chr3","126399524","126399725","chr10","148128620","148128813","51","21729096"
"chr3","126413647","126413783","chrX","29956184","29956325","19","96457463"
"chr3","126448468","126448675","chr7","128777261","128777464","37","2328793"
"chr3","126569850","126570010","chr6","20955212","20955371","23","105614638"
"chr3","126655923","126656197","chr9","111115155","111115437","48","15540768"
"chr3","126722329","126722629","chr4","61384759","61385056","40","65337570"
"chr3","126921870","126922141","chr3","184250613","184250885","48","57328743"
"chr3","127000494","127000803","chr6","112148811","112149116","43","14851683"
"chr3","127009371","127009676","chr10","39731419","39731722","49","87277952"
"chr3","127094636","127094835","chr7","2589860","2590060","24","124504776"
"chr3","127142203","127142489","chrX","42228408","42228695","39","84913795"
"chr3","127143581","127143724","chr6","101582878","101583022","19","25560703"
"chr3","127179365","127179672","chr17","4939601","4939902","60","122239764"
"chr3","127187625","127187938","chr10","112297321","112297630","52","14890304"
"chr3","127256125","127256443","chr1","183354375","183354692","57","56098250"
"chr3","127328160","127328441","chr11","16920768","16921055","48","110407392"
"chr3","127373952","127374250","chr10","100668224","100668519","44","26705728"
"chr3","127420872","127421154","chr1","7931323","7931606","47","119489549"
"chr3","127673731","127673861","chr9","81434465","81434588","27","46239266"
"chr3","127682300","127682445","chr8","142293064","142293213","23","14610764"
"chr3","127683386","127683721","chrX","9341842","9342170","65","118341544"
"chr3","127777637","127777918","chrX","111354529","111354812","48","16423108"
"chr3","127786260","127786553","chr5","63478819","63479117","53","64307441"
"chr3","127804167","127804450","chr22","16988314","16988597","48","110815853"
"chr3","128184633","128184923","chrX","44801762","44802052","39","83382871"
"chr3","128478136","128478448","chr4","41948057","41948367","49","86530079"
"chr3","128490700","128490995","chr16","4056121","4056415","43","124434579"
"chr3","128798337","128798632","chrX","155072004","155072300","51","26273667"
"chr3","128848791","128848964","chr16","53227498","53227665","39","75621293"
"chr3","128926015","128926295","chr6","79360967","79361252","44","49565048"
"chr3","128977086","128977356","chr1","32573933","32574216","59","96403153"
"chr3","129139181","129139468","chr1","102320513","102320796","42","26818668"
"chr3","129217977","129218136","chr8","6171369","6171527","34","123046608"
"chr3","129390636","129390926","chr3","188407295","188407591","41","59016659"
"chr3","129416909","129417222","chr13","24251767","24252070","53","105165142"
"chr3","129477721","129477846","chr1","134667182","134667314","22","5189461"
"chr3","129605388","129605517","chr4","185734049","185734184","17","56128661"
"chr3","129774061","129774352","chr2B","100893350","100893645","47","28880711"
"chr3","129775812","129776150","chr8","73112094","73112419","64","56663718"
"chr3","129791220","129791341","chr4","72852437","72852547","27","56938783"
"chr3","129806254","129806366","chrX","154759889","154759991","25","24953635"
"chr3","129848288","129848609","chr2B","124042742","124043060","52","5805546"
"chr3","129977661","129977915","chr8","140765094","140765358","52","10787433"
"chr3","129986316","129986452","chr9","89805035","89805168","28","40181281"
"chr3","130170428","130170744","chr2B","22519154","22519460","55","107651274"
"chr3","130182465","130182769","chr6","112148811","112149116","56","18033654"
"chr3","130229060","130229350","chr7","40554917","40555203","54","89674143"
"chr3","130233776","130233905","chr10","134985436","134985567","15","4751660"
"chr3","130323800","130324090","chr12","95527677","95527972","47","34796123"
"chr3","130447546","130447702","chr19","34833698","34833845","32","95613848"
"chr3","130631047","130631178","chr19","3704332","3704461","36","126926715"
"chr3","130631209","130631375","chr3","187564355","187564522","30","56933146"
"chr3","130633931","130634169","chr1","29925802","29926044","46","100708129"
"chr3","130686622","130686927","chr8","134138088","134138390","48","3451466"
"chr3","130726209","130726474","chr10","50048221","50048490","51","80677988"
"chr3","130848339","130848630","chrX","47163832","47164125","44","83684507"
"chr3","130903193","130903304","chr11","50218818","50218933","29","80684375"
"chr3","130903329","130903487","chr20","2150753","2150919","35","128752576"
"chr3","130981974","130982048","chr2A","35605685","35605754","19","95376289"
"chr3","130982361","130982597","chrX","40490636","40490870","52","90491725"
"chr3","131020252","131020551","chr13","12900713","12901005","48","118119539"
"chr3","131083491","131083674","chr12","98193702","98193880","26","32889789"
"chr3","131083695","131083815","chr5","40512538","40512660","11","90571157"
"chr3","131225739","131225912","chr18","20931938","20932111","30","110293801"
"chr3","131295149","131295447","chrX","106485454","106485755","54","24809695"
"chr3","131296319","131296538","chr2B","66665417","66665639","30","64630902"
"chr3","131296835","131296915","chr1","109139016","109139099","18","22157819"
"chr3","131405724","131406032","chr12","67863441","67863746","47","63542283"
"chr3","131413365","131413642","chr16","29837400","29837685","56","101575965"
"chr3","131418909","131419091","chr2B","75131701","75131882","29","56287208"
"chr3","131419145","131419268","chr20","43032336","43032459","13","88386809"
"chr3","131455264","131455566","chr5","6833763","6834068","50","124621501"
"chr3","131468359","131468664","chr14","110301","110606","46","131358058"
"chr3","131471606","131471887","chr7","137312057","137312333","49","5840451"
"chr3","131528844","131529150","chr5","13711793","13712097","48","117817051"
"chr3","131607327","131607599","chr1","197342830","197343104","54","65735503"
"chr3","131699037","131699166","chr5","130028520","130028652","16","1670517"
"chr3","131765339","131765618","chr3","198514006","198514284","63","66748667"
"chr3","131839797","131840089","chr1","147000408","147000698","61","15160611"
"chr3","131853673","131853964","chr7","42023635","42023920","56","89830038"
"chr3","131856890","131857179","chr6","141321654","141321950","49","9464764"
"chr3","131958900","131958995","chrX","941923","942014","21","131016977"
"chr3","131965433","131965708","chr10","34922905","34923172","56","97042528"
"chr3","132006148","132006432","chr1","11669542","11669828","47","120336606"
"chr3","132016207","132016491","chr12","1122701","1122989","46","130893506"
"chr3","132024343","132024632","chr7","73756248","73756541","49","58268095"
"chr3","132088943","132089254","chr5","54344070","54344386","66","77744873"
"chr3","132140280","132140404","chr5","161966306","161966430","23","29826026"
"chr3","132140449","132140729","chr14","77105710","77105989","46","55034739"
"chr3","132258681","132258978","chr12","67682585","67682882","48","64576096"
"chr3","132372139","132372428","chr1","133870687","133870980","52","1498548"
"chr3","132545114","132545305","chr7","78024465","78024658","39","54520649"
"chr3","132560519","132560810","chr7","66141395","66141687","42","66419124"
"chr3","132581563","132581872","chr9","89676872","89677183","47","42904691"
"chr3","132583120","132583280","chr9","49157109","49157272","34","83426011"
"chr3","132590164","132590479","chr1","216899282","216899593","50","84309118"
"chr3","132593938","132594233","chr8","76202865","76203159","40","56391073"
"chr3","132596455","132596673","chr5","134160115","134160339","51","1563660"
"chr3","132682310","132682599","chr4","67734154","67734439","39","64948156"
"chr3","132685790","132686086","chr12","19563926","19564220","45","113121864"
"chr3","132751741","132752027","chr4","67811843","67812137","45","64939898"
"chr3","132756331","132756616","chr2A","51995399","51995680","50","80760932"
"chr3","132976181","132976489","chr7","140062193","140062503","51","7086012"
"chr3","133017125","133017405","chr11","28737900","28738190","49","104279225"
"chr3","133057006","133057285","chr11","32735604","32735883","48","100321402"
"chr3","133242069","133242357","chr9","110099856","110100139","41","23142213"
"chr3","133251244","133251471","chr2B","130964529","130964754","46","2286715"
"chr3","133271549","133271855","chr3","189017179","189017480","50","55745630"
"chr3","133331471","133331771","chr17","15918534","15918830","63","117412937"
"chr3","133452151","133452438","chr4","113725354","113725645","47","19726797"
"chr3","133473124","133473225","chr6","113879640","113879741","11","19593484"
"chr3","133635603","133635865","chr5","10707676","10707932","49","122927927"
"chr3","133696064","133696343","chr14","84191090","84191383","44","49504974"
"chr3","133832614","133832892","chr4","157572529","157572807","53","23739915"
"chr3","133866662","133866929","chr11","108344564","108344827","43","25522098"
"chr3","134024974","134025269","chr9","109675265","109675559","45","24349709"
"chr3","134325714","134325996","chr1","52959496","52959777","69","81366218"
"chr3","134461270","134461560","chr12","1122701","1122989","44","133338569"
"chr3","134572714","134572994","chr6","135406081","135406352","58","833367"
"chr3","134624742","134625064","chr17","18296170","18296499","64","116328572"
"chr3","134679733","134680004","chr2B","22656246","22656524","44","112023487"
"chr3","134789465","134789600","chr2A","3158477","3158609","26","131630988"
"chr3","134789929","134790008","chr15","78299566","78299642","23","56490363"
"chr3","134835318","134835419","chr19","34757861","34757950","25","100077457"
"chr3","134835441","134835598","chr14","58728617","58728775","26","76106824"
"chr3","134857323","134857614","chr6","35396100","35396392","36","99461223"
"chr3","134917969","134918237","chr14","11207197","11207478","56","123710772"
"chr3","134980308","134980338","chr1","26600892","26600920","8","108379416"
"chr3","134980364","134980645","chr12","94318279","94318561","46","40662085"
"chr3","135046045","135046356","chr3","145075043","145075350","61","10028998"
"chr3","135188993","135189301","chr1","64374756","64375059","43","70814237"
"chr3","135402081","135402385","chr1","179786909","179787208","54","44384828"
"chr3","135562239","135562344","chr11","123611260","123611366","17","11950979"
"chr3","135566126","135566417","chr2B","1475279","1475574","45","134090847"
"chr3","135567865","135567998","chr11","101459596","101459728","26","34108269"
"chr3","135790181","135790458","chr16","26943607","26943889","44","108846574"
"chr3","135790485","135790497","chr21","19973204","19973216","1","115817281"
"chr3","135833732","135833992","chr3","67000537","67000802","59","68833195"
"chr3","135929117","135929389","chr1","17505138","17505419","50","118423979"
"chr3","135988721","135989010","chrX","45211712","45211994","62","90777009"
"chr3","135998145","135998413","chr5","18074268","18074553","52","117923877"
"chr3","136012870","136013179","chrX","119456205","119456509","47","16556665"
"chr3","136058880","136058950","chr7","137920493","137920565","12","1861613"
"chr3","136202791","136203060","chrX","9679871","9680143","44","126522920"
"chr3","136250689","136250971","chr4","71516062","71516347","37","64734627"
"chr3","136390457","136390753","chr13","9716804","9717101","37","126673653"
"chr3","136391821","136392126","chr7","139963807","139964112","33","3571986"
"chr3","136445981","136446291","chr9","87307258","87307569","41","49138723"
"chr3","136463429","136463736","chrX","18589815","18590117","39","117873614"
"chr3","136484965","136485164","chr17","24059205","24059401","31","112425760"
"chr3","136492613","136492773","chr3","186196961","186197116","30","49704348"
"chr3","136493135","136493431","chr3","52651662","52651956","46","83841473"
"chr3","136497900","136498195","chr2A","58665197","58665491","45","77832703"
"chr3","136508827","136508938","chr16","21795060","21795174","17","114713767"
"chr3","136509434","136509726","chr1","207941442","207941741","52","71432008"
"chr3","136510233","136510461","chr14","83210653","83210880","46","53299580"
"chr3","136511170","136511459","chr1","144787282","144787583","55","8276112"
"chr3","136513453","136513588","chr16","31907781","31907912","23","104605672"
"chr3","136513888","136514053","chr5","24639732","24639896","31","111874156"
"chr3","136515534","136515837","chr19","45570448","45570746","37","90945086"
"chr3","136554326","136554618","chr4","130314501","130314796","46","6239825"
"chr3","136557102","136557274","chr9","69544552","69544726","23","67012550"
"chr3","136559533","136559591","chr4","71794126","71794184","8","64765407"
"chr3","136563790","136564091","chr1","147188147","147188452","42","10624357"
"chr3","136564983","136565135","chr2A","80582429","80582578","20","55982554"
"chr3","136565883","136566189","chr1","46632605","46632904","46","89933278"
"chr3","136579923","136580050","chr6","32499391","32499525","17","104080532"
"chr3","136580350","136580540","chr8","124598467","124598647","34","11981883"
"chr3","136584250","136584378","chr5","38957611","38957744","20","97626639"
"chr3","136584681","136584808","chr6","109289964","109290086","20","27294717"
"chr3","136586159","136586384","chr8","126106996","126107220","49","10479163"
"chr3","136597178","136597402","chr11","96728036","96728258","82","39869142"
"chr3","136599606","136599785","chr12","37388052","37388205","42","99211554"
"chr3","136600410","136600579","chr16","3284926","3285097","30","133315484"
"chr3","136605854","136606126","chr12","124254648","124254922","41","12351206"
"chr3","136609444","136609575","chr8","138810932","138811049","35","2201488"
"chr3","136619226","136619531","chr8","98951824","98952113","63","37667402"
"chr3","136622177","136622454","chr18","57203657","57203949","47","79418520"
"chr3","136625177","136625312","chr16","37435580","37435712","18","99189597"
"chr3","136625594","136625724","chr5","59411557","59411678","26","77214037"
"chr3","136627567","136627579","chr1","162630898","162630910","2","26003331"
"chr3","136627869","136628043","chr6","47629429","47629597","27","88998440"
"chr3","136628278","136628424","chr14","76181909","76182057","32","60446369"
"chr3","136628652","136628786","chr7","40605012","40605146","15","96023640"
"chr3","136631122","136631253","chr11","47776399","47776529","13","88854723"
"chr3","136640590","136640885","chr8","101544594","101544890","32","35095996"
"chr3","136640995","136641203","chr1","161861790","161861989","43","25220795"
"chr3","136641810","136641936","chr6","11957977","11958108","14","124683833"
"chr3","136644459","136644596","chr17","9332183","9332329","28","127312276"
"chr3","136644913","136645090","chr7","110885244","110885413","33","25759669"
"chr3","136645822","136645993","chr12","10503992","10504156","30","126141830"
"chr3","136656852","136657158","chr2A","98697558","98697861","39","37959294"
"chr3","136660407","136660587","chr5","121891558","121891736","31","14768849"
"chr3","136660863","136661000","chr19","32515543","32515675","18","104145320"
"chr3","136670037","136670338","chr19","2324717","2325019","43","134345320"
"chr3","136683331","136683621","chr4","39243261","39243549","43","97440070"
"chr3","136691443","136691570","chr11","110138235","110138355","29","26553208"
"chr3","136691604","136691763","chr19","11754843","11754995","31","124936761"
"chr3","136693754","136694047","chrX","49097436","49097730","52","87596318"
"chr3","136700120","136700417","chr4","93828554","93828847","45","42871566"
"chr3","136710484","136710644","chr7","64954246","64954405","43","71756238"
"chr3","136710934","136711052","chr9","115927781","115927896","17","20783153"
"chr3","136715080","136715378","chr20","5692768","5693066","43","131022312"
"chr3","136725001","136725191","chr17","60818220","60818406","41","75906781"
"chr3","136725213","136725358","chr4","1372449","1372597","25","135352764"
"chr3","136730720","136730877","chr7","64954246","64954405","39","71776474"
"chr3","136731153","136731279","chr19","46417092","46417215","21","90314061"
"chr3","136735579","136735870","chr4","72492234","72492530","43","64243345"
"chr3","136757444","136757558","chr9","113484610","113484729","24","23272834"
"chr3","136763045","136763195","chr10","117965413","117965578","39","18797632"
"chr3","136764405","136764531","chr7","152136576","152136701","21","15372171"
"chr3","136766198","136766498","chr1","22894656","22894953","41","113871542"
"chr3","136778081","136778226","chr22","32067732","32067888","29","104710349"
"chr3","136778535","136778545","chr20","8852420","8852430","1","127926115"
"chr3","136784242","136784416","chr16","23669145","23669323","25","113115097"
"chr3","136784452","136784579","chr7","153887731","153887853","30","17103279"
"chr3","136788814","136788981","chr6","112831541","112831707","23","23957273"
"chr3","136798018","136798169","chr3","143091204","143091349","21","6293186"
"chr3","136798216","136798320","chr1","36517482","36517580","26","100280734"
"chr3","136813180","136813470","chr1","19039381","19039669","40","117773799"
"chr3","136813960","136814279","chr10","22186081","22186392","43","114627879"
"chr3","136835737","136836040","chr12","8813587","8813888","44","128022150"
"chr3","136841358","136841658","chr1","147188147","147188452","43","10346789"
"chr3","136862823","136862946","chr4","72090975","72091102","20","64771848"
"chr3","136863029","136863133","chr12","103834727","103834824","24","33028302"
"chr3","136875402","136875652","chr1","21946056","21946300","51","114929346"
"chr3","136876492","136876774","chr8","103928915","103929198","38","32947577"
"chr3","136916449","136916748","chr13","27943076","27943376","41","108973373"
"chr3","136968104","136968388","chr5","141573370","141573653","38","4605266"
"chr3","136971080","136971377","chr1","9683728","9684022","46","127287352"
"chr3","136972980","136973237","chr3","51290406","51290664","44","85682574"
"chr3","136979585","136979893","chr15","71734702","71735013","51","65244883"
"chr3","137001216","137001423","chr17","7815860","7816064","32","129185356"
"chr3","137002921","137003012","chr9","70059064","70059157","13","66943857"
"chr3","137005321","137005627","chr5","8677142","8677450","41","128328179"
"chr3","137029208","137029500","chr4","72270829","72271123","44","64758379"
"chr3","137035098","137035386","chr6","32844125","32844413","38","104190973"
"chr3","137042020","137042300","chr11","56546240","56546519","52","80495780"
"chr3","137051622","137051920","chr12","98409406","98409700","41","38642216"
"chr3","137057111","137057247","chr5","60563518","60563660","19","76493593"
"chr3","137057546","137057816","chrX","24803746","24804013","43","112253800"
"chr3","137064489","137064623","chr6","85011683","85011818","23","52052806"
"chr3","137064900","137064983","chr3","50456294","50456378","13","86608606"
"chr3","137085869","137086160","chr18","2191279","2191572","43","134894590"
"chr3","137097128","137097410","chr11","117709560","117709842","43","19387568"
"chr3","137145059","137145196","chr5","35633795","35633931","19","101511264"
"chr3","137153021","137153289","chr1","194129673","194129951","48","56976652"
"chr3","137175698","137176005","chr14","110301","110606","48","137065397"
"chr3","137200458","137200761","chr4","72439645","72439952","39","64760813"
"chr3","137200889","137201184","chr4","72440076","72440374","49","64760813"
"chr3","137237557","137237703","chr17","9332183","9332329","18","127905374"
"chr3","137247112","137247404","chr6","45713778","45714072","46","91533334"
"chr3","137278409","137278565","chr13","73826403","73826558","31","63452006"
"chr3","137278651","137278799","chr5","36166737","36166884","27","101111914"
"chr3","137302055","137302333","chr2B","124977630","124977912","42","12324425"
"chr3","137322792","137323054","chr6","77982799","77983061","42","59339993"
"chr3","137359326","137359628","chr4","72586880","72587186","46","64772446"
"chr3","137378501","137378598","chr8","59718256","59718354","12","77660245"
"chr3","137395659","137395943","chr9","16314314","16314595","56","121081345"
"chr3","137400926","137401067","chr14","23957819","23957961","17","113443107"
"chr3","137437773","137437998","chr4","72657458","72657682","30","64780315"
"chr3","137442197","137442493","chr14","85986152","85986448","40","51456045"
"chr3","137468871","137469157","chr9","112513394","112513685","44","24955477"
"chr3","137473781","137474008","chr19","8168609","8168832","35","129305172"
"chr3","137492821","137493115","chr1","46890129","46890419","42","90602692"
"chr3","137495278","137495506","chr15","45985108","45985337","37","91510170"
"chr3","137553960","137554219","chr14","76701843","76702097","43","60852117"
"chr3","137596784","137597082","chr4","72817706","72818004","40","64779078"
"chr3","137627296","137627602","chr8","101544594","101544890","50","36082702"
"chr3","137650452","137650576","chr16","29998196","29998320","14","107652256"
"chr3","137653554","137653633","chr1","28753545","28753625","20","108900009"
"chr3","137672882","137673166","chr17","25186510","25186797","40","112486372"
"chr3","137716818","137717106","chr20","18764388","18764672","52","118952430"
"chr3","137727441","137727589","chr1","39348043","39348181","30","98379398"
"chr3","137727590","137727880","chr6","35396100","35396392","42","102331490"
"chr3","137727881","137728055","chr6","37161857","37162029","26","100566024"
"chr3","137747631","137747761","chr16","43849045","43849159","28","93898586"
"chr3","137804472","137804761","chr6","45713778","45714072","42","92090694"
"chr3","137804853","137805135","chrX","15626910","15627195","44","122177943"
"chr3","137834552","137834732","chr4","73090897","73091076","17","64743655"
"chr3","137848282","137848574","chr1","27226364","27226657","42","110621918"
"chr3","137851214","137851411","chr8","78281246","78281441","61","59569968"
"chr3","137853559","137853863","chr8","9756252","9756551","40","128097307"
"chr3","137926167","137926450","chr3","190276346","190276640","41","52350179"
"chr3","137951398","137951707","chr22","21114386","21114692","50","116837012"
"chr3","137962656","137962951","chr3","201334238","201334531","45","63371582"
"chr3","137976493","137976803","chr11","17102113","17102426","54","120874380"
"chr3","137984864","137985171","chr15","22586537","22586840","49","115398327"
"chr3","138038394","138038733","chr10","66603026","66603371","72","71435368"
"chr3","138051052","138051356","chr14","48450165","48450455","55","89600887"
"chr3","138059484","138059795","chr5","41250187","41250489","47","96809297"
"chr3","138083130","138083457","chrX","94320995","94321305","67","43762135"
"chr3","138102112","138102270","chr1","28691719","28691870","29","109410393"
"chr3","138147443","138147736","chr15","39067690","39067984","40","99079753"
"chr3","138148491","138148774","chr4","110429595","110429881","44","27718896"
"chr3","138149094","138149393","chr21","23583470","23583765","37","114565624"
"chr3","138166117","138166349","chr7","128077207","128077427","50","10088910"
"chr3","138179539","138179857","chr16","47537928","47538254","48","90641611"
"chr3","138180212","138180533","chrX","49348223","49348535","53","88831989"
"chr3","138181160","138181458","chr4","73439263","73439558","44","64741897"
"chr3","138181471","138181651","chr22","852058","852245","29","137329413"
"chr3","138185811","138185937","chr6","109289964","109290086","21","28895847"
"chr3","138201992","138202140","chr14","86844815","86844958","19","51357177"
"chr3","138203143","138203302","chr12","53139012","53139169","44","85064131"
"chr3","138205847","138206146","chr15","1886496","1886796","39","136319351"
"chr3","138209966","138210103","chr4","185734049","185734184","19","47524083"
"chr3","138210132","138210264","chr19","10055857","10055983","29","128154275"
"chr3","138210944","138210997","chr20","33988491","33988542","11","104222453"
"chr3","138211317","138211451","chr17","7723729","7723862","11","130487588"
"chr3","138224472","138224683","chr1","222863104","222863308","37","84638632"
"chr3","138242077","138242218","chr7","150342290","150342430","11","12100213"
"chr3","138245807","138245960","chr6","34131083","34131236","28","104114724"
"chr3","138357205","138357409","chr9","74819531","74819730","31","63537674"
"chr3","138358873","138359178","chr9","114191687","114191982","48","24167186"
"chr3","138388076","138388371","chr5","65767561","65767854","49","72620515"
"chr3","138406128","138406443","chr5","24045389","24045700","46","114360739"
"chr3","138455633","138455927","chr1","36255390","36255687","45","102200243"
"chr3","138480699","138481010","chrX","134264263","134264566","46","4216436"
"chr3","138484112","138484383","chr7","72125273","72125552","48","66358839"
"chr3","138485317","138485617","chr10","124899556","124899861","41","13585761"
"chr3","138534740","138534909","chr3","12858525","12858683","33","125676215"
"chr3","138536567","138536686","chr2B","129408110","129408233","19","9128457"
"chr3","138547752","138547860","chr11","68081085","68081207","20","70466667"
"chr3","138547885","138548062","chr11","46664552","46664726","25","91883333"
"chr3","138613972","138614257","chrX","112956724","112957016","40","25657248"
"chr3","138620811","138621101","chr4","73885046","73885333","42","64735765"
"chr3","138642808","138643005","chr8","26613364","26613558","25","112029444"
"chr3","138702603","138702914","chr19","8085222","8085532","42","130617381"
"chr3","138866871","138867153","chr9","78276742","78277022","50","60590129"
"chr3","138878164","138878457","chrX","133647754","133648055","47","5230410"
"chr3","138903301","138903561","chr11","101924364","101924617","41","36978937"
"chr3","138915447","138915567","chr6","16800077","16800197","10","122115370"
"chr3","138916577","138916796","chr4","74113306","74113526","29","64803271"
"chr3","138927714","138928044","chr2A","51529775","51530122","70","87397939"
"chr3","138940716","138940936","chr11","74816507","74816729","36","64124209"
"chr3","138943046","138943346","chr9","73742372","73742672","35","65200674"
"chr3","138956526","138956798","chr1","46381387","46381667","53","92575139"
"chr3","138962396","138962530","chr17","7723729","7723862","17","131238667"
"chr3","138971282","138971584","chr4","74169422","74169722","28","64801860"
"chr3","138976972","138977277","chr12","75805158","75805457","44","63171814"
"chr3","138998299","138998615","chr2B","70672110","70672420","56","68326189"
"chr3","139002322","139002615","chr5","2973594","2973889","42","136028728"
"chr3","139011158","139011446","chr7","77548302","77548597","42","61462856"
"chr3","139095751","139096055","chr13","26317957","26318258","58","112777794"
"chr3","139112865","139113159","chr11","75682726","75683019","44","63430139"
"chr3","139115088","139115345","chr4","74322190","74322457","59","64792898"
"chr3","139124218","139124526","chr9","70101046","70101349","52","69023172"
"chr3","139214195","139214491","chr6","43552064","43552362","46","95662131"
"chr3","139283800","139284087","chr4","74465586","74465884","51","64818214"
"chr3","139315361","139315669","chr5","36019051","36019363","40","103296310"
"chr3","139327363","139327445","chr9","43119899","43119983","14","96207464"
"chr3","139344125","139344417","chr1","84435537","84435833","43","54908588"
"chr3","139372044","139372168","chr18","43100747","43100870","23","96271297"
"chr3","139372956","139373022","chr19","48500535","48500594","25","90872421"
"chr3","139373049","139373060","chr8","131923316","131923327","1","7449733"
"chr3","139378156","139378287","chr1","71393655","71393787","15","67984501"
"chr3","139384565","139384708","chr7","73956640","73956776","30","65427925"
"chr3","139384978","139385150","chr19","48141411","48141582","40","91243567"
"chr3","139390992","139391261","chr11","123756674","123756950","52","15634318"
"chr3","139392295","139392447","chr12","93049007","93049161","37","46343288"
"chr3","139393259","139393377","chr1","14802147","14802270","13","124591112"
"chr3","139397055","139397351","chr2B","124676403","124676699","39","14720652"
"chr3","139401482","139401612","chr1","46966654","46966781","28","92434828"
"chr3","139401898","139402072","chr10","132245824","132245994","20","7156074"
"chr3","139408571","139408664","chrX","119408308","119408403","18","20000263"
"chr3","139408665","139408941","chr6","36657947","36658229","48","102750718"
"chr3","139409922","139410199","chr11","123114043","123114321","37","16295879"
"chr3","139413767","139414056","chr6","11916921","11917205","38","127496846"
"chr3","139418429","139418556","chr4","124037840","124037972","15","15380589"
"chr3","139419822","139420135","chr11","66467682","66467985","53","72952140"
"chr3","139424680","139424805","chr12","105009287","105009413","17","34415393"
"chr3","139442074","139442217","chr1","202411258","202411402","25","62969184"
"chr3","139442240","139442412","chr4","74616203","74616376","22","64826037"
"chr3","139444825","139444997","chrX","120094588","120094761","30","19350237"
"chr3","139463025","139463158","chr1","46966654","46966781","20","92496371"
"chr3","139463486","139463653","chr11","65650934","65651102","35","73812552"
"chr3","139469762","139470068","chr15","69817612","69817918","40","69652150"
"chr3","139473053","139473348","chr9","114191687","114191982","37","25281366"
"chr3","139476742","139477033","chr16","3070817","3071103","57","136405925"
"chr3","139507906","139508204","chr11","66003552","66003850","36","73504354"
"chr3","139510426","139510556","chrX","123683241","123683374","15","15827185"
"chr3","139523008","139523146","chr1","2717278","2717415","17","136805730"
"chr3","139523441","139523611","chr12","123022377","123022543","30","16501064"
"chr3","139541227","139541355","chr14","12485207","12485337","16","127056020"
"chr3","139547400","139547537","chr17","9227231","9227362","32","130320169"
"chr3","139547833","139547965","chr7","4485178","4485309","15","135062655"
"chr3","139633164","139633458","chr8","119202320","119202618","37","20430844"
"chr3","139667405","139667785","chr18","20978719","20979050","110","118688686"
"chr3","139671304","139671488","chr4","163585005","163585191","38","23913701"
"chr3","139671489","139671794","chr1","44227800","44228099","56","95443689"
"chr3","139671795","139671932","chr7","67831847","67831981","18","71839948"
"chr3","139700383","139700621","chr4","6752027","6752261","45","132948356"
"chr3","139724716","139724990","chrX","9679871","9680143","40","130044845"
"chr3","139768871","139768962","chr4","121792052","121792149","23","17976819"
"chr3","139772319","139772601","chr3","147429669","147429953","50","7657350"
"chr3","139780529","139780823","chr5","124936991","124937284","44","14843538"
"chr3","139782413","139782536","chr5","21131482","21131605","19","118650931"
"chr3","139782576","139782739","chr1","65227101","65227266","25","74555475"
"chr3","139788143","139788433","chr11","9392301","9392584","48","130395842"
"chr3","139799070","139799210","chr3","184844822","184844960","31","45045752"
"chr3","139821082","139821373","chr13","94708824","94709116","40","45112258"
"chr3","139873025","139873084","chr7","30102127","30102186","12","109770898"
"chr3","139893523","139893767","chr1","28757416","28757663","39","111136107"
"chr3","139924684","139924989","chr16","48467956","48468258","46","91456728"
"chr3","139988770","139989041","chrX","49072806","49073076","44","90915964"
"chr3","140026416","140026622","chr21","25041732","25041931","43","114984684"
"chr3","140055164","140055455","chr5","106030569","106030864","40","34024595"
"chr3","140088029","140088205","chr10","37226515","37226694","28","102861514"
"chr3","140090632","140090714","chr15","50902449","50902527","14","89188183"
"chr3","140182060","140182361","chr6","43552064","43552362","40","96629996"
"chr3","140189721","140189996","chr10","34876445","34876718","37","105313276"
"chr3","140192747","140193028","chr14","72144549","72144830","38","68048198"
"chr3","140197406","140197716","chr7","100422731","100423041","49","39774675"
"chr3","140218631","140218756","chr14","74907184","74907308","17","65311447"
"chr3","140219644","140219769","chr12","98738459","98738590","15","41481185"
"chr3","140220373","140220649","chr8","48441700","48441981","48","91778673"
"chr3","140226685","140226991","chr7","113536649","113536953","50","26690036"
"chr3","140238796","140239097","chr20","35550161","35550463","41","104688635"
"chr3","140252107","140252407","chr19","8411007","8411306","41","131841100"
"chr3","140288933","140289087","chr19","35855675","35855829","21","104433258"
"chr3","140335761","140335884","chr1","14802147","14802270","13","125533614"
"chr3","140459680","140459991","chr1","16812639","16812946","42","123647041"
"chr3","140468300","140468605","chr4","75724479","75724784","42","64743821"
"chr3","140511295","140511589","chr4","97545528","97545824","37","42965767"
"chr3","140659655","140659959","chr1","184892432","184892742","42","44232777"
"chr3","140682137","140682430","chr1","203263716","203264011","37","62581579"
"chr3","140701340","140701639","chr19","37531696","37531984","52","103169644"
"chr3","140754555","140754853","chr22","19932508","19932797","49","120822047"
"chr3","140758414","140758693","chrX","30859903","30860184","47","109898511"
"chr3","140779048","140779355","chr5","43998177","43998487","41","96780871"
"chr3","140803070","140803240","chr7","138315816","138315985","29","2487254"
"chr3","140813847","140813982","chr7","73956640","73956776","10","66857207"
"chr3","140814285","140814404","chr9","92489465","92489580","16","48324820"
"chr3","140835375","140835528","chr1","202667269","202667423","26","61831894"
"chr3","140835826","140835961","chr4","139906198","139906333","17","929628"
"chr3","140838844","140839155","chr5","96194245","96194552","58","44644599"
"chr3","140879117","140879406","chr20","31247791","31248083","37","109631326"
"chr3","140888876","140889196","chr2A","80609216","80609527","54","60279660"
"chr3","140893863","140894143","chr9","115109804","115110082","42","25784059"
"chr3","140923372","140923655","chr9","80122916","80123197","45","60800456"
"chr3","141052123","141052415","chr1","32567251","32567545","34","108484872"
"chr3","141092232","141092538","chr6","13811703","13812015","46","127280529"
"chr3","141115337","141115672","chr1","68411404","68411733","59","72703933"
"chr3","141122330","141122621","chr1","191869192","191869485","51","50746862"
"chr3","141194021","141194322","chr12","117303540","117303855","52","23890481"
"chr3","141262649","141262772","chr5","126110335","126110461","24","15152314"
"chr3","141262793","141262965","chr7","138315816","138315985","29","2946977"
"chr3","141293741","141294036","chr4","76662754","76663042","43","64630987"
"chr3","141525340","141525644","chr1","193132439","193132740","45","51607099"
"chr3","141571351","141571655","chr8","102215873","102216173","50","39355478"
"chr3","141571750","141572012","chr4","76928305","76928583","42","64643445"
"chr3","141580190","141580487","chr8","78441857","78442157","42","63138333"
"chr3","141621000","141621305","chr15","78041904","78042206","40","63579096"
"chr3","141662259","141662556","chr17","5980086","5980379","50","135682173"
"chr3","141677700","141677991","chr9","106799866","106800156","31","34877834"
"chr3","141759328","141759440","chr6","32533953","32534063","19","109225375"
"chr3","141784745","141785025","chr6","50706985","50707274","51","91077760"
"chr3","141808588","141808881","chr2B","64345530","64345820","50","77463058"
"chr3","141825348","141825645","chr4","48812030","48812322","42","93013318"
"chr3","141834300","141834560","chr4","158588791","158589052","34","16754491"
"chr3","141846967","141847252","chr15","71877041","71877338","64","69969926"
"chr3","141858662","141858964","chr4","40463693","40463988","35","101394969"
"chr3","141896132","141896235","chr3","81188117","81188214","19","60708015"
"chr3","141902779","141903090","chr9","109734146","109734451","47","32168633"
"chr3","141921840","141922093","chr11","71534690","71534951","51","70387150"
"chr3","141941820","141942121","chr11","65939624","65939925","34","76002196"
"chr3","141944687","141944821","chr11","118050473","118050608","19","23894214"
"chr3","141945120","141945293","chr7","4673111","4673281","28","137272009"
"chr3","141952121","141952407","chr10","34521244","34521514","54","107430877"
"chr3","141978187","141978493","chr8","103364820","103365127","50","38613367"
"chr3","141991902","141992067","chr1","185132840","185133000","35","43140938"
"chr3","141992376","141992511","chr1","71393655","71393787","21","70598721"
"chr3","142019756","142020044","chr4","48586220","48586507","36","93433536"
"chr3","142020696","142020855","chr13","34456126","34456283","24","107564570"
"chr3","142021155","142021273","chr8","98419879","98419999","22","43601276"
"chr3","142030511","142030822","chr18","24006771","24007082","40","118023740"
"chr3","142035630","142035923","chr17","9489493","9489790","41","132546137"
"chr3","142044021","142044330","chr19","44245511","44245815","48","97798510"
"chr3","142048694","142048999","chr1","24268512","24268815","38","117780182"
"chr3","142058402","142058713","chr1","146667786","146668094","38","4609384"
"chr3","142067138","142067436","chr1","25909218","25909523","50","116157920"
"chr3","142070878","142071163","chr4","48548006","48548301","44","93522872"
"chr3","142077673","142077965","chr6","77750064","77750357","40","64327609"
"chr3","142126792","142126925","chr3","121563186","121563322","19","20563606"
"chr3","142127227","142127396","chr8","31896389","31896557","25","110230838"
"chr3","142127938","142128237","chr1","188715058","188715358","41","46587120"
"chr3","142128692","142128992","chr7","5491502","5491805","52","136637190"
"chr3","142163566","142163870","chr14","24107759","24108065","41","118055807"
"chr3","142183666","142183943","chr20","35304583","35304875","42","106879083"
"chr3","142200347","142200641","chr5","40662770","40663064","42","101537577"
"chr3","142208841","142209143","chr16","48467956","48468258","36","93740885"
"chr3","142224854","142225106","chr10","131285263","131285510","33","10939591"
"chr3","142241164","142241463","chr1","23712329","23712638","49","118528835"
"chr3","142263674","142263803","chr19","5450830","5450953","28","136812844"
"chr3","142264100","142264272","chr8","100500003","100500176","29","41764097"
"chr3","142291416","142291548","chr11","120280731","120280862","14","22010685"
"chr3","142293365","142293530","chr4","48338039","48338204","16","93955326"
"chr3","142334917","142335075","chr4","48295804","48295963","34","94039113"
"chr3","142335076","142335369","chr4","150663627","150663922","44","8328551"
"chr3","142335370","142335392","chr5","38339445","38339466","5","103995925"
"chr3","142374827","142374958","chr14","12485207","12485337","16","129889620"
"chr3","142383941","142384121","chr11","119595029","119595204","39","22788912"
"chr3","142399587","142399716","chr5","35633795","35633931","16","106765792"
"chr3","142407567","142407692","chr5","59628847","59628972","20","82778720"
"chr3","142409967","142410098","chr4","124037840","124037972","8","18372127"
"chr3","142452515","142452686","chrUn_CABD030130719v1","1291","1464","27","142451224"
"chr3","142454777","142454899","chr1","76818294","76818418","14","65636483"
"chr3","142480012","142480192","chr11","17050507","17050684","27","125429505"
"chr3","142510243","142510534","chr1","53781506","53781802","51","88728737"
"chr3","142513972","142514097","chr3","115180873","115181000","12","27333099"
"chr3","142516392","142516531","chr18","1067621","1067766","27","141448771"
"chr3","142517970","142518135","chr1","19551968","19552130","35","122966002"
"chr3","142523512","142523815","chr2A","21862643","21862940","27","120660869"
"chr3","142566030","142566322","chr11","66466976","66467270","50","76099054"
"chr3","142601215","142601498","chr12","52761844","52762120","44","89839371"
"chr3","142603249","142603497","chr17","736611","736858","44","141866638"
"chr3","142637344","142637643","chr1","207941442","207941741","29","65304098"
"chr3","142696370","142696659","chr1","61299517","61299797","49","81396853"
"chr3","142698361","142698664","chr1","54249781","54250088","47","88448580"
"chr3","142715244","142715376","chr4","196598034","196598165","16","53882790"
"chr3","142753074","142753381","chrX","130056556","130056852","42","12696518"
"chr3","142777844","142778127","chr16","40690955","40691232","39","102086889"
"chr3","142781266","142781563","chr11","19565828","19566130","49","123215438"
"chr3","142787000","142787127","chr11","134043894","134044024","16","8743106"
"chr3","142792720","142793006","chr1","31775922","31776206","46","111016798"
"chr3","142920701","142920974","chrX","12667958","12668224","43","130252743"
"chr3","142981413","142981713","chr15","1815493","1815795","43","141165920"
"chr3","143051163","143051452","chr22","22668371","22668665","41","120382792"
"chr3","143095917","143096214","chr11","6426737","6427032","53","136669180"
"chr3","143103558","143103695","chr7","82210564","82210699","18","60892994"
"chr3","143213152","143213459","chr5","24832142","24832450","34","118381010"
"chr3","143229019","143229323","chr4","24255507","24255804","52","118973512"
"chr3","143240966","143241242","chr17","21553733","21554017","51","121687233"
"chr3","143251242","143251561","chr15","52366213","52366524","49","90885029"
"chr3","143268507","143268833","chr4","47357452","47357782","59","95911055"
"chr3","143270729","143271054","chr3","68957789","68958100","56","74312940"
"chr3","143329910","143330193","chr9","13067220","13067500","46","130262690"
"chr3","143394021","143394326","chr4","47238866","47239164","50","96155155"
"chr3","143411566","143411651","chr22","15625908","15625994","13","127785658"
"chr3","143424653","143424940","chr1","162549420","162549710","46","19124767"
"chr3","143432146","143432426","chr8","78225497","78225786","41","65206649"
"chr3","143434464","143434758","chr6","11233388","11233682","64","132201076"
"chr3","143441575","143441865","chr15","23355915","23356210","47","120085660"
"chr3","143442153","143442243","chr7","72637978","72638063","21","70804175"
"chr3","143446853","143447119","chr14","73734353","73734620","43","69712500"
"chr3","143456433","143456728","chr1","205586985","205587285","48","62130552"
"chr3","143559952","143560250","chr4","47063666","47063970","51","96496286"
"chr3","143603079","143603347","chr17","59920262","59920527","41","83682817"
"chr3","143624618","143624916","chr17","90301573","90301867","39","53323045"
"chr3","143650426","143650720","chr5","8677142","8677450","54","134973284"
"chr3","143688203","143688476","chr4","85479749","85480020","51","58208454"
"chr3","143882019","143882310","chr3","201301164","201301457","47","57419145"
"chr3","143916641","143916815","chr15","37340305","37340474","34","106576336"
"chr3","144024098","144024362","chr9","49233855","49234132","63","94790243"
"chr3","144025380","144025632","chr8","74307336","74307585","35","69718044"
"chr3","144048681","144048900","chr7","76173095","76173319","44","67875586"
"chr3","144123632","144123739","chr22","28161142","28161248","16","115962490"
"chr3","144184923","144185231","chr6","129592035","129592338","52","14592888"
"chr3","144226004","144226281","chr4","94306283","94306572","55","49919721"
"chr3","144531445","144531723","chr3","34261429","34261702","50","110270016"
"chr3","144550691","144550982","chr21","27279291","27279585","49","117271400"
"chr3","144706952","144707211","chr6","44237708","44237965","49","100469244"
"chr3","144733373","144733644","chr11","86576188","86576464","53","58157185"
"chr3","144793509","144793798","chr7","85478290","85478587","53","59315219"
"chr3","144859296","144859570","chr17","84875341","84875618","52","59983955"
"chr3","144954346","144954660","chr15","50593454","50593761","55","94360892"
"chr3","144954795","144955090","chr4","105432682","105432979","50","39522113"
"chr3","144986431","144986570","chr5","19222622","19222756","31","125763809"
"chr3","145076226","145076439","chr6","36734978","36735195","42","108341248"
"chr3","145206000","145206290","chr11","3623940","3624232","48","141582060"
"chr3","145207864","145208022","chr4","45375560","45375722","25","99832304"
"chr3","145267836","145267982","chrX","2506729","2506873","35","142761107"
"chr3","145270974","145271212","chr21","15290184","15290413","60","129980790"
"chr3","145335336","145335645","chr1","38236936","38237247","52","107098400"
"chr3","145444970","145445134","chr9","23397662","23397829","24","122047308"
"chr3","145513903","145514188","chr20","56091128","56091410","49","89422775"
"chr3","145552488","145552726","chr7","49069145","49069384","48","96483343"
"chr3","145645811","145645850","chr7","129899939","129899976","7","15745872"
"chr3","145646664","145646932","chr5","37834860","37835127","42","107811804"
"chr3","145756013","145756132","chr15","73119233","73119360","17","72636780"
"chr3","145802400","145802703","chr5","154717845","154718156","55","8915445"
"chr3","146150368","146150554","chr4","117863306","117863487","41","28287062"
"chr3","146150840","146150963","chr1","110505595","110505724","25","35645245"
"chr3","146173754","146174057","chr2B","131657052","131657355","44","14516702"
"chr3","146263200","146263480","chr7","1542899","1543168","38","144720301"
"chr3","146317947","146318212","chr3","141667461","141667729","43","4650486"
"chr3","146347323","146347613","chr2B","129405831","129406114","65","16941492"
"chr3","146409946","146410083","chr9","70425985","70426100","50","75983961"
"chr3","146450831","146451158","chr22","7552036","7552337","79","138898795"
"chr3","146457516","146457648","chr18","76408959","76409091","19","70048557"
"chr3","146463972","146464261","chr4","44183085","44183374","42","102280887"
"chr3","146507321","146507445","chr2A","87484111","87484239","12","59023210"
"chr3","146526415","146526704","chr1","46005396","46005686","44","100521019"
"chr3","146586256","146586544","chr16","23597961","23598248","49","122988295"
"chr3","146919252","146919513","chr5","36145979","36146235","57","110773273"
"chr3","146926248","146926528","chr11","67721064","67721346","46","79205184"
"chr3","146984641","146984905","chr8","74307336","74307585","61","72677305"
"chr3","147016698","147016996","chr4","93924674","93924967","56","53092024"
"chr3","147119269","147119561","chr1","24505374","24505667","58","122613895"
"chr3","147120767","147120902","chr19","48057785","48057919","20","99062982"
"chr3","147187427","147187699","chr5","3693839","3694111","44","143493588"
"chr3","147197744","147198030","chr22","11822772","11823061","43","135374972"
"chr3","147404326","147404351","chr9","90192947","90192969","5","57211379"
"chr3","147404373","147404650","chr12","86823419","86823679","51","60580954"
"chr3","147413586","147413884","chr3","173174796","173175094","53","25761210"
"chr3","147433306","147433560","chr4","43400741","43400992","42","104032565"
"chr3","147596298","147596591","chr17","16345866","16346160","54","131250432"
"chr3","147647693","147647962","chr9","32745250","32745546","66","114902443"
"chr3","147658734","147658927","chr1","13409086","13409263","41","134249648"
"chr3","147942709","147943035","chr2B","42817612","42817930","46","105125097"
"chr3","147988738","147989045","chr10","88613323","88613632","42","59375415"
"chr3","148023242","148023510","chr6","33915633","33915901","47","114107609"
"chr3","148030917","148031206","chr6","45713778","45714072","52","102317139"
"chr3","148064651","148064966","chr7","129375089","129375397","65","18689562"
"chr3","148084203","148084500","chr18","2191279","2191572","47","145892924"
"chr3","148168435","148168778","chr11","36521860","36522190","63","111646575"
"chr3","148176901","148177201","chr7","21489659","21489960","41","126687242"
"chr3","148190299","148190572","chr9","115109804","115110082","43","33080495"
"chr3","148227220","148227514","chr19","36025272","36025565","34","112201948"
"chr3","148231613","148231941","chr4","42393851","42394181","38","105837762"
"chr3","148263652","148263668","chr19","52669859","52669874","2","95593793"
"chr3","148263699","148263968","chr2A","53196486","53196760","45","95067213"
"chr3","148291857","148291988","chr12","122000913","122001044","21","26290944"
"chr3","148325805","148325963","chr2B","65738483","65738643","25","82587322"
"chr3","148325999","148326117","chr14","58267487","58267607","15","90058512"
"chr3","148344148","148344452","chr11","75725260","75725565","40","72618888"
"chr3","148454728","148455022","chr3","16961455","16961757","53","131493273"
"chr3","148514130","148514358","chr17","59055585","59055816","73","89458545"
"chr3","148514963","148515252","chr13","1064969","1065265","41","147449994"
"chr3","148515580","148515871","chr11","9404852","9405149","41","139110728"
"chr3","148546359","148546667","chr1","162716842","162717147","46","14170483"
"chr3","148609140","148609421","chr20","35012956","35013243","55","113596184"
"chr3","148674141","148674307","chr10","28505673","28505838","24","120168468"
"chr3","148709947","148710237","chr17","11422748","11423036","42","137287199"
"chr3","148715632","148715917","chr7","106016300","106016595","42","42699332"
"chr3","148739466","148739759","chr13","77437423","77437717","58","71302043"
"chr3","148740647","148740939","chr1","110577490","110577783","39","38163157"
"chr3","148744803","148744938","chr19","47689565","47689700","13","101055238"
"chr3","148772274","148772560","chr1","95904165","95904454","48","52868109"
"chr3","148799823","148800101","chr1","111885229","111885515","52","36914594"
"chr3","148803466","148803587","chr2B","59528711","59528832","17","89274755"
"chr3","148871603","148871897","chr19","47086089","47086381","46","101785514"
"chr3","148885532","148885826","chr18","19369576","19369870","47","129515956"
"chr3","148907412","148907704","chr5","10571296","10571586","47","138336116"
"chr3","148916704","148916997","chr4","41732552","41732830","56","107184152"
"chr3","148957466","148957768","chr4","41695470","41695771","43","107261996"
"chr3","148958803","148959093","chr6","45713778","45714072","42","103245025"
"chr3","148967545","148967626","chr1","28753545","28753625","10","120214000"
"chr3","148990844","148990954","chr1","168185775","168185885","16","19194931"
"chr3","148997171","148997476","chr1","205863329","205863635","35","56866158"
"chr3","149016932","149017110","chr4","41637311","41637487","25","107379621"
"chr3","149018732","149019028","chr5","62510618","62510915","39","86508114"
"chr3","149042115","149042418","chr10","12819467","12819771","33","136222648"
"chr3","149081830","149082105","chr1","7933422","7933688","38","141148408"
"chr3","149097936","149098233","chr5","2973594","2973889","46","146124342"
"chr3","149121673","149121978","chr8","126717045","126717351","48","22404628"
"chr3","149126920","149127216","chr12","119739377","119739678","49","29387543"
"chr3","149183105","149183266","chr1","63281361","63281523","23","85901744"
"chr3","149183309","149183412","chr10","9221106","9221206","21","139962203"
"chr3","149184377","149184592","chr18","55065044","55065261","28","94119333"
"chr3","149230730","149231015","chr1","29060310","29060594","48","120170420"
"chr3","149261329","149261383","chr1","62756334","62756388","10","86504995"
"chr3","149266217","149266470","chrX","6968143","6968396","40","142298074"
"chr3","149297658","149297944","chr11","65787500","65787788","39","83510158"
"chr3","149339480","149339610","chr5","161482146","161482283","33","12142666"
"chr3","149342700","149342971","chr6","91391283","91391564","58","57951417"
"chr3","149364833","149365153","chrX","111935425","111935725","58","37429408"
"chr3","149372238","149372537","chr10","136068584","136068876","46","13303654"
"chr3","149387544","149387829","chrX","129730203","129730497","45","19657341"
"chr3","149423510","149423816","chr8","27204711","27205021","42","122218799"
"chr3","149428807","149429106","chr1","194464201","194464501","45","45035394"
"chr3","149509211","149509368","chr6","42550244","42550397","35","106958967"
"chr3","149511318","149511490","chr2B","50431625","50431794","27","99079693"
"chr3","149511807","149511847","chr17","4738320","4738360","5","144773487"
"chr3","149545273","149545575","chr11","123261793","123262092","46","26283480"
"chr3","149573674","149573755","chr3","102997152","102997229","24","46576522"
"chr3","149583060","149583350","chrX","119237743","119238026","39","30345317"
"chr3","149588785","149589084","chr5","122919604","122919896","53","26669181"
"chr3","149592134","149592416","chr16","81026696","81026984","47","68565438"
"chr3","149598142","149598423","chr10","12722183","12722479","45","136875959"
"chr3","149611442","149611713","chr8","103629720","103629993","49","45981722"
"chr3","149657925","149657955","chr6","91755611","91755636","12","57902314"
"chr3","149657976","149658092","chr8","63631723","63631835","14","86026253"
"chr3","149680870","149680972","chr7","56884053","56884158","24","92796817"
"chr3","149701015","149701317","chrX","40772947","40773245","41","108928068"
"chr3","149722355","149722662","chr5","26150951","26151255","45","123571404"
"chr3","149736148","149736306","chr17","25271283","25271440","32","124464865"
"chr3","149739156","149739290","chr1","36509687","36509822","13","113229469"
"chr3","149770803","149770894","chr5","54423858","54423950","19","95346945"
"chr3","149771210","149771384","chr12","37388525","37388697","27","112382685"
"chr3","149786332","149786624","chr11","113918872","113919176","63","35867460"
"chr3","149825229","149825520","chr4","171275502","171275800","42","21450273"
"chr3","149831570","149831876","chr3","122216611","122216914","43","27614959"
"chr3","149878360","149878679","chr14","33031657","33031969","51","116846703"
"chr3","149912736","149913045","chr5","34215137","34215446","38","115697599"
"chr3","149926558","149926693","chr6","33448776","33448911","18","116477782"
"chr3","149927002","149927180","chr16","62736361","62736539","30","87190641"
"chr3","149933062","149933321","chr10","50750228","50750490","48","99182834"
"chr3","149953858","149954144","chr17","60591560","60591849","45","89362298"
"chr3","149957241","149957536","chr3","121298263","121298559","43","28658978"
"chr3","149959838","149960139","chr4","40708469","40708773","35","109251369"
"chr3","149964066","149964369","chr7","152799145","152799449","41","2835079"
"chr3","149974216","149974432","chr5","42241483","42241696","27","107732733"
"chr3","149979535","149979824","chr7","79277379","79277677","48","70702156"
"chr3","149985635","149985947","chr11","27462134","27462438","45","122523501"
"chr3","149987295","149987604","chr1","10834158","10834467","37","139153137"
"chr3","149988459","149988738","chr20","18313585","18313871","60","131674874"
"chr3","149998609","149998794","chr5","47874766","47874940","60","102123843"
"chr3","150010461","150010579","chr16","62916690","62916809","15","87093771"
"chr3","150018505","150018795","chr4","40657352","40657645","36","109361153"
"chr3","150029108","150029374","chr7","77910456","77910727","38","72118652"
"chr3","150064994","150065282","chr4","40614527","40614811","42","109450467"
"chr3","150090255","150090550","chr5","24372432","24372725","39","125717823"
"chr3","150093411","150093579","chr12","33023715","33023880","31","117069696"
"chr3","150093940","150094073","chr1","209383866","209384001","14","59289926"
"chr3","150104281","150104556","chr19","12350250","12350513","57","137754031"
"chr3","150108365","150108652","chr4","40565478","40565778","50","109542887"
"chr3","150121864","150121991","chr2B","13381090","13381223","13","136740774"
"chr3","150128126","150128296","chr11","66300950","66301117","28","83827176"
"chr3","150130430","150130595","chr9","45529714","45529878","24","104600716"
"chr3","150140034","150140330","chr9","111091660","111091957","97","39048374"
"chr3","150159364","150159661","chr5","162026471","162026773","35","11867107"
"chr3","150161157","150161449","chr11","112269785","112270077","48","37891372"
"chr3","150164183","150164506","chr7","87537755","87538057","63","62626428"
"chr3","150165742","150165855","chr18","76112123","76112237","17","74053619"
"chr3","150172110","150172203","chrX","130584196","130584288","24","19587914"
"chr3","150172445","150172682","chr12","111240121","111240348","47","38932324"
"chr3","150174562","150174719","chr1","135795439","135795597","21","14379123"
"chr3","150175023","150175155","chr6","21947905","21948036","15","128227118"
"chr3","150189021","150189306","chr9","111762498","111762778","42","38426523"
"chr3","150195982","150196054","chr22","30729272","30729343","11","119466710"
"chr3","150197159","150197401","chr19","7433883","7434120","40","142763276"
"chr3","150199254","150199540","chr6","75611850","75612132","46","74587404"
"chr3","150201997","150202299","chr5","23029510","23029801","45","127172487"
"chr3","150203317","150203618","chr2A","82177357","82177661","34","68025960"
"chr3","150210997","150211124","chrX","144059797","144059929","15","6151200"
"chr3","150214549","150214844","chr1","17199209","17199499","52","133015340"
"chr3","150216037","150216303","chrX","15876978","15877242","40","134339059"
"chr3","150218271","150218566","chr4","40462243","40462537","49","109756028"
"chr3","150222321","150222602","chr18","54745001","54745284","44","95477320"
"chr3","150223744","150223852","chr12","104094166","104094279","20","46129578"
"chr3","150223877","150223889","chr8","26101843","26101856","2","124122034"
"chr3","150224097","150224377","chr10","109678638","109678926","50","40545459"
"chr3","150239615","150239925","chr12","55344157","55344462","37","94895458"
"chr3","150240095","150240389","chr6","42503630","42503930","49","107736465"
"chr3","150258411","150258674","chr10","67554177","67554440","50","82704234"
"chr3","150265383","150265612","chrX","87559840","87560071","35","62705543"
"chr3","150296372","150296663","chr11","43725166","43725458","45","106571206"
"chr3","150297917","150298209","chr17","39756768","39757060","32","110541149"
"chr3","150302002","150302292","chr7","67761681","67761973","47","82540321"
"chr3","150310399","150310568","chr2A","52826352","52826523","24","97484047"
"chr3","150317109","150317385","chr11","61921983","61922260","36","88395126"
"chr3","150320026","150320299","chr17","21286837","21287124","53","129033189"
"chr3","150321812","150321940","chr19","33950985","33951117","16","116370827"
"chr3","150323993","150324154","chr3","12858525","12858683","27","137465468"
"chr3","150324988","150325281","chr1","32249381","32249664","51","118075607"
"chr3","150328223","150328397","chr14","58908447","58908623","43","91419776"
"chr3","150330955","150331082","chr14","12485207","12485337","14","137845748"
"chr3","150344366","150344551","chr19","18077407","18077587","44","132266959"
"chr3","150355193","150355476","chr17","81507469","81507757","40","68847724"
"chr3","150363912","150364220","chr6","6870624","6870926","46","143493288"
"chr3","150367740","150367904","chr7","149897616","149897788","33","470124"
"chr3","150372936","150373227","chr8","74142778","74143073","34","76230158"
"chr3","150374207","150374487","chr11","123788780","123789076","50","26585427"
"chr3","150377230","150377398","chr1","15810713","15810878","29","134566517"
"chr3","150377699","150377833","chr18","48022554","48022694","26","102355145"
"chr3","150383411","150383683","chr15","64699251","64699517","41","85684160"
"chr3","150386120","150386443","chr9","91826494","91826823","59","58559626"
"chr3","150392849","150393147","chr10","132475198","132475495","40","17917651"
"chr3","150397420","150397731","chr4","40270910","40271217","45","110126510"
"chr3","150397994","150398125","chr4","100215280","100215409","20","50182714"
"chr3","150398417","150398598","chrX","31313690","31313868","32","119084727"
"chr3","150410653","150410955","chr7","106731510","106731805","46","43679143"
"chr3","150415474","150415676","chr6","33419216","33419420","36","116996258"
"chr3","150418416","150418496","chr6","44643051","44643132","18","105775365"
"chr3","150424727","150425032","chr1","76679777","76680087","38","73744950"
"chr3","150432802","150433142","chr3","188556690","188557004","68","38123888"
"chr3","150448741","150448861","chr19","57270139","57270258","17","93178602"
"chr3","150455444","150455703","chr1","135036995","135037264","44","15418449"
"chr3","150458873","150459166","chr1","33543223","33543526","43","116915650"
"chr3","150463416","150463709","chr12","106886770","106887066","41","43576646"
"chr3","150499524","150499803","chr10","36902352","36902629","39","113597172"
"chr3","150506145","150506409","chr3","159791098","159791367","60","9284953"
"chr3","150510483","150510627","chr9","104459445","104459589","29","46051038"
"chr3","150523576","150523850","chrX","19956172","19956433","54","130567404"
"chr3","150539623","150539915","chr5","4345743","4346035","39","146193880"
"chr3","150540483","150540815","chr7","141812876","141813203","59","8727607"
"chr3","150557369","150557673","chr7","134938326","134938628","39","15619043"
"chr3","150576149","150576439","chr5","138259237","138259534","48","12316912"
"chr3","150583437","150583670","chr5","38102803","38103034","48","112480634"
"chr3","150591444","150591564","chr14","88974102","88974219","20","61617342"
"chr3","150591585","150591766","chr20","9409160","9409345","29","141182425"
"chr3","150632481","150632613","chr10","100275972","100276100","16","50356509"
"chr3","150632912","150633072","chr14","32097915","32098067","34","118534997"
"chr3","150636997","150637308","chr11","73266148","73266441","58","77370849"
"chr3","150640263","150640567","chr3","39964527","39964830","37","110675736"
"chr3","150645726","150645937","chr5","109841619","109841829","42","40804107"
"chr3","150678406","150678641","chrX","3285171","3285389","35","147393235"
"chr3","150679536","150679836","chr6","45713778","45714072","29","104965758"
"chr3","150688243","150688523","chr8","79474808","79475099","71","71213435"
"chr3","150691818","150692120","chr5","41647728","41648027","40","109044090"
"chr3","150694237","150694531","chr8","101544594","101544890","48","49149643"
"chr3","150712139","150712396","chr1","205864109","205864363","41","55151970"
"chr3","150716131","150716471","chr13","7231931","7232266","74","143484200"
"chr3","150723034","150723119","chr22","28221519","28221604","10","122501515"
"chr3","150727244","150727477","chr5","161104712","161104952","56","10377468"
"chr3","150741577","150741888","chr11","56672456","56672762","42","94069121"
"chr3","150774231","150774524","chr3","182319983","182320279","35","31545752"
"chr3","150782304","150782595","chr15","29986856","29987143","36","120795448"
"chr3","150785001","150785157","chr1","16488492","16488650","28","134296509"
"chr3","150799133","150799432","chr12","35147057","35147353","39","115652076"
"chr3","150800894","150801147","chr8","27706516","27706769","41","123094378"
"chr3","150812369","150812494","chr1","61983115","61983240","32","88829254"
"chr3","150812780","150812948","chr4","2469407","2469572","24","148343373"
"chr3","150814171","150814466","chr2B","2582611","2582904","47","148231560"
"chr3","150814467","150814763","chr11","107357367","107357665","44","43457100"
"chr3","150820138","150820475","chr11","6158722","6159068","89","144661416"
"chr3","150823497","150823634","chr3","8501615","8501750","13","142321882"
"chr3","150823945","150824142","chr15","40964480","40964693","42","109859465"
"chr3","150824670","150824944","chr4","39845151","39845416","37","110979519"
"chr3","150842963","150843248","chr19","53487153","53487446","46","97355810"
"chr3","150854370","150854492","chr15","18812412","18812537","14","132041958"
"chr3","150858365","150858534","chr7","110885244","110885413","20","39973121"
"chr3","150866085","150866389","chr5","2684562","2684864","47","148181523"
"chr3","150868691","150868824","chr21","31662246","31662382","13","119206445"
"chr3","150869320","150869455","chr5","118006764","118006899","19","32862556"
"chr3","150869456","150869574","chrX","129213647","129213765","10","21655809"
"chr3","150869612","150869777","chr2B","126388157","126388321","24","24481455"
"chr3","150869778","150869934","chr14","21056651","21056807","24","129813127"
"chr3","150873402","150873707","chr14","110301","110606","41","150763101"
"chr3","150875348","150875650","chr6","39864627","39864923","40","111010721"
"chr3","150877086","150877209","chr14","48532117","48532241","17","102344969"
"chr3","150877524","150877702","chr13","64450879","64451053","39","86426645"
"chr3","150878607","150878723","chr2A","61619845","61619961","16","89258762"
"chr3","150879022","150879225","chr9","74819531","74819730","35","76059491"
"chr3","150879940","150880190","chr8","74307336","74307585","37","76572604"
"chr3","150884257","150884567","chr6","157862323","157862628","44","6978066"
"chr3","150889447","150889579","chr5","118006764","118006899","15","32882683"
"chr3","150890196","150890325","chr11","120280731","120280862","16","30609465"
"chr3","150891113","150891413","chr12","43986200","43986500","51","106904913"
"chr3","150893226","150893347","chr1","227439358","227439480","26","76546132"
"chr3","150893638","150893799","chr19","7251575","7251742","21","143642063"
"chr3","150893959","150894104","chr1","111214979","111215120","19","39678980"
"chr3","150894397","150894573","chr1","11519332","11519502","28","139375065"
"chr3","150896248","150896394","chr1","87111997","87112142","22","63784251"
"chr3","150896395","150896619","chr3","152857879","152858111","41","1961484"
"chr3","150896926","150897030","chr3","49578849","49578952","23","101318077"
"chr3","150899462","150899728","chr5","38646206","38646480","48","112253256"
"chr3","150902939","150903193","chr10","87325999","87326251","43","63576940"
"chr3","150903560","150903857","chr13","9716804","9717101","39","141186756"
"chr3","150907763","150907861","chr3","50195801","50195900","16","100711962"
"chr3","150908655","150908785","chr12","122949941","122950075","15","27958714"
"chr3","150909092","150909251","chr1","45321380","45321540","28","105587712"
"chr3","150928951","150929086","chrX","49110337","49110472","11","101818614"
"chr3","150929400","150929571","chr4","8614559","8614734","37","142314841"
"chr3","150939512","150939674","chr12","35899001","35899163","26","115040511"
"chr3","150939927","150939981","chr9","120455111","120455166","8","30484816"
"chr3","150940274","150940360","chr5","32266606","32266693","18","118673668"
"chr3","150942479","150942740","chr14","33524005","33524275","55","117418474"
"chr3","150943432","150943588","chr5","19584116","19584279","32","131359316"
"chr3","150943860","150943992","chr5","163734016","163734148","14","12790156"
"chr3","150945120","150945183","chr3","10531717","10531778","13","140413403"
"chr3","150949385","150949509","chr16","61456783","61456902","32","89492602"
"chr3","150951533","150951808","chr14","57674549","57674827","62","93276984"
"chr3","150953385","150953664","chr3","182059447","182059740","48","31106062"
"chr3","150956170","150956449","chr6","110192592","110192884","47","40763578"
"chr3","150970967","150971035","chr12","98334552","98334626","16","52636415"
"chr3","150987367","150987659","chr16","18103175","18103469","46","132884192"
"chr3","151002701","151002996","chr2B","112854963","112855262","48","38147738"
"chr3","151005412","151005697","chr4","39668093","39668361","63","111337319"
"chr3","151011151","151011427","chr2A","71029698","71029982","43","79981453"
"chr3","151011711","151012002","chr14","52350088","52350382","50","98661623"
"chr3","151017243","151017535","chr8","66691960","66692252","42","84325283"
"chr3","151029740","151029763","chr2B","34657373","34657396","3","116372367"
"chr3","151029796","151030072","chr1","24047963","24048248","54","126981833"
"chr3","151042117","151042286","chr11","91693483","91693648","27","59348634"
"chr3","151042311","151042450","chr11","9180133","9180268","28","141862178"
"chr3","151042535","151042650","chr9","89031464","89031579","11","62011071"
"chr3","151052907","151052917","chr8","7764986","7764996","0","143287921"
"chr3","151052962","151053254","chr17","26536621","26536914","45","124516341"
"chr3","151056915","151057193","chr10","114508301","114508579","45","36548614"
"chr3","151073889","151074030","chr16","11666312","11666458","32","139407577"
"chr3","151074276","151074469","chr8","140597715","140597899","31","10476561"
"chr3","151074543","151074858","chr4","110248134","110248433","66","40826409"
"chr3","151076832","151076996","chr6","161832964","161833124","29","10756132"
"chr3","151077024","151077052","chr4","146736944","146736971","4","4340080"
"chr3","151078017","151078313","chrX","50474516","50474815","39","100603501"
"chr3","151085966","151086267","chr13","9716804","9717101","48","141369162"
"chr3","151094023","151094160","chrX","49110337","49110472","17","101983686"
"chr3","151094911","151094966","chr5","15815684","15815739","15","135279227"
"chr3","151095717","151095842","chr14","12485207","12485337","17","138610510"
"chr3","151100683","151100814","chr10","115982032","115982164","21","35118651"
"chr3","151101031","151101193","chr1","136805456","136805615","28","14295575"
"chr3","151106936","151107148","chr7","80031864","80032074","30","71075072"
"chr3","151110995","151111199","chr2A","36843647","36843857","33","114267348"
"chr3","151111529","151111827","chr19","48662997","48663298","51","102448532"
"chr3","151115896","151116207","chr2A","43925229","43925538","36","107190667"
"chr3","151117275","151117393","chr2B","89205640","89205764","20","61911635"
"chr3","151124039","151124335","chr13","81164151","81164440","54","69959888"
"chr3","151135328","151135622","chr5","122178452","122178740","37","28956876"
"chr3","151136573","151136891","chr8","103084991","103085304","56","48051582"
"chr3","151138017","151138288","chr10","96515519","96515797","48","54622498"
"chr3","151139634","151139928","chr5","22807671","22807969","43","128331963"
"chr3","151139941","151140229","chrX","119237743","119238026","48","31902198"
"chr3","151141005","151141134","chr20","30982715","30982844","13","120158290"
"chr3","151141435","151141603","chr8","48753766","48753936","30","102387669"
"chr3","151143493","151143784","chr11","3623940","3624232","34","147519553"
"chr3","151158478","151158783","chrX","18188829","18189132","40","132969649"
"chr3","151160679","151160978","chr13","9716804","9717101","37","141443875"
"chr3","151163018","151163112","chrX","129386555","129386650","25","21776463"
"chr3","151163383","151163608","chr3","54378596","54378817","44","96784787"
"chr3","151165472","151165585","chr4","72852437","72852547","15","78313035"
"chr3","151167668","151167814","chr5","110332644","110332786","47","40835024"
"chr3","151168107","151168221","chr4","115125522","115125634","25","36042585"
"chr3","151171145","151171269","chr6","16800077","16800197","14","134371068"
"chr3","151172352","151172626","chr5","76968698","76968977","48","74203654"
"chr3","151183482","151183697","chr16","12467486","12467699","33","138715996"
"chr3","151186128","151186231","chr10","56198994","56199102","21","94987134"
"chr3","151196573","151196855","chr12","32947541","32947831","54","118249032"
"chr3","151196859","151197140","chr8","117887218","117887506","47","33309641"
"chr3","151197934","151198250","chr13","82937932","82938242","53","68260002"
"chr3","151200308","151200395","chr20","33826279","33826367","12","117374029"
"chr3","151202590","151202706","chr3","45629081","45629198","17","105573509"
"chr3","151209071","151209206","chr5","39300615","39300748","19","111908456"
"chr3","151209504","151209681","chr5","4152681","4152856","28","147056823"
"chr3","151213407","151213689","chr1","204890511","204890805","49","53677104"
"chr3","151216152","151216274","chr3","59287633","59287756","19","91928519"
"chr3","151220276","151220555","chr2A","3823335","3823621","43","147396941"
"chr3","151224579","151224712","chrX","123683241","123683374","19","27541338"
"chr3","151225005","151225200","chr20","52772423","52772606","38","98452582"
"chr3","151226774","151226941","chr7","76846308","76846474","24","74380466"
"chr3","151228935","151229132","chr6","151760763","151760962","26","531828"
"chr3","151237526","151237542","chr7","71270671","71270687","2","79966855"
"chr3","151237543","151237828","chr6","128269059","128269346","45","22968484"
"chr3","151237868","151238043","chr5","4152681","4152856","26","147085187"
"chr3","151241328","151241629","chr2A","106071542","106071840","47","45169786"
"chr3","151243762","151244044","chr22","19932508","19932797","54","131311254"
"chr3","151247903","151248204","chr7","128660311","128660600","71","22587592"
"chr3","151258938","151259230","chr1","200122266","200122565","44","48863328"
"chr3","151262668","151262719","chrX","22242189","22242240","11","129020479"
"chr3","151262805","151263063","chrX","12667958","12668224","49","138594847"
"chr3","151280085","151280356","chr2B","124728949","124729237","41","26551136"
"chr3","151282166","151282393","chr5","51242761","51242977","38","100039405"
"chr3","151286157","151286311","chr1","57370132","57370285","22","93916025"
"chr3","151290099","151290402","chr1","205863329","205863635","31","54573230"
"chr3","151295093","151295376","chr3","40466670","40466962","42","110828423"
"chr3","151297004","151297306","chr3","33543727","33544019","46","117753277"
"chr3","151300677","151300946","chr3","179781249","179781524","42","28480572"
"chr3","151314457","151314594","chr1","215871392","215871529","18","64556935"
"chr3","151315952","151316173","chr1","52183942","52184158","33","99132010"
"chr3","151330846","151331108","chr1","13857836","13858100","37","137473010"
"chr3","151333790","151334032","chr5","156157690","156157924","38","4823900"
"chr3","151334193","151334270","chr15","44855348","44855422","19","106478845"
"chr3","151334981","151335156","chr1","175483337","175483498","42","24148356"
"chr3","151338132","151338422","chr20","2204839","2205132","41","149133293"
"chr3","151339496","151339793","chrX","18090635","18090935","33","133248861"
"chr3","151340959","151341134","chr10","35617589","35617767","37","115723370"
"chr3","151348532","151348661","chr17","2634419","2634540","20","148714113"
"chr3","151352323","151352450","chr15","68934106","68934231","15","82418217"
"chr3","151352741","151352895","chr8","121176665","121176822","29","30176076"
"chr3","151354354","151354426","chrX","25844114","25844186","7","125510240"
"chr3","151354625","151354917","chr10","114297556","114297856","32","37057069"
"chr3","151354929","151355229","chr9","50539951","50540251","34","100814978"
"chr3","151356640","151356815","chr9","52400179","52400345","28","98956461"
"chr3","151359495","151359780","chr1","210802034","210802321","49","59442539"
"chr3","151377028","151377377","chr6","154039033","154039354","78","2662005"
"chr3","151400130","151400225","chr1","6253507","6253596","22","145146623"
"chr3","151400265","151400443","chr6","165364637","165364818","30","13964372"
"chr3","151409399","151409535","chrX","7018216","7018351","13","144391183"
"chr3","151411100","151411396","chr4","39184698","39184992","40","112226402"
"chr3","151423799","151423997","chr4","39174014","39174213","22","112249785"
"chr3","151436775","151437072","chr14","14007750","14008049","51","137429025"
"chr3","151442979","151443138","chr5","138512365","138512523","36","12930614"
"chr3","151445844","151445961","chr6","43435680","43435799","13","108010164"
"chr3","151446910","151447028","chr19","57852055","57852173","9","93594855"
"chr3","151447105","151447381","chr14","87109872","87110141","53","64337233"
"chr3","151453254","151453465","chr1","29505920","29506136","33","121947334"
"chr3","151475300","151475417","chr19","17036512","17036622","25","134438788"
"chr3","151475418","151475706","chr1","180571066","180571357","56","29095648"
"chr3","151475707","151475842","chr11","107651036","107651172","18","43824671"
"chr3","151496737","151497052","chr9","109734146","109734451","42","41762591"
"chr3","151498844","151499132","chr10","85032894","85033191","49","66465950"
"chr3","151550278","151550578","chr19","497912","498205","47","151052366"
"chr3","151553919","151554218","chr6","23131608","23131906","39","128422311"
"chr3","151558436","151558525","chr12","36132223","36132317","21","115426213"
"chr3","151564705","151564852","chr22","16036838","16036985","20","135527867"
"chr3","151564853","151565081","chr4","38990165","38990396","34","112574688"
"chr3","151578453","151578751","chr19","56414489","56414783","32","95163964"
"chr3","151599386","151599680","chr1","94804891","94805182","41","56794495"
"chr3","151612046","151612133","chr17","60194725","60194811","30","91417321"
"chr3","151620162","151620355","chr19","46052124","46052316","29","105568038"
"chr3","151632007","151632264","chr14","76746016","76746273","40","74885991"
"chr3","151635888","151636198","chr10","36459428","36459736","46","115176460"
"chr3","151663627","151663760","chr8","118134000","118134134","10","33529627"
"chr3","151677296","151677608","chr19","8085222","8085532","40","143592074"
"chr3","151686894","151687178","chrX","13559368","13559655","55","138127526"
"chr3","151727199","151727509","chr15","20219439","20219750","45","131507760"
"chr3","151746862","151747154","chr17","23809628","23809926","49","127937234"
"chr3","151747831","151748119","chr15","39369422","39369720","48","112378409"
"chr3","151758942","151759222","chr15","42365103","42365382","55","109393839"
"chr3","151786053","151786249","chr3","118819247","118819444","23","32966806"
"chr3","151790762","151790915","chr1","160302248","160302397","23","8511486"
"chr3","151791206","151791385","chr19","7251575","7251742","29","144539631"
"chr3","151794543","151794677","chr7","132665542","132665677","14","19129001"
"chr3","151794993","151795123","chr9","121318844","121318980","26","30476149"
"chr3","151805811","151805971","chr10","117965413","117965578","24","33840398"
"chr3","151805972","151806266","chr10","29291892","29292182","37","122514080"
"chr3","151822224","151822505","chr5","44063091","44063384","54","107759133"
"chr3","151825356","151825647","chr2B","84319689","84319983","37","67505667"
"chr3","151844036","151844335","chr10","115956895","115957189","42","35887141"
"chr3","151855223","151855525","chr2A","67813928","67814230","36","84041295"
"chr3","151859181","151859509","chrX","97761171","97761494","50","54098010"
"chr3","151870450","151870756","chr8","59274634","59274943","46","92595816"
"chr3","151872653","151872775","chr10","6721061","6721184","19","145151592"
"chr3","151872808","151872977","chr3","70383569","70383743","29","81489239"
"chr3","151878674","151878943","chr5","32739792","32740066","49","119138882"
"chr3","151885374","151885609","chr4","38654258","38654499","38","113231116"
"chr3","151903645","151903955","chr5","63927998","63928305","31","87975647"
"chr3","151911002","151911296","chr8","66691960","66692252","44","85219042"
"chr3","151929421","151929723","chr5","59897733","59898033","32","92031688"
"chr3","151931595","151931878","chr6","154261417","154261698","46","2329822"
"chr3","151956131","151956261","chr6","162472917","162473038","33","10516786"
"chr3","151971240","151971540","chr2A","15843046","15843342","48","136128194"
"chr3","152003789","152003919","chr4","81655302","81655429","24","70348487"
"chr3","152006560","152006695","chr7","76293814","76293948","14","75712746"
"chr3","152006996","152007153","chr1","202667269","202667423","28","50660273"
"chr3","152031493","152031794","chr11","47222402","47222700","41","104809091"
"chr3","152041056","152041355","chr9","114285225","114285528","40","37755831"
"chr3","152061796","152062071","chr17","7150148","7150428","37","144911648"
"chr3","152063305","152063571","chr13","84094882","84095157","47","67968423"
"chr3","152079017","152079326","chr1","36354006","36354302","48","115725011"
"chr3","152080250","152080560","chr1","37764942","37765251","41","114315308"
"chr3","152081016","152081317","chr16","21455029","21455329","46","130625987"
"chr3","152082213","152082516","chr4","71829583","71829886","51","80252630"
"chr3","152111880","152112159","chr6","2755839","2756120","45","149356041"
"chr3","152114319","152114447","chr1","64265288","64265418","16","87849031"
"chr3","152116764","152117051","chrX","44801762","44802052","38","107315002"
"chr3","152122991","152123290","chr5","157691952","157692250","34","5568961"
"chr3","152129027","152129334","chr5","13561494","13561796","40","138567533"
"chr3","152131757","152132061","chr6","91368306","91368613","44","60763451"
"chr3","152154710","152155017","chr4","459155","459458","37","151695555"
"chr3","152179019","152179292","chr9","80745955","80746233","39","71433064"
"chr3","152211288","152211407","chr9","115927781","115927896","17","36283507"
"chr3","152211408","152211715","chr6","72560960","72561265","46","79650448"
"chr3","152211716","152211890","chr10","12369125","12369294","30","139842591"
"chr3","152215282","152215583","chr4","38340347","38340654","44","113874935"
"chr3","152219482","152219566","chr1","109992689","109992768","17","42226793"
"chr3","152228687","152228974","chr3","199504472","199504762","43","47275785"
"chr3","152240971","152241254","chr9","70147376","70147661","42","82093595"
"chr3","152244964","152245271","chr3","157439529","157439831","41","5194565"
"chr3","152253827","152254061","chr1","63148193","63148429","45","89105634"
"chr3","152331167","152331466","chrX","53749092","53749391","44","98582075"
"chr3","152335212","152335501","chr14","83230171","83230460","41","69105041"
"chr3","152359529","152359729","chr9","103936095","103936293","33","48423434"
"chr3","152378275","152378588","chr14","66724857","66725167","48","85653418"
"chr3","152462277","152462577","chr2B","95180622","95180916","47","57281655"
"chr3","152480524","152480835","chr5","40679682","40679983","44","111800842"
"chr3","152483574","152483883","chr14","22381297","22381605","45","130102277"
"chr3","152494700","152494998","chr4","38062674","38062970","44","114432026"
"chr3","152524177","152524285","chr12","65322965","65323064","24","87201212"
"chr3","152524395","152524572","chr5","4152681","4152856","24","148371714"
"chr3","152548267","152548563","chr11","10252629","10252926","45","142295638"
"chr3","152560611","152560909","chr9","108663234","108663527","50","43897377"
"chr3","152561751","152561965","chr1","191933391","191933598","41","39371640"
"chr3","152566756","152567039","chr9","30283665","30283950","32","122283091"
"chr3","152583785","152583997","chr3","187643691","187643909","32","35059906"
"chr3","152612314","152612603","chr4","5612695","5612985","44","146999619"
"chr3","152644040","152644329","chr19","32746578","32746877","59","119897462"
"chr3","152754693","152754995","chr11","108588111","108588411","40","44166582"
"chr3","152784883","152785184","chr7","128372773","128373057","46","24412110"
"chr3","152809718","152810028","chr11","65133925","65134229","40","87675793"
"chr3","152810538","152810828","chr11","61836357","61836645","43","90974181"
"chr3","152851847","152852140","chrX","77518385","77518682","51","75333462"
"chr3","152856541","152856839","chr3","200182905","200183204","44","47326364"
"chr3","152869203","152869452","chr10","36656482","36656733","42","116212721"
"chr3","152901874","152902179","chr2A","5246001","5246302","40","147655873"
"chr3","152910576","152910903","chr12","27535746","27536066","57","125374830"
"chr3","152918498","152918787","chr11","117367595","117367888","41","35550903"
"chr3","152923013","152923319","chr4","37642274","37642585","31","115280739"
"chr3","152924966","152925238","chr1","213834811","213835088","43","60909845"
"chr3","152936170","152936460","chr14","61097634","61097920","43","91838536"
"chr3","152941601","152941927","chr1","41599194","41599515","74","111342407"
"chr3","152941929","152942041","chr19","57724191","57724302","17","95217738"
"chr3","152989639","152989916","chr17","3565869","3566146","51","149423770"
"chr3","152995956","152996237","chr5","66449808","66450081","51","86546148"
"chr3","153000248","153000373","chr8","129275899","129276024","16","23724349"
"chr3","153000407","153000580","chr10","132245824","132245994","27","20754583"
"chr3","153010656","153010765","chr6","85362783","85362893","18","67647873"
"chr3","153031000","153031323","chr5","19875159","19875474","50","133155841"
"chr3","153057143","153057441","chr8","123157788","123158084","44","29899355"
"chr3","153074051","153074341","chr4","37486364","37486646","39","115587687"
"chr3","153083954","153084259","chr6","87830641","87830950","55","65253313"
"chr3","153126549","153126856","chr5","46247961","46248272","39","106878588"
"chr3","153152986","153153279","chr18","18251317","18251608","42","134901669"
"chr3","153156765","153157023","chr6","166938741","166938995","45","13781976"
"chr3","153157282","153157585","chr16","23974494","23974793","46","129182788"
"chr3","153218467","153218771","chr18","45211763","45212066","33","108006704"
"chr3","153242186","153242476","chr3","152581838","152582126","38","660348"
"chr3","153269867","153270163","chrX","24380359","24380659","50","128889508"
"chr3","153284895","153285190","chr6","17679318","17679614","38","135605577"
"chr3","153323100","153323259","chr12","53139012","53139169","21","100184088"
"chr3","153337488","153337604","chr15","38028328","38028443","12","115309160"
"chr3","153397186","153397476","chr4","37152815","37153105","34","116244371"
"chr3","153427878","153428168","chr12","35406225","35406511","57","118021653"
"chr3","153431912","153432197","chr11","66939215","66939510","45","86492697"
"chr3","153438213","153438506","chr4","37107229","37107546","62","116330984"
"chr3","153449292","153449594","chr12","92652799","92653098","43","60796493"
"chr3","153495687","153495995","chr11","72277774","72278074","46","81217913"
"chr3","153641766","153642093","chr6","90069914","90070241","62","63571852"
"chr3","153658215","153658338","chr4","140049459","140049578","19","13608756"
"chr3","153775796","153776088","chr1","171934148","171934438","34","18158352"
"chr3","153791509","153791784","chr10","103909520","103909803","49","49881989"
"chr3","153840165","153840481","chr19","30096344","30096654","50","123743821"
"chr3","153974365","153974641","chr14","51281861","51282140","65","102692504"
"chr3","154019909","154020165","chr1","114044437","114044681","47","39975472"
"chr3","154069152","154069227","chr1","134108359","134108434","14","19960793"
"chr3","154084106","154084391","chr9","13067220","13067500","41","141016886"
"chr3","154084567","154084591","chr13","7677182","7677208","2","146407385"
"chr3","154112375","154112676","chr11","91779556","91779850","48","62332819"
"chr3","154124789","154125072","chr15","30997544","30997834","45","123127245"
"chr3","154154728","154154902","chr11","68039982","68040155","34","86114746"
"chr3","154155181","154155315","chr10","29629252","29629383","26","124525929"
"chr3","154286815","154287092","chrX","31014095","31014389","54","123272720"
"chr3","154311266","154311563","chrX","9155768","9156081","60","145155498"
"chr3","154312798","154313058","chr2B","70334516","70334775","37","83978282"
"chr3","154385547","154385825","chr5","155371472","155371749","38","985925"
"chr3","154429396","154429572","chr10","1417784","1417964","46","153011612"
"chr3","154432065","154432149","chr1","51233542","51233629","14","103198523"
"chr3","154514680","154514947","chr19","36455231","36455497","63","118059449"
"chr3","154520419","154520665","chr1","17662907","17663165","48","136857512"
"chr3","154526842","154527143","chr4","35948095","35948388","51","118578747"
"chr3","154576553","154576844","chr7","75327166","75327468","47","79249387"
"chr3","154586724","154587011","chr1","96166550","96166841","46","58420174"
"chr3","154699403","154699690","chr10","85441432","85441712","44","69257971"
"chr3","154718443","154718731","chr5","14694939","14695228","48","140023504"
"chr3","154820433","154820713","chr3","48054319","48054593","66","106766114"
"chr3","154822522","154822814","chr16","48542111","48542408","41","106280411"
"chr3","154856232","154856387","chr14","61025207","61025361","28","93831025"
"chr3","154882581","154882887","chr9","49419754","49420063","62","105462827"
"chr3","155012582","155012898","chr12","52689665","52689974","55","102322917"
"chr3","155099764","155100065","chr15","63907651","63907948","53","91192113"
"chr3","155465620","155465929","chr1","216487322","216487632","50","61021702"
"chr3","155559781","155559898","chr3","45629081","45629198","21","109930700"
"chr3","155559929","155560106","chr5","59930487","59930657","24","95629442"
"chr3","155778904","155779171","chr8","48907189","48907476","53","106871715"
"chr3","155791777","155791909","chrX","19240655","19240787","16","136551122"
"chr3","155819832","155820141","chr6","152516967","152517275","46","3302865"
"chr3","156033560","156033824","chr7","66164920","66165186","56","89868640"
"chr3","156184558","156184679","chr19","57270139","57270258","20","98914419"
"chr3","156207251","156207536","chrX","132076170","132076455","47","24131081"
"chr3","156215287","156215572","chr9","106799866","106800156","42","49415421"
"chr3","156234616","156234935","chr1","216899282","216899593","55","60664666"
"chr3","156259726","156259882","chr17","5014103","5014267","28","151245623"
"chr3","156266543","156266665","chr3","24011168","24011282","24","132255375"
"chr3","156333836","156334144","chr10","27665927","27666235","45","128667909"
"chr3","156336730","156336845","chr2A","59405040","59405144","29","96931690"
"chr3","156371334","156371438","chr19","52996932","52997036","18","103374402"
"chr3","156480003","156480297","chr5","2973594","2973889","40","153506409"
"chr3","156516877","156517164","chr13","35675027","35675318","47","120841850"
"chr3","156527258","156527449","chr8","140597715","140597899","34","15929543"
"chr3","156529800","156530101","chr11","27197079","27197383","41","129332721"
"chr3","156584640","156584764","chr10","6721061","6721184","22","149863579"
"chr3","156584799","156584947","chr4","62853362","62853516","29","93731437"
"chr3","156631305","156631612","chr4","8184591","8184903","65","148446714"
"chr3","156744324","156744467","chr1","39552944","39553088","24","117191380"
"chr3","156744769","156744878","chr9","92489465","92489580","25","64255304"
"chr3","156759971","156760264","chrX","134266402","134266696","51","22493569"
"chr3","156769333","156769638","chr8","54724297","54724600","31","102045036"
"chr3","156868338","156868618","chr3","138366497","138366776","52","18501841"
"chr3","156919649","156919943","chr3","185043541","185043836","46","28123892"
"chr3","156971732","156972072","chr7","111160310","111160639","57","45811422"
"chr3","157082929","157083278","chr17","801485","801817","61","156281444"
"chr3","157284832","157285100","chr4","166968705","166968980","57","9683873"
"chr3","157300949","157301224","chr2B","50725770","50726046","55","106575179"
"chr3","157626110","157626234","chrX","23325027","23325143","33","134301083"
"chr3","157650024","157650301","chr19","53487153","53487446","56","104162871"
"chr3","157702362","157702505","chr6","141208908","141209041","33","16493454"
"chr3","157908074","157908381","chr1","78849692","78849996","54","79058382"
"chr3","157947445","157947601","chr11","123614622","123614778","27","34332823"
"chr3","157977800","157978094","chr7","141128548","141128831","59","16849252"
"chr3","158027511","158027816","chr7","152799145","152799449","40","5228366"
"chr3","158055824","158056103","chr1","8513682","8513967","45","149542142"
"chr3","158062479","158062527","chr10","41304532","41304582","10","116757947"
"chr3","158151505","158151805","chr4","167328489","167328785","49","9176984"
"chr3","158225962","158226223","chr3","179781249","179781524","61","21555287"
"chr3","158309131","158309431","chrX","18090635","18090935","50","140218496"
"chr3","158448474","158448645","chr5","129845429","129845602","33","28603045"
"chr3","158448935","158449068","chr4","6002392","6002526","21","152446543"
"chr3","158590781","158591082","chr1","20280960","20281258","60","138309821"
"chr3","158610534","158610863","chr4","156881419","156881737","60","1729115"
"chr3","158632046","158632343","chr16","61706961","61707255","36","96925085"
"chr3","158720044","158720286","chr2A","45279385","45279634","51","113440659"
"chr3","158720317","158720336","chr7","140611910","140611926","4","18108407"
"chr3","158729089","158729369","chr15","11698807","11699091","48","147030282"
"chr3","158733429","158733636","chr10","116006844","116007041","53","42726585"
"chr3","158749778","158750055","chr10","132407587","132407868","40","26342191"
"chr3","158784313","158784443","chr10","60326661","60326780","23","98457652"
"chr3","158814008","158814310","chr10","88339146","88339442","56","70474862"
"chr3","159010624","159010685","chr19","413010","413064","13","158597614"
"chr3","159070563","159070692","chr5","123735052","123735181","11","35335511"
"chr3","159103887","159104178","chr3","125068067","125068363","42","34035820"
"chr3","159143988","159144099","chr1","45532853","45532966","14","113611135"
"chr3","159147401","159147709","chr2B","99945275","99945585","49","59202126"
"chr3","159221386","159221677","chr13","1064969","1065265","49","158156417"
"chr3","159406111","159406390","chr4","31144017","31144298","44","128262094"
"chr3","159463237","159463361","chr4","163930931","163931053","17","4467694"
"chr3","159590911","159591217","chr3","115096362","115096667","42","44494549"
"chr3","159628762","159629044","chr5","121864535","121864810","63","37764227"
"chr3","159658069","159658203","chr10","88260104","88260238","31","71397965"
"chr3","159678911","159679215","chr11","120932649","120932956","43","38746262"
"chr3","159713744","159714037","chr17","18084845","18085134","60","141628899"
"chr3","159716760","159717042","chr22","20482604","20482883","72","139234156"
"chr3","159717074","159717125","chr7","5500226","5500267","16","154216848"
"chr3","159732815","159733117","chr12","19070611","19070908","57","140662204"
"chr3","159777443","159777753","chr3","47431958","47432261","50","112345485"
"chr3","159804928","159805202","chr9","102129171","102129443","48","57675757"
"chr3","159873430","159873717","chr20","49328236","49328518","43","110545194"
"chr3","159873760","159873783","chr1","115519149","115519171","4","44354611"
"chr3","159875210","159875489","chr9","113098573","113098861","51","46776637"
"chr3","159882268","159882562","chr8","99334684","99334977","40","60547584"
"chr3","159965651","159965962","chr19","34552561","34552871","51","125413090"
"chr3","160002875","160003142","chr6","11140447","11140717","49","148862428"
"chr3","160151765","160152053","chr1","38634265","38634555","48","121517500"
"chr3","160204374","160204637","chr8","125845946","125846206","53","34358428"
"chr3","160244469","160244775","chr10","106540813","106541110","46","53703656"
"chr3","160277370","160277664","chr4","30283736","30284029","56","129993634"
"chr3","160279928","160280228","chr12","109472207","109472508","51","50807721"
"chr3","160344669","160344959","chrX","77818293","77818574","37","82526376"
"chr3","160392036","160392106","chr4","38333243","38333313","10","122058793"
"chr3","160449097","160449260","chr1","8587610","8587771","32","151861487"
"chr3","160519795","160520018","chr11","74816507","74816729","34","85703288"
"chr3","160587693","160587812","chr10","138947928","138948047","24","21639765"
"chr3","160851637","160851750","chr8","12234001","12234118","13","148617636"
"chr3","161070568","161070710","chr5","46024674","46024826","33","115045894"
"chr3","161142217","161142404","chr14","46497947","46498134","35","114644270"
"chr3","161179633","161179768","chr6","32499391","32499525","22","128680242"
"chr3","161220839","161220962","chr18","29302826","29302949","16","131918013"
"chr3","161284956","161285215","chr11","61991042","61991303","65","99293914"
"chr3","161405204","161405351","chr2B","100801585","100801732","28","60603619"
"chr3","161415822","161416094","chr1","1029861","1030142","52","160385961"
"chr3","161433746","161434052","chr16","61362678","61362982","46","100071068"
"chr3","161436683","161436958","chr10","39666325","39666612","52","121770358"
"chr3","161459874","161460004","chr19","48835135","48835267","18","112624739"
"chr3","161468787","161468925","chr6","36576189","36576324","17","124892598"
"chr3","161469221","161469402","chr10","6301662","6301842","36","155167559"
"chr3","161593508","161593756","chr11","41390565","41390812","49","120202943"
"chr3","161634943","161635083","chr1","39552944","39553088","27","122081999"
"chr3","161635393","161635548","chr12","124897201","124897362","29","36738192"
"chr3","161653960","161654139","chr1","136078748","136078933","44","25575212"
"chr3","161654501","161654621","chr16","10901222","10901339","22","150753279"
"chr3","161727145","161727418","chr7","104929295","104929563","46","56797850"
"chr3","161739267","161739546","chr12","94318279","94318561","46","67420988"
"chr3","161802118","161802382","chr3","72974910","72975173","41","88827208"
"chr3","161832744","161833061","chr15","9044767","9045078","50","152787977"
"chr3","161871190","161871446","chr10","117562073","117562327","51","44309117"
"chr3","161947709","161947919","chr4","28593573","28593792","38","133354136"
"chr3","161952552","161952652","chr1","21123280","21123379","19","140829272"
"chr3","161960411","161960539","chr1","213473838","213473970","14","51513427"
"chr3","161998957","161999097","chr7","67055752","67055897","38","94943205"
"chr3","162015592","162015814","chr10","111278981","111279213","57","50736611"
"chr3","162039964","162040266","chr8","101544594","101544890","38","60495370"
"chr3","162066796","162066870","chrX","38254929","38254998","14","123811867"
"chr3","162197510","162197780","chr4","165163361","165163631","55","2965851"
"chr3","162210108","162210418","chr21","15829527","15829837","43","146380581"
"chr3","162211490","162211781","chrX","119232132","119232423","45","42979358"
"chr3","162225645","162225903","chr4","28304459","28304721","41","133921186"
"chr3","162266025","162266273","chr13","73433757","73434007","44","88832268"
"chr3","162392017","162392324","chr5","46247961","46248272","42","116144056"
"chr3","162453878","162454178","chr9","68503343","68503646","48","93950535"
"chr3","162516555","162516848","chr6","6870624","6870926","48","155645931"
"chr3","162672121","162672330","chr1","32927132","32927338","38","129744989"
"chr3","162719486","162719742","chr13","55206953","55207211","40","107512533"
"chr3","162726221","162726479","chr1","214859297","214859557","51","52133076"
"chr3","162740122","162740426","chr5","37561272","37561566","54","125178850"
"chr3","162809845","162810136","chr6","157699329","157699622","41","5110516"
"chr3","162824010","162824244","chr7","149448999","149449224","47","13375011"
"chr3","163102024","163102192","chrX","48334724","48334885","31","114767300"
"chr3","163102220","163102340","chr17","1070848","1070967","19","162031372"
"chr3","163122083","163122382","chrX","134233458","134233761","45","28888625"
"chr3","163130795","163131025","chr12","12175408","12175634","40","150955387"
"chr3","163161851","163162146","chr5","125844817","125845111","48","37317034"
"chr3","163197350","163197659","chr4","27407393","27407702","45","135789957"
"chr3","163242765","163243063","chr5","43653545","43653844","37","119589220"
"chr3","163269426","163269713","chr20","30792395","30792687","46","132477031"
"chr3","163309006","163309293","chr8","68526858","68527147","49","94782148"
"chr3","163339205","163339287","chr1","179979094","179979172","14","16639889"
"chr3","163339578","163339652","chr3","143814724","143814794","21","19524854"
"chr3","163431160","163431268","chr1","164359318","164359426","20","928158"
"chr3","163488573","163488870","chr4","39028795","39029092","47","124459778"
"chr3","163579236","163579534","chr17","25057895","25058196","52","138521341"
"chr3","163640693","163640990","chr1","156921438","156921735","36","6719255"
"chr3","163648995","163649272","chr17","888730","889009","44","162760265"
"chr3","163669166","163669475","chr5","163479358","163479668","45","189808"
"chr3","163680532","163680807","chr1","11669542","11669828","42","152010990"
"chr3","163768401","163768481","chr10","40355063","40355138","21","123413338"
"chr3","163791186","163791361","chr5","13677783","13677964","41","150113403"
"chr3","163791661","163791791","chr17","16185076","16185200","18","147606585"
"chr3","163794403","163794585","chr15","35722202","35722379","36","128072201"
"chr3","163922094","163922211","chr2A","37342062","37342176","17","126580032"
"chr3","163933246","163933554","chr14","33178461","33178771","43","130754785"
"chr3","163962852","163963151","chr2A","42413678","42413976","43","121549174"
"chr3","163981510","163981811","chr7","44333832","44334136","48","119647678"
"chr3","163982323","163982553","chr12","5189481","5189705","27","158792842"
"chr3","163983120","163983306","chr21","22638055","22638242","28","141345065"
"chr3","164123407","164123705","chr1","36354006","36354302","51","127769401"
"chr3","164142342","164142631","chr13","77437423","77437717","33","86704919"
"chr3","164145384","164145509","chr3","110475246","110475354","24","53670138"
"chr3","164182006","164182158","chr1","26756482","26756638","29","137425524"
"chr3","164191166","164191461","chr5","15224247","15224544","37","148966919"
"chr3","164241906","164242209","chr5","40431660","40431958","53","123810246"
"chr3","164363077","164363375","chr12","133213189","133213490","43","31149888"
"chr3","164409754","164410050","chr11","10425355","10425652","37","153984399"
"chr3","164488072","164488230","chr2A","66746762","66746920","35","97741310"
"chr3","164548663","164548914","chrX","118839599","118839848","33","45709064"
"chr3","164549593","164549790","chr1","24781579","24781777","33","139768014"
"chr3","164556217","164556520","chr12","24397776","24398085","40","140158441"
"chr3","164576756","164577074","chr6","167179521","167179827","50","2602765"
"chr3","164586378","164586667","chr11","121783631","121783915","43","42802747"
"chr3","164626815","164627121","chr1","192200384","192200697","42","27573569"
"chr3","164644208","164644491","chr4","25969458","25969747","46","138674750"
"chr3","164656366","164656661","chr10","11974321","11974614","56","152682045"
"chr3","164667281","164667412","chr12","2950519","2950648","21","161716762"
"chr3","164667719","164667862","chr5","62454577","62454723","30","102213142"
"chr3","164707017","164707262","chr11","119164601","119164837","47","45542416"
"chr3","164713890","164714205","chr3","11517066","11517372","62","153196824"
"chr3","164717038","164717332","chr3","59652126","59652418","38","105064912"
"chr3","164722290","164722471","chr3","1702116","1702300","32","163020174"
"chr3","164723931","164724045","chr6","136451279","136451390","28","28272652"
"chr3","164733746","164733926","chr20","35565904","35566078","33","129167842"
"chr3","164734219","164734350","chr1","26627825","26627960","22","138106394"
"chr3","164741494","164741781","chr2B","64346219","64346507","34","100395275"
"chr3","164743577","164743870","chr4","87903290","87903587","49","76840287"
"chr3","164744949","164745259","chr1","146667786","146668094","43","18077163"
"chr3","164759052","164759359","chr7","111597253","111597555","44","53161799"
"chr3","164759718","164760024","chr9","43202834","43203132","52","121556884"
"chr3","164766614","164766743","chr19","5450830","5450953","18","159315784"
"chr3","164768536","164768851","chr1","216899282","216899593","45","52130746"
"chr3","164780262","164780392","chr3","144299587","144299719","18","20480675"
"chr3","164799677","164799785","chr6","32533953","32534063","20","132265724"
"chr3","164831471","164831778","chr4","183586331","183586630","48","18754860"
"chr3","164834569","164834852","chr9","108643275","108643558","51","56191294"
"chr3","164846131","164846427","chr1","47990866","47991162","48","116855265"
"chr3","164860430","164860550","chr10","60326661","60326780","16","104533769"
"chr3","164870415","164870713","chr5","157179582","157179881","49","7690833"
"chr3","164871933","164872207","chr2A","97364116","97364392","35","67507817"
"chr3","164907005","164907285","chr13","31652707","31653001","44","133254298"
"chr3","164944939","164945184","chr1","203396067","203396313","56","38451128"
"chr3","164962661","164962737","chr19","53246925","53247001","11","111715736"
"chr3","164963030","164963230","chr12","1327019","1327211","35","163636011"
"chr3","164977086","164977380","chr18","59605792","59606088","40","105371294"
"chr3","165032704","165033015","chr3","103786221","103786526","52","61246483"
"chr3","165037799","165038074","chr9","108411388","108411662","41","56626411"
"chr3","165047807","165048113","chr6","43191503","43191810","49","121856304"
"chr3","165072465","165072592","chr4","25547946","25548066","19","139524519"
"chr3","165086337","165086644","chr9","109734146","109734451","39","55352191"
"chr3","165091851","165092137","chr2B","78510271","78510557","47","86581580"
"chr3","165180621","165180925","chr16","17184295","17184599","37","147996326"
"chr3","165205348","165205619","chr4","25419667","25419940","34","139785681"
"chr3","165211595","165211870","chr13","66876195","66876486","53","98335400"
"chr3","165212663","165212961","chrX","41010747","41011042","40","124201916"
"chr3","165214155","165214418","chr1","206531254","206531519","45","41317099"
"chr3","165236686","165236990","chr6","167179521","167179827","36","1942835"
"chr3","165237590","165237877","chr4","124825886","124826177","44","40411704"
"chr3","165240352","165240634","chr1","139828512","139828799","54","25411840"
"chr3","165240939","165241226","chr6","91880875","91881162","39","73360064"
"chr3","165287138","165287435","chr1","16944410","16944709","38","148342728"
"chr3","165289682","165289978","chr13","9716804","9717101","38","155572878"
"chr3","165293909","165294212","chr4","21361861","21362148","47","143932048"
"chr3","165296456","165296756","chr16","31149580","31149882","37","134146876"
"chr3","165301212","165301510","chr1","27413664","27413959","48","137887548"
"chr3","165307935","165308229","chr3","80568027","80568323","42","84739908"
"chr3","165313405","165313702","chr4","140032864","140033163","38","25280541"
"chr3","165313982","165314192","chr12","95335993","95336189","46","69977989"
"chr3","165321128","165321466","chr1","44891521","44891848","72","120429607"
"chr3","165322126","165322435","chr13","55520619","55520922","54","109801507"
"chr3","165325066","165325366","chrX","43689132","43689430","40","121635934"
"chr3","165331418","165331718","chr1","27413664","27413959","38","137917754"
"chr3","165338271","165338564","chr3","80568027","80568323","42","84770244"
"chr3","165350422","165350757","chr7","76619423","76619736","74","88730999"
"chr3","165351426","165351735","chr13","55520619","55520922","52","109830807"
"chr3","165353291","165353389","chr7","152245399","152245497","13","13107892"
"chr3","165353900","165354212","chr6","37361889","37362199","51","127992011"
"chr3","165356495","165356616","chr6","127178426","127178554","38","38178069"
"chr3","165364822","165365135","chr3","155273603","155273913","43","10091219"
"chr3","165365258","165365430","chr7","44547499","44547669","23","120817759"
"chr3","165377355","165377591","chr19","44295509","44295759","50","121081846"
"chr3","165385924","165386222","chr15","63907651","63907948","38","101478273"
"chr3","165386698","165386818","chr8","51673382","51673503","17","113713316"
"chr3","165406501","165406631","chr15","51357107","51357241","17","114049394"
"chr3","165416626","165416786","chr10","112255084","112255248","31","53161542"
"chr3","165418431","165418538","chr18","56566096","56566206","14","108852335"
"chr3","165422365","165422662","chr12","95388063","95388366","41","70034302"
"chr3","165425299","165425580","chr8","95395690","95395985","51","70029609"
"chr3","165434132","165434425","chr3","109414540","109414837","41","56019592"
"chr3","165442407","165442699","chr3","59476033","59476318","50","105966374"
"chr3","165454479","165454740","chr15","64699251","64699517","52","100755228"
"chr3","165462145","165462386","chr15","64699251","64699517","66","100762894"
"chr3","165464201","165464322","chr7","106535564","106535662","42","58928637"
"chr3","165481196","165481349","chr1","15743139","15743278","31","149738057"
"chr3","165481581","165481745","chr1","168892872","168893035","27","3411291"
"chr3","165482111","165482404","chr12","108681763","108682056","44","56800348"
"chr3","165483855","165484014","chr3","48456332","48456492","28","117027523"
"chr3","165486395","165486713","chr21","22753774","22754086","68","142732621"
"chr3","165501846","165501957","chr6","32533953","32534063","20","132967893"
"chr3","165504388","165504557","chr4","25201998","25202162","19","140302390"
"chr3","165507300","165507610","chr12","29313312","29313621","44","136193988"
"chr3","165508116","165508406","chr12","37399418","37399712","45","128108698"
"chr3","165508512","165508612","chrX","22026438","22026538","7","143482074"
"chr3","165509880","165510216","chr19","7241448","7241796","72","158268432"
"chr3","165512380","165512640","chr9","104540818","104541098","51","60971562"
"chr3","165524381","165524661","chr6","36657947","36658229","50","128866434"
"chr3","165527512","165527645","chr10","146653009","146653142","15","18874503"
"chr3","165527966","165528147","chr12","118553868","118554049","31","46974098"
"chr3","165534593","165534864","chr19","12402157","12402431","52","153132436"
"chr3","165545520","165545819","chr3","185043541","185043836","36","19498021"
"chr3","165549368","165549657","chr1","41603051","41603342","50","123946317"
"chr3","165550135","165550431","chr3","199749798","199750096","39","34199663"
"chr3","165552826","165552996","chr1","15810713","15810878","31","149742113"
"chr3","165553298","165553445","chr3","164213566","164213703","40","1339732"
"chr3","165554147","165554439","chr3","188474421","188474704","50","22920274"
"chr3","165557253","165557561","chr7","54728463","54728770","50","110828790"
"chr3","165558220","165558325","chr2B","17197643","17197757","18","148360577"
"chr3","165560719","165560792","chr1","125545120","125545186","17","40015599"
"chr3","165567555","165567847","chr6","45713778","45714072","40","119853777"
"chr3","165568406","165568708","chr14","723737","724031","64","164844669"
"chr3","165570933","165571195","chr18","20916166","20916428","41","144654767"
"chr3","165573400","165573672","chr5","36131802","36132091","60","129441598"
"chr3","165573902","165574198","chr8","101544594","101544890","36","64029308"
"chr3","165578117","165578412","chr6","28537857","28538151","38","137040260"
"chr3","165587917","165588222","chr4","87466461","87466762","37","78121456"
"chr3","165589457","165589747","chr7","25237099","25237387","47","140352358"
"chr3","165633577","165633609","chr2A","35734224","35734257","5","129899353"
"chr3","165633893","165634050","chr18","18577424","18577586","27","147056469"
"chr3","165639680","165639991","chr1","16812639","16812946","49","148827041"
"chr3","165642972","165643210","chr9","63500002","63500237","36","102142970"
"chr3","165651212","165651508","chr4","25070184","25070476","39","140581028"
"chr3","165653571","165653785","chr10","41809031","41809258","50","123844540"
"chr3","165662942","165663108","chr5","25014715","25014877","45","140648227"
"chr3","165663361","165663494","chr1","168543967","168544101","36","2880606"
"chr3","165669573","165669858","chr1","212745117","212745410","45","47075544"
"chr3","165678166","165678182","chr1","39256783","39256799","3","126421383"
"chr3","165678217","165678503","chr16","23567603","23567891","46","142110614"
"chr3","165792877","165793091","chr9","79969024","79969232","38","85823853"
"chr3","165793193","165793491","chr3","189017179","189017480","45","23223986"
"chr3","165795222","165795553","chr10","39731419","39731722","60","126063803"
"chr3","165840018","165840241","chr3","54378596","54378817","38","111461422"
"chr3","165850427","165850693","chr3","150424649","150424918","43","15425778"
"chr3","165875645","165875932","chr7","101346137","101346428","47","64529508"
"chr3","165877590","165877886","chr10","39740856","39741148","35","126136734"
"chr3","165926437","165926712","chr7","41267493","41267785","53","124658944"
"chr3","165986847","165986951","chr3","189912177","189912280","15","23925330"
"chr3","165987387","165987673","chr5","158745419","158745710","43","7241968"
"chr3","165991328","165991588","chr9","43565314","43565570","49","122426014"
"chr3","166000203","166000309","chr11","46907000","46907106","12","119093203"
"chr3","166029160","166029435","chr3","184635233","184635507","42","18606073"
"chr3","166118053","166118348","chr19","88898","89193","42","166029155"
"chr3","166169228","166169491","chr5","5393559","5393824","49","160775669"
"chr3","166228855","166229139","chrX","91199993","91200279","41","75028862"
"chr3","166263099","166263395","chr3","109414540","109414837","47","56848559"
"chr3","166277396","166277701","chr1","14560563","14560867","35","151716833"
"chr3","166286013","166286319","chrX","133639682","133639989","40","32646331"
"chr3","166288016","166288130","chr7","50743927","50744040","23","115544089"
"chr3","166308044","166308346","chr3","51743037","51743340","44","114565007"
"chr3","166322621","166322850","chr1","32667499","32667739","45","133655122"
"chr3","166354278","166354350","chr6","16184191","16184263","10","150170087"
"chr3","166361204","166361494","chr7","148982462","148982749","46","17378742"
"chr3","166403520","166403799","chr6","30294920","30295204","48","136108600"
"chr3","166441098","166441312","chr18","55065044","55065261","27","111376054"
"chr3","166488930","166489099","chr1","209204341","209204509","29","42715411"
"chr3","166500320","166500490","chr1","158656611","158656779","20","7843709"
"chr3","166500536","166500656","chr6","43908449","43908573","22","122592087"
"chr3","166501996","166502291","chr12","11955253","11955548","47","154546743"
"chr3","166504510","166504818","chrX","101172844","101173154","41","65331666"
"chr3","166506364","166506495","chr1","17226399","17226532","18","149279965"
"chr3","166510524","166510848","chr5","162648722","162649033","47","3861802"
"chr3","166516416","166516722","chr1","93992578","93992879","49","72523838"
"chr3","166592285","166592447","chr17","16876913","16877073","27","149715372"
"chr3","166593283","166593598","chr3","45235390","45235695","54","121357893"
"chr3","166612370","166612590","chr1","114065071","114065292","43","52547299"
"chr3","166648139","166648422","chr18","46647712","46647999","48","120000427"
"chr3","166664659","166664953","chr6","147551966","147552260","37","19112693"
"chr3","166675520","166675607","chrX","71355107","71355196","13","95320413"
"chr3","166717669","166717796","chr5","161161762","161161894","21","5555907"
"chr3","166731008","166731289","chr1","130632478","130632756","56","36098530"
"chr3","166783456","166783739","chr12","116119425","116119707","52","50664031"
"chr3","166807678","166807978","chr7","586271","586571","35","166221407"
"chr3","166813232","166813309","chr15","47453759","47453835","18","119359473"
"chr3","166912053","166912343","chrX","41839828","41840124","47","125072225"
"chr3","166947082","166947394","chr4","23792437","23792749","39","143154645"
"chr3","166993144","166993226","chr20","565630","565707","16","166427514"
"chr3","167070617","167070921","chr2B","89226992","89227293","43","77843625"
"chr3","167088234","167088545","chr10","112297321","112297630","43","54790913"
"chr3","167122482","167122760","chr6","75611850","75612132","42","91510632"
"chr3","167177248","167177542","chr20","48088921","48089222","51","119088327"
"chr3","167238771","167238900","chr1","46966654","46966781","18","120272117"
"chr3","167250729","167251018","chr1","157862941","157863238","39","9387788"
"chr3","167268328","167268611","chrX","132971523","132971812","47","34296805"
"chr3","167309040","167309329","chr4","23441024","23441318","36","143868016"
"chr3","167310182","167310486","chr11","65939624","65939925","40","101370558"
"chr3","167346534","167346760","chr1","206005436","206005660","42","38658902"
"chr3","167386949","167386969","chr17","78079624","78079646","3","89307325"
"chr3","167387037","167387331","chr5","5751225","5751507","51","161635812"
"chr3","167394015","167394297","chr21","32736552","32736830","50","134657463"
"chr3","167408146","167408398","chr1","223973086","223973326","59","56564940"
"chr3","167584868","167585167","chr4","110248134","110248433","46","57336734"
"chr3","167590759","167591065","chr2B","133022384","133022683","40","34568375"
"chr3","167596669","167596990","chr8","24352605","24352915","44","143244064"
"chr3","167618725","167618883","chr7","62486171","62486332","22","105132554"
"chr3","167644277","167644557","chr19","7380576","7380849","61","160263701"
"chr3","167673280","167673573","chr1","162549420","162549710","49","5123860"
"chr3","167731230","167731514","chr7","76999096","76999379","45","90732134"
"chr3","167796967","167797280","chr19","3556646","3556952","60","164240321"
"chr3","167902160","167902434","chr3","48166508","48166786","65","119735652"
"chr3","167902457","167902470","chr4","37998407","37998420","2","129904050"
"chr3","167930608","167930912","chr8","27222069","27222366","50","140708539"
"chr3","168037769","168037882","chr12","75777039","75777153","13","92260730"
"chr3","168067245","168067550","chr9","113723652","113723953","45","54343593"
"chr3","168146392","168146540","chr15","3215741","3215888","23","164930651"
"chr3","168146712","168147003","chr3","187650838","187651127","51","19504126"
"chr3","168154870","168155186","chr9","14579200","14579501","57","153575670"
"chr3","168267463","168267767","chr8","9756252","9756551","43","158511211"
"chr3","168283679","168283960","chr9","13807793","13808081","46","154475886"
"chr3","168305609","168305840","chr1","53466878","53467112","36","114838731"
"chr3","168537243","168537546","chr1","53181446","53181757","61","115355797"
"chr3","168539349","168539659","chr9","114191687","114191982","55","54347662"
"chr3","168595802","168596089","chr14","42019393","42019680","47","126576409"
"chr3","168628659","168628730","chr15","38349206","38349276","12","130279453"
"chr3","168643853","168644143","chr1","156921438","156921735","45","11722415"
"chr3","168644711","168645012","chr4","411290","411591","40","168233421"
"chr3","168713250","168713548","chr5","82406794","82407087","56","86306456"
"chr3","168732101","168732406","chr4","22023402","22023699","51","146708699"
"chr3","168732993","168733288","chr15","37772074","37772368","40","130960919"
"chr3","168790470","168790733","chr16","4881191","4881463","47","163909279"
"chr3","168841661","168841901","chr2A","32884262","32884496","41","135957399"
"chr3","169099776","169099912","chr9","30441930","30442065","16","138657846"
"chr3","169197325","169197641","chr9","109205687","109206002","56","59991638"
"chr3","169285917","169286211","chr4","21520050","21520359","46","147765867"
"chr3","169312572","169312878","chr7","16571749","16572052","52","152740823"
"chr3","169438008","169438305","chr7","74241541","74241834","44","95196467"
"chr3","169440189","169440506","chr20","58391894","58392202","58","111048295"
"chr3","169485722","169486037","chr6","37361889","37362199","46","132123833"
"chr3","169538697","169539007","chr11","65555694","65556002","41","103983003"
"chr3","169577419","169577541","chr12","123388363","123388482","20","46189056"
"chr3","169577595","169577740","chr5","19035460","19035601","32","150542135"
"chr3","169589859","169590066","chr6","110411612","110411810","45","59178247"
"chr3","169616043","169616156","chr2B","100588628","100588741","11","69027415"
"chr3","169629031","169629307","chr6","31514741","31515014","62","138114290"
"chr3","169635842","169636061","chr1","51953422","51953648","48","117682420"
"chr3","169679981","169680269","chr6","148427158","148427456","46","21252823"
"chr3","169696233","169696505","chr5","110541106","110541389","40","59155127"
"chr3","169712606","169712786","chr11","61842740","61842927","28","107869866"
"chr3","169712886","169712991","chr18","6162756","6162861","9","163550130"
"chr3","169754718","169755012","chr13","12900713","12901005","44","156854005"
"chr3","169843596","169843820","chr13","20496419","20496630","59","149347177"
"chr3","169872084","169872275","chr5","47012223","47012413","38","122859861"
"chr3","169872283","169872347","chr1","9641913","9641986","19","160230370"
"chr3","169908700","169908768","chr3","131817705","131817761","21","38090995"
"chr3","169917810","169917961","chr19","35855675","35855829","33","134062135"
"chr3","169944832","169945123","chr5","117742995","117743288","54","52201837"
"chr3","169974349","169974633","chr15","30209361","30209650","44","139764988"
"chr3","170034254","170034556","chr6","43361957","43362257","36","126672297"
"chr3","170061843","170061926","chr4","124100503","124100587","10","45961340"
"chr3","170070600","170070905","chr10","143023853","143024153","55","27046747"
"chr3","170103434","170103722","chr1","207941442","207941741","66","37838008"
"chr3","170104139","170104236","chr14","68772219","68772335","30","101331920"
"chr3","170104261","170104426","chr1","9731850","9732016","26","160372411"
"chr3","170146891","170147193","chr2B","111297446","111297743","46","58849445"
"chr3","170155954","170156253","chr9","70101046","70101349","42","100054908"
"chr3","170221343","170221612","chr7","77910456","77910727","44","92310887"
"chr3","170227804","170227972","chrX","90587661","90587827","31","79640143"
"chr3","170307209","170307494","chr6","153856602","153856885","46","16450607"
"chr3","170357611","170357901","chr2B","126041374","126041657","44","44316237"
"chr3","170408733","170409034","chr6","32337999","32338298","45","138070734"
"chr3","170415179","170415310","chr12","75952105","75952237","18","94463074"
"chr3","170427883","170428107","chr15","29132948","29133173","45","141294935"
"chr3","170436852","170437140","chr19","22683355","22683651","53","147753497"
"chr3","170478788","170478938","chr9","13304944","13305095","24","157173844"
"chr3","170479247","170479382","chr10","29950124","29950255","20","140529123"
"chr3","170483624","170483923","chr11","56648134","56648436","37","113835490"
"chr3","170517316","170517603","chr1","188617510","188617804","44","18100194"
"chr3","170613894","170614127","chr3","44367572","44367795","50","126246322"
"chr3","170744217","170744406","chr3","67193046","67193226","32","103551171"
"chr3","170814958","170815078","chr8","35302517","35302636","16","135512441"
"chr3","170815119","170815278","chrX","52096827","52096988","27","118718292"
"chr3","170861286","170861560","chr16","78547115","78547386","40","92314171"
"chr3","170880118","170880428","chr9","34622433","34622739","45","136257685"
"chr3","170895977","170896125","chr4","1095154","1095303","30","169800823"
"chr3","170909746","170909821","chr12","125107775","125107849","22","45801971"
"chr3","170910113","170910326","chr8","48033245","48033453","66","122876868"
"chr3","170944737","170945025","chr17","41941348","41941633","41","129003389"
"chr3","170990130","170990455","chrX","101069175","101069496","49","69920955"
"chr3","170991699","170991830","chr1","71393655","71393787","14","99598044"
"chr3","170996467","170996765","chr9","104384316","104384616","50","66612151"
"chr3","171100459","171100712","chr12","116968176","116968434","43","54132283"
"chr3","171148097","171148379","chr5","133146837","133147127","44","38001260"
"chr3","171160091","171160371","chr8","100633873","100634155","41","70526218"
"chr3","171204315","171204615","chrX","52242752","52243059","69","118961563"
"chr3","171215173","171215473","chr4","19579496","19579798","47","151635677"
"chr3","171260573","171260834","chr12","95422751","95423008","64","75837822"
"chr3","171261216","171261247","chr1","135794513","135794545","8","35466703"
"chr3","171278153","171278379","chr6","22531033","22531259","34","148747120"
"chr3","171418539","171418681","chr3","39406104","39406247","20","132012435"
"chr3","171418975","171419148","chr7","75581469","75581642","31","95837506"
"chr3","171572358","171572635","chr16","78547115","78547386","51","93025243"
"chr3","171595778","171596077","chr5","138305233","138305529","51","33290545"
"chr3","171608956","171609245","chr8","48946739","48947034","43","122662217"
"chr3","171659193","171659475","chr11","89611524","89611808","48","82047669"
"chr3","171673923","171674243","chr2A","74342316","74342632","49","97331607"
"chr3","171692591","171692935","chr2B","30436806","30437143","68","141255785"
"chr3","171721245","171721545","chr1","40178945","40179250","49","131542300"
"chr3","171734669","171734962","chr6","2250322","2250619","49","169484347"
"chr3","171749714","171750004","chr6","87890572","87890863","46","83859142"
"chr3","171787046","171787338","chr9","120149424","120149721","56","51637622"
"chr3","171919891","171920029","chr12","47603857","47604000","22","124316034"
"chr3","171920067","171920188","chr16","12680564","12680687","17","159239503"
"chr3","172052002","172052288","chr6","48058765","48059050","38","123993237"
"chr3","172096645","172096769","chr15","18812412","18812537","21","153284233"
"chr3","172096799","172096968","chr14","58908447","58908623","32","113188352"
"chr3","172189478","172189768","chr16","29414998","29415289","47","142774480"
"chr3","172279967","172280260","chr4","18494033","18494325","51","153785934"
"chr3","172292527","172292826","chr6","155429797","155430096","52","16862730"
"chr3","172376518","172376827","chr18","39166423","39166734","42","133210095"
"chr3","172403443","172403667","chr7","29988245","29988465","47","142415198"
"chr3","172404432","172404525","chr10","90575089","90575180","9","81829343"
"chr3","172410170","172410468","chr9","44389252","44389551","43","128020918"
"chr3","172440629","172440931","chrX","74727661","74727965","37","97712968"
"chr3","172511952","172512234","chr11","44301822","44302106","50","128210130"
"chr3","172539027","172539212","chr20","42597993","42598186","40","129941034"
"chr3","172544322","172544619","chr4","124359555","124359819","67","48184767"
"chr3","172651668","172651959","chr19","23412847","23413137","49","149238821"
"chr3","172843610","172843878","chr9","35669290","35669566","45","137174320"
"chr3","172856812","172857084","chr6","45116904","45117166","50","127739908"
"chr3","173052667","173052937","chrX","40350053","40350328","48","132702614"
"chr3","173093229","173093460","chr4","17739394","17739629","31","155353835"
"chr3","173117537","173117833","chr6","7503535","7503831","46","165614002"
"chr3","173133172","173133466","chr8","82894963","82895258","32","90238209"
"chr3","173263680","173263754","chr8","18360509","18360579","16","154903171"
"chr3","173303116","173303434","chr13","25659370","25659659","72","147643746"
"chr3","173310818","173311132","chr20","45159751","45160062","56","128151067"
"chr3","173316963","173317091","chr12","98738459","98738590","18","74578504"
"chr3","173395608","173395826","chr16","40365856","40366079","38","133029752"
"chr3","173413271","173413557","chrX","38469404","38469691","40","134943867"
"chr3","173436904","173437055","chr16","16133451","16133584","57","157303453"
"chr3","173474304","173474559","chr6","113026302","113026560","45","60448002"
"chr3","173501590","173501847","chr7","28192762","28193023","38","145308828"
"chr3","173508372","173508660","chr5","428326","428611","47","173080046"
"chr3","173509711","173509935","chr10","31826517","31826744","32","141683194"
"chr3","173518254","173518437","chr1","38128287","38128467","35","135389967"
"chr3","173518461","173518562","chrX","71258182","71258280","14","102260279"
"chr3","173540970","173541271","chr2B","115121862","115122160","38","58419108"
"chr3","173542867","173543160","chr1","44545584","44545876","36","128997283"
"chr3","173553806","173554056","chr4","17308170","17308420","40","156245636"
"chr3","173564592","173564879","chr19","18189585","18189884","40","155375007"
"chr3","173569530","173569825","chr5","22430270","22430566","30","151139260"
"chr3","173570736","173570757","chr9","65726355","65726377","6","107844381"
"chr3","173571069","173571329","chr20","50639093","50639356","63","122931976"
"chr3","173614129","173614425","chr9","64581038","64581336","43","109033091"
"chr3","173644382","173644684","chr1","24035438","24035741","43","149608944"
"chr3","173700938","173701231","chr4","193590035","193590324","40","19889097"
"chr3","173701760","173701988","chr7","4863676","4863906","40","168838084"
"chr3","173701991","173702116","chr3","183956795","183956926","18","10254804"
"chr3","173706838","173707008","chr8","52412301","52412477","24","121294537"
"chr3","173710740","173710818","chr20","35713075","35713158","12","137997665"
"chr3","173736555","173736835","chrX","154613046","154613335","44","19123509"
"chr3","173738222","173738315","chr8","125626956","125627053","25","48111266"
"chr3","173796516","173796622","chr14","88983738","88983845","25","84812778"
"chr3","173823442","173823754","chr8","77654380","77654689","43","96169062"
"chr3","173829537","173829745","chr2A","17686851","17687053","29","156142686"
"chr3","173830116","173830200","chr4","104626800","104626888","18","69203316"
"chr3","173830366","173830657","chrX","36383999","36384295","31","137446367"
"chr3","173842850","173843070","chr17","57183384","57183600","29","116659466"
"chr3","173858434","173858742","chr5","160873412","160873720","49","12985022"
"chr3","173874253","173874556","chr6","6870624","6870926","50","167003629"
"chr3","173916534","173916838","chr1","11858163","11858459","59","162058371"
"chr3","173919664","173919965","chr9","114191687","114191982","43","59727977"
"chr3","173923825","173923957","chr4","16920574","16920706","16","157003251"
"chr3","173942074","173942349","chr10","40853683","40853963","50","133088391"
"chr3","173955235","173955538","chr13","14081660","14081960","46","159873575"
"chr3","173967067","173967356","chr19","40053482","40053770","52","133913585"
"chr3","173979504","173979817","chr10","40941591","40941896","43","133037913"
"chr3","174023771","174024081","chr7","144397034","144397339","45","29626737"
"chr3","174040511","174040815","chr13","91866850","91867150","44","82173661"
"chr3","174196134","174196421","chr5","20802177","20802467","45","153393957"
"chr3","174274764","174275065","chr4","37262231","37262531","47","137012533"
"chr3","174305289","174305596","chr12","29931756","29932067","42","144373533"
"chr3","174349188","174349482","chr4","16487048","16487347","44","157862140"
"chr3","174381716","174381976","chr19","12350250","12350513","51","162031466"
"chr3","174416832","174417099","chr4","16433266","16433549","41","157983566"
"chr3","174420362","174420642","chr6","10894936","10895217","40","163525426"
"chr3","174425288","174425508","chr13","17683067","17683277","59","156742221"
"chr3","174425817","174425952","chr14","45167827","45167959","17","129257990"
"chr3","174446443","174446747","chr7","72979676","72979977","36","101466767"
"chr3","174483820","174484116","chr5","24372432","24372725","34","150111388"
"chr3","174515836","174516121","chr3","143654055","143654338","53","30861781"
"chr3","174572700","174572834","chr3","8501615","8501750","14","166071085"
"chr3","174573129","174573304","chr5","25351603","25351772","25","149221526"
"chr3","174645472","174645695","chr4","9062780","9062999","47","165582692"
"chr3","174889593","174889699","chr1","88137563","88137669","16","86752030"
"chr3","174889761","174889919","chr3","190145156","190145312","43","15255395"
"chr3","174928391","174928701","chr4","15935105","15935415","46","158993286"
"chr3","174933727","174934010","chr5","62241678","62241965","48","112692049"
"chr3","174959006","174959122","chr3","199125433","199125546","21","24166427"
"chr3","175026769","175027059","chr4","15830444","15830739","49","159196325"
"chr3","175033215","175033511","chr16","72995351","72995647","46","102037864"
"chr3","175072828","175073117","chr7","73094896","73095187","46","101977932"
"chr3","175090803","175091138","chr13","10907321","10907640","85","164183482"
"chr3","175151754","175152050","chr11","70727483","70727776","45","104424271"
"chr3","175160970","175161061","chr14","23880117","23880209","14","151280853"
"chr3","175161584","175161807","chr5","126281723","126281947","35","48879861"
"chr3","175210973","175211099","chr14","57470065","57470195","24","117740908"
"chr3","175211127","175211314","chr1","203553629","203553809","30","28342502"
"chr3","175273387","175273696","chr1","51448493","51448801","50","123824894"
"chr3","175278727","175279021","chr11","107357367","107357665","47","67921360"
"chr3","175283688","175283947","chr4","15578326","15578581","42","159705362"
"chr3","175305382","175305634","chr4","186137304","186137556","39","10831922"
"chr3","175350583","175350876","chr11","117367595","117367888","40","57982988"
"chr3","175351824","175352117","chrX","136109691","136109977","44","39242133"
"chr3","175386217","175386516","chr8","107072057","107072352","45","68314160"
"chr3","175420405","175420709","chr8","35769647","35769939","48","139650758"
"chr3","175509261","175509429","chr2B","25630013","25630178","24","149879248"
"chr3","175621659","175621973","chr3","46381852","46382163","52","129239807"
"chr3","175664341","175664619","chr3","179781249","179781524","37","4116908"
"chr3","175669046","175669333","chr1","46642737","46643025","37","129026309"
"chr3","175715421","175715723","chr15","27426941","27427242","63","148288480"
"chr3","175727810","175728047","chr5","2667322","2667555","63","173060488"
"chr3","175765389","175765681","chr5","140816521","140816820","51","34948868"
"chr3","175818734","175819015","chr2A","77749806","77750091","39","98068928"
"chr3","175826703","175826836","chr1","214134294","214134424","26","38307591"
"chr3","175856361","175856657","chr8","94615815","94616114","43","81240546"
"chr3","175870433","175870741","chr4","14988466","14988766","57","160881967"
"chr3","175933921","175934216","chr3","182319983","182320279","40","6386062"
"chr3","176103421","176103721","chr12","29597428","29597726","42","146505993"
"chr3","176157180","176157486","chr3","100098684","100098989","60","76058496"
"chr3","176477948","176478116","chr15","51640692","51640861","22","124837256"
"chr3","176496714","176497019","chr1","196253747","196254053","47","19757033"
"chr3","176515466","176515736","chr7","65126332","65126609","46","111389134"
"chr3","176517225","176517461","chr4","14265009","14265246","30","162252216"
"chr3","176618053","176618357","chrX","18589815","18590117","46","158028238"
"chr3","176650519","176650646","chr3","147478265","147478392","22","29172254"
"chr3","176650671","176650857","chr19","2172590","2172768","38","174478081"
"chr3","176742332","176742377","chr20","44638289","44638339","11","132104043"
"chr3","176742516","176742577","chrX","154493416","154493482","17","22249100"
"chr3","176746680","176746959","chr5","30036297","30036578","38","146710383"
"chr3","176781372","176781654","chr3","190276346","190276640","46","13494974"
"chr3","176905358","176905457","chr2B","83030208","83030305","13","93875150"
"chr3","176930657","176930967","chr7","139963807","139964112","49","36966850"
"chr3","177023903","177024049","chr12","122569926","122570075","33","54453977"
"chr3","177024055","177024358","chr8","9756252","9756551","52","167267803"
"chr3","177146404","177146692","chr3","188602198","188602488","51","11455794"
"chr3","177151763","177152031","chr6","116493840","116494099","51","60657923"
"chr3","177214703","177214824","chr13","78178463","78178581","17","99036240"
"chr3","177214863","177215012","chr8","74430227","74430378","22","102784636"
"chr3","177255659","177255673","chr9","55862814","55862829","2","121392845"
"chr3","177255954","177256154","chr14","14415770","14415972","55","162840184"
"chr3","177399913","177400217","chr2B","117097111","117097418","49","60302802"
"chr3","177483277","177483566","chr1","9349580","9349878","44","168133697"
"chr3","177707876","177708110","chr19","13343619","13343853","30","164364257"
"chr3","177714561","177714827","chrX","18875176","18875442","48","158839385"
"chr3","177766034","177766329","chr5","45914070","45914364","47","131851964"
"chr3","177875520","177875830","chrX","18188829","18189132","43","159686691"
"chr3","177896057","177896142","chr21","18943290","18943367","24","158952767"
"chr3","177908529","177908819","chr8","77763207","77763488","48","100145322"
"chr3","178043248","178043553","chr4","12684749","12685038","59","165358499"
"chr3","178062112","178062401","chr22","24533910","24534201","45","153528202"
"chr3","178180109","178180372","chr10","17481907","17482175","63","160698202"
"chr3","178217976","178218098","chr10","6721061","6721184","18","171496915"
"chr3","178218130","178218299","chr8","93045191","93045352","40","85172939"
"chr3","178318204","178318508","chrX","49238016","49238318","55","129080188"
"chr3","178347776","178347917","chr11","71190673","71190820","26","107157103"
"chr3","178355415","178355672","chr4","12406877","12407138","36","165948538"
"chr3","178423871","178424157","chr6","14190110","14190393","48","164233761"
"chr3","178503316","178503599","chr2B","117463673","117463961","48","61039643"
"chr3","178564225","178564527","chr1","208810920","208811217","55","30246695"
"chr3","178658344","178658627","chr21","27277676","27277957","35","151380668"
"chr3","178664141","178664419","chr4","5612695","5612985","45","173051446"
"chr3","178739808","178739898","chr10","101103859","101103947","21","77635949"
"chr3","178740845","178741153","chr3","136026262","136026573","48","42714583"
"chr3","178750560","178750845","chr4","124825886","124826177","57","53924674"
"chr3","178782234","178782347","chr1","213474299","213474414","19","34692065"
"chr3","178812002","178812141","chrX","41945535","41945676","23","136866467"
"chr3","178840984","178841294","chr4","11920261","11920564","48","166920723"
"chr3","178899190","178899441","chr1","129339709","129339963","46","49559481"
"chr3","178915452","178915756","chr2B","8672860","8673162","51","170242592"
"chr3","178927239","178927361","chr7","111180017","111180141","17","67747222"
"chr3","178927529","178927626","chr3","161211314","161211411","16","17716215"
"chr3","179003331","179003628","chr1","15888633","15888931","52","163114698"
"chr3","179171553","179171570","chr10","135423664","135423682","1","43747889"
"chr3","179171752","179172043","chr2B","18582242","18582529","47","160589510"
"chr3","179227865","179228039","chr7","2416248","2416416","29","176811617"
"chr3","179240349","179240648","chr1","36255390","36255687","55","142984959"
"chr3","179296489","179296608","chr22","24608490","24608609","24","154687999"
"chr3","179338057","179338127","chr10","111853069","111853141","19","67484988"
"chr3","179338441","179338641","chr9","74819531","74819730","29","104518910"
"chr3","179533712","179533724","chr16","4512150","4512163","1","175021562"
"chr3","179533755","179534027","chr8","10594877","10595156","47","168938878"
"chr3","179553402","179553682","chr3","54121779","54122063","51","125431623"
"chr3","179611776","179611982","chr22","3957364","3957568","34","175654412"
"chr3","179724129","179724272","chr3","186617776","186617913","19","6893647"
"chr3","179766571","179766651","chr1","87208187","87208269","22","92558384"
"chr3","179806034","179806339","chr18","28597787","28598085","42","151208247"
"chr3","179808534","179808827","chr1","68400871","68401164","43","111407663"
"chr3","179826373","179826495","chr2B","117107704","117107813","30","62718669"
"chr3","179870509","179870625","chr19","1335268","1335385","15","178535241"
"chr3","179893952","179894245","chr5","45914070","45914364","35","133979882"
"chr3","179907097","179907377","chr12","109868590","109868882","47","70038507"
"chr3","179934542","179934618","chr7","129899501","129899579","16","50035041"
"chr3","179934916","179935135","chr11","83999789","84000000","44","95935127"
"chr3","179986464","179986755","chr3","152974836","152975129","43","27011628"
"chr3","180134230","180134537","chr2B","100929351","100929648","49","79204879"
"chr3","180136113","180136261","chr6","23011467","23011623","43","157124646"
"chr3","180217560","180217819","chr11","31626856","31627113","63","148590704"
"chr3","180218444","180218730","chr16","38941917","38942197","53","141276527"
"chr3","180360351","180360658","chr6","37361889","37362199","57","142998462"
"chr3","180366395","180366706","chr13","82937932","82938242","46","97428463"
"chr3","180429321","180429627","chr2B","64333675","64333976","38","116095646"
"chr3","180453522","180453684","chr3","60673683","60673846","30","119779839"
"chr3","180508958","180509274","chr13","57946522","57946828","44","122562436"
"chr3","180521172","180521477","chr21","14763097","14763408","44","165758075"
"chr3","180525509","180525815","chr1","49649719","49650011","54","130875790"
"chr3","180545451","180545759","chr1","10861894","10862201","43","169683557"
"chr3","180620125","180620343","chr2A","36843647","36843857","41","143776478"
"chr3","180648190","180648508","chr7","104675147","104675457","50","75973043"
"chr3","180670716","180671001","chr3","4839672","4839957","43","175831044"
"chr3","180679545","180679837","chr6","45713778","45714072","39","134965767"
"chr3","180753515","180753768","chr1","203396067","203396313","40","22642552"
"chr3","180754321","180754385","chr19","18077305","18077373","18","162677016"
"chr3","180851363","180851543","chr9","29017107","29017277","42","151834256"
"chr3","180851836","180851967","chr9","111749231","111749363","13","69102605"
"chr3","180921772","180922083","chr6","41421592","41421905","53","139500180"
"chr3","180923845","180924132","chr5","21058068","21058355","59","159865777"
"chr3","180938411","180938681","chrX","9679871","9680143","41","171258540"
"chr3","180959617","180959900","chr1","111885229","111885515","42","69074388"
"chr3","180971361","180971662","chr1","13491740","13492042","39","167479621"
"chr3","180974742","180975040","chr8","9756252","9756551","35","171218490"
"chr3","180980272","180980453","chr12","111507751","111507929","29","69472521"
"chr3","180986058","180986356","chr4","9818500","9818805","45","171167558"
"chr3","181006875","181006972","chr8","78755818","78755916","16","102251057"
"chr3","181150292","181150409","chr3","62852860","62852977","18","118297432"
"chr3","181150420","181150720","chr6","136416465","136416772","73","44733955"
"chr3","181274773","181274898","chr10","93726615","93726738","20","87548158"
"chr3","181274901","181275201","chr6","136416465","136416772","73","44858436"
"chr3","181276491","181276614","chr9","45435101","45435223","14","135841390"
"chr3","181298396","181298519","chr9","45435101","45435223","14","135863295"
"chr3","181591282","181591578","chr11","75401494","75401791","34","106189788"
"chr3","181617218","181617521","chr19","14638514","14638815","37","166978704"
"chr3","181623951","181624226","chr13","25881320","25881594","43","155742631"
"chr3","181649555","181649855","chr7","1250978","1251276","36","180398577"
"chr3","181664144","181664404","chr3","197608003","197608259","44","15943859"
"chr3","181771645","181771963","chr11","70868447","70868758","87","110903198"
"chr3","181840591","181840841","chr1","88025121","88025371","37","93815470"
"chr3","181882273","181882427","chr5","40297300","40297449","23","141584973"
"chr3","181890111","181890272","chr7","147604508","147604656","34","34285603"
"chr3","181925078","181925340","chr19","13800772","13801030","36","168124306"
"chr3","181933832","181934141","chr4","4308440","4308754","47","177625392"
"chr3","181937834","181938123","chr11","102167397","102167687","39","79770437"
"chr3","181961119","181961414","chrX","19694089","19694388","39","162267030"
"chr3","181972967","181973197","chr1","206005436","206005660","33","24032469"
"chr3","181994108","181994239","chr22","28355519","28355649","19","153638589"
"chr3","182009713","182009879","chr13","86685264","86685430","33","95324449"
"chr3","182010195","182010329","chr1","6251115","6251251","19","175759080"
"chr3","182020378","182020503","chr15","28889483","28889610","21","153130895"
"chr3","182020779","182020956","chr12","33023715","33023880","38","148997064"
"chr3","182024630","182024752","chr17","16185076","16185200","16","165839554"
"chr3","182024778","182024949","chr12","10503992","10504156","30","171520786"
"chr3","182041141","182041448","chr14","77542734","77543039","42","104498407"
"chr3","182056657","182056941","chr5","20673476","20673777","47","161383181"
"chr3","182067196","182067499","chr1","20280960","20281258","32","161786236"
"chr3","182068509","182068659","chr12","93049007","93049161","25","89019502"
"chr3","182072111","182072423","chr15","57174398","57174706","43","124897713"
"chr3","182097491","182097801","chr9","109734146","109734451","47","72363345"
"chr3","182103086","182103376","chr2B","124728949","124729237","36","57374137"
"chr3","182112277","182112578","chr9","34622433","34622739","45","147489844"
"chr3","182115872","182116004","chr1","17306584","17306717","20","164809288"
"chr3","182117123","182117400","chr2B","10615114","10615400","51","171502009"
"chr3","182136290","182136569","chr4","91243894","91244178","40","90892396"
"chr3","182150138","182150437","chr11","13562834","13563138","32","168587304"
"chr3","182157739","182157834","chr5","24582265","24582360","12","157575474"
"chr3","182179597","182179779","chr15","57627106","57627286","40","124552491"
"chr3","182180084","182180217","chr19","29213567","29213701","17","152966517"
"chr3","182189693","182189919","chr11","77085348","77085580","35","105104345"
"chr3","182200434","182200725","chr10","31626669","31626961","39","150573765"
"chr3","182216860","182217157","chr11","3623940","3624232","43","178592920"
"chr3","182238193","182238326","chr1","93487279","93487413","14","88750914"
"chr3","182323648","182323933","chr20","500194","500487","41","181823454"
"chr3","182363772","182363886","chr16","12332334","12332448","15","170031438"
"chr3","182366134","182366359","chr10","31826517","31826744","30","150539617"
"chr3","182368450","182368564","chr16","12332334","12332448","15","170036116"
"chr3","182385147","182385400","chr5","121880760","121881015","43","60504387"
"chr3","182394958","182395246","chr19","35826743","35827033","41","146568215"
"chr3","182401873","182402177","chr5","26602593","26602896","42","155799280"
"chr3","182404643","182404922","chr6","75611850","75612132","48","106792793"
"chr3","182428540","182428816","chr7","5363383","5363661","38","177065157"
"chr3","182434081","182434378","chrX","50062220","50062514","37","132371861"
"chr3","182460341","182460605","chr4","151510363","151510627","35","30949978"
"chr3","182477207","182477501","chr1","11417845","11418140","41","171059362"
"chr3","182506832","182507139","chr1","31506280","31506586","54","151000552"
"chr3","182649706","182649999","chr1","46890129","46890419","41","135759577"
"chr3","182689561","182689859","chr17","9489493","9489790","36","173200068"
"chr3","182708850","182709026","chr13","96263677","96263855","23","86445173"
"chr3","182711079","182711337","chr2B","70334516","70334775","43","112376563"
"chr3","182780415","182780721","chr2A","83479972","83480269","37","99300443"
"chr3","182821134","182821216","chr21","30716416","30716499","13","152104718"
"chr3","182862792","182862952","chr11","123177608","123177768","20","59685184"
"chr3","182863261","182863391","chr5","156909712","156909846","20","25953549"
"chr3","182873253","182873540","chr15","77995336","77995623","36","104877917"
"chr3","183047537","183047811","chr7","141028920","141029194","44","42018617"
"chr3","183073613","183073911","chr12","121022234","121022532","48","62051379"
"chr3","183087432","183087715","chr5","30036297","30036578","47","153051135"
"chr3","183105029","183105328","chr9","71736676","71736971","42","111368353"
"chr3","183124647","183124714","chr4","629125","629193","11","182495522"
"chr3","183124895","183125130","chr5","78671555","78671790","35","104453340"
"chr3","183248355","183248635","chr8","59177377","59177656","44","124070978"
"chr3","183315659","183315914","chrX","6968143","6968396","37","176347516"
"chr3","183327746","183327948","chr1","11799794","11799998","39","171527952"
"chr3","183409448","183409692","chr12","11358465","11358705","51","172050983"
"chr3","183453032","183453309","chr6","36657947","36658229","53","146795085"
"chr3","183462362","183462671","chr6","37361889","37362199","36","146100473"
"chr3","183524567","183524699","chr13","2652862","2652996","16","180871705"
"chr3","183525575","183525869","chr13","9716804","9717101","27","173808771"
"chr3","183554500","183554691","chr8","46643448","46643641","32","136911052"
"chr3","183591081","183591212","chr1","168543967","168544101","20","15047114"
"chr3","183591730","183591847","chr10","35797437","35797541","28","147794293"
"chr3","183636434","183636712","chr8","104306337","104306621","62","79330097"
"chr3","183644861","183645190","chr20","48180615","48180919","60","135464246"
"chr3","183649935","183650094","chr8","45705999","45706154","24","137943936"
"chr3","183657403","183657680","chr10","114508301","114508579","33","69149102"
"chr3","183659109","183659296","chr16","31525076","31525262","31","152134033"
"chr3","183661209","183661529","chr12","35932092","35932403","42","147729117"
"chr3","183717146","183717345","chr18","57284963","57285162","43","126432183"
"chr3","183717656","183717980","chr16","47537928","47538254","48","136179728"
"chr3","183727395","183727637","chr17","6205690","6205930","39","177521705"
"chr3","183756928","183757216","chr9","96955448","96955738","47","86801480"
"chr3","183794283","183794572","chr17","9489493","9489790","38","174304790"
"chr3","183825592","183825765","chr14","48165633","48165807","24","135659959"
"chr3","183838395","183838517","chr12","133102695","133102816","13","50735700"
"chr3","183838823","183838968","chr14","57754593","57754744","35","126084230"
"chr3","183840968","183840982","chr4","37765044","37765057","2","146075924"
"chr3","183841150","183841445","chr10","90260085","90260378","45","93581065"
"chr3","183852858","183853158","chr9","63731802","63732110","38","120121056"
"chr3","183878983","183879208","chr16","40365856","40366079","33","143513127"
"chr3","183926129","183926442","chr8","99334684","99334977","48","84591445"
"chr3","183952096","183952195","chr17","33600027","33600123","19","150352069"
"chr3","183989819","183989956","chr5","54123067","54123208","22","129866752"
"chr3","183994831","183995127","chr1","111346362","111346658","35","72648469"
"chr3","183996609","183996749","chr16","79122201","79122337","23","104874408"
"chr3","184015529","184015806","chr5","18606275","18606562","36","165409254"
"chr3","184030225","184030353","chr10","147453768","147453894","21","36576457"
"chr3","184030374","184030543","chr5","46016934","46017102","28","138013440"
"chr3","184082242","184082407","chr1","45321380","45321540","28","138760862"
"chr3","184089663","184089966","chr7","34234347","34234648","42","149855316"
"chr3","184145172","184145473","chr11","129838749","129839051","46","54306423"
"chr3","184175393","184175552","chr1","147194209","147194362","39","36981184"
"chr3","184177994","184178288","chr4","162552218","162552510","37","21625776"
"chr3","184233465","184233764","chr4","100059912","100060216","43","84173553"
"chr3","184245380","184245723","chr7","78204577","78204892","72","106040803"
"chr3","184300448","184300607","chr15","22023398","22023558","27","162277050"
"chr3","184300629","184300760","chr3","115180873","115181000","14","69119756"
"chr3","184378580","184378881","chr15","1886496","1886796","42","182492084"
"chr3","184422453","184422751","chr19","41740093","41740392","40","142682360"
"chr3","184428325","184428458","chr6","75172923","75173058","30","109255402"
"chr3","184472721","184472928","chr19","924556","924760","30","183548165"
"chr3","184476732","184476866","chr6","156189946","156190077","14","28286786"
"chr3","184476887","184477046","chr1","135086632","135086788","30","49390255"
"chr3","184506542","184506820","chr16","57540012","57540303","54","126966530"
"chr3","184513297","184513593","chr1","65854541","65854833","37","118658756"
"chr3","184520130","184520428","chr20","31150281","31150579","46","153369849"
"chr3","184522103","184522407","chr12","24397776","24398085","43","160124327"
"chr3","184531103","184531391","chr2A","67830661","67830952","47","116700442"
"chr3","184540105","184540395","chr7","73094896","73095187","36","111445209"
"chr3","184556519","184556692","chr10","111217383","111217557","27","73339136"
"chr3","184559297","184559404","chr12","110241026","110241133","12","74318271"
"chr3","184618412","184618581","chr11","16967635","16967802","22","167650777"
"chr3","184622234","184622523","chr1","31775922","31776206","38","152846312"
"chr3","184635229","184635516","chr5","50024671","50024908","87","134610558"
"chr3","184691326","184691467","chr6","107537092","107537246","35","77154234"
"chr3","184706182","184706322","chr6","20799537","20799683","27","163906645"
"chr3","184706627","184706758","chr15","53534528","53534665","14","131172099"
"chr3","184708193","184708490","chr15","57328671","57328968","53","127379522"
"chr3","184742723","184742994","chr13","82408762","82409014","67","102333961"
"chr3","184746637","184746934","chr13","33370716","33371018","35","151375921"
"chr3","184753187","184753482","chr1","27510589","27510878","46","157242598"
"chr3","184754051","184754318","chr2A","82371144","82371416","48","102382907"
"chr3","184758008","184758294","chr1","1684684","1684961","40","183073324"
"chr3","184770074","184770381","chr17","1486664","1486972","41","183283410"
"chr3","184776215","184776518","chr12","119739377","119739678","47","65036838"
"chr3","184781905","184782109","chr5","40509663","40509865","33","144272242"
"chr3","184789074","184789372","chr5","66262413","66262707","38","118526661"
"chr3","184816931","184817158","chr1","164359429","164359651","41","20457502"
"chr3","184835479","184835658","chr17","5023946","5024133","28","179811533"
"chr3","184839571","184839741","chr12","36993707","36993877","25","147845864"
"chr3","184847615","184847911","chr1","145190381","145190680","59","39657234"
"chr3","184851006","184851141","chr16","65477857","65477989","20","119373149"
"chr3","184863767","184864083","chr10","142193836","142194131","61","42669931"
"chr3","184880916","184881070","chr2B","126543301","126543456","18","58337615"
"chr3","184891846","184892156","chr10","28708863","28709174","37","156182983"
"chr3","184903771","184904073","chr3","172886097","172886397","46","12017674"
"chr3","184914107","184914394","chr1","204175955","204176241","40","19261848"
"chr3","184922732","184923025","chr15","46012653","46012953","38","138910079"
"chr3","184924100","184924225","chr19","19262316","19262438","18","165661784"
"chr3","184924527","184924710","chr2B","125213834","125214012","29","59710693"
"chr3","184940389","184940689","chr1","42856185","42856483","32","142084204"
"chr3","184989938","184990173","chr2A","36711440","36711659","37","148278498"
"chr3","184998476","184998490","chr10","96515462","96515474","3","88483014"
"chr3","184998514","184998772","chr3","23074934","23075206","55","161923580"
"chr3","185000714","185000935","chr12","110181868","110182091","45","74818846"
"chr3","185021928","185022217","chr3","100823845","100824135","33","84198083"
"chr3","185038373","185038666","chr7","106016300","106016595","36","79022073"
"chr3","185080697","185080876","chr3","155319136","155319310","27","29761561"
"chr3","185080899","185081024","chr17","2691772","2691898","11","182389127"
"chr3","185121832","185122138","chr1","27413664","27413959","49","157708168"
"chr3","185153539","185153840","chr4","7400246","7400551","36","177753293"
"chr3","185164934","185165242","chr1","216899282","216899593","38","31734348"
"chr3","185184545","185184671","chr9","120596478","120596607","17","64588067"
"chr3","185306797","185307059","chrX","95139586","95139848","44","90167211"
"chr3","185312008","185312290","chr7","157462533","157462820","43","27849475"
"chr3","185318984","185319127","chr1","209383866","209384001","18","24064882"
"chr3","185319435","185319590","chr18","61665987","61666142","28","123653448"
"chr3","185443914","185444191","chr9","11846554","11846830","62","173597360"
"chr3","185525137","185525254","chr6","58405352","58405471","19","127119785"
"chr3","185525296","185525474","chr12","36168045","36168222","28","149357251"
"chr3","185635330","185635617","chr7","73094896","73095187","38","112540434"
"chr3","185676458","185676744","chr14","23252218","23252509","43","162424240"
"chr3","185688067","185688302","chr1","51953422","51953648","27","133734645"
"chr3","185790536","185790834","chr6","45713778","45714072","29","140076758"
"chr3","185801784","185802101","chr3","48446546","48446851","48","137355238"
"chr3","185813832","185813958","chr20","43032336","43032459","21","142781496"
"chr3","185839475","185839776","chr6","84326621","84326921","48","101512854"
"chr3","185848665","185848944","chrX","54525350","54525633","47","131323315"
"chr3","185855934","185856227","chr19","34681379","34681672","38","151174555"
"chr3","185863048","185863354","chrX","22158908","22159212","43","163704140"
"chr3","185876392","185876695","chr4","8084335","8084640","54","177792057"
"chr3","185888316","185888487","chr10","117651428","117651594","39","68236888"
"chr3","185889078","185889211","chr17","40157558","40157690","16","145731520"
"chr3","185889212","185889348","chr20","58094376","58094510","15","127794836"
"chr3","185896882","185897012","chr8","144598500","144598630","14","41298382"
"chr3","185921198","185921492","chr3","38472738","38473026","46","147448460"
"chr3","185938033","185938316","chr3","188830255","188830539","38","2892222"
"chr3","185944595","185944868","chr7","38014521","38014796","50","147930074"
"chr3","185949753","185950069","chr9","79593489","79593801","41","106356264"
"chr3","185954750","185955039","chr12","34645993","34646279","39","151308757"
"chr3","185987097","185987315","chr3","127579355","127579556","49","58407742"
"chr3","185997928","185998218","chr14","84191090","84191383","46","101806838"
"chr3","186020966","186021278","chr7","74001572","74001880","43","112019394"
"chr3","186044372","186044670","chr11","56648134","56648436","48","129396238"
"chr3","186133516","186133795","chr15","29272527","29272802","50","156860989"
"chr3","186171547","186171736","chrX","5765055","5765236","32","180406492"
"chr3","186175345","186175489","chr3","134927787","134927935","25","51247558"
"chr3","186210871","186211156","chr5","1142289","1142579","34","185068582"
"chr3","186220289","186220579","chr8","101544594","101544890","44","84675695"
"chr3","186258607","186258770","chr3","138999833","139000000","23","47258774"
"chr3","186258810","186258820","chr19","46108882","46108893","3","140149928"
"chr3","186259081","186259209","chrX","45063471","45063598","20","141195610"
"chr3","186294228","186294521","chr12","108633862","108634156","43","77660366"
"chr3","186310847","186311116","chr18","1476941","1477216","42","184833906"
"chr3","186434452","186434747","chr6","94052110","94052402","49","92382342"
"chr3","186475678","186475814","chr10","29629252","29629383","21","156846426"
"chr3","186494834","186495000","chr6","86755396","86755560","38","99739438"
"chr3","186499570","186499694","chr2B","129831786","129831912","15","56667784"
"chr3","186520872","186521004","chr18","74720693","74720820","17","111800179"
"chr3","186541330","186541564","chr5","2667322","2667555","45","183874008"
"chr3","186583091","186583150","chr7","76138952","76139011","15","110444139"
"chr3","186583151","186583416","chr2A","20892065","20892326","45","165691086"
"chr3","186588755","186589048","chr1","42856185","42856483","40","143732570"
"chr3","186598821","186599122","chr1","129999313","129999604","42","56599508"
"chr3","186629211","186629332","chr20","43032336","43032459","11","143596875"
"chr3","186650077","186650341","chr17","1016581","1016856","58","185633496"
"chr3","186652577","186652841","chr17","1016581","1016856","58","185635996"
"chr3","186658726","186659037","chr11","120932649","120932956","40","65726077"
"chr3","186689583","186689733","chr10","47008312","47008464","28","139681271"
"chr3","186690042","186690179","chr7","76293814","76293948","17","110396228"
"chr3","186717842","186718148","chr3","162571166","162571477","35","24146676"
"chr3","186813925","186814228","chr11","120932649","120932956","36","65881276"
"chr3","186962286","186962564","chr8","103928915","103929198","34","83033371"
"chr3","187196795","187197077","chr2B","44742855","44743136","42","142453940"
"chr3","187280697","187280993","chr1","223180023","223180322","40","35899326"
"chr3","187284676","187284811","chr4","3578961","3579096","20","183705715"
"chr3","187314317","187314610","chr14","38785059","38785369","54","148529258"
"chr3","187377037","187377166","chr5","126289715","126289850","22","61087322"
"chr3","187392646","187392808","chr12","56781718","56781885","27","130610928"
"chr3","187392809","187393117","chr4","3389624","3389926","51","184003185"
"chr3","187393118","187393251","chr5","161161762","161161894","25","26231356"
"chr3","187418235","187418525","chr4","3364683","3364986","54","184053552"
"chr3","187482551","187482839","chr4","42401489","42401776","41","145081062"
"chr3","187502652","187502886","chrX","40561321","40561551","32","146941331"
"chr3","187548565","187548859","chr2A","97869561","97869864","55","89679004"
"chr3","187559677","187559977","chr16","75232721","75233021","41","112326956"
"chr3","187615896","187616194","chr5","38135828","38136129","37","149480068"
"chr3","187673663","187673789","chr9","80121053","80121181","18","107552610"
"chr3","187686182","187686428","chr6","12760410","12760661","49","174925772"
"chr3","187692135","187692320","chr5","35988003","35988181","30","151704132"
"chr3","187713793","187714077","chrX","42228408","42228695","41","145485385"
"chr3","187714424","187714704","chr1","39492444","39492735","43","148221980"
"chr3","187716570","187716873","chr15","1886496","1886796","46","185830074"
"chr3","187730976","187731111","chr7","73022172","73022307","10","114708804"
"chr3","187733927","187734227","chr2B","112854963","112855262","51","74878964"
"chr3","187742475","187742794","chr1","21018345","21018652","58","166724130"
"chr3","187747266","187747570","chr1","33632173","33632471","47","154115093"
"chr3","187756284","187756589","chr11","130594028","130594336","43","57162256"
"chr3","187765877","187766047","chr20","19192369","19192541","18","168573508"
"chr3","187803727","187803864","chr20","31547819","31547950","20","156255908"
"chr3","187803913","187804209","chr13","9716804","9717101","42","178087109"
"chr3","187819099","187819376","chr3","138301723","138301996","49","49517376"
"chr3","187823028","187823318","chr4","67649586","67649881","42","120173442"
"chr3","187835791","187836073","chr9","92517984","92518267","55","95317807"
"chr3","187838782","187838874","chr1","146760045","146760137","7","41078737"
"chr3","187846661","187846778","chrX","71027610","71027729","38","116819051"
"chr3","187864576","187864879","chr16","75232721","75233021","43","112631855"
"chr3","187866498","187866787","chr11","16413573","16413862","41","171452925"
"chr3","187871538","187871819","chr18","11984693","11984971","43","175886845"
"chr3","187875210","187875500","chr2B","64345530","64345820","41","123529680"
"chr3","187900086","187900365","chr2B","64155275","64155555","43","123744811"
"chr3","187939516","187939810","chr8","131375933","131376227","38","56563583"
"chr3","187974261","187974381","chr8","126739306","126739428","21","61234955"
"chr3","187975659","187975950","chr5","147372333","147372625","35","40603326"
"chr3","187976944","187977238","chr12","103962560","103962853","49","84014384"
"chr3","187988218","187988524","chr10","100668224","100668519","42","87319994"
"chr3","187991420","187991728","chr15","68621917","68622227","38","119369503"
"chr3","187997455","187997724","chr8","66691960","66692252","56","121305495"
"chr3","188002864","188003134","chr4","2801926","2802211","50","185200938"
"chr3","188013083","188013390","chr1","220628308","220628611","59","32615225"
"chr3","188016795","188017090","chr11","72914224","72914512","59","115102571"
"chr3","188031528","188031660","chr19","57515322","57515456","13","130516206"
"chr3","188031956","188032125","chr7","76846308","76846474","21","111185648"
"chr3","188044137","188044427","chrX","18752687","18752978","40","169291450"
"chr3","188048359","188048584","chr5","138755936","138756176","42","49292423"
"chr3","188082988","188083202","chr5","45215725","45215943","29","142867263"
"chr3","188085795","188086098","chr7","37900250","37900549","43","150185545"
"chr3","188088083","188088172","chr1","23680290","23680382","23","164407793"
"chr3","188094067","188094200","chr5","2544213","2544344","10","185549854"
"chr3","188104754","188105053","chr7","65109556","65109856","38","122995198"
"chr3","188106801","188107093","chr12","10745479","10745770","40","177361322"
"chr3","188112306","188112480","chr9","94304596","94304774","24","93807710"
"chr3","188118930","188119022","chr3","180508856","180508948","12","7610074"
"chr3","188119070","188119236","chr12","103857851","103858007","43","84261219"
"chr3","188120165","188120289","chr8","37983975","37984095","21","150136190"
"chr3","188120524","188120593","chr1","1606512","1606578","8","186514012"
"chr3","188131795","188132101","chr10","132164858","132165160","45","55966937"
"chr3","188166312","188166476","chr6","157763576","157763735","28","30402736"
"chr3","188166746","188166882","chr21","25448837","25448969","19","162717909"
"chr3","188166887","188167061","chr7","156784585","156784756","27","31382302"
"chr3","188181883","188182139","chr2B","82713505","82713764","46","105468378"
"chr3","188204449","188204743","chr7","95771211","95771503","48","92433238"
"chr3","188218130","188218441","chr1","216899282","216899593","48","28681152"
"chr3","188228734","188229038","chr5","22807671","22807969","46","165421063"
"chr3","188233418","188233637","chr1","182143150","182143374","46","6090268"
"chr3","188233644","188233703","chr2B","33087335","33087399","22","155146309"
"chr3","188256793","188257015","chr19","16126543","16126764","35","172130250"
"chr3","188269844","188269961","chr8","63631723","63631835","9","124638121"
"chr3","188274265","188274357","chr7","792227","792324","17","187482038"
"chr3","188274505","188274665","chr2B","60649907","60650060","34","127624598"
"chr3","188278732","188279028","chr1","62639280","62639577","41","125639452"
"chr3","188279285","188279420","chr8","62232594","62232729","21","126046691"
"chr3","188279712","188279726","chr1","164372032","164372043","5","23907680"
"chr3","188280005","188280164","chr1","57370132","57370285","24","130909873"
"chr3","188281098","188281337","chr5","132093730","132093972","49","56187368"
"chr3","188281435","188281739","chr6","35116635","35116942","45","153164800"
"chr3","188295084","188295379","chrX","9081409","9081704","41","179213675"
"chr3","188298480","188298774","chr10","144651969","144652260","55","43646511"
"chr3","188304933","188305133","chr6","173241208","173241412","31","15063725"
"chr3","188313576","188313738","chr17","7576156","7576318","24","180737420"
"chr3","188316695","188317000","chr2A","96926669","96926978","55","91390026"
"chr3","188330313","188330548","chr12","98294101","98294345","47","90036212"
"chr3","188331747","188332024","chr3","183984604","183984890","60","4347143"
"chr3","188337533","188337744","chr5","109841619","109841829","38","78495914"
"chr3","188350729","188350742","chr8","59792752","59792765","4","128557977"
"chr3","188350743","188351040","chr14","7217699","7217998","44","181133044"
"chr3","188351041","188351209","chr16","31139057","31139227","25","157211984"
"chr3","188353456","188353504","chr12","30061451","30061494","10","158292005"
"chr3","188354634","188354786","chr1","202667269","202667423","23","14312635"
"chr3","188358174","188358303","chr3","60785435","60785563","13","127572739"
"chr3","188365554","188365571","chr1","36091640","36091658","5","152273914"
"chr3","188365859","188366084","chr1","134486097","134486305","51","53879762"
"chr3","188373069","188373333","chr6","38988586","38988843","43","149384483"
"chr3","188373422","188373627","chr14","16395420","16395621","27","171978002"
"chr3","188374305","188374622","chr1","37302402","37302721","52","151071903"
"chr3","188375983","188376160","chr20","48118581","48118762","20","140257402"
"chr3","188401605","188401890","chr13","9716804","9717101","43","178684801"
"chr3","188416052","188416210","chr1","26756482","26756638","24","161659570"
"chr3","188416260","188416553","chr15","77995336","77995623","47","110420924"
"chr3","188417554","188417834","chr1","36055636","36055916","53","152361918"
"chr3","188420354","188420372","chr1","9658980","9658994","6","178761374"
"chr3","188420692","188420843","chr21","24561217","24561374","36","163859475"
"chr3","188438471","188438606","chr22","31972723","31972857","11","156465748"
"chr3","188438913","188439088","chr18","10965316","10965490","29","177473597"
"chr3","188456862","188456991","chr19","39836501","39836633","15","148620361"
"chr3","188461360","188461517","chr16","23960338","23960492","32","164501022"
"chr3","188468931","188469108","chr5","123485089","123485267","41","64983842"
"chr3","188469405","188469537","chr6","22205189","22205323","18","166264216"
"chr3","188503797","188504021","chr6","5478779","5478995","34","183025018"
"chr3","188686202","188686230","chr10","108905325","108905350","8","79780877"
"chr3","188687075","188687256","chr4","2189709","2189864","43","186497366"
"chr3","188752573","188752867","chr3","185043541","185043836","40","3709032"
"chr3","188769992","188770278","chr7","40554917","40555203","40","148215075"
"chr3","188793282","188793363","chr13","3023224","3023303","12","185770058"
"chr3","188793642","188793884","chr16","81189702","81189947","35","107603940"
"chr3","188867020","188867160","chr5","15127453","15127588","31","173739567"
"chr3","188869312","188869598","chr15","41901934","41902221","40","146967378"
"chr3","188871091","188871393","chr12","92652799","92653098","39","96218292"
"chr3","188890066","188890370","chr5","26990084","26990388","41","161899982"
"chr3","188902339","188902484","chrX","103632090","103632245","33","85270249"
"chr3","188902485","188902661","chr11","65042909","65043087","29","123859576"
"chr3","188902954","188903074","chr10","107898843","107898965","18","81004111"
"chr3","188903075","188903212","chr8","27428096","27428236","22","161474979"
"chr3","188924708","188924871","chr12","112487732","112487894","22","76436976"
"chr3","188933633","188933757","chrX","119610585","119610712","13","69323048"
"chr3","188941494","188941803","chr3","188556690","188557004","49","384804"
"chr3","188962761","188962778","chr9","15858973","15858988","3","173103788"
"chr3","188962800","188963077","chr3","48166508","48166786","33","140796292"
"chr3","188974186","188974481","chr15","41900324","41900619","47","147073862"
"chr3","188980320","188980388","chr3","198893177","198893244","9","9912857"
"chr3","188989700","188989913","chr21","24428860","24429072","29","164560840"
"chr3","189006371","189006530","chr3","48456332","48456492","30","140550039"
"chr3","189030694","189030833","chr4","121964169","121964304","16","67066525"
"chr3","189030834","189031130","chr15","68328367","68328659","41","120702467"
"chr3","189031131","189031218","chr1","46482675","46482757","30","142548456"
"chr3","189049876","189050160","chr5","20802177","20802467","45","168247699"
"chr3","189051460","189051595","chr6","141208908","141209041","23","47842552"
"chr3","189057782","189058033","chr6","12870764","12871010","35","176187018"
"chr3","189066582","189066739","chr4","159258656","159258815","28","29807926"
"chr3","189069053","189069181","chr12","30095709","30095838","21","158973344"
"chr3","189071201","189071452","chr10","50750228","50750490","47","138320973"
"chr3","189073552","189073844","chr1","212745117","212745410","42","23671565"
"chr3","189095556","189095804","chr19","2781827","2782071","43","186313729"
"chr3","189132938","189133051","chrX","23325027","23325143","22","165807911"
"chr3","189184964","189185262","chr5","164904161","164904460","45","24280803"
"chr3","189194079","189194385","chr8","101435714","101436021","49","87758365"
"chr3","189216258","189216375","chr4","183902541","183902658","22","5313717"
"chr3","189216401","189216562","chr18","18577424","18577586","25","170638977"
"chr3","189219693","189219778","chr1","65145273","65145362","15","124074420"
"chr3","189226232","189226519","chr18","52003815","52004113","55","137222417"
"chr3","189235357","189235643","chr1","162234000","162234284","47","27001357"
"chr3","189243352","189243451","chr7","79865958","79866055","21","109377394"
"chr3","189243459","189243526","chrX","1505980","1506045","11","187737479"
"chr3","189247332","189247438","chr7","64324232","64324338","18","124923100"
"chr3","189256419","189256586","chr1","26782555","26782724","28","162473864"
"chr3","189256875","189257011","chr5","38957611","38957744","17","150299264"
"chr3","189257044","189257222","chr6","36975758","36975926","33","152281286"
"chr3","189257514","189257687","chr18","22835219","22835379","39","166422295"
"chr3","189265702","189265870","chr19","7251575","7251742","32","182014127"
"chr3","189266171","189266304","chr5","118006764","118006899","18","71259407"
"chr3","189281003","189281305","chr16","61435250","61435545","40","127845753"
"chr3","189292161","189292466","chrX","40125771","40126075","43","149166390"
"chr3","189296503","189296781","chr18","11984693","11984971","42","177311810"
"chr3","189307077","189307259","chr4","1556094","1556276","35","187750983"
"chr3","189314690","189314842","chr1","63273900","63274051","18","126040790"
"chr3","189367099","189367221","chr6","109289964","109290086","25","80077135"
"chr3","189454301","189454588","chr1","213044115","213044402","43","23589814"
"chr3","189582430","189582709","chr18","2191279","2191572","57","187391151"
"chr3","189586596","189586866","chr11","74765849","74766116","44","114820747"
"chr3","189619021","189619128","chr10","29769514","29769621","11","159849507"
"chr3","189718326","189718598","chr21","27078019","27078280","71","162640307"
"chr3","189763390","189763681","chr4","163953464","163953756","41","25809926"
"chr3","189764784","189765069","chr1","225052538","225052823","38","35287754"
"chr3","189825566","189825872","chr6","160717323","160717626","44","29108243"
"chr3","189849341","189849638","chr17","4550469","4550772","41","185298872"
"chr3","189877901","189877969","chr1","89597024","89597093","13","100280877"
"chr3","189877972","189878274","chr3","183837195","183837499","41","6040777"
"chr3","189912330","189912512","chr10","3950530","3950706","32","185961800"
"chr3","189913013","189913153","chr8","8309098","8309237","16","181603915"
"chr3","189917237","189917387","chr10","139942699","139942847","28","49974538"
"chr3","189918330","189918614","chr2A","78468179","78468470","41","111450151"
"chr3","189919620","189919678","chr17","16135830","16135887","6","173783790"
"chr3","189919987","189920150","chr1","134821686","134821848","33","55098301"
"chr3","189943052","189943193","chr14","47727484","47727624","24","142215568"
"chr3","189948107","189948230","chr1","132332821","132332948","15","57615286"
"chr3","189952684","189952977","chr2B","2511570","2511862","39","187441114"
"chr3","190001360","190001659","chr20","3846054","3846357","41","186155306"
"chr3","190003800","190004062","chr17","817230","817487","43","189186570"
"chr3","190007892","190008065","chr12","11748398","11748562","29","178259494"
"chr3","190029507","190029669","chr5","82741646","82741811","43","107287861"
"chr3","190049885","190049972","chr3","126133047","126133134","12","63916838"
"chr3","190069827","190070121","chr7","77548302","77548597","34","112521525"
"chr3","190123032","190123327","chr1","65854541","65854833","41","124268491"
"chr3","190134696","190134952","chr1","146575605","146575883","62","43559091"
"chr3","190136452","190136755","chr11","47222402","47222700","36","142914050"
"chr3","190138149","190138464","chr11","116837480","116837784","42","73300669"
"chr3","190152975","190153101","chr10","130750568","130750693","16","59402407"
"chr3","190153902","190154043","chr4","7086988","7087129","13","183066914"
"chr3","190171508","190171791","chr13","34114268","34114562","50","156057240"
"chr3","190173256","190173464","chr1","32927132","32927338","33","157246124"
"chr3","190175197","190175497","chr22","16134892","16135187","51","174040305"
"chr3","190178861","190179138","chr20","35076204","35076466","40","155102657"
"chr3","190218502","190218798","chrX","49238016","49238318","39","140980486"
"chr3","190229354","190229433","chr16","22642602","22642684","13","167586752"
"chr3","190229445","190229554","chr21","27965813","27965925","9","162263632"
"chr3","190260066","190260119","chr2B","131410167","131410220","6","58849899"
"chr3","190262368","190262675","chr11","132040019","132040326","37","58222349"
"chr3","190268049","190268334","chr3","34037617","34037903","44","156230432"
"chr3","190273950","190274218","chr15","19286859","19287114","59","170987091"
"chr3","190287815","190288140","chrX","71417799","71418110","60","118870016"
"chr3","190295394","190295531","chr19","55515236","55515371","19","134780158"
"chr3","190295817","190295975","chr1","221066193","221066351","23","30770376"
"chr3","190315338","190315636","chr4","174676651","174676940","47","15638687"
"chr3","190335830","190336122","chr7","151609823","151610099","54","38726007"
"chr3","190343280","190343403","chr5","161966306","161966430","15","28376974"
"chr3","190347259","190347584","chr1","21774735","21775045","65","168572524"
"chr3","190348364","190348667","chr5","9574338","9574644","50","180774026"
"chr3","190358507","190358791","chr9","114191687","114191982","47","76166820"
"chr3","190367705","190367759","chr4","593747","593800","4","189773958"
"chr3","190367760","190368054","chr1","68400871","68401164","44","121966889"
"chr3","190379313","190379611","chr2B","84313295","84313594","41","106066018"
"chr3","190401687","190401817","chr15","50792701","50792836","17","139608986"
"chr3","190413121","190413408","chrX","1084023","1084312","37","189329098"
"chr3","190425903","190426016","chr8","63631723","63631835","10","126794180"
"chr3","190482385","190482512","chr14","12485207","12485337","17","177997178"
"chr3","190509784","190509913","chr19","48835135","48835267","15","141674649"
"chr3","190535417","190535545","chr5","28465356","28465478","27","162070061"
"chr3","190614745","190614868","chr2A","87484111","87484239","15","103130634"
"chr3","190630632","190630925","chr16","16696711","16697004","35","173933921"
"chr3","190697520","190697817","chr2A","61415350","61415645","49","129282170"
"chr3","190736548","190736774","chr12","75725659","75725892","33","115010889"
"chr3","190740840","190741150","chr1","182113299","182113606","42","8627541"
"chr3","190743325","190743599","chr16","59267212","59267492","52","131476113"
"chr4","122683354","122683537","chr13","33989108","33989289","25","88694246"
"chr4","140509099","140509405","chr6","142456077","142456386","44","1946978"
"chr4","11927533","11927665","chr1","28134635","28134769","18","16207102"
"chr4","18480905","18481210","chr7","37672635","37672943","44","19191730"
"chr4","33292063","33292364","chr12","4416715","4417018","57","28875348"
"chr4","68026116","68026376","chr2B","131387078","131387343","46","63360962"
"chr4","77332420","77332702","chr3","188769938","188770223","48","111437518"
"chr4","86638459","86638594","chr4","185734049","185734184","15","99095590"
"chr4","90439502","90439803","chr20","33054348","33054652","38","57385154"
"chr4","106430425","106430701","chr4","101447458","101447743","44","4982967"
"chr4","110624715","110625011","chr9","76710013","76710305","47","33914702"
"chr4","133300115","133300407","chr9","41878230","41878523","34","91421885"
"chr4","158596849","158597134","chr14","47119062","47119353","47","111477787"
"chr4","158990067","158990375","chr7","152799145","152799449","39","6190922"
"chr4","167378661","167378955","chr20","5325171","5325467","47","162053490"
"chr4","12165","12459","chr5","118089867","118090160","40","118077702"
"chr4","13612","13911","chr1","132624820","132625118","42","132611208"
"chr4","14505","14780","chr11","33495161","33495448","51","33480656"
"chr4","38756","39066","chr16","41477581","41477891","42","41438825"
"chr4","57889","58192","chr12","112321988","112322290","44","112264099"
"chr4","121520","121795","chr3","141667461","141667729","57","141545941"
"chr4","141774","142049","chr19","35438931","35439222","52","35297157"
"chr4","146795","146923","chr19","10370482","10370616","14","10223687"
"chr4","147121","147280","chr8","57668307","57668467","34","57521186"
"chr4","154036","154203","chrX","15720473","15720642","31","15566437"
"chr4","154237","154351","chr11","123350008","123350126","18","123195771"
"chr4","155425","155552","chr18","74720693","74720820","12","74565268"
"chr4","155852","156023","chr1","203553629","203553809","31","203397777"
"chr4","160565","160685","chr1","14802147","14802270","14","14641582"
"chr4","169120","169287","chr2A","81472582","81472742","28","81303462"
"chr4","185781","186063","chrX","121099721","121100015","41","120913940"
"chr4","203816","204127","chr5","125680277","125680586","62","125476461"
"chr4","204995","205102","chr10","143439837","143439945","11","143234842"
"chr4","207333","207631","chr4","88048769","88049064","32","87841436"
"chr4","211502","211794","chr2B","62085072","62085366","38","61873570"
"chr4","222915","222970","chr22","13118925","13118979","13","12896010"
"chr4","223940","224229","chr7","21217030","21217325","43","20993090"
"chr4","224343","224630","chr16","17659712","17660005","51","17435369"
"chr4","239500","239643","chr2A","71019126","71019272","24","70779626"
"chr4","268036","268346","chr19","20156875","20157179","35","19888839"
"chr4","268755","269039","chr12","8233056","8233340","56","7964301"
"chr4","269928","270110","chr4","176546656","176546832","34","176276728"
"chr4","270416","270548","chr19","57460237","57460372","16","57189821"
"chr4","276718","276903","chr4","94765858","94766046","48","94489140"
"chr4","291328","291417","chrX","941923","942014","25","650595"
"chr4","298013","298152","chr8","46391971","46392111","30","46093958"
"chr4","300134","300407","chr14","55482934","55483210","60","55182800"
"chr4","302009","302157","chr5","106225252","106225403","31","105923243"
"chr4","304758","304943","chr12","659274","659461","38","354516"
"chr4","307845","307913","chr20","39641740","39641807","16","39333895"
"chr4","308221","308463","chr12","51843751","51843974","79","51535530"
"chr4","309786","309860","chr16","31351310","31351379","16","31041524"
"chr4","317037","317166","chr1","130521054","130521182","19","130204017"
"chr4","317327","317486","chr1","22208793","22208950","24","21891466"
"chr4","328939","329213","chr1","135433936","135434227","58","135104997"
"chr4","347137","347430","chr13","2865420","2865717","40","2518283"
"chr4","353200","353455","chr8","8766127","8766385","42","8412927"
"chr4","386437","386561","chr10","60326661","60326780","21","59940224"
"chr4","442765","442934","chr7","128308250","128308421","33","127865485"
"chr4","544399","544690","chr1","46890129","46890419","45","46345730"
"chr4","573679","573971","chr1","194378313","194378610","41","193804634"
"chr4","584764","585013","chr6","29052431","29052678","42","28467667"
"chr4","625865","626139","chr12","121340225","121340500","49","120714360"
"chr4","667824","668036","chr10","116117272","116117499","40","115449448"
"chr4","677666","677968","chr13","7006192","7006493","56","6328526"
"chr4","705320","705588","chr11","63496362","63496637","43","62791042"
"chr4","746275","746559","chr12","118003504","118003787","48","117257229"
"chr4","777141","777424","chr18","60904527","60904809","63","60127386"
"chr4","787358","787642","chr2B","110279862","110280149","40","109492504"
"chr4","797204","797496","chr2A","12764438","12764732","46","11967234"
"chr4","813094","813380","chr5","53713742","53714039","46","52900648"
"chr4","845122","845399","chr15","73519064","73519348","61","72673942"
"chr4","852221","852379","chr8","1573606","1573751","39","721385"
"chr4","902655","902947","chr8","101544594","101544890","49","100641939"
"chr4","953268","953573","chr20","34838054","34838358","50","33884786"
"chr4","989994","990286","chr19","47086089","47086381","31","46096095"
"chr4","1034888","1035186","chr6","28487673","28487971","35","27452785"
"chr4","1042809","1043100","chr7","76203769","76204067","45","75160960"
"chr4","1064756","1065042","chr1","76677706","76677999","47","75612950"
"chr4","1076648","1076927","chr2A","58959269","58959534","57","57882621"
"chr4","1103831","1104029","chr1","27609621","27609820","40","26505790"
"chr4","1113717","1114007","chr1","46890129","46890419","50","45776412"
"chr4","1126022","1126148","chr14","24278429","24278559","17","23152407"
"chr4","1153393","1153612","chr8","81494557","81494789","51","80341164"
"chr4","1154278","1154497","chr8","81494557","81494789","51","80340279"
"chr4","1174793","1175073","chr2A","14430486","14430762","67","13255693"
"chr4","1181784","1182082","chr15","20977944","20978250","40","19796160"
"chr4","1188666","1188794","chr5","123735052","123735181","20","122546386"
"chr4","1195024","1195134","chrX","133919694","133919804","26","132724670"
"chr4","1235395","1235680","chr8","62500002","62500263","70","61264607"
"chr4","1244266","1244395","chr19","11335965","11336096","14","10091699"
"chr4","1260245","1260375","chr15","71469897","71470022","35","70209652"
"chr4","1285805","1286055","chr1","152422398","152422642","47","151136593"
"chr4","1332079","1332281","chr1","53413383","53413584","45","52081304"
"chr4","1348930","1349003","chr3","175329819","175329894","17","173980889"
"chr4","1356108","1356284","chr1","32431216","32431392","38","31075108"
"chr4","1357536","1357712","chr1","32431216","32431392","38","31073680"
"chr4","1358040","1358151","chr8","63631723","63631835","16","62273683"
"chr4","1377070","1377341","chr1","27018372","27018639","53","25641302"
"chr4","1381866","1382033","chr12","111507751","111507929","39","110125885"
"chr4","1382253","1382379","chr7","140097287","140097413","17","138715034"
"chr4","1384079","1384191","chr10","100784384","100784492","20","99400305"
"chr4","1478212","1478507","chr1","46149665","46149960","36","44671453"
"chr4","1491398","1491695","chr22","34526874","34527167","47","33035476"
"chr4","1497189","1497494","chr10","6291671","6291979","50","4794482"
"chr4","1507140","1507488","chr13","7231931","7232266","79","5724791"
"chr4","1509508","1509694","chr1","163135659","163135847","30","161626151"
"chr4","1514898","1515208","chr5","24832142","24832450","44","23317244"
"chr4","1545613","1545735","chr1","180054399","180054515","22","178508786"
"chr4","1545780","1545927","chr10","117474203","117474346","33","115928423"
"chr4","1586393","1586523","chr1","205772785","205772916","20","204186392"
"chr4","1609583","1609652","chr15","44855348","44855422","14","43245765"
"chr4","1614765","1614951","chr6","82044990","82045172","32","80430225"
"chr4","1623233","1623354","chr1","63281192","63281313","18","61657959"
"chr4","1623398","1623523","chr13","62885062","62885186","27","61261664"
"chr4","1623758","1623873","chr16","10901222","10901339","19","9277464"
"chr4","1624130","1624308","chr7","27104069","27104249","50","25479939"
"chr4","1626428","1626699","chr16","19300372","19300630","54","17673944"
"chr4","1626859","1627178","chr16","75583887","75584199","48","73957028"
"chr4","1627725","1627893","chr5","970919","971087","29","656806"
"chr4","1628603","1628751","chr10","101676649","101676799","33","100048046"
"chr4","1653012","1653294","chr5","58090375","58090670","49","56437363"
"chr4","1654189","1654466","chr5","125040055","125040335","35","123385866"
"chr4","1654488","1654501","chr7","5742204","5742217","0","4087716"
"chr4","1655710","1656000","chr20","37214835","37215128","43","35559125"
"chr4","1675173","1675425","chr3","100806245","100806500","48","99131072"
"chr4","1681650","1681711","chr5","141793001","141793065","11","140111351"
"chr4","1682106","1682310","chr2B","128079351","128079547","42","126397245"
"chr4","1689392","1689621","chr1","180244338","180244568","51","178554946"
"chr4","1690909","1691148","chr12","37267146","37267378","33","35576237"
"chr4","1694443","1694728","chr5","24372432","24372725","45","22677989"
"chr4","1727742","1728035","chrX","1084023","1084312","45","643719"
"chr4","1846084","1846158","chr10","37098916","37098970","24","35252832"
"chr4","1851253","1851394","chr3","152804465","152804602","21","150953212"
"chr4","1856809","1857019","chr4","195765060","195765269","42","193908251"
"chr4","1857050","1857342","chr22","34526874","34527167","52","32669824"
"chr4","1863010","1863158","chr10","139942699","139942847","20","138079689"
"chr4","1891657","1891949","chr22","34526874","34527167","52","32635217"
"chr4","1959536","1959741","chr9","48325505","48325715","54","46365969"
"chr4","1968817","1969116","chr14","87064623","87064920","50","85095806"
"chr4","2003406","2003536","chr8","123134693","123134825","16","121131287"
"chr4","2011070","2011197","chr12","19385836","19385950","30","17374766"
"chr4","2011369","2011501","chr15","43787522","43787659","35","41776153"
"chr4","2023146","2023277","chr14","5937960","5938092","17","3914814"
"chr4","2036010","2036292","chr20","35160709","35160983","41","33124699"
"chr4","2036293","2036491","chr19","13368999","13369193","32","11332706"
"chr4","2122425","2122628","chr3","114305915","114306125","44","112183490"
"chr4","2126814","2127121","chr7","530236","530538","47","1596578"
"chr4","2132422","2132562","chr9","113506137","113506279","28","111373715"
"chr4","2132882","2133076","chr20","44884844","44885033","32","42751962"
"chr4","2141588","2141892","chr12","119933176","119933476","44","117791588"
"chr4","2143208","2143446","chr16","12009604","12009842","54","9866396"
"chr4","2144170","2144493","chr3","46381852","46382163","56","44237682"
"chr4","2146745","2146855","chr14","86087090","86087194","21","83940345"
"chr4","2147153","2147266","chr22","24608490","24608609","19","22461337"
"chr4","2162479","2162784","chr6","26901082","26901406","48","24738603"
"chr4","2178261","2178391","chr3","12858835","12858969","22","10680574"
"chr4","2192895","2192982","chr15","26544738","26544822","19","24351843"
"chr4","2197057","2197239","chr22","2985968","2986150","26","788911"
"chr4","2201152","2201242","chr19","6316523","6316609","23","4115371"
"chr4","2212542","2212797","chr16","18222977","18223238","65","16010435"
"chr4","2214027","2214315","chr1","202883078","202883360","66","200669051"
"chr4","2219637","2219930","chr5","24372432","24372725","56","22152795"
"chr4","2229503","2229783","chr20","33439275","33439565","61","31209772"
"chr4","2251559","2251650","chr4","124650567","124650662","15","122399008"
"chr4","2259501","2259780","chr4","157572529","157572807","43","155313028"
"chr4","2259811","2259837","chr5","5930713","5930738","6","3670902"
"chr4","2270402","2270670","chr10","24291818","24292083","47","22021416"
"chr4","2283346","2283484","chr12","61757055","61757195","19","59473709"
"chr4","2296785","2296927","chr16","76225501","76225642","24","73928716"
"chr4","2297188","2297361","chr5","59930487","59930657","21","57633299"
"chr4","2303063","2303168","chr7","42355872","42355980","16","40052809"
"chr4","2303959","2304149","chr8","32966273","32966459","39","30662314"
"chr4","2306018","2306217","chr1","6100010","6100212","48","3793992"
"chr4","2320351","2320645","chr3","99179483","99179777","46","96859132"
"chr4","2353281","2353494","chr6","26686393","26686615","29","24333112"
"chr4","2357893","2358131","chr2B","1709536","1709774","56","648357"
"chr4","2363117","2363374","chr5","6116562","6116838","59","3753445"
"chr4","2405929","2406160","chr5","104720157","104720390","40","102314228"
"chr4","2408697","2409001","chr20","54481954","54482259","45","52073257"
"chr4","2439234","2439338","chr3","149918887","149918980","22","147479653"
"chr4","2454452","2454733","chr5","144486917","144487195","57","142032465"
"chr4","2467425","2467736","chr11","76719549","76719855","47","74252124"
"chr4","2472454","2472752","chr12","114494165","114494460","44","112021711"
"chr4","2576133","2576432","chr11","117367595","117367888","40","114791462"
"chr4","2613208","2613508","chr11","123261793","123262092","42","120648585"
"chr4","2665071","2665339","chr1","192523055","192523333","60","189857984"
"chr4","2683605","2683904","chr1","20280960","20281258","39","17597355"
"chr4","2719486","2719648","chr1","135795439","135795597","27","133075953"
"chr4","2743938","2744100","chr3","49793662","49793816","44","47049724"
"chr4","2750684","2750989","chr6","72560960","72561265","39","69810276"
"chr4","2754028","2754133","chr19","52996932","52997036","18","50242904"
"chr4","2761861","2761934","chr7","137920493","137920565","16","135158632"
"chr4","2774866","2775130","chr15","18301772","18302039","37","15526906"
"chr4","2778512","2778805","chr5","9460113","9460406","34","6681601"
"chr4","2785665","2785938","chrX","104020908","104021180","59","101235243"
"chr4","2794841","2795142","chr1","50812078","50812377","50","48017237"
"chr4","2799972","2800225","chr13","2960511","2960761","37","160539"
"chr4","2805561","2805840","chr16","25138770","25139048","35","22333209"
"chr4","2838818","2839126","chr3","121038671","121038982","41","118199853"
"chr4","2886143","2886273","chr17","40157558","40157690","16","37271415"
"chr4","2947276","2947414","chr8","47177672","47177799","25","44230396"
"chr4","2947439","2947552","chr1","6035514","6035626","12","3088075"
"chr4","2947592","2947705","chr1","10090900","10091014","8","7143308"
"chr4","2981510","2981628","chr1","135316827","135316944","18","132335317"
"chr4","3151952","3152267","chr20","43977508","43977816","43","40825556"
"chr4","3153955","3154258","chr6","25814090","25814393","36","22660135"
"chr4","3228651","3228928","chr9","11137252","11137532","44","7908601"
"chr4","3418620","3418859","chr8","1608921","1609162","38","1809699"
"chr4","3455794","3456096","chr8","19067420","19067722","44","15611626"
"chr4","3467980","3468087","chr1","130105848","130105952","15","126637868"
"chr4","3481360","3481608","chr3","199793361","199793617","61","196312001"
"chr4","3541499","3541809","chr8","33624550","33624858","41","30083051"
"chr4","3577141","3577431","chr15","77995336","77995623","39","74418195"
"chr4","3591499","3591649","chr19","8245713","8245858","23","4654214"
"chr4","3611054","3611268","chr19","55317187","55317402","35","51706133"
"chr4","3612161","3612442","chr13","7088622","7088893","47","3476461"
"chr4","3613036","3613338","chr16","12790282","12790582","42","9177246"
"chr4","3613930","3614188","chr19","38313731","38313987","59","34699801"
"chr4","3616935","3617126","chrX","24804997","24805192","28","21188062"
"chr4","3619475","3619565","chr4","180886256","180886348","17","177266781"
"chr4","3630579","3630721","chr1","133389191","133389337","36","129758612"
"chr4","3632050","3632294","chr19","10760096","10760341","44","7128046"
"chr4","3632820","3632869","chr9","66361915","66361965","15","62729095"
"chr4","3647328","3647623","chr11","117367595","117367888","47","113720267"
"chr4","3664460","3664767","chr5","24769004","24769311","53","21104544"
"chr4","3666899","3667134","chr11","119164601","119164837","36","115497702"
"chr4","3668934","3669232","chr12","95730106","95730400","43","92061172"
"chr4","3679870","3680013","chr12","47603857","47604000","30","43923987"
"chr4","3705804","3706102","chr7","41200077","41200382","48","37494273"
"chr4","3717663","3717956","chr6","17679318","17679614","53","13961655"
"chr4","3728836","3729115","chr16","44625666","44625947","51","40896830"
"chr4","3731966","3732189","chr3","140899705","140899923","42","137167739"
"chr4","3733885","3734174","chr11","33205778","33206081","47","29471893"
"chr4","3752151","3752443","chr3","65228484","65228772","53","61476333"
"chr4","3758449","3758712","chr8","48281852","48282105","45","44523403"
"chr4","3775541","3775777","chr12","113355389","113355618","35","109579848"
"chr4","3807781","3808072","chr13","95631526","95631814","33","91823745"
"chr4","3836765","3836932","chr10","117965413","117965578","18","114128648"
"chr4","3860730","3861034","chr13","9986777","9987080","38","6126047"
"chr4","3877683","3877836","chr1","202667269","202667423","29","198789586"
"chr4","3877880","3878012","chr1","224173227","224173359","12","220295347"
"chr4","3901740","3902008","chrX","24803746","24804013","39","20902006"
"chr4","3902694","3902800","chr1","207878915","207879022","19","203976221"
"chr4","3903460","3903756","chr19","17686407","17686706","44","13782947"
"chr4","3908998","3909283","chr18","44943531","44943821","41","41034533"
"chr4","3917070","3917189","chr3","45629081","45629198","13","41712011"
"chr4","3918682","3918843","chrX","3682813","3682969","29","235869"
"chr4","3933957","3934125","chr6","25141165","25141331","36","21207208"
"chr4","3934416","3934536","chr16","16699980","16700100","15","12765564"
"chr4","3939940","3940194","chr3","99866133","99866390","52","95926193"
"chr4","3941841","3942106","chr1","28959157","28959423","44","25017316"
"chr4","3943743","3944014","chr17","22133852","22134124","49","18190109"
"chr4","3950654","3950867","chr7","148242211","148242427","48","144291557"
"chr4","3952757","3953050","chr1","41529231","41529524","54","37576474"
"chr4","3967932","3968147","chr12","30279753","30279958","36","26311821"
"chr4","3988288","3988580","chr2A","12600125","12600423","43","8611837"
"chr4","3989118","3989408","chr17","18423653","18423955","51","14434535"
"chr4","3990824","3991116","chr16","62820819","62821111","33","58829995"
"chr4","4000264","4000540","chr20","5631195","5631488","48","1630931"
"chr4","4001188","4001483","chr19","18237309","18237612","60","14236121"
"chr4","4009073","4009376","chr12","53326856","53327152","48","49317783"
"chr4","4035048","4035349","chr19","47049297","47049597","36","43014249"
"chr4","4036191","4036360","chr10","51363834","51364001","23","47327643"
"chr4","4036700","4036837","chr20","43431832","43431967","14","39395132"
"chr4","4047055","4047351","chr5","45914070","45914364","52","41867015"
"chr4","4051431","4051731","chr1","215280677","215280982","51","211229246"
"chr4","4053447","4053736","chr14","77131114","77131411","58","73077667"
"chr4","4056176","4056292","chr17","764672","764791","14","3291504"
"chr4","4072375","4072675","chr15","18841875","18842169","41","14769500"
"chr4","4075754","4076058","chr8","131323921","131324220","44","127248167"
"chr4","4076244","4076550","chr19","14638514","14638815","40","10562270"
"chr4","4110241","4110542","chr3","172886097","172886397","35","168775856"
"chr4","4127260","4127562","chr1","36354006","36354302","42","32226746"
"chr4","4130100","4130228","chr11","120280731","120280862","17","116150631"
"chr4","4136050","4136182","chr7","6377467","6377597","12","2241417"
"chr4","4162497","4162800","chr13","33664756","33665054","37","29502259"
"chr4","4173387","4173520","chr17","2634419","2634540","32","1538968"
"chr4","4174503","4174798","chr1","212745117","212745410","35","208570614"
"chr4","4186037","4186342","chr19","351729","352029","47","3834308"
"chr4","4207294","4207596","chr15","68528776","68529073","42","64321482"
"chr4","4221444","4221730","chr1","145866574","145866859","41","141645130"
"chr4","4269442","4269731","chr8","140973956","140974243","49","136704514"
"chr4","4281162","4281456","chr9","91554529","91554830","56","87273367"
"chr4","4290901","4291043","chr11","61521383","61521534","25","57230482"
"chr4","4507339","4507546","chr17","19761015","19761221","26","15253676"
"chr4","4556484","4556727","chr12","11358465","11358705","57","6801981"
"chr4","4570891","4571215","chr1","9681647","9681956","56","5110756"
"chr4","4600820","4600985","chr5","37262275","37262442","25","32661455"
"chr4","4643400","4643702","chr8","67649633","67649941","51","63006233"
"chr4","4682554","4682863","chr5","118351918","118352225","42","113669364"
"chr4","4719209","4719505","chr16","61435250","61435545","44","56716041"
"chr4","4809133","4809418","chr3","38472738","38473026","43","33663605"
"chr4","4810392","4810688","chr2A","78922598","78922893","48","74112206"
"chr4","4867908","4868194","chr1","78508506","78508789","47","73640598"
"chr4","4973361","4973523","chr4","158776911","158777072","33","153803550"
"chr4","4973555","4973672","chr5","24110217","24110331","25","19136662"
"chr4","4977893","4978016","chr11","50218818","50218933","26","45240925"
"chr4","4978017","4978312","chr5","45914070","45914364","44","40936053"
"chr4","4978313","4978463","chr1","162631208","162631359","23","157652895"
"chr4","5234743","5234858","chr1","10090900","10091014","15","4856157"
"chr4","5305566","5305902","chr2B","5853517","5853842","62","547951"
"chr4","5409093","5409383","chr1","76677706","76677999","45","71268613"
"chr4","5456518","5456830","chr12","38412686","38412999","48","32956168"
"chr4","5476167","5476473","chr9","87307258","87307569","50","81831091"
"chr4","5522442","5522743","chr1","23889573","23889871","49","18367131"
"chr4","5543123","5543300","chr1","24681785","24681955","35","19138662"
"chr4","5621413","5621580","chr8","121787467","121787636","24","116166054"
"chr4","5621622","5621743","chr7","148661024","148661145","16","143039402"
"chr4","5739078","5739381","chr3","131096776","131097076","39","125357698"
"chr4","5784652","5784926","chr10","11136080","11136354","38","5351428"
"chr4","5836322","5836569","chrX","70731798","70732057","39","64895476"
"chr4","5848539","5848837","chr1","17472366","17472669","41","11623827"
"chr4","5873834","5874145","chr6","22138932","22139237","51","16265098"
"chr4","5895564","5895721","chr1","134821686","134821848","27","128926122"
"chr4","5950332","5950622","chrX","54747858","54748145","46","48797526"
"chr4","5984908","5984994","chr10","103499041","103499126","14","97514133"
"chr4","6004877","6005154","chr5","106033540","106033840","61","100028663"
"chr4","6112949","6113242","chr3","49821059","49821352","40","43708110"
"chr4","6205348","6205642","chr19","54945704","54946001","52","48740356"
"chr4","6261743","6262035","chr12","108633862","108634156","39","102372119"
"chr4","6311517","6311816","chr14","88777132","88777431","41","82465615"
"chr4","6338641","6338939","chr15","69165378","69165680","50","62826737"
"chr4","6359051","6359343","chr20","55014281","55014565","50","48655230"
"chr4","6367101","6367408","chr11","126295026","126295326","41","119927925"
"chr4","6380531","6380824","chrX","136765801","136766103","42","130385270"
"chr4","6398802","6399095","chr5","4733108","4733403","49","1665694"
"chr4","6418611","6418908","chr14","23252218","23252509","53","16833607"
"chr4","6437160","6437453","chr1","158955405","158955697","47","152518245"
"chr4","6451334","6451458","chr7","63761044","63761170","31","57309710"
"chr4","6485485","6485769","chr12","59885672","59885970","53","53400187"
"chr4","6497297","6497642","chr1","105668865","105669210","76","99171568"
"chr4","6499913","6500000","chr1","115533472","115533562","16","109033559"
"chr4","6500819","6501111","chr7","32811212","32811509","43","26310393"
"chr4","6503928","6504230","chr11","35994987","35995293","53","29491059"
"chr4","6521210","6521505","chr3","125068067","125068363","33","118546857"
"chr4","6525917","6526172","chr11","71920448","71920689","45","65394531"
"chr4","6545333","6545453","chr2B","83422734","83422853","16","76877401"
"chr4","6545766","6545975","chr20","56174269","56174479","44","49628503"
"chr4","6554836","6555002","chr1","126226950","126227121","29","119672114"
"chr4","6568136","6568432","chr6","37888910","37889204","43","31320774"
"chr4","6577353","6577667","chr1","226683398","226683708","48","220106045"
"chr4","6578458","6578707","chrX","25999745","25999998","43","19421287"
"chr4","6585526","6585676","chr1","147194209","147194362","25","140608683"
"chr4","6597384","6597517","chr9","76276534","76276666","15","69679150"
"chr4","6597802","6597917","chr6","14180455","14180564","26","7582653"
"chr4","6599610","6599913","chr7","152799145","152799449","39","146199535"
"chr4","6608851","6609145","chr1","39600187","39600482","49","32991336"
"chr4","6610398","6610691","chr6","150208577","150208872","35","143598179"
"chr4","6616646","6616954","chr12","103999226","103999534","41","97382580"
"chr4","6618902","6619212","chr7","139053532","139053842","46","132434630"
"chr4","6628659","6628916","chr22","12451283","12451544","51","5822624"
"chr4","6633493","6633619","chr14","33015799","33015924","20","26382306"
"chr4","6633620","6633751","chr10","41628351","41628485","16","34994731"
"chr4","6634062","6634228","chr2A","59701034","59701212","35","53066972"
"chr4","6634229","6634398","chr19","47662320","47662494","32","41028091"
"chr4","6644168","6644292","chr1","46966654","46966781","13","40322486"
"chr4","6645240","6645417","chr5","32615917","32616082","53","25970677"
"chr4","6659172","6659469","chr11","47856221","47856514","51","41197049"
"chr4","6666349","6666506","chr1","17325883","17326034","23","10659534"
"chr4","6671647","6671941","chr9","50539951","50540251","44","43868304"
"chr4","6683541","6683614","chr1","180264757","180264824","20","173581216"
"chr4","6683615","6683913","chr8","119363607","119363901","43","112679992"
"chr4","6683914","6684091","chr18","10965316","10965490","35","4281402"
"chr4","6696675","6696801","chr13","57846455","57846584","19","51149780"
"chr4","6725657","6725924","chr12","108884215","108884482","52","102158558"
"chr4","6733869","6734104","chr19","10760096","10760341","40","4026227"
"chr4","6736135","6736312","chr13","31974299","31974478","30","25238164"
"chr4","6736539","6736663","chr9","45252398","45252520","14","38515859"
"chr4","6737472","6737632","chr12","124975481","124975639","20","118238009"
"chr4","6737938","6738077","chr5","123485572","123485709","25","116747634"
"chr4","6743229","6743537","chr4","72265968","72266277","43","65522739"
"chr4","6746438","6746655","chr11","5332043","5332259","36","1414395"
"chr4","6762507","6762635","chr5","161161762","161161894","15","154399255"
"chr4","6781231","6781534","chr7","85560938","85561239","48","78779707"
"chr4","6794252","6794551","chr3","121298263","121298559","34","114504011"
"chr4","6835292","6835429","chr5","41690800","41690944","24","34855508"
"chr4","6837197","6837490","chr8","43304068","43304364","58","36466871"
"chr4","6853812","6854097","chr6","22168334","22168613","41","15314522"
"chr4","6863646","6863958","chr15","56110151","56110458","71","49246505"
"chr4","6883198","6883490","chr6","22138932","22139237","36","15255734"
"chr4","6888814","6888964","chr1","64609774","64609925","32","57720960"
"chr4","6891910","6892011","chr12","103834727","103834824","17","96942817"
"chr4","6892098","6892385","chr22","17590884","17591166","40","10698786"
"chr4","6892956","6893248","chr10","148299836","148300128","41","141406880"
"chr4","6895949","6896091","chr3","39406104","39406247","17","32510155"
"chr4","6896395","6896555","chr9","15360495","15360655","23","8464100"
"chr4","6920078","6920370","chrX","27727421","27727716","36","20807343"
"chr4","6928518","6928828","chr8","77654380","77654689","37","70725862"
"chr4","6935171","6935395","chr7","76173095","76173319","31","69237924"
"chr4","6942086","6942398","chr22","16123945","16124256","41","9181859"
"chr4","6960310","6960323","chr14","83592874","83592885","4","76632564"
"chr4","6960362","6960519","chr5","138512365","138512523","24","131552003"
"chr4","6972610","6972911","chr1","156921438","156921735","37","149948828"
"chr4","6977478","6977795","chr3","187539310","187539624","45","180561832"
"chr4","6988304","6988573","chr16","74595808","74596078","43","67607504"
"chr4","6990295","6990542","chr6","22039383","22039625","37","15049088"
"chr4","7014125","7014304","chr7","57866494","57866662","42","50852369"
"chr4","7014550","7014689","chr5","35633795","35633931","21","28619245"
"chr4","7026715","7027012","chr1","133083517","133083818","46","126056802"
"chr4","7037483","7037755","chrX","49097436","49097730","49","42059953"
"chr4","7039410","7039463","chr6","20241302","20241356","10","13201892"
"chr4","7040036","7040206","chr5","58225124","58225295","31","51185088"
"chr4","7063017","7063280","chr19","47144223","47144498","55","40081206"
"chr4","7064472","7064663","chr5","1779992","1780170","43","5284480"
"chr4","7085205","7085340","chr17","56949297","56949424","28","49864092"
"chr4","7090862","7091148","chr9","73567386","73567673","41","66476524"
"chr4","7120410","7120695","chr3","42788373","42788672","48","35667963"
"chr4","7146522","7146810","chr14","8649031","8649320","41","1502509"
"chr4","7149017","7149329","chr8","101435714","101436021","52","94286697"
"chr4","7177719","7177879","chr1","36521192","36521355","31","29343473"
"chr4","7177907","7178035","chr1","214134294","214134424","16","206956387"
"chr4","7197811","7198104","chr20","53033790","53034088","43","45835979"
"chr4","7232345","7232468","chr16","65477857","65477989","21","58245512"
"chr4","7238186","7238490","chr12","22035266","22035568","36","14797080"
"chr4","7282170","7282239","chr3","51985331","51985407","14","44703161"
"chr4","7282430","7282647","chr2B","861354","861579","52","6421076"
"chr4","7306382","7306541","chr1","114445714","114445876","26","107139332"
"chr4","7306700","7306996","chr6","166500094","166500401","44","159193394"
"chr4","7312978","7313260","chr9","13807793","13808081","51","6494815"
"chr4","7353515","7353611","chr14","86087090","86087194","18","78733575"
"chr4","7423920","7424225","chr1","75708117","75708419","42","68284197"
"chr4","7440918","7441241","chr3","188242842","188243172","51","180801924"
"chr4","7525686","7525988","chrX","49238016","49238318","48","41712330"
"chr4","7535176","7535479","chr6","43641362","43641663","39","36106186"
"chr4","7546053","7546171","chr10","27394685","27394805","16","19848632"
"chr4","7546214","7546364","chr1","26756482","26756638","30","19210268"
"chr4","7548217","7548511","chr3","56346212","56346514","52","48797995"
"chr4","7561723","7562014","chr20","4892196","4892490","49","2669527"
"chr4","7584009","7584317","chr20","53206354","53206660","41","45622345"
"chr4","7640759","7641060","chr14","83274585","83274888","48","75633826"
"chr4","7661618","7661900","chr8","48387419","48387700","43","40725801"
"chr4","7675914","7676200","chr3","187525002","187525293","51","179849088"
"chr4","7678465","7678744","chr12","83500968","83501252","56","75822503"
"chr4","7681070","7681356","chr10","106489173","106489466","44","98808103"
"chr4","7683706","7683943","chr20","2937870","2938102","42","4745836"
"chr4","7764696","7764993","chr7","44333832","44334136","52","36569136"
"chr4","7766174","7766453","chr2B","90444758","90445030","52","82678584"
"chr4","7825484","7825783","chr1","32814414","32814709","45","24988930"
"chr4","7909768","7909928","chr1","63281361","63281523","24","55371593"
"chr4","7960316","7960472","chr7","23516881","23517032","20","15556565"
"chr4","7966481","7966785","chr2A","32931331","32931634","44","24964850"
"chr4","7994317","7994594","chr3","182650235","182650522","54","174655918"
"chr4","8003565","8003868","chr1","111354366","111354669","43","103350801"
"chr4","8007979","8008296","chr10","50297952","50298253","61","42289973"
"chr4","8016110","8016427","chr11","58689762","58690075","48","50673652"
"chr4","8025513","8025641","chr3","115180873","115181000","15","107155360"
"chr4","8025904","8026087","chr19","32451452","32451636","35","24425548"
"chr4","8051572","8051838","chr6","21003468","21003741","47","12951896"
"chr4","8066208","8066504","chr6","43552064","43552362","32","35485856"
"chr4","8067473","8067757","chr16","48939353","48939650","57","40871880"
"chr4","8069192","8069505","chr6","20985144","20985458","46","12915952"
"chr4","8098184","8098437","chr14","41476555","41476809","40","33378371"
"chr4","8099551","8099847","chr5","43594444","43594745","43","35494893"
"chr4","8113022","8113211","chr3","139737540","139737730","26","131624518"
"chr4","8125243","8125379","chr3","106668579","106668715","21","98543336"
"chr4","8133866","8133977","chr19","57724191","57724302","19","49590325"
"chr4","8133978","8134265","chr15","56890275","56890566","41","48756297"
"chr4","8134266","8134399","chr6","78227073","78227205","16","70092807"
"chr4","8137699","8137993","chr12","65034013","65034315","51","56896314"
"chr4","8141001","8141308","chrX","101172844","101173154","40","93031843"
"chr4","8142218","8142347","chr6","141208908","141209041","19","133066690"
"chr4","8153849","8154158","chr12","103999226","103999534","42","95845377"
"chr4","8157069","8157345","chr20","47588446","47588733","42","39431377"
"chr4","8182621","8182902","chrX","119639724","119640005","35","111457103"
"chr4","8187469","8187635","chr6","20902843","20903015","32","12715374"
"chr4","8195937","8196102","chr6","20894432","20894604","24","12698495"
"chr4","8215328","8215640","chr2B","96499424","96499733","41","88284096"
"chr4","8218048","8218339","chr10","36206364","36206653","45","27988316"
"chr4","8221431","8221721","chr3","199443194","199443483","42","191221763"
"chr4","8283236","8283527","chr10","82775758","82776055","36","74492522"
"chr4","8323615","8323895","chr3","126382452","126382752","52","118058837"
"chr4","8328099","8328392","chr1","57721001","57721299","34","49392902"
"chr4","8351080","8351382","chr3","52354728","52355033","41","44003648"
"chr4","8357256","8357457","chr20","47742856","47743059","43","39385600"
"chr4","8357753","8357881","chr12","121962978","121963109","27","113605225"
"chr4","8363385","8363543","chr12","124897201","124897362","27","116533816"
"chr4","8374801","8375082","chr5","16239905","16240171","56","7865104"
"chr4","8407086","8407387","chr11","123107818","123108115","54","114700732"
"chr4","8449170","8449463","chr13","78276926","78277185","84","69827756"
"chr4","8449758","8449796","chr1","135794513","135794545","10","127344755"
"chr4","8502574","8502754","chr3","1702116","1702300","30","6800458"
"chr4","8503157","8503450","chr9","96581409","96581710","44","88078252"
"chr4","8544638","8544931","chr14","85986152","85986448","35","77441514"
"chr4","8570499","8570799","chr2A","1885630","1885929","44","6684869"
"chr4","8638304","8638385","chr6","43652072","43652152","14","35013768"
"chr4","8646799","8647119","chr2A","36869206","36869534","56","28222407"
"chr4","8652265","8652541","chr6","20507368","20507653","43","11855103"
"chr4","8738095","8738256","chr13","93761684","93761842","19","85023589"
"chr4","8770820","8771099","chr9","114247327","114247603","47","105476507"
"chr4","8796826","8797133","chr13","30005875","30006186","46","21209049"
"chr4","8798970","8799253","chr19","20811630","20811928","47","12012660"
"chr4","8802851","8803158","chr19","37646752","37647048","42","28843901"
"chr4","8817541","8817835","chr19","18189585","18189884","39","9372044"
"chr4","8842243","8842580","chr5","141890810","141891123","61","133048567"
"chr4","8867571","8867842","chr1","146501108","146501384","43","137633537"
"chr4","8910065","8910342","chr13","84094882","84095157","47","75184817"
"chr4","8935207","8935507","chr13","18532488","18532787","47","9597281"
"chr4","8941069","8941348","chr15","37612214","37612496","41","28671145"
"chr4","8956190","8956452","chr10","100354316","100354578","42","91398126"
"chr4","9008528","9008665","chr5","118006764","118006899","17","108998236"
"chr4","9008939","9009101","chr7","56242718","56242872","28","47233779"
"chr4","9012272","9012392","chr10","60272022","60272139","19","51259750"
"chr4","9024569","9024860","chr2B","2511570","2511862","39","6512999"
"chr4","9044764","9044932","chr8","76411971","76412138","27","67367207"
"chr4","9044971","9045089","chr1","63588767","63588886","12","54543796"
"chr4","9068824","9069106","chr5","43109838","43110121","42","34041014"
"chr4","9092663","9092940","chr9","109733660","109733937","32","100640997"
"chr4","9093162","9093473","chr5","155553713","155554023","47","146460551"
"chr4","9253210","9253481","chr15","41589785","41590049","48","32336575"
"chr4","9279906","9280201","chrX","130056556","130056852","40","120776650"
"chr4","9282582","9282765","chr22","5626090","5626274","28","3656492"
"chr4","9340364","9340462","chrX","129213767","129213861","15","119873403"
"chr4","9495814","9496129","chr1","70324923","70325245","45","60829109"
"chr4","9571448","9571766","chr10","108024340","108024647","47","98452892"
"chr4","9644486","9644624","chr9","121368516","121368654","21","111724030"
"chr4","9649457","9649773","chr6","166722198","166722502","48","157072741"
"chr4","9676438","9676703","chr12","32647198","32647457","42","22970760"
"chr4","9740192","9740288","chr5","57998625","57998721","21","48258433"
"chr4","9828117","9828203","chr14","63048319","63048405","10","53220202"
"chr4","9888044","9888329","chrX","15626910","15627195","36","5738866"
"chr4","9944956","9945129","chr6","19217547","19217725","28","9272591"
"chr4","10030250","10030386","chr17","1776496","1776632","14","8253754"
"chr4","10043595","10043852","chr12","56147169","56147424","35","46103574"
"chr4","10049724","10050009","chr5","50696835","50697119","47","40647111"
"chr4","10061790","10062074","chr8","67786536","67786823","48","57724746"
"chr4","10081664","10081966","chr3","43602807","43603106","53","33521143"
"chr4","10083353","10083489","chr1","183364815","183364948","15","173281462"
"chr4","10083517","10083629","chr19","44291188","44291300","30","34207671"
"chr4","10133262","10133544","chr1","194129673","194129951","49","183996411"
"chr4","10134344","10134657","chr4","98631024","98631338","48","88496680"
"chr4","10164199","10164471","chr11","107630908","107631143","59","97466709"
"chr4","10172134","10172418","chrX","15626910","15627195","50","5454776"
"chr4","10192156","10192434","chr13","1376244","1376525","33","8815912"
"chr4","10199056","10199335","chr3","3411667","3411940","39","6787389"
"chr4","10225515","10225671","chr5","138512365","138512523","19","128286850"
"chr4","10225692","10225816","chr3","115180873","115181000","16","104955181"
"chr4","10241709","10241833","chr15","73119233","73119360","19","62877524"
"chr4","10242200","10242479","chr1","225015481","225015770","48","214773281"
"chr4","10242592","10242748","chr15","43146198","43146365","32","32903606"
"chr4","10261839","10262154","chr10","112173525","112173839","46","101911686"
"chr4","10279555","10279807","chr1","26788748","26789007","58","16509193"
"chr4","10310588","10310873","chr15","43714275","43714575","40","33403687"
"chr4","10317839","10318131","chr8","82894963","82895258","32","72577124"
"chr4","10318278","10318297","chr1","11798197","11798215","3","1479919"
"chr4","10320878","10321187","chr6","18860310","18860624","38","8539432"
"chr4","10333058","10333325","chr4","76928305","76928583","56","66595247"
"chr4","10360249","10360542","chr5","51032613","51032920","57","40672364"
"chr4","10366473","10366774","chr3","182583447","182583746","45","172216974"
"chr4","10383781","10384061","chr10","66558511","66558795","44","56174730"
"chr4","10400184","10400489","chr11","33528499","33528794","47","23128315"
"chr4","10402595","10402889","chr7","103691617","103691912","40","93289022"
"chr4","10413983","10414135","chr2B","130269674","130269832","39","119855691"
"chr4","10414160","10414280","chr7","45451556","45451677","20","35037396"
"chr4","10419686","10420027","chr4","87785046","87785358","88","77365360"
"chr4","10431742","10432034","chr16","68970967","68971258","44","58539225"
"chr4","10457523","10457834","chrX","45212918","45213222","37","34755395"
"chr4","10468134","10468440","chrX","53749092","53749391","45","43280958"
"chr4","10479054","10479334","chr3","73194425","73194708","47","62715371"
"chr4","10479717","10480019","chr20","43761961","43762257","51","33282244"
"chr4","10495700","10495991","chr2A","103214280","103214572","39","92718580"
"chr4","10526800","10527109","chr17","12553625","12553927","51","2026825"
"chr4","10527326","10527638","chr7","111384807","111385115","45","100857481"
"chr4","10548896","10549204","chr17","87468445","87468755","45","76919549"
"chr4","10559659","10559956","chr5","47512330","47512626","45","36952671"
"chr4","10570674","10570973","chr6","18602870","18603168","36","8032196"
"chr4","10579707","10580007","chr22","19407366","19407666","35","8827659"
"chr4","10583412","10583693","chr5","143985679","143985963","45","133402267"
"chr4","10586272","10586503","chr3","16576332","16576550","40","5990060"
"chr4","10593952","10594259","chr10","39015697","39015999","47","28421745"
"chr4","10604301","10604567","chrX","9679871","9680143","43","924430"
"chr4","10608568","10608869","chr15","28536811","28537113","46","17928243"
"chr4","10614815","10614925","chr17","16936950","16937062","17","6322135"
"chr4","10618318","10618622","chr7","154133029","154133326","55","143514711"
"chr4","10633651","10633939","chr9","74985866","74986157","47","64352215"
"chr4","10640368","10640639","chr12","20355982","20356250","51","9715614"
"chr4","10664216","10664519","chr7","85794685","85794984","45","75130469"
"chr4","10708507","10708808","chr11","56648134","56648436","44","45939627"
"chr4","10745049","10745321","chr2B","124977630","124977912","42","114232581"
"chr4","10778963","10779278","chr8","95264019","95264337","47","84485056"
"chr4","10780058","10780344","chr11","9392301","9392584","40","1387757"
"chr4","10780368","10780380","chr1","58325006","58325017","1","47544638"
"chr4","10785285","10785589","chr2B","94654039","94654340","43","83868754"
"chr4","10798612","10798893","chr20","45123697","45123982","55","34325085"
"chr4","10798943","10799223","chr6","18352436","18352709","50","7553493"
"chr4","10807551","10807761","chr19","29287727","29287939","37","18480176"
"chr4","10820670","10820964","chr19","18266374","18266670","40","7445704"
"chr4","10825339","10825637","chr12","96401555","96401859","43","85576216"
"chr4","10831280","10831447","chr9","22551456","22551615","26","11720176"
"chr4","10850706","10850995","chr6","18297353","18297655","46","7446647"
"chr4","10866116","10866410","chr3","49821367","49821655","58","38955251"
"chr4","10867094","10867390","chr1","162593180","162593479","36","151726086"
"chr4","10868425","10868721","chr21","22043482","22043777","35","11175057"
"chr4","10871998","10872304","chr22","13979360","13979671","36","3107362"
"chr4","10885789","10886097","chr1","23834351","23834656","47","12948562"
"chr4","10941262","10941466","chr2B","9995894","9996106","44","945368"
"chr4","10942024","10942326","chr6","18261402","18261702","37","7319378"
"chr4","10949377","10949643","chr15","46362519","46362793","51","35413142"
"chr4","10952958","10953237","chr1","213044115","213044402","45","202091157"
"chr4","10954145","10954434","chr2A","81726960","81727251","38","70772815"
"chr4","10955691","10955822","chr6","109615354","109615486","16","98659663"
"chr4","10956126","10956286","chr6","161832964","161833124","26","150876838"
"chr4","10959153","10959462","chr1","93606782","93607093","39","82647629"
"chr4","10964754","10965045","chr13","12012079","12012370","40","1047325"
"chr4","10967316","10967481","chr14","35391502","35391665","25","24424186"
"chr4","10967791","10967920","chr14","59236568","59236697","22","48268777"
"chr4","10969374","10969649","chr3","171602660","171602942","54","160633286"
"chr4","10980132","10980432","chr8","101544594","101544890","40","90564462"
"chr4","10981856","10982135","chr18","13253945","13254224","40","2272089"
"chr4","10983514","10983806","chr1","23889573","23889871","54","12906059"
"chr4","10988852","10988965","chrX","24288832","24288946","7","13299980"
"chr4","10996268","10996570","chr3","155313398","155313700","41","144317130"
"chr4","10997244","10997537","chr7","139963807","139964112","43","128966563"
"chr4","11000001","11000156","chr1","57370132","57370285","20","46370131"
"chr4","11000398","11000629","chr6","136942160","136942398","52","125941762"
"chr4","11000857","11001170","chr1","133870687","133870980","51","122869830"
"chr4","11003982","11004099","chr3","128859796","128859915","27","117855814"
"chr4","11013785","11013972","chr7","45451858","45452040","28","34438073"
"chr4","11014040","11014163","chr8","141840131","141840252","24","130826091"
"chr4","11020593","11020730","chr1","41936698","41936832","21","30916105"
"chr4","11020766","11020935","chr1","197645115","197645291","35","186624349"
"chr4","11048800","11049090","chr3","199443194","199443483","47","188394394"
"chr4","11084242","11084542","chr1","63265517","63265819","43","52181275"
"chr4","11099710","11099980","chr7","75972337","75972609","45","64872627"
"chr4","11100558","11100694","chrX","56601397","56601533","28","45500839"
"chr4","11126981","11127168","chr5","8154291","8154480","32","2972690"
"chr4","11132620","11132703","chr1","214970557","214970641","8","203837937"
"chr4","11134600","11134693","chr3","186714946","186715039","10","175580346"
"chr4","11144162","11144474","chr10","34417753","34418063","36","23273591"
"chr4","11188839","11189011","chr20","33316687","33316858","25","22127848"
"chr4","11241399","11241454","chr17","6948273","6948331","9","4293126"
"chr4","11243427","11243721","chr1","36762989","36763284","42","25519562"
"chr4","11262078","11262211","chrX","137575918","137576040","27","126313840"
"chr4","11262435","11262725","chrX","101356673","101356968","45","90094238"
"chr4","11268850","11269171","chr4","159476100","159476405","66","148207250"
"chr4","11281987","11282279","chr11","3623940","3624232","37","7658047"
"chr4","11291297","11291588","chr13","85732556","85732843","47","74441259"
"chr4","11293928","11294225","chr2B","93935465","93935754","40","82641537"
"chr4","11300189","11300490","chr4","5708286","5708588","41","5591903"
"chr4","11354336","11354600","chr6","17737304","17737570","39","6382968"
"chr4","11383968","11384082","chr7","80264101","80264209","34","68880133"
"chr4","11392671","11392966","chrX","31476956","31477243","56","20084285"
"chr4","11393067","11393376","chr2B","118124633","118124939","45","106731566"
"chr4","11407821","11408126","chr1","204280337","204280637","43","192872516"
"chr4","11451038","11451177","chr2B","129400739","129400879","24","117949701"
"chr4","11456157","11456405","chr19","29506755","29506999","41","18050598"
"chr4","11461591","11461889","chr19","7923793","7924089","31","3537798"
"chr4","11489306","11489594","chr12","111866132","111866431","53","100376826"
"chr4","11492463","11492713","chr2B","70334516","70334775","33","58842053"
"chr4","11510714","11511032","chr8","77654380","77654689","53","66143666"
"chr4","11587071","11587374","chr2B","131657052","131657355","37","120069981"
"chr4","11591468","11591748","chr22","32137055","32137337","43","20545587"
"chr4","11696235","11696524","chr2A","68214267","68214549","37","56518032"
"chr4","11743797","11743945","chr5","157098696","157098842","30","145354899"
"chr4","11744259","11744409","chr5","61427117","61427255","29","49682858"
"chr4","11825256","11825326","chr1","28367809","28367869","25","16542553"
"chr4","11842273","11842341","chr5","22588165","22588232","20","10745892"
"chr4","11853446","11853735","chr15","77995336","77995623","37","66141890"
"chr4","11898200","11898460","chr21","34755672","34755930","35","22857472"
"chr4","11909813","11910047","chr19","32418597","32418829","31","20508784"
"chr4","11927068","11927227","chr18","18577424","18577586","22","6650356"
"chr4","11939032","11939199","chr2B","50431625","50431794","16","38492593"
"chr4","11956207","11956513","chr4","47588159","47588464","37","35631952"
"chr4","11957335","11957637","chr6","22321310","22321611","42","10363975"
"chr4","11962459","11962745","chr7","124901928","124902214","45","112939469"
"chr4","11967394","11967696","chr1","24268512","24268815","39","12301118"
"chr4","11987141","11987449","chr4","39859983","39860290","44","27872842"
"chr4","11992784","11992936","chrX","2480111","2480269","22","9512673"
"chr4","12003241","12003552","chr5","133442639","133442948","40","121439398"
"chr4","12008441","12008736","chr1","185242885","185243179","44","173234444"
"chr4","12017375","12017679","chr12","72634766","72635064","45","60617391"
"chr4","12044914","12045208","chr1","139266119","139266414","38","127221205"
"chr4","12049099","12049396","chr3","190276346","190276640","45","178227247"
"chr4","12062254","12062559","chr7","4616354","4616661","49","7445900"
"chr4","12095738","12095998","chr1","13857836","13858100","38","1762098"
"chr4","12118326","12118626","chr22","14322903","14323197","39","2204577"
"chr4","12149997","12150291","chr3","158455759","158456055","44","146305762"
"chr4","12157566","12157699","chr2B","96147451","96147583","16","83989885"
"chr4","12158005","12158166","chr12","124897201","124897362","30","112739196"
"chr4","12193757","12194045","chr6","79360967","79361252","38","67167210"
"chr4","12217574","12217841","chr17","59920262","59920527","49","47702688"
"chr4","12262679","12262963","chr12","122246642","122246924","42","109983963"
"chr4","12264830","12265137","chr8","9756252","9756551","48","2508578"
"chr4","12274832","12275121","chr10","141820992","141821282","45","129546160"
"chr4","12280194","12280312","chr2A","64007955","64008068","22","51727761"
"chr4","12313528","12313825","chr3","15071438","15071730","48","2757910"
"chr4","12320298","12320605","chr11","66269881","66270191","38","53949583"
"chr4","12332253","12332540","chr13","9716804","9717101","44","2615449"
"chr4","12333147","12333446","chr15","43714275","43714575","49","31381128"
"chr4","12333523","12333823","chr1","43141655","43141952","38","30808132"
"chr4","12334370","12334501","chr3","8501615","8501750","15","3832755"
"chr4","12334502","12334636","chr5","40351587","40351720","17","28017085"
"chr4","12334934","12335077","chr16","11666312","11666458","25","668622"
"chr4","12359278","12359557","chr10","85441432","85441712","49","73082154"
"chr4","12366761","12367064","chr4","25147279","25147580","47","12780518"
"chr4","12370693","12370978","chr5","163127146","163127429","44","150756453"
"chr4","12371568","12371682","chr3","50836150","50836264","9","38464582"
"chr4","12373618","12373814","chr3","150463990","150464186","27","138090372"
"chr4","12375396","12375706","chr1","41101081","41101392","38","28725685"
"chr4","12382352","12382645","chr16","64384273","64384567","39","52001921"
"chr4","12388749","12389048","chr4","23137328","23137627","48","10748579"
"chr4","12409248","12409497","chr6","166938741","166938995","43","154529493"
"chr4","12411690","12411759","chr12","53008881","53008951","8","40597191"
"chr4","12413599","12413699","chr14","86087090","86087194","17","73673491"
"chr4","12441139","12441253","chr15","69621757","69621869","18","57180618"
"chr4","12441545","12441715","chrX","23821323","23821491","32","11379778"
"chr4","12443519","12443714","chr1","50161286","50161474","40","37717767"
"chr4","12477985","12478112","chr5","14477646","14477774","16","1999661"
"chr4","12535988","12536295","chr7","123389692","123389999","42","110853704"
"chr4","12563195","12563487","chr7","64942464","64942761","39","52379269"
"chr4","12573497","12573798","chr8","101435714","101436021","45","88862217"
"chr4","12593886","12594176","chrX","100927706","100927998","41","88333820"
"chr4","12604354","12604642","chr11","3623940","3624232","35","8980414"
"chr4","12638540","12638839","chrX","119264164","119264462","41","106625624"
"chr4","12661001","12661303","chr6","16445366","16445677","55","3784365"
"chr4","12672932","12673232","chr3","185509832","185510132","47","172836900"
"chr4","12697796","12698101","chr4","113048132","113048438","43","100350336"
"chr4","12714694","12714993","chr19","37573063","37573367","45","24858369"
"chr4","12771686","12771982","chr11","8444811","8445107","40","4326875"
"chr4","12778063","12778161","chr2B","1010122","1010219","17","11767941"
"chr4","12779389","12779665","chr5","107409398","107409687","43","94630009"
"chr4","12798640","12798937","chrX","48637931","48638226","34","35839291"
"chr4","12800821","12801149","chr12","62451695","62452021","64","49650874"
"chr4","12823539","12823837","chr6","45713778","45714072","35","32890239"
"chr4","12873548","12873667","chrX","97368401","97368519","16","84494853"
"chr4","12873691","12873863","chr7","77385190","77385366","20","64511499"
"chr4","12949659","12949960","chr6","16222060","16222364","33","3272401"
"chr4","13008994","13009032","chr1","135794513","135794545","10","122785519"
"chr4","13009328","13009624","chr13","78276926","78277185","81","65267598"
"chr4","13022640","13022929","chr8","99334684","99334977","35","86312044"
"chr4","13032994","13033103","chr12","129453271","129453381","22","116420277"
"chr4","13049971","13050287","chr6","16170993","16171304","40","3121022"
"chr4","13068412","13068699","chr2B","111058907","111059202","32","97990495"
"chr4","13075048","13075335","chr18","56376715","56377011","50","43301667"
"chr4","13102876","13103008","chr11","369484","369619","15","12733392"
"chr4","13103310","13103470","chr1","221066193","221066351","23","207962883"
"chr4","13121861","13122066","chr19","33967586","33967795","44","20845725"
"chr4","13157904","13158204","chr1","52186083","52186381","44","39028179"
"chr4","13234179","13234479","chr1","217049267","217049555","62","203815088"
"chr4","13248640","13248941","chr1","40009032","40009333","46","26760392"
"chr4","13257986","13258218","chr5","104720157","104720390","36","91462171"
"chr4","13287963","13288267","chr20","35550161","35550463","54","22262198"
"chr4","13307953","13308236","chr2B","18582242","18582529","41","5274289"
"chr4","13308247","13308342","chr15","68886268","68886364","14","55578021"
"chr4","13327448","13327570","chr4","163930931","163931053","20","150603483"
"chr4","13353403","13353660","chr3","171160273","171160541","48","157806870"
"chr4","13357499","13357794","chr17","82605324","82605618","46","69247825"
"chr4","13372084","13372381","chr2A","15843046","15843342","41","2470962"
"chr4","13378743","13379039","chr3","198752684","198752979","52","185373941"
"chr4","13389634","13389808","chr8","46922845","46923020","37","33533211"
"chr4","13395782","13395874","chr11","71997245","71997335","27","58601463"
"chr4","13395902","13396080","chr8","41413968","41414138","47","28018066"
"chr4","13419513","13419791","chr3","156949000","156949280","45","143529487"
"chr4","13433721","13434020","chr11","61957702","61958000","45","48523981"
"chr4","13435782","13436074","chr4","97545528","97545824","65","84109746"
"chr4","13445520","13445784","chr2B","129020775","129021037","44","115575255"
"chr4","13454450","13454670","chr20","47936165","47936377","43","34481715"
"chr4","13493137","13493414","chr3","101371339","101371624","54","87878202"
"chr4","13493602","13493736","chr2A","21731975","21732110","16","8238373"
"chr4","13495198","13495328","chr10","826828","826961","20","12668370"
"chr4","13502149","13502407","chr3","24114127","24114381","42","10611978"
"chr4","13510912","13511132","chr14","14635557","14635783","42","1124645"
"chr4","13516760","13516852","chr5","13703076","13703167","19","186316"
"chr4","13517148","13517280","chr5","38957611","38957744","15","25440463"
"chr4","13518188","13518363","chr4","107557825","107558000","36","94039637"
"chr4","13518535","13518644","chr3","110475246","110475354","19","96956711"
"chr4","13520898","13521204","chr19","57410846","57411151","43","43889948"
"chr4","13522561","13522879","chr4","86739574","86739882","48","73217013"
"chr4","13522972","13523272","chrX","40125771","40126075","46","26602799"
"chr4","13529908","13530037","chr3","59065697","59065829","18","45535789"
"chr4","13534211","13534482","chr1","6618945","6619208","48","6915266"
"chr4","13534816","13534957","chr7","67055752","67055897","25","53520936"
"chr4","13535264","13535400","chrX","120314115","120314253","23","106778851"
"chr4","13536603","13536805","chrX","1829326","1829547","55","11707277"
"chr4","13538543","13538837","chr6","15624184","15624478","46","2085641"
"chr4","13539178","13539291","chr7","6159919","6160031","12","7379259"
"chr4","13542065","13542192","chr1","10043533","10043661","13","3498532"
"chr4","13553566","13553884","chrX","47166736","47167035","71","33613170"
"chr4","13553915","13553930","chr4","37998407","37998420","3","24444492"
"chr4","13556869","13556992","chr15","73119233","73119360","15","59562364"
"chr4","13558035","13558203","chr19","13634170","13634345","33","76135"
"chr4","13559768","13559979","chr3","169208122","169208346","50","155648354"
"chr4","13562323","13562426","chr20","30278561","30278669","16","16716238"
"chr4","13563662","13563848","chr8","32966273","32966459","40","19402611"
"chr4","13567325","13567629","chr11","120932649","120932956","42","107365324"
"chr4","13574071","13574409","chr13","25628855","25629196","56","12054784"
"chr4","13596207","13596337","chr4","133797054","133797182","14","120200847"
"chr4","13599522","13599754","chr4","169737683","169737926","52","156138161"
"chr4","13600166","13600452","chr9","103813748","103814025","46","90213582"
"chr4","13601761","13602049","chr3","186820087","186820387","39","173218326"
"chr4","13605017","13605099","chr4","38523647","38523730","17","24918630"
"chr4","13615160","13615241","chr20","50762455","50762540","14","37147295"
"chr4","13615438","13615677","chr6","44487174","44487405","43","30871736"
"chr4","13630512","13630830","chr2A","65732739","65733045","57","52102227"
"chr4","13636669","13636975","chr6","134401054","134401360","51","120764385"
"chr4","13639817","13640111","chr4","99311877","99312172","36","85672060"
"chr4","13641137","13641287","chr7","67081272","67081421","31","53440135"
"chr4","13644380","13644553","chr4","71793653","71793828","28","58149273"
"chr4","13644867","13645026","chr18","22835219","22835379","24","9190352"
"chr4","13645724","13645992","chr4","124359555","124359819","39","110713831"
"chr4","13646086","13646240","chr21","22209495","22209646","17","8563409"
"chr4","13647642","13647949","chr6","17621980","17622286","35","3974338"
"chr4","13648242","13648371","chr5","161161762","161161894","14","147513520"
"chr4","13673069","13673377","chr3","50347684","50347993","44","36674615"
"chr4","13685600","13685741","chr16","30608854","30608999","40","16923254"
"chr4","13688281","13688580","chr8","82894963","82895258","34","69206682"
"chr4","13711007","13711255","chr4","196090373","196090618","38","182379366"
"chr4","13717616","13717902","chr1","28484434","28484729","47","14766818"
"chr4","13720588","13720732","chrX","119294972","119295111","16","105574384"
"chr4","13721421","13721557","chr19","49125928","49126062","14","35404507"
"chr4","13736277","13736569","chr1","49915846","49916140","55","36179569"
"chr4","13739586","13739719","chrX","19240655","19240787","12","5501069"
"chr4","13740908","13741163","chr5","157092865","157093120","48","143351957"
"chr4","13750273","13750496","chr1","51953422","51953648","40","38203149"
"chr4","13750787","13750915","chr5","40512538","40512660","21","26761751"
"chr4","13757696","13757994","chr18","2191279","2191572","42","11566417"
"chr4","13766116","13766414","chr8","41984651","41984954","41","28218535"
"chr4","13770859","13771154","chr16","13037737","13038029","41","733122"
"chr4","13775103","13775393","chr7","151609198","151609484","40","137834095"
"chr4","13784539","13784618","chr13","35837103","35837183","20","22052564"
"chr4","13785888","13786017","chr21","34756841","34756973","20","20970953"
"chr4","13787763","13788061","chr6","18592143","18592434","57","4804380"
"chr4","13790004","13790103","chr3","199844401","199844497","19","186054397"
"chr4","13792587","13792879","chr7","83290117","83290410","46","69497530"
"chr4","13815685","13815957","chr6","91778754","91779031","43","77963069"
"chr4","13830831","13831125","chr12","119816270","119816560","37","105985439"
"chr4","13833635","13833722","chr2A","17424296","17424386","13","3590661"
"chr4","13843804","13844116","chr3","42893249","42893559","43","29049445"
"chr4","13844495","13844669","chr12","98776420","98776589","31","84931925"
"chr4","13844692","13844838","chr10","29633018","29633159","21","15788326"
"chr4","13870762","13871067","chr19","13951563","13951874","49","80801"
"chr4","13876438","13876777","chr3","181628627","181628967","57","167752189"
"chr4","13895733","13895814","chr2A","41521211","41521290","17","27625478"
"chr4","13895839","13895987","chr8","77975808","77975959","25","64079969"
"chr4","13897105","13897419","chr8","21476673","21476982","52","7579568"
"chr4","13912558","13912858","chr9","41036840","41037139","57","27124282"
"chr4","13937821","13938080","chr9","87344202","87344458","28","73406381"
"chr4","13943353","13943647","chr5","21855144","21855431","33","7911791"
"chr4","13960762","13961081","chr18","36816601","36816917","57","22855839"
"chr4","13969739","13969873","chr7","82210564","82210699","9","68240825"
"chr4","13970179","13970340","chr16","10757237","10757400","25","3212942"
"chr4","14006478","14006775","chr1","43281682","43281981","43","29275204"
"chr4","14041598","14041909","chr15","20593332","20593644","46","6551734"
"chr4","14198726","14199013","chr1","28670039","28670327","34","14471313"
"chr4","14211030","14211102","chr16","66115305","66115377","13","51904275"
"chr4","14272757","14273048","chr3","54512598","54512890","48","40239841"
"chr4","14275805","14276117","chr20","46140799","46141103","43","31864994"
"chr4","14327999","14328298","chr1","32797747","32798044","45","18469748"
"chr4","14433534","14433635","chr15","42857048","42857148","16","28423514"
"chr4","14434947","14435253","chr7","141290340","141290641","39","126855393"
"chr4","14461021","14461156","chr1","212045205","212045343","19","197584184"
"chr4","14472893","14473045","chr3","69531203","69531358","23","55058310"
"chr4","14473357","14473491","chr1","209742215","209742351","17","195268858"
"chr4","14475112","14475395","chr6","14647848","14648130","36","172736"
"chr4","14567215","14567516","chr9","114253808","114254113","50","99686593"
"chr4","14568065","14568370","chr4","171202478","171202770","60","156634413"
"chr4","14573330","14573624","chr5","138841474","138841774","43","124268144"
"chr4","14577654","14577754","chr7","65902479","65902572","29","51324825"
"chr4","14577973","14578089","chr17","26603162","26603278","15","12025189"
"chr4","14582465","14582757","chrX","50769255","50769552","48","36186790"
"chr4","14602138","14602403","chr7","148305592","148305858","37","133703454"
"chr4","14608154","14608416","chr1","44132820","44133083","47","29524666"
"chr4","14608719","14609016","chr8","101544594","101544890","37","86935875"
"chr4","14617096","14617381","chr3","188830255","188830539","41","174213159"
"chr4","14672394","14672554","chr1","135795439","135795597","26","121123045"
"chr4","14672859","14672993","chr1","209742215","209742351","15","195069356"
"chr4","14711136","14711434","chr6","40058418","40058717","38","25347282"
"chr4","14725378","14725660","chr16","64103009","64103302","44","49377631"
"chr4","14730275","14730576","chr18","19250280","19250583","46","4520005"
"chr4","14799376","14799681","chr11","56648134","56648436","35","41848758"
"chr4","14806734","14807033","chr2B","100929351","100929648","38","86122617"
"chr4","14808250","14808572","chr10","138148042","138148365","53","123339792"
"chr4","14810176","14810461","chr6","48058765","48059050","42","33248589"
"chr4","14826173","14826215","chr17","4738320","4738360","6","10087853"
"chr4","14842669","14842995","chr4","83212359","83212674","50","68369690"
"chr4","14852894","14853166","chr8","144920502","144920776","40","130067608"
"chr4","14856418","14856559","chr22","24454420","24454556","21","9598002"
"chr4","14883443","14883560","chr7","50743927","50744040","22","35860484"
"chr4","14915033","14915293","chrX","154931485","154931744","48","140016452"
"chr4","14915302","14915407","chr12","129051834","129051936","24","114136532"
"chr4","14915789","14916045","chr19","36448311","36448552","70","21532522"
"chr4","14919086","14919380","chr14","85986152","85986448","37","71067066"
"chr4","14920475","14920781","chr9","67930664","67930970","40","53010189"
"chr4","14922732","14923040","chr5","39481373","39481682","47","24558641"
"chr4","14923828","14924126","chr1","222583964","222584259","52","207660136"
"chr4","14932163","14932304","chr5","34630777","34630919","24","19698614"
"chr4","14932835","14932933","chr10","64803311","64803409","15","49870476"
"chr4","14933590","14933723","chr14","45167827","45167959","11","30234237"
"chr4","14939870","14940166","chr13","9716804","9717101","35","5223066"
"chr4","14943889","14944143","chr8","68487396","68487648","38","53543507"
"chr4","14962833","14963074","chr7","102319681","102319933","42","87356848"
"chr4","14969502","14969632","chrX","119294972","119295111","25","104325470"
"chr4","14976072","14976169","chrX","47761378","47761479","22","32785306"
"chr4","14976456","14976731","chr5","9736007","9736244","97","5240449"
"chr4","14985227","14985528","chr5","126505026","126505325","37","111519799"
"chr4","14988417","14988712","chr8","129134159","129134450","51","114145742"
"chr4","14996364","14996631","chr1","159587748","159588010","38","144591384"
"chr4","15016054","15016178","chr13","20105528","20105652","13","5089474"
"chr4","15027383","15027683","chr13","91866850","91867150","46","76839467"
"chr4","15048482","15048617","chr1","134679352","134679483","14","119630870"
"chr4","15078112","15078430","chrX","46462791","46463100","45","31384679"
"chr4","15087695","15087993","chr3","199631597","199631896","35","184543902"
"chr4","15096931","15097227","chr19","7923793","7924089","36","7173138"
"chr4","15132241","15132414","chr17","74722891","74723063","28","59590650"
"chr4","15142617","15142837","chr1","91038216","91038434","29","75895599"
"chr4","15153585","15153773","chr13","8388715","8388905","26","6764870"
"chr4","15154079","15154203","chr15","68934106","68934231","25","53780027"
"chr4","15161750","15162050","chr14","88815871","88816152","61","73654121"
"chr4","15216215","15216523","chr4","25147279","25147580","37","9931064"
"chr4","15255174","15255335","chr4","95492312","95492484","33","80237138"
"chr4","15273336","15273647","chr6","13868245","13868541","43","1405091"
"chr4","15319209","15319489","chr1","135783396","135783678","38","120464187"
"chr4","15336096","15336372","chr1","24500001","24500265","47","9163905"
"chr4","15380614","15380929","chr10","134901616","134901927","50","119521002"
"chr4","15409864","15409966","chr17","82701952","82702048","11","67292088"
"chr4","15417488","15417767","chr12","124254648","124254922","49","108837160"
"chr4","15439312","15439512","chr6","13677840","13678046","18","1761472"
"chr4","15442189","15442481","chr9","30453466","30453761","35","15011277"
"chr4","15445114","15445418","chr6","169089367","169089669","41","153644253"
"chr4","15445999","15446299","chr2A","81182781","81183082","37","65736782"
"chr4","15512620","15512919","chr2A","63528495","63528795","38","48015875"
"chr4","15655491","15655781","chr3","10296218","10296513","38","5359273"
"chr4","15658792","15659097","chr8","107896105","107896406","50","92237313"
"chr4","15674395","15674517","chr1","118774098","118774217","19","103099703"
"chr4","15674560","15674739","chr1","203553629","203553809","28","187879069"
"chr4","15676661","15676955","chr1","47990866","47991162","32","32314205"
"chr4","15711224","15711508","chr11","9392301","9392584","40","6318923"
"chr4","15744406","15744707","chr7","123051615","123051918","47","107307209"
"chr4","15754183","15754331","chr11","58884661","58884807","20","43130478"
"chr4","15757446","15757740","chr11","120565189","120565486","36","104807743"
"chr4","15782114","15782379","chr3","179781249","179781524","44","163999135"
"chr4","15814537","15814846","chr12","67763518","67763824","39","51948981"
"chr4","15821696","15821986","chr10","28049774","28050061","42","12228078"
"chr4","15822018","15822031","chr13","40515395","40515409","2","24693377"
"chr4","15825029","15825340","chr1","23834351","23834656","47","8009322"
"chr4","15868678","15868981","chr21","30658994","30659298","38","14790316"
"chr4","15873480","15873780","chr8","134138088","134138390","52","118264608"
"chr4","15888210","15888485","chr5","163543962","163544238","69","147655752"
"chr4","15888512","15888535","chr20","31911762","31911785","3","16023250"
"chr4","15891636","15891806","chr16","58946342","58946513","29","43054706"
"chr4","15891842","15891967","chr3","115180873","115181000","21","99289031"
"chr4","15933279","15933447","chr1","210511549","210511716","25","194578270"
"chr4","15937029","15937202","chr1","214812931","214813103","32","198875902"
"chr4","15937505","15937641","chr3","48404443","48404577","19","32466938"
"chr4","15978388","15978620","chr11","3563231","3563466","27","12415157"
"chr4","16053429","16053721","chr20","55648902","55649192","48","39595473"
"chr4","16098948","16099086","chr20","11928027","11928146","33","4170921"
"chr4","16099126","16099256","chr1","33528323","33528447","26","17429197"
"chr4","16171312","16171467","chr2B","122688533","122688683","20","106517221"
"chr4","16177846","16178153","chr10","41915864","41916181","61","25738018"
"chr4","16263283","16263570","chr3","159846286","159846576","47","143583003"
"chr4","16336334","16336403","chr14","55537579","55537647","17","39201245"
"chr4","16344452","16344749","chr10","112097753","112098043","48","95753301"
"chr4","16389807","16390125","chr18","22126942","22127255","42","5737135"
"chr4","16409779","16410070","chr5","66262413","66262707","38","49852634"
"chr4","16425535","16425834","chr8","102520507","102520810","48","86094972"
"chr4","16436080","16436376","chr6","160602137","160602430","44","144166057"
"chr4","16436937","16437217","chr14","9765100","9765382","46","6671837"
"chr4","16453756","16454049","chr12","38975287","38975583","45","22521531"
"chr4","16477160","16477455","chr4","93828554","93828847","29","77351394"
"chr4","16479691","16480008","chr3","46381852","46382163","41","29902161"
"chr4","16504570","16504781","chr4","93728260","93728471","30","77223690"
"chr4","16654549","16654853","chr10","146422789","146423095","51","129768240"
"chr4","16683420","16683720","chrX","45524673","45524972","37","28841253"
"chr4","16691495","16691674","chr1","162846265","162846444","19","146154770"
"chr4","16730288","16730588","chr4","86627007","86627303","35","69896719"
"chr4","16737265","16737568","chr7","27510300","27510604","43","10773035"
"chr4","16773576","16773794","chrX","101719102","101719331","39","84945526"
"chr4","16886782","16887050","chr2A","78121832","78122098","39","61235050"
"chr4","16983645","16983935","chr9","116674797","116675091","35","99691152"
"chr4","17011026","17011262","chr10","108961964","108962213","41","91950938"
"chr4","17035060","17035071","chr17","16920143","16920154","1","114917"
"chr4","17035110","17035395","chr6","11916921","11917205","37","5118189"
"chr4","17043193","17043305","chr3","110475246","110475354","23","93432053"
"chr4","17056932","17057228","chr17","9489493","9489790","42","7567439"
"chr4","17061364","17061531","chr3","7383295","7383464","31","9678069"
"chr4","17061555","17061670","chr9","16571108","16571218","23","490447"
"chr4","17097945","17098243","chrX","155072004","155072300","41","137974059"
"chr4","17143455","17143744","chr3","160736782","160737074","40","143593327"
"chr4","17203966","17204112","chr14","76181909","76182057","20","58977943"
"chr4","17207546","17207792","chr6","132128875","132129119","32","114921329"
"chr4","17222725","17223056","chr8","128235647","128235973","62","111012922"
"chr4","17224735","17225009","chr12","123779950","123780215","37","106555215"
"chr4","17235524","17235802","chr1","62601421","62601701","38","45365897"
"chr4","17245713","17246032","chr1","31993688","31994008","51","14747975"
"chr4","17263408","17263686","chr5","49092082","49092368","48","31828674"
"chr4","17264659","17264960","chrX","22158908","22159212","32","4894249"
"chr4","17317574","17317885","chr6","11633999","11634311","52","5683575"
"chr4","17329082","17329360","chr11","62999444","62999728","46","45670362"
"chr4","17342698","17342992","chr11","19865819","19866111","47","2523121"
"chr4","17369893","17370165","chr1","217002401","217002675","39","199632508"
"chr4","17447952","17448247","chr6","136725284","136725581","35","119277332"
"chr4","17463421","17463720","chr14","38844978","38845276","35","21381557"
"chr4","17468501","17468676","chr7","104311611","104311784","29","86843110"
"chr4","17471693","17471821","chr7","134697843","134697970","14","117226150"
"chr4","17486542","17486843","chr5","163479358","163479668","45","145992816"
"chr4","17494409","17494682","chr11","113150862","113151135","42","95656453"
"chr4","17494708","17494735","chr6","19429771","19429795","6","1935063"
"chr4","17511091","17511392","chr9","31874745","31875039","44","14363654"
"chr4","17517824","17518104","chr4","181303593","181303873","42","163785769"
"chr4","17523065","17523358","chr1","31136599","31136900","40","13613534"
"chr4","17576460","17576755","chr17","50544373","50544671","44","32967913"
"chr4","17620934","17621239","chr12","28199255","28199558","43","10578321"
"chr4","17621683","17621976","chr6","44225213","44225501","39","26603530"
"chr4","17627105","17627365","chr10","100354316","100354578","33","82727211"
"chr4","17667882","17668185","chr4","110248134","110248433","29","92580252"
"chr4","17668665","17668970","chr6","11232610","11232912","43","6436055"
"chr4","17676096","17676380","chr5","22856037","22856325","50","5179941"
"chr4","17678880","17679172","chr5","20802177","20802467","41","3123297"
"chr4","17682225","17682537","chr15","71022336","71022646","47","53340111"
"chr4","17707628","17707924","chr8","48946739","48947034","48","31239111"
"chr4","17724277","17724579","chr14","110301","110606","44","17613976"
"chr4","17729677","17729783","chr7","76994200","76994307","20","59264523"
"chr4","17742060","17742349","chr7","48173610","48173905","46","30431550"
"chr4","17750091","17750189","chr3","110475246","110475354","27","92725155"
"chr4","17750861","17751010","chr1","87111997","87112142","30","69361136"
"chr4","17751283","17751455","chr3","50093607","50093779","35","32342324"
"chr4","17752270","17752398","chr8","67868477","67868608","24","50116207"
"chr4","17752399","17752534","chr11","119261693","119261828","11","101509294"
"chr4","17752795","17752967","chr2B","50431625","50431794","24","32678830"
"chr4","17770459","17770737","chr1","32900238","32900523","48","15129779"
"chr4","17777912","17778210","chr4","171202478","171202770","48","153424566"
"chr4","17780065","17780363","chr4","171202478","171202770","48","153422413"
"chr4","17781858","17782031","chr11","94052988","94053159","28","76271130"
"chr4","17804180","17804484","chr12","8813587","8813888","32","8990593"
"chr4","17808147","17808446","chr17","4708710","4709014","39","13099437"
"chr4","17811493","17811757","chr8","45872053","45872318","38","28060560"
"chr4","17811803","17811824","chr11","69457039","69457060","6","51645236"
"chr4","17814608","17814884","chr6","10894936","10895217","42","6919672"
"chr4","17814909","17814923","chr8","144785876","144785889","1","126970967"
"chr4","17816844","17817142","chr17","6482743","6483045","35","11334101"
"chr4","17825043","17825294","chr1","43158847","43159094","48","25333804"
"chr4","17825850","17825914","chr1","52938234","52938303","16","35112384"
"chr4","17838964","17839053","chr17","764586","764671","23","17074378"
"chr4","17859689","17859971","chr1","216275632","216275928","51","198415943"
"chr4","17868591","17868878","chr5","32189022","32189305","41","14320431"
"chr4","17871099","17871372","chr5","110541106","110541389","48","92670007"
"chr4","17872396","17872497","chr13","8797026","8797126","26","9075370"
"chr4","17872892","17872961","chr12","53008881","53008951","8","35135989"
"chr4","17875167","17875457","chr7","31085216","31085505","42","13210049"
"chr4","17898858","17899146","chr9","119052298","119052593","52","101153440"
"chr4","17907077","17907208","chr12","119601787","119601922","16","101694710"
"chr4","17907508","17907704","chr10","108962279","108962478","35","91054771"
"chr4","17920924","17921223","chr16","30627165","30627462","32","12706241"
"chr4","17930702","17930955","chr5","158932287","158932533","37","141001585"
"chr4","17933241","17933556","chr1","185977094","185977403","40","168043853"
"chr4","17953844","17954146","chrX","99444605","99444904","42","81490761"
"chr4","17958532","17958835","chr6","32828052","32828363","42","14869520"
"chr4","17974155","17974461","chr2A","21389746","21390051","29","3415591"
"chr4","17986886","17987139","chr13","41540505","41540753","36","23553619"
"chr4","18006585","18006873","chr1","191158421","191158704","45","173151836"
"chr4","18048609","18048751","chr14","47727484","47727624","19","29678875"
"chr4","18049073","18049386","chr16","76327378","76327682","47","58278305"
"chr4","18099532","18099842","chr7","85560938","85561239","51","67461406"
"chr4","18101456","18101546","chr2A","32444781","32444871","9","14343325"
"chr4","18101857","18102076","chr1","182772205","182772420","37","164670348"
"chr4","18106900","18107104","chr10","36683892","36684096","25","18576992"
"chr4","18113972","18114008","chr11","18217930","18217968","11","103958"
"chr4","18114029","18114308","chr9","109733660","109733937","37","91619631"
"chr4","18116157","18116455","chr1","33632173","33632471","35","15516016"
"chr4","18116916","18117204","chr15","68328367","68328659","41","50211451"
"chr4","18127911","18128190","chr2A","67830661","67830952","45","49702750"
"chr4","18130382","18130681","chr8","68132368","68132668","44","50001986"
"chr4","18150373","18150604","chr13","78121579","78121801","48","59971206"
"chr4","18161787","18162072","chr2A","68214267","68214549","36","50052480"
"chr4","18173869","18174175","chr19","18237309","18237612","47","63440"
"chr4","18174868","18175159","chr12","29819043","29819337","36","11644175"
"chr4","18182597","18182893","chr4","48414564","48414860","41","30231967"
"chr4","18189211","18189301","chr7","73078439","73078529","13","54889228"
"chr4","18191777","18192083","chr7","134938326","134938628","49","116746549"
"chr4","18249010","18249325","chr1","117548868","117549167","63","99299858"
"chr4","18266347","18266622","chr4","86526893","86527176","45","68260546"
"chr4","18268861","18269127","chr16","49159053","49159319","34","30890192"
"chr4","18269131","18269421","chr19","35438931","35439222","32","17169800"
"chr4","18276426","18276719","chr10","85032894","85033191","42","66756468"
"chr4","18276990","18277127","chrX","376907","377041","26","17900083"
"chr4","18287377","18287528","chr10","101979594","101979746","24","83692217"
"chr4","18295358","18295657","chr3","56346212","56346514","39","38050854"
"chr4","18308696","18309003","chr8","126717045","126717351","33","108408349"
"chr4","18341574","18341873","chr15","1886496","1886796","35","16455078"
"chr4","18347177","18347351","chr11","46664552","46664726","25","28317375"
"chr4","18347353","18347642","chr6","45713778","45714072","37","27366425"
"chr4","18348994","18349128","chr7","73048340","73048473","16","54699346"
"chr4","18350866","18351010","chr5","157098696","157098842","27","138747830"
"chr4","18351317","18351466","chr5","61427117","61427255","31","43075800"
"chr4","18357163","18357440","chr4","86572852","86573143","49","68215689"
"chr4","18416025","18416141","chr6","79500001","79500124","15","61083976"
"chr4","18511484","18511774","chr5","24372432","24372725","42","5860948"
"chr4","18564696","18564812","chr7","5414295","5414412","12","13150401"
"chr4","18566026","18566268","chr3","79713740","79713976","37","61147714"
"chr4","18612878","18613190","chr1","35093771","35094077","52","16480893"
"chr4","18634393","18634640","chr1","69721911","69722177","66","51087518"
"chr4","18643162","18643431","chr5","125148323","125148593","40","106505161"
"chr4","18656528","18656831","chr12","168960","169270","50","18487568"
"chr4","18686156","18686462","chr6","10143958","10144264","39","8542198"
"chr4","18761324","18761622","chr21","30504763","30505057","36","11743439"
"chr4","18809381","18809668","chr9","106799866","106800156","38","87990485"
"chr4","18811770","18812078","chr15","30051721","30052025","41","11239951"
"chr4","18816777","18816934","chrX","58082526","58082682","30","39265749"
"chr4","18915986","18916273","chr13","9716804","9717101","40","9199182"
"chr4","18978691","18978817","chr2A","32856945","32857075","17","13878254"
"chr4","18978838","18978997","chr9","99426363","99426533","36","80447525"
"chr4","19002301","19002618","chr6","9822364","9822662","54","9179937"
"chr4","19043317","19043611","chr3","185043541","185043836","38","166000224"
"chr4","19121195","19121494","chr10","133565552","133565849","40","114444357"
"chr4","19180702","19180959","chr13","80270270","80270524","57","61089568"
"chr4","19181017","19181055","chr9","30578432","30578463","12","11397415"
"chr4","19203848","19204144","chr1","215280677","215280982","53","196076829"
"chr4","19270271","19270431","chr8","95294311","95294464","31","76024040"
"chr4","19316155","19316444","chr11","3623940","3624232","32","15692215"
"chr4","19354774","19354917","chr15","22136438","22136582","23","2781664"
"chr4","19419593","19419894","chr22","19407366","19407666","41","12227"
"chr4","19458138","19458263","chr15","18812412","18812537","17","645726"
"chr4","19458290","19458396","chr12","41647863","41647968","18","22189573"
"chr4","19467562","19467855","chr10","112192486","112192781","42","92724924"
"chr4","19472668","19472962","chr4","40452022","40452313","46","20979354"
"chr4","19487093","19487379","chr6","15540011","15540303","52","3947082"
"chr4","19573494","19573757","chr1","9351435","9351714","54","10222059"
"chr4","19596531","19596655","chr2A","21978580","21978704","13","2382049"
"chr4","19661265","19661554","chr1","11669542","11669828","34","7991723"
"chr4","19724338","19724467","chr1","71393655","71393787","14","51669317"
"chr4","19738283","19738554","chr3","197889904","197890185","43","178151621"
"chr4","19816066","19816367","chr9","89648595","89648896","49","69832529"
"chr4","19830622","19830907","chr6","13480191","13480486","44","6350431"
"chr4","19867462","19867755","chr5","109752843","109753140","40","89885381"
"chr4","19911297","19911612","chr9","79854260","79854566","52","59942963"
"chr4","19924001","19924286","chr9","114191687","114191982","43","94267686"
"chr4","19956436","19956743","chr2B","75246558","75246861","48","55290122"
"chr4","19988641","19988928","chr1","181663457","181663748","37","161674816"
"chr4","20033906","20034014","chr12","129453271","129453381","18","109419365"
"chr4","20045551","20045666","chr1","12088602","12088716","23","7956949"
"chr4","20116357","20116643","chr6","8533371","8533660","43","11582986"
"chr4","20131915","20132169","chr16","62551721","62551992","48","42419806"
"chr4","20144510","20144812","chr4","121437532","121437838","35","101293022"
"chr4","20190653","20190951","chr5","24372432","24372725","40","4181779"
"chr4","20240333","20240456","chr17","2634419","2634540","20","17605914"
"chr4","20249097","20249393","chr11","9404852","9405149","34","10844245"
"chr4","20283205","20283243","chr19","18868998","18869034","5","1414207"
"chr4","20284565","20284849","chr7","73094896","73095187","46","52810331"
"chr4","20309548","20309850","chr11","71482750","71483057","38","51173202"
"chr4","20321651","20321934","chr19","22552168","22552449","56","2230517"
"chr4","20329644","20329933","chr5","21058068","21058355","36","728424"
"chr4","20375016","20375150","chr19","2832536","2832670","17","17542480"
"chr4","20404984","20405279","chr7","16275737","16276039","55","4129247"
"chr4","20416675","20416938","chr3","121733766","121734018","55","101317091"
"chr4","20426785","20427085","chr4","2406945","2407241","44","18019840"
"chr4","20437940","20438240","chr7","138657403","138657700","44","118219463"
"chr4","20442142","20442427","chr5","45914070","45914364","49","25471928"
"chr4","20448470","20448550","chr4","26051638","26051721","21","5603168"
"chr4","20448995","20449265","chr12","64044714","64045000","61","43595719"
"chr4","20449516","20449818","chr7","111597253","111597555","44","91147737"
"chr4","20482413","20482690","chr3","188355533","188355822","50","167873120"
"chr4","20507209","20507399","chr11","113821704","113821891","40","93314495"
"chr4","20521085","20521396","chr16","23136145","23136455","34","2615060"
"chr4","20540489","20540767","chr1","179535974","179536255","46","158995485"
"chr4","20547168","20547468","chr1","11974821","11975121","37","8572347"
"chr4","20661860","20662140","chr7","56411046","56411325","49","35749186"
"chr4","20710027","20710207","chr10","116692026","116692201","28","95981999"
"chr4","20725448","20725490","chr1","16440241","16440274","13","4285207"
"chr4","20725699","20725865","chr12","34742964","34743126","28","14017265"
"chr4","20725888","20726022","chr19","57460237","57460372","22","36734349"
"chr4","20726030","20726280","chr6","132128875","132129119","46","111402845"
"chr4","20749379","20749544","chrX","90587661","90587827","19","69838282"
"chr4","20757247","20757414","chr11","3429274","3429441","40","17327973"
"chr4","20757707","20757842","chr3","121511321","121511457","16","100753614"
"chr4","20767110","20767390","chrX","130572622","130572904","34","109805512"
"chr4","20806115","20806408","chr6","7790011","7790306","26","13016104"
"chr4","20836265","20836566","chr7","85666476","85666776","40","64830211"
"chr4","20872082","20872235","chr1","150479535","150479697","33","129607453"
"chr4","20876020","20876080","chr10","106789440","106789500","14","85913420"
"chr4","20885025","20885081","chr11","3429174","3429232","13","17455851"
"chr4","20910011","20910301","chr5","1676913","1677211","44","19233098"
"chr4","20910927","20911101","chr1","86851990","86852165","33","65941063"
"chr4","20911102","20911124","chr1","8693386","8693404","4","12217716"
"chr4","20911156","20911449","chr5","141586938","141587225","52","120675782"
"chr4","20911450","20911537","chr12","364558","364634","27","20546892"
"chr4","20948796","20949085","chr15","14687346","14687637","39","6261450"
"chr4","20949298","20949602","chr6","33991343","33991641","41","13042045"
"chr4","20965981","20966116","chr1","114222927","114223063","14","93256946"
"chr4","20966419","20966571","chr1","202667269","202667423","16","181700850"
"chr4","20985204","20985492","chr3","201334238","201334531","42","180349034"
"chr4","20986333","20986482","chr10","127038584","127038736","25","106052251"
"chr4","20994488","20994787","chr13","96370801","96371102","37","75376313"
"chr4","21008017","21008299","chr22","21283577","21283859","38","275560"
"chr4","21024507","21024816","chr1","220293424","220293720","49","199268917"
"chr4","21116123","21116408","chr12","93697240","93697525","38","72581117"
"chr4","21123907","21124209","chr3","189017179","189017480","42","167893272"
"chr4","21141077","21141377","chr4","39184698","39184992","52","18043621"
"chr4","21142021","21142286","chr7","73004907","73005160","59","51862886"
"chr4","21150727","21150995","chr8","103629720","103629993","58","82478993"
"chr4","21151679","21151849","chr8","131963776","131963942","26","110812097"
"chr4","21155393","21155675","chr15","71866109","71866399","49","50710716"
"chr4","21161560","21161858","chr6","57030350","57030643","41","35868790"
"chr4","21163070","21163365","chr20","30389248","30389544","35","9226178"
"chr4","21172979","21173269","chr1","39467442","39467733","47","18294463"
"chr4","21184185","21184415","chrX","41035901","41036131","45","19851716"
"chr4","21189840","21190136","chr6","7514466","7514754","44","13675374"
"chr4","21239179","21239487","chr11","62726767","62727069","46","41487588"
"chr4","21242413","21242716","chr14","47524534","47524845","59","26282121"
"chr4","21245247","21245548","chr5","162648722","162649033","41","141403475"
"chr4","21247780","21248075","chr15","20720470","20720757","50","527310"
"chr4","21259805","21260114","chr3","131643212","131643513","41","110383407"
"chr4","21280914","21281221","chr1","212770505","212770816","44","191489591"
"chr4","21281700","21281994","chr6","7408993","7409283","38","13872707"
"chr4","21289291","21289402","chr1","164359318","164359426","16","143070027"
"chr4","21289697","21289854","chr8","69134454","69134604","27","47844757"
"chr4","21298561","21298668","chr17","78676430","78676535","14","57377869"
"chr4","21309133","21309385","chr10","144667939","144668186","47","123358806"
"chr4","21317771","21317998","chr3","16576332","16576550","35","4741439"
"chr4","21343414","21343534","chr19","19262316","19262438","18","2081098"
"chr4","21343836","21343989","chr1","57370132","57370285","20","36026296"
"chr4","21358150","21358314","chr4","158776911","158777072","19","137418761"
"chr4","21358618","21358759","chr5","4784191","4784333","22","16574427"
"chr4","21378579","21378873","chr4","162552218","162552510","35","141173639"
"chr4","21386195","21386322","chr1","10043533","10043661","18","11342662"
"chr4","21398116","21398416","chr6","6870624","6870926","57","14527492"
"chr4","21419999","21420313","chr22","27275098","27275406","66","5855099"
"chr4","21420689","21420951","chr2A","33257766","33258030","44","11837077"
"chr4","21435793","21436091","chr12","92652799","92653098","49","71217006"
"chr4","21439551","21439851","chr7","154970764","154971061","53","133531213"
"chr4","21440936","21441229","chr10","37359632","37359932","50","15918696"
"chr4","21461089","21461366","chr20","5071747","5072031","48","16389342"
"chr4","21466876","21467152","chr11","18058042","18058307","51","3408834"
"chr4","21474618","21474769","chr5","43149491","43149646","42","21674873"
"chr4","21474808","21474927","chr5","135124732","135124853","19","113649924"
"chr4","21500156","21500282","chr1","64265288","64265418","13","42765132"
"chr4","21525551","21525850","chr6","164777109","164777407","43","143251558"
"chr4","21527366","21527515","chr11","26128810","26128961","17","4601444"
"chr4","21529366","21529669","chr10","146911027","146911329","42","125381661"
"chr4","21530021","21530316","chr14","33200459","33200757","36","11670438"
"chr4","21531557","21531851","chr10","110020152","110020451","49","88488595"
"chr4","21532004","21532312","chr6","72658053","72658358","50","51126049"
"chr4","21538538","21538659","chr5","24206916","24207032","19","2668378"
"chr4","21538938","21539070","chr9","49197226","49197359","15","27658288"
"chr4","21555979","21556266","chr5","117771991","117772273","57","96216012"
"chr4","21557635","21557931","chr4","60592163","60592468","43","39034528"
"chr4","21563865","21563948","chr16","60784608","60784692","7","39220743"
"chr4","21567500","21567688","chr20","52772423","52772606","45","31204923"
"chr4","21567709","21567822","chrX","24288832","24288946","13","2721123"
"chr4","21593579","21593881","chr1","75708117","75708419","41","54114538"
"chr4","21598565","21598864","chr6","157901888","157902194","49","136303323"
"chr4","21600668","21600947","chr8","142043791","142044078","52","120443123"
"chr4","21619129","21619423","chr3","46518536","46518830","43","24899407"
"chr4","21622354","21622465","chr3","183845217","183845333","14","162222863"
"chr4","21634427","21634675","chr6","7052304","7052553","29","14582123"
"chr4","21647065","21647197","chr10","826828","826961","14","20820237"
"chr4","21658340","21658634","chr4","140022739","140023031","35","118364399"
"chr4","21680650","21680789","chr1","29910241","29910381","21","8229591"
"chr4","21684030","21684170","chrX","129864736","129864881","27","108180706"
"chr4","21684465","21684600","chr6","16742190","16742324","12","4942275"
"chr4","21688727","21689049","chr4","139934432","139934743","48","118245705"
"chr4","21690335","21690640","chr15","59932494","59932785","64","38242159"
"chr4","21703652","21703956","chr6","22973788","22974094","40","1270136"
"chr4","21704139","21704432","chr14","85986152","85986448","36","64282013"
"chr4","21753091","21753387","chr5","32670837","32671134","40","10917746"
"chr4","21811552","21811829","chr3","183367126","183367412","41","161555574"
"chr4","21820038","21820137","chr5","143157156","143157256","17","121337118"
"chr4","21821202","21821331","chr14","12485207","12485337","13","9335995"
"chr4","21824367","21824655","chr5","15805346","15805636","46","6019021"
"chr4","21829630","21829924","chr8","37602433","37602724","43","15772803"
"chr4","21850623","21850840","chr8","103433325","103433530","39","81582702"
"chr4","21859529","21859829","chr8","73988084","73988389","45","52128555"
"chr4","21872608","21872822","chr15","76027562","76027779","38","54154954"
"chr4","21884459","21884590","chrX","119632232","119632363","17","97747773"
"chr4","21904901","21905203","chr3","201132945","201133245","38","179228044"
"chr4","21914089","21914219","chr6","21947905","21948036","15","33816"
"chr4","21914518","21914694","chr12","37388525","37388697","24","15474007"
"chr4","21920568","21920707","chr5","35633795","35633931","14","13713227"
"chr4","21920749","21920906","chr3","26700858","26701011","26","4780109"
"chr4","21924557","21924871","chr3","188556690","188557004","50","166632133"
"chr4","21928895","21929189","chr22","16171275","16171567","40","5757620"
"chr4","21931467","21931608","chr8","8743751","8743888","22","13187716"
"chr4","21935043","21935278","chr12","75725659","75725892","29","53790616"
"chr4","21974940","21975239","chr1","46649890","46650186","42","24674950"
"chr4","21993861","21994133","chr16","31522114","31522384","60","9528253"
"chr4","22019082","22019388","chr4","72439645","72439952","41","50420563"
"chr4","22028369","22028655","chr18","2191279","2191572","40","19837090"
"chr4","22045079","22045375","chr15","50132670","50132968","40","28087591"
"chr4","22077757","22078032","chr19","46347364","46347644","36","24269607"
"chr4","22078092","22078385","chr1","71074729","71075017","40","48996637"
"chr4","22078667","22078961","chr4","163245581","163245876","45","141166914"
"chr4","22193168","22193445","chrX","77818293","77818574","44","55625125"
"chr4","22324157","22324440","chr6","6383583","6383862","45","15940574"
"chr4","22336134","22336294","chr7","57897351","57897520","47","35561217"
"chr4","22336366","22336460","chrX","129213767","129213861","13","106877401"
"chr4","22459425","22459691","chr14","41647374","41647637","49","19187949"
"chr4","22704963","22705142","chr13","81469858","81470022","37","58764895"
"chr4","22920077","22920322","chr20","42407780","42408028","41","19487703"
"chr4","22960520","22960822","chr8","131375933","131376227","42","108415413"
"chr4","22964589","22964683","chr1","26873677","26873772","17","3909088"
"chr4","22993965","22994261","chr5","141748249","141748545","33","118754284"
"chr4","23089249","23089558","chr4","2570442","2570744","47","20518807"
"chr4","23147884","23148064","chr15","35722202","35722379","27","12574318"
"chr4","23163157","23163458","chr6","124775569","124775875","44","101612412"
"chr4","23243132","23243439","chr11","58607","58899","57","23184525"
"chr4","23295172","23295357","chr2A","78118129","78118315","30","54822957"
"chr4","23351992","23352091","chrX","129213767","129213861","17","105861775"
"chr4","23430524","23430822","chr11","117367595","117367888","48","93937071"
"chr4","23433361","23433542","chr1","27433974","27434152","26","4000613"
"chr4","23433855","23433990","chr3","33294250","33294384","18","9860395"
"chr4","23499016","23499304","chr6","50722710","50722998","36","27223694"
"chr4","23546446","23546741","chrX","130079272","130079574","50","106532826"
"chr4","23559753","23560038","chr5","32189022","32189305","37","8629269"
"chr4","23593787","23593966","chr15","64437528","64437705","30","40843741"
"chr4","23601810","23602104","chr9","91554529","91554830","59","67952719"
"chr4","23636255","23636380","chr1","150762763","150762889","15","127126508"
"chr4","23636671","23636879","chr5","117884718","117884920","41","94248047"
"chr4","23675656","23675967","chr22","12635984","12636291","56","11039672"
"chr4","23680844","23681137","chr3","125068067","125068363","44","101387223"
"chr4","23765602","23765888","chr1","113070782","113071064","52","89305180"
"chr4","23793316","23793611","chr7","154133029","154133326","42","130339713"
"chr4","23821211","23821509","chr9","116045345","116045644","42","92224134"
"chr4","23904314","23904602","chr4","171202478","171202770","47","147298164"
"chr4","23923779","23923898","chr6","58405352","58405471","14","34481573"
"chr4","23925072","23925302","chr19","39660619","39660863","62","15735547"
"chr4","23931894","23932004","chr1","41446585","41446696","11","17514691"
"chr4","23978199","23978378","chr10","12578201","12578370","34","11399998"
"chr4","23978690","23978827","chr19","54668095","54668230","23","30689405"
"chr4","23986511","23986684","chr5","118164435","118164601","35","94177924"
"chr4","23986976","23987068","chr15","75747392","75747494","29","51760416"
"chr4","23989757","23989892","chr6","13697989","13698122","24","10291768"
"chr4","23990192","23990370","chr2A","74628296","74628467","38","50638104"
"chr4","24002916","24003217","chrX","47845060","47845363","38","23842144"
"chr4","24004916","24005198","chr10","46538618","46538899","56","22533702"
"chr4","24018688","24018984","chr11","62759766","62760063","41","38741078"
"chr4","24020296","24020598","chr5","2684562","2684864","53","21335734"
"chr4","24025103","24025251","chr5","152570180","152570328","31","128545077"
"chr4","24050945","24051226","chr1","24016003","24016297","42","34942"
"chr4","24059386","24059697","chr16","38862398","38862703","49","14803012"
"chr4","24079926","24080229","chr6","89551362","89551672","49","65471436"
"chr4","24089567","24089854","chr1","36354006","36354302","42","12264439"
"chr4","24123955","24124251","chr10","132230202","132230495","36","108106247"
"chr4","24127050","24127211","chr1","15810713","15810878","27","8316337"
"chr4","24127250","24127390","chr19","17296928","17297069","22","6830322"
"chr4","24129833","24130128","chr4","93828554","93828847","38","69698721"
"chr4","24202054","24202338","chr19","1191371","1191674","53","23010683"
"chr4","24226503","24226647","chr8","10748880","10749024","21","13477623"
"chr4","24254507","24254791","chr2B","79663692","79663975","37","55409185"
"chr4","24370659","24370957","chr15","37862974","37863264","48","13492315"
"chr4","24387367","24387489","chr1","144567161","144567282","18","120179794"
"chr4","24387514","24387666","chr8","77975808","77975959","28","53588294"
"chr4","24392205","24392533","chr5","133271745","133272068","66","108879540"
"chr4","24401356","24401656","chrX","47845060","47845363","38","23443704"
"chr4","24430783","24431063","chr3","72171772","72172053","43","47740989"
"chr4","24464457","24464771","chr6","41421592","41421905","53","16957135"
"chr4","24493604","24493746","chr5","157098696","157098842","20","132605092"
"chr4","24515346","24515625","chr8","25420310","25420596","48","904964"
"chr4","24603027","24603128","chr8","11978257","11978358","11","12624770"
"chr4","24609106","24609252","chr18","7262844","7262992","18","17346262"
"chr4","24630761","24630996","chr7","48000806","48001023","62","23370045"
"chr4","24639493","24639792","chr22","19407366","19407666","32","5232127"
"chr4","24647208","24647369","chr15","29091658","29091817","24","4444450"
"chr4","24654220","24654506","chr5","21058068","21058355","36","3596152"
"chr4","24666858","24666986","chr2B","89836039","89836169","14","65169181"
"chr4","24681285","24681589","chr1","24557625","24557936","50","123660"
"chr4","24685407","24685672","chr6","36657947","36658229","70","11972540"
"chr4","24692163","24692433","chr9","99672607","99672878","44","74980444"
"chr4","24694618","24694738","chr1","14802147","14802270","18","9892471"
"chr4","24738145","24738264","chr2B","83422734","83422853","20","58684589"
"chr4","24738296","24738463","chrX","23821323","23821491","34","916973"
"chr4","24741547","24741838","chr4","83095957","83096244","45","58354410"
"chr4","24749564","24749842","chr1","4471457","4471740","53","20278107"
"chr4","24753874","24754190","chr5","46530569","46530871","58","21776695"
"chr4","24765527","24765824","chr4","5708286","5708588","47","19057241"
"chr4","24795323","24795638","chr2B","124554435","124554745","40","99759112"
"chr4","24839787","24840081","chr13","9716804","9717101","41","15122983"
"chr4","24841932","24842239","chr1","44057671","44057979","37","19215739"
"chr4","24848454","24848717","chr9","82911820","82912091","53","58063366"
"chr4","24883841","24884144","chr1","182113299","182113606","46","157229458"
"chr4","24897123","24897246","chr4","157348924","157349039","19","132451801"
"chr4","24897441","24897597","chr14","21056651","21056807","24","3840790"
"chr4","24897903","24898039","chr5","38957611","38957744","22","14059708"
"chr4","24915032","24915319","chr1","46886980","46887270","34","21971948"
"chr4","24921653","24921950","chr6","45713778","45714072","38","20792125"
"chr4","24987931","24988046","chr18","76112123","76112237","24","51124192"
"chr4","25024517","25024804","chr18","54745001","54745284","51","29720484"
"chr4","25032680","25032772","chr14","23880117","23880209","14","1152563"
"chr4","25033085","25033257","chr17","5263999","5264172","35","19769086"
"chr4","25037103","25037399","chr6","45713778","45714072","36","20676675"
"chr4","25042834","25042951","chr7","5414295","5414412","8","19628539"
"chr4","25048059","25048331","chr4","81633837","81634116","59","56585778"
"chr4","25060577","25060865","chr3","54466312","54466598","39","29405735"
"chr4","25103549","25103650","chr4","190089096","190089195","15","164985547"
"chr4","25220695","25220997","chr12","75805158","75805457","36","50584463"
"chr4","25262273","25262402","chr2A","11350578","11350709","21","13911695"
"chr4","25338859","25339091","chr20","55564574","55564812","45","30225715"
"chr4","25435145","25435428","chr21","28266356","28266639","44","2831211"
"chr4","25442347","25442490","chr18","59064463","59064604","28","33622116"
"chr4","25442792","25442819","chr6","39519610","39519636","6","14076818"
"chr4","25479914","25480136","chr9","73044908","73045127","46","47564994"
"chr4","25490686","25490987","chr21","30728930","30729226","41","5238244"
"chr4","25511593","25511866","chr10","99761440","99761722","49","74249847"
"chr4","25515502","25515749","chr1","28757416","28757663","37","3241914"
"chr4","25535472","25535674","chr4","38919830","38920031","34","13384358"
"chr4","25643596","25643899","chr4","71864437","71864741","50","46220841"
"chr4","25649247","25649534","chr1","110168262","110168538","46","84519015"
"chr4","25684709","25684997","chr6","46332308","46332601","36","20647599"
"chr4","25694311","25694505","chr17","61625988","61626186","37","35931677"
"chr4","25694800","25694916","chr3","45629081","45629198","14","19934281"
"chr4","25699197","25699513","chr3","70171218","70171528","40","44472021"
"chr4","25704437","25704750","chr1","202488635","202488945","42","176784198"
"chr4","25705663","25705959","chr10","133565552","133565849","41","107859889"
"chr4","25719322","25719606","chr18","3903617","3903910","51","21815705"
"chr4","25735710","25735827","chr5","1864180","1864298","11","23871530"
"chr4","25747451","25747757","chr1","183681471","183681768","53","157934020"
"chr4","25763084","25763381","chr1","16701887","16702190","38","9061197"
"chr4","25787705","25788001","chr6","164274281","164274576","36","138486576"
"chr4","25789274","25789532","chr5","10707676","10707932","40","15081598"
"chr4","25813634","25813932","chr9","94113778","94114080","42","68300144"
"chr4","25830622","25830763","chr2B","112622813","112622952","28","86792191"
"chr4","25834303","25834601","chr1","134385388","134385687","47","108551085"
"chr4","25837603","25837901","chr1","181257154","181257453","49","155419551"
"chr4","25845049","25845165","chr8","35302517","35302636","15","9457468"
"chr4","25857378","25857644","chr6","77982799","77983061","43","52125421"
"chr4","25864058","25864353","chr12","38975287","38975583","31","13111229"
"chr4","25868757","25868880","chr16","9393248","9393371","13","16475509"
"chr4","25868920","25869082","chr5","6287016","6287179","26","19581904"
"chr4","25888499","25888801","chr19","7004044","7004351","42","18884455"
"chr4","25894594","25894719","chr6","161895691","161895825","23","136001097"
"chr4","25895027","25895175","chr7","23516881","23517032","25","2378146"
"chr4","25895986","25896145","chr2B","16492410","16492571","20","9403576"
"chr4","25896449","25896581","chr15","45562534","45562668","12","19666085"
"chr4","25901501","25901750","chr1","109992417","109992662","49","84090916"
"chr4","25909218","25909331","chr8","99311142","99311256","15","73401924"
"chr4","25922174","25922476","chr19","7004044","7004351","42","18918130"
"chr4","25942470","25942781","chr2B","22798780","22799089","48","3143690"
"chr4","25954814","25955081","chr17","4162575","4162848","52","21792239"
"chr4","25969766","25969890","chr6","109289964","109290086","16","83320198"
"chr4","26028493","26028660","chr17","17765292","17765458","31","8263201"
"chr4","26052420","26052720","chr3","55494823","55495130","41","29442403"
"chr4","26057261","26057571","chr2A","3441280","3441591","40","22615981"
"chr4","26068522","26068815","chrX","18069807","18070096","40","7998715"
"chr4","26072922","26073200","chr21","22918035","22918315","60","3154887"
"chr4","26122832","26122963","chr1","35559881","35560012","15","9437049"
"chr4","26123257","26123384","chr14","12485207","12485337","14","13638050"
"chr4","26123394","26123486","chr15","24163311","24163405","11","1960083"
"chr4","26153285","26153520","chr7","72586695","72586923","46","46433410"
"chr4","26191475","26191782","chr9","67930664","67930970","38","41739189"
"chr4","26199463","26199774","chr6","112148811","112149116","42","85949348"
"chr4","26202682","26202986","chr2A","42582583","42582886","36","16379901"
"chr4","26292240","26292474","chr5","87419011","87419244","32","61126771"
"chr4","26297108","26297197","chr4","201135009","201135100","11","174837901"
"chr4","26321806","26322083","chr9","75428075","75428355","45","49106269"
"chr4","26348509","26348812","chr15","68336663","68336963","35","41988154"
"chr4","26434165","26434458","chr10","50297952","50298253","48","23863787"
"chr4","26513634","26513932","chr13","96370801","96371102","37","69857167"
"chr4","26520945","26521248","chr21","31933268","31933561","50","5412323"
"chr4","26560686","26560989","chr12","92652799","92653098","35","66092113"
"chr4","26638655","26638731","chr8","146589918","146589992","11","119951263"
"chr4","26639299","26639465","chr6","164420460","164420623","35","137781161"
"chr4","26653461","26653581","chr8","142139940","142140060","19","115486479"
"chr4","26659302","26659585","chr6","150286523","150286810","43","123627221"
"chr4","26683148","26683441","chr6","4177308","4177600","44","22505840"
"chr4","26719866","26720169","chr10","107073476","107073779","53","80353610"
"chr4","26843203","26843325","chr14","67335287","67335411","18","40492084"
"chr4","26843349","26843504","chr19","5457494","5457649","31","21385855"
"chr4","26877072","26877206","chr15","22699976","22700107","34","4177096"
"chr4","26880796","26881069","chr5","15655691","15655965","43","11225105"
"chr4","26894383","26894673","chr15","47754266","47754553","44","20859883"
"chr4","26905705","26906009","chr4","25322600","25322905","44","1583105"
"chr4","26929447","26929738","chr15","59300087","59300378","40","32370640"
"chr4","26980059","26980360","chr6","75429497","75429795","36","48449438"
"chr4","27000003","27000192","chr19","3261489","3261676","39","23738514"
"chr4","27006920","27007212","chr16","38878286","38878581","47","11871366"
"chr4","27024476","27024588","chr10","100318038","100318149","14","73293562"
"chr4","27073613","27073793","chr14","30920055","30920232","30","3846442"
"chr4","27074099","27074233","chr1","209742215","209742351","17","182668116"
"chr4","27136976","27137136","chr16","60748035","60748196","25","33611059"
"chr4","27187625","27187782","chr19","6414816","6414977","21","20772809"
"chr4","27258973","27259197","chr7","73140057","73140277","30","45881084"
"chr4","27269274","27269547","chr1","42897320","42897585","52","15628046"
"chr4","27312248","27312335","chr1","115533472","115533562","12","88221224"
"chr4","27327927","27328135","chr16","59875814","59876036","48","32547887"
"chr4","27377141","27377439","chr20","337946","338243","45","27039195"
"chr4","27408387","27408473","chr1","28753545","28753625","20","1345158"
"chr4","27411581","27411866","chr5","45914070","45914364","37","18502489"
"chr4","27429756","27430050","chr14","87871716","87872017","47","60441960"
"chr4","27560189","27560472","chr6","1436533","1436816","32","26123656"
"chr4","27597638","27597889","chr7","137937897","137938147","33","110340259"
"chr4","27611354","27611364","chr1","69109954","69109964","1","41498600"
"chr4","27611396","27611679","chrX","15626910","15627195","40","11984486"
"chr4","27622617","27622921","chr9","116793954","116794255","44","89171337"
"chr4","27632666","27632973","chr15","1886496","1886796","44","25746170"
"chr4","27655502","27655770","chr7","5752892","5753156","35","21902610"
"chr4","27656781","27657074","chr12","132033167","132033461","43","104376386"
"chr4","27661301","27661577","chr3","151318502","151318778","48","123657201"
"chr4","27662056","27662340","chr1","137412934","137413215","42","109750878"
"chr4","27677327","27677519","chr1","27433974","27434152","31","243353"
"chr4","27707341","27707644","chr9","25207930","25208228","46","2499411"
"chr4","27779480","27779667","chr22","852058","852245","25","26927422"
"chr4","27781036","27781301","chr16","9680800","9681062","39","18100236"
"chr4","27825402","27825526","chr3","109606542","109606662","28","81781140"
"chr4","27943895","27944171","chr6","1100451","1100726","43","26843444"
"chr4","28003492","28003723","chr1","206005436","206005660","41","178001944"
"chr4","28057045","28057304","chr1","21946056","21946300","56","6110989"
"chr4","28089352","28089468","chr8","63010003","63010119","15","34920651"
"chr4","28091512","28091827","chr3","72409840","72410157","44","44318328"
"chr4","28192248","28192441","chr2A","96313981","96314173","28","68121733"
"chr4","28194987","28195114","chr2B","129831786","129831912","16","101636799"
"chr4","28429070","28429186","chr18","43100747","43100870","20","14671677"
"chr4","28481291","28481554","chr2A","21108546","21108803","43","7372745"
"chr4","28488384","28488562","chr4","3581108","3581288","23","24907276"
"chr4","28488598","28488724","chr8","47177672","47177799","17","18689074"
"chr4","28531059","28531279","chr7","73140057","73140277","39","44608998"
"chr4","28562758","28562877","chr2A","37342062","37342176","22","8779304"
"chr4","28639859","28640160","chr7","85560938","85561239","43","56921079"
"chr4","28691661","28691955","chr1","27226364","27226657","42","1465297"
"chr4","28749706","28749833","chr14","12485207","12485337","14","16264499"
"chr4","28768787","28769087","chr12","75805158","75805457","42","47036371"
"chr4","28772103","28772373","chr3","34261429","34261702","36","5489326"
"chr4","28810889","28811185","chr4","21361861","21362148","42","7449028"
"chr4","28816983","28817089","chr12","523147","523245","17","28293836"
"chr4","28825583","28825866","chr2B","94337341","94337613","43","65511758"
"chr4","28835626","28835755","chr8","48754235","48754366","19","19918609"
"chr4","28849827","28849978","chr1","7647076","7647233","25","21202751"
"chr4","28907538","28907602","chr16","31351310","31351379","16","2443772"
"chr4","28953766","28954076","chr7","40485454","40485759","35","11531688"
"chr4","28954216","28954301","chr12","101598875","101598959","11","72644659"
"chr4","28985469","28985763","chr7","130317077","130317371","41","101331608"
"chr4","29016850","29017146","chr6","17679318","17679614","37","11337532"
"chr4","30040495","30040775","chr12","8152319","8152601","44","21888176"
"chr4","30067919","30068223","chr6","30248807","30249115","45","180888"
"chr4","30136171","30136302","chr15","20074227","20074360","14","10061944"
"chr4","30136345","30136523","chr20","48118581","48118762","34","17982236"
"chr4","30162195","30162502","chr11","65020010","65020311","55","34857815"
"chr4","30205444","30205708","chr12","18894957","18895232","44","11310487"
"chr4","30233955","30234077","chr18","76112123","76112237","21","45878168"
"chr4","30372466","30372580","chrX","23325027","23325143","22","7047439"
"chr4","30390275","30390527","chrX","25999745","25999998","44","4390530"
"chr4","30523587","30523930","chr6","30888677","30889017","50","365090"
"chr4","30551354","30551664","chr11","66715168","66715477","45","36163814"
"chr4","30561084","30561367","chr3","42930631","42930917","38","12369547"
"chr4","30589798","30590097","chr7","101967535","101967830","45","71377737"
"chr4","30628227","30628518","chr6","31023557","31023848","46","395330"
"chr4","30641133","30641235","chrX","18290338","18290439","15","12350795"
"chr4","30641525","30641690","chr7","140102030","140102192","28","109460505"
"chr4","30645565","30645844","chr6","75611850","75612132","38","44966285"
"chr4","30654573","30654850","chr2A","20065758","20066048","47","10588815"
"chr4","30655158","30655371","chrX","2157572","2157777","53","28497586"
"chr4","30661595","30661902","chr7","143920415","143920737","65","113258820"
"chr4","30662977","30663106","chr4","81900404","81900528","16","51237427"
"chr4","30778324","30778647","chr5","45966514","45966825","47","15188190"
"chr4","30840859","30841106","chr12","21851879","21852124","48","8988980"
"chr4","30841628","30841762","chr2A","11350578","11350709","27","19491050"
"chr4","30860116","30860253","chrX","16615887","16616022","22","14244229"
"chr4","30883935","30884048","chr10","114507416","114507531","14","83623481"
"chr4","30884372","30884544","chr10","111820115","111820291","26","80935743"
"chr4","30894389","30894510","chr2A","37342062","37342176","22","6447673"
"chr4","30900695","30900841","chr5","110332644","110332786","36","79431949"
"chr4","30901208","30901404","chr19","35703378","35703576","23","4802170"
"chr4","30907993","30908095","chr3","58825185","58825285","13","27917192"
"chr4","30908395","30908556","chr14","21056651","21056807","27","9851744"
"chr4","30912718","30913017","chr17","2201543","2201836","39","28711175"
"chr4","30930119","30930284","chr12","109139728","109139889","34","78209609"
"chr4","30930305","30930473","chr12","33023715","33023880","36","2093410"
"chr4","30931875","30932154","chr12","120592751","120593031","41","89660876"
"chr4","30940709","30940990","chr4","101447458","101447743","44","70506749"
"chr4","30950463","30950628","chr12","33023715","33023880","23","2073252"
"chr4","30952854","30953153","chr7","85478290","85478587","45","54525436"
"chr4","30954751","30955027","chr1","102320513","102320796","48","71365762"
"chr4","30963738","30964014","chr2B","10538259","10538549","53","20425479"
"chr4","30964850","30965016","chr12","120337566","120337735","31","89372716"
"chr4","30965310","30965459","chr12","111313772","111313915","23","80348462"
"chr4","31007713","31007881","chr12","109806371","109806534","25","78798658"
"chr4","31008184","31008316","chr1","114318909","114319042","16","83310725"
"chr4","31013981","31014271","chr4","38588688","38588976","41","7574707"
"chr4","31014687","31014850","chr14","65392304","65392467","36","34377617"
"chr4","31045945","31045987","chr2B","16973593","16973636","6","14072352"
"chr4","31046281","31046432","chr9","15166414","15166575","33","15879867"
"chr4","31046739","31047017","chr12","112432223","112432508","48","81385484"
"chr4","31060591","31060896","chr6","31304502","31304804","43","243911"
"chr4","31067327","31067649","chr1","135475584","135475893","51","104408257"
"chr4","31068677","31068973","chr22","12737183","12737481","42","18331494"
"chr4","31075268","31075403","chr22","2827381","2827513","23","28247887"
"chr4","31075404","31075703","chr10","29751909","29752207","36","1323495"
"chr4","31075704","31075873","chr1","86252956","86253123","27","55177252"
"chr4","31113961","31114256","chr11","77103333","77103625","39","45989372"
"chr4","31115621","31115911","chr19","50003822","50004120","43","18888201"
"chr4","31136118","31136422","chr3","183837195","183837499","50","152701077"
"chr4","31148656","31148934","chr2A","10340566","10340843","32","20808090"
"chr4","31148951","31149262","chr5","43653545","43653844","52","12504594"
"chr4","31154856","31155138","chr8","34195854","34196142","45","3040998"
"chr4","31163969","31164259","chr9","45392391","45392696","56","14228422"
"chr4","31174272","31174413","chr5","6272328","6272463","31","24901944"
"chr4","31177386","31177678","chr3","151894114","151894404","38","120716728"
"chr4","31181207","31181312","chr14","65398954","65399060","12","34217747"
"chr4","31185539","31185845","chr3","131643212","131643513","38","100457673"
"chr4","31189614","31189912","chr9","79635008","79635305","35","48445394"
"chr4","31194546","31194844","chr8","54724297","54724600","58","23529751"
"chr4","31197388","31197654","chr4","177591816","177592093","51","146394428"
"chr4","31202653","31202806","chr1","162631208","162631359","27","131428555"
"chr4","31203121","31203256","chr1","209383866","209384001","15","178180745"
"chr4","31204640","31204726","chr15","34706967","34707056","19","3502327"
"chr4","31209443","31209741","chr7","39500292","39500591","40","8290849"
"chr4","31216991","31217176","chr1","45565861","45566044","32","14348870"
"chr4","31217470","31217567","chr1","142477382","142477479","14","111259912"
"chr4","31229697","31229957","chr9","111775635","111775877","47","80545938"
"chr4","31243107","31243336","chr1","14673678","14673907","40","16569429"
"chr4","31245916","31246214","chr1","75708117","75708419","41","44462201"
"chr4","31253005","31253123","chr7","45679040","45679158","27","14426035"
"chr4","31253748","31253884","chr1","209742215","209742351","17","178488467"
"chr4","31266268","31266402","chr1","71393655","71393787","30","40127387"
"chr4","31266714","31266881","chr12","124975481","124975639","55","93708767"
"chr4","31271463","31271585","chr7","72489565","72489680","23","41218102"
"chr4","31279802","31280057","chr1","19467796","19468052","36","11812006"
"chr4","31316194","31316434","chr1","21974672","21974915","55","9341522"
"chr4","31328507","31328797","chr1","46588938","46589218","43","15260431"
"chr4","31352167","31352305","chr3","52514023","52514171","29","21161856"
"chr4","31352601","31352735","chr1","40962476","40962609","15","9609875"
"chr4","31356536","31356798","chr20","34921197","34921459","42","3564661"
"chr4","31356810","31356920","chr13","12126689","12126797","18","19230121"
"chr4","31357035","31357190","chr1","160302248","160302397","19","128945213"
"chr4","31378807","31379101","chr1","31272897","31273191","49","105910"
"chr4","31423819","31424116","chr10","137291071","137291371","44","105867252"
"chr4","31425259","31425562","chr6","39334930","39335231","30","7909671"
"chr4","31439469","31439547","chr5","123097829","123097900","18","91658360"
"chr4","31452847","31453124","chr21","27277676","27277957","40","4175171"
"chr4","31453176","31453195","chr6","75361790","75361806","3","43908614"
"chr4","31481026","31481173","chr5","133401606","133401750","17","101920580"
"chr4","31493366","31493671","chr1","4763790","4764085","49","26729576"
"chr4","31507867","31508157","chr7","156101400","156101691","41","124593533"
"chr4","31513870","31514121","chr1","202718115","202718365","50","171204245"
"chr4","31524233","31524477","chr1","151626041","151626289","39","120101808"
"chr4","31543617","31543743","chr19","8367542","8367670","23","23176075"
"chr4","31544044","31544222","chr8","124806327","124806503","38","93262283"
"chr4","31548838","31548991","chr6","31754503","31754638","26","205665"
"chr4","31549295","31549451","chr6","31754938","31755094","30","205643"
"chr4","31556449","31556735","chr15","50460589","50460874","46","18904140"
"chr4","31558963","31558976","chr12","121719450","121719463","4","90160487"
"chr4","31558997","31559071","chr9","72197981","72198046","14","40638984"
"chr4","31559328","31559628","chr8","9756252","9756551","45","21803076"
"chr4","31581611","31581916","chr12","32947541","32947831","47","1365930"
"chr4","31585065","31585372","chr6","112148811","112149116","45","80563746"
"chr4","31593601","31593620","chr4","59370854","59370873","3","27777253"
"chr4","31593650","31593770","chr7","69708940","69709061","15","38115290"
"chr4","31595867","31596164","chr14","86291533","86291832","40","54695666"
"chr4","31601145","31601375","chr1","44914978","44915212","38","13313833"
"chr4","31607432","31607566","chr3","48404443","48404577","15","16797011"
"chr4","31607567","31607870","chr6","55018124","55018426","51","23410557"
"chr4","31607871","31608040","chr12","95335799","95335965","25","63727928"
"chr4","31609706","31609786","chr1","51233542","51233629","19","19623836"
"chr4","31611503","31611799","chr12","117117068","117117362","43","85505565"
"chr4","31614757","31614928","chr12","37388525","37388697","25","5773768"
"chr4","31615231","31615365","chr1","209742215","209742351","16","178126984"
"chr4","31636005","31636315","chr9","67930664","67930970","51","36294659"
"chr4","31643437","31643733","chr3","180317112","180317408","41","148673675"
"chr4","31652247","31652389","chrX","18407608","18407749","24","13244639"
"chr4","31652692","31652872","chr5","62337730","62337900","25","30685038"
"chr4","31653313","31653446","chr6","31852567","31852699","13","199254"
"chr4","31657302","31657458","chr6","31856475","31856637","29","199173"
"chr4","31660590","31660678","chr7","66821441","66821521","21","35160851"
"chr4","31671405","31671696","chr3","101862737","101863034","39","70191332"
"chr4","31673013","31673123","chr17","33600124","33600239","15","1927111"
"chr4","31675053","31675159","chr16","80415695","80415794","32","48740642"
"chr4","31682298","31682497","chrX","54049975","54050179","34","22367677"
"chr4","31682530","31682808","chr4","15665019","15665299","48","16017511"
"chr4","31689691","31689710","chr1","39256783","39256799","4","7567092"
"chr4","31689745","31690018","chr22","28988406","28988687","44","2701339"
"chr4","31801599","31801736","chr1","29910241","29910381","23","1891358"
"chr4","31806872","31806891","chr1","152625906","152625925","2","120819034"
"chr4","31806917","31807186","chr9","80745955","80746233","55","48939038"
"chr4","31823535","31823831","chr22","12189446","12189737","46","19634089"
"chr4","31969725","31970026","chr14","73771893","73772203","46","41802168"
"chr4","31999822","31999935","chr6","58405352","58405471","19","26405530"
"chr4","31999944","32000000","chr2B","85716899","85716950","15","53716955"
"chr4","32000001","32000071","chr9","78504079","78504145","12","46504078"
"chr4","32020151","32020458","chr1","93262530","93262841","48","61242379"
"chr4","32042025","32042145","chr3","45629081","45629198","15","13587056"
"chr4","32043239","32043556","chr6","112148811","112149116","48","80105572"
"chr4","32043557","32043720","chr5","19584116","19584279","24","12459441"
"chr4","32048857","32048982","chr19","9676147","9676272","12","22372710"
"chr4","32079658","32079953","chr5","2973594","2973889","38","29106064"
"chr4","32087461","32087752","chr1","133074132","133074427","44","100986671"
"chr4","32098446","32098746","chr7","1669242","1669542","39","30429204"
"chr4","32101416","32101573","chr1","28874660","28874812","22","3226756"
"chr4","32128495","32128632","chr1","11102412","11102548","24","21026083"
"chr4","32128633","32128918","chr5","35234993","35235284","40","3106360"
"chr4","32128919","32129080","chr19","7251575","7251742","29","24877344"
"chr4","32130049","32130286","chr1","109992417","109992662","49","77862368"
"chr4","32130856","32130989","chr4","155463310","155463450","21","123332454"
"chr4","32135307","32135435","chr14","60823980","60824109","19","28688673"
"chr4","32135731","32135838","chr1","164359318","164359426","23","132223587"
"chr4","32143806","32143967","chrX","52096827","52096988","29","19953021"
"chr4","32144266","32144410","chr19","33911263","33911405","24","1766997"
"chr4","32157427","32157724","chr14","14793856","14794144","40","17363571"
"chr4","32159357","32159530","chr5","59930487","59930657","31","27771130"
"chr4","32159835","32159968","chr2B","120508146","120508281","13","88348311"
"chr4","32160280","32160413","chr19","46390598","46390733","30","14230318"
"chr4","32160723","32160908","chr19","47790777","47790955","28","15630054"
"chr4","32161610","32161889","chr22","12634404","12634688","60","19527206"
"chr4","32162225","32162363","chr7","4956315","4956451","21","27205910"
"chr4","32162679","32162844","chr10","132372386","132372551","32","100209707"
"chr4","32173803","32174104","chr13","23986867","23987163","51","8186936"
"chr4","32179184","32179352","chr4","95830170","95830340","35","63650986"
"chr4","32201443","32201737","chr6","37873870","37874163","38","5672427"
"chr4","32202922","32203194","chr2A","82371144","82371416","53","50168222"
"chr4","32207365","32207487","chr5","51221059","51221183","20","19013694"
"chr4","32207792","32207976","chr22","12987595","12987769","33","19220197"
"chr4","32208517","32208806","chr4","110248134","110248433","42","78039617"
"chr4","32208807","32208943","chr1","65843818","65843953","16","33635011"
"chr4","32212875","32213066","chr5","43531844","43532032","32","11318969"
"chr4","32222074","32222231","chr1","158609839","158609998","24","126387765"
"chr4","32230780","32230939","chr7","48329254","48329410","22","16098474"
"chr4","32231234","32231361","chr9","15561049","15561173","22","16670185"
"chr4","32241444","32241744","chr3","131643212","131643513","37","99401768"
"chr4","32260411","32260711","chr3","172708820","172709119","46","140448409"
"chr4","32261164","32261459","chr3","124141736","124142033","40","91880572"
"chr4","32282987","32283278","chr5","53414789","53415087","38","21131802"
"chr4","32301249","32301534","chr19","35438931","35439222","33","3137682"
"chr4","32309567","32309874","chr13","81164151","81164440","64","48854584"
"chr4","32314331","32314589","chr14","54805719","54805978","35","22491388"
"chr4","32315517","32315846","chr6","75559140","75559455","56","43243623"
"chr4","32320410","32320714","chr11","62726767","62727069","37","30406357"
"chr4","32322032","32322317","chr16","19514850","19515136","38","12807182"
"chr4","32326139","32326213","chr10","91119787","91119861","7","58793648"
"chr4","32330965","32331090","chr3","50143151","50143273","24","17812186"
"chr4","32343546","32343825","chr17","29222631","29222909","32","3120915"
"chr4","32344929","32345231","chr12","39940499","39940799","36","7595570"
"chr4","32357672","32357957","chr8","131916792","131917077","43","99559120"
"chr4","32359880","32360001","chr3","128859796","128859915","16","96499916"
"chr4","32365009","32365139","chr7","129531129","129531264","19","97166120"
"chr4","32365441","32365598","chr6","152575412","152575577","31","120209971"
"chr4","32367111","32367388","chr5","118529329","118529607","50","86162218"
"chr4","32372812","32372949","chrX","23976572","23976706","21","8396240"
"chr4","32373571","32373784","chrX","16231122","16231339","56","16142449"
"chr4","32393921","32394223","chr1","204877866","204878175","52","172483945"
"chr4","32394609","32394899","chr19","14847304","14847605","56","17547305"
"chr4","32404191","32404456","chr1","27826241","27826514","46","4577950"
"chr4","32415249","32415482","chr7","63766369","63766615","52","31351120"
"chr4","32420920","32421034","chr8","63631723","63631835","12","31210803"
"chr4","32421250","32421417","chr7","5060115","5060281","28","27361135"
"chr4","32421418","32421663","chr6","112008757","112009011","54","79587339"
"chr4","32423655","32423932","chr1","194129673","194129951","49","161706018"
"chr4","32427000","32427295","chr11","3623940","3624232","46","28803060"
"chr4","32431236","32431400","chr2B","14494039","14494199","21","17937197"
"chr4","32431706","32431840","chr5","110285576","110285711","17","77853870"
"chr4","32431985","32432272","chr7","79374675","79374962","28","46942690"
"chr4","32434704","32434832","chr11","120280731","120280862","13","87846027"
"chr4","32469723","32469977","chr2B","99034256","99034536","71","66564533"
"chr4","32482778","32482906","chr7","140485581","140485713","18","108002803"
"chr4","32483201","32483292","chr19","12739026","12739106","28","19744175"
"chr4","32485314","32485610","chr8","146073201","146073497","53","113587887"
"chr4","32496799","32497105","chr19","37573063","37573367","51","5076264"
"chr4","32497711","32498002","chr1","180412261","180412556","41","147914550"
"chr4","32502398","32502535","chrX","19240655","19240787","17","13261743"
"chr4","32503916","32504106","chr8","128331193","128331390","32","95827277"
"chr4","32504286","32504416","chr1","47033279","47033407","18","14528993"
"chr4","32508038","32508346","chr8","107896105","107896406","42","75388067"
"chr4","32515241","32515549","chr2B","64337449","64337756","34","31822208"
"chr4","32517882","32518041","chr10","24785758","24785916","29","7732124"
"chr4","32518341","32518633","chr2B","124233515","124233808","42","91715174"
"chr4","32520843","32521151","chr1","137187764","137188067","45","104666921"
"chr4","32532325","32532622","chr11","19805449","19805751","53","12726876"
"chr4","32535471","32535728","chr9","87344202","87344458","31","54808731"
"chr4","32570906","32571210","chr15","78041904","78042206","35","45470998"
"chr4","32572282","32572582","chr7","140062193","140062503","47","107489911"
"chr4","32573923","32574219","chr6","32584601","32584897","50","10678"
"chr4","32618054","32618320","chr6","11122909","11123178","28","21495145"
"chr4","32619417","32619720","chr1","152886327","152886633","43","120266910"
"chr4","32622619","32622922","chr22","19689406","19689705","38","12933213"
"chr4","32623679","32623790","chr2B","106843871","106843980","13","74220192"
"chr4","32631955","32632269","chr3","50791867","50792181","65","18159912"
"chr4","32634831","32634966","chr6","36576189","36576324","16","3941358"
"chr4","32635277","32635452","chr19","48141411","48141582","31","15506134"
"chr4","32670748","32670865","chr1","135316827","135316944","15","102646079"
"chr4","32692607","32692740","chr1","36091207","36091337","15","3398600"
"chr4","32693043","32693200","chr7","133466004","133466163","28","100772961"
"chr4","32698989","32699037","chr15","43787870","43787918","13","11088881"
"chr4","32699365","32699531","chr6","34012414","34012575","31","1313049"
"chr4","32700145","32700295","chr6","153778978","153779126","36","121078833"
"chr4","32701526","32701820","chr7","79044919","79045216","32","46343393"
"chr4","32709673","32709829","chr12","11765522","11765680","29","20944151"
"chr4","32710590","32710719","chr1","27350774","27350904","15","5359816"
"chr4","32713987","32714267","chr2A","12764438","12764732","50","19949549"
"chr4","32719452","32719728","chr6","113026302","113026560","64","80306850"
"chr4","32730716","32731013","chr5","53514676","53514973","30","20783960"
"chr4","32731961","32732112","chr14","41478497","41478646","15","8746536"
"chr4","32735583","32735874","chr11","3623940","3624232","37","29111643"
"chr4","32770671","32770987","chr9","121376643","121376952","48","88605972"
"chr4","32788554","32788821","chr7","1542899","1543168","38","31245655"
"chr4","32789176","32789229","chr7","5500226","5500267","15","27288950"
"chr4","32792477","32792753","chr6","32812242","32812519","47","19765"
"chr4","32793513","32793811","chr1","16966192","16966489","28","15827321"
"chr4","32802867","32803148","chr1","36003185","36003473","38","3200318"
"chr4","32805992","32806101","chr11","61842335","61842446","13","29036343"
"chr4","32807428","32807682","chr19","13800772","13801030","41","19006656"
"chr4","32810737","32811029","chrX","21997841","21998140","44","10812896"
"chr4","32815358","32815638","chr6","32834711","32834992","39","19353"
"chr4","32816124","32816430","chr6","32835510","32835809","38","19386"
"chr4","32838530","32838825","chr2A","37977729","37978025","33","5139199"
"chr4","32845823","32845961","chr12","61757055","61757195","18","28911232"
"chr4","32852378","32852622","chr6","32887563","32887832","47","35185"
"chr4","32902301","32902585","chr6","112952710","112952997","33","80050409"
"chr4","32936064","32936262","chr8","145814561","145814765","30","112878497"
"chr4","32969665","32969973","chr4","200821253","200821559","33","167851588"
"chr4","33022765","33023078","chr5","66262413","66262707","59","33239648"
"chr4","33127150","33127258","chr6","161895422","161895544","38","128768272"
"chr4","33129075","33129215","chr2A","21415031","21415171","26","11714044"
"chr4","33131770","33132071","chr6","33109868","33110162","53","21902"
"chr4","33145997","33146183","chr11","38981131","38981316","40","5835134"
"chr4","33148137","33148277","chr4","155463310","155463450","26","122315173"
"chr4","33149785","33150086","chr6","33109868","33110162","54","39917"
"chr4","33185503","33185797","chr1","11856391","11856678","51","21329112"
"chr4","33191492","33191773","chr8","48387419","48387700","36","15195927"
"chr4","33193428","33193722","chr5","59897733","59898033","46","26704305"
"chr4","33199170","33199415","chr16","55907137","55907367","56","22707967"
"chr4","33199863","33200144","chr9","25701700","25701986","43","7498163"
"chr4","33204045","33204294","chr11","44167469","44167714","41","10963424"
"chr4","33291417","33291744","chr3","186728571","186728885","52","153437154"
"chr4","33368518","33368816","chr10","66455557","66455856","47","33087039"
"chr4","33392855","33393077","chr3","16576332","16576550","31","16816523"
"chr4","33395723","33395851","chr5","129939610","129939736","25","96543887"
"chr4","33396668","33396856","chrX","49285135","49285326","47","15888467"
"chr4","33396870","33396898","chr19","6379046","6379076","5","27017824"
"chr4","33398759","33398930","chr16","58627599","58627756","40","25228840"
"chr4","33406119","33406406","chr1","194129673","194129951","54","160723554"
"chr4","33432219","33432521","chr9","109734146","109734451","44","76301927"
"chr4","33444418","33444706","chr9","50705192","50705487","44","17260774"
"chr4","33449446","33449735","chr20","48240693","48240983","45","14791247"
"chr4","33463312","33463596","chr5","161072521","161072802","49","127609209"
"chr4","33469670","33469955","chrX","15626910","15627195","36","17842760"
"chr4","33473917","33474039","chr16","29998196","29998320","15","3475721"
"chr4","33475694","33475845","chr9","13304944","13305095","27","20170750"
"chr4","33492996","33493064","chr16","63024374","63024447","16","29531378"
"chr4","33493503","33493791","chr2A","67830661","67830952","38","34337158"
"chr4","33532634","33532802","chr5","36166737","36166884","43","2634103"
"chr4","33532826","33532962","chr2B","55744599","55744750","35","22211773"
"chr4","33548007","33548296","chr5","1989021","1989311","45","31558986"
"chr4","33553524","33553805","chr13","93795262","93795554","50","60241738"
"chr4","33609076","33609369","chr6","152483748","152484043","33","118874672"
"chr4","33715881","33716074","chr22","17569097","17569289","35","16146784"
"chr4","33716649","33716768","chrX","1266201","1266319","16","32450448"
"chr4","33751090","33751340","chr3","182676818","182677082","50","148925728"
"chr4","33758484","33758629","chr1","181488596","181488740","21","147730112"
"chr4","33758630","33758908","chr2A","97364116","97364392","40","63605486"
"chr4","33758909","33759074","chr3","190145156","190145312","39","156386247"
"chr4","33778235","33778511","chrX","132971523","132971812","47","99193288"
"chr4","33786568","33786845","chr14","74043184","74043471","44","40256616"
"chr4","33830583","33830889","chr15","46070018","46070317","47","12239435"
"chr4","33852944","33853252","chr5","152929171","152929482","53","119076227"
"chr4","33888403","33888629","chrX","100915985","100916220","34","67027582"
"chr4","33892878","33893051","chr9","94304596","94304774","32","60411718"
"chr4","33893085","33893213","chr8","129275899","129276024","24","95382814"
"chr4","33922239","33922327","chr8","7695945","7696028","23","26226294"
"chr4","33954904","33955199","chr20","48647460","48647755","41","14692556"
"chr4","33958932","33959025","chr7","103699234","103699329","16","69740302"
"chr4","33971110","33971255","chr16","58440740","58440892","25","24469630"
"chr4","33983658","33983945","chr4","86883278","86883572","40","52899620"
"chr4","33984167","33984469","chr14","110301","110606","47","33873866"
"chr4","34019620","34019747","chr8","38818222","38818348","29","4798602"
"chr4","34020011","34020184","chr1","63281361","63281523","38","29261350"
"chr4","34029310","34029427","chr6","58405352","58405471","12","24376042"
"chr4","34031418","34031635","chr14","63047562","63047782","63","29016144"
"chr4","34031678","34031833","chr5","20777912","20778068","29","13253766"
"chr4","34036546","34036723","chr16","73276000","73276178","34","39239454"
"chr4","34037917","34038222","chr6","112148811","112149116","43","78110894"
"chr4","34038287","34038417","chr5","35633795","35633931","15","1595508"
"chr4","34041504","34041633","chr12","121987168","121987296","26","87945664"
"chr4","34041945","34042117","chr11","17641228","17641395","35","16400717"
"chr4","34046250","34046544","chr1","45375403","45375701","41","11329153"
"chr4","34061594","34061807","chr15","40964480","40964693","31","6902886"
"chr4","34062826","34062953","chr11","63383320","63383444","14","29320494"
"chr4","34065011","34065078","chr12","88820903","88820964","14","54755892"
"chr4","34066280","34066435","chr3","34777433","34777580","31","711153"
"chr4","34079290","34079414","chr15","9178913","9179037","17","24900377"
"chr4","34089995","34090290","chr15","30508140","30508434","40","3581855"
"chr4","34108196","34108481","chr1","27210749","27211044","45","6897447"
"chr4","34115440","34115729","chr18","20748376","20748674","40","13367064"
"chr4","34117662","34117791","chr1","36091207","36091337","18","1973545"
"chr4","34118078","34118260","chrX","90587661","90587827","36","56469583"
"chr4","34120049","34120353","chr15","1886496","1886796","44","32233553"
"chr4","34137754","34137978","chr7","106182354","106182583","36","72044600"
"chr4","34138629","34138922","chr2B","93935465","93935754","39","59796836"
"chr4","34139398","34139606","chr4","121733322","121733529","34","87593924"
"chr4","34141599","34141899","chr1","33632173","33632471","42","509426"
"chr4","34142908","34143193","chr6","81033707","81033988","40","46890799"
"chr4","34148052","34148200","chr7","67055752","67055897","38","32907700"
"chr4","34150841","34151130","chr1","186408673","186408962","42","152257832"
"chr4","34152073","34152328","chr2B","108325201","108325471","53","74173128"
"chr4","34153367","34153489","chr14","68772219","68772335","18","34618852"
"chr4","34153831","34154002","chr19","38098855","38099019","24","3945024"
"chr4","34154003","34154277","chr5","5483157","5483433","49","28670846"
"chr4","34154278","34154358","chr13","78454517","78454600","14","44300239"
"chr4","34154504","34154520","chrX","118566618","118566633","2","84412114"
"chr4","34154567","34154836","chr12","112375841","112376128","54","78221274"
"chr4","34163038","34163363","chr3","123890706","123891019","53","89727668"
"chr4","34165058","34165125","chr7","67722910","67722977","6","33557852"
"chr4","34169052","34169184","chr1","205772785","205772916","21","171603733"
"chr4","34169481","34169649","chrX","74323110","74323273","32","40153629"
"chr4","34174675","34174978","chr9","115818025","115818323","41","81643350"
"chr4","34175917","34176197","chr2B","124977630","124977912","38","90801713"
"chr4","34177122","34177348","chr11","64083296","64083520","40","29906174"
"chr4","34179799","34180075","chr8","66348701","66348976","33","32168902"
"chr4","34186646","34186805","chr1","135795439","135795597","19","101608793"
"chr4","34187117","34187255","chr9","94655765","94655899","18","60468648"
"chr4","34187605","34187687","chr1","6253507","6253596","18","27934098"
"chr4","34189071","34189253","chr12","22465862","22466041","20","11723209"
"chr4","34189560","34189683","chr10","107898843","107898965","16","73709283"
"chr4","34191483","34191788","chr13","95631526","95631814","51","61440043"
"chr4","34208110","34208408","chr6","34050378","34050668","41","157732"
"chr4","34210496","34210779","chr8","103853182","103853465","38","69642686"
"chr4","34212146","34212277","chr1","133719894","133720026","14","99507748"
"chr4","34244085","34244196","chr10","7566684","7566792","21","26677401"
"chr4","34244219","34244350","chr1","17325345","17325470","26","16918874"
"chr4","34245679","34245973","chr6","34085871","34086170","35","159808"
"chr4","34275254","34275455","chr17","59122344","59122542","34","24847090"
"chr4","34298305","34298456","chr4","1372449","1372597","22","32925856"
"chr4","34300482","34300785","chr20","35836522","35836823","42","1536040"
"chr4","34304770","34304921","chr4","1372449","1372597","21","32932321"
"chr4","34311426","34311540","chr6","91723632","91723748","10","57412206"
"chr4","34311827","34312021","chrX","124599356","124599551","41","90287529"
"chr4","34313929","34314058","chr8","76897416","76897545","15","42583487"
"chr4","34324338","34324646","chr5","150418643","150418945","52","116094305"
"chr4","34330950","34331129","chr7","101008071","101008253","25","66677121"
"chr4","34331664","34331796","chr1","213473838","213473970","14","179142174"
"chr4","34335142","34335341","chr6","22583904","22584117","42","11751238"
"chr4","34345407","34345692","chr6","31723241","31723525","43","2622166"
"chr4","34370037","34370330","chr7","156101400","156101691","33","121731363"
"chr4","34377006","34377284","chr6","35803902","35804184","53","1426896"
"chr4","34377311","34377331","chr8","6080678","6080697","4","28296633"
"chr4","34379352","34379644","chr4","137202145","137202441","38","102822793"
"chr4","34380032","34380333","chr14","110301","110606","46","34269731"
"chr4","34384476","34384619","chr5","133401606","133401750","32","99017130"
"chr4","34384920","34385078","chr14","34921385","34921550","27","536465"
"chr4","34387052","34387353","chr10","41660210","41660514","46","7273158"
"chr4","34400647","34400737","chr19","18007757","18007844","13","16392890"
"chr4","34418158","34418374","chr7","154862780","154862989","38","120444622"
"chr4","34422072","34422242","chr5","59930487","59930657","25","25508415"
"chr4","34422246","34422541","chr4","105331586","105331886","38","70909340"
"chr4","34423892","34424026","chr7","73048340","73048473","15","38624448"
"chr4","34425750","34425895","chr5","157098696","157098842","28","122672946"
"chr4","34426193","34426343","chr5","61427117","61427255","29","27000924"
"chr4","34433055","34433193","chr5","163734016","163734148","20","129300961"
"chr4","34439387","34439549","chr1","135795439","135795597","28","101356052"
"chr4","34439844","34439983","chr7","73231595","73231734","19","38791751"
"chr4","34440775","34441086","chr17","26146272","26146578","41","8294503"
"chr4","34458386","34458691","chr2A","68864296","68864588","51","34405910"
"chr4","34467949","34468115","chr7","110885244","110885413","31","76417295"
"chr4","34468414","34468551","chr14","14314069","14314202","14","20154345"
"chr4","34492072","34492198","chr4","194530892","194531016","13","160038820"
"chr4","34521770","34522075","chr8","9756252","9756551","41","24765518"
"chr4","34530396","34530518","chr1","14802147","14802270","16","19728249"
"chr4","34535779","34536060","chr8","48441700","48441981","43","13905921"
"chr4","34564651","34564973","chrX","19645096","19645409","53","14919555"
"chr4","34640207","34640455","chr8","133075658","133075906","37","98435451"
"chr4","34680217","34680513","chr13","9716804","9717101","30","24963413"
"chr4","34709398","34709513","chr10","60326661","60326780","21","25617263"
"chr4","34710141","34710432","chr8","76292317","76292607","44","41582176"
"chr4","34764898","34765199","chr7","102837881","102838190","42","68072983"
"chr4","34905148","34905439","chr7","152775232","152775503","53","117870084"
"chr4","35000001","35000134","chr8","135099786","135099914","20","100099785"
"chr4","35006766","35007054","chr8","124626605","124626902","47","89619839"
"chr4","35046881","35047010","chr1","36509687","36509822","14","1462806"
"chr4","35048449","35048609","chr9","78749624","78749792","30","43701175"
"chr4","35054220","35054392","chr1","7734768","7734941","30","27319452"
"chr4","35061635","35061801","chr5","19584116","19584279","25","15477519"
"chr4","35061802","35062112","chr10","111182620","111182920","52","76120818"
"chr4","35062113","35062247","chr3","183694325","183694460","17","148632212"
"chr4","35062772","35063081","chr1","135088116","135088420","48","100025344"
"chr4","35064161","35064457","chr17","63715079","63715375","43","28650918"
"chr4","35074495","35074797","chr5","24448254","24448560","43","10626241"
"chr4","35094874","35095026","chr19","52923111","52923264","29","17828237"
"chr4","35096654","35096915","chr6","135406081","135406352","57","100309427"
"chr4","35097377","35097496","chrX","1266201","1266319","14","33831176"
"chr4","35102057","35102186","chr19","44949416","44949550","15","9847359"
"chr4","35102776","35102865","chr3","26048112","26048203","9","9054664"
"chr4","35110150","35110273","chr1","1511815","1511938","34","33598335"
"chr4","35110569","35110659","chr19","1675399","1675501","21","33435170"
"chr4","35135546","35135849","chr2A","64219680","64219982","41","29084134"
"chr4","35137008","35137300","chr14","47820047","47820346","44","12683039"
"chr4","35141779","35141910","chr4","159635447","159635579","16","124493668"
"chr4","35161073","35161366","chr19","32607439","32607738","50","2553634"
"chr4","35175485","35175540","chr12","111451114","111451165","11","76275629"
"chr4","35175847","35175987","chr20","32108887","32109021","31","3066960"
"chr4","35178577","35178866","chr1","25498992","25499286","41","9679585"
"chr4","35190436","35190535","chr17","92118913","92119012","15","56928477"
"chr4","35211870","35212145","chr6","55712855","55713144","47","20500985"
"chr4","35221005","35221164","chr16","3488439","3488599","19","31732566"
"chr4","35224465","35224758","chr1","164395941","164396239","36","129171476"
"chr4","35231721","35231760","chr6","109115889","109115932","10","73884168"
"chr4","35232056","35232296","chr3","33765107","33765355","64","1466949"
"chr4","35237760","35238070","chr12","28200965","28201278","43","7036795"
"chr4","35239972","35240240","chr5","106036908","106037179","50","70796936"
"chr4","35246172","35246461","chr5","126754014","126754299","47","91507842"
"chr4","35246639","35246749","chr9","111330634","111330740","15","76083995"
"chr4","35254386","35254687","chr9","110815359","110815664","40","75560973"
"chr4","35258470","35258774","chr2B","67540821","67541122","39","32282351"
"chr4","35269183","35269315","chr19","48835135","48835267","16","13565952"
"chr4","35277724","35277834","chr1","61833374","61833482","22","26555650"
"chr4","35278811","35279109","chr2B","100893350","100893645","42","65614539"
"chr4","35286806","35287095","chr5","158745419","158745710","36","123458613"
"chr4","35289543","35289659","chr19","18333047","18333164","14","16956496"
"chr4","35289949","35290135","chr8","86134072","86134255","36","50844123"
"chr4","35296083","35296397","chr7","138671585","138671894","50","103375502"
"chr4","35319485","35319787","chr7","1669242","1669542","41","33650243"
"chr4","35320899","35321194","chr11","117367595","117367888","37","82046696"
"chr4","35324221","35324339","chr11","1562973","1563089","22","33761248"
"chr4","35325119","35325398","chr12","7112342","7112628","44","28212777"
"chr4","35331627","35331920","chr16","13037737","13038029","40","22293890"
"chr4","35332596","35332888","chr5","16916095","16916385","45","18416501"
"chr4","35333090","35333395","chr5","64692519","64692819","45","29359429"
"chr4","35338995","35339173","chr20","35565904","35566078","28","226909"
"chr4","35339475","35339613","chr1","36509687","36509822","17","1170212"
"chr4","35340647","35340957","chr6","24071747","24072049","55","11268900"
"chr4","35342190","35342329","chr1","91403002","91403137","19","56060812"
"chr4","35342630","35342785","chr16","30790653","30790814","28","4551977"
"chr4","35343311","35343614","chr3","183837195","183837499","44","148493884"
"chr4","35368226","35368526","chr5","7714800","7715093","38","27653426"
"chr4","35381992","35382280","chr2A","75087079","75087367","34","39705087"
"chr4","35400165","35400297","chr6","57594868","57595001","14","22194703"
"chr4","35408005","35408255","chrX","119321161","119321415","37","83913156"
"chr4","35435488","35435737","chr6","38988586","38988843","56","3553098"
"chr4","35457960","35458252","chr15","44823444","44823736","35","9365484"
"chr4","35467549","35467635","chr4","121792827","121792913","17","86325278"
"chr4","35474774","35474939","chr8","46922845","46923020","41","11448071"
"chr4","35485049","35485321","chr18","7994333","7994602","39","27490716"
"chr4","35501633","35501720","chr14","63048319","63048405","9","27546686"
"chr4","35505607","35505902","chr15","68328367","68328659","39","32822760"
"chr4","35509964","35510096","chr8","107804988","107805123","18","72295024"
"chr4","35510352","35510452","chr14","57951591","57951692","18","22441239"
"chr4","35516510","35516802","chr6","110192592","110192884","42","74676082"
"chr4","35535239","35535536","chrX","22158908","22159212","43","13376331"
"chr4","35559480","35559726","chr15","37183171","37183422","42","1623691"
"chr4","35564081","35564379","chr9","50801939","50802239","39","15237858"
"chr4","35564936","35565123","chr14","6279639","6279836","41","29285297"
"chr4","35567014","35567308","chr3","125068067","125068363","36","89501053"
"chr4","35567315","35567604","chr3","125068067","125068363","40","89500752"
"chr4","35568242","35568364","chr14","60903108","60903232","14","25334866"
"chr4","35581316","35581603","chr7","106767159","106767448","41","71185843"
"chr4","35582365","35582658","chr19","12503794","12504081","50","23078571"
"chr4","35594190","35594489","chr6","35347921","35348214","45","246269"
"chr4","35594830","35595117","chr9","92362610","92362902","43","56767780"
"chr4","35596323","35596530","chr4","163390679","163390885","34","127794356"
"chr4","35600649","35600937","chr1","76677706","76677999","40","41077057"
"chr4","35603744","35604044","chr11","75311797","75312096","39","39708053"
"chr4","35605348","35605488","chr17","17814752","17814887","17","17790596"
"chr4","35605784","35605852","chrX","12956270","12956339","17","22649514"
"chr4","35608342","35608631","chr19","18189585","18189884","44","17418757"
"chr4","35611504","35611805","chr14","7217699","7217998","33","28393805"
"chr4","35613648","35613721","chr14","14067821","14067890","18","21545827"
"chr4","35621459","35621604","chr11","65399917","65400056","32","29778458"
"chr4","35621911","35622083","chr1","86252956","86253123","28","50631045"
"chr4","35626936","35627226","chr18","60946413","60946705","44","25319477"
"chr4","35629544","35629835","chr1","25177448","25177739","42","10452096"
"chr4","35631638","35632003","chr5","14913061","14913411","90","20718577"
"chr4","35635132","35635375","chr12","108937012","108937263","35","73301880"
"chr4","35641374","35641669","chr5","25420237","25420531","36","10221137"
"chr4","35643273","35643579","chr9","120102208","120102519","44","84458935"
"chr4","35651888","35652185","chr8","119202320","119202618","36","83550432"
"chr4","35656458","35656748","chr22","17590884","17591166","56","18065574"
"chr4","35661001","35661305","chr7","36584841","36585136","56","923840"
"chr4","35665816","35665952","chr1","36509687","36509822","11","843871"
"chr4","35666257","35666427","chr4","32685934","32686100","40","2980323"
"chr4","35674485","35674698","chrX","49528011","49528229","31","13853526"
"chr4","35681322","35681499","chr8","131841614","131841789","28","96160292"
"chr4","35681803","35681820","chr5","46044908","46044924","5","10363105"
"chr4","35692146","35692441","chr5","34598529","34598830","41","1093617"
"chr4","35694749","35695037","chr3","54121779","54122063","43","18427030"
"chr4","35700454","35700741","chrX","50062220","50062514","49","14361766"
"chr4","35710296","35710578","chr20","45288279","45288567","45","9577983"
"chr4","35713636","35713802","chr8","49936571","49936737","30","14222935"
"chr4","35714102","35714246","chr5","44051508","44051650","22","8337406"
"chr4","35723322","35723455","chr1","37708220","37708355","14","1984898"
"chr4","35723757","35723885","chr11","5768200","5768332","20","29955557"
"chr4","35736091","35736305","chr8","49862256","49862465","31","14126165"
"chr4","35758460","35758470","chr8","7764986","7764996","1","27993474"
"chr4","35758521","35758691","chr2A","18661266","18661430","35","17097255"
"chr4","35758692","35758985","chr3","42930631","42930917","42","7171939"
"chr4","35758986","35759123","chr4","178469447","178469582","15","142710461"
"chr4","35759194","35759491","chr5","2684562","2684864","46","33074632"
"chr4","35761341","35761471","chr19","1861970","1862101","12","33899371"
"chr4","35773404","35773721","chr9","30477529","30477841","43","5295875"
"chr4","35794363","35794666","chr7","146192292","146192602","42","110397929"
"chr4","35825316","35825626","chr7","158943212","158943520","40","123117896"
"chr4","35834928","35835085","chr10","11628845","11628998","20","24206083"
"chr4","35835341","35835475","chr8","118134000","118134134","12","82298659"
"chr4","35843050","35843357","chr7","41200077","41200382","39","5357027"
"chr4","35845852","35846139","chr5","4623657","4623946","40","31222195"
"chr4","35857546","35857693","chr8","1573606","1573751","22","34283940"
"chr4","35858888","35859190","chr1","146981998","146982298","39","111123110"
"chr4","35943084","35943390","chr5","118351918","118352225","47","82408834"
"chr4","35974342","35974640","chr7","77548302","77548597","48","41573960"
"chr4","36025697","36025826","chr1","110505595","110505724","18","74479898"
"chr4","36025934","36026104","chr15","52433622","52433795","26","16407688"
"chr4","36031221","36031370","chr9","121281505","121281651","39","85250284"
"chr4","36048405","36048707","chr12","116800684","116800997","43","80752279"
"chr4","36054998","36055200","chr12","130560602","130560800","50","94505604"
"chr4","36099446","36099514","chr15","44855348","44855422","12","8755902"
"chr4","36175930","36176236","chr4","154361154","154361455","51","118185224"
"chr4","36176237","36176412","chr2A","45271159","45271332","29","9094922"
"chr4","36202774","36203078","chr6","43515489","43515791","51","7312715"
"chr4","36219856","36220150","chr15","60655456","60655751","40","24435600"
"chr4","36224417","36224539","chr3","60785435","60785563","15","24561018"
"chr4","36224862","36225171","chr3","46381852","46382163","39","10156990"
"chr4","36234129","36234422","chr1","65854541","65854833","40","29620412"
"chr4","36238819","36238948","chr1","64265288","64265418","18","28026469"
"chr4","36239266","36239574","chr3","46381852","46382163","41","10142586"
"chr4","36260508","36260613","chr19","52996932","52997036","21","16736424"
"chr4","36260900","36261103","chr2A","83444240","83444435","42","47183340"
"chr4","36262521","36262787","chr22","22100277","22100541","43","14162244"
"chr4","36267467","36267638","chr5","45791215","45791384","18","9523748"
"chr4","36267862","36267977","chr22","15546154","15546268","24","20721708"
"chr4","36308900","36309201","chr4","196495779","196496088","43","160186879"
"chr4","36327444","36327758","chr4","16603935","16604229","57","19723509"
"chr4","36337080","36337369","chr2B","124728949","124729237","43","88391869"
"chr4","36343264","36343553","chr5","114595481","114595773","39","78252217"
"chr4","36352805","36353107","chr2B","109182535","109182835","49","72829730"
"chr4","36355026","36355320","chr14","859167","859454","41","35495859"
"chr4","36362521","36362814","chr4","124825886","124826177","36","88463365"
"chr4","36367703","36367996","chr6","48058765","48059050","38","11691062"
"chr4","36369938","36370108","chr1","24681785","24681955","24","11688153"
"chr4","36370402","36370536","chr1","26627825","26627960","19","9742577"
"chr4","36370791","36371084","chr3","160736782","160737074","39","124365991"
"chr4","36375822","36375913","chr7","68348254","68348341","15","31972432"
"chr4","36380473","36380599","chr14","12485207","12485337","16","23895266"
"chr4","36392094","36392366","chr3","184408941","184409227","47","148016847"
"chr4","36406398","36406616","chr3","104063932","104064148","39","67657534"
"chr4","36409503","36409773","chrX","101046940","101047213","37","64637437"
"chr4","36415513","36415634","chr1","227439358","227439480","20","191023845"
"chr4","36415884","36416034","chr6","36468340","36468496","34","52456"
"chr4","36433195","36433495","chr20","33923767","33924060","48","2509428"
"chr4","36439513","36439713","chr6","42767574","42767771","27","6328061"
"chr4","36450933","36451209","chr1","133289247","133289537","56","96838314"
"chr4","36451320","36451542","chr5","61177770","61177990","32","24726450"
"chr4","36465158","36465454","chr1","7588581","7588883","51","28876577"
"chr4","36469142","36469177","chr6","15614070","15614095","10","20855072"
"chr4","36469198","36469446","chr12","37050887","37051125","73","581689"
"chr4","36471304","36471593","chr9","63545419","63545711","50","27074115"
"chr4","36476863","36477091","chr7","149448999","149449224","45","112972136"
"chr4","36485432","36485746","chr22","18741741","18742051","42","17743691"
"chr4","36492930","36493210","chr3","158715695","158715978","38","122222765"
"chr4","36513889","36514142","chr1","17662907","17663165","30","18850982"
"chr4","36532139","36532398","chr6","36030173","36030436","36","501966"
"chr4","36541888","36542181","chr1","46890129","46890419","38","10348241"
"chr4","36554027","36554293","chr16","18222977","18223238","35","18331050"
"chr4","36556980","36557062","chr1","109992689","109992768","7","73435709"
"chr4","36557849","36558153","chr3","58218665","58218964","41","21660816"
"chr4","36568819","36569083","chr3","61237328","61237609","54","24668509"
"chr4","36603883","36604184","chr9","104384316","104384616","42","67780433"
"chr4","36608674","36608945","chr7","79608814","79609097","45","43000140"
"chr4","36609688","36609976","chr14","65902185","65902473","37","29292497"
"chr4","36612240","36612511","chr16","40340202","40340457","47","3727962"
"chr4","36653766","36654060","chr1","47990866","47991162","39","11337100"
"chr4","36654163","36654340","chr10","34990756","34990934","24","1663407"
"chr4","36655011","36655294","chr1","184958582","184958856","43","148303571"
"chr4","36657118","36657354","chr5","40278915","40279149","39","3621797"
"chr4","36661020","36661293","chr6","42862047","42862322","37","6201027"
"chr4","36663893","36664024","chr13","4014547","4014684","26","32649346"
"chr4","36680458","36680749","chr6","45713778","45714072","40","9033320"
"chr4","36685174","36685320","chr3","198061258","198061405","20","161376084"
"chr4","36689050","36689153","chr10","98290111","98290210","27","61601061"
"chr4","36690553","36690727","chr5","121564870","121565040","34","84874317"
"chr4","36695810","36695934","chr10","60326661","60326780","16","23630851"
"chr4","36718390","36718618","chr9","65679959","65680198","43","28961569"
"chr4","36725282","36725433","chr9","65359238","65359382","35","28633956"
"chr4","36737764","36738075","chr9","22866981","22867293","36","13870783"
"chr4","36747224","36747519","chr10","31987153","31987448","48","4760071"
"chr4","36775192","36775319","chr14","12485207","12485337","11","24289985"
"chr4","36780520","36780633","chr7","120770674","120770784","11","83990154"
"chr4","36806343","36806643","chr1","46942117","46942417","44","10135774"
"chr4","36811365","36811479","chr2A","61619845","61619961","15","24808480"
"chr4","36814683","36814810","chr11","120280731","120280862","12","83466048"
"chr4","36818065","36818147","chr11","44597091","44597169","14","7779026"
"chr4","36825197","36825489","chr17","2653981","2654269","34","34171216"
"chr4","36826667","36826958","chr9","114191687","114191982","38","77365020"
"chr4","36842466","36842579","chr7","104283135","104283254","19","67440669"
"chr4","36847263","36847282","chr8","104447310","104447327","5","67600047"
"chr4","36847587","36847749","chr5","19584116","19584279","24","17263471"
"chr4","36848936","36849153","chrX","3285171","3285389","32","33563765"
"chr4","36853871","36854165","chr14","52350088","52350382","43","15496217"
"chr4","36861070","36861198","chr1","10043533","10043661","13","26817537"
"chr4","36862885","36863013","chr10","37978285","37978416","12","1115400"
"chr4","36863932","36864043","chr3","199125433","199125546","22","162261501"
"chr4","36867861","36868152","chr20","519859","520148","44","36348002"
"chr4","36895576","36895707","chr6","11957977","11958108","15","24937599"
"chr4","36898177","36898488","chr19","52916566","52916874","42","16018389"
"chr4","36901096","36901235","chr1","206397442","206397578","15","169496346"
"chr4","36907201","36907506","chr5","34215137","34215446","42","2692064"
"chr4","36909404","36909574","chr21","29745491","29745658","36","7163913"
"chr4","36909845","36909959","chr16","10901222","10901339","12","26008623"
"chr4","36910422","36910552","chr5","123735052","123735181","16","86824630"
"chr4","36918213","36918342","chr15","73119233","73119360","16","36201020"
"chr4","36920536","36920670","chr3","48404443","48404577","16","11483907"
"chr4","36920978","36921143","chr6","112831541","112831707","21","75910563"
"chr4","36937383","36937499","chr7","148661024","148661145","15","111723641"
"chr4","36939088","36939381","chr7","73094896","73095187","37","36155808"
"chr4","36939430","36939577","chr2B","60649907","60650060","32","23710477"
"chr4","36939888","36940024","chr9","74130166","74130302","16","37190278"
"chr4","36955753","36956076","chr8","49531501","49531828","46","12575748"
"chr4","36956173","36956304","chr1","213473838","213473970","16","176517665"
"chr4","36959315","36959596","chr1","32276891","32277167","73","4682424"
"chr4","36984727","36985022","chr2B","16744131","16744428","40","20240596"
"chr4","36985235","36985529","chr8","67263311","67263607","43","30278076"
"chr4","36994728","36995015","chr6","36668007","36668299","44","326721"
"chr4","37002854","37003146","chr4","2406945","2407241","43","34595909"
"chr4","37014431","37014558","chr5","123735052","123735181","15","86720621"
"chr4","37029591","37029902","chr2A","38368403","38368697","68","1338812"
"chr4","37044224","37044495","chr6","25163865","25164137","44","11880359"
"chr4","37053612","37053743","chr9","105121338","105121473","17","68067726"
"chr4","37096506","37096800","chr22","15588185","15588475","49","21508321"
"chr4","37102141","37102389","chr2B","52015537","52015782","54","14913396"
"chr4","37104925","37105210","chr8","34195854","34196142","42","2909071"
"chr4","37118210","37118493","chr9","41878230","41878523","47","4760020"
"chr4","37132838","37133178","chr5","141748249","141748545","71","104615411"
"chr4","37137997","37138221","chr6","91005558","91005772","41","53867561"
"chr4","37138673","37138973","chr5","163952541","163952837","36","126813868"
"chr4","37187226","37187529","chr7","1669242","1669542","41","35517984"
"chr4","37221047","37221325","chr10","108945592","108945872","46","71724545"
"chr4","37232155","37232462","chr11","6405785","6406089","38","30826370"
"chr4","37296107","37296396","chrX","97146147","97146435","44","59850040"
"chr4","37304548","37304853","chr7","586271","586571","41","36718277"
"chr4","37319794","37319925","chr1","168543967","168544101","12","131224173"
"chr4","37338093","37338382","chr5","24372432","24372725","36","12965661"
"chr4","37343565","37343604","chr12","12420977","12421014","8","24922588"
"chr4","37396596","37396804","chr15","69622410","69622621","36","32225814"
"chr4","37412834","37413105","chr1","13857836","13858100","42","23554998"
"chr4","37417320","37417447","chr2B","26510248","26510376","19","10907072"
"chr4","37421068","37421355","chr2B","124977630","124977912","34","87556562"
"chr4","37424626","37424646","chr1","8693386","8693404","4","28731240"
"chr4","37424670","37424959","chr18","30293400","30293688","43","7131270"
"chr4","37434380","37434515","chrX","119771134","119771269","15","82336754"
"chr4","37442495","37442612","chr6","16800077","16800197","18","20642418"
"chr4","37491545","37491842","chr4","99216834","99217131","33","61725289"
"chr4","37495717","37495852","chr16","379923","380058","19","37115794"
"chr4","37496154","37496293","chr12","37056079","37056217","29","440075"
"chr4","37500722","37500732","chr11","93227141","93227151","0","55726419"
"chr4","37500770","37501049","chr22","26826753","26827022","52","10674017"
"chr4","37508613","37508888","chr17","29222631","29222909","43","8285982"
"chr4","37512692","37512779","chr20","35713075","35713158","18","1799617"
"chr4","37523576","37523846","chr1","146575605","146575883","54","109052029"
"chr4","37529280","37529571","chr2B","10423684","10423974","38","27105596"
"chr4","37536096","37536200","chr4","140531899","140532001","26","102995803"
"chr4","37536237","37536499","chr5","83024313","83024571","51","45488076"
"chr4","37536500","37536635","chr16","379923","380058","16","37156577"
"chr4","37539826","37540103","chrX","9679871","9680143","45","27859955"
"chr4","37542882","37543225","chr1","31993688","31994008","77","5549194"
"chr4","37550231","37550521","chr5","162587317","162587613","48","125037086"
"chr4","37552256","37552544","chr4","99311877","99312172","41","61759621"
"chr4","37555181","37555301","chr5","1864180","1864298","20","35691001"
"chr4","37557265","37557381","chr6","39619324","39619437","20","2062059"
"chr4","37557439","37557661","chr7","37005946","37006181","52","551493"
"chr4","37560290","37560340","chr14","57250555","57250604","12","19690265"
"chr4","37560651","37560746","chr6","157499133","157499229","7","119938482"
"chr4","37561345","37561504","chr5","23460616","23460778","30","14100729"
"chr4","37561807","37561939","chr8","21828157","21828289","12","15733650"
"chr4","37563003","37563268","chr17","4827855","4828124","50","32735148"
"chr4","37563907","37564194","chrX","48689470","48689761","58","11125563"
"chr4","37565721","37565858","chr7","82210564","82210699","23","44644843"
"chr4","37566178","37566250","chr14","22339493","22339566","14","15226685"
"chr4","37569493","37569765","chr12","34815487","34815779","50","2754006"
"chr4","37573354","37573417","chr14","86087026","86087089","6","48513672"
"chr4","37580439","37580604","chr9","45529714","45529878","19","7949275"
"chr4","37598946","37599089","chr6","139298844","139298987","20","101699898"
"chr4","37599376","37599547","chr1","94394030","94394199","31","56794654"
"chr4","37606479","37606601","chr16","764600","764724","17","36841879"
"chr4","37606897","37607061","chr6","114408168","114408330","24","76801271"
"chr4","37608911","37609198","chr6","37276713","37277003","48","332198"
"chr4","37610360","37610659","chr11","64143151","64143450","30","26532791"
"chr4","37614864","37615162","chr17","8984204","8984505","39","28630660"
"chr4","37622379","37622723","chr15","8955077","8955411","60","28667302"
"chr4","37626435","37626552","chr6","43500320","43500437","12","5873885"
"chr4","37626576","37626593","chr8","98875191","98875205","3","61248615"
"chr4","37640225","37640405","chr6","18189802","18189976","27","19450423"
"chr4","37641545","37641827","chr5","105263576","105263858","49","67622031"
"chr4","37642427","37642724","chr4","88048769","88049064","47","50406342"
"chr4","37692278","37692405","chr1","46966654","46966781","12","9274376"
"chr4","37694334","37694557","chr6","57594599","57594811","41","19900265"
"chr4","37694647","37694936","chr17","10604134","10604424","37","27090513"
"chr4","37695507","37695598","chr11","41711972","41712064","10","4016465"
"chr4","37697040","37697337","chr8","131310579","131310871","45","93613539"
"chr4","37698169","37698321","chr1","161925292","161925442","26","124227123"
"chr4","37703836","37704121","chrX","50606946","50607243","39","12903110"
"chr4","37711036","37711339","chr3","42788373","42788672","43","5077337"
"chr4","37724300","37724449","chr13","73826403","73826558","29","36102103"
"chr4","37739940","37740243","chr3","42788373","42788672","33","5048433"
"chr4","37747337","37747632","chr6","37405590","37405903","57","341747"
"chr4","37750628","37750917","chr16","61706961","61707255","47","23956333"
"chr4","37770328","37770637","chrX","9082200","9082507","42","28688128"
"chr4","37785761","37786047","chr7","24702825","24703108","33","13082936"
"chr4","37803163","37803448","chr8","27425793","27426086","41","10377370"
"chr4","37807855","37808063","chr1","134486097","134486305","33","96678242"
"chr4","37827567","37827857","chr1","130557850","130558144","44","92730283"
"chr4","37837604","37837894","chr5","162629387","162629676","37","124791783"
"chr4","37864483","37864784","chr5","2684562","2684864","41","35179921"
"chr4","37871791","37871865","chr2A","63086447","63086523","9","25214656"
"chr4","37882047","37882352","chrX","8517719","8518020","51","29364328"
"chr4","37934186","37934299","chrX","1225172","1225283","14","36709014"
"chr4","37934558","37934696","chr1","76697102","76697241","23","38762544"
"chr4","37954942","37955148","chr3","33605807","33606012","29","4349135"
"chr4","37962682","37962990","chr6","42833800","42834108","36","4871118"
"chr4","37965619","37965922","chr7","73094896","73095187","45","35129277"
"chr4","37968780","37969081","chr1","32797747","32798044","38","5171033"
"chr4","38000001","38000165","chr9","22551456","22551615","23","15448545"
"chr4","38002541","38002844","chr9","113098573","113098861","64","75096032"
"chr4","38014425","38014566","chr11","56617912","56618054","24","18603487"
"chr4","38017473","38017774","chr17","14022313","14022613","48","23995160"
"chr4","38017803","38017815","chr7","16971930","16971942","1","21045873"
"chr4","38023225","38023385","chr17","7576156","7576318","29","30447069"
"chr4","38025568","38025848","chr15","63579372","63579653","40","25553804"
"chr4","38033458","38033530","chr11","63118827","63118897","7","25085369"
"chr4","38033738","38033906","chr9","108877278","108877458","40","70843540"
"chr4","38035354","38035654","chr17","30124727","30125033","41","7910627"
"chr4","38043830","38044123","chr1","159675346","159675637","43","121631516"
"chr4","38045843","38046067","chr14","14635557","14635783","28","23410286"
"chr4","38046182","38046213","chr7","140030294","140030327","8","101984112"
"chr4","38046783","38046945","chr3","198933486","198933648","18","160886703"
"chr4","38047246","38047353","chr1","17130562","17130665","23","20916684"
"chr4","38050637","38050945","chr14","110301","110606","47","37940336"
"chr4","38053211","38053510","chr3","45452941","45453238","29","7399730"
"chr4","38067399","38067714","chr5","34215137","34215446","44","3852262"
"chr4","38072278","38072581","chr11","63362088","63362389","45","25289810"
"chr4","38073563","38073910","chr10","88299987","88300303","80","50226424"
"chr4","38083637","38083927","chr8","2320970","2321253","72","35762667"
"chr4","38084113","38084251","chr9","43376998","43377136","19","5292885"
"chr4","38084539","38084631","chr3","165256356","165256430","28","127171817"
"chr4","38088751","38088892","chr4","171381352","171381493","18","133292601"
"chr4","38088924","38089043","chr12","36410722","36410841","14","1678202"
"chr4","38095310","38095340","chr17","40745159","40745190","4","2649849"
"chr4","38101041","38101166","chr4","39902782","39902912","19","1801741"
"chr4","38105656","38105942","chr13","81553987","81554263","43","43448331"
"chr4","38106741","38106870","chr5","35633795","35633931","18","2472946"
"chr4","38106953","38107099","chrX","49267329","49267472","24","11160376"
"chr4","38107398","38107532","chr18","2927994","2928129","17","35179404"
"chr4","38113213","38113380","chr6","52046354","52046515","43","13933141"
"chr4","38116867","38117001","chrX","118877663","118877798","14","80760796"
"chr4","38122342","38122637","chr6","95194922","95195216","29","57072580"
"chr4","38126928","38127063","chr5","33174223","33174358","24","4952705"
"chr4","38127653","38127831","chr9","10272542","10272727","39","27855111"
"chr4","38142489","38142795","chr18","32985530","32985841","55","5156959"
"chr4","38144536","38144836","chr8","61715013","61715324","50","23570477"
"chr4","38145823","38146167","chr8","23422104","23422437","68","14723719"
"chr4","38148119","38148366","chr1","28757416","28757663","37","9390703"
"chr4","38148885","38148896","chr1","69109954","69109964","1","30961069"
"chr4","38148935","38149217","chr8","82891492","82891779","37","44742557"
"chr4","38151348","38151539","chr16","9131724","9131911","32","29019624"
"chr4","38151704","38151842","chr5","163734016","163734148","30","125582312"
"chr4","38151864","38152161","chr9","67930664","67930970","48","29778800"
"chr4","38159026","38159336","chr5","45720648","45720942","55","7561622"
"chr4","38160203","38160509","chr15","61965253","61965554","49","23805050"
"chr4","38165602","38165972","chr15","9385925","9386292","81","28779677"
"chr4","38165976","38166058","chr1","109139016","109139099","11","70973040"
"chr4","38170455","38170579","chr1","214134294","214134424","16","175963839"
"chr4","38185079","38185302","chr4","186587030","186587256","50","148401951"
"chr4","38193012","38193097","chr1","65145273","65145362","13","26952261"
"chr4","38200798","38200976","chr15","17896978","17897156","44","20303820"
"chr4","38202147","38202413","chr1","6642105","6642371","49","31560042"
"chr4","38203746","38203958","chr18","17911896","17912107","44","20291850"
"chr4","38213930","38214227","chr6","37893664","37893956","29","320266"
"chr4","38239452","38239632","chr13","62034551","62034741","41","23795099"
"chr4","38246672","38246826","chr3","83268850","83268995","37","45022178"
"chr4","38247086","38247206","chr11","61842335","61842446","20","23595249"
"chr4","38257889","38258166","chr19","54424928","54425203","35","16167039"
"chr4","38259337","38259647","chr5","45966514","45966825","43","7707177"
"chr4","38260031","38260307","chr1","26773204","26773478","42","11486827"
"chr4","38278454","38278631","chr14","39170304","39170483","25","891850"
"chr4","38284602","38284791","chr13","1329655","1329841","45","36954947"
"chr4","38285066","38285160","chr14","23880117","23880209","14","14404949"
"chr4","38294667","38294756","chr1","8696746","8696832","20","29597921"
"chr4","38307187","38307483","chr21","23583470","23583765","55","14723717"
"chr4","38315709","38315989","chr22","4349719","4349996","47","33965990"
"chr4","38323337","38323632","chr17","959574","959867","33","37363763"
"chr4","38333741","38333857","chr6","28270342","28270463","25","10063399"
"chr4","38335189","38335475","chr2B","10676496","10676791","41","27658693"
"chr4","38368427","38368725","chr12","32927079","32927376","40","5441348"
"chr4","38402541","38402673","chr4","159635447","159635579","10","121232906"
"chr4","38404536","38404837","chr15","69185673","69185977","41","30781137"
"chr4","38407905","38408221","chr3","50549689","50550003","53","12141784"
"chr4","38411033","38411314","chr7","26934288","26934569","33","11476745"
"chr4","38417104","38417381","chr15","13302570","13302846","29","25114534"
"chr4","38418963","38419254","chr7","106731510","106731805","53","68312547"
"chr4","38425344","38425633","chr3","51018676","51018963","49","12593332"
"chr4","38432019","38432179","chrX","69931574","69931735","26","31499555"
"chr4","38432180","38432484","chr1","121633855","121634158","44","83201675"
"chr4","38432485","38432618","chr15","33916250","33916385","16","4516235"
"chr4","38434848","38434961","chr3","39962975","39963089","20","1528127"
"chr4","38435148","38435447","chr6","43641362","43641663","41","5206214"
"chr4","38437548","38437665","chr3","40199084","40199204","27","1761536"
"chr4","38440212","38440520","chr16","28023782","28024089","40","10416430"
"chr4","38459606","38459735","chr6","11957977","11958108","12","26501629"
"chr4","38468586","38468869","chr1","194129673","194129951","46","155661087"
"chr4","38521281","38521580","chr3","125068067","125068363","32","86546786"
"chr4","38542527","38542835","chr10","146955450","146955757","43","108412923"
"chr4","38548154","38548294","chr1","209742215","209742351","18","171194061"
"chr4","38563736","38564020","chr1","181663457","181663748","44","143099721"
"chr4","38571119","38571212","chr4","190240444","190240535","10","151669325"
"chr4","38586977","38587038","chr5","33485952","33486007","13","5101025"
"chr4","38600280","38600582","chr15","46012653","46012953","42","7412373"
"chr4","38630982","38631228","chr11","68911501","68911760","50","30280519"
"chr4","38632984","38633155","chr15","53534052","53534221","27","14901068"
"chr4","38633715","38633856","chrX","18407608","18407749","18","20226107"
"chr4","38639998","38640295","chr7","70436570","70436859","47","31796572"
"chr4","38660652","38660953","chr6","31304502","31304804","37","7356150"
"chr4","38676809","38677112","chr3","42788373","42788672","32","4111564"
"chr4","38690428","38690682","chr10","127858452","127858705","38","89168024"
"chr4","38770508","38770627","chrX","124256137","124256255","18","85485629"
"chr4","38770656","38770839","chr10","34990756","34990934","33","3779900"
"chr4","38775008","38775315","chr4","70738160","70738472","47","31963152"
"chr4","38777137","38777424","chr5","41300508","41300800","51","2523371"
"chr4","38787253","38787552","chr3","188561795","188562095","31","149774542"
"chr4","38820111","38820415","chr1","116018161","116018458","50","77198050"
"chr4","38830896","38831197","chr19","3346569","3346869","40","35484327"
"chr4","38838110","38838276","chr18","39780553","39780715","23","942443"
"chr4","38850087","38850199","chr2B","236147","236264","18","38613940"
"chr4","38868121","38868299","chr1","125482732","125482889","68","86614611"
"chr4","38868803","38868922","chr6","58405352","58405471","18","19536549"
"chr4","38872721","38872990","chrX","71002738","71002997","53","32130017"
"chr4","38885854","38886157","chr1","189738974","189739283","45","150853120"
"chr4","38909401","38909555","chr4","171490257","171490403","33","132580856"
"chr4","38909644","38909947","chr12","29929642","29929937","60","8980002"
"chr4","38911470","38911781","chr22","18741741","18742051","42","20169729"
"chr4","38927878","38928166","chr15","1394097","1394396","52","37533781"
"chr4","38948263","38948371","chr6","85362783","85362893","18","46414520"
"chr4","38987107","38987244","chr10","130750568","130750693","25","91763461"
"chr4","39039008","39039063","chr2B","79168247","79168300","13","40129239"
"chr4","39053797","39053862","chr11","72150280","72150346","7","33096483"
"chr4","39065810","39066101","chr2B","90626075","90626367","40","51560265"
"chr4","39068284","39068496","chr1","32344093","32344308","35","6724191"
"chr4","39114763","39114990","chr1","39913389","39913614","34","798626"
"chr4","39118883","39119137","chr3","33405226","33405477","40","5713657"
"chr4","39135353","39135615","chr1","14414191","14414464","43","24721162"
"chr4","39288355","39288684","chr10","34959507","34959819","54","4328848"
"chr4","39293329","39293632","chr20","33795169","33795465","47","5498160"
"chr4","39343239","39343495","chr22","12451283","12451544","53","26891956"
"chr4","39358424","39358722","chr6","92275344","92275643","46","52916920"
"chr4","39359914","39360210","chr19","55298317","55298613","45","15938403"
"chr4","39361395","39361691","chr19","55298317","55298613","44","15936922"
"chr4","39367328","39367619","chr5","117715882","117716173","41","78348554"
"chr4","39420496","39420773","chr14","39211827","39212110","37","208669"
"chr4","39421445","39421590","chr9","72264318","72264462","22","32842873"
"chr4","39422624","39422757","chr1","115975835","115975970","14","76553211"
"chr4","39423069","39423248","chr1","7734768","7734941","31","31688301"
"chr4","39441084","39441376","chr6","168592404","168592700","36","129151320"
"chr4","39453939","39454050","chr10","7566684","7566792","8","31887255"
"chr4","39456644","39456945","chr7","104575685","104575987","39","65119041"
"chr4","39471685","39471820","chr12","38883363","38883488","25","588322"
"chr4","39508530","39508795","chr5","122155035","122155295","60","82646505"
"chr4","39520138","39520440","chr5","13711793","13712097","49","25808345"
"chr4","39584709","39585006","chr1","38255216","38255516","42","1329493"
"chr4","39605943","39606202","chr22","26826753","26827022","45","12779190"
"chr4","39643486","39643779","chr5","4733108","4733403","38","34910378"
"chr4","39651202","39651475","chr1","213044115","213044402","56","173392913"
"chr4","39654243","39654578","chr15","57200574","57200901","54","17546331"
"chr4","39687374","39687671","chr4","105331586","105331886","36","65644212"
"chr4","39689438","39689640","chr14","50696492","50696693","44","11007054"
"chr4","39708006","39708288","chr2B","117079960","117080243","51","77371954"
"chr4","39714942","39715254","chr11","120932649","120932956","47","81217707"
"chr4","39717501","39717796","chr22","34526874","34527167","28","5190627"
"chr4","39781279","39781584","chr20","54481954","54482259","31","14700675"
"chr4","39845390","39845466","chr11","71249745","71249828","24","31404355"
"chr4","39852114","39852412","chr22","19407366","19407666","42","20444748"
"chr4","39890168","39890475","chr22","5104454","5104759","46","34785714"
"chr4","39923351","39923620","chr15","2001983","2002244","53","37921368"
"chr4","39945227","39945526","chr1","21756556","21756861","52","18188671"
"chr4","39975201","39975475","chrX","107717623","107717898","41","67742422"
"chr4","39997658","39997972","chr2A","36869206","36869534","69","3128452"
"chr4","40008880","40009125","chr1","40418395","40418646","48","409515"
"chr4","40009643","40009953","chr16","55123470","55123779","52","15113827"
"chr4","40019838","40020116","chr6","39689508","39689803","59","330330"
"chr4","40085161","40085444","chr6","73238350","73238647","54","33153189"
"chr4","40141658","40141949","chr6","39787530","39787816","34","354128"
"chr4","40210689","40210981","chr7","30222146","30222444","47","9988543"
"chr4","40213025","40213137","chr22","26225476","26225586","19","13987549"
"chr4","40223306","40223440","chr1","168543967","168544101","16","128320661"
"chr4","40224206","40224383","chr1","15775291","15775465","35","24448915"
"chr4","40255817","40256031","chr10","24693938","24694152","38","15561879"
"chr4","40270149","40270356","chr1","134486097","134486305","29","94215948"
"chr4","40270902","40271092","chr21","22638055","22638242","28","17632847"
"chr4","40272903","40273211","chr4","2570442","2570744","41","37702461"
"chr4","40288797","40288974","chr10","116692026","116692201","26","76403229"
"chr4","40289273","40289404","chr6","126596585","126596716","13","86307312"
"chr4","40293971","40294105","chr9","49197226","49197359","13","8903255"
"chr4","40294408","40294567","chr2A","37518440","37518593","29","2775968"
"chr4","40300142","40300428","chr5","44534497","44534787","41","4234355"
"chr4","40304806","40305100","chr5","66262413","66262707","38","25957607"
"chr4","40307568","40307684","chr19","1335268","1335385","12","38972300"
"chr4","40322335","40322643","chr8","41984651","41984954","43","1662316"
"chr4","40378248","40378546","chr9","34390919","34391223","49","5987329"
"chr4","40407472","40407782","chr5","34215137","34215446","35","6192335"
"chr4","40409528","40409795","chr16","1445822","1446088","42","38963706"
"chr4","40413650","40413811","chr1","135795439","135795597","20","95381789"
"chr4","40584519","40584815","chr18","26073438","26073733","40","14511081"
"chr4","40663345","40663465","chr1","40002123","40002247","18","661222"
"chr4","40663514","40663706","chr11","13706318","13706506","38","26957196"
"chr4","40677844","40677974","chr3","59287633","59287756","24","18609789"
"chr4","40762306","40762640","chr15","57299720","57300037","49","16537414"
"chr4","40769190","40769485","chr5","156460231","156460525","37","115691041"
"chr4","40788463","40788745","chr12","106927566","106927852","49","66139103"
"chr4","40888225","40888524","chr8","73144268","73144567","39","32256043"
"chr4","40906334","40906624","chr20","45288279","45288567","41","4381945"
"chr4","40917026","40917321","chr2B","100929351","100929648","38","60012325"
"chr4","40924177","40924489","chr6","42742156","42742451","62","1817979"
"chr4","40992400","40992662","chr10","107066892","107067154","36","66074492"
"chr4","41043605","41043734","chr16","67711518","67711653","26","26667913"
"chr4","41070096","41070387","chrX","15626910","15627195","43","25443186"
"chr4","41074279","41074560","chr13","96332314","96332607","49","55258035"
"chr4","41112608","41112722","chr6","32533953","32534063","22","8578655"
"chr4","41240962","41241066","chr13","12126689","12126797","17","29114273"
"chr4","41241219","41241323","chr13","12126689","12126797","17","29114530"
"chr4","41525984","41526210","chr14","15442238","15442459","37","26083746"
"chr4","41530597","41530857","chr6","109406908","109407165","43","67876311"
"chr4","41531578","41531857","chr16","38941917","38942197","45","2589661"
"chr4","41546226","41546519","chr7","156101400","156101691","34","114555174"
"chr4","41611995","41612292","chr5","23145755","23146050","43","18466240"
"chr4","41621154","41621439","chr1","213427166","213427451","36","171806012"
"chr4","41621462","41621478","chr4","25202366","25202383","1","16419096"
"chr4","41655912","41656208","chr3","24724928","24725224","38","16930984"
"chr4","41716966","41717186","chr2B","29414230","29414434","52","12302736"
"chr4","42126282","42126566","chr7","142890610","142890893","41","100764328"
"chr4","42131355","42131664","chr4","41656811","41657121","43","474544"
"chr4","42151416","42151711","chr22","3892299","3892597","46","38259117"
"chr4","42175691","42175929","chr16","75917774","75918013","37","33742083"
"chr4","42198067","42198353","chr2B","1475279","1475574","53","40722788"
"chr4","42268321","42268499","chr10","15564892","15565068","28","26703429"
"chr4","42268802","42268937","chr1","168543967","168544101","19","126275165"
"chr4","42287686","42287976","chr1","181798990","181799282","41","139511304"
"chr4","42353665","42353979","chr6","41946530","41946839","46","407135"
"chr4","42362927","42363208","chr6","41957784","41958065","43","405143"
"chr4","42451506","42451792","chr2B","44742855","44743136","47","2291349"
"chr4","42465320","42465617","chr5","40662770","40663064","31","1802550"
"chr4","42504386","42504677","chr7","71253242","71253537","38","28748856"
"chr4","42531577","42531855","chr9","117733372","117733651","37","75201795"
"chr4","42562182","42562518","chr5","133549781","133550101","57","90987599"
"chr4","42579086","42579372","chr5","116459080","116459368","38","73879994"
"chr4","42580194","42580496","chr6","110474486","110474790","40","67894292"
"chr4","42582413","42582715","chr7","34234347","34234648","37","8348066"
"chr4","42594648","42594953","chr2B","10257551","10257858","42","32337097"
"chr4","42596798","42596862","chr1","134592357","134592419","17","91995559"
"chr4","42606923","42607194","chr20","48925641","48925923","45","6318718"
"chr4","42629652","42629784","chr4","109229946","109230076","21","66600294"
"chr4","42634245","42634535","chr11","74178204","74178504","42","31543959"
"chr4","42641832","42642128","chr17","9396003","9396297","44","33245829"
"chr4","42674681","42674903","chr17","57183384","57183600","34","14508703"
"chr4","42690954","42691243","chr8","67263311","67263607","53","24572357"
"chr4","42728957","42729145","chr3","50034012","50034204","27","7305055"
"chr4","42730014","42730142","chrX","376907","377041","17","42353107"
"chr4","42730143","42730307","chr1","45321380","45321540","37","2591237"
"chr4","42730984","42731280","chr1","118696601","118696906","45","75965617"
"chr4","42751647","42751915","chr11","87796837","87797120","51","45045190"
"chr4","42761546","42761674","chr16","3598868","3598996","21","39162678"
"chr4","42761965","42762124","chr19","44052931","44053089","26","1290966"
"chr4","42792351","42792643","chr15","44457346","44457645","50","1664995"
"chr4","42794670","42794970","chr19","42838327","42838623","51","43657"
"chr4","42803970","42804104","chr5","22735831","22735966","14","20068139"
"chr4","42806731","42806914","chr5","20055258","20055443","33","22751473"
"chr4","42806937","42807215","chr9","69777323","69777603","37","26970386"
"chr4","42807239","42807261","chr4","59370854","59370873","4","16563615"
"chr4","42809032","42809317","chr1","17199209","17199499","48","25609823"
"chr4","42819703","42819995","chr12","110071556","110071850","36","67251853"
"chr4","42824225","42824367","chr12","33326820","33326967","18","9497405"
"chr4","42846848","42847144","chr1","75708117","75708419","39","32861269"
"chr4","42849599","42849895","chr1","9683728","9684022","41","33165871"
"chr4","42870374","42870674","chr19","444265","444566","40","42426109"
"chr4","42921852","42922147","chr12","36792920","36793215","31","6128932"
"chr4","42940396","42940687","chr17","63805578","63805863","33","20865182"
"chr4","42947179","42947476","chr8","9756252","9756551","39","33190927"
"chr4","42991140","42991433","chr1","212745117","212745410","36","169753977"
"chr4","42992304","42992580","chrX","99097718","99097982","50","56105414"
"chr4","43003903","43004205","chr5","162130747","162131050","36","119126844"
"chr4","43029599","43029884","chr1","39492444","39492735","42","3537155"
"chr4","43063535","43063828","chr6","42589000","42589297","33","474535"
"chr4","43071668","43071972","chr13","51092768","51093070","40","8021100"
"chr4","43075973","43076303","chr1","25213421","25213752","44","17862552"
"chr4","43082644","43082943","chr20","54481954","54482259","46","11399310"
"chr4","43083807","43084096","chr6","45713778","45714072","33","2629971"
"chr4","43085170","43085424","chrX","18875176","18875442","47","24209994"
"chr4","43085704","43085994","chr10","37200750","37201043","35","5884954"
"chr4","43091324","43091615","chr10","28630358","28630652","41","14460966"
"chr4","43114823","43115114","chr11","19826889","19827182","53","23287934"
"chr4","43115471","43115688","chr16","1348957","1349174","40","41766514"
"chr4","43116353","43116639","chr14","61097634","61097920","37","17981281"
"chr4","43117860","43118073","chr17","2385574","2385776","44","40732286"
"chr4","43118105","43118124","chr21","27532217","27532234","3","15585888"
"chr4","43118125","43118210","chr10","41422581","41422659","30","1695544"
"chr4","43118939","43119231","chr20","39628412","39628701","43","3490527"
"chr4","43131967","43132252","chr2B","123704410","123704693","37","80572443"
"chr4","43133722","43134023","chr18","18796275","18796575","48","24337447"
"chr4","43142030","43142387","chr5","141391323","141391652","78","98249293"
"chr4","43157096","43157379","chr16","28965697","28965993","41","14191399"
"chr4","43167923","43168089","chr5","2767848","2768016","26","40400075"
"chr4","43168381","43168484","chr1","26479443","26479544","29","16688938"
"chr4","43186409","43186542","chr5","118006764","118006899","12","74820355"
"chr4","43186847","43187013","chr16","2384920","2385089","21","40801927"
"chr4","43190260","43190549","chr6","45713778","45714072","38","2523518"
"chr4","43193271","43193568","chr14","22779488","22779783","36","20413783"
"chr4","43197001","43197134","chr7","128472593","128472723","18","85275592"
"chr4","43197410","43197590","chr1","205945113","205945290","36","162747703"
"chr4","43202044","43202152","chr10","15486811","15486920","9","27715233"
"chr4","43207929","43208086","chr19","39022953","39023107","24","4184976"
"chr4","43208555","43208686","chr19","57736469","57736601","9","14527914"
"chr4","43210230","43210539","chr11","18468577","18468884","44","24741653"
"chr4","43213764","43214061","chr1","76677706","76677999","49","33463942"
"chr4","43215646","43215912","chr1","206531254","206531519","53","163315608"
"chr4","43225992","43226118","chr5","123735052","123735181","16","80509060"
"chr4","43228370","43228642","chr22","17590884","17591166","54","25637486"
"chr4","43234063","43234213","chr16","17044678","17044825","20","26189385"
"chr4","43251502","43251589","chr4","105344929","105345005","27","62093427"
"chr4","43251911","43252084","chr15","54741003","54741177","29","11489092"
"chr4","43253924","43254233","chr5","34215137","34215446","41","9038787"
"chr4","43284145","43284444","chr12","11955253","11955548","43","31328892"
"chr4","43303574","43303760","chr22","4447061","4447239","44","38856513"
"chr4","43304444","43304505","chr7","158416825","158416889","6","115112381"
"chr4","43304793","43304945","chr6","34131083","34131236","26","9173710"
"chr4","43306851","43306984","chr5","118006764","118006899","15","74699913"
"chr4","43315937","43316065","chr4","124037840","124037972","18","80721903"
"chr4","43317572","43317832","chr10","34922905","34923172","52","8394667"
"chr4","43320614","43320769","chr17","6650282","6650438","21","36670332"
"chr4","43321075","43321194","chr16","3598868","3598996","20","39722207"
"chr4","43321196","43321365","chr16","31552584","31552750","33","11768612"
"chr4","43321669","43321792","chrX","55804152","55804277","18","12482483"
"chr4","43324157","43324483","chr5","133549781","133550101","49","90225624"
"chr4","43324802","43325000","chr12","130560602","130560800","39","87235800"
"chr4","43326497","43326775","chr3","48166508","48166786","33","4840011"
"chr4","43354280","43354501","chr1","1719100","1719316","35","41635180"
"chr4","43356063","43356136","chr20","34771434","34771505","7","8584629"
"chr4","43357508","43357769","chr3","184250613","184250885","51","140893105"
"chr4","43373968","43374098","chr17","40157558","40157690","20","3216410"
"chr4","43374102","43374297","chr4","124188291","124188481","55","80814189"
"chr4","43374610","43374798","chr5","5104759","5104946","30","38269851"
"chr4","43385540","43385669","chr4","133797054","133797182","18","90411514"
"chr4","43387022","43387312","chr4","25375007","25375299","48","18012015"
"chr4","43394701","43395009","chr14","60466345","60466651","46","17071644"
"chr4","43409182","43409275","chr12","37424417","37424500","27","5984765"
"chr4","43411168","43411457","chr9","91760471","91760758","44","48349303"
"chr4","43412973","43413151","chr1","203553629","203553809","29","160140656"
"chr4","43413462","43413596","chr1","168543967","168544101","9","125130505"
"chr4","43415231","43415362","chrX","376907","377041","29","43038324"
"chr4","43419711","43419834","chr10","37339498","37339622","12","6080213"
"chr4","43423668","43423797","chr1","64265288","64265418","13","20841620"
"chr4","43433512","43433817","chr20","51099999","51100303","41","7666487"
"chr4","43442016","43442323","chr2B","63238019","63238329","44","19796003"
"chr4","43461611","43461910","chrX","111678645","111678944","38","68217034"
"chr4","43468048","43468364","chr6","136855052","136855369","37","93387004"
"chr4","43476200","43476331","chr3","46948804","46948928","18","3472604"
"chr4","43496927","43497223","chr9","107563021","107563319","41","64066094"
"chr4","43512319","43512599","chr8","27554215","27554491","41","15958104"
"chr4","43515046","43515205","chr1","202667269","202667423","29","159152223"
"chr4","43553057","43553142","chr1","6253507","6253596","15","37299550"
"chr4","43559324","43559630","chr7","129375089","129375397","45","85815765"
"chr4","43584876","43585153","chrX","42273716","42273996","51","1311160"
"chr4","43623218","43623516","chr16","61870246","61870540","39","18247028"
"chr4","43678134","43678431","chr1","41534398","41534698","43","2143736"
"chr4","43681408","43681717","chr3","48042434","48042743","38","4361026"
"chr4","43713334","43713600","chr2B","85592847","85593107","35","41879513"
"chr4","43754189","43754491","chr6","43254099","43254403","29","500090"
"chr4","43780268","43780563","chr11","117367595","117367888","36","73587327"
"chr4","43787647","43787947","chr6","43289906","43290206","42","497741"
"chr4","43821810","43822103","chr12","95040092","95040387","41","51218282"
"chr4","43831083","43831257","chr20","33316687","33316858","29","10514396"
"chr4","43831285","43831436","chr5","67562012","67562162","24","23730727"
"chr4","43838037","43838185","chr6","75747462","75747605","24","31909425"
"chr4","43838186","43838474","chr6","91391283","91391564","47","47553097"
"chr4","43838475","43838593","chr8","69134915","69135036","20","25296440"
"chr4","43841278","43841547","chr5","69760514","69760785","40","25919236"
"chr4","43842824","43843138","chr3","155273603","155273913","42","111430779"
"chr4","43858625","43858891","chr10","100354316","100354578","28","56495691"
"chr4","43884617","43884873","chr3","151210527","151210798","55","107325910"
"chr4","43885762","43886017","chr8","38371484","38371734","48","5514278"
"chr4","43887377","43887680","chr22","30087295","30087600","55","13800082"
"chr4","43904415","43904658","chr6","43414349","43414590","37","490066"
"chr4","43906030","43906307","chr19","48380052","48380333","43","4474022"
"chr4","43915960","43916158","chr1","118570669","118570869","36","74654709"
"chr4","43922598","43922725","chr1","106812839","106812964","20","62890241"
"chr4","43936939","43937238","chr1","205685668","205685971","35","161748729"
"chr4","43938729","43939026","chr1","134187131","134187427","37","90248402"
"chr4","43940359","43940649","chr4","162552218","162552510","36","118611859"
"chr4","43942848","43943138","chr9","86443872","86444167","44","42501024"
"chr4","43951508","43951631","chr5","162906693","162906814","21","118955185"
"chr4","44005005","44005299","chr1","36255390","36255687","34","7749615"
"chr4","44008682","44008985","chr3","162307473","162307776","35","118298791"
"chr4","44012597","44012867","chr20","3255287","3255561","36","40757310"
"chr4","44023728","44023863","chr16","69398126","69398259","33","25374398"
"chr4","44024450","44024588","chr12","96124835","96124965","29","52100385"
"chr4","44032920","44033220","chr5","156164383","156164686","42","112131463"
"chr4","44033917","44034216","chr12","72634766","72635064","38","28600849"
"chr4","44036272","44036562","chr3","113576048","113576345","62","69539776"
"chr4","44040958","44041215","chrX","18875176","18875442","46","25165782"
"chr4","44051617","44051769","chr4","76627356","76627517","36","32575739"
"chr4","44052001","44052125","chr14","36120852","36120969","19","7931149"
"chr4","44079614","44079819","chrX","24156297","24156495","31","19923317"
"chr4","44080657","44080846","chr9","108877278","108877458","32","64796621"
"chr4","44081244","44081358","chr11","113906994","113907109","11","69825750"
"chr4","44081557","44081822","chr1","913542","913808","31","43168015"
"chr4","44082458","44082684","chr10","1732654","1732886","45","42349804"
"chr4","44086847","44086980","chrX","376907","377041","31","43709940"
"chr4","44088494","44088633","chr18","48023000","48023135","48","3934506"
"chr4","44088938","44088959","chr1","8693386","8693404","4","35395552"
"chr4","44089068","44089167","chr5","118111212","118111313","10","74022144"
"chr4","44097444","44097734","chr11","8685999","8686299","48","35411445"
"chr4","44102447","44102691","chr10","19341295","19341535","39","24761152"
"chr4","44107955","44108192","chr14","67187957","67188195","37","23080002"
"chr4","44113935","44114213","chr6","36657947","36658229","46","7455988"
"chr4","44119163","44119458","chr6","13937967","13938258","42","30181196"
"chr4","44120190","44120470","chr5","143799619","143799893","48","99679429"
"chr4","44121533","44121795","chr20","2359141","2359409","41","41762392"
"chr4","44123283","44123575","chr8","84303503","84303790","40","40180220"
"chr4","44136255","44136348","chr2B","83030208","83030305","15","38893953"
"chr4","44136832","44136952","chr14","10371800","10371917","22","33765032"
"chr4","44144521","44144809","chr12","270182","270479","41","43874339"
"chr4","44146401","44146537","chr11","63173557","63173692","8","19027156"
"chr4","44146803","44146953","chr1","94251625","94251762","35","50104822"
"chr4","44149765","44149899","chrX","91029630","91029764","17","46879865"
"chr4","44150197","44150368","chr8","121787467","121787636","23","77637270"
"chr4","44163347","44163643","chr16","61706961","61707255","37","17543614"
"chr4","44168134","44168423","chr4","3247666","3247958","53","40920468"
"chr4","44168860","44169021","chr22","25077029","25077196","32","19091831"
"chr4","44169329","44169464","chr5","54123067","54123208","28","9953738"
"chr4","44178482","44178763","chr8","21570864","21571139","63","22607618"
"chr4","44186061","44186350","chr3","151894114","151894404","41","107708053"
"chr4","44186351","44186493","chr1","39415446","39415589","25","4770905"
"chr4","44193470","44193779","chr7","71469435","71469749","66","27275965"
"chr4","44196889","44197086","chr21","28303952","28304145","33","15892937"
"chr4","44197731","44197960","chr1","53466878","53467112","36","9269147"
"chr4","44203371","44203498","chr5","41434175","41434298","30","2769196"
"chr4","44203531","44203543","chr11","61701572","61701584","1","17498041"
"chr4","44209143","44209339","chr8","20806710","20806901","31","23402433"
"chr4","44209883","44210014","chr17","40157558","40157690","21","4052325"
"chr4","44210056","44210383","chr12","62451695","62452021","51","18241639"
"chr4","44212262","44212382","chr12","123193262","123193396","28","78981000"
"chr4","44212420","44212596","chr14","58908447","58908623","30","14696027"
"chr4","44217173","44217470","chr7","79044919","79045216","39","34827746"
"chr4","44223431","44223601","chr7","57866494","57866662","29","13643063"
"chr4","44224343","44224485","chr5","9762042","9762185","19","34462301"
"chr4","44224540","44224661","chr4","163930931","163931053","20","119706391"
"chr4","44228330","44228382","chr9","52019511","52019562","4","7791181"
"chr4","44230979","44231272","chr7","77548302","77548597","48","33317323"
"chr4","44231280","44231306","chr11","66163572","66163602","9","21932292"
"chr4","44231607","44231743","chr5","7890655","7890790","21","36340952"
"chr4","44245374","44245425","chr6","43776915","43776966","6","468459"
"chr4","44248673","44248897","chr10","14470588","14470799","51","29778085"
"chr4","44249016","44249357","chr4","191196483","191196824","85","146947467"
"chr4","44250241","44250399","chr16","3488439","3488599","23","40761802"
"chr4","44250487","44250807","chr1","29461138","29461449","46","14789349"
"chr4","44253641","44253764","chr19","10370482","10370616","20","33883159"
"chr4","44255697","44255820","chr20","25657774","25657897","13","18597923"
"chr4","44257325","44257430","chr17","78676430","78676535","12","34419105"
"chr4","44257726","44257942","chr12","43898772","43898978","39","358954"
"chr4","44258881","44259058","chrX","48005188","48005366","30","3746307"
"chr4","44259349","44259371","chr1","133590959","133590977","6","89331610"
"chr4","44259665","44259791","chr3","122561077","122561203","23","78301412"
"chr4","44281977","44282277","chr22","19689406","19689705","47","24592571"
"chr4","44294197","44294311","chr1","125742416","125742529","16","81448219"
"chr4","44299887","44300190","chr12","105869262","105869565","51","61569375"
"chr4","44300191","44300339","chr18","59064463","59064604","26","14764272"
"chr4","44304837","44305132","chr11","61767895","61768197","51","17463058"
"chr4","44314512","44314815","chr1","20280960","20281258","43","24033552"
"chr4","44316429","44316616","chr12","34867115","34867296","47","9449314"
"chr4","44316959","44317258","chr1","191655764","191656063","36","147338805"
"chr4","44320999","44321213","chr7","6371138","6371343","33","37949861"
"chr4","44342810","44343100","chr11","117367595","117367888","40","73024785"
"chr4","44344270","44344566","chrX","18258779","18259074","39","26085491"
"chr4","44345126","44345432","chr16","43558546","43558842","57","786580"
"chr4","44369193","44369323","chr6","33902335","33902470","18","10466858"
"chr4","44369629","44369791","chr7","62486171","62486332","24","18116542"
"chr4","44371291","44371450","chrX","52096827","52096988","21","7725536"
"chr4","44371742","44371876","chr19","40687792","40687926","17","3683950"
"chr4","44396144","44396418","chr5","6116562","6116838","42","38279582"
"chr4","44397048","44397225","chr8","68070297","68070465","30","23673249"
"chr4","44397706","44397805","chr1","130105848","130105952","18","85708142"
"chr4","44401400","44401529","chr11","125571202","125571331","16","81169802"
"chr4","44405892","44406022","chr14","12485207","12485337","15","31920685"
"chr4","44408877","44409198","chr1","89659215","89659533","65","45250338"
"chr4","44413196","44413330","chr17","1423559","1423696","33","42989637"
"chr4","44415575","44415679","chr1","40519163","40519261","22","3896412"
"chr4","44419978","44420318","chr2B","30436806","30437143","53","13983172"
"chr4","44430862","44430913","chr10","130748863","130748912","9","86318001"
"chr4","44436680","44436811","chr2B","16990456","16990587","14","27446224"
"chr4","44438671","44438931","chr6","11140447","11140717","60","33298224"
"chr4","44454000","44454311","chr10","12478771","12479089","44","31975229"
"chr4","44475284","44475437","chr3","79788936","79789074","48","35313652"
"chr4","44479287","44479487","chr15","54800515","54800718","30","10321228"
"chr4","44512069","44512222","chr1","23409964","23410126","30","21102105"
"chr4","44512936","44513070","chrX","136955914","136956049","14","92442978"
"chr4","44513071","44513365","chr2B","68722335","68722634","36","24209264"
"chr4","44527484","44527780","chr6","141321654","141321950","47","96794170"
"chr4","44538522","44538826","chr16","31149580","31149882","36","13388942"
"chr4","44556460","44556712","chr6","322275","322522","61","44234185"
"chr4","44561533","44561830","chrX","45393790","45394091","50","832257"
"chr4","44562726","44562879","chrX","3682813","3682969","26","40879913"
"chr4","44592365","44592684","chr1","23889573","23889871","55","20702792"
"chr4","44619037","44619344","chr2B","27919973","27920282","42","16699064"
"chr4","44653403","44653707","chr20","44638770","44639071","52","14633"
"chr4","44655574","44655876","chr5","147372333","147372625","36","102716759"
"chr4","44656636","44656913","chr7","116073291","116073572","36","71416655"
"chr4","44670575","44670867","chr11","130481288","130481591","43","85810713"
"chr4","44678292","44678589","chr12","19764192","19764488","37","24914100"
"chr4","44693980","44694277","chr8","59928396","59928695","45","15234416"
"chr4","44705027","44705340","chr1","31136599","31136900","49","13568428"
"chr4","44719547","44719887","chr4","126063016","126063356","74","81343469"
"chr4","44720634","44720930","chr1","185242885","185243179","44","140522251"
"chr4","44722725","44722978","chr16","10803269","10803521","58","33919456"
"chr4","44732427","44732595","chr16","31552584","31552750","24","13179843"
"chr4","44732885","44733018","chr4","121964169","121964304","15","77231284"
"chr4","44735902","44735989","chr1","6253507","6253596","16","38482395"
"chr4","44755383","44755686","chr7","152799145","152799449","37","108043762"
"chr4","44758187","44758481","chr6","44227710","44228011","41","530477"
"chr4","44759414","44759725","chr14","86362590","86362901","41","41603176"
"chr4","44770198","44770319","chr10","111821624","111821744","14","67051426"
"chr4","44770342","44770499","chr8","27555379","27555541","23","17214963"
"chr4","44772256","44772555","chr6","162066842","162067135","43","117294586"
"chr4","44780145","44780440","chr6","11233388","11233682","37","33546757"
"chr4","44802033","44802200","chr9","30577480","30577641","32","14224553"
"chr4","44803558","44803687","chr20","31547819","31547950","33","13255739"
"chr4","44804326","44804618","chr2B","69617109","69617399","39","24812783"
"chr4","44806764","44807044","chr5","39300175","39300449","45","5506589"
"chr4","44817031","44817073","chr17","4738320","4738360","5","40078711"
"chr4","44817074","44817390","chr1","135475584","135475893","47","90658510"
"chr4","44838502","44838680","chr21","18597073","18597244","27","26241429"
"chr4","44880846","44880981","chr2A","83306930","83307063","19","38426084"
"chr4","44881261","44881409","chr7","62486171","62486332","35","17604910"
"chr4","44887619","44887889","chr5","5483157","5483433","47","39404462"
"chr4","44901583","44901884","chr16","31379119","31379421","41","13522464"
"chr4","44905209","44905510","chr2A","3026541","3026842","28","41878668"
"chr4","44908185","44908485","chr12","10048219","10048516","44","34859966"
"chr4","44909565","44909842","chrX","46727945","46728224","43","1818380"
"chr4","44910232","44910544","chr2A","74528953","74529262","43","29618721"
"chr4","44910545","44910705","chr12","11765522","11765680","26","33145023"
"chr4","44910798","44910934","chr8","118134000","118134134","13","73223202"
"chr4","44911250","44911414","chr1","129203089","129203252","29","84291839"
"chr4","44913849","44914050","chr19","13673300","13673499","32","31240549"
"chr4","44917122","44917396","chr11","3623940","3624232","46","41293182"
"chr4","44940208","44940409","chr1","134486097","134486305","33","89545889"
"chr4","44943704","44944000","chr8","126637877","126638170","56","81694173"
"chr4","44950184","44950298","chr12","104094166","104094279","23","59143982"
"chr4","44953525","44953847","chr3","53133966","53134279","56","8180441"
"chr4","44956905","44957223","chr3","196949461","196949772","43","151992556"
"chr4","44984152","44984309","chr5","40860815","40860972","19","4123337"
"chr4","44984310","44984586","chr10","92520017","92520305","53","47535707"
"chr4","44985437","44985564","chr1","28283098","28283230","15","16702339"
"chr4","44989343","44989515","chr5","133168102","133168276","27","88178759"
"chr4","44996863","44997164","chr11","65020010","65020311","45","20023147"
"chr4","45006453","45006558","chr12","41647863","41647968","18","3358590"
"chr4","45006861","45006996","chr4","185734049","185734184","9","140727188"
"chr4","45029177","45029242","chr9","72197981","72198046","12","27168804"
"chr4","45031999","45032278","chr8","48387419","48387700","39","3355420"
"chr4","45033932","45034228","chr7","143297802","143298098","41","98263870"
"chr4","45039592","45039738","chr7","104206919","104207068","38","59167327"
"chr4","45039988","45040143","chr3","49188720","49188857","27","4148732"
"chr4","45052741","45053027","chr6","149957028","149957316","44","104904287"
"chr4","45056589","45056863","chrX","20230457","20230727","53","24826132"
"chr4","45075001","45075270","chrX","36924556","36924829","37","8150445"
"chr4","45081234","45081528","chr6","32515840","32516140","53","12565394"
"chr4","45092423","45092544","chr18","29302826","29302949","11","15789597"
"chr4","45100126","45100422","chr6","44572535","44572795","61","527591"
"chr4","45109719","45110007","chr1","20280960","20281258","38","24828759"
"chr4","45112955","45113242","chr1","186408673","186408962","35","141295718"
"chr4","45138418","45138715","chr5","66262413","66262707","41","21123995"
"chr4","45238273","45238356","chr1","109139016","109139099","14","63900743"
"chr4","45239649","45239931","chr3","177668368","177668643","48","132428719"
"chr4","45253937","45254239","chr10","110020152","110020451","37","64766215"
"chr4","45256848","45257126","chr6","79360967","79361252","38","34104119"
"chr4","45375925","45376226","chr1","146725524","146725833","53","101349599"
"chr4","45406207","45406510","chrX","12654688","12654988","34","32751519"
"chr4","45417459","45417577","chr2A","37342062","37342176","22","8075397"
"chr4","45435536","45435615","chr5","23906293","23906359","27","21529243"
"chr4","45440070","45440358","chr10","92365581","92365877","47","46925511"
"chr4","45451031","45451334","chr8","120915311","120915612","50","75464280"
"chr4","45472684","45472959","chr11","69577035","69577306","52","24104351"
"chr4","45482266","45482549","chr9","111762498","111762778","44","66280232"
"chr4","45490517","45490821","chr8","41984651","41984954","37","3505866"
"chr4","45498831","45499134","chr1","20127812","20128114","53","25371019"
"chr4","45500001","45500198","chr11","11964828","11965031","36","33535173"
"chr4","45509220","45509493","chr2A","68214267","68214549","50","22705047"
"chr4","45513434","45513612","chrX","19233319","19233507","37","26280115"
"chr4","45516407","45516650","chr10","131285263","131285510","40","85768856"
"chr4","45518222","45518322","chr13","7718329","7718431","12","37799893"
"chr4","45530641","45530929","chr6","45012008","45012309","51","518633"
"chr4","45532439","45532619","chr2A","105587229","105587409","29","60054790"
"chr4","45532912","45532971","chr3","196206132","196206190","5","150673220"
"chr4","45539080","45539390","chr10","27665927","27666235","40","17873153"
"chr4","45541266","45541549","chr6","20101573","20101856","40","25439693"
"chr4","45556997","45557270","chr6","45031035","45031312","47","525962"
"chr4","45557567","45557835","chr16","18222977","18223238","39","27334590"
"chr4","45558691","45558854","chr1","19551968","19552130","29","26006723"
"chr4","45561412","45561708","chr6","43552064","43552362","33","2009348"
"chr4","45565080","45565380","chr1","191158421","191158704","51","145593341"
"chr4","45581330","45581640","chr15","1886496","1886796","49","43694834"
"chr4","45649584","45649891","chr14","58024535","58024846","37","12374951"
"chr4","45711491","45711763","chr6","77982799","77983061","40","32271308"
"chr4","45726825","45727117","chr2B","100929351","100929648","41","55202526"
"chr4","45736979","45737265","chr4","39376381","39376675","46","6360598"
"chr4","45756556","45756818","chr10","34922905","34923172","59","10833651"
"chr4","45765672","45765964","chr7","140581858","140582155","43","94816186"
"chr4","45771456","45771765","chrX","128923641","128923950","36","83152185"
"chr4","45772208","45772501","chr7","33743761","33744055","50","12028447"
"chr4","45806016","45806308","chr6","45276702","45277001","40","529314"
"chr4","45975554","45975840","chr5","10048488","10048762","51","35927066"
"chr4","46078490","46078786","chr15","3322567","3322866","41","42755923"
"chr4","46312475","46312591","chr7","50743927","50744040","19","4431452"
"chr4","46332567","46332843","chr7","151609823","151610099","50","105277256"
"chr4","46335528","46335838","chr5","34215137","34215446","46","12120391"
"chr4","46394475","46394858","chr2A","105770649","105771011","94","59376174"
"chr4","46449151","46449290","chr2B","120980835","120980975","20","74531684"
"chr4","46479693","46479979","chr15","19297965","19298253","46","27181728"
"chr4","46486014","46486291","chr6","115776870","115777152","48","69290856"
"chr4","46499647","46499700","chr8","74737940","74737994","13","28238293"
"chr4","46518725","46519029","chr5","38135828","38136129","43","8382897"
"chr4","46527300","46527499","chr9","17752613","17752811","38","28774687"
"chr4","46563697","46564019","chr3","70171218","70171528","48","23607521"
"chr4","46603062","46603209","chr19","33829856","33829996","27","12773206"
"chr4","46645520","46645704","chr10","22446309","22446485","40","24199211"
"chr4","46702047","46702349","chr15","22401463","22401764","42","24300584"
"chr4","46719406","46719605","chr6","46236181","46236386","35","483225"
"chr4","46727989","46728297","chr7","137653313","137653606","65","90925324"
"chr4","46738763","46739058","chr5","3555112","3555408","49","43183651"
"chr4","46767142","46767436","chr1","9683728","9684022","39","37083414"
"chr4","46790240","46790539","chr10","92098169","92098468","38","45307929"
"chr4","46798808","46799043","chr5","110068987","110069222","39","63270179"
"chr4","46875229","46875516","chrX","17297985","17298267","45","29577244"
"chr4","46917822","46918132","chr5","141343126","141343438","49","94425304"
"chr4","46921045","46921207","chr1","5428014","5428176","29","41493031"
"chr4","46921504","46921646","chr7","4956315","4956451","20","41965189"
"chr4","47066192","47066481","chr19","46576055","46576351","59","490137"
"chr4","47274428","47274569","chr21","1121451","1121589","31","46152977"
"chr4","47318459","47318735","chr6","46880567","46880837","52","437892"
"chr4","47500676","47500967","chr5","54501254","54501541","44","7000578"
"chr4","47623107","47623400","chr4","100431436","100431730","37","52808329"
"chr4","47653055","47653359","chr12","112321988","112322290","47","64668933"
"chr4","47863402","47863568","chr14","52903059","52903222","28","5039657"
"chr4","47863598","47863724","chr10","114421843","114421969","20","66558245"
"chr4","47886108","47886399","chr2A","15843046","15843342","43","32043062"
"chr4","47890059","47890322","chr3","34277648","34277914","39","13612411"
"chr4","47895966","47896270","chr11","76719549","76719855","49","28823583"
"chr4","47938244","47938458","chr15","58753883","58754098","34","10815639"
"chr4","47953047","47953349","chr6","153698729","153699030","41","105745682"
"chr4","47988377","47988693","chr12","118070142","118070453","54","70081765"
"chr4","48023999","48024292","chr15","45049171","45049461","42","2974828"
"chr4","48036288","48036401","chr10","49571987","49572102","13","1535699"
"chr4","48062883","48063056","chr3","12513291","12513459","27","35549592"
"chr4","48085921","48086215","chr7","77548302","77548597","39","29462381"
"chr4","48207652","48207906","chr1","205864109","205864363","43","157656457"
"chr4","48258004","48258306","chr14","60370419","60370720","44","12112415"
"chr4","48289185","48289328","chrX","82089028","82089176","33","33799843"
"chr4","48324464","48324575","chr10","15388646","15388757","16","32935818"
"chr4","48347573","48347870","chr6","47890041","47890339","48","457532"
"chr4","48416247","48416542","chrX","18258779","18259074","45","30157468"
"chr4","48447832","48448103","chr16","57796900","57797172","47","9349068"
"chr4","48478156","48478332","chr11","66806493","66806673","29","18328337"
"chr4","48478333","48478625","chrX","70115414","70115703","45","21637081"
"chr4","48478626","48478759","chr11","48161977","48162116","20","316649"
"chr4","48484929","48485245","chr13","9720914","9721222","50","38764015"
"chr4","48533138","48533152","chr6","136045287","136045301","2","87512149"
"chr4","48533247","48533524","chr3","11924756","11925034","47","36608491"
"chr4","48543371","48543665","chr1","117548868","117549167","49","69005497"
"chr4","48554929","48555230","chr6","150502217","150502518","59","101947288"
"chr4","48571786","48572068","chr3","49744245","49744528","48","1172459"
"chr4","48589694","48590000","chr7","27510300","27510604","49","21079394"
"chr4","48590486","48590498","chr16","29184426","29184439","3","19406060"
"chr4","48590630","48590792","chr6","100480052","100480215","34","51889422"
"chr4","48601755","48602067","chr6","48141828","48142137","36","459927"
"chr4","48738566","48738871","chr6","48313757","48314065","49","424809"
"chr4","48798865","48799062","chr20","34750746","34750946","31","14048119"
"chr4","48871489","48871751","chr7","130070139","130070409","48","81198650"
"chr4","48901224","48901528","chr3","189017179","189017480","40","140115955"
"chr4","48907957","48908187","chr11","67058310","67058525","39","18150353"
"chr4","48908710","48909004","chr13","77437423","77437717","30","28528713"
"chr4","48931296","48931439","chr5","118006764","118006899","23","69075468"
"chr4","48931469","48931547","chr1","13205771","13205851","9","35725698"
"chr4","48931672","48931755","chr14","80212676","80212755","14","31281004"
"chr4","48943188","48943315","chr3","128433183","128433312","17","79489995"
"chr4","48950378","48950675","chr8","118175885","118176162","58","69225507"
"chr4","48983266","48983553","chrX","86887133","86887424","42","37903867"
"chr4","49021037","49021356","chr6","136855052","136855369","52","87834015"
"chr4","49092475","49092776","chr5","34598529","34598830","47","14493946"
"chr4","49133084","49133388","chr6","111211322","111211630","35","62078238"
"chr4","49330960","49331263","chr5","9482966","9483266","56","39847994"
"chr4","49412367","49412651","chr14","76696434","76696724","36","27284067"
"chr4","49466258","49466529","chr1","128961507","128961793","53","79495249"
"chr4","49481478","49481773","chrX","41897727","41898024","36","7583751"
"chr4","49513656","49513953","chr1","223636516","223636815","54","174122860"
"chr4","49567455","49567765","chr5","46530569","46530871","65","3036886"
"chr4","49571744","49572038","chr3","148333784","148334081","47","98762040"
"chr4","49583240","49583540","chr19","20156875","20157179","45","29426365"
"chr4","49590117","49590427","chr8","48387419","48387700","74","1202698"
"chr4","49636966","49637089","chr8","95812333","95812457","16","46175367"
"chr4","49637121","49637300","chr5","59930487","59930657","27","10293366"
"chr4","49667392","49667693","chr1","14910132","14910438","52","34757260"
"chr4","49705746","49706044","chr1","36255390","36255687","44","13450356"
"chr4","49794625","49794936","chr19","1191371","1191674","50","48603254"
"chr4","49887646","49887934","chr19","56414489","56414783","50","6526843"
"chr4","49964291","49964508","chrUn_CABD030131419v1","1","200","65","49964290"
"chr4","50205729","50205827","chr3","49281159","49281259","12","924570"
"chr4","50207732","50207876","chrX","119294972","119295111","24","69087240"
"chr4","50208125","50208230","chr3","110475246","110475354","21","60267121"
"chr4","50384805","50385090","chr3","182650235","182650522","46","132265430"
"chr4","50532408","50532672","chr6","322275","322522","62","50210133"
"chr4","50617578","50617701","chr8","95812333","95812457","11","45194755"
"chr4","50624493","50624802","chr22","32474604","32474880","70","18149889"
"chr4","50666344","50666640","chr1","42618802","42619096","37","8047542"
"chr4","50694165","50694275","chr16","10901222","10901339","22","39792943"
"chr4","50756721","50757057","chr2B","70085352","70085674","59","19328631"
"chr4","50764729","50765030","chr1","45953736","45954032","38","4810993"
"chr4","50775580","50775885","chr8","78156621","78156921","44","27381041"
"chr4","50780870","50781180","chrX","134264263","134264566","57","83483393"
"chr4","50797740","50797976","chr7","152572732","152572964","29","101774992"
"chr4","50800426","50800693","chr6","84738591","84738863","57","33938165"
"chr4","50805022","50805327","chr5","66262413","66262707","46","15457391"
"chr4","50809093","50809377","chr17","34803720","34804005","44","16005373"
"chr4","50812083","50812190","chr6","85362783","85362893","16","34550700"
"chr4","50813871","50814049","chr5","35976476","35976657","24","14837395"
"chr4","50824700","50825002","chr6","136416465","136416772","51","85591765"
"chr4","50827573","50827865","chr9","47794291","47794585","44","3033282"
"chr4","50837857","50838153","chr6","50706985","50707274","40","130872"
"chr4","50864337","50864468","chr16","69970257","69970389","15","19105920"
"chr4","50935869","50936162","chr10","109678638","109678926","45","58742769"
"chr4","50962549","50962865","chr7","1669242","1669542","58","49293307"
"chr4","50976960","50977053","chr15","67733089","67733181","13","16756129"
"chr4","51000880","51001166","chr1","133870687","133870980","47","82869807"
"chr4","51054443","51054611","chrX","9704876","9705045","25","41349567"
"chr4","51068080","51068388","chr8","33624550","33624858","40","17443530"
"chr4","51099764","51100063","chr7","142892886","142893177","57","91793122"
"chr4","51113809","51114114","chr9","76710013","76710305","53","25596204"
"chr4","51277484","51277781","chr4","24255507","24255804","45","27021977"
"chr4","51288230","51288547","chr1","130253737","130254050","57","78965507"
"chr4","51424331","51424611","chr1","92142546","92142842","55","40718215"
"chr4","51433282","51433591","chr1","9371977","9372288","45","42061305"
"chr4","51564147","51564418","chr1","184380783","184381055","33","132816636"
"chr4","51589962","51590262","chr5","33590164","33590462","62","17999798"
"chr4","51781030","51781250","chr7","128161753","128161975","34","76380723"
"chr4","51839843","51840013","chr8","121787467","121787636","27","69947624"
"chr4","51840323","51840463","chr1","130521054","130521182","28","78680731"
"chr4","51868317","51868531","chr1","15530693","15530909","43","36337624"
"chr4","51993511","51993802","chr5","110535761","110536053","49","58542250"
"chr4","52096591","52096710","chr7","45679040","45679158","28","6417551"
"chr4","52096760","52096882","chr8","38818222","38818348","20","13278538"
"chr4","52099591","52099885","chr5","143985679","143985963","50","91886088"
"chr4","52119847","52120176","chr13","7161138","7161463","63","44958709"
"chr4","52135034","52135182","chr6","52046354","52046515","29","88680"
"chr4","52174006","52174135","chr6","141208908","141209041","20","89034902"
"chr4","52246444","52246678","chr12","113355389","113355618","41","61108945"
"chr4","52355092","52355386","chr1","65854541","65854833","39","13499449"
"chr4","52515030","52515330","chr3","58218665","58218964","48","5703635"
"chr4","52653324","52653629","chr18","22809514","22809832","61","29843810"
"chr4","52731751","52731838","chr1","6253507","6253596","16","46478244"
"chr4","52758836","52759137","chr6","167179521","167179827","52","114420685"
"chr4","52795768","52796056","chr11","102027036","102027329","41","49231268"
"chr4","52838665","52838845","chr13","33989108","33989289","31","18849557"
"chr4","52839630","52839762","chr1","209383866","209384001","12","156544236"
"chr4","52862187","52862478","chr9","99306727","99307020","43","46444540"
"chr4","53013146","53013432","chr19","13312629","13312913","38","39700517"
"chr4","53110284","53110585","chr3","46381852","46382163","43","6728432"
"chr4","53123397","53123674","chr4","195685244","195685525","50","142561847"
"chr4","53324538","53324834","chr2B","111648654","111648951","38","58324116"
"chr4","53401831","53402131","chr4","162552218","162552510","45","109150387"
"chr4","53416916","53417115","chr3","132773829","132774023","50","79356913"
"chr4","53487519","53487816","chr9","106799866","106800156","47","53312347"
"chr4","53490990","53491119","chr2B","31208215","31208340","22","22282775"
"chr4","53578065","53578360","chr5","157197709","157198004","38","103619644"
"chr4","53578600","53578887","chr3","39778541","39778833","52","13800059"
"chr4","53592415","53592551","chrX","1730666","1730803","12","51861749"
"chr4","53603565","53603714","chr11","64890635","64890783","25","11287070"
"chr4","53604002","53604160","chr7","104320068","104320227","34","50716066"
"chr4","53605805","53606110","chr11","56648134","56648436","37","3042329"
"chr4","53610491","53610659","chr13","14222186","14222351","24","39388305"
"chr4","53611940","53612034","chr4","201135009","201135100","17","147523069"
"chr4","53615080","53615377","chr6","53310674","53310973","45","304406"
"chr4","53628034","53628289","chr14","57676741","57676996","48","4048707"
"chr4","53641329","53641598","chr5","39300175","39300449","51","14341154"
"chr4","53665755","53665878","chr14","60618291","60618415","14","6952536"
"chr4","53705931","53706215","chr6","156937954","156938236","42","103232023"
"chr4","53728590","53728856","chrX","36924556","36924829","42","16804034"
"chr4","53768649","53768938","chr3","54121779","54122063","45","353130"
"chr4","53775222","53775468","chr4","137916020","137916268","39","84140798"
"chr4","53801938","53802084","chr6","53179635","53179784","26","622303"
"chr4","53871790","53872088","chr7","73195633","73195937","51","19323843"
"chr4","53899546","53899834","chr16","41008702","41009001","58","12890844"
"chr4","53907572","53907865","chr6","151128421","151128713","42","97220849"
"chr4","53908683","53908857","chr10","88717472","88717641","51","34808789"
"chr4","53930658","53930988","chr1","128338551","128338872","51","74407893"
"chr4","53971922","53972229","chr1","153025983","153026286","46","99054061"
"chr4","54005757","54006064","chr6","137256223","137256527","48","83250466"
"chr4","54079789","54080049","chr20","50639093","50639356","50","3440696"
"chr4","54118739","54119039","chr3","188656298","188656603","49","134537559"
"chr4","54139066","54139360","chr5","5462895","5463197","48","48676171"
"chr4","54151861","54152162","chr3","50934507","50934804","47","3217354"
"chr4","54167176","54167467","chr6","48058765","48059050","33","6108411"
"chr4","54175397","54175670","chr15","42606794","42607068","42","11568603"
"chr4","54183786","54184095","chr13","14159136","14159434","57","40024650"
"chr4","54220410","54220698","chr6","32844125","32844413","34","21376285"
"chr4","54272864","54273016","chr1","29306801","29306956","29","24966063"
"chr4","54279930","54280203","chr1","6642105","6642371","66","47637825"
"chr4","54297622","54297915","chr6","54077885","54078177","40","219737"
"chr4","54310152","54310450","chr5","24701014","24701301","47","29609138"
"chr4","54327295","54327595","chr7","158676345","158676646","40","104349050"
"chr4","54337226","54337396","chr7","110885244","110885413","18","56548018"
"chr4","54337419","54337543","chr9","45435101","45435223","12","8902318"
"chr4","54351681","54351983","chr6","92275344","92275643","41","37923663"
"chr4","54353826","54354140","chr13","96246742","96247046","44","41892916"
"chr4","54357147","54357425","chr5","159427196","159427473","43","105070049"
"chr4","54369346","54369595","chr6","54146001","54146244","39","223345"
"chr4","54372063","54372356","chr7","139996539","139996831","31","85624476"
"chr4","54377810","54378098","chrX","45319587","45319876","40","9058223"
"chr4","54380993","54381294","chr11","99244764","99245066","44","44863771"
"chr4","54391317","54391586","chr1","14137066","14137346","51","40254251"
"chr4","54392191","54392547","chr3","179985139","179985476","95","125592948"
"chr4","54392874","54393141","chr22","26537628","26537895","41","27855246"
"chr4","54394998","54395132","chr8","85967035","85967166","22","31572037"
"chr4","54395427","54395607","chr20","63010421","63010595","34","8614994"
"chr4","54399738","54399871","chr6","57594868","57595001","13","3195130"
"chr4","54404826","54404948","chr1","110505595","110505724","12","56100769"
"chr4","54405989","54406291","chr17","7388146","7388443","42","47017843"
"chr4","54423818","54423933","chr5","154743608","154743723","11","100319790"
"chr4","54432802","54432994","chr14","76773635","76773826","39","22340833"
"chr4","54435599","54435756","chrX","41769452","41769608","26","12666147"
"chr4","54438852","54439152","chr4","94413473","94413765","43","39974621"
"chr4","54439579","54439736","chrX","41769452","41769608","26","12670127"
"chr4","54446157","54446336","chr7","43315713","43315896","49","11130444"
"chr4","54498888","54499209","chr5","133549781","133550101","42","79050893"
"chr4","54553417","54553656","chr19","55552265","55552495","46","998848"
"chr4","54558436","54558729","chr17","33523208","33523500","40","21035228"
"chr4","54583168","54583387","chr4","5610683","5610898","28","48972485"
"chr4","54594439","54594563","chr10","114990762","114990888","23","60396323"
"chr4","54651948","54652233","chr3","37569803","37570087","43","17082145"
"chr4","54670094","54670386","chr2B","111058907","111059202","48","56388813"
"chr4","54702274","54702585","chr1","28740587","28740894","39","25961687"
"chr4","54732132","54732430","chr12","88946085","88946389","46","34213953"
"chr4","54738393","54738701","chr11","391883","392192","36","54346510"
"chr4","54756756","54757043","chr2A","19912175","19912470","44","34844581"
"chr4","54762198","54762495","chr15","58791771","58792072","39","4029573"
"chr4","54770875","54771040","chr10","51363834","51364001","31","3407041"
"chr4","54771337","54771473","chr1","11102412","11102548","19","43668925"
"chr4","54771764","54772053","chr3","42788373","42788672","44","11983391"
"chr4","54776499","54776629","chr5","118006764","118006899","17","63230265"
"chr4","54776964","54777142","chr3","70383569","70383743","30","15606605"
"chr4","54789279","54789574","chr7","128058400","128058696","37","73269121"
"chr4","54791226","54791515","chrX","44828311","44828598","48","9962915"
"chr4","54806213","54806515","chr5","22622178","22622477","42","32184035"
"chr4","54820787","54821000","chr6","54607718","54607946","33","213069"
"chr4","54868629","54868645","chrX","112939701","112939717","1","58071072"
"chr4","54868827","54869113","chr1","135360338","135360622","42","80491511"
"chr4","54901467","54901744","chr2B","122632485","122632767","47","67731018"
"chr4","54930879","54931178","chr6","45713778","45714072","40","9217101"
"chr4","54933826","54934133","chr9","34622433","34622739","36","20311393"
"chr4","54937955","54938165","chr4","110212781","110212992","32","55274826"
"chr4","54952696","54952991","chr7","120376475","120376775","43","65423779"
"chr4","54967996","54968292","chr6","54757701","54758012","42","210295"
"chr4","55114591","55114879","chrX","105960387","105960673","43","50845796"
"chr4","55184661","55184957","chr13","3227078","3227376","41","51957583"
"chr4","55251863","55252151","chr4","101447458","101447743","39","46195595"
"chr4","55355747","55355874","chrX","41917015","41917133","19","13438732"
"chr4","55405705","55406008","chr21","30658994","30659298","42","24746711"
"chr4","55486307","55486604","chr14","110301","110606","46","55376006"
"chr4","55680800","55681082","chr22","17590884","17591166","55","38089916"
"chr4","55753925","55754233","chr16","47216640","47216945","41","8537285"
"chr4","55777340","55777660","chr8","101435714","101436021","65","45658374"
"chr4","55789584","55789871","chrX","39033534","39033822","58","16756050"
"chr4","55854914","55855190","chr6","71983566","71983852","43","16128652"
"chr4","55940663","55940948","chr20","51359328","51359610","39","4581335"
"chr4","55971030","55971183","chr2B","117205707","117205858","26","61234677"
"chr4","55981826","55982140","chrX","53553625","53553937","43","2428201"
"chr4","55988786","55989090","chr5","24762715","24763015","51","31226071"
"chr4","56005734","56005991","chr10","51068616","51068884","44","4937118"
"chr4","56008058","56008364","chr4","200821253","200821559","36","144813195"
"chr4","56074159","56074463","chrX","40456915","40457225","45","15617244"
"chr4","56152502","56152588","chr1","109139016","109139099","10","52986514"
"chr4","56154147","56154434","chr6","12303588","12303881","57","43850559"
"chr4","56163535","56163650","chr10","29875852","29875969","17","26287683"
"chr4","56163676","56163837","chr19","12031666","12031828","32","44132010"
"chr4","56206744","56207037","chr5","20888642","20888936","46","35318102"
"chr4","56308351","56308661","chr2A","65732739","65733045","48","9424388"
"chr4","56372234","56372520","chr5","138483795","138484085","41","82111561"
"chr4","56506026","56506330","chr4","110248134","110248433","38","53742108"
"chr4","56541813","56542099","chr3","143654055","143654338","43","87112242"
"chr4","56570677","56570798","chr7","110802141","110802261","14","54231464"
"chr4","56570831","56571004","chrX","77440551","77440724","28","20869720"
"chr4","56586919","56587220","chr22","7570663","7570952","67","49016256"
"chr4","56627007","56627235","chrX","100915985","100916220","49","44288978"
"chr4","56634365","56634492","chr21","31662246","31662382","14","24972119"
"chr4","56725273","56725544","chr1","13857836","13858100","40","42867437"
"chr4","56749661","56749955","chrX","15626910","15627195","51","41122751"
"chr4","56773556","56773836","chr1","8513682","8513967","58","48259874"
"chr4","56844935","56845069","chr7","6483541","6483675","17","50361394"
"chr4","56845070","56845360","chr15","29988875","29989168","53","26856195"
"chr4","56912387","56912481","chr5","45210451","45210541","14","11701936"
"chr4","56956462","56956625","chr14","65392304","65392467","24","8435842"
"chr4","56956666","56956787","chr5","40375863","40375987","19","16580803"
"chr4","57019050","57019319","chr6","14519188","14519446","49","42499862"
"chr4","57067888","57068141","chr1","183077051","183077300","45","126009163"
"chr4","57092404","57092640","chr12","127703153","127703387","38","70610749"
"chr4","57357822","57358122","chrX","152417496","152417795","52","95059674"
"chr4","57404553","57404838","chr9","106799866","106800156","47","49395313"
"chr4","57454457","57454719","chr1","24578103","24578377","49","32876354"
"chr4","57555235","57555527","chr3","185043541","185043836","36","127488306"
"chr4","57713063","57713322","chr1","3913710","3913969","39","53799353"
"chr4","57773412","57773691","chr14","89299969","89300248","46","31526557"
"chr4","58034927","58035222","chr2A","81092725","81093021","33","23057798"
"chr4","58035236","58035373","chrX","91031776","91031912","18","32996540"
"chr4","58045593","58045714","chr8","136395963","136396083","11","78350370"
"chr4","58045772","58045940","chr14","65392304","65392467","32","7346532"
"chr4","58046455","58046716","chr5","36333234","36333490","39","21713221"
"chr4","58072604","58072885","chr19","5213002","5213282","35","52859602"
"chr4","58088673","58088805","chr5","118006764","118006899","16","59918091"
"chr4","58093950","58094017","chr6","57680343","57680410","2","413607"
"chr4","58113035","58113165","chr4","98309554","98309680","15","40196519"
"chr4","58114925","58115228","chr2A","41416571","41416854","62","16698354"
"chr4","58118666","58118900","chr3","102583143","102583376","31","44464477"
"chr4","58142395","58142683","chr8","73414581","73414867","45","15272186"
"chr4","58143002","58143134","chr13","2652862","2652996","12","55490140"
"chr4","58146385","58146663","chr6","120883348","120883633","48","62736963"
"chr4","58179866","58180158","chr7","21217030","21217325","41","36962836"
"chr4","58188101","58188222","chr2A","74412437","74412551","22","16224336"
"chr4","58190179","58190457","chr1","146575605","146575883","50","88385426"
"chr4","58197882","58197992","chr10","15486811","15486920","9","42711071"
"chr4","58243762","58244069","chr8","78441857","78442157","50","20198095"
"chr4","58282204","58282496","chr2B","100893350","100893645","41","42611146"
"chr4","58283910","58284037","chr15","73119233","73119360","15","14835323"
"chr4","58294859","58294908","chr3","50183030","50183080","9","8111829"
"chr4","58295174","58295345","chr2A","52826352","52826523","30","5468822"
"chr4","58304449","58304515","chr1","115390473","115390541","5","57086024"
"chr4","58335186","58335319","chr1","71393655","71393787","14","13058469"
"chr4","58335979","58336067","chr10","46936582","46936669","13","11399397"
"chr4","58336355","58336526","chr8","67783104","67783272","31","9446749"
"chr4","58346918","58347051","chrX","47697355","47697489","14","10649563"
"chr4","58368060","58368348","chr8","145953707","145953999","37","87585647"
"chr4","58370862","58370921","chr17","33485931","33485996","11","24884931"
"chr4","58381570","58381904","chr10","88292868","88293184","63","29911298"
"chr4","58395486","58395781","chr3","182650235","182650522","53","124254749"
"chr4","58418086","58418257","chr7","104143696","104143864","36","45725610"
"chr4","58418567","58418701","chr5","118164003","118164137","23","59745436"
"chr4","58429366","58429681","chr3","190356216","190356527","44","131926850"
"chr4","58445710","58446007","chr15","3322567","3322866","36","55123143"
"chr4","58456979","58457154","chr1","24681785","24681955","29","33775194"
"chr4","58457467","58457599","chrX","19240655","19240787","17","39216812"
"chr4","58501328","58501545","chr1","64491409","64491627","37","5990081"
"chr4","58502077","58502113","chr3","59287585","59287616","9","785508"
"chr4","58522203","58522497","chr1","57721001","57721299","45","801202"
"chr4","58556217","58556522","chr9","50801939","50802239","49","7754278"
"chr4","58606266","58606556","chr16","13037737","13038029","44","45568529"
"chr4","58631341","58631531","chr13","62034551","62034741","22","3403210"
"chr4","58640386","58640692","chr6","58176162","58176465","47","464224"
"chr4","58656738","58656902","chr8","131963776","131963942","22","73307038"
"chr4","58657197","58657333","chr2B","13381090","13381223","16","45276107"
"chr4","58659011","58659124","chr3","34276408","34276526","21","24382603"
"chr4","58668096","58668393","chr8","101544594","101544890","37","42876498"
"chr4","58680369","58680481","chr16","15459483","15459593","12","43220886"
"chr4","58688264","58688391","chr1","71060262","71060392","19","12371998"
"chr4","58688708","58688837","chr16","13317093","13317217","28","45371615"
"chr4","58690718","58691012","chr1","68400871","68401164","38","9710153"
"chr4","58704825","58705094","chr5","117964780","117965048","51","59259955"
"chr4","58710262","58710323","chr2B","95428983","95429047","11","36718721"
"chr4","58711225","58711452","chr12","109979656","109979878","58","51268431"
"chr4","58712702","58712825","chr1","69272916","69273038","17","10560214"
"chr4","58722730","58722854","chr15","73119233","73119360","21","14396503"
"chr4","58738788","58739083","chrX","19694089","19694388","36","39044699"
"chr4","58857024","58857093","chr3","50958405","50958483","18","7898619"
"chr4","58863805","58864113","chr16","28927597","28927897","54","29936208"
"chr4","58906606","58906813","chr5","18092737","18092944","34","40813869"
"chr4","58920995","58921286","chr1","159180870","159181161","45","100259875"
"chr4","58925651","58925951","chr8","101521450","101521758","41","42595799"
"chr4","58926681","58926899","chr15","42329703","42329928","35","16596978"
"chr4","58957107","58957405","chr9","13807793","13808081","62","45149314"
"chr4","59009877","59010017","chr7","142376930","142377069","32","83367053"
"chr4","59044624","59044829","chr10","86777567","86777768","31","27732943"
"chr4","59099071","59099320","chr22","11290444","11290697","41","47808627"
"chr4","59101484","59101692","chr16","3493819","3494030","46","55607665"
"chr4","59187689","59187770","chr5","115974564","115974652","19","56786875"
"chr4","59325293","59325425","chr5","35633795","35633931","12","23691498"
"chr4","59525303","59525579","chr7","72555518","72555799","47","13030215"
"chr4","59543997","59544272","chr4","73428507","73428782","45","13884510"
"chr4","59547638","59547947","chr5","51032613","51032920","37","8515025"
"chr4","59668585","59668703","chr10","60326661","60326780","14","658076"
"chr4","59690166","59690460","chr1","36255390","36255687","52","23434776"
"chr4","59691546","59691747","chr4","196548468","196548670","36","136856922"
"chr4","59846822","59846888","chr15","77528161","77528232","16","17681339"
"chr4","59970896","59971190","chr5","75762204","75762492","42","15791308"
"chr4","60220467","60220583","chr1","10090900","10091014","11","50129567"
"chr4","60292334","60292631","chr11","6056991","6057291","38","54235343"
"chr4","60299254","60299530","chr15","13302570","13302846","53","46996684"
"chr4","60329735","60330007","chr10","100354316","100354578","48","40024581"
"chr4","60455074","60455372","chr22","28905119","28905413","47","31549955"
"chr4","60579021","60579321","chr10","133565552","133565849","48","72986531"
"chr4","60744193","60744495","chr1","32994772","32995070","44","27749421"
"chr4","60793742","60794021","chr9","103813748","103814025","61","43020006"
"chr4","60961780","60962070","chr5","162759573","162759863","57","101797793"
"chr4","61023844","61024134","chr15","41520563","41520854","38","19503281"
"chr4","61225394","61225682","chr11","98081123","98081409","46","36855729"
"chr4","61321913","61322193","chr1","9351435","9351714","45","51970478"
"chr4","61327108","61327402","chr12","19563926","19564220","43","41763182"
"chr4","61410627","61410908","chr8","131372402","131372683","55","69961775"
"chr4","61441407","61441720","chr5","161269368","161269674","51","99827961"
"chr4","61533451","61533753","chr9","53875580","53875884","42","7657871"
"chr4","61625789","61625864","chr5","39315402","39315477","10","22310387"
"chr4","61671097","61671390","chr15","78041904","78042206","49","16370807"
"chr4","61704233","61704524","chr1","9683728","9684022","55","52020505"
"chr4","61704843","61704936","chr18","56826401","56826490","25","4878442"
"chr4","61704946","61705215","chr6","84738591","84738863","55","23033645"
"chr4","61705783","61706097","chr2B","101153633","101153945","51","39447850"
"chr4","61715872","61716129","chr20","33929052","33929309","32","27786820"
"chr4","61718498","61718785","chr2B","107707928","107708218","42","45989430"
"chr4","61743868","61744163","chr2B","62407445","62407744","51","663577"
"chr4","61747901","61748017","chr3","45629081","45629198","15","16118820"
"chr4","61767954","61768251","chr9","51323447","51323736","52","10444507"
"chr4","61769364","61769496","chr19","17732777","17732912","12","44036587"
"chr4","61779641","61779792","chr2A","85433992","85434145","33","23654351"
"chr4","61779830","61780006","chr1","162846265","162846444","26","101066435"
"chr4","61781910","61782042","chr1","205772785","205772916","21","143990875"
"chr4","61784025","61784117","chrX","4833349","4833441","14","56950676"
"chr4","61796004","61796136","chrX","19240655","19240787","14","42555349"
"chr4","61796434","61796621","chr13","33989108","33989289","34","27807326"
"chr4","61802557","61802821","chr3","89372580","89372832","50","27570023"
"chr4","61807612","61807865","chr6","44572535","44572795","46","17235077"
"chr4","61814946","61815259","chr1","30961910","30962218","38","30853036"
"chr4","61823967","61824102","chr1","213473838","213473970","19","151649871"
"chr4","61826574","61826825","chr4","186137304","186137556","38","124310730"
"chr4","61833667","61833969","chr8","40190170","40190468","35","21643497"
"chr4","61847068","61847329","chr13","55206953","55207211","38","6640115"
"chr4","61847614","61847903","chr3","151894114","151894404","41","90046500"
"chr4","61849199","61849509","chr9","25366769","25367077","36","36482430"
"chr4","61851487","61851786","chr3","139035888","139036184","48","77184401"
"chr4","61852124","61852437","chr19","35082212","35082514","49","26769912"
"chr4","61869361","61869524","chrX","69931574","69931735","24","8062213"
"chr4","61869848","61869982","chr5","110285576","110285711","19","48415728"
"chr4","61883134","61883412","chr1","15125951","15126230","45","46757183"
"chr4","61883523","61883533","chr3","130605499","130605509","1","68721976"
"chr4","61883791","61884105","chr9","99611637","99611947","51","37727846"
"chr4","61887450","61887760","chr4","182536885","182537197","50","120649435"
"chr4","61899722","61899851","chr14","59236568","59236697","14","2663154"
"chr4","61903266","61903501","chr10","118368372","118368600","43","56465106"
"chr4","61903516","61903684","chr6","157763576","157763735","33","95860060"
"chr4","61903734","61903926","chrX","23992074","23992265","33","37911660"
"chr4","61944645","61944785","chrX","376907","377041","25","61567738"
"chr4","61956174","61956350","chr12","120337566","120337735","35","58381392"
"chr4","61957191","61957309","chr12","36410722","36410841","16","25546469"
"chr4","61960450","61960563","chr7","6159919","6160031","11","55800531"
"chr4","61962901","61963141","chr1","114044437","114044681","45","52081536"
"chr4","61976606","61976883","chr11","123114043","123114321","45","61137437"
"chr4","62022448","62022741","chr7","154133029","154133326","46","92110581"
"chr4","62077138","62077292","chr20","34288767","34288927","27","27788371"
"chr4","62111868","62111996","chr12","125029903","125030029","22","62918035"
"chr4","62186083","62186400","chr3","46381852","46382163","57","15804231"
"chr4","62304297","62304567","chr5","10048488","10048762","54","52255809"
"chr4","62418965","62419243","chr20","30651628","30651906","41","31767337"
"chr4","62431781","62431876","chr3","161211314","161211411","16","98779533"
"chr4","62432906","62433095","chr15","42765328","42765518","28","19667578"
"chr4","62451352","62451651","chr1","52045396","52045697","43","10405956"
"chr4","62588288","62588544","chr17","817230","817487","43","61771058"
"chr4","62674851","62675160","chr1","205889499","205889807","60","143214648"
"chr4","62949731","62950038","chr3","37901701","37901999","51","25048030"
"chr4","63059767","63059957","chr8","86134072","86134255","64","23074305"
"chr4","63096841","63097112","chr7","138693397","138693671","50","75596556"
"chr4","63147053","63147352","chr14","10557771","10558080","44","52589282"
"chr4","63185205","63185442","chr19","2781827","2782071","47","60403378"
"chr4","63198356","63198627","chr3","49499021","49499306","57","13699335"
"chr4","63388553","63388849","chr5","45914070","45914364","60","17474483"
"chr4","63408300","63408614","chr4","97735500","97735812","49","34327200"
"chr4","63462335","63462624","chr6","4177308","4177600","38","59285027"
"chr4","63469471","63469733","chr7","73284428","73284695","46","9814957"
"chr4","63473910","63474206","chr2A","73832027","73832326","50","10358117"
"chr4","63504720","63504906","chr8","140597715","140597899","46","77092995"
"chr4","63573210","63573491","chr13","31585458","31585730","57","31987752"
"chr4","63625992","63626271","chr3","72171772","72172053","42","8545780"
"chr4","63840027","63840337","chr10","115827971","115828270","69","51987944"
"chr4","63940877","63941163","chr3","26437815","26438108","66","37503062"
"chr4","64202282","64202499","chr5","4748709","4748924","33","59453573"
"chr4","64266366","64266526","chr18","14198235","14198399","27","50068131"
"chr4","64266562","64266675","chr19","54303179","54303289","28","9963383"
"chr4","64348083","64348401","chr3","46381852","46382163","48","17966231"
"chr4","64396318","64396432","chrX","24288832","24288946","11","40107486"
"chr4","64489504","64489794","chr10","116030189","116030484","47","51540685"
"chr4","64536348","64536643","chr5","38342150","38342445","55","26194198"
"chr4","64547951","64548045","chr5","134361106","134361201","18","69813155"
"chr4","64606607","64606851","chr17","72989108","72989346","44","8382501"
"chr4","64698436","64698614","chr1","27433974","27434152","29","37264462"
"chr4","64698925","64699057","chrX","1730666","1730803","24","62968259"
"chr4","64761823","64761962","chr19","16726498","16726635","24","48035325"
"chr4","64801789","64802084","chr2B","100893350","100893645","43","36091561"
"chr4","64806439","64806599","chrX","33938283","33938440","27","30868156"
"chr4","64806906","64807049","chr17","53534535","53534679","22","11272371"
"chr4","64841549","64841854","chr1","9371977","9372288","56","55469572"
"chr4","64905290","64905525","chr20","18712238","18712474","45","46193052"
"chr4","64988667","64988932","chr1","158587880","158588143","57","93599213"
"chr4","65017812","65017942","chr8","142139940","142140060","25","77122128"
"chr4","65048559","65048669","chr17","19059816","19059925","15","45988743"
"chr4","65099305","65099612","chr5","124803817","124804128","47","59704512"
"chr4","65114045","65114195","chr7","67055752","67055897","26","1941707"
"chr4","65114241","65114346","chr22","12343116","12343219","24","52771125"
"chr4","65116310","65116490","chr6","68618221","68618400","33","3501911"
"chr4","65184100","65184175","chr7","56757723","56757799","18","8426377"
"chr4","65256616","65256902","chr11","9392301","9392584","49","55864315"
"chr4","65258727","65259016","chr18","48406260","48406552","66","16852467"
"chr4","65270654","65270925","chr19","37001286","37001555","44","28269368"
"chr4","65331894","65332186","chr12","4077726","4078015","48","61254168"
"chr4","65357765","65357929","chr12","98776420","98776589","35","33418655"
"chr4","65612120","65612188","chr11","66565636","66565699","16","953516"
"chr4","65634490","65634707","chr5","35411506","35411721","49","30222984"
"chr4","65648272","65648448","chr3","50994962","50995136","33","14653310"
"chr4","65749262","65749463","chr13","9594326","9594524","36","56154936"
"chr4","65749762","65749916","chr1","15781984","15782123","45","49967778"
"chr4","65906508","65906814","chr14","86196017","86196315","43","20289509"
"chr4","66059997","66060270","chr6","69706401","69706666","43","3646404"
"chr4","66099976","66100124","chr1","87111997","87112142","25","21012021"
"chr4","66159696","66160001","chr7","139963807","139964112","48","73804111"
"chr4","66168416","66168710","chr7","2381192","2381489","58","63787224"
"chr4","66296606","66296729","chr1","130928471","130928590","25","64631865"
"chr4","66313001","66313120","chr10","90571823","90571940","24","24258822"
"chr4","66338301","66338481","chr11","111745036","111745211","26","45406735"
"chr4","66500001","66500093","chr3","180508856","180508948","11","114008855"
"chr4","66653934","66654210","chr10","100354316","100354578","62","33700382"
"chr4","66698947","66699256","chr1","205863329","205863635","43","139164382"
"chr4","66722826","66723105","chr16","25466315","25466600","54","41256511"
"chr4","66769158","66769465","chr17","34427879","34428186","45","32341279"
"chr4","66770748","66770876","chr19","7297246","7297365","29","59473502"
"chr4","66860719","66860811","chr4","40041019","40041107","26","26819700"
"chr4","66933360","66933623","chr19","17803536","17803798","39","49129824"
"chr4","67142063","67142351","chr7","156101400","156101691","41","88959337"
"chr4","67188689","67188967","chr22","28238520","28238785","48","38950169"
"chr4","67242948","67243245","chr3","131643212","131643513","43","64400264"
"chr4","67264164","67264284","chr14","68772219","68772335","18","1508055"
"chr4","67294059","67294369","chr15","19297965","19298253","60","47996094"
"chr4","67301191","67301476","chr8","47619379","47619670","43","19681812"
"chr4","67423754","67424043","chrX","47993917","47994201","38","19429837"
"chr4","67583193","67583380","chr8","32966273","32966459","34","34616920"
"chr4","67927065","67927365","chr4","140761386","140761683","45","72834321"
"chr4","67938334","67938598","chr2B","85592847","85593107","34","17654513"
"chr4","68055362","68055636","chr2B","50788231","50788508","42","17267131"
"chr4","68097617","68097775","chr14","41478497","41478646","24","26619120"
"chr4","68135271","68135572","chrX","23945702","23946005","45","44189569"
"chr4","68136777","68137075","chr10","17121298","17121595","44","51015479"
"chr4","68274525","68274814","chr9","103813748","103814025","51","35539223"
"chr4","68289406","68289725","chr1","28740587","28740894","74","39548819"
"chr4","68321896","68322185","chr15","46012653","46012953","48","22309243"
"chr4","68338439","68338570","chr6","7180474","7180606","20","61157965"
"chr4","68344452","68344759","chr3","199782414","199782724","51","131437962"
"chr4","68359253","68359302","chr6","71998032","71998075","8","3638779"
"chr4","68377969","68378285","chr14","86383218","86383528","42","18005249"
"chr4","68395395","68395686","chr6","72031333","72031624","32","3635938"
"chr4","68571602","68571889","chr19","16758292","16758578","37","51813310"
"chr4","68575198","68575482","chr8","103853182","103853465","36","35277984"
"chr4","68591188","68591477","chr8","34195854","34196142","51","34395334"
"chr4","68599228","68599537","chr5","8111951","8112260","49","60487277"
"chr4","68684400","68684682","chr1","11669542","11669828","46","57014858"
"chr4","68770674","68770785","chr1","12088602","12088716","28","56682072"
"chr4","68778674","68778789","chr17","764672","764791","14","68014002"
"chr4","68828299","68828590","chr6","72454467","72454762","33","3626168"
"chr4","68836106","68836407","chr6","153170383","153170681","43","84334277"
"chr4","68841012","68841141","chr10","125481060","125481195","16","56640048"
"chr4","68841436","68841605","chr19","7251575","7251742","26","61589861"
"chr4","68855920","68856196","chr12","106927566","106927852","46","38071646"
"chr4","68857725","68858036","chr1","157431755","157432062","47","88574030"
"chr4","68858287","68858579","chr9","41878230","41878523","38","26980057"
"chr4","68865154","68865455","chr1","47853989","47854291","43","21011165"
"chr4","68880031","68880342","chr20","5665832","5666140","38","63214199"
"chr4","68881622","68881840","chr1","141396042","141396246","39","72514420"
"chr4","68882015","68882148","chr15","11672695","11672827","23","57209320"
"chr4","68897605","68897880","chr9","117733372","117733651","41","48835767"
"chr4","68903879","68904165","chr6","72531776","72532067","43","3627897"
"chr4","68912866","68913148","chr7","26934288","26934569","38","41978578"
"chr4","68914246","68914490","chr5","26200975","26201222","51","42713271"
"chr4","68914841","68915114","chr1","27826241","27826514","48","41088600"
"chr4","68929600","68929901","chr16","56833729","56834033","45","12095871"
"chr4","68933959","68934262","chr14","110301","110606","36","68823658"
"chr4","68963768","68964060","chr6","2250322","2250619","45","66713446"
"chr4","68975989","68976281","chr2B","10423684","10423974","37","58552305"
"chr4","68986711","68987039","chr15","57031030","57031342","69","11955681"
"chr4","68992493","68992794","chr10","101906505","101906806","56","32914012"
"chr4","69052721","69053040","chr15","68590091","68590414","46","462630"
"chr4","69096918","69097130","chr12","120738109","120738318","34","51641191"
"chr4","69257652","69257883","chr6","72853471","72853701","23","3595819"
"chr4","69381382","69381663","chr8","48387419","48387700","41","20993963"
"chr4","69425072","69425371","chr2B","96236004","96236291","46","26810932"
"chr4","69429610","69429876","chr1","10682570","10682835","57","58747040"
"chr4","69570360","69570636","chr8","68132368","68132668","54","1437992"
"chr4","69573921","69574093","chrX","89660277","89660451","28","20086356"
"chr4","69651724","69651855","chr1","7920848","7920979","15","61730876"
"chr4","69686589","69686744","chr6","37357453","37357616","30","32329136"
"chr4","69686767","69686894","chr15","19325603","19325734","16","50361164"
"chr4","69715983","69716285","chr12","92652799","92653098","37","22936816"
"chr4","69787336","69787620","chr21","24527159","24527447","40","45260177"
"chr4","69787817","69787902","chr14","15310989","15311074","14","54476828"
"chr4","69790059","69790366","chr1","74789771","74790076","45","4999712"
"chr4","69803903","69804130","chr5","74093787","74094011","52","4289884"
"chr4","69825966","69826252","chr15","59300087","59300378","52","10525879"
"chr4","69828566","69828853","chrX","142715618","142715913","49","72887052"
"chr4","69855489","69855782","chr10","112220586","112220876","43","42365097"
"chr4","70032815","70033087","chr10","107701505","107701782","55","37668690"
"chr4","70037261","70037513","chr8","74307336","74307585","51","4270075"
"chr4","70081336","70081611","chr2B","32118849","32119124","40","37962487"
"chr4","70202097","70202370","chr3","179781249","179781524","37","109579152"
"chr4","70244815","70245093","chr12","32480569","32480848","37","37764246"
"chr4","70398161","70398456","chr1","39375615","39375901","50","31022546"
"chr4","70433127","70433208","chr3","12077390","12077473","13","58355737"
"chr4","70466575","70466688","chr2B","5492030","5492145","17","64974545"
"chr4","70548645","70548755","chr7","44563035","44563151","25","25985610"
"chr4","70598402","70598694","chr20","43229797","43230089","44","27368605"
"chr4","70651522","70651803","chr17","29222631","29222909","39","41428891"
"chr4","70704831","70705041","chr4","110212781","110212992","40","39507950"
"chr4","70705042","70705097","chr2B","79168247","79168300","11","8463205"
"chr4","70716616","70716639","chr9","90192947","90192969","4","19476331"
"chr4","70716693","70716976","chr10","37579082","37579367","43","33137611"
"chr4","70803227","70803524","chr10","133565552","133565849","43","62762325"
"chr4","70816975","70817252","chr6","74466742","74467030","46","3649767"
"chr4","70844684","70844985","chr6","74491706","74492010","35","3647022"
"chr4","70975099","70975395","chr6","74634819","74635116","40","3659720"
"chr4","71190114","71190400","chrX","154262994","154263292","43","83072880"
"chr4","71281366","71281677","chr17","7388146","7388443","51","63893220"
"chr4","71442992","71443291","chr1","222180598","222180894","51","150737606"
"chr4","71553726","71553908","chr10","25277546","25277727","32","46276180"
"chr4","71553943","71554218","chr11","47491404","47491677","47","24062539"
"chr4","71555324","71555539","chr3","63059194","63059415","36","8496130"
"chr4","71573366","71573523","chr1","227030091","227030248","28","155456725"
"chr4","71592965","71593251","chr9","99306727","99307020","40","27713762"
"chr4","71598895","71599021","chr12","98738459","98738590","15","27139564"
"chr4","71599319","71599493","chr4","40349029","40349203","28","31250290"
"chr4","71600879","71601174","chr6","121151987","121152279","36","49551108"
"chr4","71606098","71606314","chr20","2550888","2551104","32","69055210"
"chr4","71607402","71607642","chr3","102583143","102583376","46","30975741"
"chr4","71609257","71609514","chr2A","78142430","78142688","42","6533173"
"chr4","71609611","71609898","chr9","12016274","12016564","47","59593337"
"chr4","71616862","71617154","chr19","12503794","12504081","43","59113068"
"chr4","71619072","71619313","chr5","152503889","152504132","40","80884817"
"chr4","71620335","71620498","chr7","76685115","76685279","28","5064780"
"chr4","71624552","71624839","chr15","44823444","44823736","48","26801108"
"chr4","71632760","71632948","chr19","8449344","8449530","27","63183416"
"chr4","71633252","71633362","chr5","164216902","164217015","20","92583650"
"chr4","71635760","71635889","chr1","27350774","27350904","12","44284986"
"chr4","71636543","71636716","chrX","88069863","88070036","28","16433320"
"chr4","71636741","71636868","chr10","2662821","2662947","19","68973920"
"chr4","71641461","71641761","chr6","153832315","153832628","58","82190854"
"chr4","71646953","71647205","chr2A","82371144","82371416","57","10724191"
"chr4","71649146","71649330","chr5","40700765","40700944","38","30948381"
"chr4","71658623","71658755","chr1","213473838","213473970","8","141815215"
"chr4","71662902","71663195","chrX","44801762","44802052","40","26861140"
"chr4","71664468","71664628","chr18","18577424","18577586","25","53087044"
"chr4","71664952","71665084","chr18","57285188","57285322","17","14379764"
"chr4","71665386","71665631","chr7","66850032","66850273","44","4815354"
"chr4","71669396","71669477","chr5","138511991","138512071","14","66842595"
"chr4","71672000","71672280","chr9","117733372","117733651","37","46061372"
"chr4","71673026","71673318","chr5","18606275","18606562","53","53066751"
"chr4","71673398","71673523","chr1","186375038","186375164","15","114701640"
"chr4","71680781","71681077","chr21","14836790","14837088","40","56843991"
"chr4","71681787","71682086","chr19","14638514","14638815","42","57043273"
"chr4","71687517","71687801","chr14","76696434","76696724","33","5008917"
"chr4","71700067","71700201","chr3","59287633","59287756","33","12412434"
"chr4","71700452","71700738","chr10","7441372","7441660","49","64259080"
"chr4","71708091","71708397","chr5","46530569","46530871","49","25177522"
"chr4","71711257","71711562","chr12","92652799","92653098","52","20941542"
"chr4","71712881","71713156","chr20","34598380","34598656","53","37114501"
"chr4","71723166","71723238","chr19","32418002","32418079","19","39305164"
"chr4","71723450","71723487","chr17","40745159","40745190","9","30978291"
"chr4","71732130","71732434","chrX","18188829","18189132","46","53543301"
"chr4","71732444","71732739","chr3","45969189","45969484","42","25763255"
"chr4","71738608","71738826","chr6","161266039","161266264","37","89527431"
"chr4","71741507","71741786","chr16","31545474","31545754","43","40196033"
"chr4","71747590","71747771","chr1","38128287","38128467","61","33619303"
"chr4","71748392","71748519","chr14","12485207","12485337","14","59263185"
"chr4","71750091","71750399","chr8","104473802","104474107","49","32723711"
"chr4","71759966","71760245","chr9","102129171","102129443","50","30369205"
"chr4","71763475","71763761","chr5","4345743","4346035","43","67417732"
"chr4","71772713","71772993","chr2A","73894437","73894728","44","2121724"
"chr4","71772994","71773170","chr20","35565904","35566078","39","36207090"
"chr4","71773476","71773605","chr16","29442093","29442211","35","42331383"
"chr4","71779289","71779588","chr8","79837903","79838200","49","8058614"
"chr4","71785287","71785583","chr18","28805984","28806286","45","42979303"
"chr4","71792905","71792984","chr9","82677454","82677541","23","10884549"
"chr4","71793974","71794101","chr3","183956795","183956926","16","112162821"
"chr4","71810098","71810357","chr19","47521361","47521632","50","24288737"
"chr4","71812071","71812233","chr1","185132840","185133000","25","113320769"
"chr4","71812540","71812666","chrX","41479376","41479503","21","30333164"
"chr4","71815779","71815946","chr1","160188990","160189161","26","88373211"
"chr4","71817041","71817316","chr7","101971133","101971380","74","30154092"
"chr4","71817678","71817918","chr14","84216844","84217088","48","12399166"
"chr4","71824107","71824202","chr1","215827506","215827602","8","144003399"
"chr4","71845109","71845410","chr4","110248134","110248433","40","38403025"
"chr4","71846071","71846279","chr4","15615131","15615344","37","56230940"
"chr4","71850035","71850324","chr3","108662999","108663287","51","36812964"
"chr4","71853072","71853365","chr18","26073438","26073733","44","45779634"
"chr4","71853378","71853550","chr9","79322238","79322401","30","7468860"
"chr4","71868846","71869120","chr6","57633422","57633699","36","14235424"
"chr4","71869612","71869897","chr3","108662999","108663287","40","36793387"
"chr4","71877313","71877442","chr7","72770261","72770395","23","892948"
"chr4","71885461","71885547","chr1","27765725","27765813","17","44119736"
"chr4","71886915","71887043","chr12","85715754","85715885","16","13828839"
"chr4","71892665","71892950","chr6","75599738","75600033","43","3707073"
"chr4","71900411","71900709","chr4","39011306","39011605","46","32889105"
"chr4","71927458","71927584","chr8","123134693","123134825","14","51207235"
"chr4","71951137","71951314","chr16","73276000","73276178","35","1324863"
"chr4","71951607","71951738","chr6","4986918","4987047","12","66964689"
"chr4","71967846","71968139","chr3","38988590","38988885","34","32979256"
"chr4","71988315","71988594","chr14","60451326","60451610","38","11536989"
"chr4","71996514","71996694","chrX","130609000","130609180","28","58612486"
"chr4","72023017","72023302","chr13","26908492","26908780","39","45114525"
"chr4","72032814","72033116","chr10","39015697","39015999","37","33017117"
"chr4","72142103","72142372","chr6","75870139","75870411","33","3728036"
"chr4","72415917","72416203","chr7","42023635","42023920","39","30392282"
"chr4","72508807","72509102","chr3","121298263","121298559","37","48789456"
"chr4","72570900","72571016","chr1","17325345","17325470","24","55245555"
"chr4","72620100","72620274","chr10","132245824","132245994","30","59625724"
"chr4","72621235","72621435","chr10","108962279","108962478","31","36341044"
"chr4","72827232","72827441","chr1","5636885","5637100","39","67190347"
"chr4","72900484","72900764","chr2B","124977630","124977912","43","52077146"
"chr4","73033593","73033894","chr8","95025156","95025452","50","21991563"
"chr4","73039022","73039195","chr7","57866494","57866662","36","15172528"
"chr4","73040322","73040456","chr12","35675297","35675429","17","37365025"
"chr4","73085576","73085881","chrX","7326681","7326981","40","65758895"
"chr4","73278586","73278868","chr4","140087853","140088135","40","66809267"
"chr4","73283377","73283632","chr5","36808100","36808374","54","36475277"
"chr4","73329557","73329808","chrX","118839599","118839848","36","45510042"
"chr4","73396321","73396623","chr9","108525939","108526234","56","35129618"
"chr4","73437793","73438074","chr2B","100578168","100578450","35","27140375"
"chr4","73442402","73442721","chr6","77183941","77184258","75","3741539"
"chr4","73473582","73473706","chr1","46966654","46966781","16","26506928"
"chr4","73506143","73506459","chr1","25247961","25248267","56","48258182"
"chr4","73541861","73542141","chr5","39668073","39668356","49","33873788"
"chr4","73570362","73570643","chr10","36206364","36206653","61","37363998"
"chr4","73585378","73585678","chr3","135811491","135811795","61","62226113"
"chr4","73592365","73592538","chr13","26948202","26948356","40","46644163"
"chr4","73592567","73592609","chr2A","2537759","2537802","9","71054808"
"chr4","73602936","73603216","chr6","77334059","77334332","53","3731123"
"chr4","73603654","73603824","chr10","24990479","24990655","27","48613175"
"chr4","73605923","73606222","chr6","39334930","39335231","54","34270993"
"chr4","73608492","73608614","chr10","93726615","93726738","16","20118123"
"chr4","73622074","73622237","chr18","18577424","18577586","23","55044650"
"chr4","73622269","73622387","chr19","18333047","18333164","17","55289222"
"chr4","73636561","73636860","chr1","20280960","20281258","36","53355601"
"chr4","73648669","73648982","chr2B","28911848","28912154","43","44736821"
"chr4","73650638","73650924","chr1","11669542","11669828","42","61981096"
"chr4","73663260","73663567","chr6","111211322","111211630","35","37548062"
"chr4","73735392","73735490","chr7","76031609","76031706","11","2296217"
"chr4","73774458","73774749","chr19","46592271","46592563","37","27182187"
"chr4","73801030","73801294","chr1","194129673","194129951","58","120328643"
"chr4","73801581","73801884","chr1","25847855","25848157","41","47953726"
"chr4","73815904","73816211","chr6","157971719","157972017","46","84155815"
"chr4","73839110","73839408","chr6","153698729","153699030","47","79859619"
"chr4","73852117","73852247","chr9","16490004","16490134","28","57362113"
"chr4","73855787","73856085","chr2A","21552247","21552546","28","52303540"
"chr4","73867362","73867642","chr9","117733372","117733651","35","43866010"
"chr4","73879756","73880043","chr9","47997131","47997418","42","25882625"
"chr4","73894976","73895248","chr6","77610391","77610665","29","3715415"
"chr4","73896343","73896642","chr4","162720099","162720395","38","88823756"
"chr4","73900290","73900575","chr20","42131972","42132260","52","31768318"
"chr4","73903209","73903330","chr8","138810932","138811049","18","64907723"
"chr4","73905354","73905482","chr1","10043533","10043661","14","63861821"
"chr4","73920445","73920738","chr17","41932161","41932454","33","31988284"
"chr4","73922021","73922156","chr5","110285576","110285711","14","36363555"
"chr4","73922439","73922561","chr9","14496786","14496928","36","59425653"
"chr4","73939838","73939972","chr11","120280731","120280862","16","46340893"
"chr4","73951902","73952170","chr21","34755672","34755930","68","39196230"
"chr4","73952173","73952302","chr22","7606114","7606246","18","66346059"
"chr4","73953270","73953401","chr14","12485207","12485337","13","61468063"
"chr4","73963935","73964099","chr6","100480052","100480215","24","26516117"
"chr4","73972768","73972886","chr7","101765284","101765404","18","27792516"
"chr4","73974525","73974817","chr21","30658994","30659298","53","43315531"
"chr4","73979277","73979576","chr4","99311877","99312172","37","25332600"
"chr4","73983878","73984010","chrX","19240655","19240787","13","54743223"
"chr4","73985082","73985369","chr14","72875963","72876257","47","1109119"
"chr4","73988663","73988945","chr7","78087696","78087986","44","4099033"
"chr4","73996055","73996359","chr13","91866850","91867150","38","17870795"
"chr4","74007474","74007633","chr3","172654930","172655092","37","98647456"
"chr4","74023645","74023939","chr22","22668371","22668665","41","51355274"
"chr4","74026797","74027077","chr1","8513682","8513967","47","65513115"
"chr4","74032603","74032828","chr14","77554157","77554383","40","3521554"
"chr4","74046279","74046346","chr7","30102127","30102186","14","43944152"
"chr4","74047512","74047681","chr19","8449344","8449530","42","65598168"
"chr4","74067733","74067977","chr16","4221299","4221551","54","69846434"
"chr4","74073367","74073660","chrX","24074759","24075055","37","49998608"
"chr4","74075534","74075829","chr3","109414540","109414837","55","35339006"
"chr4","74081439","74081733","chr6","150208577","150208872","39","76127138"
"chr4","74095030","74095317","chr3","67906578","67906868","43","6188452"
"chr4","74110284","74110578","chr9","114191687","114191982","34","40081403"
"chr4","74112952","74113086","chr10","17282114","17282248","15","56830838"
"chr4","74137663","74137753","chr3","138646723","138646808","20","64509060"
"chr4","74147877","74148045","chr2A","95976940","95977105","22","21829063"
"chr4","74148331","74148471","chr14","57951995","57952135","19","16196336"
"chr4","74150169","74150471","chr5","121384124","121384422","42","47233955"
"chr4","74151628","74151875","chr13","13417781","13418033","45","60733847"
"chr4","74165752","74165870","chr6","43435680","43435799","16","30730072"
"chr4","74171368","74171663","chr4","23931099","23931397","45","50240269"
"chr4","74237583","74237796","chr1","114065071","114065292","36","39827488"
"chr4","74360694","74360969","chr17","51966522","51966799","48","22394172"
"chr4","74385733","74386030","chr1","33632173","33632471","38","40753560"
"chr4","74448982","74449119","chr14","60823980","60824109","23","13625002"
"chr4","74571038","74571217","chr14","47040883","47041057","32","27530155"
"chr4","74571989","74572149","chr12","93049007","93049161","27","18477018"
"chr4","74613338","74613552","chr1","52818862","52819074","28","21794476"
"chr4","74777100","74777387","chr15","36162773","36163058","53","38614327"
"chr4","74906576","74906742","chr8","11057385","11057552","30","63849191"
"chr4","75001042","75001319","chr18","20862833","20863110","45","54138209"
"chr4","75021612","75021919","chr2B","62087538","62087829","71","12934074"
"chr4","75051030","75051289","chr4","124359555","124359819","46","49308525"
"chr4","75071172","75071285","chr2B","100588628","100588741","12","25517456"
"chr4","75103771","75104041","chr6","78788390","78788677","58","3684619"
"chr4","75122393","75122679","chr9","113098573","113098861","49","37976180"
"chr4","75503574","75503876","chr1","43874114","43874415","42","31629460"
"chr4","75631846","75632109","chr8","144593849","144594123","55","68962003"
"chr4","75640541","75640660","chr7","101765284","101765404","18","26124743"
"chr4","75640699","75640864","chr6","31357710","31357877","27","44282989"
"chr4","75696178","75696302","chr14","67335287","67335411","17","8360891"
"chr4","75770663","75770788","chr15","73119233","73119360","16","2651430"
"chr4","75802096","75802148","chr2A","92582131","92582180","8","16780035"
"chr4","75881401","75881545","chr3","9778050","9778199","26","66103351"
"chr4","75914055","75914339","chr2B","79663692","79663975","43","3749637"
"chr4","75920163","75920462","chr7","158676345","158676646","44","82756182"
"chr4","75925748","75925919","chr1","27241557","27241723","31","48684191"
"chr4","75927504","75927809","chr1","45947876","45948180","76","29979628"
"chr4","76028481","76028799","chr5","133549781","133550101","47","57521300"
"chr4","76077693","76077998","chr6","79822056","79822365","62","3744363"
"chr4","76302239","76302329","chr5","18817181","18817273","11","57485058"
"chr4","76626669","76626963","chr6","80361418","80361710","45","3734749"
"chr4","76630422","76630724","chr12","93845732","93846034","38","17215310"
"chr4","76676758","76677115","chr13","10907321","10907640","91","65769437"
"chr4","76813561","76813848","chr20","13798927","13799216","60","63014634"
"chr4","77048688","77048901","chr6","173241208","173241412","39","96192520"
"chr4","77106723","77106846","chr5","126110335","126110461","19","49003612"
"chr4","77170196","77170437","chr1","129339709","129339963","56","52169513"
"chr4","77205172","77205477","chr13","80997131","80997434","51","3791959"
"chr4","77237406","77237689","chr1","192479545","192479824","44","115242139"
"chr4","77239569","77239863","chr3","52651662","52651956","43","24587907"
"chr4","77309476","77309775","chr2A","45942710","45943007","37","31366766"
"chr4","77310723","77311012","chr1","19039381","19039669","45","58271342"
"chr4","77345792","77346101","chr1","24233247","24233559","40","53112545"
"chr4","77438869","77439003","chr7","72770261","72770395","21","4668608"
"chr4","77439286","77439577","chr15","47087977","47088271","52","30351309"
"chr4","77555638","77555942","chr13","74242139","74242441","42","3313499"
"chr4","77684242","77684530","chr12","111241282","111241572","45","33557040"
"chr4","77795424","77795712","chr11","3623940","3624232","36","74171484"
"chr4","77927153","77927457","chr5","159198820","159199116","43","81271667"
"chr4","77977105","77977388","chr7","141128548","141128831","45","63151443"
"chr4","78045540","78045635","chr17","63169479","63169573","10","14876061"
"chr4","78064904","78065009","chr7","76031609","76031706","27","2033295"
"chr4","78067462","78067763","chr8","41984651","41984954","54","36082811"
"chr4","78072718","78073020","chr17","3549300","3549600","42","74523418"
"chr4","78088173","78088475","chr12","108681763","108682056","55","30593590"
"chr4","78090058","78090203","chr6","150552217","150552360","25","72462159"
"chr4","78091371","78091488","chr3","50836150","50836264","10","27255221"
"chr4","78105765","78105881","chr4","115125522","115125634","25","37019757"
"chr4","78106193","78106349","chr2A","96435147","96435302","32","18328954"
"chr4","78113537","78113838","chr1","26512565","26512865","48","51600972"
"chr4","78147441","78147739","chr10","85032894","85033191","49","6885453"
"chr4","78185530","78185826","chr19","38289722","38290015","44","39895808"
"chr4","78248654","78248936","chr2B","79663692","79663975","40","1415038"
"chr4","78319124","78319276","chr19","7845721","7845885","32","70473403"
"chr4","78355008","78355169","chr20","17775089","17775253","23","60579919"
"chr4","78355686","78355696","chr4","124010282","124010292","1","45654596"
"chr4","78396658","78396826","chr6","82044990","82045172","27","3648332"
"chr4","78469841","78470138","chr2B","64160384","64160675","44","14309457"
"chr4","78516945","78517244","chr5","141834090","141834391","47","63317145"
"chr4","78545196","78545334","chr12","53624652","53624787","16","24920544"
"chr4","78556354","78556477","chr3","187533947","187534083","25","108977593"
"chr4","78566886","78567027","chr4","171490257","171490403","37","92923371"
"chr4","78579614","78579741","chrX","123683241","123683374","16","45103627"
"chr4","78586069","78586377","chrX","77265352","77265649","50","1320717"
"chr4","78619191","78619483","chr3","34055084","34055374","42","44564107"
"chr4","78638137","78638439","chr18","28828292","28828598","41","49809845"
"chr4","78659843","78660075","chr6","82279411","82279628","46","3619568"
"chr4","78702756","78703058","chrX","4516849","4517146","44","74185907"
"chr4","78712376","78712665","chr1","202463376","202463663","52","123751000"
"chr4","78742646","78742914","chr18","11465989","11466255","46","67276657"
"chr4","78743229","78743309","chr5","116530140","116530219","9","37786911"
"chr4","78748459","78748736","chr14","72144549","72144830","46","6603910"
"chr4","78748765","78749062","chr18","53398571","53398876","48","25350194"
"chr4","78767884","78768176","chrX","41833942","41834238","50","36933942"
"chr4","78789582","78789887","chr22","19407366","19407666","47","59382216"
"chr4","78929859","78930160","chr5","54817682","54817991","59","24112177"
"chr4","78931034","78931343","chr1","135371783","135372089","47","56440749"
"chr4","78945780","78945912","chr5","161161762","161161894","14","82215982"
"chr4","79053151","79053477","chr7","139963807","139964112","53","60910656"
"chr4","79055317","79055449","chr1","47033279","47033407","18","32022038"
"chr4","79237844","79237980","chr1","28134635","28134769","19","51103209"
"chr4","79260547","79260872","chr7","37182843","37183145","63","42077704"
"chr4","79261373","79261485","chr1","31185795","31185903","24","48075578"
"chr4","79270480","79270563","chr17","39872199","39872274","18","39398281"
"chr4","79292444","79292740","chr2B","62135018","62135320","44","17157426"
"chr4","79453612","79453911","chr5","157179582","157179881","46","77725970"
"chr4","79474595","79474857","chr18","28791364","28791627","52","50683231"
"chr4","79513677","79513959","chr1","213912561","213912846","49","134398884"
"chr4","79580456","79580777","chr6","83166792","83167106","49","3586336"
"chr4","79686349","79686493","chr6","150552217","150552360","21","70865868"
"chr4","79893633","79893815","chr5","147118690","147118871","32","67225057"
"chr4","79998843","79999152","chr7","139963807","139964112","42","59964964"
"chr4","80002194","80002356","chr18","28798321","28798482","23","51203873"
"chr4","80037780","80038082","chr12","34815487","34815779","42","45222293"
"chr4","80121063","80121350","chr3","102891090","102891380","52","22770027"
"chr4","80149650","80149925","chr2B","83064341","83064622","60","2914691"
"chr4","80183924","80184242","chr8","63037965","63038271","49","17145959"
"chr4","80231837","80232031","chr5","35375888","35376080","26","44855949"
"chr4","80267881","80268161","chr2A","44664094","44664374","43","35603787"
"chr4","80456120","80456384","chr4","124359555","124359819","35","43903435"
"chr4","80693341","80693649","chr6","84188753","84189064","54","3495412"
"chr4","80700787","80700869","chr5","115974564","115974652","20","35273777"
"chr4","80722240","80722564","chrX","40215717","40216034","59","40506523"
"chr4","80747098","80747392","chr5","22430270","22430566","43","58316828"
"chr4","80833520","80833791","chr16","13196942","13197226","63","67636578"
"chr4","80846015","80846317","chr6","84319839","84320147","37","3473824"
"chr4","80853196","80853498","chr6","84326621","84326921","37","3473425"
"chr4","80888684","80888975","chr3","166800952","166801248","55","85912268"
"chr4","80898698","80898999","chr12","52178346","52178642","45","28720352"
"chr4","80902047","80902187","chrX","119294972","119295111","22","38392925"
"chr4","80907409","80907708","chr2B","23858761","23859052","52","57048648"
"chr4","80907710","80907844","chr19","10370482","10370616","12","70537228"
"chr4","80911487","80911620","chr5","118006764","118006899","11","37095277"
"chr4","80913830","80913895","chr1","45317870","45317936","15","35595960"
"chr4","80923444","80923557","chr5","154743608","154743723","12","73820164"
"chr4","80932874","80932990","chr12","36410722","36410841","13","44522152"
"chr4","80935406","80935697","chr1","62735629","62735920","37","18199777"
"chr4","80942960","80943272","chr8","24352605","24352915","43","56590355"
"chr4","80969114","80969397","chr6","84445726","84446010","36","3476612"
"chr4","80973109","80973242","chr15","18480868","18481003","10","62492241"
"chr4","80992811","80993104","chr6","95194922","95195216","41","14202111"
"chr4","81041926","81042197","chr13","92720697","92720963","41","11678771"
"chr4","81073169","81073460","chr9","41878230","41878523","40","39194939"
"chr4","81082798","81082933","chr19","47689565","47689700","17","33393233"
"chr4","81083240","81083395","chr1","133496111","133496260","33","52412871"
"chr4","81094855","81095126","chr12","36979296","36979584","61","44115559"
"chr4","81148421","81148715","chr9","69335388","69335681","40","11813033"
"chr4","81170151","81170329","chr19","2495440","2495616","20","78674711"
"chr4","81170633","81170766","chrX","23976572","23976706","14","57194061"
"chr4","81214795","81215080","chr1","212745117","212745410","39","131530322"
"chr4","81334255","81334433","chr7","128308250","128308421","28","46973995"
"chr4","81355311","81355594","chr16","47114793","47115074","43","34240518"
"chr4","81374898","81375178","chr11","66466976","66467270","48","14907922"
"chr4","81411162","81411460","chr9","13944238","13944535","49","67466924"
"chr4","81468846","81469130","chr19","5213002","5213282","55","76255844"
"chr4","81520909","81521043","chr3","8501615","8501750","18","73019294"
"chr4","81661187","81661443","chr2B","85592847","85593107","45","3931660"
"chr4","81747913","81748217","chr6","157901888","157902194","43","76153975"
"chr4","81754463","81754620","chr19","17296734","17296895","23","64457729"
"chr4","81754927","81755061","chr16","379923","380058","14","81375004"
"chr4","81809476","81809746","chr6","85270671","85270946","56","3461195"
"chr4","81827616","81827899","chr12","34815487","34815779","43","47012129"
"chr4","81861785","81862018","chr10","24708048","24708283","45","57153737"
"chr4","81866858","81867148","chr6","46332308","46332601","46","35534550"
"chr4","81898105","81898405","chr17","5618949","5619254","48","76279156"
"chr4","82172884","82173171","chr9","108785192","108785486","40","26612308"
"chr4","82189920","82190205","chrX","15626910","15627195","46","66563010"
"chr4","82193274","82193373","chr6","85630281","85630379","14","3437007"
"chr4","82216960","82217261","chr12","131340486","131340784","48","49123526"
"chr4","82220072","82220327","chr12","36439602","36439854","45","45780470"
"chr4","82421347","82421620","chr5","125040055","125040335","51","42618708"
"chr4","82516159","82516249","chr16","25479229","25479319","18","57036930"
"chr4","82566352","82566656","chr9","104384316","104384616","43","21817964"
"chr4","82633819","82634125","chr12","29572651","29572955","35","53061168"
"chr4","82644317","82644498","chr15","50478519","50478703","38","32165798"
"chr4","82649500","82649786","chr19","6139218","6139505","45","76510282"
"chr4","82655133","82655340","chr1","134486097","134486305","43","51830964"
"chr4","82670147","82670453","chr6","86119004","86119302","53","3448857"
"chr4","82778410","82778579","chr12","37388525","37388697","34","45389885"
"chr4","82778876","82779011","chr7","40605012","40605146","17","42173864"
"chr4","82783366","82783649","chr12","35406225","35406511","36","47377141"
"chr4","82791423","82791730","chr11","133998117","133998428","39","51206694"
"chr4","82812500","82812670","chr15","68948941","68949111","33","13863559"
"chr4","82812966","82813101","chr5","33174223","33174358","17","49638743"
"chr4","82864757","82864923","chr8","68070297","68070465","28","14794460"
"chr4","82871410","82871704","chr3","115661917","115662214","46","32790507"
"chr4","82928173","82928457","chr3","49744245","49744528","37","33183928"
"chr4","82941197","82941493","chr10","120209903","120210201","44","37268706"
"chr4","82958516","82958822","chr9","11729580","11729878","49","71228936"
"chr4","82959263","82959547","chr6","77708231","77708514","42","5251032"
"chr4","82977173","82977305","chrX","47697355","47697489","10","35279818"
"chr4","83048595","83048776","chr6","138729536","138729717","27","55680941"
"chr4","83049881","83050014","chr6","136598724","136598858","18","53548843"
"chr4","83350218","83350531","chr6","86738781","86739094","38","3388563"
"chr4","83487791","83488113","chr2B","124042742","124043060","59","40554951"
"chr4","83544378","83544673","chr8","99334684","99334977","39","15790306"
"chr4","83637724","83638021","chr3","151867941","151868242","39","68230217"
"chr4","83703135","83703254","chr11","78078378","78078501","19","5624757"
"chr4","83712956","83713080","chr1","78871057","78871188","17","4841899"
"chr4","83731330","83731622","chr7","154133029","154133326","32","70401699"
"chr4","83788476","83788599","chr15","73119233","73119360","14","10669243"
"chr4","83789589","83789866","chr4","150461275","150461542","56","66671686"
"chr4","83848131","83848264","chr1","47033279","47033407","25","36814852"
"chr4","83922235","83922543","chr9","67930664","67930970","48","15991571"
"chr4","83953942","83954091","chr21","28164935","28165091","26","55789007"
"chr4","84016062","84016283","chr10","31826517","31826744","43","52189545"
"chr4","84145978","84146271","chr2B","110173973","110174270","50","26027995"
"chr4","84255413","84255700","chr3","49098702","49098990","51","35156711"
"chr4","84297881","84298168","chr6","87568746","87569034","34","3270865"
"chr4","84356908","84357046","chr22","23663419","23663553","22","60693489"
"chr4","84357161","84357281","chr21","1010773","1010900","25","83346388"
"chr4","84442906","84443146","chr15","35538670","35538909","35","48904236"
"chr4","84445764","84446060","chrX","53749092","53749391","45","30696672"
"chr4","84473685","84473968","chr12","68841776","68842068","53","15631909"
"chr4","84484788","84484990","chr8","126106996","126107220","47","41622208"
"chr4","84511440","84511729","chr1","135783396","135783678","53","51271956"
"chr4","84520245","84520523","chr13","27198229","27198514","39","57322016"
"chr4","84529750","84530035","chr22","12635984","12636291","71","71893766"
"chr4","84543074","84543302","chr6","117110600","117110823","50","32567526"
"chr4","84556101","84556390","chr1","224418808","224419097","51","139862707"
"chr4","84556488","84556761","chr3","33993423","33993711","60","50563065"
"chr4","84557508","84557786","chr8","125529399","125529675","52","40971891"
"chr4","84561524","84561807","chr1","28521022","28521311","48","56040502"
"chr4","84572311","84572474","chr4","81404140","81404306","31","3168171"
"chr4","84572968","84573249","chr6","11127416","11127701","43","73445552"
"chr4","84574873","84575160","chr4","65259351","65259648","60","19315522"
"chr4","84579737","84580026","chr9","96133487","96133773","38","11553750"
"chr4","84583008","84583273","chr3","59723143","59723413","73","24859865"
"chr4","84590077","84590235","chr8","85710642","85710799","21","1120565"
"chr4","84593536","84593666","chr16","379923","380058","18","84213613"
"chr4","84593962","84594132","chr1","208243872","208244041","22","123649910"
"chr4","84609745","84610040","chr8","34774033","34774331","40","49835712"
"chr4","84616427","84616739","chr18","28514143","28514460","59","56102284"
"chr4","84643163","84643462","chr22","33902065","33902357","40","50741098"
"chr4","84643682","84643991","chr10","25439738","25440044","38","59203944"
"chr4","84643995","84644300","chr11","66466976","66467270","59","18177019"
"chr4","84665090","84665382","chr6","87890572","87890863","38","3225482"
"chr4","84730494","84730801","chr9","117733372","117733651","66","33002878"
"chr4","84806567","84806815","chr1","43158847","43159094","52","41647720"
"chr4","84841616","84841781","chr10","12571700","12571860","35","72269916"
"chr4","84848959","84849243","chr16","25720812","25721098","50","59128147"
"chr4","84873935","84874034","chr9","113321133","113321232","13","28447198"
"chr4","84876113","84876386","chr11","9392301","9392584","51","75483812"
"chr4","84876942","84876961","chr22","25954382","25954402","6","58922560"
"chr4","84877255","84877416","chr12","118404432","118404592","34","33527177"
"chr4","84996705","84997013","chr13","31124441","31124748","47","53872264"
"chr4","85001914","85002163","chr11","76756762","76757020","55","8245152"
"chr4","85079820","85080127","chr7","77548302","77548597","50","7531518"
"chr4","85321474","85321677","chr4","38919830","38920031","37","46401644"
"chr4","85328409","85328576","chr5","165268352","165268516","26","79939943"
"chr4","85338237","85338333","chr1","6253507","6253596","23","79084730"
"chr4","85519467","85519778","chr6","88671348","88671637","61","3151881"
"chr4","85795849","85796138","chrX","138890845","138891138","44","53094996"
"chr4","85859434","85859737","chr6","89053320","89053620","55","3193886"
"chr4","85997368","85997661","chr3","42102869","42103161","36","43894499"
"chr4","86053163","86053434","chrX","55540149","55540415","51","30513014"
"chr4","86060945","86061225","chr6","163796984","163797273","52","77736039"
"chr4","86090688","86090994","chr6","32828052","32828363","45","53262636"
"chr4","86099565","86099863","chr18","62018452","62018760","52","24081113"
"chr4","86156471","86156544","chr4","88880371","88880442","16","2723900"
"chr4","86158042","86158262","chr14","57755544","57755768","30","28402498"
"chr4","86193335","86193632","chr1","223636516","223636815","47","137443181"
"chr4","86230777","86231096","chr2B","124042742","124043060","49","37811965"
"chr4","86233272","86233554","chr3","186900192","186900481","52","100666920"
"chr4","86236432","86236728","chr6","89419035","89419330","43","3182603"
"chr4","86242298","86242592","chr4","81420186","81420485","46","4822112"
"chr4","86248618","86248888","chr3","57815437","57815704","43","28433181"
"chr4","86270225","86270537","chr1","182113299","182113606","43","95843074"
"chr4","86285929","86286224","chr11","3623940","3624232","51","82661989"
"chr4","86289956","86290249","chr16","13037737","13038029","38","73252219"
"chr4","86294416","86294688","chr1","27826241","27826514","35","58468175"
"chr4","86330120","86330417","chr4","16487048","16487347","37","69843072"
"chr4","86413188","86413448","chr7","138613435","138613691","33","52200247"
"chr4","86460775","86460931","chr13","93761684","93761842","23","7300909"
"chr4","86461678","86461985","chr12","4229188","4229499","47","82232490"
"chr4","86483307","86483588","chr3","78542569","78542851","43","7940738"
"chr4","86484606","86484894","chr3","100823845","100824135","41","14339239"
"chr4","86488730","86489013","chr18","7161347","7161626","43","79327383"
"chr4","86489389","86489698","chr6","89663092","89663399","45","3173703"
"chr4","86491270","86491561","chr2A","70305032","70305328","44","16186238"
"chr4","86496186","86496319","chr14","18600289","18600422","16","67895897"
"chr4","86526510","86526815","chr22","34467371","34467669","48","52059139"
"chr4","86561466","86561581","chr3","59180544","59180657","24","27380922"
"chr4","86561878","86562040","chr8","16700000","16700163","27","69861878"
"chr4","86564928","86565178","chr17","3819727","3819997","64","82745201"
"chr4","86570512","86570793","chr8","118617418","118617710","53","32046906"
"chr4","86573629","86573759","chr1","209383866","209384001","14","122810237"
"chr4","86575022","86575332","chr5","34215137","34215446","38","52359885"
"chr4","86608780","86609073","chr1","217049267","217049555","51","130440487"
"chr4","86625825","86625990","chrX","15720473","15720642","28","70905352"
"chr4","86631628","86631747","chr7","79027399","79027514","21","7604229"
"chr4","86638167","86638320","chr11","540596","540743","37","86097571"
"chr4","86638893","86639025","chr11","319249","319383","23","86319644"
"chr4","86664945","86665074","chr20","42484308","42484438","16","44180637"
"chr4","86665117","86665288","chr21","29745491","29745658","30","56919626"
"chr4","86718498","86718786","chr2B","114239081","114239380","42","27520583"
"chr4","86723781","86724071","chr17","63805578","63805863","38","22918203"
"chr4","86737633","86737916","chr6","89874357","89874644","47","3136724"
"chr4","86744038","86744339","chr12","30413008","30413303","46","56331030"
"chr4","86751672","86751964","chr3","121298263","121298559","35","34546591"
"chr4","86754585","86754890","chr5","46530569","46530871","52","40224016"
"chr4","86776187","86776255","chr6","133531706","133531770","21","46755519"
"chr4","86776267","86776303","chr1","135794513","135794545","10","49018246"
"chr4","86776612","86776783","chr5","19584116","19584279","34","67192496"
"chr4","86777239","86777552","chr1","9659037","9659348","42","77118202"
"chr4","86778977","86779120","chr6","6883061","6883205","21","79895916"
"chr4","86779420","86779578","chr1","135086632","135086788","28","48307212"
"chr4","86780623","86780911","chr19","45555520","45555817","44","41225103"
"chr4","86784786","86785065","chr6","39864627","39864923","53","46920159"
"chr4","86791658","86791922","chr11","18058042","18058307","49","68733616"
"chr4","86798781","86799001","chr10","139383996","139384218","23","52585215"
"chr4","86815436","86815568","chr16","57695685","57695818","18","29119751"
"chr4","86815876","86816044","chr1","127932391","127932557","31","41116515"
"chr4","86819168","86819465","chrX","41897727","41898024","35","44921441"
"chr4","86833948","86834253","chr11","56672456","56672762","44","30161492"
"chr4","86842765","86843057","chr1","159811790","159812087","47","72969025"
"chr4","86845018","86845308","chrX","118276104","118276392","36","31431086"
"chr4","86846339","86846643","chr6","110223273","110223577","40","23376934"
"chr4","86874054","86874221","chr5","59930487","59930657","24","26943567"
"chr4","86878245","86878532","chr5","92488967","92489275","46","5610722"
"chr4","86888443","86888732","chr5","24372432","24372725","43","62516011"
"chr4","86893408","86893702","chr6","106724016","106724312","40","19830608"
"chr4","86903933","86904211","chr15","54907587","54907869","36","31996346"
"chr4","86910206","86910343","chr6","109864502","109864622","28","22954296"
"chr4","86910643","86910781","chr4","185734049","185734184","16","98823406"
"chr4","86929924","86930217","chr7","87089558","87089851","43","159634"
"chr4","86943924","86944218","chr9","106948213","106948511","44","20004289"
"chr4","86952441","86952572","chr1","10043533","10043661","11","76908908"
"chr4","87001448","87001749","chr22","14322903","14323197","37","72678545"
"chr4","87020500","87020802","chr6","90161249","90161557","45","3140749"
"chr4","87035838","87036127","chr9","101846474","101846771","37","14810636"
"chr4","87038614","87038916","chrX","100636758","100637059","39","13598144"
"chr4","87139171","87139481","chr12","92652799","92653098","44","5513628"
"chr4","87232236","87232507","chr7","141028920","141029194","60","53796684"
"chr4","87235278","87235570","chr13","77437423","77437717","43","9797855"
"chr4","87316122","87316218","chr8","78755818","78755916","15","8560304"
"chr4","87396908","87397170","chr11","44969525","44969783","41","42427383"
"chr4","87397620","87397891","chr10","135708352","135708619","40","48310732"
"chr4","87425279","87425561","chr6","20492996","20493278","50","66932283"
"chr4","87480274","87480434","chr1","65144808","65144968","22","22335466"
"chr4","87480732","87480873","chr11","48161977","48162116","16","39318755"
"chr4","87482170","87482482","chrX","19267924","19268228","50","68214246"
"chr4","87484052","87484331","chr22","28271830","28272127","61","59212222"
"chr4","87544613","87544866","chr6","90724045","90724314","45","3179432"
"chr4","87553142","87553434","chr12","10745479","10745770","41","76807663"
"chr4","87586437","87586737","chr7","78174556","78174854","53","9411881"
"chr4","87764319","87764610","chr1","20280960","20281258","49","67483359"
"chr4","87813509","87813815","chr8","126717045","126717351","50","38903536"
"chr4","87822920","87823132","chr6","91005558","91005772","30","3182638"
"chr4","87859285","87859566","chr12","36944104","36944382","49","50915181"
"chr4","87897417","87897704","chr17","81663106","81663401","47","6234311"
"chr4","87956545","87956846","chr5","38135828","38136129","40","49820717"
"chr4","87992071","87992371","chr1","36723101","36723399","46","51268970"
"chr4","87992449","87992745","chr18","2191279","2191572","39","85801170"
"chr4","88016110","88016402","chr13","96332314","96332607","41","8316204"
"chr4","88041402","88041690","chrX","6766929","6767218","43","81274473"
"chr4","88055745","88056044","chr9","97977345","97977638","38","9921600"
"chr4","88056638","88056780","chrX","104964502","104964651","26","16907864"
"chr4","88056781","88057081","chr14","7217699","7217998","41","80839082"
"chr4","88058468","88058581","chr1","180054399","180054515","15","91995931"
"chr4","88059923","88060226","chr19","49483562","49483858","44","38576361"
"chr4","88063456","88063588","chr5","21288329","21288461","19","66775127"
"chr4","88063614","88063786","chr1","94394030","94394199","29","6330416"
"chr4","88071126","88071409","chr12","60169571","60169853","51","27901555"
"chr4","88091667","88091703","chr9","15697950","15697988","8","72393717"
"chr4","88091728","88091847","chr20","43156565","43156685","16","44935163"
"chr4","88093018","88093141","chrX","42325828","42325954","13","45767190"
"chr4","88108036","88108151","chr2A","79920910","79921027","14","8187126"
"chr4","88118445","88118579","chr21","31662246","31662382","13","56456199"
"chr4","88119789","88119908","chr8","98419879","98419999","14","10300090"
"chr4","88121684","88121990","chr6","91321734","91322039","46","3200050"
"chr4","88124081","88124215","chr6","91324749","91324892","36","3200668"
"chr4","88133015","88133157","chr11","107782048","107782190","21","19649033"
"chr4","88133453","88133622","chr1","11519332","11519502","26","76614121"
"chr4","88143487","88143612","chr1","14802147","14802270","16","73341340"
"chr4","88153138","88153263","chr3","115180873","115181000","14","27027735"
"chr4","88154850","88155158","chr4","86739574","86739882","44","1415276"
"chr4","88155371","88155642","chr8","118175885","118176162","45","30020514"
"chr4","88155652","88155795","chr16","38928469","38928600","36","49227183"
"chr4","88161923","88162054","chr5","118006764","118006899","13","29844841"
"chr4","88165119","88165364","chr2A","62825872","62826113","39","25339247"
"chr4","88167335","88167509","chr22","7487603","7487757","57","80679732"
"chr4","88167778","88167911","chr7","78998821","78998955","17","9168957"
"chr4","88176063","88176328","chr4","40335025","40335295","41","47841038"
"chr4","88183021","88183153","chr19","48322744","48322876","12","39860277"
"chr4","88185796","88186131","chr10","116411890","116412196","94","28226094"
"chr4","88195316","88195594","chr4","131991154","131991438","50","43795838"
"chr4","88197778","88197940","chr18","28798321","28798482","20","59399457"
"chr4","88197941","88198244","chr2B","131657052","131657355","46","43459111"
"chr4","88198245","88198377","chr10","115979660","115979787","20","27781415"
"chr4","88235000","88235114","chr6","39619324","39619437","11","48615676"
"chr4","88247816","88248102","chr5","6527866","6528159","40","81719950"
"chr4","88260011","88260308","chr2B","96369744","96370041","45","8109733"
"chr4","88262948","88263250","chr16","25582553","25582856","38","62680395"
"chr4","88263670","88263962","chr6","45713778","45714072","38","42549892"
"chr4","88293669","88293956","chr16","77038384","77038668","51","11255285"
"chr4","88350595","88350857","chr1","3409709","3409974","47","84940886"
"chr4","88363930","88364216","chrX","31758067","31758355","34","56605863"
"chr4","88367522","88367820","chr11","129090781","129091079","42","40723259"
"chr4","88369170","88369459","chr9","111035492","111035776","43","22666322"
"chr4","88391179","88391413","chr14","64965373","64965614","35","23425806"
"chr4","88420148","88420428","chr8","18830083","18830370","39","69590065"
"chr4","88452256","88452529","chr1","110242576","110242860","41","21790320"
"chr4","88508372","88508664","chr7","82782501","82782796","35","5725871"
"chr4","88529610","88529922","chr5","4214866","4215178","42","84314744"
"chr4","88542207","88542343","chr13","32006656","32006790","10","56535551"
"chr4","88542643","88542811","chr1","54868029","54868196","26","33674614"
"chr4","88543090","88543383","chr7","539488","539783","43","88003602"
"chr4","88552675","88552955","chrX","54747858","54748145","46","33804817"
"chr4","88559931","88560225","chr1","207105830","207106127","47","118545899"
"chr4","88561087","88561328","chr19","37982899","37983143","37","50578188"
"chr4","88592096","88592410","chr22","12243944","12244254","45","76348152"
"chr4","88597815","88598115","chr1","36255390","36255687","51","52342425"
"chr4","88686169","88686466","chr7","101248492","101248787","46","12562323"
"chr4","88705810","88706058","chr5","10323159","10323411","56","78382651"
"chr4","88719082","88719363","chr1","24047963","24048248","35","64671119"
"chr4","88723941","88724238","chr6","95194922","95195216","43","6470981"
"chr4","88734024","88734185","chr2A","94069580","94069737","33","5335556"
"chr4","88752458","88752733","chr1","6642105","6642371","56","82110353"
"chr4","88795461","88795600","chr10","29633018","29633159","29","59162443"
"chr4","88802271","88802536","chr10","129702763","129703025","60","40900492"
"chr4","88825125","88825247","chr2A","74319936","74320054","20","14505189"
"chr4","88848553","88848822","chr8","48441700","48441981","47","40406853"
"chr4","88854372","88854508","chr1","22878871","22879006","14","65975501"
"chr4","88854802","88854975","chr7","72086210","72086381","33","16768592"
"chr4","88860629","88860757","chrX","19240655","19240787","14","69619974"
"chr4","88865036","88865209","chr1","93893594","93893760","36","5028558"
"chr4","88865520","88865731","chr17","61625988","61626186","42","27239532"
"chr4","88876092","88876397","chr6","92067369","92067678","48","3191277"
"chr4","88878582","88878758","chr15","23369148","23369315","30","65509434"
"chr4","88884252","88884534","chr19","49898008","49898293","54","38986244"
"chr4","88885447","88885757","chrX","6083729","6084040","44","82801718"
"chr4","88888270","88888572","chr10","118191491","118191797","45","29303221"
"chr4","88893034","88893071","chr4","151279696","151279730","13","62386662"
"chr4","88893368","88893488","chr19","22074530","22074643","25","66818838"
"chr4","88900072","88900353","chrX","24034614","24034896","47","64865458"
"chr4","88901957","88902231","chr15","44826941","44827219","42","44075016"
"chr4","88904871","88905176","chr10","107223195","107223496","55","18318324"
"chr4","88911054","88911262","chr6","92096104","92096306","32","3185050"
"chr4","88915064","88915208","chr8","114779658","114779809","33","25864594"
"chr4","88916254","88916360","chr12","102359036","102359140","33","13442782"
"chr4","88918523","88918825","chr11","66003552","66003850","37","22914971"
"chr4","88924678","88924870","chr1","129334288","129334473","42","40409610"
"chr4","88928102","88928235","chr7","73022172","73022307","18","15905930"
"chr4","88928537","88928715","chr5","25008096","25008272","27","63920441"
"chr4","88933249","88933362","chr15","51605657","51605778","35","37327592"
"chr4","88933453","88933493","chr1","16440241","16440274","12","72493212"
"chr4","88935411","88935573","chr20","55180053","55180219","29","33755358"
"chr4","88936792","88936938","chr1","202667269","202667423","35","113730477"
"chr4","88937248","88937386","chrX","23976572","23976706","19","64960676"
"chr4","88938766","88938804","chr17","4738320","4738360","4","84200446"
"chr4","88957204","88957500","chr1","23889573","23889871","52","65067631"
"chr4","88970905","88971011","chr10","29769514","29769621","10","59201391"
"chr4","88971166","88971469","chr20","2204839","2205132","45","86766327"
"chr4","88977379","88977669","chr17","74255194","74255482","58","14722185"
"chr4","88977684","88977977","chr1","207105830","207106127","35","118128146"
"chr4","89109737","89110013","chr14","50550930","50551206","32","38558807"
"chr4","89235864","89236169","chr8","95314054","95314362","45","6078190"
"chr4","89352247","89352517","chr6","33915633","33915901","45","55436614"
"chr4","89366835","89367121","chr3","75915486","75915767","42","13451349"
"chr4","89470453","89470750","chr6","45713778","45714072","40","43756675"
"chr4","89600287","89600576","chr1","210490113","210490402","44","120889826"
"chr4","89689061","89689201","chr22","12432747","12432882","17","77256314"
"chr4","89746855","89747151","chr21","30658994","30659298","37","59087861"
"chr4","89807084","89807390","chr16","18103175","18103469","53","71703909"
"chr4","89930151","89930457","chr12","29572651","29572955","36","60357500"
"chr4","90001301","90001615","chr10","111529175","111529484","43","21527874"
"chr4","90166906","90167203","chr10","107073476","107073779","50","16906570"
"chr4","90186221","90186497","chrX","104020908","104021180","44","13834687"
"chr4","90239342","90239639","chr14","52494390","52494693","43","37744952"
"chr4","90349095","90349400","chr14","52460341","52460651","47","37888754"
"chr4","90434575","90434718","chr16","22499150","22499285","24","67935425"
"chr4","90446993","90447115","chrX","129658215","129658336","19","39211222"
"chr4","90447163","90447300","chr18","59064463","59064604","25","31382700"
"chr4","90540346","90540626","chr9","25671081","25671361","54","64869265"
"chr4","90560016","90560324","chr6","126511577","126511878","45","35951561"
"chr4","90635389","90635675","chr9","60469590","60469872","54","30165799"
"chr4","90653708","90654008","chr7","152799145","152799449","40","62145437"
"chr4","90690406","90690525","chrX","2663123","2663236","20","88027283"
"chr4","90707170","90707462","chr15","18841875","18842169","39","71865295"
"chr4","90804037","90804328","chr1","109964973","109965267","41","19160936"
"chr4","90856468","90856545","chr7","129899501","129899579","10","39043033"
"chr4","90890011","90890303","chr8","104447543","104447832","52","13557532"
"chr4","91044412","91044699","chr6","44529054","44529352","58","46515358"
"chr4","91058265","91058380","chr14","68772219","68772335","15","22286046"
"chr4","91280635","91280758","chr5","161966306","161966430","12","70685671"
"chr4","91281719","91281859","chr18","59064463","59064604","26","32217256"
"chr4","91435192","91435467","chr11","117709560","117709842","49","26274368"
"chr4","91521329","91521483","chr19","39022953","39023107","32","52498376"
"chr4","91523900","91524218","chr1","51448493","51448801","50","40075407"
"chr4","91563772","91564057","chrX","136109691","136109977","48","44545919"
"chr4","91638774","91638912","chr1","200818380","200818518","23","109179606"
"chr4","91699153","91699338","chr11","34160801","34160978","34","57538352"
"chr4","91700552","91700684","chr22","8795673","8795804","20","82904879"
"chr4","91704566","91704867","chr5","135022506","135022802","49","43317940"
"chr4","91747030","91747309","chrX","17297985","17298267","47","74449045"
"chr4","91747491","91747515","chr10","112226365","112226387","4","20478874"
"chr4","91776427","91776555","chr11","120280731","120280862","13","28504304"
"chr4","91814048","91814357","chr6","94999410","94999718","54","3185362"
"chr4","91873413","91873680","chr15","44215571","44215827","57","47657842"
"chr4","91971146","91971435","chr22","28586771","28587062","50","63384375"
"chr4","92003994","92004274","chr7","73381340","73381628","50","18622654"
"chr4","92087049","92087340","chr13","8917003","8917288","45","83170046"
"chr4","92118992","92119272","chr10","108945592","108945872","60","16826600"
"chr4","92133611","92133898","chr10","115956895","115957189","51","23823284"
"chr4","92134060","92134076","chr5","60826807","60826824","2","31307253"
"chr4","92396258","92396554","chr3","72645440","72645740","52","19750818"
"chr4","92692309","92692567","chr5","119604492","119604750","44","26912183"
"chr4","92719407","92719677","chr16","81102917","81103186","54","11616490"
"chr4","92725712","92725840","chr6","159908310","159908440","14","67182598"
"chr4","92727391","92727551","chr6","36468340","36468496","26","56259051"
"chr4","92727891","92728001","chr14","57250445","57250553","13","35477446"
"chr4","92730085","92730219","chr7","82210564","82210699","21","10519521"
"chr4","92730851","92731078","chr17","78471800","78472024","73","14259051"
"chr4","92737235","92737385","chrX","147510176","147510318","41","54772941"
"chr4","92737681","92737813","chrX","70404881","70405017","17","22332800"
"chr4","92737872","92738144","chr17","3452457","3452690","72","89285415"
"chr4","92739069","92739272","chr18","31924075","31924286","40","60814994"
"chr4","92739565","92739682","chr6","91723632","91723748","15","1015933"
"chr4","92741113","92741406","chr2B","100893350","100893645","38","8152237"
"chr4","92742783","92743077","chr2A","63626341","63626636","34","29116442"
"chr4","92745982","92746117","chr9","105665288","105665418","19","12919306"
"chr4","92746426","92746689","chr3","103261888","103262150","40","10515462"
"chr4","92917777","92918058","chr12","108778092","108778371","48","15860315"
"chr4","93071737","93072039","chr3","199442439","199442738","50","106370702"
"chr4","93094747","93095086","chrX","139940654","139940984","81","46845907"
"chr4","93133682","93133841","chr1","92515691","92515848","38","617991"
"chr4","93134130","93134256","chr1","110505595","110505724","23","17371465"
"chr4","93304662","93304945","chr6","96482234","96482521","46","3177572"
"chr4","93370383","93370515","chr16","65477857","65477989","16","27892526"
"chr4","93384199","93384355","chr8","101256453","101256611","26","7872254"
"chr4","93405763","93406034","chrX","73695651","73695927","43","19710112"
"chr4","93540644","93540947","chr15","54044298","54044604","43","39496346"
"chr4","93639577","93639931","chr3","9394825","9395175","61","84244752"
"chr4","93710254","93710530","chr5","126766166","126766447","56","33055912"
"chr4","93710553","93710571","chr4","193494789","193494806","4","99784236"
"chr4","93777002","93777292","chr6","37873870","37874163","46","55903132"
"chr4","93811782","93812074","chr19","36025272","36025565","49","57786510"
"chr4","93840455","93840730","chr1","19948860","19949131","49","73891595"
"chr4","93847823","93848127","chr1","129761078","129761384","53","35913255"
"chr4","93857891","93858185","chr16","37103156","37103445","63","56754735"
"chr4","94277456","94277569","chr10","15486811","15486920","33","78790645"
"chr4","94353481","94353754","chr3","34261429","34261702","51","60092052"
"chr4","94390572","94390909","chr14","86994578","86994906","65","7395994"
"chr4","94489609","94489867","chr6","77982799","77983061","46","16506810"
"chr4","94771152","94771457","chr1","205172495","205172803","45","110401343"
"chr4","94907346","94907647","chr1","205863329","205863635","55","110955983"
"chr4","94910380","94910645","chr4","23634617","23634881","45","71275763"
"chr4","94989660","94989950","chr15","43339740","43340026","43","51649920"
"chr4","95276172","95276465","chr20","2512264","2512563","48","92763908"
"chr4","95277878","95278137","chr17","736611","736858","51","94541267"
"chr4","95384290","95384405","chr6","43500320","43500437","13","51883970"
"chr4","95391209","95391507","chr11","3623940","3624232","43","91767269"
"chr4","95428249","95428497","chr3","53672459","53672699","45","41755790"
"chr4","95448232","95448531","chr1","139266119","139266414","41","43817887"
"chr4","95496619","95496911","chr14","10852179","10852470","41","84644440"
"chr4","95500277","95500553","chr5","154215604","154215880","48","58715327"
"chr4","95500587","95500687","chrX","22026438","22026538","18","73474149"
"chr4","95733843","95734197","chr11","58871230","58871564","82","36862613"
"chr4","95775650","95775927","chr8","122897317","122897598","46","27121667"
"chr4","95876238","95876322","chr8","7695945","7696028","15","88180293"
"chr4","96008325","96008626","chr8","9756252","9756551","42","86252073"
"chr4","96204750","96204954","chr6","99118839","99119041","33","2914089"
"chr4","96236098","96236387","chr2A","67830661","67830952","38","28405437"
"chr4","96326897","96327095","chr7","2589860","2590060","24","93737037"
"chr4","96327828","96328132","chr15","61890573","61890857","63","34437255"
"chr4","96356883","96357178","chr6","45713778","45714072","50","50643105"
"chr4","96382863","96383035","chr9","3792254","3792428","28","92590609"
"chr4","96405721","96406033","chr5","51032613","51032920","40","45373108"
"chr4","96453300","96453598","chrX","132982607","132982913","51","36529307"
"chr4","96458551","96458838","chr19","37576109","37576400","50","58882442"
"chr4","96579622","96579897","chr1","39340544","39340826","43","57239078"
"chr4","96760772","96760906","chr1","71393655","71393787","17","25367117"
"chr4","96810124","96810433","chr1","38036271","38036580","36","58773853"
"chr4","97056759","97057060","chr16","22907540","22907843","40","74149219"
"chr4","97168306","97168470","chr19","17995140","17995303","23","79173166"
"chr4","97168522","97168620","chr21","25233130","25233229","18","71935392"
"chr4","97172315","97172602","chr7","73094896","73095187","56","24077419"
"chr4","97194234","97194365","chr3","24011168","24011282","33","73183066"
"chr4","97194652","97194779","chrX","42325828","42325954","12","54868824"
"chr4","97220407","97220688","chr2B","124728949","124729237","50","27508542"
"chr4","97244687","97244992","chr3","53806264","53806574","54","43438423"
"chr4","97254885","97255180","chr1","9683728","9684022","50","87571157"
"chr4","97308159","97308353","chr12","53360512","53360703","30","43947647"
"chr4","97514744","97515029","chr4","177737792","177738073","38","80223048"
"chr4","97515393","97515697","chr6","77783505","77783814","54","19731888"
"chr4","97555859","97556041","chr3","12513291","12513459","32","85042568"
"chr4","97561386","97561543","chr12","30211873","30212024","31","67349513"
"chr4","97561545","97561837","chr10","115956895","115957189","39","18395350"
"chr4","97620820","97621066","chr6","132128875","132129119","40","34508055"
"chr4","97765665","97765972","chr15","63918693","63919001","45","33846972"
"chr4","97831882","97832185","chr15","1886496","1886796","46","95945386"
"chr4","97838890","97839186","chr8","122941102","122941394","45","25102212"
"chr4","97870640","97870937","chr7","76709081","76709389","58","21161559"
"chr4","97933188","97933359","chr19","1858021","1858196","24","96075167"
"chr4","97938358","97938501","chr2A","68857598","68857737","47","29080760"
"chr4","98050699","98051004","chr16","59985170","59985474","44","38065529"
"chr4","98081296","98081592","chr7","158873874","158874170","42","60792578"
"chr4","98093557","98093853","chr8","78681816","78682114","38","19411741"
"chr4","98154627","98154758","chr20","31432036","31432171","14","66722591"
"chr4","98451218","98451500","chr3","160609572","160609857","40","62158354"
"chr4","98469601","98469823","chr16","9468099","9468321","26","89001502"
"chr4","98493729","98494067","chr1","191439709","191440061","88","92945980"
"chr4","98524524","98524828","chr5","34215137","34215446","32","64309387"
"chr4","98541186","98541497","chr1","185227614","185227924","43","86686428"
"chr4","98544230","98544519","chr4","92764036","92764324","47","5780194"
"chr4","98545490","98545743","chr9","105647577","105647828","39","7102087"
"chr4","98550037","98550200","chr2A","82562574","82562731","30","15987463"
"chr4","98565314","98565607","chr6","4177308","4177600","35","94388006"
"chr4","98566174","98566484","chr2B","467846","468153","43","98098328"
"chr4","98578514","98578619","chr17","19059816","19059925","16","79518698"
"chr4","98591041","98591347","chr14","77542734","77543039","40","21048307"
"chr4","98613405","98613689","chr7","31085216","31085505","38","67528189"
"chr4","98620806","98621131","chrX","43454853","43455168","46","55165953"
"chr4","98628248","98628507","chr20","47187541","47187805","42","51440707"
"chr4","98633696","98634021","chr2B","123549621","123549932","47","24915925"
"chr4","98640416","98640644","chr19","46985220","46985442","49","51655196"
"chr4","98650442","98650638","chr6","101519649","101519870","41","2869207"
"chr4","98652148","98652441","chr9","106799866","106800156","35","8147718"
"chr4","98652616","98652867","chr1","40418395","40418646","42","58234221"
"chr4","98662593","98662849","chr3","101462112","101462357","58","2799519"
"chr4","98670579","98670882","chr2B","96040465","96040763","43","2630114"
"chr4","98696267","98696547","chr6","91391283","91391564","42","7304984"
"chr4","98730085","98730377","chr19","32746578","32746877","47","65983507"
"chr4","98732981","98733293","chr6","164653159","164653467","39","65920178"
"chr4","98737175","98737470","chr1","181412725","181413024","48","82675550"
"chr4","98769256","98769551","chr6","42742156","42742451","43","56027100"
"chr4","98784687","98785001","chr6","101644989","101645290","51","2860302"
"chr4","98811539","98811845","chr7","40445781","40446084","47","58365758"
"chr4","98870500","98870619","chr17","33600124","33600239","17","65270376"
"chr4","98870715","98870897","chr6","82044990","82045172","25","16825725"
"chr4","99008782","99008873","chr1","87208187","87208269","19","11800595"
"chr4","99127489","99127787","chr7","86227319","86227608","56","12900170"
"chr4","99335267","99335461","chr22","17569097","17569289","27","81766170"
"chr4","99392652","99392954","chr14","59331803","59332104","43","40060849"
"chr4","99470462","99470761","chr3","189017179","189017480","44","89546717"
"chr4","99494832","99495139","chr8","59818135","59818442","42","39676697"
"chr4","99678572","99678693","chr1","15550347","15550473","25","84128225"
"chr4","99695343","99695620","chr5","66449808","66450081","42","33245535"
"chr4","99851034","99851319","chr19","14082404","14082694","44","85768630"
"chr4","99924239","99924489","chr6","102694240","102694515","65","2770001"
"chr4","99939238","99939519","chr17","29047111","29047401","51","70892127"
"chr4","99979782","99980075","chrX","100082539","100082824","50","102757"
"chr4","100115374","100115660","chr10","109678638","109678926","46","9563264"
"chr4","100118923","100119224","chr6","102933239","102933522","66","2814316"
"chr4","100152348","100152654","chr16","47043880","47044176","42","53108468"
"chr4","100302768","100303046","chr10","101007699","101007973","47","704931"
"chr4","100411207","100411324","chr18","76112123","76112237","15","24299084"
"chr4","100471223","100471506","chr2A","68151934","68152224","66","32319289"
"chr4","100650664","100650966","chr1","181257154","181257453","38","80606490"
"chr4","100800873","100801148","chr5","9948521","9948795","63","90852352"
"chr4","100991819","100992114","chr8","119202320","119202618","45","18210501"
"chr4","100999561","100999848","chrX","15626910","15627195","44","85372651"
"chr4","101177285","101177588","chr1","52186083","52186381","49","48991202"
"chr4","101239140","101239433","chr3","59079641","59079933","41","42159499"
"chr4","101336178","101336449","chr9","56792976","56793250","47","44543202"
"chr4","101431435","101431729","chr1","27413664","27413959","51","74017771"
"chr4","101533462","101533756","chr6","109042424","109042718","45","7508962"
"chr4","101570730","101570978","chr2B","117841523","117841778","68","16270793"
"chr4","101648572","101648872","chr11","65133925","65134229","45","36514647"
"chr4","101649327","101649576","chr12","94679017","94679234","71","6970310"
"chr4","101726758","101727047","chr3","190276346","190276640","42","88549588"
"chr4","101742542","101742867","chr3","162571166","162571477","58","60828624"
"chr4","101906389","101906552","chr10","47202011","47202166","39","54704378"
"chr4","102007446","102007715","chr1","161562299","161562574","47","59554853"
"chr4","102083917","102084038","chr3","71920064","71920180","17","30163853"
"chr4","102087122","102087404","chr3","75915486","75915767","44","26171636"
"chr4","102168952","102169261","chr6","166500094","166500401","43","64331142"
"chr4","102198322","102198602","chr22","23036861","23037142","50","79161461"
"chr4","102457883","102458191","chr9","22584970","22585272","42","79872913"
"chr4","102470927","102471208","chr6","50651218","50651498","49","51819709"
"chr4","102625873","102626153","chr12","1122701","1122989","46","101503172"
"chr4","102653901","102654120","chr3","17338971","17339191","38","85314930"
"chr4","102707188","102707474","chr1","31654659","31654945","52","71052529"
"chr4","102863829","102863981","chr1","147194209","147194362","22","44330380"
"chr4","102872786","102872839","chr10","130748863","130748912","13","27876077"
"chr4","102873212","102873349","chr3","187533947","187534083","17","84660735"
"chr4","102902317","102902605","chrX","54340216","54340506","50","48562101"
"chr4","102919506","102919800","chr11","118816614","118816909","43","15897108"
"chr4","102930688","102930898","chr12","78957067","78957270","33","23973621"
"chr4","103122022","103122164","chrX","376907","377041","24","102745115"
"chr4","103200473","103200777","chr20","48088921","48089222","56","55111552"
"chr4","103303629","103303700","chr22","847845","847908","18","102455784"
"chr4","103327372","103327490","chr7","76632609","76632733","15","26694763"
"chr4","103390865","103391167","chr6","106129896","106130202","46","2739031"
"chr4","103437387","103437612","chr10","58835490","58835719","34","44601897"
"chr4","103468449","103468759","chr19","16828711","16829019","44","86639738"
"chr4","103505905","103506215","chr8","27204711","27205021","53","76301194"
"chr4","103777099","103777401","chr6","169089367","169089669","41","65312268"
"chr4","103798986","103799163","chr8","48821737","48821912","34","54977249"
"chr4","103844243","103844582","chr1","180685683","180686022","57","76841440"
"chr4","103891234","103891504","chr2B","121040682","121040964","51","17149448"
"chr4","103916584","103916870","chr17","13108974","13109264","47","90807610"
"chr4","103976129","103976427","chr6","157699329","157699622","48","53723200"
"chr4","103981109","103981202","chr3","161211314","161211411","19","57230205"
"chr4","104001717","104001823","chr2A","13800454","13800566","23","90201263"
"chr4","104023548","104023813","chr16","16223827","16224094","42","87799721"
"chr4","104055156","104055440","chrX","77818293","77818574","45","26236863"
"chr4","104099910","104100196","chrX","101436140","101436426","35","2663770"
"chr4","104134235","104134539","chr1","33581719","33582025","48","70552516"
"chr4","104152429","104152722","chr5","24090349","24090640","40","80062080"
"chr4","104172073","104172364","chr10","88339146","88339442","39","15832927"
"chr4","104187759","104188063","chr1","133019403","133019701","46","28831644"
"chr4","104191116","104191411","chr12","28664525","28664822","35","75526591"
"chr4","104193114","104193243","chr1","35559881","35560012","12","68633233"
"chr4","104203458","104203620","chr1","35101729","35101892","27","69101729"
"chr4","104213045","104213366","chr9","31612503","31612813","52","72600542"
"chr4","104221654","104221976","chr10","39481320","39481633","54","64740334"
"chr4","104284023","104284318","chr10","117190946","117191240","33","12906923"
"chr4","104290498","104290627","chr14","48532117","48532241","21","55758381"
"chr4","104330234","104330532","chr18","28283348","28283624","72","76046886"
"chr4","104336765","104337065","chr1","20280960","20281258","38","84055805"
"chr4","104407509","104407548","chr18","19722160","19722188","15","84685349"
"chr4","104407715","104407954","chrX","41404642","41404882","40","63003073"
"chr4","104418760","104419075","chr18","55904977","55905290","47","48513783"
"chr4","104434978","104435080","chr1","21123280","21123379","13","83311698"
"chr4","104466694","104466951","chr14","54805719","54805978","46","49660975"
"chr4","104467255","104467509","chr19","6302320","6302575","40","98164935"
"chr4","104468080","104468375","chr11","64143151","64143450","42","40324929"
"chr4","104473426","104473708","chr5","20460300","20460585","40","84013126"
"chr4","104519704","104520013","chr12","118070142","118070453","41","13550438"
"chr4","104532879","104533139","chr8","96820557","96820821","50","7712322"
"chr4","104545288","104545447","chr6","107378591","107378750","13","2833303"
"chr4","104554391","104554697","chr7","96428945","96429240","47","8125446"
"chr4","104569990","104570156","chr17","2721227","2721393","20","101848763"
"chr4","104571167","104571451","chr4","195685244","195685525","48","91114077"
"chr4","104589188","104589467","chr18","23166092","23166381","47","81423096"
"chr4","104589893","104590191","chr12","106886770","106887066","49","2296877"
"chr4","104667964","104668257","chr4","98470358","98470652","35","6197606"
"chr4","104691623","104691906","chr6","48058765","48059050","34","56632858"
"chr4","104725365","104725487","chr14","67335287","67335411","14","37390078"
"chr4","104735839","104735975","chr16","379923","380058","21","104355916"
"chr4","104736278","104736438","chr12","35899001","35899163","22","68837277"
"chr4","104749657","104749773","chr7","5414295","5414412","15","99335362"
"chr4","104766792","104767086","chr3","125836467","125836762","38","21069675"
"chr4","104777883","104778191","chr19","9831016","9831316","43","94946867"
"chr4","104781626","104781762","chr1","209742215","209742351","13","104960589"
"chr4","104781852","104782018","chr7","138315816","138315985","28","33533964"
"chr4","104804424","104804713","chr17","18976938","18977223","50","85827486"
"chr4","104841225","104841355","chr7","6377467","6377597","18","98463758"
"chr4","104885592","104885864","chr4","93954908","93955200","44","10930684"
"chr4","104964904","104965218","chr3","199795644","199795956","52","94830740"
"chr4","104970086","104970381","chr6","107768277","107768583","45","2798191"
"chr4","105032622","105032918","chr10","14937916","14938211","30","90094706"
"chr4","105037135","105037431","chr11","125739312","125739607","43","20702177"
"chr4","105077289","105077405","chr6","21177782","21177895","18","83899507"
"chr4","105092181","105092409","chr9","12398613","12398841","32","92693568"
"chr4","105155274","105155511","chr1","183077051","183077300","46","77921777"
"chr4","105172576","105172864","chr11","61836357","61836645","43","43336219"
"chr4","105201038","105201344","chr6","110474486","110474790","42","5273448"
"chr4","105265223","105265463","chr19","44591301","44591538","49","60673922"
"chr4","105274990","105275270","chr8","48387419","48387700","33","56887571"
"chr4","105278510","105278811","chr8","126717045","126717351","45","21438535"
"chr4","105300342","105300418","chr11","36505752","36505828","14","68794590"
"chr4","105319443","105319745","chr7","21217030","21217325","66","84102413"
"chr4","105355426","105355718","chr16","61706961","61707255","46","43648465"
"chr4","105410959","105411104","chr4","190089229","190089374","27","84678270"
"chr4","105413367","105413656","chr9","76710013","76710305","39","28703354"
"chr4","105469829","105470145","chr1","135275847","135276149","48","29806018"
"chr4","105473556","105473860","chr20","35836522","35836823","43","69637034"
"chr4","105483924","105484099","chr5","63483235","63483402","21","42000689"
"chr4","105508769","105508894","chr19","57270139","57270258","21","48238630"
"chr4","105571839","105572131","chr4","101447458","101447743","37","4124381"
"chr4","105583127","105583295","chr19","21919977","21920148","24","83663150"
"chr4","105595945","105596255","chr1","179387142","179387449","37","73791197"
"chr4","105598219","105598529","chr11","118844456","118844765","46","13246237"
"chr4","105652365","105652654","chr11","32566823","32567115","55","73085542"
"chr4","105758846","105758967","chr2B","1090134","1090261","14","104668712"
"chr4","105759365","105759527","chr17","23223703","23223865","21","82535662"
"chr4","105764275","105764450","chr3","198811481","198811657","25","93047206"
"chr4","105764582","105764717","chr15","33916250","33916385","9","71848332"
"chr4","105767114","105767385","chr17","38015491","38015772","51","67751623"
"chr4","105796442","105796632","chr8","1762791","1762981","25","104033651"
"chr4","105838443","105838689","chr7","138613435","138613691","50","32774992"
"chr4","105846758","105846984","chr12","35441972","35442199","39","70404786"
"chr4","105853219","105853532","chr7","70633804","70634112","40","35219415"
"chr4","105868373","105868545","chr19","2172590","2172768","26","103695783"
"chr4","105868839","105868978","chr13","21566577","21566716","26","84302262"
"chr4","105869895","105870031","chr10","29633018","29633159","22","76236877"
"chr4","105880738","105880867","chr1","10043533","10043661","17","95837205"
"chr4","105895805","105896075","chr7","64304019","64304303","40","41591786"
"chr4","105938340","105938458","chr16","62916690","62916809","16","43021650"
"chr4","105985759","105986071","chr17","17075736","17076047","41","88910023"
"chr4","106005179","106005470","chrX","44801762","44802052","33","61203417"
"chr4","106022751","106023044","chr7","73094896","73095187","41","32927855"
"chr4","106027255","106027488","chr9","12398613","12398841","32","93628642"
"chr4","106028849","106029158","chr3","46381852","46382163","33","59646997"
"chr4","106038133","106038452","chr4","193590035","193590324","71","87551902"
"chr4","106048232","106048362","chr2A","61872271","61872400","24","44175961"
"chr4","106051249","106051349","chr3","81188117","81188214","21","24863132"
"chr4","106109726","106110024","chr1","6861545","6861837","46","99248181"
"chr4","106127020","106127289","chr10","100354316","100354578","50","5772704"
"chr4","106140339","106140635","chr3","162307473","162307776","43","56167134"
"chr4","106151800","106151966","chr6","112831541","112831707","18","6679741"
"chr4","106155092","106155389","chr13","34114268","34114562","41","72040824"
"chr4","106171710","106171943","chr19","3042385","3042606","72","103129325"
"chr4","106176337","106176630","chrX","77265352","77265649","37","28910985"
"chr4","106179940","106180246","chr6","108908257","108908564","42","2728317"
"chr4","106182309","106182589","chr13","4862100","4862388","42","101320209"
"chr4","106208368","106208664","chr7","72979676","72979977","44","33228692"
"chr4","106212863","106213167","chr22","12412639","12412945","45","93800224"
"chr4","106251981","106252228","chr4","81244771","81245011","40","25007210"
"chr4","106287848","106288159","chrX","128923641","128923950","34","22635793"
"chr4","106292638","106292920","chr9","114191687","114191982","37","7899049"
"chr4","106317224","106317518","chr6","109077082","109077375","40","2759858"
"chr4","106319124","106319429","chr1","21756556","21756861","54","84562568"
"chr4","106368732","106368744","chr3","130605499","130605509","2","24236767"
"chr4","106368779","106369043","chr4","9791988","9792250","48","96576791"
"chr4","106378746","106379050","chr7","83290117","83290410","43","23088629"
"chr4","106413352","106413661","chr10","148283163","148283474","43","41869811"
"chr4","106416339","106416474","chr3","58633574","58633709","17","47782765"
"chr4","106422944","106423234","chrX","41100721","41101010","53","65322223"
"chr4","106428814","106429131","chr17","9489493","9489790","47","96939321"
"chr4","106430872","106430968","chr8","67910029","67910127","12","38520843"
"chr4","106430971","106431055","chr1","28753545","28753625","16","77677426"
"chr4","106436792","106436928","chr16","73790398","73790536","23","32646394"
"chr4","106456126","106456250","chr8","47990129","47990262","37","58465997"
"chr4","106458694","106458982","chr8","102279678","102279967","50","4179016"
"chr4","106461453","106461762","chrX","8135621","8135928","40","98325832"
"chr4","106462140","106462155","chr1","215142004","215142018","2","108679864"
"chr4","106462469","106462640","chr8","146012620","146012782","32","39550151"
"chr4","106464245","106464529","chr9","78511121","78511408","39","27953124"
"chr4","106466891","106467007","chr8","63631723","63631835","13","42835168"
"chr4","106467305","106467492","chr2A","79979486","79979680","35","26487819"
"chr4","106467896","106468184","chr17","63805578","63805863","47","42662318"
"chr4","106478176","106478339","chr6","36357202","36357360","21","70120974"
"chr4","106478578","106478755","chr6","34814563","34814740","31","71664015"
"chr4","106518001","106518271","chr14","53125167","53125453","45","53392834"
"chr4","106528173","106528464","chr1","87972779","87973074","55","18555394"
"chr4","106529929","106530083","chr19","4627519","4627656","34","101902410"
"chr4","106531585","106531754","chr8","32936165","32936331","32","73595420"
"chr4","106532587","106532872","chr1","71074729","71075017","46","35457858"
"chr4","106533071","106533136","chr5","15291902","15291965","19","91241169"
"chr4","106546843","106546967","chrX","101115576","101115711","26","5431267"
"chr4","106547267","106547428","chr10","148054018","148054180","23","41506751"
"chr4","106551645","106551943","chr8","99108564","99108849","60","7443081"
"chr4","106562746","106563034","chr3","186873064","186873359","45","80310318"
"chr4","106568966","106569080","chr7","5414295","5414412","20","101154671"
"chr4","106569379","106569558","chr15","57734802","57734979","32","48834577"
"chr4","106572955","106573265","chr19","10919337","10919639","38","95653618"
"chr4","106573284","106573629","chr12","123824638","123824973","77","17251354"
"chr4","106575189","106575487","chr11","117367595","117367888","45","10792406"
"chr4","106580469","106580784","chr7","73381340","73381628","77","33199129"
"chr4","106582647","106582908","chr4","120263250","120263523","51","13680603"
"chr4","106589306","106589521","chr13","23220651","23220864","30","83368655"
"chr4","106589678","106589807","chr6","78227073","78227205","17","28362605"
"chr4","106590187","106590480","chr11","3623940","3624232","38","102966247"
"chr4","106590901","106591084","chr1","211816001","211816180","32","105225100"
"chr4","106598393","106598448","chr9","120453959","120454016","9","13855566"
"chr4","106602108","106602436","chr5","31998941","31999266","55","74603167"
"chr4","106609576","106609623","chr1","18840385","18840430","10","87769191"
"chr4","106609917","106610118","chr16","18215325","18215521","36","88394592"
"chr4","106620280","106620571","chr4","2658615","2658908","34","103961665"
"chr4","106621650","106621943","chr6","43552064","43552362","46","63069586"
"chr4","106630492","106630782","chr2A","21681909","21682195","42","84948583"
"chr4","106636593","106636889","chr10","85032894","85033191","40","21603699"
"chr4","106644103","106644384","chr7","42023635","42023920","39","64620468"
"chr4","106661457","106661742","chr2A","68432682","68432970","51","38228775"
"chr4","106666728","106667027","chr1","31357845","31358145","44","75308883"
"chr4","106678760","106678924","chr21","6903671","6903832","21","99775089"
"chr4","106679957","106680119","chr5","107961595","107961760","28","1281638"
"chr4","106680147","106680180","chr1","16440241","16440274","6","90239906"
"chr4","106685065","106685360","chr11","6426737","6427032","44","100258328"
"chr4","106688460","106688613","chr12","121978572","121978714","34","15290112"
"chr4","106688749","106688948","chr3","187036676","187036875","36","80347927"
"chr4","106692228","106692543","chr6","109350004","109350316","40","2657776"
"chr4","106695401","106695683","chrX","119237743","119238026","42","12542342"
"chr4","106698136","106698439","chr10","11974321","11974614","49","94723815"
"chr4","106712032","106712337","chr15","22401463","22401764","43","84310569"
"chr4","106734602","106734914","chr5","161521078","161521387","53","54786476"
"chr4","106734920","106735052","chr7","82210564","82210699","12","24524356"
"chr4","106735441","106735730","chr5","109972171","109972461","46","3236730"
"chr4","106787541","106787820","chr14","22593432","22593716","42","84194109"
"chr4","106794309","106794474","chr17","7576156","7576318","20","99218153"
"chr4","106794783","106794923","chr1","41936698","41936832","24","64858085"
"chr4","106798823","106798999","chr5","59930487","59930657","29","46868336"
"chr4","106810493","106810790","chr19","14661967","14662262","37","92148526"
"chr4","106834318","106834445","chr1","71393655","71393787","18","35440663"
"chr4","106835993","106836107","chrX","41913874","41913986","21","64922119"
"chr4","106906177","106906477","chr6","121386173","121386468","58","14479996"
"chr4","106976285","106976589","chr7","139963807","139964112","32","32987522"
"chr4","107107325","107107598","chr18","5916140","5916427","44","101191185"
"chr4","107143047","107143229","chr7","112792877","112793058","28","5649830"
"chr4","107143253","107143366","chr1","141400970","141401092","21","34257717"
"chr4","107150204","107150501","chr6","112148811","112149116","41","4998607"
"chr4","107180731","107180853","chr6","109864502","109864622","14","2683771"
"chr4","107181768","107182073","chr1","129761078","129761384","40","22579310"
"chr4","107190274","107190569","chr9","104384316","104384616","53","2805958"
"chr4","107202451","107202714","chr4","114454036","114454301","39","7251585"
"chr4","107219424","107219747","chr2A","36869206","36869534","46","70350218"
"chr4","107225348","107225632","chr19","9833233","9833529","49","97392115"
"chr4","107230325","107230588","chr19","31602423","31602686","39","75627902"
"chr4","107238807","107239116","chrX","55946107","55946416","43","51292700"
"chr4","107287536","107287806","chr6","32887563","32887832","43","74399973"
"chr4","107288107","107288177","chr1","50437779","50437836","20","56850328"
"chr4","107354146","107354446","chr6","110057530","110057838","49","2703384"
"chr4","107374551","107374854","chr5","32634914","32635221","47","74739637"
"chr4","107379284","107379571","chr9","109733660","109733937","49","2354376"
"chr4","107412076","107412218","chr15","41765635","41765778","23","65646441"
"chr4","107424365","107424647","chr1","84974328","84974621","50","22450037"
"chr4","107425527","107425641","chr5","1864180","1864298","11","105561347"
"chr4","107426222","107426366","chrX","51224486","51224615","30","56201736"
"chr4","107427551","107427797","chr1","114044437","114044681","55","6616886"
"chr4","107440130","107440255","chr1","14802147","14802270","16","92637983"
"chr4","107442197","107442358","chr7","86140847","86140998","37","21301350"
"chr4","107456350","107456480","chr8","97206781","97206916","12","10249569"
"chr4","107456782","107456941","chr14","69646454","69646612","28","37810328"
"chr4","107457622","107457918","chr6","110159767","110160054","50","2702145"
"chr4","107473370","107473543","chr2A","12462472","12462645","28","95010898"
"chr4","107477007","107477297","chr9","106799866","106800156","35","677141"
"chr4","107513799","107514100","chr2B","100929351","100929648","39","6584448"
"chr4","107559362","107559539","chr6","18189802","18189976","34","89369560"
"chr4","107560965","107561095","chr1","71060262","71060392","10","36500703"
"chr4","107571966","107572228","chr8","125845946","125846206","44","18273980"
"chr4","107594793","107595083","chrX","119550417","119550709","55","11955624"
"chr4","107602281","107602551","chr5","23503907","23504181","39","84098374"
"chr4","107607954","107608190","chr1","218155490","218155728","34","110547536"
"chr4","107646342","107646518","chr19","38845834","38846001","32","68800508"
"chr4","107647160","107647293","chr1","213473838","213473970","13","105826678"
"chr4","107661774","107662065","chr3","190276346","190276640","36","82614572"
"chr4","107665062","107665354","chr6","164274281","164274576","39","56609219"
"chr4","107724356","107724638","chr18","20204912","20205199","47","87519444"
"chr4","107738797","107739101","chr6","110412339","110412643","49","2673542"
"chr4","107748708","107748996","chr6","110421382","110421667","53","2672674"
"chr4","107751594","107751892","chr7","1101901","1102197","53","106649693"
"chr4","107763687","107763996","chr19","37491525","37491830","52","70272162"
"chr4","107767717","107768005","chr2A","67692225","67692524","46","40075492"
"chr4","107773002","107773204","chr1","24076859","24077063","29","83696143"
"chr4","107799606","107799743","chr15","43787522","43787659","27","64012084"
"chr4","107812566","107812854","chr11","123261793","123262092","49","15449227"
"chr4","107828495","107828789","chr6","110488623","110488922","40","2660128"
"chr4","107830790","107831085","chr1","225512358","225512658","41","117681568"
"chr4","107864019","107864319","chr19","7923793","7924089","41","99940226"
"chr4","107899041","107899332","chr5","55473734","55474024","30","52425307"
"chr4","107910507","107910799","chr6","110555123","110555432","59","2644616"
"chr4","107938993","107939284","chr3","180334232","180334526","40","72395239"
"chr4","107940693","107940856","chrX","131812896","131813055","28","23872203"
"chr4","107970457","107970759","chr1","91201492","91201793","47","16768965"
"chr4","107980511","107980824","chr1","216487322","216487632","44","108506811"
"chr4","108035942","108036223","chr14","51593379","51593635","65","56442563"
"chr4","108045489","108045788","chr14","81551019","81551321","40","26494470"
"chr4","108061399","108061505","chr14","88983738","88983845","18","19077661"
"chr4","108074286","108074568","chr20","35533573","35533858","41","72540713"
"chr4","108089663","108089971","chr11","65555694","65556002","47","42533969"
"chr4","108111137","108111423","chr15","176078","176364","43","107935059"
"chr4","108194996","108195159","chr6","110843561","110843725","26","2648565"
"chr4","108204110","108204284","chr5","62272871","62273027","44","45931239"
"chr4","108258629","108258960","chr5","25957803","25958112","68","82300826"
"chr4","108273470","108273750","chr21","27433946","27434233","51","80839524"
"chr4","108289088","108289383","chr12","10839242","10839538","41","97449846"
"chr4","108305507","108305791","chr15","76754110","76754398","50","31551397"
"chr4","108322534","108322585","chr8","127499946","127500000","12","19177412"
"chr4","108322613","108322759","chr4","1372449","1372597","26","106950164"
"chr4","108325922","108326220","chr6","110953485","110953781","44","2627563"
"chr4","108364784","108365072","chr6","48058765","48059050","36","60306019"
"chr4","108368554","108368839","chr10","13827691","13827980","43","94540863"
"chr4","108399986","108400292","chr6","111036958","111037268","42","2636972"
"chr4","108401123","108401398","chr7","74977675","74977964","50","33423448"
"chr4","108423056","108423355","chrX","135156417","135156720","43","26733361"
"chr4","108430043","108430318","chr6","111068387","111068669","42","2638344"
"chr4","108460745","108460910","chr6","111096900","111097065","19","2636155"
"chr4","108470454","108470689","chr12","127703153","127703387","34","19232699"
"chr4","108495962","108496072","chr7","56884053","56884158","32","51611909"
"chr4","108519950","108520244","chr12","35763440","35763735","39","72756510"
"chr4","108570711","108570984","chr8","129459387","129459659","50","20888676"
"chr4","108595167","108595488","chr2B","124042742","124043060","49","15447575"
"chr4","108660750","108661052","chr1","131146054","131146357","34","22485304"
"chr4","108662820","108663081","chr1","13857836","13858100","31","94804984"
"chr4","108671030","108671350","chr14","35696662","35696967","54","72974368"
"chr4","108675086","108675412","chr10","36252154","36252472","53","72422932"
"chr4","108680927","108681024","chr17","1113084","1113182","23","107567843"
"chr4","108681334","108681476","chr2B","16236065","16236209","16","92445269"
"chr4","108708779","108709076","chr11","113082653","113082951","44","4373874"
"chr4","108710022","108710324","chr2B","10718777","10719078","49","97991245"
"chr4","108719412","108719698","chr5","24090349","24090640","43","84629063"
"chr4","108723616","108723905","chr5","24372432","24372725","36","84351184"
"chr4","108738145","108738467","chr20","32894115","32894440","61","75844030"
"chr4","108746577","108746828","chr6","111385968","111386216","31","2639391"
"chr4","108779014","108779313","chr10","35816628","35816930","37","72962386"
"chr4","108830567","108830852","chr7","64304019","64304303","31","44526548"
"chr4","108877881","108878168","chr6","6961421","6961714","49","101916460"
"chr4","108899187","108899276","chr1","115533472","115533562","10","6634285"
"chr4","108910433","108910729","chr10","112192486","112192781","35","3282053"
"chr4","108941997","108942281","chr4","101447458","101447743","44","7494539"
"chr4","108955957","108956251","chr11","9404852","9405149","41","99551105"
"chr4","108959933","108959949","chr3","12731764","12731778","2","96228169"
"chr4","108959970","108960260","chr6","39334930","39335231","37","69625040"
"chr4","109050099","109050152","chr1","218242753","218242807","5","109192654"
"chr4","109050431","109050443","chr19","1132784","1132797","4","107917647"
"chr4","109109559","109109850","chr19","7610677","7610973","44","101498882"
"chr4","109216823","109216910","chr3","9028938","9029013","21","100187885"
"chr4","109225335","109225627","chr15","57328671","57328968","38","51896664"
"chr4","109272718","109272998","chr12","113096178","113096470","65","3823460"
"chr4","109356893","109357186","chr1","150913348","150913644","36","41556455"
"chr4","109373383","109373679","chr8","131375933","131376227","40","22002550"
"chr4","109488053","109488162","chr3","110475246","110475354","22","987193"
"chr4","109524125","109524432","chr1","64602434","64602744","41","44921691"
"chr4","109613809","109614120","chr19","22882087","22882401","40","86731722"
"chr4","109697715","109697903","chr1","50161286","50161474","30","59536429"
"chr4","109738958","109739239","chrX","46727945","46728224","49","63011013"
"chr4","109750289","109750378","chr9","95365545","95365632","17","14384744"
"chr4","109866743","109866880","chr8","8309098","8309237","23","101557645"
"chr4","109867184","109867352","chr9","69544552","69544726","26","40322632"
"chr4","109867361","109867664","chr1","91995422","91995729","38","17871939"
"chr4","109878005","109878307","chr8","68526858","68527147","53","41351147"
"chr4","109909934","109910212","chr6","44194771","44195049","42","65715163"
"chr4","109911323","109911619","chr11","113918872","113919176","38","4007549"
"chr4","109956127","109956419","chr9","25207930","25208228","40","84748197"
"chr4","110014640","110014771","chr3","198061023","198061157","27","88046383"
"chr4","110047973","110048285","chr6","112638313","112638619","46","2590340"
"chr4","110062511","110062798","chr1","46023983","46024273","41","64038528"
"chr4","110086931","110087215","chr14","261548","261815","50","109825383"
"chr4","110120390","110120661","chr18","13253945","13254224","49","96866445"
"chr4","110126283","110126569","chr16","47780844","47781132","53","62345439"
"chr4","110181481","110181787","chr11","92291366","92291671","37","17890115"
"chr4","110191781","110191943","chr5","165268352","165268516","26","55076571"
"chr4","110192176","110192310","chr12","52332062","52332197","14","57860114"
"chr4","110192311","110192627","chr1","148176109","148176419","46","37983798"
"chr4","110192628","110192799","chr6","23135944","23136111","32","87056684"
"chr4","110209942","110210251","chr5","34215137","34215446","49","75994805"
"chr4","110231160","110231461","chr12","29219291","29219589","41","81011869"
"chr4","110240943","110241230","chr13","81198255","81198537","38","29042688"
"chr4","110257037","110257311","chr2B","124977630","124977912","35","14720593"
"chr4","110265672","110265980","chrX","128923641","128923950","47","18657969"
"chr4","110298396","110298484","chr4","124100503","124100587","18","13802107"
"chr4","110301983","110302277","chr1","63265517","63265819","38","47036466"
"chr4","110309481","110309615","chr1","37708220","37708355","17","72601261"
"chr4","110309917","110310084","chr12","64214983","64215146","27","46094934"
"chr4","110314333","110314648","chr6","112866855","112867169","41","2552522"
"chr4","110315482","110315779","chr5","34215137","34215446","47","76100345"
"chr4","110324494","110324785","chr2A","68859397","68859691","41","41465097"
"chr4","110344792","110345097","chr10","50474252","50474554","48","59870540"
"chr4","110345850","110346134","chr6","7408993","7409283","36","102936857"
"chr4","110347217","110347323","chr14","47878916","47879021","16","62468301"
"chr4","110350835","110351135","chr6","112903765","112904065","44","2552930"
"chr4","110355223","110355327","chr9","70059064","70059157","23","40296159"
"chr4","110360422","110360634","chr8","128127517","128127707","64","17767095"
"chr4","110360635","110360922","chr21","33115272","33115562","46","77245363"
"chr4","110360923","110361057","chr5","79609248","79609382","23","30751675"
"chr4","110367211","110367486","chr3","182650235","182650522","59","72283024"
"chr4","110379081","110379212","chr1","89770976","89771108","25","20608105"
"chr4","110386982","110387113","chr5","118006764","118006899","22","7619782"
"chr4","110387114","110387403","chr4","197455977","197456266","56","87068863"
"chr4","110387404","110387560","chr8","27555379","27555541","37","82832025"
"chr4","110399181","110399468","chr2B","51199348","51199632","36","59199833"
"chr4","110413777","110413910","chr1","24723040","24723167","21","85690737"
"chr4","110413911","110414160","chr7","102319681","102319933","37","8094230"
"chr4","110414161","110414272","chr19","17036512","17036622","20","93377649"
"chr4","110421446","110421606","chr6","36357202","36357360","26","74064244"
"chr4","110428826","110429091","chr7","130947523","130947770","63","20518697"
"chr4","110461146","110461213","chr7","140027092","140027167","20","29565946"
"chr4","110461495","110461678","chr1","134988145","134988330","40","24526650"
"chr4","110464859","110465088","chr6","22531033","22531259","32","87933826"
"chr4","110481171","110481310","chr6","112458453","112458591","14","1977282"
"chr4","110488647","110488962","chr5","34215137","34215446","44","76273510"
"chr4","110490295","110490544","chr14","22134780","22135029","36","88355515"
"chr4","110500590","110500875","chr5","141748249","141748545","37","31247659"
"chr4","110507651","110507817","chr6","142081345","142081510","28","31573694"
"chr4","110508122","110508264","chr17","74890690","74890821","18","35617432"
"chr4","110508848","110508970","chr4","34301589","34301709","21","76207259"
"chr4","110517016","110517289","chr2B","69527212","69527493","44","40989804"
"chr4","110519872","110520167","chr11","9465098","9465381","49","101054774"
"chr4","110520367","110520503","chr15","37731910","37732045","13","72788457"
"chr4","110539449","110539665","chr9","90109428","90109638","37","20430021"
"chr4","110540434","110540633","chr3","132773829","132774023","44","22233395"
"chr4","110544743","110544889","chr3","155389771","155389921","32","44845028"
"chr4","110555314","110555608","chr15","68328367","68328659","50","42226947"
"chr4","110556544","110556704","chr3","172654930","172655092","29","62098386"
"chr4","110561696","110561987","chr7","139754831","139755123","37","29193135"
"chr4","110567307","110567593","chr7","148331337","148331619","44","37764030"
"chr4","110573261","110573476","chr12","14038754","14038965","43","96534507"
"chr4","110573675","110573807","chr5","38957611","38957744","17","71616064"
"chr4","110579239","110579368","chr12","123009426","123009557","21","12430187"
"chr4","110579657","110579821","chr1","158609839","158609998","28","48030182"
"chr4","110586632","110586751","chr18","76112123","76112237","23","34474509"
"chr4","110587060","110587267","chr7","33202850","33203038","37","77384210"
"chr4","110595367","110595593","chr11","107942097","107942328","35","2653270"
"chr4","110596360","110596506","chr12","122145501","122145646","42","11549141"
"chr4","110596798","110596964","chr19","16167759","16167923","41","94429039"
"chr4","110616244","110616534","chr6","152428402","152428695","38","41812158"
"chr4","110619919","110620216","chr11","117367595","117367888","47","6747676"
"chr4","110633757","110633925","chr6","113184524","113184696","32","2550767"
"chr4","110654688","110654997","chr12","117920670","117920979","52","7265982"
"chr4","110665635","110665917","chr3","182650235","182650522","39","71984600"
"chr4","110671526","110671831","chr18","6273826","6274133","37","104397700"
"chr4","110683352","110683519","chrX","1997904","1998070","23","108685448"
"chr4","110685524","110685637","chr11","113906994","113907109","9","3221470"
"chr4","110695980","110696274","chr9","41878230","41878523","46","68817750"
"chr4","110702626","110702911","chrX","33575116","33575401","39","77127510"
"chr4","110707904","110708189","chr7","23548047","23548327","37","87159857"
"chr4","110713785","110713947","chr7","150907660","150907825","33","40193875"
"chr4","110714403","110714522","chr5","77145127","77145247","19","33569276"
"chr4","110734850","110735142","chr2A","95548542","95548837","47","15186308"
"chr4","110742333","110742629","chr7","39272240","39272540","38","71470093"
"chr4","110756537","110756771","chr1","93230626","93230840","46","17525911"
"chr4","110767466","110767760","chr6","46332308","46332601","35","64435158"
"chr4","110775217","110775506","chr18","18251317","18251608","46","92523900"
"chr4","110776519","110776826","chr2B","131341027","131341335","53","20564508"
"chr4","110828492","110828667","chr3","131350","131526","33","110697142"
"chr4","110828723","110828813","chr12","29563961","29564050","14","81264762"
"chr4","110829243","110829538","chr1","42618802","42619096","38","68210441"
"chr4","110833086","110833389","chr6","113372582","113372879","48","2539496"
"chr4","110860302","110860634","chr6","113378363","113378672","62","2518061"
"chr4","110919856","110919973","chr9","112014807","112014924","11","1094951"
"chr4","110923799","110924106","chrX","70775393","70775696","31","40148406"
"chr4","110956914","110957168","chr18","46629490","46629732","54","64327424"
"chr4","110957178","110957278","chr9","115945870","115945967","18","4988692"
"chr4","110985297","110985431","chr7","82210564","82210699","15","28774733"
"chr4","110985432","110985729","chr5","22430270","22430566","51","88555162"
"chr4","110985730","110985795","chrX","1874805","1874872","12","109110925"
"chr4","111014072","111014364","chr5","22807671","22807969","41","88206401"
"chr4","111015007","111015304","chr6","113508697","113508996","35","2493690"
"chr4","111030050","111030341","chr5","24090349","24090640","47","86939701"
"chr4","111030480","111030780","chr15","1886496","1886796","39","109143984"
"chr4","111062794","111062920","chr1","186375038","186375164","16","75312244"
"chr4","111071155","111071450","chr11","3591407","3591706","47","107479748"
"chr4","111104862","111105161","chr18","55030640","55030946","44","56074222"
"chr4","111110054","111110352","chr3","131643212","131643513","45","20533158"
"chr4","111111088","111111290","chr12","117136466","117136667","49","6025378"
"chr4","111193453","111193699","chr9","16498271","16498514","55","94695182"
"chr4","111197806","111198103","chr7","1588383","1588682","41","109609423"
"chr4","111229060","111229191","chr7","4485178","4485309","15","106743882"
"chr4","111229480","111229666","chr14","57345000","57345187","37","53884480"
"chr4","111251086","111251213","chr14","52392752","52392877","16","58858334"
"chr4","111275851","111276132","chr3","138366497","138366776","48","27090646"
"chr4","111283132","111283415","chr1","135608013","135608295","44","24324881"
"chr4","111347498","111347614","chr11","1562973","1563089","8","109784525"
"chr4","111351372","111351661","chr8","119334341","119334633","43","7982969"
"chr4","111365941","111366234","chr14","77389309","77389603","41","33976632"
"chr4","111372210","111372516","chr12","101724598","101724905","47","9647612"
"chr4","111433110","111433384","chr16","26943607","26943889","36","84489503"
"chr4","111548793","111548897","chr15","71499102","71499205","23","40049691"
"chr4","111654546","111654558","chr1","58325006","58325017","2","53329540"
"chr4","111654741","111655026","chr5","18981576","18981854","52","92673165"
"chr4","111834437","111834729","chr22","30285663","30285953","50","81548774"
"chr4","111873964","111874288","chrX","41497094","41497415","49","70376870"
"chr4","111884133","111884420","chr5","23609582","23609872","40","88274551"
"chr4","111927497","111927794","chr11","40294276","40294572","38","71633221"
"chr4","111959414","111959701","chr2A","91929672","91929960","36","20029742"
"chr4","112007503","112007585","chr20","44713602","44713684","16","67293901"
"chr4","112008113","112008200","chr16","81322949","81323041","18","30685164"
"chr4","112020236","112020552","chr13","2434956","2435268","66","109585280"
"chr4","112041221","112041461","chr15","4728798","4729030","48","107312423"
"chr4","112094955","112095177","chr14","14635557","14635783","42","97459398"
"chr4","112103519","112103559","chr11","25386981","25387018","11","86716538"
"chr4","112368186","112368494","chr4","37991659","37991968","50","74376527"
"chr4","112369961","112370094","chr2B","7606402","7606531","18","104763559"
"chr4","112395759","112395876","chrX","124256137","124256255","11","11860378"
"chr4","112454967","112455288","chr3","131887069","131887383","54","19432102"
"chr4","112499306","112499612","chr14","110301","110606","39","112389005"
"chr4","112539481","112539783","chr16","45661791","45662094","44","66877690"
"chr4","112740523","112740750","chr1","25190644","25190872","50","87549879"
"chr4","112901317","112901562","chr17","736611","736858","52","112164706"
"chr4","112961465","112961745","chr6","115405034","115405307","39","2443569"
"chr4","113026047","113026138","chr1","134177293","134177384","14","21151246"
"chr4","113094542","113094834","chr12","120823088","120823377","45","7728546"
"chr4","113257092","113257397","chr12","34849056","34849355","49","78408036"
"chr4","113258824","113259127","chr1","205863329","205863635","47","92604505"
"chr4","113317577","113317875","chr10","36005428","36005725","40","77312149"
"chr4","113385961","113386073","chr10","11873055","11873169","24","101512906"
"chr4","113406233","113406354","chr1","101740478","101740598","21","11665755"
"chr4","113411255","113411561","chr6","115848248","115848558","48","2436993"
"chr4","113428513","113428804","chr9","59269532","59269821","43","54158981"
"chr4","113435049","113435327","chr9","12997485","12997766","31","100437564"
"chr4","113435408","113435425","chr7","56845076","56845093","3","56590332"
"chr4","113447305","113447595","chr6","115865953","115866247","43","2418648"
"chr4","113459279","113459555","chr1","46588938","46589218","41","66870341"
"chr4","113481161","113481454","chr22","2761648","2761942","44","110719513"
"chr4","113494800","113495126","chr3","188556690","188557004","70","75061890"
"chr4","113500245","113500369","chr7","104403957","104404081","18","9096288"
"chr4","113500597","113500864","chr2A","60232623","60232895","47","53267974"
"chr4","113504312","113504436","chr10","39318952","39319078","12","74185360"
"chr4","113508728","113508857","chr21","23540140","23540272","15","89968588"
"chr4","113518430","113518746","chr6","115960151","115960467","51","2441721"
"chr4","113520635","113520922","chr1","83143605","83143890","40","30377030"
"chr4","113521251","113521561","chr10","113910555","113910852","63","389304"
"chr4","113534729","113535013","chr22","8281955","8282243","44","105252774"
"chr4","113544216","113544350","chr5","111860972","111861103","21","1683244"
"chr4","113546059","113546181","chr9","45252398","45252520","14","68293661"
"chr4","113557759","113558067","chrX","68914193","68914496","41","44643566"
"chr4","113566057","113566334","chr1","190343925","190344199","41","76777868"
"chr4","113580097","113580228","chr17","40157558","40157690","15","73422539"
"chr4","113597325","113597467","chr4","111029953","111030095","19","2567372"
"chr4","113634493","113634797","chr11","226817","227121","46","113407676"
"chr4","113645242","113645532","chr12","6754519","6754817","42","106890723"
"chr4","113654793","113655098","chr3","172708820","172709119","50","59054027"
"chr4","113658196","113658208","chr9","68454307","68454318","1","45203889"
"chr4","113658243","113658512","chr3","173229791","173230066","56","59571548"
"chr4","113660639","113660935","chr10","50297952","50298253","34","63362687"
"chr4","113684037","113684176","chr3","131805211","131805354","28","18121174"
"chr4","113684210","113684329","chr11","123350008","123350126","14","9665798"
"chr4","113689076","113689190","chr3","50836150","50836264","13","62852926"
"chr4","113781186","113781428","chr8","74307336","74307585","46","39473850"
"chr4","113787925","113788230","chr19","37491525","37491830","57","76296400"
"chr4","113814329","113814627","chr8","146073201","146073497","49","32258872"
"chr4","113840491","113840717","chr12","121608215","121608450","43","7767724"
"chr4","113841734","113842064","chr21","35496072","35496387","58","78345662"
"chr4","113857398","113857699","chrX","119264164","119264462","38","5406766"
"chr4","113970627","113970956","chr7","78994392","78994717","56","34976235"
"chr4","114102829","114103134","chr22","1356476","1356780","45","112746353"
"chr4","114489339","114489651","chr11","76719549","76719855","41","37769790"
"chr4","114520793","114521109","chr21","14763097","14763408","59","99757696"
"chr4","114703210","114703487","chr7","67109386","67109679","50","47593824"
"chr4","114885496","114885682","chr1","10096784","10096970","31","104788712"
"chr4","114929152","114929430","chr6","157767447","157767718","47","42838295"
"chr4","115103724","115104029","chr6","151109000","151109296","47","36005276"
"chr4","115302889","115303199","chr4","89495006","89495313","49","25807883"
"chr4","115398376","115398517","chr3","59312974","59313109","22","56085402"
"chr4","115404226","115404419","chr1","38128287","38128467","33","77275939"
"chr4","115489668","115489969","chr5","46530569","46530871","50","68959099"
"chr4","115599516","115599821","chr13","31124441","31124748","44","84475075"
"chr4","115802758","115802989","chr7","128674373","128674607","62","12871615"
"chr4","115901706","115902000","chr6","95194922","95195216","46","20706784"
"chr4","116026730","116027036","chr1","10076105","10076415","45","105950625"
"chr4","116137304","116137459","chr3","26700858","26701011","29","89436446"
"chr4","116137485","116137629","chr5","123485572","123485709","23","7348087"
"chr4","116200918","116201087","chr8","121787467","121787636","25","5586549"
"chr4","116201425","116201558","chr1","209742215","209742351","19","93540790"
"chr4","116380863","116380979","chr3","45629081","45629198","9","70751782"
"chr4","116414407","116414577","chr7","44547499","44547669","27","71866908"
"chr4","116414618","116414729","chr10","106924708","106924818","17","9489910"
"chr4","116471402","116471561","chr6","118887667","118887826","19","2416265"
"chr4","116478060","116478191","chr4","81912436","81912567","16","34565624"
"chr4","116479570","116479872","chr10","15082526","15082827","42","101397044"
"chr4","116487778","116488028","chr1","9245866","9246113","54","107241912"
"chr4","116494496","116494789","chr8","95701690","95701987","47","20792806"
"chr4","116499937","116500000","chr7","46520338","46520400","13","69979599"
"chr4","116522499","116522803","chr10","41660210","41660514","37","74862289"
"chr4","116569579","116569710","chr12","98738459","98738590","26","17831120"
"chr4","116609209","116609490","chrX","130572622","130572904","43","13963413"
"chr4","116650911","116651114","chr6","119049591","119049790","33","2398680"
"chr4","116653291","116653578","chr1","197531593","197531877","71","80878302"
"chr4","116660007","116660121","chr11","113906994","113907109","12","2753013"
"chr4","116713964","116714122","chr7","72046197","72046353","24","44667767"
"chr4","116760399","116760704","chr19","9104856","9105154","51","107655543"
"chr4","116879133","116879427","chr14","6481604","6481898","42","110397529"
"chr4","116950662","116950744","chr1","109139016","109139099","9","7811646"
"chr4","117148114","117148235","chr1","225002039","225002160","21","107853925"
"chr4","117148271","117148442","chr15","47934539","47934714","27","69213732"
"chr4","117275685","117275894","chr12","121756484","121756689","34","4480799"
"chr4","117313312","117313614","chr8","101544594","101544890","40","15768718"
"chr4","117352884","117353188","chr18","28805984","28806286","45","88546900"
"chr4","117392784","117393080","chr4","96085922","96086220","40","21306862"
"chr4","117418060","117418175","chr1","180054399","180054515","17","62636339"
"chr4","117519203","117519493","chr1","27749471","27749762","52","89769732"
"chr4","117525641","117525759","chr14","47041532","47041645","19","70484109"
"chr4","117568646","117568925","chr6","120014529","120014806","33","2445883"
"chr4","117603375","117603496","chr3","152761390","152761513","18","35158015"
"chr4","117770794","117770879","chr5","116530140","116530219","12","1240654"
"chr4","117771124","117771285","chr7","54585480","54585644","32","63185644"
"chr4","117834979","117835106","chr7","99428132","99428261","27","18406847"
"chr4","118116646","118116738","chr7","45469907","45470002","15","72646739"
"chr4","118116794","118116979","chr10","34688348","34688531","30","83428446"
"chr4","118203154","118203355","chr6","120647484","120647686","28","2444330"
"chr4","118217582","118217878","chr3","28355353","28355652","40","89862229"
"chr4","118365854","118365944","chr1","26089984","26090078","18","92275870"
"chr4","118370346","118370659","chr2B","100929351","100929648","70","17440995"
"chr4","118371015","118371310","chr18","67227203","67227499","52","51143812"
"chr4","118447895","118448176","chr6","120883348","120883633","41","2435453"
"chr4","118519416","118519702","chr3","26241110","26241391","53","92278306"
"chr4","118521536","118521823","chrX","54649935","54650221","47","63871601"
"chr4","118573036","118573314","chr6","81033707","81033988","38","37539329"
"chr4","118576780","118577002","chr19","38862719","38862944","32","79714061"
"chr4","118586552","118586845","chr4","40810800","40811101","57","77775752"
"chr4","118618603","118618923","chr1","70324923","70325245","43","48293680"
"chr4","118637898","118638160","chr3","174849246","174849513","52","56211348"
"chr4","118642805","118643143","chr12","16650150","16650489","60","101992655"
"chr4","118646048","118646332","chr11","48280989","48281284","54","70365059"
"chr4","118658480","118658566","chr9","14268712","14268798","13","104389768"
"chr4","118672290","118672589","chr14","19296484","19296794","52","99375806"
"chr4","118714338","118714628","chr6","121151987","121152279","40","2437649"
"chr4","118742671","118742973","chrX","107894432","107894730","54","10848239"
"chr4","118814612","118814891","chr18","33320361","33320640","40","85494251"
"chr4","118829142","118829448","chr6","2250322","2250619","50","116578820"
"chr4","118903952","118904255","chr5","4345743","4346035","52","114558209"
"chr4","118910061","118910373","chr6","121268470","121268780","51","2358409"
"chr4","118933106","118933405","chr6","128436091","128436390","37","9502985"
"chr4","118944764","118945053","chr12","30413008","30413303","47","88531756"
"chr4","118954511","118954762","chr1","15740156","15740406","35","103214355"
"chr4","118966769","118967056","chr20","35304583","35304875","37","83662186"
"chr4","118980638","118980904","chr12","119818251","119818516","28","837613"
"chr4","119020145","119020436","chr16","25466315","25466600","45","93553830"
"chr4","119022272","119022404","chr1","7920848","7920979","18","111101424"
"chr4","119022695","119022856","chr11","119154022","119154185","30","131327"
"chr4","119029895","119030187","chr5","160450874","160451173","46","41420979"
"chr4","119036296","119036605","chr5","24045389","24045700","61","94990907"
"chr4","119065247","119065565","chr1","205863329","205863635","49","86798082"
"chr4","119069136","119069432","chr11","117367595","117367888","38","1701541"
"chr4","119196629","119196926","chr16","72995351","72995647","45","46201278"
"chr4","119200881","119201171","chr12","114562142","114562422","53","4638739"
"chr4","119224547","119224911","chr7","71465985","71466316","99","47758562"
"chr4","119313940","119314043","chr4","146736814","146736913","19","27422874"
"chr4","119600109","119600405","chr3","199443194","199443483","39","79843085"
"chr4","119604585","119604846","chr22","10105601","10105857","40","109498984"
"chr4","119755955","119756213","chr2B","85592847","85593107","34","34163108"
"chr4","119851272","119851379","chr1","9473281","9473386","18","110377991"
"chr4","119851681","119851861","chr2B","99086800","99086973","29","20764881"
"chr4","119872908","119873185","chr9","117733372","117733651","37","2139536"
"chr4","119929457","119929706","chr9","36345822","36346069","46","83583635"
"chr4","119958544","119958566","chr15","63415972","63415996","3","56542572"
"chr4","119958602","119958817","chrX","45261099","45261320","46","74697503"
"chr4","119964141","119964422","chr5","47101929","47102212","45","72862212"
"chr4","119964464","119964485","chr14","22583872","22583890","4","97380592"
"chr4","120003253","120003264","chr1","184340759","184340769","1","64337506"
"chr4","120003301","120003411","chr8","7469809","7469924","23","112533492"
"chr4","120095697","120095971","chr17","25806382","25806659","51","94289315"
"chr4","120098963","120099257","chr4","95929703","95930002","38","24169260"
"chr4","120267560","120267870","chr1","216899282","216899593","52","96631722"
"chr4","120269225","120269477","chr1","116149726","116149980","46","4119499"
"chr4","120441319","120441405","chr5","115974564","115974652","15","4466755"
"chr4","120465896","120466188","chr2B","83621776","83622070","49","36844120"
"chr4","120589122","120589446","chr15","57200574","57200901","65","63388548"
"chr4","120684911","120685156","chr3","183178281","183178523","40","62493370"
"chr4","120727142","120727444","chr4","83882424","83882725","50","36844718"
"chr4","120768734","120769034","chr7","147862338","147862636","47","27093604"
"chr4","121167661","121167940","chr13","81164151","81164440","47","40003510"
"chr4","121180582","121180884","chr15","1886496","1886796","42","119294086"
"chr4","121182335","121182455","chr19","57270139","57270258","25","63912196"
"chr4","121230936","121231050","chr1","209109778","209109894","11","87878842"
"chr4","121247760","121248054","chr6","16533264","16533561","43","104714496"
"chr4","121257404","121257710","chr5","55466862","55467169","51","65790542"
"chr4","121283822","121284121","chr13","9716804","9717101","40","111567018"
"chr4","121289921","121290220","chr19","35564249","35564547","34","85725672"
"chr4","121353693","121353964","chr1","28847068","28847337","57","92506625"
"chr4","121415904","121416023","chr12","36410722","36410841","15","85005182"
"chr4","121416742","121416860","chr9","45252398","45252520","17","76164344"
"chr4","121421920","121422229","chr10","5473087","5473400","54","115948833"
"chr4","121426465","121426761","chr1","32809541","32809842","38","88616924"
"chr4","121445744","121445869","chr11","18595904","18596032","18","102849840"
"chr4","121462419","121462573","chr1","28691719","28691870","24","92770700"
"chr4","121484021","121484321","chr7","87198283","87198578","37","34285738"
"chr4","121493822","121493952","chr1","71393655","71393787","17","50100167"
"chr4","121495185","121495314","chr14","12485207","12485337","16","109009978"
"chr4","121500348","121500478","chr6","3020528","3020659","15","118479820"
"chr4","121520615","121520908","chr4","155519297","155519593","47","33998682"
"chr4","121521148","121521427","chr1","63765294","63765558","69","57755854"
"chr4","121525810","121525939","chr5","161161762","161161894","17","39635952"
"chr4","121529945","121530074","chr10","134985436","134985567","15","13455491"
"chr4","121530351","121530651","chr19","35082212","35082514","46","86448139"
"chr4","121536360","121536648","chr1","159180870","159181161","39","37644510"
"chr4","121537468","121537814","chr22","19960131","19960453","77","101577337"
"chr4","121542951","121543259","chr19","13490071","13490381","47","108052880"
"chr4","121552426","121552706","chr11","117083983","117084266","40","4468443"
"chr4","121595006","121595292","chr7","79053914","79054202","38","42541092"
"chr4","121614085","121614335","chr9","116234767","116235018","42","5379318"
"chr4","121617480","121617731","chr9","116234767","116235018","54","5382713"
"chr4","121694907","121695111","chr1","9199292","9199491","42","112495615"
"chr4","121763860","121763969","chr5","62380121","62380233","12","59383739"
"chr4","121770866","121771112","chr19","13758188","13758435","35","108012678"
"chr4","121823810","121824086","chr1","216860553","216860837","49","95036743"
"chr4","121838380","121838652","chr6","124074637","124074919","43","2236257"
"chr4","122012749","122012981","chr13","17683067","17683277","53","104329682"
"chr4","122080337","122080693","chr11","77692339","77692653","101","44387998"
"chr4","122081103","122081143","chr3","180323656","180323695","10","58242553"
"chr4","122118815","122119112","chr1","20355905","20356206","49","101762910"
"chr4","122145052","122145212","chr10","19441527","19441685","30","102703525"
"chr4","122236605","122236907","chr22","19407366","19407666","34","102829239"
"chr4","122242715","122243021","chr1","116173631","116173933","50","6069084"
"chr4","122257951","122258257","chr1","11485897","11486198","46","110772054"
"chr4","122358867","122358986","chr1","85230538","85230659","24","37128329"
"chr4","122387032","122387197","chr7","139037286","139037453","28","16650254"
"chr4","122390429","122390551","chr2B","52621054","52621176","18","69769375"
"chr4","122413430","122413737","chr7","152799145","152799449","31","30385715"
"chr4","122456471","122456721","chr1","215462821","215463078","42","93006350"
"chr4","122526785","122527076","chr6","140510940","140511228","40","17984155"
"chr4","122554036","122554298","chr10","50750228","50750490","37","71803808"
"chr4","122561527","122561696","chr6","124769442","124769609","20","2207915"
"chr4","122567110","122567212","chr19","52996932","52997036","19","69570178"
"chr4","122567213","122567261","chr4","65672928","65672978","15","56894285"
"chr4","122683562","122683668","chr1","45598263","45598369","20","77085299"
"chr4","122707133","122707447","chr11","33330238","33330549","48","89376895"
"chr4","122745842","122745985","chr6","124929530","124929679","30","2183688"
"chr4","122773402","122773679","chr17","3819727","3819997","42","118953675"
"chr4","122824737","122825033","chr6","125006484","125006773","44","2181747"
"chr4","122884288","122884422","chr1","36509687","36509822","16","86374601"
"chr4","122884723","122884903","chr1","203553629","203553809","30","80668906"
"chr4","122892651","122892774","chr3","142416720","142416846","18","19524069"
"chr4","122907234","122907544","chr17","402201","402508","56","122505033"
"chr4","122932032","122932301","chr5","28519605","28519871","40","94412427"
"chr4","122945158","122945283","chrX","42325828","42325954","14","80619330"
"chr4","122947443","122947562","chr14","67335287","67335411","15","55612156"
"chr4","122966354","122966462","chrX","41296324","41296433","13","81670030"
"chr4","122986485","122986783","chr12","118346655","118346946","58","4639830"
"chr4","122999918","122999999","chr7","129899501","129899579","9","6899583"
"chr4","123005753","123005868","chr1","135316827","135316944","20","12311074"
"chr4","123009818","123010013","chr19","3311699","3311901","51","119698119"
"chr4","123315312","123315609","chr5","106405488","106405782","45","16909824"
"chr4","123464617","123464732","chr16","10901222","10901339","25","112563395"
"chr4","123464759","123464918","chrX","52096827","52096988","27","71367932"
"chr4","123550510","123550731","chr5","4084136","4084359","38","119466374"
"chr4","123553201","123553478","chr22","12767268","12767560","54","110785933"
"chr4","123652924","123653192","chr7","141264916","141265195","45","17611992"
"chr4","123684205","123684497","chr11","3623940","3624232","39","120060265"
"chr4","123745979","123746264","chr12","113292073","113292359","58","10453906"
"chr4","123863274","123863602","chr12","43927959","43928257","78","79935315"
"chr4","123895688","123895923","chr19","7433883","7434120","41","116461805"
"chr4","123951961","123952056","chr16","66656726","66656819","12","57295235"
"chr4","123992210","123992487","chr19","6797152","6797430","46","117195058"
"chr4","124015995","124016276","chr7","38405488","38405772","49","85610507"
"chr4","124034334","124034637","chr8","123192438","123192739","43","841896"
"chr4","124041219","124041496","chrX","49833019","49833295","43","74208200"
"chr4","124321367","124321672","chr7","27127256","27127564","44","97194111"
"chr4","124323083","124323273","chr2A","96313981","96314173","27","28009102"
"chr4","124325035","124325167","chr1","37708220","37708355","19","86616815"
"chr4","124326413","124326561","chr3","143091204","143091349","35","18764791"
"chr4","124381876","124382177","chr12","34849056","34849355","40","89532820"
"chr4","124435025","124435309","chrX","15626910","15627195","39","108808115"
"chr4","124441816","124442087","chrX","18875176","18875442","45","105566640"
"chr4","124554237","124554552","chr17","8309219","8309525","61","116245018"
"chr4","124726616","124726918","chr6","126894481","126894784","44","2167865"
"chr4","124773192","124773506","chr1","52720825","52721129","50","72052367"
"chr4","124774710","124775005","chr1","27210749","27211044","41","97563961"
"chr4","124825115","124825420","chr1","45601312","45601617","43","79223803"
"chr4","124839790","124840090","chr12","53326856","53327152","53","71512934"
"chr4","124913088","124913260","chr7","156784585","156784756","24","31871497"
"chr4","125028408","125028543","chr5","118006764","118006899","15","7021644"
"chr4","125048080","125048375","chr16","75232721","75233021","38","49815359"
"chr4","125115107","125115449","chr11","44870680","44871009","49","80244427"
"chr4","125163101","125163418","chr7","68449139","68449466","49","56713962"
"chr4","125255677","125255966","chr6","127385876","127386164","31","2130199"
"chr4","125258065","125258357","chr5","153871454","153871747","44","28613389"
"chr4","125327673","125327958","chr9","43346177","43346463","39","81981496"
"chr4","125362381","125362678","chr1","134187131","134187427","42","8824750"
"chr4","125405201","125405487","chr8","48387419","48387700","45","77017782"
"chr4","125443985","125444299","chr3","123890706","123891019","44","1553279"
"chr4","125451760","125452056","chr8","94394255","94394548","39","31057505"
"chr4","125458653","125458950","chr6","121386173","121386468","53","4072480"
"chr4","125487911","125488211","chr15","3322567","3322866","47","122165344"
"chr4","125527679","125527974","chr4","193590035","193590324","45","68062356"
"chr4","125594674","125594802","chr21","23540140","23540272","16","102054534"
"chr4","125631332","125631625","chr2A","104293435","104293728","43","21337897"
"chr4","125675190","125675501","chr7","106172458","106172768","48","19502732"
"chr4","125727537","125727833","chr9","114191687","114191982","37","11535850"
"chr4","125756772","125757068","chr6","100132946","100133240","47","25623826"
"chr4","125795415","125795716","chr1","40009032","40009333","42","85786383"
"chr4","125803383","125803551","chr14","34921385","34921550","28","90881998"
"chr4","125803834","125803969","chr3","51142908","51143043","19","74660926"
"chr4","125852950","125853139","chr21","28303952","28304145","36","97548998"
"chr4","125861392","125861678","chr4","992618","992906","40","124868774"
"chr4","125865242","125865405","chr13","62799643","62799813","27","63065599"
"chr4","125865695","125865829","chr7","82210564","82210699","16","43655131"
"chr4","125904492","125904808","chr10","12819467","12819771","48","113085025"
"chr4","125966852","125967150","chr1","191025487","191025787","54","65058635"
"chr4","125994881","125995174","chr1","109964973","109965267","56","16029908"
"chr4","125998845","125999126","chr1","62601421","62601701","41","63397424"
"chr4","126000002","126000102","chrX","129213767","129213861","12","3213765"
"chr4","126030948","126031133","chr1","30988609","30988792","25","95042339"
"chr4","126031425","126031560","chr3","8501615","8501750","20","117529810"
"chr4","126060053","126060201","chr11","108895689","108895845","30","17164364"
"chr4","126064991","126065274","chr6","37442583","37442873","58","88622408"
"chr4","126070901","126071199","chr9","75107044","75107344","53","50963857"
"chr4","126076938","126077226","chr20","34550671","34550962","43","91526267"
"chr4","126083426","126083726","chr3","186685049","186685351","46","60601623"
"chr4","126110262","126110423","chr5","19584116","19584279","19","106526146"
"chr4","126110445","126110567","chr7","76632609","76632733","15","49477836"
"chr4","126177179","126177473","chr3","125068067","125068363","34","1109112"
"chr4","126255585","126255877","chr2A","105754001","105754289","33","20501584"
"chr4","126336826","126337130","chr10","132254029","132254337","46","5917203"
"chr4","126473479","126473772","chr14","38922945","38923244","39","87550534"
"chr4","126539042","126539345","chr3","15659968","15660273","40","110879074"
"chr4","126553725","126553850","chr3","187547258","187547386","26","60993533"
"chr4","126565813","126565883","chr19","43342150","43342220","10","83223663"
"chr4","126675328","126675602","chr4","155477074","155477348","48","28801746"
"chr4","126788707","126789002","chr20","43229797","43230089","42","83558910"
"chr4","127004501","127004798","chr16","45028727","45029027","48","81975774"
"chr4","127129452","127129576","chr1","47033279","47033407","21","80096173"
"chr4","127158350","127158468","chr17","27477215","27477339","21","99681135"
"chr4","127160102","127160398","chr1","22894656","22894953","50","104265446"
"chr4","127198459","127198701","chr9","75424297","75424552","59","51774162"
"chr4","127260306","127260602","chr14","7217699","7217998","42","120042607"
"chr4","127262634","127262912","chr9","99306727","99307020","50","27955907"
"chr4","127361222","127361505","chr4","196164996","196165278","40","68803774"
"chr4","127389644","127389948","chr9","43597636","43597938","62","83792008"
"chr4","127485868","127486106","chr13","73433757","73434007","45","54052111"
"chr4","127505829","127506133","chr6","129746735","129747038","45","2240906"
"chr4","127509433","127509547","chr8","63631723","63631835","13","63877710"
"chr4","127509906","127510019","chr10","110777131","110777248","16","16732775"
"chr4","127513000","127513269","chrX","111354529","111354812","48","16158471"
"chr4","127530284","127530398","chrX","24288832","24288946","11","103241452"
"chr4","127537582","127537705","chrX","42325828","42325954","14","85211754"
"chr4","127556202","127556319","chr2A","79920910","79921027","10","47635292"
"chr4","127571113","127571246","chr5","161161762","161161894","15","33590649"
"chr4","127571348","127571639","chr10","39762858","39763156","40","87808490"
"chr4","127610177","127610284","chrX","101052781","101052888","9","26557396"
"chr4","127621877","127621990","chr1","10090900","10091014","15","117530977"
"chr4","127637226","127637289","chr4","89800970","89801023","29","37836256"
"chr4","127637561","127637620","chr9","66361915","66361965","21","61275646"
"chr4","127667127","127667421","chr6","45713778","45714072","36","81953349"
"chr4","127685867","127686130","chr15","41589785","41590049","42","86096082"
"chr4","127731964","127732256","chr14","83230171","83230460","40","44501793"
"chr4","127887043","127887278","chr8","6218389","6218610","42","121668654"
"chr4","127917608","127917899","chr14","87014468","87014760","39","40903140"
"chr4","128032840","128033118","chr5","4345743","4346035","51","123687097"
"chr4","128075086","128075372","chr11","61836357","61836645","40","66238729"
"chr4","128104630","128104938","chr2A","82177357","82177661","50","45927273"
"chr4","128148045","128148350","chr3","64261133","64261431","35","63886912"
"chr4","128177507","128177784","chr13","30680356","30680642","55","97497151"
"chr4","128308203","128308514","chr7","101248492","101248787","64","27059711"
"chr4","128318108","128318394","chr17","7395135","7395425","40","120922973"
"chr4","128393113","128393301","chr13","59080123","59080310","41","69312990"
"chr4","128393576","128393712","chr17","1776496","1776632","16","126617080"
"chr4","128407773","128407907","chr4","159635447","159635579","22","31227674"
"chr4","128407950","128408119","chr10","132245824","132245994","25","3837874"
"chr4","128443441","128443600","chr13","34456126","34456283","27","93987315"
"chr4","128443624","128443680","chr11","3429174","3429232","6","125014450"
"chr4","128541315","128541596","chr8","48387419","48387700","46","80153896"
"chr4","128585187","128585476","chr15","37017871","37018163","39","91567316"
"chr4","128776155","128776246","chr4","201135009","201135100","13","72358854"
"chr4","128960398","128960532","chrX","74322795","74322931","16","54637603"
"chr4","128960840","128961004","chr13","93761684","93761842","26","35199156"
"chr4","128976538","128976830","chr5","71147266","71147564","36","57829272"
"chr4","128993410","128993713","chr22","27893219","27893520","55","101100191"
"chr4","129048872","129049010","chr7","78564508","78564642","27","50484364"
"chr4","129126969","129127241","chr5","154746296","154746583","48","25619327"
"chr4","129158760","129158929","chr3","198950750","198950921","29","69791990"
"chr4","129270287","129270610","chr3","16493392","16493702","58","112776895"
"chr4","129291416","129291711","chr3","131643212","131643513","51","2351796"
"chr4","129309436","129309619","chr7","101008071","101008253","30","28301365"
"chr4","129309917","129310053","chr1","55178560","55178697","25","74131357"
"chr4","129332123","129332242","chrX","27834588","27834708","15","101497535"
"chr4","129332287","129332368","chr19","18392443","18392519","13","110939844"
"chr4","129359868","129359962","chr5","134361106","134361201","15","5001238"
"chr4","129451583","129451884","chr1","153425387","153425689","57","23973804"
"chr4","129502356","129502651","chr14","10743276","10743574","38","118759080"
"chr4","129502713","129502727","chr1","22975747","22975761","3","106526966"
"chr4","129516160","129516459","chr13","9716804","9717101","42","119799356"
"chr4","129583990","129584075","chr15","71042468","71042552","13","58541522"
"chr4","129594390","129594668","chr2B","18582242","18582529","45","111012148"
"chr4","129638689","129638984","chr3","187234270","187234565","45","57595581"
"chr4","129737123","129737440","chr22","16123945","16124256","47","113613178"
"chr4","129773473","129773745","chr1","225052538","225052823","45","95279065"
"chr4","129787973","129788274","chr6","126511577","126511878","43","3276396"
"chr4","129796989","129797117","chr5","14477646","14477774","18","115319343"
"chr4","129798288","129798604","chr12","60041039","60041342","61","69757249"
"chr4","129839007","129839236","chr15","10055709","10055936","43","119783298"
"chr4","129854462","129854793","chrX","40215717","40216034","53","89638745"
"chr4","129903303","129903584","chrX","9014187","9014468","39","120889116"
"chr4","129926070","129926400","chr1","70324923","70325245","56","59601147"
"chr4","129959905","129960176","chr10","100354316","100354578","34","29605589"
"chr4","129973173","129973476","chr14","110301","110606","39","129862872"
"chr4","129990351","129990641","chr16","61870246","61870540","35","68120105"
"chr4","129996461","129996576","chr11","104352984","104353103","14","25643477"
"chr4","129998899","129999216","chr2B","125246735","125247038","46","4752164"
"chr4","130030442","130030571","chr19","6375049","6375181","20","123655393"
"chr4","130292103","130292311","chr6","132466256","132466461","37","2174153"
"chr4","130408102","130408346","chr1","151626041","151626289","45","21217939"
"chr4","130431341","130431648","chr9","11294881","11295185","50","119136460"
"chr4","130433084","130433406","chr2A","14860375","14860693","47","115572709"
"chr4","130440163","130440415","chr17","6205690","6205930","46","124234473"
"chr4","130442828","130443102","chr4","109487717","109487993","54","20955111"
"chr4","130528358","130528655","chr1","23538342","23538639","46","106990016"
"chr4","130530786","130531082","chr12","35808090","35808385","38","94722696"
"chr4","130538882","130539161","chr3","48166508","48166786","44","82372374"
"chr4","130588059","130588293","chr6","132765994","132766229","23","2177935"
"chr4","130588761","130589046","chr6","132766707","132766988","39","2177946"
"chr4","130606853","130607028","chr8","41630093","41630260","27","88976760"
"chr4","130635033","130635327","chr1","23538342","23538639","38","107096691"
"chr4","130652783","130653093","chr6","132836866","132837173","38","2184083"
"chr4","130673542","130673848","chr1","36712038","36712344","45","93961504"
"chr4","130693879","130694189","chr11","68244036","68244343","55","62449843"
"chr4","130702147","130702432","chr5","37608527","37608811","48","93093620"
"chr4","130712709","130713007","chr15","59884089","59884390","48","70828620"
"chr4","130912604","130912864","chrX","5038856","5039117","43","125873748"
"chr4","130930220","130930510","chr1","212745117","212745410","46","81814897"
"chr4","131022880","131023063","chr16","61549638","61549820","35","69473242"
"chr4","131031292","131031317","chr15","80465288","80465311","3","50566004"
"chr4","131031344","131031627","chr3","151012558","151012841","41","19981214"
"chr4","131065205","131065503","chr9","111091660","111091957","37","19973545"
"chr4","131097283","131097588","chr6","133229340","133229643","32","2132057"
"chr4","131098679","131098981","chr8","74737043","74737346","49","56361636"
"chr4","131129895","131130147","chr6","133259192","133259452","53","2129297"
"chr4","131143793","131144104","chr1","216487322","216487632","52","85343529"
"chr4","131194296","131194603","chr6","133316262","133316570","45","2121966"
"chr4","131208522","131208709","chr19","11543396","11543580","37","119665126"
"chr4","131210174","131210470","chr2B","48431004","48431299","42","82779170"
"chr4","131211893","131212175","chr1","205612646","205612928","38","74400753"
"chr4","131320943","131321030","chr1","115533472","115533562","11","15787471"
"chr4","131345491","131345765","chr5","39829952","39830232","47","91515539"
"chr4","131346966","131347259","chr6","133461373","133461663","46","2114407"
"chr4","131351431","131351707","chr5","20399983","20400258","44","110951448"
"chr4","131400931","131401224","chr13","64871747","64872040","47","66529184"
"chr4","131408291","131408415","chr2B","93204365","93204488","20","38203926"
"chr4","131409660","131409926","chr20","42407780","42408028","56","89001880"
"chr4","131433875","131434068","chr3","144053471","144053660","36","12619596"
"chr4","131434362","131434494","chr7","6377467","6377597","22","125056895"
"chr4","131446921","131447218","chr12","112321988","112322290","45","19124933"
"chr4","131459625","131459918","chr16","10964681","10964977","42","120494944"
"chr4","131461559","131461745","chr20","2426924","2427102","27","129034635"
"chr4","131505723","131505879","chrX","84650768","84650923","26","46854955"
"chr4","131540066","131540165","chr19","13820024","13820125","10","117720042"
"chr4","131543357","131543592","chr16","59648825","59649065","41","71894532"
"chr4","131586698","131586978","chr9","92362610","92362902","53","39224088"
"chr4","131625822","131626114","chr13","77437423","77437717","41","54188399"
"chr4","131646665","131646850","chr1","38128287","38128467","29","93518378"
"chr4","131651614","131651908","chr1","36762989","36763284","39","94888625"
"chr4","131674639","131674933","chr8","35769647","35769939","39","95904992"
"chr4","131712715","131712999","chr4","110429595","110429881","46","21283120"
"chr4","131721918","131722201","chr12","52761844","52762120","36","78960074"
"chr4","131810469","131810791","chr1","192200384","192200697","51","60389915"
"chr4","131814180","131814472","chr1","13870773","13871068","49","117943407"
"chr4","131891616","131891887","chr15","13302570","13302846","46","118589046"
"chr4","131974740","131974990","chr1","205218578","205218823","42","73243838"
"chr4","132019193","132019321","chr3","60785435","60785563","13","71233758"
"chr4","132026261","132026552","chr7","83290117","83290410","44","48736144"
"chr4","132036911","132037223","chr6","37361889","37362199","38","94675022"
"chr4","132039704","132039999","chr6","134174154","134174448","38","2134450"
"chr4","132070799","132071077","chr5","10048488","10048762","36","122022311"
"chr4","132074633","132074919","chr6","15324739","15325025","55","116749894"
"chr4","132083444","132083743","chr11","95510260","95510561","43","36573184"
"chr4","132097047","132097337","chr5","156460231","156460525","39","24363184"
"chr4","132097818","132097941","chr4","777944","778068","23","131319874"
"chr4","132097966","132098126","chr7","2340874","2341033","29","129757092"
"chr4","132110049","132110218","chr5","37262275","37262442","28","94847774"
"chr4","132130917","132131189","chr12","124254648","124254922","39","7876269"
"chr4","132163561","132163853","chr11","3623940","3624232","36","128539621"
"chr4","132200322","132200614","chr7","76844534","76844831","51","55355788"
"chr4","132202400","132202691","chr12","10745479","10745770","46","121456921"
"chr4","132243109","132243405","chr1","216189589","216189889","45","83946480"
"chr4","132255479","132255607","chr2A","87484111","87484239","15","44771368"
"chr4","132272061","132272129","chrX","119141165","119141234","13","13130896"
"chr4","132272442","132272644","chr3","144053471","144053660","39","11781029"
"chr4","132306940","132307239","chrX","112947609","112947909","45","19359331"
"chr4","132340254","132340549","chr7","25237099","25237387","53","107103155"
"chr4","132414453","132414753","chr1","136190565","136190874","45","3776112"
"chr4","132439446","132439741","chr2A","82393812","82394108","47","50045634"
"chr4","132558498","132558799","chr20","35022685","35022989","40","97535813"
"chr4","132643779","132643872","chr5","134361106","134361201","14","1717327"
"chr4","132688368","132688662","chr15","30997544","30997834","43","101690824"
"chr4","132792626","132792856","chr1","114501089","114501318","48","18291537"
"chr4","132895502","132895632","chr2A","87484111","87484239","16","45411391"
"chr4","132927033","132927270","chr10","14300741","14300977","41","118626292"
"chr4","132942497","132942820","chr8","49531501","49531828","51","83410996"
"chr4","132995473","132995748","chr20","52152261","52152527","44","80843212"
"chr4","133076874","133076999","chr1","64265288","64265418","21","68811586"
"chr4","133086284","133086586","chr15","53196353","53196655","54","79889931"
"chr4","133104717","133104827","chr1","127657503","127657621","19","5447214"
"chr4","133120310","133120422","chr1","13984437","13984548","17","119135873"
"chr4","133120451","133120604","chrX","49267329","49267472","24","83853122"
"chr4","133131666","133131792","chr15","50455218","50455345","17","82676448"
"chr4","133165481","133165792","chr14","13680630","13680936","36","119484851"
"chr4","133183408","133183709","chr5","5761733","5762032","43","127421675"
"chr4","133195363","133195527","chr19","16200373","16200538","27","116994990"
"chr4","133195814","133195824","chr1","184340759","184340769","3","51144945"
"chr4","133199180","133199396","chr7","127702837","127703051","45","5496343"
"chr4","133208846","133209144","chr1","181257154","181257453","41","48048308"
"chr4","133209849","133210150","chr1","14910132","14910438","54","118299717"
"chr4","133216295","133216609","chr3","188556690","188557004","54","55340395"
"chr4","133217379","133217684","chr4","200821253","200821559","37","67603874"
"chr4","133223374","133223713","chr6","135316462","135316798","50","2093088"
"chr4","133227621","133227907","chr21","22857661","22857947","52","110369960"
"chr4","133232497","133232741","chr6","135326130","135326370","45","2093633"
"chr4","133250560","133250844","chr3","49744245","49744528","41","83506315"
"chr4","133277908","133278198","chr3","52564805","52565094","47","80713103"
"chr4","133303405","133303701","chr1","110926718","110927017","37","22376687"
"chr4","133328421","133328720","chr17","9489493","9489790","39","123838928"
"chr4","133336095","133336384","chr11","6426737","6427032","40","126909358"
"chr4","133348109","133348393","chr18","77442535","77442816","47","55905574"
"chr4","133373762","133374038","chr3","122378560","122378834","46","10995202"
"chr4","133380710","133380856","chr3","151890591","151890737","25","18509881"
"chr4","133387009","133387083","chr15","77528161","77528232","23","55858848"
"chr4","133519226","133519364","chr11","48053056","48053200","27","85466170"
"chr4","133534753","133535062","chr6","92275344","92275643","53","41259409"
"chr4","133678238","133678472","chr1","143480650","143480885","41","9802412"
"chr4","133681498","133681795","chr9","30453466","30453761","51","103228032"
"chr4","133821773","133822068","chr5","24372432","24372725","42","109449341"
"chr4","133844395","133844687","chr17","8288208","8288502","48","125556187"
"chr4","133857371","133857661","chr10","93435539","93435832","36","40421832"
"chr4","133872287","133872569","chr10","46538618","46538899","45","87333669"
"chr4","133957199","133957480","chr5","158745419","158745710","48","24788220"
"chr4","133976477","133976766","chr2A","67830661","67830952","56","66145816"
"chr4","133981329","133981488","chr2A","82562574","82562731","24","51418755"
"chr4","134135909","134136210","chr12","106886770","106887066","43","27249139"
"chr4","134183235","134183290","chr4","65672928","65672978","12","68510307"
"chr4","134275399","134275557","chr5","59930487","59930657","28","74344912"
"chr4","134285907","134286204","chr1","7771978","7772276","41","126513929"
"chr4","134333062","134333366","chr3","173713866","173714172","47","39380804"
"chr4","134333370","134333705","chr1","202488635","202488945","69","68155265"
"chr4","134375404","134375708","chr6","136416465","136416772","47","2041061"
"chr4","134391587","134391876","chr1","129799456","129799738","65","4592131"
"chr4","134410210","134410488","chr6","3285939","3286213","42","131124271"
"chr4","134429085","134429413","chr1","57731131","57731451","50","76697954"
"chr4","134451448","134451784","chr11","56433474","56433790","70","78017974"
"chr4","134461407","134461719","chr5","64481485","64481791","42","69979922"
"chr4","134467718","134468019","chr4","16428693","16429001","53","118039025"
"chr4","134482660","134482909","chrX","120654481","120654727","54","13828179"
"chr4","134501262","134501561","chr1","162410722","162411019","44","27909460"
"chr4","134560367","134560538","chrX","89660277","89660451","29","44900090"
"chr4","134571857","134572164","chr5","25876748","25877057","49","108695109"
"chr4","134572715","134573004","chr3","197670774","197671075","46","63098059"
"chr4","134586856","134587169","chr19","898758","899059","44","133688098"
"chr4","134591458","134591753","chr1","222180598","222180894","51","87589140"
"chr4","134611857","134612147","chr10","39659313","39659606","40","94952544"
"chr4","134614534","134614749","chr7","27999169","27999383","27","106615365"
"chr4","134633245","134633372","chr6","109289964","109290086","20","25343281"
"chr4","134641927","134642210","chr5","25638369","25638652","31","109003558"
"chr4","134645650","134645894","chr8","74307336","74307585","35","60338314"
"chr4","134646701","134647009","chr1","33755675","33755988","53","100891026"
"chr4","134654294","134654368","chr13","31699023","31699096","19","102955271"
"chr4","134654772","134654897","chr15","73119233","73119360","15","61535539"
"chr4","134656967","134657290","chr10","119305345","119305668","52","15351622"
"chr4","134658104","134658239","chr5","5962068","5962203","14","128696036"
"chr4","134658541","134658724","chr20","2426924","2427102","36","132231617"
"chr4","134662996","134663281","chr5","48663482","48663766","43","85999514"
"chr4","134663993","134664290","chr8","125575959","125576250","44","9088034"
"chr4","134664768","134664898","chr3","183956795","183956926","12","49292027"
"chr4","134669478","134669638","chr22","7672850","7673012","20","126996628"
"chr4","134679433","134679720","chr22","19184814","19185097","40","115494619"
"chr4","134680970","134681085","chr3","50836150","50836264","10","83844820"
"chr4","134687351","134687639","chr9","89645751","89646042","60","45041600"
"chr4","134697179","134697307","chr18","43191056","43191189","19","91506123"
"chr4","134712800","134712972","chr10","132245824","132245994","28","2466976"
"chr4","134713022","134713155","chr5","118531582","118531714","20","16181440"
"chr4","134713290","134713616","chr14","76423071","76423401","41","58290219"
"chr4","134729725","134729933","chr6","136745450","136745634","42","2015725"
"chr4","134732662","134732953","chr9","103813748","103814025","57","30918914"
"chr4","134736770","134736905","chr12","37056079","37056217","30","97680691"
"chr4","134736905","134737123","chr9","58683859","58684073","35","76053046"
"chr4","134738894","134739194","chr2B","126653649","126653947","45","8085245"
"chr4","134754621","134754744","chr2A","82421758","82421882","22","52332863"
"chr4","134755009","134755221","chr7","140219992","140220208","32","5464983"
"chr4","134758529","134758823","chr5","24372432","24372725","50","110386097"
"chr4","134769237","134769561","chr4","38562235","38562555","41","96207002"
"chr4","134792265","134792481","chr6","171748796","171749011","45","36956531"
"chr4","134800600","134800774","chr3","187564355","187564522","25","52763755"
"chr4","134801073","134801224","chr1","71236814","71236961","32","63564259"
"chr4","134810618","134810900","chr12","106927566","106927852","50","27883052"
"chr4","134826771","134826894","chr11","68081085","68081207","13","66745686"
"chr4","134830075","134830160","chr3","50958405","50958483","19","83871670"
"chr4","134840518","134840824","chr12","92652799","92653098","41","42187719"
"chr4","134843694","134843957","chr5","163543962","163544238","47","28700268"
"chr4","134847159","134847456","chr5","141748249","141748545","41","6901090"
"chr4","134859224","134859538","chr2A","82177357","82177661","42","52681867"
"chr4","134861797","134862110","chr3","155530451","155530758","65","20668654"
"chr4","134876125","134876422","chr1","52186083","52186381","45","82690042"
"chr4","134886017","134886317","chr6","136915442","136915751","45","2029425"
"chr4","134899631","134899750","chr5","20820076","20820198","16","114079555"
"chr4","134901092","134901293","chr6","91005558","91005772","39","43895534"
"chr4","134903812","134903942","chr19","32115960","32116093","19","102787852"
"chr4","134914656","134914927","chr14","10561869","10562145","48","124352787"
"chr4","134935221","134935528","chr3","47414014","47414324","48","87521207"
"chr4","135016157","135016292","chr5","51534774","51534909","17","83481383"
"chr4","135016572","135016732","chr8","93045191","93045352","25","41971381"
"chr4","135081652","135081786","chr3","8501615","8501750","17","126580037"
"chr4","135082098","135082270","chr1","203553629","203553809","28","68471531"
"chr4","135089931","135090231","chr1","156921438","156921735","45","21831507"
"chr4","135095900","135096063","chr4","2469407","2469572","26","132626493"
"chr4","135096349","135096481","chr22","33379834","33379964","22","101716515"
"chr4","135107396","135107687","chr1","27210749","27211044","35","107896647"
"chr4","135180804","135181019","chr2B","66665417","66665639","34","68515387"
"chr4","135187161","135187454","chr2B","94055259","94055556","38","41131902"
"chr4","135202755","135203046","chr7","100687378","100687672","42","34515377"
"chr4","135216568","135216651","chr15","23409222","23409306","9","111807346"
"chr4","135218982","135219274","chr22","34526874","34527167","39","100692108"
"chr4","135243737","135243992","chr6","31413314","31413574","46","103830423"
"chr4","135261872","135262181","chr2B","99945275","99945585","35","35316597"
"chr4","135271422","135271703","chr1","31296918","31297197","49","103974504"
"chr4","135309603","135309900","chr19","32746578","32746877","43","102563025"
"chr4","135321954","135322247","chr1","46890129","46890419","42","88431825"
"chr4","135324290","135324575","chr9","16314314","16314595","47","119009976"
"chr4","135349602","135349910","chr6","32828052","32828363","51","102521550"
"chr4","135353240","135353519","chr11","59078666","59078945","60","76274574"
"chr4","135358141","135358453","chr7","100329164","100329479","68","35028977"
"chr4","135362192","135362488","chr5","46777393","46777689","34","88584799"
"chr4","135368736","135368911","chr22","15469198","15469367","27","119899538"
"chr4","135390736","135391003","chr10","122034741","122035016","46","13355995"
"chr4","135397537","135397832","chr13","91667366","91667654","39","43730171"
"chr4","135420883","135421139","chr14","10263681","10263939","51","125157202"
"chr4","135424135","135424423","chr11","3623940","3624232","32","131800195"
"chr4","135459283","135459583","chrX","19694089","19694388","41","115765194"
"chr4","135477814","135478078","chr11","59103638","59103909","51","76374176"
"chr4","135522607","135522888","chr11","35998161","35998450","43","99524446"
"chr4","135529339","135529478","chr4","155463310","155463450","18","19933971"
"chr4","135549192","135549487","chr10","92719590","92719883","40","42829602"
"chr4","135551067","135551364","chr6","137557708","137558000","53","2006641"
"chr4","135555033","135555151","chr15","23680032","23680156","24","111875001"
"chr4","135555154","135555229","chr1","94036231","94036307","15","41518923"
"chr4","135567324","135567492","chr6","31420225","31420392","32","104147099"
"chr4","135567826","135567950","chr2B","87824548","87824675","17","47743278"
"chr4","135591808","135591932","chr2A","82675571","82675703","16","52916237"
"chr4","135592050","135592362","chr1","205586985","205587285","53","69994935"
"chr4","135598529","135598789","chr7","104284214","104284471","42","31314315"
"chr4","135614471","135614762","chr9","113428755","113429044","39","22185716"
"chr4","135654426","135654678","chr22","25163530","25163775","46","110490896"
"chr4","135665268","135665462","chr17","1300232","1300420","32","134365036"
"chr4","135724494","135724794","chr1","93992578","93992879","53","41731916"
"chr4","135742776","135743068","chr8","21575386","21575680","44","114167390"
"chr4","135746932","135747191","chr5","39300175","39300449","51","96446757"
"chr4","135775879","135776184","chr18","2899079","2899377","46","132876800"
"chr4","135793956","135794115","chr12","46914372","46914536","23","88879584"
"chr4","135808697","135808871","chr7","156784585","156784756","25","20975888"
"chr4","135968120","135968407","chr8","144089779","144090069","52","8121659"
"chr4","135999195","135999443","chr9","92295432","92295689","45","43703763"
"chr4","136011158","136011431","chr6","137990747","137991031","45","1979589"
"chr4","136161343","136161643","chr6","75626441","75626739","42","60534902"
"chr4","136254364","136254667","chr2B","842293","842598","44","135412071"
"chr4","136310776","136311053","chr6","138228462","138228745","47","1917686"
"chr4","136364207","136364394","chr22","852058","852245","27","135512149"
"chr4","136447853","136448152","chr1","36255390","36255687","43","100192463"
"chr4","136608162","136608482","chr5","114682742","114683054","48","21925420"
"chr4","136621740","136622035","chr5","24372432","24372725","35","112249308"
"chr4","136636910","136637198","chr21","30556359","30556648","43","106080551"
"chr4","136784413","136784723","chr10","106902972","106903275","51","29881441"
"chr4","136790086","136790258","chr1","187145319","187145492","30","50355233"
"chr4","136817446","136817719","chr7","110780107","110780390","61","26037339"
"chr4","136819957","136820088","chrX","73552945","73553081","26","63267012"
"chr4","136831867","136832059","chr5","143992276","143992472","39","7160409"
"chr4","136836513","136836699","chr6","45171582","45171768","31","91664931"
"chr4","136867442","136867758","chr6","46462166","46462476","47","90405276"
"chr4","136882299","136882592","chr2B","95830052","95830342","41","41052247"
"chr4","136884800","136884914","chr3","45629081","45629198","17","91255719"
"chr4","136890267","136890402","chr1","26627825","26627960","12","110262442"
"chr4","136890403","136890711","chr5","34215137","34215446","32","102675266"
"chr4","136993361","136993650","chrX","13027655","13027944","49","123965706"
"chr4","136997122","136997421","chr8","59733330","59733631","49","77263792"
"chr4","137006706","137007018","chr1","186067276","186067579","43","49060570"
"chr4","137009865","137010170","chr6","6870624","6870926","48","130139241"
"chr4","137025371","137025675","chr3","47431958","47432261","41","89593413"
"chr4","137042666","137042971","chr9","67930664","67930970","47","69112002"
"chr4","137069537","137069826","chr1","207941442","207941741","51","70871905"
"chr4","137079565","137079878","chrX","24797907","24798219","42","112281658"
"chr4","137085331","137085564","chr3","10417672","10417905","38","126667659"
"chr4","137140040","137140364","chr3","175955494","175955812","48","38815454"
"chr4","137156801","137157097","chr3","182319983","182320279","45","45163182"
"chr4","137180267","137180558","chr4","24742630","24742931","46","112437637"
"chr4","137188524","137188826","chr5","34632841","34633142","41","102555683"
"chr4","137210722","137211018","chr2A","104293435","104293728","35","32917287"
"chr4","137264789","137265084","chr1","28490498","28490788","46","108774291"
"chr4","137267721","137268017","chr17","81599233","81599526","37","55668488"
"chr4","137292846","137293122","chr20","45123697","45123982","50","92169149"
"chr4","137294916","137295211","chr17","81663106","81663401","38","55631810"
"chr4","137312091","137312190","chr10","135424015","135424108","32","1888076"
"chr4","137314576","137314872","chr10","112297321","112297630","47","25017255"
"chr4","137316772","137317068","chr1","212745117","212745410","46","75428345"
"chr4","137340330","137340627","chr6","43552064","43552362","38","93788266"
"chr4","137344878","137345166","chr22","11822772","11823061","38","125522106"
"chr4","137347774","137348025","chr3","33405226","33405477","40","103942548"
"chr4","137358861","137359163","chr7","70202071","70202368","43","67156790"
"chr4","137376724","137377022","chr5","46530569","46530871","50","90846155"
"chr4","137380617","137380923","chr3","52429281","52429584","39","84951336"
"chr4","137386313","137386646","chrX","101069175","101069496","56","36317138"
"chr4","137390606","137390909","chr6","139320492","139320802","41","1929886"
"chr4","137404505","137404668","chr2A","83450394","83450566","32","53954111"
"chr4","137404933","137405071","chr3","39406104","39406247","25","97998829"
"chr4","137459760","137459888","chr5","56219315","56219436","24","81240445"
"chr4","137460168","137460366","chr1","144357137","144357332","40","6896969"
"chr4","137465898","137466208","chr1","25247961","25248267","45","112217937"
"chr4","137472956","137473225","chr4","12406877","12407138","44","125066079"
"chr4","137494857","137495035","chr10","15564892","15565068","21","121929965"
"chr4","137495036","137495331","chr6","112868024","112868321","42","24627012"
"chr4","137495332","137495468","chr7","73956640","73956776","19","63538692"
"chr4","137511669","137511968","chr3","59096665","59096967","46","78415004"
"chr4","137560582","137560893","chr6","139483171","139483481","43","1922589"
"chr4","137663416","137663643","chr2B","66665417","66665639","38","70997999"
"chr4","137685098","137685222","chr15","73119233","73119360","11","64565865"
"chr4","137686224","137686397","chr7","128308250","128308421","29","9377974"
"chr4","137707257","137707389","chr1","71393655","71393787","17","66313602"
"chr4","137709039","137709351","chr3","155530451","155530758","44","17821412"
"chr4","137709362","137709551","chr19","50686674","50686864","27","87022688"
"chr4","137747093","137747352","chr1","35991656","35991922","45","101755437"
"chr4","137812064","137812359","chr4","165083918","165084214","41","27271854"
"chr4","137845709","137845980","chr2B","70334516","70334775","50","67511193"
"chr4","137902932","137903234","chr4","38480485","38480787","38","99422447"
"chr4","138047201","138047369","chr15","23369148","23369315","28","114678053"
"chr4","138047675","138047809","chrX","47697355","47697489","12","90350320"
"chr4","138069001","138069341","chr3","124824064","124824401","50","13244937"
"chr4","138126048","138126342","chr10","112220586","112220876","39","25905462"
"chr4","138128668","138128790","chr5","41434175","41434298","30","96694493"
"chr4","138129222","138129364","chr3","38726042","38726186","19","99403180"
"chr4","138160283","138160585","chr5","162546960","162547263","42","24386677"
"chr4","138223402","138223692","chr3","72171772","72172053","41","66051630"
"chr4","138305320","138305624","chr17","342791","343086","60","137962529"
"chr4","138329727","138330009","chr12","6967485","6967770","38","131362242"
"chr4","138346220","138346523","chrX","6761163","6761461","49","131585057"
"chr4","138378305","138378599","chr2A","67813928","67814230","45","70564377"
"chr4","138384554","138384842","chr6","140349724","140350017","37","1965170"
"chr4","138422086","138422206","chr7","44662596","44662717","15","93759490"
"chr4","138438752","138438881","chr1","89770976","89771108","35","48667776"
"chr4","138439196","138439332","chr14","12485207","12485337","20","125953989"
"chr4","138451079","138451361","chr6","140427361","140427640","45","1976282"
"chr4","138457919","138458216","chr1","156921438","156921735","40","18463519"
"chr4","138510417","138510720","chr7","134938326","134938628","43","3572091"
"chr4","138524616","138524915","chr19","1191371","1191674","46","137333245"
"chr4","138527899","138528193","chr8","74142778","74143073","36","64385121"
"chr4","138546247","138546543","chr9","43202834","43203132","42","95343413"
"chr4","138555520","138555815","chr1","27226364","27226657","42","111329156"
"chr4","138587080","138587389","chr21","36399482","36399788","46","102187598"
"chr4","138616783","138616911","chr6","35061279","35061408","19","103555504"
"chr4","138633329","138633501","chr16","28942735","28942905","23","109690594"
"chr4","138637515","138637793","chr9","47997131","47997418","46","90640384"
"chr4","138678341","138678631","chr2A","67830661","67830952","41","70847680"
"chr4","138701871","138702162","chr8","130901711","130902005","36","7800160"
"chr4","138705906","138706030","chr2B","122861098","122861229","23","15844808"
"chr4","138706442","138706635","chr10","127789735","127789915","39","10916707"
"chr4","138719781","138720061","chr14","73734353","73734620","50","64985428"
"chr4","138757929","138758218","chr5","125184001","125184295","40","13573928"
"chr4","138823274","138823531","chr6","140820606","140820861","38","1997332"
"chr4","138835833","138836143","chr1","76677706","76677999","46","62158127"
"chr4","138871092","138871327","chr1","26677502","26677733","42","112193590"
"chr4","138896227","138896510","chr22","10039008","10039294","43","128857219"
"chr4","138896947","138897110","chr4","158776911","158777072","22","19879964"
"chr4","138899039","138899146","chr19","19156609","19156716","9","119742430"
"chr4","138901969","138902193","chr17","51855783","51856018","52","87046186"
"chr4","138918504","138918777","chr10","91292506","91292788","45","47625998"
"chr4","138936981","138937286","chr5","163479358","163479668","44","24542377"
"chr4","138978768","138979072","chr6","75272714","75273013","41","63706054"
"chr4","138982295","138982584","chr5","20891908","20892197","37","118090387"
"chr4","138993710","138993943","chr6","140971833","140972063","29","1978123"
"chr4","139013118","139013243","chrX","45063471","45063598","17","93949647"
"chr4","139020554","139020857","chr3","125068067","125068363","43","13952487"
"chr4","139031728","139032025","chr2A","59832615","59832903","46","79199113"
"chr4","139033636","139033930","chr6","171347064","171347366","44","32313428"
"chr4","139038764","139038927","chr7","85395718","85395880","28","53643046"
"chr4","139039214","139039347","chr6","31368280","31368412","17","107670934"
"chr4","139062988","139063283","chr6","141056168","141056464","37","1993180"
"chr4","139082636","139082938","chr6","113216409","113216703","45","25866227"
"chr4","139087590","139087903","chr5","90749179","90749487","36","48338411"
"chr4","139119185","139119527","chr5","69997821","69998128","86","69121364"
"chr4","139130870","139131159","chrX","19706961","19707242","53","119423909"
"chr4","139143601","139143907","chr9","87338380","87338686","47","51805221"
"chr4","139154139","139154253","chr1","61983115","61983240","22","77171024"
"chr4","139154274","139154442","chr19","12031666","12031828","24","127122608"
"chr4","139155296","139155603","chr8","33273606","33273909","42","105881690"
"chr4","139156661","139156849","chr16","31525076","31525262","27","107631585"
"chr4","139158956","139159209","chr1","15740156","15740406","43","123418800"
"chr4","139160267","139160394","chr5","14477646","14477774","31","124682621"
"chr4","139174467","139174729","chr12","26236101","26236366","55","112938366"
"chr4","139186011","139186306","chr16","30927884","30928181","36","108258127"
"chr4","139192839","139193011","chr8","131430769","131430940","23","7762070"
"chr4","139193044","139193154","chr10","7566684","7566792","20","131626360"
"chr4","139197897","139198176","chr12","119855956","119856236","52","19341941"
"chr4","139204474","139204610","chr6","141196018","141196162","19","1991544"
"chr4","139213199","139213514","chr16","60765102","60765411","64","78448097"
"chr4","139237649","139237935","chrX","33575116","33575401","38","105662533"
"chr4","139244695","139244998","chr6","141236413","141236716","36","1991718"
"chr4","139251792","139252080","chr6","48058765","48059050","36","91193027"
"chr4","139254086","139254228","chr22","28376278","28376418","19","110877808"
"chr4","139254527","139254693","chr14","60537374","60537538","16","78717153"
"chr4","139256276","139256584","chr10","59914542","59914847","45","79341734"
"chr4","139265819","139266068","chr8","74877463","74877706","47","64388356"
"chr4","139287808","139287938","chrX","27686","27815","20","139260122"
"chr4","139310929","139311222","chr22","16171275","16171567","39","123139654"
"chr4","139312011","139312064","chr5","17482953","17483005","5","121829058"
"chr4","139312359","139312526","chr1","15782430","15782586","36","123529929"
"chr4","139345858","139346163","chr3","199749798","199750096","49","60403940"
"chr4","139364106","139364412","chr6","77776888","77777192","40","61587218"
"chr4","139365097","139365407","chr3","184073024","184073333","45","44707927"
"chr4","139365998","139366099","chr19","39481437","39481529","20","99884561"
"chr4","139376281","139376566","chr6","157699329","157699622","43","18323048"
"chr4","139397674","139397804","chr14","12485207","12485337","18","126912467"
"chr4","139399022","139399180","chr8","146012620","146012782","24","6613598"
"chr4","139399486","139399621","chr14","38101244","38101379","16","101298242"
"chr4","139417515","139417698","chr14","17513530","17513725","31","121903985"
"chr4","139434765","139434890","chr15","28889483","28889610","24","110545282"
"chr4","139435187","139435356","chr10","94603085","94603256","30","44832102"
"chr4","139436209","139436502","chr9","103372913","103373207","46","36063296"
"chr4","139440213","139440327","chr2B","100588628","100588741","13","38851585"
"chr4","139440399","139440700","chr1","35334153","35334451","44","104106246"
"chr4","139461159","139461330","chr21","30583077","30583246","20","108878082"
"chr4","139461622","139461756","chr9","94655765","94655899","12","44805857"
"chr4","139466226","139466300","chr11","36505752","36505828","10","102960474"
"chr4","139482567","139482866","chrX","128923641","128923950","46","10558926"
"chr4","139494084","139494310","chr10","92812874","92813109","42","46681210"
"chr4","139497533","139497835","chrX","47845060","47845363","53","91652473"
"chr4","139544652","139544944","chr3","133020285","133020582","52","6524367"
"chr4","139587963","139588234","chr3","53593985","53594256","54","85993978"
"chr4","139609710","139609838","chr2A","11350578","11350709","16","128259132"
"chr4","139621724","139622046","chr19","43935457","43935764","50","95686267"
"chr4","139631691","139631861","chr9","23397662","23397829","25","116234029"
"chr4","139640938","139641232","chr1","11658302","11658596","39","127982636"
"chr4","139658526","139658661","chr6","33902335","33902470","16","105756191"
"chr4","139658960","139659139","chr5","25008096","25008272","22","114650864"
"chr4","139668587","139668890","chr9","113723652","113723953","40","25944935"
"chr4","139674487","139674778","chr11","14321937","14322230","43","125352550"
"chr4","139693522","139693830","chr19","55462729","55463039","49","84230793"
"chr4","139695225","139695491","chr2B","123223770","123224037","46","16471455"
"chr4","139696536","139696821","chr8","82891492","82891779","50","56805044"
"chr4","139697408","139697580","chr7","152832086","152832262","27","13134678"
"chr4","139703978","139704241","chr7","71052703","71052967","32","68651275"
"chr4","139711343","139711658","chr3","191250687","191251003","63","51539344"
"chr4","139748571","139748854","chr7","142890610","142890893","48","3142039"
"chr4","139783956","139784249","chr10","132475198","132475495","33","7308758"
"chr4","139818648","139818958","chr13","12969562","12969871","40","126849086"
"chr4","139866092","139866392","chr5","22309256","22309551","46","117556836"
"chr4","139884410","139884700","chr1","141465271","141465566","52","1580861"
"chr4","139917827","139917926","chr1","21060252","21060351","14","118857575"
"chr4","139931032","139931339","chr8","101435714","101436021","48","38495318"
"chr4","139933246","139933540","chr1","36354006","36354302","39","103579240"
"chr4","139934463","139934760","chr1","189738974","189739283","45","49804511"
"chr4","139936649","139936849","chr3","99577078","99577280","30","40359571"
"chr4","139940814","139941108","chrX","48637931","48638226","43","91302883"
"chr4","139949821","139950114","chr12","95527677","95527972","36","44422144"
"chr4","139950676","139950956","chr5","144486917","144487195","46","4536241"
"chr4","139962017","139962171","chr6","39519401","39519557","35","100442616"
"chr4","139962212","139962335","chr7","76632609","76632733","15","63329603"
"chr4","140001746","140002052","chr1","25847855","25848157","45","114153891"
"chr4","140010812","140011110","chr6","8732543","8732836","49","131278269"
"chr4","140016949","140017239","chr2A","67830661","67830952","42","72186288"
"chr4","140024450","140024759","chr1","146667786","146668094","43","6643336"
"chr4","140075571","140075700","chr5","118531582","118531714","13","21543989"
"chr4","140089445","140089604","chr1","200355935","200356094","23","60266490"
"chr4","140089907","140090040","chr5","33174223","33174358","19","106915684"
"chr4","140092462","140092755","chr12","38975287","38975583","33","101117175"
"chr4","140100862","140101013","chr19","38761326","38761481","23","101339536"
"chr4","140102507","140102799","chr2A","105754001","105754289","45","34348506"
"chr4","140125237","140125254","chr1","146732051","146732068","4","6606814"
"chr4","140125277","140125602","chr11","65914809","65915130","79","74210468"
"chr4","140149741","140149873","chr3","121511321","121511457","19","18638420"
"chr4","140150156","140150315","chr17","40063290","40063445","28","100086866"
"chr4","140171004","140171158","chr12","112046533","112046686","22","28124471"
"chr4","140171453","140171473","chr19","52217545","52217563","6","87953908"
"chr4","140187134","140187401","chr11","119005987","119006249","37","21181147"
"chr4","140200588","140200758","chr7","139037286","139037453","29","1163302"
"chr4","140207323","140207452","chr1","39543554","39543685","17","100663769"
"chr4","140262936","140263104","chr6","142228654","142228818","20","1965718"
"chr4","140291780","140292088","chr4","21520050","21520359","39","118771730"
"chr4","140310197","140310482","chr5","144486917","144487195","50","4176720"
"chr4","140310884","140311189","chr15","78041904","78042206","49","62268980"
"chr4","140319626","140319754","chr3","60785435","60785563","17","79534191"
"chr4","140345037","140345236","chr4","38919830","38920031","70","101425207"
"chr4","140397667","140397955","chr5","43208972","43209262","53","97188695"
"chr4","140399336","140399460","chrX","179995","180125","27","140219341"
"chr4","140412571","140412829","chr3","146242110","146242374","47","5829539"
"chr4","140420273","140420464","chr9","60259419","60259608","32","80160854"
"chr4","140437303","140437602","chr1","36255390","36255687","45","104181913"
"chr4","140480018","140480315","chr8","99351021","99351319","39","41128997"
"chr4","140544378","140544626","chr15","10383113","10383361","43","130161265"
"chr4","140663684","140663967","chr6","45492286","45492572","42","95171398"
"chr4","140712934","140713223","chrX","121099721","121100015","44","19613213"
"chr4","140750742","140751019","chr12","111921298","111921576","51","28829444"
"chr4","140757021","140757326","chr7","139963807","139964112","39","793214"
"chr4","140780210","140780510","chr5","62119742","62120043","41","78660468"
"chr4","140796290","140796452","chr1","7647076","7647233","27","133149214"
"chr4","140809541","140809835","chr6","45713778","45714072","35","95095763"
"chr4","140844395","140844692","chr1","212745117","212745410","39","71900722"
"chr4","140888856","140889105","chr7","74893633","74893885","48","65995223"
"chr4","140998534","140998568","chr22","2324942","2324971","6","138673592"
"chr4","140998747","140999001","chr5","88955857","88956111","59","52042890"
"chr4","141124223","141124513","chr12","35808090","35808385","39","105316133"
"chr4","141152285","141152558","chr3","15609517","15609799","54","125542768"
"chr4","141163483","141163765","chr6","141489132","141489412","53","325649"
"chr4","141169976","141170281","chr5","34215137","34215446","61","106954839"
"chr4","141251957","141252238","chr1","19948860","19949131","61","121303097"
"chr4","141277318","141277608","chr6","71983566","71983852","34","69293752"
"chr4","141280903","141281190","chr2B","114379841","114380133","36","26901062"
"chr4","141360082","141360252","chr4","2485558","2485719","37","138874524"
"chr4","141403161","141403459","chr8","82894963","82895258","54","58508198"
"chr4","141497816","141497925","chr14","57250445","57250553","14","84247371"
"chr4","141498220","141498414","chr1","17310888","17311074","36","124187332"
"chr4","141539895","141539994","chr10","84158358","84158457","12","57381537"
"chr4","141568681","141569005","chr7","150088507","150088825","50","8519826"
"chr4","141596398","141596698","chr4","73229054","73229360","52","68367344"
"chr4","141638759","141639031","chr5","106036908","106037179","43","35601851"
"chr4","141689804","141690119","chr4","180636857","180637164","50","38947053"
"chr4","141690753","141691052","chr4","110248134","110248433","43","31442619"
"chr4","141713944","141714262","chr10","48125877","48126187","56","93588067"
"chr4","141903356","141903479","chr6","55901900","55902021","27","86001456"
"chr4","141908609","141908897","chr5","40662770","40663064","57","101245839"
"chr4","141935420","141935717","chr6","143907974","143908266","58","1972554"
"chr4","141948690","141948960","chr6","156763834","156764105","46","14815144"
"chr4","142029293","142029353","chr5","118356050","118356103","12","23673243"
"chr4","142251654","142251939","chr15","65316721","65317004","46","76934933"
"chr4","142382650","142382817","chr5","62272871","62273027","44","80109779"
"chr4","142382849","142382972","chr1","14802147","14802270","18","127580702"
"chr4","142398840","142399130","chr8","59983716","59984010","51","82415124"
"chr4","142448185","142448258","chr15","77528161","77528232","14","64920024"
"chr4","142473970","142474129","chr15","20464533","20464686","36","122009437"
"chr4","142496920","142497063","chr1","200818380","200818518","35","58321460"
"chr4","142497103","142497114","chr3","187427067","187427077","3","44929964"
"chr4","142497178","142497302","chr11","18595904","18596032","19","123901274"
"chr4","142524780","142525088","chr1","191647569","191647875","49","49122789"
"chr4","142578857","142578959","chr1","40255860","40255961","13","102322997"
"chr4","142592454","142592747","chr6","34740299","34740591","43","107852155"
"chr4","142883027","142883279","chr4","186137304","186137556","52","43254277"
"chr4","142906255","142906378","chr3","59287633","59287756","26","83618622"
"chr4","142971376","142971688","chr1","28395707","28396018","47","114575669"
"chr4","143061003","143061312","chr4","67181558","67181865","57","75879445"
"chr4","143189620","143189896","chr7","70890032","70890310","60","72299588"
"chr4","143264079","143264390","chr15","1792497","1792808","41","141471582"
"chr4","143307281","143307536","chrX","44374359","44374618","43","98932922"
"chr4","143333812","143334094","chr2B","124977630","124977912","45","18356182"
"chr4","143510889","143510992","chr3","110475246","110475354","16","33035643"
"chr4","143527298","143527597","chrX","49238016","49238318","43","94289282"
"chr4","143626991","143627109","chr6","43500320","43500437","14","100126671"
"chr4","143746526","143746817","chr11","71292425","71292717","41","72454101"
"chr4","143767617","143767900","chr4","833641","833936","52","142933976"
"chr4","143814349","143814645","chr4","37647508","37647803","33","106166841"
"chr4","143904039","143904339","chr3","38472738","38473026","56","105431301"
"chr4","143928134","143928434","chr16","56140394","56140693","44","87787740"
"chr4","143950938","143950965","chr21","35282209","35282235","4","108668729"
"chr4","143950996","143951279","chrX","45065389","45065671","49","98885607"
"chr4","143965199","143965378","chr12","119746682","119746854","23","24218517"
"chr4","143965679","143965793","chr19","6434291","6434404","12","137531388"
"chr4","144009710","144009987","chr8","48387419","48387700","42","95622291"
"chr4","144043380","144043672","chr11","72219792","72220091","48","71823588"
"chr4","144078466","144078764","chr22","851757","852057","53","143226709"
"chr4","144192255","144192504","chr10","39499447","39499692","44","104692808"
"chr4","144219156","144219262","chr14","42924352","42924464","22","101294804"
"chr4","144219305","144219331","chr11","65707925","65707948","11","78511380"
"chr4","144219354","144219492","chr2A","35734608","35734758","36","108484746"
"chr4","144232793","144233092","chrX","74402049","74402348","35","69830744"
"chr4","144252225","144252504","chr1","225052538","225052823","37","80800313"
"chr4","144292574","144292847","chr5","23503907","23504181","44","120788667"
"chr4","144358040","144358351","chr14","58135903","58136204","38","86222137"
"chr4","144367081","144367210","chr5","14477646","14477774","25","129889435"
"chr4","144387333","144387613","chr3","179781249","179781524","47","35393916"
"chr4","144406074","144406330","chr9","75424297","75424552","38","68981777"
"chr4","144472630","144472872","chr12","98294101","98294345","43","46178529"
"chr4","144499199","144499487","chr14","41801838","41802127","39","102697361"
"chr4","144534077","144534378","chr11","56648134","56648436","52","87885943"
"chr4","144534468","144534630","chr9","113508861","113509019","26","31025607"
"chr4","144556803","144556916","chr10","23718096","23718213","16","120838707"
"chr4","144577870","144578038","chr16","44533905","44534070","22","100043965"
"chr4","144578065","144578174","chr11","113906994","113907109","15","30671071"
"chr4","144724571","144724860","chr6","146740433","146740719","46","2015862"
"chr4","144779246","144779458","chr18","55065044","55065261","26","89714202"
"chr4","144782794","144782908","chr1","14802147","14802270","16","129980647"
"chr4","144800415","144800680","chr2B","108325201","108325471","54","36475214"
"chr4","144848667","144848861","chr3","27804434","27804627","27","117044233"
"chr4","144854821","144854955","chr7","131031908","131032043","18","13822913"
"chr4","144864160","144864472","chr6","146888248","146888560","38","2024088"
"chr4","144890133","144890196","chr10","115819679","115819744","10","29070454"
"chr4","144890718","144890958","chr3","189041275","189041513","46","44150557"
"chr4","144906344","144906622","chr6","146919325","146919618","44","2012981"
"chr4","144939726","144939904","chr14","56791162","56791337","31","88148564"
"chr4","144940211","144940346","chr1","209742215","209742351","16","64802004"
"chr4","144946414","144946731","chr9","53875580","53875884","45","91070834"
"chr4","144960753","144961036","chr16","26943607","26943889","41","118017146"
"chr4","144985697","144985895","chr7","33202850","33203038","39","111782847"
"chr4","144988407","144988580","chr2B","50431625","50431794","25","94556782"
"chr4","145015878","145016165","chr1","200515927","200516218","45","55500049"
"chr4","145044471","145044709","chr5","53272399","53272637","36","91772072"
"chr4","145046068","145046231","chr1","161925292","161925442","37","16879224"
"chr4","145062777","145063070","chr11","108411963","108412256","56","36650814"
"chr4","145077825","145078125","chr7","139963807","139964112","53","5114018"
"chr4","145173163","145173286","chr8","3249537","3249662","29","141923626"
"chr4","145173381","145173533","chr3","15493399","15493548","18","129679982"
"chr4","145176182","145176408","chr6","22531033","22531259","23","122645149"
"chr4","145180609","145180921","chr6","147249447","147249754","46","2068838"
"chr4","145212743","145213062","chr10","112173525","112173839","54","33039218"
"chr4","145216601","145216894","chr6","34782193","34782485","35","110434408"
"chr4","145290741","145291038","chr9","41878230","41878523","41","103412511"
"chr4","145298526","145298815","chr5","24372432","24372725","38","120926094"
"chr4","145365182","145365488","chr6","147430470","147430775","42","2065288"
"chr4","145397970","145398129","chr1","202667269","202667423","38","57269299"
"chr4","145398386","145398520","chr15","33916250","33916385","20","111482136"
"chr4","145422958","145423240","chr6","157767447","157767718","51","12344489"
"chr4","145622695","145622976","chr6","147670126","147670419","54","2047431"
"chr4","145674650","145674896","chr2A","21757601","21757833","44","123917049"
"chr4","145756631","145756924","chr7","71019419","71019714","39","74737212"
"chr4","145820397","145820688","chr6","11129730","11130026","52","134690667"
"chr4","145896931","145897233","chr15","36002655","36002951","44","109894276"
"chr4","145943475","145943767","chr20","35365682","35365976","41","110577793"
"chr4","145962261","145962522","chr9","66265030","66265288","47","79697231"
"chr4","145994042","145994155","chr2B","100588628","100588741","10","45405414"
"chr4","146102784","146103088","chr2B","131657052","131657355","40","14445732"
"chr4","146289618","146289912","chr6","31722272","31722564","40","114567346"
"chr4","146321180","146321489","chr5","152929171","152929482","41","6607991"
"chr4","146348184","146348466","chr17","63540350","63540643","46","82807834"
"chr4","146518538","146518847","chr18","28828292","28828598","46","117690246"
"chr4","146557591","146557892","chr3","120614440","120614738","51","25943151"
"chr4","146605998","146606079","chr4","40888065","40888146","15","105717933"
"chr4","146606712","146606840","chr1","28811616","28811748","23","117795096"
"chr4","146609475","146609652","chrX","100970152","100970331","33","45639323"
"chr4","146641343","146641657","chr3","56346212","56346514","45","90295131"
"chr4","146667998","146668249","chr14","5453017","5453270","52","141214981"
"chr4","146709991","146710156","chr20","17775089","17775253","22","128934902"
"chr4","146788533","146788829","chr11","16413573","16413862","48","130374960"
"chr4","146800879","146801100","chr19","16126543","16126764","27","130674336"
"chr4","146963251","146963559","chr3","151867941","151868242","50","4904690"
"chr4","147039725","147039892","chr1","17352060","17352226","26","129687665"
"chr4","147039916","147040045","chr1","214134294","214134424","13","67094378"
"chr4","147072087","147072270","chr17","81055246","81055426","26","66016841"
"chr4","147082465","147082760","chr12","100043914","100044211","35","47038551"
"chr4","147236728","147237026","chr10","110020152","110020451","46","37216576"
"chr4","147429529","147429826","chr1","220311068","220311366","60","72881539"
"chr4","147550345","147550619","chr14","48676904","48677179","31","98873441"
"chr4","147567099","147567235","chr12","30271262","30271400","31","117295837"
"chr4","147627808","147627962","chr17","16137710","16137872","29","131490098"
"chr4","147744828","147745130","chr5","16844036","16844336","50","130900792"
"chr4","147821872","147822171","chr3","42788373","42788672","43","105033499"
"chr4","147830424","147830702","chr8","48387419","48387700","50","99443005"
"chr4","147834823","147835120","chr2A","41720909","41721215","47","106113914"
"chr4","147866421","147866715","chr13","22784810","22785101","41","125081611"
"chr4","147907160","147907453","chr1","135922404","135922701","53","11984756"
"chr4","147926836","147926964","chr19","17182075","17182208","31","130744761"
"chr4","148148431","148148698","chr6","150179260","150179550","47","2030829"
"chr4","148171039","148171144","chr1","195201521","195201620","21","47030482"
"chr4","148180889","148181187","chr7","37900250","37900549","40","110280639"
"chr4","148190495","148190789","chr17","35163696","35163985","45","113026799"
"chr4","148221433","148221722","chr2B","65818655","65818943","39","82402778"
"chr4","148255614","148255896","chr11","89611524","89611808","47","58644090"
"chr4","148263022","148263307","chr10","34865988","34866278","36","113397034"
"chr4","148317397","148317701","chr10","15435477","15435779","50","132881920"
"chr4","148322333","148322438","chr1","195201521","195201620","20","46879188"
"chr4","148325735","148325878","chr8","8308705","8308845","23","140017030"
"chr4","148329860","148330180","chr15","67250175","67250490","44","81079685"
"chr4","148348117","148348423","chr5","24762715","24763015","37","123585402"
"chr4","148378711","148379010","chr7","53930036","53930337","39","94448675"
"chr4","148382843","148383169","chrX","101069175","101069496","56","47313668"
"chr4","148388531","148388829","chr6","150416056","150416358","40","2027525"
"chr4","148406460","148406748","chr1","55058577","55058867","46","93347883"
"chr4","148410261","148410574","chr6","150435861","150436170","54","2025600"
"chr4","148471091","148471387","chr7","4553907","4554195","52","143917184"
"chr4","148485141","148485423","chr10","58901116","58901397","30","89584025"
"chr4","148508244","148508409","chr16","50324087","50324256","24","98184157"
"chr4","148509285","148509572","chr7","21217030","21217325","46","127292255"
"chr4","148520311","148520457","chr5","40297300","40297449","21","108223011"
"chr4","148521018","148521311","chr10","50297952","50298253","46","98223066"
"chr4","148615049","148615180","chr5","138715563","138715697","14","9899486"
"chr4","148625882","148626178","chr17","13158367","13158663","45","135467515"
"chr4","148643241","148643525","chr3","199443194","199443483","44","50799953"
"chr4","148650755","148651048","chr6","150683970","150684273","40","2033215"
"chr4","148683753","148684050","chr19","2439945","2440248","36","146243808"
"chr4","148732592","148732870","chr10","49337159","49337442","43","99395433"
"chr4","148847621","148847899","chr9","87382451","87382724","40","61465170"
"chr4","148887440","148887584","chr12","4380047","4380191","16","144507393"
"chr4","148914543","148914677","chr22","23135777","23135914","19","125778766"
"chr4","148967313","148967621","chr6","150982967","150983264","51","2015654"
"chr4","148968361","148968603","chr10","121487558","121487795","40","27480803"
"chr4","148988230","148988521","chr5","121746526","121746821","38","27241704"
"chr4","149000138","149000428","chr1","207941442","207941741","42","58941304"
"chr4","149021069","149021228","chr1","135086632","135086788","24","13934437"
"chr4","149021536","149021640","chrX","18290338","18290439","19","130731198"
"chr4","149022617","149022917","chr8","101544594","101544890","40","47478023"
"chr4","149045172","149045473","chr6","77750064","77750357","41","71295108"
"chr4","149051124","149051416","chr11","109957239","109957536","49","39093885"
"chr4","149057744","149058022","chr5","32739792","32740066","42","116317952"
"chr4","149063069","149063366","chr20","30993601","30993897","40","118069468"
"chr4","149068160","149068452","chr4","125007074","125007367","41","24061086"
"chr4","149068914","149069046","chr14","12485207","12485337","23","136583707"
"chr4","149071215","149071509","chr1","9683728","9684022","37","139387487"
"chr4","149071701","149071853","chr15","4329007","4329163","22","144742694"
"chr4","149074818","149075119","chr7","33444745","33445043","42","115630073"
"chr4","149100019","149100153","chr1","168543967","168544101","16","19443948"
"chr4","149100445","149100621","chr2B","126684138","126684309","26","22416307"
"chr4","149105371","149105545","chr6","151113632","151113806","22","2008261"
"chr4","149110714","149110870","chrX","1391589","1391740","22","147719125"
"chr4","149111172","149111305","chr1","27469409","27469546","17","121641763"
"chr4","149124846","149124964","chr15","71679052","71679172","23","77445794"
"chr4","149125838","149126148","chr5","34215137","34215446","35","114910701"
"chr4","149133585","149133888","chr8","101544594","101544890","36","47588991"
"chr4","149134712","149134884","chr6","47629429","47629597","27","101505283"
"chr4","149135174","149135310","chr7","76931722","76931857","14","72203452"
"chr4","149137727","149137888","chr3","71893610","71893765","29","77244117"
"chr4","149145277","149145417","chr20","49897649","49897790","24","99247628"
"chr4","149148551","149148664","chr8","63631723","63631835","15","85516828"
"chr4","149163073","149163363","chr13","78180665","78180956","48","70982408"
"chr4","149170382","149170665","chr19","45596311","45596595","37","103574071"
"chr4","149184380","149184540","chr14","21056651","21056807","21","128127729"
"chr4","149196390","149196676","chr7","48539450","48539739","33","100656940"
"chr4","149197154","149197312","chr12","123648803","123648963","28","25548351"
"chr4","149201705","149201867","chrX","45068833","45069000","32","104132872"
"chr4","149202173","149202307","chr14","10863471","10863604","22","138338702"
"chr4","149205053","149205332","chr12","32480569","32480848","40","116724484"
"chr4","149228786","149229096","chr3","56346212","56346514","41","92882574"
"chr4","149245862","149246162","chr19","20156875","20157179","53","129088987"
"chr4","149246163","149246311","chrX","104964502","104964651","19","44281661"
"chr4","149248941","149249202","chr6","77982799","77983061","33","71266142"
"chr4","149268586","149268881","chrX","150844686","150844982","43","1576100"
"chr4","149269840","149270152","chr6","151240371","151240685","45","1970531"
"chr4","149288451","149288746","chr6","17679318","17679614","41","131609133"
"chr4","149384739","149385036","chr15","45049171","45049461","40","104335568"
"chr4","149446748","149446811","chr7","158416825","158416889","9","8970077"
"chr4","149447151","149447329","chr12","98776420","98776589","40","50670731"
"chr4","149536615","149536787","chr11","54816426","54816593","27","94720189"
"chr4","149561247","149561526","chr3","72171772","72172053","39","77389475"
"chr4","149589729","149590009","chr13","14913691","14913971","44","134676038"
"chr4","149595702","149595972","chr1","155314621","155314891","46","5718919"
"chr4","149606002","149606305","chr13","77083741","77084045","35","72522261"
"chr4","149620893","149620974","chr9","95365545","95365632","14","54255348"
"chr4","149643607","149643912","chr3","124141736","124142033","42","25501871"
"chr4","149664843","149665066","chr1","206005436","206005660","32","56340593"
"chr4","149697740","149697909","chr2B","50431625","50431794","26","99266115"
"chr4","149697961","149698080","chr2A","103196740","103196861","13","46501221"
"chr4","149758393","149758700","chr2B","628250","628550","44","149130143"
"chr4","149766996","149767253","chr6","151764807","151765069","38","1997811"
"chr4","149843907","149844142","chr12","19282004","19282249","48","130561903"
"chr4","149845854","149846114","chr10","90269417","90269682","32","59576437"
"chr4","149850958","149851266","chr8","74153706","74154013","49","75697252"
"chr4","149893199","149893482","chr21","34844377","34844655","46","115048822"
"chr4","149936367","149936622","chr3","175125624","175125882","46","25189257"
"chr4","150000024","150000327","chr7","79277379","79277677","40","70722645"
"chr4","150010872","150011175","chr13","9716804","9717101","50","140294068"
"chr4","150045398","150045655","chr9","87382451","87382724","53","62662947"
"chr4","150108392","150108503","chr16","12467801","12467917","17","137640591"
"chr4","150145287","150145573","chr8","117278912","117279202","35","32866375"
"chr4","150198941","150199247","chr6","152185246","152185557","40","1986305"
"chr4","150240009","150240273","chr10","100354316","100354578","28","49885693"
"chr4","150252093","150252394","chr14","110301","110606","62","150141792"
"chr4","150281536","150281694","chr2B","60649907","60650060","44","89631629"
"chr4","150283954","150284265","chrX","9086372","9086683","48","141197582"
"chr4","150284960","150285209","chr12","108937012","108937263","37","41347948"
"chr4","150286567","150286712","chr11","9762037","9762172","28","140524530"
"chr4","150286736","150286890","chrX","1391589","1391740","23","148895147"
"chr4","150297069","150297147","chr13","78141901","78141984","15","72155168"
"chr4","150297782","150297990","chr20","43458365","43458560","37","106839417"
"chr4","150315496","150315718","chr2B","36361968","36362189","30","113953528"
"chr4","150324723","150325021","chr12","29819043","29819337","45","120505680"
"chr4","150326024","150326300","chr17","31120930","31121206","47","119205094"
"chr4","150357718","150358013","chr13","67207822","67208119","48","83149896"
"chr4","150366827","150367129","chr3","42788373","42788672","50","107578454"
"chr4","150368490","150368767","chr19","47381515","47381790","43","102986975"
"chr4","150376091","150376222","chr12","122554275","122554409","14","27821816"
"chr4","150380853","150381122","chr2A","82371144","82371416","49","68009709"
"chr4","150397182","150397490","chr6","52556965","52557274","40","97840217"
"chr4","150400132","150400359","chr6","22531033","22531259","37","127869099"
"chr4","150403736","150404043","chr4","40240523","40240834","52","110163213"
"chr4","150408577","150408883","chr6","152369889","152370192","34","1961312"
"chr4","150409363","150409689","chr5","54344070","54344386","61","96065293"
"chr4","150413946","150414240","chr2B","125238217","125238513","45","25175729"
"chr4","150436984","150437100","chrX","42280636","42280751","18","108156348"
"chr4","150437389","150437584","chr3","51095758","51095953","34","99341631"
"chr4","150450285","150450422","chr11","47525403","47525552","26","102924882"
"chr4","150461459","150461758","chr18","20527470","20527770","40","129933989"
"chr4","150462871","150463169","chr10","133565552","133565849","38","16897319"
"chr4","150465713","150466001","chr14","86426874","86427171","44","64038839"
"chr4","150479324","150479612","chr12","119816270","119816560","39","30663054"
"chr4","150486231","150486529","chr6","150208577","150208872","56","277654"
"chr4","150511879","150512015","chr1","28134635","28134769","18","122377244"
"chr4","150512358","150512526","chr10","51363834","51364001","26","99148524"
"chr4","150515886","150516014","chr6","78227073","78227205","13","72288813"
"chr4","150521275","150521540","chr6","152481173","152481443","37","1959898"
"chr4","150523453","150523733","chr7","139963807","139964112","47","10559646"
"chr4","150524241","150524531","chr8","106912174","106912469","48","43612067"
"chr4","150527685","150527741","chrX","70270973","70271031","13","80256712"
"chr4","150529507","150529797","chr1","133870687","133870980","51","16658820"
"chr4","150532682","150532894","chr2A","72753351","72753558","39","77779331"
"chr4","150533353","150533643","chr10","133565552","133565849","52","16967801"
"chr4","150558670","150558961","chr11","117007216","117007511","47","33551454"
"chr4","150576754","150577033","chr9","92935258","92935546","45","57641496"
"chr4","150589160","150589361","chr3","96511086","96511290","35","54078074"
"chr4","150595767","150596061","chr1","200122266","200122565","36","49526499"
"chr4","150596607","150596899","chr8","121493255","121493555","44","29103352"
"chr4","150598603","150598733","chr11","120280731","120280862","13","30317872"
"chr4","150599381","150599688","chr5","47793539","47793838","51","102805842"
"chr4","150817865","150817952","chr1","109139016","109139099","14","41678849"
"chr4","150845554","150845833","chr22","17590884","17591166","43","133254670"
"chr4","150887453","150887706","chr16","18222977","18223238","47","132664476"
"chr4","150916339","150916624","chr19","53404891","53405181","36","97511448"
"chr4","150921057","150921204","chr1","141548532","141548674","26","9372525"
"chr4","150931449","150931800","chrX","24704884","24705222","64","126226565"
"chr4","150964468","150964770","chr6","65363194","65363494","44","85601274"
"chr4","150965492","150965723","chr2A","21757601","21757833","47","129207891"
"chr4","150971453","150971744","chr12","94301724","94302018","42","56669729"
"chr4","150983269","150983570","chr9","104384316","104384616","44","46598953"
"chr4","150985402","150985708","chr4","8338330","8338628","44","142647072"
"chr4","151027874","151028177","chr4","189258045","189258348","38","38230171"
"chr4","151033843","151034142","chr6","43552064","43552362","38","107481779"
"chr4","151047695","151047767","chr9","112284380","112284445","22","38763315"
"chr4","151090795","151090919","chr2B","129831786","129831912","12","21259009"
"chr4","151090958","151091110","chr12","99898488","99898640","30","51192470"
"chr4","151106161","151106466","chr19","6562677","6562987","59","144543484"
"chr4","151134260","151134559","chr8","107072057","107072352","42","44062203"
"chr4","151146684","151146982","chr5","106447798","106448096","30","44698886"
"chr4","151167636","151167916","chr1","138328137","138328421","38","12839499"
"chr4","151189058","151189346","chr3","150193926","150194214","44","995132"
"chr4","151212831","151213139","chr7","72979676","72979977","52","78233155"
"chr4","151240893","151241191","chr4","93954908","93955200","42","57285985"
"chr4","151243716","151243999","chr10","60785819","60786104","43","90457897"
"chr4","151268158","151268330","chr4","39168431","39168598","26","112099727"
"chr4","151339137","151339444","chr12","114860672","114860979","47","36478465"
"chr4","151339904","151340190","chr6","30294920","30295204","51","121044984"
"chr4","151376916","151377204","chr10","64119604","64119899","47","87257312"
"chr4","151420897","151421187","chr2B","69762709","69762999","40","81658188"
"chr4","151425180","151425479","chr1","93230996","93231294","40","58194184"
"chr4","151428088","151428371","chrX","46727945","46728224","45","104700143"
"chr4","151466479","151466769","chr15","44823444","44823736","37","106643035"
"chr4","151483528","151483662","chr2B","126060167","126060299","23","25423361"
"chr4","151483791","151484083","chr2A","20065758","20066048","39","131418033"
"chr4","151486216","151486280","chr5","51240395","51240465","16","100245821"
"chr4","151509451","151509665","chr2B","130964529","130964754","40","20544922"
"chr4","151515497","151515774","chr9","92362610","92362902","43","59152887"
"chr4","151522062","151522305","chr1","190060328","190060571","43","38538266"
"chr4","151530115","151530410","chr5","129808332","129808626","42","21721783"
"chr4","151556167","151556279","chr9","70425985","70426100","19","81130182"
"chr4","151557072","151557376","chr18","23316517","23316824","63","128240555"
"chr4","151571659","151571948","chr2A","22783528","22783816","37","128788131"
"chr4","151576195","151576489","chr15","52955858","52956153","47","98620337"
"chr4","151580529","151580820","chr9","71736676","71736971","40","79843853"
"chr4","151581138","151581433","chr18","19618953","19619250","42","131962185"
"chr4","151585915","151586180","chr22","28238520","28238785","46","123347395"
"chr4","151590755","151591046","chr12","104520924","104521217","40","47069831"
"chr4","151605160","151605286","chr11","10233135","10233264","15","141372025"
"chr4","151610471","151610635","chr20","54153934","54154095","26","97456537"
"chr4","151611044","151611328","chr10","100668224","100668519","40","50942820"
"chr4","151617087","151617245","chr9","75335168","75335322","26","76281919"
"chr4","151617283","151617392","chr3","130579020","130579133","21","21038263"
"chr4","151624949","151625233","chr11","68544320","68544605","49","83080629"
"chr4","151631852","151632032","chr15","57627106","57627286","33","94004746"
"chr4","151632060","151632158","chrX","130061565","130061661","16","21570495"
"chr4","151633544","151633846","chrX","123668282","123668591","33","27965262"
"chr4","151637714","151638012","chr9","89621359","89621656","39","62016355"
"chr4","151643052","151643348","chr1","31395653","31395943","39","120247399"
"chr4","151648162","151648296","chr15","19325603","19325734","11","132322559"
"chr4","151648399","151648563","chr7","139037286","139037453","25","12611113"
"chr4","151659686","151659863","chr14","60739991","60740159","29","90919695"
"chr4","151660183","151660315","chr5","118006764","118006899","15","33653419"
"chr4","151677714","151677842","chr5","9577715","9577839","16","142099999"
"chr4","151680795","151681095","chr3","59308161","59308461","39","92372634"
"chr4","151690846","151691156","chr2A","33594971","33595278","46","118095875"
"chr4","151691360","151691648","chr7","32453756","32454047","48","119237604"
"chr4","151707808","151708002","chr11","110032727","110032906","29","41675081"
"chr4","151731396","151731702","chr12","24397776","24398085","48","127333620"
"chr4","151735479","151735783","chr4","8401308","8401611","38","143334171"
"chr4","151736744","151737013","chr1","45948596","45948870","43","105788148"
"chr4","151739512","151739781","chr8","126876815","126877077","47","24862697"
"chr4","151740356","151740645","chr1","8513682","8513967","45","143226674"
"chr4","151763915","151764052","chr1","47033279","47033407","24","104730636"
"chr4","151771908","151771928","chr12","108454302","108454321","1","43317606"
"chr4","151771949","151772230","chr1","15125951","15126230","38","136645998"
"chr4","151778067","151778366","chr10","110020152","110020451","38","41757915"
"chr4","151779975","151780232","chrX","18714938","18715191","39","133065037"
"chr4","151787323","151787626","chr20","3846054","3846357","50","147941269"
"chr4","151791771","151792056","chr21","37163936","37164227","50","114627835"
"chr4","151793970","151794254","chr11","3623940","3624232","49","148170030"
"chr4","151794901","151795200","chr5","21993062","21993361","55","129801839"
"chr4","151795929","151796220","chr11","18527556","18527843","51","133268373"
"chr4","151796368","151796603","chr13","10183614","10183847","31","141612754"
"chr4","151802624","151802932","chr3","172312758","172313057","47","20510134"
"chr4","151804233","151804518","chr4","98378743","98379028","48","53425490"
"chr4","151811505","151811801","chr6","153726139","153726442","43","1914634"
"chr4","151818432","151818646","chr5","143873407","143873616","39","7945025"
"chr4","151853099","151853237","chr10","112255583","112255718","16","39597516"
"chr4","151853495","151853665","chr12","119746682","119746854","34","32106813"
"chr4","151858535","151858830","chr10","101906505","101906806","43","49952030"
"chr4","151889197","151889361","chr20","16762142","16762307","19","135127055"
"chr4","151889591","151889843","chr20","16762552","16762805","34","135127039"
"chr4","151894133","151894325","chr16","18215325","18215521","32","133678808"
"chr4","151894392","151894521","chr6","113116076","113116208","18","38778316"
"chr4","151906586","151906868","chr13","91144016","91144304","43","60762570"
"chr4","151912093","151912208","chr9","112620294","112620414","23","39291799"
"chr4","151926534","151926788","chr11","3560446","3560692","38","148366088"
"chr4","151931340","151931633","chr3","185043541","185043836","34","33112201"
"chr4","151940017","151940299","chr2A","44664094","44664374","40","107275923"
"chr4","151953179","151953419","chr10","39499447","39499692","48","112453732"
"chr4","151960492","151960788","chr7","143297802","143298098","37","8662690"
"chr4","151964467","151964766","chr8","101544594","101544890","35","50419873"
"chr4","151984702","151984997","chr5","8099014","8099308","38","143885688"
"chr4","151991226","151991385","chr6","36357202","36357360","22","115634024"
"chr4","151995109","151995264","chr5","20777912","20778068","24","131217197"
"chr4","151997566","151997782","chr1","209109553","209109770","29","57111987"
"chr4","151999144","151999421","chr9","78671633","78671914","39","73327511"
"chr4","152000408","152000690","chrX","47993917","47994201","39","104006491"
"chr4","152003266","152003552","chr1","27413664","27413959","54","124589602"
"chr4","152007563","152007818","chr2A","45279385","45279634","51","106728178"
"chr4","152028626","152028877","chr1","116149726","116149980","50","35878900"
"chr4","152030870","152031127","chr11","111528642","111528898","42","40502228"
"chr4","152031564","152031860","chr6","110192592","110192884","45","41838972"
"chr4","152038460","152038771","chr6","153972658","153972960","43","1934198"
"chr4","152047033","152047329","chr4","110248134","110248433","37","41798899"
"chr4","152061536","152061705","chr5","63483235","63483402","30","88578301"
"chr4","152065077","152065212","chr1","37708220","37708355","16","114356857"
"chr4","152081042","152081352","chr15","42500869","42501177","48","109580173"
"chr4","152087235","152087531","chr17","21648120","21648414","37","130439115"
"chr4","152090215","152090522","chr10","48125877","48126187","47","103964338"
"chr4","152094572","152094873","chr2B","18582242","18582529","51","133512330"
"chr4","152101024","152101319","chr6","43552064","43552362","42","108548960"
"chr4","152103745","152104039","chr3","53839570","53839865","37","98264175"
"chr4","152118916","152119204","chr13","77437423","77437717","38","74681493"
"chr4","152120356","152120669","chr1","9683728","9684022","53","142436628"
"chr4","152123588","152123907","chr7","81857586","81857893","56","70266002"
"chr4","152133743","152134037","chr8","9756252","9756551","32","142377491"
"chr4","152157852","152157961","chr19","57724191","57724302","13","94433661"
"chr4","152158258","152158423","chr19","52715538","52715705","27","99442720"
"chr4","152161613","152161901","chr6","113237810","113238104","42","38923803"
"chr4","152166347","152166638","chr1","46890129","46890419","41","105276218"
"chr4","152169147","152169440","chr2A","100308970","100309264","39","51860177"
"chr4","152194050","152194167","chr3","50836150","50836264","16","101357900"
"chr4","152195120","152195246","chr5","159476362","159476486","19","7281242"
"chr4","152200395","152200706","chr1","94390600","94390903","60","57809795"
"chr4","152201975","152202144","chr3","52576786","52576952","27","99625189"
"chr4","152202181","152202199","chr5","10969996","10970012","5","141232185"
"chr4","152202484","152202619","chr12","52332062","52332197","17","99870422"
"chr4","152213736","152214045","chr1","156921438","156921735","39","4707702"
"chr4","152215679","152215959","chr9","71435104","71435381","37","80780575"
"chr4","152237677","152237801","chr2B","16875984","16876116","21","135361693"
"chr4","152250602","152250883","chr22","21645719","21646015","52","130604883"
"chr4","152258786","152259069","chr19","6847678","6847963","44","145411108"
"chr4","152263143","152263306","chr7","85395718","85395880","17","66867425"
"chr4","152263632","152263770","chr7","72985934","72986072","10","79277698"
"chr4","152272478","152272781","chrX","22158908","22159212","45","130113570"
"chr4","152276422","152276550","chr1","47033279","47033407","23","105243143"
"chr4","152276689","152276871","chr6","2914884","2915073","31","149361805"
"chr4","152281625","152281798","chr1","26239256","26239425","36","126042369"
"chr4","152281839","152281961","chr11","68081085","68081207","14","84200754"
"chr4","152297315","152297435","chr10","60326661","60326780","17","91970654"
"chr4","152321176","152321481","chr9","82674600","82674904","35","69646576"
"chr4","152331499","152331744","chr11","3775088","3775337","40","148556411"
"chr4","152334124","152334429","chr3","11082484","11082789","42","141251640"
"chr4","152336137","152336444","chr1","146667786","146668094","31","5668351"
"chr4","152348058","152348333","chrX","9679871","9680143","40","142668187"
"chr4","152366304","152366426","chr1","62777267","62777388","17","89589037"
"chr4","152379594","152379873","chr2A","98426161","98426445","46","53953433"
"chr4","152384676","152384775","chr5","16821694","16821794","20","135562982"
"chr4","152385058","152385221","chrX","41845481","41845645","26","110539577"
"chr4","152387740","152388002","chr6","154303910","154304184","40","1916170"
"chr4","152402912","152403196","chr9","110099856","110100139","48","42303056"
"chr4","152413656","152413940","chr8","18830083","18830370","45","133583573"
"chr4","152421698","152421995","chr9","53593076","53593374","39","98828622"
"chr4","152433358","152433651","chr1","212229255","212229551","41","59795897"
"chr4","152469541","152469658","chr1","224747517","224747635","15","72277976"
"chr4","152474749","152475032","chr8","46097979","46098265","39","106376770"
"chr4","152509532","152509739","chr1","134486097","134486305","44","18023435"
"chr4","152516019","152516152","chr5","62737867","62737999","12","89778152"
"chr4","152538027","152538245","chr13","34016017","34016245","48","118522010"
"chr4","152618736","152619019","chr11","3623940","3624232","46","148994796"
"chr4","152637666","152637973","chr1","30920505","30920809","37","121717161"
"chr4","152640940","152641240","chr3","172886097","172886397","36","20245157"
"chr4","152650235","152650536","chr11","127224752","127225045","40","25425483"
"chr4","152674609","152674911","chr6","110583196","110583478","64","42091413"
"chr4","152674959","152674980","chr9","70149854","70149875","3","82525105"
"chr4","152706571","152706864","chr6","154526981","154527276","40","1820410"
"chr4","152715417","152715683","chrX","18875176","18875442","35","133840241"
"chr4","152747633","152747938","chr2A","33100511","33100814","48","119647122"
"chr4","152802760","152803068","chr5","1316128","1316430","45","151486632"
"chr4","152806341","152806637","chr16","65949194","65949491","44","86857147"
"chr4","152860901","152861199","chr12","53594474","53594769","52","99266427"
"chr4","152901788","152902074","chrX","17297985","17298267","41","135603803"
"chr4","152903341","152903580","chr1","161736322","161736560","36","8832981"
"chr4","152903728","152903783","chr8","124546125","124546181","10","28357603"
"chr4","152930672","152930805","chr3","58633574","58633709","19","94297098"
"chr4","152930847","152930898","chr1","134177241","134177291","12","18753606"
"chr4","153055357","153055667","chr4","201491313","201491623","48","48435956"
"chr4","153066582","153066713","chr1","43575114","43575246","16","109491468"
"chr4","153067717","153068005","chr14","859167","859454","39","152208550"
"chr4","153074390","153074687","chr15","69469784","69470086","30","83604606"
"chr4","153091358","153091642","chr3","123225574","123225865","48","29865784"
"chr4","153092358","153092523","chr10","134343304","134343472","26","18749054"
"chr4","153092583","153092718","chr1","7920848","7920979","21","145171735"
"chr4","153111245","153111544","chr4","24255507","24255804","43","128855738"
"chr4","153127586","153127881","chr8","137700721","137700982","79","15426865"
"chr4","153135725","153136021","chr1","216411309","216411600","43","63275584"
"chr4","153169650","153169850","chr9","92318152","92318354","36","60851498"
"chr4","153177358","153177649","chr9","71736676","71736971","30","81440682"
"chr4","153182610","153182907","chr20","4068559","4068852","42","149114051"
"chr4","153193706","153194032","chr5","54344070","54344386","56","98849636"
"chr4","153195144","153195439","chr12","106279512","106279804","41","46915632"
"chr4","153208669","153208971","chr22","19407366","19407666","46","133801303"
"chr4","153209523","153209750","chr9","43172989","43173217","34","110036534"
"chr4","153210428","153210717","chr15","54827164","54827457","45","98383264"
"chr4","153230656","153230746","chr1","115533472","115533562","14","37697184"
"chr4","153231775","153231902","chr6","155070718","155070845","13","1838943"
"chr4","153245192","153245491","chr10","110020152","110020451","31","43225040"
"chr4","153277817","153278008","chr6","37274755","37274940","32","116003062"
"chr4","153321958","153322235","chr15","11988062","11988351","49","141333896"
"chr4","153344397","153344711","chr6","157862323","157862628","57","4517926"
"chr4","153348571","153348706","chr3","8501615","8501750","20","144846956"
"chr4","153348941","153349121","chr9","76286477","76286657","33","77062464"
"chr4","153370089","153370390","chr2A","92781920","92782228","46","60588169"
"chr4","153387343","153387640","chr5","34342138","34342431","48","119045205"
"chr4","153403085","153403420","chr7","65142003","65142319","56","88261082"
"chr4","153525133","153525395","chr6","155352469","155352725","46","1827336"
"chr4","153558123","153558433","chr3","191453629","191453939","44","37895506"
"chr4","153618943","153619243","chr6","135269750","135270051","40","18349193"
"chr4","153648054","153648173","chr4","23348356","23348473","21","130299698"
"chr4","153776265","153776397","chr8","85967035","85967166","16","67809230"
"chr4","153779391","153779504","chr7","50743927","50744040","22","103035464"
"chr4","153801064","153801369","chr1","9681647","9681956","40","144119417"
"chr4","153838335","153838445","chr2B","116542300","116542423","21","37296035"
"chr4","153884045","153884243","chr6","155714561","155714754","28","1830516"
"chr4","153887414","153887718","chr1","65026022","65026324","41","88861392"
"chr4","153894061","153894303","chr12","53040512","53040749","80","100853549"
"chr4","153928204","153928509","chr3","183837195","183837499","52","29908991"
"chr4","153973323","153973449","chr6","11957977","11958108","11","142015346"
"chr4","153973474","153973638","chr1","65867606","65867772","25","88105868"
"chr4","154004456","154004746","chr3","54466312","54466598","50","99538144"
"chr4","154013495","154013770","chr9","117733372","117733651","33","36280123"
"chr4","154039375","154039482","chr1","195201521","195201620","24","41162146"
"chr4","154105743","154106061","chr5","46530569","46530871","57","107575174"
"chr4","154144665","154144832","chr10","132245824","132245994","32","21898841"
"chr4","154144858","154144978","chr9","45252398","45252520","13","108892460"
"chr4","154171292","154171574","chr10","113922446","113922726","46","40248846"
"chr4","154271224","154271532","chr5","16844036","16844336","52","137427188"
"chr4","154296008","154296247","chr5","161104712","161104952","60","6808704"
"chr4","154373730","154374018","chr1","213862463","213862754","52","59488733"
"chr4","154417008","154417283","chr13","31585458","31585730","47","122831550"
"chr4","154492537","154492694","chr10","106463597","106463750","32","48028940"
"chr4","154492720","154492847","chrX","119610585","119610712","15","34882135"
"chr4","154508843","154509132","chr5","6527866","6528159","36","147980977"
"chr4","154548841","154549123","chr9","51925715","51925994","42","102623126"
"chr4","154577870","154578176","chr11","120932649","120932956","39","33645221"
"chr4","154616829","154617131","chr1","134751243","134751545","41","19865586"
"chr4","154632117","154632205","chr3","132156748","132156843","19","22475369"
"chr4","154708344","154708524","chr6","162059590","162059777","32","7351246"
"chr4","154742616","154742908","chr6","42273875","42274166","38","112468741"
"chr4","154839795","154840080","chr22","8281955","8282243","39","146557840"
"chr4","154851674","154851919","chr8","67394004","67394238","49","87457670"
"chr4","154908545","154908835","chr1","181892602","181892896","50","26984057"
"chr4","154914986","154915264","chr1","10080756","10081034","43","144834230"
"chr4","154935360","154935512","chr1","63588596","63588741","34","91346764"
"chr4","154935544","154935663","chr3","62852860","62852977","19","92082684"
"chr4","154946675","154946778","chrX","53499895","53500000","13","101446780"
"chr4","154946835","154947070","chr4","162201975","162202207","45","7255140"
"chr4","155005843","155006152","chr1","77102339","77102646","47","77903504"
"chr4","155014413","155014729","chr8","41469059","41469367","52","113545354"
"chr4","155035704","155035992","chr7","100795142","100795430","38","54240562"
"chr4","155051931","155052240","chr20","44157482","44157783","49","110894449"
"chr4","155080085","155080387","chr1","24068121","24068422","48","131011964"
"chr4","155081590","155081880","chr14","58850320","58850615","54","96231270"
"chr4","155166417","155166537","chr1","118774098","118774217","17","36392319"
"chr4","155166566","155166725","chr3","50494945","50495104","21","104671621"
"chr4","155166934","155167234","chr3","53839570","53839865","47","101327364"
"chr4","155196647","155196939","chr18","34220221","34220521","43","120976426"
"chr4","155215731","155215910","chr10","36486658","36486835","30","118729073"
"chr4","155215963","155216223","chr6","77982799","77983061","44","77233164"
"chr4","155221000","155221276","chr6","157137098","157137386","55","1916098"
"chr4","155229216","155229525","chr6","38798271","38798585","41","116430945"
"chr4","155232048","155232379","chr12","98874531","98874861","48","56357517"
"chr4","155235995","155236136","chr1","11689524","11689663","22","143546471"
"chr4","155247028","155247319","chr10","115956895","115957189","38","39290133"
"chr4","155248769","155248898","chr1","130928471","130928590","17","24320298"
"chr4","155288471","155288691","chr4","40899562","40899781","31","114388909"
"chr4","155300805","155301109","chr1","131146054","131146357","48","24154751"
"chr4","155306088","155306283","chr11","113821704","113821891","32","41484384"
"chr4","155308142","155308430","chr7","65943588","65943875","47","89364554"
"chr4","155310694","155310917","chr5","67422262","67422493","57","87888432"
"chr4","155327317","155327493","chr1","205945113","205945290","25","50617796"
"chr4","155338801","155339092","chrX","33575116","33575401","34","121763685"
"chr4","155343550","155343720","chr1","126226950","126227121","26","29116600"
"chr4","155365401","155365693","chr17","41932161","41932454","32","113433240"
"chr4","155376348","155376638","chr4","196248499","196248785","45","40872151"
"chr4","155383871","155384046","chr6","36975758","36975926","38","118408113"
"chr4","155388486","155388794","chrX","71417799","71418110","44","83970687"
"chr4","155456648","155456945","chr11","74178204","74178504","37","81278444"
"chr4","155465240","155465560","chr16","56833729","56834033","47","98631511"
"chr4","155469442","155469661","chr6","162133200","162133417","32","6663758"
"chr4","155477788","155478099","chr14","56661827","56662134","36","98815961"
"chr4","155482959","155483254","chr1","52045396","52045697","41","103437563"
"chr4","155491342","155491639","chr5","42026435","42026733","35","113464907"
"chr4","155516169","155516300","chr5","35633795","35633931","15","119882374"
"chr4","155516304","155516567","chr1","18338866","18339134","46","137177438"
"chr4","155519116","155519424","chr1","216899282","216899593","44","61380166"
"chr4","155522273","155522532","chr3","54371058","54371307","46","101151215"
"chr4","155528137","155528448","chr6","37361889","37362199","27","118166248"
"chr4","155528765","155529080","chr2B","99945275","99945585","41","55583490"
"chr4","155545014","155545348","chr3","162571166","162571477","62","7026152"
"chr4","155569115","155569299","chr1","39422747","39422932","35","116146368"
"chr4","155571893","155572173","chr6","45713778","45714072","46","109858115"
"chr4","155606803","155607096","chr5","122919604","122919896","42","32687199"
"chr4","155612921","155613218","chr11","75682726","75683019","42","79930195"
"chr4","155624356","155624652","chr17","7723433","7723726","41","147900923"
"chr4","155625634","155625933","chr6","150208577","150208872","44","5417057"
"chr4","155632152","155632451","chr10","27782339","27782640","44","127849813"
"chr4","155642973","155643230","chr2B","85592847","85593107","61","70050126"
"chr4","155648625","155648935","chr5","34215137","34215446","35","121433488"
"chr4","155652001","155652311","chr6","157513164","157513466","48","1861163"
"chr4","155656465","155656761","chr12","36573900","36574199","37","119082565"
"chr4","155659335","155659606","chr9","114111291","114111562","53","41548044"
"chr4","155659736","155659861","chr3","115180873","115181000","13","40478863"
"chr4","155660157","155660358","chr3","187196752","187196940","45","31536595"
"chr4","155670418","155670534","chr1","63588767","63588886","18","92081651"
"chr4","155674454","155674750","chr7","29983356","29983651","36","125691098"
"chr4","155686744","155686997","chr5","91063744","91064007","49","64623000"
"chr4","155805342","155805491","chr12","30041962","30042108","24","125763380"
"chr4","155808475","155808757","chrX","18715545","18715826","40","137092930"
"chr4","155809283","155809555","chr1","19948860","19949131","47","135860423"
"chr4","155821256","155821559","chr20","54481954","54482259","34","101339302"
"chr4","155836595","155836736","chr11","101871729","101871871","18","53964866"
"chr4","155836737","155837033","chr1","181257154","181257453","37","25420417"
"chr4","155837034","155837196","chr18","18577424","18577586","25","137259610"
"chr4","155837883","155838185","chr6","157691781","157692083","35","1853898"
"chr4","155839219","155839521","chr4","193590035","193590324","47","37750816"
"chr4","155841687","155841959","chr11","59103638","59103909","46","96738049"
"chr4","155844904","155845187","chr19","32200698","32200987","43","123644206"
"chr4","155845590","155845884","chr12","109025605","109025897","41","46819985"
"chr4","155848556","155848846","chr14","89374672","89374961","47","66473884"
"chr4","155880416","155880695","chrX","127675977","127676263","56","28204439"
"chr4","155901182","155901481","chr22","21894658","21894942","54","134006524"
"chr4","155902131","155902430","chr4","39011306","39011605","33","116890825"
"chr4","155906878","155907144","chr9","43996760","43997023","45","111910118"
"chr4","155908959","155909047","chrX","50078671","50078760","14","105830288"
"chr4","155909547","155909845","chr15","27081977","27082274","37","128827570"
"chr4","155912346","155912580","chr2B","66642441","66642667","39","89269905"
"chr4","155918367","155918665","chr20","15223604","15223901","50","140694763"
"chr4","155923109","155923122","chr7","56845062","56845075","2","99078047"
"chr4","155923144","155923344","chr6","157791351","157791550","25","1868207"
"chr4","155925759","155925993","chr22","25163530","25163775","43","130762229"
"chr4","155937278","155937563","chr6","94586414","94586707","47","61350864"
"chr4","155950778","155951077","chr13","9716804","9717101","36","146233974"
"chr4","155957659","155957978","chr17","4745128","4745443","41","151212531"
"chr4","155964489","155964772","chr11","9392301","9392584","39","146572188"
"chr4","155970088","155970387","chr1","132624820","132625118","40","23345268"
"chr4","155970567","155970855","chr6","32844125","32844413","34","123126442"
"chr4","155978902","155979202","chr1","117548868","117549167","39","38430034"
"chr4","155980228","155980513","chr12","1122701","1122989","46","154857527"
"chr4","155985755","155986068","chr4","89495006","89495313","43","66490749"
"chr4","155986926","155987224","chr7","140568107","140568405","41","15418819"
"chr4","155989135","155989414","chr7","24702825","24703108","58","131286310"
"chr4","156007763","156008063","chr7","1669242","1669542","44","154338521"
"chr4","156011021","156011314","chr2B","111648654","111648951","50","44362367"
"chr4","156022426","156022723","chr10","100887804","100888098","49","55134622"
"chr4","156050480","156050772","chr5","24372432","24372725","39","131678048"
"chr4","156052977","156053276","chr5","59191422","59191722","43","96861555"
"chr4","156059355","156059664","chr22","21114386","21114692","46","134944969"
"chr4","156063359","156063646","chr6","157909576","157909854","45","1846217"
"chr4","156066031","156066317","chr19","35649900","35650191","50","120416131"
"chr4","156066658","156066944","chrX","41010747","41011042","45","115055911"
"chr4","156072751","156073032","chr5","133612861","133613142","55","22459890"
"chr4","156081764","156082060","chr14","60651660","60651957","39","95430104"
"chr4","156086326","156086627","chrX","139867551","139867854","47","16218775"
"chr4","156088722","156089014","chr22","34526874","34527167","42","121561848"
"chr4","156097684","156097865","chr19","53940370","53940544","26","102157314"
"chr4","156097889","156098177","chr3","188221445","188221736","49","32123556"
"chr4","156116740","156116921","chr13","31974299","31974478","34","124142441"
"chr4","156116964","156117050","chr12","29563961","29564050","18","126553003"
"chr4","156119115","156119414","chr11","113082653","113082951","41","43036462"
"chr4","156121153","156121431","chr22","17172027","17172307","42","138949126"
"chr4","156123344","156123589","chr17","8440436","8440682","40","147682908"
"chr4","156128031","156128340","chr1","65854541","65854833","59","90273490"
"chr4","156129840","156130133","chrX","119232132","119232423","38","36897708"
"chr4","156137347","156137638","chr14","723737","724031","40","155413610"
"chr4","156180905","156181196","chr7","40722123","40722408","48","115458782"
"chr4","156187953","156188252","chr1","24268512","24268815","39","131919441"
"chr4","156197308","156197611","chr6","158038919","158039219","38","1841611"
"chr4","156223106","156223411","chr17","8420094","8420398","49","147803012"
"chr4","156236223","156236364","chr1","128500240","128500378","30","27735983"
"chr4","156256463","156256773","chr3","82211369","82211676","43","74045094"
"chr4","156292912","156293172","chr6","158129604","158129874","40","1836692"
"chr4","156412793","156413095","chr6","158240175","158240471","45","1827382"
"chr4","156422303","156422605","chr3","121295547","121295846","47","35126756"
"chr4","156703417","156703547","chr8","85967035","85967166","15","70736382"
"chr4","156707161","156707456","chr5","51523206","51523498","55","105183955"
"chr4","156793331","156793624","chr3","58218665","58218964","39","98574666"
"chr4","156877501","156877800","chr3","155313398","155313700","62","1564103"
"chr4","156940597","156940873","chr17","17491819","17492099","59","139448778"
"chr4","156948837","156949124","chrX","1939765","1940045","50","155009072"
"chr4","156954900","156955196","chr11","3623940","3624232","42","153330960"
"chr4","156978755","156979057","chr9","109734146","109734451","43","47244609"
"chr4","157025594","157025666","chr16","63024374","63024447","14","94001220"
"chr4","157058660","157058774","chr19","35163259","35163373","18","121895401"
"chr4","157101198","157101491","chr6","42820994","42821288","45","114280204"
"chr4","157146473","157146771","chr1","135275847","135276149","55","21870626"
"chr4","157154113","157154204","chr3","180508856","180508948","11","23354743"
"chr4","157155331","157155478","chr5","36166737","36166884","26","120988594"
"chr4","157155524","157155688","chr19","44052931","44053089","26","113102593"
"chr4","157192465","157192640","chr10","118411574","118411754","29","38780891"
"chr4","157208512","157208785","chr3","54121779","54122063","45","103086733"
"chr4","157228474","157228756","chr12","112320021","112320306","44","44908453"
"chr4","157242346","157242645","chr19","1191371","1191674","56","156050975"
"chr4","157300416","157300723","chr15","69817612","69817918","37","87482804"
"chr4","157346328","157346619","chr19","35082212","35082514","44","122264116"
"chr4","157374203","157374482","chr11","76868940","76869223","38","80505263"
"chr4","157378631","157378912","chr5","29099056","29099344","46","128279575"
"chr4","157496612","157496880","chrX","54473833","54474099","42","103022779"
"chr4","157546263","157546285","chr8","27520468","27520489","3","130025795"
"chr4","157546403","157546552","chr1","221984198","221984349","30","64437795"
"chr4","157547548","157547840","chr8","94572903","94573193","36","62974645"
"chr4","157577170","157577345","chr12","37194825","37194998","28","120382345"
"chr4","157577373","157577499","chr2B","129831786","129831912","12","27745587"
"chr4","157579726","157579849","chr1","46966654","46966781","16","110613072"
"chr4","157582826","157583116","chr1","11658302","11658596","35","145924524"
"chr4","157588269","157588449","chr16","60106632","60106826","36","97481637"
"chr4","157593329","157593612","chr15","77937837","77938126","40","79655492"
"chr4","157650522","157650802","chr17","9318088","9318368","44","148332434"
"chr4","157655530","157655821","chr17","5165621","5165919","45","152489909"
"chr4","157667299","157667589","chr8","82894963","82895258","43","74772336"
"chr4","157675551","157675804","chr11","107975045","107975301","33","49700506"
"chr4","157675902","157676218","chr10","50474252","50474554","43","107201650"
"chr4","157688157","157688447","chr22","19184814","19185097","38","138503343"
"chr4","157695297","157695591","chr1","36326602","36326903","39","121368695"
"chr4","157714166","157714471","chr8","124200571","124200876","43","33513595"
"chr4","157734620","157734939","chr9","88791621","88791930","48","68942999"
"chr4","157743553","157743855","chr1","7797700","7797999","41","149945853"
"chr4","157750980","157751299","chr11","66715168","66715477","45","91035812"
"chr4","157756329","157756624","chr3","53839570","53839865","43","103916759"
"chr4","157762646","157762973","chr3","158411510","158411818","56","648864"
"chr4","157765920","157766227","chr16","58778560","58778869","43","98987360"
"chr4","157766828","157767127","chr7","148378538","148378842","41","9388290"
"chr4","157770447","157770756","chr15","9029914","9030222","40","148740533"
"chr4","157785597","157785891","chr5","2973594","2973889","38","154812003"
"chr4","157788371","157788665","chr7","73138872","73139166","43","84649499"
"chr4","157789198","157789485","chr4","101447458","101447743","43","56341740"
"chr4","157797088","157797381","chr11","62037738","62038032","33","95759350"
"chr4","157882597","157882645","chr6","46634436","46634480","13","111248161"
"chr4","157920404","157920688","chr19","45596311","45596595","33","112324093"
"chr4","157931024","157931304","chr5","156381244","156381548","61","1549780"
"chr4","157937506","157937786","chr19","6797152","6797430","43","151140354"
"chr4","157945615","157945920","chr2A","15843046","15843342","41","142102569"
"chr4","157959630","157959750","chr5","135481632","135481760","19","22477998"
"chr4","158011095","158011277","chr12","37388525","37388697","41","120622570"
"chr4","158011587","158011614","chr1","9732300","9732328","4","148279287"
"chr4","158047659","158047772","chr11","32452424","32452539","20","125595235"
"chr4","158048084","158048132","chr1","14932625","14932670","13","143115459"
"chr4","158055718","158056030","chr20","44992820","44993127","50","113062898"
"chr4","158076669","158076796","chr11","16935585","16935713","10","141141084"
"chr4","158076995","158077146","chr9","110164531","110164681","26","47912464"
"chr4","158077175","158077353","chr3","15722426","15722601","21","142354749"
"chr4","158092444","158092611","chr11","63520003","63520170","22","94572441"
"chr4","158092915","158093047","chr16","379923","380058","16","157712992"
"chr4","158095930","158096239","chr1","24268512","24268815","37","133827418"
"chr4","158097083","158097365","chr11","116748773","116749054","46","41348310"
"chr4","158139516","158139806","chr21","33605699","33605991","43","124533817"
"chr4","158190158","158190447","chr7","73094896","73095187","57","85095262"
"chr4","158215921","158216239","chr1","70324923","70325245","49","87890998"
"chr4","158226971","158227257","chr1","65854541","65854833","46","92372430"
"chr4","158298660","158298954","chr1","134187131","134187427","38","24111529"
"chr4","158300379","158300632","chr12","123643098","123643364","57","34657281"
"chr4","158303122","158303380","chr7","73037845","73038110","53","85265277"
"chr4","158306585","158306863","chr7","141264916","141265195","39","17041669"
"chr4","158321587","158321879","chr6","107402817","107403113","44","50918770"
"chr4","158339562","158339853","chr6","160119740","160120035","39","1780178"
"chr4","158345132","158345423","chr22","16171275","16171567","36","142173857"
"chr4","158368992","158369303","chr10","6497308","6497621","41","151871684"
"chr4","158382080","158382212","chr2A","33503676","33503807","18","124878404"
"chr4","158395016","158395306","chr15","76754110","76754398","40","81640906"
"chr4","158432407","158432687","chrX","101436140","101436426","49","56996267"
"chr4","158473807","158474108","chr8","101037433","101037730","39","57436374"
"chr4","158477307","158477607","chr6","160259410","160259714","40","1782103"
"chr4","158479359","158479670","chr6","18708588","18708894","47","139770771"
"chr4","158479798","158480017","chr9","58683859","58684073","29","99795939"
"chr4","158500001","158500095","chrX","24261749","24261845","21","134238252"
"chr4","158503494","158503577","chrX","130207332","130207418","13","28296162"
"chr4","158507759","158507875","chr16","43849045","43849159","21","114658714"
"chr4","158508165","158508298","chr6","159908310","159908440","23","1400145"
"chr4","158569615","158569888","chr1","78914405","78914677","41","79655210"
"chr4","158598841","158599130","chr9","106799866","106800156","38","51798975"
"chr4","158622530","158622868","chr16","19368485","19368815","109","139254045"
"chr4","158638372","158638677","chr5","12696363","12696666","39","145942009"
"chr4","158645500","158645772","chr10","136549208","136549483","49","22096292"
"chr4","158657159","158657455","chr1","212745117","212745410","45","54087958"
"chr4","158665843","158666116","chr15","53957330","53957613","39","104708513"
"chr4","158689960","158690257","chr17","85345596","85345888","45","73344364"
"chr4","158692204","158692488","chr1","76677706","76677999","53","82014498"
"chr4","158697587","158697890","chr2B","134932519","134932824","38","23765068"
"chr4","158709366","158709679","chr1","8563874","8564180","58","150145492"
"chr4","158734533","158734805","chr16","40210189","40210454","52","118524344"
"chr4","158745085","158745380","chr1","134187131","134187427","44","24557954"
"chr4","158751035","158751362","chr10","88751507","88751815","57","69999528"
"chr4","158754651","158754951","chr6","43641362","43641663","40","115113289"
"chr4","158762906","158762995","chr3","180508856","180508948","12","21745950"
"chr4","158763702","158763999","chr2B","100929351","100929648","33","57834351"
"chr4","158777811","158778107","chr22","30633031","30633328","43","128144780"
"chr4","158816116","158816400","chr6","160602137","160602430","36","1786021"
"chr4","158824484","158824757","chr8","48745750","48746015","49","110078734"
"chr4","158826090","158826256","chr22","24228794","24228965","30","134597296"
"chr4","158845228","158845515","chr2A","2946993","2947289","45","155898235"
"chr4","158948137","158948374","chr9","9978815","9979044","41","148969322"
"chr4","158975539","158975820","chr6","160784313","160784588","46","1808774"
"chr4","158993317","158993616","chr14","33063888","33064185","38","125929429"
"chr4","158997613","158997921","chr22","9730684","9730992","39","149266929"
"chr4","159020265","159020396","chr4","185734049","185734184","16","26713784"
"chr4","159024205","159024452","chr3","33765107","33765355","41","125259098"
"chr4","159024507","159024518","chr11","10503940","10503950","1","148520567"
"chr4","159038337","159038447","chr18","32189705","32189812","10","126848632"
"chr4","159059816","159060112","chr6","150208577","150208872","40","8851239"
"chr4","159061165","159061465","chr5","58994351","58994653","38","100066814"
"chr4","159105870","159106165","chr2A","37977729","37978025","40","121128141"
"chr4","159108640","159108935","chr10","88678623","88678923","32","70430017"
"chr4","159109782","159109997","chr11","5332043","5332259","26","153777739"
"chr4","159112756","159113033","chr14","72061594","72061875","41","87051162"
"chr4","159115923","159116209","chr5","18606275","18606562","38","140509648"
"chr4","159124624","159124914","chr5","138695005","138695301","41","20429619"
"chr4","159128268","159128557","chr7","32811212","32811509","44","126317056"
"chr4","159146410","159146569","chr5","41604426","41604582","35","117541984"
"chr4","159147984","159148169","chr4","163535783","163535966","27","4387799"
"chr4","159148437","159148541","chr1","130105848","130105952","7","29042589"
"chr4","159168471","159168783","chr6","17621980","17622286","47","141546491"
"chr4","159175247","159175535","chr3","199443194","199443483","42","40267947"
"chr4","159200872","159200994","chr9","45252398","45252520","13","113948474"
"chr4","159205850","159206152","chr10","50474252","50474554","46","108731598"
"chr4","159249183","159249470","chr7","151609198","151609484","35","7639985"
"chr4","159256888","159257213","chr1","25213421","25213752","46","134043467"
"chr4","159258456","159258734","chr6","32844125","32844413","45","126414331"
"chr4","159298751","159298876","chr8","135099786","135099914","19","24198965"
"chr4","159357710","159358011","chr1","135275847","135276149","35","24081863"
"chr4","159367016","159367298","chrX","16983089","16983372","28","142383927"
"chr4","159371719","159372023","chr14","110301","110606","39","159261418"
"chr4","159372666","159372962","chr5","24372432","24372725","39","135000234"
"chr4","159382515","159382819","chr18","5518932","5519233","50","153863583"
"chr4","159392820","159393025","chr5","35411506","35411721","46","123981314"
"chr4","159395160","159395452","chr3","120614440","120614738","37","38780720"
"chr4","159401778","159402076","chr8","48387419","48387700","49","111014359"
"chr4","159415132","159415399","chr3","78562655","78562923","59","80852477"
"chr4","159445630","159445897","chr10","29711924","29712197","39","129733706"
"chr4","159456795","159457082","chr22","30285663","30285953","45","129171132"
"chr4","159468615","159468927","chr1","96182243","96182548","45","63286372"
"chr4","159470750","159470962","chr3","199686878","199687090","37","40216128"
"chr4","159480177","159480458","chrX","111354529","111354812","44","48125648"
"chr4","159493844","159494154","chrX","40125771","40126075","41","119368073"
"chr4","159527942","159528245","chr10","85032894","85033191","37","74495048"
"chr4","159541473","159541764","chr8","85574748","85575039","34","73966725"
"chr4","159554178","159554349","chr10","132245824","132245994","25","27308354"
"chr4","159554663","159554807","chr5","35988539","35988682","23","123566124"
"chr4","159569738","159570026","chr7","138434617","138434908","39","21135121"
"chr4","159589689","159589900","chr6","38041063","38041269","36","121548626"
"chr4","159594406","159594581","chr7","149897616","149897788","25","9696790"
"chr4","159595344","159595477","chr7","99428132","99428261","29","60167212"
"chr4","159603685","159603816","chr3","187533947","187534083","15","27930262"
"chr4","159615633","159615928","chr9","49540462","49540765","54","110075171"
"chr4","159616371","159616600","chrX","48050591","48050820","38","111565780"
"chr4","159623866","159624142","chr15","35730679","35730962","49","123893187"
"chr4","159643914","159644144","chr12","1499057","1499299","42","158144857"
"chr4","159650789","159651086","chr6","151128421","151128713","35","8522368"
"chr4","159656504","159656787","chr11","33495161","33495448","41","126161343"
"chr4","159682143","159682309","chr9","45529714","45529878","27","114152429"
"chr4","159682316","159682613","chr3","199631597","199631896","47","39949281"
"chr4","159682614","159682745","chr2B","96120242","96120374","14","63562372"
"chr4","159779356","159779665","chr8","126717045","126717351","38","33062311"
"chr4","159786004","159786170","chr11","54816426","54816593","20","104969578"
"chr4","159793520","159793816","chr16","28927597","28927897","45","130865923"
"chr4","159795186","159795489","chr7","65109556","65109856","40","94685630"
"chr4","159796408","159796713","chr9","109734146","109734451","35","50062262"
"chr4","159801462","159801774","chr8","145720592","145720899","43","14080870"
"chr4","159833464","159833590","chr7","99428132","99428261","24","60405332"
"chr4","159847276","159847411","chr8","107804988","107805123","16","52042288"
"chr4","159847721","159847881","chrX","69931574","69931735","26","89916147"
"chr4","159876722","159876981","chr11","119005987","119006249","33","40870735"
"chr4","159884008","159884307","chr6","161661458","161661758","37","1777450"
"chr4","159904103","159904237","chr14","34921875","34922009","19","124982228"
"chr4","159904552","159904711","chr7","104320068","104320227","31","55584484"
"chr4","159908751","159908904","chr7","26784682","26784819","43","133124069"
"chr4","159919358","159919656","chr5","1872133","1872435","38","158047225"
"chr4","159925212","159925517","chr2B","62135018","62135320","39","97790194"
"chr4","159926041","159926263","chr1","225341688","225341915","34","65415647"
"chr4","159936285","159936562","chr6","161705668","161705945","39","1769383"
"chr4","159938290","159938448","chr1","45321380","45321540","27","114616910"
"chr4","159943174","159943414","chr19","927568","927806","44","159015606"
"chr4","159962132","159962413","chr3","51702839","51703126","48","108259293"
"chr4","159986565","159986730","chr6","161747777","161747956","41","1761212"
"chr4","160003982","160004273","chr9","94478463","94478762","37","65525519"
"chr4","160015798","160016107","chr6","37361889","37362199","40","122653909"
"chr4","160019210","160019513","chr6","23131608","23131906","38","136887602"
"chr4","160028449","160028566","chr11","39515098","39515211","19","120513351"
"chr4","160028570","160028689","chrX","130140836","130140954","16","29887734"
"chr4","160050818","160050952","chr14","60537815","60537947","13","99513003"
"chr4","160063810","160063896","chr9","51578967","51579044","28","108484843"
"chr4","160073958","160074230","chr21","27277676","27277957","45","132796282"
"chr4","160074289","160074299","chrX","45258481","45258491","2","114815808"
"chr4","160084064","160084235","chr17","5223655","5223829","25","154860409"
"chr4","160103358","160103643","chrX","42190983","42191267","45","117912375"
"chr4","160112628","160112855","chr14","70710211","70710437","36","89402417"
"chr4","160161399","160161683","chr1","120637365","120637652","39","39524034"
"chr4","160182652","160182961","chr5","34215137","34215446","33","125967515"
"chr4","160210681","160210847","chr11","69963790","69963961","26","90246891"
"chr4","160211066","160211188","chr2A","74412437","74412551","22","85798629"
"chr4","160269693","160269997","chr16","48015061","48015360","41","112254632"
"chr4","160303617","160303915","chr3","125068067","125068363","47","35235550"
"chr4","160404990","160405291","chr5","22622178","22622477","42","137782812"
"chr4","160460951","160461240","chr3","13035643","13035933","46","147425308"
"chr4","160467790","160468084","chr8","144931985","144932280","44","15535805"
"chr4","160526610","160526902","chr1","157862941","157863238","46","2663669"
"chr4","160560648","160560902","chr10","85496651","85496908","39","75063997"
"chr4","160646053","160646345","chr6","46332308","46332601","42","114313745"
"chr4","160663138","160663431","chr13","62498528","62498818","52","98164610"
"chr4","160673720","160674004","chr9","47997131","47997418","40","112676589"
"chr4","160711819","160712013","chr16","2225022","2225227","41","158486797"
"chr4","160714864","160715093","chr21","27395346","27395572","33","133319518"
"chr4","160734449","160734747","chr10","35012509","35012807","36","125721940"
"chr4","160742016","160742121","chr1","31185795","31185903","18","129556221"
"chr4","160754283","160754428","chrX","119294972","119295111","20","41459311"
"chr4","160755917","160756218","chr11","95510260","95510561","38","65245657"
"chr4","160769832","160769968","chr8","48212618","48212753","16","112557214"
"chr4","160770580","160770767","chr7","73643118","73643296","36","87127462"
"chr4","160795039","160795330","chr1","19719004","19719305","45","141076035"
"chr4","160803724","160803845","chr2B","59528711","59528832","22","101275013"
"chr4","160804135","160804149","chr12","80552046","80552060","4","80252089"
"chr4","160815233","160815472","chr1","51861357","51861601","50","108953876"
"chr4","160852502","160852795","chr6","37873870","37874163","35","122978632"
"chr4","160857510","160857715","chr5","8851478","8851683","33","152006032"
"chr4","160867006","160867142","chr1","168543967","168544101","19","7676961"
"chr4","160891023","160891157","chr1","6251115","6251251","20","154639908"
"chr4","160901105","160901248","chr1","111214979","111215120","24","49686126"
"chr4","160901544","160901693","chr7","68437936","68438086","26","92463608"
"chr4","160905946","160906239","chr5","117742995","117743288","42","43162951"
"chr4","160919560","160919860","chr17","40173025","40173320","40","120746535"
"chr4","160921274","160921458","chr12","132936938","132937110","32","27984336"
"chr4","160921758","160921892","chr1","168543967","168544101","25","7622209"
"chr4","160929757","160930051","chr10","94815437","94815719","49","66114320"
"chr4","160937255","160937545","chrX","154613046","154613335","43","6324209"
"chr4","160970504","160970723","chr1","51953422","51953648","29","109017082"
"chr4","160985465","160985768","chr6","162737492","162737793","40","1752027"
"chr4","160986680","160986963","chr5","75762204","75762492","49","85224476"
"chr4","161001009","161001313","chr4","196624862","196625169","42","35623853"
"chr4","161018097","161018245","chr12","35118831","35118990","32","125899266"
"chr4","161048016","161048305","chr9","15548310","15548604","41","145499706"
"chr4","161057879","161058174","chr22","14935740","14936041","51","146122139"
"chr4","161138127","161138424","chr1","200211527","200211828","47","39073400"
"chr4","161171451","161171728","chr6","85318229","85318519","44","75853222"
"chr4","161199494","161199802","chr19","51061058","51061369","38","110138436"
"chr4","161202571","161202869","chr20","43557236","43557531","46","117645335"
"chr4","161221790","161222098","chr15","54285535","54285840","46","106936255"
"chr4","161240754","161241069","chr12","54609254","54609562","53","106631500"
"chr4","161243430","161243560","chrX","74791807","74791939","13","86451623"
"chr4","161249978","161250264","chr8","126026839","126027127","54","35223139"
"chr4","161275341","161275470","chr6","78227073","78227205","15","83048268"
"chr4","161317877","161318030","chr10","110012976","110013130","26","51304901"
"chr4","161318329","161318467","chr6","36576189","36576324","21","124742140"
"chr4","161318618","161318914","chr3","24724928","24725224","43","136593690"
"chr4","161326042","161326336","chr6","150208577","150208872","36","11117465"
"chr4","161344636","161344909","chr12","124254648","124254922","37","37089988"
"chr4","161444752","161444843","chr5","116530140","116530219","29","44914612"
"chr4","161470509","161470781","chr5","125040055","125040335","42","36430454"
"chr4","161522527","161522836","chr12","168960","169270","55","161353567"
"chr4","161609290","161609560","chr1","15783283","15783551","45","145826007"
"chr4","161667326","161667622","chr5","24372432","24372725","37","137294894"
"chr4","161671918","161672209","chr14","11718645","11718940","47","149953273"
"chr4","161732538","161732835","chr7","78299572","78299866","45","83432966"
"chr4","161794255","161794370","chr19","45055184","45055299","12","116739071"
"chr4","161846206","161846477","chr15","42606794","42607068","44","119239412"
"chr4","161846510","161846581","chr15","54252813","54252886","24","107593697"
"chr4","161918282","161918397","chr15","69621757","69621869","19","92296525"
"chr4","161937846","161938127","chr5","140280722","140281010","47","21657124"
"chr4","161993974","161994259","chr5","150363289","150363572","41","11630685"
"chr4","162008238","162008530","chr12","29810150","29810444","35","132198088"
"chr4","162021895","162022029","chr4","201053944","201054079","18","39032049"
"chr4","162022342","162022516","chr16","31283494","31283670","32","130738848"
"chr4","162027160","162027470","chr6","164100324","164100632","53","2073164"
"chr4","162031753","162032043","chrX","46951687","46951977","50","115080066"
"chr4","162052094","162052337","chr9","114056170","114056408","45","47995924"
"chr4","162063199","162063493","chr20","519859","520148","46","161543340"
"chr4","162084672","162084971","chr3","190276346","190276640","38","28191674"
"chr4","162096327","162096639","chr6","4177308","4177600","62","157919019"
"chr4","162098443","162098581","chr16","76481846","76481981","16","85616597"
"chr4","162098898","162099043","chr20","35844107","35844256","27","126254791"
"chr4","162104090","162104389","chr5","14837140","14837438","40","147266950"
"chr4","162110845","162111136","chr9","118275928","118276223","48","43834917"
"chr4","162122627","162122913","chr9","120318852","120319137","56","41803775"
"chr4","162142271","162142561","chr9","104334967","104335262","40","57807304"
"chr4","162150778","162150958","chr1","15775291","15775465","31","146375487"
"chr4","162161723","162161897","chr11","111745036","111745211","20","50416687"
"chr4","162164127","162164417","chr11","3623940","3624232","36","158540187"
"chr4","162187792","162188085","chr10","116926077","116926371","32","45261715"
"chr4","162203136","162203279","chr8","10748880","10749024","15","151454256"
"chr4","162257294","162257594","chr12","92652799","92653098","39","69604495"
"chr4","162280568","162280873","chrX","16571125","16571431","35","145709443"
"chr4","162281588","162281895","chr3","188427447","188427758","41","26145859"
"chr4","162315000","162315297","chr7","66837740","66838039","50","95477260"
"chr4","162341139","162341303","chr14","5914823","5914965","40","156426316"
"chr4","162422612","162422752","chr14","70293609","70293753","15","92129003"
"chr4","162422778","162422893","chr12","76305170","76305284","18","86117608"
"chr4","162450462","162450768","chr6","164477496","164477799","33","2027034"
"chr4","162474214","162474517","chr4","154361154","154361455","37","8113060"
"chr4","162518119","162518388","chr14","9478872","9479150","55","153039247"
"chr4","162543730","162543965","chr6","3538698","3538932","46","159005032"
"chr4","162552759","162553050","chr2A","104006927","104007218","39","58545832"
"chr4","162556765","162557050","chr11","9374795","9375091","53","153181970"
"chr4","162599252","162599560","chr9","114120990","114121292","60","48478262"
"chr4","162599977","162600287","chr21","35941034","35941345","44","126658943"
"chr4","162625725","162626026","chr6","43552064","43552362","33","119073661"
"chr4","162636771","162637030","chr13","22551789","22552047","47","140084982"
"chr4","162643027","162643323","chr15","73856696","73856995","49","88786331"
"chr4","162656536","162656836","chr1","65050254","65050558","42","97606282"
"chr4","162658412","162658548","chr6","13697989","13698122","17","148960423"
"chr4","162658842","162659031","chr11","13706318","13706506","33","148952524"
"chr4","162724330","162724607","chr10","5384796","5385074","45","157339534"
"chr4","162736446","162736755","chrX","46462791","46463100","39","116273655"
"chr4","162745297","162745465","chr2A","5900847","5901006","33","156844450"
"chr4","162752707","162753008","chr1","31136599","31136900","40","131616108"
"chr4","162766111","162766412","chr11","70249791","70250093","40","92516320"
"chr4","162769273","162769552","chr11","123114043","123114321","40","39655230"
"chr4","162786992","162787288","chr7","157137240","157137534","34","5649752"
"chr4","162797345","162797498","chr20","6034647","6034804","26","156762698"
"chr4","162797794","162797931","chr5","110285576","110285711","23","52512218"
"chr4","162801936","162802092","chr6","36357202","36357360","28","126444734"
"chr4","162810496","162810797","chr8","145256972","145257272","41","17553524"
"chr4","162814809","162815089","chr2B","93935465","93935754","49","68879344"
"chr4","162847990","162848071","chr15","78299566","78299642","14","84548424"
"chr4","162848124","162848257","chr1","22581181","22581312","24","140266943"
"chr4","162849613","162849901","chr13","30298782","30299083","48","132550831"
"chr4","162853331","162853626","chr8","47791236","47791530","49","115062095"
"chr4","162854101","162854229","chrX","22199062","22199188","14","140655039"
"chr4","162883358","162883526","chr10","26012898","26013065","26","136870460"
"chr4","162887161","162887458","chr6","43552064","43552362","35","119335097"
"chr4","162900770","162900960","chr1","10096784","10096970","26","152803986"
"chr4","162909117","162909406","chr4","23995151","23995439","41","138913966"
"chr4","162925675","162925956","chr4","124825886","124826177","48","38099789"
"chr4","162982127","162982412","chrX","15626910","15627195","39","147355217"
"chr4","162988421","162988703","chr14","73499037","73499324","50","89489384"
"chr4","162988722","162989028","chr5","46247961","46248272","56","116740761"
"chr4","162989063","162989190","chr14","57325756","57325879","22","105663307"
"chr4","163004638","163004946","chr7","134938326","134938628","49","28066312"
"chr4","163006605","163006899","chr6","45713778","45714072","41","117292827"
"chr4","163025159","163025285","chr7","76632609","76632733","17","86392550"
"chr4","163026401","163026562","chr18","4219736","4219903","27","158806665"
"chr4","163034501","163034792","chrX","89462081","89462370","44","73572420"
"chr4","163118503","163118658","chr6","23011467","23011623","24","140107036"
"chr4","163119092","163119295","chrX","1435729","1435930","38","161683363"
"chr4","163176190","163176387","chr11","68663144","68663342","30","94513046"
"chr4","163211045","163211365","chr2B","124042742","124043060","52","39168303"
"chr4","163231950","163232064","chr20","32785534","32785650","20","130446416"
"chr4","163274423","163274526","chr1","130105848","130105952","17","33168575"
"chr4","163287938","163288247","chr5","59897733","59898033","50","103390205"
"chr4","163308830","163309027","chr6","165282012","165282203","32","1973182"
"chr4","163331342","163331476","chr7","82210564","82210699","18","81120778"
"chr4","163331761","163331918","chr14","21056651","21056807","26","142275110"
"chr4","163332029","163332125","chr10","117246066","117246161","11","46085963"
"chr4","163348331","163348654","chr1","25213421","25213752","66","138134910"
"chr4","163370487","163370772","chr6","4177308","4177600","44","159193179"
"chr4","163377745","163378052","chr10","120691337","120691649","40","42686408"
"chr4","163400058","163400345","chr11","102171203","102171490","38","61228855"
"chr4","163404840","163405121","chr2A","81501708","81501989","45","81903132"
"chr4","163428061","163428348","chr16","68872479","68872765","42","94555582"
"chr4","163429297","163429635","chr8","73112094","73112419","60","90317203"
"chr4","163436599","163436769","chr5","63483235","63483402","29","99953364"
"chr4","163443515","163443778","chr8","129459387","129459659","48","33984128"
"chr4","163448829","163448959","chr1","130521054","130521182","15","32927775"
"chr4","163449272","163449450","chr5","703768","703946","24","162745504"
"chr4","163459583","163459881","chr4","139654371","139654673","43","23805212"
"chr4","163465678","163465928","chr12","63259450","63259698","41","100206228"
"chr4","163513628","163513931","chr1","29377457","29377759","33","134136171"
"chr4","163522066","163522348","chr10","92220756","92221036","45","71301310"
"chr4","163627859","163627946","chr16","44984980","44985065","17","118642879"
"chr4","163630790","163631082","chr19","56495044","56495335","41","107135746"
"chr4","163681963","163682264","chr2A","62661707","62662012","43","101020256"
"chr4","163694484","163694717","chr4","2730770","2731005","39","160963714"
"chr4","163826275","163826569","chr1","20280960","20281258","45","143545315"
"chr4","163852684","163852968","chr6","31723241","31723525","34","132129443"
"chr4","163920016","163920149","chr9","56793277","56793411","18","107126739"
"chr4","163920443","163920613","chr3","155452624","155452795","30","8467819"
"chr4","164090019","164090307","chr1","213044115","213044402","50","48954096"
"chr4","164248227","164248511","chr16","80798946","80799235","45","83449281"
"chr4","164258446","164258731","chr14","386554","386839","42","163871892"
"chr4","164270835","164271133","chr7","77548302","77548597","32","86722533"
"chr4","164275843","164275856","chr12","52770407","52770421","3","111505436"
"chr4","164276155","164276316","chr16","31552584","31552750","23","132723571"
"chr4","164335157","164335453","chr11","3623940","3624232","51","160711217"
"chr4","164358271","164358570","chr19","49839306","49839606","51","114518965"
"chr4","164439607","164439677","chr11","66565636","66565699","16","97873971"
"chr4","164503900","164504189","chr7","85478290","85478587","48","79025610"
"chr4","164513297","164513576","chr9","115109804","115110082","44","49403493"
"chr4","164517570","164517810","chr1","19118059","19118301","33","145399511"
"chr4","164518321","164518598","chr9","117733372","117733651","42","46784949"
"chr4","164519414","164519717","chr6","111420318","111420617","38","53099096"
"chr4","164520275","164520418","chr5","59589026","59589158","28","104931249"
"chr4","164520728","164521038","chr22","30087295","30087600","51","134433433"
"chr4","164536181","164536357","chr15","18645344","18645517","27","145890837"
"chr4","164548839","164549130","chr1","181798990","181799282","39","17250151"
"chr4","164552266","164552566","chr22","5390789","5391096","39","159161477"
"chr4","164627245","164627465","chr6","101519649","101519870","35","63107596"
"chr4","164630889","164631190","chr1","27210749","27211044","41","137420140"
"chr4","164678954","164679212","chr2B","70334516","70334775","37","94344438"
"chr4","164713323","164713551","chr21","15290184","15290413","33","149423139"
"chr4","164714414","164714709","chr7","77548302","77548597","43","87166112"
"chr4","164730561","164730831","chr3","160906433","160906707","53","3824128"
"chr4","164748672","164748966","chr8","101544594","101544890","42","63204078"
"chr4","164756564","164756800","chr1","43158847","43159094","38","121597717"
"chr4","164774485","164774753","chr2A","83270217","83270489","54","81504268"
"chr4","164815220","164815492","chr6","135406081","135406352","43","29409139"
"chr4","164832005","164832173","chr18","52288942","52289105","31","112543063"
"chr4","164863365","164863670","chr5","46530569","46530871","50","118332796"
"chr4","164922253","164922494","chr1","32667499","32667739","51","132254754"
"chr4","164968815","164968966","chr6","166928380","166928533","24","1959565"
"chr4","165096524","165096809","chr1","220859446","220859734","39","55762922"
"chr4","165123613","165123821","chr1","141487751","141487968","35","23635862"
"chr4","165229157","165229455","chr15","56890275","56890566","33","108338882"
"chr4","165246568","165246858","chrX","11282056","11282349","49","153964512"
"chr4","165585135","165585420","chr8","41596101","41596382","52","123989034"
"chr4","165751858","165752158","chr3","12980041","12980332","48","152771817"
"chr4","165755037","165755307","chr4","86740894","86741164","56","79014143"
"chr4","165823642","165823738","chr4","121757665","121757759","23","44065977"
"chr4","165886660","165886906","chr1","28757416","28757663","36","137129244"
"chr4","165934360","165934419","chr6","89773327","89773387","8","76161033"
"chr4","166062131","166062397","chr12","111530118","111530388","41","54532013"
"chr4","166088772","166089063","chr2B","111676238","111676535","41","54412534"
"chr4","166181357","166181637","chr9","78276742","78277022","45","87904615"
"chr4","166183421","166183601","chr4","41637311","41637487","45","124546110"
"chr4","166275426","166275725","chr5","32325004","32325315","50","133950422"
"chr4","166311630","166311916","chr19","35826743","35827033","46","130484887"
"chr4","166313765","166313946","chr16","33490209","33490379","40","132823556"
"chr4","166391301","166391452","chr12","9001577","9001712","38","157389724"
"chr4","166392183","166392267","chr5","23906293","23906359","30","142485890"
"chr4","166417214","166417480","chr13","92720697","92720963","37","73696517"
"chr4","166502060","166502340","chr6","79360967","79361252","46","87141093"
"chr4","166533488","166533667","chr20","63010421","63010595","29","103523067"
"chr4","166533975","166534109","chr6","75172923","75173058","13","91361052"
"chr4","166612114","166612406","chrX","77265352","77265649","42","89346762"
"chr4","166693809","166694091","chr5","45153067","45153357","51","121540742"
"chr4","166708475","166708778","chr12","119739377","119739678","40","46969098"
"chr4","166766767","166767054","chr1","28670039","28670327","41","138096728"
"chr4","166779200","166779484","chr5","66262413","66262707","41","100516787"
"chr4","166790005","166790307","chr1","86776614","86776916","49","80013391"
"chr4","166861951","166862033","chr9","88024061","88024146","9","78837890"
"chr4","166871964","166872266","chr21","28100054","28100357","42","138771910"
"chr4","166951340","166951649","chrX","73602345","73602644","57","93348995"
"chr4","167082907","167083187","chr6","124063158","124063439","39","43019749"
"chr4","167099182","167099448","chr10","114508301","114508579","43","52590881"
"chr4","167132626","167132927","chr9","12016274","12016564","52","155116352"
"chr4","167141213","167141456","chr1","21974672","21974915","35","145166541"
"chr4","167141540","167141830","chr3","108662999","108663287","55","58478541"
"chr4","167165859","167165992","chr18","45773842","45773976","8","121392017"
"chr4","167166349","167166488","chr5","163128960","163129096","34","4037389"
"chr4","167186720","167186814","chr1","108546159","108546254","18","58640561"
"chr4","167189168","167189380","chr1","11799794","11799998","44","155389374"
"chr4","167222629","167222927","chr1","200003372","200003655","71","32780743"
"chr4","167311408","167311508","chr5","34133102","34133204","20","133178306"
"chr4","167332359","167332650","chr11","71331084","71331376","52","96001275"
"chr4","167334315","167334474","chr5","41604426","41604582","23","125729889"
"chr4","167344867","167344938","chr6","132240923","132240992","20","35103944"
"chr4","167355045","167355329","chr10","147453462","147453750","52","19901583"
"chr4","167355333","167355621","chr12","76178919","76179206","48","91176414"
"chr4","167367395","167367675","chr6","111039891","111040175","46","56327504"
"chr4","167455460","167455591","chr15","41702299","41702431","19","125753161"
"chr4","167455880","167456050","chr1","11519332","11519502","19","155936548"
"chr4","167463482","167463750","chr5","37834860","37835127","36","129628622"
"chr4","167506485","167506787","chr11","82742655","82742954","39","84763830"
"chr4","167510410","167510700","chr5","55017255","55017546","43","112493155"
"chr4","167522857","167523201","chr10","116678490","116678824","77","50844367"
"chr4","167535203","167535318","chr11","113906994","113907109","13","53628209"
"chr4","167567801","167567934","chrX","38142379","38142511","12","129425422"
"chr4","167747615","167747898","chr3","197759358","197759648","47","30011743"
"chr4","167822996","167823293","chr5","25872910","25873209","40","141950086"
"chr4","167852253","167852409","chr2A","5900847","5901006","31","161951406"
"chr4","167855161","167855445","chr11","108529140","108529427","41","59326021"
"chr4","167920501","167920799","chr11","74178204","74178504","43","93742297"
"chr4","167975450","167975753","chr15","22401463","22401764","54","145573987"
"chr4","167977111","167977425","chr8","124200571","124200876","56","43776540"
"chr4","168001583","168001857","chr7","104929295","104929563","45","63072288"
"chr4","168028836","168028944","chr5","119809274","119809386","14","48219562"
"chr4","168029253","168029385","chr22","4179711","4179847","22","163849542"
"chr4","168037049","168037336","chr17","1834106","1834403","39","166202943"
"chr4","168063904","168064194","chrX","49097436","49097730","39","118966468"
"chr4","168070932","168071222","chr3","129989925","129990210","57","38081007"
"chr4","168078859","168078956","chr14","73376509","73376610","17","94702350"
"chr4","168082739","168082835","chr1","130430813","130430913","13","37651926"
"chr4","168086829","168087024","chr17","1300232","1300420","30","166786597"
"chr4","168087368","168087481","chr21","27965813","27965925","9","140121555"
"chr4","168095855","168096126","chr19","12473619","12473894","61","155622236"
"chr4","168100759","168100908","chr6","55469065","55469213","23","112631694"
"chr4","168115693","168115980","chr6","11916921","11917205","37","156198772"
"chr4","168117820","168118098","chr11","25149932","25150209","53","142967888"
"chr4","168134216","168134540","chr3","199782414","199782724","52","31648198"
"chr4","168151839","168151975","chr5","7709860","7709995","22","160441979"
"chr4","168151976","168152111","chrX","47697355","47697489","13","120454621"
"chr4","168152420","168152590","chrX","45068833","45069000","29","123083587"
"chr4","168152591","168152742","chr5","118210845","118210998","27","49941746"
"chr4","168164404","168164449","chr7","73200461","73200502","10","94963943"
"chr4","168188943","168189240","chrX","15571408","15571715","53","152617535"
"chr4","168198565","168198877","chr8","126717045","126717351","45","41481520"
"chr4","168199935","168200233","chr14","60651660","60651957","39","107548275"
"chr4","168211136","168211224","chr3","124923579","124923668","13","43287557"
"chr4","168211515","168211650","chr19","10370482","10370616","12","157841033"
"chr4","168251797","168252102","chr3","187803297","187803598","37","19551500"
"chr4","168279088","168279329","chr1","5354362","5354608","40","162924726"
"chr4","168353409","168353512","chr6","170240208","170240305","22","1886799"
"chr4","168380496","168380596","chr12","36132223","36132317","20","132248273"
"chr4","168498069","168498246","chr6","170361761","170361930","29","1863692"
"chr4","168561828","168562112","chr1","29060310","29060594","47","139501518"
"chr4","168562393","168562681","chr18","2191279","2191572","40","166371114"
"chr4","168591845","168592006","chr10","30116093","30116257","25","138475752"
"chr4","168682529","168682835","chr6","39334553","39334858","65","129347976"
"chr4","168802982","168803232","chr13","62784224","62784467","52","106018758"
"chr4","168808270","168808543","chr2A","49228535","49228812","51","119579735"
"chr4","168868456","168868569","chr1","110393414","110393529","19","58475042"
"chr4","168887503","168887625","chr1","14802147","14802270","20","154085356"
"chr4","168920583","168920886","chr11","17079416","17079721","50","151841167"
"chr4","168926717","168926911","chr9","74819531","74819730","29","94107186"
"chr4","168941132","168941440","chr2B","99945275","99945585","40","68995857"
"chr4","169035775","169036069","chr7","139996539","139996831","35","29039236"
"chr4","169039724","169040004","chr22","26166703","26166983","34","142873021"
"chr4","169043284","169043374","chr1","108546159","108546254","19","60497125"
"chr4","169049513","169049837","chr15","50878439","50878763","69","118171074"
"chr4","169056066","169056368","chr16","30617445","30617744","44","138438621"
"chr4","169079840","169080144","chr17","4708710","4709014","40","164371130"
"chr4","169084680","169084985","chr3","121038671","121038982","37","48046009"
"chr4","169126208","169126352","chr2B","10605789","10605928","15","158520419"
"chr4","169133605","169133904","chr7","66154087","66154388","36","102979518"
"chr4","169170680","169170798","chr7","72489565","72489680","17","96681115"
"chr4","169187908","169188188","chr3","199443194","199443483","37","30255286"
"chr4","169334407","169334687","chr5","109746457","109746735","47","59587950"
"chr4","169363272","169363577","chr3","53839570","53839865","48","115523702"
"chr4","169368073","169368367","chr2B","44742855","44743136","48","124625218"
"chr4","169445817","169446050","chr1","76595396","76595652","56","92850421"
"chr4","169461524","169461821","chr5","34598529","34598830","53","134862995"
"chr4","169510245","169510541","chr12","37575685","37575981","41","131934560"
"chr4","169516499","169516790","chr22","26097415","26097711","42","143419084"
"chr4","169518895","169519193","chr9","78494920","78495220","39","91023975"
"chr4","169534706","169534955","chr10","116841847","116842082","71","52692859"
"chr4","169542782","169543082","chrX","74402049","74402348","40","95140733"
"chr4","169552520","169552787","chr6","171305892","171306160","42","1753372"
"chr4","169566516","169566813","chr14","89404025","89404323","38","80162491"
"chr4","169622711","169622871","chr12","93879919","93880085","26","75742792"
"chr4","169622895","169622995","chr11","74168955","74169059","13","95453940"
"chr4","169666903","169667189","chr11","3623940","3624232","51","166042963"
"chr4","169669418","169669510","chr1","26873677","26873772","18","142795741"
"chr4","169669927","169670045","chr8","103382205","103382324","18","66287722"
"chr4","169843300","169843610","chr22","18741741","18742051","41","151101559"
"chr4","169865609","169865884","chr7","98325992","98326265","35","71539617"
"chr4","169926630","169926645","chrX","49676996","49677008","4","120249634"
"chr4","169926950","169927120","chr16","31139057","31139227","31","138787893"
"chr4","169939021","169939248","chr2A","36711440","36711659","40","133227581"
"chr4","169959595","169959852","chr10","100354316","100354578","37","69605279"
"chr4","170084252","170084558","chr1","219949790","219950098","58","49865538"
"chr4","170101749","170101777","chr11","124304089","124304118","7","45797660"
"chr4","170101942","170102223","chr12","32480569","32480848","52","137621373"
"chr4","170157791","170158078","chr3","126629388","126629676","47","43528403"
"chr4","170210550","170210829","chr1","31775922","31776206","44","138434628"
"chr4","170244991","170245194","chr16","72508852","72509043","44","97736139"
"chr4","170315787","170316087","chr15","78041904","78042206","40","92273883"
"chr4","170336711","170336989","chr3","132041578","132041856","32","38295133"
"chr4","170448667","170448952","chr3","54121779","54122063","44","116326888"
"chr4","170504335","170504607","chr7","65126332","65126609","40","105378003"
"chr4","170523203","170523270","chrX","154493416","154493482","16","16029787"
"chr4","170524916","170525240","chr6","19514376","19514697","57","151010540"
"chr4","170694970","170695252","chr10","134056641","134056938","43","36638329"
"chr4","170706551","170706857","chr1","215267323","215267631","36","44560772"
"chr4","170720221","170720513","chr10","115183635","115183925","40","55536586"
"chr4","170745921","170746080","chr9","45216673","45216830","25","125529248"
"chr4","170832540","170832839","chr10","66455557","66455856","38","104376983"
"chr4","170860166","170860462","chr4","198380135","198380444","51","27519969"
"chr4","170887308","170887611","chr4","100603124","100603421","38","70284184"
"chr4","171035825","171035947","chr9","111936335","111936455","24","59099490"
"chr4","171036147","171036323","chr8","10754088","10754266","33","160282059"
"chr4","171160429","171160723","chr5","143219618","143219909","47","27940811"
"chr4","171212047","171212129","chr4","121792827","121792913","15","49419220"
"chr4","171288352","171288655","chr6","172891725","172892029","36","1603373"
"chr4","171503145","171503449","chr5","25543850","25544158","45","145959295"
"chr4","171504917","171505191","chr3","3411667","3411940","40","168093250"
"chr4","171517934","171518223","chr15","77995336","77995623","39","93522598"
"chr4","171576937","171577049","chr3","50836150","50836264","13","120740787"
"chr4","171590460","171590752","chr14","60209015","60209307","35","111381445"
"chr4","171592547","171592827","chr12","94318279","94318561","41","77274268"
"chr4","171596170","171596459","chr1","47925404","47925703","40","123670766"
"chr4","171614120","171614426","chr16","48443014","48443321","50","123171106"
"chr5","112197345","112197641","chr4","101121852","101122158","47","11075493"
"chr5","3669986","3670115","chr5","160611552","160611687","14","156941566"
"chr5","9699197","9699507","chr7","72828585","72828883","55","63129388"
"chr5","10092450","10092576","chr5","14477646","14477774","21","4385196"
"chr5","26738512","26738809","chr9","77170640","77170937","38","50432128"
"chr5","35127262","35127567","chr16","75232721","75233021","40","40105459"
"chr5","41811793","41811982","chr10","133113568","133113747","41","91301775"
"chr5","56753990","56754271","chr3","49744245","49744528","45","7009745"
"chr5","63176558","63176852","chr10","92003264","92003553","54","28826706"
"chr5","64749467","64749768","chr20","46131905","46132206","43","18617562"
"chr5","68812709","68813009","chr11","10425355","10425652","39","58387354"
"chr5","69599176","69599468","chrX","41897727","41898024","49","27701449"
"chr5","74317794","74317853","chr5","40856968","40857028","18","33460826"
"chr5","83099628","83099725","chr8","146418339","146418436","11","63318711"
"chr5","113901521","113901687","chr15","23369148","23369315","23","90532373"
"chr5","115867377","115867678","chr21","30658994","30659298","44","85208383"
"chr5","125960026","125960244","chr1","52183942","52184158","28","73776084"
"chr5","131203017","131203313","chr13","2865420","2865717","31","128337597"
"chr5","154795946","154796231","chr5","162629387","162629676","42","7833441"
"chr5","156499883","156500000","chr2A","37342062","37342176","17","119157821"
"chr5","29289","29434","chr14","74731528","74731676","18","74702239"
"chr5","33259","33535","chr12","104051075","104051359","53","104017816"
"chr5","41450","41734","chr5","149940911","149941195","54","149899461"
"chr5","65478","65679","chr1","159576263","159576475","39","159510785"
"chr5","72829","73135","chr9","49540462","49540765","48","49467633"
"chr5","74479","74781","chr11","118566750","118567050","37","118492271"
"chr5","75518","75812","chr12","34849056","34849355","38","34773538"
"chr5","76953","77241","chr8","142043791","142044078","42","141966838"
"chr5","77418","77438","chr4","193494789","193494806","3","193417371"
"chr5","82461","82761","chr9","100689372","100689667","39","100606911"
"chr5","84031","84307","chr8","118175885","118176162","33","118091854"
"chr5","84384","84692","chr4","17012787","17013097","48","16928403"
"chr5","85374","85660","chr9","76710013","76710305","45","76624639"
"chr5","95696","95978","chrX","77818293","77818574","41","77722597"
"chr5","104869","105041","chrUn_CABD030130719v1","1291","1464","25","103578"
"chr5","109392","109678","chr7","141128548","141128831","37","141019156"
"chr5","111346","111526","chr1","38128287","38128467","33","38016941"
"chr5","111814","111951","chr9","116772111","116772246","13","116660297"
"chr5","122349","122479","chr3","95809673","95809804","16","95687324"
"chr5","122480","122787","chr17","11579324","11579631","48","11456844"
"chr5","122788","122947","chr5","42926955","42927114","32","42804167"
"chr5","128845","129119","chr8","28137465","28137746","40","28008620"
"chr5","136556","136838","chrX","29478513","29478800","43","29341957"
"chr5","145055","145346","chr2A","95555809","95556098","37","95410754"
"chr5","154898","155213","chr6","32828052","32828363","39","32673154"
"chr5","157062","157361","chr2A","96965170","96965464","50","96808108"
"chr5","158639","158928","chr1","212745117","212745410","40","212586478"
"chr5","161555","161853","chr5","24372432","24372725","41","24210877"
"chr5","162607","162917","chr3","133636472","133636769","54","133473865"
"chr5","194595","194863","chr11","59390391","59390662","37","59195796"
"chr5","196340","196453","chr1","31185795","31185903","24","30989455"
"chr5","198463","198757","chr3","101862737","101863034","33","101664274"
"chr5","201903","202194","chr19","39558265","39558552","50","39356362"
"chr5","209597","209885","chr5","23145755","23146050","38","22936158"
"chr5","211713","211937","chr7","22185451","22185677","29","21973738"
"chr5","212250","212523","chr8","103629720","103629993","44","103417470"
"chr5","219214","219514","chr4","81341059","81341362","51","81121845"
"chr5","231979","232180","chr15","49895453","49895660","32","49663474"
"chr5","234802","235058","chr20","35629748","35630004","41","35394946"
"chr5","241121","241260","chr1","209742215","209742351","18","209501094"
"chr5","241558","241713","chr16","15498844","15499002","29","15257286"
"chr5","254746","254895","chr19","33558515","33558664","30","33303769"
"chr5","255215","255351","chr1","168543967","168544101","20","168288752"
"chr5","256748","257039","chr10","34585259","34585551","44","34328511"
"chr5","258786","258916","chr5","161161762","161161894","14","160902976"
"chr5","259786","260079","chr6","45713778","45714072","38","45453992"
"chr5","260618","260929","chr3","180350484","180350799","45","180089866"
"chr5","274962","275166","chr7","63653621","63653832","37","63378659"
"chr5","285817","286057","chr14","64965373","64965614","39","64679556"
"chr5","294193","294500","chr4","86739574","86739882","39","86445381"
"chr5","294702","295000","chr20","35571570","35571871","44","35276868"
"chr5","319117","319351","chr7","72586695","72586923","44","72267578"
"chr5","325038","325336","chr20","35536316","35536609","36","35211278"
"chr5","326713","326821","chr1","40519163","40519261","24","40192450"
"chr5","330927","331219","chr8","25787120","25787408","47","25456193"
"chr5","355473","355543","chr4","6895654","6895723","7","6540181"
"chr5","366287","366577","chr1","11658302","11658596","41","11292015"
"chr5","368702","368836","chr17","7723729","7723862","12","7355027"
"chr5","369137","369309","chr15","1644482","1644653","28","1275345"
"chr5","385167","385300","chr7","65318509","65318638","23","64933342"
"chr5","389294","389601","chr5","163479358","163479668","46","163090064"
"chr5","391902","392111","chr16","1348957","1349174","45","957055"
"chr5","394022","394175","chr7","151347611","151347762","16","150953589"
"chr5","401161","401448","chr19","7160271","7160559","41","6759110"
"chr5","417998","418303","chr1","21756556","21756861","41","21338558"
"chr5","421367","421673","chr11","86757352","86757654","43","86335985"
"chr5","429834","429971","chr4","7086988","7087129","19","6657154"
"chr5","430271","430428","chr5","43149491","43149646","30","42719220"
"chr5","431532","431747","chr1","52183942","52184158","29","51752410"
"chr5","432136","432263","chr4","124037840","124037972","14","123605704"
"chr5","439072","439313","chrX","40490636","40490870","36","40051564"
"chr5","455139","455408","chr7","138693397","138693671","37","138238258"
"chr5","456380","456682","chr2A","32931331","32931634","40","32474951"
"chr5","470894","471049","chr16","58627599","58627756","49","58156705"
"chr5","474749","475061","chrX","133347328","133347631","45","132872579"
"chr5","477430","477721","chr3","125068067","125068363","37","124590637"
"chr5","479479","479775","chr12","52178346","52178642","44","51698867"
"chr5","482087","482173","chr19","38140682","38140774","14","37658595"
"chr5","482471","482640","chr7","76846308","76846474","26","76363837"
"chr5","507965","508271","chr18","56120360","56120658","61","55612395"
"chr5","540833","541111","chr15","19297965","19298253","44","18757132"
"chr5","547515","547819","chr2A","96337914","96338213","33","95790399"
"chr5","548878","549175","chr2B","131657052","131657355","46","131108174"
"chr5","556418","556550","chr11","120280731","120280862","15","119724313"
"chr5","561172","561333","chr19","20199869","20200031","21","19638697"
"chr5","561642","561721","chr4","28923397","28923472","20","28361755"
"chr5","567090","567380","chr4","93924674","93924967","45","93357584"
"chr5","588101","588368","chr6","166780854","166781136","55","166192753"
"chr5","589362","589669","chr5","10629503","10629812","53","10040141"
"chr5","592684","592983","chr5","118098433","118098735","33","117505749"
"chr5","594947","595074","chr2A","87484111","87484239","16","86889164"
"chr5","597232","597359","chr1","53578943","53579070","20","52981711"
"chr5","607568","607855","chr15","18841875","18842169","39","18234307"
"chr5","614979","615146","chr3","200708345","200708504","27","200093366"
"chr5","615147","615435","chr14","24259097","24259390","42","23643950"
"chr5","615436","615578","chr2A","35422428","35422566","38","34806992"
"chr5","622169","622295","chr1","134679352","134679483","27","134057183"
"chr5","623851","623997","chr7","140036528","140036673","25","139412677"
"chr5","624281","624464","chr1","203553629","203553809","33","202929348"
"chr5","624691","624882","chr13","1350929","1351118","33","726238"
"chr5","624985","625307","chr14","86362590","86362901","58","85737605"
"chr5","629463","629588","chr3","59065697","59065829","18","58436234"
"chr5","633174","633364","chr2A","68717247","68717441","30","68084073"
"chr5","637311","637596","chrX","31758067","31758355","53","31120756"
"chr5","640070","640353","chr15","8887885","8888167","42","8247815"
"chr5","649010","649172","chr18","18577424","18577586","28","17928414"
"chr5","649173","649469","chr3","185043541","185043836","36","184394368"
"chr5","653117","653409","chr9","41878230","41878523","34","41225113"
"chr5","653912","654146","chr17","63997684","63997918","37","63343772"
"chr5","654556","654836","chr20","35237809","35238099","45","34583253"
"chr5","683578","683726","chr3","15493399","15493548","24","14809821"
"chr5","683751","683886","chr20","55025362","55025494","24","54341611"
"chr5","686397","686682","chr7","137977860","137978152","36","137291463"
"chr5","690224","690397","chr22","2939007","2939199","38","2248783"
"chr5","695381","695663","chr1","221175352","221175632","54","220479971"
"chr5","700315","700614","chr18","54931749","54932048","54","54231434"
"chr5","708509","708811","chr1","162421300","162421598","44","161712791"
"chr5","712288","712586","chr10","117405628","117405929","38","116693340"
"chr5","736501","736790","chr3","33487789","33488076","44","32751288"
"chr5","738708","738991","chr16","24852723","24853009","47","24114015"
"chr5","764010","764307","chr16","27883654","27883955","48","27119644"
"chr5","779127","779418","chr11","14321937","14322230","39","13542810"
"chr5","791864","792174","chr14","83274585","83274888","53","82482721"
"chr5","801363","801522","chr6","36357202","36357360","22","35555839"
"chr5","807346","807638","chr1","23889573","23889871","58","23082227"
"chr5","821553","821840","chr18","20204912","20205199","28","19383359"
"chr5","847651","847944","chr7","138657403","138657700","40","137809752"
"chr5","869261","869557","chr10","117263461","117263752","45","116394200"
"chr5","890829","891125","chr9","79446566","79446862","45","78555737"
"chr5","897375","897550","chr10","141663292","141663469","22","140765917"
"chr5","911104","911268","chr12","33023715","33023880","22","32112611"
"chr5","911566","911616","chr4","40458953","40459004","5","39547387"
"chr5","912542","912830","chr4","86775747","86776039","41","85863205"
"chr5","914230","914404","chr5","4152681","4152856","23","3238451"
"chr5","914442","914562","chr1","14802147","14802270","10","13887705"
"chr5","931949","932241","chr3","129524451","129524743","44","128592502"
"chr5","955833","956087","chr20","34921197","34921459","30","33965364"
"chr5","970965","971138","chr14","33308369","33308535","31","32337404"
"chr5","971171","971296","chr7","134697843","134697970","18","133726672"
"chr5","978164","978406","chr14","88110355","88110596","36","87132191"
"chr5","994148","994445","chr5","45914070","45914364","46","44919922"
"chr5","1015576","1015660","chr5","22749054","22749136","14","21733478"
"chr5","1032849","1033164","chr1","48274459","48274770","44","47241610"
"chr5","1034494","1034798","chr7","41200077","41200382","38","40165583"
"chr5","1035012","1035309","chr20","34844684","34844986","39","33809672"
"chr5","1040507","1040813","chr5","11959346","11959654","49","10918839"
"chr5","1065224","1065519","chr19","14638514","14638815","32","13573290"
"chr5","1067496","1067633","chr3","129404405","129404546","21","128336909"
"chr5","1069116","1069265","chr15","289115","289264","19","780001"
"chr5","1072936","1073231","chr1","118157211","118157508","34","117084275"
"chr5","1104475","1104595","chr1","43158687","43158821","35","42054212"
"chr5","1104875","1105028","chr14","21056651","21056807","24","19951776"
"chr5","1123161","1123282","chr21","27339681","27339805","11","26216520"
"chr5","1130645","1130943","chr5","106447798","106448096","44","105317153"
"chr5","1131256","1131388","chr19","48057785","48057919","30","46926529"
"chr5","1133941","1134074","chr3","8501615","8501750","19","7367674"
"chr5","1134372","1134585","chr14","51152874","51153078","62","50018502"
"chr5","1136254","1136418","chr6","136688069","136688231","28","135551815"
"chr5","1137312","1137600","chr11","9392301","9392584","42","8254989"
"chr5","1141524","1141804","chr2B","125965714","125966013","55","124824190"
"chr5","1141805","1141970","chr4","2469407","2469572","32","1327602"
"chr5","1149877","1150184","chr6","112148811","112149116","52","110998934"
"chr5","1154394","1154703","chr7","117102225","117102533","48","115947831"
"chr5","1154706","1154841","chr1","32882794","32882929","11","31728088"
"chr5","1154858","1155031","chrX","16581816","16581991","28","15426958"
"chr5","1155338","1155475","chr19","20828860","20828995","15","19673522"
"chr5","1173803","1174027","chr10","27073609","27073819","37","25899806"
"chr5","1199921","1200234","chr14","47693417","47693728","38","46493496"
"chr5","1211380","1211675","chr1","160302436","160302727","46","159091056"
"chr5","1238121","1238391","chr20","34623737","34624007","34","33385616"
"chr5","1238940","1239033","chr10","46936582","46936669","25","45697642"
"chr5","1242587","1242753","chr9","15166414","15166575","30","13923827"
"chr5","1243663","1243948","chr22","12781233","12781515","35","11537570"
"chr5","1257205","1257469","chr2A","17679019","17679296","45","16421814"
"chr5","1261764","1262059","chrX","54872558","54872857","34","53610794"
"chr5","1264544","1264698","chrX","1391589","1391740","22","127045"
"chr5","1270326","1270628","chr10","59914542","59914847","46","58644216"
"chr5","1285146","1285441","chr1","36762989","36763284","34","35477843"
"chr5","1291697","1291982","chr1","186408673","186408962","59","185116976"
"chr5","1293710","1294009","chr13","31069715","31070013","48","29776005"
"chr5","1308358","1308489","chr4","24998782","24998917","16","23690424"
"chr5","1311912","1312038","chr1","227439358","227439480","22","226127446"
"chr5","1312343","1312496","chr16","60078119","60078267","33","58765776"
"chr5","1312723","1312851","chr10","41425865","41425991","20","40113142"
"chr5","1313162","1313334","chr3","70383569","70383743","36","69070407"
"chr5","1317089","1317142","chr7","5500226","5500267","14","4183137"
"chr5","1317385","1317642","chr7","67935116","67935386","50","66617731"
"chr5","1327034","1327344","chr20","34535448","34535755","40","33208414"
"chr5","1335188","1335365","chr11","46664552","46664726","25","45329364"
"chr5","1335386","1335509","chr17","483217","483338","20","852169"
"chr5","1336751","1337053","chr12","107666717","107667023","42","106329966"
"chr5","1338128","1338423","chr17","5618949","5619254","44","4280821"
"chr5","1343261","1343560","chr9","98916415","98916712","41","97573154"
"chr5","1343641","1343940","chr7","95907271","95907567","45","94563630"
"chr5","1344721","1344936","chr6","75276942","75277147","50","73932221"
"chr5","1351449","1351645","chr7","71292864","71293056","36","69941415"
"chr5","1351964","1352065","chr5","18817181","18817273","19","17465217"
"chr5","1355723","1355983","chr1","28114787","28115055","62","26759064"
"chr5","1359030","1359339","chr1","137041933","137042244","51","135682903"
"chr5","1367144","1367312","chr12","10503992","10504156","30","9136848"
"chr5","1367902","1368037","chr1","168543967","168544101","13","167176065"
"chr5","1373801","1374102","chr6","43361957","43362257","50","41988156"
"chr5","1378837","1379085","chr1","21993759","21994007","34","20614922"
"chr5","1383379","1383651","chr9","23863075","23863353","39","22479696"
"chr5","1385606","1385718","chr5","82455178","82455291","14","81069572"
"chr5","1394650","1394933","chr11","9392301","9392584","50","7997651"
"chr5","1395527","1395668","chr7","138457531","138457670","23","137062004"
"chr5","1396448","1396579","chr12","24577929","24578061","13","23181481"
"chr5","1398128","1398278","chr3","126370891","126371038","27","124972763"
"chr5","1398574","1398608","chr12","112063447","112063479","5","110664873"
"chr5","1400581","1400598","chr6","136045287","136045301","3","134644706"
"chr5","1400915","1401079","chr16","79429247","79429410","30","78028332"
"chr5","1401703","1401835","chr5","38957611","38957744","17","37555908"
"chr5","1402126","1402315","chr5","56266408","56266584","40","54864282"
"chr5","1408916","1409037","chr12","125140441","125140562","20","123731525"
"chr5","1409336","1409496","chr19","6559213","6559375","28","5149877"
"chr5","1415390","1415666","chrX","8027667","8027947","46","6612277"
"chr5","1421612","1421915","chr20","33532066","33532370","42","32110454"
"chr5","1433549","1433827","chr10","32285720","32285995","43","30852171"
"chr5","1440292","1440631","chr8","128235647","128235973","50","126795355"
"chr5","1448674","1448815","chr15","47405536","47405674","32","45956862"
"chr5","1449113","1449189","chr5","91798946","91799022","34","90349833"
"chr5","1449501","1449645","chr1","139926507","139926646","24","138477006"
"chr5","1452169","1452291","chr1","14802147","14802270","17","13349978"
"chr5","1465909","1466009","chr12","103834727","103834824","20","102368818"
"chr5","1470747","1471032","chr12","53326856","53327152","51","51856109"
"chr5","1471787","1471980","chrX","124599356","124599551","32","123127569"
"chr5","1475691","1475975","chr5","54501254","54501541","53","53025563"
"chr5","1477057","1477339","chr11","3027874","3028156","55","1550817"
"chr5","1480281","1480447","chr6","113117568","113117735","37","111637287"
"chr5","1480742","1480878","chr7","82210564","82210699","14","80729822"
"chr5","1484992","1485106","chr10","28786060","28786179","23","27301068"
"chr5","1486458","1486721","chr5","98265233","98265495","50","96778775"
"chr5","1488830","1489080","chr11","58762109","58762359","68","57273279"
"chr5","1490394","1490593","chr3","33605807","33606012","43","32115413"
"chr5","1490953","1491216","chr2B","85592847","85593107","48","84101894"
"chr5","1491369","1491644","chr4","85479749","85480020","56","83988380"
"chr5","1492035","1492108","chr3","48471017","48471088","8","46978982"
"chr5","1505583","1505864","chr8","68622068","68622361","65","67116485"
"chr5","1517465","1517772","chrX","40125771","40126075","51","38608306"
"chr5","1521352","1521446","chr1","59633630","59633720","17","58112278"
"chr5","1524755","1524887","chr8","85311804","85311938","14","83787049"
"chr5","1524960","1525246","chr8","146073201","146073497","46","144548241"
"chr5","1525261","1525549","chr3","54121779","54122063","38","52596518"
"chr5","1526346","1526643","chr9","92362610","92362902","52","90836264"
"chr5","1563795","1563918","chr6","79500001","79500124","18","77936206"
"chr5","1575965","1576093","chr4","124094046","124094178","14","122518081"
"chr5","1577902","1578029","chr1","214134294","214134424","16","212556392"
"chr5","1582110","1582423","chr1","189738974","189739283","49","188156864"
"chr5","1584865","1585028","chr12","35791161","35791325","19","34206296"
"chr5","1585335","1585469","chr3","8501615","8501750","13","6916280"
"chr5","1595641","1595918","chrX","109751795","109752076","49","108156154"
"chr5","1595975","1596269","chr16","28312128","28312422","39","26716153"
"chr5","1600530","1600619","chr1","115533472","115533562","9","113932942"
"chr5","1612926","1613228","chrX","18188829","18189132","39","16575903"
"chr5","1613240","1613370","chr6","78227073","78227205","13","76613833"
"chr5","1614188","1614451","chr7","56637518","56637784","42","55023330"
"chr5","1615142","1615322","chr10","19600015","19600204","61","17984873"
"chr5","1618678","1618972","chr7","73094896","73095187","31","71476218"
"chr5","1630480","1630601","chr10","4417323","4417448","16","2786843"
"chr5","1632814","1632959","chr1","26826636","26826777","23","25193822"
"chr5","1639060","1639357","chr13","77437423","77437717","41","75798363"
"chr5","1639934","1640153","chr12","16867006","16867220","43","15227072"
"chr5","1651189","1651352","chr18","18577424","18577586","19","16926235"
"chr5","1651916","1652049","chr6","109615354","109615486","13","107963438"
"chr5","1655250","1655540","chr19","35826743","35827033","36","34171493"
"chr5","1677227","1677519","chr3","199443194","199443483","38","197765967"
"chr5","1679922","1680011","chr2A","98762006","98762096","8","97082084"
"chr5","1681746","1681984","chr2A","96954817","96955041","45","95273071"
"chr5","1702890","1703029","chr10","17856327","17856468","18","16153437"
"chr5","1731628","1731898","chrX","124144197","124144462","49","122412569"
"chr5","1756843","1756984","chr12","107291806","107291941","20","105534963"
"chr5","1758824","1758955","chr20","42484308","42484438","32","40725484"
"chr5","1759265","1759320","chr15","64413460","64413510","13","62654195"
"chr5","1766849","1767154","chr12","53339120","53339427","39","51572271"
"chr5","1767155","1767248","chr6","43759133","43759232","25","41991978"
"chr5","1782503","1782660","chrX","41769452","41769608","25","39986949"
"chr5","1797215","1797495","chr17","26536621","26536914","36","24739406"
"chr5","1800751","1801062","chr8","24352605","24352915","38","22551854"
"chr5","1803608","1803789","chr22","14363302","14363483","25","12559694"
"chr5","1804042","1804107","chr19","18077305","18077373","17","16273263"
"chr5","1815638","1815934","chr6","77750064","77750357","42","75934426"
"chr5","1826818","1826980","chr6","110855129","110855289","39","109028311"
"chr5","1832414","1832540","chr7","75937727","75937852","26","74105313"
"chr5","1833449","1833570","chr19","23039322","23039443","17","21205873"
"chr5","1833867","1833990","chr10","100784496","100784612","33","98950629"
"chr5","1842796","1842916","chr7","97148465","97148583","26","95305669"
"chr5","1844112","1844367","chr1","6642105","6642371","64","4797993"
"chr5","1844384","1844451","chr12","37964337","37964404","8","36119953"
"chr5","1849012","1849309","chr8","119202320","119202618","54","117353308"
"chr5","1855360","1855588","chr18","66103557","66103793","34","64248197"
"chr5","1855954","1856091","chr1","23421287","23421422","20","21565333"
"chr5","1884125","1884206","chr11","63118827","63118897","15","61234702"
"chr5","1885719","1885800","chr11","63118827","63118897","15","61233108"
"chr5","1886518","1886593","chr2A","63086447","63086523","9","61199929"
"chr5","1889089","1889399","chr20","34037485","34037797","47","32148396"
"chr5","1912843","1913139","chr15","47213465","47213760","39","45300622"
"chr5","1923794","1924105","chr3","89038920","89039216","46","87115126"
"chr5","1934272","1934561","chr2B","23549213","23549505","40","21614941"
"chr5","1972076","1972381","chr10","13687740","13688043","41","11715664"
"chr5","1982562","1982841","chr6","3742240","3742527","51","1759678"
"chr5","1998511","1998769","chr7","66717516","66717774","39","64719005"
"chr5","2004921","2005235","chr3","191333551","191333862","49","189328630"
"chr5","2007704","2007972","chr1","192523055","192523333","50","190515351"
"chr5","2008541","2008711","chr9","112527217","112527386","27","110518676"
"chr5","2012948","2013229","chr17","9318088","9318368","35","7305140"
"chr5","2016475","2016783","chr2A","96301914","96302217","53","94285439"
"chr5","2018966","2019274","chr8","18203887","18204192","45","16184921"
"chr5","2021426","2021577","chr16","73790398","73790536","30","71768972"
"chr5","2022416","2022710","chr14","22201975","22202267","53","20179559"
"chr5","2034660","2034956","chr10","113910555","113910852","43","111875895"
"chr5","2053214","2053501","chr7","1669242","1669542","45","383972"
"chr5","2053987","2054279","chr19","47086089","47086381","37","45032102"
"chr5","2055011","2055321","chr16","40617887","40618192","43","38562876"
"chr5","2058486","2058791","chr11","62726767","62727069","39","60668281"
"chr5","2059504","2059793","chr6","113237810","113238104","42","111178306"
"chr5","2061163","2061445","chr20","33867789","33868071","28","31806626"
"chr5","2063968","2064271","chrX","45212918","45213222","39","43148950"
"chr5","2065022","2065314","chr3","42788373","42788672","43","40723351"
"chr5","2068263","2068568","chr3","1318399","1318700","55","749864"
"chr5","2068779","2069077","chr4","71912476","71912777","45","69843697"
"chr5","2089161","2089269","chr4","72852437","72852547","10","70763276"
"chr5","2094645","2094816","chr7","149897616","149897788","26","147802971"
"chr5","2126539","2126858","chr1","47113265","47113575","54","44986726"
"chr5","2132945","2133238","chr6","160085701","160085995","41","157952756"
"chr5","2135272","2135576","chr6","110223273","110223577","36","108088001"
"chr5","2149027","2149159","chr5","156909712","156909846","13","154760685"
"chr5","2157030","2157207","chr19","2129475","2129647","24","27555"
"chr5","2157497","2157635","chr7","57241485","57241621","15","55083988"
"chr5","2166206","2166435","chr1","11799794","11799998","55","9633588"
"chr5","2166574","2166658","chr7","65088911","65088992","12","62922337"
"chr5","2180394","2180637","chr1","5354362","5354608","40","3173968"
"chr5","2230149","2230323","chr1","158656611","158656779","24","156426462"
"chr5","2230347","2230468","chr20","3421848","3421970","14","1191501"
"chr5","2232807","2233097","chr1","191919157","191919452","37","189686350"
"chr5","2274325","2274595","chr9","87413655","87413940","44","85139330"
"chr5","2285861","2286138","chr3","179781249","179781524","42","177495388"
"chr5","2292014","2292303","chr2A","105754001","105754289","37","103461987"
"chr5","2293014","2293292","chr2B","129989555","129989833","49","127696541"
"chr5","2301318","2301617","chrX","22158908","22159212","40","19857590"
"chr5","2305582","2305869","chr10","90832231","90832515","46","88526649"
"chr5","2313350","2313653","chr7","72979676","72979977","42","70666326"
"chr5","2314833","2315120","chr12","52944997","52945294","50","50630164"
"chr5","2322350","2322638","chr17","81507469","81507757","43","79185119"
"chr5","2329046","2329190","chr3","41203630","41203768","14","38874584"
"chr5","2330353","2330564","chr19","54237756","54237968","36","51907403"
"chr5","2356393","2356682","chr17","7267673","7267966","43","4911280"
"chr5","2358201","2358494","chr2B","123042501","123042797","39","120684300"
"chr5","2360950","2361075","chr5","44535162","44535293","33","42174212"
"chr5","2361379","2361535","chr14","36121278","36121432","27","33759899"
"chr5","2365209","2365443","chr2A","3321033","3321265","38","955824"
"chr5","2378054","2378318","chr13","92720697","92720963","36","90342643"
"chr5","2379457","2379815","chr4","197982628","197982985","82","195603171"
"chr5","2386801","2387025","chr19","49651839","49652062","29","47265038"
"chr5","2390910","2391199","chr17","81507469","81507757","41","79116559"
"chr5","2400645","2400913","chr6","3285939","3286213","45","885294"
"chr5","2415316","2415604","chr14","18938446","18938736","37","16523130"
"chr5","2422773","2422903","chr2B","13396113","13396246","13","10973340"
"chr5","2436925","2437224","chr10","88339146","88339442","42","85902221"
"chr5","2452048","2452177","chr22","24539445","24539575","23","22087397"
"chr5","2454333","2454631","chrX","26486886","26487191","50","24032553"
"chr5","2454719","2455012","chr20","43761961","43762257","51","41307242"
"chr5","2457880","2458165","chr11","66261634","66261923","42","63803754"
"chr5","2463758","2463891","chr16","60187992","60188127","27","57724234"
"chr5","2464210","2464380","chr7","128090894","128091057","26","125626684"
"chr5","2474274","2474406","chr16","31907781","31907912","14","29433507"
"chr5","2488366","2488489","chr10","6721061","6721184","15","4232695"
"chr5","2488585","2488778","chr1","223073222","223073405","45","220584637"
"chr5","2497481","2497787","chr11","76719549","76719855","39","74222068"
"chr5","2517530","2517836","chr20","33417124","33417436","33","30899594"
"chr5","2520295","2520499","chr9","21473429","21473618","49","18953134"
"chr5","2542774","2542907","chr17","17814752","17814887","13","15271978"
"chr5","2543203","2543370","chr14","34921385","34921550","24","32378182"
"chr5","2550444","2550675","chr10","117924660","117924874","50","115374216"
"chr5","2550710","2550837","chr10","100275972","100276100","18","97725262"
"chr5","2552335","2552464","chr14","12485207","12485337","12","9932872"
"chr5","2553907","2554200","chr1","61214859","61215158","43","58660952"
"chr5","2578868","2579164","chr1","156921438","156921735","44","154342570"
"chr5","2585845","2585975","chr6","33902335","33902470","18","31316490"
"chr5","2586901","2587029","chr4","124094046","124094178","15","121507145"
"chr5","2588512","2588648","chr6","143552251","143552375","22","140963739"
"chr5","2592722","2592890","chr1","63281361","63281523","28","60688639"
"chr5","2597919","2598047","chr10","134985436","134985567","16","132387517"
"chr5","2609357","2609657","chr11","100700710","100701020","47","98091353"
"chr5","2621717","2621995","chr14","10852179","10852470","49","8230462"
"chr5","2622809","2622819","chr1","184340759","184340769","1","181717950"
"chr5","2622840","2623127","chr7","106301000","106301283","44","103678160"
"chr5","2627585","2627863","chr10","117703851","117704138","43","115076266"
"chr5","2634447","2634744","chr9","43202834","43203132","40","40568387"
"chr5","2677196","2677472","chr3","53593985","53594256","41","50916789"
"chr5","2677503","2677794","chr13","53784237","53784532","48","51106734"
"chr5","2690812","2691089","chr18","77456408","77456687","42","74765596"
"chr5","2723481","2723754","chr11","125722767","125723043","46","122999286"
"chr5","2727654","2727951","chr12","35147057","35147353","43","32419403"
"chr5","2733561","2733688","chr18","74720693","74720820","17","71987132"
"chr5","2734000","2734164","chr2A","12462472","12462645","27","9728472"
"chr5","2734358","2734496","chr9","43376998","43377136","12","40642640"
"chr5","2734794","2734955","chr7","128090894","128091057","39","125356100"
"chr5","2763708","2764003","chr6","167179521","167179827","42","164415813"
"chr5","2795218","2795507","chr7","90657702","90657992","52","87862484"
"chr5","2804367","2804672","chr5","34215137","34215446","34","31410770"
"chr5","2854460","2854622","chr2A","5900847","5901006","20","3046387"
"chr5","2858036","2858267","chr5","156157690","156157924","38","153299654"
"chr5","2861699","2861783","chr2A","18806108","18806195","21","15944409"
"chr5","2863998","2864276","chr7","100449192","100449475","52","97585194"
"chr5","2876599","2876946","chr12","117303540","117303855","98","114426941"
"chr5","2883019","2883200","chr21","22828250","22828438","31","19945231"
"chr5","2887076","2887377","chr20","38855812","38856110","43","35968736"
"chr5","2889487","2889597","chr6","1443987","1444106","24","1445500"
"chr5","2899382","2899655","chr8","10769352","10769627","47","7869970"
"chr5","2902844","2903151","chr8","126717045","126717351","46","123814201"
"chr5","2911726","2911837","chr12","269808","269918","17","2641918"
"chr5","2912147","2912406","chr15","11984493","11984747","72","9072346"
"chr5","2912425","2912714","chr4","124825886","124826177","50","121913461"
"chr5","2912978","2913325","chr9","100142993","100143334","80","97230015"
"chr5","2913489","2913565","chr5","41433788","41433863","11","38520299"
"chr5","2913757","2914045","chr9","111957338","111957627","39","109043581"
"chr5","2921202","2921397","chr3","33605807","33606012","40","30684605"
"chr5","2926792","2927021","chr7","152572732","152572964","33","149645940"
"chr5","2929073","2929203","chr12","114431855","114431988","32","111502782"
"chr5","2929503","2929638","chr5","40351587","40351720","21","37422084"
"chr5","2932650","2932940","chr11","81075316","81075610","33","78142666"
"chr5","2933632","2933919","chr13","57881246","57881531","40","54947614"
"chr5","2938192","2938550","chr4","191196483","191196824","97","188258291"
"chr5","2938551","2938854","chr11","56648134","56648436","48","53709583"
"chr5","2948601","2948691","chr7","68348254","68348341","11","65399653"
"chr5","2954772","2955065","chr17","3837151","3837439","38","882379"
"chr5","2962803","2963101","chr3","118274669","118274949","78","115311866"
"chr5","2963640","2963939","chr3","137924019","137924316","52","134960379"
"chr5","2963956","2964054","chr4","201135009","201135100","27","198171053"
"chr5","2969953","2970262","chr12","112321988","112322290","50","109352035"
"chr5","2976841","2977098","chr10","92193222","92193483","43","89216381"
"chr5","2979336","2979395","chr5","7165629","7165684","18","4186293"
"chr5","2987495","2987719","chr19","54268132","54268343","34","51280637"
"chr5","3001980","3002271","chr1","46005396","46005686","49","43003416"
"chr5","3014067","3014353","chr3","59476033","59476318","40","56461966"
"chr5","3015466","3015779","chrX","41781561","41781871","42","38766095"
"chr5","3022821","3023122","chr2B","131657052","131657355","35","128634231"
"chr5","3025061","3025335","chr7","138693397","138693671","44","135668336"
"chr5","3029576","3029862","chr3","28602110","28602392","39","25572534"
"chr5","3036593","3036727","chrX","48541107","48541239","15","45504514"
"chr5","3037031","3037211","chr6","37274755","37274940","28","34237724"
"chr5","3057630","3057938","chr1","29345356","29345663","43","26287726"
"chr5","3070552","3070852","chr13","25069835","25070131","36","21999283"
"chr5","3079501","3079737","chrX","40490636","40490870","35","37411135"
"chr5","3087413","3087540","chr11","120280731","120280862","14","117193318"
"chr5","3101662","3101989","chr20","32842677","32843016","54","29741015"
"chr5","3114310","3114444","chr2A","89720579","89720711","19","86606269"
"chr5","3114733","3114926","chr12","121345168","121345351","41","118230435"
"chr5","3125926","3126003","chr7","158513104","158513179","18","155387178"
"chr5","3126496","3126627","chr14","12485207","12485337","16","9358711"
"chr5","3129830","3130002","chr8","48753766","48753936","22","45623936"
"chr5","3130297","3130430","chr21","23540140","23540272","17","20409843"
"chr5","3131730","3132017","chr16","45738454","45738745","46","42606724"
"chr5","3140500","3140799","chr6","45713778","45714072","45","42573278"
"chr5","3152152","3152457","chr22","34467371","34467669","37","31315219"
"chr5","3153681","3153830","chrX","5421195","5421346","18","2267514"
"chr5","3153856","3154133","chrX","119639724","119640005","45","116485868"
"chr5","3161446","3161735","chr9","76710013","76710305","41","73548567"
"chr5","3198814","3198881","chr7","158416332","158416394","15","155217518"
"chr5","3202328","3202455","chr1","133719894","133720026","16","130517566"
"chr5","3210510","3210821","chr20","32742580","32742891","32","29532070"
"chr5","3256143","3256443","chr15","53625075","53625374","37","50368932"
"chr5","3280136","3280413","chr17","60959553","60959832","50","57679417"
"chr5","3282454","3282749","chr6","45713778","45714072","41","42431324"
"chr5","3284060","3284262","chr1","11799794","11799998","47","8515734"
"chr5","3288870","3289058","chr12","121345168","121345351","41","118056298"
"chr5","3289635","3289772","chr4","201053944","201054079","24","197764309"
"chr5","3312620","3312749","chr6","4986918","4987047","19","1674298"
"chr5","3317390","3317694","chr7","142917539","142917834","43","139600149"
"chr5","3318725","3318851","chr1","17325345","17325470","25","14006620"
"chr5","3327092","3327220","chr10","97050663","97050795","23","93723571"
"chr5","3327515","3327666","chrX","1391589","1391740","27","1935926"
"chr5","3329919","3330142","chr1","52183942","52184158","39","48854023"
"chr5","3331128","3331188","chr5","53264542","53264606","13","49933414"
"chr5","3331221","3331506","chr3","199443194","199443483","47","196111973"
"chr5","3335985","3336172","chr7","33202850","33203038","29","29866865"
"chr5","3349614","3349811","chr20","32603751","32603945","21","29254137"
"chr5","3351683","3351843","chr1","22208793","22208950","27","18857110"
"chr5","3352170","3352430","chr7","73737064","73737323","42","70384894"
"chr5","3364331","3364634","chr15","70510924","70511228","39","67146593"
"chr5","3379935","3380049","chr4","72852437","72852547","25","69472502"
"chr5","3389040","3389069","chr12","101285938","101285969","8","97896898"
"chr5","3389382","3389493","chr15","20963705","20963814","17","17574323"
"chr5","3417825","3418118","chr4","162552218","162552510","38","159134393"
"chr5","3446685","3446983","chr5","128487668","128487964","41","125040983"
"chr5","3450623","3450925","chr4","154361154","154361455","33","150910531"
"chr5","3465485","3465781","chrX","74402049","74402348","31","70936564"
"chr5","3473658","3473949","chr6","95194922","95195216","35","91721264"
"chr5","3473970","3474251","chr5","14766693","14766968","65","11292723"
"chr5","3492154","3492432","chr5","102387389","102387677","47","98895235"
"chr5","3501424","3501677","chrX","6968143","6968396","28","3466719"
"chr5","3503006","3503283","chr1","217049267","217049555","52","213546261"
"chr5","3509391","3509696","chr8","56758850","56759156","41","53249459"
"chr5","3510080","3510371","chr1","181663457","181663748","39","178153377"
"chr5","3521666","3521958","chr9","114191687","114191982","34","110670021"
"chr5","3544342","3544618","chr3","51085560","51085840","48","47541218"
"chr5","3544630","3544921","chr7","148923723","148924017","33","145379093"
"chr5","3548678","3548979","chr20","32381789","32382088","30","28833111"
"chr5","3566576","3566801","chr1","52670029","52670265","31","49103453"
"chr5","3573795","3573821","chr4","4148757","4148779","6","574962"
"chr5","3573842","3574119","chr8","48387419","48387700","38","44813577"
"chr5","3575681","3575983","chr4","110248134","110248433","40","106672453"
"chr5","3575984","3576192","chr14","73359662","73359857","54","69783678"
"chr5","3579665","3579966","chr9","93885770","93886065","37","90306105"
"chr5","3588652","3588948","chr16","48335111","48335411","50","44746459"
"chr5","3589106","3589240","chr10","4864463","4864597","23","1275357"
"chr5","3602398","3602707","chr13","33346189","33346493","41","29743791"
"chr5","3610975","3611153","chr3","80011692","80011869","24","76400717"
"chr5","3611154","3611333","chr2B","691918","692104","29","2919236"
"chr5","3611598","3611732","chr4","121964169","121964304","18","118352571"
"chr5","3613776","3614065","chr9","30178098","30178387","43","26564322"
"chr5","3641511","3641772","chr2A","14826615","14826881","59","11185104"
"chr5","3645845","3646119","chr3","15609517","15609799","49","11963672"
"chr5","3672598","3672906","chr15","4385081","4385390","53","712483"
"chr5","3675729","3675838","chr8","78434840","78434947","19","74759111"
"chr5","3677365","3677538","chr1","205945113","205945290","38","202267748"
"chr5","3722779","3722910","chr2B","16990456","16990587","19","13267677"
"chr5","3726150","3726450","chr15","68328367","68328659","65","64602217"
"chr5","3729450","3729743","chr16","75935919","75936210","59","72206469"
"chr5","3730867","3731164","chr5","24372432","24372725","50","20641565"
"chr5","3740080","3740369","chr9","43346177","43346463","48","39606097"
"chr5","3742648","3742877","chr4","81244771","81245011","43","77502123"
"chr5","3758336","3758463","chr1","10043533","10043661","19","6285197"
"chr5","3758716","3758844","chr11","120280731","120280862","17","116522015"
"chr5","3770658","3770779","chr6","127611729","127611850","19","123841071"
"chr5","3770825","3771015","chr5","35357786","35357978","42","31586961"
"chr5","3778867","3779112","chr1","32667499","32667739","63","28888632"
"chr5","3791406","3791594","chr22","25098454","25098641","22","21307048"
"chr5","3794238","3794319","chr5","138511991","138512071","11","134717753"
"chr5","3794626","3794814","chrX","18378091","18378280","32","14583465"
"chr5","3799098","3799217","chr10","60326661","60326780","19","56527563"
"chr5","3799526","3799536","chr8","85915298","85915308","1","82115772"
"chr5","3803640","3803924","chr18","5916140","5916427","36","2112500"
"chr5","3804744","3804939","chr1","28024572","28024774","52","24219828"
"chr5","3806670","3806953","chr20","32165039","32165335","49","28358369"
"chr5","3807261","3807431","chr5","149842306","149842480","31","146035045"
"chr5","3807545","3807810","chrX","12667958","12668224","40","8860413"
"chr5","3808089","3808225","chr8","125854818","125854950","25","122046729"
"chr5","3809620","3809899","chr15","49302263","49302546","46","45492643"
"chr5","3824806","3825114","chr8","1034290","1034598","57","2790516"
"chr5","3826461","3826577","chr1","142810142","142810256","20","138983681"
"chr5","3826604","3826784","chr17","57882201","57882374","42","54055597"
"chr5","3827921","3828228","chr10","106997438","106997740","49","103169517"
"chr5","3831553","3831835","chrX","45211712","45211994","41","41380159"
"chr5","3838352","3838655","chr1","179842553","179842858","41","176004201"
"chr5","3840325","3840519","chr17","4669162","4669351","31","828837"
"chr5","3841940","3842063","chr1","10043533","10043661","17","6201593"
"chr5","3842723","3842853","chr12","37194384","37194519","17","33351661"
"chr5","3843178","3843368","chr16","9131724","9131911","34","5288546"
"chr5","3843373","3843534","chr5","121900594","121900758","24","118057221"
"chr5","3847213","3847406","chr1","163135659","163135847","29","159288446"
"chr5","3851174","3851465","chrX","134929323","134929618","50","131078149"
"chr5","3853382","3853686","chr8","141066904","141067212","38","137213522"
"chr5","3858073","3858388","chr1","9371977","9372288","44","5513904"
"chr5","3862830","3863118","chr6","7408993","7409283","43","3546163"
"chr5","3864116","3864243","chr14","12485207","12485337","14","8621091"
"chr5","3867237","3867363","chr11","120280731","120280862","13","116413494"
"chr5","3870211","3870361","chr20","32110210","32110362","23","28239999"
"chr5","3871327","3871457","chr16","60437185","60437315","16","56565858"
"chr5","3871461","3871627","chr11","16967635","16967802","23","13096174"
"chr5","3875929","3876045","chr6","56454665","56454783","19","52578736"
"chr5","3910370","3910653","chr12","34815487","34815779","44","30905117"
"chr5","3911163","3911279","chr2A","37342062","37342176","24","33430899"
"chr5","3912437","3912580","chr20","49897649","49897790","27","45985212"
"chr5","3913426","3913548","chr15","73119233","73119360","17","69205807"
"chr5","3913617","3913661","chr4","198532605","198532641","14","194618988"
"chr5","3913963","3914151","chr2A","80592909","80593092","30","76678946"
"chr5","3917219","3917513","chr4","21361861","21362148","40","17444642"
"chr5","3927218","3927519","chr20","32086406","32086710","42","28159188"
"chr5","3927540","3927866","chr15","68710193","68710526","56","64782653"
"chr5","3934459","3934758","chr11","113082653","113082951","40","109148194"
"chr5","3943607","3943901","chr7","69776285","69776581","45","65832678"
"chr5","3947709","3947913","chr14","38248170","38248371","31","34300461"
"chr5","3948236","3948345","chr1","116960879","116960991","18","113012643"
"chr5","3949124","3949322","chr7","20814508","20814695","42","16865384"
"chr5","3950199","3950335","chr16","15499304","15499439","16","11549105"
"chr5","3950630","3950787","chr5","138512365","138512523","20","134561735"
"chr5","3954283","3954376","chrX","1746604","1746696","10","2207679"
"chr5","3954684","3954858","chr2A","36976715","36976887","33","33022031"
"chr5","3957718","3957985","chr16","37628135","37628413","46","33670417"
"chr5","3958804","3959023","chr14","63047562","63047782","36","59088758"
"chr5","3962117","3962308","chr8","25854652","25854840","31","21892535"
"chr5","3966447","3966721","chr22","1778163","1778440","39","2188284"
"chr5","3974076","3974375","chr8","82894963","82895258","31","78920887"
"chr5","3975919","3976145","chr11","33098975","33099204","32","29123056"
"chr5","3976148","3976314","chr4","2469407","2469572","29","1506741"
"chr5","3982475","3982783","chr7","110973057","110973365","42","106990582"
"chr5","3987467","3987602","chr7","6483541","6483675","14","2496074"
"chr5","3996567","3996869","chr5","34215137","34215446","56","30218570"
"chr5","4023427","4023676","chr10","117562073","117562327","35","113538646"
"chr5","4024473","4024599","chr2A","11350578","11350709","17","7326105"
"chr5","4031135","4031434","chr8","101544594","101544890","42","97513459"
"chr5","4033000","4033250","chr13","73433757","73434007","32","69400757"
"chr5","4056014","4056321","chr14","83957275","83957576","44","79901261"
"chr5","4061365","4061652","chr1","25177448","25177739","33","21116083"
"chr5","4063353","4063645","chr3","58837227","58837522","53","54773874"
"chr5","4074945","4075214","chr9","113412883","113413140","61","109337938"
"chr5","4108587","4108889","chr20","4953569","4953870","41","844982"
"chr5","4112307","4112589","chr20","31911439","31911726","26","27799132"
"chr5","4200935","4201221","chr5","61156706","61157000","55","56955771"
"chr5","4201233","4201531","chr10","108681055","108681354","36","104479822"
"chr5","4201821","4202089","chr9","53102308","53102564","44","48900487"
"chr5","4292225","4292535","chr5","34215137","34215446","36","29922912"
"chr5","4315295","4315411","chr17","32612970","32613091","19","28297675"
"chr5","4319249","4319551","chr3","54267546","54267855","56","49948297"
"chr5","4322816","4323100","chr17","1458662","1458952","47","2864154"
"chr5","4325606","4325897","chr5","24372432","24372725","33","20046826"
"chr5","4340075","4340365","chr8","101544594","101544890","38","97204519"
"chr5","4346184","4346303","chr1","127657503","127657621","16","123311319"
"chr5","4354666","4354975","chr1","183470306","183470612","48","179115640"
"chr5","4358876","4359168","chr1","39492444","39492735","34","35133568"
"chr5","4365541","4365667","chr19","2794727","2794854","23","1570814"
"chr5","4365828","4366000","chr5","44638829","44639000","27","40273001"
"chr5","4371091","4371221","chr5","46767835","46767960","29","42396744"
"chr5","4378229","4378385","chr16","30608854","30608999","45","26230625"
"chr5","4378554","4378855","chr8","48728376","48728678","35","44349822"
"chr5","4379233","4379531","chrX","111678645","111678944","27","107299412"
"chr5","4382239","4382538","chr1","52526236","52526537","35","48143997"
"chr5","4386053","4386315","chr5","16239905","16240171","49","11853852"
"chr5","4390782","4390950","chr8","103382485","103382653","25","98991703"
"chr5","4391054","4391182","chr16","65477857","65477989","15","61086803"
"chr5","4392916","4393057","chr1","27469409","27469546","17","23076493"
"chr5","4393372","4393589","chr1","219046851","219047038","59","214653479"
"chr5","4407258","4407546","chr1","194129673","194129951","55","189722415"
"chr5","4439185","4439284","chr9","60259770","60259866","17","55820585"
"chr5","4446213","4446500","chr6","161756006","161756295","56","157309793"
"chr5","4446537","4446839","chr9","107563021","107563319","42","103116484"
"chr5","4460668","4460886","chr20","31468527","31468749","31","27007859"
"chr5","4471798","4472071","chr5","43109838","43110121","62","38638040"
"chr5","4474651","4474961","chr5","24766892","24767201","55","20292241"
"chr5","4481673","4481779","chr5","52569450","52569555","25","48087777"
"chr5","4482077","4482258","chr16","24273971","24274150","36","19791894"
"chr5","4489312","4489448","chr5","7570536","7570671","21","3081224"
"chr5","4497629","4497702","chr11","118916948","118917020","9","114419319"
"chr5","4498627","4498759","chr5","162152105","162152232","27","157653478"
"chr5","4499048","4499238","chr5","133243304","133243477","45","128744256"
"chr5","4502321","4502416","chr7","68348254","68348341","22","63845933"
"chr5","4514596","4514884","chr1","212745117","212745410","44","208230521"
"chr5","4515717","4515828","chr8","63631723","63631835","14","59116006"
"chr5","4516565","4516700","chrX","49110337","49110472","16","44593772"
"chr5","4517007","4517167","chr2A","1973329","1973495","29","2543678"
"chr5","4518356","4518505","chr3","131805211","131805354","28","127286855"
"chr5","4518806","4518917","chr4","115125522","115125634","27","110606716"
"chr5","4519581","4519829","chr15","36398816","36399057","57","31879235"
"chr5","4524475","4524768","chr1","194129673","194129951","48","189605198"
"chr5","4533984","4534250","chr10","91292506","91292788","57","86758522"
"chr5","4535432","4535677","chr2B","44998125","44998352","51","40462693"
"chr5","4535920","4535981","chr13","25013710","25013765","21","20477790"
"chr5","4539876","4540171","chr8","103977254","103977550","37","99437378"
"chr5","4544862","4545154","chr12","95285600","95285895","42","90740738"
"chr5","4545965","4546284","chr13","26887519","26887823","54","22341554"
"chr5","4549994","4550162","chr7","128308250","128308421","27","123758256"
"chr5","4561491","4561620","chr10","107898843","107898965","19","103337352"
"chr5","4574781","4575117","chr16","43650904","43651223","69","39076123"
"chr5","4576608","4576901","chrX","91199993","91200279","45","86623385"
"chr5","4578411","4578716","chr3","28355353","28355652","43","23776942"
"chr5","4586150","4586444","chr19","13425346","13425635","46","8839196"
"chr5","4586445","4586458","chr9","31475183","31475195","2","26888738"
"chr5","4586479","4586592","chr8","63631723","63631835","12","59045244"
"chr5","4586778","4587071","chr1","200122266","200122565","48","195535488"
"chr5","4588396","4588702","chr9","103392892","103393193","42","98804496"
"chr5","4590365","4590558","chr20","35830754","35830958","32","31240389"
"chr5","4625118","4625421","chr1","33164270","33164568","44","28539152"
"chr5","4626192","4626480","chr3","54121779","54122063","49","49495587"
"chr5","4626950","4627126","chr5","141746927","141747096","43","137119977"
"chr5","4631693","4631758","chr4","69687604","69687670","22","65055911"
"chr5","4657310","4657462","chr10","11628845","11628998","23","6971535"
"chr5","4662080","4662379","chr5","7694117","7694413","31","3032037"
"chr5","4663709","4663994","chr18","46647712","46647999","36","41984003"
"chr5","4665689","4665979","chr8","74978088","74978380","42","70312399"
"chr5","4691321","4691609","chr5","45914070","45914364","40","41222749"
"chr5","4703922","4704116","chr21","25046654","25046851","30","20342732"
"chr5","4704138","4704260","chr17","30514493","30514618","14","25810355"
"chr5","4731149","4731313","chr14","55003593","55003760","26","50272444"
"chr5","4731314","4731429","chrX","23325027","23325143","17","18593713"
"chr5","4740078","4740248","chr3","187564355","187564522","26","182824277"
"chr5","4740550","4740606","chr19","22734340","22734395","8","17993790"
"chr5","4755309","4755603","chr8","82894963","82895258","41","78139654"
"chr5","4776153","4776385","chr16","15849378","15849610","29","11073225"
"chr5","4783654","4783835","chr3","49045625","49045801","26","44261971"
"chr5","4783865","4783989","chr7","148661024","148661145","15","143877159"
"chr5","4789936","4790218","chr14","8841814","8842097","41","4051878"
"chr5","4790251","4790424","chr1","126226950","126227121","22","121436699"
"chr5","4800156","4800450","chr3","187525002","187525293","39","182724846"
"chr5","4872677","4872791","chr3","45629081","45629198","13","40756404"
"chr5","4875423","4875679","chr7","140599424","140599687","50","135724001"
"chr5","4902525","4902835","chr5","838415","838723","35","4064110"
"chr5","4910962","4911203","chr1","15610844","15611087","34","10699882"
"chr5","4919797","4920121","chr21","30658994","30659298","59","25739197"
"chr5","4920309","4920610","chr7","79042494","79042790","57","74122185"
"chr5","4920746","4921016","chr3","30663841","30664112","52","25743095"
"chr5","4930904","4931031","chr6","137233840","137233966","15","132302936"
"chr5","4934805","4935071","chr11","117436843","117437107","38","112502038"
"chr5","4951446","4951531","chr15","43080548","43080631","21","38129102"
"chr5","4952144","4952415","chr9","87382451","87382724","42","82430307"
"chr5","4953521","4953826","chr2A","65146884","65147193","42","60193363"
"chr5","4958972","4959140","chr13","81469858","81470022","26","76510886"
"chr5","4960572","4960825","chr1","92632150","92632404","40","87671578"
"chr5","4965656","4965948","chr7","156101400","156101691","36","151135744"
"chr5","4969189","4969479","chr20","30978267","30978558","42","26009078"
"chr5","4970868","4971169","chr1","205863329","205863635","36","200892461"
"chr5","4973260","4973545","chr11","117367595","117367888","50","112394335"
"chr5","4982792","4983094","chr3","74750020","74750321","38","69767228"
"chr5","4991494","4991788","chr16","38878286","38878581","44","33886792"
"chr5","4991828","4991842","chr3","131152171","131152184","2","126160343"
"chr5","5002882","5003188","chrX","48155793","48156103","45","43152911"
"chr5","5015003","5015138","chr7","142376930","142377069","20","137361927"
"chr5","5030783","5031073","chr20","62792841","62793128","44","57762058"
"chr5","5031722","5031820","chr7","76031609","76031706","20","70999887"
"chr5","5032042","5032242","chr17","7815860","7816064","24","2783818"
"chr5","5041373","5041575","chr10","86777567","86777768","30","81736194"
"chr5","5041838","5041958","chr10","111821624","111821744","14","106779786"
"chr5","5042718","5043037","chr7","77563626","77563945","68","72520908"
"chr5","5045894","5046189","chr2B","83821443","83821735","40","78775549"
"chr5","5054210","5054512","chr4","72043971","72044268","38","66989761"
"chr5","5079203","5079446","chr1","152422398","152422642","34","147343195"
"chr5","5110805","5111088","chrX","13559368","13559655","43","8448563"
"chr5","5112302","5112438","chr1","27103701","27103836","18","21991399"
"chr5","5112734","5112903","chr1","208243872","208244041","27","203131138"
"chr5","5116458","5116785","chr20","30844282","30844593","61","25727824"
"chr5","5123625","5123925","chr1","117548868","117549167","39","112425243"
"chr5","5130081","5130384","chr1","184892432","184892742","42","179762351"
"chr5","5132572","5132846","chr12","32480569","32480848","37","27347997"
"chr5","5139024","5139315","chr10","116118204","116118500","44","110979180"
"chr5","5145011","5145310","chr19","45580457","45580750","43","40435446"
"chr5","5153592","5153899","chr7","73094896","73095187","60","67941304"
"chr5","5157326","5157608","chr22","30250146","30250431","47","25092820"
"chr5","5162367","5162664","chr5","30708365","30708670","50","25545998"
"chr5","5217749","5218050","chr14","38922945","38923244","34","33705196"
"chr5","5224500","5224790","chr7","4032279","4032574","46","1192221"
"chr5","5229257","5229281","chr7","76902601","76902621","7","71673344"
"chr5","5229308","5229590","chrX","31777979","31778262","44","26548671"
"chr5","5270099","5270373","chr20","30702242","30702518","37","25432143"
"chr5","5287112","5287233","chr6","91723632","91723748","12","86436520"
"chr5","5287517","5287683","chr16","2428137","2428301","32","2859380"
"chr5","5292140","5292442","chr19","18189585","18189884","36","12897445"
"chr5","5294653","5294952","chr3","199801149","199801446","34","194506496"
"chr5","5319085","5319183","chr17","92118913","92119012","16","86799828"
"chr5","5320809","5320871","chr16","60340066","60340132","10","55019257"
"chr5","5321499","5321759","chr5","92676376","92676647","52","87354877"
"chr5","5347938","5348224","chr2B","124728949","124729237","40","119381011"
"chr5","5355714","5355984","chr2B","44742855","44743136","60","39387141"
"chr5","5371031","5371182","chr8","115933989","115934141","27","110562958"
"chr5","5376025","5376318","chr6","31296908","31297204","51","25920883"
"chr5","5399560","5399849","chr1","194129673","194129951","55","188730113"
"chr5","5410260","5410397","chr12","52332062","52332197","15","46921802"
"chr5","5410398","5410694","chr3","170743312","170743609","39","165332914"
"chr5","5410695","5410863","chr1","9731850","9732016","26","4321155"
"chr5","5455663","5455859","chr1","189300369","189300566","31","183844706"
"chr5","5463972","5464261","chr17","7267673","7267966","36","1803701"
"chr5","5468499","5468617","chr5","54133125","54133234","24","48664626"
"chr5","5505386","5505680","chr21","34898636","34898932","38","29393250"
"chr5","5507200","5507480","chr13","1376244","1376525","29","4130956"
"chr5","5522634","5522800","chr11","66300950","66301117","26","60778316"
"chr5","5522810","5522857","chr8","2415054","2415104","12","3107756"
"chr5","5523730","5523893","chr1","145819643","145819804","32","140295913"
"chr5","5530871","5530997","chr4","1766033","1766160","18","3764838"
"chr5","5533353","5533646","chr1","25177448","25177739","43","19644095"
"chr5","5533760","5534044","chr5","141183827","141184113","35","135650067"
"chr5","5535650","5535812","chr4","201018654","201018817","22","195483004"
"chr5","5546013","5546147","chr1","52540671","52540806","14","46994658"
"chr5","5546148","5546456","chrX","133347328","133347631","38","127801180"
"chr5","5546457","5546620","chr12","37388525","37388697","30","31842068"
"chr5","5560078","5560213","chr3","8501615","8501750","11","2941537"
"chr5","5561955","5562162","chr1","32927132","32927338","32","27365177"
"chr5","5563458","5563585","chr14","12485207","12485337","11","6921749"
"chr5","5567373","5567572","chr1","215590229","215590423","46","210022856"
"chr5","5609911","5609994","chr1","65145273","65145362","15","59535362"
"chr5","5610295","5610380","chr2B","83964428","83964503","19","78354133"
"chr5","5610751","5610983","chr22","25164955","25165188","42","19554204"
"chr5","5618954","5619254","chr5","22807671","22807969","35","17188717"
"chr5","5638144","5638432","chr17","10790776","10791066","51","5152632"
"chr5","5638434","5638560","chr1","214134294","214134424","14","208495860"
"chr5","5641731","5641881","chr1","128500240","128500378","40","122858509"
"chr5","5648305","5648591","chrX","46727945","46728224","42","41079640"
"chr5","5658090","5658307","chr4","38033891","38034102","47","32375801"
"chr5","5661111","5661410","chr20","30299821","30300117","45","24638710"
"chr5","5669996","5670128","chr3","51142908","51143043","19","45472912"
"chr5","5670431","5670598","chr3","187564355","187564522","32","181893924"
"chr5","5672867","5673055","chr3","53513419","53513609","44","47840552"
"chr5","5682649","5682942","chr1","215160810","215161099","44","209478161"
"chr5","5687965","5688126","chr20","43389206","43389366","31","37701241"
"chr5","5688437","5688594","chr7","141300505","141300656","29","135612068"
"chr5","5689294","5689477","chr1","203553629","203553809","28","197864335"
"chr5","5696002","5696135","chr11","369484","369619","18","5326518"
"chr5","5696136","5696276","chr17","58038815","58038960","21","52342679"
"chr5","5696585","5696762","chr19","13634170","13634345","29","7937585"
"chr5","5697293","5697551","chr20","30257291","30257554","37","24559998"
"chr5","5698708","5698814","chr17","6382657","6382765","20","683949"
"chr5","5712492","5712753","chr2B","85592847","85593107","40","79880355"
"chr5","5716557","5716676","chr10","60326661","60326780","17","54610104"
"chr5","5722286","5722640","chr15","72662310","72662661","80","66940024"
"chr5","5725160","5725409","chr4","81507822","81508086","63","75782662"
"chr5","5725694","5725706","chr8","59319625","59319635","2","53593931"
"chr5","5726050","5726356","chr15","53196353","53196655","58","47470303"
"chr5","5730439","5730629","chr10","24386022","24386213","27","18655583"
"chr5","5730963","5731081","chr7","79027399","79027514","15","73296436"
"chr5","5757855","5757933","chr2B","6921752","6921837","18","1163897"
"chr5","5758192","5758253","chr4","137363619","137363680","14","131605427"
"chr5","5759561","5759848","chr10","11974321","11974614","39","6214760"
"chr5","5763410","5763487","chr19","56702045","56702122","11","50938635"
"chr5","5775002","5775167","chrX","1734034","1734203","26","4040968"
"chr5","5775469","5775604","chr4","121964169","121964304","15","116188700"
"chr5","5780657","5780788","chr9","111018941","111019072","14","105238284"
"chr5","5783005","5783311","chr14","44601071","44601374","38","38818066"
"chr5","5788727","5789029","chr6","167179521","167179827","52","161390794"
"chr5","5789034","5789262","chrX","10355880","10356113","33","4566846"
"chr5","5792303","5792553","chr19","13758188","13758435","42","7965885"
"chr5","5795768","5796072","chr16","70463102","70463400","52","64667334"
"chr5","5804290","5804585","chr10","85032894","85033191","43","79228604"
"chr5","5818059","5818243","chr16","24273971","24274150","32","18455912"
"chr5","5818400","5818530","chr17","78621254","78621387","34","72802854"
"chr5","5821548","5821851","chr4","165195811","165196111","37","159374263"
"chr5","5827269","5827433","chr6","154397207","154397372","25","148569938"
"chr5","5828025","5828159","chr3","8501615","8501750","11","2673590"
"chr5","5839491","5839827","chr12","96263756","96264063","58","90424265"
"chr5","5840456","5840724","chr19","12350250","12350513","49","6509794"
"chr5","5850152","5850449","chr15","70423728","70424024","35","64573576"
"chr5","5856364","5856672","chr11","129916074","129916378","42","124059710"
"chr5","5860437","5860595","chr22","24589283","24589438","35","18728846"
"chr5","5872545","5872852","chrX","148169944","148170241","58","142297399"
"chr5","5941262","5941560","chr8","9756252","9756551","52","3814990"
"chr5","5973220","5973532","chr12","105294125","105294429","51","99320905"
"chr5","5997726","5998050","chr20","29964789","29965106","53","23967063"
"chr5","5998117","5998420","chr1","88668229","88668526","61","82670112"
"chr5","6003398","6003547","chrX","54555278","54555430","21","48551880"
"chr5","6051154","6051454","chr5","59191422","59191722","41","53140268"
"chr5","6053731","6053955","chr2A","36711440","36711659","27","30657709"
"chr5","6054348","6054421","chr6","17658527","17658603","11","11604179"
"chr5","6056940","6057160","chr2A","36711440","36711659","26","30654500"
"chr5","6064239","6064362","chr7","138107219","138107343","13","132042980"
"chr5","6087459","6087781","chr5","18846169","18846482","59","12758710"
"chr5","6149121","6149277","chr3","9778050","9778199","24","3628929"
"chr5","6149301","6149315","chr16","4512150","4512163","1","1637151"
"chr5","6162233","6162351","chr7","62499882","62500000","12","56337649"
"chr5","6175707","6175832","chr2A","68436733","68436853","24","62261026"
"chr5","6195745","6196036","chr7","139963807","139964112","43","133768062"
"chr5","6207982","6208276","chr18","10807354","10807653","37","4599372"
"chr5","6252317","6252629","chr4","17012787","17013097","45","10760470"
"chr5","6255903","6256201","chr12","29408582","29408882","41","23152679"
"chr5","6262264","6262413","chr2B","116477058","116477208","16","110214794"
"chr5","6268124","6268251","chr4","39902782","39902912","19","33634658"
"chr5","6273119","6273324","chr1","118570669","118570869","36","112297550"
"chr5","6275013","6275141","chr3","60785435","60785563","15","54510422"
"chr5","6275498","6275788","chr6","87890572","87890863","36","81615074"
"chr5","6282190","6282346","chr3","151711520","151711672","26","145429330"
"chr5","6293711","6293995","chr10","90332511","90332792","43","84038800"
"chr5","6296767","6297067","chr8","48728376","48728678","47","42431609"
"chr5","6310901","6311195","chr1","9887694","9887990","40","3576793"
"chr5","6312727","6313023","chr6","151128421","151128713","43","144815694"
"chr5","6318924","6319231","chr4","37991659","37991968","39","31672735"
"chr5","6324376","6324654","chr5","63841551","63841833","46","57517175"
"chr5","6346956","6347222","chr9","99672607","99672878","52","93325651"
"chr5","6364868","6365000","chr2B","126060167","126060299","16","119695299"
"chr5","6369253","6369549","chr12","114256471","114256750","55","107887218"
"chr5","6370389","6370633","chr10","101147642","101147871","50","94777253"
"chr5","6371213","6371339","chr18","74720693","74720820","15","68349480"
"chr5","6372210","6372524","chr11","3696738","3697044","56","2675472"
"chr5","6375418","6375726","chr7","25001809","25002119","49","18626391"
"chr5","6379289","6379573","chr2B","124977630","124977912","27","118598341"
"chr5","6385405","6385692","chr14","74043184","74043471","40","67657779"
"chr5","6387319","6387511","chr14","16395420","16395621","30","10008101"
"chr5","6387802","6387915","chr9","107676550","107676661","20","101288748"
"chr5","6392930","6393213","chrX","106947327","106947619","51","100554397"
"chr5","6401258","6401532","chr8","27554215","27554491","38","21152957"
"chr5","6411410","6411542","chr1","133719894","133720026","14","127308484"
"chr5","6420887","6421186","chr19","36553576","36553871","44","30132689"
"chr5","6444687","6444843","chr1","209206604","209206753","36","202761917"
"chr5","6445139","6445271","chr22","18612641","18612767","23","12167502"
"chr5","6449658","6449929","chr21","24947022","24947302","48","18497364"
"chr5","6453347","6453633","chr16","6821767","6822049","42","368420"
"chr5","6462314","6462591","chr19","7851813","7852079","54","1389499"
"chr5","6467443","6467731","chr9","69335388","69335681","41","62867945"
"chr5","6475763","6475881","chr4","23348356","23348473","22","16872593"
"chr5","6477622","6477775","chr3","190145156","190145312","36","183667534"
"chr5","6479716","6479850","chr19","21133911","21134046","14","14654195"
"chr5","6482104","6482405","chr15","36002655","36002951","37","29520551"
"chr5","6517185","6517248","chr1","125426794","125426854","12","118909609"
"chr5","6533009","6533297","chr14","39211827","39212110","45","32678818"
"chr5","6534494","6534767","chr1","181281886","181282160","42","174747392"
"chr5","6539672","6539981","chr1","136190565","136190874","41","129650893"
"chr5","6552910","6553148","chr3","33765107","33765355","44","27212197"
"chr5","6579782","6579909","chr1","46966654","46966781","20","40386872"
"chr5","6579934","6580086","chrX","110358753","110358897","31","103778819"
"chr5","6588366","6588487","chr12","5105960","5106079","13","1482406"
"chr5","6598008","6598313","chrX","19334532","19334835","38","12736524"
"chr5","6683255","6683540","chr6","37774101","37774383","48","31090846"
"chr5","6689728","6690037","chr14","110301","110606","43","6579427"
"chr5","6702542","6702674","chrX","47697355","47697489","18","40994813"
"chr5","6702972","6703126","chr7","64954246","64954405","37","58251274"
"chr5","6703131","6703425","chr9","104384316","104384616","42","97681185"
"chr5","6724320","6724452","chr2A","21978580","21978704","25","15254260"
"chr5","6724453","6724682","chr5","45969605","45969846","38","39245152"
"chr5","6724683","6724862","chr2B","125213834","125214012","31","118489151"
"chr5","6730484","6730579","chr7","69823673","69823768","11","63093189"
"chr5","6736965","6737096","chr19","52927688","52927821","12","46190723"
"chr5","6738924","6739210","chr10","34568029","34568317","39","27829105"
"chr5","6744253","6744556","chr10","40461630","40461928","51","33717377"
"chr5","6764714","6764995","chr5","151049958","151050238","36","144285244"
"chr5","6768818","6769114","chr20","804669","804958","45","5964149"
"chr5","6791444","6791601","chr5","41013845","41014003","20","34222401"
"chr5","6802179","6802457","chr19","8347720","8347997","55","1545541"
"chr5","6848693","6849014","chr1","89938779","89939088","56","83090086"
"chr5","6858748","6858991","chr8","68487396","68487648","43","61628648"
"chr5","6864802","6864940","chr9","43376998","43377136","17","36512196"
"chr5","6905071","6905362","chr6","151128421","151128713","44","144223350"
"chr5","6908797","6909090","chr1","68400871","68401164","27","61492074"
"chr5","6946948","6947091","chr2B","60649907","60650060","38","53702959"
"chr5","6947411","6947460","chr3","133745164","133745214","4","126797753"
"chr5","6954007","6954283","chr12","120592751","120593031","46","113638744"
"chr5","6971397","6971483","chr7","77837514","77837594","12","70866117"
"chr5","6972821","6972976","chr6","91253106","91253262","26","84280285"
"chr5","7037248","7037386","chr4","185734049","185734184","17","178696801"
"chr5","7037572","7037744","chr16","14901424","14901593","27","7863852"
"chr5","7038666","7038975","chr2B","7494844","7495155","39","456178"
"chr5","7053731","7053918","chr15","59552469","59552663","27","52498738"
"chr5","7100776","7101088","chr20","1177490","1177794","51","5923286"
"chr5","7125989","7126267","chr1","97969402","97969679","48","90843413"
"chr5","7173823","7174131","chr8","43304068","43304364","57","36130245"
"chr5","7181386","7181608","chr7","63292002","63292227","30","56110616"
"chr5","7239178","7239389","chr1","134486097","134486305","31","127246919"
"chr5","7292744","7292830","chr7","65088911","65088992","16","57796167"
"chr5","7349761","7350059","chr5","43594444","43594745","39","36244683"
"chr5","7361753","7362051","chr14","11718645","11718940","44","4356892"
"chr5","7389926","7390200","chr11","123114043","123114321","35","115724117"
"chr5","7432649","7432718","chr10","106789440","106789500","18","99356791"
"chr5","7433128","7433398","chr18","11836657","11836929","42","4403529"
"chr5","7460041","7460346","chr14","60319397","60319702","42","52859356"
"chr5","7462778","7463056","chr1","62601421","62601701","44","55138643"
"chr5","7467523","7467653","chr2A","61872271","61872400","15","54404748"
"chr5","7467953","7468099","chr22","24845914","24846051","32","17377961"
"chr5","7486896","7487197","chr22","12412639","12412945","42","4925743"
"chr5","7627137","7627296","chr13","90232152","90232320","26","82605015"
"chr5","7718467","7718745","chr8","23212956","23213232","47","15494489"
"chr5","7719994","7720295","chr9","109734146","109734451","37","102014152"
"chr5","7735291","7735421","chr21","34756841","34756973","24","27021550"
"chr5","7767824","7768128","chr3","190276346","190276640","45","182508522"
"chr5","7801813","7802117","chr20","35550161","35550463","52","27748348"
"chr5","7860950","7861148","chr2A","84198754","84198964","41","76337804"
"chr5","7881729","7882028","chr7","81769047","81769346","33","73887318"
"chr5","7884280","7884573","chr1","9683728","9684022","42","1799448"
"chr5","7888865","7889212","chr19","17083304","17083638","69","9194439"
"chr5","7904232","7904464","chr12","29668198","29668439","46","21763966"
"chr5","7904761","7904845","chr22","28221519","28221604","10","20316758"
"chr5","7910704","7910847","chr1","28460320","28460463","16","20549616"
"chr5","7957147","7957310","chr16","27018056","27018218","22","19060909"
"chr5","7957639","7957928","chr17","63540350","63540643","38","55582711"
"chr5","7989110","7989403","chr22","13014582","13014881","44","5025472"
"chr5","8001004","8001306","chr11","64143151","64143450","38","56142147"
"chr5","8014197","8014504","chr2B","126872016","126872318","45","118857819"
"chr5","8017035","8017339","chr5","163592174","163592480","47","155575139"
"chr5","8018513","8018686","chr11","117786552","117786726","33","109768039"
"chr5","8040202","8040340","chr16","22499150","22499285","21","14458948"
"chr5","8041821","8042121","chr1","21756556","21756861","36","13714735"
"chr5","8047371","8047667","chr2B","100893350","100893645","38","92845979"
"chr5","8057501","8057793","chrX","36383999","36384295","40","28326498"
"chr5","8076085","8076334","chr20","2216668","2216919","37","5859417"
"chr5","8086757","8087010","chr1","10682570","10682835","50","2595813"
"chr5","8096441","8096714","chr13","7813205","7813472","54","283236"
"chr5","8103695","8103880","chr19","2172590","2172768","33","5931105"
"chr5","8104175","8104260","chr5","62526595","62526679","23","54422420"
"chr5","8108721","8108942","chr4","41455125","41455345","37","33346404"
"chr5","8126228","8126464","chr4","191975013","191975263","44","183848785"
"chr5","8126504","8126633","chr21","16737892","16738020","23","8611388"
"chr5","8128007","8128286","chr3","108662999","108663287","43","100534992"
"chr5","8138382","8138659","chr1","192479545","192479824","42","184341163"
"chr5","8174509","8174812","chr5","39725707","39726011","43","31551198"
"chr5","8186453","8186668","chr7","97451511","97451725","27","89265058"
"chr5","8209462","8209769","chr12","116696179","116696487","40","108486717"
"chr5","8223038","8223320","chr2B","96897833","96898128","60","88674795"
"chr5","8230363","8230661","chr1","185242885","185243179","39","177012522"
"chr5","8241989","8242257","chr1","19948860","19949131","37","11706871"
"chr5","8252233","8252387","chr3","9778050","9778199","22","1525817"
"chr5","8252693","8252828","chr4","133797054","133797182","17","125544361"
"chr5","8255400","8255703","chrX","133455393","133455695","46","125199993"
"chr5","8258380","8258676","chr12","39940499","39940799","38","31682119"
"chr5","8262832","8263010","chr5","7388743","7388917","26","874089"
"chr5","8263034","8263159","chr3","61302302","61302427","22","53039268"
"chr5","8267640","8267934","chr16","43558546","43558842","43","35290906"
"chr5","8272239","8272501","chr3","179781249","179781524","46","171509010"
"chr5","8283107","8283412","chr4","95892554","95892862","44","87609447"
"chr5","8337124","8337165","chr19","54724733","54724765","13","46387609"
"chr5","8338193","8338476","chr7","82671539","82671826","46","74333346"
"chr5","8343518","8343749","chr2A","36711440","36711659","40","28367922"
"chr5","8346632","8346933","chr21","30658994","30659298","36","22312362"
"chr5","8354759","8355060","chr11","112269785","112270077","43","103915026"
"chr5","8355230","8355352","chr19","55232350","55232474","13","46877120"
"chr5","8357382","8357535","chr12","30225427","30225578","28","21868045"
"chr5","8357536","8357663","chr10","115982032","115982164","26","107624496"
"chr5","8362572","8362688","chr1","39303466","39303583","12","30940894"
"chr5","8369528","8369816","chr10","96983606","96983893","37","88614078"
"chr5","8372903","8373186","chrX","15626910","15627195","34","7254007"
"chr5","8396137","8396445","chrX","154797165","154797472","35","146401028"
"chr5","8398866","8398880","chr19","17609785","17609801","2","9210919"
"chr5","8398910","8399192","chr20","2492685","2492967","35","5906225"
"chr5","8417923","8418221","chr20","2512264","2512563","30","5905659"
"chr5","8420446","8420755","chr4","86739574","86739882","39","78319128"
"chr5","8425440","8425575","chrX","1061818","1061949","27","7363622"
"chr5","8425890","8426020","chrX","1730666","1730803","16","6695224"
"chr5","8442890","8443144","chr1","26682571","26682841","58","18239681"
"chr5","8455788","8455995","chr5","41944722","41944937","35","33488934"
"chr5","8465704","8465859","chr7","23535120","23535262","39","15069416"
"chr5","8465883","8466003","chr2B","116542300","116542423","13","108076417"
"chr5","8502326","8502600","chr1","51455761","51456032","43","42953435"
"chr5","8504074","8504357","chr12","121030711","121030998","49","112526637"
"chr5","8505885","8506020","chr1","36079621","36079756","16","27573736"
"chr5","8530748","8531032","chr3","126276852","126277142","47","117746104"
"chr5","8546507","8546809","chr11","65133925","65134229","34","56587418"
"chr5","8557020","8557324","chr7","152799145","152799449","43","144242125"
"chr5","8571627","8571760","chr8","5014003","5014137","16","3557624"
"chr5","8572062","8572213","chr20","35844107","35844256","22","27272045"
"chr5","8573207","8573368","chr1","130118399","130118565","31","121545192"
"chr5","8597293","8597473","chr4","197459748","197459926","28","188862455"
"chr5","8612669","8612727","chr10","111316136","111316195","13","102703467"
"chr5","8615065","8615245","chr7","156561843","156562016","44","147946778"
"chr5","8628307","8628600","chr8","48946739","48947034","41","40318432"
"chr5","8631860","8632149","chr11","3623940","3624232","43","5007920"
"chr5","8648310","8648434","chr1","14802147","14802270","12","6153837"
"chr5","8651458","8651583","chr6","137233840","137233966","13","128582382"
"chr5","8651803","8651955","chr17","1928490","1928643","23","6723313"
"chr5","8658212","8658347","chr7","73022172","73022307","14","64363960"
"chr5","8658648","8658800","chr14","21056651","21056807","25","12398003"
"chr5","8665031","8665320","chr3","199443194","199443483","39","190778163"
"chr5","8668384","8668649","chr10","49020695","49020963","54","40352311"
"chr5","8671335","8671473","chrX","119294972","119295111","15","110623637"
"chr5","8673299","8673429","chr6","19544036","19544168","16","10870737"
"chr5","8678492","8678750","chr15","18301772","18302039","39","9623280"
"chr5","8683417","8683692","chr16","75201643","75201925","66","66518226"
"chr5","8684648","8684661","chr8","73168251","73168265","1","64483603"
"chr5","8684687","8684957","chr5","106036908","106037179","43","97352221"
"chr5","8690711","8690889","chr1","162846265","162846444","16","154155554"
"chr5","8691188","8691317","chr1","183364815","183364948","21","174673627"
"chr5","8694130","8694363","chr21","15290184","15290413","33","6596054"
"chr5","8698448","8698752","chr7","104326237","104326540","40","95627789"
"chr5","8709351","8709637","chr3","188780716","188781003","43","180071365"
"chr5","8712727","8713025","chr4","172504170","172504467","34","163791443"
"chr5","8744266","8744576","chr9","11415366","11415679","38","2671100"
"chr5","8747417","8747576","chr2A","5900847","5901006","38","2846570"
"chr5","8747875","8748060","chr11","61706136","61706317","47","52958261"
"chr5","8765318","8765609","chr14","84331585","84331879","46","75566267"
"chr5","8790586","8790903","chr11","112055255","112055569","44","103264669"
"chr5","8804271","8804393","chr9","45252398","45252520","10","36448127"
"chr5","8810291","8810564","chr12","101329942","101330226","44","92519651"
"chr5","8810908","8811142","chr8","142339320","142339568","71","133528412"
"chr5","8819481","8819774","chr12","108633862","108634156","41","99814381"
"chr5","8828496","8828615","chr1","14802147","14802270","13","5973651"
"chr5","8843045","8843203","chr19","41965595","41965749","32","33122550"
"chr5","8843470","8843648","chr19","30612292","30612475","24","21768822"
"chr5","8845282","8845579","chr15","71877041","71877338","37","63031759"
"chr5","8852169","8852478","chr3","42893249","42893559","37","34041080"
"chr5","8858714","8858904","chr8","140597715","140597899","33","131739001"
"chr5","8868109","8868400","chr17","1407267","1407576","57","7460842"
"chr5","8869751","8870057","chr11","58607","58899","57","8811144"
"chr5","8870689","8870990","chrX","146888581","146888883","46","138017892"
"chr5","8873141","8873383","chrX","41404642","41404882","36","32531501"
"chr5","8886245","8886586","chr20","30107296","30107629","55","21221051"
"chr5","8893116","8893420","chr4","110248134","110248433","36","101355018"
"chr5","8903768","8904059","chr3","70080420","70080713","45","61176652"
"chr5","8907653","8907984","chr5","160476744","160477051","70","151569091"
"chr5","8910928","8911230","chr12","124921144","124921445","41","116010216"
"chr5","8911241","8911378","chr12","112125339","112125474","24","103214098"
"chr5","8911667","8911843","chr5","4152681","4152856","29","4758986"
"chr5","8932653","8932821","chr1","24681785","24681955","28","15749132"
"chr5","8932823","8933042","chr21","24428860","24429072","40","15496037"
"chr5","8943868","8944162","chr7","156101400","156101691","39","147157532"
"chr5","8947424","8947562","chr1","23249018","23249152","14","14301594"
"chr5","8947563","8947861","chr1","82724851","82725151","51","73777288"
"chr5","8947862","8948073","chr13","78114477","78114686","56","69166615"
"chr5","8953238","8953519","chr20","45288279","45288567","43","36335041"
"chr5","8974657","8974961","chr19","35082212","35082514","40","26107555"
"chr5","8975396","8975583","chr17","25621345","25621530","51","16645949"
"chr5","8993343","8993474","chr1","71393655","71393787","13","62400312"
"chr5","9007280","9007577","chr4","71234874","71235168","38","62227594"
"chr5","9010162","9010443","chr8","98924805","98925093","35","89914643"
"chr5","9011936","9012246","chr7","140062193","140062503","44","131050257"
"chr5","9019305","9019602","chr2B","100893350","100893645","47","91874045"
"chr5","9038016","9038164","chr6","87828103","87828251","20","78790087"
"chr5","9038318","9038481","chr16","4641673","4641828","28","4396645"
"chr5","9039359","9039613","chr1","151626041","151626289","50","142586682"
"chr5","9040255","9040268","chr1","162630898","162630910","2","153590643"
"chr5","9040568","9040620","chr7","62524497","62524548","12","53483929"
"chr5","9040740","9040806","chr6","115981582","115981648","9","106940842"
"chr5","9055560","9055713","chr9","103860922","103861072","28","94805362"
"chr5","9056000","9056133","chr7","73000651","73000786","15","63944651"
"chr5","9062157","9062294","chr19","53666086","53666225","19","44603929"
"chr5","9065709","9066000","chr22","17590884","17591166","42","8525175"
"chr5","9068732","9069026","chr3","42788373","42788672","31","33719641"
"chr5","9082839","9083081","chr7","63766369","63766615","42","54683530"
"chr5","9090368","9090657","chr22","14267588","14267879","37","5177220"
"chr5","9091818","9092106","chr1","202965489","202965780","46","193873671"
"chr5","9099644","9099925","chr11","66618808","66619095","38","57519164"
"chr5","9107293","9107553","chr3","120427789","120428050","26","111320496"
"chr5","9111301","9111434","chr3","8501615","8501750","17","609686"
"chr5","9112849","9113174","chr3","162571166","162571477","54","153458317"
"chr5","9115423","9115588","chr20","2107024","2107184","29","7008399"
"chr5","9118748","9118862","chr6","91723632","91723748","15","82604884"
"chr5","9120172","9120446","chr2B","13402442","13402714","40","4282270"
"chr5","9122343","9122471","chr19","11335965","11336096","18","2213622"
"chr5","9122540","9122721","chr11","548187","548364","24","8574353"
"chr5","9132959","9133230","chr22","30141895","30142167","44","21008936"
"chr5","9134887","9135156","chr12","120578490","120578760","48","111443603"
"chr5","9136520","9136831","chr3","200049865","200050169","56","190913345"
"chr5","9153381","9153508","chr1","10043533","10043661","18","890152"
"chr5","9155339","9155639","chr11","47308826","47309131","45","38153487"
"chr5","9158285","9158577","chr6","139750774","139751066","51","130592489"
"chr5","9161595","9161782","chr7","33202850","33203038","24","24041255"
"chr5","9176471","9176604","chr1","213473838","213473970","14","204297367"
"chr5","9176876","9177049","chr2B","124539389","124539563","25","115362513"
"chr5","9180287","9180574","chrX","44801762","44802052","38","35621475"
"chr5","9207360","9207485","chr1","35274196","35274324","18","26066836"
"chr5","9214224","9214355","chr19","39836501","39836633","16","30622277"
"chr5","9215193","9215493","chr6","166663442","166663749","42","157448249"
"chr5","9216839","9217133","chr2A","45749574","45749870","40","36532735"
"chr5","9223854","9223985","chr4","97976485","97976617","16","88752631"
"chr5","9224247","9224393","chr3","42936291","42936437","40","33712044"
"chr5","9226501","9226548","chr17","1956946","1956995","9","7269555"
"chr5","9231255","9231429","chr1","164457735","164457914","30","155226480"
"chr5","9232670","9232838","chr7","156784585","156784756","29","147551915"
"chr5","9250289","9250593","chr5","34215137","34215446","47","24964848"
"chr5","9256817","9257043","chr12","11358465","11358705","46","2101648"
"chr5","9257160","9257346","chr10","34688348","34688531","35","25431188"
"chr5","9262656","9262949","chr7","139760451","139760748","44","130497795"
"chr5","9276337","9276467","chrX","19240655","19240787","15","9964318"
"chr5","9282992","9283099","chr5","63007508","63007611","18","53724516"
"chr5","9343741","9343891","chr11","47525403","47525552","12","38181662"
"chr5","9360787","9360910","chrX","42325828","42325954","12","32965041"
"chr5","9384847","9384964","chr16","10901222","10901339","18","1516375"
"chr5","9392622","9392920","chr6","45713778","45714072","37","36321156"
"chr5","9431588","9431885","chr7","101248492","101248787","38","91816904"
"chr5","9450234","9450515","chr1","9683728","9684022","45","233494"
"chr5","9458221","9458510","chr17","664788","665075","56","8793433"
"chr5","9469758","9469985","chr6","132580956","132581191","53","123111198"
"chr5","9495224","9495519","chr1","156921438","156921735","38","147426214"
"chr5","9499527","9499833","chr5","34215137","34215446","44","24715610"
"chr5","9505598","9505849","chrX","6968143","6968396","35","2537455"
"chr5","9513457","9513605","chr20","32110210","32110362","25","22596753"
"chr5","9529246","9529452","chr7","103824604","103824807","30","94295358"
"chr5","9533810","9534088","chr11","31962834","31963118","50","22429024"
"chr5","9535808","9536129","chr6","38451613","38451930","54","28915805"
"chr5","9540359","9540670","chr5","64750309","64750616","38","55209950"
"chr5","9556324","9556552","chr6","22531033","22531259","26","12974709"
"chr5","9570275","9570493","chr13","2009431","2009655","37","7560844"
"chr5","9575403","9575721","chr5","69997821","69998128","47","60422418"
"chr5","9576748","9577039","chr8","99334684","99334977","42","89757936"
"chr5","9586371","9586678","chr14","7217699","7217998","37","2368672"
"chr5","9589532","9589693","chr12","7083721","7083886","32","2505811"
"chr5","9589699","9589978","chr6","15324739","15325025","46","5735040"
"chr5","9590302","9590443","chr6","35361205","35361348","25","25770903"
"chr5","9590746","9590913","chr16","75094022","75094184","30","65503276"
"chr5","9592658","9592821","chr7","79715689","79715848","28","70123031"
"chr5","9593117","9593241","chrX","41479376","41479503","21","31886259"
"chr5","9597119","9597410","chr5","52471420","52471709","48","42874301"
"chr5","9607619","9607920","chr11","120932649","120932956","41","111325030"
"chr5","9611174","9611464","chr8","20598859","20599152","40","10987685"
"chr5","9616188","9616473","chr7","130523791","130524080","43","120907603"
"chr5","9616639","9616809","chr6","7952817","7952980","27","1663822"
"chr5","9625756","9626061","chr4","171275502","171275800","42","161649746"
"chr5","9634294","9634413","chr12","70223165","70223287","29","60588871"
"chr5","9637787","9637948","chr1","145819643","145819804","29","136181856"
"chr5","9652350","9652524","chr16","16272437","16272609","28","6620087"
"chr5","9654344","9654477","chr6","113834581","113834712","14","104180237"
"chr5","9656902","9657226","chr2B","70085352","70085674","47","60428450"
"chr5","9665516","9665633","chr4","6113636","6113746","31","3551880"
"chr5","9665654","9665796","chr1","76697102","76697241","25","67031448"
"chr5","9666475","9666628","chr2B","69985034","69985194","36","60318559"
"chr5","9672055","9672220","chrX","1997904","1998070","23","7674151"
"chr5","9677016","9677241","chr21","24428860","24429072","40","14751844"
"chr5","9677960","9678113","chr1","28134172","28134323","45","18456212"
"chr5","9682732","9682861","chr19","48057785","48057919","23","38375053"
"chr5","9690857","9690987","chr3","48404443","48404577","12","38713586"
"chr5","9691064","9691237","chr7","57866494","57866662","24","48175430"
"chr5","9691874","9691979","chr12","32461470","32461569","18","22769596"
"chr5","9693400","9693521","chr1","63281192","63281313","17","53587792"
"chr5","9704561","9704705","chr10","84054100","84054244","17","74349539"
"chr5","9704988","9705159","chr6","146265558","146265736","35","136560570"
"chr5","9708720","9709023","chr10","112297321","112297630","45","102588601"
"chr5","9713514","9713609","chr3","26048112","26048203","16","16334598"
"chr5","9721107","9721399","chr9","87305002","87305296","44","77583895"
"chr5","9721742","9721789","chr6","109115889","109115932","11","99394147"
"chr5","9725599","9725908","chr8","142760753","142761043","53","133035154"
"chr5","9726730","9726901","chr9","104335980","104336145","32","94609250"
"chr5","9727208","9727350","chr1","15319570","15319711","30","5592362"
"chr5","9728279","9728459","chr2B","99086800","99086973","37","89358521"
"chr5","9728755","9728806","chr4","40458953","40459004","5","30730198"
"chr5","9733152","9733437","chr9","104206502","104206792","42","94473350"
"chr5","9736122","9736411","chr1","44545584","44545876","47","34809462"
"chr5","9744498","9744799","chr7","65831966","65832262","41","56087468"
"chr5","9755054","9755333","chr8","135134049","135134335","55","125378995"
"chr5","9758206","9758467","chr7","77910456","77910727","46","68152250"
"chr5","9759099","9759378","chr5","125384235","125384523","47","115625136"
"chr5","9773441","9773738","chr19","20156875","20157179","55","10383434"
"chr5","9773808","9774123","chr1","86931221","86931530","41","77157413"
"chr5","9786210","9786516","chrX","8135621","8135928","42","1650589"
"chr5","9791541","9791691","chr4","178367375","178367529","27","168575834"
"chr5","9799071","9799388","chr1","146725524","146725833","50","136926453"
"chr5","9812199","9812502","chr3","124141736","124142033","48","114329537"
"chr5","9814883","9815173","chrX","9081409","9081704","48","733474"
"chr5","9825634","9825943","chr17","87468445","87468755","42","77642811"
"chr5","9855956","9856165","chr16","57478933","57479150","40","47622977"
"chr5","9858638","9858913","chr8","131079128","131079404","36","121220490"
"chr5","9885116","9885351","chr1","26677502","26677733","29","16792386"
"chr5","9890032","9890299","chr2A","83270217","83270489","53","73380185"
"chr5","9906855","9906985","chr4","185734049","185734184","15","175827194"
"chr5","9912195","9912496","chr9","97112596","97112895","39","87200401"
"chr5","9925475","9925767","chr12","10745479","10745770","29","820004"
"chr5","9928239","9928554","chr8","24352605","24352915","46","14424366"
"chr5","9929151","9929448","chr2A","3995574","3995871","34","5933577"
"chr5","9941492","9941792","chr7","85560938","85561239","41","75619446"
"chr5","9943502","9943588","chr18","17696779","17696867","13","7753277"
"chr5","9958200","9958213","chr1","44160930","44160944","2","34202730"
"chr5","9958514","9958645","chr8","146552511","146552647","22","136593997"
"chr5","9958690","9958996","chr8","142043791","142044078","45","132085101"
"chr5","9971694","9972006","chr14","44601071","44601374","57","34629377"
"chr5","9972569","9972748","chr7","73140479","73140661","33","63167910"
"chr5","9991551","9991681","chr12","35675297","35675429","16","25683746"
"chr5","10003657","10003947","chr10","92098169","92098468","36","82094512"
"chr5","10019197","10019484","chr17","58890649","58890940","36","48871452"
"chr5","10026267","10026401","chr16","379923","380058","16","9646344"
"chr5","10030570","10030732","chr4","158776911","158777072","24","148746341"
"chr5","10030772","10030898","chr7","16483204","16483328","19","6452432"
"chr5","10035816","10036116","chr16","24991787","24992083","45","14955971"
"chr5","10036118","10036450","chr1","93519137","93519467","64","83483019"
"chr5","10062460","10062754","chr7","130523791","130524080","46","120461331"
"chr5","10063108","10063243","chr6","11266719","11266851","15","1203611"
"chr5","10113737","10114013","chrX","119832549","119832819","44","109718812"
"chr5","10144951","10145244","chr19","56756178","56756471","39","46611227"
"chr5","10212523","10212814","chr20","45288279","45288567","34","35075756"
"chr5","10223801","10224081","chr9","108650068","108650355","53","98426267"
"chr5","10237458","10237757","chr20","500194","500487","37","9737264"
"chr5","10318571","10318861","chr5","162573860","162574148","37","152255289"
"chr5","10351743","10351865","chr5","141375168","141375293","22","131023425"
"chr5","10381729","10382026","chr8","134138088","134138390","48","123756359"
"chr5","10384102","10384366","chr4","64043408","64043678","45","53659306"
"chr5","10387490","10387788","chr4","198281925","198282228","47","187894435"
"chr5","10397018","10397329","chr19","14638514","14638815","42","4241496"
"chr5","10405144","10405385","chr6","16571309","16571550","40","6166165"
"chr5","10413792","10414124","chr14","87605486","87605781","76","77191694"
"chr5","10422915","10423172","chr1","183374903","183375161","43","172951988"
"chr5","10432515","10432819","chr5","155435485","155435794","44","145002970"
"chr5","10446775","10447067","chr6","72031333","72031624","38","61584558"
"chr5","10453557","10453801","chr1","21946056","21946300","35","11492499"
"chr5","10483129","10483426","chr22","14749519","14749816","38","4266390"
"chr5","10503243","10503554","chr3","189132501","189132808","41","178629258"
"chr5","10504301","10504590","chr14","50631545","50631835","41","40127244"
"chr5","10507328","10507555","chrX","151463882","151464109","30","140956554"
"chr5","10518504","10518803","chr14","47319323","47319618","46","36800819"
"chr5","10526909","10527208","chr5","149940911","149941195","57","139414002"
"chr5","10551502","10551811","chr19","3208420","3208712","48","7343082"
"chr5","10580752","10580885","chr1","115975835","115975970","21","105395083"
"chr5","10604182","10604313","chr9","26724323","26724455","11","16120141"
"chr5","10605486","10605765","chr4","23995151","23995439","51","13389665"
"chr5","10620959","10621259","chr2A","67813928","67814230","32","57192969"
"chr5","10716931","10717225","chr20","4806133","4806425","44","5910798"
"chr5","10717509","10717747","chr12","21220753","21220972","45","10503244"
"chr5","10728091","10728390","chr15","78041904","78042206","49","67313813"
"chr5","10752435","10752548","chr17","3165759","3165868","27","7586676"
"chr5","10752849","10753012","chr19","3771464","3771631","32","6981385"
"chr5","10757140","10757198","chr20","50827949","50828006","10","40070809"
"chr5","10757504","10757633","chr1","94251625","94251762","28","83494121"
"chr5","10761985","10762193","chr11","5209240","5209434","54","5552745"
"chr5","10786680","10786813","chr14","12485207","12485337","15","1698527"
"chr5","10787842","10788148","chr7","139963807","139964112","40","129175965"
"chr5","10794465","10794766","chr7","71707180","71707486","47","60912715"
"chr5","10796123","10796397","chr8","41596101","41596382","50","30799978"
"chr5","10798617","10798921","chr19","29623222","29623524","45","18824605"
"chr5","10799539","10799798","chr1","216235957","216236212","36","205436418"
"chr5","10801808","10802024","chr6","24602816","24603029","34","13801008"
"chr5","10808249","10808383","chr19","57270139","57270258","38","46461890"
"chr5","10808685","10808820","chr16","379923","380058","12","10428762"
"chr5","10808888","10808956","chr7","129192721","129192791","8","118383833"
"chr5","10813013","10813145","chr12","125225219","125225348","17","114412206"
"chr5","10813151","10813204","chr8","7622343","7622396","1","3190808"
"chr5","10813205","10813472","chr3","41344009","41344275","45","30530804"
"chr5","10824625","10824920","chr1","16259721","16260013","42","5435096"
"chr5","10825544","10825809","chr16","81102917","81103186","54","70277373"
"chr5","10842157","10842462","chr3","51701298","51701602","47","40859141"
"chr5","10842908","10843046","chr9","43376998","43377136","12","32534090"
"chr5","10845141","10845461","chr6","127324181","127324515","69","116479040"
"chr5","10845859","10846041","chr3","198811481","198811657","34","187965622"
"chr5","10849284","10849410","chr7","76632609","76632733","23","65783325"
"chr5","10850694","10850844","chr5","54840796","54840957","31","43990102"
"chr5","10863620","10863697","chr16","3883818","3883896","9","6979802"
"chr5","10876727","10877018","chr20","4980506","4980801","47","5896221"
"chr5","10882935","10883120","chr8","140597715","140597899","34","129714780"
"chr5","10902993","10903288","chr9","53769532","53769832","44","42866539"
"chr5","10949964","10950254","chr8","37602433","37602724","49","26652469"
"chr5","10967097","10967388","chr20","5071747","5072031","42","5895350"
"chr5","11044118","11044412","chr20","36292535","36292833","45","25248417"
"chr5","11062215","11062528","chr12","118346655","118346946","74","107284440"
"chr5","11133606","11133900","chr4","195156146","195156441","44","184022540"
"chr5","11136237","11136539","chr19","49839306","49839606","46","38703069"
"chr5","11145006","11145137","chr12","35675297","35675429","13","24530291"
"chr5","11156666","11156798","chr3","8501615","8501750","21","2655051"
"chr5","11157403","11157560","chr3","9778050","9778199","22","1379353"
"chr5","11158931","11159238","chr21","30658994","30659298","37","19500063"
"chr5","11172557","11172670","chr8","63631723","63631835","17","52459166"
"chr5","11205725","11206001","chr22","1234193","1234471","45","9971532"
"chr5","11208413","11208706","chr5","4733108","4733403","46","6475305"
"chr5","11209125","11209422","chr10","28066159","28066447","58","16857034"
"chr5","11209454","11209747","chr5","20460300","20460585","54","9250846"
"chr5","11210760","11211057","chr7","139963807","139964112","40","128753047"
"chr5","11212594","11212886","chr5","35002763","35003060","43","23790169"
"chr5","11222824","11222955","chr5","138715563","138715697","14","127492739"
"chr5","11225997","11226109","chr14","61466119","61466240","26","50240122"
"chr5","11229254","11229554","chr8","9756252","9756551","63","1473002"
"chr5","11229571","11229703","chr1","10968906","10969041","22","260665"
"chr5","11229990","11230097","chr14","86087090","86087194","26","74857100"
"chr5","11230483","11230649","chr12","30393770","30393933","26","19163287"
"chr5","11238199","11238408","chr21","8574500","8574705","40","2663699"
"chr5","11244306","11244484","chr22","34142748","34142924","29","22898442"
"chr5","11247548","11247832","chr15","46396308","46396591","43","35148760"
"chr5","11248917","11249183","chr2B","9279655","9279921","51","1969262"
"chr5","11256363","11256517","chr22","24589283","24589438","28","13332920"
"chr5","11256810","11256955","chr19","1038818","1038951","29","10217992"
"chr5","11264201","11264328","chr7","65318509","65318638","24","54054308"
"chr5","11264332","11264492","chr20","62598859","62599017","33","51334527"
"chr5","11265907","11266211","chr20","5490699","5491002","41","5775208"
"chr5","11270904","11271036","chr2A","82675571","82675703","13","71404667"
"chr5","11272486","11272610","chr1","14802147","14802270","13","3529661"
"chr5","11274381","11274669","chr8","66691960","66692252","43","55417579"
"chr5","11287556","11287684","chr11","120280731","120280862","12","108993175"
"chr5","11287917","11288201","chr6","45016272","45016556","65","33728355"
"chr5","11290324","11290453","chr5","129939610","129939736","24","118649286"
"chr5","11290576","11290706","chr5","40351587","40351720","19","29061011"
"chr5","11291037","11291164","chr13","94227009","94227140","19","82935972"
"chr5","11291216","11291380","chr2A","64626351","64626515","35","53335135"
"chr5","11298240","11298520","chr1","78508506","78508789","39","67210266"
"chr5","11299853","11299981","chr11","3661114","3661245","16","7638739"
"chr5","11308293","11308600","chr19","18497270","18497579","47","7188977"
"chr5","11308984","11309112","chr1","10043533","10043661","15","1265451"
"chr5","11317326","11317610","chr1","8513682","8513967","46","2803644"
"chr5","11320617","11320772","chr7","13999855","14000000","29","2679238"
"chr5","11321070","11321203","chr3","198111878","198112018","25","186790808"
"chr5","11323949","11324269","chr5","133549781","133550101","47","122225832"
"chr5","11327245","11327436","chr3","27804434","27804627","35","16477189"
"chr5","11328509","11328812","chr1","139266119","139266414","53","127937610"
"chr5","11330421","11330556","chr2A","91842849","91842984","11","80512428"
"chr5","11343467","11343628","chr21","22209495","22209646","26","10866028"
"chr5","11352302","11352601","chr20","5580938","5581233","43","5771364"
"chr5","11352738","11352867","chr20","30982715","30982844","16","19629977"
"chr5","11352868","11352986","chr3","45629081","45629198","12","34276213"
"chr5","11353011","11353171","chr1","165421202","165421364","26","154068191"
"chr5","11354237","11354522","chr5","125703188","125703474","45","114348951"
"chr5","11354549","11354565","chr16","31792023","31792038","2","20437474"
"chr5","11363725","11364020","chr3","53839570","53839865","43","42475845"
"chr5","11366297","11366603","chr22","11807165","11807462","48","440868"
"chr5","11367035","11367341","chr22","11807165","11807462","48","440130"
"chr5","11381651","11381942","chr8","99334684","99334977","45","87953033"
"chr5","11396625","11396963","chr2B","54118983","54119311","57","42722358"
"chr5","11403117","11403242","chr1","227439358","227439480","17","216036241"
"chr5","11429229","11429322","chr13","88599422","88599519","15","77170193"
"chr5","11429403","11429414","chr16","23461999","23462010","4","12032596"
"chr5","11429992","11430112","chr5","41434175","41434298","41","30004183"
"chr5","11431706","11431856","chrX","3682813","3682969","27","7748893"
"chr5","11432312","11432435","chr10","93726615","93726738","13","82294303"
"chr5","11433855","11434165","chr5","24045389","24045700","41","12611534"
"chr5","11436747","11437060","chr2A","37220883","37221187","60","25784136"
"chr5","11454641","11454928","chr20","5711856","5712153","49","5742785"
"chr5","11461306","11461594","chr14","38442667","38442951","45","26981361"
"chr5","11463522","11463808","chr11","70634880","70635174","47","59171358"
"chr5","11488686","11488964","chr7","26934288","26934569","36","15445602"
"chr5","11493702","11494016","chr5","34215137","34215446","34","22721435"
"chr5","11497722","11497735","chr22","14718566","14718579","2","3220844"
"chr5","11497765","11498037","chr1","102320513","102320796","37","90822748"
"chr5","11522920","11523137","chr6","24602816","24603029","29","13079896"
"chr5","11556815","11557111","chr6","17221857","17222148","42","5665042"
"chr5","11572710","11573006","chr8","90699578","90699879","41","79126868"
"chr5","11599495","11599640","chr1","36072421","36072554","32","24472926"
"chr5","11614763","11614947","chr17","78369958","78370141","50","66755195"
"chr5","11619252","11619412","chr10","110012976","110013130","24","98393724"
"chr5","11625897","11626050","chr16","44378905","44379061","20","32753008"
"chr5","11636829","11637114","chr4","21361861","21362148","49","9725032"
"chr5","11638304","11638577","chr9","11929510","11929787","37","291206"
"chr5","11652703","11653009","chr2B","71437249","71437549","41","59784546"
"chr5","11698944","11699250","chr11","74890466","74890766","42","63191522"
"chr5","11718536","11718642","chr1","149639879","149639983","23","137921343"
"chr5","11724060","11724330","chr4","124359555","124359819","41","112635495"
"chr5","11732339","11732470","chr1","35274196","35274324","14","23541857"
"chr5","11740274","11740584","chr20","44638770","44639071","55","32898496"
"chr5","11751682","11751705","chr9","70149854","70149875","6","58398172"
"chr5","11751731","11752020","chr7","83290117","83290410","39","71538386"
"chr5","11802173","11802467","chr11","3623940","3624232","48","8178233"
"chr5","11818186","11818289","chr5","74042929","74043031","20","62224743"
"chr5","11818586","11818720","chr3","8501615","8501750","12","3316971"
"chr5","12239340","12239651","chr19","17807739","17808044","47","5568399"
"chr5","12251135","12251404","chr6","32887563","32887832","47","20636428"
"chr5","12292371","12292549","chr18","20189796","20189970","30","7897425"
"chr5","12292577","12292706","chr5","9577715","9577839","20","2714862"
"chr5","12303369","12303665","chr3","150193926","150194214","57","137890557"
"chr5","12341944","12342144","chr10","13082627","13082820","42","740683"
"chr5","12342385","12342516","chr15","22699976","22700107","41","10357591"
"chr5","12352819","12353001","chr10","42871102","42871280","33","30518283"
"chr5","12368638","12368764","chr15","12873465","12873597","16","504827"
"chr5","12368791","12368954","chr2B","50431625","50431794","26","38062834"
"chr5","12450743","12450963","chr4","81244771","81245011","44","68794028"
"chr5","12466122","12466284","chr7","46509622","46509771","33","34043500"
"chr5","12467526","12467834","chr13","58941573","58941883","40","46474047"
"chr5","12487689","12487982","chr11","117367595","117367888","48","104879906"
"chr5","12497515","12497806","chr15","70924825","70925121","47","58427310"
"chr5","12502521","12502813","chr4","124825886","124826177","36","112323365"
"chr5","12508532","12508808","chr7","37611793","37612078","51","25103261"
"chr5","12562282","12562601","chr22","5390789","5391096","51","7171493"
"chr5","12604867","12605157","chr20","269553","269843","44","12335314"
"chr5","12615792","12616047","chr3","156806207","156806481","60","144190415"
"chr5","12629567","12629791","chr10","127817552","127817774","37","115187985"
"chr5","12698365","12698502","chr1","157552665","157552805","23","144854300"
"chr5","12839825","12840114","chr3","32567834","32568121","39","19728009"
"chr5","12865557","12865756","chr20","43470067","43470266","27","30604510"
"chr5","12866096","12866252","chr1","153800085","153800233","22","140933989"
"chr5","12886590","12886890","chr19","8499460","8499755","55","4387130"
"chr5","13111289","13111552","chr5","6632821","6633079","44","6478468"
"chr5","13111658","13111939","chr2B","82496030","82496316","55","69384372"
"chr5","13146045","13146290","chr6","132128875","132129119","45","118982830"
"chr5","13157217","13157494","chr19","16723985","16724260","52","3566768"
"chr5","13160850","13160947","chr1","215827506","215827602","22","202666656"
"chr5","13281493","13281765","chr20","22412790","22413060","52","9131297"
"chr5","13304802","13304980","chr2B","68650449","68650624","33","55345647"
"chr5","13305004","13305130","chr16","11276774","11276902","15","2028230"
"chr5","13325555","13325881","chr11","18340087","18340400","51","5014532"
"chr5","13415235","13415530","chr1","24268512","24268815","42","10853277"
"chr5","13454867","13454952","chr7","68348254","68348341","16","54893387"
"chr5","13493194","13493486","chr8","82894963","82895258","35","69401769"
"chr5","13642113","13642430","chr1","32492678","32492974","64","18850565"
"chr5","13660393","13660714","chr16","28259006","28259315","60","14598613"
"chr5","13741696","13741740","chr6","12922869","12922913","6","818827"
"chr5","13871484","13871758","chr3","34261429","34261702","44","20389945"
"chr5","13873856","13874143","chr9","30634074","30634360","45","16760218"
"chr5","14010106","14010384","chr1","215641555","215641838","48","201631449"
"chr5","14062159","14062432","chr20","8487786","8488054","46","5574373"
"chr5","14088891","14089183","chr22","12841982","12842275","37","1246909"
"chr5","14161810","14161940","chr1","27103701","27103836","19","12941891"
"chr5","14162232","14162409","chr19","12489185","12489367","25","1673047"
"chr5","14210224","14210478","chr17","4827855","4828124","58","9382369"
"chr5","14218352","14218645","chrX","18671001","18671294","41","4452649"
"chr5","14266905","14267186","chr12","37575685","37575981","53","23308780"
"chr5","14303176","14303476","chr7","129375089","129375397","45","115071913"
"chr5","14349401","14349699","chr2B","62085072","62085366","35","47735671"
"chr5","14350706","14350881","chr6","152575412","152575577","34","138224706"
"chr5","14350882","14351193","chr5","34215137","34215446","39","19864255"
"chr5","14351194","14351325","chr7","4485178","4485309","13","9866016"
"chr5","14376866","14377157","chr5","24372432","24372725","37","9995566"
"chr5","14382399","14382701","chr4","87466461","87466762","43","73084062"
"chr5","14396391","14396568","chr2B","99086800","99086973","26","84690409"
"chr5","14396873","14397007","chr1","27766961","27767092","18","13370088"
"chr5","14416967","14417244","chr4","43677208","43677484","45","29260241"
"chr5","14440384","14440688","chr1","210806948","210807252","37","196366564"
"chr5","14453493","14453584","chrX","69659721","69659814","17","55206228"
"chr5","14453881","14453895","chr1","164372032","164372043","5","149918151"
"chr5","14495435","14495737","chr1","156921438","156921735","47","142426003"
"chr5","14495895","14496008","chr2B","100588628","100588741","15","86092733"
"chr5","14548394","14548530","chr11","369484","369619","22","14178910"
"chr5","14548567","14548727","chr7","48329254","48329410","27","33780687"
"chr5","14562845","14562996","chr22","31820986","31821137","27","17258141"
"chr5","14574764","14575056","chr2A","32307447","32307745","52","17732683"
"chr5","14601045","14601325","chr11","9392301","9392584","54","5208744"
"chr5","14621915","14622207","chr1","134469045","134469336","43","119847130"
"chr5","14628560","14628851","chr5","41690058","41690354","54","27061498"
"chr5","14641191","14641492","chr3","39964527","39964830","41","25323336"
"chr5","14642208","14642509","chr9","78494920","78495220","45","63852712"
"chr5","14691967","14692108","chr14","47727484","47727624","22","33035517"
"chr5","14730033","14730342","chr20","9138855","9139152","54","5591178"
"chr5","14776165","14776362","chr1","129602249","129602448","52","114826084"
"chr5","14802439","14802659","chr16","2793798","2794019","33","12008641"
"chr5","14808581","14808754","chr12","119746682","119746854","23","104938101"
"chr5","14810768","14811033","chr6","37977439","37977718","57","23166671"
"chr5","14815420","14815696","chr17","51966522","51966799","45","37151102"
"chr5","14950990","14951134","chr1","157552665","157552805","13","142601675"
"chr5","14963180","14963466","chr2A","105754001","105754289","40","90790821"
"chr5","14996568","14996744","chr1","38128287","38128467","28","23131719"
"chr5","15036603","15036888","chr9","30283665","30283950","35","15247062"
"chr5","15040870","15041176","chr3","121038671","121038982","44","105997801"
"chr5","15049596","15049869","chr12","124254648","124254922","40","109205052"
"chr5","15054643","15054943","chr5","34215137","34215446","44","19160494"
"chr5","15073707","15073760","chr17","1956946","1956995","7","13116761"
"chr5","15073816","15073992","chr3","50188262","50188428","40","35114446"
"chr5","15139190","15139482","chr1","76677706","76677999","42","61538516"
"chr5","15218947","15219226","chr20","8185187","8185458","44","7033760"
"chr5","15230441","15230687","chr4","5039260","5039500","47","10191181"
"chr5","15258951","15259062","chr9","107676550","107676661","13","92417599"
"chr5","15281951","15282130","chr11","65042909","65043087","42","49760958"
"chr5","15282159","15282275","chr1","184967140","184967256","14","169684981"
"chr5","15294636","15294839","chr5","64959907","64960109","46","49665271"
"chr5","15402627","15402729","chr1","10741847","10741943","16","4660780"
"chr5","15405871","15406146","chr8","59177377","59177656","63","43771506"
"chr5","15470003","15470275","chr6","68764179","68764447","50","53294176"
"chr5","15515377","15515623","chr1","70837013","70837254","42","55321636"
"chr5","15635632","15635758","chr1","14802147","14802270","21","833485"
"chr5","15655387","15655692","chr18","53398571","53398876","36","37743184"
"chr5","15711210","15711521","chr10","66562133","66562441","47","50850923"
"chr5","15716569","15716884","chr6","13811703","13812015","44","1904866"
"chr5","15722911","15723209","chr1","63061905","63062200","44","47338994"
"chr5","15731474","15731646","chr8","121787467","121787636","23","106055993"
"chr5","15731681","15731805","chr5","40512538","40512660","20","24780857"
"chr5","15766976","15767283","chr5","34215137","34215446","44","18448161"
"chr5","15851495","15851801","chr7","76804482","76804794","48","60952987"
"chr5","15859794","15860064","chr8","18827387","18827655","41","2967593"
"chr5","15880342","15880624","chr8","107039670","107039952","42","91159328"
"chr5","15882409","15882649","chr2A","58959269","58959534","58","43076860"
"chr5","15942712","15942847","chr18","2927994","2928129","18","13014718"
"chr5","15943135","15943309","chr19","12583465","12583634","39","3359670"
"chr5","15959461","15959756","chr2A","67830661","67830952","47","51871200"
"chr5","15987345","15987545","chrX","6586123","6586321","44","9401222"
"chr5","15987546","15987839","chr1","212229255","212229551","35","196241709"
"chr5","15987840","15987932","chr3","180508856","180508948","13","164521016"
"chr5","16055605","16055778","chr4","40349029","40349203","26","24293424"
"chr5","16056075","16056210","chr1","26627825","26627960","12","10571750"
"chr5","16071207","16071295","chr12","29563961","29564050","15","13492754"
"chr5","16121232","16121543","chr8","24352605","24352915","45","8231373"
"chr5","16135005","16135161","chr1","57370132","57370285","29","41235127"
"chr5","16135465","16135600","chr5","40351587","40351720","20","24216122"
"chr5","16215909","16216207","chr1","217275916","217276207","46","201060007"
"chr5","16229226","16229537","chr15","68730508","68730812","35","52501282"
"chr5","16420093","16420392","chr4","39714501","39714797","38","23294408"
"chr5","16446175","16446469","chr6","8288066","8288345","58","8158109"
"chr5","16490373","16490493","chr1","63281192","63281313","14","46790819"
"chr5","16509443","16509732","chr4","39858037","39858327","39","23348594"
"chr5","16547290","16547599","chr17","34985610","34985922","48","18438320"
"chr5","16633901","16634191","chr9","32631869","32632166","49","15997968"
"chr5","16639006","16639288","chr1","225052538","225052823","35","208413532"
"chr5","16646544","16646752","chr6","5478779","5478995","36","11167765"
"chr5","16658963","16659108","chr18","59064463","59064604","23","42405500"
"chr5","16659132","16659265","chr9","111219474","111219609","20","94560342"
"chr5","16720928","16721238","chr4","96682181","96682491","46","79961253"
"chr5","16733776","16734028","chr4","182056981","182057230","42","165323205"
"chr5","16786561","16786884","chrX","12941796","12942105","59","3844765"
"chr5","16807994","16808290","chr13","82460214","82460503","51","65652220"
"chr5","16832733","16832997","chr8","45872053","45872318","38","29039320"
"chr5","16833386","16833631","chr11","36940813","36941048","39","20107427"
"chr5","16928173","16928423","chr13","9441420","9441667","37","7486753"
"chr5","17057246","17057538","chr1","38634265","38634555","46","21577019"
"chr5","17057651","17057918","chr6","32887563","32887832","45","15829912"
"chr5","17097384","17097695","chr6","37361889","37362199","46","20264505"
"chr5","17164442","17164565","chr3","115180873","115181000","18","98016431"
"chr5","17209470","17209765","chr5","43039903","43040206","46","25830433"
"chr5","17211411","17211725","chr1","96294677","96294990","52","79083266"
"chr5","17297836","17298120","chr4","88409968","88410257","44","71112132"
"chr5","17315500","17315812","chr5","18953257","18953568","45","1637757"
"chr5","17320533","17320809","chr10","36748912","36749187","53","19428379"
"chr5","17374043","17374204","chr1","55165110","55165271","27","37791067"
"chr5","17442318","17442613","chr1","135275847","135276149","48","117833529"
"chr5","17448610","17448885","chr4","86889465","86889743","48","69440855"
"chr5","17528230","17528530","chr9","96983204","96983502","41","79454974"
"chr5","17581670","17581754","chr4","99997643","99997724","12","82415973"
"chr5","17584477","17584554","chr18","27798522","27798598","17","10214045"
"chr5","17639349","17639645","chr1","20280960","20281258","43","2641611"
"chr5","17745459","17745753","chr13","1064969","1065265","38","16680490"
"chr5","17802214","17802505","chr5","158745419","158745710","41","140943205"
"chr5","17847564","17847856","chr10","141625211","141625506","53","123777647"
"chr5","17937142","17937470","chr4","81842876","81843187","55","63905734"
"chr5","17985336","17985634","chr15","28655533","28655828","39","10670197"
"chr5","18068534","18068836","chr1","43281682","43281981","37","25213148"
"chr5","18095675","18095802","chr2B","1090134","1090261","12","17005541"
"chr5","18097593","18097900","chr3","155530451","155530758","43","137432858"
"chr5","18220925","18221234","chr8","141066904","141067212","41","122845979"
"chr5","18298955","18299149","chr5","46240018","46240184","65","27941063"
"chr5","18299232","18299317","chr7","68348254","68348341","9","50049022"
"chr5","18459911","18460120","chr7","6468226","6468455","47","11991685"
"chr5","18461363","18461528","chr12","108995405","108995565","31","90534042"
"chr5","18461533","18461829","chr12","11955253","11955548","44","6506280"
"chr5","18467472","18467641","chr3","172654930","172655092","36","154187458"
"chr5","18467671","18467691","chr1","128356856","128356880","5","109889185"
"chr5","18478217","18478377","chr12","30393770","30393933","30","11915553"
"chr5","18484261","18484571","chr5","24064939","24065247","39","5580678"
"chr5","18485243","18485497","chr8","78129452","78129705","39","59644209"
"chr5","18492277","18492560","chr5","163625654","163625944","55","145133377"
"chr5","18493393","18493499","chr12","125257575","125257687","29","106764182"
"chr5","18494910","18495041","chr9","111117898","111118031","23","92622988"
"chr5","18501469","18501738","chr10","61588269","61588536","50","43086800"
"chr5","18510585","18510860","chr11","46947","47233","53","18463638"
"chr5","18514355","18514510","chr10","26727641","26727795","24","8213286"
"chr5","18516735","18516882","chr19","18547264","18547407","26","30529"
"chr5","18517695","18517816","chr11","68081085","68081207","16","49563390"
"chr5","18520225","18520527","chr9","15548310","15548604","53","2971915"
"chr5","18530655","18530786","chr6","156189946","156190077","14","137659291"
"chr5","18553455","18553623","chr6","157248738","157248901","27","138695283"
"chr5","18678702","18679004","chr2B","94982021","94982327","50","76303319"
"chr5","18749211","18749491","chr5","14766693","14766968","55","3982518"
"chr5","18756433","18756735","chr3","190276346","190276640","47","171519913"
"chr5","18763124","18763307","chr6","138729536","138729717","30","119966412"
"chr5","18763608","18763741","chr4","185734049","185734184","14","166970441"
"chr5","18764823","18765125","chr1","146725524","146725833","36","127960701"
"chr5","18794572","18794711","chr2B","126380485","126380629","26","107585913"
"chr5","18811441","18811723","chr9","87413655","87413940","61","68602214"
"chr5","18843385","18843677","chr15","12835389","12835692","45","6007996"
"chr5","18854121","18854415","chrX","33654708","33655004","37","14800587"
"chr5","18897176","18897463","chr11","87862203","87862490","36","68965027"
"chr5","19054660","19054853","chrX","24804997","24805192","32","5750337"
"chr5","19057682","19057974","chr7","139789791","139790080","49","120732109"
"chr5","19083141","19083374","chr17","57183384","57183600","45","38100243"
"chr5","19083395","19083412","chr19","52669859","52669874","2","33586464"
"chr5","19116654","19116816","chr8","27555379","27555541","23","8438725"
"chr5","19117122","19117361","chr9","110962466","110962700","87","91845344"
"chr5","19123415","19123696","chr16","13431706","13431990","50","5691709"
"chr5","19167199","19167507","chr6","37361889","37362199","37","18194690"
"chr5","19176041","19176350","chr3","39761334","39761643","42","20585293"
"chr5","19187387","19187691","chr9","104384316","104384616","37","85196929"
"chr5","19194085","19194325","chr8","45292390","45292609","56","26098305"
"chr5","19208779","19208934","chr1","221984198","221984349","29","202775419"
"chr5","19217523","19217816","chr3","170592921","170593214","43","151375398"
"chr5","19222001","19222309","chr20","13786602","13786905","43","5435399"
"chr5","19230054","19230244","chr6","30538443","30538635","34","11308389"
"chr5","19231018","19231297","chr1","192479545","192479824","35","173248527"
"chr5","19236765","19236877","chr22","14032510","14032623","17","5204255"
"chr5","19241600","19241880","chr1","216411309","216411600","46","197169709"
"chr5","19249825","19250123","chr5","20888642","20888936","50","1638817"
"chr5","19250387","19250682","chr16","5352619","5352919","48","13897768"
"chr5","19259274","19259571","chr7","77548302","77548597","40","58289028"
"chr5","19262835","19263089","chr5","10707676","10707932","44","8555159"
"chr5","19266272","19266561","chr2A","105754001","105754289","35","86487729"
"chr5","19268260","19268384","chr15","73119233","73119360","18","53850973"
"chr5","19272338","19272411","chr12","53008881","53008951","13","33736543"
"chr5","19280368","19280499","chr3","187533947","187534083","14","168253579"
"chr5","19281456","19281466","chr1","69109954","69109964","2","49828498"
"chr5","19281776","19281944","chr4","158776911","158777072","22","139495135"
"chr5","19299287","19299408","chr10","27394685","27394805","12","8095398"
"chr5","19309752","19310054","chr3","135108282","135108584","41","115798530"
"chr5","19318498","19318565","chr3","157735677","157735737","15","138417179"
"chr5","19322295","19322537","chr2A","97216836","97217082","40","77894541"
"chr5","19322899","19323013","chr20","46135608","46135711","29","26812709"
"chr5","19323156","19323454","chr1","134562689","134562994","45","115239533"
"chr5","19332804","19332922","chr12","36410722","36410841","10","17077918"
"chr5","19341595","19341887","chr16","24794507","24794799","39","5452912"
"chr5","19365766","19365901","chr7","82210564","82210699","14","62844798"
"chr5","19372313","19372633","chr17","4869682","4870000","49","14502631"
"chr5","19381000","19381301","chr16","28927597","28927897","42","9546597"
"chr5","19392780","19392976","chr10","116006844","116007041","38","96614064"
"chr5","19393213","19393343","chr4","39902782","39902912","16","20509569"
"chr5","19436355","19436642","chr6","31722272","31722564","44","12285917"
"chr5","19437154","19437321","chr1","15810713","15810878","27","3626441"
"chr5","19437594","19437723","chr1","46966654","46966781","19","27529060"
"chr5","19452204","19452517","chr9","120102208","120102519","59","100650004"
"chr5","19476522","19476823","chr2B","84313295","84313594","42","64836773"
"chr5","19484964","19485096","chr6","36576189","36576324","19","17091225"
"chr5","19485388","19485554","chr1","185132840","185133000","23","165647452"
"chr5","19493526","19493586","chr4","191220677","191220734","13","171727151"
"chr5","19497486","19497777","chr17","17754065","17754357","46","1743421"
"chr5","19500017","19500327","chr2A","82177357","82177661","60","62677340"
"chr5","19507612","19507747","chr20","6035084","6035219","13","13472528"
"chr5","19508047","19508230","chr1","191347587","191347751","47","171839540"
"chr5","19526877","19527184","chr20","14121100","14121403","52","5405777"
"chr5","19554026","19554313","chr2A","80110909","80111193","39","60556883"
"chr5","19557862","19558007","chr10","136894892","136895040","21","117337030"
"chr5","19602293","19602556","chr15","13302570","13302846","50","6299723"
"chr5","19608472","19608528","chr10","107136692","107136742","11","87528220"
"chr5","19612077","19612376","chr21","37224910","37225200","38","17612833"
"chr5","19620475","19620754","chr2A","44664094","44664374","35","25043619"
"chr5","19733873","19734034","chr1","55165110","55165271","23","35431237"
"chr5","19734327","19734461","chr1","40962476","40962609","20","21228149"
"chr5","19839027","19839334","chr11","120932649","120932956","45","101093622"
"chr5","19852378","19852511","chr4","163461669","163461801","16","143609291"
"chr5","19874618","19874742","chr22","28571376","28571500","12","8696758"
"chr5","19893411","19893705","chr9","76745242","76745535","44","56851831"
"chr5","19938688","19938978","chr19","3208420","3208712","41","16730268"
"chr5","19941925","19942229","chr12","35367389","35367695","49","15425464"
"chr5","19990108","19990269","chr5","7982773","7982937","24","12007335"
"chr5","19990290","19990378","chr12","29563961","29564050","19","9573671"
"chr5","20027820","20028130","chr7","140062193","140062503","53","120034373"
"chr5","20030788","20031094","chr20","14612215","14612516","37","5418573"
"chr5","20032059","20032359","chr10","100687142","100687440","36","80655083"
"chr5","20075725","20075844","chr2A","37342062","37342176","19","17266337"
"chr5","20179925","20180217","chr11","3623940","3624232","40","16555985"
"chr5","20230028","20230340","chr5","54344070","54344386","49","34114042"
"chr5","20264430","20264565","chr12","32603195","32603330","22","12338765"
"chr5","20264868","20265041","chr5","62337730","62337900","28","42072862"
"chr5","20292758","20293055","chr6","86361573","86361872","33","66068815"
"chr5","20298269","20298570","chr13","91866850","91867150","35","71568581"
"chr5","20374716","20374876","chr17","1928490","1928643","24","18446226"
"chr5","20388770","20389073","chr12","105869262","105869565","35","85480492"
"chr5","20392506","20392816","chr1","215280677","215280982","52","194888171"
"chr5","20415031","20415330","chr8","78885892","78886199","48","58470861"
"chr5","20484188","20484489","chr12","125610509","125610805","50","105126321"
"chr5","20579264","20579557","chr12","68642260","68642561","47","48062996"
"chr5","20585184","20585484","chr3","131643212","131643513","44","111058028"
"chr5","20592834","20593121","chr7","111531303","111531592","51","90938469"
"chr5","20659769","20659926","chr19","35855675","35855829","33","15195906"
"chr5","20664147","20664422","chr15","4916724","4917006","42","15747423"
"chr5","20761809","20762118","chr14","84191090","84191383","49","63429281"
"chr5","20775785","20775879","chr16","66656726","66656819","11","45880941"
"chr5","20793217","20793395","chr1","203553629","203553809","28","182760412"
"chr5","20793685","20793815","chr16","379923","380058","18","20413762"
"chr5","20817861","20818057","chr8","41602714","41602917","32","20784853"
"chr5","20818587","20818708","chr7","76632609","76632733","15","55814022"
"chr5","20822753","20823051","chr9","94478463","94478762","36","73655710"
"chr5","20845352","20845627","chr11","73051173","73051441","37","52205821"
"chr5","20922997","20923300","chr1","43874114","43874415","42","22951117"
"chr5","20964158","20964461","chr12","92652799","92653098","44","71688641"
"chr5","21056107","21056243","chr3","144501090","144501230","19","123444983"
"chr5","21141555","21141852","chr3","125068067","125068363","37","103926512"
"chr5","21173576","21173854","chr12","28849360","28849640","54","7675784"
"chr5","21217186","21217487","chr18","63914910","63915211","45","42697724"
"chr5","21226526","21226813","chr2B","117079960","117080243","45","95853434"
"chr5","21242396","21242705","chr10","118382279","118382590","51","97139883"
"chr5","21285418","21285711","chr5","15500009","15500297","50","5785409"
"chr5","21290350","21290641","chr13","77437423","77437717","34","56147073"
"chr5","21323471","21323737","chr20","15898403","15898666","63","5425068"
"chr5","21351429","21351732","chr3","45969189","45969484","50","24617760"
"chr5","21357498","21357811","chr2B","99945275","99945585","34","78587777"
"chr5","21377051","21377353","chr17","16980326","16980621","47","4396725"
"chr5","21387186","21387364","chr9","80166124","80166300","35","58778938"
"chr5","21387669","21387782","chr10","94700147","94700260","22","73312478"
"chr5","21403278","21403415","chr9","114516225","114516362","24","93112947"
"chr5","21572824","21573125","chr3","199396329","199396637","51","177823505"
"chr5","21737206","21737528","chr8","75018826","75019140","46","53281620"
"chr5","21752283","21752513","chr22","33256950","33257179","54","11504667"
"chr5","21804248","21804345","chrX","133919694","133919804","22","112115446"
"chr5","21879007","21879206","chr1","24781579","24781777","28","2902572"
"chr5","21887757","21887953","chr5","21911922","21912118","26","24165"
"chr5","21920454","21920730","chr6","135406081","135406352","51","113485627"
"chr5","22070520","22070814","chr6","87030963","87031265","37","64960443"
"chr5","22152781","22153090","chr2A","53052134","53052440","42","30899353"
"chr5","22194145","22194368","chr5","163798937","163799161","44","141604792"
"chr5","22222628","22222964","chr14","8566623","8566947","61","13656005"
"chr5","22227367","22227643","chr3","199391516","199391788","42","177164149"
"chr5","22232936","22233079","chrX","154349536","154349678","19","132116600"
"chr5","22233296","22233469","chr1","164457735","164457914","39","142224439"
"chr5","22234721","22234810","chr19","39481437","39481529","28","17246716"
"chr5","22250672","22250979","chr5","34215137","34215446","41","11964465"
"chr5","22258838","22258969","chr3","50331290","50331412","39","28072452"
"chr5","22262913","22263022","chr1","10090900","10091014","15","12172013"
"chr5","22263406","22263562","chr10","116149704","116149852","31","93886298"
"chr5","22290962","22291164","chr16","76687345","76687547","32","54396383"
"chr5","22295756","22296060","chrX","15561952","15562254","45","6733804"
"chr5","22300891","22301176","chr6","25925076","25925353","44","3624185"
"chr5","22302043","22302343","chr4","119394865","119395161","45","97092822"
"chr5","22437959","22438263","chr6","79360967","79361252","55","56923008"
"chr5","22472689","22472963","chr8","144593849","144594123","38","122121160"
"chr5","22487847","22488148","chr7","1669242","1669542","44","20818605"
"chr5","22620596","22620880","chr15","20775282","20775564","39","1845314"
"chr5","22784257","22784390","chr16","65477857","65477989","15","42693600"
"chr5","22853775","22854057","chr20","17459693","17459976","43","5394082"
"chr5","22900666","22900866","chr9","74819531","74819730","38","51918865"
"chr5","22923421","22923731","chr8","77654380","77654689","51","54730959"
"chr5","23048106","23048214","chr19","17098162","17098270","14","5949944"
"chr5","23053344","23053643","chr21","27522849","27523147","38","4469505"
"chr5","23057402","23057694","chr6","45713778","45714072","34","22656376"
"chr5","23069909","23070203","chr14","85986152","85986448","31","62916243"
"chr5","23082467","23082764","chr17","17476845","17477156","56","5605622"
"chr5","23082765","23082859","chr20","50572158","50572253","13","27489393"
"chr5","23082857","23082958","chr1","38826122","38826223","13","15743265"
"chr5","23109630","23109791","chr3","28090924","28091086","26","4981294"
"chr5","23149169","23149459","chr7","40554917","40555203","40","17405748"
"chr5","23163364","23163566","chr20","17763882","17764076","23","5399482"
"chr5","23166001","23166091","chr6","11103677","11103767","9","12062324"
"chr5","23272684","23272982","chr14","11718645","11718940","43","11554039"
"chr5","23297911","23298221","chr1","205863329","205863635","42","182565418"
"chr5","23307724","23307832","chr11","123611260","123611366","16","100303536"
"chr5","23307858","23308054","chr4","5037225","5037406","41","18270633"
"chr5","23327581","23327815","chr1","45196924","45197147","52","21869343"
"chr5","23331728","23331804","chr1","140092347","140092424","13","116760619"
"chr5","23358279","23358578","chr4","95929703","95930002","42","72571424"
"chr5","23443558","23443825","chr8","6182709","6182968","45","17260849"
"chr5","23459920","23460208","chr12","108681763","108682056","50","85221843"
"chr5","23521251","23521559","chr7","1250978","1251276","43","22270273"
"chr5","23522982","23523288","chr1","205863329","205863635","41","182340347"
"chr5","23527610","23527750","chr2A","21731975","21732110","20","1795635"
"chr5","23528040","23528194","chrX","1391589","1391740","26","22136451"
"chr5","23535296","23535425","chr5","161161762","161161894","12","137626466"
"chr5","23563150","23563406","chr2B","117841523","117841778","63","94278373"
"chr5","23564834","23565109","chrX","23744956","23745237","55","180122"
"chr5","23581001","23581125","chr8","98419879","98419999","12","74838878"
"chr5","23583107","23583404","chr20","4945719","4946021","37","18637388"
"chr5","23590191","23590320","chr10","116164288","116164417","23","92574097"
"chr5","23595686","23595981","chr19","45555520","45555817","50","21959834"
"chr5","23598309","23598589","chr3","198514006","198514284","52","174915697"
"chr5","23598940","23599070","chr15","73119233","73119360","18","49520293"
"chr5","23599510","23599663","chr1","202667269","202667423","29","179067759"
"chr5","23605509","23605549","chr17","4738320","4738360","8","18867189"
"chr5","23605852","23606017","chr8","124806327","124806503","26","101200475"
"chr5","23606153","23606370","chr8","78301715","78301929","30","54695562"
"chr5","23611176","23611462","chr3","24724928","24725224","46","1113752"
"chr5","23620838","23621119","chr16","30988243","30988520","45","7367405"
"chr5","23624211","23624380","chr2A","21750827","21750997","21","1873384"
"chr5","23632524","23632654","chr9","49197226","49197359","15","25564702"
"chr5","23632949","23633128","chr2B","50431625","50431794","27","26798676"
"chr5","23633773","23634048","chrX","119106304","119106584","35","95472531"
"chr5","23635003","23635118","chr8","63010003","63010119","14","39375000"
"chr5","23635153","23635469","chr7","158943212","158943520","57","135308059"
"chr5","23641987","23642292","chr20","18237873","18238185","41","5404114"
"chr5","23655045","23655338","chr15","47077210","47077508","42","23422165"
"chr5","23660189","23660313","chr19","9676147","9676272","15","13984042"
"chr5","23661952","23662068","chr6","91723632","91723748","16","68061680"
"chr5","23662964","23663146","chr11","17050507","17050684","25","6612457"
"chr5","23670899","23671187","chr20","18263618","18263904","34","5407281"
"chr5","23677848","23678064","chr1","52818862","52819074","31","29141014"
"chr5","23678128","23678184","chr14","61136675","61136728","7","37458547"
"chr5","23679645","23679950","chr11","35994987","35995293","36","12315342"
"chr5","23681045","23681200","chr12","111535475","111535630","15","87854430"
"chr5","23681200","23681414","chr5","45215725","45215943","35","21534525"
"chr5","23686664","23686911","chr5","33724423","33724674","52","10037759"
"chr5","23693456","23693725","chr14","85472104","85472370","43","61778648"
"chr5","23697121","23697425","chr5","96434132","96434431","44","72737011"
"chr5","23702100","23702380","chr1","110168262","110168538","43","86466162"
"chr5","23706115","23706318","chr2A","49189560","49189761","38","25483445"
"chr5","23710876","23711165","chr3","54466312","54466598","45","30755436"
"chr5","23721738","23721933","chr2A","83444240","83444435","25","59722502"
"chr5","23722607","23722745","chr3","175529472","175529612","21","151806865"
"chr5","23737273","23737565","chr5","122244384","122244681","41","98507111"
"chr5","23739315","23739593","chr1","137412934","137413215","39","113673619"
"chr5","23739594","23739686","chr1","8696746","8696832","18","15042848"
"chr5","23745483","23745648","chr10","3780797","3780964","20","19964686"
"chr5","23746107","23746245","chr1","110505595","110505724","26","86759488"
"chr5","23746541","23746704","chr7","74331435","74331602","26","50584894"
"chr5","23746705","23746882","chr1","71254603","71254784","39","47507898"
"chr5","23750632","23750921","chr2A","67830661","67830952","41","44080029"
"chr5","23751328","23751492","chr16","23960338","23960492","48","209010"
"chr5","23762119","23762364","chr9","111775635","111775877","42","88013516"
"chr5","23769209","23769430","chr1","114065071","114065292","46","90295862"
"chr5","23772862","23773147","chr10","108992658","108992947","36","85219796"
"chr5","23775103","23775386","chr7","23548047","23548327","42","227056"
"chr5","23775720","23776006","chr2B","99138806","99139094","51","75363086"
"chr5","23781624","23781933","chr10","6497308","6497621","52","17284316"
"chr5","23802883","23803188","chr20","18398292","18398598","47","5404591"
"chr5","23804559","23804853","chr7","77548302","77548597","44","53743743"
"chr5","23821087","23821203","chr7","79027399","79027514","9","55206312"
"chr5","23826451","23826706","chr21","36330630","36330886","39","12504179"
"chr5","23849979","23850274","chr20","18457252","18457549","44","5392727"
"chr5","23862480","23862640","chr19","11078844","11079004","19","12783636"
"chr5","23862725","23862839","chr17","2819657","2819778","22","21043068"
"chr5","23866352","23866659","chr16","60326170","60326477","40","36459818"
"chr5","23913416","23913730","chr2B","124042742","124043060","61","100129326"
"chr5","23980430","23980707","chr3","34261429","34261702","39","10280999"
"chr5","24030584","24030876","chr1","31085413","31085707","40","7054829"
"chr5","24038738","24039032","chr13","77437423","77437717","35","53398685"
"chr5","24039264","24039561","chr2A","96641014","96641313","40","72601750"
"chr5","24043405","24043554","chr5","61427117","61427255","27","37383712"
"chr5","24043854","24044031","chr20","2150753","2150919","30","21893101"
"chr5","24051601","24051897","chr16","65373198","65373490","45","41321597"
"chr5","24085448","24085761","chr19","8085222","8085532","62","16000226"
"chr5","24113132","24113419","chrX","15626910","15627195","40","8486222"
"chr5","24124867","24125020","chr14","58912925","58913079","31","34788058"
"chr5","24132917","24133193","chr3","3411667","3411940","40","20721250"
"chr5","24143414","24143652","chr20","18751554","18751800","40","5391860"
"chr5","24145444","24145727","chr3","41114271","41114552","45","16968827"
"chr5","24157162","24157417","chr1","3409709","3409974","51","20747453"
"chr5","24157610","24157945","chr1","25213421","25213752","49","1055811"
"chr5","24158214","24158499","chr8","34195854","34196142","38","10037640"
"chr5","24163662","24163839","chr5","118164435","118164601","31","94000773"
"chr5","24163840","24164141","chr2A","64202510","64202814","45","40038670"
"chr5","24167185","24167481","chr1","33632173","33632471","44","9464988"
"chr5","24168309","24168494","chr4","149899934","149900110","38","125731625"
"chr5","24186660","24186973","chr16","2000490","2000801","45","22186170"
"chr5","24238834","24239137","chr12","112272485","112272787","43","88033651"
"chr5","24275270","24275581","chr10","40461630","40461928","44","16186360"
"chr5","24282505","24282801","chr9","114191687","114191982","38","89909182"
"chr5","24311139","24311438","chr1","36255390","36255687","26","11944251"
"chr5","24328213","24328269","chr20","18961100","18961159","13","5367113"
"chr5","24382346","24382410","chr1","125545120","125545186","11","101162774"
"chr5","24391198","24391491","chr4","16487048","16487347","40","7904150"
"chr5","24551460","24551607","chr5","40434690","40434836","29","15883230"
"chr5","24727183","24727303","chrX","23325027","23325143","19","1402156"
"chr5","24760504","24760765","chr9","95245009","95245274","41","70484505"
"chr5","24784731","24785016","chr9","82213385","82213669","43","57428654"
"chr5","24795006","24795305","chr4","185321235","185321534","39","160526229"
"chr5","24843232","24843510","chr5","51791087","51791366","46","26947855"
"chr5","24992469","24992771","chr9","44222830","44223128","46","19230361"
"chr5","25038809","25038967","chr10","101102243","101102394","41","76063434"
"chr5","25039279","25039433","chr7","48329254","48329410","21","23289975"
"chr5","25164135","25164353","chr10","12697869","12698099","53","12466266"
"chr5","25288094","25288166","chr1","26413393","26413465","10","1125299"
"chr5","25288427","25288719","chr7","74977675","74977964","46","49689248"
"chr5","25330953","25331090","chr5","41434175","41434298","42","16103222"
"chr5","25331393","25331521","chr16","3598868","3598996","21","21732525"
"chr5","25335968","25336109","chr11","63023722","63023866","12","37687754"
"chr5","25371376","25371475","chr4","175230552","175230653","15","149859176"
"chr5","25392866","25393160","chr20","35783328","35783620","47","10390462"
"chr5","25418854","25419152","chr5","138695005","138695301","37","113276151"
"chr5","25431112","25431437","chr6","3973949","3974271","55","21457163"
"chr5","25473822","25474104","chr12","123575926","123576208","53","98102104"
"chr5","25490066","25490216","chr16","72351346","72351489","29","46861280"
"chr5","25490508","25490624","chr9","92489465","92489580","16","66998957"
"chr5","25499379","25499675","chr13","9716804","9717101","35","15782575"
"chr5","25526476","25526780","chr18","43265231","43265535","38","17738755"
"chr5","25526973","25527260","chr17","5184441","5184740","42","20342532"
"chr5","25533037","25533159","chr18","55000007","55000129","21","29466970"
"chr5","25543385","25543685","chr4","151895637","151895936","41","126352252"
"chr5","25551707","25551987","chr19","6847678","6847963","46","18704029"
"chr5","25554021","25554166","chrX","32344131","32344277","22","6790110"
"chr5","25554490","25554693","chr4","38919830","38920031","35","13365340"
"chr5","25556357","25556562","chr6","42767574","42767771","44","17211217"
"chr5","25557266","25557565","chr5","15713706","15714012","37","9843560"
"chr5","25559469","25559768","chr19","40872320","40872621","30","15312851"
"chr5","25571414","25571713","chr3","75931055","75931354","42","50359641"
"chr5","25580002","25580288","chr5","4345743","4346035","45","21234259"
"chr5","25581733","25581988","chr11","107975045","107975301","36","82393312"
"chr5","25592204","25592504","chr2B","62085072","62085366","37","36492868"
"chr5","25643315","25643445","chr14","12485207","12485337","16","13158108"
"chr5","25647985","25648153","chr20","20289722","20289893","26","5358263"
"chr5","25719890","25720179","chr7","24702825","24703108","42","1017065"
"chr5","25730084","25730361","chr11","25149932","25150209","46","580152"
"chr5","25752436","25752716","chr4","180875300","180875580","45","155122864"
"chr5","25811273","25811570","chrX","29594981","29595277","37","3783708"
"chr5","25939026","25939335","chr6","167179521","167179827","40","141240495"
"chr5","25941811","25942126","chr1","134199515","134199824","57","108257704"
"chr5","25950028","25950318","chr10","42688790","42689090","42","16738762"
"chr5","26005294","26005580","chr3","50491086","50491369","38","24485792"
"chr5","26268094","26268392","chr1","132896618","132896919","44","106628524"
"chr5","26268407","26268718","chr15","45068379","45068684","56","18799972"
"chr5","26288652","26288945","chr16","72383450","72383738","34","46094798"
"chr5","26308214","26308508","chr3","45969189","45969484","39","19660975"
"chr5","26328734","26329036","chr10","134308635","134308933","46","107979901"
"chr5","26397820","26398120","chr20","20976231","20976532","34","5421589"
"chr5","26403815","26404092","chr5","76968698","76968977","42","50564883"
"chr5","26419247","26419555","chr8","26998408","26998716","51","579161"
"chr5","26476233","26476542","chr9","54440639","54440950","45","27964406"
"chr5","26486079","26486364","chr19","42826119","42826406","40","16340040"
"chr5","26508186","26508314","chr1","10043533","10043661","13","16464653"
"chr5","26518725","26519035","chr2B","129656069","129656380","42","103137344"
"chr5","26536118","26536412","chr12","72634766","72635064","36","46098648"
"chr5","26536436","26536446","chr5","59408000","59408010","1","32871564"
"chr5","26539380","26539653","chr20","55014281","55014565","47","28474901"
"chr5","26597935","26598215","chr3","66969212","66969492","44","40371277"
"chr5","26725026","26725289","chr6","77982799","77983061","48","51257773"
"chr5","26826752","26827051","chr9","50801939","50802239","36","23975187"
"chr5","26833578","26833809","chr1","53848436","53848655","54","27014858"
"chr5","26840278","26840586","chr20","21393224","21393541","42","5447054"
"chr5","26847999","26848326","chr3","27493771","27494088","59","645772"
"chr5","26888611","26888909","chr11","66467682","66467985","40","39579071"
"chr5","26913360","26913667","chr6","110953485","110953781","45","84040125"
"chr5","26917170","26917457","chr20","21487719","21488003","38","5429451"
"chr5","26943318","26943443","chr3","59287633","59287756","17","32344315"
"chr5","26943652","26943817","chr7","76031327","76031494","45","49087675"
"chr5","26945778","26946064","chr12","1122701","1122989","36","25823077"
"chr5","26956686","26956739","chr1","50437779","50437836","15","23481093"
"chr5","26956764","26957036","chr19","3658723","3659002","46","23298041"
"chr5","26968234","26968539","chr19","1191371","1191674","37","25776863"
"chr5","26982693","26982842","chr11","9569912","9570063","34","17412781"
"chr5","26986906","26987226","chr11","69014775","69015086","74","42027869"
"chr5","26991072","26991377","chr5","24448254","24448560","47","2542818"
"chr5","27007672","27007921","chr11","107975045","107975301","48","80967373"
"chr5","27008221","27008395","chr20","19192369","19192541","31","7815852"
"chr5","27009092","27009263","chr6","8179721","8179903","45","18829371"
"chr5","27041137","27041304","chr10","148054018","148054180","26","121012881"
"chr5","27061555","27061797","chr9","112330685","112330924","39","85269130"
"chr5","27069269","27069408","chrX","8306601","8306739","16","18762668"
"chr5","27069541","27069703","chr1","7647076","7647233","33","19422465"
"chr5","27118343","27118630","chr3","7491531","7491823","41","19626812"
"chr5","27148447","27148742","chr12","98409406","98409700","39","71260959"
"chr5","27161152","27161214","chr2A","35591607","35591660","18","8430455"
"chr5","27176607","27176872","chrX","133648560","133648809","52","106471953"
"chr5","27179083","27179376","chr6","21990652","21990941","50","5188431"
"chr5","27190591","27190873","chr22","831278","831562","44","26359313"
"chr5","27213577","27213874","chr5","41300508","41300800","36","14086931"
"chr5","27214366","27214669","chr1","24268512","24268815","32","2945854"
"chr5","27276722","27276862","chr16","28716975","28717118","20","1440253"
"chr5","27348825","27349117","chr10","11974321","11974614","47","15374504"
"chr5","27377426","27377722","chr4","110248134","110248433","43","82870708"
"chr5","27387155","27387272","chr10","28684957","28685080","24","1297802"
"chr5","27390019","27390326","chr5","121396555","121396860","48","94006536"
"chr5","27420452","27420769","chr9","31612503","31612813","45","4192051"
"chr5","27509038","27509292","chr6","166938741","166938995","33","139429703"
"chr5","27582261","27582561","chr3","200568362","200568662","50","172986101"
"chr5","27679345","27679639","chr3","42788373","42788672","48","15109028"
"chr5","27699742","27699905","chr16","62691957","62692119","31","34992215"
"chr5","27735785","27736078","chr11","114440424","114440727","50","86704639"
"chr5","27817395","27817684","chr6","45713778","45714072","42","17896383"
"chr5","28061533","28061839","chr7","156151949","156152255","43","128090416"
"chr5","28135249","28135551","chr1","26655119","26655426","36","1480130"
"chr5","28329541","28329834","chr4","47892669","47892965","39","19563128"
"chr5","28390338","28390421","chr7","63653858","63653941","12","35263520"
"chr5","28471373","28471671","chr13","96332314","96332607","56","67860941"
"chr5","28992705","28992993","chr5","77635019","77635310","44","48642314"
"chr5","29008481","29008635","chr10","7267405","7267562","32","21741076"
"chr5","29055493","29055817","chr1","214472340","214472656","47","185416847"
"chr5","29070496","29070798","chr1","35093771","35094077","43","6023275"
"chr5","29077021","29077312","chr6","45713778","45714072","45","16636757"
"chr5","29096009","29096133","chr7","40503146","40503271","26","11407137"
"chr5","29108606","29108896","chr1","9683728","9684022","48","19424878"
"chr5","29111682","29111942","chr11","48181014","48181270","43","19069332"
"chr5","29122953","29123259","chr1","216425111","216425422","55","187302158"
"chr5","29143444","29143752","chr14","57967154","57967461","50","28823710"
"chr5","29146801","29147084","chr6","45016272","45016556","61","15869471"
"chr5","29162595","29162726","chr1","16272234","16272370","23","12890361"
"chr5","29163041","29163216","chr5","63483235","63483402","31","34320194"
"chr5","29165444","29165730","chr4","172504170","172504467","51","143338726"
"chr5","29171224","29171519","chr4","47892669","47892965","37","18721445"
"chr5","29200430","29200721","chr11","113082653","113082951","40","83882223"
"chr5","29254435","29254578","chr18","1067621","1067766","27","28186814"
"chr5","29275349","29275643","chr2A","21862643","21862940","34","7412706"
"chr5","29377376","29377700","chr4","87403942","87404250","66","58026566"
"chr5","29443099","29443396","chr4","93872928","93873224","39","64429829"
"chr5","29681531","29681812","chr9","103387026","103387306","32","73705495"
"chr5","29838575","29838864","chr5","109972171","109972461","51","80133596"
"chr5","29916853","29917130","chr5","76968698","76968977","50","47051845"
"chr5","29929212","29929329","chr20","55247705","55247827","21","25318493"
"chr5","29937225","29937498","chr10","34521244","34521514","50","4584019"
"chr5","30020775","30021059","chr17","58944990","58945277","31","28924215"
"chr5","30099472","30099772","chr1","46942117","46942417","45","16842645"
"chr5","30123911","30124127","chr22","2938753","2938973","41","27185158"
"chr5","30124962","30125231","chr9","82505439","82505714","43","52380477"
"chr5","30139440","30139592","chr15","53582522","53582667","26","23443082"
"chr5","30147088","30147334","chr14","14588065","14588312","53","15559023"
"chr5","30163417","30163704","chr4","24255507","24255804","45","5907910"
"chr5","30167624","30167895","chr20","24971365","24971636","41","5196259"
"chr5","30283650","30283747","chr4","142982666","142982768","21","112699016"
"chr5","30382828","30382897","chr2B","33087335","33087399","21","2704507"
"chr5","30382893","30382962","chr2B","33087335","33087399","21","2704442"
"chr5","30382958","30383027","chr2B","33087335","33087399","22","2704377"
"chr5","30383023","30383092","chr2B","33087335","33087399","21","2704312"
"chr5","30383088","30383157","chr2B","33087335","33087399","21","2704247"
"chr5","30383282","30383351","chr2B","33087335","33087399","21","2704053"
"chr5","30383476","30383540","chr5","33485952","33486007","20","3102476"
"chr5","30383541","30383644","chr3","161211314","161211411","19","130827773"
"chr5","30413779","30414070","chr7","70673808","70674107","38","40260029"
"chr5","30507143","30507448","chr11","120932649","120932956","45","90425506"
"chr5","30602362","30602577","chr10","65761374","65761590","33","35159012"
"chr5","30639531","30639818","chr19","39731801","39732087","49","9092270"
"chr5","30648416","30648710","chr8","101544594","101544890","40","70896178"
"chr5","30665113","30665249","chr1","115707548","115707690","17","85042435"
"chr5","30665551","30665692","chr4","190089229","190089374","34","159423678"
"chr5","30677248","30677415","chr16","31552584","31552750","22","875336"
"chr5","30678697","30678875","chr19","56210154","56210327","40","25531457"
"chr5","30722889","30723086","chr4","38919830","38920031","28","8196941"
"chr5","30723254","30723356","chr14","36953975","36954077","7","6230721"
"chr5","30740933","30741239","chr3","3833108","3833414","42","26907825"
"chr5","30767019","30767300","chr18","53873878","53874172","67","23106859"
"chr5","30775404","30775718","chr13","57160487","57160803","50","26385083"
"chr5","30784178","30784483","chr2A","82177357","82177661","52","51393179"
"chr5","30790442","30790647","chr5","64959907","64960109","31","34169465"
"chr5","30798751","30798868","chr6","109289964","109290086","18","78491213"
"chr5","30802405","30802520","chr10","24017846","24017961","13","6784559"
"chr5","30808186","30808198","chr6","43762515","43762527","1","12954329"
"chr5","30808199","30808273","chr4","105344929","105345005","15","74536730"
"chr5","30808573","30808805","chr10","38268351","38268584","44","7459778"
"chr5","30808806","30808957","chr10","29633018","29633159","29","1175788"
"chr5","30808965","30809046","chr20","44713602","44713684","12","13904637"
"chr5","30809778","30810078","chr5","38782201","38782499","41","7972423"
"chr5","30810080","30810207","chr13","30548336","30548465","18","261744"
"chr5","30815732","30815888","chr7","23539109","23539264","30","7276623"
"chr5","30816183","30816344","chr14","69646454","69646612","20","38830271"
"chr5","30827570","30827786","chrX","18437106","18437323","39","12390464"
"chr5","30841253","30841556","chr5","34598529","34598830","42","3757276"
"chr5","30843876","30844170","chr17","57160975","57161268","55","26317099"
"chr5","30869332","30869615","chrX","47993917","47994201","43","17124585"
"chr5","30880914","30881172","chr1","205864109","205864363","39","174983195"
"chr5","30881507","30881811","chr19","6224297","6224601","44","24657210"
"chr5","30927785","30927835","chr2B","49379083","49379130","10","18451298"
"chr5","30931002","30931259","chrX","6968143","6968396","43","23962859"
"chr5","30947607","30947792","chr12","122001070","122001262","42","91053463"
"chr5","30948378","30948449","chr19","18077305","18077373","20","12871073"
"chr5","30962602","30962762","chr5","45791215","45791384","31","14828613"
"chr5","30962770","30962875","chr18","21250617","21250722","9","9712153"
"chr5","30972872","30972997","chr3","115180873","115181000","18","84208001"
"chr5","30973032","30973146","chr19","22074530","22074643","21","8898502"
"chr5","30979803","30980096","chr12","19070611","19070908","48","11909192"
"chr5","30981544","30981868","chr18","19309870","19310191","81","11671674"
"chr5","30982792","30982954","chr1","200355935","200356094","25","169373143"
"chr5","30984069","30984289","chr15","44981764","44981985","30","13997695"
"chr5","30987326","30987465","chr8","64685327","64685455","44","33698001"
"chr5","30996982","30997283","chr20","25937920","25938221","42","5059062"
"chr5","31002436","31002739","chr3","183837195","183837499","39","152834759"
"chr5","31017914","31018185","chr2B","121043241","121043520","47","90025327"
"chr5","31022572","31022703","chr5","123735052","123735181","13","92712480"
"chr5","31046261","31046447","chr6","162765964","162766138","42","131719703"
"chr5","31050786","31050951","chr20","30142702","30142863","30","908084"
"chr5","31052119","31052411","chr20","25993846","25994120","54","5058273"
"chr5","31063045","31063324","chr2A","51928607","51928894","50","20865562"
"chr5","31063487","31063825","chr1","89938779","89939088","65","58875292"
"chr5","31117937","31118234","chr22","25326445","25326744","42","5791492"
"chr5","31136639","31136949","chr2A","53212043","53212340","62","22075404"
"chr5","31138804","31139085","chr19","48149280","48149571","46","17010476"
"chr5","31139679","31139983","chr1","57033983","57034284","45","25894304"
"chr5","31156023","31156170","chr2B","122688533","122688683","17","91532510"
"chr5","31171201","31171481","chr12","122059286","122059576","54","90888085"
"chr5","31208491","31208794","chr1","146667786","146668094","39","115459295"
"chr5","31218096","31218417","chr5","13685138","13685450","56","17532958"
"chr5","31232845","31233018","chr17","8999835","8999998","41","22233010"
"chr5","31245048","31245361","chr20","35964453","35964764","39","4719405"
"chr5","31245976","31246274","chr8","86165866","86166163","46","54919890"
"chr5","31251320","31251476","chr14","58912925","58913079","34","27661605"
"chr5","31251771","31251905","chrX","47697355","47697489","11","16445584"
"chr5","31257435","31257741","chr22","12412639","12412945","34","18844796"
"chr5","31262599","31262866","chr11","123114043","123114321","45","91851444"
"chr5","31265672","31265814","chr18","59064463","59064604","24","27798791"
"chr5","31266127","31266264","chr1","27469409","27469546","16","3796718"
"chr5","31276802","31277077","chr10","36748912","36749187","44","5472110"
"chr5","31280905","31281187","chr3","75915486","75915767","36","44634581"
"chr5","31295436","31295743","chr1","76679777","76680087","49","45384341"
"chr5","31313775","31314067","chr11","130728676","130728969","45","99414901"
"chr5","31352888","31353184","chr7","57395123","57395418","38","26042235"
"chr5","31353246","31353554","chr11","47308826","47309131","41","15955580"
"chr5","31370007","31370173","chr4","2469407","2469572","22","28900600"
"chr5","31447957","31448268","chr19","8085222","8085532","37","23362735"
"chr5","31449060","31449369","chr1","12016467","12016774","44","19432593"
"chr5","31474509","31474788","chr7","71782752","71783033","39","40308243"
"chr5","31481741","31482035","chr18","56165865","56166162","41","24684124"
"chr5","31516333","31516616","chr11","3623940","3624232","36","27892393"
"chr5","31526765","31526928","chrX","129751072","129751237","18","98224307"
"chr5","31528308","31528493","chr1","136078748","136078933","30","104550440"
"chr5","31534655","31534951","chr3","185043541","185043836","42","153508886"
"chr5","31540996","31541290","chr18","30293400","30293688","52","1247596"
"chr5","31541941","31542158","chr11","68241627","68241840","39","36699686"
"chr5","31542175","31542484","chr16","46631510","46631820","41","15089335"
"chr5","31547935","31548058","chr2B","89205640","89205764","12","57657705"
"chr5","31552490","31552770","chrX","9661138","9661421","36","21891352"
"chr5","31558057","31558362","chr3","173713866","173714172","45","142155809"
"chr5","31565493","31565800","chr17","14916620","14916925","44","16648873"
"chr5","31566569","31566849","chr6","81033707","81033988","40","49467138"
"chr5","31566852","31567152","chr7","77454578","77454880","32","45887726"
"chr5","31622216","31622382","chr14","74586094","74586256","29","42963878"
"chr5","31630572","31630710","chr1","36509687","36509822","15","4879115"
"chr5","31631009","31631148","chr1","76697102","76697241","28","45066093"
"chr5","31631489","31631760","chrX","46727945","46728224","40","15096456"
"chr5","31640926","31641177","chr10","39499447","39499692","39","7858521"
"chr5","31655231","31655519","chr8","142760753","142761043","47","111105522"
"chr5","31696089","31696331","chr16","31494825","31495070","39","201264"
"chr5","31824076","31824364","chr3","170592921","170593214","50","138768845"
"chr5","31831139","31831438","chr14","87871716","87872017","38","56040577"
"chr5","31894941","31895257","chr5","138695005","138695301","52","106800064"
"chr5","31946836","31947168","chr7","111160310","111160639","56","79213474"
"chr5","31947691","31947991","chr11","71900702","71900995","40","39953011"
"chr5","31949557","31949855","chr1","94804891","94805182","40","62855334"
"chr5","31968827","31968995","chr3","48305324","48305493","25","16336497"
"chr5","31969306","31969422","chr17","2819657","2819778","27","29149649"
"chr5","31972195","31972506","chr11","120932649","120932956","45","88960454"
"chr5","31976394","31976484","chr4","104626800","104626888","22","72650406"
"chr5","31978260","31978482","chrX","101719102","101719331","32","69740842"
"chr5","31990256","31990545","chr7","5075500","5075791","43","26914756"
"chr5","31994728","31995033","chrX","96418634","96418936","36","64423906"
"chr5","32004169","32004479","chr8","110818560","110818871","34","78814391"
"chr5","32099442","32099732","chrX","100891659","100891954","43","68792217"
"chr5","32107474","32107762","chr1","36742133","36742423","49","4634659"
"chr5","32127164","32127280","chr12","61912415","61912536","24","29785251"
"chr5","32164125","32164401","chr1","11669542","11669828","37","20494583"
"chr5","32174475","32174769","chr1","16393637","16393939","41","15780838"
"chr5","32203069","32203251","chr5","138715094","138715255","46","106512025"
"chr5","32203549","32203690","chr21","31662246","31662382","19","541303"
"chr5","32207545","32207855","chr1","118696601","118696906","43","86489056"
"chr5","32210482","32210779","chr11","114440424","114440727","45","82229942"
"chr5","32224439","32224739","chr1","15780071","15780366","48","16444368"
"chr5","32238045","32238349","chr8","126717045","126717351","42","94479000"
"chr5","32248114","32248255","chrX","119294972","119295111","19","87046858"
"chr5","32249363","32249660","chr9","79446566","79446862","42","47197203"
"chr5","32250521","32250570","chr2B","131410167","131410220","7","99159646"
"chr5","32258943","32259240","chr2B","100893350","100893645","43","68634407"
"chr5","32277386","32277650","chr4","124359555","124359819","38","92082169"
"chr5","32291150","32291436","chr20","37036008","37036300","42","4744858"
"chr5","32303795","32304100","chr19","35512059","35512356","39","3208264"
"chr5","32321220","32321543","chr10","137408851","137409165","62","105087631"
"chr5","32346346","32346655","chr4","121437532","121437838","49","89091186"
"chr5","32357745","32358042","chr16","65847469","65847771","42","33489724"
"chr5","32374455","32374557","chr2A","42156509","42156605","24","9782054"
"chr5","32375218","32375391","chr5","2767848","2768016","37","29607370"
"chr5","32387913","32388193","chr1","78508506","78508789","42","46120593"
"chr5","32398421","32398576","chr2A","91566876","91567028","28","59168455"
"chr5","32398612","32398737","chr5","9577715","9577839","16","22820897"
"chr5","32421338","32421605","chr10","82307237","82307504","50","49885899"
"chr5","32423782","32424075","chr11","129838749","129839051","45","97414967"
"chr5","32428467","32428641","chr1","95325624","95325796","32","62897157"
"chr5","32435686","32435784","chr3","149918887","149918980","17","117483201"
"chr5","32449420","32449568","chr1","160302248","160302397","31","127852828"
"chr5","32450640","32450938","chr10","40350693","40350990","48","7900053"
"chr5","32453162","32453445","chr1","62601421","62601701","50","30148259"
"chr5","32462627","32462960","chr1","25213421","25213752","47","7249206"
"chr5","32470562","32470807","chr11","119005987","119006249","55","86535425"
"chr5","32477056","32477186","chr1","27350774","27350904","19","5126282"
"chr5","32483828","32483957","chr14","12485207","12485337","11","19998621"
"chr5","32498743","32499063","chr5","34215137","34215446","44","1716394"
"chr5","32507948","32508243","chr6","48058765","48059050","56","15550817"
"chr5","32511028","32511336","chr8","125631614","125631911","42","93120586"
"chr5","32517346","32517631","chr9","59683723","59684008","45","27166377"
"chr5","32518368","32518496","chr12","98738459","98738590","17","66220091"
"chr5","32531169","32531314","chr5","4071116","4071256","27","28460053"
"chr5","32531620","32531799","chr1","132764476","132764661","36","100232856"
"chr5","32549464","32549566","chr2A","53123517","53123615","32","20574053"
"chr5","32549567","32549792","chr2B","66665417","66665639","35","34115850"
"chr5","32550067","32550150","chr11","67350015","67350098","10","34799948"
"chr5","32566148","32566440","chr2A","20895744","20896038","42","11670404"
"chr5","32609807","32610114","chr20","44992820","44993127","46","12383013"
"chr5","32628816","32629173","chr9","42683008","42683344","78","10054192"
"chr5","32649112","32649404","chr20","37401114","37401406","35","4752002"
"chr5","32690831","32691058","chr1","206005436","206005660","29","173314605"
"chr5","32728765","32729062","chr4","201002184","201002482","44","168273419"
"chr5","32753655","32753943","chr1","46005396","46005686","44","13251741"
"chr5","32755981","32756144","chr2A","5900847","5901006","22","26855134"
"chr5","32793498","32793786","chr4","21361861","21362148","38","11431637"
"chr5","32847301","32847597","chr5","18624256","18624556","43","14223045"
"chr5","32880706","32881007","chr7","77548302","77548597","46","44667596"
"chr5","32889563","32889863","chr3","188561795","188562095","28","155672232"
"chr5","32910981","32911159","chr1","27103207","27103390","51","5807774"
"chr5","32940869","32941173","chr18","3700313","3700619","33","29240556"
"chr5","32956423","32956639","chr13","10146333","10146541","43","22810090"
"chr5","32981966","32982232","chr2A","83270217","83270489","42","50288251"
"chr5","33004976","33005268","chr7","139996539","139996831","43","106991563"
"chr5","33044098","33044388","chr14","6481604","6481898","44","26562494"
"chr5","33053715","33054000","chr7","48368412","48368691","57","15314697"
"chr5","33054152","33054446","chr11","33845100","33845394","38","790948"
"chr5","33054965","33055252","chr2B","52468094","52468380","43","19413129"
"chr5","33061274","33061583","chr19","14638514","14638815","40","18422760"
"chr5","33062637","33062931","chr20","43704827","43705120","42","10642190"
"chr5","33081157","33081402","chr6","141401691","141401931","46","108320534"
"chr5","33081873","33081932","chrX","49622743","49622807","10","16540870"
"chr5","33085321","33085610","chr8","131317213","131317507","38","98231892"
"chr5","33086942","33087242","chr7","150348206","150348502","41","117261264"
"chr5","33095722","33095956","chr5","122750585","122750815","33","89654863"
"chr5","33107866","33108176","chr20","37840877","37841173","44","4733011"
"chr5","33111306","33111557","chr13","73433757","73434007","43","40322451"
"chr5","33122535","33122853","chr5","60903639","60903947","63","27781104"
"chr5","33160732","33161029","chrX","49238016","49238318","40","16077284"
"chr5","33338580","33338862","chr15","8887885","8888167","41","24450695"
"chr5","33380987","33381279","chr17","63335478","63335775","48","29954491"
"chr5","33429042","33429329","chr20","38139787","38140078","32","4710745"
"chr5","33448958","33449258","chr8","9756252","9756551","50","23692706"
"chr5","33527734","33528011","chr13","96336773","96337049","58","62809039"
"chr5","33549285","33549546","chr17","21438905","21439176","50","12110380"
"chr5","33554733","33554983","chr17","11966462","11966713","41","21588271"
"chr5","33579233","33579521","chr19","35438931","35439222","37","1859698"
"chr5","33773812","33774103","chr9","106799866","106800156","39","73026054"
"chr5","33791284","33791588","chr1","46199617","46199916","44","12408333"
"chr5","33885197","33885501","chr8","47619379","47619670","53","13734182"
"chr5","33978997","33979299","chr15","57174398","57174706","40","23195401"
"chr5","34090273","34090553","chr17","30876027","30876311","39","3214246"
"chr5","34122479","34122742","chr2B","94337341","94337613","44","60214862"
"chr5","34156481","34156796","chr13","9716804","9717101","68","24439677"
"chr5","34200911","34201075","chr19","34818847","34819006","26","617936"
"chr5","34211574","34211851","chr5","78519012","78519290","54","44307438"
"chr5","34257296","34257592","chr1","139266119","139266414","39","105008823"
"chr5","34611592","34611876","chr1","225052538","225052823","40","190440946"
"chr5","34624499","34624797","chr1","134187131","134187427","41","99562632"
"chr5","34673655","34673931","chr12","3070247","3070522","47","31603408"
"chr5","34692271","34692546","chr7","152775232","152775503","48","118082961"
"chr5","34728968","34729281","chr15","53196353","53196655","56","18467385"
"chr5","34768362","34768644","chr5","47101929","47102212","41","12333567"
"chr5","34785514","34785808","chr5","66262413","66262707","46","31476899"
"chr5","34921740","34921864","chr15","22699976","22700107","21","12221764"
"chr5","34941173","34941330","chr19","2336990","2337150","24","32604183"
"chr5","34960955","34961245","chr16","30992198","30992489","45","3968757"
"chr5","34970774","34971078","chr19","572058","572360","35","34398716"
"chr5","34976523","34976809","chr4","40452022","40452313","36","5475499"
"chr5","35000586","35000794","chr2B","95825929","95826142","71","60825343"
"chr5","35001104","35001241","chr5","121993736","121993872","19","86992632"
"chr5","35018054","35018231","chr9","29017107","29017277","37","6000947"
"chr5","35018516","35018644","chr3","175529472","175529612","28","140510956"
"chr5","35023117","35023211","chr5","115974564","115974652","18","80951447"
"chr5","35025235","35025433","chr14","85511353","85511552","33","50486118"
"chr5","35029030","35029175","chr3","113377232","113377374","35","78348202"
"chr5","35029215","35029337","chr5","154725340","154725462","19","119696125"
"chr5","35034398","35034702","chr21","30658994","30659298","40","4375404"
"chr5","35099296","35099421","chrX","119610585","119610712","14","84511289"
"chr5","35099667","35099970","chr3","15384598","15384896","43","19715069"
"chr5","35102595","35102777","chr19","3697714","3697902","31","31404881"
"chr5","35142574","35142866","chr8","48946739","48947034","46","13804165"
"chr5","35154041","35154345","chr7","3160627","3160930","53","31993414"
"chr5","35343512","35343710","chr20","49313235","49313442","34","13969723"
"chr5","35344011","35344105","chr19","21282050","21282137","16","14061961"
"chr5","35361627","35361947","chr16","48443014","48443321","45","13081387"
"chr5","35377367","35377666","chr3","74750020","74750321","35","39372653"
"chr5","35406293","35406425","chr21","31662246","31662382","11","3744047"
"chr5","35406738","35406906","chr8","48753766","48753936","22","13347028"
"chr5","35410998","35411328","chr1","22612750","22613075","54","12798248"
"chr5","35422036","35422331","chr9","50801939","50802239","38","15379903"
"chr5","35570265","35570562","chr9","41878230","41878523","43","6307965"
"chr5","35598017","35598231","chr6","101563757","101563980","43","65965740"
"chr5","35603227","35603506","chr5","126506152","126506434","53","90902925"
"chr5","35605530","35605817","chr1","159180870","159181161","35","123575340"
"chr5","35606689","35606949","chr20","40332872","40333133","35","4726183"
"chr5","35628081","35628372","chr2A","104006927","104007218","41","68378846"
"chr5","35644635","35644816","chr3","286792","286972","27","35357843"
"chr5","35650952","35651246","chr2B","23549213","23549505","41","12101739"
"chr5","35659230","35659533","chr10","13569449","13569752","45","22089781"
"chr5","35666368","35666500","chr19","32515543","32515675","8","3150825"
"chr5","35666848","35667019","chr12","98776420","98776589","28","63109572"
"chr5","35698234","35698530","chr3","199631597","199631896","38","163933363"
"chr5","35705819","35706066","chr1","15514991","15515242","50","20190828"
"chr5","35712866","35713151","chr15","64647983","64648276","50","28935117"
"chr5","35725655","35725948","chr8","82894963","82895258","35","47169308"
"chr5","35746734","35747027","chr19","41743381","41743671","38","5996647"
"chr5","35755275","35755557","chr5","21058068","21058355","44","14697207"
"chr5","35785343","35785615","chr4","124359555","124359819","35","88574212"
"chr5","35805632","35805924","chr5","40662770","40663064","43","4857138"
"chr5","35833620","35833814","chr4","38919830","38920031","41","3086210"
"chr5","35925719","35925884","chr1","39347575","39347738","30","3421856"
"chr5","35998780","35998910","chr1","214243924","214244054","22","178245144"
"chr5","36035975","36036279","chr22","14322903","14323197","49","21713072"
"chr5","36112014","36112283","chr6","152344327","152344611","50","116232313"
"chr5","36210056","36210334","chr4","105741633","105741911","45","69531577"
"chr5","36240811","36241094","chr10","90332511","90332792","40","54091700"
"chr5","36336337","36336628","chr4","190087274","190087564","56","153750937"
"chr5","36374712","36375017","chr4","26102352","26102657","54","10272360"
"chr5","36394432","36394729","chr4","110248134","110248433","41","73853702"
"chr5","36447052","36447173","chrX","64680838","64680952","27","28233786"
"chr5","36536985","36537287","chr11","120932649","120932956","36","84395664"
"chr5","36585843","36586111","chr6","57538701","57538979","57","20952858"
"chr5","36641407","36641706","chr2A","14335186","14335485","34","22306221"
"chr5","36646050","36646207","chr7","48329254","48329410","26","11683204"
"chr5","36703554","36703850","chr8","80995665","80995964","50","44292111"
"chr5","36789370","36789663","chr17","2653981","2654269","48","34135389"
"chr5","36867295","36867594","chrX","130056556","130056852","48","93189261"
"chr5","36905813","36906109","chr18","10023672","10023965","39","26882141"
"chr5","36941188","36941528","chr3","181628627","181628967","45","144687439"
"chr5","37004453","37004781","chr10","88292868","88293184","57","51288415"
"chr5","37144684","37144965","chr4","124825886","124826177","41","87681202"
"chr5","37188268","37188563","chr7","102195779","102196080","48","65007511"
"chr5","37193639","37193930","chr6","113445219","113445506","45","76251580"
"chr5","37235187","37235472","chr3","36205151","36205432","53","1030036"
"chr5","37235500","37235515","chr16","4512150","4512163","2","32723350"
"chr5","37257799","37258095","chr1","27413664","27413959","39","9844135"
"chr5","37280262","37280529","chr16","24962926","24963197","39","12317336"
"chr5","37292131","37292450","chr4","89495006","89495313","50","52202875"
"chr5","37322680","37322817","chr17","1423559","1423696","21","35899121"
"chr5","37388476","37388779","chr8","19067420","19067722","48","18321056"
"chr5","37393310","37393618","chr6","24071747","24072049","40","13321563"
"chr5","37394017","37394298","chr3","132041578","132041856","50","94647561"
"chr5","37435921","37436231","chr5","37548275","37548584","42","112354"
"chr5","37438357","37438640","chr15","18668250","18668534","49","18770107"
"chr5","37450252","37450433","chr12","60115192","60115368","32","22664940"
"chr5","37456190","37456535","chr10","39342132","39342452","83","1885942"
"chr5","37483978","37484252","chrX","45065389","45065671","42","7581411"
"chr5","37496207","37496496","chr20","42155225","42155520","46","4659018"
"chr5","37542644","37542977","chrX","70160162","70160484","61","32617518"
"chr5","37559047","37559337","chr11","70727483","70727776","39","33168436"
"chr5","37561007","37561316","chr20","42233839","42234144","38","4672832"
"chr5","37571236","37571334","chr1","26873677","26873772","20","10697559"
"chr5","37589743","37589997","chr5","48160239","48160482","52","10570496"
"chr5","37598160","37598425","chr3","172681405","172681668","49","135083245"
"chr5","37598662","37598850","chr20","42267433","42267617","26","4668771"
"chr5","37609248","37609313","chr10","116378981","116379045","9","78769733"
"chr5","37614680","37614754","chr5","39315402","39315477","11","1700722"
"chr5","37618927","37619059","chr7","57083020","57083154","19","19464093"
"chr5","37630421","37630543","chr8","126739306","126739428","22","89108885"
"chr5","37631149","37631283","chr13","22489025","22489160","30","15142124"
"chr5","37632008","37632166","chr1","7647076","7647233","21","29984932"
"chr5","37632447","37632730","chr9","114191687","114191982","43","76559240"
"chr5","37638174","37638475","chr1","114321199","114321505","43","76683025"
"chr5","37648004","37648179","chr6","146265558","146265736","30","108617554"
"chr5","37648485","37648619","chr7","131031908","131032043","20","93383423"
"chr5","37662952","37663251","chr3","199631597","199631896","39","161968645"
"chr5","37672895","37673024","chr5","35633795","35633931","17","2039100"
"chr5","37682424","37682536","chr7","104283135","104283254","20","66600711"
"chr5","37682548","37682838","chr8","142053932","142054229","43","104371384"
"chr5","37700883","37701173","chr1","65854541","65854833","40","28153658"
"chr5","37702888","37703004","chr8","63010003","63010119","10","25307115"
"chr5","37717749","37717884","chr7","72985934","72986072","11","35268185"
"chr5","37717885","37718166","chr21","17383360","17383644","42","20334525"
"chr5","37725567","37725746","chr13","31974299","31974478","27","5751268"
"chr5","37726058","37726152","chrX","120385133","120385226","10","82659075"
"chr5","37729397","37729687","chr6","15324739","15325025","52","22404658"
"chr5","37731070","37731359","chr1","94294773","94295063","40","56563703"
"chr5","37734569","37734734","chr17","17765292","17765458","33","19969277"
"chr5","37735147","37735427","chr8","85169323","85169599","55","47434176"
"chr5","37741375","37741557","chr16","30525374","30525548","28","7216001"
"chr5","37742310","37742605","chr20","42410450","42410744","45","4668140"
"chr5","37751622","37751634","chr9","31475183","31475195","1","6276439"
"chr5","37751686","37751971","chr1","208239639","208239923","42","170487953"
"chr5","37762766","37762882","chr1","10090900","10091014","13","27671866"
"chr5","37765071","37765261","chr1","45744794","45744982","31","7979723"
"chr5","37767797","37767931","chr1","28134635","28134769","14","9633162"
"chr5","37768232","37768390","chr1","128624479","128624635","29","90856247"
"chr5","37768696","37768840","chr20","42441137","42441283","23","4672441"
"chr5","37769134","37769301","chr16","15498844","15499002","36","22270290"
"chr5","37770760","37770883","chr5","35562042","35562173","26","2208718"
"chr5","37772869","37773112","chr6","146412874","146413111","49","108640005"
"chr5","37776067","37776182","chr1","110505595","110505724","20","72729528"
"chr5","37776754","37776835","chr19","53246925","53247001","13","15470171"
"chr5","37779416","37779602","chr1","28031467","28031664","40","9747949"
"chr5","37783164","37783277","chr9","66056612","66056731","20","28273448"
"chr5","37783583","37783773","chr1","219046851","219047038","30","181263268"
"chr5","37794266","37794502","chr3","131689761","131690014","53","93895495"
"chr5","37795796","37795985","chr5","163894509","163894701","45","126098713"
"chr5","37796337","37796653","chr9","120154541","120154852","45","82358204"
"chr5","37801212","37801533","chr12","94233865","94234177","57","56432653"
"chr5","37804205","37804361","chr19","36195903","36196061","28","1608302"
"chr5","37804743","37805037","chr17","41932161","41932454","39","4127418"
"chr5","37809737","37810046","chr1","162181933","162182239","50","124372196"
"chr5","37811457","37811751","chr12","30413008","30413303","46","7398449"
"chr5","37812560","37812698","chrX","16683148","16683283","22","21129412"
"chr5","37812993","37813173","chr18","10965316","10965490","38","26847677"
"chr5","37814401","37814583","chr5","35976476","35976657","33","1837925"
"chr5","37814891","37815031","chr6","3020528","3020659","21","34794363"
"chr5","37820339","37820506","chr20","35835610","35835775","28","1984729"
"chr5","37820507","37820687","chr14","57638840","57639016","32","19818333"
"chr5","37820990","37821124","chr1","6251115","6251251","21","31569875"
"chr5","37821125","37821322","chr10","37535782","37535952","61","285343"
"chr5","37821351","37821482","chr1","10043533","10043661","15","27777818"
"chr5","37838099","37838381","chr18","11984693","11984971","43","25853406"
"chr5","37855405","37855710","chrX","46462791","46463100","41","8607386"
"chr5","37860080","37860199","chr1","127657503","127657621","16","89797423"
"chr5","37860228","37860390","chr5","25009844","25010003","25","12850384"
"chr5","37867580","37867712","chr5","118531582","118531714","15","80664002"
"chr5","37873172","37873472","chr3","46381852","46382163","51","8508680"
"chr5","37873691","37873848","chr19","31274271","31274422","23","6599420"
"chr5","37897018","37897294","chr19","4572154","4572443","56","33324864"
"chr5","37917601","37917916","chr1","179740373","179740680","43","141822772"
"chr5","37950368","37950507","chr12","93908336","93908477","28","55957968"
"chr5","37953127","37953407","chr6","29533092","29533381","45","8420035"
"chr5","37969681","37969866","chr1","129334288","129334473","35","91364607"
"chr5","37998103","37998382","chr18","57302455","57302733","49","19304352"
"chr5","38033571","38033873","chr3","188561795","188562095","29","150528224"
"chr5","38058386","38058624","chr4","2730770","2731005","33","35327616"
"chr5","38123707","38123996","chr18","24145301","24145586","54","13978406"
"chr5","38124024","38124038","chr7","16971930","16971942","3","21152094"
"chr5","38127593","38127726","chr12","21476369","21476503","17","16651224"
"chr5","38134367","38134625","chr12","18256701","18256956","40","19877666"
"chr5","38174077","38174203","chr5","123735052","123735181","11","85560975"
"chr5","38197009","38197311","chr1","46942117","46942417","37","8745108"
"chr5","38199521","38199807","chr5","102387389","102387677","45","64187868"
"chr5","38206619","38206905","chr5","160450874","160451173","60","122244255"
"chr5","38222719","38223014","chr1","76677706","76677999","41","38454987"
"chr5","38224991","38225105","chr5","78580273","78580386","15","40355282"
"chr5","38292286","38292580","chr3","45969189","45969484","32","7676903"
"chr5","38338364","38338562","chr4","38919830","38920031","29","581466"
"chr5","38344478","38344588","chr10","15486811","15486920","14","22857667"
"chr5","38344635","38344798","chr5","19584116","19584279","26","18760519"
"chr5","38357544","38357836","chr8","27259942","27260231","41","11097602"
"chr5","38362440","38362727","chr1","159180870","159181161","38","120818430"
"chr5","38364217","38364505","chr11","6550770","6551054","44","31813447"
"chr5","38366148","38366436","chr15","49302263","49302546","37","10936115"
"chr5","38368024","38368307","chr22","17590884","17591166","35","20777140"
"chr5","38373601","38373922","chr16","21592405","21592731","58","16781196"
"chr5","38382469","38382589","chr17","27477215","27477339","16","10905254"
"chr5","38382908","38383066","chr12","6210507","6210667","27","32172401"
"chr5","38405180","38405483","chr6","151128421","151128713","53","112723241"
"chr5","38415063","38415136","chrX","1442520","1442589","8","36972543"
"chr5","38417122","38417394","chr5","143799619","143799893","46","105382497"
"chr5","38425279","38425579","chr2B","131657052","131657355","40","93231773"
"chr5","38444033","38444205","chr9","69544552","69544726","27","31100519"
"chr5","38444497","38444512","chr10","41073699","41073713","2","2629202"
"chr5","38444821","38445122","chr19","35512059","35512356","36","2932762"
"chr5","38462615","38462918","chr2B","111565682","111565976","50","73103067"
"chr5","38466767","38467062","chr5","9619119","9619412","46","28847648"
"chr5","38467247","38467258","chr5","122154972","122154983","0","83687725"
"chr5","38485977","38485999","chr3","140317508","140317529","5","101831531"
"chr5","38486041","38486325","chr1","62601421","62601701","44","24115380"
"chr5","38490225","38490521","chrX","74402049","74402348","41","35911824"
"chr5","38493606","38493908","chr1","205645775","205646078","39","167152169"
"chr5","38494376","38494693","chr22","3868598","3868908","48","34625778"
"chr5","38497358","38497651","chr9","69335388","69335681","38","30838030"
"chr5","38500418","38500701","chr1","148845901","148846188","56","110345483"
"chr5","38504186","38504300","chr16","12332334","12332448","12","26171852"
"chr5","38506066","38506192","chr7","86205240","86205367","18","47699174"
"chr5","38535240","38535474","chr4","2730770","2731005","33","35804470"
"chr5","38560723","38560993","chrX","65505340","65505598","44","26944617"
"chr5","38562008","38562049","chr20","62751996","62752038","11","24189988"
"chr5","38562335","38562444","chr6","127611593","127611698","22","89049258"
"chr5","38589169","38589475","chr1","215280677","215280982","42","176691508"
"chr5","38589755","38590060","chr6","40058418","40058717","43","1468663"
"chr5","38590731","38591021","chr20","43273890","43274175","40","4683159"
"chr5","38606934","38607225","chr1","10142590","10142886","43","28464344"
"chr5","38631385","38631661","chr7","5363383","5363661","41","33268002"
"chr5","38638555","38638842","chr7","129041789","129042074","40","90403234"
"chr5","38641795","38642093","chr3","42788373","42788672","32","4146578"
"chr5","38645880","38646171","chr5","133146837","133147127","40","94500957"
"chr5","38664714","38664825","chr6","32533953","32534063","12","6130761"
"chr5","38667166","38667393","chr22","12688567","12688797","51","25978599"
"chr5","38676047","38676332","chr7","112012977","112013261","59","73336930"
"chr5","38677653","38677957","chr9","109734146","109734451","42","71056493"
"chr5","38683504","38683796","chr7","139789791","139790080","44","101106287"
"chr5","38694094","38694385","chr6","44225213","44225501","36","5531119"
"chr5","38700313","38700606","chr7","115990968","115991267","53","77290655"
"chr5","38718989","38719287","chr2B","112124871","112125169","42","73405882"
"chr5","38720982","38721083","chr17","33600027","33600123","17","5120955"
"chr5","38729092","38729395","chr1","41534398","41534698","39","2805306"
"chr5","38748311","38748588","chr7","137977860","137978152","61","99229549"
"chr5","38752875","38753135","chr14","42327486","42327746","45","3574611"
"chr5","38753679","38753979","chrX","41300065","41300367","29","2546386"
"chr5","38779638","38779774","chr22","31972723","31972857","11","6806915"
"chr5","38780076","38780254","chr8","48713272","48713446","24","9933196"
"chr5","38799667","38799820","chr2B","122688533","122688683","16","83888866"
"chr5","38800437","38800709","chr4","130495786","130496063","39","91695349"
"chr5","38808201","38808482","chr20","43480220","43480502","34","4672019"
"chr5","38810937","38811083","chr5","35969445","35969588","24","2841492"
"chr5","38827813","38828104","chr2A","67830661","67830952","46","29002848"
"chr5","38837822","38837987","chr19","38845834","38846001","34","8012"
"chr5","38852692","38852819","chr18","57285188","57285322","24","18432496"
"chr5","38858246","38858381","chr3","8501615","8501750","19","30356631"
"chr5","38870151","38870443","chr14","47119062","47119353","41","8248911"
"chr5","38932061","38932296","chr7","70211590","70211819","36","31279529"
"chr5","38935873","38936184","chr11","66715168","66715477","43","27779295"
"chr5","38945093","38945391","chrX","50606946","50607243","35","11661853"
"chr5","38968164","38968452","chr7","24452317","24452599","48","14515847"
"chr5","38990997","38991281","chr11","9392301","9392584","38","29598696"
"chr5","39004911","39005200","chr2A","68432682","68432970","46","29427771"
"chr5","39008049","39008343","chr10","115817490","115817785","36","76809441"
"chr5","39009286","39009435","chr20","35422930","35423071","30","3586356"
"chr5","39010874","39011160","chr10","7461808","7462098","44","31549066"
"chr5","39011216","39011441","chr4","17739394","17739629","41","21271822"
"chr5","39013030","39013323","chr5","40662770","40663064","42","1649740"
"chr5","39025487","39025778","chr8","47619379","47619670","33","8593892"
"chr5","39027065","39027372","chr1","10058945","10059255","41","28968120"
"chr5","39031331","39031634","chrX","128923641","128923950","41","89892310"
"chr5","39046753","39047048","chr10","85032894","85033191","44","45986141"
"chr5","39062757","39062929","chr8","121787467","121787636","39","82724710"
"chr5","39067362","39067658","chr20","43743705","43744015","49","4676343"
"chr5","39070265","39070544","chr1","145866574","145866859","45","106796309"
"chr5","39072304","39072429","chr15","28889483","28889610","19","10182821"
"chr5","39074962","39075269","chr1","31808785","31809090","32","7266177"
"chr5","39077523","39077625","chr4","16931441","16931537","16","22146082"
"chr5","39077810","39078045","chr9","120180299","120180525","40","81102489"
"chr5","39083436","39083714","chr12","57958159","57958446","43","18874723"
"chr5","39091354","39091628","chr15","64478386","64478671","53","25387032"
"chr5","39152833","39153137","chr16","31149580","31149882","43","8003253"
"chr5","39161504","39161798","chr5","135590709","135591003","36","96429205"
"chr5","39168417","39168700","chr5","39668073","39668356","33","499656"
"chr5","39311183","39311466","chr6","3742240","3742527","47","35568943"
"chr5","39383887","39384178","chr14","83961614","83961904","50","44577727"
"chr5","39398519","39398638","chrX","23325027","23325143","18","16073492"
"chr5","39477973","39478103","chr14","54315089","54315224","18","14837116"
"chr5","39478416","39478591","chr22","12987595","12987769","26","26490821"
"chr5","39479224","39479519","chr20","44157482","44157783","45","4678258"
"chr5","39489718","39490013","chr2A","20895744","20896038","39","18593974"
"chr5","39493061","39493356","chr12","98440451","98440748","40","58947390"
"chr5","39516522","39516804","chr3","54466312","54466598","47","14949790"
"chr5","39547367","39547650","chr14","61097634","61097920","38","21550267"
"chr5","39573100","39573403","chr5","61240528","61240828","52","21667428"
"chr5","39612884","39613185","chr15","19067979","19068278","48","20544905"
"chr5","39641919","39642130","chr20","44303672","44303886","28","4661753"
"chr5","39642211","39642260","chr17","38735481","38735529","13","906730"
"chr5","39651109","39651396","chr7","4032279","4032574","38","35618830"
"chr5","39652329","39652618","chr17","82605324","82605618","44","42952995"
"chr5","39696648","39696938","chr5","41300508","41300800","41","1603860"
"chr5","39724027","39724325","chr11","47887591","47887891","31","8163564"
"chr5","39739115","39739412","chr5","157037102","157037398","44","117297987"
"chr5","39740275","39740400","chr20","44443933","44444058","20","4703658"
"chr5","39773338","39773645","chr14","22381297","22381605","40","17392041"
"chr5","39780795","39781087","chr4","99311877","99312172","51","59531082"
"chr5","39797442","39797686","chr15","18687246","18687489","33","21110196"
"chr5","39821044","39821163","chr7","104403957","104404081","13","64582913"
"chr5","39842916","39843184","chr4","32603539","32603814","37","7239377"
"chr5","39846657","39846955","chr19","35564249","35564547","40","4282408"
"chr5","39868352","39868655","chr13","33370716","33371018","44","6497636"
"chr5","39878790","39879079","chr10","85032894","85033191","44","45154104"
"chr5","39883074","39883250","chr20","63010421","63010595","26","23127347"
"chr5","39883539","39883640","chr10","134614770","134614876","22","94731231"
"chr5","39886321","39886456","chr11","61144125","61144254","16","21257804"
"chr5","39907547","39907668","chr2B","129408110","129408233","17","89500563"
"chr5","39907701","39907847","chr12","124897201","124897362","35","84989500"
"chr5","39907858","39907974","chr11","113906994","113907109","13","73999136"
"chr5","39918653","39918948","chr20","44729645","44729945","44","4810992"
"chr5","39921585","39921759","chr16","73177501","73177677","42","33255916"
"chr5","39930067","39930353","chr7","56416910","56417183","56","16486843"
"chr5","39931259","39931476","chr1","222265304","222265519","36","182334045"
"chr5","39950162","39950255","chr9","70059064","70059157","13","30108902"
"chr5","39950502","39950633","chr21","34840481","34840614","26","5110021"
"chr5","39957204","39957328","chr2B","117185797","117185922","15","77228593"
"chr5","39957638","39957799","chrX","69931574","69931735","24","29973936"
"chr5","39960051","39960332","chr9","30283665","30283950","39","9676386"
"chr5","39965026","39965113","chr5","138511991","138512071","16","98546965"
"chr5","39978298","39978424","chr14","12485207","12485337","16","27493091"
"chr5","39979476","39979622","chr5","19584116","19584279","31","20395360"
"chr5","39979932","39980048","chr3","33986322","33986441","16","5993610"
"chr5","39981766","39982052","chr12","2926508","2926797","41","37055258"
"chr5","39983219","39983513","chr2B","100893350","100893645","42","60910131"
"chr5","39984135","39984432","chrX","134865880","134866180","35","94881745"
"chr5","40027645","40027775","chr2A","89720579","89720711","16","49692934"
"chr5","40028737","40028822","chr8","45415371","45415458","23","5386634"
"chr5","40032901","40033196","chr15","70423728","70424024","39","30390827"
"chr5","40051858","40052141","chr12","3061473","3061752","54","36990385"
"chr5","40105279","40105394","chr5","38902469","38902591","23","1202810"
"chr5","40105694","40105864","chr17","80172374","80172549","29","40066680"
"chr5","40158984","40159277","chr10","100668224","100668519","43","60509240"
"chr5","40164008","40164296","chr1","78508506","78508789","43","38344498"
"chr5","40246473","40246748","chr3","51774610","51774885","44","11528137"
"chr5","40361057","40361368","chr20","45159751","45160062","39","4798694"
"chr5","40409640","40409936","chrX","134825840","134826136","35","94416200"
"chr5","40480836","40481154","chr21","23573104","23573418","51","16907732"
"chr5","40500167","40500470","chr9","109734146","109734451","37","69233979"
"chr5","40510292","40510592","chrX","106093220","106093524","39","65582928"
"chr5","40525364","40525657","chr6","4177308","4177600","40","36348056"
"chr5","40548104","40548415","chr20","45299756","45300068","43","4751652"
"chr5","40551665","40551993","chr11","62083733","62084065","58","21532068"
"chr5","40556355","40556683","chrX","42219858","42220195","58","1663503"
"chr5","40558465","40558773","chr3","56850263","56850564","62","16291798"
"chr5","40633500","40633791","chr14","10323743","10324034","31","30309757"
"chr5","40659419","40659713","chrX","20024727","20025023","43","20634692"
"chr5","40769302","40769616","chr8","80945832","80946143","48","40176530"
"chr5","40793658","40793954","chrX","11282056","11282349","52","29511602"
"chr5","40821915","40822185","chr8","144593849","144594123","32","103771934"
"chr5","40840070","40840378","chr5","97852587","97852896","36","57012517"
"chr5","40842684","40842983","chr10","109042974","109043276","40","68200290"
"chr5","40849807","40850098","chr7","73094896","73095187","41","32245089"
"chr5","40855306","40855526","chr5","62363230","62363449","36","21507924"
"chr5","40876538","40876710","chr5","47012223","47012413","39","6135685"
"chr5","40882816","40883102","chr14","80306371","80306662","36","39423555"
"chr5","40957222","40957477","chr13","73433757","73434007","46","32476535"
"chr5","40957868","40958175","chr9","106211267","106211564","57","65253399"
"chr5","40959001","40959132","chr2B","26510248","26510376","24","14448753"
"chr5","40963888","40964001","chr6","32533953","32534063","21","8429935"
"chr5","40990704","40990984","chr4","101447458","101447743","51","60456754"
"chr5","41030805","41030820","chr9","111938725","111938740","1","70907920"
"chr5","41030848","41031121","chrX","5038856","5039117","56","35991992"
"chr5","41088331","41088488","chr1","39877012","39877168","26","1211319"
"chr5","41118591","41118897","chr19","14847304","14847605","41","26271287"
"chr5","41120336","41120627","chrX","48637931","48638226","37","7517595"
"chr5","41146303","41146427","chr1","186375038","186375164","17","145228735"
"chr5","41151298","41151452","chr2B","122688533","122688683","18","81537235"
"chr5","41152580","41152866","chr20","45901881","45902175","38","4749301"
"chr5","41153216","41153500","chr22","10716043","10716335","52","30437173"
"chr5","41162431","41162738","chrX","69926944","69927256","42","28764513"
"chr5","41186966","41187254","chr16","62820819","62821111","36","21633853"
"chr5","41222070","41222199","chr1","213473838","213473970","19","172251768"
"chr5","41222225","41222400","chr20","45979736","45979908","25","4757511"
"chr5","41238372","41238681","chrX","18589815","18590117","49","22648557"
"chr5","41262363","41262653","chr2B","112367415","112367706","36","71105052"
"chr5","41267879","41268179","chr11","3591407","3591706","41","37676472"
"chr5","41269510","41269615","chr5","10534162","10534269","18","30735348"
"chr5","41272159","41272226","chr19","18077305","18077373","19","23194854"
"chr5","41272715","41272954","chr19","13343619","13343853","44","27929096"
"chr5","41285042","41285319","chr20","53565946","53566231","42","12280904"
"chr5","41301230","41301505","chr10","134139585","134139872","47","92838355"
"chr5","41302482","41302581","chr14","69447285","69447369","26","28144803"
"chr5","41303198","41303393","chr1","118570669","118570869","36","77267471"
"chr5","41321429","41321723","chr3","108662999","108663287","49","67341570"
"chr5","41323155","41323287","chr10","134985436","134985567","11","93662281"
"chr5","41323603","41323782","chr12","108655091","108655269","37","67331488"
"chr5","41333794","41334121","chr14","87119549","87119871","61","45785755"
"chr5","41334289","41334524","chr12","97284227","97284466","37","55949938"
"chr5","41334901","41334991","chr20","33826279","33826367","18","7508622"
"chr5","41345859","41346098","chr11","60737632","60737883","59","19391773"
"chr5","41349019","41349300","chr3","15609517","15609799","44","25739502"
"chr5","41368515","41368811","chr8","101544594","101544890","40","60176079"
"chr5","41372834","41373124","chr18","51411148","51411437","52","10038314"
"chr5","41374524","41374702","chr4","197122051","197122220","28","155747527"
"chr5","41377686","41377974","chr5","24372432","24372725","46","17005254"
"chr5","41378687","41378927","chr19","46985220","46985442","53","5606533"
"chr5","41381840","41382133","chr1","129490625","129490921","49","88108785"
"chr5","41386128","41386330","chr19","1560019","1560234","37","39826109"
"chr5","41386933","41386984","chr9","66361915","66361965","13","24974982"
"chr5","41392717","41392840","chr22","28571376","28571500","11","12821341"
"chr5","41394668","41394760","chr3","58825185","58825285","21","17430517"
"chr5","41395061","41395196","chr5","35633795","35633931","17","5761266"
"chr5","41399538","41399762","chr5","91150018","91150254","67","49750480"
"chr5","41404774","41404916","chr10","101979594","101979746","27","60574820"
"chr5","41409550","41409687","chr10","134060172","134060309","27","92650622"
"chr5","41409980","41410114","chr11","118050473","118050608","13","76640493"
"chr5","41427760","41427863","chr9","107676550","107676661","25","66248790"
"chr5","41427934","41428008","chr3","197515990","197516059","19","156088056"
"chr5","41431420","41431552","chr1","130521054","130521182","19","89089634"
"chr5","41431553","41431850","chr15","51820288","51820585","36","10388735"
"chr5","41431851","41432020","chr3","16047616","16047784","29","25384235"
"chr5","41435478","41435550","chr6","43830937","43831007","5","2395459"
"chr5","41441233","41441521","chr7","71253242","71253537","49","29812009"
"chr5","41443862","41443971","chr1","45598263","45598369","27","4154401"
"chr5","41443972","41444281","chr1","182113299","182113606","39","140669327"
"chr5","41444282","41444447","chr1","26782555","26782724","23","14661727"
"chr5","41444809","41444975","chr12","118404432","118404592","24","76959623"
"chr5","41445292","41445426","chr3","138229396","138229529","16","96784104"
"chr5","41445701","41446000","chr9","51082477","51082775","43","9636776"
"chr5","41447106","41447273","chr16","30510627","30510792","23","10936479"
"chr5","41447274","41447601","chr2A","36869206","36869534","49","4578068"
"chr5","41447602","41447732","chr6","78227073","78227205","19","36779471"
"chr5","41450271","41450435","chr16","31552584","31552750","18","9897687"
"chr5","41450714","41450835","chr10","11873055","11873169","27","29577659"
"chr5","41453669","41453972","chr2A","81278659","81278965","47","39824990"
"chr5","41454116","41454253","chr10","4864463","4864597","20","36589653"
"chr5","41457135","41457161","chr13","46893648","46893674","7","5436513"
"chr5","41457465","41457605","chr1","40716012","40716154","25","741453"
"chr5","41458167","41458297","chr6","115815313","115815443","28","74357146"
"chr5","41458805","41459124","chr7","157092342","157092672","51","115633537"
"chr5","41461181","41461463","chr2B","44475613","44475897","42","3014432"
"chr5","41461475","41461660","chr5","45060313","45060493","42","3598838"
"chr5","41461963","41462053","chr8","131458581","131458674","21","89996618"
"chr5","41469386","41469697","chr20","46224240","46224551","34","4754854"
"chr5","41472016","41472333","chr5","55329718","55330030","43","13857702"
"chr5","41475533","41475657","chr11","10233135","10233264","16","31242398"
"chr5","41483738","41483867","chr7","4707553","4707688","16","36776185"
"chr5","41490769","41491077","chr7","139963807","139964112","45","98473038"
"chr5","41491086","41491256","chr5","59930487","59930657","22","18439401"
"chr5","41493679","41493786","chr3","110475246","110475354","14","68981567"
"chr5","41494081","41494259","chr2B","33750255","33750431","38","7743826"
"chr5","41500003","41500180","chr8","40158714","40158897","36","1341289"
"chr5","41500187","41500508","chr5","133549781","133550101","41","92049594"
"chr5","41501409","41501703","chr9","34336710","34337000","37","7164699"
"chr5","41502333","41502579","chr17","7311740","7311989","38","34190593"
"chr5","41505422","41505710","chr3","199443194","199443483","37","157937772"
"chr5","41512571","41512736","chr19","1787693","1787857","25","39724878"
"chr5","41513395","41513637","chr3","10417672","10417905","36","31095723"
"chr5","41514005","41514310","chr4","93828554","93828847","47","52314549"
"chr5","41515558","41515877","chr11","122722572","122722893","50","81207014"
"chr5","41517101","41517236","chr7","4673607","4673745","20","36843494"
"chr5","41524029","41524314","chr12","121719493","121719774","48","80195464"
"chr5","41528946","41529262","chr3","121038671","121038982","46","79509725"
"chr5","41535242","41535372","chr11","120280731","120280862","14","78745489"
"chr5","41536004","41536142","chr1","163875555","163875691","21","122339551"
"chr5","41536432","41536562","chr5","161161762","161161894","13","119625330"
"chr5","41544974","41545089","chr16","12332334","12332448","14","29212640"
"chr5","41545363","41545696","chrX","67925971","67926277","70","26380608"
"chr5","41546744","41546884","chr12","93908336","93908477","22","52361592"
"chr5","41547609","41547738","chr6","113116076","113116208","18","71568467"
"chr5","41548414","41548532","chr2A","37342062","37342176","25","4206352"
"chr5","41563142","41563408","chr19","12402157","12402431","47","29160985"
"chr5","41563416","41563535","chr6","58405352","58405471","16","16841936"
"chr5","41563858","41564035","chr12","29109480","29109649","38","12454378"
"chr5","41568116","41568447","chr6","151760274","151760609","68","110192158"
"chr5","41568480","41568746","chr11","22101228","22101496","44","19467252"
"chr5","41571468","41571510","chr1","15236862","15236908","8","26334606"
"chr5","41571921","41572224","chr7","139053532","139053842","52","97481611"
"chr5","41574107","41574405","chrX","72049902","72050201","39","30475795"
"chr5","41579407","41579561","chr3","143091204","143091349","37","101511797"
"chr5","41579780","41579874","chr4","146736814","146736913","29","105157034"
"chr5","41583507","41583793","chr9","96683056","96683337","47","55099549"
"chr5","41594220","41594513","chr8","41984651","41984954","48","390431"
"chr5","41595429","41595488","chr11","3429174","3429232","17","38166255"
"chr5","41603305","41603511","chr1","52183942","52184158","30","10580637"
"chr5","41606589","41606648","chr17","33485931","33485996","12","8120658"
"chr5","41613847","41614157","chr7","106731510","106731805","56","65117663"
"chr5","41617395","41617575","chr22","2985968","2986150","27","38631427"
"chr5","41617867","41618000","chr4","39902782","39902912","17","1715085"
"chr5","41620272","41620565","chr7","101248492","101248787","41","59628220"
"chr5","41625496","41625751","chr9","105647577","105647828","44","64022081"
"chr5","41631207","41631393","chr5","3962472","3962655","30","37668735"
"chr5","41633071","41633379","chr20","46375829","46376143","49","4742758"
"chr5","41636213","41636338","chr1","61983115","61983240","16","20346902"
"chr5","41636353","41636573","chr1","214970667","214970881","36","173334314"
"chr5","41647576","41647679","chr14","57326249","57326342","33","15678673"
"chr5","41649013","41649330","chr4","194739662","194739956","59","153090649"
"chr5","41649509","41649805","chr6","17679318","17679614","44","23970191"
"chr5","41653690","41653816","chrX","119250103","119250228","19","77596413"
"chr5","41655919","41656205","chr15","47580427","47580716","44","5924508"
"chr5","41670090","41670402","chr5","34215137","34215446","42","7454953"
"chr5","41674781","41675059","chr3","42807046","42807333","48","1132265"
"chr5","41676026","41676331","chr3","121038671","121038982","55","79362645"
"chr5","41683049","41683340","chr14","57602687","57602976","47","15919638"
"chr5","41691709","41691834","chr10","97050663","97050795","21","55358954"
"chr5","41701646","41701942","chr4","162552218","162552510","41","120850572"
"chr5","41702448","41702721","chr12","83500968","83501252","48","41798520"
"chr5","41703839","41704018","chr3","15722426","15722601","26","25981413"
"chr5","41704320","41704453","chr4","121964169","121964304","22","80259849"
"chr5","41732476","41732760","chr3","187803297","187803598","49","146070821"
"chr5","41735144","41735432","chr3","199443194","199443483","41","157708050"
"chr5","41757589","41757872","chrX","31758067","31758355","41","9999522"
"chr5","41764366","41764667","chr20","2062573","2062872","40","39701793"
"chr5","41786333","41786646","chr22","23569473","23569780","41","18216860"
"chr5","41809112","41809416","chr1","9371977","9372288","40","32437135"
"chr5","41842623","41842911","chr1","150745742","150746024","44","108903119"
"chr5","41849200","41849494","chr5","122721886","122722189","37","80872686"
"chr5","41878751","41879006","chr7","102319681","102319933","43","60440930"
"chr5","41922334","41922644","chr10","38648316","38648627","41","3274018"
"chr5","41957341","41957639","chr1","225512358","225512658","54","183555017"
"chr5","42148248","42148378","chr3","58439151","58439290","26","16290903"
"chr5","42274468","42274660","chr1","65157139","65157335","38","22882671"
"chr5","42292881","42293174","chrX","130056556","130056852","54","87763675"
"chr5","42309018","42309316","chr17","9223984","9224283","40","33085034"
"chr5","42335900","42336196","chr12","29998816","29999116","37","12337084"
"chr5","42336835","42337155","chr1","189738974","189739283","47","147402139"
"chr5","42344471","42344768","chr1","117473825","117474125","55","75129354"
"chr5","42353658","42353841","chr19","19035428","19035603","32","23318230"
"chr5","42353850","42354120","chr20","47187541","47187805","36","4833691"
"chr5","42360308","42360467","chr4","99721853","99722009","28","57361545"
"chr5","42456582","42456887","chr20","47341905","47342215","49","4885323"
"chr5","42473393","42473677","chr20","47311493","47311783","44","4838100"
"chr5","42482432","42482773","chr5","34948783","34949114","58","7533649"
"chr5","42503264","42503573","chr3","40227918","40228224","47","2275346"
"chr5","42508659","42508963","chr4","121703759","121704067","57","79195100"
"chr5","42571499","42571679","chr12","7888596","7888762","38","34682903"
"chr5","42571707","42571829","chr9","76370065","76370191","15","33798358"
"chr5","42582777","42583082","chr13","35829925","35830221","49","6752852"
"chr5","42672213","42672523","chr17","12707733","12708043","39","29964480"
"chr5","42736001","42736288","chr20","47588446","47588733","40","4852445"
"chr5","42753649","42753933","chr9","111762498","111762778","42","69008849"
"chr5","42786397","42786682","chr20","35012956","35013243","39","7773441"
"chr5","42789727","42790035","chr12","31885313","31885614","35","10904414"
"chr5","42797493","42797801","chr5","134257823","134258129","42","91460330"
"chr5","42799152","42799431","chr8","59195138","59195411","45","16395986"
"chr5","42807270","42807397","chr1","35274196","35274324","15","7533074"
"chr5","42814692","42814879","chr12","76675303","76675486","34","33860611"
"chr5","42838161","42838462","chr2A","75149417","75149718","39","32311256"
"chr5","42838717","42838843","chr20","47686626","47686759","18","4847909"
"chr5","42842850","42843146","chr1","181798990","181799282","52","138956140"
"chr5","42857863","42858161","chr7","67187505","67187801","30","24329642"
"chr5","42864178","42864529","chr6","32130741","32131084","60","10733437"
"chr5","42876912","42877043","chr15","73119233","73119360","14","30242321"
"chr5","42879591","42879883","chr12","108681763","108682056","41","65802172"
"chr5","42895250","42895558","chrX","128923641","128923950","41","86028391"
"chr5","42897207","42897507","chr13","30430747","30431048","41","12466460"
"chr5","42903088","42903253","chr11","16967635","16967802","21","25935453"
"chr5","42912474","42912775","chr17","9489493","9489790","31","33422981"
"chr5","42917237","42917538","chr10","90525958","90526258","45","47608721"
"chr5","42933827","42933871","chr9","67585330","67585371","10","24651503"
"chr5","42934188","42934321","chr9","105121338","105121473","17","62187150"
"chr5","42937835","42938144","chr11","63402097","63402399","48","20464262"
"chr5","42939771","42940060","chr11","66466976","66467270","40","23527205"
"chr5","42947251","42947375","chr3","127000006","127000127","18","84052755"
"chr5","42947683","42947862","chr10","34990756","34990934","25","7956927"
"chr5","42950358","42950546","chr7","20814508","20814695","30","22135850"
"chr5","42970733","42971014","chr1","17505138","17505419","43","25465595"
"chr5","42982538","42982830","chr20","47833184","47833472","41","4850646"
"chr5","42992155","42992445","chr6","28790763","28791052","43","14201392"
"chr5","43022545","43022830","chr5","46304738","46305020","46","3282193"
"chr5","43026665","43026944","chr6","91391283","91391564","45","48364618"
"chr5","43047407","43047718","chr11","68174677","68174998","47","25127270"
"chr5","43050960","43051261","chr1","13491740","13492042","41","29559220"
"chr5","43060260","43060563","chr2B","84313295","84313594","54","41253035"
"chr5","43062594","43062897","chr5","23145755","23146050","40","19916839"
"chr5","43080268","43080490","chr2B","36361968","36362189","46","6718300"
"chr5","43087006","43087280","chrX","101046940","101047213","49","57959934"
"chr5","43089859","43090142","chr9","111035492","111035776","38","67945633"
"chr5","43090336","43090643","chr4","38911131","38911425","47","4179205"
"chr5","43096512","43096808","chr13","9716804","9717101","35","33379708"
"chr5","43098963","43099073","chr7","76684534","76684645","13","33585571"
"chr5","43099369","43099567","chr16","60106632","60106826","35","17007263"
"chr5","43103092","43103387","chr2B","2582611","2582904","45","40520481"
"chr5","43106053","43106345","chr4","21361861","21362148","51","21744192"
"chr5","43113924","43114177","chr4","182056981","182057230","56","138943057"
"chr5","43114868","43115156","chr17","39654159","39654446","48","3460709"
"chr5","43116281","43116326","chr7","73200461","73200502","15","30084180"
"chr5","43116330","43116519","chr1","1540162","1540345","35","41576168"
"chr5","43120336","43120640","chr2B","131657052","131657355","45","88536716"
"chr5","43129741","43130019","chr6","109113825","109114108","58","65984084"
"chr5","43138288","43138526","chr21","32035868","32036102","38","11102420"
"chr5","43141296","43141602","chr3","180317112","180317408","55","137175816"
"chr5","43169166","43169466","chr17","14241316","14241612","52","28927850"
"chr5","43171155","43171342","chr8","86134072","86134255","36","42962917"
"chr5","43171625","43171768","chr9","78503938","78504078","25","35332313"
"chr5","43175783","43176083","chrX","91958718","91959013","49","48782935"
"chr5","43191188","43191487","chr5","7073400","7073693","52","36117788"
"chr5","43192381","43192683","chr5","59191422","59191722","51","15999041"
"chr5","43197976","43198269","chr1","76677706","76677999","40","33479730"
"chr5","43198271","43198402","chr6","21056833","21056966","18","22141438"
"chr5","43208489","43208623","chr3","8501615","8501750","13","34706874"
"chr5","43208624","43208918","chr10","121650193","121650499","52","78441569"
"chr5","43209168","43209341","chr7","62486171","62486332","32","19277003"
"chr5","43212966","43213183","chr6","43520257","43520477","36","307291"
"chr5","43214259","43214381","chr6","16800077","16800197","13","26414182"
"chr5","43225119","43225282","chr6","161832964","161833124","25","118607845"
"chr5","43225595","43225729","chrX","55162999","55163134","18","11937404"
"chr5","43241894","43242059","chr8","27555379","27555541","25","15686515"
"chr5","43242060","43242361","chr9","104384316","104384616","37","61142256"
"chr5","43242362","43242499","chr16","379923","380058","12","42862439"
"chr5","43242700","43243009","chr10","108885636","108885942","48","65642936"
"chr5","43243228","43243515","chr10","66558511","66558795","47","23315283"
"chr5","43245614","43245798","chr14","80750922","80751100","39","37505308"
"chr5","43246111","43246249","chr6","13697989","13698122","23","29548122"
"chr5","43255061","43255241","chr7","56921027","56921203","38","13665966"
"chr5","43255563","43255698","chr4","121964169","121964304","11","78708606"
"chr5","43259284","43259377","chr1","28340448","28340540","20","14918836"
"chr5","43261567","43261694","chr1","64652249","64652381","16","21390682"
"chr5","43264141","43264258","chr2A","74319936","74320054","22","31055795"
"chr5","43269281","43269479","chr20","53145945","53146128","41","9876664"
"chr5","43269794","43269930","chr5","160611552","160611687","18","117341758"
"chr5","43272876","43273176","chr20","48110488","48110783","35","4837612"
"chr5","43277040","43277335","chr5","59246383","59246683","46","15969343"
"chr5","43284525","43284801","chr7","137312057","137312333","48","94027532"
"chr5","43302588","43302899","chr11","120932649","120932956","41","77630061"
"chr5","43304919","43305054","chr19","54668095","54668230","17","11363176"
"chr5","43345416","43345717","chr7","1250978","1251276","38","42094438"
"chr5","43348158","43348462","chr3","42788373","42788672","43","559785"
"chr5","43355256","43355381","chr18","5873450","5873573","21","37481806"
"chr5","43355472","43355682","chr1","23899233","23899435","33","19456239"
"chr5","43364480","43364779","chr3","141522311","141522618","45","98157831"
"chr5","43369943","43370248","chr11","66939215","66939510","43","23569272"
"chr5","43390955","43391110","chr5","40297300","40297449","28","3093655"
"chr5","43405652","43405952","chrX","6528350","6528655","47","36877302"
"chr5","43414788","43415074","chr1","11658302","11658596","43","31756486"
"chr5","43453940","43454119","chr5","1187881","1188061","28","42266059"
"chr5","43477960","43478243","chr20","48465268","48465559","41","4987308"
"chr5","43499589","43499680","chr16","81322949","81323041","16","37823360"
"chr5","43500108","43500217","chr4","151022100","151022209","13","107521992"
"chr5","43544963","43545128","chr12","92526612","92526771","35","48981649"
"chr5","43556845","43557121","chr2A","97364116","97364392","47","53807271"
"chr5","43564556","43564860","chr12","120622564","120622859","47","77058008"
"chr5","43570452","43570522","chr7","64651643","64651706","14","21081191"
"chr5","43570523","43570620","chr4","142982666","142982768","15","99412143"
"chr5","43574826","43574953","chr1","206901889","206902023","23","163327063"
"chr5","43583331","43583460","chr11","109969087","109969216","15","66385756"
"chr5","43585656","43585963","chr1","21018345","21018652","48","22567311"
"chr5","43593226","43593541","chrX","41194951","41195262","51","2398275"
"chr5","43609042","43609339","chr3","28024624","28024932","41","15584418"
"chr5","43616260","43616605","chrX","101069175","101069496","69","57452915"
"chr5","43616898","43617197","chr20","48592071","48592368","37","4975173"
"chr5","43620940","43621167","chr7","63292002","63292227","49","19671062"
"chr5","43622962","43623270","chr15","47953169","47953478","35","4330207"
"chr5","43629416","43629567","chr9","13304944","13305095","21","30324472"
"chr5","43638907","43639034","chr14","12485207","12485337","17","31153700"
"chr5","43642937","43643094","chr10","24830860","24831016","24","18812077"
"chr5","43643358","43643524","chr12","70976860","70977021","23","27333502"
"chr5","43643590","43643725","chr3","33294250","33294384","23","10349340"
"chr5","43647358","43647489","chr15","61712174","61712306","15","18064816"
"chr5","43647792","43647865","chr17","33485931","33485996","12","10161861"
"chr5","43647884","43648062","chr1","134723459","134723628","32","91075575"
"chr5","43650386","43650659","chr19","6877009","6877280","47","36773377"
"chr5","43655253","43655430","chr3","40085048","40085211","62","3570205"
"chr5","43658197","43658498","chr11","33528499","33528794","38","10129698"
"chr5","43670646","43670936","chr15","30997544","30997834","48","12673102"
"chr5","43672521","43672643","chr3","60785435","60785563","16","17112914"
"chr5","43672664","43672763","chr1","10741847","10741943","17","32930817"
"chr5","43672928","43673073","chr20","48640929","48641077","23","4968001"
"chr5","43674229","43674339","chr5","52569450","52569555","13","8895221"
"chr5","43674536","43674850","chrX","49238016","49238318","52","5563480"
"chr5","43685070","43685372","chr3","162307473","162307776","40","118622403"
"chr5","43694406","43694768","chr20","48672372","48672734","81","4977966"
"chr5","43695552","43695851","chr20","43704827","43705120","38","9275"
"chr5","43696540","43696656","chr2B","126214877","126214993","13","82518337"
"chr5","43696953","43697128","chr21","28082161","28082336","29","15614792"
"chr5","43703986","43704292","chr22","54056","54359","43","43649930"
"chr5","43708797","43709068","chr3","156319548","156319821","35","112610751"
"chr5","43711902","43712203","chr1","143475320","143475622","37","99763418"
"chr5","43716619","43716735","chr17","764672","764791","15","42951947"
"chr5","43717513","43717810","chr1","9657739","9658031","44","34059774"
"chr5","43726433","43726567","chr1","168543967","168544101","12","124817534"
"chr5","43727441","43727716","chr3","156319548","156319821","46","112592107"
"chr5","43743730","43743906","chr16","23669145","23669323","24","20074585"
"chr5","43744210","43744344","chr21","23540140","23540272","22","20204070"
"chr5","43793932","43794215","chr14","13716938","13717225","56","30076994"
"chr5","43810296","43810588","chr13","30994481","30994780","48","12815815"
"chr5","43817007","43817294","chr5","61208080","61208365","51","17391073"
"chr5","43822556","43822699","chr5","35633795","35633931","25","8188761"
"chr5","43822720","43822889","chr5","23978573","23978748","36","19844147"
"chr5","43830614","43830914","chr19","10231664","10231963","41","33598950"
"chr5","43837983","43838285","chr7","4382934","4383235","37","39455049"
"chr5","43847964","43848171","chr7","32866729","32866937","27","10981235"
"chr5","43850838","43851136","chr1","25177448","25177739","49","18673390"
"chr5","43861026","43861301","chr1","184958582","184958856","38","141097556"
"chr5","43866836","43867002","chr3","175153113","175153283","23","131286277"
"chr5","43867299","43867432","chr3","51142908","51143043","13","7275609"
"chr5","43885317","43885620","chr2B","125913774","125914078","47","82028457"
"chr5","43888046","43888345","chr1","16393637","16393939","39","27494409"
"chr5","43889070","43889373","chr20","48877791","48878088","43","4988721"
"chr5","43909144","43909234","chr3","149918887","149918980","19","106009743"
"chr5","43909235","43909329","chr8","48546194","48546287","10","4636959"
"chr5","43913458","43913742","chr11","47532602","47532885","39","3619144"
"chr5","43945473","43945785","chr22","2903052","2903361","39","41042421"
"chr5","43950079","43950366","chr8","135134049","135134335","38","91183970"
"chr5","43956583","43956873","chr2B","23858761","23859052","34","20097822"
"chr5","43960691","43960981","chr5","36131802","36132091","39","7828889"
"chr5","43964295","43964581","chr1","225015481","225015770","41","181051186"
"chr5","43965508","43965708","chr12","34526511","34526716","42","9438997"
"chr5","43965813","43965934","chr1","110505595","110505724","14","66539782"
"chr5","43966889","43967031","chr7","41947648","41947789","22","2019241"
"chr5","43973393","43973499","chr6","85362783","85362893","16","41389390"
"chr5","43983051","43983334","chr12","33001772","33002050","35","10981279"
"chr5","43987575","43987870","chr12","121428679","121428975","38","77441104"
"chr5","43998171","43998264","chrX","96412999","96413089","15","52414828"
"chr5","44000750","44001024","chrX","18875176","18875442","44","25125574"
"chr5","44010862","44010945","chr11","67350015","67350098","8","23339153"
"chr5","44014472","44014781","chr5","133442639","133442948","35","89428167"
"chr5","44030747","44031046","chr1","89941819","89942108","42","45911072"
"chr5","44041792","44041941","chr11","113968822","113968968","25","69927030"
"chr5","44058840","44059135","chr9","99306727","99307020","34","55247887"
"chr5","44061906","44062216","chr5","30036297","30036578","64","14025609"
"chr5","44075834","44076108","chr1","6057399","6057675","45","38018435"
"chr5","44107218","44107507","chr17","3533959","3534265","46","40573259"
"chr5","44121352","44121652","chr5","13561494","13561796","42","30559858"
"chr5","44152360","44152678","chr2B","111583310","111583619","51","67430950"
"chr5","44162811","44163105","chr1","22894656","22894953","40","21268155"
"chr5","44167095","44167389","chr2B","124977630","124977912","50","80810535"
"chr5","44207566","44207663","chr3","2536842","2536936","18","41670724"
"chr5","44208618","44208857","chr15","68973092","68973333","37","24764474"
"chr5","44286999","44287291","chr1","46890129","46890419","47","2603130"
"chr5","44312432","44312716","chr1","214784398","214784681","34","170471966"
"chr5","44312742","44312772","chr9","73883126","73883155","7","29570384"
"chr5","44326548","44326829","chr13","8917003","8917288","39","35409545"
"chr5","44329877","44330165","chr5","1989021","1989311","38","42340856"
"chr5","44340788","44341057","chrX","108124369","108124641","52","63783581"
"chr5","44341066","44341377","chr16","57545089","57545398","40","13204023"
"chr5","44344897","44345016","chr9","43136566","43136682","16","1208331"
"chr5","44346005","44346164","chr20","49332774","49332951","37","4986769"
"chr5","44348801","44349109","chr1","191647569","191647875","44","147298768"
"chr5","44351551","44351830","chr1","139828512","139828799","41","95476961"
"chr5","44355103","44355410","chrX","119456205","119456509","47","75101102"
"chr5","44355413","44355694","chr13","1923025","1923305","38","42432388"
"chr5","44365234","44365517","chr11","9392301","9392584","38","34972933"
"chr5","44378113","44378361","chr5","7485874","7486133","50","36892239"
"chr5","44387836","44388113","chr20","37622298","37622580","49","6765538"
"chr5","44389691","44390014","chrX","101069175","101069496","38","56679484"
"chr5","44391874","44392059","chr13","1329655","1329841","46","43062219"
"chr5","44397982","44398250","chr5","32739792","32740066","41","11658190"
"chr5","44398334","44398353","chr1","11798197","11798215","3","32600137"
"chr5","44400807","44400962","chr1","32625134","32625276","34","11775673"
"chr5","44400983","44401004","chr10","33652616","33652634","5","10748367"
"chr5","44402619","44402819","chr1","114442505","114442704","27","70039886"
"chr5","44407037","44407318","chr9","115109804","115110082","51","70702767"
"chr5","44411281","44411394","chr1","16438456","16438572","18","27972825"
"chr5","44418389","44418684","chr6","113237810","113238104","44","68819421"
"chr5","44429046","44429177","chr1","10043533","10043661","14","34385513"
"chr5","44516730","44517036","chr1","36255390","36255687","41","8261340"
"chr5","44519064","44519232","chr15","21769767","21769942","29","22749297"
"chr5","44519403","44519482","chr7","65088911","65088992","15","20569508"
"chr5","44524064","44524356","chr8","25420310","25420596","62","19103754"
"chr5","44528180","44528465","chr8","24328950","24329238","50","20199230"
"chr5","44534938","44535252","chr20","49512542","49512853","46","4977604"
"chr5","44536477","44536605","chr19","39008817","39008946","12","5527660"
"chr5","44536633","44536810","chr8","48753766","48753936","25","4217133"
"chr5","44538239","44538538","chr12","34207333","34207635","51","10330906"
"chr5","44544643","44544935","chr1","36354006","36354302","42","8190637"
"chr5","44547672","44547962","chr16","37103156","37103445","34","7444516"
"chr5","44547973","44548119","chr19","16365847","16365989","19","28182126"
"chr5","44548120","44548393","chr2B","66675466","66675746","52","22127346"
"chr5","44548394","44548532","chr1","28460320","28460463","39","16088074"
"chr5","44555751","44556068","chr6","37361889","37362199","44","7193862"
"chr5","44562781","44563058","chr1","197342830","197343104","49","152780049"
"chr5","44577853","44578064","chr11","5332043","5332259","26","39245810"
"chr5","44607180","44607485","chr6","2705014","2705325","44","41902166"
"chr5","44610432","44610724","chr15","12765679","12765969","41","31844753"
"chr5","44616358","44616600","chr6","22531033","22531259","48","22085325"
"chr5","44616605","44616687","chr13","93581685","93581763","18","48965080"
"chr5","44616693","44616759","chr19","18077305","18077373","20","26539388"
"chr5","44629712","44629931","chr1","51953422","51953648","32","7323710"
"chr5","44636136","44636238","chr6","32583715","32583815","16","12052421"
"chr5","44642194","44642316","chr6","16800077","16800197","14","27842117"
"chr5","44642568","44642803","chr13","23741627","23741864","58","20900941"
"chr5","44644627","44644819","chr12","53360512","53360703","57","8715885"
"chr5","44644856","44644910","chr5","132541230","132541291","15","87896374"
"chr5","44647863","44647983","chr20","34299328","34299451","16","10348535"
"chr5","44648015","44648197","chr6","18189802","18189976","47","26458213"
"chr5","44658268","44658529","chr19","52941634","52941900","39","8283366"
"chr5","44665835","44666136","chr19","14638514","14638815","39","30027321"
"chr5","44668006","44668115","chr8","125953586","125953694","17","81285580"
"chr5","44671755","44672060","chrX","112947609","112947909","45","68275854"
"chr5","44682801","44683084","chr5","147372333","147372625","38","102689532"
"chr5","44688112","44688282","chr8","121787467","121787636","19","77099355"
"chr5","44693067","44693304","chr5","156157690","156157924","52","111464623"
"chr5","44693831","44694095","chrX","12667958","12668224","34","32025873"
"chr5","44698252","44698551","chr1","22894656","22894953","44","21803596"
"chr5","44700952","44701073","chr1","127273305","127273425","38","82572353"
"chr5","44701685","44701924","chr4","131656678","131656915","49","86954993"
"chr5","44702739","44702963","chr16","25329367","25329592","41","19373372"
"chr5","44703266","44703323","chr13","25013710","25013765","15","19689556"
"chr5","44708787","44708949","chr7","68363625","68363792","50","23654838"
"chr5","44712398","44712524","chrX","119610585","119610712","14","74898187"
"chr5","44714618","44714752","chr14","58729068","58729204","16","14014450"
"chr5","44715010","44715189","chr4","61075240","61075411","31","16360230"
"chr5","44725493","44725804","chr17","87468445","87468755","44","42742952"
"chr5","44727376","44727668","chrX","45148557","45148832","50","421181"
"chr5","44737994","44738286","chr5","59897733","59898033","48","15159739"
"chr5","44739439","44739686","chrX","9145890","9146140","40","35593549"
"chr5","44751066","44751363","chr20","48240693","48240983","35","3489627"
"chr5","44760883","44761037","chr7","67611380","67611538","21","22850497"
"chr5","44783413","44783710","chr8","101544594","101544890","32","56761181"
"chr5","44787256","44787319","chr1","842404","842459","13","43944852"
"chr5","44787323","44787592","chr20","49761618","49761884","46","4974295"
"chr5","44787834","44788129","chr1","223636516","223636815","46","178848682"
"chr5","44788641","44788930","chr19","37646752","37647048","43","7141889"
"chr5","44791513","44791634","chr4","151698724","151698845","29","106907211"
"chr5","44800949","44801232","chr16","16696711","16697004","47","28104238"
"chr5","44805318","44805449","chr9","94640051","94640183","14","49834733"
"chr5","44807763","44808072","chr4","195237778","195238085","46","150430015"
"chr5","44848365","44848529","chr8","98870938","98871100","23","54022573"
"chr5","44849421","44849537","chr11","113906994","113907109","15","69057573"
"chr5","44861298","44861586","chr3","158455759","158456055","42","113594461"
"chr5","44864088","44864345","chr8","125845946","125846206","61","80981858"
"chr5","44869402","44869713","chr5","94004472","94004781","47","49135070"
"chr5","44873849","44874162","chr7","138100690","138101002","52","93226841"
"chr5","44875800","44875913","chr13","1062636","1062751","15","43813164"
"chr5","44886587","44886680","chr19","40662435","40662529","13","4224152"
"chr5","44886684","44886815","chr16","81068869","81068999","15","36182185"
"chr5","44887110","44887269","chr19","15292826","15292983","26","29594284"
"chr5","44888669","44888954","chr16","31523299","31523584","43","13365370"
"chr5","44900249","44900530","chr16","47114793","47115074","35","2214544"
"chr5","44907138","44907261","chr11","63383320","63383444","16","18476182"
"chr5","44939140","44939305","chrX","37545947","37546103","31","7393193"
"chr5","44949448","44949751","chr5","35812814","35813121","50","9136634"
"chr5","44972175","44972428","chr20","49956268","49956519","37","4984093"
"chr5","44974973","44975265","chr1","15780071","15780366","48","29194902"
"chr5","44990408","44990692","chr10","34591646","34591935","39","10398762"
"chr5","45065176","45065451","chr15","13302570","13302846","39","31762606"
"chr5","45116989","45117143","chr8","98870938","98871100","25","53753949"
"chr5","45216736","45216989","chr11","9325776","9326033","33","35890960"
"chr5","45280501","45280793","chr11","62759766","62760063","38","17479265"
"chr5","45282808","45283103","chrX","121099721","121100015","38","75816913"
"chr5","45284634","45284926","chr18","55613894","55614190","32","10329260"
"chr5","45285859","45285959","chr6","113879640","113879741","10","68593781"
"chr5","45292732","45292868","chr15","51357107","51357241","16","6064375"
"chr5","45292922","45293091","chr11","16967635","16967802","34","28325287"
"chr5","45300085","45300365","chr15","23749853","23750142","51","21550232"
"chr5","45302731","45303033","chr1","205586985","205587285","42","160284254"
"chr5","45334326","45334442","chr11","98043794","98043912","26","52709468"
"chr5","45368467","45368756","chr1","28617423","28617706","47","16751044"
"chr5","45389694","45389981","chr2B","44373813","44374107","47","1015881"
"chr5","45390789","45391089","chr14","87781837","87782139","41","42391048"
"chr5","45397110","45397409","chr9","50801939","50802239","44","5404829"
"chr5","45398901","45399203","chr12","34849056","34849355","29","10549845"
"chr5","45409415","45409720","chr1","214776326","214776624","47","169366911"
"chr5","45411932","45412239","chr5","55466862","55467169","43","10054930"
"chr5","45450918","45451054","chr14","14314069","14314202","27","31136849"
"chr5","45451365","45451533","chr5","6287016","6287179","28","39164349"
"chr5","45473324","45473621","chr8","141066904","141067212","41","95593580"
"chr5","45540691","45540858","chr1","24681785","24681955","36","20858906"
"chr5","45540885","45541005","chr20","62818632","62818751","13","17277747"
"chr5","45541296","45541584","chr1","180607097","180607386","34","135065801"
"chr5","45554862","45555036","chr8","131430769","131430940","20","85875907"
"chr5","45555728","45556040","chr3","46381852","46382163","40","826124"
"chr5","45588605","45588711","chr7","129380377","129380480","20","83791772"
"chr5","45588712","45588792","chr9","112108696","112108777","11","66519984"
"chr5","45588793","45588992","chr2A","83444240","83444435","30","37855447"
"chr5","45601600","45601734","chrX","119294972","119295111","39","73693372"
"chr5","45614281","45614567","chr7","71745445","71745734","47","26131164"
"chr5","45615507","45615815","chr4","170600148","170600452","44","124984641"
"chr5","45618434","45618618","chr9","74819531","74819730","33","29201097"
"chr5","45630682","45630853","chr1","7734768","7734941","36","37895914"
"chr5","45631173","45631276","chr2B","128237127","128237227","19","82605954"
"chr5","45633739","45634064","chr2A","82177357","82177661","58","36543618"
"chr5","45637266","45637568","chr8","103737992","103738274","70","58100726"
"chr5","45640681","45640897","chr18","17911896","17912107","57","27728785"
"chr5","45641006","45641308","chr6","4177308","4177600","45","41463698"
"chr5","45648240","45648518","chr1","6348618","6348894","45","39299622"
"chr5","45663865","45664031","chr6","100480052","100480215","25","54816187"
"chr5","45664835","45665062","chr1","207997269","207997513","50","162332434"
"chr5","45674878","45675146","chr22","14357161","14357438","46","31317717"
"chr5","45677283","45677585","chr2B","120671791","120672093","48","74994508"
"chr5","45677882","45678019","chrX","91029630","91029764","14","45351748"
"chr5","45678323","45678462","chr2A","81410851","81410990","22","35732528"
"chr5","45682342","45682545","chr2A","68717247","68717441","36","23034905"
"chr5","45685303","45685424","chr16","16699980","16700100","17","28985323"
"chr5","45685725","45685842","chr1","101740478","101740598","29","56054753"
"chr5","45687614","45687919","chr2B","131657052","131657355","42","85969438"
"chr5","45696822","45697138","chr6","160717323","160717626","59","115020501"
"chr5","45697212","45697405","chr2A","83444240","83444435","34","37747028"
"chr5","45697715","45697790","chr11","66565636","66565699","22","20867921"
"chr5","45705001","45705306","chr9","13597489","13597800","50","32107512"
"chr5","45707269","45707565","chr7","4409041","4409339","38","41298228"
"chr5","45723187","45723489","chr15","38127632","38127929","39","7595555"
"chr5","45725366","45725668","chr15","38127632","38127929","39","7597734"
"chr5","45726161","45726334","chr6","162765964","162766138","27","117039803"
"chr5","45727374","45727671","chr7","81857586","81857893","42","36130212"
"chr5","45735471","45735771","chr8","9756252","9756551","38","35979219"
"chr5","45736887","45737176","chr16","13863257","13863544","50","31873630"
"chr5","45769744","45770038","chr16","29994981","29995278","39","15774763"
"chr5","45784583","45784828","chr2B","121148710","121148959","34","75364127"
"chr5","45787103","45787403","chr10","109742808","109743106","35","63955705"
"chr5","45789459","45789759","chr3","39964527","39964830","48","5824932"
"chr5","45789777","45790062","chr15","54310728","54311016","43","8520951"
"chr5","45803759","45803920","chr11","65469450","65469614","33","19665691"
"chr5","45804213","45804356","chr5","36166737","36166884","30","9637476"
"chr5","45804632","45804762","chr1","206397442","206397578","15","160592810"
"chr5","45805154","45805368","chr14","57662217","57662429","31","11857063"
"chr5","45805759","45806056","chr14","41801838","41802127","38","4003921"
"chr5","45806815","45807118","chr5","34215137","34215446","47","11591678"
"chr5","45808890","45809170","chr2B","69527212","69527493","39","23718322"
"chr5","45814230","45814386","chr4","201018654","201018817","26","155204424"
"chr5","45814387","45814675","chr10","29984655","29984940","41","15829732"
"chr5","45814676","45814810","chr1","32409929","32410064","14","13404747"
"chr5","45815364","45815629","chr18","74715231","74715499","47","28899867"
"chr5","45823945","45824109","chr4","159258656","159258815","33","113434711"
"chr5","45824701","45824828","chr8","74909849","74909977","23","29085148"
"chr5","45830425","45830629","chr14","85541289","85541496","37","39710864"
"chr5","45837226","45837339","chr2B","100588628","100588741","10","54751402"
"chr5","45837343","45837519","chr2B","50431625","50431794","30","4594282"
"chr5","45837817","45837959","chr3","41203630","41203768","13","4634187"
"chr5","45838452","45838761","chr20","35525531","35525836","46","10312921"
"chr5","45848869","45849068","chr14","6279639","6279836","42","39569230"
"chr5","45852396","45852679","chr22","8569246","8569527","40","37283150"
"chr5","45861153","45861321","chr1","185132840","185133000","27","139271687"
"chr5","45870165","45870332","chr13","94189105","94189272","26","48318940"
"chr5","45872476","45872762","chr15","78041904","78042206","44","32169428"
"chr5","45873367","45873502","chr6","42712240","42712374","16","3161127"
"chr5","45874511","45874641","chr7","105992294","105992427","15","60117783"
"chr5","45878163","45878278","chr2A","35504355","35504473","11","10373808"
"chr5","45884238","45884530","chr6","95194922","95195216","40","49310684"
"chr5","45884894","45885065","chr16","27629427","27629601","28","18255467"
"chr5","45892490","45892781","chr20","50875994","50876296","50","4983504"
"chr5","45905043","45905324","chr5","36808100","36808374","45","9096943"
"chr5","45916313","45916615","chr16","48229510","48229809","43","2313197"
"chr5","45922475","45922746","chr5","151663148","151663419","36","105740673"
"chr5","45925662","45925846","chrX","55147048","55147231","32","9221386"
"chr5","45928639","45928896","chr4","10781830","10782083","48","35146809"
"chr5","45937634","45937795","chr9","107958866","107959041","26","62021232"
"chr5","45944014","45944163","chr21","1123942","1124089","19","44820072"
"chr5","45952543","45952849","chr8","121250549","121250854","41","75298006"
"chr5","45956264","45956558","chr5","123098436","123098729","36","77142172"
"chr5","45961107","45961398","chr16","28326127","28326424","37","17634980"
"chr5","45962287","45962447","chr3","49669514","49669679","26","3707227"
"chr5","45962731","45962871","chr1","157552665","157552805","14","111589934"
"chr5","45963582","45963779","chr1","67437","67631","32","45896145"
"chr5","45967890","45968187","chr13","9716804","9717101","31","36251086"
"chr5","45968891","45969185","chr3","190276346","190276640","43","144307455"
"chr5","45978025","45978322","chr5","24762715","24763015","38","21215310"
"chr5","45997198","45997516","chr11","47192503","47192824","73","1195305"
"chr5","46012743","46013001","chr6","166938741","166938995","37","120925998"
"chr5","46048393","46048697","chr4","2570442","2570744","38","43477951"
"chr5","46057842","46058144","chr20","51052488","51052786","50","4994646"
"chr5","46062589","46062842","chr16","40340202","40340457","50","5722387"
"chr5","46068705","46068961","chr1","205864109","205864363","45","159795404"
"chr5","46073934","46074092","chr3","190356877","190357024","32","144282943"
"chr5","46074380","46074564","chr6","18189802","18189976","42","27884578"
"chr5","46084549","46084865","chr3","125673029","125673336","52","79588480"
"chr5","46096318","46096567","chr11","11112252","11112498","38","34984066"
"chr5","46109808","46110087","chr5","16239905","16240171","44","29869903"
"chr5","46117964","46118244","chr2B","84319689","84319983","41","38201725"
"chr5","46119167","46119467","chrX","114273449","114273756","41","68154282"
"chr5","46139747","46139987","chr9","112086840","112087077","38","65947093"
"chr5","46143505","46143771","chr1","11860293","11860563","49","34283212"
"chr5","46240088","46240365","chr20","51300776","51301065","42","5060688"
"chr5","46271944","46272241","chrX","41897727","41898024","46","4374217"
"chr5","46293550","46293856","chr1","54264607","54264913","44","7971057"
"chr5","46355497","46355609","chr1","41446585","41446696","27","4908912"
"chr5","46374882","46375174","chr8","82726310","82726605","47","36351428"
"chr5","46393580","46393875","chr3","199443194","199443483","40","153049614"
"chr5","46463639","46463772","chr10","130750568","130750693","22","84286929"
"chr5","46485425","46485718","chr19","28880260","28880552","44","17605165"
"chr5","46496223","46496514","chr12","94142131","94142426","53","47645908"
"chr5","46526533","46526834","chr3","182573950","182574250","39","136047417"
"chr5","46629255","46629560","chr5","163745040","163745352","35","117115785"
"chr5","46745983","46746290","chr1","146667786","146668094","42","99921803"
"chr5","46801163","46801320","chr6","34131083","34131236","31","12670080"
"chr5","46801894","46802028","chr9","90009836","90009967","30","43207942"
"chr5","46826888","46827180","chr7","73094896","73095187","47","26268008"
"chr5","46849983","46850272","chr11","107357367","107357665","40","60507384"
"chr5","46853086","46853376","chr5","19814489","19814788","43","27038597"
"chr5","46912031","46912308","chr6","10652005","10652277","42","36260026"
"chr5","46920506","46920797","chrX","49515752","49516045","46","2595246"
"chr5","46954385","46954652","chr18","52889705","52889971","40","5935320"
"chr5","46962838","46963149","chr3","9891464","9891769","44","37071374"
"chr5","47112770","47112936","chr1","40961778","40961947","35","6150992"
"chr5","47112958","47113077","chr8","48198821","48198941","20","1085863"
"chr5","47140913","47141161","chr11","48204266","48204531","50","1063353"
"chr5","47173390","47173686","chr20","52261680","52261976","49","5088290"
"chr5","47187630","47187928","chr6","136694182","136694473","45","89506552"
"chr5","47301109","47301398","chr2B","100893350","100893645","35","53592241"
"chr5","47307565","47307861","chr13","96332314","96332607","38","49024749"
"chr5","47310355","47310468","chr6","91723632","91723748","19","44413277"
"chr5","47310520","47310699","chr8","121787467","121787636","33","74476947"
"chr5","47316128","47316327","chr1","114442505","114442704","36","67126377"
"chr5","47331979","47332254","chr8","131079128","131079404","47","83747149"
"chr5","47344295","47344589","chrX","100927706","100927998","41","53583411"
"chr5","47349930","47350221","chr6","151128421","151128713","44","103778491"
"chr5","47357127","47357433","chr11","46910129","46910431","39","446998"
"chr5","47400848","47400894","chr2A","2537759","2537802","10","44863089"
"chr5","47400919","47401087","chr1","94394030","94394199","33","46993111"
"chr5","47439924","47440062","chr3","40108774","40108912","18","7331150"
"chr5","47443510","47443799","chr2B","27685836","27686128","57","19757674"
"chr5","47446167","47446483","chr1","36255390","36255687","55","11190777"
"chr5","47447270","47447599","chr12","62451695","62452021","48","15004425"
"chr5","47469916","47470116","chr10","88595903","88596078","56","41125987"
"chr5","47470375","47470490","chr7","67064008","67064126","22","19593633"
"chr5","47475229","47475385","chr5","62272871","62273027","31","14797642"
"chr5","47478289","47478416","chr5","46767835","46767960","23","710454"
"chr5","47481140","47481377","chr9","113412883","113413140","64","65931743"
"chr5","47484869","47485173","chr12","32862951","32863246","69","14621918"
"chr5","47512182","47512467","chr11","32927139","32927413","64","14585043"
"chr5","47514112","47514242","chr19","40084302","40084434","18","7429810"
"chr5","47516151","47516300","chr1","115975835","115975970","38","68459684"
"chr5","47516589","47516736","chr10","112226189","112226337","30","64709600"
"chr5","47522361","47522637","chr1","15086802","15087076","49","32435559"
"chr5","47525833","47526000","chr5","6287016","6287179","23","41238817"
"chr5","47527501","47527652","chr3","39031966","39032101","28","8495535"
"chr5","47527973","47528138","chr6","112831541","112831707","21","65303568"
"chr5","47530047","47530177","chr11","117333933","117334065","20","69803886"
"chr5","47538814","47538950","chr1","26627825","26627960","17","20910989"
"chr5","47538951","47539083","chrX","49110337","49110472","13","1571386"
"chr5","47539394","47539557","chr2A","18661266","18661430","25","28878128"
"chr5","47539595","47539752","chr19","35855675","35855829","31","11683920"
"chr5","47539827","47539976","chr2B","17342200","17342357","29","30197627"
"chr5","47542807","47542837","chr1","16440241","16440274","11","31102566"
"chr5","47543476","47543613","chr1","31230664","31230803","32","16312812"
"chr5","47553312","47553432","chr7","148661024","148661145","10","101107712"
"chr5","47556835","47557137","chr1","37861528","37861825","56","9695307"
"chr5","47557801","47558052","chr6","159647257","159647505","60","112089456"
"chr5","47561930","47562262","chr1","25213421","25213752","44","22348509"
"chr5","47570365","47570670","chr9","76710013","76710305","50","29139648"
"chr5","47573644","47573955","chr1","86931221","86931530","43","39357577"
"chr5","47574553","47574684","chr10","91560185","91560314","19","43985632"
"chr5","47574685","47575009","chr10","91405435","91405753","56","43830750"
"chr5","47575010","47575141","chr4","156322246","156322378","20","108747236"
"chr5","47575258","47575550","chr2B","64160384","64160675","45","16585126"
"chr5","47575990","47576157","chr3","16047616","16047784","24","31528374"
"chr5","47582669","47582962","chr6","4177308","4177600","36","43405361"
"chr5","47589049","47589314","chr1","218130091","218130353","47","170541042"
"chr5","47594873","47595170","chrX","48637931","48638226","31","1043058"
"chr5","47599114","47599428","chr1","8773873","8774186","61","38825241"
"chr5","47611733","47612076","chr17","27133955","27134284","65","20477778"
"chr5","47620856","47621151","chr7","137412318","137412614","54","89791462"
"chr5","47624447","47624674","chr5","139993741","139993960","40","92369294"
"chr5","47627077","47627369","chr20","49526676","49526972","43","1899599"
"chr5","47648698","47648994","chr3","42788373","42788672","41","4860325"
"chr5","47655231","47655429","chr5","94463962","94464165","32","46808731"
"chr5","47663383","47663635","chr3","182676818","182677082","36","135013435"
"chr5","47668398","47668711","chr3","46381852","46382163","44","1286546"
"chr5","47682092","47682381","chr13","77437423","77437717","41","29755331"
"chr5","47686780","47687009","chr20","42694578","42694811","39","4992202"
"chr5","47687939","47688066","chr4","163930931","163931053","21","116242992"
"chr5","47691207","47691487","chr10","32285720","32285995","54","15405487"
"chr5","47703869","47704166","chrX","4516849","4517146","42","43187020"
"chr5","47709455","47709735","chr10","115183635","115183925","54","67474180"
"chr5","47712075","47712367","chr12","35147057","35147353","36","12565018"
"chr5","47722590","47722888","chr1","9887694","9887990","39","37834896"
"chr5","47730245","47730547","chr6","11232610","11232912","36","36497635"
"chr5","47734626","47734729","chr10","134614770","134614876","17","86880144"
"chr5","47734753","47734875","chr6","136648442","136648565","16","88913689"
"chr5","47734901","47735072","chr6","47629429","47629597","26","105472"
"chr5","47735828","47736112","chr20","52868469","52868758","44","5132641"
"chr5","47737077","47737173","chr16","1304350","1304446","9","46432727"
"chr5","47749397","47749707","chr20","52888233","52888527","42","5138836"
"chr5","47776078","47776374","chr8","82894963","82895258","48","35118885"
"chr5","47782135","47782436","chr8","101544594","101544890","44","53762459"
"chr5","47811670","47811956","chr19","5934783","5935074","50","41876887"
"chr5","47818175","47818453","chr16","47114793","47115074","44","703382"
"chr5","47822293","47822583","chr2B","128181710","128181995","40","80359417"
"chr5","47893367","47893671","chr5","66044681","66044981","42","18151314"
"chr5","47900186","47900475","chr20","31247791","31248083","43","16652395"
"chr5","47979111","47979385","chr7","31819470","31819747","39","16159641"
"chr5","48006027","48006304","chr15","68543073","68543358","45","20537046"
"chr5","48011960","48012133","chr16","27629427","27629601","25","20382533"
"chr5","48072273","48072535","chr3","105740658","105740910","52","57668385"
"chr5","48109765","48110053","chr2A","14869643","14869936","46","33240122"
"chr5","48118011","48118302","chr11","66466976","66467270","44","18348965"
"chr5","48141061","48141370","chr16","31335061","31335372","42","16806000"
"chr5","48176305","48176603","chr5","44440294","44440598","35","3736011"
"chr5","48176604","48176782","chr8","124806327","124806503","21","76629723"
"chr5","48211910","48212214","chr3","53812384","53812691","38","5600474"
"chr5","48322741","48323031","chr7","39500292","39500591","46","8822449"
"chr5","48385280","48385585","chr15","77877100","77877400","54","29491820"
"chr5","48407624","48407771","chrX","1391589","1391740","25","47016035"
"chr5","48429820","48430108","chr20","53565946","53566231","39","5136126"
"chr5","48447598","48447685","chr14","46464206","46464291","19","1983392"
"chr5","48539777","48539938","chr1","135795439","135795597","28","87255662"
"chr5","48540231","48540365","chr9","105121338","105121473","21","56581107"
"chr5","48544175","48544488","chr13","15050588","15050901","52","33493587"
"chr5","48559918","48560215","chr20","33599149","33599449","37","14960769"
"chr5","48604021","48604216","chr5","8154291","8154480","30","40449730"
"chr5","48606243","48606353","chr7","50743927","50744040","23","2137684"
"chr5","48702287","48702535","chr13","12166213","12166466","34","36536074"
"chr5","48703164","48703332","chr1","111333318","111333474","39","62630154"
"chr5","48797544","48797626","chr7","63653858","63653941","10","14856314"
"chr5","48851570","48851730","chr10","51363834","51364001","29","2512264"
"chr5","48851772","48851889","chr1","63588767","63588886","20","14736995"
"chr5","48871703","48871920","chr18","47466205","47466414","34","1405498"
"chr5","48906217","48906518","chr6","45713778","45714072","48","3192439"
"chr5","48907739","48908048","chrX","16640226","16640535","46","32267513"
"chr5","48992954","48993216","chr2B","44431460","44431730","57","4561494"
"chr5","49002021","49002291","chrX","114800860","114801126","44","65798839"
"chr5","49038818","49038944","chr2B","116542300","116542423","14","67503482"
"chr5","49061630","49061737","chr22","6955610","6955725","16","42106020"
"chr5","49061771","49061933","chr7","126904522","126904679","28","77842751"
"chr5","49207939","49208203","chr1","6642105","6642371","52","42565834"
"chr5","49251988","49252266","chr11","63496362","63496637","38","14244374"
"chr5","49259167","49259460","chr5","24090349","24090640","39","25168818"
"chr5","49410652","49410940","chr11","93312758","93313043","43","43902106"
"chr5","49486791","49486972","chr1","24681785","24681955","34","24805006"
"chr5","49486994","49487115","chr3","115180873","115181000","18","65693879"
"chr5","49587889","49588191","chr3","163033637","163033939","53","113445748"
"chr5","49659714","49659979","chr13","13108602","13108867","55","36551112"
"chr5","49662985","49663259","chr8","18009220","18009502","48","31653765"
"chr5","49686743","49686979","chr1","152422398","152422642","48","102735655"
"chr5","49699829","49700099","chrX","15626538","15626809","48","34073291"
"chr5","49730695","49730992","chr4","139921109","139921405","36","90190414"
"chr5","49789261","49789568","chr21","32712928","32713229","47","17076333"
"chr5","49895726","49895864","chr3","44454705","44454845","30","5441021"
"chr5","49896154","49896329","chr7","94841583","94841744","41","44945429"
"chr5","50015284","50015588","chr19","2450922","2451223","37","47564362"
"chr5","50026675","50026807","chr20","55025362","55025494","18","4998687"
"chr5","50105075","50105345","chr15","55184830","55185104","45","5079755"
"chr5","50149534","50149648","chr3","50836150","50836264","11","686616"
"chr5","50193347","50193633","chr5","143985679","143985963","44","93792332"
"chr5","50234092","50234234","chr7","63639983","63640120","22","13405891"
"chr5","50248507","50248800","chr1","81317699","81317995","42","31069192"
"chr5","50299546","50299819","chr10","11195886","11196171","47","39103660"
"chr5","50299990","50300109","chr1","127657503","127657621","13","77357513"
"chr5","50300132","50300294","chr4","158776911","158777072","28","108476779"
"chr5","50357091","50357153","chr4","142066423","142066476","22","91709332"
"chr5","50357155","50357354","chr4","197215367","197215567","26","146858212"
"chr5","50363986","50364302","chr20","55350084","55350390","44","4986098"
"chr5","50376247","50376326","chr19","7056950","7057019","18","43319297"
"chr5","50401137","50401424","chr2B","129989555","129989833","43","79588418"
"chr5","50407230","50407345","chr22","26225476","26225586","21","24181754"
"chr5","50410233","50410444","chr3","184179463","184179669","47","133769230"
"chr5","50443788","50444088","chr1","101636398","101636698","34","51192610"
"chr5","50446863","50446991","chr12","92938293","92938423","12","42491430"
"chr5","50455554","50455728","chr9","111905095","111905270","27","61449541"
"chr5","50456125","50456261","chrX","1730666","1730803","13","48725459"
"chr5","50469964","50470259","chr8","30109535","30109825","41","20360429"
"chr5","50483496","50483812","chr3","196949461","196949772","43","146465965"
"chr5","50499909","50500000","chrX","4833349","4833441","7","45666560"
"chr5","50500001","50500106","chr8","21582119","21582224","19","28917882"
"chr5","50515685","50515840","chr19","17783643","17783802","26","32732042"
"chr5","50518376","50518568","chr5","8154291","8154480","35","42364085"
"chr5","50524477","50524780","chr20","55522224","55522524","46","4997747"
"chr5","50525263","50525549","chrX","123850881","123851176","50","73325618"
"chr5","50532173","50532485","chrX","114638294","114638603","52","64106121"
"chr5","50532879","50533176","chr20","55546814","55547115","48","5013935"
"chr5","50543536","50543721","chr19","8449344","8449530","28","42094192"
"chr5","50545154","50545464","chr10","6497308","6497621","53","44047846"
"chr5","50547295","50547607","chr7","107490279","107490597","59","56942984"
"chr5","50549014","50549309","chr18","2780696","2780995","42","47768318"
"chr5","50551134","50551358","chr6","22531033","22531259","30","28020101"
"chr5","50552814","50553031","chr9","73461477","73461684","48","22908663"
"chr5","50564478","50564789","chr1","215280677","215280982","54","164716199"
"chr5","50570143","50570264","chr17","30514493","30514618","14","20055650"
"chr5","50575078","50575378","chr5","79937700","79938006","42","29362622"
"chr5","50577073","50577373","chr20","55581442","55581736","38","5004369"
"chr5","50579297","50579617","chr19","4986222","4986544","51","45593075"
"chr5","50587485","50587790","chr5","2476723","2477026","63","48110762"
"chr5","50588040","50588326","chr6","18592143","18592434","49","31995897"
"chr5","50588478","50588705","chr2A","15956981","15957203","32","34631497"
"chr5","50591450","50591501","chr8","7622343","7622396","8","42969107"
"chr5","50599359","50599484","chr5","161966306","161966430","13","111366947"
"chr5","50599995","50600127","chr3","58809753","58809885","18","8209758"
"chr5","50603659","50603813","chr20","55603529","55603687","22","4999870"
"chr5","50604401","50604701","chr3","189017179","189017480","42","138412778"
"chr5","50606814","50607111","chr4","8338330","8338628","35","42268484"
"chr5","50615126","50615412","chr6","154205423","154205715","53","103590297"
"chr5","50620686","50620991","chr19","572058","572360","43","50048628"
"chr5","50639097","50639386","chr18","59839784","59840086","54","9200687"
"chr5","50641678","50641974","chr7","2381192","2381489","38","48260486"
"chr5","50644421","50644707","chr1","139828512","139828799","40","89184091"
"chr5","50651293","50651587","chr15","30997544","30997834","40","19653749"
"chr5","50659779","50660089","chr5","34215137","34215446","27","16444642"
"chr5","50661243","50661404","chr3","200878794","200878953","35","150217551"
"chr5","50662395","50662706","chr1","205685668","205685971","54","155023273"
"chr5","50662708","50662842","chr15","20074227","20074360","18","30588481"
"chr5","50671933","50672213","chr20","55688480","55688754","41","5016547"
"chr5","50677757","50678052","chr2A","15843046","15843342","39","34834711"
"chr5","50678488","50678674","chr6","141439016","141439196","29","90760528"
"chr5","50678958","50679090","chr6","156189946","156190077","18","105510988"
"chr5","50700567","50700861","chr13","91667366","91667654","42","40966799"
"chr5","50702319","50702614","chrX","77265352","77265649","43","26563033"
"chr5","50715983","50716284","chr3","60041328","60041622","41","9325345"
"chr5","50758176","50758321","chr12","6656538","6656688","35","44101638"
"chr5","50761108","50761230","chr15","23680032","23680156","24","27081076"
"chr5","50801774","50802005","chr8","117301168","117301385","49","66499394"
"chr5","50802723","50803002","chr1","62601421","62601701","46","11798698"
"chr5","50854998","50855281","chr6","25335510","25335804","43","25519488"
"chr5","50878243","50878554","chr1","20280960","20281258","52","30597283"
"chr5","50881008","50881306","chr19","14661967","14662262","34","36219041"
"chr5","50882298","50882572","chr8","41377890","41378155","44","9504408"
"chr5","50894022","50894330","chr10","12819467","12819771","36","38074555"
"chr5","50897421","50897716","chr6","55735495","55735799","40","4838074"
"chr5","50924630","50924767","chr7","140043312","140043454","21","89118682"
"chr5","50934727","50935033","chr6","167179521","167179827","41","116244794"
"chr5","50938894","50939053","chr5","138512365","138512523","22","87573471"
"chr5","50939371","50939507","chr3","121563186","121563322","21","70623815"
"chr5","50944534","50944662","chr1","10043533","10043661","18","40901001"
"chr5","50947742","50947994","chr13","19305811","19306085","56","31641931"
"chr5","50957220","50957506","chr18","20204912","20205199","40","30752308"
"chr5","50983376","50983524","chr7","56542204","56542354","27","5558828"
"chr5","50984584","50984696","chr19","17036512","17036622","27","33948072"
"chr5","51020269","51020579","chr5","157648624","157648928","44","106628355"
"chr5","51032011","51032070","chr7","65408069","65408132","15","14376058"
"chr5","51032591","51032891","chr2B","94982021","94982327","54","43949430"
"chr5","51033718","51034063","chr17","801485","801817","61","50232233"
"chr5","51036092","51036391","chrX","72049902","72050201","39","21013810"
"chr5","51054341","51054424","chr4","124100503","124100587","15","73046162"
"chr5","51055100","51055394","chr18","14804829","14805123","37","36250271"
"chr5","51064337","51064419","chr7","85982412","85982496","22","34918075"
"chr5","51099552","51099774","chr6","22531033","22531259","33","28568519"
"chr5","51107066","51107371","chrX","44161199","44161506","53","6945867"
"chr5","51114542","51114847","chr18","23041143","23041446","38","28073399"
"chr5","51166123","51166430","chr7","130676115","130676408","51","79509992"
"chr5","51190957","51191157","chr1","134486097","134486305","29","83295140"
"chr5","51209458","51209757","chr1","20280960","20281258","45","30928498"
"chr5","51213591","51213900","chr2A","96035215","96035516","37","44821624"
"chr5","51225931","51226229","chr12","88802945","88803245","51","37577014"
"chr5","51245973","51246085","chr15","26414562","26414676","13","24831411"
"chr5","51250920","51251216","chr2B","84313295","84313594","35","33062375"
"chr5","51252158","51252451","chr1","23547649","23547947","53","27704509"
"chr5","51265547","51265836","chr14","11718645","11718940","62","39546902"
"chr5","51308055","51308341","chr11","10722051","10722346","42","40586004"
"chr5","51310034","51310168","chr16","31524913","31525050","18","19785121"
"chr5","51331926","51332213","chr5","149789552","149789836","47","98457626"
"chr5","51349522","51349688","chr11","54816426","54816593","29","3466904"
"chr5","51353000","51353299","chr14","59331803","59332104","39","7978803"
"chr5","51396908","51397214","chr8","24352605","24352915","50","27044303"
"chr5","51401353","51401458","chr18","6162756","6162861","8","45238597"
"chr5","51407673","51407840","chr21","34012135","34012288","44","17395538"
"chr5","51458193","51458477","chr14","76696434","76696724","42","25238241"
"chr5","51486471","51486588","chr3","59287633","59287756","22","7801162"
"chr5","51600328","51600588","chr1","13857836","13858100","38","37742492"
"chr5","51754116","51754245","chr11","120280731","120280862","15","68526615"
"chr5","51760035","51760284","chr5","8449616","8449866","41","43310419"
"chr5","51902591","51902888","chr19","20811630","20811928","33","31090961"
"chr5","51905001","51905289","chr20","37538534","37538834","45","14366467"
"chr5","51914878","51915013","chr5","156909712","156909846","29","104994834"
"chr5","51965409","51965706","chr22","28586771","28587062","45","23378638"
"chr5","52008494","52008790","chr5","22807671","22807969","38","29200823"
"chr5","52011995","52012303","chr6","42833800","42834108","39","9178195"
"chr5","52016701","52016808","chrX","18290338","18290439","18","33726363"
"chr5","52017105","52017271","chr2B","50431625","50431794","25","1585480"
"chr5","52045944","52046041","chr11","63965322","63965407","27","11919378"
"chr5","52055123","52055455","chr3","171293115","171293442","53","119237992"
"chr5","52080656","52080954","chr1","117548868","117549167","34","65468212"
"chr5","52138190","52138490","chr4","105881590","105881885","47","53743400"
"chr5","52172499","52172614","chr10","49571987","49572102","11","2600512"
"chr5","52172886","52173080","chr16","18215325","18215521","31","33957561"
"chr5","52189089","52189385","chr9","14766512","14766808","40","37422577"
"chr5","52201767","52202046","chr6","32812242","32812519","43","19389525"
"chr5","52211467","52211662","chrX","24804997","24805192","25","27406470"
"chr5","52246131","52246214","chr11","67350015","67350098","8","15103884"
"chr5","52257443","52257747","chr3","29027730","29028033","37","23229713"
"chr5","52267127","52267386","chr1","127294940","127295197","44","75027813"
"chr5","52268790","52269095","chr20","35304583","35304875","51","16964207"
"chr5","52294375","52294670","chr15","79458011","79458307","40","27163636"
"chr5","52360573","52360879","chr12","4229188","4229499","45","48131385"
"chr5","52361609","52361718","chrX","41913874","41913986","24","10447735"
"chr5","52373337","52373516","chr16","23669145","23669323","26","28704192"
"chr5","52373808","52373945","chr7","73000651","73000786","16","20626843"
"chr5","52373947","52374085","chr1","209742215","209742351","14","157368268"
"chr5","52377225","52377500","chr7","154548529","154548808","47","102171304"
"chr5","52385702","52385998","chr3","121298263","121298559","35","68912561"
"chr5","52409313","52409603","chr2B","10423684","10423974","38","41985629"
"chr5","52412012","52412136","chr16","9393248","9393371","10","43018764"
"chr5","52427123","52427416","chr20","57342336","57342640","45","4915213"
"chr5","52440985","52441122","chrX","8306601","8306739","24","44134384"
"chr5","52485882","52486101","chr20","57398752","57398970","30","4912870"
"chr5","52507065","52507364","chr1","39583601","39583894","41","12923464"
"chr5","52542801","52542969","chr1","121775454","121775625","48","69232653"
"chr5","52548408","52548725","chr1","125623830","125624141","42","73075422"
"chr5","52634766","52635076","chr1","64881166","64881472","45","12246400"
"chr5","52645486","52645761","chr1","46588938","46589218","45","6056548"
"chr5","52721659","52721797","chr12","35675297","35675429","19","17046362"
"chr5","52727436","52727711","chr19","46740248","46740534","49","5987188"
"chr5","52728904","52729069","chr1","52777205","52777370","44","48301"
"chr5","52758636","52758928","chr5","4345743","4346035","34","48412893"
"chr5","52850901","52851198","chr2B","100893350","100893645","37","48042449"
"chr5","52852099","52852384","chr13","35675027","35675318","40","17177072"
"chr5","52854072","52854371","chr2B","17024311","17024610","39","35829761"
"chr5","52858176","52858478","chr3","177099101","177099390","48","124240925"
"chr5","52894375","52894622","chr9","16768264","16768512","47","36126111"
"chr5","52920183","52920466","chr3","144965313","144965585","57","92045130"
"chr5","52932122","52932425","chr3","131643212","131643513","41","78711090"
"chr5","52934811","52935076","chr7","67303445","67303716","41","14368634"
"chr5","52949595","52949710","chr9","16571108","16571218","20","36378487"
"chr5","52949746","52949913","chr10","51363834","51364001","27","1585912"
"chr5","52950564","52950839","chr1","153275204","153275477","41","100324640"
"chr5","52951336","52951631","chr5","45914070","45914364","44","7037266"
"chr5","52958754","52959055","chr10","6291671","6291979","45","46667083"
"chr5","53012768","53013043","chr1","192479545","192479824","42","139466777"
"chr5","53042765","53042822","chr7","30102127","30102186","11","22940638"
"chr5","53045974","53046258","chr2A","44536946","44537237","42","8509028"
"chr5","53051867","53052153","chr20","13240980","13241265","47","39810887"
"chr5","53067341","53067650","chr10","109944489","109944797","44","56877148"
"chr5","53085873","53086183","chr10","133245947","133246258","40","80160074"
"chr5","53101140","53101418","chr7","44512766","44513051","51","8588374"
"chr5","53247192","53247454","chr8","96820557","96820821","36","43573365"
"chr5","53264091","53264290","chr2A","78232686","78232881","31","24968595"
"chr5","53273182","53273477","chr1","28484434","28484729","40","24788748"
"chr5","53350269","53350367","chr18","51627955","51628048","14","1722314"
"chr5","53382881","53383198","chr1","48274459","48274770","46","5108422"
"chr5","53463366","53463665","chr2A","9711065","9711368","51","43752301"
"chr5","53503789","53504085","chr1","139266119","139266414","39","85762330"
"chr5","53541239","53541524","chr2B","18582242","18582529","39","34958997"
"chr5","53591526","53591786","chr20","35076204","35076466","44","18515322"
"chr5","53670976","53671281","chr4","64458017","64458331","43","10787041"
"chr5","53737638","53737926","chr17","36711454","36711746","42","17026184"
"chr5","53868150","53868445","chr1","111427405","111427700","42","57559255"
"chr5","53931310","53931614","chr2B","67540821","67541122","48","13609511"
"chr5","53951512","53951806","chr1","9683728","9684022","37","44267784"
"chr5","53952442","53952558","chr3","115180873","115181000","20","61228431"
"chr5","53957290","53957506","chr1","52183942","52184158","37","1773348"
"chr5","53966848","53967159","chr9","16128156","16128463","37","37838692"
"chr5","53978664","53978683","chr2B","109834040","109834060","3","55855376"
"chr5","53978739","53979030","chr17","25186510","25186797","41","28792229"
"chr5","53988306","53988566","chr20","58944473","58944710","56","4956167"
"chr5","54041948","54042249","chr10","24010982","24011281","40","30030966"
"chr5","54102869","54103156","chr3","24323160","24323450","47","29779709"
"chr5","54121259","54121557","chr3","42788373","42788672","35","11332886"
"chr5","54159808","54160107","chr4","110248134","110248433","37","56088326"
"chr5","54201354","54201654","chr20","59207102","59207411","39","5005748"
"chr5","54219430","54219678","chr8","1608921","1609162","50","52610509"
"chr5","54340086","54340392","chr8","47715112","47715418","41","6624974"
"chr5","54348140","54348432","chr7","121475973","121476270","37","67127833"
"chr5","54398891","54399192","chr1","27210749","27211044","51","27188142"
"chr5","54399754","54400052","chr2B","135199271","135199567","40","80799517"
"chr5","54409347","54409655","chr12","103999226","103999534","51","49589879"
"chr5","54457817","54458124","chr4","37262231","37262531","47","17195586"
"chr5","54505530","54505822","chr6","151128421","151128713","46","96622891"
"chr5","54506472","54506786","chrX","48277248","48277559","61","6229224"
"chr5","54555860","54556157","chr8","119202320","119202618","43","64646460"
"chr5","54556435","54556662","chr14","64965373","64965614","38","10408938"
"chr5","54632487","54632795","chr15","1886496","1886796","40","52745991"
"chr5","54635185","54635387","chr3","23416668","23416865","33","31218517"
"chr5","54648933","54649138","chr5","64959907","64960109","31","10310974"
"chr5","54719281","54719587","chr2A","79600829","79601133","42","24881548"
"chr5","54725996","54726122","chr20","31547819","31547950","29","23178177"
"chr5","54749889","54750085","chr17","79187727","79187936","45","24437838"
"chr5","54857524","54857817","chr1","134187131","134187427","35","79329607"
"chr5","54862602","54862841","chr20","59816258","59816499","32","4953656"
"chr5","55189414","55189585","chr4","2543977","2544150","27","52645437"
"chr5","55191296","55191574","chr1","23563241","23563518","42","31628055"
"chr5","55240145","55240309","chr7","76846308","76846474","27","21606163"
"chr5","55240335","55240388","chr12","31685252","31685309","9","23555083"
"chr5","55374924","55375057","chr1","209742215","209742351","11","154367291"
"chr5","55375360","55375520","chr1","65144808","65144968","19","9769448"
"chr5","55427674","55427976","chr5","135248151","135248453","39","79820477"
"chr5","55451033","55451340","chr20","34906121","34906427","46","20544912"
"chr5","55453487","55453789","chr20","60468690","60468994","32","5015203"
"chr5","55567426","55567603","chrX","25659833","25660001","51","29907593"
"chr5","55567867","55567999","chr8","1763013","1763145","16","53804854"
"chr5","55588970","55589281","chr1","205863329","205863635","40","150274359"
"chr5","55614718","55615014","chr1","36762989","36763284","45","18851729"
"chr5","55662625","55662905","chr1","45011272","45011559","49","10651353"
"chr5","55750031","55750330","chr4","164860690","164860989","41","109110659"
"chr5","55846955","55847191","chrX","100915985","100916220","44","45069030"
"chr5","55984009","55984317","chr7","13360143","13360453","46","42623866"
"chr5","55990107","55990341","chr1","51953422","51953648","32","4036685"
"chr5","55997104","55997428","chr1","11112559","11112847","81","44884545"
"chr5","56034977","56035265","chr7","40554917","40555203","47","15480060"
"chr5","56041571","56041841","chr20","61046603","61046873","32","5005032"
"chr5","56054530","56054832","chr22","5390789","5391096","31","50663741"
"chr5","56057392","56057685","chr2A","42962085","42962373","44","13095307"
"chr5","56090414","56090727","chr9","104384316","104384616","50","48293902"
"chr5","56098588","56098804","chr1","16377457","16377669","32","39721131"
"chr5","56103043","56103343","chr6","160924289","160924587","35","104821246"
"chr5","56110452","56110571","chr16","12467801","12467917","22","43642651"
"chr5","56117566","56117859","chr18","2191279","2191572","42","53926287"
"chr5","56135019","56135093","chr7","130192209","130192281","17","74057190"
"chr5","56147541","56147830","chr10","112220586","112220876","50","56073045"
"chr5","56183002","56183084","chr9","112108696","112108777","13","55925694"
"chr5","56183323","56183454","chr7","4485178","4485309","21","51698145"
"chr5","56195328","56195635","chr20","43229797","43230089","47","12965531"
"chr5","56197962","56198243","chr11","93312758","93313043","43","37114796"
"chr5","56225203","56225486","chr20","61227470","61227764","53","5002267"
"chr5","56268814","56269118","chr1","153025983","153026286","43","96757169"
"chr5","56275016","56275213","chr12","112351843","112352043","30","56076827"
"chr5","56298793","56299091","chr3","42788373","42788672","39","13510420"
"chr5","56361707","56361996","chr10","794427","794719","34","55567280"
"chr5","56394122","56394401","chr9","103387026","103387306","38","46992904"
"chr5","56405910","56406033","chr15","73119233","73119360","12","16713323"
"chr5","56407038","56407196","chr20","61406454","61406614","26","4999416"
"chr5","56407348","56407636","chr10","28049774","28050061","48","28357574"
"chr5","56407714","56407848","chr16","81147975","81148108","16","24740261"
"chr5","56408145","56408312","chr14","34921385","34921550","23","21486760"
"chr5","56461288","56461581","chr6","45713778","45714072","39","10747510"
"chr5","56547910","56548071","chr7","128308250","128308421","29","71760340"
"chr5","56548092","56548368","chr5","6903522","6903802","66","49644570"
"chr5","56570699","56570975","chr7","40734624","40734899","48","15836075"
"chr5","56601243","56601539","chr2A","78311280","78311574","39","21710037"
"chr5","56644033","56644334","chr8","99334684","99334977","37","42690651"
"chr5","56752334","56752459","chr3","138804838","138804954","28","82052504"
"chr5","56752971","56753270","chr8","25974636","25974939","43","30778335"
"chr5","56795053","56795084","chr18","7985988","7986021","6","48809065"
"chr5","56795388","56795437","chr6","46634436","46634480","14","10160952"
"chr5","56820848","56821034","chr16","51163736","51163930","49","5657112"
"chr5","56832849","56833081","chr11","60742059","60742293","49","3909210"
"chr5","56837989","56838266","chr7","81647152","81647425","43","24809163"
"chr5","56865267","56865557","chr2A","45352402","45352707","40","11512865"
"chr5","56872231","56872469","chrX","100915985","100916220","37","44043754"
"chr5","56889953","56890233","chr2B","124977630","124977912","60","68087677"
"chr5","56924935","56925228","chr5","481918","482214","48","56443017"
"chr5","56934050","56934300","chr9","112220470","112220728","54","55286420"
"chr5","56950656","56950955","chr5","22622178","22622477","46","34328478"
"chr5","56979134","56979439","chr1","92506517","92506818","44","35527383"
"chr5","56981762","56981890","chr6","36081867","36082001","17","20899895"
"chr5","56996614","56996864","chrX","70342678","70342930","49","13346064"
"chr5","57029596","57029891","chr11","129090781","129091079","37","72061185"
"chr5","57033214","57033521","chr5","34215137","34215446","40","22818077"
"chr5","57050384","57050674","chr2B","28366732","28367024","47","28683652"
"chr5","57113605","57113879","chr18","77456408","77456687","40","20342803"
"chr5","57122585","57122866","chr10","51068616","51068884","50","6053969"
"chr5","57141528","57141820","chr1","76677706","76677999","40","19536178"
"chr5","57206798","57207034","chr10","24708048","24708283","33","32498750"
"chr5","57248070","57248342","chrX","40306781","40307057","37","16941289"
"chr5","57256411","57256706","chr1","17724463","17724760","41","39531948"
"chr5","57257105","57257345","chr11","17891950","17892196","64","39365155"
"chr5","57313690","57313980","chr1","16701887","16702190","43","40611803"
"chr5","57357435","57357626","chr8","41655476","41655664","32","15701959"
"chr5","57359779","57359897","chr6","151863964","151864084","23","94504185"
"chr5","57403719","57403850","chr17","58182981","58183109","26","779262"
"chr5","57413710","57413984","chr22","1778163","1778440","51","55635547"
"chr5","57435085","57435294","chr15","19414385","19414589","28","38020700"
"chr5","57498204","57498505","chr1","23834351","23834656","38","33663853"
"chr5","57525514","57525693","chr10","27660743","27660922","28","29864771"
"chr5","57533022","57533330","chr10","136786569","136786876","39","79253547"
"chr5","57551518","57551826","chr6","48560236","48560537","45","8991282"
"chr5","57552429","57552553","chr20","62636664","62636790","42","5084235"
"chr5","57574798","57575121","chr6","139078530","139078838","59","81503732"
"chr5","57587345","57587642","chr1","20280960","20281258","34","37306385"
"chr5","57598807","57598958","chr8","1573606","1573751","18","56025201"
"chr5","57600972","57601251","chr1","194129673","194129951","48","136528701"
"chr5","57611410","57611709","chr16","57679812","57680106","50","68402"
"chr5","57613015","57613307","chr11","56648134","56648436","45","964881"
"chr5","57624754","57624906","chr2B","135000001","135000151","21","77375247"
"chr5","57625128","57625242","chr6","32533953","32534063","19","25091175"
"chr5","57639080","57639207","chr12","30095709","30095838","21","27543371"
"chr5","57639311","57639528","chr14","57662217","57662429","28","22906"
"chr5","57639577","57639870","chr20","62584917","62585210","54","4945340"
"chr5","57641304","57641468","chr8","67019291","67019459","31","9377987"
"chr5","57644697","57644841","chr6","147767456","147767603","25","90122759"
"chr5","57645147","57645265","chr8","22643083","22643197","23","35002064"
"chr5","57651367","57651642","chr14","6481604","6481898","43","51169763"
"chr5","57653239","57653536","chrX","50474516","50474815","48","7178723"
"chr5","57654286","57654577","chr19","55242411","55242702","45","2411875"
"chr5","57655354","57655515","chr7","148192635","148192795","32","90537281"
"chr5","57655822","57655958","chr9","56793277","56793411","14","862545"
"chr5","57661974","57662097","chr1","110505595","110505724","16","52843621"
"chr5","57662395","57662554","chrX","134223535","134223700","23","76561140"
"chr5","57676190","57676338","chr5","41604426","41604582","30","16071764"
"chr5","57676862","57676872","chr3","130605499","130605509","2","72928637"
"chr5","57676899","57677192","chr22","34526874","34527167","45","23150025"
"chr5","57691587","57691721","chr3","130570308","130570442","24","72878721"
"chr5","57714602","57714725","chr17","4511910","4512031","21","53202692"
"chr5","57715016","57715157","chr18","59064463","59064604","25","1349447"
"chr5","57717474","57717788","chr12","372027","372333","57","57345447"
"chr5","57721409","57721598","chr1","145358960","145359151","34","87637551"
"chr5","57726322","57726577","chr11","107975045","107975301","39","50248723"
"chr5","57727840","57728117","chr17","888730","889009","43","56839110"
"chr5","57728325","57728454","chr20","31547819","31547950","25","26180506"
"chr5","57729565","57729828","chr12","21431274","21431553","62","36298291"
"chr5","57733493","57733775","chrX","71002738","71002997","71","13269245"
"chr5","57734077","57734211","chr19","40084302","40084434","14","17649775"
"chr5","57734256","57734366","chr1","95351486","95351595","13","37617230"
"chr5","57734592","57734802","chr17","19761015","19761221","34","37973577"
"chr5","57735026","57735159","chr6","33902335","33902470","13","23832691"
"chr5","57768912","57769039","chr10","138405459","138405590","13","80636547"
"chr5","57779111","57779414","chr3","199443194","199443483","49","141664083"
"chr5","57783055","57783367","chr6","136597722","136598032","48","78814667"
"chr5","57801503","57801624","chr20","30356572","30356694","21","27444931"
"chr5","57802034","57802332","chr4","2168116","2168417","54","55633918"
"chr5","57806119","57806411","chr21","33487386","33487680","44","24318733"
"chr5","57809769","57809931","chr5","133446043","133446198","31","75636274"
"chr5","57810231","57810365","chr1","204150703","204150837","19","146340472"
"chr5","57812085","57812370","chr15","45049171","45049461","46","12762914"
"chr5","57815574","57815864","chr9","113527513","113527805","37","55711939"
"chr5","57820917","57821206","chr6","45713778","45714072","36","12107139"
"chr5","57823682","57823839","chr1","183534108","183534264","21","125710426"
"chr5","57823988","57824047","chr18","52288772","52288831","6","5535216"
"chr5","57829793","57830083","chrX","155181732","155182023","39","97351939"
"chr5","57832870","57833002","chr6","126596585","126596716","16","68763715"
"chr5","57837113","57837247","chr9","49197226","49197359","12","8639887"
"chr5","57837545","57837700","chrX","69931574","69931735","34","12094029"
"chr5","57852402","57852697","chr7","101248492","101248787","48","43396090"
"chr5","57853646","57853888","chr5","53272399","53272637","43","4581247"
"chr5","57864146","57864258","chr3","58825185","58825285","21","961039"
"chr5","57864259","57864404","chr1","21591526","21591668","22","36272733"
"chr5","57864405","57864717","chr19","10919337","10919639","43","46945068"
"chr5","57865012","57865129","chr20","32785534","32785650","22","25079478"
"chr5","57865153","57865180","chr21","27277623","27277649","5","30587530"
"chr5","57880546","57880717","chr8","131430769","131430940","24","73550223"
"chr5","57882744","57882878","chr17","17814752","17814887","21","40067992"
"chr5","57882890","57883038","chr4","2828571","2828723","26","55054319"
"chr5","57886399","57886615","chr1","206005436","206005660","49","148119037"
"chr5","57904571","57904860","chrX","789250","789539","38","57115321"
"chr5","57906291","57906413","chr1","14802147","14802270","15","43104144"
"chr5","57906878","57907175","chr4","198849408","198849705","31","140942530"
"chr5","57915965","57916261","chr5","109972171","109972461","44","52056206"
"chr5","57920870","57921120","chr16","30036071","30036318","50","27884799"
"chr5","57922000","57922131","chr1","224706490","224706623","22","166784490"
"chr5","57923255","57923425","chr1","126725943","126726125","46","68802688"
"chr5","57928326","57928521","chr21","22828250","22828438","26","35100076"
"chr5","57928522","57928636","chrX","23325027","23325143","27","34603495"
"chr5","57928637","57928705","chr6","129815816","129815887","8","71887179"
"chr5","57929117","57929406","chr4","189830791","189831082","40","131901674"
"chr5","57933520","57933812","chr19","32535521","32535818","50","25397999"
"chr5","57933922","57934195","chr1","222312600","222312882","67","164378678"
"chr5","57942769","57942846","chr17","17274276","17274354","23","40668493"
"chr5","57943149","57943245","chr16","17441457","17441552","29","40501692"
"chr5","57950050","57950183","chr21","31662246","31662382","15","26287804"
"chr5","57950184","57950467","chr12","29819043","29819337","46","28131141"
"chr5","57950468","57950631","chr10","132372386","132372551","20","74421918"
"chr5","57966815","57967073","chr1","63765294","63765558","60","5798479"
"chr5","58000326","58000458","chr5","123735052","123735181","20","65734726"
"chr5","58000463","58000761","chr1","156921438","156921735","38","98920975"
"chr5","58005485","58005775","chr7","73094896","73095187","41","15089411"
"chr5","58005893","58006051","chr14","58912925","58913079","34","907032"
"chr5","58006346","58006480","chr1","181488596","181488740","29","123482250"
"chr5","58019270","58019581","chr4","41948057","41948367","43","16071213"
"chr5","58041086","58041379","chr1","32797747","32798044","41","25243339"
"chr5","58043729","58044000","chr19","14662961","14663221","45","43380768"
"chr5","58044098","58044395","chr8","101544594","101544890","46","43500496"
"chr5","58044920","58045174","chrX","129896519","129896773","50","71851599"
"chr5","58077203","58077516","chr20","63004177","63004496","52","4926974"
"chr5","58082580","58082744","chr3","187564355","187564522","21","129481775"
"chr5","58083018","58083072","chr17","6948273","6948331","10","51134745"
"chr5","58147964","58148256","chr9","112153119","112153416","48","54005155"
"chr5","58149919","58150221","chr16","23024984","23025292","46","35124935"
"chr5","59212352","59212663","chr5","132054149","132054455","41","72841797"
"chr5","59221842","59222148","chr4","87673457","87673768","45","28451615"
"chr5","59230577","59230893","chr3","162571166","162571477","58","103340589"
"chr5","59241969","59242144","chr10","34990756","34990934","23","24251213"
"chr5","59253362","59253654","chr8","29929338","29929636","42","29324024"
"chr5","59254468","59254767","chr9","43201214","43201513","46","16053254"
"chr5","59285949","59286247","chr1","42618802","42619096","40","16667147"
"chr5","59290750","59290844","chr3","186714946","186715039","14","127424196"
"chr5","59293420","59293670","chr12","11358465","11358705","50","47934955"
"chr5","59294356","59294644","chr2A","105754001","105754289","37","46459645"
"chr5","59304569","59304875","chr19","35082212","35082514","45","24222357"
"chr5","59314739","59314883","chr3","50143151","50143273","44","9171588"
"chr5","59315680","59315805","chrX","376907","377041","23","58938773"
"chr5","59323595","59323881","chr1","219566127","219566417","55","160242532"
"chr5","59325119","59325371","chr3","24345597","24345857","52","34979522"
"chr5","59329410","59329703","chr9","114191687","114191982","41","54862277"
"chr5","59330960","59331252","chr14","85986152","85986448","40","26655192"
"chr5","59347692","59347992","chr5","157196517","157196826","48","97848825"
"chr5","59349111","59349410","chr1","15436142","15436439","30","43912969"
"chr5","59350052","59350190","chrX","1730666","1730803","15","57619386"
"chr5","59351826","59352128","chr6","16008163","16008462","45","43343663"
"chr5","59360669","59360958","chrX","44801762","44802052","31","14558907"
"chr5","59365687","59365994","chr9","109734146","109734451","43","50368459"
"chr5","59377888","59378024","chr1","114318909","114319042","14","54941021"
"chr5","59401717","59401873","chrX","103632090","103632245","22","44230373"
"chr5","59403002","59403295","chr1","11417845","11418140","54","47985157"
"chr5","59408343","59408638","chr7","43510582","43510876","44","15897761"
"chr5","59412934","59413230","chr5","40775615","40775916","51","18637319"
"chr5","59415961","59416124","chr4","201018654","201018817","23","141602693"
"chr5","59425641","59425935","chr9","91366557","91366846","46","31940916"
"chr5","59431097","59431402","chr1","227326151","227326442","59","167895054"
"chr5","59434030","59434311","chr22","17590884","17591166","48","41843146"
"chr5","59439182","59439481","chr8","9756252","9756551","46","49682930"
"chr5","59442339","59442488","chr22","24857065","24857225","26","34585274"
"chr5","59443037","59443168","chr7","99428132","99428261","24","39985095"
"chr5","59444169","59444474","chr7","156151949","156152255","38","96707780"
"chr5","59449889","59450189","chrX","128923641","128923950","48","69473752"
"chr5","59450195","59450498","chr7","44333832","44334136","48","15116363"
"chr5","59459328","59459631","chr7","72979676","72979977","36","13520348"
"chr5","59462475","59462773","chr2B","114379841","114380133","42","54917366"
"chr5","59467169","59467298","chr11","1200315","1200449","18","58266854"
"chr5","59467594","59467795","chr10","108962279","108962478","44","49494685"
"chr5","59473682","59473932","chr15","7151565","7151816","54","52322117"
"chr5","59487575","59487703","chr14","12485207","12485337","17","47002368"
"chr5","59513582","59513877","chr9","106948213","106948511","41","47434631"
"chr5","59516563","59516855","chr12","108633862","108634156","40","49117299"
"chr5","59518410","59518658","chr19","56088072","56088321","35","3430338"
"chr5","59524289","59524527","chr7","26137340","26137582","34","33386949"
"chr5","59537374","59537677","chr2A","53212043","53212340","51","6325331"
"chr5","59541825","59542133","chrX","22158908","22159212","43","37382917"
"chr5","59552772","59553049","chr13","23086685","23086963","44","36466087"
"chr5","59556220","59556522","chr2A","34076378","34076678","34","25479842"
"chr5","59558568","59558736","chr12","12136653","12136813","30","47421915"
"chr5","59559035","59559166","chr5","117884309","117884441","19","58325274"
"chr5","59559510","59559793","chr6","35430679","35430970","43","24128831"
"chr5","59562723","59563015","chr7","157137240","157137534","35","97574517"
"chr5","59572161","59572472","chr15","33876006","33876315","44","25696155"
"chr5","59578518","59578834","chr16","58251098","58251408","41","1327420"
"chr5","59581172","59581484","chr1","184892432","184892742","44","125311260"
"chr5","59606464","59606766","chr8","141066904","141067212","33","81460440"
"chr5","59606779","59607049","chr14","74043184","74043471","51","14436405"
"chr5","59622930","59623218","chr17","63805578","63805863","40","4182648"
"chr5","59624527","59624803","chr14","10202994","10203275","44","49421533"
"chr5","59631802","59632100","chr10","91974900","91975193","40","32343098"
"chr5","59634824","59635099","chr6","109143073","109143350","41","49508249"
"chr5","59635913","59636046","chr9","105121338","105121473","12","45485425"
"chr5","59637426","59637730","chr17","9489493","9489790","34","50147933"
"chr5","59639524","59639775","chr17","44753361","44753612","45","14886163"
"chr5","59645055","59645358","chr12","92652799","92653098","36","33007744"
"chr5","59671413","59671549","chr17","49895574","49895711","23","9775839"
"chr5","59673929","59674055","chr4","201135101","201135227","10","141461172"
"chr5","59674099","59674262","chr20","60510440","60510606","26","836341"
"chr5","59677549","59677735","chr5","150047810","150047997","30","90370261"
"chr5","59678861","59678888","chr3","155736915","155736938","6","96058054"
"chr5","59678918","59679207","chr14","58903177","58903456","52","775741"
"chr5","59682627","59682802","chr11","64330862","64331037","42","4648235"
"chr5","59683098","59683208","chr7","72489565","72489680","21","12806467"
"chr5","59688043","59688338","chr17","13158367","13158663","36","46529676"
"chr5","59690131","59690425","chr21","30658994","30659298","40","29031137"
"chr5","59691618","59691754","chr19","32515543","32515675","19","27176075"
"chr5","59692048","59692192","chr9","113215882","113216031","36","53523834"
"chr5","59692830","59693136","chr13","26317957","26318258","50","33374873"
"chr5","59699146","59699386","chr14","88110355","88110596","37","28411209"
"chr5","59703499","59703781","chr5","5930779","5931059","35","53772720"
"chr5","59705789","59706092","chr1","135275847","135276149","33","75570058"
"chr5","59716832","59717057","chr7","22185451","22185677","32","37531381"
"chr5","59720702","59720877","chr7","5882720","5882888","23","53837982"
"chr5","59721184","59721313","chr6","4986918","4987047","19","54734266"
"chr5","59723511","59723808","chr5","2973594","2973889","33","56749917"
"chr5","59728133","59728273","chr5","143037254","143037389","34","83309121"
"chr5","59732870","59733053","chr10","25277546","25277727","25","34455324"
"chr5","59740377","59740535","chr16","11503740","11503899","27","48236637"
"chr5","59740562","59740690","chr1","71060262","71060392","12","11319700"
"chr5","59741609","59741745","chr1","78871057","78871188","17","19129448"
"chr5","59748106","59748417","chr11","128424743","128425055","42","68676637"
"chr5","59761226","59761533","chrX","6528350","6528655","57","53232876"
"chr5","59762638","59762734","chr18","17696779","17696867","27","42065859"
"chr5","59763047","59763203","chr15","54056108","54056265","36","5706939"
"chr5","59763500","59763641","chr1","202667269","202667423","35","142903769"
"chr5","59764488","59764649","chr3","37674495","37674655","23","22089993"
"chr5","59766350","59766645","chr4","21361861","21362148","59","38404489"
"chr5","59767626","59767809","chr6","165376668","165376860","35","105609042"
"chr5","59767810","59768092","chr8","85574748","85575039","38","25806938"
"chr5","59768093","59768202","chr9","118951975","118952082","22","59183882"
"chr5","59768940","59769243","chr3","191333551","191333862","49","131564611"
"chr5","59769529","59769818","chr2A","67830661","67830952","40","8061132"
"chr5","59815270","59815403","chr5","126289715","126289850","18","66474445"
"chr5","59831894","59832195","chr5","14837140","14837438","38","44994754"
"chr5","59873554","59873857","chr5","58547512","58547818","42","1326042"
"chr5","59910426","59910726","chr1","29049170","29049476","47","30861256"
"chr5","59951212","59951556","chr2B","275726","276056","62","59675486"
"chr5","59984408","59984726","chr19","44046071","44046373","75","15938337"
"chr5","59989012","59989235","chr1","209109553","209109770","34","149120541"
"chr5","59998391","59998593","chr4","38919830","38920031","39","21078561"
"chr5","60070325","60070617","chr6","151128421","151128713","42","91058096"
"chr5","60073530","60073823","chrX","18671001","18671294","41","41402529"
"chr5","60078600","60078913","chr15","53196353","53196655","46","6882247"
"chr5","60099151","60099458","chr6","75272714","75273013","50","15173563"
"chr5","60118854","60118974","chr10","130750568","130750693","28","70631714"
"chr5","60132396","60132690","chr15","30508140","30508434","36","29624256"
"chr5","60142221","60142537","chr1","7666754","7667060","56","52475467"
"chr5","60172010","60172122","chr9","107676550","107676661","17","47504540"
"chr5","60209816","60210121","chr17","87468445","87468755","49","27258629"
"chr5","60220181","60220339","chr3","9977553","9977705","27","50242628"
"chr5","60229957","60230087","chr14","10662581","10662713","13","49567376"
"chr5","60230374","60230554","chr8","121787467","121787636","37","61557093"
"chr5","60236128","60236255","chr21","25448837","25448969","15","34787291"
"chr5","60236280","60236455","chr7","128308250","128308421","29","68071970"
"chr5","60237709","60237850","chr16","22499150","22499285","20","37738559"
"chr5","60239155","60239384","chr16","72361298","72361526","33","12122143"
"chr5","60245148","60245341","chr1","126243893","126244087","30","65998745"
"chr5","60246555","60246664","chr14","88983738","88983845","19","28737183"
"chr5","60315300","60315565","chr7","87626512","87626781","43","27311212"
"chr5","60354907","60354929","chr12","12142215","12142230","7","48212692"
"chr5","60355221","60355400","chr19","38992484","38992662","22","21362737"
"chr5","60374429","60374712","chr7","71745445","71745734","52","11371016"
"chr5","60376508","60376642","chr1","133478106","133478241","13","73101598"
"chr5","60376942","60377068","chr16","12680308","12680429","25","47696634"
"chr5","60377824","60377947","chr5","126110335","126110461","19","65732511"
"chr5","60378113","60378405","chr8","98524200","98524488","42","38146087"
"chr5","60378746","60379043","chr11","120932649","120932956","45","60553903"
"chr5","60381920","60382199","chr1","15125951","15126230","39","45255969"
"chr5","60383326","60383632","chr9","114253808","114254113","51","53870482"
"chr5","60385746","60386062","chr22","22900105","22900417","57","37485641"
"chr5","60390888","60391164","chr1","10080756","10081034","46","50310132"
"chr5","60391520","60391576","chr17","13616733","13616788","12","46774787"
"chr5","60400510","60400799","chr5","133146837","133147127","35","72746327"
"chr5","60423945","60424077","chr1","27103701","27103836","17","33320244"
"chr5","60424389","60424551","chr7","133466004","133466163","24","73041615"
"chr5","60429146","60429454","chr9","67930664","67930970","42","7501518"
"chr5","60436524","60436829","chr1","129761078","129761384","45","69324554"
"chr5","60450974","60451291","chr14","47693417","47693728","58","12757557"
"chr5","60453992","60454294","chr5","34215137","34215446","44","26238855"
"chr5","60466673","60466960","chrX","49097436","49097730","38","11369237"
"chr5","60466963","60467260","chr7","79044919","79045216","36","18577956"
"chr5","60479543","60479801","chr2B","70334516","70334775","31","9854973"
"chr5","60482284","60482590","chr3","56346212","56346514","45","4136072"
"chr5","60486294","60486597","chr2A","3760194","3760498","51","56726100"
"chr5","60490441","60490746","chrX","133347328","133347631","39","72856887"
"chr5","60498004","60498305","chr2A","82177357","82177661","39","21679353"
"chr5","60501751","60502026","chr10","11136080","11136354","39","49365671"
"chr5","60510817","60511106","chr5","4872922","4873216","45","55637895"
"chr5","60514964","60515082","chr9","72222427","72222545","11","11707463"
"chr5","60515328","60515481","chr7","151347611","151347762","24","90832283"
"chr5","60531952","60532127","chr9","58403546","58403723","27","2128406"
"chr5","60535248","60535383","chr1","28134635","28134769","13","32400613"
"chr5","60536066","60536167","chr15","71499102","71499205","18","10963036"
"chr5","60537410","60537696","chr17","78738203","78738488","49","18200793"
"chr5","60539689","60539832","chr4","100215280","100215409","30","39675591"
"chr5","60546709","60546993","chrX","97146147","97146435","54","36599438"
"chr5","60549602","60549712","chr12","121761450","121761560","13","61211848"
"chr5","60549981","60550180","chr3","58623588","58623781","45","1926393"
"chr5","60556270","60556545","chr10","12038772","12039055","38","48517498"
"chr5","60557338","60557421","chr5","62526595","62526679","15","1969257"
"chr5","60557886","60558110","chr3","63059194","63059415","36","2501308"
"chr5","60558622","60558913","chr16","66585184","66585481","36","6026562"
"chr5","60562550","60562683","chr5","35633795","35633931","17","24928755"
"chr5","60563199","60563503","chrX","145671864","145672169","42","85108665"
"chr5","60563504","60563662","chr1","26756482","26756638","21","33807022"
"chr5","60564932","60565214","chr3","111238815","111239101","46","50673883"
"chr5","60619513","60619833","chr11","21257016","21257334","57","39362497"
"chr5","60620554","60620836","chr9","103387026","103387306","55","42766472"
"chr5","60629084","60629379","chr1","139266119","139266414","35","78637035"
"chr5","60639678","60639961","chr3","162516161","162516457","48","101876483"
"chr5","60642325","60642596","chr19","48380052","48380333","46","12262273"
"chr5","60645598","60645893","chr6","45713778","45714072","29","14931820"
"chr5","60649364","60649529","chr6","101582425","101582576","37","40933061"
"chr5","60650669","60650896","chr14","14635557","14635783","38","46015112"
"chr5","60651418","60651723","chr6","92117068","92117375","36","31465650"
"chr5","60659448","60659759","chr11","111755997","111756303","34","51096549"
"chr5","60666325","60666627","chr12","32893415","32893716","46","27772910"
"chr5","60671568","60671876","chr12","24397776","24398085","24","36273792"
"chr5","60682287","60682445","chr13","73826403","73826558","29","13144116"
"chr5","60682771","60682903","chrX","48141259","48141391","13","12541512"
"chr5","60689091","60689395","chr6","18708588","18708894","39","41980503"
"chr5","60694545","60694838","chr5","7301451","7301750","37","53393094"
"chr5","60703338","60703626","chr7","2386288","2386580","50","58317050"
"chr5","60705783","60706075","chr4","42284012","42284310","34","18421771"
"chr5","60706079","60706132","chr5","15815684","15815739","18","44890395"
"chr5","60706468","60706595","chr3","115180873","115181000","19","54474405"
"chr5","60733526","60733804","chrX","13559368","13559655","48","47174158"
"chr5","60752066","60752380","chr10","12722183","12722479","55","48029883"
"chr5","60753186","60753515","chrX","43454853","43455168","56","17298333"
"chr5","60753767","60754069","chr22","26896202","26896504","54","33857565"
"chr5","60755932","60756222","chr7","105185868","105186161","52","44429936"
"chr5","60761717","60762010","chr4","93828554","93828847","38","33066837"
"chr5","60767420","60767715","chr4","39011306","39011605","46","21756114"
"chr5","60768792","60768901","chr3","138644049","138644159","40","77875257"
"chr5","60768902","60769193","chr5","35420109","35420398","40","25348793"
"chr5","60769194","60769216","chr17","3166374","3166393","7","57602820"
"chr5","60773979","60774201","chrX","54840997","54841239","53","5932982"
"chr5","60774265","60774436","chr14","60186013","60186174","38","588252"
"chr5","60775991","60776028","chr12","123383419","123383455","7","62607428"
"chr5","60776029","60776332","chr22","14389535","14389837","36","46386494"
"chr5","60776333","60776454","chr6","28270342","28270463","28","32505991"
"chr5","60779786","60779953","chr16","58773402","58773566","40","2006384"
"chr5","60788240","60788372","chr13","1361475","1361612","19","59426765"
"chr5","60788671","60788850","chr19","29250614","29250792","26","31538057"
"chr5","60789556","60789809","chrX","100915985","100916220","47","40126429"
"chr5","60796866","60797167","chr4","171275502","171275800","38","110478636"
"chr5","60800893","60801189","chr3","125068067","125068363","39","64267174"
"chr5","60805526","60805634","chr16","61557601","61557707","21","752075"
"chr5","60805686","60805863","chr1","38128287","38128467","29","22677399"
"chr5","60812301","60812583","chr9","111035492","111035776","41","50223191"
"chr5","60818039","60818320","chr10","24254069","24254350","49","36563970"
"chr5","60820053","60820357","chr2A","63621236","63621535","50","2801183"
"chr5","60829261","60829332","chr6","129815816","129815887","7","68986555"
"chr5","60829375","60829481","chr14","57115758","57115857","35","3713617"
"chr5","60829508","60829663","chrX","104964502","104964651","25","44134994"
"chr5","60829754","60830013","chr7","4623942","4624213","56","56205812"
"chr5","60833971","60834238","chr11","123114043","123114321","42","62280072"
"chr5","60838452","60838689","chr4","198966431","198966671","36","138127979"
"chr5","60839839","60840144","chr2B","131473019","131473322","56","70633180"
"chr5","60856306","60856590","chr1","119304497","119304782","44","58448191"
"chr5","60856853","60857157","chr15","57174398","57174706","46","3682455"
"chr5","60858486","60858790","chr5","79523319","79523621","40","18664833"
"chr5","60867655","60867949","chr1","130296201","130296498","48","69428546"
"chr5","60871073","60871361","chr1","26566303","26566592","41","34304770"
"chr5","60880109","60880284","chr1","24681785","24681955","32","36198324"
"chr5","60880592","60880725","chr5","118006764","118006899","14","57126172"
"chr5","60902213","60902352","chr12","28175322","28175459","15","32726891"
"chr5","60902645","60902839","chr1","129495024","129495188","50","68592379"
"chr5","60903293","60903399","chr10","29769514","29769621","15","31133779"
"chr5","60903657","60903934","chr17","63296591","63296876","44","2392934"
"chr5","60905666","60905840","chr20","63010421","63010595","28","2104755"
"chr5","60907443","60907747","chr7","129167702","129168008","50","68260259"
"chr5","60908652","60908936","chr3","197889904","197890185","39","136981252"
"chr5","60915465","60915755","chr11","69242490","69242789","47","8327025"
"chr5","60916891","60917149","chrX","8256423","8256687","55","52660468"
"chr5","60920833","60921016","chr9","30637254","30637435","36","30283579"
"chr5","60921333","60921465","chr6","22205189","22205323","22","38716144"
"chr5","60961372","60961464","chrX","96412999","96413089","10","35451627"
"chr5","61029154","61029422","chr1","28141194","28141443","59","32887960"
"chr5","61032190","61032483","chr6","141321654","141321950","42","80289464"
"chr5","61039222","61039504","chr3","12980041","12980332","51","48059181"
"chr5","61041316","61041429","chr16","12332334","12332448","13","48708982"
"chr5","61041948","61041978","chr12","8319590","8319620","7","52722358"
"chr5","61042238","61042583","chr16","65959739","65960055","114","4917501"
"chr5","61051765","61052065","chr4","195156146","195156441","51","134104381"
"chr5","61068120","61068353","chr8","109335263","109335494","30","48267143"
"chr5","61072824","61073081","chrX","70731798","70732057","40","9658974"
"chr5","61091574","61091869","chr17","40309410","40309705","46","20782164"
"chr5","61125859","61126035","chr8","25467868","25468040","25","35657991"
"chr5","61130297","61130322","chr12","8976475","8976497","7","52153822"
"chr5","61130633","61130916","chr22","28287960","28288238","55","32842673"
"chr5","61135299","61135598","chr8","133010641","133010940","48","71875342"
"chr5","61137753","61138066","chr16","25582553","25582856","40","35555200"
"chr5","61140880","61141181","chr17","31258093","31258396","37","29882787"
"chr5","61143284","61143589","chr6","171347064","171347366","42","110203780"
"chr5","61144937","61145230","chr5","156164383","156164686","40","95019446"
"chr5","61147667","61147932","chrX","147612347","147612622","52","86464680"
"chr5","61156241","61156557","chrX","53883532","53883856","51","7272709"
"chr5","61159179","61159327","chr1","135795439","135795597","27","74636260"
"chr5","61160214","61160523","chr1","146991198","146991493","52","85830984"
"chr5","61160545","61160802","chr1","57158493","57158745","43","4002052"
"chr5","61167717","61168014","chr6","153764895","153765190","51","92597178"
"chr5","61168428","61168594","chr20","30142702","30142863","40","31025726"
"chr5","61168848","61168972","chr1","36529818","36529941","18","24639030"
"chr5","61181680","61181846","chr9","15360495","15360655","27","45821185"
"chr5","61182145","61182282","chr5","118006764","118006899","18","56824619"
"chr5","61184776","61184899","chr10","60326661","60326780","19","858115"
"chr5","61194798","61194996","chr9","58967211","58967412","44","2227587"
"chr5","61202437","61202580","chr11","9569912","9570063","36","51632525"
"chr5","61202581","61202867","chr5","142715078","142715370","37","81512497"
"chr5","61202868","61203001","chr10","41628351","41628485","16","19574517"
"chr5","61206345","61206629","chr5","18074268","18074553","43","43132077"
"chr5","61240663","61240956","chr5","4872922","4873216","43","56367741"
"chr5","61244956","61245245","chr8","48387419","48387700","55","12857537"
"chr5","61260197","61260497","chr2A","5246001","5246302","42","56014196"
"chr5","61275497","61275632","chrX","16683148","16683283","24","44592349"
"chr5","61275936","61276072","chr9","111117898","111118031","31","49841962"
"chr5","61277206","61277483","chr13","76474271","76474539","48","15197065"
"chr5","61282447","61282580","chr3","8501615","8501750","10","52780832"
"chr5","61282879","61283041","chr3","200708345","200708504","29","139425466"
"chr5","61295812","61295962","chr1","87111997","87112142","30","25816185"
"chr5","61296246","61296406","chr16","60078119","60078267","37","1218127"
"chr5","61299026","61299295","chr10","100354316","100354578","46","39055290"
"chr5","61301022","61301122","chr5","6638938","6639036","22","54662084"
"chr5","61301504","61301624","chr5","4879438","4879557","14","56422066"
"chr5","61311283","61311558","chr2B","108076488","108076771","44","46765205"
"chr5","61341933","61342067","chr12","111994521","111994656","20","50652588"
"chr5","61342367","61342527","chr18","18577424","18577586","27","42764943"
"chr5","61342611","61342735","chr4","189063391","189063518","15","127720780"
"chr5","61347542","61347845","chrX","87188318","87188612","51","25840776"
"chr5","61356456","61356702","chr1","32752124","32752377","52","28604332"
"chr5","61366318","61366631","chr17","61815684","61815990","54","449366"
"chr5","61372703","61372990","chrX","44801762","44802052","36","16570941"
"chr5","61373702","61373997","chr19","497912","498205","48","60875790"
"chr5","61384163","61384463","chr4","37955089","37955389","43","23429074"
"chr5","61389011","61389136","chr4","151698724","151698845","33","90309713"
"chr5","61389434","61389597","chr3","50332619","50332780","31","11056815"
"chr5","61392914","61393217","chr15","19067979","19068278","49","42324935"
"chr5","61396564","61396704","chr6","15346225","15346365","17","46050339"
"chr5","61399047","61399344","chr5","44326126","44326436","44","17072921"
"chr5","61400203","61400334","chr14","12485207","12485337","14","48914996"
"chr5","61415880","61416173","chr1","191869192","191869485","58","130453312"
"chr5","61416368","61416592","chr7","76173095","76173319","28","14756727"
"chr5","61442705","61442753","chr12","120977653","120977703","4","59534948"
"chr5","61443623","61443701","chr11","44597091","44597169","15","16846532"
"chr5","61443714","61444013","chr8","98924805","98925093","51","37481091"
"chr5","61447579","61447715","chr1","152626275","152626408","28","91178696"
"chr5","61448030","61448175","chr10","41628351","41628485","25","19819679"
"chr5","61453315","61453595","chr9","12997485","12997766","36","48455830"
"chr5","61453634","61453646","chr14","10270734","10270745","1","51182900"
"chr5","61483876","61483939","chr18","23897168","23897235","13","37586708"
"chr5","61484050","61484121","chr6","132240923","132240992","14","70756873"
"chr5","61484393","61484519","chr4","98309554","98309680","14","36825161"
"chr5","61488913","61489196","chr19","16147046","16147335","51","45341867"
"chr5","61513647","61513947","chr7","1669242","1669542","42","59844405"
"chr5","61523220","61523388","chr22","8276932","8277100","32","53246288"
"chr5","61530866","61531164","chr5","3749501","3749795","42","57781365"
"chr5","61540763","61541050","chr1","217049267","217049555","37","155508504"
"chr5","61542959","61543256","chr8","50539508","50539799","45","11003451"
"chr5","61548418","61548742","chr8","53106142","53106452","52","8442276"
"chr5","61557381","61557670","chr11","125739312","125739607","47","64181931"
"chr5","61559085","61559368","chr6","91880875","91881162","42","30321790"
"chr5","61559369","61559630","chr5","15056640","15056901","33","46502729"
"chr5","61565301","61565599","chr5","157236248","157236547","35","95670947"
"chr5","61576973","61577230","chr17","41974600","41974870","59","19602373"
"chr5","61580099","61580227","chr19","4502503","4502636","25","57077596"
"chr5","61626154","61626449","chr3","64261133","64261431","38","2634979"
"chr5","61646066","61646249","chr10","936992","937162","39","60709074"
"chr5","61646531","61646667","chrX","49576150","49576285","18","12070381"
"chr5","61646750","61646857","chr12","37012665","37012778","16","24634085"
"chr5","61656972","61657237","chr5","91063744","91064007","49","29406772"
"chr5","61674905","61675243","chr3","74467133","74467465","58","12792228"
"chr5","61693512","61693793","chr11","56546240","56546519","43","5147272"
"chr5","61697095","61697373","chr12","123897042","123897323","38","62199947"
"chr5","61699497","61699793","chr11","123261793","123262092","47","61562296"
"chr5","61699802","61700097","chr17","1693002","1693296","41","60006800"
"chr5","61707579","61707880","chr12","95730106","95730400","49","34022527"
"chr5","61709725","61710010","chr3","70080420","70080713","45","8370695"
"chr5","61710584","61710729","chr17","541671","541816","18","61168913"
"chr5","61720952","61721227","chr18","46647712","46647999","44","15073240"
"chr5","61721452","61721753","chr13","82900511","82900838","80","21179059"
"chr5","61733863","61733991","chr1","213473838","213473970","16","151739975"
"chr5","61737432","61737736","chr4","2642880","2643180","44","59094552"
"chr5","61738975","61739099","chr6","32759462","32759593","16","28979513"
"chr5","61740736","61740891","chrX","124104746","124104907","28","62364010"
"chr5","61747324","61747468","chr16","9450514","9450651","27","52296810"
"chr5","61748940","61749225","chr20","519859","520148","30","61229081"
"chr5","61753033","61753205","chrX","133077574","133077746","27","71324541"
"chr5","61756082","61756360","chr8","118175885","118176162","46","56419803"
"chr5","61758259","61758554","chr14","72875963","72876257","39","11117704"
"chr5","61763486","61763616","chr8","6226187","6226318","23","55537299"
"chr5","61768059","61768139","chrX","406894","406971","20","61361165"
"chr5","61770650","61770929","chr19","43864150","43864429","36","17906500"
"chr5","61777733","61777821","chrX","4833349","4833441","21","56944384"
"chr5","61779501","61779765","chr7","97588759","97589039","50","35809258"
"chr5","61783060","61783361","chr7","16275737","16276039","29","45507323"
"chr5","61817271","61817522","chr12","124927734","124927983","48","63110463"
"chr5","61817637","61817934","chr18","29989273","29989571","37","31828364"
"chr5","61818753","61818888","chr16","379923","380058","14","61438830"
"chr5","61818890","61819181","chr10","132545340","132545630","36","70726450"
"chr5","61821169","61821319","chr2B","111818379","111818536","23","49997210"
"chr5","61827920","61828030","chr6","32533953","32534063","29","29293967"
"chr5","61831762","61832059","chr6","117396368","117396672","38","55564606"
"chr5","61834367","61834645","chr11","94256688","94256969","49","32422321"
"chr5","61835181","61835476","chr1","11990632","11990924","42","49844549"
"chr5","61836240","61836534","chr17","1560455","1560752","43","60275785"
"chr5","61836561","61836626","chr15","23529923","23529980","17","38306638"
"chr5","61836708","61836779","chr14","21347712","21347785","17","40488996"
"chr5","61837064","61837196","chr5","54729673","54729805","35","7107391"
"chr5","61837353","61837498","chr7","23535120","23535262","27","38302233"
"chr5","61841984","61842276","chr7","103691617","103691912","38","41849633"
"chr5","61845257","61845391","chr16","31907781","31907912","21","29937476"
"chr5","61847552","61847723","chr4","2469407","2469572","30","59378145"
"chr5","61849183","61849282","chr1","77753896","77753995","20","15904713"
"chr5","61854687","61854969","chr14","11207197","11207478","47","50647490"
"chr5","61858064","61858394","chr1","43591168","43591487","53","18266896"
"chr5","61858460","61858759","chr17","1540873","1541188","74","60317587"
"chr5","61865999","61866277","chr2B","118292881","118293169","47","56426882"
"chr5","61872140","61872387","chr7","20660824","20661086","50","41211316"
"chr5","61884062","61884367","chr1","179369578","179369877","36","117485516"
"chr5","61888194","61888302","chr20","1951184","1951294","17","59937010"
"chr5","61888602","61888786","chr4","104944981","104945166","35","43056379"
"chr5","61889635","61889770","chr19","35904964","35905101","19","25984671"
"chr5","61906454","61906617","chr1","94394030","94394199","30","32487576"
"chr5","61906925","61907052","chr20","58094376","58094510","16","3812549"
"chr5","61907053","61907200","chr11","61612365","61612510","24","294688"
"chr5","61911217","61911374","chr5","62272871","62273027","24","361654"
"chr5","61911648","61911819","chr5","40792744","40792902","53","21118904"
"chr5","61912706","61913011","chr20","61965386","61965691","43","52680"
"chr5","61917708","61918014","chr22","14322903","14323197","51","47594805"
"chr5","61919079","61919369","chr14","61097634","61097920","32","821445"
"chr5","61925510","61925770","chr8","6182709","6182968","43","55742801"
"chr5","61925809","61925825","chr19","47985791","47985807","2","13940018"
"chr5","61928887","61928973","chr5","54133236","54133323","14","7795651"
"chr5","61929277","61929459","chr17","1892223","1892400","32","60037054"
"chr5","61932267","61932455","chr3","11768322","11768505","40","50163945"
"chr5","61946176","61946381","chr14","57662217","57662429","40","4283959"
"chr5","61956973","61957123","chr6","47937838","47937985","22","14019135"
"chr5","61962624","61962924","chr8","101037433","101037730","45","39074809"
"chr5","61963260","61963554","chr4","199867757","199868061","40","137904497"
"chr5","61963564","61963858","chr6","38091965","38092260","47","23871599"
"chr5","61973323","61973456","chr3","186617776","186617913","22","124644453"
"chr5","61995073","61995102","chr6","19429771","19429795","9","42565302"
"chr5","61995133","61995409","chr1","204285382","204285662","51","142290249"
"chr5","61997686","61997970","chr16","5119107","5119398","52","56878579"
"chr5","62009723","62010024","chr3","187803297","187803598","34","125793574"
"chr5","62047704","62047994","chr1","94804891","94805182","32","32757187"
"chr5","62050378","62050655","chr20","29893451","29893737","48","32156927"
"chr5","62052372","62052681","chr1","54264607","54264913","45","7787765"
"chr5","62055234","62055562","chr19","52573486","52573810","66","9481748"
"chr5","62056264","62056515","chr7","73037845","73038110","54","10981581"
"chr5","62063764","62063933","chr6","31357710","31357877","32","30706054"
"chr5","62064230","62064363","chr8","77682900","77683032","20","15618670"
"chr5","62064967","62065162","chr5","64959907","64960109","24","2894940"
"chr5","62066818","62066953","chr5","119210493","119210629","20","57143675"
"chr5","62067266","62067471","chr8","41602714","41602917","49","20464552"
"chr5","62067665","62067782","chr16","75698450","75698566","8","13630785"
"chr5","62068092","62068381","chr1","16259721","16260013","38","45808371"
"chr5","62076310","62076500","chr5","161454504","161454688","38","99378194"
"chr5","62076821","62076945","chr5","22753575","22753710","25","39323246"
"chr5","62080841","62081144","chr7","40418255","40418556","41","21662586"
"chr5","62089776","62090069","chr1","3604917","3605214","40","58484859"
"chr5","62093555","62093762","chr10","39627861","39628071","37","22465694"
"chr5","62107718","62108022","chr1","212770505","212770816","54","150662787"
"chr5","62109640","62109776","chr3","48404443","48404577","13","13705197"
"chr5","62110089","62110245","chr1","147194209","147194362","23","85084120"
"chr5","62116957","62117069","chr9","16571108","16571218","20","45545849"
"chr5","62117080","62117266","chr2B","94914664","94914852","30","32797584"
"chr5","62117590","62117870","chr5","154746296","154746583","55","92628706"
"chr5","62118664","62118811","chr3","163155165","163155314","29","101036501"
"chr5","62120717","62120889","chr11","112549878","112550041","28","50429161"
"chr5","62122504","62122797","chr14","85488580","85488880","48","23366076"
"chr5","62124849","62125129","chr11","46305804","46306082","55","15819045"
"chr5","62126230","62126509","chr3","60041328","60041622","46","2084902"
"chr5","62131956","62132226","chr7","6617211","6617475","39","55514745"
"chr5","62132828","62133017","chr13","33989108","33989289","33","28143720"
"chr5","62133326","62133426","chr5","52832571","52832673","26","9300755"
"chr5","62138871","62139169","chr1","31136599","31136900","50","31002272"
"chr5","62142789","62143099","chr11","120932649","120932956","44","58789860"
"chr5","62146429","62146680","chr1","224821833","224822098","52","162675404"
"chr5","62150657","62150871","chr1","11772522","11772733","41","50378135"
"chr5","62150872","62150933","chr3","196206132","196206190","9","134055260"
"chr5","62150934","62151224","chr4","992618","992906","42","61158316"
"chr5","62151631","62151795","chr14","33886139","33886305","34","28265492"
"chr5","62152096","62152125","chr1","129583460","129583487","10","67431364"
"chr5","62152287","62152367","chr3","126133047","126133134","18","63980760"
"chr5","62156721","62157012","chr1","139828512","139828799","53","77671791"
"chr5","62159350","62159651","chr12","214103","214413","51","61945247"
"chr5","62175533","62175858","chr10","88299987","88300303","71","26124454"
"chr5","62177860","62178166","chr19","46870939","46871234","55","15306921"
"chr5","62196443","62196576","chr6","42712240","42712374","15","19484203"
"chr5","62250078","62250369","chr19","49954544","49954838","48","12295534"
"chr5","62255320","62255449","chr12","98738459","98738590","12","36483139"
"chr5","62257389","62257502","chr8","78434840","78434947","22","16177451"
"chr5","62261278","62261417","chrX","45352555","45352693","26","16908723"
"chr5","62271051","62271355","chr7","139963807","139964112","31","77692756"
"chr5","62307110","62307398","chr18","14234508","14234797","36","48072602"
"chr5","62321938","62322239","chr10","109998348","109998647","42","47676410"
"chr5","62326733","62327034","chr16","4436690","4436980","41","57890043"
"chr5","62330228","62330358","chr1","71060262","71060392","13","8730034"
"chr5","62338406","62338695","chr2A","64489855","64490143","46","2151449"
"chr5","62341535","62341622","chr2A","32444781","32444871","11","29896754"
"chr5","62342112","62342402","chr5","125040055","125040335","47","62697943"
"chr5","62346160","62346445","chr8","133075137","133075428","40","70728977"
"chr5","62346614","62346916","chr17","3403958","3404267","48","58942656"
"chr5","62355419","62355717","chr8","101544594","101544890","44","39189175"
"chr5","62357006","62357286","chr1","39340544","39340826","36","23016462"
"chr5","62357609","62357875","chr11","46759339","46759607","62","15598270"
"chr5","62359284","62359592","chr11","129916074","129916378","41","67556790"
"chr5","62366793","62367080","chr7","77548302","77548597","41","15181509"
"chr5","62367877","62368161","chr17","63805578","63805863","42","1437701"
"chr5","62375838","62376124","chr2B","124728949","124729237","43","62353111"
"chr5","62379821","62380115","chrX","100985211","100985508","38","38605390"
"chr5","62380908","62381196","chr3","54466312","54466598","37","7914596"
"chr5","62383420","62383692","chr22","8286756","8287024","43","54096664"
"chr5","62389384","62389688","chr18","29142633","29142929","37","33246751"
"chr5","62399795","62400082","chr6","36657947","36658229","62","25741848"
"chr5","62406909","62407207","chr18","2899079","2899377","37","59507830"
"chr5","62414759","62415067","chr5","34215137","34215446","40","28199622"
"chr5","62415557","62415856","chr9","111091660","111091957","38","48676103"
"chr5","62416567","62416847","chr15","54907587","54907869","43","7508980"
"chr5","62418620","62418906","chr11","18549554","18549843","46","43869066"
"chr5","62426262","62426413","chrX","58082526","58082682","27","4343736"
"chr5","62452983","62453099","chr9","115927781","115927896","21","53474798"
"chr5","62453104","62453407","chr15","39606134","39606444","54","22846970"
"chr5","62458041","62458332","chr2A","59832615","59832903","37","2625426"
"chr5","62467478","62467789","chr12","24397776","24398085","32","38069702"
"chr5","62469459","62469767","chr1","216899282","216899593","33","154429823"
"chr5","62470078","62470350","chr1","184380783","184381055","43","121910705"
"chr5","62474627","62474905","chr2A","82371144","82371416","40","19896517"
"chr5","62478368","62478677","chr16","28627905","28628210","37","33850463"
"chr5","62483644","62483947","chrX","77265352","77265649","43","14781708"
"chr5","62485892","62486179","chr17","5015979","5016265","35","57469913"
"chr5","62489626","62489928","chr1","36255390","36255687","43","26234236"
"chr5","62494766","62495073","chr6","30209070","30209374","43","32285696"
"chr5","62501406","62501694","chr4","182166200","182166490","33","119664794"
"chr5","62504829","62505143","chr3","199782414","199782724","48","137277585"
"chr5","62510258","62510546","chr5","125384235","125384523","57","62873977"
"chr5","62531589","62531867","chr13","23086685","23086963","48","39444904"
"chr5","62553112","62553381","chr9","108054063","108054337","42","45500951"
"chr5","62558621","62558905","chr7","5363383","5363661","49","57195238"
"chr5","62560721","62560938","chr19","12729598","12729803","45","49831123"
"chr5","62562266","62562375","chr13","78230576","78230682","12","15668310"
"chr5","62563991","62564105","chr16","18215211","18215314","23","44348780"
"chr5","62568297","62568594","chr1","134187131","134187427","41","71618834"
"chr5","62573771","62573950","chr19","23055801","23055982","51","39517970"
"chr5","62574230","62574357","chrX","50189688","50189819","22","12384542"
"chr5","62581886","62582195","chr4","86739574","86739882","60","24157688"
"chr5","62585196","62585486","chr3","199443194","199443483","36","136857998"
"chr5","62626201","62626489","chr9","114191687","114191982","39","51565486"
"chr5","62645017","62645142","chr20","42484308","42484438","13","20160709"
"chr5","62645177","62645352","chr3","49045625","49045801","28","13599552"
"chr5","62665148","62665449","chr1","193132439","193132740","44","130467291"
"chr5","62669307","62669399","chr16","25479229","25479319","15","37190078"
"chr5","62670481","62670624","chr1","17329807","17329956","27","45340674"
"chr5","62680213","62680523","chr17","3720182","3720487","42","58960031"
"chr5","62690096","62690387","chrX","49262444","49262737","32","13427652"
"chr5","62700448","62700726","chr9","93152861","93153136","47","30452413"
"chr5","62707572","62707873","chr7","158676345","158676646","35","95968773"
"chr5","62717283","62717549","chr6","75611850","75612132","44","12894567"
"chr5","62729960","62730132","chr11","61894885","61895049","61","835075"
"chr5","62733848","62734130","chr1","145866574","145866859","38","83132726"
"chr5","62735308","62735493","chr1","38128287","38128467","32","24607021"
"chr5","62735519","62735825","chr1","87028958","87029262","41","24293439"
"chr5","62735826","62735871","chr1","28389177","28389227","11","34346649"
"chr5","62739575","62739692","chr10","11873055","11873169","20","50866520"
"chr5","62744967","62744996","chr19","12953134","12953161","6","49791833"
"chr5","62745172","62745445","chr1","45948596","45948870","44","16796576"
"chr5","62746156","62746299","chr1","71393655","71393787","22","8647499"
"chr5","62746604","62746739","chr14","53230716","53230851","10","9515888"
"chr5","62761336","62761608","chr8","18827387","18827655","48","43933949"
"chr5","62777951","62778242","chr16","61706961","61707255","39","1070990"
"chr5","62783524","62783833","chr16","58470450","58470756","39","4313074"
"chr5","62797526","62797738","chr1","191933391","191933598","46","129135865"
"chr5","62798039","62798148","chr1","95351486","95351595","16","32553447"
"chr5","62802609","62802675","chr16","30561771","30561840","13","32240838"
"chr5","62812953","62813084","chr4","121964169","121964304","16","59151216"
"chr5","62813386","62813529","chr1","57370132","57370285","32","5443254"
"chr5","62819628","62819937","chr7","55584771","55585081","46","7234857"
"chr5","62826212","62826512","chr6","103381688","103381987","41","40555476"
"chr5","62826803","62827053","chr2A","3330063","3330301","43","59496740"
"chr5","62863322","62863457","chr7","4752478","4752613","16","58110844"
"chr5","62863758","62863927","chr3","16047616","16047784","23","46816142"
"chr5","62944422","62944488","chr11","95549448","95549515","11","32605026"
"chr5","62950863","62950986","chr20","34299328","34299451","11","28651535"
"chr5","62953111","62953421","chrX","53939067","53939378","39","9014044"
"chr5","62963882","62964006","chr1","14802147","14802270","14","48161735"
"chr5","62967448","62967568","chr5","129939610","129939736","18","66972162"
"chr5","62970870","62970990","chr20","43032336","43032459","15","19938534"
"chr5","62975223","62975351","chr14","12485207","12485337","15","50490016"
"chr5","62976651","62976808","chr14","36121278","36121432","22","26855373"
"chr5","62977087","62977222","chr4","40924513","40924648","24","22052574"
"chr5","62977687","62977996","chr8","36512555","36512864","52","26465132"
"chr5","62982406","62982663","chr1","190154081","190154347","49","127171675"
"chr5","62983825","62983928","chr4","92969159","92969260","33","29985334"
"chr5","62984232","62984398","chr6","164420460","164420623","24","101436228"
"chr5","63011706","63011977","chr4","39380953","39381228","56","23630753"
"chr5","63026582","63026819","chr7","151244453","151244692","36","88217871"
"chr5","63037749","63038036","chr6","4177308","4177600","48","58860441"
"chr5","63057862","63058089","chr6","146790322","146790543","31","83732460"
"chr5","63068162","63068420","chr5","26444548","26444817","59","36623614"
"chr5","63078705","63078965","chr21","28436221","28436497","53","34642484"
"chr5","63115461","63115632","chr8","63902984","63903147","24","787523"
"chr5","63119011","63119148","chr1","76697102","76697241","28","13578091"
"chr5","63119443","63119589","chr1","110576983","110577127","22","47457540"
"chr5","63121816","63121955","chr6","75172923","75173058","20","12051107"
"chr5","63122258","63122384","chr16","12680308","12680429","22","50441950"
"chr5","63126719","63127011","chr1","217049267","217049555","53","153922548"
"chr5","63127488","63127781","chr15","46012653","46012953","55","17114835"
"chr5","63136056","63136356","chr5","40893188","40893485","48","22242868"
"chr5","63152490","63152685","chr2A","83444240","83444435","31","20291750"
"chr5","63154572","63154703","chr5","7890655","7890790","18","55263917"
"chr5","63161528","63161825","chr4","163526988","163527286","46","100365460"
"chr5","63177431","63177779","chr10","98685493","98685841","80","35508062"
"chr5","63181129","63181265","chr1","168543967","168544101","21","105362838"
"chr5","63189764","63189881","chr2A","37342062","37342176","22","25847702"
"chr5","63194811","63195087","chr5","125636060","125636339","46","62441249"
"chr5","63200343","63200633","chr5","40662770","40663064","36","22537573"
"chr5","63204729","63205023","chr8","9139930","9140226","56","54064799"
"chr5","63206361","63206614","chr10","36656482","36656733","42","26549879"
"chr5","63208015","63208143","chr2B","7606402","7606531","21","55601613"
"chr5","63208502","63208798","chr16","17184295","17184599","40","46024207"
"chr5","63209635","63209903","chr15","13302570","13302846","49","49907065"
"chr5","63218005","63218275","chr1","145601644","145601922","45","82383639"
"chr5","63221540","63221666","chr15","45351086","45351210","18","17870454"
"chr5","63222992","63223109","chr10","11873055","11873169","21","51349937"
"chr5","63223406","63223562","chr9","73523946","73524094","30","10300540"
"chr5","63227305","63227576","chr5","39300175","39300449","59","23927130"
"chr5","63232393","63232688","chr12","125961191","125961484","52","62728798"
"chr5","63237327","63237458","chr1","37708220","37708355","18","25529107"
"chr5","63237759","63237910","chr7","104320068","104320227","23","41082309"
"chr5","63242375","63242501","chr15","73119233","73119360","19","9876858"
"chr5","63244754","63244917","chr13","80702744","80702898","31","17457990"
"chr5","63253066","63253181","chr1","184967140","184967256","13","121714074"
"chr5","63253480","63253663","chr9","10272542","10272727","42","52980938"
"chr5","63258824","63259119","chr3","64261133","64261431","35","1002309"
"chr5","63259618","63259918","chr14","87871716","87872017","33","24612098"
"chr5","63262191","63262347","chrX","54555278","54555430","25","8706913"
"chr5","63262631","63262758","chrX","22199062","22199188","17","41063569"
"chr5","63272390","63272697","chr5","145867793","145868102","37","82595403"
"chr5","63274241","63274531","chr1","46632605","46632904","43","16641636"
"chr5","63276688","63276819","chr6","159908310","159908440","14","96631622"
"chr5","63277336","63277635","chr4","196491737","196492036","46","133214401"
"chr5","63278258","63278551","chr18","43156924","43157216","38","20121334"
"chr5","63281309","63281562","chr11","6759161","6759425","52","56522148"
"chr5","63282300","63282597","chr1","134537579","134537871","48","71255279"
"chr5","63287215","63287511","chrX","44801762","44802052","37","18485453"
"chr5","63289525","63289654","chr10","134985436","134985567","11","71695911"
"chr5","63290663","63290861","chr10","108962279","108962478","35","45671616"
"chr5","63301044","63301360","chr3","12026822","12027134","42","51274222"
"chr5","63310811","63310976","chr12","93879919","93880085","22","30569108"
"chr5","63310977","63311156","chr1","183534108","183534264","39","120223131"
"chr5","63311454","63311589","chr14","54315089","54315224","16","8996365"
"chr5","63319337","63319379","chr7","73200461","73200502","9","9881124"
"chr5","63327500","63327649","chr3","151890591","151890737","23","88563091"
"chr5","63350206","63350450","chr14","57072825","57073065","37","6277381"
"chr5","63357306","63357484","chr12","121345168","121345351","37","57987862"
"chr5","63357753","63357889","chr1","93487279","93487413","18","30129526"
"chr5","63369053","63369369","chr4","196303857","196304169","46","132934804"
"chr5","63378865","63379162","chr7","77548302","77548597","38","14169437"
"chr5","63389089","63389389","chr19","2324717","2325019","39","61064372"
"chr5","63389587","63389862","chr13","66687555","66687835","44","3297968"
"chr5","63395380","63395672","chr6","45713778","45714072","45","17681602"
"chr5","63399910","63400202","chr6","45713778","45714072","46","17686132"
"chr5","63402396","63402538","chr8","32344279","32344418","33","31058117"
"chr5","63421758","63421894","chr4","121964169","121964304","16","58542411"
"chr5","63422190","63422375","chr1","28680347","28680515","49","34741843"
"chr5","63427770","63428061","chr14","39211827","39212110","38","24215943"
"chr5","63442975","63443271","chr5","20888642","20888936","53","42554333"
"chr5","63445285","63445579","chr17","4503208","4503506","54","58942077"
"chr5","63449126","63449306","chr10","36138953","36139135","36","27310173"
"chr5","63449875","63450142","chr1","23563241","23563518","52","39886634"
"chr5","63455016","63455330","chr10","107073476","107073779","61","43618460"
"chr5","63485797","63485949","chr1","64265105","64265259","34","779308"
"chr5","63487188","63487469","chr6","42099532","42099829","46","21387656"
"chr5","63493409","63493695","chr14","52194486","52194761","53","11298923"
"chr5","63499764","63499886","chr6","127178426","127178554","20","63678662"
"chr5","63499887","63500000","chr17","16936950","16937062","21","46562937"
"chr5","63500312","63500582","chr1","27018372","27018639","58","36481940"
"chr5","63501390","63501478","chr4","3071040","3071129","9","60430350"
"chr5","63506051","63506345","chr17","4550469","4550772","42","58955582"
"chr5","63528486","63528759","chr18","60480459","60480740","41","3048027"
"chr5","63559831","63560141","chr8","134138088","134138390","46","70578257"
"chr5","63562061","63562356","chr1","36354006","36354302","41","27208055"
"chr5","63565675","63565978","chr12","121710885","121711188","35","58145210"
"chr5","63567598","63567920","chr3","37975131","37975440","49","25592467"
"chr5","63576489","63576769","chr1","162156505","162156780","59","98580016"
"chr5","63796403","63796532","chr12","35675297","35675429","14","28121106"
"chr5","63796673","63796954","chr7","137312057","137312333","45","73515384"
"chr5","63798408","63798501","chr12","74868633","74868734","22","11070225"
"chr5","63841005","63841296","chr14","39211827","39212110","49","24629178"
"chr5","63867398","63867653","chr21","36330630","36330886","35","27536768"
"chr5","63881238","63881535","chrX","11995953","11996257","48","51885285"
"chr5","63889919","63890217","chr3","55008361","55008659","47","8881558"
"chr5","63925001","63925126","chr3","127000006","127000127","25","63075005"
"chr5","63927744","63927974","chr5","59316298","59316531","28","4611446"
"chr5","63933327","63933630","chr4","124303000","124303301","41","60369673"
"chr5","63937722","63938021","chr10","107226105","107226405","39","43288383"
"chr5","63951819","63952114","chr13","22711773","22712074","33","41240046"
"chr5","63971851","63972025","chr5","59370540","59370717","17","4601311"
"chr5","63974732","63975023","chr10","36206364","36206653","54","27768368"
"chr5","63983653","63983953","chr20","36629227","36629533","39","27354426"
"chr5","63988015","63988263","chr17","1729888","1730132","33","62258127"
"chr5","63988308","63988477","chr1","24681785","24681955","28","39306523"
"chr5","64029876","64030179","chr1","205685668","205685971","37","141655792"
"chr5","64040054","64040345","chr1","51274855","51275144","38","12765199"
"chr5","64053341","64053432","chr5","18817181","18817273","8","45236160"
"chr5","64065429","64065696","chr22","13155470","13155743","62","50909959"
"chr5","64105441","64105775","chr5","157003964","157004291","62","92898523"
"chr5","64152692","64152846","chr4","128691200","128691356","31","64538508"
"chr5","64161580","64161704","chr5","161966306","161966430","12","97804726"
"chr5","64164233","64164531","chr7","74224736","74225034","38","10060503"
"chr5","64168669","64168905","chr4","161387162","161387396","41","97218493"
"chr5","64175039","64175349","chr17","9410528","9410832","50","54764511"
"chr5","64175360","64175487","chr16","31907781","31907912","18","32267579"
"chr5","64183367","64183495","chrX","42325828","42325954","17","21857539"
"chr5","64184900","64184914","chr8","98875191","98875205","1","34690291"
"chr5","64184915","64185219","chr15","53196353","53196655","44","10988562"
"chr5","64185220","64185394","chr1","162846265","162846444","29","98661045"
"chr5","64188698","64188988","chr6","3742240","3742527","43","60446458"
"chr5","64189544","64189559","chr10","34602342","34602357","4","29587202"
"chr5","64189560","64189837","chr4","180875300","180875580","45","116685740"
"chr5","64189838","64189973","chr20","43431832","43431967","16","20758006"
"chr5","64190374","64190683","chr5","9574338","9574644","42","54616036"
"chr5","64195514","64195806","chr14","85986152","85986448","34","21790638"
"chr5","64232722","64233006","chr11","47695769","47696052","47","16536953"
"chr5","64241484","64241771","chr5","153282891","153283181","44","89041407"
"chr5","64244146","64244345","chr22","26004762","26004960","33","38239384"
"chr5","64244643","64244758","chr11","113906994","113907109","11","49662351"
"chr5","64246792","64246897","chr6","133466744","133466851","31","69219952"
"chr5","64247406","64247695","chr18","43156924","43157216","47","21090482"
"chr5","64248529","64248686","chr1","17325883","17326034","23","46922646"
"chr5","64248984","64249107","chr3","184844822","184844960","39","120595838"
"chr5","64253878","64254191","chr8","77654380","77654689","47","13400502"
"chr5","64255239","64255525","chr11","48086413","48086703","47","16168826"
"chr5","64256209","64256490","chr10","28066159","28066447","45","36190050"
"chr5","64256868","64257172","chr2B","65714348","65714652","47","1457480"
"chr5","64262597","64262720","chr5","24695484","24695602","21","39567113"
"chr5","64263014","64263060","chr6","169390322","169390366","17","105127308"
"chr5","64263167","64263318","chr22","1262290","1262444","24","63000877"
"chr5","64263616","64263739","chrX","42406117","42406242","25","21857499"
"chr5","64264094","64264394","chr7","158676345","158676646","40","94412251"
"chr5","64264792","64265105","chr11","120932649","120932956","40","56667857"
"chr5","64268292","64268598","chr9","108641235","108641541","39","44372943"
"chr5","64269068","64269365","chr19","7650886","7651190","53","56618182"
"chr5","64276006","64276309","chr14","86291533","86291832","50","22015527"
"chr5","64290996","64291275","chr3","197889904","197890185","38","133598908"
"chr5","64293105","64293279","chr2A","12462472","12462645","28","51830633"
"chr5","64293581","64293717","chr10","37978285","37978416","14","26315296"
"chr5","64298923","64299207","chr12","118003504","118003787","60","53704581"
"chr5","64317542","64317662","chr5","135124732","135124853","15","70807190"
"chr5","64319645","64319796","chr1","207901121","207901272","20","143581476"
"chr5","64356514","64356740","chrX","65320481","65320676","72","963967"
"chr5","64357040","64357164","chr2B","13381090","13381223","22","50975950"
"chr5","64398565","64398845","chr2A","18653982","18654276","44","45744583"
"chr5","64401580","64401882","chr5","14837140","14837438","42","49564440"
"chr5","64405577","64405870","chr1","16944410","16944709","38","47461167"
"chr5","64409103","64409228","chr7","4485178","4485309","15","59923925"
"chr5","64409613","64409906","chr7","138657403","138657700","43","74247790"
"chr5","64411190","64411490","chr5","59873823","59874132","52","4537367"
"chr5","64414516","64414659","chr7","41947648","41947789","22","22466868"
"chr5","64431363","64431477","chr9","70425985","70426100","21","5994622"
"chr5","64436815","64436935","chr9","45252398","45252520","15","19184417"
"chr5","64439946","64440290","chr9","42683008","42683344","75","21756938"
"chr5","64448752","64449005","chr3","105740658","105740910","58","41291906"
"chr5","64454494","64454803","chr3","20256117","20256426","48","44198377"
"chr5","64456016","64456121","chr5","11216103","11216211","26","53239913"
"chr5","64457019","64457321","chr8","101435714","101436021","42","36978695"
"chr5","64457556","64457720","chr4","86839770","86839929","26","22382214"
"chr5","64459233","64459521","chr5","24372432","24372725","48","40086801"
"chr5","64461214","64461337","chr14","48532117","48532241","17","15929097"
"chr5","64461624","64461805","chr1","15775291","15775465","38","48686333"
"chr5","64468255","64468554","chr5","118351918","118352225","54","53883663"
"chr5","64475810","64475946","chr1","22878871","22879006","10","41596939"
"chr5","64476367","64476579","chr4","110212781","110212992","32","45736414"
"chr5","64479003","64479185","chrX","2330595","2330779","45","62148408"
"chr5","64482334","64482498","chr1","15810713","15810878","31","48671621"
"chr5","64482800","64482935","chr19","35654444","35654578","19","28828356"
"chr5","64495875","64496171","chr6","39172477","39172777","47","25323398"
"chr5","64497379","64497676","chr9","71736676","71736971","31","7239297"
"chr5","64505666","64505795","chr6","141208908","141209041","26","76703242"
"chr5","64507190","64507453","chr9","79693989","79694261","46","15186799"
"chr5","64510631","64510765","chr5","121627246","121627381","23","57116615"
"chr5","64510766","64510901","chr15","46734424","46734558","16","17776342"
"chr5","64511208","64511385","chr19","38147809","38147987","26","26363399"
"chr5","64511386","64511548","chr6","113117568","113117735","35","48606182"
"chr5","64514103","64514373","chr14","72144549","72144830","47","7630446"
"chr5","64514397","64514418","chr1","11798197","11798215","5","52716200"
"chr5","64514590","64514733","chr5","8064092","8064237","16","56450498"
"chr5","64515036","64515133","chr4","146736814","146736913","21","82221778"
"chr5","64524823","64524966","chr16","31524913","31525050","24","32999910"
"chr5","64560890","64561175","chr7","139996539","139996831","45","75435649"
"chr5","64582842","64582928","chr12","123521686","123521772","12","58938844"
"chr5","64583460","64583624","chr16","27869099","27869264","27","36714361"
"chr5","64591482","64591610","chr12","4170291","4170419","22","60421191"
"chr5","64593501","64593675","chr5","55071062","55071240","29","9522439"
"chr5","64599474","64599774","chr9","43202834","43203132","39","21396640"
"chr5","64602360","64602546","chr5","3962472","3962655","31","60639888"
"chr5","64607658","64607960","chr11","9782206","9782508","39","54825452"
"chr5","64620823","64621096","chr6","22463039","22463320","44","42157784"
"chr5","64624571","64624701","chr1","214134294","214134424","15","149509723"
"chr5","64624819","64625110","chr9","113098573","113098861","35","48473754"
"chr5","64625341","64625353","chr1","184340759","184340769","2","119715418"
"chr5","64625385","64625657","chr3","72171772","72172053","51","7546387"
"chr5","64625703","64625988","chr1","46890129","46890419","49","17735574"
"chr5","64625998","64626128","chr2B","13381090","13381223","12","51244908"
"chr5","64633597","64633725","chr8","78048246","78048380","24","13414649"
"chr5","64634035","64634203","chr1","54868029","54868196","23","9766006"
"chr5","64643263","64643398","chr1","23591151","23591286","21","41052112"
"chr5","64659244","64659531","chr4","151182610","151182903","51","86523366"
"chr5","64664596","64664731","chr1","11102412","11102548","18","53562184"
"chr5","64665023","64665195","chr1","52676312","52676486","34","11988711"
"chr5","64672935","64673227","chr5","109752843","109753140","43","45079908"
"chr5","64680147","64680431","chr9","94494590","94494871","45","29814443"
"chr5","64683043","64683342","chr11","64143151","64143450","42","539892"
"chr5","64699905","64700035","chr10","13935422","13935549","17","50764483"
"chr5","64700330","64700465","chr21","31662246","31662382","8","33038084"
"chr5","64714699","64715002","chr8","9756252","9756551","45","54958447"
"chr5","64745948","64746291","chr7","72531859","72532162","84","7785911"
"chr5","64747854","64748077","chrX","130116333","130116569","54","65368479"
"chr5","64748640","64748937","chr17","29342751","29343046","40","35405889"
"chr5","64749243","64749457","chr5","42241483","42241696","32","22507760"
"chr5","64752899","64753016","chr9","92489465","92489580","18","27736566"
"chr5","64753315","64753435","chr4","115125522","115125634","25","50372207"
"chr5","64756386","64756498","chr21","27965813","27965925","10","36790573"
"chr5","64756505","64756795","chr6","164274281","164274576","36","99517776"
"chr5","64757011","64757139","chrX","376907","377041","26","64380104"
"chr5","64780410","64780653","chr4","197342804","197343059","62","132562394"
"chr5","64780813","64780943","chr5","35633795","35633931","14","29147018"
"chr5","64791939","64792236","chr6","139214749","139215051","47","74422810"
"chr5","64802876","64803011","chr1","168543967","168544101","13","103741091"
"chr5","64803032","64803207","chr19","47078501","47078674","35","17724531"
"chr5","64803511","64803641","chr5","123735052","123735181","5","58931541"
"chr5","64824640","64824963","chr5","2098655","2098966","54","62725985"
"chr5","64837174","64837450","chr1","27826241","27826514","41","37010933"
"chr5","64856828","64856945","chrX","47761378","47761479","29","17095450"
"chr5","64856946","64857216","chr9","95927306","95927578","37","31070360"
"chr5","64857217","64857453","chr1","44914978","44915212","49","19942239"
"chr5","64881348","64881452","chr8","59796046","59796149","20","5085302"
"chr5","64881479","64881770","chr4","7019181","7019479","55","57862298"
"chr5","64883141","64883446","chr19","14638514","14638815","40","50244627"
"chr5","64887860","64888157","chr5","13711793","13712097","44","51176067"
"chr5","64889651","64889963","chr1","216899282","216899593","37","152009631"
"chr5","64894852","64895146","chr7","106016300","106016595","38","41121448"
"chr5","64909087","64909382","chr14","22779488","22779783","42","42129599"
"chr5","64909537","64909716","chrX","144105641","144105817","32","79196104"
"chr5","64920670","64920970","chr5","60696046","60696351","47","4224624"
"chr5","64943472","64943780","chr2B","92229313","92229618","42","27285841"
"chr5","64957873","64958170","chr11","34568780","34569080","37","30389093"
"chr5","64962266","64962523","chr10","34997697","34997966","55","29964569"
"chr5","64971210","64971308","chr8","78755818","78755916","7","13784608"
"chr5","64986291","64986594","chr14","85986152","85986448","51","20999861"
"chr5","65004993","65005212","chr6","22637348","22637571","31","42367645"
"chr5","65010274","65010583","chr6","13811703","13812015","37","51198571"
"chr5","65011405","65011646","chr1","28801067","28801317","59","36210338"
"chr5","65012626","65012754","chr6","11957977","11958108","16","53054649"
"chr5","65064134","65064441","chr5","26602593","26602896","42","38461541"
"chr5","65064820","65064951","chr7","78998821","78998955","16","13934001"
"chr5","65068298","65068560","chrX","24438622","24438886","47","40629676"
"chr5","65080785","65081071","chrX","33575116","33575401","44","31505669"
"chr5","65136056","65136357","chr1","21756556","21756861","45","43379500"
"chr5","65141316","65141593","chr1","9255063","9255348","49","55886253"
"chr5","65150335","65150640","chr18","23041143","23041446","36","42109192"
"chr5","65202349","65202468","chr20","43032336","43032459","13","22170013"
"chr5","65209098","65209204","chr9","111192030","111192137","22","45982932"
"chr5","65234239","65234517","chr17","5205712","5206001","57","60028527"
"chr5","65276708","65276998","chr1","212745117","212745410","44","147468409"
"chr5","65293531","65293857","chr13","10907321","10907640","76","54386210"
"chr5","65294716","65294990","chr4","9791988","9792250","46","55502728"
"chr5","65306237","65306448","chr2B","36361968","36362189","42","28944269"
"chr5","65320165","65320457","chr11","3623940","3624232","32","61696225"
"chr5","65331405","65331681","chr5","128581421","128581697","45","63250016"
"chr5","65331709","65331732","chr15","80465288","80465311","3","15133579"
"chr5","65363569","65363871","chr12","52178346","52178642","41","13185223"
"chr5","65363872","65364182","chr4","81927571","81927874","40","16563699"
"chr5","65365762","65366070","chr8","141066904","141067212","39","75701142"
"chr5","65370100","65370363","chr10","116452596","116452864","46","51082496"
"chr5","65374620","65374752","chr13","21274037","21274170","13","44100583"
"chr5","65387710","65388013","chr2B","131657052","131657355","42","66269342"
"chr5","65388268","65388593","chr1","1358381","1358670","89","64029887"
"chr5","65393177","65393304","chr2B","129831786","129831912","18","64438609"
"chr5","65394329","65394628","chr1","14747835","14748136","49","50646494"
"chr5","65396313","65396603","chr8","47619379","47619670","32","17776934"
"chr5","65398419","65398732","chrX","137202891","137203196","61","71804472"
"chr5","65398746","65399041","chr15","80113111","80113411","44","14714365"
"chr5","65399508","65399561","chr2B","85716899","85716950","12","20317391"
"chr5","65400568","65400873","chr1","36354006","36354302","47","29046562"
"chr5","65400875","65401007","chr5","123735052","123735181","19","58334177"
"chr5","65401309","65401334","chr15","69544023","69544049","3","4142714"
"chr5","65401641","65401807","chr4","196491241","196491411","26","131089600"
"chr5","65404010","65404171","chr10","131517149","131517305","22","66113139"
"chr5","65413746","65413967","chr2B","100295696","100295916","36","34881950"
"chr5","65413997","65414160","chr18","4219736","4219903","22","61194261"
"chr5","65417156","65417396","chr15","52508524","52508743","44","12908632"
"chr5","65420940","65421251","chr22","34450649","34450957","41","30970291"
"chr5","65422144","65422322","chr16","31283494","31283670","20","34138650"
"chr5","65437894","65438199","chr5","15736521","15736832","46","49701373"
"chr5","65440707","65441006","chr1","225512358","225512658","41","160071651"
"chr5","65463242","65463526","chr5","28490860","28491137","41","36972382"
"chr5","65469641","65469814","chr8","76897209","76897388","29","11427568"
"chr5","65469856","65469891","chr4","151279696","151279730","10","85809840"
"chr5","65474381","65474681","chr8","95701690","95701987","39","30227309"
"chr5","65529810","65530117","chr7","71646511","71646823","40","6116701"
"chr5","65570015","65570228","chr11","69024679","69024881","45","3454664"
"chr5","65570297","65570384","chr8","125468206","125468299","21","59897909"
"chr5","65578840","65579076","chr13","62784224","62784467","41","2794616"
"chr5","65600829","65600993","chr11","128845488","128845652","28","63244659"
"chr5","65601029","65601148","chr12","103078630","103078751","16","37477601"
"chr5","65641567","65641870","chr1","139434343","139434642","42","73792776"
"chr5","65651935","65652233","chrX","19694089","19694388","42","45957846"
"chr5","65654598","65654790","chr8","25854652","25854840","28","39799946"
"chr5","65668605","65668912","chr1","43874114","43874415","34","21794491"
"chr5","65673848","65674151","chr5","59897733","59898033","43","5776115"
"chr5","65676320","65676611","chr11","16794862","16795154","37","48881458"
"chr5","65676871","65676988","chr1","93746517","93746636","12","28069646"
"chr5","65680568","65680861","chr21","14836790","14837088","42","50843778"
"chr5","65682975","65683112","chr5","7709860","7709995","17","57973115"
"chr5","65683374","65683428","chr5","7165629","7165684","18","58517745"
"chr5","65804683","65804990","chr2B","66416298","66416593","40","611615"
"chr5","65808152","65808449","chr14","60651660","60651957","44","5156492"
"chr5","65817369","65817653","chr16","6782698","6782981","38","59034671"
"chr5","65825509","65825810","chr3","155313398","155313700","42","89487889"
"chr5","65845357","65845439","chr7","63653858","63653941","10","2191499"
"chr5","65849370","65849675","chr1","179387142","179387449","45","113537772"
"chr5","65855699","65855844","chr20","6035084","6035219","24","59820615"
"chr5","65855845","65856126","chr6","133579557","133579841","33","67723712"
"chr5","65856162","65856379","chr9","112998337","112998527","50","47142175"
"chr5","65859435","65859518","chr19","5640043","5640130","17","60219392"
"chr5","65862936","65863058","chr5","21911477","21911600","27","43951459"
"chr5","65863425","65863733","chr5","162648722","162649033","40","96785297"
"chr5","65873972","65874142","chr2B","50431625","50431794","19","15442347"
"chr5","65874448","65874465","chr7","71270671","71270687","2","5396223"
"chr5","65879851","65880176","chr3","97276690","97277013","52","31396839"
"chr5","65891224","65891511","chr20","13966864","13967155","36","51924360"
"chr5","65951598","65951761","chr7","2340874","2341033","31","63610724"
"chr5","65952031","65952166","chr5","118006764","118006899","13","52054733"
"chr5","65954858","65955019","chr3","200109852","200110029","45","134154994"
"chr5","65971093","65971270","chr3","15722426","15722601","27","50248667"
"chr5","65971302","65971422","chr10","93726615","93726738","12","27755313"
"chr5","66015661","66015933","chr12","52957750","52958031","42","13057911"
"chr5","66020882","66021100","chr1","182772205","182772420","31","116751323"
"chr5","66063060","66063347","chr3","144085233","144085526","42","78022173"
"chr5","66174065","66174379","chr4","86739574","86739882","44","20565509"
"chr5","66193212","66193519","chr11","65133925","65134229","45","1059287"
"chr5","66227616","66227914","chr17","9489493","9489790","32","56738123"
"chr5","66230054","66230316","chr16","1445822","1446088","36","64784232"
"chr5","66298316","66298615","chr1","182055643","182055942","43","115757327"
"chr5","66313139","66313374","chr9","111122345","111122578","65","44809206"
"chr5","66340407","66340615","chr9","74819531","74819730","36","8479124"
"chr5","66384111","66384387","chr18","72724792","72725069","47","6340681"
"chr5","66499318","66499606","chr8","77632209","77632501","50","11132891"
"chr5","66514661","66514943","chrX","132971523","132971812","49","66456862"
"chr5","66575263","66575550","chr3","39981775","39982068","58","26593488"
"chr5","66642055","66642348","chr9","41878230","41878523","41","24763825"
"chr5","66882274","66882566","chr4","833641","833936","54","66048633"
"chr5","66889357","66889661","chr14","20497028","20497330","39","46392329"
"chr5","66923567","66923855","chr3","159846286","159846576","43","92922719"
"chr5","66986000","66986288","chr5","75762204","75762492","44","8776204"
"chr5","66988264","66988395","chr19","33950985","33951117","15","33037279"
"chr5","67007799","67008093","chr9","114191687","114191982","37","47183888"
"chr5","67027395","67027704","chr1","15788477","15788788","49","51238918"
"chr5","67043272","67043368","chr16","17441457","17441552","10","49601815"
"chr5","67049894","67049990","chr16","17441457","17441552","12","49608437"
"chr5","67058804","67059082","chr17","81507469","81507757","43","14448665"
"chr5","67073538","67073593","chr17","38735481","38735529","18","28338057"
"chr5","67073595","67073731","chr14","87982744","87982881","18","20909149"
"chr5","67120391","67120687","chr6","46332308","46332601","41","20788083"
"chr5","67128576","67128869","chr13","18532488","18532787","38","48596088"
"chr5","67137306","67137601","chr3","190276346","190276640","43","123139040"
"chr5","67178284","67178426","chr3","58439151","58439290","26","8739133"
"chr5","67183314","67183436","chr18","29302826","29302949","20","37880488"
"chr5","67184777","67184875","chr1","16774476","16774572","15","50410301"
"chr5","67213156","67213485","chrX","1843387","1843713","53","65369769"
"chr5","67217619","67217732","chr5","24110217","24110331","12","43107402"
"chr5","67244074","67244384","chr7","139963807","139964112","44","72719733"
"chr5","67258178","67258475","chr7","154133029","154133326","39","86874851"
"chr5","67294298","67294433","chr14","87982744","87982881","15","20688446"
"chr5","67294732","67294904","chr16","31552584","31552750","22","35742148"
"chr5","67304000","67304306","chr14","110301","110606","36","67193699"
"chr5","67337646","67337860","chr17","14446876","14447108","45","52890770"
"chr5","67413662","67413977","chr17","14365446","14365751","58","53048216"
"chr5","67496381","67496599","chr4","110212781","110212992","30","42716400"
"chr5","67577940","67578034","chr1","143579087","143579183","16","76001147"
"chr5","67620677","67620804","chr4","98309554","98309680","15","30688877"
"chr5","67621068","67621237","chr1","9352668","9352832","37","58268400"
"chr5","67658594","67658907","chr5","141890810","141891123","39","74232216"
"chr5","67688251","67688524","chr17","60598886","60599162","49","7089365"
"chr5","67696539","67696666","chr1","205772785","205772916","16","138076246"
"chr5","67705804","67705927","chr3","115180873","115181000","18","47475069"
"chr5","67705971","67706131","chr19","12031666","12031828","28","55674305"
"chr5","67748904","67749205","chr5","141748249","141748545","44","73999345"
"chr5","67750799","67751044","chr8","48828478","48828732","42","18922321"
"chr5","67758496","67758648","chr8","74430681","74430821","51","6672185"
"chr5","67770868","67771094","chr1","206005436","206005660","37","138234568"
"chr5","67801868","67802010","chr11","72896181","72896325","32","5094313"
"chr5","67802311","67802482","chr3","158291482","158291649","24","90489171"
"chr5","67839646","67839953","chr1","28927353","28927654","41","38912293"
"chr5","68014864","68015154","chr10","135479865","135480158","43","67465001"
"chr5","68020677","68020924","chr6","116493840","116494099","44","48473163"
"chr5","68029326","68029624","chr4","42284012","42284310","46","25745314"
"chr5","68041394","68041522","chr2A","45258583","45258713","16","22782811"
"chr5","68066004","68066295","chr9","112362776","112363054","53","44296772"
"chr5","68084457","68084721","chr3","53593985","53594256","42","14490472"
"chr5","68171736","68171899","chr18","19722494","19722657","22","48449242"
"chr5","68171927","68171989","chr3","54734924","54734984","8","13437003"
"chr5","68178529","68178839","chr5","24064939","24065247","44","44113590"
"chr5","68184095","68184403","chr6","31869675","31869980","42","36314420"
"chr5","68195370","68195638","chr7","137312057","137312333","44","69116687"
"chr5","68219929","68220195","chr2A","60232623","60232895","40","7987306"
"chr5","68256893","68257182","chr5","147372333","147372625","42","79115440"
"chr5","68268045","68268207","chr1","23409964","23410126","24","44858081"
"chr5","68342618","68342903","chr11","9392301","9392584","47","58950317"
"chr5","68373036","68373286","chr19","51468485","51468735","33","16904551"
"chr5","68405920","68406188","chr13","92720697","92720963","46","24314777"
"chr5","68421889","68422188","chr1","24035438","24035741","51","44386451"
"chr5","68501727","68501991","chr22","26826753","26827022","52","41674974"
"chr5","68506303","68506462","chr10","11628845","11628998","17","56877458"
"chr5","68522991","68523095","chr1","23846574","23846684","17","44676417"
"chr5","68557115","68557394","chr1","202883078","202883360","54","134325963"
"chr5","68560361","68560654","chr5","40653593","40653887","42","27906768"
"chr5","68570676","68570986","chr11","87909819","87910130","48","19339143"
"chr5","68571169","68571465","chr1","185242885","185243179","50","116671716"
"chr5","68580823","68581124","chr2A","10336505","10336805","41","58244318"
"chr5","68587771","68588059","chr3","66828221","66828512","38","1759550"
"chr5","68590724","68590928","chr17","19761015","19761221","38","48829709"
"chr5","68601782","68602118","chr3","188556690","188557004","74","119954908"
"chr5","68620213","68620516","chr1","223085452","223085744","50","154465239"
"chr5","68632069","68632316","chr8","119221662","119221904","41","50589593"
"chr5","68657319","68657592","chr1","146575605","146575883","54","77918286"
"chr5","68665449","68665748","chr7","85560938","85561239","38","16895489"
"chr5","68674101","68674364","chr16","18222977","18223238","41","50451124"
"chr5","68676200","68676311","chr13","31958531","31958640","15","36717669"
"chr5","68681094","68681366","chr3","160906433","160906707","41","92225339"
"chr5","68686661","68686939","chr10","5698621","5698902","36","62988040"
"chr5","68692500","68692794","chr1","212745117","212745410","37","144052617"
"chr5","68706378","68706673","chr6","28489024","28489324","40","40217354"
"chr5","68776233","68776490","chr2B","70334516","70334775","33","1558283"
"chr5","68814409","68814717","chr7","152799145","152799449","49","83984736"
"chr5","68823064","68823382","chr6","152473595","152473903","52","83650531"
"chr5","68831523","68831808","chr6","160602137","160602430","40","91770614"
"chr5","68844446","68844735","chr6","46897","47187","40","68797549"
"chr5","68862371","68862527","chr6","20955212","20955371","23","47907159"
"chr5","68871745","68872045","chr7","37182843","37183145","36","31688902"
"chr5","68883009","68883323","chr6","135269750","135270051","41","66386741"
"chr5","68886163","68886461","chr8","101544594","101544890","40","32658431"
"chr5","68886937","68887050","chr16","12332334","12332448","13","56554603"
"chr5","68895256","68895572","chr2A","68474284","68474591","47","420972"
"chr5","68896166","68896454","chr3","23697124","23697413","46","45199042"
"chr5","68899517","68899812","chr8","135134049","135134335","54","66234532"
"chr5","68931842","68932118","chr11","24734385","24734661","53","44197457"
"chr5","68935512","68935672","chr2A","70158724","70158883","28","1223212"
"chr5","68935738","68935886","chrX","54555278","54555430","25","14380460"
"chr5","68973433","68973732","chr19","35826743","35827033","42","33146690"
"chr5","69074022","69074320","chr12","100043914","100044211","45","30969892"
"chr5","69248908","69249191","chr13","91667366","91667654","47","22418458"
"chr5","69252841","69252984","chr3","38726042","38726186","29","30526799"
"chr5","69287717","69288029","chr6","112148811","112149116","48","42861094"
"chr5","69314481","69314774","chr1","185242885","185243179","40","115928404"
"chr5","69332946","69333217","chr19","6877009","6877280","47","62455937"
"chr5","69337732","69338038","chr12","28199255","28199558","37","41138477"
"chr5","69442031","69442328","chr9","97112596","97112895","38","27670565"
"chr5","69461166","69461442","chr10","114508301","114508579","41","45047135"
"chr5","69473996","69474288","chr11","3623940","3624232","38","65850056"
"chr5","69511205","69511497","chr19","35438931","35439222","34","34072274"
"chr5","69512116","69512419","chr16","21088687","21088983","43","48423429"
"chr5","69520343","69520508","chr19","6559213","6559375","25","62961130"
"chr5","69548274","69548391","chr11","3639856","3639975","17","65908418"
"chr5","69581821","69582033","chr6","5478779","5478995","33","64103042"
"chr5","69671087","69671387","chr4","193789375","193789676","33","124118288"
"chr5","69672379","69672668","chr1","186534927","186535218","48","116862548"
"chr5","69687615","69687826","chr3","33605807","33606012","31","36081808"
"chr5","69690098","69690385","chr1","150183109","150183406","55","80493011"
"chr5","69696138","69696432","chr4","93828554","93828847","37","24132416"
"chr5","69724215","69724510","chr1","217025876","217026177","47","147301661"
"chr5","69728912","69729144","chr22","14280924","14281159","31","55447988"
"chr5","69729414","69729482","chr4","629125","629193","15","69100289"
"chr5","69736790","69737098","chr6","17439500","17439810","43","52297290"
"chr5","69754255","69754536","chr6","14387949","14388230","40","55366306"
"chr5","69755513","69755593","chr21","16737808","16737891","10","53017705"
"chr5","69790391","69790519","chr8","85707985","85708110","12","15917594"
"chr5","69790546","69790709","chr8","13537144","13537309","29","56253402"
"chr5","69791601","69791895","chrX","27727421","27727716","33","42064180"
"chr5","69806587","69806673","chr19","40360952","40361038","11","29445635"
"chr5","69806985","69807201","chr2A","36711440","36711659","31","33095545"
"chr5","69820981","69821278","chr1","20280960","20281258","34","49540021"
"chr5","69870494","69870799","chr6","110474486","110474790","40","40603992"
"chr5","69875351","69875649","chr17","11968260","11968559","43","57907091"
"chr5","69877473","69877773","chr5","950195","950494","44","68927278"
"chr5","69903203","69903475","chr12","122175345","122175611","44","52272142"
"chr5","69924174","69924287","chr6","85362783","85362893","16","15438609"
"chr5","69962767","69963070","chr9","11990091","11990396","40","57972676"
"chr5","69964352","69964483","chr7","99428132","99428261","22","29463780"
"chr5","70009368","70009664","chr6","165490656","165490965","45","95481288"
"chr5","70114979","70115203","chr2B","66665417","66665639","31","3449562"
"chr5","70142949","70143249","chr12","92652799","92653098","43","22509850"
"chr5","70151191","70151308","chr7","62499882","62500000","15","7651309"
"chr5","70190428","70190676","chr14","54805719","54805978","45","15384709"
"chr5","70222362","70222664","chr12","124921144","124921445","45","54698782"
"chr5","70315558","70315718","chr8","98981840","98982009","29","28666282"
"chr5","70333579","70333747","chr1","28689384","28689555","27","41644195"
"chr5","70333784","70333906","chr4","91685988","91686108","15","21352204"
"chr5","70363495","70363655","chr12","35899001","35899163","26","34464494"
"chr5","70363953","70364096","chr19","17357194","17357333","25","53006759"
"chr5","70396392","70396468","chr6","44643051","44643132","17","25753341"
"chr5","70399369","70399671","chr2A","33076638","33076941","35","37322731"
"chr5","70450092","70450404","chr8","95264019","95264337","61","24813927"
"chr5","70452321","70452545","chr4","21176889","21177111","41","49275432"
"chr5","70467390","70467683","chr14","83230171","83230460","48","12762781"
"chr5","70579310","70579397","chr2A","32444781","32444871","15","38134529"
"chr5","70603625","70603930","chr6","147551966","147552260","51","76948341"
"chr5","70610301","70610436","chr20","55025362","55025494","22","15584939"
"chr5","70632956","70633240","chrX","42228408","42228695","37","28404548"
"chr5","70686601","70686764","chr6","39519401","39519557","34","31167200"
"chr5","70686765","70687058","chr15","64647983","64648276","36","6038782"
"chr5","70687059","70687193","chr11","63173557","63173692","17","7513502"
"chr5","70706093","70706377","chr22","831278","831562","32","69874815"
"chr5","70777560","70777650","chr3","126133047","126133134","13","55355487"
"chr5","70813387","70813695","chr11","76719549","76719855","45","5906162"
"chr5","70836017","70836304","chr3","33719972","33720261","38","37116045"
"chr5","70838479","70838788","chr8","77655737","77656029","54","6817258"
"chr5","70854574","70854711","chr14","86369247","86369382","10","15514673"
"chr5","70856555","70856736","chr1","38128287","38128467","30","32728268"
"chr5","70857489","70857805","chr10","88292868","88293184","49","17435379"
"chr5","70858423","70858737","chr1","3648210","3648520","51","67210213"
"chr5","70897115","70897435","chr14","9321209","9321519","47","61575906"
"chr5","70940345","70940643","chr11","63362088","63362389","39","7578257"
"chr5","70941533","70941850","chr8","49444233","49444543","55","21497300"
"chr5","70956428","70956724","chrX","54872558","54872857","37","16083870"
"chr5","70964596","70964787","chr2A","83444240","83444435","32","12479644"
"chr5","70965066","70965192","chrX","14911893","14912019","22","56053173"
"chr5","70979548","70979842","chr17","13768149","13768443","40","57211399"
"chr5","70982851","70983147","chr17","9434277","9434570","41","61548574"
"chr5","70984171","70984450","chr6","65319781","65320055","57","5664390"
"chr5","71021563","71021841","chr1","82609682","82609961","34","11588119"
"chr5","71024609","71024715","chr21","13862058","13862164","10","57162551"
"chr5","71092874","71093073","chr3","190087379","190087568","42","118994505"
"chr5","71093355","71093489","chr1","168543967","168544101","14","97450612"
"chr5","71101528","71101656","chr1","10043533","10043661","13","61057995"
"chr5","71140666","71140984","chr9","80044745","80045054","61","8904079"
"chr5","71141840","71142017","chr19","52913274","52913441","34","18228566"
"chr5","71142091","71142218","chr4","196598034","196598165","23","125455943"
"chr5","71149895","71149969","chr11","118916948","118917020","9","47767053"
"chr5","71150335","71150507","chrX","119770640","119770807","26","48620305"
"chr5","71166304","71166496","chr17","10722181","10722372","20","60444123"
"chr5","71166779","71166890","chr17","10721794","10721903","13","60444985"
"chr5","71188330","71188456","chr2B","129831786","129831912","11","58643456"
"chr5","71205891","71205983","chr4","123084295","123084371","26","51878404"
"chr5","71215167","71215436","chr13","31585458","31585730","55","39629709"
"chr5","71215673","71215960","chr12","1122701","1122989","33","70092972"
"chr5","71221787","71222077","chr7","138727646","138727942","38","67505859"
"chr5","71242810","71243093","chr19","2981632","2981914","32","68261178"
"chr5","71263657","71263818","chr1","9352668","9352832","27","61910989"
"chr5","71268215","71268323","chrX","54049481","54049595","18","17218734"
"chr5","71270716","71270931","chr16","12467486","12467699","30","58803230"
"chr5","71276603","71276878","chr19","48380052","48380333","37","22896551"
"chr5","71325376","71325667","chr4","157848786","157849079","45","86523410"
"chr5","71410039","71410352","chrX","69926944","69927256","52","1483095"
"chr5","71431612","71431777","chr11","111745036","111745211","29","40313424"
"chr5","71432796","71433067","chr14","46895488","46895764","39","24537308"
"chr5","71439970","71440271","chr5","13561494","13561796","46","57878476"
"chr5","71455345","71455671","chr8","77193223","77193544","63","5737878"
"chr5","71475155","71475332","chr1","134238525","134238702","27","62763370"
"chr5","71482011","71482287","chrX","107717623","107717898","35","36235612"
"chr5","71491901","71492211","chr12","111354308","111354620","44","39862407"
"chr5","71519095","71519145","chr9","31073166","31073216","7","40445929"
"chr5","71538245","71538540","chr4","200885803","200886099","35","129347558"
"chr5","71542699","71542933","chr7","152572732","152572964","32","81030033"
"chr5","71555914","71556211","chr9","106948213","106948511","41","35392299"
"chr5","71559987","71560292","chr10","41660210","41660514","36","29899777"
"chr5","71566414","71566555","chr18","59064463","59064604","25","12501951"
"chr5","71566576","71566702","chr3","168377318","168377444","19","96810742"
"chr5","71569412","71569698","chr11","124393497","124393777","41","52824085"
"chr5","71574755","71575042","chr3","154231169","154231457","40","82656414"
"chr5","71585570","71585878","chr2B","100756734","100757043","42","29171164"
"chr5","71592299","71592589","chr6","45713778","45714072","37","25878521"
"chr5","71601328","71601633","chr5","117760443","117760736","45","46159115"
"chr5","71611879","71612183","chr6","24071747","24072049","43","47540132"
"chr5","71618935","71619218","chr3","75915486","75915767","48","4296551"
"chr5","71620045","71620338","chr1","11974821","11975121","43","59645224"
"chr5","71625717","71626003","chr10","143462936","143463224","44","71837219"
"chr5","71656898","71656937","chrX","49607049","49607085","6","22049849"
"chr5","71656938","71657153","chrX","119409260","119409471","35","47752322"
"chr5","71674377","71674658","chrX","24034614","24034896","53","47639763"
"chr5","71692323","71692611","chr10","1888969","1889257","34","69803354"
"chr5","71696554","71696852","chr12","270182","270479","42","71426372"
"chr5","71716901","71717180","chr15","49302263","49302546","30","22414638"
"chr5","71736234","71736359","chr17","10148208","10148337","19","61588026"
"chr5","71736961","71737140","chr10","24990479","24990655","37","46746482"
"chr5","71748024","71748315","chr1","50812078","50812377","39","20935946"
"chr5","71765824","71766097","chr6","39117217","39117496","41","32648607"
"chr5","71777878","71778186","chr1","209952521","209952828","42","138174643"
"chr5","71789569","71789817","chr5","57852569","57852813","46","13937000"
"chr5","71817496","71817663","chr5","59930487","59930657","27","11887009"
"chr5","71817664","71817949","chr9","11846554","11846830","39","59971110"
"chr5","71817950","71818086","chr16","2301473","2301609","14","69516477"
"chr5","71824305","71824595","chr5","45704421","45704704","44","26119884"
"chr5","71829364","71829674","chr17","58944990","58945277","55","12884374"
"chr5","71834968","71835088","chr1","87806657","87806779","22","15971689"
"chr5","71836887","71837188","chr10","133565552","133565849","45","61728665"
"chr5","71878290","71878604","chr5","46530569","46530871","61","25347721"
"chr5","71886123","71886392","chr6","113080691","113080959","48","41194568"
"chr5","71925928","71926217","chr10","115956895","115957189","36","44030967"
"chr5","71963188","71963505","chr19","4986545","4986855","53","66976643"
"chr5","72000344","72000558","chr6","153900974","153901193","41","81900630"
"chr5","72032400","72032503","chr4","168118913","168119016","20","96086513"
"chr5","72033234","72033342","chr15","19176525","19176620","29","52856709"
"chr5","72033633","72033790","chr11","60617701","60617866","35","11415932"
"chr5","72046153","72046316","chr19","2336990","2337150","26","69709163"
"chr5","72053635","72053937","chr1","93992578","93992879","44","21938943"
"chr5","72058503","72058793","chr8","101544594","101544890","40","29486091"
"chr5","72060455","72060735","chr8","59177377","59177656","40","12883078"
"chr5","72064230","72064521","chr5","50696835","50697119","48","21367395"
"chr5","72067367","72067512","chr19","54270043","54270185","20","17797324"
"chr5","72069574","72069704","chr7","97203900","97204029","24","25134326"
"chr5","72072780","72073093","chr15","71022336","71022646","48","1050444"
"chr5","72097359","72097635","chr5","155530529","155530807","42","83433170"
"chr5","72099248","72099531","chr3","72171772","72172053","38","72524"
"chr5","72103600","72103767","chr12","98776420","98776589","26","26672820"
"chr5","72130971","72131293","chr20","44342881","44343190","42","27788090"
"chr5","72139665","72139949","chr2B","124977630","124977912","30","52837965"
"chr5","72142882","72143180","chr13","35829925","35830221","39","36312957"
"chr5","72144336","72144636","chr5","24372432","24372725","33","47771904"
"chr5","72157118","72157237","chr6","43435680","43435799","12","28721438"
"chr5","72157283","72157464","chr19","57527050","57527232","29","14630233"
"chr5","72157642","72157909","chr9","117733372","117733651","46","45575730"
"chr5","72166351","72166486","chr19","49125928","49126062","13","23040423"
"chr5","72166805","72166979","chr8","121787467","121787636","31","49620662"
"chr5","72171777","72171883","chr5","52569450","52569555","8","19602327"
"chr5","72172967","72173110","chr5","41690800","41690944","19","30482167"
"chr5","72186019","72186326","chr1","64942081","64942394","64","7243938"
"chr5","72194749","72195009","chr12","124254648","124254922","42","52059899"
"chr5","72200502","72200805","chr3","199631597","199631896","35","127431095"
"chr5","72215892","72216196","chr12","121276101","121276401","42","49060209"
"chr5","72224324","72224406","chr7","63653858","63653941","10","8570466"
"chr5","72228539","72228834","chr16","25497614","25497909","41","46730925"
"chr5","72231323","72231594","chr17","817230","817487","61","71414093"
"chr5","72247082","72247386","chr9","13807793","13808081","60","58439289"
"chr5","72266645","72266936","chr8","101544594","101544890","38","29277949"
"chr5","72275542","72275874","chr1","93519137","93519467","44","21243595"
"chr5","72278102","72278400","chr13","22826370","22826669","30","49451732"
"chr5","72282529","72282815","chr6","79360967","79361252","34","7078438"
"chr5","72287627","72287924","chr8","83783750","83784046","41","11496123"
"chr5","72318418","72318599","chr19","2319195","2319377","42","69999223"
"chr5","72319510","72319643","chr8","45508643","45508779","13","26810867"
"chr5","72334852","72335111","chr17","9515169","9515428","32","62819683"
"chr5","72335928","72336224","chr7","65579040","65579337","38","6756888"
"chr5","72355726","72356017","chr8","101544594","101544890","39","29188868"
"chr5","72364489","72364763","chr2B","129989555","129989833","43","57625066"
"chr5","72374848","72375128","chr12","120592751","120593031","47","48217903"
"chr5","72375633","72375923","chr15","77995336","77995623","32","5619703"
"chr5","72388823","72389132","chr5","96798243","96798547","41","24409420"
"chr5","72423115","72423331","chrX","45261099","45261320","36","27162016"
"chr5","72423627","72423710","chr3","32679404","32679482","18","39744223"
"chr5","72426255","72426502","chr5","138755936","138756176","62","66329681"
"chr5","72431662","72431977","chr3","43602807","43603106","56","28828855"
"chr5","72434492","72434783","chr14","50631545","50631835","41","21802947"
"chr5","72447183","72447450","chr2A","58959269","58959534","43","13487914"
"chr5","72462612","72462877","chrX","8256423","8256687","43","64206189"
"chr5","72466503","72466793","chr3","33487789","33488076","36","38978714"
"chr5","72467754","72467854","chr3","201027947","201028044","19","128560193"
"chr5","72483835","72484123","chr2A","67830661","67830952","35","4653174"
"chr5","72486905","72487013","chr11","60783826","60783935","12","11703079"
"chr5","72495017","72495206","chr9","15750083","15750270","29","56744934"
"chr5","72502010","72502176","chr12","30393770","30393933","22","42108240"
"chr5","72502177","72502475","chr5","24372432","24372725","33","48129745"
"chr5","72502476","72502611","chr22","26192366","26192501","19","46310110"
"chr5","72502698","72502859","chr1","87785005","87785164","23","15282307"
"chr5","72509951","72510254","chr5","7473160","7473464","47","65036791"
"chr5","72510573","72510867","chr7","82716630","82716918","45","10206057"
"chr5","72528936","72529234","chr12","95527677","95527972","41","22998741"
"chr5","72550670","72550831","chr18","1639022","1639181","26","70911648"
"chr5","72551156","72551291","chr5","118006764","118006899","16","45455608"
"chr5","72560555","72560851","chr13","96648301","96648599","37","24087746"
"chr5","72562368","72562664","chr3","121298263","121298559","35","48735895"
"chr5","72563457","72563759","chr9","104384316","104384616","37","31820859"
"chr5","72625853","72626142","chr5","117742995","117743288","46","45117142"
"chr5","72638264","72638561","chr7","21217030","21217325","33","51421234"
"chr5","72640399","72640673","chr11","100328898","100329171","33","27688499"
"chr5","72674391","72674693","chr1","152886327","152886633","37","80211936"
"chr5","72684568","72684850","chr1","23889573","23889871","53","48794995"
"chr5","72694517","72694805","chr22","34526874","34527167","43","38167643"
"chr5","72698135","72698431","chr1","129742545","129742843","39","57044410"
"chr5","72702494","72702781","chr1","111029139","111029432","45","38326645"
"chr5","72713827","72714109","chrX","2369019","2369300","38","70344808"
"chr5","72714602","72714883","chr5","24920017","24920309","41","47794585"
"chr5","72730549","72730844","chr1","27210749","27211044","44","45519800"
"chr5","72745052","72745343","chr14","57736267","57736567","39","15008785"
"chr5","72756934","72757231","chr12","92652799","92653098","40","19895865"
"chr5","72811366","72811676","chr1","62968337","62968647","43","9843029"
"chr5","72829830","72830011","chr11","134371526","134371706","31","61541696"
"chr5","72830324","72830452","chr8","118134000","118134134","19","45303676"
"chr5","72878433","72878727","chr5","45914070","45914364","44","26964363"
"chr5","72905482","72905559","chr2B","83964428","83964503","9","11058946"
"chr5","72930942","72931184","chr2A","37000001","37000246","42","35930941"
"chr5","72935241","72935542","chr1","207941442","207941741","40","135006201"
"chr5","72952565","72952883","chr5","34215137","34215446","46","38737428"
"chr5","72953809","72954129","chr2A","6517099","6517423","53","66436710"
"chr5","72954500","72954665","chr1","9642289","9642451","21","63312211"
"chr5","72970189","72970492","chr14","76962951","76963252","47","3992762"
"chr5","72990396","72990598","chrX","124599356","124599551","35","51608960"
"chr5","72991609","72991904","chr5","2973594","2973889","44","70018015"
"chr5","73002957","73003200","chr20","46282216","46282459","48","26720741"
"chr5","73017353","73017539","chr19","9461999","9462179","29","63555354"
"chr5","73017571","73017584","chr3","14955102","14955116","2","58062469"
"chr5","73018581","73018872","chr5","2973594","2973889","43","70044987"
"chr5","73023379","73023566","chr4","123637020","123637217","39","50613641"
"chr5","73032162","73032438","chr1","39642949","39643236","61","33389213"
"chr5","73064405","73064725","chr5","36019051","36019363","51","37045354"
"chr5","73083938","73084225","chr11","90065358","90065648","46","16981420"
"chr5","73112818","73112846","chr1","9732300","9732328","11","63380518"
"chr5","73112847","73113137","chr6","164274281","164274576","43","91161434"
"chr5","73113138","73113241","chr1","110505190","110505291","24","37392052"
"chr5","73128292","73128601","chr8","56758850","56759156","49","16369442"
"chr5","73129655","73130021","chr3","60862720","60863050","99","12266935"
"chr5","73134447","73134737","chr18","75361442","75361737","47","2226995"
"chr5","73155859","73156140","chr6","79360967","79361252","53","6205108"
"chr5","73158453","73158734","chr3","72171772","72172053","44","986681"
"chr5","73161088","73161385","chr12","9468375","9468672","37","63692713"
"chr5","73162169","73162376","chr1","141487751","141487968","30","68325582"
"chr5","73162872","73163197","chr11","226817","227121","60","72936055"
"chr5","73167588","73167886","chr9","120164554","120164850","47","46996966"
"chr5","73171024","73171336","chr11","100700710","100701020","46","27529686"
"chr5","73172476","73172737","chr22","30141895","30142167","54","43030581"
"chr5","73202692","73203001","chr3","121038671","121038982","39","47835979"
"chr5","73208747","73208995","chr13","73433757","73434007","40","225010"
"chr5","73216611","73216909","chr1","193132439","193132740","42","119915828"
"chr5","73227157","73227463","chr10","88625961","88626259","49","15398804"
"chr5","73228009","73228330","chr11","76719549","76719855","49","3491540"
"chr5","73235372","73235653","chr11","66230873","66231164","43","7004499"
"chr5","73237463","73237766","chr12","43697519","43697825","52","29539944"
"chr5","73254605","73254734","chr15","28860105","28860240","21","44394500"
"chr5","73255980","73256173","chr14","33015272","33015462","38","40240708"
"chr5","73256946","73257243","chr6","45713778","45714072","37","27543168"
"chr5","73267316","73267440","chr16","29998196","29998320","11","43269120"
"chr5","73272768","73272933","chr2B","50431625","50431794","23","22841143"
"chr5","73273770","73273830","chr1","191980294","191980349","10","118706524"
"chr5","73297392","73297506","chr3","110475246","110475354","23","37177854"
"chr5","73313567","73313857","chr6","44225213","44225501","36","29088354"
"chr5","73330908","73331217","chr1","154110951","154111251","45","80780043"
"chr5","73358641","73358803","chr18","28798321","28798482","18","44560320"
"chr5","73373683","73373974","chr6","37873870","37874163","39","35499813"
"chr5","73427047","73427235","chr6","8459209","8459396","27","64967838"
"chr5","73429177","73429332","chr10","110012976","110013130","21","36583799"
"chr5","73442468","73442751","chr1","110242576","110242860","41","36800108"
"chr5","73455270","73455408","chr3","186617776","186617913","27","113162506"
"chr5","73462489","73462775","chr11","93312758","93313043","39","19850269"
"chr5","73466124","73466408","chr2A","81501708","81501989","35","8035584"
"chr5","73467365","73467650","chr20","3889986","3890278","42","69577379"
"chr5","73475598","73475864","chr19","31602423","31602686","43","41873175"
"chr5","73482150","73482298","chr3","160388042","160388191","23","86905892"
"chr5","73482453","73482746","chr3","197938350","197938641","43","124455897"
"chr5","73484543","73484719","chr5","44798315","44798478","31","28686228"
"chr5","73487469","73487554","chr20","35713075","35713158","12","37774394"
"chr5","73487992","73488148","chrX","3682813","3682969","18","69805179"
"chr5","73501272","73501399","chr14","12485207","12485337","14","61016065"
"chr5","73507023","73507155","chr5","161161762","161161894","12","87654739"
"chr5","73516040","73516177","chr16","61953025","61953164","22","11563015"
"chr5","73517302","73517585","chr19","13442809","13443101","50","60074493"
"chr5","73537482","73537766","chr8","99334684","99334977","41","25797202"
"chr5","73537774","73537899","chrX","22199062","22199188","17","51338712"
"chr5","73546932","73547101","chr12","10503992","10504156","29","63042940"
"chr5","73550088","73550234","chr20","43701082","43701227","20","29849006"
"chr5","73551203","73551354","chr15","43234188","43234344","24","30317015"
"chr5","73553764","73553869","chr19","47392855","47392959","7","26160909"
"chr5","73558716","73558974","chr10","100354316","100354578","43","26795600"
"chr5","73559591","73559708","chr18","55000007","55000129","18","18559584"
"chr5","73560007","73560026","chr8","77976332","77976348","8","4416325"
"chr5","73560651","73560784","chr1","53578518","53578656","51","19982133"
"chr5","73561155","73561289","chr16","65477857","65477989","25","8083298"
"chr5","73561587","73561752","chr15","40999720","40999891","24","32561867"
"chr5","73567605","73567762","chr2A","64294068","64294227","30","9273537"
"chr5","73567763","73568076","chr3","199631597","199631896","52","126063834"
"chr5","73568077","73568208","chr1","91403002","91403137","14","17834925"
"chr5","73578387","73578690","chr17","8309219","8309525","36","65269168"
"chr5","73583473","73583602","chr2A","32856945","32857075","16","40726528"
"chr5","73590267","73590549","chr7","142890610","142890893","39","69300343"
"chr5","73598599","73598730","chr9","94640051","94640183","17","21041452"
"chr5","73600276","73600566","chr11","3623940","3624232","41","69976336"
"chr5","73605800","73605970","chr5","59930487","59930657","28","13675313"
"chr5","73606267","73606390","chr12","125140441","125140562","17","51534174"
"chr5","73611173","73611308","chr3","182064680","182064815","18","108453507"
"chr5","73611620","73611769","chr9","111768371","111768520","21","38156751"
"chr5","73612723","73612942","chr15","29132948","29133173","50","44479775"
"chr5","73615095","73615269","chr2B","50431625","50431794","25","23183470"
"chr5","73615566","73615702","chr1","78871057","78871188","21","5255491"
"chr5","73618719","73619031","chr17","8269467","8269753","63","65349252"
"chr5","73619062","73619089","chr5","37793353","37793375","7","35825709"
"chr5","73619123","73619410","chr13","4889298","4889577","41","68729825"
"chr5","73621056","73621174","chr9","115927781","115927896","19","42306725"
"chr5","73655966","73656217","chr3","33405226","33405477","43","40250740"
"chr5","73662709","73662726","chr1","152625906","152625925","2","78963197"
"chr5","73662813","73663103","chr5","24104667","24104957","45","49558146"
"chr5","73668862","73669134","chr15","42094475","42094727","71","31574387"
"chr5","73670732","73671011","chr13","1376244","1376525","44","72294488"
"chr5","73671047","73671061","chr19","10249005","10249020","1","63422042"
"chr5","73671160","73671274","chr3","59180544","59180657","14","14490616"
"chr5","73676547","73676715","chr16","2384920","2385089","20","71291627"
"chr5","73677645","73677935","chr6","45713778","45714072","49","27963867"
"chr5","73698999","73699220","chrX","1829326","1829547","51","71869673"
"chr5","73707353","73707615","chr14","54805719","54805978","41","18901634"
"chr5","73712231","73712469","chr16","55907137","55907367","47","17805094"
"chr5","73713302","73713375","chr15","54252813","54252886","15","19460489"
"chr5","73736288","73736571","chr16","16582862","16583153","46","57153426"
"chr5","73737153","73737455","chr22","19927561","19927868","39","53809592"
"chr5","73738124","73738435","chr5","46530569","46530871","52","27207555"
"chr5","73738436","73738490","chr1","216848081","216848138","6","143109645"
"chr5","73761648","73761818","chrX","44860345","44860512","24","28901303"
"chr5","73777488","73777657","chr4","39168431","39168598","30","34609057"
"chr5","73778973","73779110","chr2A","82675571","82675703","18","8896598"
"chr5","73796058","73796223","chr11","119154022","119154185","19","45357964"
"chr5","73796532","73796663","chr1","35559881","35560012","16","38236651"
"chr5","73804440","73804457","chr3","115389450","115389466","4","41585010"
"chr5","73804502","73804777","chr9","13067220","13067500","43","60737282"
"chr5","73809279","73809498","chr21","24428860","24429072","35","49380419"
"chr5","73824292","73824497","chr12","121756484","121756689","47","47932192"
"chr5","73837879","73838158","chr7","26934288","26934569","36","46903591"
"chr5","73845475","73845752","chr7","158206899","158207181","46","84361424"
"chr5","73848370","73848656","chr20","53565946","53566231","41","20282424"
"chr5","73853423","73853588","chr9","49157109","49157272","29","24696314"
"chr5","73853614","73853740","chr8","35302517","35302636","19","38551097"
"chr5","73856647","73856908","chr3","103261888","103262150","52","29405241"
"chr5","73857703","73858008","chr18","59939666","59939972","41","13918037"
"chr5","73860055","73860178","chr12","34902432","34902557","18","38957623"
"chr5","73860395","73860609","chr7","77320384","77320598","32","3459989"
"chr5","73864114","73864231","chr6","21177782","21177895","19","52686332"
"chr5","73864437","73864733","chr17","7994135","7994439","39","65870302"
"chr5","73868840","73869032","chr21","22638055","22638242","27","51230785"
"chr5","73874045","73874172","chr5","59582913","59583041","13","14291132"
"chr5","73876131","73876438","chr2A","676473","676774","50","73199658"
"chr5","73876686","73876810","chr17","30514493","30514618","14","43362193"
"chr5","73880158","73880311","chr15","8496624","8496780","32","65383534"
"chr5","73894182","73894254","chrX","47751375","47751448","12","26142807"
"chr5","73915225","73915507","chr13","29635192","29635473","36","44280033"
"chr5","73931690","73931985","chr22","21035712","21036008","36","52895978"
"chr5","73937420","73937558","chr3","186617776","186617913","14","112680356"
"chr5","73957917","73958227","chr1","205466258","205466570","46","131508341"
"chr5","73965554","73965882","chr5","160895428","160895737","67","86929874"
"chr5","74015030","74015202","chr19","45659682","45659848","26","28355348"
"chr5","74022834","74022951","chr7","45451556","45451677","13","28571278"
"chr5","74022983","74023124","chrX","147510176","147510318","21","73487193"
"chr5","74023180","74023274","chr10","101103859","101103947","21","27080679"
"chr5","74024563","74024876","chr19","4986545","4986855","56","69038018"
"chr5","74038771","74039058","chr7","71745445","71745734","42","2293326"
"chr5","74043358","74043563","chr2A","74639012","74639215","43","595654"
"chr5","74043597","74043766","chr8","131963776","131963942","24","57920179"
"chr5","74075710","74076019","chr7","152799145","152799449","41","78723435"
"chr5","74076043","74076145","chr12","129453271","129453381","24","55377228"
"chr5","74078668","74078852","chr9","15750083","15750270","38","58328585"
"chr5","74082073","74082352","chr17","30876027","30876311","40","43206046"
"chr5","74087198","74087418","chr3","54378596","54378817","33","19708602"
"chr5","74091688","74091994","chr4","110248134","110248433","38","36156446"
"chr5","74093991","74094173","chr19","19279163","19279341","27","54814828"
"chr5","74100965","74101067","chr6","32533953","32534063","22","41567012"
"chr5","74108139","74108430","chr7","73094896","73095187","44","1013243"
"chr5","74109081","74109381","chr15","1886496","1886796","32","72222585"
"chr5","74112974","74113282","chr7","139963807","139964112","43","65850833"
"chr5","74115586","74115757","chr9","33076263","33076435","30","41039323"
"chr5","74118946","74119252","chr4","110248134","110248433","31","36129188"
"chr5","74119729","74119848","chr20","30356572","30356694","12","43763157"
"chr5","74125724","74125992","chr17","7736666","7736936","46","66389058"
"chr5","74141806","74141948","chr16","23960338","23960492","40","50181468"
"chr5","74142073","74142200","chr5","5499876","5500000","17","68642197"
"chr5","74145633","74145795","chr8","146012620","146012782","26","71866987"
"chr5","74150224","74150487","chr1","41213454","41213721","54","32936770"
"chr5","74158603","74158902","chr8","94615815","94616114","43","20457212"
"chr5","74166056","74166346","chr9","74393788","74394083","43","227732"
"chr5","74170957","74171092","chr15","33916250","33916385","14","40254707"
"chr5","74171404","74171560","chr7","128090894","128091057","23","53919490"
"chr5","74171568","74171843","chr17","94786646","94786917","69","20615078"
"chr5","74171854","74172156","chr12","39940499","39940799","40","34231355"
"chr5","74175826","74176121","chr17","81599233","81599526","38","7423407"
"chr5","74184349","74184639","chr12","119816270","119816560","35","45631921"
"chr5","74188458","74188771","chr1","36255390","36255687","67","37933068"
"chr5","74190721","74190822","chr7","56884053","56884158","19","17306668"
"chr5","74190996","74191113","chrX","23325027","23325143","26","50865969"
"chr5","74194491","74194657","chr12","92526612","92526771","34","18332121"
"chr5","74200789","74201090","chr1","214208145","214208444","48","140007356"
"chr5","74202630","74202913","chr14","50631545","50631835","40","23571085"
"chr5","74209533","74209829","chr21","22043482","22043777","31","52166051"
"chr5","74214003","74214246","chr9","70461579","70461815","58","3752424"
"chr5","74215073","74215336","chr3","199793361","199793617","35","125578288"
"chr5","74219253","74219532","chr6","48058765","48059050","42","26160488"
"chr5","74220805","74220926","chr4","39484894","39485001","26","34735911"
"chr5","74221234","74221384","chr17","5364989","5365140","34","68856245"
"chr5","74235766","74236062","chr16","61435250","61435545","39","12800516"
"chr5","74242089","74242386","chr5","138695005","138695301","49","64452916"
"chr5","74242661","74242823","chr16","30790653","30790814","41","43452008"
"chr5","74243111","74243282","chr8","112199009","112199163","52","37955898"
"chr5","74249222","74249357","chr11","46619610","46619743","17","27629612"
"chr5","74249655","74249816","chr1","135795439","135795597","21","61545784"
"chr5","74250397","74250594","chr14","85511353","85511552","43","11260956"
"chr5","74261080","74261317","chr16","61952753","61952998","42","12308327"
"chr5","74271355","74271496","chr3","172782020","172782161","24","98510665"
"chr5","74279582","74279756","chr1","215856681","215856860","39","141577099"
"chr5","74297314","74297616","chr11","47222402","47222700","50","27074912"
"chr5","74303318","74303456","chr4","121964169","121964304","16","47660851"
"chr5","74303758","74303925","chr12","37388525","37388697","37","36915233"
"chr5","74305980","74306113","chr16","22499150","22499285","20","51806830"
"chr5","74312010","74312149","chr9","15641261","15641405","26","58670749"
"chr5","74312783","74312908","chr15","73119233","73119360","14","1193550"
"chr5","74314368","74314476","chr4","2729171","2729279","16","71585197"
"chr5","74314498","74314646","chr5","6272328","6272463","34","68042170"
"chr5","74315290","74315586","chr1","164395941","164396239","27","90080651"
"chr5","74318156","74318379","chr20","4859395","4859591","54","69458761"
"chr5","74322531","74322663","chr15","19325603","19325734","10","54996928"
"chr5","74323954","74324129","chr4","22760834","22761008","35","51563120"
"chr5","74324823","74324961","chr17","9227231","9227362","22","65097592"
"chr5","74325085","74325222","chr6","33902335","33902470","13","40422750"
"chr5","74329375","74329510","chr7","73048340","73048473","14","1281035"
"chr5","74329818","74329940","chr8","126739306","126739428","23","52409488"
"chr5","74335517","74335634","chr3","183845217","183845333","15","109509700"
"chr5","74337362","74337655","chr5","24372432","24372725","36","49964930"
"chr5","74337723","74337842","chr8","7469693","7469808","15","66868030"
"chr5","74341003","74341127","chr1","186375038","186375164","13","112034035"
"chr5","74341363","74341663","chr6","161391900","161392200","42","87050537"
"chr5","74350868","74351173","chr17","26552529","26552829","36","47798339"
"chr5","74351717","74352002","chr1","146575605","146575883","54","72223888"
"chr5","74354135","74354260","chr1","43575114","43575246","20","30779021"
"chr5","74369069","74369351","chr20","37622298","37622580","42","36746771"
"chr5","74374537","74374619","chr5","138511991","138512071","16","64137454"
"chr5","74374925","74375079","chr9","112083259","112083413","22","37708334"
"chr5","74386189","74386323","chr21","31662246","31662382","13","42723943"
"chr5","74386324","74386620","chr14","87605486","87605781","41","13219162"
"chr5","74386621","74386753","chr9","111117898","111118031","25","36731277"
"chr5","74388682","74388815","chr12","121987168","121987296","19","47598486"
"chr5","74389118","74389281","chr18","18577424","18577586","17","55811694"
"chr5","74390230","74390369","chrX","115741792","115741935","27","41351562"
"chr5","74390664","74390836","chr6","47629429","47629597","27","26761235"
"chr5","74394227","74394323","chr2A","59440471","59440571","15","14953756"
"chr5","74398727","74398865","chr15","45069977","45070126","31","29328750"
"chr5","74398896","74399120","chr14","48435330","48435535","65","25963566"
"chr5","74399433","74399563","chr3","48894595","48894727","16","25504838"
"chr5","74409306","74409441","chr16","379923","380058","11","74029383"
"chr5","74409442","74409755","chr4","86739574","86739882","40","12330132"
"chr5","74409756","74409831","chr14","22339493","22339566","18","52070263"
"chr5","74416542","74416835","chr5","61130218","61130514","45","13286324"
"chr5","74419103","74419118","chr1","22975747","22975761","3","51443356"
"chr5","74419139","74419422","chr9","109733660","109733937","37","35314521"
"chr5","74419560","74419860","chrX","49576600","49576894","52","24842960"
"chr5","74420672","74420831","chr12","124897201","124897362","23","50476529"
"chr5","74421168","74421301","chr5","123242478","123242614","19","48821310"
"chr5","74422601","74422882","chr3","59498869","59499157","48","14923732"
"chr5","74430414","74430545","chr10","138405459","138405590","13","63975045"
"chr5","74446716","74447014","chr9","69335388","69335681","37","5111328"
"chr5","74451602","74451718","chr7","5186354","5186473","18","69265248"
"chr5","74458828","74459137","chr9","117199348","117199656","42","42740520"
"chr5","74472300","74472426","chr14","12485207","12485337","19","61987093"
"chr5","74474107","74474413","chr4","101565051","101565368","53","27090944"
"chr5","74474414","74474583","chr20","35565904","35566078","34","38908510"
"chr5","74497878","74498019","chr20","31547819","31547950","34","42950059"
"chr5","74499031","74499041","chr8","7764986","7764996","1","66734045"
"chr5","74499078","74499357","chr10","84923002","84923283","41","10423924"
"chr5","74504791","74505089","chr7","140145366","140145668","52","65640575"
"chr5","74506031","74506324","chr5","2973594","2973889","43","71532437"
"chr5","74521455","74521638","chr1","7584882","7585071","41","66936573"
"chr5","74521930","74522048","chr5","78580273","78580386","20","4058343"
"chr5","74525582","74525742","chr1","95866559","95866720","22","21340977"
"chr5","74526022","74526160","chr2A","37521352","37521487","22","37004670"
"chr5","74527487","74527626","chr4","171381352","171381493","26","96853865"
"chr5","74531464","74531738","chr1","19948860","19949131","50","54582604"
"chr5","74568998","74569117","chr7","56757603","56757719","19","17811395"
"chr5","74569417","74569560","chr21","25204871","25205010","40","49364546"
"chr5","74571156","74571480","chr16","29409928","29410254","51","45161228"
"chr5","74575007","74575342","chr19","5716929","5717271","74","68858078"
"chr5","74576916","74577215","chr8","101544594","101544890","41","26967678"
"chr5","74577321","74577432","chr6","32533953","32534063","13","42043368"
"chr5","74596408","74596654","chr6","50655515","50655759","48","23940893"
"chr5","74612014","74612315","chr11","56648134","56648436","36","17963880"
"chr5","74639949","74640104","chr1","57370132","57370285","30","17269817"
"chr5","74640415","74640538","chr6","109347124","109347255","18","34706709"
"chr5","74640539","74640604","chrX","1505980","1506045","6","73134559"
"chr5","74641313","74641379","chr18","76111047","76111113","9","1469734"
"chr5","74641446","74641578","chr1","7920848","7920979","16","66720598"
"chr5","74644972","74645102","chr7","4485178","4485309","18","70159794"
"chr5","74645397","74645555","chr22","32067732","32067888","39","42577665"
"chr5","74689360","74689523","chr12","35899001","35899163","21","38790359"
"chr5","74689824","74689935","chr12","78930624","78930738","12","4240800"
"chr5","74701957","74702213","chr2B","52715909","52716185","55","21986048"
"chr5","74706225","74706494","chr2B","128232242","128232510","43","53526017"
"chr5","74707720","74707869","chr1","35102034","35102167","27","39605686"
"chr5","74711400","74711469","chrX","38254929","38254998","6","36456471"
"chr5","74713332","74713470","chr14","10761403","10761538","21","63951929"
"chr5","74718250","74718331","chr13","3023224","3023303","18","71695026"
"chr5","74721408","74721631","chr2B","79161265","79161481","44","4439857"
"chr5","74729335","74729652","chr15","23562162","23562473","58","51167173"
"chr5","74733816","74734092","chr4","177737792","177738073","38","103003976"
"chr5","74745557","74745694","chr5","35839264","35839400","31","38906293"
"chr5","74746246","74746387","chr1","28384625","28384774","26","46361621"
"chr5","74752315","74752415","chr6","15407111","15407202","21","59345204"
"chr5","74760881","74761178","chr3","130555283","130555582","40","55794402"
"chr5","74797400","74797654","chr2B","44909810","44910059","39","29887590"
"chr5","74799619","74799905","chr19","40680751","40681040","43","34118868"
"chr5","74827234","74827379","chr1","202476133","202476279","20","127648899"
"chr5","74828610","74828722","chr1","130928471","130928590","33","56099861"
"chr5","74838684","74838978","chr20","33760731","33761027","36","41077953"
"chr5","74839157","74839313","chrX","54555278","54555430","23","20283879"
"chr5","74844212","74844555","chr20","37649560","37649872","77","37194652"
"chr5","74848160","74848478","chrX","132766596","132766926","51","57918436"
"chr5","74851511","74851790","chr4","73428507","73428782","48","1423004"
"chr5","74853354","74853669","chr7","4931237","4931542","45","69922117"
"chr5","74902402","74902613","chr18","51628049","51628257","25","23274353"
"chr5","74906167","74906294","chr1","7920848","7920979","19","66985319"
"chr5","74927749","74927876","chr1","7920848","7920979","19","67006901"
"chr5","74943597","74943735","chr7","138457531","138457670","25","63513934"
"chr5","74949583","74949829","chr1","151626041","151626289","61","76676458"
"chr5","74958525","74958820","chr2A","42413678","42413976","37","32544847"
"chr5","74968861","74969153","chr9","106799866","106800156","32","31831005"
"chr5","74983809","74984105","chr9","76710013","76710305","38","1726204"
"chr5","75030716","75030831","chr1","16258874","16258984","21","58771842"
"chr5","75031140","75031296","chr22","24832898","24833059","23","50198242"
"chr5","75039705","75039844","chr17","3402890","3403026","17","71636815"
"chr5","75039845","75040155","chr1","15788477","15788788","47","59251368"
"chr5","75040156","75040338","chr5","162690693","162690868","49","87650537"
"chr5","75041930","75042231","chr7","77548302","77548597","44","2506372"
"chr5","75043198","75043492","chr5","481918","482214","49","74561280"
"chr5","75043875","75044183","chr7","104575685","104575987","46","29531810"
"chr5","75053643","75053864","chr12","112659950","112660176","44","37606307"
"chr5","75069585","75069885","chr14","77135232","77135534","43","2065647"
"chr5","75086432","75086710","chr1","153550398","153550673","48","78463966"
"chr5","75094158","75094300","chr13","1466550","1466689","17","73627608"
"chr5","75095405","75095538","chr1","71393655","71393787","16","3701750"
"chr5","75104139","75104221","chr5","116530140","116530219","8","41426001"
"chr5","75107171","75107326","chr3","9778050","9778199","33","65329121"
"chr5","75107355","75107458","chr1","142477382","142477479","18","67370027"
"chr5","75108904","75109204","chr14","7217699","7217998","33","67891205"
"chr5","75109668","75109800","chr1","64652249","64652381","24","10457419"
"chr5","75110094","75110157","chr1","191980294","191980349","24","116870200"
"chr5","75110430","75110609","chr10","34990756","34990934","35","40119674"
"chr5","75136146","75136434","chr1","31136599","31136900","49","43999547"
"chr5","75145006","75145315","chr1","66101616","66101930","45","9043390"
"chr5","75151275","75151583","chr4","202024654","202024957","42","126873379"
"chr5","75166526","75166648","chr7","42092550","42092651","30","33073976"
"chr5","75166649","75166948","chr6","53299732","53300029","30","21866917"
"chr5","75166949","75167110","chr3","50332619","50332780","36","24834330"
"chr5","75171331","75171604","chr7","132512417","132512691","43","57341086"
"chr5","75181672","75181795","chr5","9577715","9577839","11","65603957"
"chr5","75182358","75182620","chr1","63765294","63765558","54","11417064"
"chr5","75202041","75202355","chr7","70633804","70634112","49","4568237"
"chr5","75205479","75205583","chrX","45466578","45466682","15","29738901"
"chr5","75210058","75210186","chr12","122949941","122950075","19","47739883"
"chr5","75214891","75215211","chr22","16123945","16124256","51","59090946"
"chr5","75224569","75224864","chr4","124825886","124826177","40","49601317"
"chr5","75237341","75237646","chr19","31059858","31060159","45","44177483"
"chr5","75248205","75248484","chr1","27826241","27826514","37","47421964"
"chr5","75260777","75260887","chr4","72852437","72852547","11","2408340"
"chr5","75262461","75262619","chr3","126370891","126371038","45","51108430"
"chr5","75265651","75265959","chr5","40585281","40585586","38","34680370"
"chr5","75267125","75267246","chr12","121987168","121987296","27","46720043"
"chr5","75267547","75267681","chr5","6272328","6272463","24","68995219"
"chr5","75283883","75284167","chr3","200076170","200076463","55","124792287"
"chr5","75322485","75322782","chr20","34338638","34338938","31","40983847"
"chr5","75323984","75323994","chr17","70301363","70301373","1","5022621"
"chr5","75324106","75324401","chr3","109414540","109414837","37","34090434"
"chr5","75328679","75328811","chr5","40372360","40372495","19","34956319"
"chr5","75329116","75329285","chr12","33023715","33023880","23","42305401"
"chr5","75337114","75337239","chrX","42406117","42406242","22","32930997"
"chr5","75337548","75337710","chr11","17641228","17641395","37","57696320"
"chr5","75340303","75340613","chr11","17079416","17079721","44","58260887"
"chr5","75344098","75344389","chr5","40503873","40504167","39","34840225"
"chr5","75356540","75356842","chr22","26356887","26357181","40","48999653"
"chr5","75371521","75371793","chr22","1778163","1778440","44","73593358"
"chr5","75384149","75384449","chr18","19250280","19250583","39","56133869"
"chr5","75390852","75391131","chr19","55002454","55002729","48","20388398"
"chr5","75392028","75392194","chr19","7251575","7251742","28","68140453"
"chr5","75394377","75394684","chr8","24551186","24551494","42","50843191"
"chr5","75396314","75396617","chr12","121709461","121709770","50","46313147"
"chr5","75402719","75403020","chrX","41798362","41798663","43","33604357"
"chr5","75403901","75403965","chr2A","32524852","32524916","12","42879049"
"chr5","75412959","75413261","chr19","14638514","14638815","37","60774445"
"chr5","75416007","75416163","chrX","52096827","52096988","29","23319180"
"chr5","75416462","75416597","chr1","206397442","206397578","10","130980980"
"chr5","75420933","75421162","chr7","63292002","63292227","62","12128931"
"chr5","75424758","75424901","chr3","9778050","9778199","18","65646708"
"chr5","75425625","75425938","chr14","73771893","73772203","41","1653732"
"chr5","75433323","75433618","chr8","82726310","82726605","36","7292987"
"chr5","75435465","75435665","chr20","35830754","35830958","25","39604711"
"chr5","75438115","75438405","chr3","54121385","54121675","37","21316730"
"chr5","75453635","75453905","chr16","1851680","1851971","60","73601955"
"chr5","75455457","75455606","chr12","33326820","33326967","19","42128637"
"chr5","75455806","75455892","chr12","127553253","127553343","22","52097447"
"chr5","75463447","75463757","chr12","110393433","110393740","50","34929986"
"chr5","75467447","75467594","chr14","52323213","52323364","27","23144234"
"chr5","75468681","75468833","chr1","22208793","22208950","30","53259888"
"chr5","75478176","75478312","chr5","138494122","138494259","29","63015946"
"chr5","75480396","75480531","chr10","142342693","142342827","42","66862297"
"chr5","75480821","75480953","chr1","17226399","17226532","18","58254422"
"chr5","75481833","75482003","chrX","69931574","69931735","27","5550259"
"chr5","75482315","75482369","chr1","218242753","218242807","5","142760438"
"chr5","75482828","75483125","chr8","101544594","101544890","45","26061766"
"chr5","75487781","75487843","chr10","37294462","37294535","18","38193319"
"chr5","75488249","75488444","chr3","148169366","148169568","38","72681117"
"chr5","75488757","75488918","chr4","2485558","2485719","38","73003199"
"chr5","75509267","75509548","chr5","59849749","59850042","53","15659518"
"chr5","75514541","75514722","chr5","35988003","35988181","34","39526538"
"chr5","75515015","75515148","chrX","55054909","55055044","14","20460106"
"chr5","75522454","75522758","chr5","157179582","157179881","42","81657128"
"chr5","75536097","75536219","chr10","107898843","107898965","30","32362746"
"chr5","75536220","75536495","chr8","129459387","129459659","41","53923167"
"chr5","75536496","75536658","chrX","15720473","15720642","32","59816023"
"chr5","75537257","75537599","chr3","135446919","135447249","82","59909662"
"chr5","75540673","75540843","chr11","91693483","91693648","32","16152810"
"chr5","75541451","75541586","chr16","31221578","31221712","18","44319873"
"chr5","75541588","75541748","chrX","52096827","52096988","30","23444761"
"chr5","75542040","75542066","chr21","22534620","22534641","8","53007420"
"chr5","75545367","75545470","chr15","3379606","3379711","18","72165761"
"chr5","75554263","75554448","chr3","172736089","172736268","37","97181826"
"chr5","75572165","75572452","chr1","182062341","182062631","42","106490176"
"chr5","75573867","75573985","chr1","192165842","192165957","20","116591975"
"chr5","75589820","75590107","chrX","42228408","42228695","54","33361412"
"chr5","75595485","75595502","chr12","36970975","36970992","2","38624510"
"chr5","75595524","75595746","chr17","57183384","57183600","61","18412140"
"chr5","75598305","75598579","chr1","45948596","45948870","39","29649709"
"chr5","75605006","75605310","chr11","117367595","117367888","43","41762589"
"chr5","75633109","75633242","chr16","65477857","65477989","20","10155252"
"chr5","75638234","75638513","chr17","7453583","7453861","52","68184651"
"chr5","75702375","75702386","chr9","92431535","92431545","1","16729160"
"chr5","75702448","75702660","chr15","21014789","21015009","43","54687659"
"chr5","75713385","75713685","chr1","20451683","20451984","46","55261702"
"chr5","75724724","75725016","chr4","39028795","39029092","61","36695929"
"chr5","75727948","75728079","chr14","60537815","60537947","11","15190133"
"chr5","75733913","75734204","chr1","57721001","57721299","44","18012912"
"chr5","75735440","75735578","chr1","115707548","115707690","22","39972108"
"chr5","75735871","75736038","chr6","160928015","160928182","31","85192144"
"chr5","75750231","75750427","chr15","80025208","80025395","38","4274977"
"chr5","75753792","75753825","chrX","49607049","49607085","5","26146743"
"chr5","75753826","75753902","chr19","34834578","34834652","9","40919248"
"chr5","75754200","75754344","chr3","140978413","140978556","19","65224213"
"chr5","75763937","75764244","chr12","108318489","108318792","54","32554552"
"chr5","75767020","75767033","chr20","34402217","34402229","1","41364803"
"chr5","75767058","75767204","chr6","147767456","147767603","24","72000398"
"chr5","75767513","75767646","chr5","38957611","38957744","20","36809902"
"chr5","75770846","75771144","chr3","125068067","125068363","45","49297221"
"chr5","75781632","75781920","chr1","225547977","225548265","44","149766345"
"chr5","75801974","75802257","chr8","99138367","99138648","38","23336393"
"chr5","75808815","75808869","chr13","22884723","22884778","6","52924092"
"chr5","75836974","75837258","chr5","8099014","8099308","41","67737960"
"chr5","75839325","75839486","chr5","62272871","62273027","25","13566454"
"chr5","75839802","75839936","chr5","110285576","110285711","16","34445774"
"chr5","75855855","75856137","chr7","5363383","5363661","43","70492472"
"chr5","75865288","75865603","chr5","152289740","152290053","45","76424452"
"chr5","75866767","75867051","chr14","76550161","76550448","42","683394"
"chr5","75869889","75870002","chr5","119809274","119809386","13","43939385"
"chr5","75889636","75889785","chr15","8671155","8671293","26","67218481"
"chr5","75890072","75890252","chr10","9220897","9221066","35","66669175"
"chr5","75893388","75893699","chr5","34215137","34215446","36","41678251"
"chr5","75895819","75896102","chr2B","2582611","2582904","50","73313208"
"chr5","75909253","75909268","chr1","28031986","28032000","5","47877267"
"chr5","75909299","75909562","chr5","36333234","36333490","46","39576065"
"chr5","75914077","75914235","chr8","101256453","101256611","22","25342376"
"chr5","75927708","75927874","chr22","24824778","24824945","27","51102930"
"chr5","75928200","75928291","chr16","4969010","4969103","11","70959190"
"chr5","75931479","75931746","chr22","26263500","26263767","38","49667979"
"chr5","75945954","75946240","chr15","49615250","49615549","52","26330704"
"chr5","75948732","75949033","chrX","14354174","14354478","32","61594558"
"chr5","75975999","75976277","chr5","125040055","125040335","43","49064056"
"chr5","75989619","75989903","chr21","25520310","25520598","39","50469309"
"chr5","75994013","75994309","chr1","223180023","223180322","48","147186010"
"chr5","76078648","76078902","chr8","45553146","45553405","41","30525502"
"chr5","76096867","76097193","chr11","13936446","13936754","60","62160421"
"chr5","76136056","76136356","chr4","16487048","16487347","33","59649008"
"chr5","76143535","76143845","chr1","200668906","200669214","37","124525371"
"chr5","76163840","76164133","chr8","101544594","101544890","36","25380754"
"chr5","76170246","76170382","chr4","151370842","151370977","15","75200596"
"chr5","76170668","76170815","chr3","143091204","143091349","24","66920536"
"chr5","76179627","76179950","chr2A","6517099","6517423","61","69662528"
"chr5","76181628","76181944","chr4","37642274","37642585","43","38539354"
"chr5","76195356","76195623","chr14","261548","261815","34","75933808"
"chr5","76211836","76211987","chr12","122861061","122861206","23","46649225"
"chr5","76212068","76212095","chr3","57378024","57378050","8","18834044"
"chr5","76216393","76216710","chr7","139349873","139350195","52","63133480"
"chr5","76251728","76251877","chr6","55469065","55469213","18","20782663"
"chr5","76252069","76252351","chr15","13302570","13302846","48","62949499"
"chr5","76263696","76263989","chr11","48209135","48209431","36","28054561"
"chr5","76302224","76302517","chr15","69777804","69778096","35","6524420"
"chr5","76317843","76318144","chr5","39517277","39517587","49","36800566"
"chr5","76322534","76322678","chr4","7086988","7087129","17","69235546"
"chr5","76332515","76332727","chr19","55317187","55317402","48","21015328"
"chr5","76334448","76334785","chr2B","108165861","108166175","67","31831413"
"chr5","76342802","76343085","chr17","17295064","17295348","40","59047738"
"chr5","76347332","76347642","chr7","27510300","27510604","39","48837032"
"chr5","76349837","76349895","chr4","65672928","65672978","17","10676909"
"chr5","76355426","76355550","chr10","60326661","60326780","24","16028765"
"chr5","76355563","76355758","chr7","16549205","16549402","39","59806358"
"chr5","76381457","76381594","chr1","212045205","212045343","15","135663748"
"chr5","76387645","76387934","chr7","32453756","32454047","38","43933889"
"chr5","76403330","76403412","chr12","96140004","96140081","13","19736674"
"chr5","76419673","76419821","chr5","54123067","54123208","20","22296606"
"chr5","76420117","76420271","chr12","6210507","6210667","26","70209610"
"chr5","76421561","76421689","chr15","68317075","68317206","18","8104486"
"chr5","76423985","76424121","chr19","20891191","20891326","21","55532794"
"chr5","76424415","76424576","chr5","593871","594032","27","75830544"
"chr5","76428815","76429117","chr7","79044919","79045216","40","2616104"
"chr5","76429699","76429830","chr3","187533947","187534083","17","111104248"
"chr5","76432384","76432690","chr18","57213155","57213466","43","19219229"
"chr5","76433849","76433999","chr1","160302248","160302397","19","83868399"
"chr5","76436313","76436437","chr1","35274196","35274324","15","41162117"
"chr5","76453606","76453771","chr7","76846308","76846474","23","392702"
"chr5","76462287","76462493","chr12","121756484","121756689","37","45294197"
"chr5","76465921","76466055","chr15","42938066","42938200","13","33527855"
"chr5","76466317","76466528","chr6","123903519","123903727","41","47437202"
"chr5","76466611","76466745","chr3","138229396","138229529","17","61762785"
"chr5","76467040","76467208","chr12","33023715","33023880","26","43443325"
"chr5","76492337","76492631","chr12","57958159","57958446","52","18534178"
"chr5","76495714","76495898","chr1","29303431","29303611","51","47192283"
"chr5","76500817","76500834","chr7","77656815","77656831","3","1155998"
"chr5","76501445","76501605","chr3","198933486","198933648","30","122432041"
"chr5","76501908","76502045","chr3","48404443","48404577","15","28097465"
"chr5","76505532","76505829","chrX","41603038","41603336","41","34902494"
"chr5","76519343","76519430","chrX","77410379","77410462","17","891036"
"chr5","76521323","76521617","chr3","42788373","42788672","38","33732950"
"chr5","76522734","76523032","chr10","126614093","126614394","38","50091359"
"chr5","76526698","76526868","chr12","120096928","120097097","32","43570230"
"chr5","76527166","76527304","chr19","14875200","14875336","23","61651966"
"chr5","76532160","76532296","chr1","29910241","29910381","22","46621919"
"chr5","76536157","76536278","chr1","227439358","227439480","20","150903201"
"chr5","76537557","76537885","chr5","141391323","141391652","61","64853766"
"chr5","76540886","76541021","chr2B","116067971","116068110","17","39527085"
"chr5","76547376","76547539","chr7","76846308","76846474","24","298932"
"chr5","76551237","76551450","chr18","54137590","54137814","31","22413647"
"chr5","76553946","76554238","chr17","29342751","29343046","42","47211195"
"chr5","76555563","76555594","chr12","101285938","101285969","7","24730375"
"chr5","76555891","76556000","chr1","38274184","38274293","14","38281707"
"chr5","76556001","76556303","chr3","50287622","50287927","41","26268379"
"chr5","76603495","76603802","chr15","22082195","22082502","44","54521300"
"chr5","76604984","76605000","chr11","46924953","46924967","3","29680031"
"chr5","76605043","76605315","chr11","111753969","111754238","51","35148926"
"chr5","76612486","76612622","chr5","118006764","118006899","17","41394278"
"chr5","76618950","76619083","chr1","168543967","168544101","11","91925017"
"chr5","76619374","76619539","chr6","164420460","164420623","33","87801086"
"chr5","76631407","76631570","chrX","52096827","52096988","24","24534580"
"chr5","76631869","76631999","chr9","49197226","49197359","14","27434643"
"chr5","76638840","76638971","chr7","6377467","6377597","11","70261373"
"chr5","76640474","76640783","chr3","137124500","137124809","47","60484026"
"chr5","76659513","76659790","chr1","181738784","181739058","47","105079271"
"chr5","76661265","76661354","chr17","1090991","1091080","9","75570274"
"chr5","76666103","76666280","chr7","101008071","101008253","31","24341968"
"chr5","76669787","76669922","chr5","125082556","125082691","16","48412769"
"chr5","76673894","76673970","chr2A","63086447","63086523","11","13587447"
"chr5","76688575","76688685","chr16","14854986","14855096","9","61833589"
"chr5","76694317","76694617","chr7","45761253","45761549","39","30933064"
"chr5","76698581","76698875","chr1","66094179","66094473","39","10604402"
"chr5","76711645","76711929","chr7","158206899","158207181","45","81495254"
"chr5","76714629","76714768","chrX","47990443","47990583","24","28724186"
"chr5","76732168","76732449","chr5","122919604","122919896","52","46187436"
"chr5","76741333","76741629","chr16","61435250","61435545","36","15306083"
"chr5","76743899","76744189","chr5","24090349","24090640","29","52653550"
"chr5","76745196","76745498","chr5","39068617","39068915","51","37676579"
"chr5","76745796","76745922","chr19","7302000","7302127","17","69443796"
"chr5","76750251","76750411","chr19","35855675","35855829","27","40894576"
"chr5","76750443","76750746","chr3","189017179","189017480","35","112266736"
"chr5","76750747","76750881","chr3","121511321","121511457","21","44760574"
"chr5","76752961","76753252","chr3","42788373","42788672","44","33964588"
"chr5","76772665","76772824","chr5","39047090","39047239","29","37725575"
"chr5","76790064","76790360","chr1","54826165","54826462","38","21963899"
"chr5","76791879","76792123","chr1","129339709","129339963","66","52547830"
"chr5","76793715","76794009","chr5","161522591","161522890","42","84728876"
"chr5","76799348","76799681","chr11","47527837","47528132","81","29271511"
"chr5","76812193","76812501","chr8","59928396","59928695","50","16883797"
"chr5","76812743","76813001","chr6","109406908","109407165","46","32594165"
"chr5","76813567","76813751","chr19","48141411","48141582","33","28672156"
"chr5","76840972","76841275","chr1","209196926","209197232","44","132355954"
"chr5","76863661","76863809","chr4","71853634","71853784","30","5010027"
"chr5","76866936","76867026","chr15","34706967","34707056","12","42159969"
"chr5","76867099","76867399","chr2B","100759879","100760181","44","23892780"
"chr5","76872353","76872371","chrX","41845697","41845714","3","35026656"
"chr5","76872394","76872564","chr5","121067768","121067927","39","44195374"
"chr5","76872847","76872993","chr5","41690800","41690944","21","35182047"
"chr5","76888728","76889030","chr4","93835160","93835457","39","16946432"
"chr5","76890181","76890475","chr1","16343464","16343761","45","60546717"
"chr5","76900052","76900338","chr9","13807793","13808081","37","63092259"
"chr5","76941711","76941878","chr8","131963776","131963942","23","55022065"
"chr5","76942179","76942233","chr7","120660766","120660821","11","43718587"
"chr5","76953993","76954278","chr12","677940","678226","39","76276053"
"chr5","76965395","76965695","chr4","8338330","8338628","38","68627065"
"chr5","76974264","76974522","chr17","58162367","58162645","50","18811897"
"chr5","76980620","76980932","chr1","146667786","146668094","37","69687166"
"chr5","76985504","76985679","chr5","59930487","59930657","25","17055017"
"chr5","76989175","76989429","chr1","215462821","215463078","34","138473646"
"chr5","76991189","76991354","chr7","156784585","156784756","22","79793396"
"chr5","76992795","76992932","chr7","82210564","82210699","12","5217769"
"chr5","77001754","77001880","chr18","74720693","74720820","19","2281061"
"chr5","77002191","77002371","chr8","74224744","74224919","25","2777447"
"chr5","77002388","77002661","chr3","179781249","179781524","29","102778861"
"chr5","77003064","77003195","chr5","161161762","161161894","18","84158698"
"chr5","77003472","77003621","chr19","16245932","16246082","20","60757540"
"chr5","77030018","77030305","chr17","34803720","34804005","35","42226298"
"chr5","77058001","77058294","chr1","11658302","11658596","39","65399699"
"chr5","77092929","77093186","chr20","25979378","25979644","48","51113551"
"chr5","77105779","77106083","chr6","65410504","65410807","36","11695275"
"chr5","77118978","77119246","chr2B","85592847","85593107","43","8473869"
"chr5","77159537","77159714","chr5","19584116","19584279","33","57575421"
"chr5","77173541","77173842","chr4","198849408","198849705","44","121675867"
"chr5","77179152","77179259","chr4","72852437","72852547","10","4326715"
"chr5","77180955","77181254","chr2B","65699830","65700126","46","11481125"
"chr5","77184510","77184783","chr1","145866574","145866859","49","68682064"
"chr5","77194881","77195174","chr3","36850853","36851152","38","40344028"
"chr5","77199514","77199659","chr8","10748880","10749024","25","66450634"
"chr5","77205090","77205228","chr11","48161977","48162116","16","29043113"
"chr5","77205229","77205530","chr3","47431958","47432261","43","29773271"
"chr5","77205531","77205652","chr8","51673382","51673503","24","25532149"
"chr5","77221974","77222063","chr19","49120621","49120707","19","28101353"
"chr5","77226857","77226925","chr9","113623971","113624039","9","36397114"
"chr5","77226990","77227282","chr5","24372432","24372725","42","52854558"
"chr5","77248256","77248387","chr20","6035084","6035219","17","71213172"
"chr5","77251862","77252066","chr2A","83444240","83444435","40","6192378"
"chr5","77255214","77255347","chr2A","11020602","11020721","32","66234612"
"chr5","77259802","77260107","chr20","35550161","35550463","46","41709641"
"chr5","77274211","77274334","chr9","45252398","45252520","12","32021813"
"chr5","77277460","77277748","chr8","60308293","60308574","43","16969167"
"chr5","77287220","77287500","chr7","65126332","65126609","36","12160888"
"chr5","77290594","77290721","chr21","31662246","31662382","17","45628348"
"chr5","77291447","77291617","chr12","30061690","30061867","28","47229757"
"chr5","77294201","77294483","chr1","116144416","116144697","59","38850215"
"chr5","77299650","77299807","chr1","181734509","181734670","30","104434859"
"chr5","77304992","77305287","chr4","98378743","98379028","46","21073751"
"chr5","77308837","77309127","chr6","136725284","136725581","46","59416447"
"chr5","77313713","77313877","chr3","200196578","200196721","46","122882865"
"chr5","77314153","77314315","chr7","62486171","62486332","22","14827982"
"chr5","77319685","77319807","chr7","104403957","104404081","14","27084272"
"chr5","77325667","77325971","chr19","9115765","9116073","41","68209902"
"chr5","77334137","77334255","chr22","5086893","5087009","14","72247244"
"chr5","77334891","77335128","chr7","141609160","141609395","47","64274269"
"chr5","77335163","77335456","chr13","96332314","96332607","34","18997151"
"chr5","77337098","77337346","chr12","739306","739561","42","76597792"
"chr5","77340416","77340549","chr4","185734049","185734184","15","108393633"
"chr5","77340550","77340827","chr14","83571024","83571294","53","6230474"
"chr5","77340828","77340974","chr20","49552747","49552901","34","27788081"
"chr5","77341217","77341499","chr10","107843841","107844125","43","30502624"
"chr5","77341578","77341727","chrX","1391589","1391740","34","75949989"
"chr5","77342033","77342162","chr9","111456276","111456410","15","34114243"
"chr5","77344359","77344518","chr22","5075789","5075950","26","72268570"
"chr5","77361345","77361461","chr2A","37342062","37342176","19","40019283"
"chr5","77363843","77363966","chr5","5499876","5500000","13","71863967"
"chr5","77366342","77366633","chr15","9376888","9377182","50","67989454"
"chr5","77376242","77376371","chr14","12485207","12485337","15","64891035"
"chr5","77381293","77381443","chr17","1681801","1681948","32","75699492"
"chr5","77388108","77388384","chr2A","64460921","64461200","51","12927187"
"chr5","77396099","77396294","chr5","64959907","64960109","32","12436192"
"chr5","77397432","77397608","chr14","21778634","21778813","28","55618798"
"chr5","77423062","77423352","chr5","58811019","58811304","45","18612043"
"chr5","77425379","77425660","chr13","15434336","15434621","48","61991043"
"chr5","77425678","77425899","chr2B","100893124","100893341","36","23467446"
"chr5","77426175","77426467","chr15","45049171","45049461","37","32377004"
"chr5","77437463","77437768","chr7","156151949","156152255","48","78714486"
"chr5","77442602","77442900","chr7","57395123","57395418","43","20047479"
"chr5","77443923","77444221","chr3","101013439","101013735","52","23569516"
"chr5","77447782","77448070","chr7","65373332","65373628","50","12074450"
"chr5","77448305","77448474","chr1","158233589","158233758","36","80785284"
"chr5","77453677","77453986","chrX","22158908","22159212","47","55294769"
"chr5","77454786","77455068","chr5","39668073","39668356","56","37786713"
"chr5","77455846","77456105","chr3","66797838","66798100","59","10658008"
"chr5","77460277","77460586","chr12","24397776","24398085","44","53062501"
"chr5","77461325","77461590","chr15","68851440","68851709","61","8609885"
"chr5","77468111","77468416","chr11","59208042","59208345","47","18260069"
"chr5","77473426","77473735","chr12","24397776","24398085","44","53075650"
"chr5","77474484","77474598","chr16","75767501","75767618","22","1706983"
"chr5","77475285","77475443","chr4","153154910","153155069","22","75679625"
"chr5","77477515","77477585","chr15","54252813","54252886","17","23224702"
"chr5","77481883","77482168","chr12","7777618","7777910","47","69704265"
"chr5","77518557","77518722","chr7","26292452","26292616","22","51226105"
"chr5","77519019","77519149","chr1","40962476","40962609","19","36556543"
"chr5","77519991","77520145","chr1","147194209","147194362","21","69674218"
"chr5","77539012","77539312","chr9","16886961","16887259","58","60652051"
"chr5","77540518","77540825","chr5","6249468","6249775","45","71291050"
"chr5","77573296","77573598","chr14","7217699","7217998","37","70355597"
"chr5","77598351","77598495","chr18","1067621","1067766","23","76530730"
"chr5","77601321","77601618","chr6","43552064","43552362","42","34049257"
"chr5","77603751","77603983","chr1","158003023","158003245","65","80399272"
"chr5","77614526","77614758","chrX","41404642","41404882","44","36209884"
"chr5","77638915","77639197","chr3","173441126","173441418","44","95802211"
"chr5","77646990","77647256","chr3","129714654","129714912","45","52067664"
"chr5","77651000","77651280","chr21","27277676","27277957","37","50373324"
"chr5","77654015","77654325","chr9","116793954","116794255","44","39139939"
"chr5","77654863","77655145","chr16","68838659","68838946","42","8816204"
"chr5","77674878","77675163","chr1","192523055","192523333","45","114848177"
"chr5","77679513","77679826","chr5","62245780","62246092","53","15433733"
"chr5","77702152","77702462","chr5","34215137","34215446","37","43487015"
"chr5","77703180","77703492","chr3","196949461","196949772","41","119246281"
"chr5","77705650","77705951","chr19","18189585","18189884","42","59516065"
"chr5","77731472","77731780","chr11","92291366","92291671","45","14559894"
"chr5","77735764","77735948","chr3","1702116","1702300","22","76033648"
"chr5","77741474","77741724","chr4","39481492","39481737","48","38259982"
"chr5","77759570","77759679","chr1","206005686","206005792","12","128246116"
"chr5","77769201","77769499","chr2A","91912279","91912577","42","14143078"
"chr5","77774857","77775156","chr10","85032894","85033191","36","7258037"
"chr5","77776165","77776463","chr5","22807671","22807969","44","54968494"
"chr5","77779453","77779750","chr1","36255390","36255687","38","41524063"
"chr5","77784271","77784583","chr1","46954963","46955271","49","30829308"
"chr5","77786668","77786831","chrX","52096827","52096988","20","25689841"
"chr5","77800836","77801101","chr12","119818251","119818516","43","42017415"
"chr5","77809799","77810002","chr5","34700936","34701135","45","43108863"
"chr5","77810308","77810387","chr3","58439291","58439368","14","19371017"
"chr5","77815270","77815566","chr20","4914423","4914723","42","72900847"
"chr5","77819554","77819732","chr1","129681160","129681335","33","51861606"
"chr5","77820022","77820157","chr11","47776956","47777091","13","30043066"
"chr5","77821402","77821698","chr20","35626056","35626355","46","42195346"
"chr5","77822841","77823152","chr9","67930664","67930970","42","9892177"
"chr5","77823942","77824238","chr6","39787530","39787816","50","38036412"
"chr5","77826790","77826931","chr12","114693677","114693821","25","36866887"
"chr5","77829210","77829338","chr7","6377467","6377597","13","71451743"
"chr5","77829992","77830125","chr10","117057833","117057966","16","39227841"
"chr5","77832324","77832493","chr1","53530643","53530811","35","24301681"
"chr5","77848267","77848556","chr1","46890129","46890419","40","30958138"
"chr5","77850128","77850246","chr16","29442093","29442211","19","48408035"
"chr5","77850550","77850715","chr6","142081345","142081510","28","64230795"
"chr5","77851076","77851253","chr7","40605448","40605606","57","37245628"
"chr5","77852193","77852483","chr3","129524451","129524743","48","51672258"
"chr5","77855153","77855440","chr22","20477154","20477440","39","57377999"
"chr5","77862662","77862901","chr1","32057217","32057450","30","45805445"
"chr5","77866046","77866176","chr2A","83046720","83046854","21","5180674"
"chr5","77868558","77868754","chrX","31321945","31322133","34","46546613"
"chr5","77881106","77881227","chr18","29302826","29302949","15","48578280"
"chr5","77883019","77883320","chr7","100687378","100687672","60","22804359"
"chr5","77884830","77884997","chr9","87112351","87112513","28","9227521"
"chr5","77885275","77885408","chr14","41104935","41105068","24","36780340"
"chr5","77885426","77885717","chr5","34342138","34342431","38","43543288"
"chr5","77886986","77887121","chr22","26536452","26536594","29","51350534"
"chr5","77887425","77887559","chrX","118877663","118877798","14","40990238"
"chr5","77890318","77890449","chr2B","99087597","99087732","17","21197279"
"chr5","77896129","77896262","chr4","6002392","6002526","19","71893737"
"chr5","77896859","77897009","chr16","23960338","23960492","33","53936521"
"chr5","77898795","77898928","chr3","48205918","48206052","17","29692877"
"chr5","77899232","77899384","chr1","130503304","130503458","36","52604072"
"chr5","77903849","77904144","chr5","62469266","62469560","29","15434583"
"chr5","77905712","77905823","chr6","6370460","6370576","16","71535252"
"chr5","77910585","77910875","chr7","87487159","87487448","33","9576574"
"chr5","77912265","77912384","chr1","118774098","118774217","16","40861833"
"chr5","77914375","77914452","chr14","80212676","80212755","12","2298301"
"chr5","77921616","77921689","chr3","175329819","175329894","13","97408203"
"chr5","77924493","77924760","chr5","62486340","62486613","43","15438153"
"chr5","77940940","77941140","chr5","134408096","134408299","27","56467156"
"chr5","77943297","77943595","chr11","48339697","48339993","29","29603600"
"chr5","77947216","77947341","chr3","46948804","46948928","13","30998412"
"chr5","77960314","77960558","chr5","59316298","59316531","39","18644016"
"chr5","77961952","77962256","chr9","113249232","113249538","46","35287280"
"chr5","77966918","77967105","chr10","131895672","131895869","45","53928754"
"chr5","77967641","77967751","chr12","101718242","101718350","10","23750601"
"chr5","77991229","77991531","chr14","86642901","86643200","40","8651672"
"chr5","78003685","78003961","chr11","47491404","47491677","54","30512281"
"chr5","78006727","78006827","chrX","22026438","22026538","10","55980289"
"chr5","78010147","78010306","chr19","33882410","33882568","26","44127737"
"chr5","78013824","78014036","chr4","110212781","110212992","37","32198957"
"chr5","78024359","78024649","chr1","62735629","62735920","49","15288730"
"chr5","78040184","78040348","chr22","24824778","24824945","30","53215406"
"chr5","78040661","78040795","chr3","50752498","50752630","18","27288163"
"chr5","78049058","78049327","chr1","32439980","32440255","48","45609078"
"chr5","78074632","78074923","chr1","6348618","6348894","54","71726014"
"chr5","78081756","78082030","chr17","40519534","40519807","42","37562222"
"chr5","78090118","78090239","chr15","73119233","73119360","13","4970885"
"chr5","78095397","78095496","chr12","121977004","121977105","14","43881607"
"chr5","78104689","78104815","chr4","201135101","201135227","11","123030412"
"chr5","78125848","78126039","chr8","124598467","124598647","34","46472619"
"chr5","78128227","78128583","chr4","197982628","197982985","88","119854401"
"chr5","78168895","78169059","chr17","2232539","2232673","45","75936356"
"chr5","78169060","78169348","chr8","101544594","101544890","38","23375534"
"chr5","78169349","78169501","chr7","78586096","78586247","36","416747"
"chr5","78174510","78174776","chr1","6642105","6642371","44","71532405"
"chr5","78183225","78183526","chr20","20976231","20976532","48","57206994"
"chr5","78192420","78192573","chr10","134526942","134527086","26","56334522"
"chr5","78192583","78192747","chr12","98776420","98776589","34","20583837"
"chr5","78192959","78193252","chr9","93885770","93886065","40","15692811"
"chr5","78197605","78197863","chr6","157490359","157490623","51","79292754"
"chr5","78199432","78199755","chr1","33169015","33169333","60","45030417"
"chr5","78216385","78216675","chr3","199443194","199443483","28","121226809"
"chr5","78229944","78230247","chr12","93845732","93846034","35","15615788"
"chr5","78231704","78231828","chr3","115180873","115181000","11","36949169"
"chr5","78243475","78243649","chr1","65338310","65338483","28","12905165"
"chr5","78272112","78272394","chr1","36338426","36338717","42","41933686"
"chr5","78274716","78275016","chr18","14234508","14234797","41","64040208"
"chr5","78285755","78285910","chr1","140678269","140678419","33","62392514"
"chr5","78286523","78286681","chr16","78733739","78733900","26","447216"
"chr5","78287111","78287395","chrX","119237743","119238026","39","40950632"
"chr5","78287398","78287690","chr11","117367595","117367888","29","39080197"
"chr5","78310081","78310362","chr1","145866574","145866859","47","67556493"
"chr5","78310873","78311172","chr9","69335388","69335681","41","8975485"
"chr5","78312978","78313102","chrX","42325828","42325954","16","35987150"
"chr5","78406060","78406375","chr1","134377298","134377610","39","55971238"
"chr5","78407442","78407741","chr1","16343464","16343761","45","62063978"
"chr5","78435972","78436267","chr15","39067690","39067984","31","39368282"
"chr5","78446822","78446944","chr5","150887505","150887628","23","72440683"
"chr5","78451554","78451851","chr15","78041904","78042206","53","409650"
"chr5","78452809","78453121","chr1","27252508","27252789","74","51200301"
"chr5","78461507","78461628","chrX","107190844","107190962","18","28729337"
"chr5","78462914","78463098","chr14","59627910","59628107","35","18835004"
"chr5","78474128","78474427","chr1","36255390","36255687","42","42218738"
"chr5","78474654","78474782","chr8","78048246","78048380","23","426408"
"chr5","78475904","78476181","chr15","13302570","13302846","41","65173334"
"chr5","78476182","78476347","chr11","91693483","91693648","36","13217301"
"chr5","78480999","78481282","chr17","20968704","20968999","40","57512295"
"chr5","78502229","78502548","chr6","147056995","147057300","53","68554766"
"chr5","78506120","78506408","chr7","154133029","154133326","51","75626909"
"chr5","78507225","78507537","chr12","24397776","24398085","39","54109449"
"chr5","78517477","78517775","chr1","156921438","156921735","36","78403961"
"chr5","78520927","78521209","chrX","46727945","46728224","43","31792982"
"chr5","78521212","78521385","chr7","128090894","128091057","34","49569682"
"chr5","78521398","78521679","chr1","205612646","205612928","34","127091248"
"chr5","78526880","78527178","chr7","150917773","150918071","37","72390893"
"chr5","78527295","78527398","chr11","120374918","120375017","17","41847623"
"chr5","78533430","78533719","chr3","50157847","50158123","59","28375583"
"chr5","78540451","78540586","chr1","2717278","2717415","14","75823173"
"chr5","78540882","78541040","chr9","12965085","12965235","37","65575797"
"chr5","78542585","78542902","chr6","41421592","41421905","47","37120993"
"chr5","78580599","78580823","chr19","38625297","38625539","53","39955302"
"chr5","78588716","78589018","chr1","55433461","55433761","42","23155255"
"chr5","78596979","78597147","chr6","38083875","38084044","43","40513104"
"chr5","78597151","78597432","chr11","18527556","18527843","53","60069595"
"chr5","78601848","78602129","chr5","38646206","38646480","45","39955642"
"chr5","78605310","78605601","chr15","68328367","68328659","45","10276943"
"chr5","78625463","78625748","chr11","73844829","73845119","42","4780634"
"chr5","78631967","78632237","chr20","43876754","43877024","49","34755213"
"chr5","78634225","78634464","chr12","123443757","123443999","40","44809532"
"chr5","78638697","78638859","chr12","35899001","35899163","20","42739696"
"chr5","78639160","78639289","chr17","40157558","40157690","25","38481602"
"chr5","78643563","78643842","chr14","8841814","8842097","47","69801749"
"chr5","78648364","78648650","chr17","80975557","80975851","45","2327193"
"chr5","78648803","78649032","chr14","14635557","14635783","28","64013246"
"chr5","78651059","78651176","chr2B","236147","236264","11","78414912"
"chr5","78658432","78658734","chr1","23689077","23689373","53","54969355"
"chr5","78660273","78660595","chr1","57241167","57241480","47","21419106"
"chr5","78661989","78662300","chr19","37132526","37132837","43","41529463"
"chr5","78664754","78664903","chr1","160302248","160302397","18","81637494"
"chr5","78685379","78685675","chr21","31933268","31933561","37","46752111"
"chr5","78696168","78696445","chr3","108662999","108663287","54","29966831"
"chr5","78699030","78699202","chr11","64000146","64000318","21","14698884"
"chr5","78699496","78699636","chr9","97858988","97859128","22","19159492"
"chr5","78703757","78704055","chr1","65854541","65854833","40","12849216"
"chr5","78705102","78705365","chr3","53593985","53594256","45","25111117"
"chr5","78710610","78710791","chr10","118411574","118411754","31","39700964"
"chr5","78713673","78713985","chr4","196166352","196166658","48","117452679"
"chr5","78720389","78720505","chr21","27965813","27965925","11","50754576"
"chr5","78722721","78723016","chr1","192296248","192296545","43","113573527"
"chr5","78725005","78725304","chr3","42788373","42788672","33","35936632"
"chr5","78725435","78725570","chr5","110285576","110285711","22","31560141"
"chr5","78762582","78762860","chr5","57768800","57769079","56","20993782"
"chr5","78797299","78797608","chr12","35014709","35015020","43","43782590"
"chr5","78804243","78804339","chr7","109303281","109303378","6","30499038"
"chr5","78825908","78826201","chr10","37200750","37201043","42","41625158"
"chr5","78844755","78844880","chr10","93726615","93726738","14","14881860"
"chr5","78865186","78865474","chr5","428326","428611","40","78436860"
"chr5","78874603","78874900","chr13","96332314","96332607","51","17457711"
"chr5","78883770","78883862","chr9","70059064","70059157","17","8824706"
"chr5","78888015","78888145","chr1","46966654","46966781","21","31921361"
"chr5","78891898","78892045","chr10","41354373","41354519","20","37537525"
"chr5","78892762","78892900","chr7","152080646","152080784","20","73187884"
"chr5","78893200","78893340","chr9","72151663","72151803","21","6741537"
"chr5","78896196","78896304","chr1","198365932","198366023","32","119469736"
"chr5","78898275","78898474","chr10","13082627","13082820","31","65815648"
"chr5","78899806","78899993","chr16","31525076","31525262","25","47374730"
"chr5","78910176","78910454","chr20","35456410","35456688","45","43453766"
"chr5","78916302","78916412","chrX","1225172","1225283","13","77691130"
"chr5","78916711","78916890","chr20","30554339","30554517","25","48362372"
"chr5","78916894","78917182","chr1","67754568","67754865","49","11162326"
"chr5","78920797","78920975","chr17","4768685","4768860","29","74152112"
"chr5","78921268","78921403","chrX","1063952","1064087","14","77857316"
"chr5","78923076","78923370","chr1","33164270","33164568","46","45758806"
"chr5","78923371","78923544","chrX","9704876","9705045","24","69218495"
"chr5","78933744","78933829","chr1","220985982","220986065","14","142052238"
"chr5","78933885","78934043","chr3","48912653","48912811","30","30021232"
"chr5","78935493","78935785","chr9","79446566","79446862","43","511073"
"chr5","78937283","78937300","chr1","62576129","62576144","3","16361154"
"chr5","78937433","78937599","chr5","19584116","19584279","33","59353317"
"chr5","78965965","78966173","chr14","79009970","79010178","30","44005"
"chr5","78973736","78973877","chr19","41965595","41965749","37","37008141"
"chr5","78973927","78974106","chr5","35988003","35988181","20","42985924"
"chr5","78974411","78974546","chr9","119475667","119475803","13","40501256"
"chr5","78978556","78978809","chr17","9541280","9541551","59","69437276"
"chr5","78979804","78980084","chr3","34246510","34246794","44","44733294"
"chr5","78992573","78992705","chr3","183956795","183956926","17","104964222"
"chr5","78992929","78993167","chr17","31326204","31326441","39","47666725"
"chr5","78994803","78994977","chr16","31283494","31283670","24","47711309"
"chr5","78998718","78998847","chr16","38928469","38928600","39","40070249"
"chr5","78999158","78999311","chr5","62383550","62383703","33","16615608"
"chr5","78999500","78999780","chr6","169040364","169040644","43","90040864"
"chr5","79000001","79000197","chr7","115980618","115980813","31","36980617"
"chr5","79000292","79000599","chr1","24712518","24712824","43","54287774"
"chr5","79000724","79001022","chr10","93435539","93435832","39","14434815"
"chr5","79002650","79002928","chrX","13403350","13403638","41","65599300"
"chr5","79005690","79005726","chr9","114560410","114560445","8","35554720"
"chr5","79006075","79006377","chr5","38273326","38273626","33","40732749"
"chr5","79009098","79009408","chr16","71683718","71684022","41","7325380"
"chr5","79011942","79012158","chr7","62447134","62447352","38","16564808"
"chr5","79024547","79024712","chr5","38248944","38249116","28","40775603"
"chr5","79025988","79026114","chr9","45252398","45252520","21","33773590"
"chr5","79026409","79026533","chr5","38246931","38247049","20","40779478"
"chr5","79033935","79034218","chr7","74426911","74427183","42","4607024"
"chr5","79043290","79043386","chr17","1113084","1113182","12","77930206"
"chr5","79044865","79045183","chr19","9833233","9833529","46","69211632"
"chr5","79104062","79104360","chr11","6056991","6057291","29","73047071"
"chr5","79113260","79113557","chr14","13680630","13680936","42","65432630"
"chr5","79131768","79131894","chr6","156189946","156190077","13","77058178"
"chr5","79132040","79132111","chr7","137920493","137920565","12","58788453"
"chr5","79161633","79161723","chr12","75723056","75723147","14","3438577"
"chr5","79163923","79164215","chr6","111420318","111420617","43","32256395"
"chr5","79167003","79167286","chr17","38821796","38822087","58","40345207"
"chr5","79178995","79179144","chr3","102931377","102931529","30","23752382"
"chr5","79185346","79185608","chr2A","82371144","82371416","48","3185798"
"chr5","79207353","79207639","chr12","96152014","96152307","45","16944661"
"chr5","79210747","79210887","chr3","151819988","151820122","20","72609241"
"chr5","79211183","79211361","chr19","38992484","38992662","24","40218699"
"chr5","79241028","79241327","chr5","38028434","38028736","45","41212594"
"chr5","79251830","79252137","chr3","118559455","118559766","43","39307625"
"chr5","79254153","79254326","chr7","149897616","149897788","32","70643463"
"chr5","79269809","79270009","chr19","33967586","33967795","57","45302223"
"chr5","79270068","79270191","chr4","17082061","17082187","14","62188007"
"chr5","79270600","79270734","chr15","33044017","33044152","15","46226583"
"chr5","79297351","79297496","chrX","50132440","50132584","16","29164911"
"chr5","79301235","79301318","chr1","184341858","184341941","13","105040623"
"chr5","79313356","79313631","chr6","14380618","14380894","38","64932738"
"chr5","79324003","79324137","chr4","121964169","121964304","10","42640166"
"chr5","79335631","79335882","chr1","43158847","43159094","46","36176784"
"chr5","79336743","79337026","chr4","101447458","101447743","42","22110715"
"chr5","79349746","79349858","chr11","1562973","1563089","14","77786773"
"chr5","79355959","79356109","chr11","89827264","89827408","23","10471305"
"chr5","79365907","79366072","chr7","13518348","13518516","25","65847559"
"chr5","79396723","79397022","chr1","1046125","1046418","48","78350598"
"chr5","79408866","79409178","chr17","17075736","17076047","46","62333130"
"chr5","79433661","79433917","chr8","62500002","62500263","42","16933659"
"chr5","79434982","79435149","chr5","19584116","19584279","25","59850866"
"chr5","79437925","79438048","chr16","29998196","29998320","23","49439729"
"chr5","79438079","79438246","chr3","175529922","175530087","27","96091843"
"chr5","79462746","79463054","chr2B","44136530","44136839","34","35326216"
"chr5","79464854","79465161","chr7","79021407","79021709","40","443447"
"chr5","79478782","79479093","chr3","143733492","143733803","31","64254710"
"chr5","79486967","79487153","chr7","36936266","36936462","29","42550701"
"chr5","79492490","79492802","chr5","36587255","36587567","45","42905235"
"chr5","79513160","79513443","chr1","186408673","186408962","50","106895513"
"chr5","79525917","79526232","chr9","67930664","67930970","50","11595253"
"chr5","79527391","79527652","chr16","25670369","25670633","41","53857022"
"chr5","79529730","79529843","chr5","4071000","4071112","20","75458730"
"chr5","79530865","79531147","chr4","93828554","93828847","44","14297689"
"chr5","79577351","79577638","chr19","3208420","3208712","35","76368931"
"chr5","79579185","79579345","chr1","45321380","45321540","22","34257805"
"chr5","79583268","79583586","chr1","31136599","31136900","55","48446669"
"chr5","79584266","79584518","chr22","12451283","12451544","43","67132983"
"chr5","79586127","79586431","chr1","9371977","9372288","41","70214150"
"chr5","79588007","79588133","chr1","14802147","14802270","27","64785860"
"chr5","79610319","79610497","chr7","41590256","41590430","43","38020063"
"chr5","79626535","79626845","chr1","40395022","40395324","40","39231513"
"chr5","79645588","79645715","chr1","39415446","39415589","30","40230142"
"chr5","79645747","79646042","chrX","50769255","50769552","43","28876492"
"chr5","79646043","79646171","chr5","141700662","141700793","19","62054619"
"chr5","79647322","79647565","chr17","85280033","85280282","51","5632711"
"chr5","79680061","79680321","chr1","17662907","17663165","39","62017154"
"chr5","79695126","79695416","chr20","3821035","3821323","35","75874091"
"chr5","79708099","79708251","chr1","218942644","218942786","30","139234545"
"chr5","79722538","79722819","chr4","42200346","42200631","37","37522192"
"chr5","79725097","79725406","chr4","86739574","86739882","40","7014477"
"chr5","79753197","79753358","chr1","158609839","158609998","26","78856642"
"chr5","79770875","79771154","chr13","1376244","1376525","38","78394631"
"chr5","79777680","79777948","chrX","69875555","69875820","34","9902125"
"chr5","79779456","79779721","chr21","28450846","28451109","47","51328610"
"chr5","79788968","79789284","chr5","36019051","36019363","41","43769917"
"chr5","79797998","79798285","chr18","28876812","28877098","38","50921186"
"chr5","79811437","79811732","chr19","49954544","49954838","39","29856893"
"chr5","79827847","79828060","chr16","1631095","1631305","39","78196752"
"chr5","79833094","79833259","chr19","44720798","44720961","25","35112296"
"chr5","79833538","79833697","chr4","2485558","2485719","27","77347980"
"chr5","79842840","79842907","chr7","137920493","137920565","12","58077653"
"chr5","79842941","79842953","chr1","184340759","184340769","2","104497818"
"chr5","79853817","79854096","chrX","49833019","49833295","35","30020798"
"chr5","79862460","79862771","chr22","16123945","16124256","52","63738515"
"chr5","79877278","79877572","chr15","43868674","43868971","41","36008604"
"chr5","79925068","79925358","chr12","104093812","104094104","43","24168744"
"chr5","79978882","79979184","chr3","39964527","39964830","38","40014355"
"chr5","80005365","80005662","chr10","106902972","106903275","51","26897607"
"chr5","80021902","80022106","chr10","108962279","108962478","40","28940377"
"chr5","80033707","80033885","chr4","176546656","176546832","27","96512949"
"chr5","80036013","80036284","chr5","37834860","37835127","40","42201153"
"chr5","80051064","80051271","chr5","64959907","64960109","28","15091157"
"chr5","80055436","80055755","chr3","142541049","142541374","48","62485613"
"chr5","80059487","80059770","chr14","46910473","46910759","36","33149014"
"chr5","80072787","80072917","chr11","10233135","10233264","13","69839652"
"chr5","80082629","80082919","chr12","32947541","32947831","42","47135088"
"chr5","80090127","80090433","chr7","52312846","52313149","47","27777281"
"chr5","80094167","80094371","chr20","31601124","31601321","25","48493043"
"chr5","80103637","80103757","chr1","186375038","186375164","18","106271401"
"chr5","80117423","80117736","chr1","23889573","23889871","50","56227850"
"chr5","80126525","80126826","chr11","33205778","33206081","44","46920747"
"chr5","80164399","80164606","chr8","86154727","86154935","32","5990328"
"chr5","80183218","80183472","chr3","105740658","105740910","47","25557440"
"chr5","80191644","80191788","chr17","541671","541816","14","79649973"
"chr5","80229056","80229340","chr5","35881289","35881575","58","44347767"
"chr5","80233530","80233834","chr1","28457380","28457682","58","51776150"
"chr5","80233922","80234193","chr15","42365103","42365382","36","37868819"
"chr5","80236643","80236903","chr14","40832598","40832854","51","39404045"
"chr5","80240498","80240763","chr9","103415467","103415732","52","23174969"
"chr5","80251333","80251610","chr3","33487789","33488076","57","46763544"
"chr5","80257637","80257907","chr19","12402157","12402431","43","67855480"
"chr5","80258816","80259096","chr4","181303593","181303873","34","101044777"
"chr5","80294388","80294682","chr1","135922404","135922701","40","55628016"
"chr5","80295403","80295671","chr5","16416407","16416679","51","63878996"
"chr5","80296682","80296963","chr8","9365144","9365424","48","70931538"
"chr5","80329456","80329565","chr5","63007508","63007611","22","17321948"
"chr5","80329975","80330277","chr4","16428693","16429001","46","63901282"
"chr5","80340268","80340561","chr17","40309410","40309705","43","40030858"
"chr5","80344240","80344540","chr4","137902385","137902682","52","57558145"
"chr5","80346655","80346805","chr10","24830860","24831016","31","55515795"
"chr5","80347813","80347936","chrX","72548009","72548131","18","7799804"
"chr5","80347972","80348148","chr2B","50431625","50431794","30","29916347"
"chr5","80364185","80364317","chr11","120440826","120440959","18","40076641"
"chr5","80375617","80375916","chrX","39033534","39033822","48","41342083"
"chr5","80390553","80390845","chr5","37220813","37221102","38","43169740"
"chr5","80392810","80393090","chr7","26934288","26934569","35","53458522"
"chr5","80393205","80393291","chr20","50762455","50762540","14","29630750"
"chr5","80397470","80397765","chr1","186408673","186408962","41","106011203"
"chr5","80412337","80412459","chr9","114741640","114741775","26","34329303"
"chr5","80412803","80412952","chr11","406956","407115","27","80005847"
"chr5","80419428","80419740","chr4","41544709","41545022","52","38874719"
"chr5","80428424","80428541","chr7","5414295","5414412","14","75014129"
"chr5","80431249","80431382","chr7","139456725","139456859","13","59025476"
"chr5","80442030","80442215","chr7","72665951","72666135","38","7776079"
"chr5","80442508","80442642","chr12","35675297","35675429","20","44767211"
"chr5","80448360","80448614","chr1","205864109","205864363","35","125415749"
"chr5","80462669","80462938","chr9","11846554","11846830","51","68616115"
"chr5","80464753","80465047","chr22","18760938","18761236","55","61703815"
"chr5","80468953","80469072","chr5","7048687","7048811","16","73420266"
"chr5","80480178","80480428","chr5","36349228","36349471","48","44130950"
"chr5","80488013","80488299","chr6","6961421","6961714","50","73526592"
"chr5","80495523","80495831","chr14","60319397","60319702","48","20176126"
"chr5","80496412","80496686","chr15","62039257","62039524","47","18457155"
"chr5","80517970","80518284","chr21","30718708","30719012","45","49799262"
"chr5","80557684","80557892","chr20","31601124","31601321","51","48956560"
"chr5","80558183","80558317","chr15","71479706","71479841","18","9078477"
"chr5","80565418","80565710","chr5","122919604","122919896","48","42354186"
"chr5","80571020","80571310","chr7","137977860","137978152","45","57406840"
"chr5","80584292","80584581","chr6","14171953","14172242","43","66412339"
"chr5","80586699","80586997","chr12","72634766","72635064","41","7951933"
"chr5","80604886","80605183","chr3","198115012","198115313","41","117510126"
"chr5","80622430","80622704","chr12","78780875","78781158","53","1841555"
"chr5","80627942","80628240","chr17","58511981","58512280","45","22115961"
"chr5","80631642","80631952","chr3","131844770","131845077","45","51213128"
"chr5","80639201","80639368","chr5","153010914","153011080","27","72371713"
"chr5","80673578","80673795","chr7","68347619","68347829","38","12325959"
"chr5","80674247","80674411","chr4","123324425","123324588","31","42650178"
"chr5","80674445","80674572","chr4","201135101","201135227","15","120460656"
"chr5","80716818","80717021","chr17","95267566","95267768","32","14550748"
"chr5","80720661","80720925","chr5","36105723","36105995","44","44614938"
"chr5","80763765","80763906","chr7","152080646","152080784","25","71316881"
"chr5","80764211","80764349","chrX","1730666","1730803","21","79033545"
"chr5","80882783","80883040","chr6","18563142","18563397","41","62319641"
"chr5","80917839","80917968","chr9","109044095","109044227","16","28126256"
"chr5","80945616","80945902","chr5","117771991","117772273","52","36826375"
"chr5","80946263","80946467","chr17","4669162","4669351","54","76277101"
"chr5","80949366","80949605","chr10","137092775","137093013","36","56143409"
"chr5","80954997","80955129","chr5","35633795","35633931","15","45321202"
"chr5","80956599","80956895","chr4","150663627","150663922","39","69707028"
"chr5","80992909","80993207","chr19","18189585","18189884","41","62803324"
"chr5","80996488","80996758","chr17","4827855","4828124","39","76168633"
"chr5","80997457","80997574","chr12","36410722","36410841","11","44586735"
"chr5","81005539","81005686","chr5","38381058","38381196","24","42624481"
"chr5","81028692","81028971","chr14","69956075","69956351","63","11072617"
"chr5","81033391","81033512","chr10","41377517","41377635","29","39655874"
"chr5","81038783","81039095","chr5","4345743","4346035","51","76693040"
"chr5","81054930","81055060","chr14","12485207","12485337","18","68569723"
"chr5","81057344","81057638","chr5","20926949","20927248","42","60130395"
"chr5","81091169","81091270","chrX","22026438","22026538","7","59064731"
"chr5","81097738","81097786","chr4","81655256","81655301","11","557518"
"chr5","81105188","81105468","chr16","26943607","26943889","34","54161581"
"chr5","81109857","81110047","chrX","127499816","127500000","32","46389959"
"chr5","81110071","81110087","chr6","75361790","75361806","1","5748281"
"chr5","81117143","81117415","chr4","186276892","186277175","46","105159749"
"chr5","81121776","81121945","chr15","42833987","42834151","33","38287789"
"chr5","81122301","81122609","chr4","101121852","101122158","49","19999551"
"chr5","81136290","81136545","chr9","13272472","13272745","45","67863818"
"chr5","81139498","81139778","chr4","72274168","72274453","46","8865330"
"chr5","81166345","81166507","chr22","24588809","24588967","39","56577536"
"chr5","81166801","81166956","chrX","41790006","41790156","27","39376795"
"chr5","81170053","81170185","chr7","127899832","127899964","13","46729779"
"chr5","81171561","81171612","chr1","218242753","218242807","5","137071192"
"chr5","81174558","81174845","chr19","19458640","19458930","39","61715918"
"chr5","81175376","81175509","chr1","93487279","93487413","16","12311903"
"chr5","81175812","81175970","chr5","118210845","118210998","28","37035033"
"chr5","81187036","81187337","chr14","87871716","87872017","32","6684680"
"chr5","81187364","81187522","chr2A","5900847","5901006","28","75286517"
"chr5","81187875","81187988","chr18","76112123","76112237","20","5075752"
"chr5","81191919","81192208","chr7","127914467","127914765","55","46722548"
"chr5","81197713","81197991","chr21","19633950","19634225","53","61563763"
"chr5","81206731","81207017","chr5","20783370","20783657","45","60423361"
"chr5","81207864","81207945","chr1","28753545","28753625","16","52454319"
"chr5","81207947","81208096","chr7","67055752","67055897","30","14152195"
"chr5","81210039","81210171","chr7","148305437","148305566","24","67095398"
"chr5","81219060","81219312","chr8","44209824","44210083","47","37009236"
"chr5","81231274","81231576","chr11","47887591","47887891","36","33343683"
"chr5","81254646","81254778","chr9","15618253","15618387","19","65636393"
"chr5","81255077","81255240","chr20","61558711","61558872","28","19696366"
"chr5","81259249","81259552","chr19","14847304","14847605","47","66411945"
"chr5","81283635","81283751","chr4","115125522","115125634","30","33841887"
"chr5","81289976","81290260","chr11","44301822","44302106","50","36988154"
"chr5","81290765","81291040","chr5","44006917","44007193","40","37283848"
"chr5","81312870","81313014","chr16","14284147","14284280","27","67028723"
"chr5","81322881","81322967","chr3","54364417","54364503","12","26958464"
"chr5","81323011","81323160","chr3","190356877","190357024","26","109033866"
"chr5","81325364","81325535","chr16","15758877","15759046","29","65566487"
"chr5","81325651","81325963","chr11","117249471","117249781","51","35923820"
"chr5","81342361","81342655","chr3","54466312","54466598","47","26876049"
"chr5","81344858","81345144","chr3","197889904","197890185","43","116545046"
"chr5","81368214","81368525","chr3","180350484","180350799","43","98982270"
"chr5","81368982","81369106","chr1","69272916","69273038","18","12096066"
"chr5","81390718","81391030","chr5","101735662","101735969","44","20344944"
"chr5","81396485","81396785","chr7","158676345","158676646","32","77279860"
"chr5","81413071","81413320","chr15","43416972","43417223","35","37996099"
"chr5","81420448","81420577","chr2B","87824548","87824675","13","6404100"
"chr5","81420865","81420900","chr16","34709237","34709271","6","46711628"
"chr5","81426842","81426973","chr9","111749231","111749363","14","30322389"
"chr5","81427281","81427458","chr6","18189802","18189976","31","63237479"
"chr5","81430166","81430468","chr6","107065450","107065746","37","25635284"
"chr5","81432903","81433132","chrX","40490636","40490870","36","40942267"
"chr5","81435361","81435435","chr15","23703783","23703858","15","57731578"
"chr5","81442293","81442421","chr14","67335287","67335411","24","14107006"
"chr5","81450649","81450947","chr20","50900451","50900745","41","30550198"
"chr5","81457913","81458206","chr1","192905680","192905977","41","111447767"
"chr5","81458815","81459081","chr9","109048695","109048965","44","27589880"
"chr5","81459427","81459632","chr9","74819531","74819730","31","6639896"
"chr5","81470138","81470444","chr20","37821084","37821395","50","43649054"
"chr5","81490294","81490352","chr4","71794126","71794184","4","9696168"
"chr5","81491571","81491853","chr4","182166200","182166490","43","100674629"
"chr5","81517589","81517905","chr4","83151502","83151814","51","1633913"
"chr5","81518381","81518684","chr15","19067979","19068278","51","62450402"
"chr5","81528159","81528462","chrX","74402049","74402348","42","7126110"
"chr5","81530013","81530181","chr17","4277899","4278065","30","77252114"
"chr5","81533809","81533938","chr10","115982032","115982164","17","34448223"
"chr5","81534399","81534472","chr6","42757699","42757771","12","38776700"
"chr5","81537197","81537389","chr5","20438339","20438542","33","61098858"
"chr5","81545004","81545313","chr2A","9095261","9095564","50","72449743"
"chr5","81545801","81545912","chr5","21177060","21177169","20","60368741"
"chr5","81557622","81557944","chr11","117071659","117071971","49","35514037"
"chr5","81570008","81570295","chr10","54993981","54994267","37","26576027"
"chr5","81571962","81572236","chr1","40541296","40541569","39","41030666"
"chr5","81575624","81575933","chr7","139963807","139964112","42","58388183"
"chr5","81575936","81576235","chr9","93010040","93010345","56","11434104"
"chr5","81602104","81602418","chr5","20369382","20369690","51","61232722"
"chr5","81616708","81617007","chrX","20024727","20025023","42","61591981"
"chr5","81675295","81675578","chr1","46588938","46589218","43","35086357"
"chr5","81826075","81826389","chr7","139963807","139964112","54","58137732"
"chr5","81829659","81829952","chr6","40058418","40058717","54","41771241"
"chr5","81833507","81833797","chr5","30036297","30036578","34","51797210"
"chr5","81833820","81833833","chr5","16287257","16287270","0","65546563"
"chr5","81888490","81888647","chr12","35118831","35118990","20","46769659"
"chr5","81891436","81891745","chr2A","79600829","79601133","44","2290607"
"chr5","81905221","81905302","chr1","87208187","87208269","17","5302966"
"chr5","81920559","81920850","chr5","164904161","164904460","45","82983602"
"chr5","81932084","81932363","chrX","19706961","19707242","46","62225123"
"chr5","81963437","81963536","chrX","23764227","23764325","9","58199210"
"chr5","81981073","81981341","chr11","119005987","119006249","41","37024914"
"chr5","82004952","82005250","chr8","78681816","78682114","33","3323136"
"chr5","82015777","82016068","chr5","19957298","19957591","32","62058479"
"chr5","82121153","82121452","chr2B","124042742","124043060","47","41921589"
"chr5","82160007","82160295","chr10","112097753","112098043","40","29937746"
"chr5","82164557","82164817","chr7","73284428","73284695","35","8880129"
"chr5","82190140","82190430","chr1","46890129","46890419","51","35300011"
"chr5","82191910","82192065","chr7","48329254","48329410","23","33862656"
"chr5","82192375","82192476","chr10","134614770","134614876","19","52422395"
"chr5","82243777","82244089","chr1","77102339","77102646","42","5141438"
"chr5","82258789","82259091","chr5","19719311","19719614","50","62539478"
"chr5","82279715","82279844","chr10","29633018","29633159","31","52646697"
"chr5","82290429","82290738","chr1","77102339","77102646","39","5188090"
"chr5","82294370","82294655","chr1","15839294","15839574","59","66455076"
"chr5","82298133","82298262","chr6","109289964","109290086","26","26991831"
"chr5","82303754","82303899","chr11","897773","897911","20","81405981"
"chr5","82306489","82306613","chr4","201135101","201135227","15","118828612"
"chr5","82307376","82307682","chr5","19684332","19684639","41","62623044"
"chr5","82309057","82309342","chr9","71736676","71736971","55","10572381"
"chr5","82309511","82309687","chr1","186415179","186415370","40","104105668"
"chr5","82342290","82342600","chr1","19475056","19475360","44","62867234"
"chr5","82345362","82345462","chr5","134361106","134361201","21","52015744"
"chr5","82345779","82345977","chr2A","83444240","83444435","27","1098461"
"chr5","82346912","82347169","chr8","18827387","18827655","53","63519525"
"chr5","82347173","82347300","chr17","8670744","8670872","15","73676429"
"chr5","82386936","82387226","chr6","110621478","110621768","36","28234542"
"chr5","82388352","82388651","chr5","51575453","51575752","48","30812899"
"chr5","82399825","82399950","chr2B","76869920","76870044","20","5529905"
"chr5","82402176","82402415","chrX","39986591","39986829","36","42415585"
"chr5","82412772","82413049","chr7","4444965","4445247","50","77967807"
"chr5","82417191","82417351","chr4","201018654","201018817","26","118601463"
"chr5","82469412","82469726","chr6","75559140","75559455","42","6910272"
"chr5","82472679","82472824","chrX","74322795","74322931","31","8149884"
"chr5","82473151","82473196","chr14","22354929","22354975","10","60118222"
"chr5","82475205","82475355","chr11","64890635","64890783","20","17584570"
"chr5","82475832","82476097","chr21","34755672","34755930","45","47720160"
"chr5","82494034","82494336","chr4","16487048","16487347","43","66006986"
"chr5","82507995","82508216","chr5","163988818","163989039","39","81480823"
"chr5","82508267","82508343","chr2A","63086447","63086523","6","19421820"
"chr5","82509668","82509714","chr6","14089075","14089122","9","68420593"
"chr5","82511331","82511632","chr7","77548302","77548597","47","4963029"
"chr5","82511638","82511726","chr6","46636739","46636830","15","35874899"
"chr5","82512030","82512278","chr3","33305925","33306147","60","49206105"
"chr5","82513265","82513566","chr8","68233531","68233828","50","14279734"
"chr5","82529463","82529756","chr9","76710013","76710305","41","5819450"
"chr5","82550800","82551067","chr17","16070260","16070536","50","66480540"
"chr5","82579882","82580163","chr5","21855144","21855431","47","60724738"
"chr5","82597030","82597165","chr1","26627825","26627960","13","55969205"
"chr5","82597482","82597662","chr3","10057960","10058139","32","72539522"
"chr5","82605359","82605654","chr1","156921438","156921735","46","74316079"
"chr5","82607479","82607758","chr16","47043880","47044176","49","35563599"
"chr5","82617646","82617819","chr13","31974299","31974478","38","50643347"
"chr5","82639397","82639692","chr4","105881590","105881885","52","23242193"
"chr5","82667006","82667122","chr1","192165842","192165957","19","109498836"
"chr5","82667753","82667926","chr11","59788591","59788764","22","22879162"
"chr5","82668369","82668530","chr7","76846308","76846474","21","5822061"
"chr5","82668818","82668953","chr7","148465628","148465763","12","65796810"
"chr5","82692083","82692237","chr2B","111818379","111818536","23","29126296"
"chr5","82696928","82697224","chr16","28326127","28326424","38","54370801"
"chr5","82698168","82698365","chr3","44539011","44539208","35","38159157"
"chr5","82714466","82714776","chr18","22126942","22127255","39","60587524"
"chr5","82724947","82725258","chr7","152799145","152799449","41","70074198"
"chr5","82728558","82728815","chr3","54371058","54371307","48","28357500"
"chr5","82761923","82762059","chr17","1011929","1012065","16","81749994"
"chr5","82774272","82774535","chr2B","52127206","52127468","38","30647066"
"chr5","82822197","82822367","chr8","121787467","121787636","24","38965270"
"chr5","82844405","82844710","chr6","16089148","16089450","39","66755257"
"chr5","82856003","82856287","chr12","124254648","124254922","39","41398645"
"chr5","82864282","82864586","chr1","135475584","135475893","40","52611302"
"chr5","82880304","82880436","chr4","121964169","121964304","17","39083865"
"chr5","82880973","82881294","chrX","71417799","71418110","58","11463174"
"chr5","82887019","82887149","chr14","12485207","12485337","13","70401812"
"chr5","82890100","82890399","chr5","19103285","19103593","41","63786815"
"chr5","82891273","82891490","chr1","78549438","78549651","35","4341835"
"chr5","82896471","82896770","chr9","43973772","43974071","37","38922699"
"chr5","82904101","82904208","chr1","31185795","31185903","16","51718306"
"chr5","82935178","82935470","chr3","177223062","177223370","53","94287884"
"chr5","82959852","82960015","chr4","124139169","124139326","32","41179317"
"chr5","82992357","82992681","chr12","35145652","35145972","47","47846705"
"chr5","83012268","83012350","chr17","764586","764671","15","82247682"
"chr5","83018463","83018724","chr3","48166508","48166786","48","34851955"
"chr5","83020752","83021071","chr1","147089383","147089701","53","64068631"
"chr5","83024725","83025031","chr14","44601071","44601374","35","38423654"
"chr5","83055771","83056065","chr1","216543638","216543933","35","133487867"
"chr5","83056408","83056702","chr3","190276346","190276640","35","107219938"
"chr5","83058405","83058548","chr7","73767439","73767573","33","9290966"
"chr5","83058571","83058695","chr1","24723040","24723167","22","58335531"
"chr5","83060455","83060745","chr9","76710013","76710305","39","6350442"
"chr5","83067527","83067796","chr5","18917897","18918189","46","64149630"
"chr5","83068001","83068141","chr11","77608974","77609118","31","5459027"
"chr5","83075747","83075941","chr5","23414555","23414740","56","59661192"
"chr5","83080862","83081058","chr1","163135659","163135847","32","80054797"
"chr5","83082035","83082167","chr3","187533947","187534083","13","104451912"
"chr5","83092491","83092689","chr7","33202850","33203038","32","49889641"
"chr5","83095173","83095330","chr19","39472528","39472683","19","43622645"
"chr5","83096895","83097190","chr4","151826923","151827220","40","68730028"
"chr5","83098179","83098484","chr14","44625531","44625831","41","38472648"
"chr5","83110092","83110392","chr5","45993245","45993549","43","37116847"
"chr5","83114751","83115024","chr1","110168262","110168538","58","27053511"
"chr5","83118038","83118334","chr15","39369422","39369720","45","43748616"
"chr5","83119562","83119851","chr1","62735629","62735920","46","20383933"
"chr5","83120452","83120760","chr13","9986777","9987080","41","73133675"
"chr5","83124827","83125133","chr1","111354366","111354669","31","28229539"
"chr5","83135143","83135518","chr17","26229833","26230200","87","56905310"
"chr5","83142660","83142934","chr9","78276742","78277022","44","4865918"
"chr5","83144067","83144356","chr6","44225213","44225501","41","38918854"
"chr5","83148394","83148697","chr5","18831188","18831494","48","64317206"
"chr5","83160915","83161230","chr1","9659037","9659348","39","73501878"
"chr5","83163442","83163655","chr6","46236181","46236386","36","36927261"
"chr5","83169217","83169358","chr8","85614526","85614654","38","2445309"
"chr5","83170498","83170757","chr11","107975045","107975301","50","24804547"
"chr5","83180361","83180495","chr17","7723729","7723862","13","75456632"
"chr5","83180792","83180965","chr9","33076263","33076435","29","50104529"
"chr5","83181307","83181450","chr1","28336638","28336780","22","54844669"
"chr5","83181749","83181924","chr5","152183991","152184169","31","69002242"
"chr5","83189208","83189321","chr15","26414562","26414676","13","56774646"
"chr5","83189375","83189680","chr10","88613323","88613632","41","5423948"
"chr5","83191716","83192011","chr7","2852623","2852923","39","80339093"
"chr5","83200210","83200518","chr6","25719623","25719923","43","57480587"
"chr5","83212704","83212792","chr4","30654384","30654465","15","52558320"
"chr5","83212794","83212927","chr13","2652862","2652996","16","80559932"
"chr5","83213262","83213436","chr12","37388525","37388697","21","45824737"
"chr5","83215882","83215971","chr9","18029193","18029285","19","65186689"
"chr5","83217752","83217897","chr1","87111997","87112142","17","3894245"
"chr5","83221076","83221254","chr5","40963719","40963892","31","42257357"
"chr5","83234946","83235222","chr6","32887563","32887832","37","50347383"
"chr5","83239013","83239319","chr3","10296218","10296513","44","72942795"
"chr5","83269265","83269441","chr12","103857851","103858007","48","20588586"
"chr5","83269463","83269584","chr3","50316452","50316569","14","32953011"
"chr5","83273232","83273359","chr14","12485207","12485337","15","70788025"
"chr5","83284611","83284886","chrX","91199993","91200279","55","7915382"
"chr5","83298703","83298827","chr4","15712464","15712593","21","67586239"
"chr5","83305901","83306185","chr6","32844125","32844413","37","50461776"
"chr5","83307379","83307626","chr11","101924364","101924617","43","18616985"
"chr5","83347910","83348035","chr1","186375038","186375164","10","103027128"
"chr5","83388265","83388483","chr12","123938290","123938508","39","40550025"
"chr5","83404024","83404153","chr7","5606987","5607114","20","77797037"
"chr5","83404454","83404622","chr9","112054676","112054844","25","28650222"
"chr5","83405595","83405727","chr5","118006764","118006899","13","34601169"
"chr5","83406029","83406185","chr9","112083259","112083413","27","28677230"
"chr5","83418204","83418340","chr20","32108887","32109021","19","51309317"
"chr5","83418640","83418803","chr19","44720798","44720961","22","38697842"
"chr5","83424144","83424433","chr19","35438931","35439222","41","47985213"
"chr5","83434928","83435059","chr14","45167827","45167959","20","38267101"
"chr5","83435363","83435538","chr5","4152681","4152856","35","79282682"
"chr5","83454425","83454648","chr1","206005436","206005660","38","122551011"
"chr5","83457250","83457548","chr5","18535070","18535370","45","64922180"
"chr5","83458015","83458310","chr16","45028727","45029027","49","38429288"
"chr5","83458882","83459178","chr2B","134493045","134493342","31","51034163"
"chr5","83461490","83461786","chr5","4733108","4733403","42","78728382"
"chr5","83464943","83465066","chr9","45252398","45252520","13","38212545"
"chr5","83470681","83470816","chr3","51142908","51143043","14","32327773"
"chr5","83496413","83496663","chr2B","70334516","70334775","51","13161897"
"chr5","83505111","83505416","chr12","81100731","81101034","43","2404380"
"chr5","83505994","83506301","chr5","107606172","107606476","48","24100178"
"chr5","83508418","83508690","chr8","2592815","2593088","52","80915603"
"chr5","83509015","83509318","chr5","15071003","15071285","51","68438012"
"chr5","83510396","83510558","chrX","69931574","69931735","28","13578822"
"chr5","83511154","83511291","chr9","87192114","87192248","15","3680960"
"chr5","83512773","83513065","chr7","139963807","139964112","37","56451034"
"chr5","83514863","83515145","chr14","859167","859454","46","82655696"
"chr5","83518286","83518577","chr20","34376618","34376912","38","49141668"
"chr5","83527995","83528300","chr14","13713813","13714113","53","69814182"
"chr5","83529446","83529577","chr1","209383866","209384001","13","125854420"
"chr5","83529693","83529780","chr2A","67898398","67898483","13","15631295"
"chr5","83561852","83561948","chr19","52996932","52997036","23","30564920"
"chr5","83564633","83564795","chr8","98870938","98871100","27","15306305"
"chr5","83564818","83564944","chr8","86866097","86866223","14","3301279"
"chr5","83569084","83569349","chr1","183657519","183657785","56","100088435"
"chr5","83581616","83581743","chrX","42325828","42325954","19","41255788"
"chr5","83626420","83626552","chr17","74890690","74890821","16","8735730"
"chr5","83626859","83627042","chr1","27103207","27103390","32","56523652"
"chr5","83627201","83627430","chr3","63059194","63059415","44","20568007"
"chr5","83629381","83629672","chr4","182166200","182166490","39","98536819"
"chr5","83649646","83649763","chr6","43500320","43500437","15","40149326"
"chr5","83650301","83650575","chr5","24391575","24391873","58","59258726"
"chr5","83651534","83651838","chr3","107179799","107180098","52","23528265"
"chr5","83660614","83660645","chr6","109134181","109134213","5","25473567"
"chr5","83662648","83662961","chrX","119686901","119687188","63","36024253"
"chr5","83673639","83673940","chr11","71218265","71218566","40","12455374"
"chr5","83692278","83692397","chr14","14074348","14074466","21","69617930"
"chr5","83702660","83702946","chr5","130110737","130111026","52","46408077"
"chr5","83734652","83734935","chr17","63805578","63805863","37","19929074"
"chr5","83741584","83741825","chr5","4239137","4239378","33","79502447"
"chr5","83752392","83752685","chr2A","67830661","67830952","38","15921731"
"chr5","83756075","83756362","chr3","180317112","180317408","49","96561037"
"chr5","83763375","83763666","chr12","120579728","120580037","54","36816353"
"chr5","83763759","83763900","chr11","63023722","63023866","23","20740037"
"chr5","83765859","83766138","chr10","31726291","31726586","57","52039568"
"chr5","83766496","83766628","chr5","117908627","117908759","12","34142131"
"chr5","83767506","83767776","chr5","24285168","24285442","35","59482338"
"chr5","83786874","83787184","chr9","91738501","91738812","45","7951627"
"chr5","83798220","83798483","chr4","86223725","86223986","34","2425505"
"chr5","83798484","83798618","chr7","115240672","115240813","20","31442188"
"chr5","83803624","83803924","chrX","107894432","107894730","36","24090808"
"chr5","83812277","83812405","chr14","12485207","12485337","14","71327070"
"chr5","83834061","83834358","chr4","39858037","39858327","51","43976024"
"chr5","83835811","83835951","chr12","118241268","118241399","25","34405457"
"chr5","83836254","83836415","chr4","201018654","201018817","31","117182400"
"chr5","83838298","83838479","chr7","33202850","33203038","29","50635448"
"chr5","83838593","83838673","chr6","43652072","43652152","17","40186521"
"chr5","83841156","83841467","chr11","6056991","6057291","50","77784165"
"chr5","83859967","83860277","chr8","119202320","119202618","53","35342353"
"chr5","83865747","83865916","chr10","3780797","3780964","24","80084950"
"chr5","83870084","83870405","chr1","25213421","25213752","54","58656663"
"chr5","83873933","83874103","chrX","45068833","45069000","27","38805100"
"chr5","83874104","83874406","chr20","49038368","49038670","43","34835736"
"chr5","83874407","83874505","chr1","129435128","129435224","23","45560721"
"chr5","83875542","83875790","chr1","3409709","3409974","51","80465833"
"chr5","83884841","83884963","chr15","73119233","73119360","15","10765608"
"chr5","83887332","83887343","chr17","4274826","4274839","2","79612506"
"chr5","83887344","83887653","chr1","135275847","135276149","40","51388503"
"chr5","83887654","83887832","chr2B","50431625","50431794","26","33456029"
"chr5","83890355","83890366","chr17","4274826","4274839","2","79615529"
"chr5","83890367","83890676","chr1","135275847","135276149","40","51385480"
"chr5","83890677","83890854","chr2B","50431625","50431794","24","33459052"
"chr5","83892192","83892341","chr3","11334352","11334506","19","72557840"
"chr5","83892654","83892779","chr11","61125377","61125504","14","22767277"
"chr5","83893759","83893958","chr10","41054760","41054969","31","42838999"
"chr5","83894221","83894451","chrX","123696977","123697203","43","39802756"
"chr5","83895474","83895602","chr6","16800077","16800197","21","67095397"
"chr5","83898036","83898176","chr11","56617912","56618054","24","27280124"
"chr5","83898690","83898848","chrX","52096827","52096988","25","31801863"
"chr5","83901897","83902018","chrX","77433385","77433506","26","6468512"
"chr5","83902319","83902478","chr12","6210507","6210667","29","77691812"
"chr5","83903964","83904123","chr2B","65020565","65020719","23","18883399"
"chr5","83920511","83920704","chr3","33605807","33606012","32","50314704"
"chr5","83925969","83926096","chr15","73119233","73119360","18","10806736"
"chr5","83926131","83926296","chr8","131963776","131963942","31","48037645"
"chr5","83926330","83926627","chr1","62639280","62639577","45","21287050"
"chr5","83927702","83927899","chr22","17569097","17569289","32","66358605"
"chr5","83928185","83928286","chr3","189912177","189912280","20","105983992"
"chr5","83934351","83934425","chr11","120496404","120496475","14","36562053"
"chr5","83935743","83936044","chr6","55712855","55713144","60","28222888"
"chr5","83936861","83936994","chr3","59357951","59358090","15","24578910"
"chr5","83937297","83937456","chr11","119154022","119154185","21","35216725"
"chr5","83938863","83939128","chr6","135238725","135238995","45","51299862"
"chr5","83939857","83940139","chr21","34667826","34668109","41","49272031"
"chr5","83940917","83941210","chr6","152483748","152484043","30","68542831"
"chr5","83947632","83947732","chr2B","100466405","100466506","10","16518773"
"chr5","83949117","83949172","chr8","127499946","127500000","8","43550829"
"chr5","83951959","83952138","chr19","49720093","49720269","27","34231866"
"chr5","83952139","83952481","chr1","25213421","25213752","47","58738718"
"chr5","83952482","83952613","chr14","75677992","75678124","19","8274490"
"chr5","83953934","83954255","chr7","79756033","79756338","56","4197901"
"chr5","83955584","83955901","chr5","24111908","24112231","45","59843676"
"chr5","83958372","83958668","chr20","35783328","35783620","40","48175044"
"chr5","83959522","83959869","chr3","10384547","10384893","70","73574975"
"chr5","83966542","83966834","chr5","45914070","45914364","43","38052472"
"chr5","83967340","83967455","chr9","107676550","107676661","19","23709210"
"chr5","83968057","83968122","chr3","126431241","126431307","14","42463184"
"chr5","83975391","83975691","chr18","19250280","19250583","35","64725111"
"chr5","83981961","83982112","chr5","24084274","24084414","24","59897687"
"chr5","83982703","83982881","chr1","133105089","133105260","33","49122386"
"chr5","83983233","83983521","chr4","5612695","5612985","36","78370538"
"chr5","83989881","83990172","chr1","25847855","25848157","49","58142026"
"chr5","83990979","83991266","chr22","34526874","34527167","38","49464105"
"chr5","83996927","83997221","chr5","4345743","4346035","38","79651184"
"chr5","83998706","83998991","chr5","24068679","24068975","48","59930027"
"chr5","84000336","84000624","chr7","157137240","157137534","36","73136904"
"chr5","84003232","84003537","chr5","24064939","24065247","36","59938293"
"chr5","84007831","84008119","chr1","11669542","11669828","40","72338289"
"chr5","84011707","84011902","chr13","55353863","55354052","29","28657844"
"chr5","84013877","84013990","chr14","83339877","83339985","23","674000"
"chr5","84021073","84021359","chr7","16300785","16301085","42","67720288"
"chr5","84022904","84023019","chr10","49571987","49572102","13","34450917"
"chr5","84031959","84032252","chr5","20888642","20888936","41","63143317"
"chr5","84033187","84033472","chr5","125636060","125636339","55","41602873"
"chr5","84034798","84035035","chr1","162179149","162179389","47","78144351"
"chr5","84047574","84047878","chr5","24002545","24002838","47","60045029"
"chr5","84055206","84055478","chr2B","94348818","94349092","42","10293612"
"chr5","84086434","84086735","chr20","44992820","44993127","47","39093614"
"chr5","84116366","84116658","chr3","2452484","2452776","48","81663882"
"chr5","84121172","84121465","chr5","23926315","23926621","46","60194857"
"chr5","84129582","84129772","chr15","80025208","80025395","29","4104374"
"chr5","84146222","84146402","chr1","114583885","114584050","33","30437663"
"chr5","84146709","84146843","chr6","113116076","113116208","18","28969367"
"chr5","84147204","84147326","chr10","114421843","114421969","15","30274639"
"chr5","84150904","84151068","chr7","138315816","138315985","29","54164912"
"chr5","84151070","84151371","chr3","182573950","182574250","36","98422880"
"chr5","84151750","84152044","chr3","199443194","199443483","37","115291444"
"chr5","84154650","84154939","chr6","46332308","46332601","34","37822342"
"chr5","84157451","84157746","chr1","217275916","217276207","34","133118465"
"chr5","84159675","84159961","chr3","160736782","160737074","33","76577107"
"chr5","84163125","84163406","chr10","47283562","47283840","40","36879563"
"chr5","84176733","84177035","chr3","132957588","132957883","50","48780855"
"chr5","84186832","84187143","chr2A","65146884","65147193","41","19039948"
"chr5","84192067","84192349","chr2B","53619427","53619708","43","30572640"
"chr5","84201181","84201461","chr16","19514850","19515136","32","64686331"
"chr5","84211852","84212199","chr15","68530515","68530833","106","15681337"
"chr5","84218027","84218322","chr1","132624820","132625118","40","48406793"
"chr5","84223189","84223481","chr18","49169612","49169893","45","35053577"
"chr5","84224812","84225127","chr3","48042434","48042743","46","36182378"
"chr5","84227278","84227413","chr3","8501615","8501750","9","75725663"
"chr5","84227767","84227938","chrX","45068833","45069000","30","39158934"
"chr5","84232782","84232932","chr7","67055752","67055897","26","17177030"
"chr5","84233300","84233433","chr1","209742215","209742351","16","125508915"
"chr5","84246076","84246162","chr3","37790930","37791019","14","46455146"
"chr5","84250370","84250652","chr18","35860716","35860990","52","48389654"
"chr5","84256378","84256600","chr7","149448999","149449224","43","65192621"
"chr5","84269984","84270111","chr4","16990330","16990457","21","67279654"
"chr5","84270161","84270292","chr9","121318844","121318980","41","37048683"
"chr5","84273213","84273493","chr1","11669542","11669828","36","72603671"
"chr5","84275058","84275285","chr1","218155490","218155728","33","133880432"
"chr5","84291910","84292203","chr8","101544594","101544890","34","17252684"
"chr5","84295832","84296127","chr3","59431219","59431513","44","24864613"
"chr5","84341150","84341278","chr2B","89836039","89836169","15","5494889"
"chr5","84351778","84351895","chr7","50743927","50744040","24","33607851"
"chr5","84355580","84355939","chr14","51262859","51263191","85","33092721"
"chr5","84359930","84360230","chr2A","39094652","39094950","37","45265278"
"chr5","84398728","84398858","chr4","81956541","81956672","22","2442187"
"chr5","84402329","84402517","chr5","61177586","61177769","34","23224743"
"chr5","84404521","84404585","chr20","52808972","52809032","14","31595549"
"chr5","84404593","84404864","chrX","101046940","101047213","38","16642347"
"chr5","84413827","84413989","chr1","26756482","26756638","34","57657345"
"chr5","84416588","84416894","chr5","23639370","23639676","37","60777218"
"chr5","84428027","84428319","chr10","28066159","28066447","52","56361868"
"chr5","84437745","84438055","chr5","34215137","34215446","38","50222608"
"chr5","84448628","84448787","chr7","128090894","128091057","27","43642266"
"chr5","84449526","84449798","chr2A","97364116","97364392","37","12914590"
"chr5","84459483","84459784","chr4","110248134","110248433","40","25788651"
"chr5","84478646","84478750","chr5","101910423","101910525","22","17431777"
"chr5","84492005","84492136","chr5","118531582","118531714","13","34039577"
"chr5","84501275","84501579","chr3","189017179","189017480","54","104515904"
"chr5","84504289","84504462","chr6","18189802","18189976","26","66314487"
"chr5","84504762","84504901","chr2B","105106532","105106669","16","20601770"
"chr5","84506398","84506689","chr14","14793856","14794144","39","69712542"
"chr5","84517659","84517959","chr15","68336663","68336963","35","16180996"
"chr5","84533279","84533512","chr5","34457795","34458032","47","50075484"
"chr5","84537339","84537621","chrX","45211712","45211994","48","39325627"
"chr5","84541617","84541743","chr5","54729673","54729805","28","29811944"
"chr5","84542042","84542179","chr3","48790629","48790764","16","35751413"
"chr5","84551518","84551602","chr7","65088911","65088992","13","19462607"
"chr5","84552665","84552940","chr2A","82371144","82371416","56","2181521"
"chr5","84553853","84553971","chrX","97368401","97368519","12","12814548"
"chr5","84556128","84556423","chr7","4364420","4364710","37","80191708"
"chr5","84563680","84563759","chr19","8612154","8612226","22","75951526"
"chr5","84564045","84564105","chr1","62756334","62756388","15","21807711"
"chr5","84580074","84580255","chr9","107856684","107856858","28","23276610"
"chr5","84580550","84580683","chr6","77300902","77301033","13","7279648"
"chr5","84585008","84585328","chr9","3791944","3792253","41","80793064"
"chr5","84585362","84585502","chr7","128302391","128302524","25","43717029"
"chr5","84587825","84587918","chr4","151279427","151279525","17","66691602"
"chr5","84597314","84597609","chr11","66003552","66003850","39","18593762"
"chr5","84602007","84602173","chr14","13868977","13869140","30","70733030"
"chr5","84602174","84602428","chr12","21377736","21377989","49","63224438"
"chr5","84602723","84602776","chr1","191980294","191980349","12","107377571"
"chr5","84602777","84602906","chr21","31662246","31662382","17","52940531"
"chr5","84610181","84610445","chr7","77910456","77910727","41","6699725"
"chr5","84614941","84615247","chr1","205863329","205863635","49","121248388"
"chr5","84615253","84615552","chr21","30718708","30719012","46","53896545"
"chr5","84617552","84617687","chr7","78998821","78998955","20","5618731"
"chr5","84622554","84622684","chr6","78227073","78227205","14","6395481"
"chr5","84622955","84623066","chr5","82455178","82455291","14","2167777"
"chr5","84631481","84631787","chr12","110418771","110419082","41","25787290"
"chr5","84635469","84635660","chr21","22638055","22638242","29","61997414"
"chr5","84635957","84636072","chr10","110777131","110777248","24","26141174"
"chr5","84637475","84637769","chr4","165083918","165084214","33","80446443"
"chr5","84639410","84639713","chr2B","42926575","42926883","40","41712835"
"chr5","84647968","84648198","chr7","152572732","152572964","41","67924764"
"chr5","84649590","84649876","chr9","113098573","113098861","33","28448983"
"chr5","84654404","84654534","chrX","1264071","1264204","22","83390333"
"chr5","84684323","84684625","chr1","134751243","134751545","39","50066920"
"chr5","84690596","84690732","chr3","48205918","48206052","14","36484678"
"chr5","84693034","84693179","chr12","53676976","53677125","19","31016058"
"chr5","84697281","84697469","chr8","26613364","26613558","28","58083917"
"chr5","84697685","84697776","chr5","10498837","10498929","13","74198848"
"chr5","84703270","84703575","chr1","143431443","143431751","46","58728173"
"chr5","84704926","84705221","chr9","69335388","69335681","33","15369538"
"chr5","84705832","84706154","chr14","76423071","76423401","76","8282761"
"chr5","84707568","84707859","chr16","48324919","48325212","39","36382649"
"chr5","84707971","84708273","chr5","58087869","58088171","36","26620102"
"chr5","84714472","84714761","chr16","47780844","47781132","44","36933628"
"chr5","84727121","84727277","chr1","26748932","26749088","35","57978189"
"chr5","84727963","84728119","chr16","15498844","15499002","18","69229119"
"chr5","84728403","84728544","chrX","41945535","41945676","26","42782868"
"chr5","84729985","84730096","chr6","43555175","43555282","24","41174810"
"chr5","84730581","84730665","chrX","131680879","131680958","21","46950298"
"chr5","84730942","84731016","chr12","63070807","63070884","17","21660135"
"chr5","84734537","84734690","chr5","58062852","58063015","27","26671685"
"chr5","84734717","84735014","chrX","31014095","31014389","41","53720622"
"chr5","84736120","84736414","chr16","64126470","64126773","40","20609650"
"chr5","84739767","84740048","chr16","4881191","4881463","48","79858576"
"chr5","84747373","84747679","chr5","32548464","32548772","45","52198909"
"chr5","84756299","84756528","chr1","32667499","32667739","51","52088800"
"chr5","84759481","84759639","chr10","37359456","37359617","23","47400025"
"chr5","84764011","84764312","chr20","9489331","9489624","52","75274680"
"chr5","84766486","84766776","chrX","154613046","154613335","36","69846560"
"chr5","84767295","84767590","chr13","8933288","8933581","40","75834007"
"chr5","84774987","84775122","chr1","36079621","36079756","21","48695366"
"chr5","84776251","84776548","chr6","153170383","153170681","38","68394132"
"chr5","84786645","84786846","chr6","33419216","33419420","33","51367429"
"chr5","84789716","84789889","chr5","21134265","21134427","32","63655451"
"chr5","84789934","84790059","chr20","34299328","34299451","17","50490606"
"chr5","84790416","84790722","chr7","139963807","139964112","38","55173391"
"chr5","84791610","84791914","chr6","111420318","111420617","45","26628708"
"chr5","84793880","84793979","chr19","52996932","52997036","25","31796948"
"chr5","84804449","84804751","chr19","47081479","47081777","48","37722970"
"chr5","84805052","84805333","chr12","6967485","6967770","41","77837567"
"chr5","84805885","84805929","chr12","110265519","110265565","11","25459634"
"chr5","84805968","84806089","chr10","6721061","6721184","14","78084907"
"chr5","84810158","84810352","chr12","53360512","53360703","41","31449646"
"chr5","84810660","84810762","chr7","56884053","56884158","20","27926607"
"chr5","84819252","84819472","chr1","51953422","51953648","32","32865830"
"chr5","84822319","84822622","chr3","182573950","182574250","40","97751631"
"chr5","84824004","84824230","chr5","21179313","21179541","34","63644691"
"chr5","84830144","84830453","chr13","4952251","4952557","40","79877893"
"chr5","84841725","84842018","chr4","201124388","201124678","42","116282663"
"chr5","84842181","84842465","chr4","198792500","198792789","39","113950319"
"chr5","84856177","84856479","chr13","35829925","35830221","42","49026252"
"chr5","84859745","84860060","chr8","141066904","141067212","43","56207159"
"chr5","84871982","84872140","chr19","33882410","33882568","27","50989572"
"chr5","84872439","84872572","chr5","110285576","110285711","16","25413137"
"chr5","84875019","84875278","chr1","215664612","215664870","37","130789593"
"chr5","84886059","84886191","chr7","140485581","140485713","17","55599522"
"chr5","84886496","84886674","chr2A","12462472","12462645","27","72424024"
"chr5","84887186","84887470","chr11","107489765","107490048","49","22602579"
"chr5","84901698","84901979","chr11","66243247","66243520","43","18658451"
"chr5","84905903","84906197","chr6","153170383","153170681","41","68264480"
"chr5","84907396","84907677","chr17","2801238","2801525","44","82106158"
"chr5","84910682","84910966","chr2A","33068901","33069179","48","51841781"
"chr5","84919020","84919139","chr5","92459351","92459466","16","7540331"
"chr5","84921544","84921673","chr1","71393655","71393787","17","13527889"
"chr5","84946361","84946660","chr12","98440451","98440748","40","13494090"
"chr5","84955489","84955731","chr1","28757416","28757663","40","56198073"
"chr5","84956836","84957142","chr10","65709697","65710008","47","19247139"
"chr5","84972706","84972757","chr2B","79227536","79227590","10","5745170"
"chr5","84972762","84972986","chr11","74816507","74816729","32","10156255"
"chr5","84986795","84987067","chr7","133868155","133868429","50","48881360"
"chr5","84998850","84999112","chr8","37545754","37546016","56","47453096"
"chr5","84999465","84999533","chr3","130598414","130598482","17","45598949"
"chr5","85009331","85009621","chr14","83230171","83230460","43","1779160"
"chr5","85016152","85016457","chr14","110301","110606","49","84905851"
"chr5","85017355","85017631","chr7","78583806","78584092","46","6433549"
"chr5","85025381","85025488","chr10","29769514","29769621","15","55255867"
"chr5","85033381","85033494","chr3","110475246","110475354","23","25441865"
"chr5","85055252","85055536","chr19","12503794","12504081","39","72551458"
"chr5","85056472","85056774","chr1","32566517","32566822","46","52489955"
"chr5","85057398","85057607","chr3","130621193","130621399","36","45563795"
"chr5","85058445","85058607","chr1","162631208","162631359","32","77572763"
"chr5","85058645","85058659","chr18","14329076","14329088","2","70729569"
"chr5","85064395","85064671","chr1","28617423","28617706","52","56446972"
"chr5","85069238","85069419","chr14","30920055","30920232","30","54149183"
"chr5","85069420","85069748","chr17","624563","624885","50","84444857"
"chr5","85069749","85069880","chr7","30654451","30654583","20","54415298"
"chr5","85080727","85081007","chr13","86659999","86660290","40","1579272"
"chr5","85099394","85099564","chr5","7982773","7982937","25","77116621"
"chr5","85099868","85100001","chr19","57736469","57736601","14","27363399"
"chr5","85103588","85103864","chr3","184250613","184250885","43","99147025"
"chr5","85120222","85120514","chr6","143118121","143118411","46","57997899"
"chr5","85130911","85131133","chr7","74111742","74111967","40","11019169"
"chr5","85150853","85151017","chr8","27707682","27707845","19","57443171"
"chr5","85151039","85151161","chr22","25571363","25571488","16","59579676"
"chr5","85188520","85188783","chr6","129539816","129540076","42","44351296"
"chr5","85241852","85242085","chr14","14588065","14588312","41","70653787"
"chr5","85254305","85254404","chr1","195201521","195201620","16","109947216"
"chr5","85289490","85289784","chr5","122921743","122922034","40","37632253"
"chr5","85290500","85290817","chr3","188556690","188557004","53","103266190"
"chr5","85291118","85291254","chr1","209742215","209742351","19","124451097"
"chr5","85294631","85294772","chr5","62454577","62454723","30","22840054"
"chr5","85307436","85307695","chr5","21660977","21661236","35","63646459"
"chr5","85340196","85340482","chr15","51078602","51078894","50","34261594"
"chr5","85351828","85352122","chr3","53839570","53839865","35","31512258"
"chr5","85394280","85394579","chr20","34838054","34838358","33","50556226"
"chr5","85404275","85404560","chr8","118095947","118096240","46","32691672"
"chr5","85530244","85530552","chr11","62726767","62727069","53","22803477"
"chr5","85536665","85536809","chrX","36478653","36478796","24","49058012"
"chr5","85537124","85537138","chr14","57208673","57208686","2","28328451"
"chr5","85585979","85586269","chr5","129768841","129769126","48","44182862"
"chr5","85593855","85594144","chr17","70567739","70568033","41","15026116"
"chr5","85609582","85609884","chr15","1886496","1886796","47","83723086"
"chr5","85623881","85624176","chr1","205642264","205642559","41","120018383"
"chr5","85629239","85629523","chr5","21956922","21957211","40","63672317"
"chr5","85630890","85631013","chr15","73119233","73119360","15","12511657"
"chr5","85632065","85632358","chr5","4872922","4873216","48","80759143"
"chr5","85635091","85635386","chr17","5980086","5980379","42","79655005"
"chr5","85652168","85652459","chr20","58175155","58175452","40","27477013"
"chr5","85669681","85669959","chr7","6194975","6195255","44","79474706"
"chr5","85701157","85701441","chr4","83460397","83460678","52","2240760"
"chr5","85702882","85703179","chr22","25242303","25242597","39","60460579"
"chr5","85712839","85713124","chr18","60325248","60325541","46","25387591"
"chr5","85728158","85728425","chr6","84738591","84738863","44","989567"
"chr5","85732854","85733148","chr1","134187131","134187427","38","48454277"
"chr5","85740361","85740653","chr12","60688172","60688471","43","25052189"
"chr5","85746358","85746522","chr11","91693483","91693648","25","5947125"
"chr5","85746846","85746926","chrX","1505980","1506045","27","84240866"
"chr5","85749148","85749274","chr17","1338123","1338246","22","84411025"
"chr5","85767816","85768094","chr7","107342637","107342915","43","21574821"
"chr5","85769233","85769527","chr6","30993839","30994131","46","54775394"
"chr5","85770258","85770439","chr9","76870538","76870727","31","8899720"
"chr5","85771167","85771332","chr3","163310142","163310300","30","77538975"
"chr5","85771357","85771631","chr6","112844969","112845250","48","27073612"
"chr5","85795079","85795346","chr22","14272931","14273204","55","71522148"
"chr5","85796873","85796982","chr1","88137563","88137669","24","2340690"
"chr5","85797008","85797186","chr9","107856684","107856858","32","22059676"
"chr5","85820745","85821013","chr6","8085847","8086119","53","77734898"
"chr5","85873417","85873723","chr1","16701887","16702190","39","69171530"
"chr5","85888577","85888866","chr7","25237099","25237387","40","60651478"
"chr5","85937000","85937318","chr8","80945832","80946143","45","4991168"
"chr5","85976738","85976872","chr5","5962068","5962203","13","80014670"
"chr5","85977183","85977342","chr21","28164935","28165091","20","57812248"
"chr5","86043916","86044102","chr13","55353863","55354052","27","30690053"
"chr5","86054712","86055037","chr1","1242668","1242980","59","84812044"
"chr5","86055970","86056217","chr2A","62825872","62826113","49","23230098"
"chr5","86068128","86068280","chr22","2948118","2948268","32","83120010"
"chr5","86068537","86068724","chr7","140905523","140905719","47","54836986"
"chr5","86075844","86076020","chr11","46664552","46664726","20","39411292"
"chr5","86100673","86100974","chr5","22411748","22412054","37","63688925"
"chr5","86130325","86130574","chr1","180016600","180016853","51","93886275"
"chr5","86155502","86155790","chr12","93697240","93697525","39","7541738"
"chr5","86198012","86198281","chr7","66330526","66330791","46","19867486"
"chr5","86214237","86214499","chr9","113412883","113413140","53","27198646"
"chr5","86225311","86225446","chr21","31662246","31662382","15","54563065"
"chr5","86235751","86236096","chr18","19641546","19641887","58","66594205"
"chr5","86238354","86238488","chr15","59665821","59665954","24","26572533"
"chr5","86276977","86277283","chr5","22580781","22581090","38","63696196"
"chr5","86280648","86280990","chr6","151760274","151760609","84","65479626"
"chr5","86300710","86300857","chr1","46936422","46936571","23","39364288"
"chr5","86305975","86306111","chr1","40400131","40400270","26","45905844"
"chr5","86306123","86306208","chr5","56655247","56655335","17","29650876"
"chr5","86306487","86306746","chr6","97728324","97728584","41","11421837"
"chr5","86308547","86308711","chr3","50494945","50495104","22","35813602"
"chr5","86313372","86313505","chr3","8501615","8501750","15","77811757"
"chr5","86313809","86313969","chr19","15292826","15292983","26","71020983"
"chr5","86322983","86323286","chr5","22612316","22612621","46","63710667"
"chr5","86328078","86328383","chr6","40058418","40058717","47","46269660"
"chr5","86328815","86329070","chr6","109406908","109407165","49","23078093"
"chr5","86336551","86336763","chrX","65320481","65320676","53","21016070"
"chr5","86345162","86345459","chr4","198057458","198057750","44","111712296"
"chr5","86347978","86348094","chr2A","79920910","79921027","11","6427068"
"chr5","86355060","86355187","chr2B","26510248","26510376","20","59844812"
"chr5","86359483","86359616","chr1","22878871","22879006","18","63480612"
"chr5","86368886","86369174","chr19","40872320","40872621","46","45496566"
"chr5","86370275","86370476","chr4","196548468","196548670","38","110178193"
"chr5","86393259","86393546","chr12","123302072","123302354","45","36908813"
"chr5","86417802","86417933","chr18","28829030","28829161","12","57588772"
"chr5","86423763","86424046","chr3","143654055","143654338","42","57230292"
"chr5","86425032","86425299","chr13","92720697","92720963","27","6295665"
"chr5","86425371","86425418","chr4","142066423","142066476","15","55641052"
"chr5","86425835","86426138","chr5","59191422","59191722","38","27234413"
"chr5","86435494","86435790","chr1","156921438","156921735","39","70485944"
"chr5","86447143","86447437","chr8","48946739","48947034","42","37500404"
"chr5","86464803","86464924","chr10","11873055","11873169","15","74591748"
"chr5","86474861","86475149","chr1","41529231","41529524","48","44945630"
"chr5","86476579","86476644","chr12","118159263","118159328","15","31682684"
"chr5","86518242","86518533","chr1","181798990","181799282","39","95280748"
"chr5","86522387","86522681","chr7","77548302","77548597","37","8974085"
"chr5","86531394","86531691","chr2A","10036469","10036762","57","76494925"
"chr5","86562712","86562856","chr7","67055752","67055897","19","19506960"
"chr5","86564311","86564610","chr2B","58858487","58858791","37","27705824"
"chr5","86584692","86584918","chr8","60948690","60948920","36","25636002"
"chr5","86588214","86588370","chr8","86725295","86725451","19","137081"
"chr5","86590745","86590878","chr11","369484","369619","16","86221261"
"chr5","86591181","86591355","chr5","56900870","56901041","33","29690311"
"chr5","86595028","86595176","chr1","16114894","16115042","21","70480134"
"chr5","86595548","86595653","chr1","164359318","164359426","15","77763770"
"chr5","86599266","86599551","chr17","78249403","78249687","45","8349863"
"chr5","86602978","86603266","chr20","50773327","50773617","37","35829651"
"chr5","86616537","86616838","chr15","47953169","47953478","40","38663368"
"chr5","86626040","86626327","chr9","50850511","50850808","44","35775529"
"chr5","86632437","86632704","chr5","22918921","22919188","23","63713516"
"chr5","86638844","86638963","chr19","57852055","57852173","16","28786789"
"chr5","86639251","86639409","chr12","118404432","118404592","26","31765181"
"chr5","86640224","86640416","chr4","26069481","26069670","27","60570743"
"chr5","86644504","86644804","chr19","53498440","53498734","46","33146064"
"chr5","86644805","86644940","chr18","47466460","47466591","20","39178345"
"chr5","86664699","86664981","chr7","65943588","65943875","50","20721111"
"chr5","86665178","86665477","chr6","6870624","6870926","30","79794554"
"chr5","86667309","86667602","chr10","7806561","7806851","44","78860748"
"chr5","86674430","86674736","chr6","164771963","164772271","38","78097533"
"chr5","86675352","86675487","chr7","72985934","72986072","13","13689418"
"chr5","86675809","86675980","chr13","42439843","42440015","25","44235966"
"chr5","86705337","86705506","chr15","42833987","42834151","47","43871350"
"chr5","86712755","86713050","chr1","25608270","25608560","52","61104485"
"chr5","86723156","86723469","chr10","25070810","25071120","41","61652346"
"chr5","86737661","86737941","chr1","81000798","81001087","44","5736863"
"chr5","86755657","86755960","chr4","96115244","96115539","44","9359587"
"chr5","86775792","86776000","chr18","31924075","31924286","31","54851717"
"chr5","86776256","86776381","chr5","5499876","5500000","19","81276380"
"chr5","86784572","86784704","chr14","60537815","60537947","16","26246757"
"chr5","86793814","86794095","chr1","150463354","150463634","39","63669540"
"chr5","86802660","86802939","chr3","198514006","198514284","42","111711346"
"chr5","86804129","86804264","chr7","131031908","131032043","15","44227779"
"chr5","86804557","86804745","chr1","10096784","10096970","37","76707773"
"chr5","86817752","86817989","chr1","161736322","161736560","36","74918570"
"chr5","86825937","86826143","chr15","49895453","49895660","30","36930484"
"chr5","86852985","86853286","chr8","124200571","124200876","41","37347586"
"chr5","86856500","86856633","chr5","38957611","38957744","13","47898889"
"chr5","86856943","86857104","chr6","142081345","142081510","28","55224402"
"chr5","86859001","86859181","chr14","55536318","55536490","35","31322683"
"chr5","86874200","86874486","chr14","83230171","83230460","39","3644029"
"chr5","86880882","86881165","chr12","7817811","7818100","41","79063071"
"chr5","86881373","86881496","chr6","79500001","79500124","18","7381372"
"chr5","86883216","86883307","chr3","180508856","180508948","16","93625640"
"chr5","86893005","86893030","chr1","138328064","138328086","5","51435059"
"chr5","86893075","86893317","chr3","5301115","5301356","60","81591960"
"chr5","86902339","86902462","chr9","121253487","121253615","22","34351148"
"chr5","86902771","86902929","chr1","158609839","158609998","24","71707068"
"chr5","86929653","86929774","chr15","43014654","43014776","14","43914999"
"chr5","86950049","86950337","chr19","47026026","47026305","41","39924023"
"chr5","86964013","86964131","chr7","137820779","137820908","23","50856766"
"chr5","86973758","86973882","chr16","29998196","29998320","13","56975562"
"chr5","86986098","86986402","chr14","61789612","61789916","43","25196486"
"chr5","86986426","86986553","chr5","46871294","46871426","24","40115132"
"chr5","86986573","86986867","chr19","49954544","49954838","39","37032029"
"chr5","87003291","87003590","chr12","122365335","122365632","45","35362044"
"chr5","87005690","87005977","chr2A","78774969","78775264","36","8230721"
"chr5","87021012","87021293","chr12","37912259","37912538","35","49108753"
"chr5","87021438","87021708","chr3","105740658","105740910","62","18719220"
"chr5","87029612","87029725","chr8","138810932","138811049","34","51781320"
"chr5","87041491","87041613","chr4","81900404","81900528","22","5141087"
"chr5","87042030","87042153","chr18","55000007","55000129","21","32042023"
"chr5","87042464","87042613","chr6","112068966","112069115","24","25026502"
"chr5","87060169","87060251","chr9","18029193","18029285","24","69030976"
"chr5","87060248","87060335","chr9","70059064","70059157","13","17001184"
"chr5","87061981","87062264","chr2B","124977630","124977912","38","37915649"
"chr5","87077489","87077617","chr1","71060262","71060392","13","16017227"
"chr5","87087084","87087231","chr16","29352116","29352265","22","57734968"
"chr5","87093709","87093991","chr3","199443194","199443483","41","112349485"
"chr5","87096478","87096765","chr6","154261417","154261698","50","67164939"
"chr5","87103831","87104128","chr7","47964777","47965070","37","39139054"
"chr5","87105945","87106071","chr4","39954801","39954928","15","47151144"
"chr5","87106572","87106868","chrX","53832208","53832510","45","33274364"
"chr5","87120262","87120561","chr20","62792218","62792523","52","24328044"
"chr5","87130948","87131109","chr1","135336190","135336355","33","48205242"
"chr5","87139304","87139587","chr2B","124977630","124977912","44","37838326"
"chr5","87144673","87144971","chr11","14371782","14372075","48","72772891"
"chr5","87176238","87176585","chr2A","36929516","36929834","70","50246722"
"chr5","87207936","87207947","chr4","61895183","61895193","2","25312753"
"chr5","87207985","87208101","chr7","45451556","45451677","15","41756429"
"chr5","87221580","87221883","chr8","142317811","142318111","37","55096231"
"chr5","87227083","87227251","chr3","49669514","49669679","31","37557569"
"chr5","87230707","87231003","chr1","11669542","11669828","55","75561165"
"chr5","87233915","87234206","chr5","46561277","46561582","45","40672638"
"chr5","87264380","87264675","chr1","88668229","88668526","50","1403849"
"chr5","87269308","87269443","chr11","121764766","121764903","14","34495458"
"chr5","87269739","87269905","chr14","23809200","23809370","34","63460539"
"chr5","87272277","87272550","chr4","121847162","121847447","44","34574885"
"chr5","87279531","87279821","chr1","213044115","213044402","45","125764584"
"chr5","87281005","87281261","chr1","191156781","191157034","43","103875776"
"chr5","87323423","87323727","chr8","124200571","124200876","36","36877148"
"chr5","87334441","87334563","chr15","9127419","9127546","21","78207022"
"chr5","87334606","87334761","chr2B","65020565","65020719","22","22314041"
"chr5","87345277","87345570","chrX","68149127","68149419","43","19196150"
"chr5","87348105","87348404","chr6","147056995","147057300","40","59708890"
"chr5","87387442","87387715","chr4","23634617","23634881","45","63752825"
"chr5","87390029","87390325","chr5","15500009","15500297","51","71890020"
"chr5","87407125","87407408","chr17","7395135","7395425","39","80011990"
"chr5","87418419","87418720","chr3","131643212","131643513","36","44224793"
"chr5","87440829","87441117","chr1","41529231","41529524","62","45911598"
"chr5","87444672","87444745","chr19","7918365","7918445","17","79526307"
"chr5","87452127","87452258","chr16","15160238","15160367","19","72291889"
"chr5","87466700","87466919","chr5","46338469","46338692","37","41128231"
"chr5","87473999","87474299","chr19","38571676","38571974","40","48902323"
"chr5","87480949","87481257","chr6","150764166","150764472","40","63283217"
"chr5","87491565","87491731","chr8","67783104","67783272","26","19708461"
"chr5","87496587","87496842","chr5","46310277","46310541","39","41186310"
"chr5","87502002","87502287","chr5","46304738","46305020","34","41197264"
"chr5","87546703","87547008","chr5","46247961","46248272","47","41298742"
"chr5","87628456","87628742","chr10","64375291","64375582","61","23253165"
"chr5","87683110","87683259","chr2B","50212416","50212564","29","37470694"
"chr5","87683358","87683505","chr8","77975808","77975959","23","9707550"
"chr5","87686284","87686592","chr8","118095947","118096240","52","30409663"
"chr5","87686714","87686998","chr1","119304497","119304782","45","31617783"
"chr5","87698626","87698848","chr8","80996890","80997107","33","6701736"
"chr5","87713442","87713732","chr10","66611743","66612032","45","21101699"
"chr5","87750612","87750904","chr1","65854541","65854833","33","21896071"
"chr5","87750930","87751066","chr15","46734424","46734558","16","41016506"
"chr5","87751368","87751538","chr12","121716487","121716658","23","33965119"
"chr5","87753953","87754213","chr22","17084152","17084417","41","70669801"
"chr5","87756745","87756837","chr5","18817181","18817273","9","68939564"
"chr5","87761147","87761458","chr17","402201","402508","41","87358946"
"chr5","87761503","87761790","chr7","70707332","70707622","42","17054171"
"chr5","87767214","87767536","chr6","50460758","50461069","48","37306456"
"chr5","87778177","87778279","chr3","161211314","161211411","18","73433137"
"chr5","87779224","87779524","chr3","182583447","182583746","38","94804223"
"chr5","87784037","87784330","chr6","91085464","91085756","49","3301427"
"chr5","87785092","87785233","chr18","59064463","59064604","21","28720629"
"chr5","87787168","87787330","chr2A","5900847","5901006","20","81886321"
"chr5","87791548","87791839","chr10","115956895","115957189","38","28165347"
"chr5","87798462","87798622","chr8","146012620","146012782","25","58214158"
"chr5","87798648","87798763","chr20","25657774","25657897","18","62140874"
"chr5","87805815","87806085","chr1","206531254","206531519","56","118725439"
"chr5","87823177","87823528","chr14","13252220","13252569","84","74570957"
"chr5","87825118","87825245","chr7","78998821","78998955","16","8826297"
"chr5","87827168","87827327","chr2B","122688533","122688683","28","34861365"
"chr5","87827328","87827610","chrX","15626910","15627195","41","72200418"
"chr5","87827611","87827640","chr10","118031682","118031703","14","30204071"
"chr5","87827939","87828072","chr1","213473838","213473970","15","125645899"
"chr5","87838135","87838447","chr9","96262447","96262751","45","8424312"
"chr5","87839708","87839880","chr10","24785758","24785916","43","63053950"
"chr5","87840433","87840565","chr8","33150238","33150370","18","54690195"
"chr5","87850464","87850763","chr12","111866132","111866431","42","24015668"
"chr5","87859700","87859810","chr1","6035514","6035626","14","81824186"
"chr5","87862591","87862887","chr10","50474252","50474554","51","37388339"
"chr5","87890894","87891186","chr5","117715882","117716173","46","29824988"
"chr5","87900412","87900691","chr2B","95629489","95629761","48","7729077"
"chr5","87903267","87903552","chr11","3623940","3624232","37","84279327"
"chr5","87925232","87925383","chr10","13385858","13386002","25","74539374"
"chr5","87925671","87925833","chr5","160376645","160376807","19","72450974"
"chr5","87935352","87935515","chr11","130308220","130308395","40","42372868"
"chr5","87937459","87937728","chr4","23634617","23634881","46","64302842"
"chr5","87938922","87939045","chr5","59411557","59411678","27","28527365"
"chr5","87940712","87940975","chr7","90559560","90559827","46","2618848"
"chr5","87950066","87950318","chr22","25163530","25163775","46","62786536"
"chr5","87973634","87973933","chr14","81551019","81551321","37","6422615"
"chr5","87990832","87991134","chr9","116793954","116794255","43","28803122"
"chr5","87998586","87998891","chr1","43874114","43874415","54","44124472"
"chr5","88003140","88003433","chr3","198200445","198200740","54","110197305"
"chr5","88007254","88007552","chr9","114191687","114191982","51","26184433"
"chr5","88017268","88017440","chr6","125452273","125452440","32","37435005"
"chr5","88017732","88017867","chr5","39316459","39316593","13","48701273"
"chr5","88036046","88036350","chr3","125576380","125576683","33","37540334"
"chr5","88039051","88039186","chr19","32515543","32515675","15","55523508"
"chr5","88039485","88039653","chr5","25008096","25008272","27","63031389"
"chr5","88041356","88041488","chr1","71393655","71393787","18","16647701"
"chr5","88044558","88044745","chr3","129881249","129881431","26","41836691"
"chr5","88047609","88047879","chr8","8766127","8766385","42","79281482"
"chr5","88048229","88048545","chr5","59897733","59898033","54","28150496"
"chr5","88076253","88076371","chr18","20821508","20821626","16","67254745"
"chr5","88091944","88092194","chr1","205864109","205864363","40","117772165"
"chr5","88102842","88102952","chr1","31185795","31185903","23","56917047"
"chr5","88107945","88108242","chr5","45699813","45700113","48","42408132"
"chr5","88108475","88108780","chr2A","36164441","36164746","36","51944034"
"chr5","88127129","88127419","chr18","18042529","18042833","46","70084600"
"chr5","88174491","88174615","chr20","43032336","43032459","13","45142155"
"chr5","88205236","88205348","chr12","8937376","8937491","14","79267860"
"chr5","88205378","88205539","chr7","104320068","104320227","20","16114690"
"chr5","88236027","88236083","chr19","413010","413064","10","87823017"
"chr5","88247213","88247506","chr2A","20883851","20884148","40","67363362"
"chr5","88266019","88266325","chr7","116907901","116908208","35","28641882"
"chr5","88266460","88266587","chr15","73119233","73119360","14","15147227"
"chr5","88268101","88268249","chr1","28691719","28691870","25","59576382"
"chr5","88280458","88280729","chr6","53566081","53566354","39","34714377"
"chr5","88376944","88377245","chr5","47226712","47227008","39","41150232"
"chr5","88437020","88437272","chrX","70731798","70732057","43","17705222"
"chr5","88437882","88438176","chr17","26536621","26536914","36","61901261"
"chr5","88452987","88453093","chr2A","103139488","103139594","9","14686501"
"chr5","88493185","88493340","chrX","155226236","155226393","27","66733051"
"chr5","88493415","88493516","chr9","52058155","52058261","23","36435260"
"chr5","88515106","88515399","chr14","7217699","7217998","33","81297407"
"chr5","88553225","88553529","chr7","72828585","72828883","48","15724640"
"chr5","88596437","88596735","chr8","45818630","45818928","46","42777807"
"chr5","88652035","88652340","chr12","117068991","117069300","49","28416956"
"chr5","88679023","88679339","chrX","155732638","155732953","45","67053615"
"chr5","88738395","88738624","chr8","60948690","60948920","37","27789705"
"chr5","88772803","88772875","chr2A","46201996","46202071","13","42570807"
"chr5","88828794","88828914","chr19","2654025","2654156","28","86174769"
"chr5","88828935","88829115","chr1","203553629","203553809","28","114724694"
"chr5","88829339","88829471","chr3","183956795","183956926","13","95127456"
"chr5","88857224","88857515","chr5","34598529","34598830","48","54258695"
"chr5","88860635","88860942","chr6","16695261","16695567","48","72165374"
"chr5","88861932","88862220","chr5","117742995","117743288","50","28881063"
"chr5","88863688","88863909","chr7","73075396","73075626","43","15788292"
"chr5","88865918","88866183","chr8","45553146","45553405","55","43312772"
"chr5","88868235","88868539","chr3","130933583","130933879","38","42065348"
"chr5","88877822","88878129","chr19","17240104","17240416","47","71637718"
"chr5","88886261","88886555","chr1","212745117","212745410","38","123858856"
"chr5","88893877","88894064","chr12","25925385","25925573","26","62968492"
"chr5","88900196","88900270","chr2B","83964428","83964503","7","4935768"
"chr5","88900851","88901092","chr8","74660716","74660955","45","14240135"
"chr5","88903371","88903544","chr6","32498911","32499083","34","56404460"
"chr5","88903835","88903962","chr6","77300902","77301033","29","11602933"
"chr5","88904438","88904727","chr19","35826743","35827033","40","53077695"
"chr5","88916926","88917204","chr5","117760443","117760736","49","28843517"
"chr5","88923436","88923715","chr14","75071261","75071541","41","13852175"
"chr5","88935150","88935383","chr6","18854198","18854415","48","70080952"
"chr5","88964950","88965127","chr1","38128287","38128467","46","50836663"
"chr5","88965421","88965561","chr4","151698724","151698845","37","62733303"
"chr5","88965663","88965989","chrX","40736522","40736835","47","48229141"
"chr5","88982388","88982658","chr14","60581886","60582165","54","28400502"
"chr5","89004947","89005037","chr18","2154498","2154581","20","86850449"
"chr5","89017481","89017605","chr20","43032336","43032459","11","45985145"
"chr5","89019323","89019627","chr6","31869675","31869980","42","57149648"
"chr5","89026317","89026663","chr5","34371034","34371338","76","54655283"
"chr5","89031568","89031864","chrX","41897727","41898024","39","47133841"
"chr5","89033818","89034112","chr3","45452941","45453238","52","43580877"
"chr5","89034179","89034414","chr17","63344081","63344319","45","25690098"
"chr5","89056227","89056483","chr7","66330526","66330791","51","22725701"
"chr5","89080847","89081127","chr1","164700172","164700445","62","75619325"
"chr5","89095807","89096097","chrX","49097436","49097730","47","39998371"
"chr5","89099142","89099453","chr5","47723223","47723534","38","41375919"
"chr5","89100961","89101183","chr1","51953422","51953648","35","37147539"
"chr5","89114557","89114644","chr3","26048112","26048203","18","63066445"
"chr5","89117712","89117815","chr6","13697856","13697958","21","75419856"
"chr5","89118120","89118223","chr5","16821694","16821794","18","72296426"
"chr5","89120901","89121191","chr8","101544594","101544890","50","12423693"
"chr5","89125510","89125781","chr5","47751658","47751938","46","41373852"
"chr5","89128056","89128339","chrX","33575116","33575401","39","55552940"
"chr5","89142050","89142378","chr1","38822427","38822750","50","50319623"
"chr5","89148064","89148352","chr19","37427335","37427620","39","51720729"
"chr5","89177117","89177248","chr2A","45258583","45258713","13","43918534"
"chr5","89180788","89181087","chr1","200613994","200614303","59","111433206"
"chr5","89193932","89194074","chr12","93908336","93908477","22","4714404"
"chr5","89213387","89213684","chr12","29917942","29918238","35","59295445"
"chr5","89220467","89220751","chr5","48063496","48063781","42","41156971"
"chr5","89223369","89223649","chr7","40876148","40876428","36","48347221"
"chr5","89287337","89287644","chr5","48153600","48153906","35","41133737"
"chr5","89296509","89296818","chr1","105599548","105599856","39","16303039"
"chr5","89318678","89318969","chr5","25872910","25873209","49","63445768"
"chr5","89329314","89329622","chr6","17389437","17389747","54","71939877"
"chr5","89341579","89341692","chr17","8267722","8267836","14","81073857"
"chr5","89344653","89344813","chr13","81469858","81470022","23","7874795"
"chr5","89359466","89359733","chr19","17497993","17498256","64","71861473"
"chr5","89360608","89360729","chr1","14802147","14802270","16","74558461"
"chr5","89360915","89361079","chr14","52903059","52903222","22","36457856"
"chr5","89361383","89361660","chr6","11916921","11917205","41","77444462"
"chr5","89371509","89371634","chr2A","21232831","21232956","25","68138678"
"chr5","89371945","89372107","chr12","36885201","36885371","32","52486744"
"chr5","89382254","89382351","chr8","146418339","146418436","14","57036085"
"chr5","89384329","89384607","chr15","42885618","42885899","49","46498711"
"chr5","89390334","89390511","chr5","48250820","48250997","26","41139514"
"chr5","89395765","89395916","chr12","29435730","29435880","26","59960035"
"chr5","89395919","89396094","chr14","86057725","86057909","32","3338194"
"chr5","89400574","89400865","chr7","100687378","100687672","43","11286804"
"chr5","89417001","89417140","chr9","28999691","28999826","22","60417310"
"chr5","89417141","89417450","chr8","101435714","101436021","43","12018573"
"chr5","89417453","89417625","chr3","187564355","187564522","31","98146902"
"chr5","89419364","89419661","chr12","38365520","38365814","43","51053844"
"chr5","89419747","89419900","chr14","75916234","75916392","29","13503513"
"chr5","89420577","89420878","chr2B","84313295","84313594","43","5107282"
"chr5","89428899","89429162","chr4","159258210","159258483","54","69829311"
"chr5","89439835","89440139","chr3","56346212","56346514","40","33093623"
"chr5","89464105","89464396","chr1","135922404","135922701","49","46458299"
"chr5","89469983","89470289","chr16","64185635","64185936","41","25284348"
"chr5","89495781","89496068","chr13","78165782","78166065","48","11329999"
"chr5","89504564","89504863","chr1","45953736","45954032","47","43550828"
"chr5","89511323","89511448","chr4","39902782","39902912","14","49608541"
"chr5","89520754","89520880","chrX","376907","377041","21","89143847"
"chr5","89545563","89545710","chr14","41478497","41478646","18","48067066"
"chr5","89546188","89546487","chr2A","82224779","82225078","55","7321409"
"chr5","89569891","89570200","chr20","54481954","54482259","43","35087937"
"chr5","89574668","89574963","chr13","33264699","33264992","33","56309969"
"chr5","89607995","89608291","chr4","99311877","99312172","34","9703882"
"chr5","89615742","89616036","chr1","6861545","6861837","42","82754197"
"chr5","89748551","89748856","chr10","132595288","132595588","71","42846737"
"chr5","89826986","89827303","chr3","121038671","121038982","48","31211685"
"chr5","89913821","89914100","chr8","118175885","118176162","44","28262064"
"chr5","89969079","89969390","chr7","139963807","139964112","46","49994728"
"chr5","90000526","90000807","chr3","72171772","72172053","44","17828754"
"chr5","90000828","90000840","chr7","16971930","16971942","0","73028898"
"chr5","90104233","90104517","chr6","150179260","150179550","47","60075027"
"chr5","90143659","90143783","chr2A","82421758","82421882","17","7721901"
"chr5","90195107","90195249","chr4","39155426","39155573","21","51039681"
"chr5","90224783","90225086","chr6","160717323","160717626","56","70492540"
"chr5","90243838","90244135","chr19","8753616","8753913","41","81490222"
"chr5","90253521","90253805","chr16","61706961","61707255","50","28546560"
"chr5","90283781","90284090","chr6","6870624","6870926","44","83413157"
"chr5","90314860","90315131","chr5","103708162","103708440","51","13393302"
"chr5","90422377","90422682","chr3","151062122","151062425","44","60639745"
"chr5","90550683","90550987","chr12","8813587","8813888","44","81737096"
"chr5","90576240","90576532","chr5","49450670","49450969","59","41125570"
"chr5","90667121","90667422","chr11","123261793","123262092","45","32594672"
"chr5","90724803","90725106","chr6","117396368","117396672","47","26671565"
"chr5","90727122","90727426","chrX","53553625","53553937","44","37173497"
"chr5","90929622","90929925","chr5","9657909","9658209","42","81271713"
"chr5","90932741","90933048","chr7","152799145","152799449","46","61866404"
"chr5","90972753","90973059","chr11","120932649","120932956","38","29959896"
"chr5","90999842","90999989","chr6","113107213","113107363","20","22107371"
"chr5","91000001","91000127","chr1","85230538","85230659","23","5769463"
"chr5","91001546","91001843","chr13","72830646","72830946","47","18170900"
"chr5","91024663","91024829","chr4","20361128","20361315","43","70663535"
"chr5","91030176","91030472","chrX","53749092","53749391","35","37281084"
"chr5","91139186","91139407","chr10","123861412","123861646","44","32722226"
"chr5","91143791","91144096","chr1","4440048","4440350","43","86703743"
"chr5","91163184","91163498","chr5","50046679","50046987","45","41116505"
"chr5","91179665","91179924","chr13","83268622","83268884","40","7911043"
"chr5","91321038","91321088","chr1","13627380","13627435","14","77693658"
"chr5","91321506","91321659","chr7","66274119","66274249","51","25047387"
"chr5","91328216","91328402","chr7","43315713","43315896","31","48012503"
"chr5","91387048","91387347","chr8","48946739","48947034","41","42440309"
"chr5","91408832","91408909","chr18","2154498","2154581","23","89254334"
"chr5","91408910","91409019","chr5","6201787","6201895","14","85207123"
"chr5","91513431","91513557","chr1","25588253","25588379","17","65925178"
"chr5","91520816","91521096","chr5","91442166","91442454","61","78650"
"chr5","91531512","91531820","chr17","22946269","22946571","38","68585243"
"chr5","91550629","91550934","chrX","8135621","8135928","34","83415008"
"chr5","91582743","91583022","chr5","50470762","50471051","41","41111981"
"chr5","91594453","91594560","chr1","195201521","195201620","22","103607068"
"chr5","91625356","91625633","chr5","50520056","50520345","49","41105300"
"chr5","91627749","91628063","chr4","7131900","7132211","43","84495849"
"chr5","91690176","91690340","chr3","172654930","172655092","25","80964754"
"chr5","91690363","91690485","chr10","37450688","37450813","10","54239675"
"chr5","91704273","91704453","chr5","62720568","62720756","38","28983705"
"chr5","91742638","91742923","chrX","33575116","33575401","37","58167522"
"chr5","91756655","91756951","chr5","50636854","50637147","54","41119801"
"chr5","91772285","91772580","chr5","50653215","50653513","42","41119070"
"chr5","91799834","91799946","chr7","79027399","79027514","20","12772435"
"chr5","91810630","91810903","chr6","161500053","161500329","41","69689423"
"chr5","91811234","91811499","chr22","28238520","28238785","41","63572714"
"chr5","91884192","91884501","chr8","59768446","59768757","42","32115746"
"chr5","91901182","91901327","chr16","58772272","58772406","20","33128910"
"chr5","91901628","91901783","chr5","55574411","55574573","24","36327217"
"chr5","91919572","91919863","chr7","139958537","139958829","43","48038965"
"chr5","91933550","91933815","chr5","50819369","50819638","46","41114181"
"chr5","91941074","91941202","chr3","189036262","189036389","21","97095188"
"chr5","91943541","91943830","chr5","50829376","50829670","45","41114165"
"chr5","91974591","91974877","chrX","29478513","29478800","55","62496078"
"chr5","91978344","91978635","chr1","25177448","25177739","33","66800896"
"chr5","92015250","92015553","chr5","50904417","50904712","39","41110833"
"chr5","92016755","92017050","chr5","50905966","50906265","38","41110789"
"chr5","92017333","92017635","chr1","45953736","45954032","43","46063597"
"chr5","92022672","92022981","chr5","50912045","50912354","39","41110627"
"chr5","92043418","92043679","chr3","121733766","121734018","59","29690348"
"chr5","92056074","92056360","chr22","19407366","19407666","39","72648708"
"chr5","92056666","92056795","chr14","60537815","60537947","13","31518851"
"chr5","92063656","92063949","chr13","78239559","78239849","52","13824097"
"chr5","92067829","92068070","chr2B","43682150","43682383","44","48385679"
"chr5","92069504","92069637","chr5","38957611","38957744","15","53111893"
"chr5","92069933","92070147","chr9","100141964","100142167","38","8072031"
"chr5","92078012","92078161","chr5","50984062","50984212","18","41093950"
"chr5","92114220","92114337","chr22","5086893","5087009","18","87027327"
"chr5","92114359","92114506","chr3","9778050","9778199","27","82336309"
"chr5","92116794","92116928","chrX","19591644","19591778","12","72525150"
"chr5","92117205","92117365","chr2A","91566876","91567028","43","550329"
"chr5","92127364","92127491","chr1","71393655","71393787","15","20733709"
"chr5","92137825","92138120","chr5","21855144","21855431","82","70282681"
"chr5","92138401","92138487","chr7","73199858","73199942","12","18938543"
"chr5","92141132","92141464","chr11","73748237","73748563","72","18392895"
"chr5","92144257","92144559","chr13","30623304","30623606","38","61520953"
"chr5","92153025","92153312","chr2B","124977630","124977912","36","32824605"
"chr5","92165346","92165647","chr1","182055643","182055942","36","89890297"
"chr5","92165911","92166201","chr3","162608235","162608522","39","70442324"
"chr5","92166922","92167050","chr12","85715754","85715885","12","6451168"
"chr5","92176902","92177199","chr7","77548302","77548597","35","14628600"
"chr5","92195845","92196141","chr12","120892634","120892927","31","28696789"
"chr5","92214474","92214787","chr7","76844534","76844831","51","15369940"
"chr5","92250999","92251132","chr3","33236184","33236318","12","59014815"
"chr5","92251445","92251617","chrX","1442055","1442222","24","90809390"
"chr5","92254808","92254863","chr1","216848081","216848138","11","124593273"
"chr5","92256534","92256825","chr10","137048855","137049153","42","44792321"
"chr5","92259088","92259375","chr7","5075500","5075791","42","87183588"
"chr5","92268730","92269007","chr19","39372030","39372314","54","52896700"
"chr5","92270208","92270501","chr1","212745117","212745410","33","120474909"
"chr5","92284848","92284991","chr10","139942699","139942847","19","47657851"
"chr5","92286940","92287189","chr3","53191802","53192041","46","39095138"
"chr5","92300964","92301261","chr3","40466670","40466962","40","51834294"
"chr5","92317313","92317611","chr8","68739914","68740212","43","23577399"
"chr5","92330267","92330566","chr5","64750309","64750616","46","27579958"
"chr5","92330568","92330833","chr15","6882077","6882340","63","85448491"
"chr5","92331827","92332128","chr1","207105830","207106127","44","114774003"
"chr5","92334911","92335134","chr1","39913389","39913614","33","52421522"
"chr5","92337928","92338198","chr5","52414754","52415047","53","39923174"
"chr5","92339939","92340236","chr4","93828554","93828847","47","1488615"
"chr5","92345462","92345595","chrX","55054909","55055044","13","37290553"
"chr5","92345886","92346051","chr7","57045836","57046008","36","35300050"
"chr5","92346064","92346373","chr1","192905680","192905977","46","100559616"
"chr5","92348254","92348545","chr15","71866109","71866399","38","20482145"
"chr5","92356625","92356926","chr4","37325290","37325595","46","55031335"
"chr5","92358820","92358900","chr5","39315402","39315477","10","53043418"
"chr5","92359184","92359247","chr19","46504382","46504439","20","45854802"
"chr5","92360677","92360983","chr11","27462134","27462438","38","64898543"
"chr5","92378445","92378739","chr1","11658302","11658596","44","80720143"
"chr5","92378958","92379101","chrX","32344131","32344277","24","60034827"
"chr5","92382146","92382283","chr6","112458453","112458591","19","20076307"
"chr5","92382589","92382760","chr5","36898397","36898565","39","55484192"
"chr5","92384365","92384666","chr11","62726767","62727069","35","29657598"
"chr5","92384977","92385272","chr8","59854990","59855283","43","32529987"
"chr5","92390271","92390356","chr5","115974564","115974652","16","23584293"
"chr5","92395118","92395253","chr13","14102464","14102595","14","78292654"
"chr5","92395736","92395816","chr19","7918365","7918445","17","84477371"
"chr5","92403095","92403111","chr1","215142004","215142018","2","122738909"
"chr5","92403413","92403595","chr1","203553629","203553809","24","111150216"
"chr5","92414897","92415066","chr12","123648803","123648963","42","31233906"
"chr5","92415514","92415686","chr8","131963776","131963942","25","39548262"
"chr5","92417129","92417462","chr3","182788811","182789122","68","90371682"
"chr5","92419141","92419449","chr6","53299732","53300029","50","39119409"
"chr5","92422495","92422757","chr10","100354316","100354578","29","7931821"
"chr5","92424027","92424159","chr14","60537815","60537947","17","31886212"
"chr5","92436873","92437160","chr5","52528967","52529251","35","39907906"
"chr5","92441674","92441886","chr6","18854198","18854415","53","73587476"
"chr5","92446600","92446837","chr16","48557044","48557297","54","43889556"
"chr5","92448512","92448806","chr9","32940309","32940607","44","59508203"
"chr5","92450978","92451101","chr2B","89205640","89205764","11","3245338"
"chr5","92459214","92459507","chr7","154970764","154971061","48","62511550"
"chr5","92462233","92462368","chr1","36509687","36509822","14","55952546"
"chr5","92462673","92462824","chr9","112083259","112083413","32","19620586"
"chr5","92467514","92467866","chr17","26229833","26230200","108","66237681"
"chr5","92468188","92468480","chr6","41718784","41719084","43","50749404"
"chr5","92468668","92468784","chr9","72222427","72222545","15","20246241"
"chr5","92472449","92472666","chr1","24781579","24781777","45","67690870"
"chr5","92474328","92474626","chr10","134002631","134002930","42","41528303"
"chr5","92477971","92478128","chr5","163431757","163431903","28","70953786"
"chr5","92478422","92478436","chr1","47186183","47186196","3","45292239"
"chr5","92478725","92478870","chr4","1095154","1095303","30","91383571"
"chr5","92486579","92486713","chr1","22878871","22879006","14","69607708"
"chr5","92489433","92489732","chr18","14121628","14121928","40","78367805"
"chr5","92495271","92495405","chr7","76931722","76931857","15","15563549"
"chr5","92496389","92496586","chr3","150463990","150464186","33","57967601"
"chr5","92497051","92497174","chrX","42325828","42325954","15","50171223"
"chr5","92497590","92497840","chrX","15626538","15626809","54","76871052"
"chr5","92497845","92497952","chr8","21582119","21582224","18","70915726"
"chr5","92509161","92509375","chr21","24428860","24429072","28","68080301"
"chr5","92514791","92515092","chr11","48209135","48209431","43","44305656"
"chr5","92518020","92518170","chrX","1391589","1391740","23","91126431"
"chr5","92518477","92518605","chr9","49197226","49197359","21","43321251"
"chr5","92522449","92522582","chr8","85967035","85967166","35","6555414"
"chr5","92523034","92523164","chr11","120280731","120280862","17","27757697"
"chr5","92524306","92524429","chr11","78078378","78078501","16","14445928"
"chr5","92524728","92524902","chr12","80551880","80552045","32","11972848"
"chr5","92527496","92527787","chr13","95631526","95631814","44","3104030"
"chr5","92543466","92543767","chr6","91393175","91393478","41","1150291"
"chr5","92545586","92545757","chr9","69544552","69544726","30","23001034"
"chr5","92546061","92546197","chr3","8501615","8501750","17","84044446"
"chr5","92547555","92547587","chr8","16836556","16836590","10","75710999"
"chr5","92547887","92548061","chr17","387367","387541","28","92160520"
"chr5","92552640","92552819","chr20","35565904","35566078","26","56986736"
"chr5","92553122","92553254","chr9","94655765","94655899","17","2102643"
"chr5","92555088","92555361","chr8","18827387","18827655","39","73727701"
"chr5","92555665","92555800","chr7","82210564","82210699","12","10345101"
"chr5","92556767","92556848","chr3","50958405","50958483","17","41598362"
"chr5","92571083","92571145","chr11","3429174","3429232","8","89141909"
"chr5","92572286","92572576","chr3","34055084","34055374","50","58517202"
"chr5","92573377","92573510","chr8","118134000","118134134","13","25560623"
"chr5","92577279","92577398","chr5","51221059","51221183","23","41356220"
"chr5","92583674","92583883","chr3","19384889","19385098","33","73198785"
"chr5","92584032","92584173","chr9","113506137","113506279","26","20922105"
"chr5","92584657","92584731","chr1","124885498","124885569","22","32300841"
"chr5","92585033","92585157","chr17","2819657","2819778","30","89765376"
"chr5","92586798","92587075","chr20","46185909","46186182","47","46400889"
"chr5","92588695","92589004","chr4","25138553","25138855","69","67450142"
"chr5","92592605","92592743","chr19","17296928","17297069","23","75295677"
"chr5","92593046","92593196","chr8","77975808","77975959","38","14617238"
"chr5","92612659","92612951","chr6","39864627","39864923","37","52748032"
"chr5","92616500","92616632","chr1","134679352","134679483","16","42062852"
"chr5","92623237","92623402","chr3","186734060","186734226","25","94110823"
"chr5","92623694","92623833","chr1","6251115","6251251","17","86372579"
"chr5","92630205","92630490","chr6","13671103","13671393","43","78959102"
"chr5","92637503","92637643","chr17","7462952","7463084","20","85174551"
"chr5","92639070","92639358","chr1","134977677","134977966","36","42338607"
"chr5","92650109","92650273","chr10","26012898","26013065","31","66637211"
"chr5","92650584","92650716","chr14","57711951","57712085","17","34938633"
"chr5","92652707","92652842","chr3","8501615","8501750","14","84151092"
"chr5","92656811","92657101","chr18","60141508","60141801","44","32515303"
"chr5","92657135","92657397","chr10","100354316","100354578","35","7697181"
"chr5","92660241","92660512","chr16","47114793","47115074","44","45545448"
"chr5","92662035","92662143","chr1","82949395","82949501","17","9712640"
"chr5","92676988","92677293","chr18","20066891","20067195","43","72610097"
"chr5","92681476","92681606","chr1","71393655","71393787","16","21287821"
"chr5","92683275","92683567","chr8","28400720","28401016","36","64282555"
"chr5","92692130","92692333","chr6","173241208","173241412","32","80549078"
"chr5","92697287","92697575","chr7","150317424","150317711","58","57620137"
"chr5","92701635","92701743","chr3","48116943","48117047","22","44584692"
"chr5","92701925","92702057","chr6","57594868","57595001","11","35107057"
"chr5","92708198","92708361","chr1","135795439","135795597","26","43087241"
"chr5","92708618","92708752","chr6","33902335","33902470","13","58806283"
"chr5","92719747","92719871","chr1","36630530","36630650","32","56089217"
"chr5","92720183","92720318","chr7","4956315","4956451","12","87763868"
"chr5","92720779","92721071","chr12","10745479","10745770","41","81975300"
"chr5","92721822","92722115","chr3","109414540","109414837","48","16692718"
"chr5","92725009","92725175","chr1","6274460","6274621","31","86450549"
"chr5","92725176","92725475","chr5","45914070","45914364","47","46811106"
"chr5","92725476","92725507","chr2A","35734224","35734257","6","56991252"
"chr5","92725802","92725912","chr10","15486811","15486920","16","77238991"
"chr5","92727651","92727818","chr4","17359744","17359913","28","75367907"
"chr5","92728133","92728257","chr11","61125377","61125504","24","31602756"
"chr5","92735974","92736268","chr5","124412575","124412869","38","31676601"
"chr5","92742704","92742866","chr10","11628845","11628998","35","81113859"
"chr5","92750025","92750217","chr5","57663128","57663316","28","35086897"
"chr5","92760667","92760842","chr1","94394030","94394199","32","1633363"
"chr5","92766094","92766256","chr1","191347587","191347751","24","98581493"
"chr5","92766879","92767003","chr5","44204051","44204177","18","48562828"
"chr5","92775845","92776135","chr20","17459693","17459976","55","75316152"
"chr5","92786738","92787047","chr5","46247961","46248272","34","46538777"
"chr5","92789508","92789659","chr13","73826403","73826558","20","18963105"
"chr5","92796469","92796813","chr15","43561582","43561897","62","49234887"
"chr5","92810392","92810527","chr7","4956315","4956451","15","87854077"
"chr5","92810528","92810849","chr15","68621917","68622227","42","24188611"
"chr5","92810850","92811029","chrX","16614923","16615100","28","76195927"
"chr5","92813311","92813494","chr5","129845429","129845602","39","37032118"
"chr5","92813776","92813910","chr7","131031908","131032043","15","38218132"
"chr5","92816298","92816412","chr10","100784496","100784612","19","7968198"
"chr5","92820709","92821000","chr6","36224050","36224348","39","56596659"
"chr5","92828937","92829232","chr8","101544594","101544890","37","8715657"
"chr5","92830915","92831219","chr8","145739924","145740233","56","52909009"
"chr5","92832573","92832700","chr19","5450830","5450953","23","87381743"
"chr5","92843991","92844287","chr3","121298263","121298559","38","28454272"
"chr5","92855845","92856023","chr11","119595029","119595204","28","26739184"
"chr5","92885625","92885787","chr3","50494945","50495104","34","42390680"
"chr5","92886077","92886216","chr3","121563186","121563322","18","28677109"
"chr5","92893049","92893226","chr17","5223655","5223829","28","87669394"
"chr5","92893268","92893412","chr5","161161762","161161894","30","68268494"
"chr5","92905482","92905792","chr1","18920911","18921221","40","73984571"
"chr5","92914508","92914751","chr5","88955857","88956111","48","3958651"
"chr5","92930763","92931064","chr20","49526676","49526972","44","43404087"
"chr5","92941199","92941349","chr1","162631208","162631359","24","69690009"
"chr5","92944522","92944700","chr19","609700","609878","28","92334822"
"chr5","92945997","92946133","chr1","216046125","216046259","26","123100128"
"chr5","92958825","92959142","chr5","51786252","51786574","58","41172573"
"chr5","92972771","92972899","chr5","59582913","59583041","19","33389858"
"chr5","92982989","92983299","chr5","94004472","94004781","41","1021483"
"chr5","92983842","92983991","chr1","73366952","73367103","26","19616890"
"chr5","92989326","92989460","chr8","85311804","85311938","19","7677522"
"chr5","93018117","93018338","chr1","26745823","26746051","45","66272294"
"chr5","93027666","93027795","chrX","42325828","42325954","22","50701838"
"chr5","93084212","93084366","chr12","6334484","6334635","21","86749728"
"chr5","93093000","93093119","chr8","35302517","35302636","18","57790483"
"chr5","93103318","93103565","chr5","51934148","51934412","50","41169170"
"chr5","93106278","93106575","chrX","77413380","77413675","45","15692898"
"chr5","93106744","93106853","chr1","38274184","38274293","20","54832560"
"chr5","93109424","93109698","chr5","18772528","18772807","44","74336896"
"chr5","93117650","93117962","chr8","124689022","124689325","42","31571372"
"chr5","93120563","93120865","chr17","80664445","80664741","57","12456118"
"chr5","93132287","93132546","chrX","71002738","71002997","42","22129549"
"chr5","93133884","93134181","chr7","73094896","73095187","45","20038988"
"chr5","93140598","93140712","chrX","129213647","129213765","19","36073049"
"chr5","93141049","93141149","chr4","146736814","146736913","17","53595765"
"chr5","93143804","93143935","chr7","4485178","4485309","26","88658626"
"chr5","93144238","93144425","chr12","122949450","122949633","32","29805212"
"chr5","93159970","93160268","chr14","41409872","41410157","40","51750098"
"chr5","93164199","93164484","chr4","16500673","16500935","67","76663526"
"chr5","93178853","93178982","chr3","115180873","115181000","20","22002020"
"chr5","93198979","93199120","chr1","210029412","210029558","28","116830433"
"chr5","93199296","93199589","chr5","153282891","153283181","35","60083595"
"chr5","93210002","93210361","chr9","56705078","56705414","89","36504924"
"chr5","93236379","93236508","chr2B","129831786","129831912","14","36595407"
"chr5","93236740","93237045","chr15","56110151","56110458","45","37126589"
"chr5","93237158","93237290","chr9","111018941","111019072","19","17781783"
"chr5","93254392","93254626","chr19","29312217","29312452","34","63942175"
"chr5","93274123","93274424","chr1","31136599","31136900","37","62137524"
"chr5","93278803","93279084","chr2A","52970607","52970895","43","40308196"
"chr5","93283479","93283774","chr19","45555520","45555817","35","47727959"
"chr5","93295107","93295371","chr22","34312155","34312409","48","58982952"
"chr5","93329098","93329267","chr8","146552736","146552899","34","53223638"
"chr5","93348906","93349037","chr9","111018941","111019072","16","17670035"
"chr5","93353853","93354135","chr9","43262931","43263222","44","50090922"
"chr5","93402934","93403242","chr16","3967723","3968027","66","89435211"
"chr5","93405373","93405499","chr11","9466890","9467020","30","83938483"
"chr5","93405800","93405962","chr10","148054018","148054180","28","54648218"
"chr5","93449838","93450067","chr10","66789560","66789789","34","26660278"
"chr5","93450682","93450931","chr6","132616950","132617197","45","39166268"
"chr5","93472562","93472851","chr1","217049267","217049555","46","123576705"
"chr5","93478243","93478372","chr18","74720693","74720820","13","18757550"
"chr5","93478729","93479024","chr4","162552218","162552510","43","69073489"
"chr5","93484054","93484364","chr5","52324202","52324502","54","41159852"
"chr5","93491792","93492094","chr17","9489493","9489790","39","84002299"
"chr5","93496584","93496868","chr5","52334155","52334447","52","41162429"
"chr5","93496871","93497170","chr2B","84313295","84313594","36","9183576"
"chr5","93514186","93514487","chr3","42102869","42103161","38","51411317"
"chr5","93520147","93520428","chr11","71249373","71249660","40","22270774"
"chr5","93543109","93543416","chr8","101435714","101436021","50","7892605"
"chr5","93562370","93562656","chr4","93984380","93984664","38","422010"
"chr5","93562692","93562706","chr5","16287257","16287270","1","77275435"
"chr5","93563541","93563833","chr22","29376128","29376426","40","64187413"
"chr5","93566341","93566646","chr5","46777393","46777689","56","46788948"
"chr5","93570014","93570129","chr11","113906994","113907109","12","20336980"
"chr5","93579214","93579404","chr10","25052499","25052692","40","68526715"
"chr5","93650880","93651174","chr6","43552064","43552362","42","50098816"
"chr5","93686794","93686908","chr19","47956756","47956864","17","45730038"
"chr5","93690052","93690254","chr5","121454400","121454601","28","27764348"
"chr5","93718409","93718567","chr14","35610506","35610668","23","58107903"
"chr5","93721221","93721528","chr19","47049297","47049597","33","46671924"
"chr5","93734257","93734554","chr4","97545528","97545824","39","3811271"
"chr5","93741103","93741138","chr8","96998154","96998188","7","3257051"
"chr5","93775659","93775958","chr14","36501341","36501639","44","57274318"
"chr5","93795082","93795377","chr5","76475913","76476210","32","17319169"
"chr5","93845680","93845925","chr1","15610844","15611087","38","78234836"
"chr5","93862000","93862293","chr16","23718625","23718896","68","70143375"
"chr5","93875675","93875924","chr12","52266632","52266906","57","41609043"
"chr5","93884113","93884390","chr2B","64346219","64346507","47","29537894"
"chr5","93893605","93893915","chr6","72740229","72740540","49","21153376"
"chr5","93895311","93895596","chr10","34568029","34568317","42","59327282"
"chr5","93899696","93899983","chr3","125068067","125068363","48","31168371"
"chr5","93902105","93902411","chr14","35741670","35741973","46","58160435"
"chr5","93908979","93909034","chr2B","131410167","131410220","6","37501188"
"chr5","93930814","93931118","chr15","31816429","31816734","46","62114385"
"chr5","93935527","93935815","chr3","54121779","54122063","37","39813748"
"chr5","93953616","93953914","chr12","92652799","92653098","49","1300817"
"chr5","93954579","93954695","chr10","11873055","11873169","20","82081524"
"chr5","93961105","93961377","chr3","70080420","70080713","47","23880685"
"chr5","93977536","93977840","chr11","120932649","120932956","36","26955113"
"chr5","93988979","93989153","chr12","56781718","56781885","32","37207261"
"chr5","93989458","93989590","chr5","15330940","15331072","30","78658518"
"chr5","94003316","94003619","chr11","120932649","120932956","43","26929333"
"chr5","94067785","94068077","chr6","48058765","48059050","38","46009020"
"chr5","94071211","94071500","chr18","77675315","77675604","38","16395896"
"chr5","94120579","94120703","chrX","119250103","119250228","24","25129524"
"chr5","94135133","94135310","chr3","155452624","155452795","35","61317491"
"chr5","94146126","94146421","chr10","94384621","94384920","32","238495"
"chr5","94164966","94165090","chrX","1252836","1252964","16","92912130"
"chr5","94165755","94165879","chr10","39318952","39319078","15","54846803"
"chr5","94193015","94193307","chr6","4177308","4177600","51","90015707"
"chr5","94211703","94211988","chr1","27413664","27413959","43","66798039"
"chr5","94226594","94226890","chr8","126026839","126027127","50","31800245"
"chr5","94259536","94259811","chr16","30988243","30988520","45","63271293"
"chr5","94261337","94261619","chr15","21219207","21219496","43","73042130"
"chr5","94269005","94269150","chr3","160388042","160388191","25","66119037"
"chr5","94272361","94272657","chr7","157137240","157137534","48","62864879"
"chr5","94279660","94279944","chr6","110583196","110583478","36","16303536"
"chr5","94306964","94307150","chr6","37274755","37274940","29","57032209"
"chr5","94307191","94307469","chr17","51966522","51966799","46","42340669"
"chr5","94322264","94322411","chr11","113953790","113953938","24","19631526"
"chr5","94324771","94324887","chr1","79136752","79136862","26","15188019"
"chr5","94329740","94330013","chrX","13559368","13559655","49","80770372"
"chr5","94339718","94340033","chr6","54329806","54330115","43","40009912"
"chr5","94347942","94348086","chr5","34630777","34630919","17","59717165"
"chr5","94348380","94348538","chr5","33102568","33102726","29","61245812"
"chr5","94354642","94354933","chr2B","129989555","129989833","52","35634913"
"chr5","94356667","94356961","chr20","50773327","50773617","41","43583340"
"chr5","94364035","94364133","chr1","182667390","182667480","31","88303355"
"chr5","94364134","94364429","chr3","77389863","77390159","34","16974271"
"chr5","94364430","94364584","chr7","68436528","68436679","29","25927902"
"chr5","94366059","94366364","chrX","154349779","154350084","44","59983720"
"chr5","94372076","94372365","chr7","78963158","78963444","56","15408918"
"chr5","94372369","94372630","chr5","47351786","47352064","59","47020583"
"chr5","94373163","94373461","chr7","106016300","106016595","36","11643137"
"chr5","94389998","94390281","chr9","71736676","71736971","42","22653322"
"chr5","94391096","94391400","chr5","122439318","122439614","47","28048222"
"chr5","94395400","94395674","chr7","25208555","25208833","39","69186845"
"chr5","94439955","94440243","chr4","93771786","93772074","38","668169"
"chr5","94459576","94459633","chr1","218242753","218242807","9","123783177"
"chr5","94459935","94460080","chr1","133496111","133496260","38","39036176"
"chr5","94494186","94494456","chr3","143654055","143654338","45","49159869"
"chr5","94502099","94502406","chr5","90749179","90749487","38","3752920"
"chr5","94511449","94511652","chr1","126243893","126244087","44","31732444"
"chr5","94513431","94513564","chr11","106723599","106723743","36","12210168"
"chr5","94524097","94524363","chr12","76322382","76322652","50","18201715"
"chr5","94529938","94530083","chr6","157477012","157477153","27","62947074"
"chr5","94532344","94532560","chr10","31686405","31686622","39","62845939"
"chr5","94534593","94534702","chr19","21529728","21529834","19","73004865"
"chr5","94537185","94537469","chr8","47619379","47619670","47","46917806"
"chr5","94540734","94540869","chr9","111058064","111058199","11","16517330"
"chr5","94541168","94541345","chr16","23669145","23669323","31","70872023"
"chr5","94542685","94542923","chr6","43414349","43414590","36","51128336"
"chr5","94545469","94545590","chr7","76632609","76632733","15","17912860"
"chr5","94546296","94546565","chr21","34755672","34755930","64","59790624"
"chr5","94548734","94549029","chr1","223809873","223810164","46","129261139"
"chr5","94553723","94554016","chr6","45713778","45714072","48","48839945"
"chr5","94562008","94562205","chr17","41858211","41858409","30","52703797"
"chr5","94572231","94572404","chr2B","126684138","126684309","24","32111907"
"chr5","94580499","94580585","chr22","28221519","28221604","9","66358980"
"chr5","94582155","94582447","chrX","112984866","112985167","44","18402711"
"chr5","94588818","94588943","chr5","159476362","159476486","21","64887544"
"chr5","94599111","94599234","chr18","43100747","43100870","15","51498364"
"chr5","94604117","94604214","chr9","111192030","111192137","30","16587913"
"chr5","94604215","94604435","chr5","154077134","154077349","28","59472919"
"chr5","94607168","94607491","chr3","182393781","182394101","64","87786613"
"chr5","94617604","94617650","chr16","60975562","60975607","6","33642042"
"chr5","94617958","94618134","chr9","87177805","87177980","37","7440153"
"chr5","94620399","94620703","chr5","154717845","154718156","44","60097446"
"chr5","94622073","94622365","chr6","45713778","45714072","44","48908295"
"chr5","94636275","94636576","chr7","139910379","139910681","46","45274104"
"chr5","94641948","94642247","chr12","34529521","34529820","41","60112427"
"chr5","94644532","94644821","chr1","227326151","227326442","43","132681619"
"chr5","94644892","94645054","chr12","35899001","35899163","30","58745891"
"chr5","94645346","94645482","chrX","7018216","7018351","15","87627130"
"chr5","94647154","94647442","chr3","100823845","100824135","43","6176691"
"chr5","94648642","94648779","chr20","6035084","6035219","15","88613558"
"chr5","94649071","94649144","chr7","130192209","130192281","11","35543138"
"chr5","94654826","94654957","chr7","4485178","4485309","20","90169648"
"chr5","94655255","94655408","chr16","15498844","15499002","25","79156411"
"chr5","94657454","94657756","chr1","193132439","193132740","49","98474985"
"chr5","94663256","94663435","chr1","51763158","51763335","28","42900098"
"chr5","94668772","94669089","chr10","40714836","40715147","45","53953936"
"chr5","94672598","94672903","chr20","3846054","3846357","39","90826544"
"chr5","94674004","94674295","chr1","212745117","212745410","47","118071113"
"chr5","94680775","94681071","chr2B","95850309","95850616","49","1169534"
"chr5","94681739","94682029","chr22","34526874","34527167","43","60154865"
"chr5","94696499","94696801","chr11","77185263","77185568","40","17511236"
"chr5","94702581","94702664","chr11","71249745","71249828","18","23452836"
"chr5","94703056","94703326","chr16","81102917","81103186","53","13600139"
"chr5","94713457","94713639","chr1","28379552","28379739","30","66333905"
"chr5","94717057","94717188","chr14","12485207","12485337","14","82231850"
"chr5","94731680","94731834","chr22","13416414","13416568","25","81315266"
"chr5","94735010","94735169","chr17","1928490","1928643","27","92806520"
"chr5","94736274","94736348","chr17","39872199","39872274","8","54864075"
"chr5","94736993","94737080","chr20","61551178","61551265","29","33185815"
"chr5","94737093","94737310","chrX","47363667","47363884","35","47373426"
"chr5","94741251","94741556","chr2B","75710503","75710804","55","19030748"
"chr5","94747709","94747880","chr19","38845834","38846001","26","55901875"
"chr5","94748183","94748317","chr5","1764628","1764763","19","92983555"
"chr5","94751891","94752056","chr9","94656201","94656363","21","95690"
"chr5","94752063","94752367","chr10","114567525","114567827","56","19815462"
"chr5","94756777","94757085","chr5","54165696","54166003","52","40591081"
"chr5","94757098","94757391","chr5","99579971","99580268","40","4822873"
"chr5","94763924","94764053","chrX","1061818","1061949","27","93702106"
"chr5","94764318","94764417","chr10","40845989","40846080","26","53918329"
"chr5","94782568","94782855","chrX","47906942","47907236","42","46875626"
"chr5","94784237","94784343","chr1","31185795","31185903","18","63598442"
"chr5","94787114","94787403","chr1","26616264","26616549","47","68170850"
"chr5","94787989","94788122","chr8","97206781","97206916","16","2418792"
"chr5","94805154","94805167","chr4","37998407","37998420","1","56806747"
"chr5","94805271","94805555","chr9","109733660","109733937","41","14928389"
"chr5","94810385","94810602","chr8","85667612","85667827","44","9142773"
"chr5","94811200","94811326","chr10","145143698","145143827","12","50332498"
"chr5","94813174","94813409","chr3","33405226","33405477","55","61407948"
"chr5","94815289","94815586","chr3","189017179","189017480","33","94201890"
"chr5","94815588","94815750","chr7","104320068","104320227","21","9504480"
"chr5","94826958","94827261","chr16","48443014","48443321","35","46383944"
"chr5","94840032","94840159","chr4","133797054","133797182","15","38957022"
"chr5","94852907","94853217","chr7","130893267","130893571","70","36040360"
"chr5","94853789","94853910","chr1","110429772","110429894","17","15575983"
"chr5","94854288","94854358","chr1","125545120","125545186","13","30690832"
"chr5","94861258","94861473","chr5","8641579","8641806","66","86219679"
"chr5","94875398","94875532","chr7","82210564","82210699","13","12664834"
"chr5","94875831","94876018","chr14","58728617","58728775","51","36147214"
"chr5","94877601","94877723","chr9","87273794","87273920","16","7603807"
"chr5","94878724","94878836","chr5","82455178","82455291","12","12423546"
"chr5","94878839","94878941","chr1","1540935","1541032","19","93337904"
"chr5","94879245","94879459","chr19","1560019","1560234","33","93319226"
"chr5","94890935","94891262","chr3","56739975","56740302","46","38150960"
"chr5","94904239","94904589","chr21","25288407","25288741","74","69615832"
"chr5","94948005","94948295","chr1","205863329","205863635","45","110915324"
"chr5","94948433","94948695","chr2B","71436190","71436444","44","23512243"
"chr5","94962467","94962755","chr22","19932508","19932797","56","75029959"
"chr5","95004676","95004968","chr1","65854541","65854833","36","29150135"
"chr5","95046713","95046726","chr3","131152171","131152184","2","36105458"
"chr5","95046766","95046883","chr7","107267987","107268103","13","12221221"
"chr5","95047951","95048079","chr19","57736469","57736601","17","37311482"
"chr5","95066670","95066801","chr5","118006764","118006899","16","22940094"
"chr5","95067112","95067276","chr5","25414740","25414902","26","69652372"
"chr5","95070290","95070597","chr12","92652799","92653098","38","2417491"
"chr5","95073113","95073398","chr2B","100893350","100893645","36","5820237"
"chr5","95095491","95095780","chr7","138657403","138657700","40","43561912"
"chr5","95095785","95096072","chr3","201334238","201334531","48","106238453"
"chr5","95121880","95121978","chr3","81188117","81188214","21","13933763"
"chr5","95121979","95122065","chr2B","99742400","99742490","13","4620421"
"chr5","95124538","95124767","chr6","117110600","117110823","40","21986062"
"chr5","95125276","95125384","chr1","31185795","31185903","18","63939481"
"chr5","95152856","95153154","chr1","160091876","160092173","35","64939020"
"chr5","95163972","95164259","chr3","150193926","150194214","41","55029954"
"chr5","95171905","95172150","chr12","94589833","94590087","47","582072"
"chr5","95184458","95184769","chr1","3648210","3648520","38","91536248"
"chr5","95200238","95200369","chr14","12485207","12485337","15","82715031"
"chr5","95216555","95216688","chr6","33902335","33902470","21","61314220"
"chr5","95216988","95217151","chr1","55165110","55165271","27","40051878"
"chr5","95217969","95218270","chr19","1191371","1191674","39","94026598"
"chr5","95221558","95221716","chr20","49666011","49666171","25","45555547"
"chr5","95222021","95222189","chr1","26627825","26627960","44","68594196"
"chr5","95222982","95223041","chr13","22884723","22884778","13","72338259"
"chr5","95223208","95223292","chr9","16592964","16593050","10","78630244"
"chr5","95223595","95223765","chr6","142081345","142081510","27","46857750"
"chr5","95226872","95227147","chr5","44006917","44007193","39","51219955"
"chr5","95233068","95233147","chr4","121792827","121792913","18","26559759"
"chr5","95233441","95233681","chr4","131881583","131881801","58","36648142"
"chr5","95233694","95233982","chrX","102993928","102994214","42","7760234"
"chr5","95237800","95237932","chr20","31547819","31547950","17","63689981"
"chr5","95250282","95250460","chr16","23669145","23669323","25","71581137"
"chr5","95250769","95250905","chr4","185734049","185734184","15","90483280"
"chr5","95250954","95251023","chr7","158416825","158416889","10","63165871"
"chr5","95251025","95251281","chr8","34375044","34375294","46","60875981"
"chr5","95254154","95254266","chr5","24083889","24083986","29","71170265"
"chr5","95254565","95254853","chr11","66003552","66003850","55","29251013"
"chr5","95256339","95256469","chr5","161161762","161161894","18","65905423"
"chr5","95262162","95262293","chr1","25293747","25293879","16","69968415"
"chr5","95272705","95272972","chr19","40053969","40054250","56","55218736"
"chr5","95276025","95276151","chr19","54586363","54586490","21","40689662"
"chr5","95276571","95276870","chr8","119202320","119202618","36","23925749"
"chr5","95282859","95283160","chr2B","64337449","64337756","49","30945410"
"chr5","95285288","95285330","chr12","30061451","30061494","7","65223837"
"chr5","95290345","95290639","chr5","64809420","64809721","54","30480925"
"chr5","95296565","95296732","chr19","7267837","7268005","19","88028728"
"chr5","95298308","95298449","chr1","62928211","62928352","16","32370097"
"chr5","95305612","95305900","chr12","104520924","104521217","37","9215312"
"chr5","95323255","95323522","chr19","34562708","34562980","44","60760547"
"chr5","95326932","95327144","chr7","40106918","40107123","35","55220014"
"chr5","95334085","95334376","chr2B","131657052","131657355","36","36322967"
"chr5","95339934","95340229","chr14","20497028","20497330","45","74842906"
"chr5","95356645","95356777","chr20","31547819","31547950","18","63808826"
"chr5","95364765","95365054","chr11","65787500","65787788","39","29577265"
"chr5","95365499","95365804","chr5","17684974","17685275","42","77680525"
"chr5","95367998","95368227","chr15","52508524","52508743","36","42859474"
"chr5","95386756","95387048","chr10","115956895","115957189","44","20570139"
"chr5","95390855","95390949","chr12","103834727","103834824","23","8443872"
"chr5","95392327","95392543","chrX","71356072","71356281","33","24036255"
"chr5","95408626","95408776","chr10","139942699","139942847","20","44534073"
"chr5","95408964","95409245","chr4","39850934","39851207","47","55558030"
"chr5","95416671","95416830","chr3","52583301","52583455","29","42833370"
"chr5","95422227","95422531","chr9","114191687","114191982","46","18769460"
"chr5","95426441","95426723","chr18","60480459","60480740","37","34945982"
"chr5","95431198","95431311","chr12","93478349","93478456","22","1952849"
"chr5","95441011","95441123","chr12","104094166","104094279","17","8653155"
"chr5","95463549","95463715","chr19","49148099","49148267","38","46315450"
"chr5","95464007","95464143","chr20","50859918","50860054","16","44604089"
"chr5","95471635","95471809","chr16","38885219","38885388","36","56586416"
"chr5","95472121","95472269","chr1","217304657","217304807","17","121832536"
"chr5","95472589","95472887","chr6","43552064","43552362","44","51920525"
"chr5","95475049","95475339","chr8","122941102","122941394","35","27466053"
"chr5","95478542","95478793","chr4","186137304","186137556","39","90658762"
"chr5","95483317","95483618","chr12","95098124","95098420","44","385193"
"chr5","95489016","95489281","chr2A","60232623","60232895","43","35256393"
"chr5","95490286","95490442","chr6","164420460","164420623","30","68930174"
"chr5","95490761","95490894","chr10","117244185","117244319","14","21753424"
"chr5","95505350","95505482","chr12","53624652","53624787","20","41880698"
"chr5","95514987","95515122","chr7","56528692","56528827","16","38986295"
"chr5","95515742","95515882","chr7","33149232","33149378","29","62366510"
"chr5","95522362","95522664","chr5","141748249","141748545","46","46225887"
"chr5","95527739","95527873","chr3","48404443","48404577","11","47123296"
"chr5","95528184","95528493","chr6","37873870","37874163","54","57654314"
"chr5","95528494","95528666","chr1","38128287","38128467","30","57400207"
"chr5","95539119","95539423","chr5","54887083","54887382","43","40652036"
"chr5","95543726","95544006","chr15","63258659","63258944","45","32285067"
"chr5","95555914","95556034","chr8","37983975","37984095","21","57571939"
"chr5","95574660","95574937","chr4","73410161","73410426","49","22164499"
"chr5","95586477","95586661","chr2B","125213834","125214012","34","29627357"
"chr5","95586971","95587104","chr17","3990232","3990366","16","91596739"
"chr5","95604575","95604728","chr5","41604426","41604582","22","54000149"
"chr5","95624081","95624208","chr6","35061279","35061408","24","60562802"
"chr5","95624530","95624581","chr5","7165629","7165684","12","88458901"
"chr5","95632275","95632494","chr18","55065044","55065261","34","40567231"
"chr5","95655406","95655532","chrX","22199062","22199188","18","73456344"
"chr5","95691518","95691809","chr18","11622148","11622438","46","84069370"
"chr5","95705850","95706141","chr7","77548302","77548597","41","18157548"
"chr5","95713129","95713397","chr8","4739306","4739572","38","90973823"
"chr5","95716192","95716481","chr6","136694182","136694473","45","40977990"
"chr5","95728472","95728786","chr14","38260525","38260834","45","57467947"
"chr5","95759708","95759833","chr19","11944700","11944823","23","83815008"
"chr5","95781755","95782066","chr9","45392391","45392696","47","50389364"
"chr5","95823752","95824013","chr12","112661004","112661269","47","16837252"
"chr5","95832214","95832490","chr13","1376244","1376525","46","94455970"
"chr5","95836454","95836686","chr11","5332043","5332259","45","90504411"
"chr5","95837241","95837539","chr14","10507585","10507882","44","85329656"
"chr5","95842797","95842930","chr1","42320627","42320754","23","53522170"
"chr5","95848604","95848886","chr10","84923002","84923283","39","10925602"
"chr5","95870541","95870830","chr17","81599233","81599526","39","14271308"
"chr5","95902861","95902977","chr2B","236147","236264","10","95666714"
"chr5","95911985","95912099","chr8","1408083","1408196","12","94503902"
"chr5","95913831","95914121","chr6","113134536","113134830","53","17220705"
"chr5","95918972","95919251","chr4","94306283","94306572","43","1612689"
"chr5","95929953","95930246","chr12","107377575","107377868","57","11447622"
"chr5","95939483","95939781","chr20","18457252","18457549","60","77482231"
"chr5","95969742","95970045","chrX","41897727","41898024","41","54072015"
"chr5","96014071","96014369","chr8","101544594","101544890","39","5530523"
"chr5","96016179","96016464","chr2A","105754001","105754289","49","9737822"
"chr5","96055326","96055448","chr1","61983115","61983240","11","34072211"
"chr5","96064328","96064548","chr9","115927933","115928153","46","19863605"
"chr5","96064549","96064843","chr1","46588938","46589218","47","49475611"
"chr5","96067119","96067414","chr13","9716804","9717101","35","86350315"
"chr5","96067478","96067519","chr19","17632074","17632117","9","78435404"
"chr5","96084124","96084261","chr5","33174223","33174358","15","62909901"
"chr5","96084577","96084621","chr7","140056397","140056438","10","43971820"
"chr5","96088597","96088884","chr2A","97364116","97364392","47","1275519"
"chr5","96145669","96145929","chr4","74876815","74877084","59","21268854"
"chr5","96146459","96146772","chrX","42281827","42282132","37","53864632"
"chr5","96169732","96169837","chr4","22256879","22256976","16","73912853"
"chr5","96178537","96178829","chr15","39067690","39067984","43","57110847"
"chr5","96189812","96190005","chr1","29303431","29303611","35","66886381"
"chr5","96200284","96200423","chr3","52590529","52590665","22","43609755"
"chr5","96209035","96209334","chr7","134938326","134938628","47","38729291"
"chr5","96212179","96212484","chrX","1932606","1932909","36","94279573"
"chr5","96220878","96221155","chr9","59683723","59684008","75","36537155"
"chr5","96229722","96229869","chr3","187533947","187534083","28","91304225"
"chr5","96230184","96230290","chr5","6638938","6639036","22","89591246"
"chr5","96233401","96233504","chr5","22641915","22642017","41","73591486"
"chr5","96244240","96244372","chr2A","82675571","82675703","13","13568669"
"chr5","96270615","96270742","chr7","97203900","97204029","20","933285"
"chr5","96283807","96283965","chr10","47008312","47008464","36","49275495"
"chr5","96283986","96284011","chr1","19439810","19439831","6","76844176"
"chr5","96299637","96299812","chr4","39168431","39168598","28","57131206"
"chr5","96302999","96303306","chr7","44333832","44334136","38","51969167"
"chr5","96364252","96364543","chr15","71866109","71866399","37","24498143"
"chr5","96377674","96377945","chrX","9679871","9680143","42","86697803"
"chr5","96384396","96384687","chrX","130572622","130572904","44","34188226"
"chr5","96400112","96400263","chr1","28460320","28460463","23","67939792"
"chr5","96436386","96436410","chr15","80465288","80465311","4","15971098"
"chr5","96436454","96436730","chr6","33378317","33378597","39","63058137"
"chr5","96463367","96463650","chr2A","27834181","27834463","44","68629186"
"chr5","96477495","96477669","chr12","56781718","56781885","34","39695777"
"chr5","96477968","96478104","chr16","379923","380058","13","96098045"
"chr5","96525900","96526151","chr17","7496214","7496465","48","89029686"
"chr5","96526175","96526208","chr1","134696078","134696110","8","38169903"
"chr5","96530289","96530416","chr6","77300902","77301033","11","19229387"
"chr5","96536363","96536539","chr8","61430684","61430866","31","35105679"
"chr5","96572833","96573159","chr1","93519137","93519467","44","3053696"
"chr5","96590337","96590434","chr3","10156846","10156944","18","86433491"
"chr5","96599754","96600055","chr5","56139849","56140144","36","40459905"
"chr5","96609988","96610080","chr1","128614339","128614430","15","32004351"
"chr5","96619450","96619577","chr2B","13381090","13381223","13","83238360"
"chr5","96645438","96645729","chr9","113590537","113590829","40","16945099"
"chr5","96649337","96649486","chr12","114431855","114431988","34","17782518"
"chr5","96652626","96652919","chr2B","66441753","66442046","38","30210873"
"chr5","96656459","96656605","chr11","123857025","123857171","36","27200566"
"chr5","96660348","96660626","chr6","137837839","137838118","40","41177491"
"chr5","96662831","96663029","chr22","8103486","8103686","36","88559345"
"chr5","96672514","96672658","chr2B","16236065","16236209","20","80436449"
"chr5","96683269","96683530","chrX","24284757","24285022","56","72398512"
"chr5","96685862","96686152","chr2A","68432682","68432970","52","28253180"
"chr5","96694861","96695142","chr1","134630126","134630411","40","37935265"
"chr5","96703255","96703556","chrX","47906942","47907236","43","48796313"
"chr5","96708383","96708511","chr5","161161762","161161894","15","64453379"
"chr5","96708513","96708789","chr12","37912259","37912538","40","58796254"
"chr5","96710061","96710305","chr16","9190153","9190396","51","87519908"
"chr5","96713337","96713600","chr2A","70647784","70648057","49","26065553"
"chr5","96720971","96721246","chr5","56241896","56242171","27","40479075"
"chr5","96746434","96746561","chr5","34701359","34701494","22","62045075"
"chr5","96750513","96750795","chr1","62601421","62601701","39","34149092"
"chr5","96750797","96750867","chrX","38254929","38254998","15","58495868"
"chr5","96759990","96760296","chr14","122966","123271","55","96637024"
"chr5","96785503","96785639","chr7","4707553","4707688","19","92077950"
"chr5","96786027","96786305","chr18","77456408","77456687","41","19329619"
"chr5","96786747","96786906","chr19","33882410","33882568","18","62904337"
"chr5","96819140","96819217","chr1","195422528","195422599","14","98603388"
"chr5","96829101","96829161","chr8","124546125","124546181","12","27717024"
"chr5","96830080","96830202","chr6","13483082","13483204","24","83346998"
"chr5","96831061","96831166","chr10","29769514","29769621","12","67061547"
"chr5","96835750","96836062","chrX","134802228","134802539","46","37966478"
"chr5","96842526","96842663","chr7","82210564","82210699","14","14631962"
"chr5","96842967","96843129","chr12","6210507","6210667","27","90632460"
"chr5","96852343","96852547","chr10","108824631","108824835","51","11972288"
"chr5","96853047","96853121","chr6","16184191","16184263","6","80668856"
"chr5","96865692","96865780","chr9","82677454","82677541","18","14188238"
"chr5","96870929","96871148","chr1","19327547","19327763","27","77543382"
"chr5","96874876","96875162","chr15","70423728","70424024","42","26451148"
"chr5","96890407","96890701","chrX","40459151","40459447","41","56431256"
"chr5","96894793","96894957","chr7","2622122","2622287","28","94272671"
"chr5","96895558","96895693","chr6","84310658","84310793","18","12584900"
"chr5","96896872","96897003","chr8","123134693","123134825","13","26237821"
"chr5","96900447","96900765","chr19","32244212","32244521","42","64656235"
"chr5","96902760","96902906","chr1","9996942","9997078","21","86905818"
"chr5","96903210","96903379","chr1","140091367","140091537","35","43188157"
"chr5","96904740","96905032","chr16","61706961","61707255","30","35197779"
"chr5","96905399","96905696","chrX","71270947","71271251","39","25634452"
"chr5","96932770","96932937","chr2B","50431625","50431794","19","46501145"
"chr5","96933420","96933715","chrX","133347328","133347631","49","36413908"
"chr5","96933816","96933959","chr7","40605012","40605146","26","56328804"
"chr5","96937779","96937905","chrX","47697355","47697489","16","49240424"
"chr5","96938789","96939077","chr8","123542173","123542459","44","26603384"
"chr5","96943557","96943680","chr9","81434465","81434588","25","15509092"
"chr5","96947037","96947335","chr3","64838401","64838697","38","32108636"
"chr5","96972762","96973017","chr6","154722473","154722727","37","57749711"
"chr5","96976785","96977003","chr22","5012416","5012627","35","91964369"
"chr5","96977231","96977279","chr7","70595404","70595450","10","26381827"
"chr5","96980737","96981041","chr1","225512358","225512658","46","128531621"
"chr5","96982291","96982593","chr11","118566750","118567050","37","21584459"
"chr5","96987212","96987341","chr9","49197226","49197359","17","47789986"
"chr5","96987607","96987790","chr17","57964053","57964228","35","39023554"
"chr5","97001238","97001445","chr1","32927132","32927338","31","64074106"
"chr5","97004311","97004585","chr13","15434336","15434621","52","81569975"
"chr5","97006907","97007168","chr7","71052703","71052967","39","25954204"
"chr5","97008888","97009002","chr13","1062636","1062751","16","95946252"
"chr5","97009784","97010092","chr22","22668371","22668665","47","74341413"
"chr5","97010264","97010557","chr1","139266119","139266414","41","42255855"
"chr5","97018450","97018653","chr1","16377457","16377669","30","80640993"
"chr5","97061389","97061656","chr10","100354316","100354578","39","3292927"
"chr5","97068353","97068643","chr7","87198283","87198578","42","9870070"
"chr5","97070803","97070928","chr2A","37342062","37342176","22","59728741"
"chr5","97071881","97072180","chr3","141071331","141071629","42","43999450"
"chr5","97081224","97081534","chr1","143406835","143407142","49","46325611"
"chr5","97108314","97108617","chr6","43552064","43552362","41","53556250"
"chr5","97113725","97113829","chr6","85362783","85362893","17","11750942"
"chr5","97127660","97127789","chr1","114318909","114319042","14","17191249"
"chr5","97137204","97137505","chrX","65445569","65445877","40","31691635"
"chr5","97137730","97137910","chr10","34990756","34990934","21","62146974"
"chr5","97138536","97138665","chr22","33379834","33379964","16","63758702"
"chr5","97146615","97146794","chr19","44716567","44716745","28","52430048"
"chr5","97146795","97147103","chr17","4939601","4939902","46","92207194"
"chr5","97147104","97147125","chr19","39968679","39968697","5","57178425"
"chr5","97155647","97155945","chr8","9756252","9756551","40","87399395"
"chr5","97158642","97158946","chr8","123192438","123192739","43","26033796"
"chr5","97178401","97178683","chr11","118098744","118099038","40","20920343"
"chr5","97179187","97179354","chr2B","100824273","100824441","25","3645086"
"chr5","97179655","97179764","chr15","37204517","37204631","23","59975138"
"chr5","97181134","97181423","chr11","101615949","101616238","29","4434815"
"chr5","97183926","97184205","chr1","15717476","15717754","34","81466450"
"chr5","97189424","97189671","chr9","70461579","70461815","54","26727845"
"chr5","97189719","97189992","chr1","62790831","62791108","49","34398888"
"chr5","97197627","97197923","chr6","43552064","43552362","40","53645563"
"chr5","97198060","97198156","chr3","72852297","72852391","20","24345763"
"chr5","97199872","97200168","chr6","43552064","43552362","31","53647808"
"chr5","97212758","97213033","chr5","2588905","2589165","49","94623853"
"chr5","97214510","97214814","chr5","14837140","14837438","44","82377370"
"chr5","97219293","97219597","chr12","69160632","69160932","47","28058661"
"chr5","97221390","97221683","chr1","205967754","205968048","53","108746364"
"chr5","97224951","97224989","chr10","17875848","17875882","7","79349103"
"chr5","97242188","97242480","chr4","16487048","16487347","41","80755140"
"chr5","97245595","97245879","chr9","70147376","70147661","36","27098219"
"chr5","97251903","97252029","chrX","42325828","42325954","17","54926075"
"chr5","97273429","97273556","chr14","12485207","12485337","12","84788222"
"chr5","97285196","97285482","chr7","134638270","134638559","47","37353074"
"chr5","97295150","97295397","chr5","83024313","83024571","65","14270837"
"chr5","97315387","97315694","chr16","56833729","56834033","33","40481658"
"chr5","97318168","97318379","chr9","121368286","121368490","30","24050118"
"chr5","97328282","97328572","chrX","53623290","53623575","38","43704992"
"chr5","97332415","97332679","chr9","43996760","43997023","46","53335655"
"chr5","97334059","97334352","chr2B","10049287","10049590","40","87284772"
"chr5","97341908","97342199","chr9","41878230","41878523","44","55463678"
"chr5","97357027","97357324","chr16","66749577","66749874","39","30607450"
"chr5","97358548","97358853","chr17","5193672","5193978","41","92164876"
"chr5","97368686","97368799","chr6","32400937","32401049","12","64967749"
"chr5","97369101","97369308","chr8","91824189","91824369","56","5544912"
"chr5","97371152","97371456","chr3","182583447","182583746","41","85212295"
"chr5","97374084","97374358","chr16","4465934","4466214","42","92908150"
"chr5","97377660","97377701","chrX","110812738","110812779","12","13435078"
"chr5","97381011","97381300","chr3","38472738","38473026","41","58908273"
"chr5","97383169","97383460","chr15","30508140","30508434","45","66875029"
"chr5","97384250","97384551","chr17","5222590","5222897","47","92161660"
"chr5","97394126","97394366","chr6","132128875","132129119","38","34734749"
"chr5","97395914","97396222","chr3","46381852","46382163","55","51014062"
"chr5","97397050","97397217","chr11","61894885","61895049","32","35502165"
"chr5","97397529","97397658","chr20","30982715","30982844","19","66414814"
"chr5","97404758","97404970","chr10","93467825","93468037","40","3936933"
"chr5","97410508","97410789","chr13","7088622","7088893","42","90321886"
"chr5","97413937","97414052","chr16","43849045","43849159","28","53564892"
"chr5","97416960","97417248","chr15","19067979","19068278","46","78348981"
"chr5","97425586","97425660","chr15","54252813","54252886","19","43172773"
"chr5","97429114","97429297","chr8","124806327","124806503","31","27377213"
"chr5","97429322","97429442","chr20","62818632","62818751","16","34610690"
"chr5","97430142","97430405","chr11","8461916","8462171","53","88968226"
"chr5","97430690","97430748","chr13","22884723","22884778","10","74545967"
"chr5","97445532","97445810","chr12","123758800","123759084","47","26313268"
"chr5","97451203","97451493","chr6","28489024","28489324","53","68962179"
"chr5","97453819","97454100","chr7","82671539","82671826","41","14782280"
"chr5","97458607","97458894","chr8","116178170","116178457","35","18719563"
"chr5","97462462","97462752","chr4","114203857","114204146","41","16741395"
"chr5","97463582","97463695","chr1","101740478","101740598","39","4276896"
"chr5","97463976","97464113","chr7","79686754","79686887","24","17777222"
"chr5","97464165","97464295","chr1","71393655","71393787","13","26070510"
"chr5","97468558","97468859","chr12","95098124","95098420","46","2370434"
"chr5","97476782","97477028","chr18","53359049","53359297","49","44117733"
"chr5","97479020","97479100","chr7","65444081","65444173","21","32034939"
"chr5","97479357","97479530","chr1","16373548","16373713","49","81105809"
"chr5","97483038","97483263","chr12","113355389","113355618","31","15872351"
"chr5","97487321","97487517","chr1","159743052","159743246","31","62255731"
"chr5","97501680","97501791","chr22","6955610","6955725","15","90546070"
"chr5","97527935","97528223","chr9","106799866","106800156","40","9271931"
"chr5","97530246","97530543","chr4","3023541","3023845","59","94506705"
"chr5","97547452","97547735","chr2B","107707928","107708218","54","10160476"
"chr5","97548261","97548564","chrX","50062220","50062514","47","47486041"
"chr5","97549500","97549789","chr19","36025272","36025565","42","61524228"
"chr5","97551971","97552261","chr4","114203857","114204146","36","16651886"
"chr5","97561054","97561375","chr1","20127812","20128114","77","77433242"
"chr5","97580994","97581305","chr20","48927387","48927690","47","48653607"
"chr5","97584981","97585268","chr7","139996539","139996831","49","42411558"
"chr5","97586098","97586410","chr7","110973057","110973365","46","13386959"
"chr5","97591960","97592060","chr8","146418339","146418436","16","48826379"
"chr5","97592356","97592532","chr22","12987595","12987769","23","84604761"
"chr5","97614580","97614874","chr22","10117863","10118163","41","87496717"
"chr5","97623729","97624017","chr18","30293400","30293688","42","67330329"
"chr5","97627391","97627560","chr22","21292579","21292748","23","76334812"
"chr5","97627749","97628052","chr9","93694195","93694500","46","3933554"
"chr5","97633110","97633394","chr11","118586791","118587072","55","20953681"
"chr5","97634462","97634585","chr6","156189946","156190077","23","58555484"
"chr5","97636387","97636669","chr12","29929642","29929937","54","67706745"
"chr5","97639487","97639789","chr20","48088921","48089222","43","49550566"
"chr5","97646048","97646305","chr7","23711572","23711850","56","73934476"
"chr5","97648778","97648914","chr11","102034633","102034771","12","4385855"
"chr5","97650771","97650933","chr1","158609839","158609998","22","60959068"
"chr5","97650937","97651256","chr1","182113299","182113606","49","84462362"
"chr5","97653420","97653552","chr1","206397442","206397578","14","108744022"
"chr5","97655295","97655600","chr1","118639300","118639611","36","20984005"
"chr5","97680582","97680895","chr6","16695261","16695567","45","80985321"
"chr5","97683196","97683492","chr16","15781228","15781522","34","81901968"
"chr5","97697226","97697535","chr8","121234591","121234897","44","23537365"
"chr5","97699217","97699514","chr7","4409041","4409339","41","93290176"
"chr5","97699973","97700059","chr20","35713075","35713158","11","61986898"
"chr5","97754273","97754572","chr19","38289722","38290015","46","59464551"
"chr5","97755326","97755600","chr9","78341159","78341434","39","19414167"
"chr5","97757772","97757902","chr3","59065697","59065829","15","38692075"
"chr5","97764258","97764551","chr17","63540350","63540643","41","34223908"
"chr5","97800261","97800555","chr4","137202145","137202441","37","39401884"
"chr5","97807824","97808109","chr1","139828512","139828799","41","42020688"
"chr5","97811431","97811730","chr17","63540350","63540643","45","34271081"
"chr5","97816701","97816998","chr1","20280960","20281258","31","77535741"
"chr5","97830265","97830561","chr13","2865420","2865717","39","94964845"
"chr5","97869513","97869785","chr5","3172534","3172817","45","94696979"
"chr5","97910929","97911207","chr5","15719963","15720250","46","82190966"
"chr5","97913656","97913962","chr3","187532425","187532732","40","89618769"
"chr5","97928382","97928698","chr6","153914206","153914517","47","55985824"
"chr5","97952075","97952244","chr19","7251575","7251742","27","90700500"
"chr5","97952548","97952683","chr3","48404443","48404577","16","49548105"
"chr5","97961954","97962262","chr7","23624129","23624440","56","74337825"
"chr5","97965344","97965632","chr19","12751458","12751747","32","85213886"
"chr5","97982089","97982372","chr21","22857661","22857947","41","75124428"
"chr5","97991751","97992047","chr5","51963197","51963498","41","46028554"
"chr5","98004864","98005142","chr4","86676020","86676299","43","11328844"
"chr5","98013222","98013511","chr5","21058068","21058355","45","76955154"
"chr5","98018689","98019001","chr6","17621980","17622286","42","80396709"
"chr5","98019329","98019640","chr3","121038671","121038982","45","23019342"
"chr5","98045837","98046087","chr7","5752892","5753156","46","92292945"
"chr5","98050301","98050582","chr3","111238815","111239101","45","13188514"
"chr5","98125890","98126184","chr1","11658302","11658596","46","86467588"
"chr5","98134674","98134961","chr2B","44742855","44743136","41","53391819"
"chr5","98208984","98209097","chr3","130579020","130579133","20","32370036"
"chr5","98209122","98209290","chr7","5060115","5060281","22","93149007"
"chr5","98228459","98228755","chr2A","20895744","20896038","37","77332715"
"chr5","98236962","98237166","chr7","6371138","6371343","31","91865824"
"chr5","98264601","98264914","chr4","200821253","200821559","44","102556652"
"chr5","98278082","98278369","chr6","7408993","7409283","42","90869089"
"chr5","98298211","98298492","chr5","58526909","58527191","38","39771302"
"chr5","98325493","98325659","chr5","51738253","51738419","31","46587240"
"chr5","98325660","98325956","chr4","200821253","200821559","49","102495593"
"chr5","98325957","98326054","chr16","30290513","30290618","26","68035444"
"chr5","98396574","98396863","chr11","66939215","66939510","46","31457359"
"chr5","98417213","98417450","chrX","101719102","101719331","41","3301889"
"chr5","98450147","98450449","chr1","28490498","28490788","52","69959649"
"chr5","98450526","98450701","chr5","59930487","59930657","22","38520039"
"chr5","98468245","98468526","chr7","106731510","106731805","45","8263265"
"chr5","98470707","98470829","chrX","42325828","42325954","15","56144879"
"chr5","98513150","98513446","chr9","14766512","14766808","40","83746638"
"chr5","98540945","98541226","chrX","53623290","53623575","50","44917655"
"chr5","98558766","98558856","chr1","115533472","115533562","11","16974706"
"chr5","98561597","98561781","chr3","111573037","111573209","30","13011440"
"chr5","98585536","98585710","chrX","2276745","2276916","33","96308791"
"chr5","98606301","98606589","chr1","136279545","136279828","38","37673244"
"chr5","98615702","98615986","chr1","145866574","145866859","43","47250872"
"chr5","98719568","98719863","chr3","182319983","182320279","32","83600415"
"chr5","98721313","98721456","chr17","541671","541816","20","98179642"
"chr5","98724313","98724598","chr12","121719493","121719774","58","22995180"
"chr5","98726880","98727180","chr16","64384273","64384567","43","34342607"
"chr5","98741793","98741921","chr4","100215280","100215409","14","1473487"
"chr5","98766825","98767106","chr8","103853182","103853465","37","5086357"
"chr5","98796516","98796672","chr19","54270043","54270185","23","44526473"
"chr5","98847712","98848014","chr7","158676345","158676646","43","59828633"
"chr5","98856877","98857176","chr7","134591683","134591981","38","35734806"
"chr5","98894424","98894531","chr12","29627952","29628037","38","69266472"
"chr5","98904456","98904751","chr5","24472901","24473210","40","74431555"
"chr5","98906321","98906492","chr15","23312850","23313021","28","75593471"
"chr5","98908681","98908976","chr5","4733108","4733403","51","94175573"
"chr5","98913595","98913900","chr20","54481954","54482259","41","44431641"
"chr5","98932959","98933257","chr11","108411963","108412256","50","9479004"
"chr5","98934263","98934558","chr6","43552064","43552362","40","55382199"
"chr5","98938569","98938700","chr9","74178814","74178946","21","24759755"
"chr5","98939002","98939182","chr3","15722426","15722601","35","83216576"
"chr5","98951040","98951354","chr1","1358381","1358670","87","97592659"
"chr5","98952720","98952975","chr16","15815088","15815355","52","83137632"
"chr5","98963969","98964237","chr20","35076204","35076466","38","63887765"
"chr5","98969713","98970043","chr2B","71982001","71982324","68","26987712"
"chr5","98974762","98974893","chr14","12485207","12485337","14","86489555"
"chr5","98980580","98980739","chrX","49228390","49228546","28","49752190"
"chr5","98980743","98981037","chr14","10323743","10324034","38","88657000"
"chr5","99005619","99005767","chrX","36478653","36478796","25","62526966"
"chr5","99008660","99008781","chr3","115180873","115181000","15","16172213"
"chr5","99009997","99010269","chr12","18894957","18895232","38","80115040"
"chr5","99011572","99011862","chr6","39393483","39393778","47","59618089"
"chr5","99025594","99025774","chr12","30061690","30061867","33","68963904"
"chr5","99026053","99026186","chr9","94655765","94655899","17","4370288"
"chr5","99032140","99032343","chr1","118570669","118570869","37","19538529"
"chr5","99032355","99032658","chrX","128923641","128923950","42","29891286"
"chr5","99036982","99037183","chr6","22583904","22584117","37","76453078"
"chr5","99047473","99047640","chr6","42780152","42780315","36","56267321"
"chr5","99047934","99048060","chr1","130521054","130521182","13","31473120"
"chr5","99059382","99059674","chr10","85032894","85033191","36","14026488"
"chr5","99059909","99060195","chr14","76696434","76696724","49","22363475"
"chr5","99060994","99061291","chr9","114191687","114191982","38","15130693"
"chr5","99061420","99061681","chr1","152422398","152422642","54","53360978"
"chr5","99062368","99062679","chr5","34215137","34215446","43","64847231"
"chr5","99084541","99084837","chr10","85032894","85033191","33","14051647"
"chr5","99085076","99085362","chr14","76696434","76696724","45","22388642"
"chr5","99086151","99086311","chr9","56727211","56727367","27","42358940"
"chr5","99086756","99087056","chr15","44912237","44912556","54","54174519"
"chr5","99087830","99088135","chr10","146955450","146955757","43","47867620"
"chr5","99096479","99096491","chr5","44320839","44320850","2","54775640"
"chr5","99096799","99097008","chr7","122484847","122485051","40","23388048"
"chr5","99097635","99097951","chr5","133549781","133550101","50","34452146"
"chr5","99105128","99105246","chr1","64666644","64666758","21","34438484"
"chr5","99116536","99116849","chr3","133636472","133636769","57","34519936"
"chr5","99117715","99117803","chr20","35713075","35713158","13","63404640"
"chr5","99118294","99118500","chr5","4741496","4741697","33","94376798"
"chr5","99121658","99121830","chr10","132245824","132245994","30","33124166"
"chr5","99122137","99122270","chr5","38957611","38957744","14","60164526"
"chr5","99141108","99141404","chr4","130314501","130314796","37","31173393"
"chr5","99153856","99154148","chr5","44190574","44190868","41","54963282"
"chr5","99154577","99154762","chr2B","6921912","6922089","29","92232665"
"chr5","99154790","99154911","chr9","45435101","45435223","17","53719689"
"chr5","99159977","99160091","chr5","24695484","24695602","21","74464493"
"chr5","99165665","99165852","chr1","129332753","129332933","58","30167088"
"chr5","99168553","99168630","chr9","76128980","76129056","9","23039573"
"chr5","99168921","99169070","chr1","28134635","28134769","25","71034286"
"chr5","99187113","99187401","chr6","110621478","110621768","37","11434365"
"chr5","99195036","99195280","chr12","125048775","125049022","33","25853739"
"chr5","99274658","99274973","chr2A","2543554","2543864","52","96731104"
"chr5","99280412","99280684","chrX","25232772","25233053","46","74047640"
"chr5","99282936","99283266","chr1","93519137","93519467","58","5763799"
"chr5","99329692","99329817","chrX","42406117","42406242","20","56923575"
"chr5","99330109","99330257","chr3","9778050","9778199","16","89552059"
"chr5","99335499","99335797","chr19","39300297","39300596","36","60035202"
"chr5","99336988","99337125","chrX","1730666","1730803","18","97606322"
"chr5","99343092","99343383","chr7","139996539","139996831","36","40653447"
"chr5","99349269","99349569","chr22","19407366","19407666","34","79941903"
"chr5","99349657","99349958","chr1","13491740","13492042","36","85857917"
"chr5","99353244","99353543","chr1","193132439","193132740","41","93779195"
"chr5","99356168","99356301","chr5","161161762","161161894","13","61805594"
"chr5","99368077","99368377","chr5","2684562","2684864","32","96683515"
"chr5","99368389","99368502","chr7","5414295","5414412","14","93954094"
"chr5","99368531","99368694","chr16","31552584","31552750","23","67815947"
"chr5","99368739","99369020","chr3","58637306","58637582","57","40731433"
"chr5","99369199","99369351","chr10","829619","829768","21","98539580"
"chr5","99369494","99369651","chrX","2480111","2480269","24","96889383"
"chr5","99372700","99372857","chr3","57832885","57833045","29","41539815"
"chr5","99373147","99373281","chr17","6927655","6927789","17","92445492"
"chr5","99406702","99407011","chr16","57746153","57746460","42","41660549"
"chr5","99424758","99425059","chrX","8517719","8518020","43","90907039"
"chr5","99429251","99429423","chr17","17765292","17765458","31","81663959"
"chr5","99434746","99435041","chr5","25420237","25420531","38","74014509"
"chr5","99443130","99443416","chr6","147124949","147125234","32","47681819"
"chr5","99450796","99451081","chr6","128262527","128262815","42","28811731"
"chr5","99452965","99453292","chr14","85776090","85776400","55","13676875"
"chr5","99477007","99477294","chr3","190276346","190276640","42","90799339"
"chr5","99483445","99483541","chr7","76031609","76031706","17","23451836"
"chr5","99487702","99487810","chr5","101910423","101910525","23","2422721"
"chr5","99488355","99488573","chr7","27999169","27999383","37","71489186"
"chr5","99491457","99491765","chr8","124689022","124689325","35","25197565"
"chr5","99497127","99497262","chr4","162598263","162598401","23","63101136"
"chr5","99500557","99500864","chr9","106700240","106700551","43","7199683"
"chr5","99505728","99505822","chr8","143559698","143559792","13","44053970"
"chr5","99507196","99507508","chr4","2608770","2609075","50","96898426"
"chr5","99527993","99528149","chr9","108610781","108610931","23","9082788"
"chr5","99528180","99528299","chrX","1266201","1266319","13","98261979"
"chr5","99530149","99530443","chr1","27413664","27413959","41","72116485"
"chr5","99569239","99569495","chr5","3177439","3177702","47","96391800"
"chr5","99580817","99581111","chr2B","129446636","129446930","37","29865819"
"chr5","99583824","99584113","chr7","1669242","1669542","50","97914582"
"chr5","99597579","99597748","chr16","31552584","31552750","27","68044995"
"chr5","99598042","99598179","chr9","49197226","49197359","14","50400816"
"chr5","99598747","99599028","chr1","135608013","135608295","40","36009266"
"chr5","99604617","99604918","chr12","109730535","109730832","35","10125918"
"chr5","99605850","99606169","chr9","80725560","80725879","47","18880290"
"chr5","99619375","99619697","chr15","57299720","57300037","46","42319655"
"chr5","99626199","99626471","chr5","125040055","125040335","34","25413856"
"chr5","99629309","99629596","chr5","25611490","25611779","41","74017819"
"chr5","99655096","99655402","chr6","160717323","160717626","42","61062227"
"chr5","99726026","99726327","chr5","14837140","14837438","43","84888886"
"chr5","99748359","99748660","chr1","118872608","118872909","42","19124249"
"chr5","99775538","99775826","chr19","35564249","35564547","47","64211289"
"chr5","99779570","99779862","chr9","111012343","111012634","38","11232773"
"chr5","99818626","99818904","chr22","17590884","17591166","40","82227742"
"chr5","99823396","99823685","chr1","180013884","180014177","41","80190488"
"chr5","99846620","99846825","chr11","130505553","130505759","41","30658933"
"chr5","99873796","99873958","chr3","50494945","50495104","38","49378851"
"chr5","99900293","99900592","chr14","60651660","60651957","42","39248633"
"chr5","99929950","99930232","chr3","33719972","33720261","42","66209978"
"chr5","99942386","99942674","chr1","76677706","76677999","36","23264680"
"chr5","99943934","99944053","chr19","46417092","46417215","13","53526842"
"chr5","99950594","99950836","chrX","40490636","40490870","48","59459958"
"chr5","99960953","99961141","chr13","73447265","73447448","31","26513688"
"chr5","99973187","99973483","chr11","68251296","68251593","45","31721891"
"chr5","100002004","100002292","chr13","35829925","35830221","40","64172079"
"chr5","100013179","100013479","chr14","58850320","58850615","65","41162859"
"chr5","100018727","100019027","chr8","34196592","34196885","39","65822135"
"chr5","100024751","100024933","chr19","53165857","53166038","32","46858894"
"chr5","100029001","100029309","chr5","26003963","26004241","59","74025038"
"chr5","100034577","100034836","chr6","18059532","18059793","35","81975045"
"chr5","100042659","100042962","chr5","26015540","26015847","51","74027119"
"chr5","100052341","100052565","chr21","30494442","30494671","45","69557899"
"chr5","100058825","100059129","chr3","189017179","189017480","32","88958354"
"chr5","100071307","100071589","chr19","3129950","3130227","48","96941357"
"chr5","100080028","100080163","chr5","38957611","38957744","9","61122417"
"chr5","100086863","100087163","chr7","128058400","128058696","39","27971537"
"chr5","100087513","100087794","chr2A","63367899","63368190","43","36719614"
"chr5","100114846","100115144","chr4","198062716","198063012","42","97947870"
"chr5","100160207","100160482","chr2B","124728949","124729237","50","24568742"
"chr5","100180457","100180758","chr17","5302132","5302429","41","94878325"
"chr5","100217264","100217558","chrX","123850881","123851176","38","23633617"
"chr5","100227530","100227777","chr5","26200975","26201222","34","74026555"
"chr5","100245910","100246205","chr22","7776031","7776337","48","92469879"
"chr5","100258453","100258735","chr2B","10180593","10180878","37","90077860"
"chr5","100285560","100285676","chr1","180054399","180054515","15","79768839"
"chr5","100315746","100315876","chr7","4485178","4485309","16","95830568"
"chr5","100335753","100336069","chr5","133705958","133706278","48","33370205"
"chr5","100347547","100347824","chr7","107342637","107342915","41","6995090"
"chr5","100353313","100353644","chr9","111195610","111195929","68","10842297"
"chr5","100356144","100356432","chr11","9392301","9392584","41","90963843"
"chr5","100356724","100356998","chr16","20925918","20926194","51","79430806"
"chr5","100386815","100386946","chr4","151370842","151370977","18","50984027"
"chr5","100387244","100387410","chr22","15469198","15469367","29","84918046"
"chr5","100396869","100396977","chr15","71499102","71499205","24","28897767"
"chr5","100426868","100427177","chr1","46019109","46019414","56","54407759"
"chr5","100455925","100456082","chr16","62447087","62447240","34","38008838"
"chr5","100456391","100456524","chr1","114318909","114319042","14","13862518"
"chr5","100463296","100463427","chr6","11957977","11958108","20","88505319"
"chr5","100483792","100484095","chr8","101544594","101544890","38","1060802"
"chr5","100489969","100490251","chr1","110242576","110242860","49","9752607"
"chr5","100526324","100526474","chr21","1123942","1124089","20","99402382"
"chr5","100539617","100539919","chr1","15780071","15780366","43","84759546"
"chr5","100547786","100548079","chr20","35304583","35304875","40","65243203"
"chr5","100626655","100626951","chr11","117367595","117367888","45","16740940"
"chr5","100655246","100655525","chr18","28876812","28877098","36","71778434"
"chr5","100671911","100672212","chr2B","67540821","67541122","32","33131090"
"chr5","100717721","100718016","chr19","49954544","49954838","39","50763177"
"chr5","100781868","100782161","chr5","117760443","117760736","45","16978575"
"chr5","100791915","100792190","chr3","27994249","27994535","48","72797666"
"chr5","100800853","100801162","chr20","34584892","34585194","38","66215961"
"chr5","100805677","100805814","chr18","60240694","60240839","26","40564983"
"chr5","100806926","100807199","chr5","20399983","20400258","39","80406943"
"chr5","100876564","100876861","chr6","6870624","6870926","53","94005940"
"chr5","100952766","100953027","chr11","11137389","11137658","46","89815377"
"chr5","100980547","100980795","chr14","38348718","38348980","44","62631829"
"chr5","100981603","100981862","chr11","22101228","22101496","45","78880375"
"chr5","101000256","101000580","chr2A","104309467","104309778","60","3309211"
"chr5","101014976","101015232","chr5","26984272","26984526","43","74030704"
"chr5","101077762","101078069","chr18","46131737","46132048","39","54946025"
"chr5","101105326","101105446","chr18","74720693","74720820","20","26384633"
"chr5","101126499","101126760","chr5","3177439","3177702","41","97949060"
"chr5","101170610","101170790","chr4","123956454","123956641","25","22785844"
"chr5","101217957","101218250","chrX","121099721","121100015","46","19881764"
"chr5","101239614","101239768","chr3","26700858","26701011","29","74538756"
"chr5","101240076","101240140","chr1","1606512","1606578","8","99633564"
"chr5","101254731","101254855","chr1","40002123","40002247","20","61252608"
"chr5","101254886","101255061","chr5","19584116","19584279","35","81670770"
"chr5","101284705","101285013","chrX","27048269","27048578","45","74236436"
"chr5","101334208","101334508","chr5","40662770","40663064","36","60671438"
"chr5","101377263","101377551","chr6","85318229","85318519","38","16059034"
"chr5","101428613","101428905","chr2B","23858761","23859052","41","77569852"
"chr5","101444703","101444964","chr1","159871765","159872034","61","58427062"
"chr5","101447400","101447582","chr4","151341010","151341188","37","49893610"
"chr5","101497541","101497799","chr1","19948860","19949131","53","81548681"
"chr5","101538006","101538314","chr12","58120124","58120429","46","43417882"
"chr5","101553731","101554042","chr3","101233331","101233639","50","320400"
"chr5","101623048","101623200","chr19","39365925","39366078","21","62257123"
"chr5","101701014","101701312","chr10","16071183","16071485","42","85629831"
"chr5","101779887","101780183","chr7","99269821","99270124","52","2510066"
"chr5","101814651","101814915","chr1","22063864","22064125","49","79750787"
"chr5","101823178","101823470","chr9","78276742","78277022","50","23546436"
"chr5","101843317","101843615","chr5","37548275","37548584","50","64295042"
"chr5","101848850","101848940","chrX","50078671","50078760","15","51770179"
"chr5","101849443","101849523","chr1","28753545","28753625","12","73095898"
"chr5","101853643","101853920","chr5","153760245","153760531","46","51906602"
"chr5","101860535","101860814","chr10","137392933","137393215","50","35532398"
"chr5","101879450","101879735","chr12","121994606","121994895","42","20115156"
"chr5","101921155","101921453","chr2B","111398303","111398601","43","9477148"
"chr5","101933683","101933811","chr2B","129831786","129831912","19","27898103"
"chr5","102086114","102086411","chr13","1064969","1065265","37","101021145"
"chr5","102101236","102101537","chr5","28168998","28169298","41","73932238"
"chr5","102230124","102230427","chr6","42820994","42821288","71","59409130"
"chr5","102262587","102262876","chr11","9468634","9468917","43","92793953"
"chr5","102275047","102275170","chr9","45252398","45252520","21","57022649"
"chr5","102284047","102284344","chr10","118067860","118068160","48","15783813"
"chr5","102307747","102308039","chr1","23538342","23538639","39","78769405"
"chr5","102320578","102320865","chr20","35533573","35533858","40","66787005"
"chr5","102353916","102354099","chr15","68865492","68865654","54","33488424"
"chr5","102370407","102370445","chr5","60290119","60290161","10","42080288"
"chr5","102370474","102370732","chr10","100354316","100354578","49","2016158"
"chr5","102376647","102376946","chr4","100304636","100304931","41","2072011"
"chr5","102382809","102383072","chr13","11702169","11702436","47","90680640"
"chr5","102392640","102392939","chr3","188561795","188562095","36","86169155"
"chr5","102404386","102404654","chr22","28586771","28587062","52","73817615"
"chr5","102453255","102453566","chr1","15888633","15888931","67","86564622"
"chr5","102531639","102531959","chr12","31515743","31516049","51","71015896"
"chr5","102584443","102584706","chr15","6882077","6882340","52","95702366"
"chr5","102875224","102875509","chr2B","124728949","124729237","57","21853725"
"chr5","102956720","102956981","chr5","29088343","29088614","55","73868377"
"chr5","103012924","103013222","chr1","156921438","156921735","47","53908514"
"chr5","103040956","103041248","chr16","28312128","28312422","46","74728828"
"chr5","103087065","103087244","chr3","67193046","67193226","32","35894019"
"chr5","103112783","103113074","chr18","14234508","14234797","48","88878275"
"chr5","103218451","103218555","chr6","32533953","32534063","22","70684498"
"chr5","103275151","103275283","chr21","23023866","23023983","41","80251285"
"chr5","103301527","103301802","chr9","79108642","79108921","47","24192885"
"chr5","103333597","103333881","chr10","36206364","36206653","55","67127233"
"chr5","103346015","103346281","chr19","8347720","8347997","55","94998295"
"chr5","103350491","103350638","chr9","43087207","43087352","20","60263284"
"chr5","103367650","103367961","chr5","34215137","34215446","36","69152513"
"chr5","103373346","103373655","chr6","25134265","25134580","50","78239081"
"chr5","103423196","103423484","chr1","35234653","35234939","38","68188543"
"chr5","103489302","103489553","chr6","18059532","18059793","51","85429770"
"chr5","103607221","103607341","chr13","45572667","45572789","22","58034554"
"chr5","103607362","103607520","chr19","12031666","12031828","25","91575696"
"chr5","103621373","103621651","chr13","23086685","23086963","52","80534688"
"chr5","103718375","103718666","chr2A","42962085","42962373","44","60756290"
"chr5","103723122","103723285","chr19","20609259","20609419","25","83113863"
"chr5","103723718","103723850","chr1","52986308","52986440","14","50737410"
"chr5","103728440","103728598","chr4","7086988","7087129","49","96641452"
"chr5","103728655","103728822","chr10","128669279","128669446","30","24940624"
"chr5","103807930","103808248","chr7","5846026","5846339","57","97961904"
"chr5","103833756","103833877","chr16","8057389","8057517","25","95776367"
"chr5","103834047","103834219","chr1","15810713","15810878","33","88023334"
"chr5","103883319","103883617","chr19","36025272","36025565","48","67858047"
"chr5","103894794","103894999","chr12","96377852","96378057","34","7516942"
"chr5","103926925","103927243","chr14","74631939","74632254","48","29294986"
"chr5","103932435","103932563","chr2B","96120242","96120374","29","7812193"
"chr5","103932878","103933049","chr3","10057960","10058139","35","93874918"
"chr5","104097154","104097457","chr3","186873064","186873359","49","82775910"
"chr5","104210582","104210889","chr4","140090931","140091239","54","35880349"
"chr5","104252774","104253069","chr1","20280960","20281258","47","83971814"
"chr5","104281848","104281983","chr11","9180133","9180268","21","95101715"
"chr5","104282275","104282452","chr14","58908447","58908623","29","45373828"
"chr5","104434241","104434531","chrX","153980564","153980862","37","49546323"
"chr5","104434864","104435088","chr4","161387162","161387396","48","56952298"
"chr5","104492576","104492871","chr6","5141574","5141870","48","99351002"
"chr5","104538444","104538696","chr1","28757416","28757663","53","75781028"
"chr5","104633911","104634219","chr3","121038671","121038982","40","16404760"
"chr5","104647034","104647248","chr20","44227648","44227873","51","60419386"
"chr5","104670976","104671275","chr4","37991659","37991968","47","66679317"
"chr5","104825231","104825530","chr6","17621980","17622286","39","87203251"
"chr5","104866954","104867253","chr9","113723652","113723953","51","8856698"
"chr5","104880015","104880295","chr1","205612646","205612928","46","100732631"
"chr5","104999455","104999748","chr9","114910019","114910319","44","9910564"
"chr5","105047144","105047452","chr5","24372432","24372725","57","80674712"
"chr5","105115296","105115583","chr5","31097769","31098060","54","74017527"
"chr5","105202488","105202701","chr14","16395420","16395621","40","88807068"
"chr5","105216390","105216707","chr5","31215862","31216177","40","74000528"
"chr5","105258126","105258273","chr9","104459445","104459589","39","798681"
"chr5","105288836","105289133","chr14","11718645","11718940","45","93570191"
"chr5","105297882","105298179","chr11","5345096","5345392","47","99952786"
"chr5","105330648","105330963","chr22","2903052","2903361","47","102427596"
"chr5","105340692","105340815","chr4","124330910","124331034","21","18990218"
"chr5","105633669","105633931","chr5","31591311","31591573","35","74042358"
"chr5","105667458","105667763","chr9","34622433","34622739","49","71045025"
"chr5","105761473","105761606","chr12","9001577","9001712","25","96759896"
"chr5","105761967","105762225","chr2B","37965688","37965942","42","67796279"
"chr5","105818648","105818948","chr9","43202834","43203132","45","62615814"
"chr5","105834685","105834991","chr14","110301","110606","42","105724384"
"chr5","105849527","105849819","chr14","87605486","87605781","36","18244041"
"chr5","105864455","105864571","chrX","2663123","2663236","20","103201332"
"chr5","105864596","105864848","chrX","24438622","24438886","46","81425974"
"chr5","106034924","106035067","chr19","54270043","54270185","16","51764881"
"chr5","106066550","106066829","chr3","75915486","75915767","44","30151064"
"chr5","106081935","106082229","chr4","74696718","74697012","48","31385217"
"chr5","106149446","106149667","chr9","9978815","9979044","42","96170631"
"chr5","106162023","106162210","chr6","58439187","58439379","38","47722836"
"chr5","106186659","106186796","chr3","152804465","152804602","21","46617806"
"chr5","106194754","106195079","chr5","31998941","31999266","56","74195813"
"chr5","106212885","106213134","chr5","32017044","32017299","37","74195841"
"chr5","106225228","106225520","chr18","2191279","2191572","42","104033949"
"chr5","106226194","106226322","chr1","71393655","71393787","13","34832539"
"chr5","106244959","106245179","chr5","154900349","154900580","48","48655390"
"chr5","106246136","106246214","chr15","22700110","22700189","15","83546026"
"chr5","106260089","106260366","chr11","19582324","19582589","54","86677765"
"chr5","106265579","106265714","chr7","57083020","57083154","23","49182559"
"chr5","106265738","106265914","chr8","124598467","124598647","35","18332729"
"chr5","106294407","106294691","chr5","61208080","61208365","38","45086327"
"chr5","106333157","106333450","chr17","1639093","1639392","31","104694064"
"chr5","106335424","106335602","chr1","124450776","124450951","35","18115352"
"chr5","106341877","106342171","chr5","32163670","32163967","39","74178207"
"chr5","106342617","106342883","chr5","37834860","37835127","42","68507757"
"chr5","106346124","106346216","chr4","190240444","190240535","11","83894320"
"chr5","106352864","106353167","chr10","39015697","39015999","46","67337167"
"chr5","106360109","106360382","chr6","157490359","157490623","62","51130250"
"chr5","106360595","106360888","chr10","27129868","27130169","45","79230727"
"chr5","106366944","106367221","chr5","32194950","32195228","42","74171994"
"chr5","106367328","106367473","chr5","32195343","32195490","16","74171985"
"chr5","106377355","106377497","chrX","49267329","49267472","24","57110026"
"chr5","106377811","106377949","chr11","102034633","102034771","17","4343178"
"chr5","106387445","106387751","chr22","23478312","23478616","49","82909133"
"chr5","106391396","106391695","chrX","47906942","47907236","39","58484454"
"chr5","106394016","106394084","chr6","89717780","89717850","16","16676236"
"chr5","106395292","106395582","chr3","121298263","121298559","50","14902971"
"chr5","106401852","106402152","chr8","63849365","63849666","48","42552487"
"chr5","106407354","106407650","chr13","31917110","31917405","34","74490244"
"chr5","106407726","106407901","chr1","162846265","162846444","27","56438539"
"chr5","106416511","106416638","chr14","12485207","12485337","13","93931304"
"chr5","106427524","106427807","chrX","17297985","17298267","43","89129539"
"chr5","106429840","106430137","chr5","117715882","117716173","42","11286042"
"chr5","106431588","106431716","chr10","37978285","37978416","20","68453303"
"chr5","106437396","106437510","chr1","93746517","93746636","14","12690879"
"chr5","106438068","106438256","chr12","109788299","109788486","39","3350231"
"chr5","106438276","106438570","chr4","122414768","122415066","33","15976492"
"chr5","106438573","106438788","chr21","24428860","24429072","39","82009713"
"chr5","106439936","106440224","chr8","99334684","99334977","39","7105252"
"chr5","106441660","106441753","chr3","149918887","149918980","16","43477227"
"chr5","106442036","106442170","chr7","73956640","73956776","15","32485396"
"chr5","106443013","106443149","chr14","67335287","67335411","27","39107726"
"chr5","106447941","106448075","chr6","78227073","78227205","18","28220868"
"chr5","106448378","106448566","chr7","44427909","44428093","35","62020469"
"chr5","106451165","106451255","chr5","110071818","110071914","14","3620653"
"chr5","106466164","106466305","chrX","48342427","48342562","29","58123737"
"chr5","106466604","106466764","chr6","12401586","12401735","43","94065018"
"chr5","106476980","106477111","chr1","134667182","134667314","17","28190202"
"chr5","106479892","106480009","chr2A","61348931","61349050","15","45130961"
"chr5","106487092","106487356","chr11","107975045","107975301","38","1487953"
"chr5","106487482","106487755","chr3","101371339","101371624","47","5116143"
"chr5","106500387","106500671","chr5","18074268","18074553","49","88426119"
"chr5","106508871","106509144","chr7","102354473","102354743","50","4154398"
"chr5","106510392","106510676","chr5","32334901","32335186","48","74175491"
"chr5","106525679","106525974","chr9","113180789","113181085","37","6655110"
"chr5","106542064","106542354","chrX","119232132","119232423","42","12690068"
"chr5","106543595","106543886","chrX","119232132","119232423","41","12688537"
"chr5","106599071","106599281","chr5","32419021","32419230","21","74180050"
"chr5","106603788","106604079","chr19","39300297","39300596","42","67303491"
"chr5","106613288","106613592","chr7","139963807","139964112","38","33350519"
"chr5","106616849","106617160","chr3","46381852","46382163","32","60234997"
"chr5","106618228","106618421","chr11","5209240","5209434","38","101408988"
"chr5","106618603","106618675","chr10","27314069","27314141","8","79304534"
"chr5","106622296","106622541","chr12","96097147","96097410","52","10525149"
"chr5","106628887","106629035","chr19","8202605","8202758","29","98426282"
"chr5","106643182","106643479","chr10","100668224","100668519","43","5974958"
"chr5","106649481","106649787","chr3","145075043","145075350","44","38425562"
"chr5","106659973","106660267","chr5","32486079","32486373","36","74173894"
"chr5","106667335","106667603","chr3","51774610","51774885","41","54892725"
"chr5","106684785","106684887","chr3","81188117","81188214","15","25496668"
"chr5","106689428","106689667","chr7","137937897","137938147","41","31248469"
"chr5","106693626","106693937","chr3","187803297","187803598","44","81109671"
"chr5","106705821","106706094","chr5","32536594","32536875","45","74169227"
"chr5","106709248","106709358","chr5","123066110","123066217","19","16356862"
"chr5","106718248","106718541","chr5","40662770","40663064","43","66055478"
"chr5","106737668","106737971","chr1","20280960","20281258","51","86456708"
"chr5","106773789","106774058","chr2B","129989555","129989833","38","23215766"
"chr5","106774309","106774609","chr11","10425355","10425652","49","96348954"
"chr5","106785703","106785996","chr1","224319880","224320178","39","117534177"
"chr5","106786784","106786907","chr4","124094046","124094178","15","17307262"
"chr5","106799862","106800143","chr6","34253781","34254056","48","72546081"
"chr5","106813687","106813948","chr19","31602423","31602686","41","75211264"
"chr5","106824129","106824247","chr8","55314500","55314620","19","51509629"
"chr5","106828919","106829036","chr20","32785534","32785650","25","74043385"
"chr5","106829034","106829107","chr8","95396377","95396451","10","11432657"
"chr5","106832156","106832335","chr6","54204558","54204736","35","52627598"
"chr5","106832662","106832796","chr3","48404443","48404577","12","58428219"
"chr5","106833128","106833243","chr6","91723632","91723748","19","15109496"
"chr5","106833544","106833738","chr6","42767574","42767771","33","64065970"
"chr5","106835087","106835248","chr20","6034647","6034804","30","100800440"
"chr5","106839975","106840281","chr14","52231686","52231970","55","54608289"
"chr5","106859234","106859542","chr13","77437423","77437717","56","29421811"
"chr5","106860664","106860796","chr4","185734049","185734184","13","78873385"
"chr5","106884185","106884345","chr19","6414816","6414977","20","100469369"
"chr5","106884607","106884734","chrX","45063471","45063598","19","61821136"
"chr5","106906005","106906321","chr1","205466258","205466570","48","98560253"
"chr5","106910646","106910793","chr7","150967854","150967983","41","44057208"
"chr5","106910837","106911006","chr7","76846308","76846474","24","30064529"
"chr5","106920303","106920594","chr22","26101674","26101970","40","80818629"
"chr5","106938815","106938966","chrX","50132440","50132584","21","56806375"
"chr5","106968121","106968406","chr6","136694182","136694473","37","29726061"
"chr5","106975926","106976214","chr5","156460231","156460525","39","49484305"
"chr5","107036466","107036678","chr9","120578382","120578592","27","13541916"
"chr5","107036886","107037007","chr6","42792596","42792727","17","64244290"
"chr5","107056587","107056719","chr1","65876428","65876562","15","41180159"
"chr5","107057009","107057176","chr12","33023715","33023880","20","74033294"
"chr5","107071355","107071519","chr5","19584116","19584279","29","87487239"
"chr5","107071808","107071951","chr5","122826175","122826321","22","15754367"
"chr5","107088514","107088827","chr5","32906213","32906511","47","74182301"
"chr5","107104447","107104735","chr5","32922611","32922905","59","74181836"
"chr5","107129175","107129422","chr8","119221662","119221904","39","12092487"
"chr5","107146855","107147116","chr3","50283589","50283849","53","56863266"
"chr5","107147414","107147497","chr12","121865970","121866049","17","14718556"
"chr5","107147500","107147773","chr20","48240693","48240983","53","58906807"
"chr5","107149195","107149412","chr1","127630359","127630575","38","20481164"
"chr5","107158671","107158982","chr7","47996601","47996911","49","59162070"
"chr5","107162934","107163239","chr6","141167175","141167469","54","34004241"
"chr5","107174049","107174298","chr5","33009652","33009902","40","74164397"
"chr5","107189352","107189654","chr3","42788373","42788672","38","64400979"
"chr5","107223190","107223467","chr1","105323009","105323283","42","1900181"
"chr5","107246770","107247058","chr6","72555669","72555949","49","34691101"
"chr5","107248362","107248453","chr5","10498837","10498929","9","96749525"
"chr5","107250698","107250994","chr19","49093755","49094051","36","58156943"
"chr5","107252296","107252380","chr12","52716503","52716590","11","54535793"
"chr5","107253170","107253338","chr7","76846308","76846474","24","30406862"
"chr5","107253638","107253772","chr7","140485581","140485713","13","33231943"
"chr5","107278355","107278496","chr9","26674366","26674496","25","80603989"
"chr5","107279301","107279522","chr7","22185451","22185677","46","85093850"
"chr5","107319319","107319634","chr1","46660087","46660391","55","60659232"
"chr5","107319966","107320261","chr5","33169488","33169787","35","74150478"
"chr5","107327328","107327341","chr1","47186183","47186196","2","60141145"
"chr5","107327637","107327810","chr3","59358403","59358578","30","47969234"
"chr5","107364565","107364862","chr1","32797747","32798044","38","74566818"
"chr5","107367587","107367872","chr5","62241678","62241965","42","45125909"
"chr5","107369453","107369709","chr20","40332872","40333133","43","67036581"
"chr5","107409177","107409475","chr1","140094274","140094571","80","32685097"
"chr5","107433892","107434195","chr19","20156875","20157179","36","87277017"
"chr5","107449012","107449283","chr14","85468045","85468324","50","21980967"
"chr5","107454012","107454317","chr4","200821253","200821559","40","93367241"
"chr5","107477974","107478276","chr6","137802054","137802357","39","30324080"
"chr5","107486122","107486237","chr20","30356572","30356694","20","77129550"
"chr5","107487230","107487525","chr1","130296201","130296498","42","22808971"
"chr5","107490235","107490307","chr9","12883424","12883495","16","94606811"
"chr5","107490361","107490523","chr3","50494945","50495104","26","56995416"
"chr5","107496289","107496593","chr8","101544594","101544890","43","5951695"
"chr5","107503309","107503603","chr19","19458640","19458930","47","88044669"
"chr5","107517595","107517727","chr6","47131434","47131574","26","60386161"
"chr5","107521860","107522051","chr3","50034012","50034204","34","57487848"
"chr5","107525784","107526117","chr11","68174677","68174998","54","39351107"
"chr5","107527023","107527306","chr12","34815487","34815779","42","72711536"
"chr5","107573631","107573929","chr6","75485171","75485472","44","32088460"
"chr5","107612751","107613019","chr5","24089428","24089692","51","83523323"
"chr5","107624982","107625275","chr9","71736676","71736971","39","35888306"
"chr5","107630816","107631100","chr5","6654269","6654550","46","100976547"
"chr5","107658790","107658933","chr6","47131434","47131574","21","60527356"
"chr5","107676964","107677174","chr2A","84198754","84198964","30","23478210"
"chr5","107682291","107682433","chr3","129404405","129404546","27","21722114"
"chr5","107693700","107693990","chr4","151686277","151686573","46","43992577"
"chr5","107705762","107706038","chr11","9189908","9190195","43","98515854"
"chr5","107727571","107727843","chr19","8400679","8400953","47","99326892"
"chr5","107749394","107749689","chr2A","67830661","67830952","48","39918733"
"chr5","107767071","107767341","chr9","71435104","71435381","45","36331967"
"chr5","107778795","107779101","chr3","182288845","182289148","47","74510050"
"chr5","107784887","107785181","chr10","100668224","100668519","36","7116663"
"chr5","107802414","107802551","chr5","141700662","141700793","15","33898248"
"chr5","107810331","107810495","chr20","19192369","19192541","29","88617962"
"chr5","107813092","107813217","chr10","100275972","100276100","20","7537120"
"chr5","107855619","107855791","chr12","98776420","98776589","27","9079199"
"chr5","107856064","107856195","chr1","28492878","28493009","25","79363186"
"chr5","107869630","107869754","chr12","72466715","72466842","17","35402915"
"chr5","107870387","107870670","chr6","129175476","129175763","38","21305089"
"chr5","107875980","107876284","chr18","5519850","5520156","40","102356130"
"chr5","107880587","107880720","chr6","75172923","75173058","17","32707664"
"chr5","107892938","107893232","chr9","116674797","116675091","40","8781859"
"chr5","107903392","107903698","chr20","35730587","35730892","53","72172805"
"chr5","107922990","107923262","chr8","4739306","4739572","45","103183684"
"chr5","107939964","107940260","chr5","53705870","53706166","45","54234094"
"chr5","107961604","107961911","chr3","12995468","12995767","43","94966136"
"chr5","107963265","107963568","chr9","110099856","110100139","57","2136591"
"chr5","107984361","107984668","chr3","145075043","145075350","44","37090682"
"chr5","107986379","107986520","chr1","141548532","141548674","16","33562153"
"chr5","108006458","108006744","chr1","28821813","28822101","51","79184645"
"chr5","108010579","108010854","chr9","99672607","99672878","50","8337972"
"chr5","108019235","108019523","chr1","124334766","124335057","55","16315531"
"chr5","108045146","108045448","chr4","154361154","154361455","45","46316008"
"chr5","108063880","108064067","chr1","23512543","23512730","25","84551337"
"chr5","108091944","108092238","chr8","66691960","66692252","42","41399984"
"chr5","108111477","108111782","chr1","114446626","114446925","47","6335149"
"chr5","108123821","108123969","chr6","34131083","34131236","30","73992738"
"chr5","108148264","108148572","chr3","125673029","125673336","39","17524765"
"chr5","108150609","108150902","chrX","121099721","121100015","44","12949112"
"chr5","108153856","108154050","chr9","108877278","108877458","38","723422"
"chr5","108154327","108154455","chr3","60785435","60785563","15","47368892"
"chr5","108163947","108164082","chr9","13222358","13222493","20","94941589"
"chr5","108164390","108164553","chr11","65650934","65651102","31","42513456"
"chr5","108166734","108167038","chr3","46431195","46431496","47","61735539"
"chr5","108168922","108168993","chr6","16184191","16184263","5","91984731"
"chr5","108169800","108169913","chr9","107676550","107676661","20","493250"
"chr5","108172810","108173101","chrX","77486394","77486689","45","30686416"
"chr5","108180899","108181201","chrX","15626910","15627195","45","92553989"
"chr5","108182929","108183206","chr3","179781249","179781524","39","71598320"
"chr5","108199502","108199634","chr1","93944293","93944428","26","14255209"
"chr5","108199932","108200065","chr3","8501615","8501750","13","99698317"
"chr5","108200195","108200485","chr18","18251317","18251608","36","89948878"
"chr5","108203236","108203521","chr9","75067483","75067771","41","33135753"
"chr5","108208286","108208471","chr7","31450430","31450611","38","76757856"
"chr5","108208767","108208884","chr1","209109778","209109894","14","100901011"
"chr5","108214463","108214766","chr2A","18587879","18588180","57","89626584"
"chr5","108222428","108222526","chr6","32533953","32534063","27","75688475"
"chr5","108231106","108231393","chr1","76677706","76677999","40","31553400"
"chr5","108247687","108247993","chr5","6018548","6018857","43","102229139"
"chr5","108249630","108249771","chr20","43039981","43040121","17","65209649"
"chr5","108252947","108253262","chr22","23081708","23082018","46","85171239"
"chr5","108268414","108268691","chr1","182991555","182991845","52","74723141"
"chr5","108271171","108271448","chr12","37912259","37912538","42","70358912"
"chr5","108271803","108272097","chr2A","41498822","41499120","46","66772981"
"chr5","108276029","108276297","chrX","55206860","55207133","50","53069169"
"chr5","108281662","108281828","chr18","7262198","7262362","18","101019464"
"chr5","108287359","108287637","chr16","30988243","30988520","47","77299116"
"chr5","108289072","108289194","chr12","112659801","112659924","21","4370729"
"chr5","108290344","108290626","chr14","76476938","76477225","44","31813406"
"chr5","108294926","108295224","chr12","68476206","68476510","43","39818720"
"chr5","108296018","108296152","chr9","111117898","111118031","24","2821880"
"chr5","108296430","108296567","chr3","50278681","50278818","20","58017749"
"chr5","108303964","108304172","chr9","58683859","58684073","24","49620105"
"chr5","108310877","108311160","chr7","141128548","141128831","35","32817671"
"chr5","108313790","108314103","chr1","52654429","52654737","45","55659361"
"chr5","108350753","108350853","chr7","129380377","129380480","24","21029624"
"chr5","108353659","108353881","chr2B","66665417","66665639","24","41688242"
"chr5","108354662","108354933","chr5","34275609","34275888","49","74079053"
"chr5","108357288","108357405","chr7","5414295","5414412","13","102942993"
"chr5","108359339","108359521","chr22","5626090","5626274","39","102733249"
"chr5","108359840","108359910","chr10","37294462","37294535","16","71065378"
"chr5","108365477","108365784","chr1","205863329","205863635","34","97497852"
"chr5","108369266","108369451","chr3","129881249","129881431","31","21511983"
"chr5","108369781","108369899","chr7","79027399","79027514","21","29342382"
"chr5","108373574","108373692","chr6","85362783","85362893","26","23010791"
"chr5","108384699","108385003","chr19","572058","572360","42","107812641"
"chr5","108387276","108387450","chr16","23669145","23669323","28","84718131"
"chr5","108387753","108387886","chr11","61564923","61565055","10","46822830"
"chr5","108392008","108392330","chr1","9683728","9684022","83","98708280"
"chr5","108393979","108394259","chr5","21855144","21855431","48","86538835"
"chr5","108399325","108399587","chr19","1182551","1182807","48","107216774"
"chr5","108401583","108401878","chr6","153170383","153170681","34","44768800"
"chr5","108413085","108413229","chr1","57370132","57370285","29","51042953"
"chr5","108419330","108419620","chr1","214818063","214818354","34","106398733"
"chr5","108437022","108437082","chr2A","83339393","83339449","13","25097629"
"chr5","108467559","108467852","chr9","41878230","41878523","36","66589329"
"chr5","108489013","108489308","chr12","35147057","35147353","38","73341956"
"chr5","108489959","108490092","chr3","48404443","48404577","19","60085516"
"chr5","108490388","108490484","chr5","74042929","74043031","19","34447459"
"chr5","108499467","108499784","chr15","46260348","46260660","58","62239119"
"chr5","108514322","108514436","chr3","12894337","12894450","30","95619985"
"chr5","108517497","108517804","chr10","111951602","111951907","48","3434105"
"chr5","108529977","108530284","chr22","26032169","26032469","58","82497808"
"chr5","108531155","108531430","chr2B","50310665","50310949","44","58220490"
"chr5","108538393","108538663","chr21","7652644","7652911","49","100885749"
"chr5","108540122","108540427","chr1","15537107","15537412","34","93003015"
"chr5","108540658","108540754","chr5","6637334","6637432","19","101903324"
"chr5","108543639","108543890","chr6","127669760","127670023","63","19126121"
"chr5","108566244","108566404","chr7","1953278","1953440","31","106612966"
"chr5","108566941","108567101","chr15","19391838","19391992","28","89175103"
"chr5","108575273","108575396","chr7","148661024","148661145","13","40085751"
"chr5","108576445","108576588","chr17","4305835","4305976","27","104270610"
"chr5","108576888","108577074","chr12","106967627","106967801","34","1609261"
"chr5","108579775","108580074","chr5","15333866","15334166","29","93245909"
"chr5","108582322","108582633","chr11","76719549","76719855","38","31862773"
"chr5","108582802","108583090","chr11","100437219","100437506","51","8145583"
"chr5","108584766","108584906","chr1","192655789","192655928","17","84071023"
"chr5","108586430","108586535","chr16","81143941","81144043","21","27442489"
"chr5","108591761","108591893","chr1","25293747","25293879","10","83298014"
"chr5","108601811","108602083","chr11","6223984","6224261","50","102377827"
"chr5","108602463","108602744","chr21","31933268","31933561","45","76669195"
"chr5","108612219","108612421","chr1","15775291","15775465","57","92836928"
"chr5","108627290","108627561","chr2B","123223770","123224037","47","14596480"
"chr5","108628371","108628501","chr8","123134693","123134825","14","14506322"
"chr5","108637957","108638119","chr12","30393770","30393933","17","78244187"
"chr5","108643047","108643175","chr6","126596585","126596716","18","17953538"
"chr5","108669159","108669289","chr16","60437185","60437315","14","48231974"
"chr5","108673219","108673492","chr14","77833701","77833982","62","30839518"
"chr5","108675029","108675164","chr5","118531582","118531714","10","9856553"
"chr5","108675449","108675623","chr12","36993707","36993877","28","71681742"
"chr5","108675633","108675772","chrX","9062048","9062182","38","99613585"
"chr5","108676068","108676166","chr1","6253507","6253596","30","102422561"
"chr5","108686248","108686375","chr14","12485207","12485337","18","96201041"
"chr5","108688342","108688452","chr10","97158639","97158754","19","11529703"
"chr5","108689533","108689667","chr3","143091204","143091349","42","34401671"
"chr5","108693902","108694160","chrX","65505340","65505598","41","43188562"
"chr5","108703005","108703121","chr17","33600124","33600239","13","75102881"
"chr5","108703943","108704026","chr9","95365545","95365632","17","13338398"
"chr5","108707088","108707397","chr8","78441857","78442157","49","30265231"
"chr5","108711092","108711222","chr10","121510730","121510861","12","12799638"
"chr5","108737847","108737955","chr2B","106843871","106843980","19","1893976"
"chr5","108743361","108743496","chr5","138715563","138715697","17","29972202"
"chr5","108749533","108749749","chrX","96545128","96545350","38","12204405"
"chr5","108758575","108758878","chr10","85032894","85033191","33","23725681"
"chr5","108763243","108763423","chr5","19230824","19231003","42","89532419"
"chr5","108763712","108763905","chr22","25206516","25206698","54","83557196"
"chr5","108783113","108783402","chr3","54121779","54122063","44","54661334"
"chr5","108791599","108791723","chr15","73119233","73119360","16","35672366"
"chr5","108824185","108824359","chr10","132245824","132245994","27","23421639"
"chr5","108824385","108824486","chr8","78755818","78755916","17","30068567"
"chr5","108825077","108825178","chr1","29247794","29247894","23","79577283"
"chr5","108851481","108851757","chr19","15548580","15548871","47","93302901"
"chr5","108851768","108852062","chr5","34765785","34766078","52","74085983"
"chr5","108864296","108864423","chr9","76475072","76475203","28","32389224"
"chr5","108865809","108865926","chr3","45629081","45629198","13","63236728"
"chr5","108872398","108872684","chr8","121902984","121903273","44","13030586"
"chr5","108885776","108886068","chr3","77217969","77218262","44","31667807"
"chr5","108896485","108896619","chr15","42000375","42000508","16","66896110"
"chr5","108896913","108897016","chr14","86087090","86087194","24","22809823"
"chr5","108907914","108908209","chr5","24372432","24372725","36","84535482"
"chr5","109025329","109025623","chr6","45713778","45714072","38","63311551"
"chr5","109025880","109026168","chr12","126477108","126477405","49","17451228"
"chr5","109040574","109040890","chr6","111211322","111211630","42","2170748"
"chr5","109042585","109042891","chr5","34951611","34951917","45","74090974"
"chr5","109056398","109056685","chr7","7354387","7354675","39","101702011"
"chr5","109101172","109101457","chr5","116459080","116459368","35","7357908"
"chr5","109102942","109103116","chr8","48753766","48753936","24","60349176"
"chr5","109103418","109103552","chr5","39281207","39281341","14","69822211"
"chr5","109106949","109107115","chr20","17775089","17775253","18","91331860"
"chr5","109118494","109118752","chr6","109406908","109407165","37","288414"
"chr5","109124383","109124686","chrX","29130659","29130962","40","79993724"
"chr5","109146165","109146471","chr8","126717045","126717351","45","17570880"
"chr5","109152416","109152718","chr1","183343511","183343813","49","74191095"
"chr5","109176219","109176514","chr11","70585985","70586274","49","38590234"
"chr5","109178364","109178633","chr4","194741567","194741840","48","85563203"
"chr5","109245741","109246018","chr1","221175352","221175632","44","111929611"
"chr5","109249768","109250059","chr5","24372432","24372725","39","84877336"
"chr5","109300882","109301176","chr1","11658302","11658596","40","97642580"
"chr5","109324740","109325054","chr13","38267721","38268019","50","71057019"
"chr5","109335351","109335644","chr4","83095957","83096244","37","26239394"
"chr5","109335691","109335835","chr2B","28009212","28009353","31","81326479"
"chr5","109344063","109344337","chr11","113150862","113151135","42","3806799"
"chr5","109358855","109359174","chr22","23081708","23082018","38","86277147"
"chr5","109361532","109361845","chr4","110248134","110248433","50","886602"
"chr5","109368306","109368594","chr12","108681763","108682056","35","686543"
"chr5","109420176","109420395","chr17","63157587","63157814","50","46262589"
"chr5","109421333","109421642","chr19","12209193","12209499","38","97212140"
"chr5","109423462","109423750","chr17","58944990","58945277","39","50478472"
"chr5","109432607","109432729","chr10","60326661","60326780","16","49105946"
"chr5","109438626","109438907","chr2A","83270217","83270489","43","26168409"
"chr5","109444639","109444771","chr17","40157558","40157690","15","69287081"
"chr5","109446449","109446530","chr1","204345606","204345688","14","94899157"
"chr5","109447416","109447440","chr3","155736915","155736938","6","46289499"
"chr5","109447489","109447652","chr1","162631208","162631359","31","53183719"
"chr5","109447974","109448097","chr17","4511910","4512031","14","104936064"
"chr5","109458050","109458331","chr6","48058765","48059050","40","61399285"
"chr5","109466118","109466243","chr18","55000007","55000129","13","54466111"
"chr5","109466830","109466985","chr22","26486063","26486218","24","82980767"
"chr5","109471044","109471331","chr12","119455667","119455964","54","9984623"
"chr5","109472170","109472410","chr7","149448999","149449224","49","39976829"
"chr5","109476053","109476366","chr7","77548302","77548597","61","31927751"
"chr5","109477618","109477747","chr3","58633574","58633709","18","50844044"
"chr5","109478044","109478216","chr22","21292579","21292748","24","88185465"
"chr5","109478241","109478365","chr15","73119233","73119360","13","36359008"
"chr5","109480159","109480448","chr3","187525002","187525293","36","78044843"
"chr5","109488073","109488204","chr4","81956541","81956672","14","27531532"
"chr5","109492672","109492874","chr1","139388447","139388635","53","29895775"
"chr5","109493186","109493321","chr2A","21731975","21732110","8","87761211"
"chr5","109493977","109494064","chr4","104626800","104626888","21","4867177"
"chr5","109494648","109494782","chr22","26545375","26545507","15","82949273"
"chr5","109499216","109499385","chr18","3030560","3030729","35","106468656"
"chr5","109499707","109499780","chr1","15759158","15759226","20","93740549"
"chr5","109504298","109504557","chr16","67268167","67268429","51","42236131"
"chr5","109507750","109507942","chr8","8666405","8666583","36","100841345"
"chr5","109508183","109508496","chr15","53196353","53196655","51","56311830"
"chr5","109513506","109513796","chr4","124825886","124826177","40","15312380"
"chr5","109514101","109514236","chr4","185734049","185734184","16","76219948"
"chr5","109516931","109517245","chr1","217283411","217283717","44","107766480"
"chr5","109548277","109548434","chr18","18577424","18577586","22","90970853"
"chr5","109560855","109560982","chr10","138405459","138405590","15","28844604"
"chr5","109561295","109561585","chrX","48637931","48638226","37","60923364"
"chr5","109571939","109572240","chr12","111866132","111866431","37","2294193"
"chr5","109576466","109576581","chr12","129453271","129453381","16","19876805"
"chr5","109576674","109576983","chrX","16640226","16640535","43","92936448"
"chr5","109583277","109583577","chr1","192905680","192905977","44","83322403"
"chr5","109587664","109587971","chr6","50460758","50461069","53","59126906"
"chr5","109592737","109593035","chr7","5906134","5906432","37","103686603"
"chr5","109595427","109595718","chr1","160302436","160302727","39","50707009"
"chr5","109602871","109603168","chr3","109414540","109414837","36","188331"
"chr5","109607743","109607900","chr15","18481317","18481477","26","91126426"
"chr5","109608202","109608335","chr3","48404443","48404577","12","61203759"
"chr5","109626397","109626546","chr9","103860922","103861072","27","5765475"
"chr5","109626567","109626712","chr6","35361205","35361348","16","74265362"
"chr5","109629080","109629419","chr1","52654429","52654737","75","56974651"
"chr5","109631176","109631331","chr6","26786567","26786727","26","82844609"
"chr5","109642119","109642287","chr10","132245824","132245994","22","22603705"
"chr5","109642584","109642595","chr17","51777183","51777194","5","57865401"
"chr5","109642897","109643033","chr5","135002719","135002851","23","25359822"
"chr5","109663844","109663974","chr8","67868477","67868608","17","41795367"
"chr5","109671043","109671161","chr21","23023866","23023983","18","86647177"
"chr5","109671983","109672153","chrX","74323110","74323273","34","35348873"
"chr5","109672182","109672213","chr1","16440241","16440274","8","93231941"
"chr5","109672310","109672347","chr2A","45060341","45060379","6","64611969"
"chr5","109672348","109672385","chr2A","45060341","45060379","6","64612007"
"chr5","109672386","109672566","chr12","122001070","122001262","34","12328684"
"chr5","109694374","109694639","chr14","24093763","24094025","34","85600611"
"chr5","109695930","109696117","chr1","20993177","20993344","50","88702753"
"chr5","109696417","109696588","chr1","186443383","186443550","30","76746966"
"chr5","109710273","109710402","chr1","133719894","133720026","17","24009621"
"chr5","109710910","109711039","chr14","59236568","59236697","14","50474342"
"chr5","109713340","109713630","chr13","34114268","34114562","51","75599072"
"chr5","109717240","109717537","chr1","74829032","74829325","37","34888208"
"chr5","109718264","109718544","chr7","26934288","26934569","34","82783976"
"chr5","109720238","109720522","chr1","31775922","31776206","46","77944316"
"chr5","109720535","109720826","chr3","129524451","129524743","38","19803916"
"chr5","109722156","109722283","chr11","120280731","120280862","15","10558575"
"chr5","109731806","109731878","chr5","39315402","39315477","13","70416404"
"chr5","109737560","109737783","chrX","19868059","19868281","47","89869501"
"chr5","109739232","109739549","chr5","34215137","34215446","37","75524095"
"chr5","109746086","109746387","chr15","37965382","37965685","40","71780704"
"chr5","109749052","109749166","chr3","45629081","45629198","13","64119971"
"chr5","109779828","109780126","chr14","87871716","87872017","34","21908112"
"chr5","109782683","109782967","chr5","21855144","21855431","46","87927539"
"chr5","109794129","109794323","chr20","52772423","52772606","39","57021706"
"chr5","109794609","109794743","chr6","75172923","75173058","17","34621686"
"chr5","109796372","109796503","chr20","37608902","37609033","15","72187470"
"chr5","109796829","109797005","chr1","28689384","28689555","32","81107445"
"chr5","109850281","109850400","chr13","21128132","21128255","17","88722149"
"chr5","109853965","109854141","chr9","108079480","108079655","25","1774485"
"chr5","109854822","109854930","chr12","110394631","110394739","13","539809"
"chr5","109855805","109856099","chr1","215640606","215640907","39","105784801"
"chr5","109867919","109868208","chr10","117380816","117381113","41","7512897"
"chr5","109878250","109878548","chr4","86627007","86627303","34","23251243"
"chr5","109930055","109930322","chr1","114443480","114443746","39","4513425"
"chr5","109937640","109937813","chr2A","74628296","74628467","36","35309344"
"chr5","109939675","109939959","chr9","111495945","111496233","54","1556270"
"chr5","109943916","109944087","chr2A","12462472","12462645","41","97481444"
"chr5","109950974","109951248","chr3","134653851","134654140","51","24702877"
"chr5","109951913","109952220","chr2A","22572669","22572976","52","87379244"
"chr5","109954590","109954872","chr9","76710013","76710305","39","33244577"
"chr5","109955342","109955633","chr6","39337079","39337377","53","70618263"
"chr5","109955900","109956031","chr5","35839264","35839400","20","74116636"
"chr5","109956322","109956445","chr5","35839782","35839896","19","74116540"
"chr5","109956551","109956789","chr5","35840005","35840254","37","74116546"
"chr5","109963273","109963552","chr12","120584383","120584660","46","10621110"
"chr5","109978908","109979072","chr14","65392304","65392467","22","44586604"
"chr5","109979382","109979508","chr5","100204277","100204397","28","9775105"
"chr5","109980183","109980352","chr5","35863602","35863773","23","74116581"
"chr5","109987505","109987582","chr14","80212676","80212755","10","29774829"
"chr5","109988314","109988612","chr9","113659950","113660249","47","3671636"
"chr5","109990679","109990769","chr12","35705262","35705354","15","74285417"
"chr5","109995413","109995696","chr2B","113902590","113902882","43","3907177"
"chr5","109996606","109996902","chr12","111866132","111866431","36","1869526"
"chr5","110002431","110002732","chr10","17687273","17687575","34","92315158"
"chr5","110004189","110004495","chr1","164363033","164363342","46","54358844"
"chr5","110004870","110005041","chr5","35884009","35884154","41","74120861"
"chr5","110011945","110012162","chr12","118310433","118310646","36","8298488"
"chr5","110016467","110016580","chr3","50836150","50836264","11","59180317"
"chr5","110022353","110022518","chr11","65469450","65469614","33","44552903"
"chr5","110022821","110022955","chr7","40605012","40605146","13","69417809"
"chr5","110023771","110024104","chr1","180393402","180393734","71","70369631"
"chr5","110025922","110026045","chr1","14802147","14802270","13","95223775"
"chr5","110029767","110030068","chr5","35905999","35906300","39","74123768"
"chr5","110042078","110042207","chr14","60537815","60537947","15","49504263"
"chr5","110050705","110050902","chr9","74819531","74819730","36","35231174"
"chr5","110055542","110055834","chr2B","71437249","71437549","47","38618293"
"chr5","110057173","110057471","chr17","9489493","9489790","42","100567680"
"chr5","110067208","110067340","chr16","31284578","31284714","18","78782630"
"chr5","110067649","110067820","chr22","12987595","12987769","27","97080054"
"chr5","110071883","110072159","chr1","38634265","38634555","56","71437618"
"chr5","110075661","110075758","chr7","138888528","138888626","16","28812867"
"chr5","110076080","110076230","chr12","112046533","112046686","25","1970453"
"chr5","110076835","110076984","chr2A","1413116","1413272","29","108663719"
"chr5","110079017","110079287","chr3","89372580","89372832","59","20706437"
"chr5","110080116","110080431","chr18","23041143","23041446","42","87038973"
"chr5","110081175","110081312","chr1","141548532","141548674","16","31467357"
"chr5","110083514","110083621","chr12","32019732","32019841","8","78063782"
"chr5","110084575","110084924","chrX","41465109","41465444","77","68619466"
"chr5","110092661","110092776","chr3","45629081","45629198","11","64463580"
"chr5","110094844","110094967","chr19","8367542","8367670","22","101727302"
"chr5","110095274","110095435","chr19","6414816","6414977","26","103680458"
"chr5","110098628","110098643","chr9","15858973","15858988","1","94239655"
"chr5","110098672","110098962","chr17","40309410","40309705","48","69789262"
"chr5","110099407","110099541","chr7","83667499","83667632","15","26431908"
"chr5","110099863","110100022","chr9","75335168","75335322","19","34764695"
"chr5","110100913","110101047","chr9","116772111","116772246","8","6671198"
"chr5","110101343","110101460","chr1","36630530","36630650","34","73470813"
"chr5","110111167","110111450","chr3","99833327","99833611","45","10277840"
"chr5","110113982","110114260","chr18","54745001","54745284","45","55368981"
"chr5","110114803","110115102","chr6","4177308","4177600","44","105937495"
"chr5","110120565","110120771","chr2A","83444240","83444435","35","26676325"
"chr5","110125353","110125506","chr7","151347611","151347762","24","41222258"
"chr5","110126350","110126503","chr6","159540806","159540968","37","49414456"
"chr5","110126806","110126940","chr9","28999691","28999826","14","81127115"
"chr5","110133141","110133343","chr6","110219452","110219651","31","86311"
"chr5","110137580","110137708","chr1","13183769","13183898","18","96953811"
"chr5","110138013","110138179","chr12","30393770","30393933","23","79744243"
"chr5","110144112","110144266","chr2A","82562574","82562731","30","27581538"
"chr5","110144565","110144703","chr1","6251115","6251251","21","103893450"
"chr5","110147312","110147612","chrX","50474516","50474815","45","59672796"
"chr5","110148533","110148699","chr2B","14494039","14494199","21","95654494"
"chr5","110149000","110149154","chr16","31284578","31284714","34","78864422"
"chr5","110151736","110151921","chr11","1562670","1562847","31","108589066"
"chr5","110152505","110152671","chrX","104519606","104519755","50","5632899"
"chr5","110152990","110153259","chr13","83268622","83268884","39","26884368"
"chr5","110154677","110154955","chr4","93342437","93342730","60","16812240"
"chr5","110158756","110158911","chr21","11566269","11566424","33","98592487"
"chr5","110162089","110162391","chr13","77437423","77437717","43","32724666"
"chr5","110163856","110164163","chr5","16844036","16844336","43","93319820"
"chr5","110182985","110183275","chr5","25420237","25420531","37","84762748"
"chr5","110185749","110185912","chr6","27805955","27806117","31","82379794"
"chr5","110186213","110186343","chr16","3598868","3598996","21","106587345"
"chr5","110186746","110187041","chr5","45173405","45173698","40","65013341"
"chr5","110187480","110187769","chr7","73094896","73095187","40","37092584"
"chr5","110191177","110191309","chr5","118006764","118006899","13","7815587"
"chr5","110191942","110192123","chr6","18189802","18189976","24","92002140"
"chr5","110192134","110192235","chr3","110475246","110475354","25","283112"
"chr5","110196984","110197296","chr3","32919897","32920203","40","77277087"
"chr5","110197796","110198090","chr1","228783403","228783695","46","118585607"
"chr5","110204415","110204713","chr18","56165865","56166162","40","54038550"
"chr5","110211238","110211538","chr5","156000252","156000550","45","45789014"
"chr5","110212022","110212345","chr3","199795644","199795956","62","89583622"
"chr5","110212346","110212646","chr19","20811630","20811928","39","89400716"
"chr5","110215658","110215953","chr8","118095947","118096240","37","7880289"
"chr5","110226611","110226915","chr1","36712038","36712344","39","73514573"
"chr5","110249201","110249331","chr4","24327139","24327273","28","85922062"
"chr5","110262582","110262701","chr10","100843927","100844052","20","9418655"
"chr5","110262990","110263126","chr7","82210564","82210699","11","28052426"
"chr5","110283622","110283797","chr1","7856572","7856749","33","102427050"
"chr5","110284108","110284237","chr10","15535484","15535611","22","94748624"
"chr5","110289639","110289838","chr15","12827667","12827859","36","97461972"
"chr5","110294854","110295158","chr22","15526141","15526442","37","94768713"
"chr5","110295159","110295467","chr11","66338012","66338304","53","43957147"
"chr5","110304348","110304645","chr7","103142055","103142354","54","7162293"
"chr5","110321209","110321516","chr3","197670774","197671075","36","87349565"
"chr5","110321581","110321865","chr16","26943607","26943889","36","83377974"
"chr5","110342215","110342526","chr8","101435714","101436021","32","8906501"
"chr5","110346375","110346520","chr16","28716975","28717118","23","81629400"
"chr5","110352973","110353110","chr19","53666086","53666225","17","56686887"
"chr5","110358195","110358358","chr1","45321380","45321540","24","65036815"
"chr5","110369475","110369760","chr12","104150328","104150612","48","6219147"
"chr5","110372746","110373043","chrX","50769255","50769552","43","59603491"
"chr5","110379531","110379666","chrX","9062048","9062182","14","101317483"
"chr5","110379970","110380162","chr19","30612292","30612475","37","79767678"
"chr5","110393124","110393423","chr1","11974821","11975121","42","98418303"
"chr5","110406562","110406852","chr14","50926832","50927128","39","59479730"
"chr5","110433768","110434018","chr16","81102917","81103186","64","29330851"
"chr5","110442955","110443029","chr10","111853069","111853141","7","1410114"
"chr5","110444058","110444351","chrX","24237864","24238161","38","86206194"
"chr5","110467439","110467592","chr4","40563781","40563925","26","69903658"
"chr5","110478698","110478942","chr4","81244771","81245011","41","29233927"
"chr5","110480094","110480360","chr22","32377120","32377389","39","78102974"
"chr5","110482082","110482382","chr9","104384316","104384616","32","6097766"
"chr5","110483770","110483893","chr1","155070388","155070511","14","44586618"
"chr5","110488660","110488976","chr4","101565051","101565368","47","8923609"
"chr5","110505794","110505928","chr7","148748173","148748307","12","38242379"
"chr5","110506223","110506384","chrX","52096827","52096988","19","58409396"
"chr5","110509358","110509486","chr4","185318133","185318262","18","74808775"
"chr5","110510429","110510593","chr6","20955212","20955371","24","89555217"
"chr5","110515419","110515548","chr2B","7606402","7606531","16","102909017"
"chr5","110519723","110519886","chr7","76846308","76846474","19","33673415"
"chr5","110523044","110523158","chr2B","236147","236264","12","110286897"
"chr5","110523187","110523199","chr1","8775270","8775281","4","101747917"
"chr5","110536594","110536833","chr8","141578362","141578600","34","31041768"
"chr5","110538437","110538647","chr1","129602249","129602448","49","19063812"
"chr5","110538694","110538802","chr7","142679973","142680079","24","32141279"
