"chr1","6684611","6684908","GL873592","3504292","3504588","74","3180319"
"chr1","486712","486961","GL873538","4784269","4784514","80","4297557"
"chr1","802370","802655","GL873807","378787","379071","65","423583"
"chr1","1670537","1670826","GL873530","8252980","8253273","83","6582443"
"chr1","3294957","3295238","GL873526","17185395","17185660","85","13890438"
"chr1","3708441","3708726","GL873807","378787","379071","71","3329654"
"chr1","4302029","4302298","GL873544","21012867","21013121","82","16710838"
"chr1","4554942","4555250","GL873531","743580","743873","88","3811362"
"chr1","4863430","4863737","GL873633","6680180","6680479","87","1816750"
"chr1","5174970","5175224","GL873526","11694917","11695169","77","6519947"
"chr1","7026473","7026769","GL873807","378787","379071","65","6647686"
"chr1","7745607","7745749","GL873548","16247733","16247866","63","8502126"
"chr1","8960590","8960889","GL873652","2538738","2539020","80","6421852"
"chr1","9104899","9105195","GL873602","5655744","5656017","84","3449155"
"chr1","9316917","9317229","GL873532","29369734","29370037","85","20052817"
"chr1","10015401","10015664","GL873561","14329867","14330129","70","4314466"
"chr1","10407997","10408255","GL873531","15816402","15816670","73","5408405"
"chr1","11363544","11363846","GL873615","5164234","5164521","80","6199310"
"chr1","11876314","11876613","GL873545","12502931","12503218","75","626617"
"chr1","13080988","13081188","GL873731","1122838","1123027","43","11958150"
"chr1","13083020","13083328","GL873520","20611705","20612004","85","7528685"
"chr1","13127712","13127995","GL873526","17185395","17185660","76","4057683"
"chr1","13165027","13165254","GL873523","24830084","24830304","60","11665057"
"chr1","13165804","13165841","GL873585","1653672","1653707","18","11512132"
"chr1","13337791","13338090","GL873526","22863004","22863298","75","9525213"
"chr1","13438864","13439148","GL873807","378787","379071","66","13060077"
"chr1","13444110","13444399","GL873807","378787","379071","67","13065323"
"chr1","13447173","13447468","GL873652","2538738","2539020","78","10908435"
"chr1","13496064","13496112","GL873647","3251123","3251165","23","10244941"
"chr1","13696501","13696788","GL873611","3341174","3341447","80","10355327"
"chr1","13851778","13852072","GL873807","378787","379071","81","13472991"
"chr1","13951596","13951893","GL873532","29369734","29370037","75","15418138"
"chr1","13980513","13980809","GL873545","12502931","12503218","82","1477582"
"chr1","14270559","14270843","GL873589","9310653","9310947","81","4959906"
"chr1","14754567","14754849","GL873544","14353211","14353491","83","401356"
"chr1","14871347","14871642","GL873807","378787","379071","79","14492560"
"chr1","15006294","15006495","GL873654","829106","829286","67","14177188"
"chr1","15073962","15074027","GL873662","1216517","1216580","13","13857445"
"chr1","15253912","15254201","GL873520","20611705","20612004","78","5357793"
"chr1","15279068","15279304","GL873534","6499556","6499790","75","8779512"
"chr1","15396759","15397050","GL873531","15816402","15816670","84","419643"
"chr1","15971999","15972103","GL873623","3165346","3165445","28","12806653"
"chr1","17958480","17958788","GL873530","8252980","8253273","89","9705500"
"chr1","18504133","18504431","GL873530","8252980","8253273","86","10251153"
"chr1","18619013","18619310","GL873535","29467371","29467653","80","10848358"
"chr1","19575887","19576185","GL873545","12502931","12503218","74","7072956"
"chr1","19723882","19724181","GL873527","33196263","33196548","83","13472381"
"chr1","19761982","19762246","GL873526","11694917","11695169","74","8067065"
"chr1","19841000","19841287","GL873807","378787","379071","76","19462213"
"chr1","19924693","19924961","GL873531","15816402","15816670","84","4108291"
"chr1","20267379","20267672","GL873615","5164234","5164521","79","15103145"
"chr1","20494264","20494555","GL873726","1557093","1557383","72","18937171"
"chr1","20714804","20715076","GL873673","4474890","4475153","84","16239914"
"chr1","21115257","21115569","GL873615","2242583","2242882","82","18872674"
"chr1","21700312","21700606","GL873635","3143338","3143625","81","18556974"
"chr1","22902195","22902475","GL873609","1717159","1717438","78","21185036"
"chr1","22989470","22989781","GL873645","923581","923868","89","22065889"
"chr1","23040544","23040851","GL873615","2242583","2242882","92","20797961"
"chr1","23165446","23165728","GL873606","1584393","1584659","79","21581053"
"chr1","23923318","23923631","GL873633","6680180","6680479","86","17243138"
"chr1","24762654","24762811","GL873573","561846","562000","49","24200808"
"chr1","25917137","25917429","GL873536","6183235","6183517","77","19733902"
"chr1","26041958","26042232","GL873807","378787","379071","71","25663171"
"chr1","26089870","26090162","GL873526","22863004","22863298","70","3226866"
"chr1","28574153","28574445","GL873807","378787","379071","76","28195366"
"chr1","28577711","28578017","GL873726","1557093","1557383","78","27020618"
"chr1","28745213","28745492","GL873807","378787","379071","70","28366426"
"chr1","28761016","28761243","GL873523","24830084","24830304","70","3930932"
"chr1","29388378","29388664","GL873807","378787","379071","75","29009591"
"chr1","29462788","29463096","GL873615","2242583","2242882","77","27220205"
"chr1","29467003","29467257","GL873538","4784269","4784514","69","24682734"
"chr1","29530580","29530766","GL873553","15802799","15802981","66","13727781"
"chr1","30050023","30050319","GL873652","2538738","2539020","71","27511285"
"chr1","30498468","30498748","GL873531","15816402","15816670","78","14682066"
"chr1","32073250","32073539","GL873807","378787","379071","83","31694463"
"chr1","32552939","32553241","GL873633","6680180","6680479","85","25872759"
"chr1","33108771","33109028","GL873522","19115246","19115490","86","13993525"
"chr1","33302463","33302748","GL873635","3143338","3143625","71","30159125"
"chr1","33418220","33418518","GL873615","5164234","5164521","78","28253986"
"chr1","33847572","33847867","GL873531","743580","743873","84","33103992"
"chr1","34206258","34206523","GL873531","15816402","15816670","82","18389856"
"chr1","34381786","34382111","GL873567","12148816","12149129","96","22232970"
"chr1","34603726","34604025","GL873807","378787","379071","76","34224939"
"chr1","35368332","35368627","GL873527","33196263","33196548","77","2172069"
"chr1","35620635","35620920","GL873536","6183235","6183517","79","29437400"
"chr1","35969580","35969889","GL873615","2242583","2242882","80","33726997"
"chr1","36089427","36089721","GL873532","29369734","29370037","87","6719693"
"chr1","37351751","37352042","GL873807","378787","379071","82","36972964"
"chr1","37570691","37570986","GL873548","133851","134130","75","37436840"
"chr1","39332490","39332786","GL873807","378787","379071","71","38953703"
"chr1","39359577","39359854","GL873536","23022433","23022696","84","16337144"
"chr1","41154381","41154686","GL873532","29369734","29370037","71","11784647"
"chr1","41402348","41402632","GL873558","11729886","11730160","77","29672462"
"chr1","41411702","41412003","GL873611","3341174","3341447","85","38070528"
"chr1","41462390","41462690","GL873548","15989743","15990030","70","25472647"
"chr1","41725201","41725383","GL873608","3484994","3485156","55","38240207"
"chr1","41823226","41823543","GL873531","15816402","15816670","104","26006824"
"chr1","42620580","42620884","GL873589","9310653","9310947","90","33309927"
"chr1","43291678","43291980","GL873615","2242583","2242882","87","41049095"
"chr1","44449422","44449704","GL873807","378787","379071","70","44070635"
"chr1","44670966","44671254","GL873530","8252980","8253273","83","36417986"
"chr1","44714041","44714324","GL873560","5671813","5672100","85","39042228"
"chr1","45204439","45204746","GL873807","378787","379071","85","44825652"
"chr1","45334527","45334826","GL873615","2242583","2242882","78","43091944"
"chr1","45857991","45858246","GL873526","11694917","11695169","89","34163074"
"chr1","50003702","50003791","GL873799","235420","235499","24","49768282"
"chr1","50181552","50181839","GL873592","3504292","3504588","84","46677260"
"chr1","50654955","50655236","GL873531","15816402","15816670","77","34838553"
"chr1","52566299","52566578","GL873531","15816402","15816670","80","36749897"
"chr1","53950326","53950627","GL873531","743580","743873","78","53206746"
"chr1","54474973","54475266","GL873592","3504292","3504588","74","50970681"
"chr1","54828895","54829122","GL873618","3344163","3344386","79","51484732"
"chr1","57873156","57873452","GL873602","5655744","5656017","84","52217412"
"chr1","58797744","58797862","GL873677","3241750","3241856","44","55555994"
"chr1","59326647","59326952","GL873531","743580","743873","85","58583067"
"chr1","59590902","59590989","GL873526","6493783","6493858","45","53097119"
"chr1","59650314","59650499","GL873728","590192","590366","53","59060122"
"chr1","59651339","59651463","GL873529","9635583","9635702","38","50015756"
"chr1","59691672","59691953","GL873807","378787","379071","76","59312885"
"chr1","60686635","60686893","GL873671","1882360","1882615","81","58804275"
"chr1","60772804","60773074","GL873526","17185395","17185660","73","43587409"
"chr1","60866262","60866561","GL873532","29369734","29370037","72","31496528"
"chr1","61389202","61389499","GL873639","638719","639018","79","60750483"
"chr1","62386097","62386409","GL873530","8252980","8253273","90","54133117"
"chr1","62466820","62466921","GL873563","6278566","6278672","42","56188254"
"chr1","62772766","62773055","GL873536","6183235","6183517","67","56589531"
"chr1","63281848","63282012","GL873608","3484994","3485156","49","59796854"
"chr1","63292372","63292650","GL873526","17185395","17185660","71","46106977"
"chr1","63576913","63577216","GL873532","29369734","29370037","71","34207179"
"chr1","64238322","64238606","GL873531","15816402","15816670","75","48421920"
"chr1","64374838","64375124","GL873533","9671302","9671560","88","54703536"
"chr1","64706238","64706533","GL873533","16134333","16134623","76","48571905"
"chr1","64837202","64837485","GL873534","15455935","15456215","79","49381267"
"chr1","64875706","64876000","GL873615","5164234","5164521","74","59711472"
"chr1","64915579","64915776","GL873525","32888135","32888322","66","32027444"
"chr1","65198371","65198677","GL873615","2242583","2242882","83","62955788"
"chr1","65229508","65229814","GL873615","2242583","2242882","83","62986925"
"chr1","65344750","65345061","GL873548","15989743","15990030","82","49355007"
"chr1","65613960","65614252","GL873592","3504292","3504588","70","62109668"
"chr1","65728937","65729213","GL873807","378787","379071","76","65350150"
"chr1","66270107","66270392","GL873807","378787","379071","81","65891320"
"chr1","66484109","66484411","GL873532","29369734","29370037","79","37114375"
"chr1","66632880","66633196","GL873532","29369734","29370037","86","37263146"
"chr1","66666821","66667122","GL873712","758777","759067","72","65908044"
"chr1","66702877","66703175","GL873645","923581","923868","81","65779296"
"chr1","66704074","66704292","GL873569","6518440","6518694","84","60185634"
"chr1","66723379","66723670","GL873807","378787","379071","62","66344592"
"chr1","67565039","67565207","GL873728","590192","590366","54","66974847"
"chr1","67565320","67565435","GL873525","6607619","6607730","27","60957701"
"chr1","67628160","67628472","GL873532","29369734","29370037","83","38258426"
"chr1","68131558","68131852","GL873639","638719","639018","76","67492839"
"chr1","68208139","68208437","GL873615","2242583","2242882","79","65965556"
"chr1","68469699","68469979","GL873807","378787","379071","72","68090912"
"chr1","69055692","69055988","GL873592","3504292","3504588","79","65551400"
"chr1","69239098","69239382","GL873807","378787","379071","74","68860311"
"chr1","69312516","69312816","GL873531","11880361","11880661","73","57432155"
"chr1","70003583","70003894","GL873538","12351987","12352285","80","57651596"
"chr1","70390976","70391264","GL873529","2737581","2737856","75","67653395"
"chr1","70642587","70642653","GL873662","1216517","1216580","13","69426070"
"chr1","71271965","71272265","GL873525","8545888","8546164","93","62726077"
"chr1","72031652","72031942","GL873615","5164234","5164521","72","66867418"
"chr1","72045665","72045963","GL873652","2538738","2539020","70","69506927"
"chr1","72378818","72379074","GL873526","11694917","11695169","78","60683901"
"chr1","72896608","72896890","GL873560","5671813","5672100","80","67224795"
"chr1","73172331","73172595","GL873540","8735863","8736130","75","64436468"
"chr1","73684360","73684669","GL873530","8252980","8253273","81","65431380"
"chr1","74112373","74112660","GL873529","2737581","2737856","78","71374792"
"chr1","74115894","74116158","GL873541","9631527","9631750","96","64484367"
"chr1","74289679","74289986","GL873532","29369734","29370037","74","44919945"
"chr1","74313455","74313749","GL873592","3504292","3504588","78","70809163"
"chr1","74387374","74387657","GL873615","5164234","5164521","73","69223140"
"chr1","74434698","74434990","GL873645","923581","923868","75","73511117"
"chr1","74511197","74511445","GL873537","26407623","26407869","76","48103574"
"chr1","75082841","75083150","GL873548","15989743","15990030","83","59093098"
"chr1","75084426","75084734","GL873529","17495636","17495928","82","57588790"
"chr1","75097011","75097311","GL873807","378787","379071","75","74718224"
"chr1","75121608","75121878","GL873637","4322064","4322316","83","70799544"
"chr1","76191032","76191208","GL873523","21882032","21882206","40","54309000"
"chr1","76646113","76646405","GL873652","2538738","2539020","68","74107375"
"chr1","76778039","76778331","GL873807","378787","379071","70","76399252"
"chr1","76864169","76864454","GL873545","12502931","12503218","76","64361238"
"chr1","76939717","76939923","GL873683","490677","490883","66","76449040"
"chr1","77038526","77038816","GL873807","378787","379071","77","76659739"
"chr1","77197287","77197576","GL873807","378787","379071","78","76818500"
"chr1","77315647","77315949","GL873532","29369734","29370037","80","47945913"
"chr1","77347715","77347906","GL873536","10089167","10089339","62","67258548"
"chr1","77714031","77714324","GL873807","378787","379071","74","77335244"
"chr1","77811825","77812119","GL873605","211678","211971","80","77600147"
"chr1","77843646","77843945","GL873532","29369734","29370037","75","48473912"
"chr1","78311619","78311907","GL873615","5164234","5164521","78","73147385"
"chr1","78924419","78924716","GL873615","2242583","2242882","69","76681836"
"chr1","79544555","79544834","GL873529","2737581","2737856","77","76806974"
"chr1","79786981","79787260","GL873807","378787","379071","72","79408194"
"chr1","79794847","79795131","GL873623","7055444","7055732","75","72739403"
"chr1","79860035","79860321","GL873807","378787","379071","77","79481248"
"chr1","81210883","81211175","GL873635","3143338","3143625","70","78067545"
"chr1","81240854","81241143","GL873569","5489766","5490051","77","75751088"
"chr1","81940669","81940963","GL873589","9310653","9310947","75","72630016"
"chr1","82006813","82007113","GL873592","3504292","3504588","82","78502521"
"chr1","82056986","82057269","GL873543","21140344","21140627","81","60916642"
"chr1","82284782","82285043","GL873629","4046390","4046644","93","78238392"
"chr1","82416253","82416338","GL873799","235420","235499","26","82180833"
"chr1","82474107","82474419","GL873639","638719","639018","84","81835388"
"chr1","82935648","82935940","GL873671","886108","886393","70","82049540"
"chr1","83022187","83022395","GL873654","829106","829286","61","82193081"
"chr1","83400030","83400311","GL873671","4340632","4340927","76","79059398"
"chr1","83798787","83799077","GL873615","5164234","5164521","73","78634553"
"chr1","83953373","83953658","GL873645","923581","923868","77","83029792"
"chr1","84233117","84233416","GL873807","378787","379071","90","83854330"
"chr1","84255365","84255675","GL873639","638719","639018","84","83616646"
"chr1","84450303","84450599","GL873532","29369734","29370037","76","55080569"
"chr1","84534386","84534668","GL873807","378787","379071","71","84155599"
"chr1","84721309","84721598","GL873530","8252980","8253273","81","76468329"
"chr1","85141026","85141329","GL873532","29369734","29370037","69","55771292"
"chr1","85176913","85177201","GL873807","378787","379071","65","84798126"
"chr1","85320617","85320885","GL873522","19115246","19115490","79","66205371"
"chr1","86130148","86130451","GL873520","20611705","20612004","81","65518443"
"chr1","86781092","86781367","GL873531","15816402","15816670","75","70964690"
"chr1","86884383","86884692","GL873532","29369734","29370037","82","57514649"
"chr1","88340985","88341276","GL873807","378787","379071","78","87962198"
"chr1","88711003","88711287","GL873540","16674647","16674922","92","72036356"
"chr1","89160226","89160500","GL873521","26887161","26887416","87","62273065"
"chr1","89894964","89895256","GL873807","378787","379071","73","89516177"
"chr1","90366081","90366378","GL873611","3648898","3649188","86","86717183"
"chr1","91125849","91126129","GL873807","378787","379071","79","90747062"
"chr1","91643886","91644124","GL873671","1882360","1882615","71","89761526"
"chr1","92096108","92096409","GL873584","10767629","10767932","80","81328479"
"chr1","92260039","92260336","GL873807","378787","379071","79","91881252"
"chr1","92373213","92373507","GL873524","11986341","11986618","86","80386872"
"chr1","92377278","92377566","GL873807","378787","379071","71","91998491"
"chr1","92568970","92569256","GL873807","378787","379071","70","92190183"
"chr1","93136446","93136744","GL873645","923581","923868","84","92212865"
"chr1","93650742","93650967","GL873786","1119085","1119310","85","92531657"
"chr1","93708445","93708739","GL873589","9310653","9310947","72","84397792"
"chr1","94109375","94109570","GL873520","68825999","68826185","78","25283376"
"chr1","96053813","96054105","GL873589","9310653","9310947","79","86743160"
"chr1","96521491","96521698","GL873654","829106","829286","61","95692385"
"chr1","96635165","96635446","GL873807","378787","379071","80","96256378"
"chr1","96646945","96647245","GL873807","378787","379071","77","96268158"
"chr1","97146347","97146648","GL873615","2242583","2242882","83","94903764"
"chr1","97288476","97288775","GL873532","29369734","29370037","75","67918742"
"chr1","97476173","97476520","GL873520","20611705","20612004","111","76864468"
"chr1","98509291","98509552","GL873526","44043","44310","76","98465248"
"chr1","98735325","98735629","GL873548","15989743","15990030","82","82745582"
"chr1","99370335","99370622","GL873560","5671813","5672100","78","93698522"
"chr1","99863999","99864183","GL873536","10089167","10089339","57","89774832"
"chr1","99970848","99971157","GL873639","638719","639018","75","99332129"
"chr1","99985530","99985761","GL873560","1046330","1046605","86","98939200"
"chr1","100026270","100026567","GL873696","323840","324122","86","99702430"
"chr1","100180007","100180109","GL873617","6429598","6429710","49","93750409"
"chr1","100406240","100406536","GL873531","743580","743873","76","99662660"
"chr1","100462603","100462778","GL873693","2376743","2376906","57","98085860"
"chr1","100644275","100644543","GL873526","11694917","11695169","81","88949358"
"chr1","101155083","101155388","GL873639","638719","639018","79","100516364"
"chr1","101700837","101701141","GL873530","8252980","8253273","86","93447857"
"chr1","101972173","101972480","GL873652","2538738","2539020","82","99433435"
"chr1","101984017","101984325","GL873530","8252980","8253273","81","93731037"
"chr1","102629664","102629925","GL873538","4784269","4784514","72","97845395"
"chr1","102983555","102983726","GL873587","2344327","2344496","51","100639228"
"chr1","103422803","103423075","GL873585","115904","116160","82","103306899"
"chr1","103794993","103795291","GL873592","3504292","3504588","71","100290701"
"chr1","103831459","103831757","GL873532","29369734","29370037","79","74461725"
"chr1","103986968","103987259","GL873532","29369734","29370037","78","74617234"
"chr1","104659866","104660138","GL873538","4784269","4784514","78","99875597"
"chr1","104665672","104665959","GL873560","5671813","5672100","78","98993859"
"chr1","104777995","104778282","GL873807","378787","379071","73","104399208"
"chr1","104903854","104904129","GL873905","48652","48939","88","104855202"
"chr1","105126817","105127107","GL873752","304509","304789","76","104822308"
"chr1","105298597","105298896","GL873807","378787","379071","75","104919810"
"chr1","106266876","106267167","GL873560","5671813","5672100","80","100595063"
"chr1","106510146","106510418","GL873544","19151818","19152093","84","87358328"
"chr1","107221825","107222052","GL873786","1119085","1119310","59","106102740"
"chr1","107353457","107353711","GL873540","8735863","8736130","73","98617594"
"chr1","107589196","107589493","GL873639","638719","639018","78","106950477"
"chr1","107991051","107991355","GL873532","29369734","29370037","76","78621317"
"chr1","108011845","108012139","GL873531","11880361","11880661","92","96131484"
"chr1","108074436","108074726","GL873605","211678","211971","75","107862758"
"chr1","108142451","108142778","GL873631","1463608","1463909","94","106678843"
"chr1","108149244","108149517","GL873564","8111869","8112128","85","100037375"
"chr1","109071938","109072247","GL873712","758777","759067","87","108313161"
"chr1","111114398","111114691","GL873615","2242583","2242882","82","108871815"
"chr1","111615858","111616170","GL873592","3504292","3504588","84","108111566"
"chr1","112054089","112054261","GL873728","590192","590366","57","111463897"
"chr1","112706096","112706407","GL873645","923581","923868","84","111782515"
"chr1","113565409","113565697","GL873807","378787","379071","85","113186622"
"chr1","113776926","113777202","GL873546","5021263","5021515","73","108755663"
"chr1","115085565","115085871","GL873635","3143338","3143625","86","111942227"
"chr1","115274942","115275234","GL873525","43871699","43871974","85","71403243"
"chr1","117270686","117270807","GL873525","6607619","6607730","32","110663067"
"chr1","117311997","117312304","GL873618","1039454","1039766","87","116272543"
"chr1","117315972","117316259","GL873653","1770690","1770966","75","115545282"
"chr1","117324692","117324983","GL873536","6183235","6183517","73","111141457"
"chr1","117363498","117363799","GL873652","2538738","2539020","78","114824760"
"chr1","117383498","117383780","GL873807","378787","379071","68","117004711"
"chr1","118634001","118634273","GL873569","11251153","11251422","89","107382848"
"chr1","118708523","118708816","GL873536","6183235","6183517","77","112525288"
"chr1","119009097","119009402","GL873520","70969998","70970267","101","48039099"
"chr1","119550775","119551041","GL873540","16674647","16674922","84","102876128"
"chr1","119935877","119936155","GL873544","19151818","19152093","76","100784059"
"chr1","120150167","120150473","GL873531","743580","743873","79","119406587"
"chr1","121243449","121243623","GL873728","590192","590366","53","120653257"
"chr1","121298095","121298394","GL873652","2538738","2539020","80","118759357"
"chr1","121389179","121389354","GL873608","3484994","3485156","54","117904185"
"chr1","121434710","121434974","GL873537","26407623","26407869","81","95027087"
"chr1","121537162","121537373","GL873603","3472302","3472505","68","118064860"
"chr1","122623929","122624217","GL873615","5164234","5164521","71","117459695"
"chr1","122937035","122937343","GL873560","5671813","5672100","89","117265222"
"chr1","123210741","123210919","GL873728","590192","590366","52","122620549"
"chr1","123417925","123418222","GL873611","3648898","3649188","74","119769027"
"chr1","123551556","123551853","GL873696","323840","324122","78","123227716"
"chr1","123571826","123572109","GL873539","25522195","25522485","80","98049631"
"chr1","124743426","124743717","GL873635","3143338","3143625","70","121600088"
"chr1","125474181","125474458","GL873607","5526364","5526636","94","119947817"
"chr1","125914133","125914412","GL873583","5217241","5217516","85","120696892"
"chr1","126405814","126406097","GL873807","378787","379071","73","126027027"
"chr1","126450119","126450391","GL873807","378787","379071","80","126071332"
"chr1","127130831","127131134","GL873645","923581","923868","84","126207250"
"chr1","128210040","128210343","GL873532","29369734","29370037","82","98840306"
"chr1","128267176","128267459","GL873544","19151818","19152093","75","109115358"
"chr1","128398709","128399018","GL873523","21098831","21099120","89","107299878"
"chr1","128409581","128409814","GL873523","24830084","24830304","63","103579497"
"chr1","128652299","128652596","GL873525","31608445","31608738","80","97043854"
"chr1","128838276","128838345","GL873524","40199622","40199689","16","88638654"
"chr1","128892634","128892910","GL873521","44366926","44367205","82","84525708"
"chr1","128901209","128901495","GL873635","3143338","3143625","73","125757871"
"chr1","128997616","128997903","GL873592","3504292","3504588","76","125493324"
"chr1","129099592","129099881","GL873807","378787","379071","67","128720805"
"chr1","131372823","131373097","GL873538","4784269","4784514","85","126588554"
"chr1","131385385","131385566","GL873728","590192","590366","61","130795193"
"chr1","133963468","133963736","GL873520","70969998","70970267","76","62993470"
"chr1","134472913","134473045","GL873629","3057379","3057506","30","131415534"
"chr1","134518822","134519105","GL873532","29369734","29370037","85","105149088"
"chr1","134607871","134608163","GL873807","378787","379071","74","134229084"
"chr1","135044353","135044609","GL873671","1882360","1882615","70","133161993"
"chr1","135591703","135591993","GL873543","21140344","21140627","79","114451359"
"chr1","135780515","135780806","GL873525","31608445","31608738","80","104172070"
"chr1","135853386","135853680","GL873646","3489451","3489745","76","132363935"
"chr1","135927167","135927462","GL873589","9310653","9310947","76","126616514"
"chr1","135936575","135936705","GL873629","3057379","3057506","32","132879196"
"chr1","136108281","136108561","GL873526","44043","44310","73","136064238"
"chr1","136757507","136757773","GL873569","6518440","6518694","84","130239067"
"chr1","136872010","136872306","GL873807","378787","379071","72","136493223"
"chr1","136985370","136985665","GL873807","378787","379071","70","136606583"
"chr1","137405416","137405706","GL873615","5164234","5164521","69","132241182"
"chr1","137526518","137526815","GL873615","2242583","2242882","75","135283935"
"chr1","137982498","137982807","GL873639","638719","639018","81","137343779"
"chr1","138184998","138185285","GL873807","378787","379071","59","137806211"
"chr1","138330751","138331045","GL873527","33196263","33196548","76","105134488"
"chr1","139036275","139036537","GL873538","4784269","4784514","86","134252006"
"chr1","139048773","139048953","GL873728","590192","590366","50","138458581"
"chr1","139481427","139481701","GL873525","43871699","43871974","78","95609728"
"chr1","139622009","139622300","GL873807","378787","379071","74","139243222"
"chr1","139653217","139653486","GL873671","1882360","1882615","78","137770857"
"chr1","139653652","139653844","GL873536","10089167","10089339","53","129564485"
"chr1","139747252","139747377","GL873617","6429598","6429710","54","133317654"
"chr1","139748062","139748108","GL873619","4427770","4427819","14","135320292"
"chr1","139828719","139829016","GL873589","9310653","9310947","82","130518066"
"chr1","139884011","139884290","GL873807","378787","379071","82","139505224"
"chr1","140149928","140150206","GL873536","8238390","8238645","91","131911538"
"chr1","140817319","140817611","GL873592","3504292","3504588","71","137313027"
"chr1","141194371","141194666","GL873652","2538738","2539020","80","138655633"
"chr1","141520915","141521217","GL873652","2538738","2539020","70","138982177"
"chr1","142354421","142354724","GL873532","29369734","29370037","78","112984687"
"chr1","143202214","143202344","GL873629","3057379","3057506","33","140144835"
"chr1","143334521","143334808","GL873807","378787","379071","71","142955734"
"chr1","143662791","143663073","GL873540","16674647","16674922","91","126988144"
"chr1","144674719","144674992","GL873544","19151818","19152093","74","125522901"
"chr1","146883956","146884252","GL873645","923581","923868","84","145960375"
"chr1","147257214","147257481","GL873544","21012867","21013121","82","126244347"
"chr1","147638901","147639199","GL873639","638719","639018","81","147000182"
"chr1","147806869","147807179","GL873712","758777","759067","83","147048092"
"chr1","148128169","148128455","GL873615","5164234","5164521","71","142963935"
"chr1","148167666","148167950","GL873807","378787","379071","62","147788879"
"chr1","148197750","148198046","GL873611","3648898","3649188","78","144548852"
"chr1","148263604","148263913","GL873615","5164234","5164521","78","143099370"
"chr1","148411264","148411544","GL873615","5164234","5164521","73","143247030"
"chr1","148681855","148682136","GL873807","378787","379071","71","148303068"
"chr1","150445041","150445298","GL873526","17185395","17185660","78","133259646"
"chr1","150515675","150515971","GL873526","22863004","22863298","74","127652671"
"chr1","150783014","150783302","GL873807","378787","379071","71","150404227"
"chr1","150813231","150813528","GL873532","29369734","29370037","81","121443497"
"chr1","150888945","150889238","GL873807","378787","379071","77","150510158"
"chr1","151149640","151149847","GL873558","5090920","5091134","62","146058720"
"chr1","152342418","152342710","GL873807","378787","379071","80","151963631"
"chr1","152427913","152427986","GL873524","40199622","40199689","22","112228291"
"chr1","152432483","152432789","GL873531","743580","743873","74","151688903"
"chr1","152613594","152613770","GL873728","590192","590366","52","152023402"
"chr1","154134197","154134474","GL873592","3504292","3504588","81","150629905"
"chr1","154343073","154343366","GL873525","31608445","31608738","77","122734628"
"chr1","154942336","154942669","GL873525","31608445","31608738","99","123333891"
"chr1","155061938","155062223","GL873807","378787","379071","70","154683151"
"chr1","155365762","155365927","GL873573","561846","562000","49","154803916"
"chr1","155508385","155508448","GL873537","28066052","28066115","15","127442333"
"chr1","155766017","155766307","GL873807","378787","379071","68","155387230"
"chr1","155874243","155874304","GL873523","24829332","24829385","24","131044911"
"chr1","155961976","155962167","GL873536","10089167","10089339","57","145872809"
"chr1","155962450","155962578","GL873629","3057379","3057506","35","152905071"
"chr1","156581619","156581926","GL873530","8252980","8253273","84","148328639"
"chr1","156706501","156706803","GL873554","5336457","5336753","90","151370044"
"chr1","156900850","156901159","GL873532","29369734","29370037","78","127531116"
"chr1","157017236","157017530","GL873807","378787","379071","71","156638449"
"chr1","157171685","157171964","GL873558","11729886","11730160","72","145441799"
"chr1","158192417","158192694","GL873629","2808739","2809002","78","155383678"
"chr1","159620153","159620461","GL873548","15989743","15990030","84","143630410"
"chr1","160064625","160064907","GL873615","5164234","5164521","78","154900391"
"chr1","160439326","160439618","GL873635","3143338","3143625","75","157295988"
"chr1","160834025","160834310","GL873807","378787","379071","68","160455238"
"chr1","161331201","161331543","GL873520","20611705","20612004","116","140719496"
"chr1","161692584","161692891","GL873615","5164234","5164521","89","156528350"
"chr1","163477481","163477785","GL873531","743580","743873","79","162733901"
"chr1","164202012","164202348","GL873560","5671813","5672100","116","158530199"
"chr1","164223789","164224081","GL873527","33196263","33196548","77","131027526"
"chr1","164271290","164271583","GL873807","378787","379071","74","163892503"
"chr1","164447788","164448082","GL873807","378787","379071","68","164069001"
"chr1","164459491","164459704","GL873523","24830084","24830304","65","139629407"
"chr1","164538488","164538759","GL873520","70969998","70970267","76","93568490"
"chr1","164773373","164773639","GL873607","5526364","5526636","76","159247009"
"chr1","164803314","164803614","GL873652","2538738","2539020","77","162264576"
"chr1","164923430","164923718","GL873807","378787","379071","74","164544643"
"chr1","165005867","165006180","GL873615","2242583","2242882","85","162763284"
"chr1","165228965","165229257","GL873532","29369734","29370037","80","135859231"
"chr1","165384700","165385009","GL873633","6680180","6680479","75","158704520"
"chr1","165929261","165929439","GL873728","590192","590366","53","165339069"
"chr1","165971166","165971411","GL873523","24830084","24830304","74","141141082"
"chr1","167020866","167021168","GL873532","29369734","29370037","65","137651132"
"chr1","167081397","167081703","GL873532","29369734","29370037","77","137711663"
"chr1","167165769","167166075","GL873712","758777","759067","80","166406992"
"chr1","167339715","167339995","GL873807","378787","379071","74","166960928"
"chr1","167497601","167497867","GL873696","323840","324122","88","167173761"
"chr1","167678544","167678837","GL873615","2242583","2242882","77","165435961"
"chr1","168014039","168014336","GL873530","8252980","8253273","73","159761059"
"chr1","168037582","168037864","GL873531","15816402","15816670","76","152221180"
"chr1","168050249","168050523","GL873536","8238390","8238645","76","159811859"
"chr1","168063073","168063210","GL873532","24796591","24796743","53","143266482"
"chr1","169092557","169092848","GL873529","2737581","2737856","76","166354976"
"chr1","169147439","169147724","GL873602","5655744","5656017","76","163491695"
"chr1","169147729","169148012","GL873526","17185395","17185660","79","151962334"
"chr1","169161498","169161783","GL873807","378787","379071","69","168782711"
"chr1","169186952","169187232","GL873807","378787","379071","71","168808165"
"chr1","169370847","169371134","GL873807","378787","379071","66","168992060"
"chr1","169560112","169560414","GL873633","6680180","6680479","80","162879932"
"chr1","170111075","170111181","GL873525","6607619","6607730","42","163503456"
"chr1","170111361","170111525","GL873580","853240","853398","58","169258121"
"chr1","170632286","170632581","GL873807","378787","379071","74","170253499"
"chr1","170642294","170642631","GL873580","5868817","5869123","99","164773477"
"chr1","170737206","170737370","GL873580","853240","853398","45","169883966"
"chr1","171488295","171488450","GL873814","114306","114462","45","171373989"
"chr1","171513661","171513945","GL873807","378787","379071","74","171134874"
"chr1","171518217","171518521","GL873520","20611705","20612004","76","150906512"
"chr1","171723742","171724024","GL873533","16134333","16134623","73","155589409"
"chr1","171725341","171725497","GL873532","24796591","24796743","53","146928750"
"chr1","171725806","171725895","GL873738","274991","275089","33","171450815"
"chr1","171926951","171927259","GL873532","29369734","29370037","85","142557217"
"chr1","172135140","172135460","GL873531","743580","743873","94","171391560"
"chr1","172198110","172198414","GL873531","11880361","11880661","87","160317749"
"chr1","172257214","172257515","GL873589","9310653","9310947","78","162946561"
"chr1","172416639","172416922","GL873645","923581","923868","79","171493058"
"chr1","172449046","172449209","GL873814","114306","114462","48","172334740"
"chr1","172463878","172464157","GL873531","15816402","15816670","80","156647476"
"chr1","172592036","172592304","GL873531","15816402","15816670","76","156775634"
"chr1","172670499","172670622","GL873548","16247733","16247866","39","156422766"
"chr1","172740357","172740657","GL873639","638719","639018","79","172101638"
"chr1","172863727","172863952","GL873527","27812855","27813090","68","145050872"
"chr1","172921755","172921930","GL873731","1122838","1123027","48","171798917"
"chr1","172973578","172973707","GL873548","16247733","16247866","29","156725845"
"chr1","173031434","173031775","GL873537","28253996","28254310","104","144777438"
"chr1","173211414","173211701","GL873635","3143338","3143625","78","170068076"
"chr1","173481256","173481439","GL873526","16210494","16210659","64","157270762"
"chr1","173514020","173514320","GL873646","3489451","3489745","79","170024569"
"chr1","173662023","173662296","GL873564","8111869","8112128","81","165550154"
"chr1","173672352","173672664","GL873618","1039454","1039766","74","172632898"
"chr1","173759714","173759788","GL873537","28066052","28066115","30","145693662"
"chr1","173863895","173864193","GL873525","31608445","31608738","80","142255450"
"chr1","173948870","173949165","GL873589","9310653","9310947","81","164638217"
"chr1","174625817","174625875","GL873548","7943503","7943547","31","166682314"
"chr1","174627734","174627907","GL873587","2344327","2344496","47","172283407"
"chr1","174786817","174786940","GL873629","3057379","3057506","40","171729438"
"chr1","174820298","174820602","GL873531","743580","743873","83","174076718"
"chr1","174886436","174886693","GL873538","4784269","4784514","68","170102167"
"chr1","174919723","174920013","GL873615","5164234","5164521","70","169755489"
"chr1","175056073","175056376","GL873712","758777","759067","79","174297296"
"chr1","175304996","175305126","GL873617","6429598","6429710","51","168875398"
"chr1","175305272","175305564","GL873645","923581","923868","78","174381691"
"chr1","175305779","175305847","GL873537","28066052","28066115","20","147239727"
"chr1","175637510","175637805","GL873531","743580","743873","84","174893930"
"chr1","175871317","175871625","GL873530","8252980","8253273","86","167618337"
"chr1","175998356","175998662","GL873645","923581","923868","86","175074775"
"chr1","176161722","176162022","GL873633","6680180","6680479","74","169481542"
"chr1","176194489","176194795","GL873615","2242583","2242882","80","173951906"
"chr1","176480984","176481284","GL873525","31608445","31608738","74","144872539"
"chr1","176695549","176695828","GL873531","15816402","15816670","75","160879147"
"chr1","177130730","177131025","GL873623","7055444","7055732","85","170075286"
"chr1","177178649","177178937","GL873807","378787","379071","80","176799862"
"chr1","177351556","177351842","GL873807","378787","379071","67","176972769"
"chr1","177437422","177437732","GL873633","6680180","6680479","89","170757242"
"chr1","177694850","177695158","GL873618","1039454","1039766","79","176655396"
"chr1","177770936","177771235","GL873611","3648898","3649188","77","174122038"
"chr1","178176599","178176903","GL873526","17185395","17185660","96","160991204"
"chr1","178679741","178679945","GL873728","590192","590366","77","178089549"
"chr1","179152205","179152482","GL873564","8111869","8112128","77","171040336"
"chr1","179565820","179566112","GL873615","5164234","5164521","77","174401586"
"chr1","179643957","179644269","GL873711","600516","600812","88","179043441"
"chr1","179785113","179785419","GL873531","743580","743873","78","179041533"
"chr1","180051810","180052083","GL873523","47336368","47336640","80","132715442"
"chr1","180088486","180088696","GL873538","2103378","2103585","56","177985108"
"chr1","180315801","180316092","GL873807","378787","379071","71","179937014"
"chr1","180765508","180765792","GL873807","378787","379071","80","180386721"
"chr1","181047762","181048020","GL873671","1882360","1882615","74","179165402"
"chr1","181051574","181051876","GL873652","2538738","2539020","86","178512836"
"chr1","181397881","181397947","GL873537","28066052","28066115","16","153331829"
"chr1","181540591","181540886","GL873589","9310653","9310947","78","172229938"
"chr1","182044438","182044716","GL873531","15816402","15816670","77","166228036"
"chr1","182294607","182294890","GL873807","378787","379071","73","181915820"
"chr1","182517382","182517674","GL873536","6183235","6183517","83","176334147"
"chr1","182820178","182820360","GL873654","829106","829286","62","181991072"
"chr1","182949779","182950072","GL873615","2242583","2242882","75","180707196"
"chr1","182986673","182986830","GL873521","37167860","37168019","65","145818813"
"chr1","183189449","183189744","GL873652","2538738","2539020","80","180650711"
"chr1","183332294","183332603","GL873639","638719","639018","78","182693575"
"chr1","183370393","183370673","GL873807","378787","379071","72","182991606"
"chr1","183390000","183390282","GL873807","378787","379071","70","183011213"
"chr1","183462162","183462456","GL873652","2538738","2539020","76","180923424"
"chr1","183618069","183618368","GL873615","2242583","2242882","76","181375486"
"chr1","183659581","183659874","GL873633","6680180","6680479","75","176979401"
"chr1","183742866","183743163","GL873592","3504292","3504588","71","180238574"
"chr1","183984762","183985067","GL873589","9310653","9310947","71","174674109"
"chr1","184163688","184163979","GL873807","378787","379071","69","183784901"
"chr1","184850285","184850593","GL873530","8252980","8253273","79","176597305"
"chr1","184861029","184861315","GL873807","378787","379071","75","184482242"
"chr1","185122696","185122958","GL873526","11694917","11695169","78","173427779"
"chr1","185456637","185456937","GL873531","743580","743873","76","184713057"
"chr1","185522060","185522159","GL873563","6278566","6278672","41","179243494"
"chr1","185753518","185753710","GL873731","1140299","1140488","60","184613219"
"chr1","185791979","185792227","GL873544","4458562","4458812","84","181333417"
"chr1","185859581","185859880","GL873611","3648898","3649188","88","182210683"
"chr1","186905762","186906036","GL873531","15816402","15816670","82","171089360"
"chr1","187152957","187153252","GL873532","29369734","29370037","73","157783223"
"chr1","187574130","187574439","GL873530","8252980","8253273","79","179321150"
"chr1","187736140","187736435","GL873807","378787","379071","70","187357353"
"chr1","187776135","187776425","GL873615","5164234","5164521","79","182611901"
"chr1","187778295","187778377","GL873799","235420","235499","31","187542875"
"chr1","187779053","187779342","GL873536","6183235","6183517","79","181595818"
"chr1","187816571","187816802","GL873664","3452535","3452748","75","184364036"
"chr1","187939530","187939692","GL873608","3484994","3485156","69","184454536"
"chr1","188030119","188030421","GL873615","2242583","2242882","72","185787536"
"chr1","188052240","188052511","GL873544","21012867","21013121","70","167039373"
"chr1","188068560","188068838","GL873585","115904","116160","78","187952656"
"chr1","188174210","188174504","GL873639","638719","639018","85","187535491"
"chr1","188178185","188178492","GL873520","20611705","20612004","74","167566480"
"chr1","188184474","188184784","GL873615","2242583","2242882","83","185941891"
"chr1","188478815","188479107","GL873807","378787","379071","68","188100028"
"chr1","188703340","188703632","GL873807","378787","379071","76","188324553"
"chr1","188783841","188784146","GL873532","29369734","29370037","83","159414107"
"chr1","188792884","188793159","GL873561","14329867","14330129","94","174463017"
"chr1","189259623","189259799","GL873536","10089167","10089339","72","179170456"
"chr1","189313261","189313539","GL873558","11729886","11730160","71","177583375"
"chr1","189425291","189425375","GL873623","3165346","3165445","32","186259945"
"chr1","189520798","189521084","GL873807","378787","379071","67","189142011"
"chr1","189549174","189549472","GL873532","29369734","29370037","84","160179440"
"chr1","190202195","190202494","GL873615","5164234","5164521","74","185037961"
"chr1","190446036","190446277","GL873645","4984041","4984262","74","185461995"
"chr1","190498453","190498740","GL873560","5671813","5672100","75","184826640"
"chr1","190586056","190586302","GL873520","30119082","30119327","88","160466974"
"chr1","190734713","190735001","GL873524","33453308","33453594","83","157281405"
"chr1","190740959","190741255","GL873589","9310653","9310947","78","181430306"
"chr1","190765472","190765766","GL873615","5164234","5164521","75","185601238"
"chr1","190844476","190844770","GL873635","3143338","3143625","77","187701138"
"chr1","191123129","191123423","GL873545","12502931","12503218","77","178620198"
"chr1","191398152","191398457","GL873532","29369734","29370037","77","162028418"
"chr1","191567020","191567329","GL873807","378787","379071","89","191188233"
"chr1","191631867","191632167","GL873807","378787","379071","83","191253080"
"chr1","191659316","191659606","GL873807","378787","379071","70","191280529"
"chr1","191898636","191898921","GL873589","9310653","9310947","75","182587983"
"chr1","192258832","192259019","GL873530","11536409","11536598","67","180722423"
"chr1","192327791","192328069","GL873561","14329867","14330129","68","177997924"
"chr1","192363054","192363281","GL873523","24830084","24830304","65","167532970"
"chr1","192363917","192363975","GL873523","24829332","24829385","28","167534585"
"chr1","192584449","192584747","GL873533","16134333","16134623","87","176450116"
"chr1","193039460","193039761","GL873633","6680180","6680479","72","186359280"
"chr1","193206442","193206716","GL873807","378787","379071","72","192827655"
"chr1","193229892","193230193","GL873645","923581","923868","79","192306311"
"chr1","193259218","193259366","GL873529","9635583","9635702","63","183623635"
"chr1","193377059","193377160","GL873677","3241750","3241856","41","190135309"
"chr1","193861064","193861377","GL873645","923581","923868","86","192937483"
"chr1","193873370","193873618","GL873527","27812855","27813090","68","166060515"
"chr1","194012136","194012414","GL873544","19151818","19152093","71","174860318"
"chr1","194135217","194135499","GL873807","378787","379071","77","193756430"
"chr1","194165581","194165875","GL873635","3143338","3143625","77","191022243"
"chr1","194354414","194354698","GL873807","378787","379071","69","193975627"
"chr1","194494651","194494778","GL873629","3057379","3057506","31","191437272"
"chr1","194512045","194512317","GL873561","14329867","14330129","75","180182178"
"chr1","194525192","194525496","GL873525","31608445","31608738","73","162916747"
"chr1","194571591","194571841","GL873671","1882360","1882615","81","192689231"
"chr1","194628737","194629012","GL873585","10753608","10753875","81","183875129"
"chr1","194632451","194632508","GL873548","7943503","7943547","30","186688948"
"chr1","194691654","194691903","GL873637","4322064","4322316","73","190369590"
"chr1","194706761","194707044","GL873529","2737581","2737856","69","191969180"
"chr1","196244160","196244437","GL873544","19151818","19152093","69","177092342"
"chr1","196369246","196369473","GL873523","24830084","24830304","68","171539162"
"chr1","196413596","196413870","GL873544","21012867","21013121","91","175400729"
"chr1","197332024","197332184","GL873573","561846","562000","45","196770178"
"chr1","197457209","197457491","GL873807","378787","379071","77","197078422"
"chr1","197837567","197837859","GL873531","743580","743873","80","197093987"
"chr1","197849016","197849318","GL873580","5868817","5869123","83","191980199"
"chr1","197858586","197858878","GL873807","378787","379071","67","197479799"
"chr1","198290331","198290607","GL873531","15816402","15816670","77","182473929"
"chr1","198453629","198453800","GL873608","3484994","3485156","53","194968635"
"chr1","198547076","198547372","GL873807","378787","379071","72","198168289"
"chr1","198579606","198579901","GL873807","378787","379071","73","198200819"
"chr1","198943192","198943488","GL873560","5671813","5672100","76","193271379"
"chr1","199344811","199345083","GL873807","378787","379071","82","198966024"
"chr1","199350477","199350779","GL873530","8252980","8253273","75","191097497"
"chr1","199429407","199429710","GL873536","6183235","6183517","81","193246172"
"chr1","199924607","199924881","GL873560","1046330","1046605","74","198878277"
"chr1","200112348","200112651","GL873532","29369734","29370037","82","170742614"
"chr1","200208386","200208679","GL873652","2538738","2539020","77","197669648"
"chr1","200223181","200223464","GL873807","378787","379071","76","199844394"
"chr1","200243221","200243494","GL873520","70969998","70970267","74","129273223"
"chr1","200349430","200349718","GL873807","378787","379071","71","199970643"
"chr1","200506038","200506317","GL873531","15816402","15816670","70","184689636"
"chr1","200684666","200684945","GL873652","2538738","2539020","80","198145928"
"chr1","200759228","200759524","GL873572","5333658","5333936","87","195425570"
"chr1","200869111","200869174","GL873662","1216517","1216580","11","199652594"
"chr1","201030700","201030978","GL873544","19151818","19152093","74","181878882"
"chr1","201220261","201220546","GL873540","16674647","16674922","82","184545614"
"chr1","201345190","201345483","GL873560","1046330","1046605","74","200298860"
"chr1","201351620","201351798","GL873728","590192","590366","70","200761428"
"chr1","201367469","201367586","GL873525","6607619","6607730","33","194759850"
"chr1","201441448","201441734","GL873719","2249405","2249681","93","199192043"
"chr1","201471615","201471925","GL873645","923581","923868","79","200548034"
"chr1","201479083","201479389","GL873530","8252980","8253273","72","193226103"
"chr1","201587118","201587407","GL873807","378787","379071","78","201208331"
"chr1","201684543","201684835","GL873652","2538738","2539020","77","199145805"
"chr1","201686812","201687095","GL873807","378787","379071","72","201308025"
"chr1","201792007","201792279","GL873536","23022433","23022696","84","178769574"
"chr1","201854052","201854325","GL873520","70969998","70970267","83","130884054"
"chr1","201885589","201885898","GL873645","923581","923868","83","200962008"
"chr1","202023725","202023796","GL873662","1216517","1216580","18","200807208"
"chr1","202038555","202038851","GL873652","2538738","2539020","80","199499817"
"chr1","202059074","202059349","GL873529","2737581","2737856","77","199321493"
"chr1","202095648","202095928","GL873635","3143338","3143625","84","198952310"
"chr1","202099463","202099646","GL873553","15802799","15802981","63","186296664"
"chr1","202274503","202274712","GL873654","829106","829286","66","201445397"
"chr1","202414674","202414954","GL873807","378787","379071","75","202035887"
"chr1","202536654","202536953","GL873615","2242583","2242882","79","200294071"
"chr1","202577805","202578055","GL873534","6499556","6499790","73","196078249"
"chr1","202619399","202619674","GL873526","11694917","11695169","99","190924482"
"chr1","202900661","202900950","GL873807","378787","379071","73","202521874"
"chr1","202964564","202964859","GL873615","5164234","5164521","85","197800330"
"chr1","202986693","202986985","GL873807","378787","379071","75","202607906"
"chr1","203111115","203111397","GL873558","11729886","11730160","73","191381229"
"chr1","203357327","203357490","GL873608","3484994","3485156","38","199872333"
"chr1","203382307","203382559","GL873527","27812855","27813090","68","175569452"
"chr1","203899302","203899617","GL873544","21012867","21013121","104","182886435"
"chr1","204202243","204202552","GL873589","9310653","9310947","87","194891590"
"chr1","204435265","204435558","GL873563","10870912","10871197","79","193564353"
"chr1","204506622","204506878","GL873526","11694917","11695169","73","192811705"
"chr1","204726465","204726730","GL873671","1882360","1882615","71","202844105"
"chr1","204932192","204932494","GL873645","923581","923868","79","204008611"
"chr1","205000786","205000993","GL873744","926494","926690","50","204074292"
"chr1","205028727","205029005","GL873560","1046330","1046605","78","203982397"
"chr1","205050495","205050786","GL873807","378787","379071","68","204671708"
"chr1","205954988","205955299","GL873531","743580","743873","80","205211408"
"chr1","206453363","206453613","GL873564","8111869","8112128","80","198341494"
"chr1","206678889","206679181","GL873526","17185395","17185660","80","189493494"
"chr1","207046961","207047266","GL873525","31608445","31608738","77","175438516"
"chr1","207857781","207858064","GL873807","378787","379071","65","207478994"
"chr1","208775294","208775597","GL873531","743580","743873","79","208031714"
"chr1","209010436","209010744","GL873532","29369734","29370037","78","179640702"
"chr1","209296217","209296301","GL873581","8343445","8343516","41","200952772"
"chr1","209671071","209671372","GL873525","31608445","31608738","80","178062626"
"chr1","209721660","209721934","GL873635","3143338","3143625","75","206578322"
"chr1","209771460","209771745","GL873652","2538738","2539020","76","207232722"
"chr1","210002082","210002379","GL873645","923581","923868","89","209078501"
"chr1","210118512","210118800","GL873807","378787","379071","66","209739725"
"chr1","210321091","210321217","GL873534","6310704","6310826","36","204010387"
"chr1","210364296","210364511","GL873558","5090920","5091134","89","205273376"
"chr2","95813506","95813800","GL873589","9310653","9310947","77","86502853"
"chr2","192675599","192675907","GL873712","758777","759067","85","191916822"
"chr2","17062","17132","GL873534","8444999","8445064","18","8427937"
"chr2","27954","28170","GL873540","6313666","6313849","86","6285712"
"chr2","289939","290149","GL873639","2243846","2244046","65","1953907"
"chr2","334744","335037","GL873524","11986341","11986618","80","11651597"
"chr2","390723","390999","GL873579","1773131","1773405","79","1382408"
"chr2","408929","409215","GL873605","211678","211971","73","197251"
"chr2","473224","473505","GL873530","8252980","8253273","79","7779756"
"chr2","614896","615183","GL873807","378787","379071","81","236109"
"chr2","679260","679538","GL873526","44043","44310","78","635217"
"chr2","725244","725529","GL873558","11729886","11730160","81","11004642"
"chr2","818900","819192","GL873652","2538738","2539020","68","1719838"
"chr2","845687","845988","GL873807","378787","379071","81","466900"
"chr2","846294","846579","GL873560","5671813","5672100","80","4825519"
"chr2","866419","866712","GL873560","5671813","5672100","80","4805394"
"chr2","1000171","1000474","GL873532","29369734","29370037","81","28369563"
"chr2","1095854","1096144","GL873526","17185395","17185660","74","16089541"
"chr2","1128611","1128908","GL873807","378787","379071","73","749824"
"chr2","1237336","1237629","GL873526","17185395","17185660","75","15948059"
"chr2","1337201","1337511","GL873530","8252980","8253273","80","6915779"
"chr2","1358505","1358792","GL873539","25389838","25390116","84","24031333"
"chr2","1389985","1390285","GL873633","6680180","6680479","74","5290195"
"chr2","1924459","1924745","GL873807","378787","379071","68","1545672"
"chr2","1954453","1954740","GL873807","378787","379071","69","1575666"
"chr2","2133181","2133393","GL873533","28073656","28073870","54","25940475"
"chr2","2141067","2141368","GL873532","29369734","29370037","77","27228667"
"chr2","2146620","2146920","GL873545","12502931","12503218","88","10356311"
"chr2","2396338","2396620","GL873525","31608445","31608738","79","29212107"
"chr2","2519456","2519737","GL873635","3143338","3143625","77","623882"
"chr2","2737802","2738090","GL873807","378787","379071","73","2359015"
"chr2","2860930","2861234","GL873520","20611705","20612004","74","17750775"
"chr2","3213933","3214227","GL873520","23993282","23993576","72","20779349"
"chr2","3305595","3305901","GL873615","2242583","2242882","78","1063012"
"chr2","3485308","3485444","GL873585","8812888","8813010","37","5327580"
"chr2","3573564","3573871","GL873807","378787","379071","91","3194777"
"chr2","3658111","3658403","GL873807","378787","379071","72","3279324"
"chr2","3666680","3666976","GL873536","6183235","6183517","84","2516555"
"chr2","4239046","4239330","GL873807","378787","379071","65","3860259"
"chr2","4311409","4311470","GL873523","27500719","27500779","23","23189310"
"chr2","4372337","4372461","GL873585","8812888","8813010","40","4440551"
"chr2","4395586","4395862","GL873531","15816402","15816670","80","11420816"
"chr2","5167802","5168106","GL873807","378787","379071","82","4789015"
"chr2","5350258","5350451","GL873536","10089167","10089339","61","4738909"
"chr2","5428887","5429175","GL873533","16134333","16134623","73","10705446"
"chr2","5510354","5510638","GL873615","5164234","5164521","76","346120"
"chr2","6086481","6086771","GL873807","378787","379071","73","5707694"
"chr2","6344772","6344886","GL873525","6607619","6607730","31","262847"
"chr2","6368327","6368626","GL873615","5164234","5164521","77","1204093"
"chr2","6388965","6389248","GL873525","8545888","8546164","75","2156923"
"chr2","6418226","6418519","GL873526","22863004","22863298","84","16444778"
"chr2","6428608","6428898","GL873807","378787","379071","74","6049821"
"chr2","6898573","6898643","GL873534","8444999","8445064","21","1546426"
"chr2","6957124","6957431","GL873592","3504292","3504588","87","3452832"
"chr2","6973483","6973768","GL873615","5164234","5164521","75","1809249"
"chr2","6994610","6994916","GL873567","12148816","12149129","82","5154206"
"chr2","7104856","7105148","GL873536","6183235","6183517","81","921621"
"chr2","7147564","7147871","GL873645","923581","923868","80","6223983"
"chr2","7164603","7164888","GL873534","15455935","15456215","74","8291332"
"chr2","7167005","7167236","GL873728","590192","590366","94","6576813"
"chr2","7265941","7266246","GL873548","15989743","15990030","83","8723802"
"chr2","7283100","7283388","GL873560","5671813","5672100","77","1611287"
"chr2","7298945","7299231","GL873558","11729886","11730160","79","4430941"
"chr2","7324612","7324747","GL873548","16247733","16247866","39","8923121"
"chr2","7349662","7349959","GL873589","9310653","9310947","78","1960991"
"chr2","7355736","7356025","GL873807","378787","379071","75","6976949"
"chr2","7437276","7437511","GL873534","6499556","6499790","60","937720"
"chr2","8215013","8215311","GL873589","9310653","9310947","81","1095640"
"chr2","8355291","8355589","GL873615","5164234","5164521","77","3191057"
"chr2","8488906","8489191","GL873615","5164234","5164521","78","3324672"
"chr2","8525242","8525544","GL873532","29369734","29370037","71","20844492"
"chr2","8544645","8544942","GL873525","31608445","31608738","79","23063800"
"chr2","8636826","8637102","GL873807","378787","379071","75","8258039"
"chr2","8753801","8753960","GL873573","561846","562000","42","8191955"
"chr2","8801793","8802086","GL873563","10870912","10871197","80","2069119"
"chr2","8851892","8851957","GL873606","413534","413591","27","8438358"
"chr2","8921131","8921289","GL873573","561846","562000","53","8359285"
"chr2","9141283","9141560","GL873520","70969998","70970267","66","61828715"
"chr2","9242548","9242837","GL873527","33196263","33196548","76","23953715"
"chr2","9265760","9266050","GL873530","24066432","24066694","100","14800672"
"chr2","9324366","9324648","GL873530","8252980","8253273","78","1071386"
"chr2","9570126","9570411","GL873807","378787","379071","75","9191339"
"chr2","9595016","9595288","GL873807","378787","379071","74","9216229"
"chr2","9736397","9736674","GL873536","6183235","6183517","78","3553162"
"chr2","9911331","9911612","GL873542","9537125","9537397","79","374206"
"chr2","9965421","9965700","GL873531","15816402","15816670","68","5850981"
"chr2","9992967","9993272","GL873639","638719","639018","81","9354248"
"chr2","10005217","10005504","GL873807","378787","379071","67","9626430"
"chr2","10296782","10297002","GL873533","28073656","28073870","59","17776874"
"chr2","10454949","10455244","GL873652","2538738","2539020","76","7916211"
"chr2","10458880","10458943","GL873537","28066052","28066115","15","17607172"
"chr2","10726085","10726362","GL873530","24066432","24066694","91","13340347"
"chr2","10740388","10740676","GL873712","758777","759067","80","9981611"
"chr2","10833342","10833605","GL873585","115904","116160","83","10717438"
"chr2","10841202","10841495","GL873807","378787","379071","67","10462415"
"chr2","10961480","10961739","GL873585","10753608","10753875","73","207872"
"chr2","10972933","10973105","GL873536","10089167","10089339","52","883766"
"chr2","11067842","11068104","GL873536","23022433","23022696","80","11954591"
"chr2","11177836","11178130","GL873589","9310653","9310947","79","1867183"
"chr2","11416343","11416638","GL873525","31608445","31608738","73","20192102"
"chr2","11532017","11532186","GL873580","853240","853398","56","10678777"
"chr2","11555598","11555728","GL873529","9635583","9635702","64","1920015"
"chr2","11734124","11734397","GL873611","4326462","4326733","79","7407662"
"chr2","12406078","12406321","GL873538","4784269","4784514","78","7621809"
"chr2","12407295","12407585","GL873807","378787","379071","70","12028508"
"chr2","12425856","12426142","GL873534","15455935","15456215","74","3030079"
"chr2","12997858","12998178","GL873537","28253996","28254310","98","15256138"
"chr2","13082628","13082902","GL873606","1584393","1584659","79","11498235"
"chr2","13098281","13098453","GL873608","3484994","3485156","50","9613287"
"chr2","13696352","13696646","GL873526","22863004","22863298","80","9166652"
"chr2","13723378","13723675","GL873545","12502931","12503218","72","1220447"
"chr2","13749088","13749171","GL873623","3165346","3165445","30","10583742"
"chr2","13839237","13839504","GL873544","19151818","19152093","74","5312581"
"chr2","14018132","14018436","GL873712","758777","759067","82","13259355"
"chr2","14050578","14050861","GL873536","6183235","6183517","75","7867343"
"chr2","14184022","14184334","GL873712","758777","759067","84","13425245"
"chr2","14188348","14188584","GL873531","4102790","4103038","79","10085558"
"chr2","14264001","14264298","GL873615","5164234","5164521","76","9099767"
"chr2","14465959","14466274","GL873532","29369734","29370037","81","14903775"
"chr2","14529938","14530236","GL873645","923581","923868","76","13606357"
"chr2","14586298","14586374","GL873524","40199622","40199689","24","25613324"
"chr2","14619656","14619929","GL873531","15816402","15816670","77","1196746"
"chr2","14724151","14724446","GL873645","923581","923868","77","13800570"
"chr2","14973351","14973632","GL873807","378787","379071","76","14594564"
"chr2","15086381","15086670","GL873807","378787","379071","73","14707594"
"chr2","15160840","15161139","GL873527","33196263","33196548","78","18035423"
"chr2","15416612","15416849","GL873618","3344163","3344386","83","12072449"
"chr2","15683224","15683499","GL873558","11729886","11730160","76","3953338"
"chr2","15975727","15976024","GL873615","5164234","5164521","75","10811493"
"chr2","16056684","16056986","GL873531","11880361","11880661","88","4176323"
"chr2","16095168","16095469","GL873532","29369734","29370037","80","13274566"
"chr2","16115547","16115832","GL873645","923581","923868","75","15191966"
"chr2","16190495","16190764","GL873525","43871699","43871974","80","27681204"
"chr2","16256814","16257103","GL873600","6358350","6358621","76","9898464"
"chr2","16319682","16319986","GL873615","2242583","2242882","84","14077099"
"chr2","16395762","16396062","GL873530","8252980","8253273","76","8142782"
"chr2","16783741","16784036","GL873615","5164234","5164521","78","11619507"
"chr2","17588954","17589249","GL873712","758777","759067","72","16830177"
"chr2","17852309","17852603","GL873531","743580","743873","80","17108729"
"chr2","17890003","17890278","GL873531","15816402","15816670","80","2073601"
"chr2","20085836","20086134","GL873611","3648898","3649188","78","16436938"
"chr2","20326006","20326307","GL873623","7055444","7055732","82","13270562"
"chr2","20484647","20484924","GL873645","923581","923868","85","19561066"
"chr2","20885561","20885859","GL873592","3504292","3504588","76","17381269"
"chr2","21108924","21109214","GL873592","3504292","3504588","75","17604632"
"chr2","21269036","21269302","GL873564","8111869","8112128","81","13157167"
"chr2","21402917","21403214","GL873526","22863004","22863298","79","1460087"
"chr2","21838399","21838704","GL873520","20611705","20612004","82","1226694"
"chr2","21970169","21970462","GL873652","2538738","2539020","88","19431431"
"chr2","22278970","22279281","GL873633","6680180","6680479","85","15598790"
"chr2","23193537","23193825","GL873807","378787","379071","72","22814750"
"chr2","23400428","23400720","GL873646","3489451","3489745","82","19910977"
"chr2","24327398","24327677","GL873807","378787","379071","83","23948611"
"chr2","24483420","24483723","GL873532","29369734","29370037","78","4886314"
"chr2","24540721","24540780","GL873537","28066052","28066115","13","3525331"
"chr2","24771881","24772174","GL873525","31608445","31608738","79","6836564"
"chr2","25458465","25458598","GL873629","3057379","3057506","31","22401086"
"chr2","25458599","25458886","GL873635","3143338","3143625","79","22315261"
"chr2","25610050","25610352","GL873560","1046330","1046605","91","24563720"
"chr2","26003590","26003889","GL873712","758777","759067","79","25244813"
"chr2","26409394","26409678","GL873602","5655744","5656017","81","20753650"
"chr2","27754646","27754928","GL873531","15816402","15816670","75","11938244"
"chr2","28093487","28093794","GL873712","758777","759067","86","27334710"
"chr2","28230850","28231143","GL873520","23993282","23993576","78","4237568"
"chr2","28459697","28459998","GL873530","8252980","8253273","80","20206717"
"chr2","28914571","28914727","GL873580","853240","853398","38","28061331"
"chr2","28977581","28977728","GL873532","24796591","24796743","52","4180990"
"chr2","29359609","29359900","GL873807","378787","379071","74","28980822"
"chr2","29503090","29503381","GL873533","16134333","16134623","69","13368757"
"chr2","29563849","29564139","GL873807","378787","379071","69","29185062"
"chr2","31043425","31043733","GL873712","758777","759067","78","30284648"
"chr2","31108255","31108428","GL873536","10089167","10089339","45","21019088"
"chr2","31148231","31148529","GL873645","923581","923868","85","30224650"
"chr2","31158244","31158543","GL873712","758777","759067","76","30399467"
"chr2","31172718","31173009","GL873696","323840","324122","89","30848878"
"chr2","31407211","31407513","GL873592","3504292","3504588","81","27902919"
"chr2","31421571","31421851","GL873531","15816402","15816670","77","15605169"
"chr2","31423520","31423799","GL873530","24066432","24066694","80","7357088"
"chr2","31447446","31447642","GL873608","3484994","3485156","69","27962452"
"chr2","31495935","31496230","GL873807","378787","379071","71","31117148"
"chr2","31561281","31561582","GL873639","638719","639018","77","30922562"
"chr2","31610389","31610690","GL873807","378787","379071","74","31231602"
"chr2","31643834","31644129","GL873646","3489451","3489745","78","28154383"
"chr2","31660998","31661280","GL873807","378787","379071","66","31282211"
"chr2","31705560","31705837","GL873524","33453308","33453594","86","1747748"
"chr2","31757147","31757422","GL873544","19151818","19152093","73","12605329"
"chr2","31774086","31774382","GL873532","29369734","29370037","79","2404352"
"chr2","31947908","31948195","GL873807","378787","379071","66","31569121"
"chr2","32322760","32323058","GL873807","378787","379071","71","31943973"
"chr2","32671658","32671969","GL873631","1463608","1463909","86","31208050"
"chr2","32743627","32743939","GL873631","1463608","1463909","81","31280019"
"chr2","32865974","32866307","GL873532","29369734","29370037","93","3496240"
"chr2","34256271","34256555","GL873807","378787","379071","67","33877484"
"chr2","34997965","34998155","GL873536","10089167","10089339","51","24908798"
"chr2","35069421","35069731","GL873592","3504292","3504588","88","31565129"
"chr2","35168388","35168680","GL873807","378787","379071","72","34789601"
"chr2","35213021","35213309","GL873592","3504292","3504588","80","31708729"
"chr2","35400020","35400263","GL873618","3344163","3344386","74","32055857"
"chr2","35595907","35596188","GL873807","378787","379071","73","35217120"
"chr2","35750787","35750972","GL873728","590192","590366","64","35160595"
"chr2","36097307","36097606","GL873572","5333658","5333936","81","30763649"
"chr2","36189367","36189659","GL873807","378787","379071","68","35810580"
"chr2","36219925","36220224","GL873639","638719","639018","81","35581206"
"chr2","36347107","36347409","GL873533","30408285","30408583","79","5938822"
"chr2","36424734","36425019","GL873579","5947173","5947436","82","30477561"
"chr2","36500130","36500410","GL873526","44043","44310","77","36456087"
"chr2","36618676","36618971","GL873652","2538738","2539020","75","34079938"
"chr2","36909977","36910058","GL873780","151869","151943","21","36758108"
"chr2","37204022","37204328","GL873807","378787","379071","85","36825235"
"chr2","37497893","37498083","GL873536","10089167","10089339","60","27408726"
"chr2","37498735","37498851","GL873525","6607619","6607730","33","30891116"
"chr2","37499147","37499445","GL873652","2538738","2539020","78","34960409"
"chr2","37653198","37653421","GL873523","24830084","24830304","56","12823114"
"chr2","37887020","37887326","GL873615","2242583","2242882","79","35644437"
"chr2","38373878","38374171","GL873645","923581","923868","84","37450297"
"chr2","38507793","38508079","GL873807","378787","379071","73","38129006"
"chr2","38551202","38551499","GL873605","211678","211971","90","38339524"
"chr2","38577147","38577476","GL873531","743580","743873","95","37833567"
"chr2","38600346","38600635","GL873530","8252980","8253273","86","30347366"
"chr2","39093124","39093417","GL873652","2538738","2539020","70","36554386"
"chr2","39318950","39319071","GL873629","3057379","3057506","31","36261571"
"chr2","39360230","39360511","GL873807","378787","379071","67","38981443"
"chr2","39363093","39363383","GL873635","3143338","3143625","77","36219755"
"chr2","39429908","39430227","GL873532","29369734","29370037","89","10060174"
"chr2","39533825","39534117","GL873652","2538738","2539020","73","36995087"
"chr2","39584226","39584521","GL873532","29369734","29370037","74","10214492"
"chr2","39642320","39642617","GL873652","2538738","2539020","76","37103582"
"chr2","39730633","39730940","GL873615","2242583","2242882","75","37488050"
"chr2","39973799","39974087","GL873807","378787","379071","77","39595012"
"chr2","40417081","40417398","GL873532","29369734","29370037","93","11047347"
"chr2","42825513","42825788","GL873544","19151818","19152093","79","23673695"
"chr2","43541697","43542001","GL873645","923581","923868","81","42618116"
"chr2","43645614","43645841","GL873700","1267399","1267642","64","42378215"
"chr2","44083763","44084010","GL873531","4102790","4103038","77","39980973"
"chr2","44090293","44090540","GL873531","4102790","4103038","76","39987503"
"chr2","44247563","44247865","GL873807","378787","379071","82","43868776"
"chr2","45001040","45001324","GL873645","923581","923868","76","44077459"
"chr2","45167626","45167919","GL873807","378787","379071","82","44788839"
"chr2","45442591","45442869","GL873561","14329867","14330129","76","31112724"
"chr2","45844984","45845278","GL873532","29369734","29370037","75","16475250"
"chr2","46966904","46967088","GL873728","590192","590366","58","46376712"
"chr2","46967885","46968021","GL873629","3057379","3057506","37","43910506"
"chr2","47145497","47145786","GL873807","378787","379071","80","46766710"
"chr2","47275881","47276181","GL873645","923581","923868","87","46352300"
"chr2","47277394","47277697","GL873615","2242583","2242882","67","45034811"
"chr2","47484356","47484629","GL873579","5947173","5947436","79","41537183"
"chr2","48292138","48292405","GL873561","14329867","14330129","76","33962271"
"chr2","48789529","48789789","GL873537","26407623","26407869","82","22381906"
"chr2","48859488","48859635","GL873610","7088038","7088189","43","41771450"
"chr2","49455189","49455474","GL873712","758777","759067","78","48696412"
"chr2","49907207","49907502","GL873652","2538738","2539020","76","47368469"
"chr2","50268505","50268655","GL873573","561846","562000","47","49706659"
"chr2","50603038","50603306","GL873546","5021263","5021515","78","45581775"
"chr2","51302574","51302898","GL873618","1039454","1039766","92","50263120"
"chr2","51406103","51406398","GL873807","378787","379071","78","51027316"
"chr2","51941364","51941658","GL873532","29369734","29370037","81","22571630"
"chr2","52198445","52198758","GL873532","29369734","29370037","89","22828711"
"chr2","52368360","52368665","GL873523","21098831","21099120","83","31269529"
"chr2","52382710","52383016","GL873532","29369734","29370037","73","23012976"
"chr2","52531340","52531624","GL873602","5655744","5656017","83","46875596"
"chr2","52533990","52534288","GL873615","5164234","5164521","81","47369756"
"chr2","52644739","52644844","GL873623","3165346","3165445","32","49479393"
"chr2","52841797","52842083","GL873524","33453308","33453594","77","19388489"
"chr2","52900534","52900810","GL873807","378787","379071","73","52521747"
"chr2","54141258","54141518","GL873520","30119082","30119327","78","24022176"
"chr2","55281946","55282241","GL873529","2737581","2737856","79","52544365"
"chr2","55486194","55486471","GL873529","2737581","2737856","81","52748613"
"chr2","55603964","55604265","GL873520","20611705","20612004","72","34992259"
"chr2","55701621","55701913","GL873652","2538738","2539020","85","53162883"
"chr2","56083360","56083514","GL873573","561846","562000","43","55521514"
"chr2","56085031","56085330","GL873807","378787","379071","77","55706244"
"chr2","56133713","56133992","GL873526","17185395","17185660","78","38948318"
"chr2","56368736","56369036","GL873548","15989743","15990030","85","40378993"
"chr2","56590831","56591114","GL873543","21140344","21140627","78","35450487"
"chr2","56804594","56804921","GL873532","29369734","29370037","98","27434860"
"chr2","56882026","56882324","GL873532","29369734","29370037","74","27512292"
"chr2","56931622","56931918","GL873520","23993282","23993576","78","32938340"
"chr2","57095822","57096127","GL873639","638719","639018","81","56457103"
"chr2","57115288","57115592","GL873532","29369734","29370037","76","27745554"
"chr2","57345263","57345567","GL873645","923581","923868","91","56421682"
"chr2","57386413","57386709","GL873645","923581","923868","71","56462832"
"chr2","58828620","58828818","GL873639","2243846","2244046","60","56584774"
"chr2","58830311","58830602","GL873807","378787","379071","64","58451524"
"chr2","59403916","59404212","GL873726","1557093","1557383","73","57846823"
"chr2","60010754","60011046","GL873652","2538738","2539020","75","57472016"
"chr2","60388353","60388645","GL873592","3504292","3504588","79","56884061"
"chr2","60563161","60563368","GL873808","29232","29435","66","60533929"
"chr2","60636332","60636607","GL873564","8111869","8112128","85","52524463"
"chr2","60691847","60692137","GL873536","6183235","6183517","74","54508612"
"chr2","60781072","60781373","GL873532","29369734","29370037","76","31411338"
"chr2","61203650","61203942","GL873807","378787","379071","65","60824863"
"chr2","61453959","61454148","GL873731","1122838","1123027","44","60331121"
"chr2","61680020","61680326","GL873530","8252980","8253273","70","53427040"
"chr2","61777629","61777763","GL873629","3057379","3057506","36","58720250"
"chr2","61821008","61821299","GL873545","12502931","12503218","73","49318077"
"chr2","61839274","61839565","GL873652","2538738","2539020","74","59300536"
"chr2","61869970","61870156","GL873536","10089167","10089339","56","51780803"
"chr2","61910393","61910689","GL873807","378787","379071","72","61531606"
"chr2","62008625","62008872","GL873526","11694917","11695169","83","50313708"
"chr2","62068323","62068613","GL873585","115904","116160","89","61952419"
"chr2","62540344","62540639","GL873633","6680180","6680479","83","55860164"
"chr2","62630805","62631109","GL873615","2242583","2242882","71","60388222"
"chr2","62663637","62663963","GL873633","6680180","6680479","88","55983457"
"chr2","62746614","62746910","GL873527","33196263","33196548","79","29550351"
"chr2","63147109","63147423","GL873548","15989743","15990030","87","47157366"
"chr2","63149601","63149871","GL873531","15816402","15816670","73","47333199"
"chr2","63215602","63215907","GL873531","743580","743873","77","62472022"
"chr2","63515674","63515781","GL873623","3165346","3165445","37","60350328"
"chr2","63583885","63584189","GL873645","923581","923868","83","62660304"
"chr2","63988283","63988583","GL873807","378787","379071","80","63609496"
"chr2","64006611","64006863","GL873778","812679","812951","88","63193932"
"chr2","64433368","64433655","GL873534","15455935","15456215","87","48977433"
"chr2","65305017","65305300","GL873807","378787","379071","70","64926230"
"chr2","65351455","65351763","GL873615","2242583","2242882","78","63108872"
"chr2","65400710","65400892","GL873530","11536409","11536598","60","53864301"
"chr2","65410952","65411231","GL873807","378787","379071","69","65032165"
"chr2","65414941","65415243","GL873532","29369734","29370037","71","36045207"
"chr2","65590835","65591110","GL873525","31608445","31608738","84","33982390"
"chr2","65855010","65855318","GL873530","8252980","8253273","81","57602030"
"chr2","66133390","66133694","GL873531","743580","743873","76","65389810"
"chr2","66295944","66296209","GL873671","1882360","1882615","74","64413584"
"chr2","66446089","66446376","GL873623","7055444","7055732","85","59390645"
"chr2","67040959","67041247","GL873611","3648898","3649188","80","63392061"
"chr2","67431888","67432199","GL873532","29369734","29370037","81","38062154"
"chr2","67744441","67744731","GL873807","378787","379071","66","67365654"
"chr2","67902551","67902848","GL873615","5164234","5164521","78","62738317"
"chr2","67919688","67919995","GL873522","6932627","6932928","89","60987061"
"chr2","68151339","68151615","GL873590","9938249","9938516","80","58213090"
"chr2","68158995","68159285","GL873807","378787","379071","76","67780208"
"chr2","68468232","68468531","GL873652","2538738","2539020","71","65929494"
"chr2","68510413","68510587","GL873608","3484994","3485156","50","65025419"
"chr2","69499369","69499658","GL873531","11880361","11880661","90","57619008"
"chr2","69558850","69559140","GL873807","378787","379071","73","69180063"
"chr2","69783838","69784124","GL873635","3143338","3143625","70","66640500"
"chr2","70382143","70382425","GL873807","378787","379071","86","70003356"
"chr2","70387249","70387539","GL873533","16134333","16134623","78","54252916"
"chr2","71162037","71162279","GL873598","6925865","6926121","76","64236172"
"chr2","71188805","71189105","GL873615","5164234","5164521","78","66024571"
"chr2","71231914","71232204","GL873807","378787","379071","73","70853127"
"chr2","71247786","71248067","GL873807","378787","379071","76","70868999"
"chr2","71337682","71337959","GL873544","19151818","19152093","67","52185864"
"chr2","71395606","71395892","GL873615","5164234","5164521","77","66231372"
"chr2","71831900","71832195","GL873652","2538738","2539020","72","69293162"
"chr2","72272397","72272706","GL873532","29369734","29370037","80","42902663"
"chr2","72454113","72454406","GL873807","378787","379071","75","72075326"
"chr2","73522723","73523019","GL873532","29369734","29370037","71","44152989"
"chr2","73794271","73794576","GL873645","923581","923868","84","72870690"
"chr2","74032288","74032571","GL873558","11729886","11730160","75","62302402"
"chr2","75514989","75515153","GL873538","24528568","24528730","53","50986421"
"chr2","75650470","75650762","GL873615","5164234","5164521","67","70486236"
"chr2","76168603","76168832","GL873527","27812855","27813090","71","48355748"
"chr2","76379486","76379783","GL873525","31608445","31608738","78","44771041"
"chr2","76452149","76452423","GL873629","3330842","3331122","79","73121307"
"chr2","77177454","77177738","GL873807","378787","379071","69","76798667"
"chr2","77346911","77347194","GL873652","2538738","2539020","73","74808173"
"chr2","77810890","77811170","GL873561","14329867","14330129","88","63481023"
"chr2","78169162","78169220","GL873606","413534","413591","17","77755628"
"chr2","79289213","79289426","GL873731","1122838","1123027","61","78166375"
"chr2","79289522","79289821","GL873536","6183235","6183517","86","73106287"
"chr2","79289947","79290042","GL873523","24829332","24829385","45","54460615"
"chr2","79296507","79296797","GL873605","211678","211971","80","79084829"
"chr2","79492290","79492590","GL873531","743580","743873","82","78748710"
"chr2","79663191","79663441","GL873561","14329867","14330129","73","65333324"
"chr2","80457728","80458027","GL873548","133851","134130","84","80323877"
"chr2","82165613","82165906","GL873532","29369734","29370037","78","52795879"
"chr2","82899689","82899934","GL873526","11694917","11695169","79","71204772"
"chr2","83319561","83319858","GL873633","6680180","6680479","72","76639381"
"chr2","83382634","83382784","GL873619","5715463","5715603","59","77667171"
"chr2","83395148","83395446","GL873611","3648898","3649188","70","79746250"
"chr2","83408396","83408467","GL873662","1216517","1216580","18","82191879"
"chr2","83666664","83666973","GL873522","6932627","6932928","85","76734037"
"chr2","84034133","84034409","GL873531","15816402","15816670","81","68217731"
"chr2","84081002","84081288","GL873807","378787","379071","78","83702215"
"chr2","85525151","85525445","GL873544","19151818","19152093","85","66373333"
"chr2","85776574","85776878","GL873553","1912528","1912825","85","83864046"
"chr2","85958309","85958593","GL873807","378787","379071","76","85579522"
"chr2","86503771","86504059","GL873611","3341174","3341447","83","83162597"
"chr2","87165890","87166183","GL873615","5164234","5164521","72","82001656"
"chr2","87386269","87386568","GL873592","3504292","3504588","80","83881977"
"chr2","88256515","88256798","GL873589","9310653","9310947","92","78945862"
"chr2","88349230","88349516","GL873807","378787","379071","72","87970443"
"chr2","88416934","88417222","GL873602","5655744","5656017","87","82761190"
"chr2","89051970","89052261","GL873526","17185395","17185660","78","71866575"
"chr2","89931802","89932089","GL873807","378787","379071","80","89553015"
"chr2","90014438","90014728","GL873645","923581","923868","80","89090857"
"chr2","90422872","90423151","GL873615","5164234","5164521","77","85258638"
"chr2","91784389","91784581","GL873533","28073656","28073870","68","63710733"
"chr2","93355165","93355408","GL873544","21012867","21013121","74","72342298"
"chr2","93461317","93461594","GL873602","5655744","5656017","81","87805573"
"chr2","93486113","93486414","GL873532","29369734","29370037","80","64116379"
"chr2","93617724","93618026","GL873615","5164234","5164521","87","88453490"
"chr2","94074976","94075231","GL873564","8111869","8112128","77","85963107"
"chr2","94087034","94087328","GL873536","6183235","6183517","77","87903799"
"chr2","95493821","95494120","GL873536","6183235","6183517","83","89310586"
"chr2","95600483","95600786","GL873532","29369734","29370037","77","66230749"
"chr2","97713310","97713593","GL873525","43871699","43871974","82","53841611"
"chr2","98626847","98627170","GL873532","29369734","29370037","93","69257113"
"chr2","99015205","99015504","GL873525","31608445","31608738","75","67406760"
"chr2","99734041","99734336","GL873807","378787","379071","81","99355254"
"chr2","99817677","99817969","GL873605","211678","211971","73","99605999"
"chr2","99854267","99854544","GL873544","19151818","19152093","76","80702449"
"chr2","100624894","100625200","GL873631","1463608","1463909","84","99161286"
"chr2","101802986","101803285","GL873525","31608445","31608738","81","70194541"
"chr2","103700436","103700723","GL873807","378787","379071","72","103321649"
"chr2","109760756","109761055","GL873615","2242583","2242882","81","107518173"
"chr2","110106722","110107029","GL873530","8252980","8253273","86","101853742"
"chr2","110358483","110358731","GL873538","4784269","4784514","74","105574214"
"chr2","110920341","110920629","GL873532","29369734","29370037","80","81550607"
"chr2","111033846","111034151","GL873615","2242583","2242882","75","108791263"
"chr2","111041994","111042233","GL873786","1119085","1119310","64","109922909"
"chr2","112967780","112968053","GL873523","47336368","47336640","86","65631412"
"chr2","113136635","113136943","GL873592","3504292","3504588","85","109632343"
"chr2","113169213","113169487","GL873529","2737581","2737856","78","110431632"
"chr2","113183803","113184067","GL873531","15816402","15816670","75","97367401"
"chr2","116633134","116633444","GL873712","758777","759067","85","115874357"
"chr2","116699024","116699323","GL873807","378787","379071","88","116320237"
"chr2","116780144","116780440","GL873527","33196263","33196548","82","83583881"
"chr2","117783558","117783855","GL873530","8252980","8253273","79","109530578"
"chr2","117844483","117844765","GL873807","378787","379071","73","117465696"
"chr2","118053713","118054001","GL873635","3143338","3143625","66","114910375"
"chr2","120915556","120915852","GL873807","378787","379071","79","120536769"
"chr2","121523845","121524131","GL873536","6183235","6183517","74","115340610"
"chr2","121793060","121793366","GL873520","20611705","20612004","82","101181355"
"chr2","124631210","124631507","GL873807","378787","379071","74","124252423"
"chr2","124723804","124724055","GL873531","4102790","4103038","66","120621014"
"chr2","125115967","125116267","GL873635","3143338","3143625","83","121972629"
"chr2","125365557","125365626","GL873662","1216517","1216580","16","124149040"
"chr2","125773218","125773504","GL873558","11729886","11730160","72","114043332"
"chr2","125864009","125864305","GL873645","923581","923868","83","124940428"
"chr2","126580744","126581046","GL873525","31608445","31608738","81","94972299"
"chr2","126679956","126680254","GL873592","3504292","3504588","78","123175664"
"chr2","126799778","126800050","GL873533","9671302","9671560","73","117128476"
"chr2","126961336","126961618","GL873544","21012867","21013121","80","105948469"
"chr2","127300489","127300697","GL873538","2103378","2103585","62","125197111"
"chr2","127345086","127345350","GL873537","26407623","26407869","79","100937463"
"chr2","127818500","127818793","GL873592","3504292","3504588","72","124314208"
"chr2","127840881","127841020","GL873629","3057379","3057506","42","124783502"
"chr2","127914325","127914631","GL873532","29369734","29370037","83","98544591"
"chr2","128175930","128176237","GL873615","2242583","2242882","85","125933347"
"chr2","128386796","128387084","GL873635","3143338","3143625","70","125243458"
"chr2","128436706","128436975","GL873807","378787","379071","72","128057919"
"chr2","128604141","128604307","GL873608","3484994","3485156","45","125119147"
"chr2","128736605","128736906","GL873532","29369734","29370037","83","99366871"
"chr2","128742022","128742310","GL873645","923581","923868","78","127818441"
"chr2","129383074","129383209","GL873548","16247733","16247866","50","113135341"
"chr2","129716104","129716402","GL873525","31608445","31608738","70","98107659"
"chr2","129852548","129852841","GL873525","31608445","31608738","77","98244103"
"chr2","129968333","129968626","GL873592","3504292","3504588","78","126464041"
"chr2","130782967","130783150","GL873728","590192","590366","63","130192775"
"chr2","131000936","131001230","GL873807","378787","379071","71","130622149"
"chr2","131509482","131509783","GL873615","2242583","2242882","79","129266899"
"chr2","131510359","131510615","GL873700","784432","784686","72","130725927"
"chr2","131835174","131835289","GL873525","6607619","6607730","28","125227555"
"chr2","131835541","131835714","GL873608","3484994","3485156","63","128350547"
"chr2","131920182","131920478","GL873807","378787","379071","75","131541395"
"chr2","131921856","131922141","GL873615","5164234","5164521","74","126757622"
"chr2","131975019","131975327","GL873531","743580","743873","89","131231439"
"chr2","132704974","132705039","GL873537","28066052","28066115","17","104638922"
"chr2","132961591","132961876","GL873615","5164234","5164521","81","127797357"
"chr2","133374292","133374599","GL873531","743580","743873","82","132630712"
"chr2","134729200","134729494","GL873807","378787","379071","81","134350413"
"chr2","136843995","136844285","GL873615","5164234","5164521","77","131679761"
"chr2","136958843","136959026","GL873621","270115","270296","52","136688728"
"chr2","136980887","136980982","GL873799","235420","235499","31","136745467"
"chr2","137164811","137165087","GL873526","11694917","11695169","77","125469894"
"chr2","137344857","137345085","GL873523","24830084","24830304","60","112514773"
"chr2","137352559","137352849","GL873807","378787","379071","67","136973772"
"chr2","137670815","137671126","GL873592","3504292","3504588","89","134166523"
"chr2","137753191","137753496","GL873645","923581","923868","82","136829610"
"chr2","137846441","137846753","GL873711","600516","600812","90","137245925"
"chr2","137905499","137905773","GL873652","2538738","2539020","72","135366761"
"chr2","138044770","138045049","GL873561","14329867","14330129","74","123714903"
"chr2","138204678","138204956","GL873531","15816402","15816670","70","122388276"
"chr2","139152822","139153116","GL873615","5164234","5164521","76","133988588"
"chr2","139247978","139248249","GL873526","11694917","11695169","76","127553061"
"chr2","140340480","140340718","GL873523","24830084","24830304","63","115510396"
"chr2","140389501","140389561","GL873548","7943503","7943547","31","132445998"
"chr2","141247817","141248116","GL873531","11880361","11880661","68","129367456"
"chr2","141278968","141279261","GL873548","18432867","18433143","87","122846101"
"chr2","141315298","141315604","GL873531","743580","743873","84","140571718"
"chr2","142553709","142553873","GL873738","275156","275308","72","142278553"
"chr2","142962366","142962647","GL873531","15816402","15816670","80","127145964"
"chr2","143198000","143198267","GL873531","15816402","15816670","74","127381598"
"chr2","143201675","143201975","GL873807","378787","379071","80","142822888"
"chr2","143781159","143781458","GL873530","8252980","8253273","76","135528179"
"chr2","144019067","144019374","GL873532","29369734","29370037","80","114649333"
"chr2","144188602","144188898","GL873652","2538738","2539020","71","141649864"
"chr2","144382205","144382505","GL873605","211678","211971","78","144170527"
"chr2","145118677","145118981","GL873520","20611705","20612004","80","124506972"
"chr2","146564008","146564305","GL873645","923581","923868","75","145640427"
"chr2","146953065","146953354","GL873527","33196263","33196548","73","113756802"
"chr2","147022431","147022739","GL873615","5164234","5164521","90","141858197"
"chr2","147694997","147695291","GL873529","17495636","17495928","92","130199361"
"chr2","147700162","147700305","GL873672","1567049","1567194","50","146133113"
"chr2","148072229","148072535","GL873639","638719","639018","84","147433510"
"chr2","148362919","148363225","GL873605","211678","211971","89","148151241"
"chr2","149102499","149102787","GL873807","378787","379071","69","148723712"
"chr2","150467550","150467852","GL873533","16134333","16134623","82","134333217"
"chr2","150584540","150584609","GL873524","40199622","40199689","17","110384918"
"chr2","151407888","151408175","GL873560","1046330","1046605","79","150361558"
"chr2","151494663","151494973","GL873532","29369734","29370037","86","122124929"
"chr2","151732112","151732409","GL873712","758777","759067","73","150973335"
"chr2","151802118","151802400","GL873560","1046330","1046605","80","150755788"
"chr2","151979242","151979530","GL873807","378787","379071","76","151600455"
"chr2","152112221","152112520","GL873589","9310653","9310947","78","142801568"
"chr2","152197206","152197331","GL873585","8812888","8813010","32","143384318"
"chr2","153081389","153081678","GL873647","344182","344454","80","152737207"
"chr2","153654438","153654729","GL873615","5164234","5164521","79","148490204"
"chr2","153672937","153673247","GL873645","923581","923868","80","152749356"
"chr2","155298509","155298761","GL873671","1882360","1882615","68","153416149"
"chr2","155498544","155498851","GL873639","638719","639018","84","154859825"
"chr2","155790365","155790428","GL873537","28066052","28066115","15","127724313"
"chr2","155993965","155994035","GL873662","1216517","1216580","17","154777448"
"chr2","156010342","156010499","GL873573","561846","562000","48","155448496"
"chr2","157266850","157267160","GL873615","2242583","2242882","85","155024267"
"chr2","158478741","158479030","GL873807","378787","379071","74","158099954"
"chr2","158567959","158568257","GL873531","743580","743873","85","157824379"
"chr2","159885580","159885772","GL873536","10089167","10089339","63","149796413"
"chr2","160158856","160159157","GL873639","638719","639018","76","159520137"
"chr2","160189759","160189857","GL873606","6040743","6040839","39","154149016"
"chr2","160200945","160201239","GL873536","6183235","6183517","77","154017710"
"chr2","160230726","160230981","GL873544","21012867","21013121","80","139217859"
"chr2","160231729","160232019","GL873635","3143338","3143625","73","157088391"
"chr2","160268763","160268975","GL873664","3452535","3452748","71","156816228"
"chr2","160285778","160286099","GL873615","2242583","2242882","88","158043195"
"chr2","161177442","161177737","GL873807","378787","379071","72","160798655"
"chr2","161428964","161429239","GL873520","70969998","70970267","80","90458966"
"chr2","162556647","162556936","GL873807","378787","379071","72","162177860"
"chr2","163796100","163796411","GL873645","923581","923868","82","162872519"
"chr2","163866303","163866601","GL873807","378787","379071","80","163487516"
"chr2","164025682","164025964","GL873611","3341174","3341447","78","160684508"
"chr2","164052959","164053260","GL873524","33453308","33453594","87","130599651"
"chr2","164152028","164152321","GL873525","31608445","31608738","78","132543583"
"chr2","164239222","164239516","GL873635","3143338","3143625","72","161095884"
"chr2","164567220","164567461","GL873534","6499556","6499790","59","158067664"
"chr2","164816616","164816898","GL873807","378787","379071","76","164437829"
"chr2","166094133","166094296","GL873580","853240","853398","45","165240893"
"chr2","166136943","166137265","GL873700","779773","780090","95","165357170"
"chr2","166218440","166218729","GL873602","5655744","5656017","73","160562696"
"chr2","166316158","166316375","GL873523","24830084","24830304","54","141486074"
"chr2","166476897","166477206","GL873645","923581","923868","86","165553316"
"chr2","166681709","166681876","GL873608","3484994","3485156","56","163196715"
"chr2","167076394","167076709","GL873531","743580","743873","84","166332814"
"chr2","167747729","167747992","GL873521","26887161","26887416","83","140860568"
"chr2","168346672","168346941","GL873602","5655744","5656017","82","162690928"
"chr2","168487505","168487795","GL873531","743580","743873","78","167743925"
"chr2","169073913","169074155","GL873526","11694917","11695169","77","157378996"
"chr2","169294842","169295150","GL873520","70969998","70970267","105","98324844"
"chr2","169626961","169627254","GL873807","378787","379071","81","169248174"
"chr2","170974927","170975220","GL873615","5164234","5164521","70","165810693"
"chr2","170975823","170976132","GL873592","3504292","3504588","76","167471531"
"chr2","170985892","170986198","GL873645","923581","923868","76","170062311"
"chr2","170988025","170988328","GL873530","8252980","8253273","79","162735045"
"chr2","171037915","171038006","GL873799","235420","235499","23","170802495"
"chr2","171245979","171246286","GL873530","8252980","8253273","75","162992999"
"chr2","171292612","171292883","GL873540","8735863","8736130","84","162556749"
"chr2","171316748","171317039","GL873652","2538738","2539020","74","168778010"
"chr2","171331008","171331198","GL873520","68825999","68826185","49","102505009"
"chr2","171334219","171334513","GL873652","2538738","2539020","72","168795481"
"chr2","171389937","171390221","GL873529","2737581","2737856","84","168652356"
"chr2","171459892","171460191","GL873545","12502931","12503218","79","158956961"
"chr2","171636775","171637056","GL873585","115904","116160","81","171520871"
"chr2","172295811","172296103","GL873615","5164234","5164521","77","167131577"
"chr2","172477670","172477754","GL873537","28066052","28066115","30","144411618"
"chr2","172896600","172896899","GL873520","23993282","23993576","94","148903318"
"chr2","173313516","173313780","GL873536","23022433","23022696","89","150291083"
"chr2","173632225","173632517","GL873525","31608445","31608738","88","142023780"
"chr2","173693144","173693436","GL873807","378787","379071","76","173314357"
"chr2","173880224","173880528","GL873530","8252980","8253273","77","165627244"
"chr2","174080072","174080361","GL873605","211678","211971","74","173868394"
"chr2","174740253","174740551","GL873520","20611705","20612004","75","154128548"
"chr2","176020284","176020497","GL873731","1122838","1123027","68","174897446"
"chr2","176423018","176423303","GL873544","21012867","21013121","94","155410151"
"chr2","176742413","176742684","GL873569","5489766","5490051","79","171252647"
"chr2","177696191","177696402","GL873731","1122838","1123027","57","176573353"
"chr2","178166262","178166562","GL873553","1912528","1912825","88","176253734"
"chr2","178725650","178725948","GL873712","758777","759067","77","177966873"
"chr2","178904842","178905142","GL873520","20611705","20612004","88","158293137"
"chr2","178962028","178962319","GL873533","16134333","16134623","80","162827695"
"chr2","179807846","179808154","GL873645","923581","923868","77","178884265"
"chr2","180875847","180876136","GL873652","2538738","2539020","77","178337109"
"chr2","180902491","180902783","GL873807","378787","379071","72","180523704"
"chr2","181614626","181614869","GL873671","1882360","1882615","74","179732266"
"chr2","181968350","181968628","GL873531","15816402","15816670","73","166151948"
"chr2","181981741","181982027","GL873531","15816402","15816670","81","166165339"
"chr2","182310156","182310463","GL873532","29369734","29370037","82","152940422"
"chr2","182411000","182411282","GL873531","15816402","15816670","72","166594598"
"chr2","182928702","182929001","GL873532","29369734","29370037","88","153558968"
"chr2","183250241","183250512","GL873536","8238390","8238645","82","175011851"
"chr2","183923216","183923516","GL873520","23993282","23993576","82","159929934"
"chr2","184111542","184111838","GL873536","6183235","6183517","82","177928307"
"chr2","184415496","184415797","GL873639","638719","639018","74","183776777"
"chr2","185355828","185356117","GL873531","15816402","15816670","79","169539426"
"chr2","185587584","185587882","GL873712","758777","759067","93","184828807"
"chr2","186101128","186101422","GL873525","31608445","31608738","74","154492683"
"chr2","186246046","186246338","GL873645","923581","923868","76","185322465"
"chr2","186496323","186496613","GL873548","18432867","18433143","74","168063456"
"chr2","186574337","186574627","GL873807","378787","379071","72","186195550"
"chr2","186672427","186672597","GL873608","3484994","3485156","54","183187433"
"chr2","186826300","186826587","GL873807","378787","379071","58","186447513"
"chr2","186954412","186954699","GL873611","4326462","4326733","94","182627950"
"chr2","187449590","187449681","GL873526","6493783","6493858","39","180955807"
"chr2","187706137","187706440","GL873532","29369734","29370037","77","158336403"
"chr2","188651837","188652005","GL873608","3484994","3485156","51","185166843"
"chr2","188816173","188816506","GL873639","638719","639018","96","188177454"
"chr2","189517523","189517814","GL873807","378787","379071","68","189138736"
"chr2","190574405","190574682","GL873526","17185395","17185660","83","173389010"
"chr2","190983830","190984141","GL873531","743580","743873","80","190240250"
"chr2","191453839","191454050","GL873654","829106","829286","69","190624733"
"chr2","191967494","191967764","GL873538","4784269","4784514","81","187183225"
"chr2","192311815","192312072","GL873542","9537125","9537397","76","182774690"
"chr2","192537028","192537327","GL873807","378787","379071","67","192158241"
"chr2","192729743","192730041","GL873712","758777","759067","79","191970966"
"chr2","193218834","193219126","GL873807","378787","379071","70","192840047"
"chr2","193445029","193445294","GL873531","15816402","15816670","77","177628627"
"chr2","193469576","193469825","GL873671","1882360","1882615","75","191587216"
"chr2","193499052","193499314","GL873537","26407623","26407869","83","167091429"
"chr2","194066984","194067110","GL873563","6278566","6278672","58","187788418"
"chr2","194669417","194669718","GL873589","9310653","9310947","87","185358764"
"chr2","194826653","194826949","GL873615","5164234","5164521","82","189662419"
"chr2","195433752","195433920","GL873587","2344327","2344496","47","193089425"
"chr2","195799586","195799884","GL873807","378787","379071","77","195420799"
"chr2","196129412","196129574","GL873587","2344327","2344496","64","193785085"
"chr2","196563396","196563658","GL873538","4784269","4784514","86","191779127"
"chr2","197307118","197307416","GL873652","2538738","2539020","79","194768380"
"chr2","198228361","198228617","GL873526","17185395","17185660","92","181042966"
"chr2","199001430","199001727","GL873532","29369734","29370037","83","169631696"
"chr2","199980968","199981253","GL873807","378787","379071","70","199602181"
"chr2","200898390","200898698","GL873645","923581","923868","87","199974809"
"chr2","200976871","200977175","GL873615","2242583","2242882","76","198734288"
"chr2","200989828","200990120","GL873592","3504292","3504588","83","197485536"
"chr2","202077340","202077637","GL873548","133851","134130","83","201943489"
"chr2","202598214","202598521","GL873540","8735863","8736130","101","193862351"
"chr2","203007403","203007715","GL873531","743580","743873","79","202263823"
"chr2","203189160","203189276","GL873677","3241750","3241856","43","199947410"
"chr2","204109182","204109426","GL873538","4784269","4784514","75","199324913"
"chr2","204140880","204141153","GL873544","19151818","19152093","73","184989062"
"chr2","204260636","204260934","GL873592","3504292","3504588","76","200756344"
"chr3","58327027","58327312","GL873531","15816402","15816670","72","42510625"
"chr3","963025","963322","GL873525","31608445","31608738","85","30645420"
"chr3","1400762","1401023","GL873671","1882360","1882615","72","481598"
"chr3","1423069","1423347","GL873536","8238390","8238645","84","6815321"
"chr3","1519761","1520062","GL873652","2538738","2539020","78","1018977"
"chr3","1547573","1547868","GL873545","12502931","12503218","74","10955358"
"chr3","1573257","1573546","GL873652","2538738","2539020","75","965481"
"chr3","1596832","1597110","GL873520","70969998","70970267","74","69373166"
"chr3","1963862","1964093","GL873645","4984041","4984262","78","3020179"
"chr3","2418934","2419191","GL873671","1882360","1882615","71","536574"
"chr3","3087994","3088235","GL873618","3344163","3344386","72","256169"
"chr3","3104876","3104940","GL873662","1216517","1216580","11","1888359"
"chr3","3615111","3615397","GL873543","21140344","21140627","79","17525233"
"chr3","3954831","3955120","GL873532","29369734","29370037","75","25414903"
"chr3","3956613","3956906","GL873532","29369734","29370037","78","25413121"
"chr3","4203463","4203750","GL873807","378787","379071","80","3824676"
"chr3","4459359","4459651","GL873544","14353211","14353491","82","9893852"
"chr3","5485368","5485657","GL873807","378787","379071","70","5106581"
"chr3","5522408","5522705","GL873532","29369734","29370037","71","23847326"
"chr3","5740106","5740398","GL873615","5164234","5164521","68","575872"
"chr3","5830960","5831250","GL873652","2538738","2539020","79","3292222"
"chr3","6223948","6224201","GL873536","8238390","8238645","83","2014442"
"chr3","6255603","6255890","GL873807","378787","379071","67","5876816"
"chr3","7119056","7119350","GL873526","22863004","22863298","70","15743948"
"chr3","7230505","7230802","GL873611","3648898","3649188","81","3581607"
"chr3","7592400","7592682","GL873807","378787","379071","76","7213613"
"chr3","9144104","9144382","GL873531","15816402","15816670","75","6672298"
"chr3","9823574","9823883","GL873807","378787","379071","83","9444787"
"chr3","9873508","9873824","GL873618","1039454","1039766","87","8834054"
"chr3","9877673","9877965","GL873807","378787","379071","74","9498886"
"chr3","10370821","10371106","GL873544","14353211","14353491","82","3982390"
"chr3","10656278","10656562","GL873807","378787","379071","82","10277491"
"chr3","11267168","11267481","GL873538","12351987","12352285","91","1084819"
"chr3","11638552","11638855","GL873530","8252980","8253273","76","3385572"
"chr3","11706133","11706199","GL873537","28066052","28066115","16","16359919"
"chr3","11891448","11891757","GL873615","5164234","5164521","82","6727214"
"chr3","12052881","12053158","GL873721","2069601","2069880","89","9983280"
"chr3","12138859","12139085","GL873523","24830084","24830304","66","12691225"
"chr3","12264445","12264705","GL873522","19115246","19115490","79","6850801"
"chr3","12968802","12969125","GL873531","743580","743873","109","12225222"
"chr3","13349595","13349901","GL873645","923581","923868","80","12426014"
"chr3","13630621","13630920","GL873525","31608445","31608738","78","17977824"
"chr3","13719490","13719632","GL873617","6429598","6429710","70","7289892"
"chr3","13893890","13894190","GL873712","758777","759067","78","13135113"
"chr3","13971433","13971716","GL873531","15816402","15816670","80","1844969"
"chr3","14006571","14006867","GL873652","2538738","2539020","83","11467833"
"chr3","14164436","14164521","GL873780","151869","151943","23","14012567"
"chr3","14240736","14241019","GL873548","133851","134130","77","14106885"
"chr3","14593156","14593397","GL873812","573147","573383","85","14020009"
"chr3","14866381","14866686","GL873538","12351987","12352285","80","2514394"
"chr3","15350621","15350818","GL873808","29232","29435","74","15321389"
"chr3","17766442","17766778","GL873631","1463608","1463909","108","16302834"
"chr3","18283629","18283775","GL873580","853240","853398","51","17430389"
"chr3","18428561","18428846","GL873807","378787","379071","80","18049774"
"chr3","19165156","19165446","GL873557","10602774","10603071","88","8562382"
"chr3","19174705","19174996","GL873807","378787","379071","77","18795918"
"chr3","19245712","19245878","GL873728","590192","590366","51","18655520"
"chr3","19270597","19270907","GL873548","15989743","15990030","79","3280854"
"chr3","19766622","19766910","GL873635","3143338","3143625","75","16623284"
"chr3","19788966","19789208","GL873618","3344163","3344386","75","16444803"
"chr3","19857089","19857279","GL873526","16210494","16210659","60","3646595"
"chr3","19951120","19951409","GL873639","638719","639018","80","19312401"
"chr3","19981150","19981454","GL873633","6680180","6680479","78","13300970"
"chr3","20109130","20109423","GL873633","6680180","6680479","86","13428950"
"chr3","20608648","20608724","GL873523","27500719","27500779","37","6892071"
"chr3","20608782","20608974","GL873520","68825999","68826185","44","48217217"
"chr3","20629193","20629485","GL873534","15455935","15456215","81","5173258"
"chr3","20688895","20689189","GL873545","12502931","12503218","83","8185964"
"chr3","20693331","20693635","GL873530","8252980","8253273","77","12440351"
"chr3","20744625","20744924","GL873639","638719","639018","75","20105906"
"chr3","21026512","21026800","GL873592","3504292","3504588","81","17522220"
"chr3","21186046","21186311","GL873538","4784269","4784514","82","16401777"
"chr3","21431099","21431174","GL873662","1216517","1216580","26","20214582"
"chr3","22038554","22038825","GL873537","26407623","26407869","87","4369069"
"chr3","22064402","22064696","GL873645","923581","923868","79","21140821"
"chr3","22436036","22436332","GL873807","378787","379071","66","22057249"
"chr3","22701176","22701494","GL873520","20611705","20612004","91","2089471"
"chr3","23249428","23249720","GL873807","378787","379071","72","22870641"
"chr3","26452641","26452929","GL873635","3143338","3143625","79","23309303"
"chr3","26541990","26542261","GL873531","15816402","15816670","85","10725588"
"chr3","26573333","26573623","GL873652","2538738","2539020","73","24034595"
"chr3","26659891","26660176","GL873526","17185395","17185660","77","9474496"
"chr3","26955351","26955650","GL873807","378787","379071","77","26576564"
"chr3","27488307","27488602","GL873592","3504292","3504588","81","23984015"
"chr3","27929615","27929910","GL873524","33453308","33453594","88","5523693"
"chr3","28712299","28712582","GL873807","378787","379071","76","28333512"
"chr3","29528794","29529085","GL873545","12502931","12503218","102","17025863"
"chr3","29672093","29672368","GL873544","19151818","19152093","77","10520275"
"chr3","30157981","30158264","GL873807","378787","379071","71","29779194"
"chr3","30360599","30360895","GL873532","29369734","29370037","79","990865"
"chr3","30524128","30524255","GL873548","16247733","16247866","34","14276395"
"chr3","31097687","31097920","GL873645","4984041","4984262","64","26113646"
"chr3","32711695","32711991","GL873615","5164234","5164521","73","27547461"
"chr3","33219845","33220100","GL873637","4322064","4322316","70","28897781"
"chr3","33935178","33935462","GL873671","886108","886393","66","33049070"
"chr3","34089099","34089398","GL873584","10767629","10767932","86","23321470"
"chr3","34448844","34449152","GL873645","923581","923868","84","33525263"
"chr3","34666148","34666458","GL873532","29369734","29370037","89","5296414"
"chr3","35566124","35566391","GL873526","11694917","11695169","71","23871207"
"chr3","36740663","36740956","GL873532","29369734","29370037","75","7370929"
"chr3","37386490","37386805","GL873520","20611705","20612004","90","16774785"
"chr3","37472974","37473165","GL873530","11536409","11536598","58","25936565"
"chr3","37765322","37765614","GL873807","378787","379071","75","37386535"
"chr3","38517947","38518243","GL873615","2242583","2242882","70","36275364"
"chr3","38643650","38643949","GL873807","378787","379071","72","38264863"
"chr3","39067501","39067796","GL873525","31608445","31608738","77","7459056"
"chr3","39117558","39117784","GL873786","1119085","1119310","83","37998473"
"chr3","39189724","39190004","GL873645","923581","923868","75","38266143"
"chr3","39205393","39205685","GL873532","29369734","29370037","82","9835659"
"chr3","39228920","39229210","GL873560","5671813","5672100","80","33557107"
"chr3","39240369","39240664","GL873530","8252980","8253273","85","30987389"
"chr3","39245632","39245924","GL873807","378787","379071","71","38866845"
"chr3","39335710","39336006","GL873536","6183235","6183517","75","33152475"
"chr3","39513214","39513516","GL873532","29369734","29370037","71","10143480"
"chr3","39522199","39522505","GL873531","11880361","11880661","84","27641838"
"chr3","40146336","40146644","GL873548","15989743","15990030","79","24156593"
"chr3","40574284","40574548","GL873606","1584393","1584659","85","38989891"
"chr3","41286687","41286989","GL873807","378787","379071","82","40907900"
"chr3","41552910","41553201","GL873592","3504292","3504588","72","38048618"
"chr3","41642508","41642803","GL873635","3143338","3143625","73","38499170"
"chr3","41913984","41914277","GL873533","16134333","16134623","71","25779651"
"chr3","42586445","42586743","GL873645","923581","923868","84","41662864"
"chr3","42626178","42626324","GL873538","24528568","24528730","51","18097610"
"chr3","43239446","43239665","GL873523","24830084","24830304","66","18409362"
"chr3","44884457","44884767","GL873532","29369734","29370037","78","15514723"
"chr3","44994133","44994410","GL873807","378787","379071","76","44615346"
"chr3","45037219","45037497","GL873539","25389838","25390116","90","19647381"
"chr3","45119071","45119356","GL873807","378787","379071","70","44740284"
"chr3","45765755","45766031","GL873523","47336368","47336640","78","1570613"
"chr3","45915444","45915732","GL873615","5164234","5164521","70","40751210"
"chr3","45928108","45928377","GL873564","8111869","8112128","89","37816239"
"chr3","45931092","45931360","GL873526","11694917","11695169","79","34236175"
"chr3","46549433","46549538","GL873525","6607619","6607730","35","39941814"
"chr3","47354833","47355157","GL873563","10870912","10871197","97","36483921"
"chr3","47486980","47487279","GL873532","29369734","29370037","86","18117246"
"chr3","47738470","47738587","GL873525","6607619","6607730","26","41130851"
"chr3","47845037","47845328","GL873652","2538738","2539020","79","45306299"
"chr3","48143742","48144032","GL873531","743580","743873","81","47400162"
"chr3","48381033","48381113","GL873799","235420","235499","26","48145613"
"chr3","48480956","48481248","GL873807","378787","379071","78","48102169"
"chr3","49110584","49110800","GL873534","6487366","6487602","79","42623218"
"chr3","49372141","49372441","GL873615","2242583","2242882","80","47129558"
"chr3","49393718","49393962","GL873538","4784269","4784514","69","44609449"
"chr3","49410008","49410350","GL873700","779773","780090","112","48630235"
"chr3","49441155","49441408","GL873671","1882360","1882615","71","47558795"
"chr3","49687070","49687340","GL873520","70969998","70970267","77","21282928"
"chr3","50341522","50341828","GL873639","638719","639018","78","49702803"
"chr3","50529019","50529314","GL873532","29369734","29370037","66","21159285"
"chr3","50553655","50553932","GL873807","378787","379071","83","50174868"
"chr3","50767734","50768016","GL873807","378787","379071","68","50388947"
"chr3","51190127","51190426","GL873807","378787","379071","83","50811340"
"chr3","51311309","51311618","GL873531","743580","743873","81","50567729"
"chr3","51934855","51935150","GL873527","33196263","33196548","82","18738592"
"chr3","52863915","52864202","GL873807","378787","379071","71","52485128"
"chr3","53399248","53399554","GL873532","29369734","29370037","86","24029514"
"chr3","53471894","53472270","GL873531","11880361","11880661","141","41591533"
"chr3","53757583","53757889","GL873532","29369734","29370037","83","24387849"
"chr3","53823725","53824016","GL873807","378787","379071","69","53444938"
"chr3","53905774","53906059","GL873534","15455935","15456215","71","38449839"
"chr3","53934536","53934827","GL873807","378787","379071","72","53555749"
"chr3","54094110","54094382","GL873544","21012867","21013121","83","33081243"
"chr3","54244673","54244938","GL873807","378787","379071","79","53865886"
"chr3","54314411","54314673","GL873617","5505209","5505476","85","48809202"
"chr3","54355886","54356196","GL873530","8252980","8253273","78","46102906"
"chr3","54382990","54383282","GL873532","29369734","29370037","72","25013256"
"chr3","54935430","54935739","GL873532","29369734","29370037","86","25565696"
"chr3","54949868","54950127","GL873534","15455935","15456215","89","39493933"
"chr3","54993839","54994107","GL873538","4784269","4784514","81","50209570"
"chr3","55137782","55138073","GL873615","5164234","5164521","76","49973548"
"chr3","55671461","55671758","GL873531","743580","743873","85","54927881"
"chr3","56842343","56842547","GL873538","2103378","2103585","64","54738965"
"chr3","57259015","57259292","GL873558","11729886","11730160","80","45529129"
"chr3","57377706","57377970","GL873534","6499556","6499790","84","50878150"
"chr3","57758364","57758646","GL873558","11729886","11730160","80","46028478"
"chr3","58392603","58392909","GL873530","8252980","8253273","81","50139623"
"chr3","60451695","60452007","GL873532","29369734","29370037","96","31081961"
"chr3","60545061","60545353","GL873615","5164234","5164521","73","55380827"
"chr3","61382671","61382987","GL873538","12351987","12352285","94","49030684"
"chr3","61437288","61437574","GL873526","36197662","36197938","81","25239626"
"chr3","61807542","61807814","GL873526","11694917","11695169","88","50112625"
"chr3","62683017","62683325","GL873532","29369734","29370037","82","33313283"
"chr3","62911972","62912246","GL873807","378787","379071","78","62533185"
"chr3","63177290","63177496","GL873580","853240","853398","88","62324050"
"chr3","63558200","63558497","GL873615","2242583","2242882","73","61315617"
"chr3","64398614","64398917","GL873615","2242583","2242882","88","62156031"
"chr3","64405437","64405577","GL873608","3484994","3485156","48","60920443"
"chr3","64472667","64472957","GL873652","2538738","2539020","70","61933929"
"chr3","64709319","64709600","GL873526","17185395","17185660","78","47523924"
"chr3","64727574","64727888","GL873532","29369734","29370037","84","35357840"
"chr3","64817787","64818073","GL873807","378787","379071","76","64439000"
"chr3","64863296","64863457","GL873580","853240","853398","50","64010056"
"chr3","64879248","64879537","GL873530","8252980","8253273","78","56626268"
"chr3","64900027","64900340","GL873633","6680180","6680479","88","58219847"
"chr3","65494543","65494824","GL873544","19151818","19152093","83","46342725"
"chr3","65592476","65592778","GL873633","6680180","6680479","85","58912296"
"chr3","65726322","65726621","GL873533","30408285","30408583","73","35318037"
"chr3","67955992","67956283","GL873807","378787","379071","71","67577205"
"chr3","68120773","68121052","GL873611","4326462","4326733","78","63794311"
"chr3","70071342","70071614","GL873533","9671302","9671560","73","60400040"
"chr3","70589386","70589687","GL873639","638719","639018","76","69950667"
"chr3","70794869","70795136","GL873629","2808739","2809002","69","67986130"
"chr3","70945267","70945633","GL873615","5164234","5164521","132","65781033"
"chr3","71166847","71167149","GL873639","638719","639018","74","70528128"
"chr3","71216375","71216659","GL873807","378787","379071","72","70837588"
"chr3","71310253","71310546","GL873533","16134333","16134623","75","55175920"
"chr3","71518785","71518853","GL873524","40199622","40199689","17","31319163"
"chr3","71670002","71670299","GL873530","8252980","8253273","82","63417022"
"chr3","72264757","72265049","GL873635","3143338","3143625","76","69121419"
"chr3","72527957","72528259","GL873545","12502931","12503218","89","60025026"
"chr3","73729440","73729698","GL873538","4784269","4784514","76","68945171"
"chr3","74562978","74563253","GL873807","378787","379071","67","74184191"
"chr3","75747435","75747745","GL873533","16134333","16134623","95","59613102"
"chr3","76294263","76294533","GL873520","70969998","70970267","73","5324265"
"chr3","79894013","79894309","GL873807","378787","379071","72","79515226"
"chr3","80029528","80029632","GL873526","6493783","6493858","50","73535745"
"chr3","80952329","80952418","GL873799","235420","235499","24","80716909"
"chr3","81326864","81327173","GL873520","20611705","20612004","90","60715159"
"chr3","81378599","81378893","GL873807","378787","379071","79","80999812"
"chr3","81613931","81614221","GL873533","16134333","16134623","75","65479598"
"chr3","81710157","81710446","GL873807","378787","379071","78","81331370"
"chr3","82044954","82045242","GL873645","923581","923868","82","81121373"
"chr3","82120068","82120353","GL873807","378787","379071","76","81741281"
"chr3","83210144","83210431","GL873807","378787","379071","70","82831357"
"chr3","83234284","83234579","GL873548","133851","134130","75","83100433"
"chr3","83449845","83450146","GL873652","2538738","2539020","81","80911107"
"chr3","83455552","83455620","GL873537","28066052","28066115","19","55389500"
"chr3","83806033","83806328","GL873592","3504292","3504588","73","80301741"
"chr3","83961034","83961342","GL873645","923581","923868","81","83037453"
"chr3","83980902","83981062","GL873573","561846","562000","40","83419056"
"chr3","84123016","84123097","GL873780","151869","151943","25","83971147"
"chr3","84123805","84124055","GL873645","4984041","4984262","82","79139764"
"chr3","84126065","84126346","GL873807","378787","379071","78","83747278"
"chr3","84225144","84225413","GL873526","36197662","36197938","84","48027482"
"chr3","85054572","85054852","GL873531","15816402","15816670","76","69238170"
"chr3","85372676","85372942","GL873700","784432","784686","74","84588244"
"chr3","86999264","86999562","GL873531","11880361","11880661","88","75118903"
"chr3","87026412","87026704","GL873645","923581","923868","84","86102831"
"chr3","87222109","87222365","GL873526","44043","44310","82","87178066"
"chr3","87636360","87636631","GL873531","15816402","15816670","77","71819958"
"chr3","87805012","87805312","GL873532","29369734","29370037","70","58435278"
"chr3","87932046","87932339","GL873652","2538738","2539020","74","85393308"
"chr3","90545962","90546026","GL873662","1216517","1216580","14","89329445"
"chr3","90790121","90790360","GL873523","24830084","24830304","75","65960037"
"chr3","90809340","90809611","GL873602","5655744","5656017","76","85153596"
"chr3","91093713","91094004","GL873548","15989743","15990030","81","75103970"
"chr3","91395366","91395676","GL873532","29369734","29370037","81","62025632"
"chr3","92083854","92084020","GL873608","3484994","3485156","46","88598860"
"chr3","92428124","92428381","GL873671","1882360","1882615","78","90545764"
"chr3","92627212","92627509","GL873645","923581","923868","81","91703631"
"chr3","92662238","92662519","GL873645","923581","923868","84","91738657"
"chr3","92776206","92776500","GL873615","5164234","5164521","75","87611972"
"chr3","92820330","92820630","GL873639","638719","639018","75","92181611"
"chr3","93787956","93788251","GL873526","17185395","17185660","92","76602561"
"chr3","94726766","94727069","GL873615","2242583","2242882","78","92484183"
"chr3","94758834","94758992","GL873573","561846","562000","65","94196988"
"chr3","94789443","94789682","GL873637","4322064","4322316","94","90467379"
"chr3","95322082","95322354","GL873807","378787","379071","71","94943295"
"chr3","95326967","95327031","GL873537","28066052","28066115","13","67260915"
"chr3","95380855","95381143","GL873652","2538738","2539020","69","92842117"
"chr3","96540471","96540731","GL873569","6518440","6518694","83","90022031"
"chr3","98038680","98039001","GL873520","20611705","20612004","91","77426975"
"chr3","98809218","98809491","GL873526","11694917","11695169","82","87114301"
"chr3","99052093","99052390","GL873615","5164234","5164521","72","93887859"
"chr3","99275369","99275666","GL873520","20611705","20612004","82","78663664"
"chr3","99521423","99521717","GL873712","758777","759067","77","98762646"
"chr3","99547167","99547385","GL873683","490677","490883","70","99056490"
"chr3","100101340","100101626","GL873539","25522195","25522485","79","74579145"
"chr3","100375437","100375734","GL873530","8252980","8253273","76","92122457"
"chr3","100595215","100595500","GL873531","15816402","15816670","83","84778813"
"chr3","101095975","101096264","GL873807","378787","379071","71","100717188"
"chr3","103006780","103007083","GL873532","29369734","29370037","71","73637046"
"chr3","103119899","103120210","GL873639","638719","639018","82","102481180"
"chr3","104669724","104670024","GL873520","23993282","23993576","72","80676442"
"chr3","104956590","104956900","GL873631","1463608","1463909","89","103492982"
"chr3","106298780","106299072","GL873615","2242583","2242882","69","104056197"
"chr3","106312743","106313037","GL873807","378787","379071","68","105933956"
"chr3","106821813","106822116","GL873525","31608445","31608738","74","75213368"
"chr3","107255534","107255859","GL873633","6680180","6680479","104","100575354"
"chr3","107512079","107512372","GL873623","7055444","7055732","72","100456635"
"chr3","110297924","110298228","GL873520","20611705","20612004","74","89686219"
"chr3","110641261","110641543","GL873563","10870912","10871197","80","99770349"
"chr3","110663825","110664112","GL873592","3504292","3504588","74","107159533"
"chr3","110816197","110816494","GL873526","17185395","17185660","100","93630802"
"chr3","110935605","110935890","GL873558","11729886","11730160","78","99205719"
"chr3","111274670","111274976","GL873532","29369734","29370037","72","81904936"
"chr3","111311706","111311982","GL873544","21012867","21013121","83","90298839"
"chr3","111393026","111393317","GL873635","3143338","3143625","69","108249688"
"chr3","112321424","112321714","GL873807","378787","379071","72","111942637"
"chr3","112478526","112478833","GL873807","378787","379071","77","112099739"
"chr3","112796286","112796399","GL873525","6607619","6607730","32","106188667"
"chr3","113265837","113266134","GL873807","378787","379071","72","112887050"
"chr3","113319254","113319556","GL873639","638719","639018","77","112680535"
"chr3","113698437","113698734","GL873712","758777","759067","77","112939660"
"chr3","114146072","114146143","GL873662","1216517","1216580","17","112929555"
"chr3","114290143","114290197","GL873537","28066052","28066115","22","86224091"
"chr3","115818776","115818871","GL873623","3165346","3165445","36","112653430"
"chr3","115917690","115917974","GL873526","17185395","17185660","83","98732295"
"chr3","116115695","116115993","GL873529","2737581","2737856","79","113378114"
"chr3","116676985","116677275","GL873525","31608445","31608738","73","85068540"
"chr3","116683421","116683678","GL873569","6518440","6518694","77","110164981"
"chr3","118107176","118107471","GL873532","29369734","29370037","75","88737442"
"chr3","118144867","118145171","GL873531","743580","743873","74","117401287"
"chr3","118670227","118670520","GL873615","5164234","5164521","77","113505993"
"chr3","118718413","118718703","GL873807","378787","379071","76","118339626"
"chr3","118739215","118739484","GL873531","15816402","15816670","77","102922813"
"chr3","119141170","119141439","GL873563","10870912","10871197","84","108270258"
"chr3","119292491","119292797","GL873645","923581","923868","80","118368910"
"chr3","121395343","121395651","GL873531","743580","743873","78","120651763"
"chr3","121622514","121622648","GL873629","3057379","3057506","43","118565135"
"chr3","122602786","122603082","GL873532","29369734","29370037","83","93233052"
"chr3","123646205","123646492","GL873807","378787","379071","73","123267418"
"chr3","123746225","123746529","GL873530","8252980","8253273","76","115493245"
"chr3","123870251","123870518","GL873629","2808739","2809002","78","121061512"
"chr3","123948462","123948775","GL873531","743580","743873","82","123204882"
"chr3","124029907","124030181","GL873531","15816402","15816670","80","108213505"
"chr3","124578113","124578420","GL873532","29369734","29370037","76","95208379"
"chr3","126364082","126364377","GL873605","211678","211971","85","126152404"
"chr3","126406396","126406703","GL873531","743580","743873","82","125662816"
"chr3","127300638","127300934","GL873592","3504292","3504588","85","123796346"
"chr3","127771190","127771500","GL873532","29369734","29370037","90","98401456"
"chr3","128324116","128324400","GL873696","323840","324122","82","128000276"
"chr3","128679875","128680137","GL873521","50504865","50505108","86","78175010"
"chr3","128689940","128690258","GL873531","743580","743873","98","127946360"
"chr3","132338876","132339188","GL873531","11880361","11880661","85","120458515"
"chr3","132434198","132434504","GL873548","15989743","15990030","78","116444455"
"chr3","132676203","132676512","GL873530","8252980","8253273","74","124423223"
"chr3","133286805","133287065","GL873544","21012867","21013121","75","112273938"
"chr3","134518504","134518770","GL873807","378787","379071","85","134139717"
"chr3","134885157","134885454","GL873807","378787","379071","75","134506370"
"chr3","136453749","136454017","GL873538","4784269","4784514","79","131669480"
"chr3","136585850","136586158","GL873530","8252980","8253273","85","128332870"
"chr3","136684429","136684737","GL873530","8252980","8253273","74","128431449"
"chr3","136701225","136701520","GL873520","23993282","23993576","78","112707943"
"chr3","136715895","136716189","GL873807","378787","379071","78","136337108"
"chr3","136736387","136736674","GL873807","378787","379071","75","136357600"
"chr3","136737555","136737839","GL873807","378787","379071","78","136358768"
"chr3","136824301","136824598","GL873807","378787","379071","78","136445514"
"chr3","137208198","137208504","GL873592","3504292","3504588","80","133703906"
"chr3","137279373","137279668","GL873615","5164234","5164521","75","132115139"
"chr3","137295325","137295598","GL873602","5655744","5656017","82","131639581"
"chr3","137457075","137457335","GL873544","19151818","19152093","84","118305257"
"chr3","137756397","137756666","GL873546","5021263","5021515","81","132735134"
"chr3","137970024","137970307","GL873544","19151818","19152093","70","118818206"
"chr3","138167774","138168069","GL873529","2737581","2737856","78","135430193"
"chr3","138178169","138178313","GL873629","3057379","3057506","53","135120790"
"chr3","138391914","138392177","GL873585","10753608","10753875","73","127638306"
"chr3","138980653","138980947","GL873652","2538738","2539020","74","136441915"
"chr3","139340657","139340938","GL873520","70969998","70970267","92","68370659"
"chr3","139379449","139379749","GL873536","6183235","6183517","76","133196214"
"chr3","140092916","140093181","GL873583","5217241","5217516","74","134875675"
"chr3","140366220","140366494","GL873807","378787","379071","78","139987433"
"chr3","140399431","140399733","GL873558","11729886","11730160","81","128669545"
"chr3","141441474","141441775","GL873611","3648898","3649188","82","137792576"
"chr3","141836329","141836624","GL873807","378787","379071","69","141457542"
"chr3","142423198","142423323","GL873572","8292948","8293070","51","134130250"
"chr3","145516399","145516684","GL873807","378787","379071","75","145137612"
"chr3","145716229","145716505","GL873807","378787","379071","75","145337442"
"chr3","146114470","146114762","GL873807","378787","379071","72","145735683"
"chr3","146688563","146688819","GL873540","8735863","8736130","74","137952700"
"chr3","147307670","147307966","GL873532","29369734","29370037","78","117937936"
"chr3","147840762","147841053","GL873523","21098831","21099120","91","126741931"
"chr3","148482211","148482477","GL873526","17185395","17185660","91","131296816"
"chr3","148884258","148884559","GL873520","20611705","20612004","80","128272553"
"chr3","149373106","149373399","GL873525","31608445","31608738","74","117764661"
"chr3","150249459","150249767","GL873532","29369734","29370037","82","120879725"
"chr3","150541816","150542102","GL873536","6183235","6183517","83","144358581"
"chr3","150550204","150550499","GL873532","29369734","29370037","75","121180470"
"chr3","150734797","150735080","GL873807","378787","379071","76","150356010"
"chr3","150905694","150905831","GL873534","6310704","6310826","39","144594990"
"chr3","150957717","150958005","GL873615","5164234","5164521","87","145793483"
"chr3","150975119","150975395","GL873635","3143338","3143625","92","147831781"
"chr3","151211454","151211742","GL873807","378787","379071","70","150832667"
"chr3","151245256","151245550","GL873623","7055444","7055732","73","144189812"
"chr3","151424279","151424587","GL873520","20611705","20612004","79","130812574"
"chr3","151424615","151424913","GL873530","8252980","8253273","76","143171635"
"chr3","151558754","151559046","GL873557","12157885","12158169","82","139400869"
"chr3","151572024","151572332","GL873560","5671813","5672100","87","145900211"
"chr3","151588265","151588571","GL873548","15989743","15990030","88","135598522"
"chr3","151640122","151640416","GL873532","29369734","29370037","78","122270388"
"chr3","151784108","151784404","GL873525","31608445","31608738","83","120175663"
"chr3","151830860","151831146","GL873520","70969998","70970267","78","80860862"
"chr3","151866573","151866699","GL873629","3057379","3057506","29","148809194"
"chr3","151900791","151901113","GL873531","743580","743873","87","151157211"
"chr3","151902826","151903133","GL873639","638719","639018","81","151264107"
"chr3","151953319","151953491","GL873538","12761425","12761574","62","139191894"
"chr3","151998483","151998657","GL873768","208772","208940","48","151789711"
"chr3","152105271","152105579","GL873532","29369734","29370037","81","122735537"
"chr3","152175471","152175762","GL873589","9310653","9310947","71","142864818"
"chr3","152184615","152184896","GL873544","19151818","19152093","74","133032797"
"chr3","152772708","152773014","GL873615","2242583","2242882","93","150530125"
"chr3","153020120","153020421","GL873527","33196263","33196548","80","119823857"
"chr3","153191214","153191528","GL873532","29369734","29370037","83","123821480"
"chr3","153898757","153899068","GL873615","2242583","2242882","79","151656174"
"chr3","154580182","154580467","GL873807","378787","379071","75","154201395"
"chr3","156414432","156414733","GL873592","3504292","3504588","80","152910140"
"chr3","158147992","158148293","GL873645","923581","923868","89","157224411"
"chr3","158869589","158869805","GL873523","24830084","24830304","71","134039505"
"chr3","158869905","158869987","GL873523","24829332","24829385","34","134040573"
"chr3","158881261","158881554","GL873807","378787","379071","72","158502474"
"chr3","159519259","159519521","GL873526","11694917","11695169","76","147824342"
"chr3","160142057","160142335","GL873561","14329867","14330129","80","145812190"
"chr3","160852735","160853042","GL873529","17495636","17495928","76","143357099"
"chr3","161516387","161516620","GL873523","24830084","24830304","65","136686303"
"chr3","162356675","162356954","GL873711","600516","600812","91","161756159"
"chr3","162464452","162464729","GL873544","19151818","19152093","68","143312634"
"chr3","162506307","162506428","GL873525","6607619","6607730","31","155898688"
"chr3","162667162","162667446","GL873635","3143338","3143625","75","159523824"
"chr3","162747654","162747951","GL873589","9310653","9310947","82","153437001"
"chr3","163009908","163010195","GL873530","36050445","36050726","78","126959463"
"chr3","164260191","164260476","GL873807","378787","379071","73","163881404"
"chr3","164644521","164644829","GL873531","743580","743873","86","163900941"
"chr3","164822881","164823154","GL873564","8111869","8112128","75","156711012"
"chr3","165064166","165064431","GL873807","378787","379071","72","164685379"
"chr3","165260069","165260366","GL873652","2538738","2539020","75","162721331"
"chr3","165280200","165280492","GL873807","378787","379071","72","164901413"
"chr3","165432283","165432584","GL873807","378787","379071","80","165053496"
"chr3","165464336","165464644","GL873530","8252980","8253273","85","157211356"
"chr3","165476202","165476484","GL873607","5526364","5526636","83","159949838"
"chr3","165511593","165511886","GL873652","2538738","2539020","73","162972855"
"chr3","165522436","165522728","GL873652","2538738","2539020","73","162983698"
"chr3","166510993","166511282","GL873585","115904","116160","123","166395089"
"chr3","166555721","166556043","GL873532","29369734","29370037","96","137185987"
"chr3","166561786","166562059","GL873531","15816402","15816670","76","150745384"
"chr3","166596501","166596796","GL873532","29369734","29370037","80","137226767"
"chr3","167357024","167357318","GL873807","378787","379071","73","166978237"
"chr3","167686255","167686577","GL873618","1039454","1039766","95","166646801"
"chr3","168080073","168080344","GL873520","70969998","70970267","71","97110075"
"chr3","168137452","168137742","GL873529","2737581","2737856","74","165399871"
"chr3","168212597","168212889","GL873807","378787","379071","69","167833810"
"chr3","168660283","168660575","GL873615","5164234","5164521","79","163496049"
"chr3","168666765","168667049","GL873540","16674647","16674922","80","151992118"
"chr3","169371145","169371412","GL873536","8238390","8238645","78","161132755"
"chr3","170072823","170073143","GL873538","12351987","12352285","87","157720836"
"chr3","171126400","171126646","GL873520","70969998","70970267","84","100156402"
"chr3","171664357","171664499","GL873573","561846","562000","48","171102511"
"chr3","171739098","171739391","GL873807","378787","379071","80","171360311"
"chr3","171780419","171780728","GL873532","29369734","29370037","87","142410685"
"chr3","172012331","172012631","GL873592","3504292","3504588","75","168508039"
"chr3","172573555","172573854","GL873807","378787","379071","74","172194768"
"chr3","173587148","173587442","GL873560","5671813","5672100","80","167915335"
"chr3","174159079","174159364","GL873807","378787","379071","76","173780292"
"chr3","175488363","175488659","GL873600","6358350","6358621","81","169130013"
"chr3","176822860","176823159","GL873525","31608445","31608738","79","145214415"
"chr3","177203388","177203681","GL873652","2538738","2539020","68","174664650"
"chr3","177839427","177839727","GL873592","3504292","3504588","77","174335135"
"chr3","178141062","178141364","GL873530","8252980","8253273","75","169888082"
"chr3","178588769","178588839","GL873524","40199622","40199689","22","138389147"
"chr3","178771009","178771291","GL873520","70969998","70970267","77","107801011"
"chr3","180184778","180185006","GL873531","4102790","4103038","77","176081988"
"chr3","180206463","180206750","GL873615","2242583","2242882","84","177963880"
"chr3","180586066","180586333","GL873560","1046330","1046605","72","179539736"
"chr3","180913080","180913374","GL873615","5164234","5164521","85","175748846"
"chr3","180939254","180939555","GL873645","923581","923868","78","180015673"
"chr3","180969152","180969451","GL873525","31608445","31608738","74","149360707"
"chr3","181745320","181745627","GL873652","2538738","2539020","85","179206582"
"chr3","181925341","181925424","GL873653","3498676","3498727","40","178426665"
"chr3","181993827","181993938","GL873525","6607619","6607730","39","175386208"
"chr3","182133720","182133972","GL873520","70969998","70970267","73","111163722"
"chr3","183121708","183122004","GL873605","211678","211971","71","182910030"
"chr3","183482811","183483111","GL873537","28253996","28254310","97","155228815"
"chr3","183645934","183645995","GL873537","28066052","28066115","16","155579882"
"chr3","184428463","184428556","GL873623","3165346","3165445","24","181263117"
"chr3","184619963","184620256","GL873605","211678","211971","73","184408285"
"chr3","184798429","184798581","GL873572","8086416","8086544","48","176712013"
"chr3","184944149","184944456","GL873615","2242583","2242882","79","182701566"
"chr3","185040172","185040464","GL873807","378787","379071","76","184661385"
"chr3","185921861","185922158","GL873525","31608445","31608738","85","154313416"
"chr3","185951164","185951446","GL873807","378787","379071","76","185572377"
"chr3","186181702","186181991","GL873536","6183235","6183517","75","179998467"
"chr3","186264585","186264864","GL873807","378787","379071","66","185885798"
"chr3","187066640","187066929","GL873807","378787","379071","78","186687853"
"chr3","187687596","187687895","GL873652","2538738","2539020","81","185148858"
"chr3","188150688","188150964","GL873807","378787","379071","80","187771901"
"chr3","188256297","188256504","GL873524","44671953","44672162","75","143584344"
"chr3","188256606","188256687","GL873523","24829332","24829385","33","163427274"
"chr3","188470968","188471272","GL873615","2242583","2242882","82","186228385"
"chr3","188553920","188553985","GL873662","1216517","1216580","14","187337403"
"chr3","188556250","188556511","GL873526","17185395","17185660","92","171370855"
"chr3","188585446","188585749","GL873633","6680180","6680479","77","181905266"
"chr3","188796270","188796549","GL873615","5164234","5164521","74","183632036"
"chr3","188973841","188974137","GL873807","378787","379071","77","188595054"
"chr3","189221353","189221642","GL873558","11729886","11730160","93","177491467"
"chr3","190001939","190002234","GL873525","31608445","31608738","86","158393494"
"chr3","190063278","190063342","GL873534","8444999","8445064","22","181618279"
"chr3","190235001","190235247","GL873567","12071888","12072144","66","178163113"
"chr3","190637517","190637771","GL873544","21012867","21013121","75","169624650"
"chr3","190645377","190645631","GL873544","21012867","21013121","75","169632510"
"chr3","190720357","190720645","GL873807","378787","379071","62","190341570"
"chr3","190821134","190821350","GL873558","5090920","5091134","90","185730214"
"chr4","54132665","54132741","GL873653","3498676","3498727","36","50633989"
"chr4","82575285","82575526","GL873544","21012867","21013121","84","61562418"
"chr4","362774","363069","GL873615","5164234","5164521","72","4801460"
"chr4","898594","898873","GL873544","19151818","19152093","74","18253224"
"chr4","1039391","1039496","GL873623","3165346","3165445","43","2125955"
"chr4","1062418","1062713","GL873615","2242583","2242882","85","1180165"
"chr4","1080237","1080536","GL873807","378787","379071","79","701450"
"chr4","1270994","1271304","GL873531","743580","743873","80","527414"
"chr4","1511588","1511885","GL873752","304509","304789","94","1207079"
"chr4","1675871","1676124","GL873671","1882360","1882615","77","206489"
"chr4","1753851","1754089","GL873618","3344163","3344386","79","1590312"
"chr4","2078390","2078679","GL873615","5164234","5164521","78","3085844"
"chr4","2092536","2092832","GL873615","2242583","2242882","69","150047"
"chr4","2309190","2309486","GL873536","6183235","6183517","82","3874045"
"chr4","2370591","2370870","GL873526","17185395","17185660","89","14814804"
"chr4","2617957","2618243","GL873536","6183235","6183517","97","3565278"
"chr4","2657484","2657626","GL873672","1567049","1567194","63","1090435"
"chr4","2744497","2744791","GL873545","12502931","12503218","84","9758434"
"chr4","3352385","3352688","GL873639","638719","639018","77","2713666"
"chr4","3400434","3400731","GL873531","743580","743873","86","2656854"
"chr4","3492322","3492609","GL873533","16134333","16134623","74","12642011"
"chr4","3808774","3809064","GL873623","7055444","7055732","80","3246670"
"chr4","3823704","3824010","GL873530","8252980","8253273","73","4429276"
"chr4","3846968","3847248","GL873531","15816402","15816670","79","11969434"
"chr4","3992870","3993140","GL873671","1882360","1882615","74","2110510"
"chr4","4323275","4323582","GL873639","638719","639018","78","3684556"
"chr4","4343674","4343888","GL873731","1140299","1140488","60","3203375"
"chr4","5173789","5173927","GL873529","9635583","9635702","62","4461794"
"chr4","5520968","5521268","GL873615","2242583","2242882","82","3278385"
"chr4","5620740","5621036","GL873532","29369734","29370037","75","23748994"
"chr4","6360315","6360510","GL873525","32888135","32888322","56","26527820"
"chr4","6609146","6609428","GL873807","378787","379071","74","6230359"
"chr4","6988643","6988924","GL873525","43871699","43871974","78","36883056"
"chr4","7166793","7167091","GL873532","29369734","29370037","72","22202941"
"chr4","7326234","7326506","GL873637","4322064","4322316","74","3004170"
"chr4","7397283","7397578","GL873807","378787","379071","68","7018496"
"chr4","7427130","7427416","GL873807","378787","379071","75","7048343"
"chr4","7491393","7491703","GL873639","638719","639018","79","6852674"
"chr4","8144412","8144716","GL873531","743580","743873","87","7400832"
"chr4","8261353","8261656","GL873615","2242583","2242882","74","6018770"
"chr4","8306081","8306355","GL873526","17185395","17185660","68","8879314"
"chr4","8352219","8352510","GL873807","378787","379071","66","7973432"
"chr4","8401948","8402092","GL873563","6278566","6278672","67","2123382"
"chr4","8459184","8459496","GL873645","923581","923868","87","7535603"
"chr4","9114109","9114417","GL873530","8252980","8253273","83","861129"
"chr4","9479169","9479471","GL873531","743580","743873","79","8735589"
"chr4","10243232","10243535","GL873532","29369734","29370037","81","19126502"
"chr4","10357218","10357516","GL873532","29369734","29370037","79","19012516"
"chr4","10385999","10386303","GL873532","29369734","29370037","78","18983735"
"chr4","10460023","10460311","GL873807","378787","379071","77","10081236"
"chr4","10559079","10559377","GL873646","3489451","3489745","76","7069628"
"chr4","10628817","10629110","GL873592","3504292","3504588","64","7124525"
"chr4","10674161","10674469","GL873530","8252980","8253273","79","2421181"
"chr4","10712798","10713102","GL873525","31608445","31608738","85","20895647"
"chr4","10731343","10731511","GL873728","590192","590366","50","10141151"
"chr4","10836042","10836318","GL873652","2538738","2539020","77","8297304"
"chr4","11004610","11004910","GL873592","3504292","3504588","81","7500318"
"chr4","11771937","11772214","GL873807","378787","379071","79","11393150"
"chr4","12098354","12098656","GL873532","29369734","29370037","73","17271380"
"chr4","12204314","12204609","GL873646","917757","918050","82","11286557"
"chr4","12234268","12234564","GL873652","2538738","2539020","77","9695530"
"chr4","12280795","12281092","GL873639","638719","639018","74","11642076"
"chr4","12329445","12329619","GL873596","9289810","9289980","48","3039635"
"chr4","12329764","12329848","GL873523","24829332","24829385","39","12499568"
"chr4","12343919","12344204","GL873807","378787","379071","68","11965132"
"chr4","12719085","12719378","GL873652","2538738","2539020","68","10180347"
"chr4","12769669","12769979","GL873592","3504292","3504588","80","9265377"
"chr4","12773892","12774185","GL873524","33453308","33453594","78","20679416"
"chr4","12796616","12796909","GL873807","378787","379071","72","12417829"
"chr4","12990343","12990637","GL873563","10870912","10871197","85","2119431"
"chr4","12991528","12991701","GL873568","6426355","6426519","47","6565173"
"chr4","12998185","12998487","GL873645","923581","923868","81","12074604"
"chr4","13048631","13048939","GL873615","2242583","2242882","82","10806048"
"chr4","13158808","13159085","GL873531","15816402","15816670","78","2657594"
"chr4","13264374","13264652","GL873807","378787","379071","75","12885587"
"chr4","13322722","13322882","GL873538","12761425","12761574","54","561297"
"chr4","13360949","13361124","GL873728","590192","590366","52","12770757"
"chr4","13510154","13510444","GL873645","923581","923868","87","12586573"
"chr4","13633126","13633435","GL873531","743580","743873","84","12889546"
"chr4","13641294","13641587","GL873615","5164234","5164521","76","8477060"
"chr4","13734622","13734911","GL873807","378787","379071","71","13355835"
"chr4","13973629","13973919","GL873615","5164234","5164521","76","8809395"
"chr4","14530525","14530759","GL873534","6499556","6499790","65","8030969"
"chr4","14661021","14661255","GL873523","24830084","24830304","65","10169063"
"chr4","14718707","14718939","GL873645","4984041","4984262","71","9734666"
"chr4","14806142","14806420","GL873520","70969998","70970267","71","56163856"
"chr4","14851511","14851795","GL873615","5164234","5164521","75","9687277"
"chr4","14898630","14898950","GL873523","21098831","21099120","95","6200201"
"chr4","14972414","14972705","GL873589","9310653","9310947","80","5661761"
"chr4","15063258","15063534","GL873529","2737581","2737856","76","12325677"
"chr4","15182479","15182763","GL873557","10602774","10603071","85","4579705"
"chr4","15845651","15845923","GL873531","15816402","15816670","72","29249"
"chr4","16031242","16031527","GL873807","378787","379071","71","15652455"
"chr4","16232386","16232677","GL873671","886108","886393","72","15346278"
"chr4","16290682","16290984","GL873520","20611705","20612004","81","4321023"
"chr4","16691775","16691999","GL873752","1607452","1607687","85","15084323"
"chr4","16918939","16919235","GL873807","378787","379071","70","16540152"
"chr4","17015652","17015948","GL873532","29369734","29370037","76","12354082"
"chr4","17482698","17482996","GL873545","12502931","12503218","75","4979767"
"chr4","17550839","17551140","GL873582","8128619","8128894","92","9422220"
"chr4","17653496","17653632","GL873629","3057379","3057506","35","14596117"
"chr4","17674193","17674499","GL873530","8252980","8253273","81","9421213"
"chr4","18029624","18029882","GL873671","1882360","1882615","68","16147264"
"chr4","18078801","18079103","GL873633","6680180","6680479","74","11398621"
"chr4","18283811","18284087","GL873807","378787","379071","73","17905024"
"chr4","18522202","18522451","GL873671","1882360","1882615","69","16639842"
"chr4","18814646","18814933","GL873615","5164234","5164521","94","13650412"
"chr4","18816941","18817176","GL873523","24830084","24830304","64","6013143"
"chr4","20272533","20272815","GL873807","378787","379071","67","19893746"
"chr4","21105173","21105457","GL873534","15455935","15456215","71","5649238"
"chr4","21174378","21174658","GL873635","3143338","3143625","72","18031040"
"chr4","21224482","21224793","GL873645","923581","923868","83","20300901"
"chr4","21349052","21349337","GL873645","923581","923868","80","20425471"
"chr4","21367002","21367291","GL873807","378787","379071","81","20988215"
"chr4","21446522","21446716","GL873525","32888135","32888322","58","11441613"
"chr4","21446803","21446918","GL873525","6607619","6607730","32","14839184"
"chr4","21860805","21861108","GL873530","8252980","8253273","77","13607825"
"chr4","22102221","22102514","GL873807","378787","379071","88","21723434"
"chr4","22273304","22273590","GL873807","378787","379071","76","21894517"
"chr4","23105538","23105821","GL873564","8111869","8112128","82","14993669"
"chr4","23247943","23248216","GL873652","2538738","2539020","82","20709205"
"chr4","23499652","23499978","GL873711","600516","600812","97","22899136"
"chr4","23866944","23867228","GL873615","5164234","5164521","77","18702710"
"chr4","23929069","23929339","GL873531","15816402","15816670","77","8112667"
"chr4","24283978","24284233","GL873538","4784269","4784514","65","19499709"
"chr4","24577281","24577591","GL873639","638719","639018","86","23938562"
"chr4","24688654","24688954","GL873639","638719","639018","69","24049935"
"chr4","24720039","24720332","GL873807","378787","379071","71","24341252"
"chr4","24724489","24724668","GL873728","590192","590366","58","24134297"
"chr4","24726642","24726856","GL873524","44671953","44672162","67","19945311"
"chr4","24773700","24773996","GL873615","5164234","5164521","75","19609466"
"chr4","25070641","25070942","GL873807","378787","379071","72","24691854"
"chr4","25095215","25095475","GL873618","3344163","3344386","86","21751052"
"chr4","25719008","25719314","GL873807","378787","379071","94","25340221"
"chr4","25921150","25921437","GL873615","5164234","5164521","77","20756916"
"chr4","25985434","25985698","GL873520","70969998","70970267","78","44984564"
"chr4","26122980","26123255","GL873645","923581","923868","88","25199399"
"chr4","26252670","26252861","GL873530","11536409","11536598","61","14716261"
"chr4","26326498","26326794","GL873807","378787","379071","75","25947711"
"chr4","26554248","26554546","GL873589","9310653","9310947","77","17243595"
"chr4","27134168","27134460","GL873533","16134333","16134623","79","10999835"
"chr4","28010293","28010564","GL873529","2737581","2737856","70","25272712"
"chr4","31127105","31127359","GL873546","5021263","5021515","82","26105842"
"chr4","31181603","31181776","GL873608","3484994","3485156","44","27696609"
"chr4","31205863","31206170","GL873532","29369734","29370037","76","1836129"
"chr4","31242765","31243077","GL873532","29369734","29370037","81","1873031"
"chr4","31407844","31408147","GL873530","8252980","8253273","83","23154864"
"chr4","31416269","31416560","GL873807","378787","379071","65","31037482"
"chr4","31426535","31426815","GL873807","378787","379071","74","31047748"
"chr4","31556874","31557002","GL873629","3057379","3057506","33","28499495"
"chr4","31820395","31820693","GL873615","2242583","2242882","77","29577812"
"chr4","32065730","32066001","GL873807","378787","379071","77","31686943"
"chr4","32370113","32370414","GL873652","2538738","2539020","82","29831375"
"chr4","32402592","32402657","GL873524","40199622","40199689","16","7797030"
"chr4","32406650","32406708","GL873606","413534","413591","15","31993116"
"chr4","32407203","32407512","GL873807","378787","379071","91","32028416"
"chr4","32469082","32469378","GL873536","6183235","6183517","83","26285847"
"chr4","32572644","32572941","GL873589","9310653","9310947","77","23261991"
"chr4","32706876","32707179","GL873615","2242583","2242882","84","30464293"
"chr4","32827027","32827155","GL873563","6278566","6278672","64","26548461"
"chr4","33048920","33049238","GL873532","29369734","29370037","84","3679186"
"chr4","33049791","33050094","GL873531","743580","743873","81","32306211"
"chr4","33413634","33413921","GL873615","5164234","5164521","76","28249400"
"chr4","34117792","34118077","GL873615","5164234","5164521","74","28953558"
"chr4","34144757","34144946","GL873536","10089167","10089339","56","24055590"
"chr4","34169185","34169480","GL873635","3143338","3143625","79","31025847"
"chr4","34367444","34367744","GL873525","43871699","43871974","91","9504255"
"chr4","34414791","34415013","GL873531","4102790","4103038","85","30312001"
"chr4","34468116","34468413","GL873545","12502931","12503218","78","21965185"
"chr4","34552866","34553172","GL873533","16134333","16134623","82","18418533"
"chr4","34579724","34579793","GL873662","1216517","1216580","20","33363207"
"chr4","34879179","34879470","GL873534","15455935","15456215","70","19423244"
"chr4","34903652","34903930","GL873524","11986341","11986618","66","22917311"
"chr4","35047011","35047211","GL873530","11536409","11536598","62","23510602"
"chr4","35240977","35241274","GL873548","15989743","15990030","79","19251234"
"chr4","35276702","35277006","GL873532","29369734","29370037","73","5906968"
"chr4","35327847","35328118","GL873546","5021263","5021515","73","30306584"
"chr4","35366043","35366317","GL873582","8128619","8128894","73","27237424"
"chr4","35563605","35563871","GL873700","1267399","1267642","78","34296206"
"chr4","35573471","35573565","GL873623","3165346","3165445","24","32408125"
"chr4","35576416","35576698","GL873652","2538738","2539020","71","33037678"
"chr4","35610584","35610914","GL873532","29369734","29370037","101","6240850"
"chr4","35615201","35615480","GL873615","5164234","5164521","84","30450967"
"chr4","36496212","36496503","GL873525","31608445","31608738","77","4887767"
"chr4","36698433","36698605","GL873608","3484994","3485156","50","33213439"
"chr4","36709051","36709326","GL873544","19151818","19152093","74","17557233"
"chr4","36717584","36717904","GL873533","30408285","30408583","89","6309299"
"chr4","36729560","36729846","GL873560","5671813","5672100","74","31057747"
"chr4","36769398","36769542","GL873521","37167860","37168019","55","398462"
"chr4","36771868","36772166","GL873520","23993282","23993576","78","12778586"
"chr4","36773257","36773549","GL873545","12502931","12503218","76","24270326"
"chr4","36865560","36865676","GL873572","8292948","8293070","45","28572612"
"chr4","36953694","36954019","GL873538","12351987","12352285","98","24601707"
"chr4","36973747","36973833","GL873799","235420","235499","28","36738327"
"chr4","37294116","37294287","GL873728","590192","590366","45","36703924"
"chr4","37481294","37481420","GL873629","3057379","3057506","37","34423915"
"chr4","37501484","37501551","GL873662","1216517","1216580","16","36284967"
"chr4","37735185","37735481","GL873592","3504292","3504588","69","34230893"
"chr4","37775482","37775750","GL873536","23022433","23022696","72","14753049"
"chr4","37825005","37825319","GL873531","11880361","11880661","89","25944644"
"chr4","38348621","38348915","GL873532","29369734","29370037","78","8978887"
"chr4","38752873","38752923","GL873647","3251123","3251165","16","35501750"
"chr4","38753208","38753479","GL873564","8111869","8112128","90","30641339"
"chr4","38812818","38812966","GL873672","1567049","1567194","51","37245769"
"chr4","39063867","39064149","GL873807","378787","379071","75","38685080"
"chr4","39379695","39379999","GL873618","1039454","1039766","91","38340241"
"chr4","39503142","39503239","GL873526","26850759","26850838","37","12652383"
"chr4","40099656","40099971","GL873589","9310653","9310947","85","30789003"
"chr4","40200901","40201188","GL873532","29369734","29370037","76","10831167"
"chr4","40253420","40253716","GL873543","21140344","21140627","81","19113076"
"chr4","40295472","40295761","GL873652","2538738","2539020","76","37756734"
"chr4","40417548","40417834","GL873807","378787","379071","74","40038761"
"chr4","40687376","40687539","GL873608","3484994","3485156","44","37202382"
"chr4","41409586","41409895","GL873531","743580","743873","86","40666006"
"chr4","42529341","42529630","GL873807","378787","379071","71","42150554"
"chr4","42827348","42827646","GL873592","3504292","3504588","76","39323056"
"chr4","43089756","43090056","GL873615","5164234","5164521","80","37925522"
"chr4","43114197","43114299","GL873623","3165346","3165445","32","39948851"
"chr4","43444990","43445265","GL873539","25389838","25390116","86","18055152"
"chr4","43461452","43461604","GL873672","1567049","1567194","41","41894403"
"chr4","43462805","43463097","GL873532","29369734","29370037","70","14093071"
"chr4","44011090","44011197","GL873525","6607619","6607730","30","37403471"
"chr4","44106480","44106763","GL873561","14329867","14330129","77","29776613"
"chr4","44107320","44107617","GL873525","31608445","31608738","73","12498875"
"chr4","44137428","44137705","GL873652","2538738","2539020","69","41598690"
"chr4","44199999","44200293","GL873529","2737581","2737856","86","41462418"
"chr4","44228026","44228328","GL873615","2242583","2242882","75","41985443"
"chr4","44255841","44256095","GL873585","10753608","10753875","82","33502233"
"chr4","44321883","44321984","GL873617","6429598","6429710","48","37892285"
"chr4","44520896","44521106","GL873520","68825999","68826185","67","24305103"
"chr4","45376312","45376387","GL873534","8444999","8445064","38","36931313"
"chr4","46540330","46540667","GL873618","1039454","1039766","115","45500876"
"chr4","48225902","48226187","GL873711","600516","600812","98","47625386"
"chr4","48229174","48229459","GL873623","7055444","7055732","78","41173730"
"chr4","48968458","48968743","GL873807","378787","379071","76","48589671"
"chr4","49069829","49070015","GL873527","16690168","16690332","58","32379661"
"chr4","50838980","50839279","GL873615","2242583","2242882","76","48596397"
"chr4","51583538","51583814","GL873615","5164234","5164521","79","46419304"
"chr4","52279142","52279449","GL873615","2242583","2242882","84","50036559"
"chr4","52419125","52419408","GL873696","323840","324122","78","52095285"
"chr4","54131873","54132126","GL873524","44671953","44672162","92","9459920"
"chr4","54396955","54397230","GL873652","2538738","2539020","77","51858217"
"chr4","54424306","54424376","GL873537","28066052","28066115","23","26358254"
"chr4","54687086","54687404","GL873615","2242583","2242882","105","52444503"
"chr4","56044225","56044520","GL873560","5671813","5672100","81","50372412"
"chr4","56468846","56469133","GL873807","378787","379071","88","56090059"
"chr4","57204608","57204911","GL873520","20611705","20612004","80","36592903"
"chr4","57445116","57445413","GL873592","3504292","3504588","75","53940824"
"chr4","57445918","57446215","GL873592","3504292","3504588","77","53941626"
"chr4","58173030","58173236","GL873540","6313666","6313849","67","51859364"
"chr4","58316649","58316712","GL873537","28066052","28066115","12","30250597"
"chr4","58404404","58404692","GL873522","6932627","6932928","78","51471777"
"chr4","58707268","58707529","GL873526","11694917","11695169","84","47012351"
"chr4","58821001","58821303","GL873532","29369734","29370037","82","29451267"
"chr4","58877215","58877513","GL873615","5164234","5164521","79","53712981"
"chr4","59013378","59013672","GL873525","31608445","31608738","75","27404933"
"chr4","60216880","60217179","GL873611","3341174","3341447","98","56875706"
"chr4","61800737","61801010","GL873544","19151818","19152093","70","42648919"
"chr4","61833384","61833664","GL873560","5671813","5672100","82","56161571"
"chr4","61837485","61837778","GL873807","378787","379071","75","61458698"
"chr4","65412507","65412642","GL873529","9635583","9635702","60","55776924"
"chr4","67182845","67183156","GL873645","923581","923868","80","66259264"
"chr4","67206445","67206753","GL873712","758777","759067","80","66447668"
"chr4","68503704","68503920","GL873642","3375546","3375787","84","65128158"
"chr4","68762165","68762453","GL873807","378787","379071","75","68383378"
"chr4","69253329","69253595","GL873726","367205","367447","88","68886124"
"chr4","69895030","69895305","GL873538","4784269","4784514","80","65110761"
"chr4","69901435","69901734","GL873532","29369734","29370037","79","40531701"
"chr4","69975545","69975821","GL873619","3251154","3251417","76","66724391"
"chr4","71718544","71718817","GL873520","70969998","70970267","76","748546"
"chr4","71771148","71771395","GL873671","1882360","1882615","68","69888788"
"chr4","73080956","73081243","GL873615","5164234","5164521","81","67916722"
"chr4","73348948","73349237","GL873807","378787","379071","81","72970161"
"chr4","74229673","74229973","GL873712","758777","759067","79","73470896"
"chr4","75297973","75298212","GL873530","24066432","24066694","86","51231541"
"chr4","76772816","76773121","GL873531","743580","743873","75","76029236"
"chr4","77279784","77280078","GL873615","5164234","5164521","81","72115550"
"chr4","77499880","77499997","GL873525","6607619","6607730","28","70892261"
"chr4","77641602","77641918","GL873639","638719","639018","88","77002883"
"chr4","78577600","78577896","GL873605","211678","211971","77","78365922"
"chr4","79302846","79303125","GL873807","378787","379071","85","78924059"
"chr4","80112377","80112670","GL873652","2538738","2539020","72","77573639"
"chr4","80670310","80670613","GL873633","6680180","6680479","75","73990130"
"chr4","80775221","80775434","GL873645","4984041","4984262","68","75791180"
"chr4","80917728","80918034","GL873633","6680180","6680479","82","74237548"
"chr4","80962715","80963024","GL873537","28253996","28254310","100","52708719"
"chr4","81040448","81040740","GL873592","3504292","3504588","88","77536156"
"chr4","81281023","81281317","GL873527","33196263","33196548","78","48084760"
"chr4","81769661","81769933","GL873531","15816402","15816670","78","65953259"
"chr4","81782871","81783164","GL873807","378787","379071","78","81404084"
"chr4","83654600","83654904","GL873520","20611705","20612004","84","63042895"
"chr4","84613071","84613220","GL873572","8292948","8293070","54","76320123"
"chr4","84671905","84672204","GL873589","9310653","9310947","77","75361252"
"chr4","85257483","85257841","GL873537","28253996","28254310","134","57003487"
"chr4","85421487","85421687","GL873731","1122838","1123027","52","84298649"
"chr4","85535867","85536152","GL873807","378787","379071","70","85157080"
"chr4","86414412","86414580","GL873580","853240","853398","48","85561172"
"chr4","86855518","86855815","GL873532","29369734","29370037","74","57485784"
"chr4","86917431","86917730","GL873633","6680180","6680479","77","80237251"
"chr4","87169429","87169717","GL873807","378787","379071","71","86790642"
"chr4","87744279","87744592","GL873618","1039454","1039766","85","86704825"
"chr4","87918910","87919207","GL873531","743580","743873","76","87175330"
"chr4","87941315","87941629","GL873530","8252980","8253273","85","79688335"
"chr4","88094356","88094635","GL873585","115904","116160","86","87978452"
"chr4","88550492","88550784","GL873807","378787","379071","71","88171705"
"chr4","89438152","89438306","GL873654","829106","829286","55","88609046"
"chr4","89540406","89540715","GL873530","8252980","8253273","86","81287426"
"chr4","91765436","91765735","GL873615","5164234","5164521","84","86601202"
"chr4","92381215","92381514","GL873525","31608445","31608738","81","60772770"
"chr4","94541870","94542113","GL873520","70969998","70970267","92","23571872"
"chr4","94708031","94708309","GL873533","9671302","9671560","83","85036729"
"chr4","95570616","95570922","GL873553","1912528","1912825","82","93658088"
"chr4","95925835","95926138","GL873520","23993282","23993576","77","71932553"
"chr4","96352478","96352741","GL873671","1882360","1882615","71","94470118"
"chr4","96446434","96446724","GL873807","378787","379071","71","96067647"
"chr4","97723567","97723851","GL873807","378787","379071","73","97344780"
"chr4","98536505","98536776","GL873606","1584393","1584659","76","96952112"
"chr4","98553589","98553889","GL873589","9310653","9310947","85","89242936"
"chr4","98653727","98654006","GL873529","2737581","2737856","70","95916146"
"chr4","98710048","98710339","GL873532","29369734","29370037","78","69340314"
"chr4","99396835","99397138","GL873532","29369734","29370037","80","70027101"
"chr4","100159064","100159327","GL873534","15455935","15456215","84","84703129"
"chr4","100404134","100404404","GL873520","70969998","70970267","74","29434136"
"chr4","102047358","102047623","GL873534","15455935","15456215","84","86591423"
"chr4","102230437","102230749","GL873523","21098831","21099120","92","81131606"
"chr4","102476241","102476523","GL873807","378787","379071","59","102097454"
"chr4","104245651","104245946","GL873807","378787","379071","76","103866864"
"chr4","104474623","104474904","GL873531","15816402","15816670","71","88658221"
"chr4","105128973","105129283","GL873531","743580","743873","78","104385393"
"chr4","105338268","105338542","GL873558","11729886","11730160","82","93608382"
"chr4","105371417","105371724","GL873531","743580","743873","82","104627837"
"chr4","106014127","106014430","GL873639","638719","639018","79","105375408"
"chr4","106181282","106181567","GL873527","33196263","33196548","82","72985019"
"chr4","106203987","106204274","GL873807","378787","379071","65","105825200"
"chr4","106298983","106299277","GL873589","9310653","9310947","85","96988330"
"chr4","106479772","106480063","GL873807","378787","379071","73","106100985"
"chr4","106485821","106486083","GL873569","6518440","6518694","89","99967381"
"chr4","106649824","106650068","GL873523","24830084","24830304","77","81819740"
"chr4","107078617","107078874","GL873654","370003","370233","73","106708614"
"chr4","107298122","107298432","GL873807","378787","379071","76","106919335"
"chr4","107780460","107780622","GL873538","24528568","24528730","52","83251892"
"chr4","107846085","107846265","GL873728","590192","590366","51","107255893"
"chr4","108155170","108155486","GL873520","20611705","20612004","88","87543465"
"chr4","108378761","108379053","GL873807","378787","379071","77","107999974"
"chr4","109361551","109361846","GL873615","5164234","5164521","79","104197317"
"chr4","109361914","109362201","GL873646","3489451","3489745","69","105872463"
"chr4","109721492","109721787","GL873605","211678","211971","80","109509814"
"chr4","110092282","110092387","GL873563","6278566","6278672","50","103813716"
"chr4","110324786","110325082","GL873525","31608445","31608738","78","78716341"
"chr4","110489624","110489918","GL873532","29369734","29370037","76","81119890"
"chr4","110546893","110547120","GL873786","1119085","1119310","63","109427808"
"chr4","110599879","110600146","GL873531","15816402","15816670","74","94783477"
"chr4","110699992","110700285","GL873615","5164234","5164521","80","105535758"
"chr4","111433399","111433535","GL873572","8292948","8293070","50","103140451"
"chr4","111723269","111723552","GL873531","15816402","15816670","74","95906867"
"chr4","111943553","111943855","GL873532","29369734","29370037","76","82573819"
"chr4","111977536","111977840","GL873807","378787","379071","78","111598749"
"chr4","112506865","112507182","GL873531","11880361","11880661","99","100626504"
"chr4","112730418","112730513","GL873526","6493783","6493858","39","106236635"
"chr4","112733657","112733840","GL873608","3484994","3485156","67","109248663"
"chr4","113301649","113301942","GL873652","2538738","2539020","79","110762911"
"chr4","113313743","113314027","GL873807","378787","379071","68","112934956"
"chr4","115106549","115106815","GL873526","11694917","11695169","81","103411632"
"chr4","116044956","116045234","GL873536","6183235","6183517","81","109861721"
"chr4","116184105","116184395","GL873807","378787","379071","76","115805318"
"chr4","116665922","116666219","GL873557","10602774","10603071","71","106063148"
"chr4","117150424","117150699","GL873530","8252980","8253273","86","108897444"
"chr4","117180676","117180953","GL873544","19151818","19152093","78","98028858"
"chr4","117470515","117470736","GL873558","5090920","5091134","74","112379595"
"chr4","117571800","117572064","GL873520","70969998","70970267","72","46601802"
"chr4","119761068","119761377","GL873532","29369734","29370037","86","90391334"
"chr4","120199168","120199453","GL873807","378787","379071","77","119820381"
"chr4","121450344","121450641","GL873530","8252980","8253273","74","113197364"
"chr4","121475457","121475748","GL873807","378787","379071","81","121096670"
"chr4","121479960","121480227","GL873561","14329867","14330129","86","107150093"
"chr4","122415172","122415453","GL873531","15816402","15816670","69","106598770"
"chr4","122438016","122438324","GL873615","2242583","2242882","82","120195433"
"chr4","122585495","122585802","GL873639","638719","639018","75","121946776"
"chr4","122774686","122774837","GL873529","9635583","9635702","65","113139103"
"chr4","123040397","123040467","GL873662","1216517","1216580","18","121823880"
"chr4","124430891","124430965","GL873524","40199622","40199689","24","84231269"
"chr4","125172790","125173108","GL873548","15989743","15990030","91","109183047"
"chr4","125187163","125187460","GL873807","378787","379071","76","124808376"
"chr4","125472070","125472366","GL873635","3143338","3143625","74","122328732"
"chr4","126096786","126097074","GL873807","378787","379071","74","125717999"
"chr4","127501002","127501269","GL873526","17185395","17185660","74","110315607"
"chr4","127558839","127559031","GL873731","1122838","1123027","47","126436001"
"chr4","128042469","128042681","GL873603","3472302","3472505","78","124570167"
"chr4","128533592","128533892","GL873531","743580","743873","84","127790012"
"chr4","128833002","128833152","GL873538","12761425","12761574","49","116071577"
"chr4","129260680","129260932","GL873523","24830084","24830304","75","104430596"
"chr4","130437518","130437808","GL873615","5164234","5164521","67","125273284"
"chr4","131205999","131206211","GL873654","829106","829286","75","130376893"
"chr4","131288372","131288675","GL873531","11880361","11880661","84","119408011"
"chr4","131292750","131293044","GL873592","3504292","3504588","77","127788458"
"chr4","131393049","131393345","GL873652","2538738","2539020","71","128854311"
"chr4","131532080","131532365","GL873807","378787","379071","73","131153293"
"chr4","131837688","131837978","GL873645","923581","923868","81","130914107"
"chr4","132087298","132087598","GL873711","600516","600812","90","131486782"
"chr4","132133262","132133547","GL873560","5671813","5672100","76","126461449"
"chr4","132687086","132687370","GL873623","7055444","7055732","91","125631642"
"chr4","132993143","132993436","GL873589","9310653","9310947","78","123682490"
"chr4","132997086","132997387","GL873520","23993282","23993576","77","109003804"
"chr4","133189252","133189551","GL873615","5164234","5164521","84","128025018"
"chr4","133343844","133344134","GL873615","2242583","2242882","87","131101261"
"chr4","133386542","133386824","GL873558","11729886","11730160","70","121656656"
"chr4","133858311","133858426","GL873529","9635583","9635702","45","124222728"
"chr4","133858429","133858557","GL873629","3057379","3057506","30","130801050"
"chr4","134864217","134864498","GL873558","11729886","11730160","70","123134331"
"chr4","135139605","135139895","GL873807","378787","379071","72","134760818"
"chr4","135193389","135193690","GL873592","3504292","3504588","85","131689097"
"chr4","136772264","136772547","GL873560","1046330","1046605","74","135725934"
"chr4","136894939","136895223","GL873529","2737581","2737856","72","134157358"
"chr4","137759233","137759541","GL873530","8252980","8253273","80","129506253"
"chr4","138069718","138070022","GL873611","3648898","3649188","78","134420820"
"chr4","138418777","138419069","GL873554","5336457","5336753","75","133082320"
"chr4","138540255","138540547","GL873807","378787","379071","73","138161468"
"chr4","138647119","138647182","GL873537","28066052","28066115","15","110581067"
"chr4","139430587","139430877","GL873602","5655744","5656017","73","133774843"
"chr4","139567505","139567631","GL873548","16247733","16247866","32","123319772"
"chr4","139730977","139731266","GL873807","378787","379071","69","139352190"
"chr4","139924595","139924875","GL873807","378787","379071","74","139545808"
"chr4","139957127","139957419","GL873646","917757","918050","82","139039370"
"chr4","140012654","140012908","GL873531","4102790","4103038","78","135909864"
"chr4","140073100","140073400","GL873531","743580","743873","80","139329520"
"chr4","140104484","140104764","GL873531","15816402","15816670","80","124288082"
"chr4","140183982","140184285","GL873531","11880361","11880661","85","128303621"
"chr4","140215567","140215792","GL873558","5090920","5091134","68","135124647"
"chr4","140216141","140216347","GL873731","1140299","1140488","61","139075842"
"chr4","140467447","140467762","GL873548","15989743","15990030","85","124477704"
"chr4","140754870","140755172","GL873639","638719","639018","74","140116151"
"chr4","141163125","141163422","GL873526","22863004","22863298","82","118300121"
"chr4","141178840","141179135","GL873807","378787","379071","82","140800053"
"chr4","142011095","142011360","GL873526","11694917","11695169","82","130316178"
"chr4","142515119","142515410","GL873592","3504292","3504588","76","139010827"
"chr4","142572420","142572710","GL873527","33196263","33196548","79","109376157"
"chr4","143417156","143417451","GL873583","5217241","5217516","81","138199915"
"chr4","144557063","144557370","GL873530","8252980","8253273","75","136304083"
"chr4","144944927","144945236","GL873807","378787","379071","87","144566140"
"chr4","144996326","144996501","GL873608","3484994","3485156","47","141511332"
"chr4","145100360","145100585","GL873523","24830084","24830304","67","120270276"
"chr4","145944384","145944677","GL873523","47336368","47336640","104","98608016"
"chr4","146972454","146972743","GL873646","917757","918050","80","146054697"
"chr4","147188430","147188661","GL873533","28073656","28073870","91","119114774"
"chr4","147543440","147543732","GL873560","5671813","5672100","69","141871627"
"chr4","148028074","148028301","GL873661","3259618","3259835","82","144768456"
"chr4","148800486","148800551","GL873662","1216517","1216580","17","147583969"
"chr4","149047634","149047931","GL873532","29369734","29370037","78","119677900"
"chr4","149118146","149118419","GL873807","378787","379071","75","148739359"
"chr4","149122105","149122383","GL873807","378787","379071","68","148743318"
"chr4","149191361","149191664","GL873615","2242583","2242882","85","146948778"
"chr4","149250945","149251191","GL873530","24066432","24066694","77","125184513"
"chr4","149938489","149938725","GL873645","4984041","4984262","64","144954448"
"chr4","150262610","150262925","GL873532","29369734","29370037","83","120892876"
"chr4","150627579","150627866","GL873531","743580","743873","82","149883999"
"chr4","151517453","151517668","GL873523","24830084","24830304","68","126687369"
"chr4","151545593","151545892","GL873615","5164234","5164521","75","146381359"
"chr4","151615525","151615818","GL873526","11694917","11695169","100","139920608"
"chr4","152457261","152457569","GL873633","6680180","6680479","78","145777081"
"chr4","152904610","152904909","GL873532","29369734","29370037","75","123534876"
"chr4","153094184","153094490","GL873530","8252980","8253273","70","144841204"
"chr4","153222153","153222431","GL873652","2538738","2539020","77","150683415"
"chr4","154539006","154539283","GL873544","19151818","19152093","77","135387188"
"chr4","154552260","154552545","GL873807","378787","379071","79","154173473"
"chr4","154654600","154654897","GL873646","3489451","3489745","74","151165149"
"chr4","154848013","154848306","GL873530","20684710","20684985","81","134163303"
"chr4","154853718","154854028","GL873530","8252980","8253273","91","146600738"
"chr4","154926801","154927091","GL873536","6183235","6183517","77","148743566"
"chr4","155081032","155081318","GL873807","378787","379071","69","154702245"
"chr4","155754991","155755281","GL873583","5217241","5217516","80","150537750"
"chr4","155793731","155794025","GL873615","2242583","2242882","72","153551148"
"chr4","155889546","155889850","GL873532","29369734","29370037","80","126519812"
"chr4","155922276","155922565","GL873605","211678","211971","71","155710598"
"chr4","155978231","155978532","GL873532","29369734","29370037","75","126608497"
"chr4","155979522","155979796","GL873526","11694917","11695169","80","144284605"
"chr4","155983219","155983275","GL873812","573691","573747","20","155409528"
"chr4","156115946","156116245","GL873532","29369734","29370037","79","126746212"
"chr4","156488484","156488750","GL873671","1882360","1882615","73","154606124"
"chr4","157391723","157391928","GL873533","28073656","28073870","57","129318067"
"chr4","157747602","157747878","GL873807","378787","379071","85","157368815"
"chr4","157769661","157769932","GL873807","378787","379071","76","157390874"
"chr4","157783941","157784240","GL873531","743580","743873","72","157040361"
"chr4","157878110","157878397","GL873635","3143338","3143625","68","154734772"
"chr4","158653352","158653660","GL873522","6932627","6932928","101","151720725"
"chr4","159114262","159114427","GL873573","561846","562000","49","158552416"
"chr4","159283808","159284102","GL873592","3504292","3504588","74","155779516"
"chr4","159717037","159717307","GL873671","1882360","1882615","74","157834677"
"chr4","159783580","159783903","GL873615","2242583","2242882","86","157540997"
"chr4","160112332","160112627","GL873645","923581","923868","84","159188751"
"chr4","162040375","162040684","GL873545","12502931","12503218","89","149537444"
"chr4","162153178","162153411","GL873523","24830084","24830304","66","137323094"
"chr4","162635506","162635756","GL873544","21012867","21013121","82","141622639"
"chr4","163147615","163147917","GL873580","5868817","5869123","87","157278798"
"chr4","163340491","163340790","GL873615","2242583","2242882","74","161097908"
"chr4","163385549","163385857","GL873520","20611705","20612004","79","142773844"
"chr4","164237212","164237468","GL873671","1882360","1882615","69","162354852"
"chr4","164376616","164376919","GL873532","29369734","29370037","74","135006882"
"chr4","164764385","164764674","GL873807","378787","379071","78","164385598"
"chr4","164984795","164984963","GL873608","3484994","3485156","46","161499801"
"chr4","165317275","165317570","GL873635","3143338","3143625","71","162173937"
"chr4","166709490","166709779","GL873531","15816402","15816670","90","150893088"
"chr4","168065568","168065873","GL873639","638719","639018","85","167426849"
"chr4","168623874","168624170","GL873527","33196263","33196548","79","135427611"
"chr4","170369620","170369922","GL873532","29369734","29370037","88","140999886"
"chr4","171354204","171354483","GL873539","25389838","25390116","80","145964366"
"chr4","171560776","171561081","GL873615","2242583","2242882","96","169318193"
"chr5","52166614","52166767","GL873619","5715463","5715603","52","46451151"
"chr5","154414","154718","GL873639","638719","639018","75","484305"
"chr5","172972","173272","GL873807","378787","379071","71","205815"
"chr5","174161","174452","GL873567","1896908","1897190","75","1722747"
"chr5","227477","227765","GL873615","5164234","5164521","72","4936757"
"chr5","253168","253429","GL873531","4102790","4103038","70","3849622"
"chr5","424997","425277","GL873526","17185395","17185660","84","16760398"
"chr5","558369","558661","GL873529","2737581","2737856","88","2179212"
"chr5","568492","568782","GL873673","4474890","4475153","90","3906398"
"chr5","569449","569750","GL873532","29369734","29370037","69","28800285"
"chr5","584766","585155","GL873615","2242583","2242882","147","1657817"
"chr5","614216","614515","GL873645","923581","923868","85","309365"
"chr5","633109","633173","GL873537","28066052","28066115","13","27432943"
"chr5","812628","812920","GL873569","11036395","11036693","77","10223767"
"chr5","1112035","1112243","GL873715","280277","280452","73","831758"
"chr5","1387504","1387798","GL873567","12148816","12149129","85","10761312"
"chr5","1601278","1601404","GL873585","8812888","8813010","35","7211610"
"chr5","2093345","2093597","GL873544","4458562","4458812","75","2365217"
"chr5","2370303","2370588","GL873535","29467371","29467653","72","27097068"
"chr5","2627198","2627490","GL873807","378787","379071","67","2248411"
"chr5","2727065","2727307","GL873534","6499556","6499790","67","3772491"
"chr5","2826062","2826125","GL873537","28066052","28066115","18","25239990"
"chr5","2843279","2843569","GL873548","133851","134130","81","2709428"
"chr5","2854632","2854925","GL873807","378787","379071","72","2475845"
"chr5","2922883","2923161","GL873558","11729886","11730160","71","8807003"
"chr5","2939059","2939356","GL873696","323840","324122","86","2615219"
"chr5","3371017","3371315","GL873532","29369734","29370037","72","25998717"
"chr5","3811903","3812032","GL873572","8292948","8293070","54","4481045"
"chr5","3867374","3867659","GL873531","15816402","15816670","67","11949028"
"chr5","4125056","4125326","GL873647","344182","344454","76","3780874"
"chr5","4326378","4326503","GL873563","6278566","6278672","58","1952188"
"chr5","4410672","4410750","GL873662","1216517","1216580","23","3194155"
"chr5","4417065","4417233","GL873728","590192","590366","55","3826873"
"chr5","4461432","4461715","GL873615","5164234","5164521","81","702802"
"chr5","4489457","4489731","GL873673","4474890","4475153","87","14567"
"chr5","4543239","4543521","GL873530","8252980","8253273","81","3709741"
"chr5","4582392","4582458","GL873662","1216517","1216580","13","3365875"
"chr5","4584483","4584792","GL873531","743580","743873","93","3840903"
"chr5","4588761","4589035","GL873544","19151818","19152093","69","14563057"
"chr5","4605584","4605880","GL873615","2242583","2242882","76","2363001"
"chr5","4623024","4623310","GL873526","17185395","17185660","88","12562371"
"chr5","4874532","4874820","GL873525","43871699","43871974","93","38997167"
"chr5","5164004","5164326","GL873531","743580","743873","88","4420424"
"chr5","5616977","5617209","GL873523","24830084","24830304","60","19213107"
"chr5","5740351","5740590","GL873569","6518440","6518694","89","778089"
"chr5","5785178","5785276","GL873526","26850759","26850838","39","21065581"
"chr5","5955579","5955875","GL873807","378787","379071","82","5576792"
"chr5","6373893","6374080","GL873522","40668394","40668576","69","34294501"
"chr5","6692226","6692515","GL873532","29369734","29370037","80","22677508"
"chr5","7007431","7007737","GL873531","743580","743873","76","6263851"
"chr5","7516944","7517227","GL873560","5671813","5672100","75","1845131"
"chr5","7603967","7604258","GL873807","378787","379071","78","7225180"
"chr5","7769381","7769635","GL873671","1882360","1882615","63","5887021"
"chr5","8180685","8180971","GL873592","3504292","3504588","83","4676393"
"chr5","8269327","8269429","GL873526","6493783","6493858","39","1775544"
"chr5","8622102","8622282","GL873728","590192","590366","47","8031910"
"chr5","8667469","8667769","GL873592","3504292","3504588","81","5163177"
"chr5","8685534","8685838","GL873611","3648898","3649188","79","5036636"
"chr5","8786616","8786921","GL873589","9310653","9310947","80","524037"
"chr5","8865932","8866014","GL873799","235420","235499","24","8630512"
"chr5","9019627","9019920","GL873807","378787","379071","70","8640840"
"chr5","9132303","9132576","GL873561","14329867","14330129","63","5197564"
"chr5","9743343","9743581","GL873526","11694917","11695169","76","1951574"
"chr5","9790516","9790814","GL873589","9310653","9310947","80","479863"
"chr5","9835392","9835698","GL873532","29369734","29370037","74","19534342"
"chr5","9999775","10000000","GL873523","24830084","24830304","51","14830309"
"chr5","10790738","10790873","GL873548","16247733","16247866","41","5456995"
"chr5","10975720","10975881","GL873608","3484994","3485156","49","7490726"
"chr5","11016863","11017152","GL873560","1046330","1046605","74","9970533"
"chr5","11297166","11297451","GL873807","378787","379071","85","10918379"
"chr5","11312382","11312681","GL873532","29369734","29370037","73","18057352"
"chr5","11430436","11430721","GL873536","6183235","6183517","88","5247201"
"chr5","12845750","12846004","GL873671","1882360","1882615","69","10963390"
"chr5","13527639","13527935","GL873615","5164234","5164521","73","8363405"
"chr5","13528927","13529205","GL873807","378787","379071","77","13150140"
"chr5","13637553","13637829","GL873807","378787","379071","72","13258766"
"chr5","13938110","13938401","GL873524","33453308","33453594","80","19515198"
"chr5","15734304","15734561","GL873564","8111869","8112128","75","7622435"
"chr5","16823279","16823328","GL873537","28066052","28066115","23","11242773"
"chr5","18478964","18479133","GL873536","10089167","10089339","53","8389797"
"chr5","18895789","18896087","GL873589","9310653","9310947","83","9585136"
"chr5","20402166","20402459","GL873652","2538738","2539020","76","17863428"
"chr5","20584540","20584653","GL873525","6607619","6607730","36","13976921"
"chr5","21150968","21151257","GL873529","2737581","2737856","71","18413387"
"chr5","21161498","21161780","GL873525","43871699","43871974","77","22710201"
"chr5","21402654","21402960","GL873532","29369734","29370037","87","7967080"
"chr5","22077537","22077727","GL873530","11536409","11536598","60","10541128"
"chr5","22077974","22078086","GL873525","6607619","6607730","33","15470355"
"chr5","22103111","22103381","GL873526","44043","44310","71","22059068"
"chr5","22282793","22283065","GL873534","15455935","15456215","78","6826858"
"chr5","22842008","22842312","GL873520","23993282","23993576","80","1151274"
"chr5","23326096","23326398","GL873652","2538738","2539020","76","20787358"
"chr5","23335041","23335257","GL873645","4984041","4984262","60","18351000"
"chr5","23671188","23671423","GL873618","3344163","3344386","84","20327025"
"chr5","23745649","23745956","GL873589","9310653","9310947","87","14434996"
"chr5","23764304","23764612","GL873527","33196263","33196548","79","9431959"
"chr5","23974669","23974971","GL873531","743580","743873","79","23231089"
"chr5","25787325","25787623","GL873592","3504292","3504588","75","22283033"
"chr5","27136246","27136450","GL873538","2103378","2103585","66","25032868"
"chr5","27288981","27289044","GL873537","28066052","28066115","12","777071"
"chr5","27716960","27717249","GL873807","378787","379071","84","27338173"
"chr5","29229822","29230121","GL873652","2538738","2539020","73","26691084"
"chr5","30530690","30530980","GL873615","5164234","5164521","74","25366456"
"chr5","30613167","30613473","GL873712","758777","759067","89","29854390"
"chr5","30638914","30639133","GL873533","28073656","28073870","75","2565258"
"chr5","30724217","30724486","GL873560","1046330","1046605","74","29677887"
"chr5","30823871","30824162","GL873652","2538738","2539020","78","28285133"
"chr5","30856671","30856934","GL873526","11694917","11695169","76","19161754"
"chr5","31525006","31525201","GL873728","590192","590366","70","30934814"
"chr5","31595187","31595491","GL873589","9310653","9310947","70","22284534"
"chr5","32125988","32126235","GL873538","4784269","4784514","83","27341719"
"chr5","32138277","32138471","GL873525","32888135","32888322","61","749858"
"chr5","32139007","32139059","GL873647","3251123","3251165","14","28887884"
"chr5","32211200","32211511","GL873538","12351987","12352285","83","19859213"
"chr5","32399734","32399894","GL873610","7088038","7088189","46","25311696"
"chr5","32429848","32430132","GL873652","2538738","2539020","75","29891110"
"chr5","32942649","32942797","GL873689","3224911","3225054","49","29717738"
"chr5","33087469","33087773","GL873525","31608445","31608738","82","1479024"
"chr5","34577519","34577652","GL873522","36553653","36553775","43","1976134"
"chr5","36104666","36104968","GL873532","29369734","29370037","75","6734932"
"chr5","37143873","37144164","GL873807","378787","379071","70","36765086"
"chr5","37547181","37547459","GL873536","6183235","6183517","84","31363946"
"chr5","38031516","38031816","GL873532","29369734","29370037","76","8661782"
"chr5","38280772","38281065","GL873592","3504292","3504588","64","34776480"
"chr5","38395603","38395902","GL873639","638719","639018","76","37756884"
"chr5","38494947","38495235","GL873807","378787","379071","69","38116160"
"chr5","38565024","38565315","GL873652","2538738","2539020","71","36026286"
"chr5","38646172","38646444","GL873520","70969998","70970267","72","32323826"
"chr5","38793225","38793533","GL873639","638719","639018","80","38154506"
"chr5","39454268","39454563","GL873536","6183235","6183517","72","33271033"
"chr5","39616618","39616782","GL873573","561846","562000","50","39054772"
"chr5","39808360","39808658","GL873807","378787","379071","74","39429573"
"chr5","40038951","40039252","GL873530","8252980","8253273","84","31785971"
"chr5","40197560","40197868","GL873633","6680180","6680479","81","33517380"
"chr5","40216719","40217024","GL873665","1381255","1381541","80","38835464"
"chr5","40870188","40870482","GL873615","5164234","5164521","72","35705954"
"chr5","41149239","41149535","GL873532","29369734","29370037","84","11779505"
"chr5","41381421","41381671","GL873812","573147","573383","82","40808274"
"chr5","41465510","41465816","GL873711","600516","600812","74","40864994"
"chr5","41476724","41477022","GL873615","2242583","2242882","74","39234141"
"chr5","41516838","41517099","GL873526","44043","44310","81","41472795"
"chr5","41544485","41544703","GL873524","44671953","44672162","62","3127468"
"chr5","41600809","41601107","GL873635","3143338","3143625","71","38457471"
"chr5","41696663","41696966","GL873639","638719","639018","76","41057944"
"chr5","42227345","42227653","GL873531","743580","743873","79","41483765"
"chr5","42569829","42570077","GL873786","921802","922045","84","41648027"
"chr5","42891627","42891934","GL873532","29369734","29370037","82","13521893"
"chr5","42991167","42991504","GL873700","779773","780090","104","42211394"
"chr5","43125614","43125750","GL873572","8292948","8293070","53","34832666"
"chr5","43220332","43220481","GL873610","7088038","7088189","39","36132294"
"chr5","43349643","43349959","GL873520","20611705","20612004","88","22737938"
"chr5","43560406","43560703","GL873589","9310653","9310947","75","34249753"
"chr5","43713285","43713584","GL873726","1557093","1557383","78","42156192"
"chr5","43738190","43738429","GL873645","4984041","4984262","94","38754149"
"chr5","43855572","43855864","GL873807","378787","379071","68","43476785"
"chr5","43990604","43990905","GL873525","31608445","31608738","75","12382159"
"chr5","44035713","44035913","GL873525","32888135","32888322","67","11147578"
"chr5","44104578","44104872","GL873807","378787","379071","76","43725791"
"chr5","44288162","44288468","GL873532","29369734","29370037","88","14918428"
"chr5","44305963","44306249","GL873545","12502931","12503218","74","31803032"
"chr5","44318355","44318653","GL873532","29369734","29370037","83","14948621"
"chr5","44352562","44352861","GL873592","3504292","3504588","74","40848270"
"chr5","44559147","44559270","GL873520","2151025","2151139","59","42408122"
"chr5","44599905","44600200","GL873553","1912528","1912825","79","42687377"
"chr5","44738758","44739029","GL873619","3251154","3251417","74","41487604"
"chr5","44980374","44980689","GL873567","1896908","1897190","100","43083466"
"chr5","45144332","45144610","GL873560","1046330","1046605","81","44098002"
"chr5","45158169","45158468","GL873623","7055444","7055732","74","38102725"
"chr5","45420971","45421264","GL873589","9310653","9310947","73","36110318"
"chr5","45582516","45582815","GL873807","378787","379071","76","45203729"
"chr5","45617861","45618161","GL873639","638719","639018","78","44979142"
"chr5","45657242","45657532","GL873807","378787","379071","76","45278455"
"chr5","45741299","45741603","GL873589","9310653","9310947","91","36430646"
"chr5","45844553","45844857","GL873530","8252980","8253273","83","37591573"
"chr5","45960419","45960718","GL873807","378787","379071","85","45581632"
"chr5","46070531","46070813","GL873807","378787","379071","72","45691744"
"chr5","46158770","46159051","GL873807","378787","379071","70","45779983"
"chr5","47434905","47435134","GL873645","4984041","4984262","60","42450864"
"chr5","47457036","47457322","GL873558","11729886","11730160","75","35727150"
"chr5","47548682","47548989","GL873583","5217241","5217516","108","42331441"
"chr5","47572282","47572492","GL873522","40668394","40668576","73","6903888"
"chr5","47817610","47817917","GL873652","2538738","2539020","82","45278872"
"chr5","48208994","48209302","GL873615","2242583","2242882","86","45966411"
"chr5","48464976","48465271","GL873615","2242583","2242882","78","46222393"
"chr5","50029618","50029867","GL873671","1882360","1882615","78","48147258"
"chr5","50032118","50032414","GL873525","31608445","31608738","77","18423673"
"chr5","50445475","50445764","GL873807","378787","379071","64","50066688"
"chr5","50575795","50576092","GL873645","923581","923868","66","49652214"
"chr5","50760728","50761005","GL873589","9310653","9310947","74","41450075"
"chr5","50873063","50873351","GL873563","10870912","10871197","85","40002151"
"chr5","51267736","51268022","GL873530","8252980","8253273","83","43014756"
"chr5","51347110","51347434","GL873531","743580","743873","96","50603530"
"chr5","53933622","53933909","GL873526","17185395","17185660","80","36748227"
"chr5","54520603","54520879","GL873652","2538738","2539020","79","51981865"
"chr5","54950073","54950212","GL873629","3057379","3057506","41","51892694"
"chr5","56139923","56140231","GL873639","638719","639018","79","55501204"
"chr5","56299847","56300138","GL873524","33453308","33453594","82","22846539"
"chr5","57771173","57771445","GL873564","8111869","8112128","90","49659304"
"chr5","59330253","59330555","GL873639","638719","639018","80","58691534"
"chr5","59336362","59336674","GL873538","12351987","12352285","86","46984375"
"chr5","59609632","59609923","GL873807","378787","379071","74","59230845"
"chr5","59623973","59624266","GL873589","9310653","9310947","74","50313320"
"chr5","59697655","59697950","GL873534","15455935","15456215","77","44241720"
"chr5","59996865","59997159","GL873560","5671813","5672100","78","54325052"
"chr5","60279842","60280125","GL873615","2242583","2242882","82","58037259"
"chr5","60285185","60285467","GL873615","2242583","2242882","86","58042602"
"chr5","60584254","60584566","GL873615","2242583","2242882","93","58341671"
"chr5","60636611","60636895","GL873645","923581","923868","80","59713030"
"chr5","60673096","60673393","GL873532","29369734","29370037","75","31303362"
"chr5","60764197","60764465","GL873538","4784269","4784514","74","55979928"
"chr5","60779258","60779488","GL873573","809429","809661","78","59969829"
"chr5","60828401","60828688","GL873807","378787","379071","70","60449614"
"chr5","60833363","60833626","GL873526","11694917","11695169","80","49138446"
"chr5","60839063","60839363","GL873609","1717159","1717438","89","59121904"
"chr5","60905061","60905342","GL873531","15816402","15816670","76","45088659"
"chr5","61025468","61025598","GL873629","3057379","3057506","31","57968089"
"chr5","61124127","61124297","GL873608","3484994","3485156","54","57639133"
"chr5","61177680","61177991","GL873633","6680180","6680479","88","54497500"
"chr5","61275633","61275935","GL873652","2538738","2539020","84","58736895"
"chr5","61442757","61443060","GL873533","16134333","16134623","80","45308424"
"chr5","61546864","61546973","GL873525","6607619","6607730","33","54939245"
"chr5","61616461","61616765","GL873652","2538738","2539020","78","59077723"
"chr5","61820242","61820443","GL873728","590192","590366","69","61230050"
"chr5","61856075","61856346","GL873585","115904","116160","92","61740171"
"chr5","61893101","61893335","GL873523","24830084","24830304","68","37063017"
"chr5","62072543","62072829","GL873807","378787","379071","72","61693756"
"chr5","62111331","62111395","GL873662","1216517","1216580","12","60894814"
"chr5","62125746","62126056","GL873520","20611705","20612004","92","41514041"
"chr5","62127150","62127442","GL873635","3143338","3143625","79","58983812"
"chr5","62171672","62171967","GL873623","7055444","7055732","75","55116228"
"chr5","62301385","62301659","GL873905","48652","48939","77","62252733"
"chr5","62402910","62403212","GL873532","29369734","29370037","79","33033176"
"chr5","62409715","62410008","GL873560","5671813","5672100","86","56737902"
"chr5","62411339","62411641","GL873652","2538738","2539020","81","59872601"
"chr5","62557576","62557831","GL873522","19115246","19115490","79","43442330"
"chr5","63102014","63102291","GL873544","19151818","19152093","73","43950196"
"chr5","63193167","63193473","GL873531","743580","743873","74","62449587"
"chr5","63283084","63283398","GL873633","6680180","6680479","88","56602904"
"chr5","63351983","63352279","GL873645","923581","923868","85","62428402"
"chr5","63506839","63507142","GL873531","743580","743873","82","62763259"
"chr5","63949398","63949733","GL873531","11880361","11880661","130","52069037"
"chr5","64281103","64281235","GL873629","3057379","3057506","30","61223724"
"chr5","64559143","64559423","GL873561","14329867","14330129","74","50229276"
"chr5","64582742","64582838","GL873563","6278566","6278672","41","58304176"
"chr5","64910974","64911180","GL873654","829106","829286","63","64081868"
"chr5","65334359","65334645","GL873645","923581","923868","78","64410778"
"chr5","65393765","65393935","GL873587","2344327","2344496","73","63049438"
"chr5","65397811","65398162","GL873537","28253996","28254310","121","37143815"
"chr5","65674488","65674796","GL873532","29369734","29370037","79","36304754"
"chr5","65862062","65862326","GL873561","14329867","14330129","67","51532195"
"chr5","65941089","65941311","GL873558","5090920","5091134","70","60850169"
"chr5","66419467","66419745","GL873530","8252980","8253273","78","58166487"
"chr5","66496864","66497160","GL873807","378787","379071","69","66118077"
"chr5","66709905","66710200","GL873623","7055444","7055732","78","59654461"
"chr5","67000612","67000803","GL873728","590192","590366","58","66410420"
"chr5","67061057","67061305","GL873531","15816402","15816670","82","51244655"
"chr5","67227815","67228075","GL873540","8735863","8736130","80","58491952"
"chr5","68243297","68243547","GL873671","1882360","1882615","77","66360937"
"chr5","68263398","68263625","GL873786","1119085","1119310","58","67144313"
"chr5","68356238","68356539","GL873524","11986341","11986618","83","56369897"
"chr5","68371776","68372037","GL873538","4784269","4784514","77","63587507"
"chr5","68598185","68598479","GL873807","378787","379071","86","68219398"
"chr5","68627118","68627431","GL873531","743580","743873","81","67883538"
"chr5","68642141","68642442","GL873615","2242583","2242882","76","66399558"
"chr5","68938689","68938933","GL873527","27812855","27813090","56","41125834"
"chr5","69427459","69427687","GL873533","28073656","28073870","63","41353803"
"chr5","69608779","69609071","GL873807","378787","379071","69","69229992"
"chr5","69637164","69637332","GL873608","3484994","3485156","49","66152170"
"chr5","70101599","70101798","GL873649","2198171","2198363","63","67903428"
"chr5","70579467","70579764","GL873545","12502931","12503218","108","58076536"
"chr5","70693130","70693441","GL873532","29369734","29370037","85","41323396"
"chr5","70708971","70709285","GL873531","743580","743873","93","69965391"
"chr5","71206080","71206385","GL873645","923581","923868","82","70282499"
"chr5","71663964","71664272","GL873520","20611705","20612004","88","51052259"
"chr5","71775668","71775946","GL873531","15816402","15816670","79","55959266"
"chr5","72034869","72035161","GL873635","3143338","3143625","74","68891531"
"chr5","72223168","72223456","GL873615","5164234","5164521","75","67058934"
"chr5","72241008","72241317","GL873615","2242583","2242882","86","69998425"
"chr5","72731178","72731332","GL873549","5333448","5333610","56","67397730"
"chr5","72731452","72731593","GL873529","9635583","9635702","59","63095869"
"chr5","72790918","72791226","GL873531","743580","743873","75","72047338"
"chr5","72804426","72804685","GL873560","1046330","1046605","76","71758096"
"chr5","73001938","73002091","GL873629","3057379","3057506","60","69944559"
"chr5","73058909","73059160","GL873671","1882360","1882615","72","71176549"
"chr5","73116616","73116925","GL873532","29369734","29370037","78","43746882"
"chr5","73132314","73132615","GL873652","2538738","2539020","78","70593576"
"chr5","73187535","73187836","GL873645","923581","923868","74","72263954"
"chr5","73187850","73188154","GL873538","12351987","12352285","86","60835863"
"chr5","73330613","73330905","GL873652","2538738","2539020","75","70791875"
"chr5","73451224","73451323","GL873623","3165346","3165445","24","70285878"
"chr5","73451479","73451670","GL873536","10089167","10089339","60","63362312"
"chr5","73670083","73670365","GL873548","15989743","15990030","70","57680340"
"chr5","73807606","73807914","GL873639","638719","639018","86","73168887"
"chr5","73870358","73870620","GL873558","11729886","11730160","81","62140472"
"chr5","74237555","74237851","GL873645","923581","923868","78","73313974"
"chr5","74342309","74342592","GL873526","17185395","17185660","72","57156914"
"chr5","74371453","74371720","GL873615","2242583","2242882","88","72128870"
"chr5","74621836","74622146","GL873615","2242583","2242882","84","72379253"
"chr5","74706504","74706800","GL873652","2538738","2539020","75","72167766"
"chr5","74717259","74717551","GL873807","378787","379071","77","74338472"
"chr5","75004876","75004939","GL873537","28066052","28066115","13","46938824"
"chr5","75049936","75050224","GL873646","3489451","3489745","72","71560485"
"chr5","75054391","75054672","GL873592","3504292","3504588","76","71550099"
"chr5","75100929","75101029","GL873623","3165346","3165445","26","71935583"
"chr5","75211654","75211690","GL873520","62911487","62911501","23","12300167"
"chr5","75267247","75267546","GL873712","758777","759067","75","74508470"
"chr5","75481562","75481820","GL873538","4784269","4784514","76","70697293"
"chr5","75501290","75501585","GL873589","9310653","9310947","76","66190637"
"chr5","75616070","75616243","GL873608","3484994","3485156","48","72131076"
"chr5","75630848","75631149","GL873807","378787","379071","82","75252061"
"chr5","75736907","75736977","GL873662","1216517","1216580","23","74520390"
"chr5","75809514","75809776","GL873700","784432","784686","71","75025082"
"chr5","76176115","76176396","GL873560","1046330","1046605","76","75129785"
"chr5","76307375","76307670","GL873589","9310653","9310947","73","66996722"
"chr5","76401060","76401359","GL873635","3143338","3143625","81","73257722"
"chr5","76535881","76536148","GL873531","15816402","15816670","76","60719479"
"chr5","76650072","76650375","GL873615","2242583","2242882","72","74407489"
"chr5","76790978","76791133","GL873672","1567049","1567194","56","75223929"
"chr5","77213233","77213366","GL873629","3057379","3057506","33","74155854"
"chr5","77259576","77259736","GL873572","8086416","8086544","58","69173160"
"chr5","77432798","77433087","GL873525","43871699","43871974","78","33561099"
"chr5","77441723","77442037","GL873532","29369734","29370037","83","48071989"
"chr5","77455079","77455366","GL873527","33196263","33196548","73","44258816"
"chr5","77538177","77538421","GL873671","1882360","1882615","79","75655817"
"chr5","77568630","77568894","GL873538","4784269","4784514","72","72784361"
"chr5","77645630","77645920","GL873524","33453308","33453594","75","44192322"
"chr5","77668946","77669242","GL873645","923581","923868","83","76745365"
"chr5","77762352","77762648","GL873671","886108","886393","87","76876244"
"chr5","78167050","78167318","GL873531","15816402","15816670","73","62350648"
"chr5","78210674","78210958","GL873536","6183235","6183517","76","72027439"
"chr5","78292148","78292442","GL873605","211678","211971","76","78080470"
"chr5","78508368","78508654","GL873807","378787","379071","72","78129581"
"chr5","78563172","78563339","GL873610","7088038","7088189","47","71475134"
"chr5","78610361","78610649","GL873807","378787","379071","65","78231574"
"chr5","78633460","78633739","GL873585","115904","116160","80","78517556"
"chr5","78897602","78897782","GL873608","3484994","3485156","58","75412608"
"chr5","79001648","79001963","GL873531","11880361","11880661","85","67121287"
"chr5","79697936","79698234","GL873560","5671813","5672100","84","74026123"
"chr5","80228035","80228330","GL873615","5164234","5164521","80","75063801"
"chr5","80929834","80930056","GL873645","4984041","4984262","56","75945793"
"chr5","80930364","80930456","GL873799","235420","235499","26","80694944"
"chr5","81103900","81104197","GL873615","5164234","5164521","80","75939666"
"chr5","81178309","81178601","GL873645","923581","923868","76","80254728"
"chr5","81502082","81502387","GL873712","758777","759067","77","80743305"
"chr5","81594461","81594749","GL873615","2242583","2242882","90","79351878"
"chr5","81914332","81914616","GL873807","378787","379071","76","81535545"
"chr5","81930542","81930610","GL873524","40199622","40199689","15","41730920"
"chr5","82151974","82152118","GL873629","3057379","3057506","49","79094595"
"chr5","82494895","82495156","GL873629","2808739","2809002","84","79686156"
"chr5","82602949","82603179","GL873523","24830084","24830304","79","57772865"
"chr5","82603784","82604067","GL873526","17185395","17185660","85","65418389"
"chr5","82831326","82831632","GL873633","6680180","6680479","72","76151146"
"chr5","82837123","82837391","GL873526","11694917","11695169","83","71142206"
"chr5","82950085","82950372","GL873531","15816402","15816670","79","67133683"
"chr5","83353291","83353600","GL873530","8252980","8253273","93","75100311"
"chr5","83584474","83584686","GL873533","28073656","28073870","81","55510818"
"chr5","83608807","83609097","GL873615","5164234","5164521","78","78444573"
"chr5","83631807","83632103","GL873652","2538738","2539020","71","81093069"
"chr5","83941955","83942253","GL873615","2242583","2242882","81","81699372"
"chr5","83981107","83981401","GL873527","33196263","33196548","90","50784844"
"chr5","83984901","83985169","GL873526","11694917","11695169","70","72289984"
"chr5","84018771","84019031","GL873520","70969998","70970267","82","13048773"
"chr5","84415692","84415966","GL873564","8111869","8112128","86","76303823"
"chr5","84429206","84429511","GL873592","3504292","3504588","83","80924914"
"chr5","84499923","84500000","GL873780","151869","151943","23","84348054"
"chr5","84532947","84533247","GL873726","1557093","1557383","90","82975854"
"chr5","84721004","84721132","GL873629","3057379","3057506","35","81663625"
"chr5","84729307","84729434","GL873629","3057379","3057506","29","81671928"
"chr5","84737595","84737876","GL873807","378787","379071","66","84358808"
"chr5","84824574","84824857","GL873623","7055444","7055732","69","77769130"
"chr5","84829023","84829317","GL873525","31608445","31608738","75","53220578"
"chr5","84956026","84956328","GL873533","30408285","30408583","86","54547741"
"chr5","85000001","85000065","GL873662","1216517","1216580","13","83783484"
"chr5","85164939","85165242","GL873531","743580","743873","79","84421359"
"chr5","85239277","85239552","GL873585","115904","116160","86","85123373"
"chr5","85444646","85444937","GL873807","378787","379071","72","85065859"
"chr5","85598805","85599095","GL873807","378787","379071","80","85220018"
"chr5","85672117","85672421","GL873538","12351987","12352285","90","73320130"
"chr5","85688218","85688499","GL873558","11729886","11730160","70","73958332"
"chr5","85705532","85705829","GL873525","31608445","31608738","70","54097087"
"chr5","85883576","85883830","GL873671","1882360","1882615","73","84001216"
"chr5","85991780","85992087","GL873592","3504292","3504588","85","82487488"
"chr5","86338043","86338250","GL873538","2103378","2103585","68","84234665"
"chr5","86434067","86434354","GL873807","378787","379071","73","86055280"
"chr5","86505189","86505372","GL873608","3484994","3485156","60","83020195"
"chr5","86681087","86681265","GL873536","10089167","10089339","46","76591920"
"chr5","86695852","86696160","GL873532","29369734","29370037","80","57326118"
"chr5","86873069","86873391","GL873633","6680180","6680479","94","80192889"
"chr5","86977289","86977415","GL873629","3057379","3057506","30","83919910"
"chr5","87070376","87070682","GL873584","10767629","10767932","82","76302747"
"chr5","87342160","87342418","GL873611","4326462","4326733","87","83015698"
"chr5","87345647","87345833","GL873728","590192","590366","77","86755455"
"chr5","87464659","87464729","GL873524","40199622","40199689","19","47265037"
"chr5","87492874","87493134","GL873540","8735863","8736130","79","78757011"
"chr5","87547019","87547342","GL873537","28253996","28254310","94","59293023"
"chr5","87632390","87632679","GL873615","5164234","5164521","72","82468156"
"chr5","87773946","87774012","GL873662","1216517","1216580","17","86557429"
"chr5","87896743","87897039","GL873583","5217241","5217516","76","82679502"
"chr5","87924780","87925045","GL873523","24830084","24830304","85","63094696"
"chr5","87955942","87956119","GL873538","24528568","24528730","60","63427374"
"chr5","88527877","88528155","GL873615","5164234","5164521","77","83363643"
"chr5","88867254","88867539","GL873635","3143338","3143625","75","85723916"
"chr5","88931723","88931863","GL873619","5715463","5715603","58","83216260"
"chr5","89333778","89334062","GL873615","5164234","5164521","73","84169544"
"chr5","91514993","91515297","GL873520","20611705","20612004","86","70903288"
"chr5","91651585","91651870","GL873807","378787","379071","73","91272798"
"chr5","91928939","91929232","GL873526","17185395","17185660","77","74743544"
"chr5","92048367","92048680","GL873533","16134333","16134623","86","75914034"
"chr5","92087955","92088248","GL873525","31608445","31608738","81","60479510"
"chr5","92103361","92103587","GL873786","1119085","1119310","74","90984276"
"chr5","92245310","92245603","GL873545","12502931","12503218","78","79742379"
"chr5","92346920","92346979","GL873537","28066052","28066115","20","64280868"
"chr5","92347306","92347459","GL873608","3484994","3485156","60","88862312"
"chr5","92385350","92385641","GL873545","12502931","12503218","80","79882419"
"chr5","92483631","92483929","GL873807","378787","379071","73","92104844"
"chr5","92555362","92555658","GL873545","12502931","12503218","79","80052431"
"chr5","92723538","92723722","GL873654","829106","829286","59","91894432"
"chr5","92723994","92724026","GL873520","62911487","62911501","21","29812507"
"chr5","92942706","92942805","GL873623","3165346","3165445","24","89777360"
"chr5","93039242","93039507","GL873544","21012867","21013121","77","72026375"
"chr5","93227442","93227754","GL873615","2242583","2242882","82","90984859"
"chr5","93493320","93493494","GL873608","3484994","3485156","58","90008326"
"chr5","93583386","93583452","GL873780","151869","151943","21","93431517"
"chr5","93713955","93714245","GL873533","16134333","16134623","71","77579622"
"chr5","93849125","93849426","GL873532","29369734","29370037","82","64479391"
"chr5","94173739","94174030","GL873807","378787","379071","72","93794952"
"chr5","94238390","94238674","GL873807","378787","379071","73","93859603"
"chr5","94370492","94370776","GL873536","6183235","6183517","77","88187257"
"chr5","94416947","94417248","GL873807","378787","379071","80","94038160"
"chr5","94545996","94546271","GL873526","44043","44310","78","94501953"
"chr5","94572405","94572706","GL873605","211678","211971","79","94360727"
"chr5","94609320","94609624","GL873807","378787","379071","84","94230533"
"chr5","94648780","94649070","GL873560","5671813","5672100","78","88976967"
"chr5","94725287","94725576","GL873615","5164234","5164521","77","89561053"
"chr5","94762677","94762971","GL873531","11880361","11880661","79","82882316"
"chr5","94893122","94893402","GL873531","15816402","15816670","77","79076720"
"chr5","94903004","94903298","GL873533","30408285","30408583","72","64494719"
"chr5","95019631","95019925","GL873615","2242583","2242882","85","92777048"
"chr5","95157872","95158083","GL873654","829106","829286","59","94328766"
"chr5","95213612","95213899","GL873615","5164234","5164521","67","90049378"
"chr5","95245186","95245483","GL873615","2242583","2242882","78","93002603"
"chr5","95317708","95317761","GL873548","7943503","7943547","28","87374205"
"chr5","95318664","95318730","GL873606","413534","413591","19","94905130"
"chr5","95511598","95511900","GL873584","10767629","10767932","78","84743969"
"chr5","95516547","95516828","GL873807","378787","379071","79","95137760"
"chr5","95633808","95634112","GL873520","20611705","20612004","81","75022103"
"chr5","95834793","95834922","GL873522","36553653","36553775","36","59281140"
"chr5","95869556","95869733","GL873526","16210494","16210659","56","79659062"
"chr5","95998540","95998835","GL873635","3143338","3143625","81","92855202"
"chr5","96093629","96093922","GL873611","3648898","3649188","71","92444731"
"chr5","96185208","96185509","GL873520","23993282","23993576","80","72191926"
"chr5","96295822","96296117","GL873583","5217241","5217516","78","91078581"
"chr5","96510955","96511240","GL873520","20611705","20612004","84","75899250"
"chr5","96656813","96657116","GL873532","29369734","29370037","76","67287079"
"chr5","96677353","96677631","GL873531","15816402","15816670","76","80860951"
"chr5","96719193","96719494","GL873645","923581","923868","82","95795612"
"chr5","96737518","96737821","GL873531","11880361","11880661","82","84857157"
"chr5","96838847","96839139","GL873615","5164234","5164521","77","91674613"
"chr5","96915231","96915549","GL873531","743580","743873","97","96171651"
"chr5","96922392","96922682","GL873615","5164234","5164521","80","91758158"
"chr5","97180436","97180480","GL873534","11644684","11644744","22","85535752"
"chr5","97399295","97399376","GL873812","573691","573747","40","96825604"
"chr5","97399386","97399655","GL873585","115904","116160","83","97283482"
"chr5","97399791","97400079","GL873807","378787","379071","63","97021004"
"chr5","97416014","97416199","GL873536","10089167","10089339","55","87326847"
"chr5","97524838","97525111","GL873652","2538738","2539020","84","94986100"
"chr5","97584169","97584463","GL873807","378787","379071","73","97205382"
"chr5","97654456","97654752","GL873615","5164234","5164521","78","92490222"
"chr5","98137498","98137762","GL873719","2249405","2249681","80","95888093"
"chr5","98269334","98269629","GL873807","378787","379071","74","97890547"
"chr5","98424958","98425256","GL873525","31608445","31608738","73","66816513"
"chr5","98785945","98786246","GL873545","12502931","12503218","77","86283014"
"chr5","98815731","98816023","GL873592","3504292","3504588","70","95311439"
"chr5","98852893","98853190","GL873532","29369734","29370037","75","69483159"
"chr5","98896646","98896942","GL873615","5164234","5164521","77","93732412"
"chr5","98936374","98936653","GL873526","17185395","17185660","93","81750979"
"chr5","98977762","98978049","GL873542","9537125","9537397","80","89440637"
"chr5","99033155","99033434","GL873531","15816402","15816670","76","83216753"
"chr5","99168631","99168920","GL873533","16134333","16134623","79","83034298"
"chr5","99453823","99454125","GL873633","6680180","6680479","80","92773643"
"chr5","99632321","99632590","GL873520","70969998","70970267","72","28662323"
"chr5","99989206","99989495","GL873560","5671813","5672100","69","94317393"
"chr5","100166096","100166397","GL873712","758777","759067","74","99407319"
"chr5","100364654","100364872","GL873645","4984041","4984262","65","95380613"
"chr5","100636421","100636676","GL873526","11694917","11695169","80","88941504"
"chr5","101512716","101512978","GL873564","8111869","8112128","80","93400847"
"chr5","104365450","104365580","GL873563","6278566","6278672","56","98086884"
"chr5","104533653","104533769","GL873563","6278566","6278672","55","98255087"
"chr5","104534605","104534782","GL873768","208772","208940","52","104325833"
"chr5","104652910","104653205","GL873807","378787","379071","78","104274123"
"chr5","104656710","104657009","GL873615","2242583","2242882","80","102414127"
"chr5","104817165","104817471","GL873645","923581","923868","77","103893584"
"chr5","106443980","106444274","GL873615","5164234","5164521","75","101279746"
"chr5","107371873","107372166","GL873652","2538738","2539020","84","104833135"
"chr5","107538411","107538709","GL873615","2242583","2242882","82","105295828"
"chr5","107877893","107877962","GL873524","40199622","40199689","16","67678271"
"chr5","108217845","108218137","GL873807","378787","379071","72","107839058"
"chr5","108238137","108238421","GL873807","378787","379071","64","107859350"
"chr5","108273944","108274074","GL873529","9635583","9635702","33","98638361"
"chr5","108331779","108332098","GL873618","1039454","1039766","85","107292325"
"chr5","108371406","108371685","GL873807","378787","379071","77","107992619"
"chr5","108472599","108472907","GL873530","8252980","8253273","79","100219619"
"chr5","108486365","108486646","GL873531","15816402","15816670","70","92669963"
"chr5","108530405","108530690","GL873807","378787","379071","81","108151618"
"chr5","108563251","108563540","GL873524","11986341","11986618","77","96576910"
"chr5","108564170","108564461","GL873645","923581","923868","81","107640589"
"chr5","108611838","108611910","GL873537","28066052","28066115","21","80545786"
"chr5","108657867","108658167","GL873807","378787","379071","85","108279080"
"chr5","108668840","108669109","GL873544","19151818","19152093","81","89517022"
"chr5","108754201","108754491","GL873527","33196263","33196548","75","75557938"
"chr5","109353448","109353742","GL873525","31608445","31608738","72","77745003"
"chr5","109363730","109364017","GL873807","378787","379071","66","108984943"
"chr5","109873108","109873401","GL873635","3143338","3143625","67","106729770"
"chr5","109900242","109900534","GL873560","5671813","5672100","78","104228429"
"chr5","110255666","110255963","GL873807","378787","379071","71","109876879"
"chr5","110489836","110490133","GL873548","15989743","15990030","69","94500093"
"chr5","110818463","110818562","GL873623","3165346","3165445","26","107653117"
"chr5","111126163","111126456","GL873615","5164234","5164521","72","105961929"
"chr5","111149374","111149666","GL873589","9310653","9310947","82","101838721"
"chr5","111165607","111165904","GL873531","743580","743873","80","110422027"
"chr5","111183792","111184070","GL873558","11729886","11730160","72","99453906"
"chr5","111227888","111228159","GL873564","8111869","8112128","78","103116019"
"chr5","111305514","111305813","GL873532","29369734","29370037","80","81935780"
"chr5","111333643","111333942","GL873615","2242583","2242882","83","109091060"
"chr5","111347425","111347724","GL873615","2242583","2242882","73","109104842"
"chr5","111834194","111834413","GL873558","5090920","5091134","82","106743274"
"chr5","111996759","111997056","GL873807","378787","379071","71","111617972"
"chr5","112187413","112187689","GL873560","1046330","1046605","75","111141083"
"chr5","112244926","112245219","GL873548","15989743","15990030","85","96255183"
"chr5","112248869","112249186","GL873615","2242583","2242882","100","110006286"
"chr5","112272097","112272392","GL873807","378787","379071","78","111893310"
"chr5","112302579","112302877","GL873639","638719","639018","66","111663860"
"chr5","113452690","113452985","GL873520","20611705","20612004","74","92840985"
"chr5","113694191","113694338","GL873629","3057379","3057506","43","110636812"
"chr5","113726760","113727061","GL873532","29369734","29370037","79","84357026"
"chr5","113873864","113874171","GL873532","29369734","29370037","84","84504130"
"chr5","113966114","113966428","GL873530","8252980","8253273","78","105713134"
"chr5","114124958","114125200","GL873786","1119085","1119310","80","113005873"
"chr5","114171485","114171778","GL873807","378787","379071","69","113792698"
"chr5","114258743","114259030","GL873807","378787","379071","66","113879956"
"chr5","114286810","114287094","GL873807","378787","379071","78","113908023"
"chr5","114317445","114317739","GL873807","378787","379071","77","113938658"
"chr5","114365309","114365603","GL873611","3648898","3649188","72","110716411"
"chr5","114699755","114699867","GL873563","6278566","6278672","53","108421189"
"chr5","114918891","114919187","GL873807","378787","379071","64","114540104"
"chr5","115030945","115031058","GL873623","3165346","3165445","35","111865599"
"chr5","115170981","115171281","GL873807","378787","379071","79","114792194"
"chr5","115796183","115796443","GL873546","5021263","5021515","79","110774920"
"chr5","116044529","116044696","GL873573","561846","562000","47","115482683"
"chr5","116278502","116278781","GL873544","19151818","19152093","70","97126684"
"chr5","116295900","116296197","GL873615","5164234","5164521","77","111131666"
"chr5","116907740","116908044","GL873548","15989743","15990030","82","100917997"
"chr5","117740910","117741181","GL873569","5489766","5490051","83","112251144"
"chr5","117968713","117968989","GL873526","17185395","17185660","87","100783318"
"chr5","118249893","118250217","GL873530","8252980","8253273","96","109996913"
"chr5","118416672","118416960","GL873807","378787","379071","65","118037885"
"chr5","119092837","119093128","GL873807","378787","379071","71","118714050"
"chr5","119211905","119212193","GL873531","15816402","15816670","84","103395503"
"chr5","119700850","119701134","GL873615","5164234","5164521","75","114536616"
"chr5","119907747","119908043","GL873592","3504292","3504588","84","116403455"
"chr5","120270173","120270390","GL873533","28073656","28073870","63","92196517"
"chr5","120625041","120625220","GL873536","10089167","10089339","47","110535874"
"chr5","120751194","120751253","GL873537","28066052","28066115","15","92685142"
"chr5","120960398","120960689","GL873807","378787","379071","70","120581611"
"chr5","121103009","121103307","GL873532","29369734","29370037","79","91733275"
"chr5","121112980","121113242","GL873671","1882360","1882615","72","119230620"
"chr5","121200616","121200906","GL873615","2242583","2242882","76","118958033"
"chr5","121215358","121215651","GL873526","22863004","22863298","72","98352354"
"chr5","121254790","121255073","GL873807","378787","379071","69","120876003"
"chr5","121265663","121265843","GL873728","590192","590366","55","120675471"
"chr5","121621977","121622277","GL873531","743580","743873","76","120878397"
"chr5","121824019","121824307","GL873696","323840","324122","86","121500179"
"chr5","122473135","122473416","GL873807","378787","379071","60","122094348"
"chr5","122607475","122607756","GL873560","5671813","5672100","77","116935662"
"chr5","122779135","122779178","GL873523","24829332","24829385","16","97949803"
"chr5","122779349","122779602","GL873520","70969998","70970267","73","51809351"
"chr5","122820516","122820811","GL873532","29369734","29370037","74","93450782"
"chr5","123143154","123143443","GL873615","5164234","5164521","71","117978920"
"chr5","123838108","123838248","GL873572","8292948","8293070","51","115545160"
"chr5","124109525","124109819","GL873652","2538738","2539020","73","121570787"
"chr5","124299852","124300138","GL873615","5164234","5164521","75","119135618"
"chr5","124324190","124324484","GL873615","2242583","2242882","79","122081607"
"chr5","124359169","124359454","GL873629","3330842","3331122","78","121028327"
"chr5","124399648","124399906","GL873526","11694917","11695169","79","112704731"
"chr5","124410436","124410736","GL873532","29369734","29370037","70","95040702"
"chr5","124411904","124412185","GL873807","378787","379071","86","124033117"
"chr5","124485469","124485745","GL873531","15816402","15816670","78","108669067"
"chr5","124523191","124523307","GL873617","6429598","6429710","34","118093593"
"chr5","124597913","124598226","GL873532","29369734","29370037","81","95228179"
"chr5","124669211","124669519","GL873589","9310653","9310947","82","115358558"
"chr5","124793414","124793537","GL873629","3057379","3057506","35","121736035"
"chr5","124804665","124804764","GL873563","6278566","6278672","42","118526099"
"chr5","125017847","125018092","GL873523","24830084","24830304","68","100187763"
"chr5","125053464","125053755","GL873652","2538738","2539020","74","122514726"
"chr5","125132938","125133243","GL873592","3504292","3504588","79","121628646"
"chr5","125252441","125252734","GL873807","378787","379071","76","124873654"
"chr5","125321831","125322123","GL873645","923581","923868","80","124398250"
"chr5","125408212","125408504","GL873615","5164234","5164521","76","120243978"
"chr5","125464521","125464604","GL873799","235420","235499","23","125229101"
"chr5","125592715","125592981","GL873531","15816402","15816670","78","109776313"
"chr5","125642940","125643139","GL873649","2198171","2198363","61","123444769"
"chr5","125649869","125650163","GL873615","5164234","5164521","77","120485635"
"chr5","125654331","125654588","GL873538","4784269","4784514","77","120870062"
"chr5","125898573","125898870","GL873652","2538738","2539020","79","123359835"
"chr5","126232366","126232639","GL873807","378787","379071","73","125853579"
"chr5","126261071","126261358","GL873615","5164234","5164521","75","121096837"
"chr5","126396007","126396288","GL873564","12230896","12231176","77","114165111"
"chr5","126508856","126508895","GL873523","24829332","24829385","22","101679524"
"chr5","126509192","126509408","GL873538","4784269","4784514","81","121724923"
"chr5","126758169","126758467","GL873615","5164234","5164521","82","121593935"
"chr5","126859519","126859773","GL873530","24066432","24066694","78","102793087"
"chr5","126890526","126890690","GL873814","114306","114462","46","126776220"
"chr5","127364452","127364720","GL873520","70969998","70970267","77","56394454"
"chr5","128097931","128098228","GL873807","378787","379071","88","127719144"
"chr5","128471810","128471943","GL873629","3057379","3057506","33","125414431"
"chr5","129340371","129340567","GL873608","3484994","3485156","65","125855377"
"chr5","129360111","129360387","GL873807","378787","379071","76","128981324"
"chr5","129432116","129432411","GL873712","758777","759067","74","128673339"
"chr5","129652138","129652432","GL873652","2538738","2539020","76","127113400"
"chr5","129961923","129962252","GL873532","29369734","29370037","94","100592189"
"chr5","130561781","130562076","GL873807","378787","379071","83","130182994"
"chr5","131074607","131074673","GL873662","1216517","1216580","13","129858090"
"chr5","131320861","131321004","GL873629","3057379","3057506","54","128263482"
"chr5","131404844","131405142","GL873639","638719","639018","78","130766125"
"chr5","131441027","131441328","GL873807","378787","379071","83","131062240"
"chr5","131447712","131448009","GL873592","3504292","3504588","76","127943420"
"chr5","131640165","131640462","GL873615","2242583","2242882","71","129397582"
"chr5","132238148","132238321","GL873536","10089167","10089339","61","122148981"
"chr5","132395602","132395895","GL873646","3489451","3489745","72","128906151"
"chr5","132583795","132583958","GL873768","208772","208940","55","132375023"
"chr5","132698656","132698946","GL873536","6183235","6183517","72","126515421"
"chr5","132820780","132821074","GL873615","5164234","5164521","85","127656546"
"chr5","133043078","133043366","GL873611","3648898","3649188","88","129394180"
"chr5","133105325","133105531","GL873529","36402715","36402892","65","96702610"
"chr5","133156396","133156691","GL873536","6183235","6183517","76","126973161"
"chr5","133162615","133162919","GL873530","8252980","8253273","78","124909635"
"chr5","134196485","134196765","GL873526","17185395","17185660","90","117011090"
"chr5","134220092","134220391","GL873652","2538738","2539020","71","131681354"
"chr5","134475010","134475144","GL873629","3057379","3057506","38","131417631"
"chr5","134534761","134534957","GL873590","6901922","6902119","62","127632839"
"chr5","134704232","134704526","GL873652","2538738","2539020","73","132165494"
"chr5","135263603","135263891","GL873526","17185395","17185660","77","118078208"
"chr5","136080341","136080642","GL873712","758777","759067","76","135321564"
"chr5","136352368","136352624","GL873671","1882360","1882615","63","134470008"
"chr5","136424368","136424658","GL873807","378787","379071","72","136045581"
"chr5","136553604","136553881","GL873531","15816402","15816670","73","120737202"
"chr5","136747559","136747865","GL873530","8252980","8253273","93","128494579"
"chr5","137093336","137093647","GL873538","12351987","12352285","88","124741349"
"chr5","137919243","137919540","GL873589","9310653","9310947","79","128608590"
"chr5","138292745","138293035","GL873602","5655744","5656017","81","132637001"
"chr5","138629865","138630165","GL873545","12502931","12503218","81","126126934"
"chr5","138651828","138651914","GL873526","6493783","6493858","28","132158045"
"chr5","138941747","138942014","GL873561","14329867","14330129","76","124611880"
"chr5","139113302","139113454","GL873610","7088038","7088189","44","132025264"
"chr5","139441702","139441945","GL873534","6499556","6499790","72","132942146"
"chr5","139442031","139442330","GL873525","31608445","31608738","82","107833586"
"chr5","139652029","139652341","GL873529","2737581","2737856","93","136914448"
"chr5","140124893","140125186","GL873807","378787","379071","71","139746106"
"chr5","140200385","140200664","GL873807","378787","379071","74","139821598"
"chr5","140269280","140269526","GL873671","1882360","1882615","86","138386920"
"chr5","140312031","140312314","GL873645","923581","923868","81","139388450"
"chr5","140788194","140788479","GL873615","2242583","2242882","79","138545611"
"chr5","141422617","141422909","GL873533","16134333","16134623","72","125288284"
"chr5","142238565","142238855","GL873615","5164234","5164521","70","137074331"
"chr5","142816971","142817211","GL873527","27812855","27813090","75","115004116"
"chr5","143266872","143267153","GL873807","378787","379071","76","142888085"
"chr5","143454274","143454581","GL873532","29369734","29370037","70","114084540"
"chr5","143911714","143912010","GL873807","378787","379071","76","143532927"
"chr5","144082842","144083138","GL873532","29369734","29370037","79","114713108"
"chr5","144586019","144586239","GL873558","5090920","5091134","90","139495099"
"chr5","145007460","145007757","GL873533","16134333","16134623","82","128873127"
"chr5","145091286","145091584","GL873652","2538738","2539020","74","142552548"
"chr5","145381676","145381871","GL873530","11536409","11536598","63","133845267"
"chr5","145397748","145398029","GL873548","133851","134130","68","145263897"
"chr5","145606507","145606782","GL873561","14329867","14330129","75","131276640"
"chr5","145818354","145818423","GL873537","28066052","28066115","18","117752302"
"chr5","146822113","146822399","GL873569","5489766","5490051","73","141332347"
"chr5","146966402","146966691","GL873536","6183235","6183517","67","140783167"
"chr5","147074720","147074976","GL873526","11694917","11695169","68","135379803"
"chr5","148306295","148306573","GL873544","19151818","19152093","83","129154477"
"chr5","148417213","148417504","GL873532","29369734","29370037","80","119047479"
"chr5","148895371","148895672","GL873525","31608445","31608738","75","117286926"
"chr5","150216619","150216676","GL873540","20655639","20655704","23","129560980"
"chr5","150771533","150771803","GL873561","14329867","14330129","77","136441666"
"chr5","151318944","151319228","GL873558","11729886","11730160","75","139589058"
"chr5","152014474","152014773","GL873600","6358350","6358621","77","145656124"
"chr5","152023987","152024283","GL873525","31608445","31608738","74","120415542"
"chr5","152025332","152025438","GL873522","31557933","31558030","47","120467399"
"chr5","152993624","152993889","GL873526","11694917","11695169","75","141298707"
"chr5","153777558","153777859","GL873645","923581","923868","75","152853977"
"chr5","153803730","153803962","GL873538","4784269","4784514","77","149019461"
"chr5","153830533","153830816","GL873558","11729886","11730160","74","142100647"
"chr5","154041906","154042197","GL873533","16134333","16134623","70","137907573"
"chr5","154254969","154255187","GL873558","5090920","5091134","65","149164049"
"chr5","154337417","154337713","GL873807","378787","379071","74","153958630"
"chr5","154366992","154367295","GL873646","917757","918050","89","153449235"
"chr5","154407150","154407441","GL873536","6183235","6183517","71","148223915"
"chr5","156115912","156116118","GL873527","16690168","16690332","80","139425744"
"chr5","156182309","156182601","GL873533","16134333","16134623","67","140047976"
"chr5","157939542","157939785","GL873523","24830084","24830304","90","133109458"
"chr5","157946764","157947059","GL873602","5655744","5656017","74","152291020"
"chr5","158148322","158148614","GL873615","5164234","5164521","78","152984088"
"chr5","158212957","158213249","GL873526","22863004","22863298","78","135349953"
"chr5","158476996","158477061","GL873537","28066052","28066115","16","130410944"
"chr5","158546624","158546787","GL873573","561846","562000","50","157984778"
"chr5","158603281","158603572","GL873560","5671813","5672100","82","152931468"
"chr5","158604827","158605128","GL873523","21098831","21099120","80","137505996"
"chr5","158730488","158730763","GL873529","2737581","2737856","79","155992907"
"chr5","158744404","158744582","GL873608","3484994","3485156","67","155259410"
"chr5","158749543","158749844","GL873532","29369734","29370037","81","129379809"
"chr6","140902339","140902630","GL873645","923581","923868","78","139978758"
"chr6","42762","43058","GL873652","2538738","2539020","65","2495976"
"chr6","135371","135676","GL873712","758777","759067","68","623406"
"chr6","171012","171303","GL873615","5164234","5164521","75","4993222"
"chr6","254722","255009","GL873665","1381255","1381541","81","1126533"
"chr6","461537","461820","GL873531","15816402","15816670","70","15354865"
"chr6","1006844","1007111","GL873544","21012867","21013121","76","20006023"
"chr6","1057590","1057759","GL873573","561846","562000","52","495744"
"chr6","1094230","1094505","GL873531","15816402","15816670","78","14722172"
"chr6","1504596","1504886","GL873807","378787","379071","69","1125809"
"chr6","1529709","1529828","GL873525","6607619","6607730","35","5077910"
"chr6","2470132","2470264","GL873629","3057379","3057506","28","587247"
"chr6","2553320","2553616","GL873611","3341174","3341447","82","787854"
"chr6","2596529","2596829","GL873646","3489451","3489745","77","892922"
"chr6","2840681","2840744","GL873662","1216517","1216580","14","1624164"
"chr6","3891700","3891763","GL873537","28066052","28066115","12","24174352"
"chr6","3937819","3938122","GL873645","923581","923868","76","3014238"
"chr6","4045652","4045866","GL873525","32888135","32888322","78","28842483"
"chr6","4336363","4336645","GL873592","3504292","3504588","80","832071"
"chr6","4783181","4783337","GL873768","208772","208940","55","4574409"
"chr6","5245089","5245387","GL873652","2538738","2539020","79","2706351"
"chr6","5341735","5342018","GL873807","378787","379071","71","4962948"
"chr6","5631823","5632120","GL873807","378787","379071","70","5253036"
"chr6","5713130","5713434","GL873531","743580","743873","82","4969550"
"chr6","6366084","6366353","GL873607","5526364","5526636","75","839720"
"chr6","6485227","6485523","GL873548","15989743","15990030","69","9504516"
"chr6","6544902","6545187","GL873807","378787","379071","69","6166115"
"chr6","6668193","6668495","GL873807","378787","379071","85","6289406"
"chr6","7227671","7227965","GL873589","9310653","9310947","79","2082982"
"chr6","7562083","7562371","GL873807","378787","379071","78","7183296"
"chr6","7927261","7927558","GL873807","378787","379071","74","7548474"
"chr6","7978627","7978912","GL873615","5164234","5164521","73","2814393"
"chr6","8531677","8531956","GL873615","5164234","5164521","76","3367443"
"chr6","8629307","8629605","GL873532","29369734","29370037","80","20740427"
"chr6","8650056","8650359","GL873520","23993282","23993576","72","15343226"
"chr6","8666236","8666426","GL873731","1122838","1123027","50","7543398"
"chr6","9090169","9090234","GL873662","1216517","1216580","17","7873652"
"chr6","9234466","9234755","GL873652","2538738","2539020","72","6695728"
"chr6","9978284","9978580","GL873646","3489451","3489745","76","6488833"
"chr6","10303901","10304191","GL873533","16134333","16134623","76","5830432"
"chr6","10478876","10479189","GL873534","15455935","15456215","97","4977059"
"chr6","11085079","11085375","GL873526","22863004","22863298","86","11777925"
"chr6","11124772","11125048","GL873544","19151818","19152093","82","8027046"
"chr6","11225984","11226250","GL873534","15455935","15456215","82","4229951"
"chr6","11290811","11291100","GL873807","378787","379071","72","10912024"
"chr6","11694613","11694912","GL873545","12502931","12503218","83","808318"
"chr6","12188603","12188800","GL873552","11439967","11440139","70","748636"
"chr6","12449515","12449780","GL873671","1882360","1882615","68","10567155"
"chr6","12491800","12492107","GL873652","2538738","2539020","87","9953062"
"chr6","12583785","12584083","GL873567","1896908","1897190","82","10686877"
"chr6","12666597","12666750","GL873522","36553653","36553775","68","23887056"
"chr6","12929392","12929553","GL873573","561846","562000","50","12367546"
"chr6","12980918","12981141","GL873664","3452535","3452748","71","9528383"
"chr6","12982960","12983258","GL873525","31608445","31608738","79","18625485"
"chr6","12991436","12991739","GL873532","29369734","29370037","89","16378298"
"chr6","13165405","13165704","GL873652","2538738","2539020","77","10626667"
"chr6","13336966","13337158","GL873731","1122838","1123027","39","12214128"
"chr6","13507766","13507923","GL873608","3484994","3485156","56","10022772"
"chr6","13508547","13508669","GL873578","6246812","6246921","38","7261735"
"chr6","13593116","13593256","GL873603","2673070","2673193","43","10920046"
"chr6","13990936","13991221","GL873807","378787","379071","67","13612149"
"chr6","14178418","14178689","GL873551","4326719","4326966","74","9851699"
"chr6","14269365","14269629","GL873526","11694917","11695169","74","2574448"
"chr6","14336053","14336116","GL873537","28066052","28066115","13","13729999"
"chr6","14544833","14545120","GL873545","12502931","12503218","75","2041902"
"chr6","14648423","14648721","GL873589","9310653","9310947","80","5337770"
"chr6","14650533","14650744","GL873731","1140299","1140488","62","13510234"
"chr6","14759530","14759745","GL873645","4984041","4984262","59","9775489"
"chr6","14809446","14809748","GL873615","2242583","2242882","78","12566863"
"chr6","15443411","15443693","GL873531","15816402","15816670","77","372991"
"chr6","15510749","15511060","GL873639","638719","639018","82","14872030"
"chr6","16030652","16030935","GL873615","2242583","2242882","77","13788069"
"chr6","16638313","16638616","GL873531","743580","743873","73","15894733"
"chr6","16660189","16660484","GL873635","3143338","3143625","74","13516851"
"chr6","17149265","17149565","GL873532","29369734","29370037","82","12220469"
"chr6","17390551","17390852","GL873712","758777","759067","78","16631774"
"chr6","17399153","17399454","GL873712","758777","759067","78","16640376"
"chr6","17834167","17834466","GL873522","6932627","6932928","83","10901540"
"chr6","17844031","17844332","GL873807","378787","379071","80","17465244"
"chr6","17981126","17981420","GL873545","12502931","12503218","77","5478195"
"chr6","18134596","18134840","GL873598","6925865","6926121","84","11208731"
"chr6","18184535","18184827","GL873807","378787","379071","70","17805748"
"chr6","18344086","18344356","GL873561","14329867","14330129","75","4014219"
"chr6","18650323","18650412","GL873799","235420","235499","28","18414903"
"chr6","19210332","19210626","GL873529","2737581","2737856","77","16472751"
"chr6","19351876","19352169","GL873592","3504292","3504588","76","15847584"
"chr6","20156735","20157015","GL873635","3143338","3143625","73","17013397"
"chr6","20410424","20410718","GL873652","2538738","2539020","69","17871686"
"chr6","21453884","21454144","GL873533","9671302","9671560","89","11782582"
"chr6","21551025","21551317","GL873526","17185395","17185660","88","4365630"
"chr6","22097492","22097782","GL873807","378787","379071","72","21718705"
"chr6","22302352","22302401","GL873585","1653672","1653707","19","20648680"
"chr6","22302402","22302657","GL873671","1882360","1882615","74","20420042"
"chr6","22350939","22351221","GL873529","2737581","2737856","73","19613358"
"chr6","22857520","22857803","GL873535","29467371","29467653","82","6609851"
"chr6","22866213","22866497","GL873645","923581","923868","77","21942632"
"chr6","23685602","23685887","GL873615","5164234","5164521","71","18521368"
"chr6","23911709","23912007","GL873645","923581","923868","77","22988128"
"chr6","24966932","24967202","GL873561","14329867","14330129","82","10637065"
"chr6","25542511","25542804","GL873549","4931506","4931790","80","20611005"
"chr6","26020644","26020937","GL873711","600516","600812","79","25420128"
"chr6","26058288","26058568","GL873545","12502931","12503218","75","13555357"
"chr6","26204653","26204934","GL873807","378787","379071","69","25825866"
"chr6","26630235","26630358","GL873529","9635583","9635702","55","16994652"
"chr6","26632894","26633017","GL873529","9635583","9635702","55","16997311"
"chr6","26881307","26881611","GL873530","8252980","8253273","78","18628327"
"chr6","26895682","26895976","GL873807","378787","379071","80","26516895"
"chr6","28160718","28160991","GL873526","39377313","39377594","85","11216595"
"chr6","28690054","28690307","GL873533","9671302","9671560","66","19018752"
"chr6","29142528","29142816","GL873807","378787","379071","82","28763741"
"chr6","29443927","29444187","GL873700","784432","784686","72","28659495"
"chr6","29510561","29510848","GL873807","378787","379071","68","29131774"
"chr6","30950155","30950311","GL873814","114306","114462","47","30835849"
"chr6","30992912","30993010","GL873581","8343445","8343516","45","22649467"
"chr6","31024547","31024794","GL873564","8111869","8112128","76","22912678"
"chr6","31045482","31045777","GL873807","378787","379071","79","30666695"
"chr6","31086007","31086293","GL873807","378787","379071","79","30707220"
"chr6","31372941","31373011","GL873524","40199622","40199689","19","8826681"
"chr6","31401154","31401363","GL873538","2103378","2103585","59","29297776"
"chr6","31449273","31449566","GL873536","6183235","6183517","77","25266038"
"chr6","32131367","32131668","GL873532","29369734","29370037","77","2761633"
"chr6","32151511","32151806","GL873633","6680180","6680479","76","25471331"
"chr6","32176337","32176633","GL873529","2737581","2737856","82","29438756"
"chr6","32178023","32178329","GL873532","29369734","29370037","77","2808289"
"chr6","32521383","32521668","GL873536","6183235","6183517","78","26338148"
"chr6","32596888","32597199","GL873633","6680180","6680479","79","25916708"
"chr6","36611571","36611742","GL873573","561846","562000","55","36049725"
"chr6","37292685","37292965","GL873527","33196263","33196548","78","4096422"
"chr6","38302556","38302857","GL873807","378787","379071","81","37923769"
"chr6","38580070","38580350","GL873719","2249405","2249681","78","36330665"
"chr6","38633627","38633918","GL873529","2737581","2737856","75","35896046"
"chr6","39486116","39486414","GL873548","133851","134130","81","39352265"
"chr6","39820592","39820717","GL873520","2151025","2151139","48","37669567"
"chr6","40340569","40340831","GL873538","4784269","4784514","79","35556300"
"chr6","40428519","40428815","GL873589","9310653","9310947","75","31117866"
"chr6","40556285","40556551","GL873564","8111869","8112128","77","32444416"
"chr6","41025219","41025499","GL873544","19151818","19152093","75","21873401"
"chr6","41110087","41110370","GL873520","70969998","70970267","86","29859911"
"chr6","41915210","41915511","GL873532","29369734","29370037","88","12545476"
"chr6","42109908","42110165","GL873538","4784269","4784514","73","37325639"
"chr6","42337403","42337708","GL873633","6680180","6680479","77","35657223"
"chr6","42555460","42555541","GL873780","151869","151943","24","42403591"
"chr6","42559743","42560024","GL873807","378787","379071","78","42180956"
"chr6","43902991","43903266","GL873526","17185395","17185660","82","26717596"
"chr6","43989806","43990096","GL873532","29369734","29370037","76","14620072"
"chr6","44176477","44176797","GL873584","10767629","10767932","89","33408848"
"chr6","44299419","44299707","GL873615","5164234","5164521","73","39135185"
"chr6","44309305","44309488","GL873525","32888135","32888322","65","11421170"
"chr6","44517986","44518287","GL873531","11880361","11880661","88","32637625"
"chr6","44880279","44880571","GL873531","11880361","11880661","73","32999918"
"chr6","45158474","45158586","GL873520","2151025","2151139","57","43007449"
"chr6","45333091","45333388","GL873712","758777","759067","81","44574314"
"chr6","45369983","45370296","GL873589","9310653","9310947","80","36059330"
"chr6","45683096","45683162","GL873662","1216517","1216580","14","44466579"
"chr6","45685648","45685948","GL873531","743580","743873","79","44942068"
"chr6","46178394","46178692","GL873592","3504292","3504588","78","42674102"
"chr6","46631942","46632235","GL873520","20611705","20612004","74","26020237"
"chr6","47040999","47041290","GL873583","5217241","5217516","82","41823758"
"chr6","47161638","47161941","GL873532","29369734","29370037","78","17791904"
"chr6","47486444","47486740","GL873557","10602774","10603071","75","36883670"
"chr6","47615647","47615940","GL873646","3489451","3489745","69","44126196"
"chr6","47687369","47687664","GL873532","29369734","29370037","75","18317635"
"chr6","47856489","47856780","GL873635","3143338","3143625","73","44713151"
"chr6","47861480","47861796","GL873525","31608445","31608738","83","16253035"
"chr6","48275449","48275765","GL873526","17185395","17185660","97","31090054"
"chr6","48812188","48812439","GL873585","10753608","10753875","81","38058580"
"chr6","48997670","48997979","GL873531","743580","743873","86","48254090"
"chr6","49008151","49008441","GL873652","2538738","2539020","79","46469413"
"chr6","49245863","49246158","GL873635","3143338","3143625","71","46102525"
"chr6","49369700","49369986","GL873635","3143338","3143625","78","46226362"
"chr6","49743379","49743674","GL873652","2538738","2539020","70","47204641"
"chr6","50453007","50453310","GL873615","5164234","5164521","87","45288773"
"chr6","52403041","52403234","GL873530","11536409","11536598","55","40866632"
"chr6","52533418","52533715","GL873652","2538738","2539020","70","49994680"
"chr6","54689725","54690020","GL873635","3143338","3143625","78","51546387"
"chr6","55405329","55405612","GL873585","115904","116160","107","55289425"
"chr6","55405743","55406040","GL873589","9310653","9310947","75","46095090"
"chr6","55845774","55846075","GL873615","2242583","2242882","78","53603191"
"chr6","57454674","57454948","GL873524","33453308","33453594","77","24001366"
"chr6","57595374","57595686","GL873532","29369734","29370037","75","28225640"
"chr6","58542095","58542340","GL873731","1624838","1625067","79","56917257"
"chr6","58822940","58823244","GL873567","12148816","12149129","79","46674124"
"chr6","59328695","59328984","GL873635","3143338","3143625","79","56185357"
"chr6","59557211","59557477","GL873538","4784269","4784514","72","54772942"
"chr6","59975148","59975424","GL873526","17185395","17185660","82","42789753"
"chr6","60278859","60278983","GL873578","6246812","6246921","41","54032047"
"chr6","61133348","61133656","GL873639","638719","639018","78","60494629"
"chr6","61156959","61157032","GL873662","1216517","1216580","21","59940442"
"chr6","62488461","62488765","GL873615","2242583","2242882","83","60245878"
"chr6","62532012","62532293","GL873533","9671302","9671560","71","52860710"
"chr6","62798528","62798833","GL873712","758777","759067","75","62039751"
"chr6","63355480","63355776","GL873652","2538738","2539020","74","60816742"
"chr6","63436982","63437273","GL873531","743580","743873","86","62693402"
"chr6","64143933","64144244","GL873645","923581","923868","79","63220352"
"chr6","64207641","64207899","GL873538","4784269","4784514","87","59423372"
"chr6","64378058","64378290","GL873664","3452535","3452748","73","60925523"
"chr6","64938030","64938317","GL873807","378787","379071","76","64559243"
"chr6","65498038","65498334","GL873553","1912528","1912825","83","63585510"
"chr6","66323631","66323920","GL873635","3143338","3143625","77","63180293"
"chr6","67245697","67245991","GL873615","5164234","5164521","73","62081463"
"chr6","67328051","67328348","GL873545","12502931","12503218","75","54825120"
"chr6","67349235","67349560","GL873530","8252980","8253273","91","59096255"
"chr6","67542011","67542299","GL873572","5333658","5333936","78","62208353"
"chr6","67971284","67971584","GL873530","8252980","8253273","79","59718304"
"chr6","67981475","67981767","GL873652","2538738","2539020","73","65442737"
"chr6","68126669","68126967","GL873592","3504292","3504588","83","64622377"
"chr6","68916757","68917062","GL873530","8252980","8253273","87","60663777"
"chr6","69518451","69518598","GL873629","3057379","3057506","46","66461072"
"chr6","70398990","70399220","GL873523","24830084","24830304","60","45568906"
"chr6","70718191","70718494","GL873639","638719","639018","82","70079472"
"chr6","70735418","70735673","GL873538","4784269","4784514","77","65951149"
"chr6","70790388","70790679","GL873807","378787","379071","67","70411601"
"chr6","71276106","71276392","GL873807","378787","379071","73","70897319"
"chr6","71332576","71332887","GL873532","29369734","29370037","85","41962842"
"chr6","71366171","71366449","GL873526","17185395","17185660","81","54180776"
"chr6","71807731","71807994","GL873526","11694917","11695169","70","60112814"
"chr6","72596327","72596635","GL873615","2242583","2242882","75","70353744"
"chr6","73042363","73042502","GL873538","24528568","24528730","51","48513795"
"chr6","73148800","73149070","GL873544","19151818","19152093","78","53996982"
"chr6","73256981","73257277","GL873532","29369734","29370037","75","43887247"
"chr6","74025052","74025339","GL873592","3504292","3504588","77","70520760"
"chr6","74490434","74490718","GL873807","378787","379071","87","74111647"
"chr6","76314104","76314402","GL873545","12502931","12503218","79","63811173"
"chr6","76477150","76477433","GL873807","378787","379071","72","76098363"
"chr6","76790190","76790299","GL873525","6607619","6607730","33","70182571"
"chr6","78396056","78396322","GL873526","11694917","11695169","84","66701139"
"chr6","78413955","78414237","GL873605","211678","211971","84","78202277"
"chr6","79022663","79022963","GL873645","923581","923868","82","78099082"
"chr6","80396435","80396582","GL873522","36553653","36553775","66","43842782"
"chr6","81372453","81372726","GL873807","378787","379071","74","80993666"
"chr6","81584020","81584337","GL873530","8252980","8253273","94","73331040"
"chr6","81775270","81775579","GL873633","6680180","6680479","82","75095090"
"chr6","81914324","81914623","GL873652","2538738","2539020","79","79375586"
"chr6","82094801","82095077","GL873548","133851","134130","74","81960950"
"chr6","82638052","82638354","GL873548","15989743","15990030","75","66648309"
"chr6","83970337","83970496","GL873536","10089167","10089339","52","73881170"
"chr6","84591994","84592273","GL873712","758777","759067","89","83833217"
"chr6","84758771","84759002","GL873645","4984041","4984262","64","79774730"
"chr6","84862882","84863184","GL873712","758777","759067","76","84104105"
"chr6","84932030","84932330","GL873545","12502931","12503218","74","72429099"
"chr6","87510547","87510850","GL873639","638719","639018","77","86871828"
"chr6","87616623","87616697","GL873678","675254","675318","31","86941369"
"chr6","87854508","87854780","GL873524","11986341","11986618","72","75868167"
"chr6","87910835","87911126","GL873807","378787","379071","69","87532048"
"chr6","88202746","88203029","GL873533","16134333","16134623","77","72068413"
"chr6","88512775","88513080","GL873639","638719","639018","75","87874056"
"chr6","88553578","88553868","GL873615","5164234","5164521","82","83389344"
"chr6","89141966","89142264","GL873530","8252980","8253273","78","80888986"
"chr6","90936658","90936949","GL873531","743580","743873","88","90193078"
"chr6","91024405","91024688","GL873635","3143338","3143625","79","87881067"
"chr6","92187330","92187621","GL873645","923581","923868","79","91263749"
"chr6","92247428","92247710","GL873526","17185395","17185660","75","75062033"
"chr6","94075629","94075945","GL873712","758777","759067","81","93316852"
"chr6","94180753","94181057","GL873532","29369734","29370037","74","64811019"
"chr6","94213022","94213279","GL873540","8735863","8736130","94","85477159"
"chr6","94768522","94768795","GL873615","5164234","5164521","76","89604288"
"chr6","95272124","95272322","GL873731","1122838","1123027","52","94149286"
"chr6","95738436","95738709","GL873526","11694917","11695169","79","84043519"
"chr6","95834515","95834672","GL873610","7088038","7088189","46","88746477"
"chr6","96010426","96010677","GL873526","17185395","17185660","78","78825031"
"chr6","96328207","96328501","GL873592","3504292","3504588","78","92823915"
"chr6","97318767","97319058","GL873525","31608445","31608738","89","65710322"
"chr6","97634377","97634757","GL873611","3648898","3649188","153","93985479"
"chr6","99884633","99884927","GL873807","378787","379071","69","99505846"
"chr6","99944527","99944823","GL873807","378787","379071","77","99565740"
"chr6","101304991","101305185","GL873553","15802799","15802981","74","85502192"
"chr6","101777933","101778110","GL873728","590192","590366","53","101187741"
"chr6","104175459","104175739","GL873531","15816402","15816670","93","88359057"
"chr6","104507650","104507961","GL873533","30408285","30408583","88","74099365"
"chr6","105925593","105925874","GL873558","11729886","11730160","82","94195707"
"chr6","106044542","106044831","GL873645","923581","923868","77","105120961"
"chr6","106594279","106594586","GL873807","378787","379071","93","106215492"
"chr6","108714851","108714921","GL873524","40199622","40199689","19","68515229"
"chr6","108886988","108887247","GL873534","15455935","15456215","93","93431053"
"chr6","109296530","109296843","GL873615","2242583","2242882","84","107053947"
"chr6","110890837","110891125","GL873533","16134333","16134623","64","94756504"
"chr6","110993789","110994063","GL873533","9671302","9671560","76","101322487"
"chr6","112379967","112380262","GL873712","758777","759067","74","111621190"
"chr6","112644740","112645029","GL873807","378787","379071","69","112265953"
"chr6","112648910","112649212","GL873532","29369734","29370037","84","83279176"
"chr6","112893951","112894251","GL873645","923581","923868","84","111970370"
"chr6","113215812","113216094","GL873531","15816402","15816670","76","97399410"
"chr6","114068421","114068725","GL873532","29369734","29370037","86","84698687"
"chr6","114294409","114294604","GL873576","10845861","10846063","53","103448548"
"chr6","114796197","114796495","GL873615","2242583","2242882","82","112553614"
"chr6","116443288","116443586","GL873623","7055444","7055732","78","109387844"
"chr6","116650962","116651253","GL873652","2538738","2539020","78","114112224"
"chr6","116761702","116762003","GL873652","2538738","2539020","80","114222964"
"chr6","117065771","117066057","GL873807","378787","379071","75","116686984"
"chr6","117432590","117432807","GL873731","1122838","1123027","65","116309752"
"chr6","117544962","117545221","GL873671","1882360","1882615","76","115662602"
"chr6","117562481","117562782","GL873542","9537125","9537397","89","108025356"
"chr6","117588002","117588273","GL873531","15816402","15816670","77","101771600"
"chr6","117673282","117673586","GL873615","2242583","2242882","74","115430699"
"chr6","117853498","117853647","GL873738","275156","275308","54","117578342"
"chr6","117856020","117856320","GL873652","2538738","2539020","75","115317282"
"chr6","117874778","117875073","GL873652","2538738","2539020","79","115336040"
"chr6","117950652","117950958","GL873615","2242583","2242882","91","115708069"
"chr6","117994234","117994510","GL873561","14329867","14330129","71","103664367"
"chr6","118095074","118095365","GL873560","5671813","5672100","84","112423261"
"chr6","118098568","118098878","GL873633","6680180","6680479","83","111418388"
"chr6","118107180","118107478","GL873807","378787","379071","77","117728393"
"chr6","118210046","118210317","GL873561","14329867","14330129","79","103880179"
"chr6","118364705","118364979","GL873536","6183235","6183517","86","112181470"
"chr6","118583974","118584262","GL873545","12502931","12503218","72","106081043"
"chr6","118594319","118594418","GL873529","9635583","9635702","39","108958736"
"chr6","118613170","118613300","GL873563","6278566","6278672","54","112334604"
"chr6","118613297","118613405","GL873577","6370827","6370932","32","112242470"
"chr6","119038728","119038941","GL873533","28073656","28073870","68","90965072"
"chr6","119062987","119063263","GL873544","21012867","21013121","72","98050120"
"chr6","119096067","119096362","GL873639","638719","639018","76","118457348"
"chr6","119171436","119171589","GL873610","7088038","7088189","48","112083398"
"chr6","119384847","119385144","GL873807","378787","379071","84","119006060"
"chr6","119386258","119386543","GL873807","378787","379071","68","119007471"
"chr6","119464071","119464367","GL873807","378787","379071","75","119085284"
"chr6","119569517","119569812","GL873545","12502931","12503218","65","107066586"
"chr6","119574510","119574809","GL873712","758777","759067","80","118815733"
"chr6","119947139","119947442","GL873633","6680180","6680479","83","113266959"
"chr6","120192161","120192426","GL873538","4784269","4784514","83","115407892"
"chr6","120264426","120264721","GL873646","3489451","3489745","73","116774975"
"chr6","120419958","120420260","GL873645","923581","923868","78","119496377"
"chr6","120896973","120897204","GL873538","4784269","4784514","80","116112704"
"chr6","121188613","121188881","GL873671","1882360","1882615","79","119306253"
"chr6","121305463","121305770","GL873531","743580","743873","79","120561883"
"chr6","121924017","121924318","GL873639","638719","639018","73","121285298"
"chr6","121932837","121933111","GL873538","4784269","4784514","77","117148568"
"chr6","122070807","122071099","GL873525","8545888","8546164","83","113524919"
"chr6","122110993","122111126","GL873629","3057379","3057506","34","119053614"
"chr6","122234366","122234566","GL873525","32888135","32888322","63","89346231"
"chr6","122502095","122502374","GL873807","378787","379071","77","122123308"
"chr6","122578318","122578609","GL873807","378787","379071","72","122199531"
"chr6","122757794","122758098","GL873652","2538738","2539020","84","120219056"
"chr6","123528298","123528570","GL873525","43871699","43871974","81","79656599"
"chr6","123594228","123594508","GL873529","2737581","2737856","78","120856647"
"chr6","123741097","123741391","GL873536","6183235","6183517","76","117557862"
"chr6","123828973","123829270","GL873615","5164234","5164521","73","118664739"
"chr6","125208125","125208418","GL873712","758777","759067","77","124449348"
"chr6","125238134","125238438","GL873635","3143338","3143625","73","122094796"
"chr6","125334206","125334508","GL873520","23993282","23993576","79","101340924"
"chr6","125505407","125505687","GL873530","8252980","8253273","84","117252427"
"chr6","128007134","128007423","GL873807","378787","379071","75","127628347"
"chr6","128378965","128379230","GL873585","10753608","10753875","82","117625357"
"chr6","129390726","129391037","GL873531","743580","743873","86","128647146"
"chr6","129391238","129391547","GL873645","923581","923868","79","128467657"
"chr6","129606338","129606623","GL873533","16134333","16134623","76","113472005"
"chr6","130027392","130027670","GL873807","378787","379071","85","129648605"
"chr6","130785701","130785752","GL873647","3251123","3251165","24","127534578"
"chr6","130950635","130950928","GL873592","3504292","3504588","82","127446343"
"chr6","131182081","131182304","GL873523","24830084","24830304","67","106351997"
"chr6","131285019","131285306","GL873533","16134333","16134623","72","115150686"
"chr6","131424420","131424687","GL873526","11694917","11695169","72","119729503"
"chr6","131843091","131843288","GL873731","1122838","1123027","52","130720253"
"chr6","131977563","131977880","GL873532","29369734","29370037","86","102607829"
"chr6","132849468","132849772","GL873633","6680180","6680479","75","126169288"
"chr6","132901068","132901365","GL873592","3504292","3504588","71","129396776"
"chr6","133714176","133714454","GL873531","15816402","15816670","77","117897774"
"chr6","133782542","133782780","GL873523","24830084","24830304","64","108952458"
"chr6","133867817","133867935","GL873629","3057379","3057506","38","130810438"
"chr6","133977753","133978050","GL873532","29369734","29370037","71","104608019"
"chr6","134746633","134746898","GL873531","15816402","15816670","79","118930231"
"chr6","134749071","134749360","GL873531","743580","743873","80","134005491"
"chr6","134785449","134785565","GL873520","2151025","2151139","58","132634424"
"chr6","134996830","134997123","GL873807","378787","379071","75","134618043"
"chr6","135045802","135045880","GL873780","151869","151943","20","134893933"
"chr6","135104356","135104642","GL873635","3143338","3143625","65","131961018"
"chr6","135148884","135149028","GL873610","7088038","7088189","57","128060846"
"chr6","135149528","135149659","GL873548","16247733","16247866","40","118901795"
"chr6","135187937","135188212","GL873602","1717997","1718263","83","133469940"
"chr6","135268180","135268470","GL873807","378787","379071","68","134889393"
"chr6","135284151","135284448","GL873712","758777","759067","78","134525374"
"chr6","135323433","135323692","GL873564","8111869","8112128","78","127211564"
"chr6","135559232","135559495","GL873526","17185395","17185660","68","118373837"
"chr6","135662811","135663102","GL873807","378787","379071","69","135284024"
"chr6","135680261","135680533","GL873585","115904","116160","80","135564357"
"chr6","136037500","136037765","GL873536","8238390","8238645","85","127799110"
"chr6","136040541","136040830","GL873531","743580","743873","82","135296961"
"chr6","137094877","137095176","GL873548","15989743","15990030","73","121105134"
"chr6","137424746","137425042","GL873807","378787","379071","78","137045959"
"chr6","137700974","137701275","GL873527","33196263","33196548","89","104504711"
"chr6","137961432","137961550","GL873629","3057379","3057506","44","134904053"
"chr6","139223785","139224074","GL873807","378787","379071","65","138844998"
"chr6","139541021","139541321","GL873623","7055444","7055732","76","132485577"
"chr6","139611433","139611732","GL873615","2242583","2242882","70","137368850"
"chr6","139895779","139896072","GL873529","2737581","2737856","82","137158198"
"chr6","140196094","140196382","GL873807","378787","379071","59","139817307"
"chr6","140396087","140396375","GL873807","378787","379071","69","140017300"
"chr6","140400959","140401096","GL873629","3057379","3057506","33","137343580"
"chr6","140433565","140433868","GL873807","378787","379071","75","140054778"
"chr6","140491622","140491913","GL873635","3143338","3143625","76","137348284"
"chr6","140494692","140494958","GL873615","5164234","5164521","89","135330458"
"chr6","140505123","140505419","GL873807","378787","379071","70","140126336"
"chr6","141235491","141235799","GL873531","743580","743873","79","140491911"
"chr6","141411794","141411916","GL873525","6607619","6607730","30","134804175"
"chr6","141447390","141447630","GL873786","1119085","1119310","66","140328305"
"chr6","141484787","141485098","GL873531","743580","743873","77","140741207"
"chr6","141994592","141994884","GL873548","18432867","18433143","81","123561725"
"chr6","142059026","142059336","GL873532","29369734","29370037","89","112689292"
"chr6","142527952","142528257","GL873639","638719","639018","79","141889233"
"chr6","142952949","142953241","GL873807","378787","379071","71","142574162"
"chr6","142976231","142976527","GL873592","3504292","3504588","85","139471939"
"chr6","143246948","143247246","GL873545","12502931","12503218","70","130744017"
"chr6","144173867","144174141","GL873531","15816402","15816670","76","128357465"
"chr6","144359729","144360021","GL873807","378787","379071","64","143980942"
"chr6","144958314","144958578","GL873671","1882360","1882615","70","143075954"
"chr6","145253823","145254115","GL873605","211678","211971","77","145042145"
"chr6","145258235","145258536","GL873520","20611705","20612004","81","124646530"
"chr6","145419209","145419496","GL873533","16134333","16134623","76","129284876"
"chr6","146193729","146193809","GL873780","151869","151943","25","146041860"
"chr6","146353511","146353710","GL873540","6313666","6313849","56","140039845"
"chr6","146420266","146420539","GL873520","70969998","70970267","78","75450268"
"chr6","146878226","146878387","GL873573","561846","562000","41","146316380"
"chr6","147210652","147210939","GL873807","378787","379071","76","146831865"
"chr6","147286008","147286252","GL873541","9631527","9631750","73","137654481"
"chr6","147306352","147306649","GL873645","923581","923868","74","146382771"
"chr6","147762020","147762321","GL873532","29369734","29370037","75","118392286"
"chr6","147998430","147998716","GL873652","2538738","2539020","81","145459692"
"chr6","148036848","148036991","GL873603","2673070","2673193","53","145363778"
"chr6","148119708","148120015","GL873645","923581","923868","85","147196127"
"chr6","148299313","148299523","GL873645","4984041","4984262","59","143315272"
"chr6","148867546","148867711","GL873608","3484994","3485156","52","145382552"
"chr6","149056006","149056300","GL873592","3504292","3504588","80","145551714"
"chr6","149560865","149561170","GL873615","2242583","2242882","76","147318282"
"chr6","150642294","150642596","GL873520","23993282","23993576","79","126649012"
"chr6","150706413","150706696","GL873564","8111869","8112128","85","142594544"
"chr6","150802121","150802423","GL873807","378787","379071","75","150423334"
"chr6","150802717","150802790","GL873526","6493783","6493858","23","144308934"
"chr6","151172251","151172535","GL873807","378787","379071","79","150793464"
"chr6","151402234","151402300","GL873662","1216517","1216580","13","150185717"
"chr6","151538595","151538878","GL873807","378787","379071","64","151159808"
"chr6","151742639","151742937","GL873592","3504292","3504588","75","148238347"
"chr6","152444861","152445160","GL873592","3504292","3504588","71","148940569"
"chr6","152589380","152589673","GL873807","378787","379071","70","152210593"
"chr6","153331625","153331922","GL873532","29369734","29370037","78","123961891"
"chr6","153611068","153611307","GL873585","10753608","10753875","82","142857460"
"chr6","153621154","153621445","GL873807","378787","379071","70","153242367"
"chr6","153718633","153718909","GL873520","70969998","70970267","71","82748635"
"chr6","153857297","153857611","GL873531","743580","743873","84","153113717"
"chr6","154596068","154596232","GL873608","3484994","3485156","50","151111074"
"chr6","154949748","154950043","GL873807","378787","379071","74","154570961"
"chr6","154958835","154958902","GL873662","1216517","1216580","14","153742318"
"chr6","155142510","155142795","GL873807","378787","379071","58","154763723"
"chr6","155258416","155258706","GL873545","12502931","12503218","81","142755485"
"chr6","158004674","158004859","GL873640","4602583","4602770","49","153402091"
"chr6","158095668","158095965","GL873531","743580","743873","82","157352088"
"chr6","158126344","158126633","GL873532","29369734","29370037","83","128756610"
"chr6","158177411","158177712","GL873530","8252980","8253273","78","149924431"
"chr6","158215361","158215621","GL873531","15816402","15816670","75","142398959"
"chr7","204960","205262","GL873520","20611705","20612004","76","20406745"
"chr7","1350487","1350635","GL873538","24528568","24528730","56","23178081"
"chr7","1538673","1538947","GL873525","43871699","43871974","77","42333026"
"chr7","1845163","1845421","GL873538","4784269","4784514","82","2939106"
"chr7","1874998","1875261","GL873585","115904","116160","73","1759094"
"chr7","2260844","2261151","GL873542","10979292","10979605","85","8718448"
"chr7","2340099","2340381","GL873558","11729886","11730160","78","9389787"
"chr7","4076889","4077171","GL873645","923581","923868","76","3153308"
"chr7","4338912","4339202","GL873592","3504292","3504588","72","834620"
"chr7","4377104","4377385","GL873807","378787","379071","68","3998317"
"chr7","4382256","4382553","GL873520","20611705","20612004","79","16229449"
"chr7","4453821","4454128","GL873712","758777","759067","68","3695044"
"chr7","4511319","4511609","GL873525","43871699","43871974","76","39360380"
"chr7","4684726","4685054","GL873567","12148816","12149129","97","7464090"
"chr7","5054403","5054694","GL873807","378787","379071","76","4675616"
"chr7","5699806","5700121","GL873639","638719","639018","83","5061087"
"chr7","5783601","5783661","GL873537","28066052","28066115","16","22282451"
"chr7","5783661","5783712","GL873662","1216517","1216580","22","4567144"
"chr7","5786934","5787212","GL873807","378787","379071","76","5408147"
"chr7","5941673","5941750","GL873799","235420","235499","22","5706253"
"chr7","6446432","6446746","GL873537","28253996","28254310","98","21807564"
"chr7","6598603","6598828","GL873786","1119085","1119310","62","5479518"
"chr7","6599041","6599132","GL873799","235420","235499","28","6363621"
"chr7","6613978","6614226","GL873544","21012867","21013121","70","14398889"
"chr7","7390100","7390374","GL873525","43871699","43871974","84","36481599"
"chr7","7626378","7626671","GL873605","211678","211971","80","7414700"
"chr7","8530420","8530700","GL873807","378787","379071","76","8151633"
"chr7","8805548","8805840","GL873592","3504292","3504588","84","5301256"
"chr7","9104701","9105007","GL873527","33196263","33196548","87","24091562"
"chr7","9190301","9190590","GL873615","5164234","5164521","75","4026067"
"chr7","9198445","9198739","GL873807","378787","379071","65","8819658"
"chr7","10006985","10007235","GL873772","558391","558592","102","9448594"
"chr7","10061628","10061918","GL873589","9310653","9310947","76","750975"
"chr7","10293545","10293765","GL873558","5090920","5091134","71","5202625"
"chr7","10310208","10310511","GL873531","743580","743873","80","9566628"
"chr7","10429319","10429604","GL873635","3143338","3143625","79","7285981"
"chr7","11000378","11000679","GL873615","2242583","2242882","77","8757795"
"chr7","11069610","11069943","GL873615","2242583","2242882","101","8827027"
"chr7","11244729","11244857","GL873629","3057379","3057506","30","8187350"
"chr7","11355851","11356136","GL873531","15816402","15816670","75","4460551"
"chr7","11388561","11388832","GL873531","15816402","15816670","73","4427841"
"chr7","11458917","11459014","GL873677","3241750","3241856","39","8217167"
"chr7","11791588","11791886","GL873527","33196263","33196548","79","21404675"
"chr7","11803474","11803763","GL873567","12071888","12072144","88","268414"
"chr7","12299420","12299621","GL873539","472215","472416","54","11827205"
"chr7","12316567","12316856","GL873615","5164234","5164521","77","7152333"
"chr7","12358107","12358410","GL873532","29369734","29370037","75","17011627"
"chr7","12441653","12441951","GL873615","5164234","5164521","77","7277419"
"chr7","12649656","12649952","GL873807","378787","379071","80","12270869"
"chr7","12795737","12796023","GL873531","15816402","15816670","81","3020665"
"chr7","12879178","12879476","GL873532","29369734","29370037","77","16490556"
"chr7","13133514","13133790","GL873807","378787","379071","69","12754727"
"chr7","13140558","13140859","GL873639","638719","639018","80","12501839"
"chr7","14178374","14178657","GL873549","4931506","4931790","84","9246868"
"chr7","15116206","15116517","GL873615","2242583","2242882","81","12873623"
"chr7","15422327","15422631","GL873531","743580","743873","73","14678747"
"chr7","15549555","15549749","GL873731","1122838","1123027","46","14426717"
"chr7","15550036","15550091","GL873653","3498676","3498727","26","12051360"
"chr7","15571197","15571489","GL873615","5164234","5164521","74","10406963"
"chr7","15647162","15647456","GL873671","4340632","4340927","82","11306530"
"chr7","15672983","15673095","GL873525","6607619","6607730","37","9065364"
"chr7","15680270","15680568","GL873645","923581","923868","73","14756689"
"chr7","15885520","15885792","GL873637","4322064","4322316","81","11563456"
"chr7","16117612","16117910","GL873652","2538738","2539020","79","13578874"
"chr7","16302855","16303144","GL873527","33196263","33196548","78","16893408"
"chr7","16325724","16326031","GL873538","12351987","12352285","80","3973737"
"chr7","16494761","16495026","GL873544","21012867","21013121","74","4518106"
"chr7","17502884","17503161","GL873531","15816402","15816670","81","1686482"
"chr7","17656353","17656641","GL873535","29467371","29467653","73","11811018"
"chr7","18961551","18961839","GL873615","5164234","5164521","84","13797317"
"chr7","18998876","18999034","GL873587","2344327","2344496","50","16654549"
"chr7","18999691","18999828","GL873629","3057379","3057506","41","15942312"
"chr7","19070292","19070571","GL873807","378787","379071","71","18691505"
"chr7","19134537","19134825","GL873527","33196263","33196548","83","14061726"
"chr7","19197188","19197441","GL873786","1119085","1119310","86","18078103"
"chr7","19241131","19241432","GL873531","11880361","11880661","78","7360770"
"chr7","19290333","19290608","GL873520","70969998","70970267","79","51679665"
"chr7","19793170","19793479","GL873645","923581","923868","88","18869589"
"chr7","20005361","20005658","GL873545","12502931","12503218","83","7502430"
"chr7","20145075","20145241","GL873768","208772","208940","41","19936303"
"chr7","20351954","20352265","GL873531","11880361","11880661","106","8471593"
"chr7","20458517","20458811","GL873807","378787","379071","66","20079730"
"chr7","20665886","20666183","GL873554","5336457","5336753","78","15329429"
"chr7","20673248","20673554","GL873531","743580","743873","86","19929668"
"chr7","22402926","22403215","GL873615","2242583","2242882","84","20160343"
"chr7","22623704","22623871","GL873814","114306","114462","46","22509398"
"chr7","22696982","22697186","GL873520","68825999","68826185","62","46129017"
"chr7","23187036","23187190","GL873610","7088038","7088189","50","16098998"
"chr7","24329970","24330271","GL873633","6680180","6680479","87","17649790"
"chr7","24458212","24458371","GL873610","7088038","7088189","41","17370174"
"chr7","24471792","24472124","GL873537","28253996","28254310","102","3782204"
"chr7","24521765","24521944","GL873526","16210494","16210659","55","8311271"
"chr7","24662767","24663054","GL873807","378787","379071","71","24283980"
"chr7","24682379","24682666","GL873807","378787","379071","66","24303592"
"chr7","25862296","25862542","GL873523","24830084","24830304","74","1032212"
"chr7","26011413","26011701","GL873615","5164234","5164521","73","20847179"
"chr7","26356766","26357054","GL873526","17185395","17185660","74","9171371"
"chr7","26384273","26384577","GL873531","743580","743873","78","25640693"
"chr7","26571790","26572090","GL873532","29369734","29370037","75","2797944"
"chr7","26658025","26658320","GL873531","11880361","11880661","80","14777664"
"chr7","26814224","26814525","GL873712","758777","759067","71","26055447"
"chr7","27067208","27067508","GL873645","923581","923868","74","26143627"
"chr7","27270363","27270401","GL873585","1653672","1653707","9","25616691"
"chr7","27915969","27916258","GL873807","378787","379071","76","27537182"
"chr7","28075752","28076030","GL873526","17185395","17185660","79","10890357"
"chr7","28399898","28399958","GL873540","20655639","20655704","19","7744259"
"chr7","28930897","28931094","GL873731","1122838","1123027","52","27808059"
"chr7","29058244","29058540","GL873712","758777","759067","76","28299467"
"chr7","29159141","29159432","GL873807","378787","379071","70","28780354"
"chr7","30286205","30286499","GL873531","15816402","15816670","78","14469803"
"chr7","30624906","30625169","GL873671","1882360","1882615","78","28742546"
"chr7","30804070","30804369","GL873615","2242583","2242882","76","28561487"
"chr7","31166843","31167134","GL873615","5164234","5164521","80","26002609"
"chr7","31256015","31256302","GL873696","323840","324122","89","30932175"
"chr7","31642570","31642729","GL873580","853240","853398","44","30789330"
"chr7","31660719","31661019","GL873633","6680180","6680479","81","24980539"
"chr7","31711849","31712067","GL873523","24830084","24830304","69","6881765"
"chr7","31718197","31718499","GL873712","758777","759067","79","30959420"
"chr7","31759238","31759531","GL873529","2737581","2737856","74","29021657"
"chr7","31861378","31861635","GL873671","1882360","1882615","64","29979018"
"chr7","31876489","31876564","GL873780","151869","151943","18","31724620"
"chr7","32367170","32367464","GL873807","378787","379071","73","31988383"
"chr7","32381420","32381715","GL873652","2538738","2539020","76","29842682"
"chr7","33255279","33255566","GL873615","5164234","5164521","72","28091045"
"chr7","33414835","33415143","GL873563","10870912","10871197","89","22543923"
"chr7","33454716","33454983","GL873564","8111869","8112128","92","25342847"
"chr7","35237625","35237717","GL873623","3165346","3165445","32","32072279"
"chr7","35535263","35535544","GL873526","17185395","17185660","72","18349868"
"chr7","35691186","35691429","GL873573","809429","809661","82","34881757"
"chr7","35912437","35912529","GL873799","235420","235499","22","35677017"
"chr7","35912671","35912900","GL873645","4984041","4984262","87","30928630"
"chr7","35969810","35969931","GL873563","6278566","6278672","56","29691244"
"chr7","36026755","36026968","GL873731","1122838","1123027","69","34903917"
"chr7","36053538","36053822","GL873752","304509","304789","87","35749029"
"chr7","36057374","36057684","GL873712","758777","759067","75","35298597"
"chr7","36187308","36187531","GL873645","4984041","4984262","60","31203267"
"chr7","36203033","36203325","GL873592","3504292","3504588","79","32698741"
"chr7","36290291","36290579","GL873615","5164234","5164521","67","31126057"
"chr7","36615604","36615891","GL873569","5489766","5490051","77","31125838"
"chr7","36828985","36829282","GL873652","2538738","2539020","64","34290247"
"chr7","38431850","38432162","GL873696","323840","324122","100","38108010"
"chr7","38709121","38709425","GL873615","2242583","2242882","73","36466538"
"chr7","39506193","39506484","GL873615","5164234","5164521","82","34341959"
"chr7","39578579","39578664","GL873523","24829332","24829385","37","14749247"
"chr7","39631853","39632151","GL873531","743580","743873","83","38888273"
"chr7","40538403","40538697","GL873532","29369734","29370037","69","11168669"
"chr7","40707347","40707640","GL873526","22863004","22863298","79","17844343"
"chr7","40762861","40763148","GL873807","378787","379071","74","40384074"
"chr7","40781313","40781519","GL873731","1140299","1140488","55","39641014"
"chr7","41058512","41058799","GL873807","378787","379071","71","40679725"
"chr7","41423529","41423823","GL873545","12502931","12503218","69","28920598"
"chr7","41736751","41737063","GL873532","29369734","29370037","80","12367017"
"chr7","41866971","41867181","GL873553","15802799","15802981","80","26064172"
"chr7","42061088","42061386","GL873614","6206177","6206481","74","35854911"
"chr7","42304070","42304362","GL873560","5671813","5672100","74","36632257"
"chr7","42444150","42444441","GL873807","378787","379071","70","42065363"
"chr7","42924098","42924402","GL873807","378787","379071","95","42545311"
"chr7","42979044","42979282","GL873812","573147","573383","63","42405897"
"chr7","43030338","43030485","GL873572","8292948","8293070","52","34737390"
"chr7","43036884","43037092","GL873522","42762551","42762767","69","274333"
"chr7","43075192","43075473","GL873564","8111869","8112128","89","34963323"
"chr7","43150969","43151245","GL873530","20684710","20684985","90","22466259"
"chr7","43345352","43345662","GL873536","6183235","6183517","96","37162117"
"chr7","43385520","43385829","GL873633","6680180","6680479","80","36705340"
"chr7","43399596","43399890","GL873652","2538738","2539020","76","40860858"
"chr7","43537627","43537924","GL873645","923581","923868","75","42614046"
"chr7","43564591","43564886","GL873652","2538738","2539020","75","41025853"
"chr7","43574208","43574505","GL873545","12502931","12503218","72","31071277"
"chr7","43981653","43981949","GL873652","2538738","2539020","71","41442915"
"chr7","44056320","44056630","GL873532","29369734","29370037","74","14686586"
"chr7","44160258","44160558","GL873532","29369734","29370037","83","14790524"
"chr7","44175073","44175162","GL873799","235420","235499","21","43939653"
"chr7","44312246","44312545","GL873712","758777","759067","75","43553469"
"chr7","44532394","44532683","GL873807","378787","379071","68","44153607"
"chr7","44595147","44595312","GL873573","561846","562000","47","44033301"
"chr7","44744748","44745014","GL873585","115904","116160","75","44628844"
"chr7","44944550","44944851","GL873532","29369734","29370037","80","15574816"
"chr7","45043248","45043538","GL873635","3143338","3143625","78","41899910"
"chr7","45052112","45052417","GL873712","758777","759067","82","44293335"
"chr7","45073636","45073973","GL873615","2242583","2242882","101","42831053"
"chr7","45351492","45351791","GL873536","6183235","6183517","78","39168257"
"chr7","45590199","45590500","GL873712","758777","759067","76","44831422"
"chr7","45635094","45635401","GL873532","29369734","29370037","72","16265360"
"chr7","45897106","45897412","GL873615","2242583","2242882","75","43654523"
"chr7","45995180","45995454","GL873533","16134333","16134623","72","29860847"
"chr7","46380816","46381128","GL873531","743580","743873","78","45637236"
"chr7","46405545","46405846","GL873645","923581","923868","84","45481964"
"chr7","46482371","46482668","GL873652","2538738","2539020","83","43943633"
"chr7","46531658","46531968","GL873532","29369734","29370037","81","17161924"
"chr7","46622191","46622500","GL873652","2538738","2539020","91","44083453"
"chr7","46744848","46745076","GL873534","6499556","6499790","65","40245292"
"chr7","47063973","47064254","GL873645","923581","923868","77","46140392"
"chr7","47120504","47120768","GL873637","4322064","4322316","71","42798440"
"chr7","47227378","47227670","GL873807","378787","379071","75","46848591"
"chr7","47384488","47384755","GL873544","4458562","4458812","91","42925926"
"chr7","47405161","47405472","GL873531","743580","743873","86","46661581"
"chr7","47412521","47412816","GL873652","2538738","2539020","78","44873783"
"chr7","47434636","47434926","GL873525","31608445","31608738","78","15826191"
"chr7","47462648","47462945","GL873529","2737581","2737856","80","44725067"
"chr7","47496357","47496666","GL873639","638719","639018","78","46857638"
"chr7","47700013","47700292","GL873807","378787","379071","66","47321226"
"chr7","47747239","47747519","GL873629","3330842","3331122","81","44416397"
"chr7","48161257","48161553","GL873807","378787","379071","71","47782470"
"chr7","48819337","48819640","GL873531","743580","743873","78","48075757"
"chr7","49013125","49013412","GL873531","15816402","15816670","72","33196723"
"chr7","49295869","49296152","GL873807","378787","379071","73","48917082"
"chr7","49419340","49419561","GL873786","1119085","1119310","65","48300255"
"chr7","49565504","49565801","GL873645","923581","923868","74","48641923"
"chr7","49704621","49704705","GL873799","235420","235499","25","49469201"
"chr7","49881424","49881743","GL873532","29369734","29370037","81","20511690"
"chr7","49937591","49937777","GL873768","208772","208940","52","49728819"
"chr7","49988285","49988571","GL873520","20611705","20612004","86","29376580"
"chr7","50005754","50005990","GL873534","6499556","6499790","73","43506198"
"chr7","50030189","50030463","GL873543","11551381","11551630","92","38478808"
"chr7","50185754","50186041","GL873606","1584393","1584659","85","48601361"
"chr7","50372250","50372535","GL873807","378787","379071","67","49993463"
"chr7","50622831","50623119","GL873615","2242583","2242882","73","48380248"
"chr7","50701535","50701820","GL873589","9310653","9310947","78","41390882"
"chr7","50709223","50709504","GL873807","378787","379071","72","50330436"
"chr7","50714094","50714388","GL873535","29467371","29467653","75","21246723"
"chr7","50762273","50762579","GL873531","743580","743873","79","50018693"
"chr7","50809559","50809684","GL873629","3057379","3057506","34","47752180"
"chr7","50856402","50856658","GL873544","21012867","21013121","82","29843535"
"chr7","51008358","51008660","GL873530","8252980","8253273","78","42755378"
"chr7","51244187","51244471","GL873531","15816402","15816670","79","35427785"
"chr7","51302367","51302665","GL873807","378787","379071","78","50923580"
"chr7","51393002","51393317","GL873532","29369734","29370037","96","22023268"
"chr7","51396138","51396455","GL873532","29369734","29370037","94","22026404"
"chr7","51510729","51511008","GL873544","19151818","19152093","70","32358911"
"chr7","51758772","51759072","GL873520","20611705","20612004","82","31147067"
"chr7","52248929","52249218","GL873560","1046330","1046605","103","51202599"
"chr7","52661710","52662019","GL873615","2242583","2242882","77","50419127"
"chr7","53298448","53298755","GL873631","1463608","1463909","77","51834840"
"chr7","53444716","53445004","GL873807","378787","379071","69","53065929"
"chr7","53736074","53736206","GL873585","8812888","8813010","37","44923186"
"chr7","53803846","53804085","GL873671","1882360","1882615","77","51921486"
"chr7","53828606","53828919","GL873615","2242583","2242882","89","51586023"
"chr7","54640622","54640919","GL873633","6680180","6680479","85","47960442"
"chr7","54786152","54786433","GL873531","15816402","15816670","76","38969750"
"chr7","54786685","54786971","GL873807","378787","379071","62","54407898"
"chr7","54934883","54935158","GL873807","378787","379071","74","54556096"
"chr7","55034850","55035139","GL873671","886108","886393","79","54148742"
"chr7","55140572","55140715","GL873619","5715463","5715603","50","49425109"
"chr7","55147198","55147467","GL873526","11694917","11695169","74","43452281"
"chr7","55475423","55475607","GL873728","590192","590366","50","54885231"
"chr7","55490466","55490740","GL873526","44043","44310","79","55446423"
"chr7","55516414","55516707","GL873531","743580","743873","79","54772834"
"chr7","55606380","55606650","GL873544","19151818","19152093","71","36454562"
"chr7","55805274","55805552","GL873529","2737581","2737856","73","53067693"
"chr7","56388752","56388814","GL873537","28066052","28066115","13","28322700"
"chr7","56594197","56594476","GL873807","378787","379071","66","56215410"
"chr7","56606241","56606555","GL873645","923581","923868","82","55682660"
"chr7","56777056","56777331","GL873520","70969998","70970267","77","14192942"
"chr7","56841612","56841910","GL873525","31608445","31608738","76","25233167"
"chr7","56971208","56971274","GL873524","40199622","40199689","17","16771586"
"chr7","56997908","56998199","GL873652","2538738","2539020","79","54459170"
"chr7","57162213","57162355","GL873573","561846","562000","50","56600367"
"chr7","57184211","57184481","GL873580","3276777","3277037","71","53907434"
"chr7","57438946","57439230","GL873807","378787","379071","70","57060159"
"chr7","57502262","57502578","GL873645","923581","923868","87","56578681"
"chr7","57548795","57548872","GL873780","151869","151943","22","57396926"
"chr7","57774131","57774429","GL873639","638719","639018","74","57135412"
"chr7","57831498","57831798","GL873652","2538738","2539020","75","55292760"
"chr7","57898397","57898468","GL873534","8444999","8445064","23","49453398"
"chr7","57923668","57923963","GL873623","7055444","7055732","72","50868224"
"chr7","58196317","58196608","GL873807","378787","379071","72","57817530"
"chr7","58392743","58392971","GL873523","24830084","24830304","58","33562659"
"chr7","58572640","58572866","GL873637","4379152","4379361","76","54193488"
"chr7","58723074","58723357","GL873807","378787","379071","79","58344287"
"chr7","58740124","58740202","GL873780","151869","151943","20","58588255"
"chr7","58761257","58761533","GL873525","43871699","43871974","81","14889558"
"chr7","58802467","58802625","GL873573","561846","562000","43","58240621"
"chr7","58826133","58826422","GL873531","15816402","15816670","75","43009731"
"chr7","58830207","58830504","GL873545","12502931","12503218","81","46327276"
"chr7","58845915","58846203","GL873615","5164234","5164521","76","53681681"
"chr7","58860974","58861271","GL873545","12502931","12503218","74","46358043"
"chr7","58888737","58889022","GL873558","11729886","11730160","77","47158851"
"chr7","58915125","58915346","GL873648","2930273","2930481","64","55984852"
"chr7","58915859","58915930","GL873523","24829332","24829385","26","34086527"
"chr7","59148492","59148796","GL873526","22863004","22863298","84","36285488"
"chr7","59235579","59235831","GL873671","1882360","1882615","70","57353219"
"chr7","59248655","59248809","GL873573","561846","562000","44","58686809"
"chr7","59309165","59309463","GL873592","3504292","3504588","73","55804873"
"chr7","59331036","59331103","GL873662","1216517","1216580","16","58114519"
"chr7","59495760","59496064","GL873639","638719","639018","74","58857041"
"chr7","59904189","59904479","GL873615","2242583","2242882","81","57661606"
"chr7","59953022","59953139","GL873629","3057379","3057506","33","56895643"
"chr7","60030476","60030781","GL873525","31608445","31608738","82","28422031"
"chr7","60130869","60131151","GL873807","378787","379071","65","59752082"
"chr7","60164648","60164945","GL873807","378787","379071","75","59785861"
"chr7","60205175","60205335","GL873538","24528568","24528730","44","35676607"
"chr7","60254483","60254778","GL873592","3504292","3504588","74","56750191"
"chr7","60353437","60353733","GL873600","6358350","6358621","79","53995087"
"chr7","60479708","60480014","GL873639","638719","639018","80","59840989"
"chr7","60498598","60498897","GL873520","23993282","23993576","82","36505316"
"chr7","60620266","60620528","GL873542","9537125","9537397","72","51083141"
"chr7","60714603","60714913","GL873618","1039454","1039766","81","59675149"
"chr7","60801740","60802014","GL873600","6358350","6358621","71","54443390"
"chr7","60804226","60804315","GL873799","235420","235499","22","60568806"
"chr7","60819673","60819980","GL873807","378787","379071","86","60440886"
"chr7","60852876","60853170","GL873605","211678","211971","80","60641198"
"chr7","60890824","60891111","GL873635","3143338","3143625","77","57747486"
"chr7","60911396","60911699","GL873534","15455935","15456215","78","45455461"
"chr7","60975201","60975494","GL873615","5164234","5164521","79","55810967"
"chr7","61005553","61005864","GL873532","29369734","29370037","80","31635819"
"chr7","61029278","61029577","GL873623","7055444","7055732","83","53973834"
"chr7","61044294","61044592","GL873589","9310653","9310947","72","51733641"
"chr7","61171762","61171919","GL873610","7088038","7088189","42","54083724"
"chr7","61176854","61177081","GL873786","1119085","1119310","76","60057769"
"chr7","61177137","61177195","GL873662","1216517","1216580","17","59960620"
"chr7","61232237","61232537","GL873548","15989743","15990030","83","45242494"
"chr7","61370066","61370374","GL873530","8252980","8253273","76","53117086"
"chr7","61421663","61421970","GL873532","29369734","29370037","76","32051929"
"chr7","61589525","61589818","GL873807","378787","379071","74","61210738"
"chr7","61781500","61781792","GL873635","3143338","3143625","75","58638162"
"chr7","61791638","61791934","GL873696","323840","324122","75","61467798"
"chr7","61921270","61921565","GL873589","9310653","9310947","72","52610617"
"chr7","62038986","62039292","GL873531","743580","743873","90","61295406"
"chr7","62093005","62093243","GL873523","24830084","24830304","69","37262921"
"chr7","62224202","62224502","GL873527","33196263","33196548","80","29027939"
"chr7","62264556","62264864","GL873520","20611705","20612004","86","41652851"
"chr7","62281148","62281451","GL873561","14329867","14330129","85","47951281"
"chr7","62293282","62293584","GL873712","758777","759067","74","61534505"
"chr7","62381212","62381363","GL873532","24796591","24796743","45","37584621"
"chr7","62526794","62527086","GL873615","5164234","5164521","81","57362560"
"chr7","62639740","62640048","GL873712","758777","759067","87","61880963"
"chr7","62794804","62795098","GL873536","6183235","6183517","70","56611569"
"chr7","62800881","62801154","GL873585","115904","116160","77","62684977"
"chr7","62803382","62803692","GL873532","29369734","29370037","80","33433648"
"chr7","62905016","62905286","GL873560","5671813","5672100","79","57233203"
"chr7","62936965","62937237","GL873537","26407623","26407869","87","36529342"
"chr7","62943245","62943546","GL873615","5164234","5164521","74","57779011"
"chr7","63108634","63108928","GL873635","3143338","3143625","75","59965296"
"chr7","63243364","63243663","GL873532","29369734","29370037","82","33873630"
"chr7","63245569","63245856","GL873807","378787","379071","63","62866782"
"chr7","63466656","63466960","GL873531","743580","743873","76","62723076"
"chr7","63618576","63618851","GL873520","70969998","70970267","77","7351422"
"chr7","64148072","64148348","GL873719","2249405","2249681","76","61898667"
"chr7","64307751","64308066","GL873645","923581","923868","93","63384170"
"chr7","64538602","64538902","GL873652","2538738","2539020","85","61999864"
"chr7","64631293","64631356","GL873537","28066052","28066115","17","36565241"
"chr7","64643563","64643846","GL873807","378787","379071","74","64264776"
"chr7","64945692","64945983","GL873589","9310653","9310947","74","55635039"
"chr7","65316170","65316385","GL873558","5090920","5091134","74","60225250"
"chr7","65333895","65334201","GL873532","29369734","29370037","78","35964161"
"chr7","65570573","65570877","GL873523","21098831","21099120","84","44471742"
"chr7","65613344","65613640","GL873652","2538738","2539020","72","63074606"
"chr7","65723028","65723315","GL873569","11036395","11036693","76","54686633"
"chr7","66030433","66030739","GL873532","29369734","29370037","90","36660699"
"chr7","66132559","66132881","GL873807","378787","379071","95","65753772"
"chr7","66171793","66171980","GL873728","590192","590366","49","65581601"
"chr7","66314905","66315207","GL873712","758777","759067","73","65556128"
"chr7","66346393","66346710","GL873532","29369734","29370037","89","36976659"
"chr7","66545979","66546268","GL873807","378787","379071","65","66167192"
"chr7","66774887","66775180","GL873589","9310653","9310947","75","57464234"
"chr7","66862397","66862708","GL873592","3504292","3504588","87","63358105"
"chr7","67025003","67025307","GL873530","8252980","8253273","83","58772023"
"chr7","67082625","67082916","GL873652","2538738","2539020","76","64543887"
"chr7","67233444","67233738","GL873592","3504292","3504588","83","63729152"
"chr7","67438475","67438764","GL873807","378787","379071","71","67059688"
"chr7","67729172","67729463","GL873646","3489451","3489745","73","64239721"
"chr7","67954652","67954941","GL873807","378787","379071","68","67575865"
"chr7","69113581","69113856","GL873531","15816402","15816670","77","53297179"
"chr7","69279576","69279868","GL873536","6183235","6183517","83","63096341"
"chr7","69306850","69307156","GL873807","378787","379071","84","68928063"
"chr7","69320056","69320345","GL873533","16134333","16134623","76","53185723"
"chr7","69384166","69384262","GL873523","24829332","24829385","48","44554834"
"chr7","69418988","69419279","GL873536","6183235","6183517","73","63235753"
"chr7","70362702","70363001","GL873545","12502931","12503218","74","57859771"
"chr7","70523312","70523416","GL873525","6607619","6607730","40","63915693"
"chr7","70660890","70661182","GL873807","378787","379071","76","70282103"
"chr7","70756590","70756867","GL873544","19151818","19152093","69","51604772"
"chr7","70796754","70797047","GL873807","378787","379071","85","70417967"
"chr7","70816527","70816803","GL873807","378787","379071","73","70437740"
"chr7","70827780","70828060","GL873525","43871699","43871974","70","26956081"
"chr7","71459368","71459672","GL873639","638719","639018","77","70820649"
"chr7","71917257","71917516","GL873585","115904","116160","82","71801353"
"chr7","72006547","72006841","GL873532","29369734","29370037","82","42636813"
"chr7","72085924","72086230","GL873531","743580","743873","76","71342344"
"chr7","72365699","72365980","GL873615","5164234","5164521","87","67201465"
"chr7","72727811","72728108","GL873532","29369734","29370037","82","43358077"
"chr7","72783524","72783825","GL873531","743580","743873","73","72039944"
"chr7","73188782","73188967","GL873731","1140299","1140488","57","72048483"
"chr7","73355537","73355841","GL873545","12502931","12503218","86","60852606"
"chr7","73399946","73400251","GL873532","29369734","29370037","74","44030212"
"chr7","73486717","73486913","GL873546","7372099","7372289","63","66114618"
"chr7","73636106","73636406","GL873807","378787","379071","80","73257319"
"chr7","74204962","74205254","GL873548","18432867","18433143","75","55772095"
"chr7","74503053","74503283","GL873645","4984041","4984262","68","69519012"
"chr7","74687017","74687278","GL873558","11729886","11730160","80","62957131"
"chr7","74688088","74688397","GL873592","3504292","3504588","84","71183796"
"chr7","74701943","74702233","GL873807","378787","379071","68","74323156"
"chr7","74706625","74706936","GL873605","211678","211971","82","74494947"
"chr7","74719392","74719562","GL873580","853240","853398","56","73866152"
"chr7","74763604","74763888","GL873807","378787","379071","75","74384817"
"chr7","74843676","74843976","GL873712","758777","759067","77","74084899"
"chr7","75032947","75033261","GL873618","1039454","1039766","85","73993493"
"chr7","75039076","75039369","GL873807","378787","379071","70","74660289"
"chr7","75401500","75401567","GL873537","28066052","28066115","15","47335448"
"chr7","76699349","76699631","GL873807","378787","379071","74","76320562"
"chr7","77044802","77045101","GL873633","6680180","6680479","79","70364622"
"chr7","77047858","77048153","GL873615","5164234","5164521","74","71883624"
"chr7","77048719","77048946","GL873523","24830084","24830304","69","52218635"
"chr7","77213412","77213710","GL873531","743580","743873","85","76469832"
"chr7","77350779","77351071","GL873527","33196263","33196548","78","44154516"
"chr7","77411970","77412278","GL873807","378787","379071","92","77033183"
"chr7","77615234","77615468","GL873534","6499556","6499790","89","71115678"
"chr7","77817910","77818202","GL873615","5164234","5164521","69","72653676"
"chr7","77997224","77997533","GL873532","29369734","29370037","73","48627490"
"chr7","78037001","78037306","GL873520","20611705","20612004","78","57425296"
"chr7","78081640","78081933","GL873592","3504292","3504588","72","74577348"
"chr7","78795060","78795352","GL873520","23993282","23993576","87","54801778"
"chr7","78892901","78893180","GL873524","11986341","11986618","80","66906560"
"chr7","79116378","79116691","GL873531","743580","743873","83","78372798"
"chr7","79124535","79124829","GL873557","10602774","10603071","75","68521761"
"chr7","79154968","79155258","GL873533","16134333","16134623","76","63020635"
"chr7","79458532","79458842","GL873548","15989743","15990030","89","63468789"
"chr7","79477728","79478006","GL873561","14329867","14330129","82","65147861"
"chr7","79498969","79499043","GL873534","8444999","8445064","23","71053970"
"chr7","79511783","79512090","GL873548","15989743","15990030","82","63522040"
"chr7","79536093","79536382","GL873615","5164234","5164521","78","74371859"
"chr7","79576998","79577289","GL873553","1912528","1912825","81","77664470"
"chr7","79842536","79842848","GL873531","743580","743873","85","79098956"
"chr7","79856034","79856321","GL873526","17185395","17185660","84","62670639"
"chr7","80449958","80450249","GL873807","378787","379071","71","80071171"
"chr7","80644907","80645198","GL873807","378787","379071","87","80266120"
"chr7","80869071","80869354","GL873807","378787","379071","73","80490284"
"chr7","81009753","81010051","GL873589","9310653","9310947","82","71699100"
"chr7","81015015","81015337","GL873563","10870912","10871197","102","70144103"
"chr7","81061517","81061813","GL873645","923581","923868","78","80137936"
"chr7","81101000","81101286","GL873529","2737581","2737856","72","78363419"
"chr7","81230513","81230813","GL873532","29369734","29370037","76","51860779"
"chr7","81256641","81256925","GL873525","31608445","31608738","76","49648196"
"chr7","81397285","81397586","GL873615","2242583","2242882","73","79154702"
"chr7","81686977","81687264","GL873615","5164234","5164521","70","76522743"
"chr7","81730586","81730894","GL873645","923581","923868","77","80807005"
"chr7","82173621","82173916","GL873605","211678","211971","74","81961943"
"chr7","85438074","85438357","GL873635","3143338","3143625","78","82294736"
"chr7","85776287","85776559","GL873525","43871699","43871974","83","41904588"
"chr7","86048817","86049068","GL873598","6925865","6926121","75","79122952"
"chr7","86455859","86456137","GL873807","378787","379071","79","86077072"
"chr7","86511127","86511419","GL873807","378787","379071","74","86132340"
"chr7","86865637","86865901","GL873540","8735863","8736130","83","78129774"
"chr7","87069793","87070099","GL873615","2242583","2242882","74","84827210"
"chr7","87293300","87293607","GL873520","20611705","20612004","78","66681595"
"chr7","87333661","87333953","GL873560","5671813","5672100","71","81661848"
"chr7","87583340","87583498","GL873538","24528568","24528730","52","63054772"
"chr7","87632857","87633134","GL873526","44043","44310","76","87588814"
"chr7","87841418","87841738","GL873531","743580","743873","90","87097838"
"chr7","87869728","87870025","GL873615","5164234","5164521","82","82705494"
"chr7","87926849","87926958","GL873578","6246812","6246921","35","81680037"
"chr7","88127162","88127450","GL873536","6183235","6183517","68","81943927"
"chr7","88150152","88150452","GL873520","23993282","23993576","72","64156870"
"chr7","88210106","88210393","GL873807","378787","379071","65","87831319"
"chr7","88955582","88955883","GL873615","2242583","2242882","80","86712999"
"chr7","89000001","89000211","GL873683","490677","490883","63","88509324"
"chr7","89302592","89302902","GL873536","6183235","6183517","82","83119357"
"chr7","89515999","89516306","GL873633","6680180","6680479","83","82835819"
"chr7","89831981","89832278","GL873807","378787","379071","71","89453194"
"chr7","90439244","90439543","GL873611","3648898","3649188","77","86790346"
"chr7","90448971","90449265","GL873532","29369734","29370037","72","61079237"
"chr7","92792597","92792887","GL873807","378787","379071","74","92413810"
"chr7","92794872","92795169","GL873646","3489451","3489745","75","89305421"
"chr7","92796003","92796303","GL873645","923581","923868","71","91872422"
"chr7","93689973","93690295","GL873553","12884955","12885275","104","80805018"
"chr7","93981448","93981733","GL873807","378787","379071","68","93602661"
"chr7","94469312","94469616","GL873592","3504292","3504588","86","90965020"
"chr7","94704366","94704654","GL873560","5671813","5672100","73","89032553"
"chr7","95208371","95208672","GL873592","3504292","3504588","74","91704079"
"chr7","95384663","95384959","GL873536","6183235","6183517","82","89201428"
"chr7","95698741","95699036","GL873548","133851","134130","73","95564890"
"chr7","96083488","96083769","GL873585","115904","116160","81","95967584"
"chr7","96260019","96260309","GL873807","378787","379071","73","95881232"
"chr7","96658736","96659040","GL873531","743580","743873","75","95915156"
"chr7","97110586","97110880","GL873567","1896908","1897190","80","95213678"
"chr7","97488871","97489158","GL873548","133851","134130","77","97355020"
"chr7","97495196","97495380","GL873610","4454076","4454255","49","93041120"
"chr7","97497170","97497487","GL873712","758777","759067","93","96738393"
"chr7","97572665","97572965","GL873652","2538738","2539020","73","95033927"
"chr7","97709429","97709536","GL873606","6040743","6040839","47","91668686"
"chr7","97783646","97783949","GL873520","20611705","20612004","77","77171941"
"chr7","98190654","98190951","GL873602","5655744","5656017","82","92534910"
"chr7","98411913","98411969","GL873548","7943503","7943547","23","90468410"
"chr7","98580476","98580776","GL873807","378787","379071","78","98201689"
"chr7","98682874","98682940","GL873524","40199622","40199689","16","58483252"
"chr7","98714096","98714391","GL873807","378787","379071","69","98335309"
"chr7","98834785","98835036","GL873812","573147","573383","79","98261638"
"chr7","98957691","98957974","GL873807","378787","379071","73","98578904"
"chr7","98980216","98980515","GL873592","3504292","3504588","79","95475924"
"chr7","99799922","99800166","GL873526","11694917","11695169","73","88105005"
"chr7","100000296","100000586","GL873807","378787","379071","73","99621509"
"chr7","100663919","100664178","GL873585","10753608","10753875","71","89910311"
"chr7","100712169","100712459","GL873807","378787","379071","70","100333382"
"chr7","100803690","100803840","GL873814","114306","114462","55","100689384"
"chr7","100851506","100851814","GL873531","743580","743873","88","100107926"
"chr7","101068431","101068603","GL873608","3484994","3485156","52","97583437"
"chr7","101854395","101854680","GL873525","43871699","43871974","79","57982696"
"chr7","101876375","101876676","GL873527","2332695","2332980","76","99543680"
"chr7","102477393","102477456","GL873662","1216517","1216580","18","101260876"
"chr7","102766655","102766720","GL873537","28066052","28066115","17","74700603"
"chr7","103061102","103061161","GL873606","413534","413591","17","102647568"
"chr7","103091068","103091366","GL873538","12351987","12352285","90","90739081"
"chr7","103899173","103899447","GL873549","2031533","2031800","92","101867640"
"chr7","104054449","104054732","GL873807","378787","379071","77","103675662"
"chr7","104101675","104101981","GL873592","3504292","3504588","79","100597383"
"chr7","106369068","106369371","GL873712","758777","759067","80","105610291"
"chr7","106916922","106917215","GL873807","378787","379071","69","106538135"
"chr7","107743893","107744202","GL873532","29369734","29370037","82","78374159"
"chr7","108792157","108792451","GL873536","6183235","6183517","81","102608922"
"chr7","109063232","109063491","GL873529","2737581","2737856","82","106325651"
"chr7","109148081","109148371","GL873589","9310653","9310947","81","99837428"
"chr7","109180022","109180308","GL873807","378787","379071","65","108801235"
"chr7","110669656","110669939","GL873652","2538738","2539020","77","108130918"
"chr7","111138816","111139107","GL873807","378787","379071","71","110760029"
"chr7","111403315","111403610","GL873589","9310653","9310947","74","102092662"
"chr7","111779658","111779958","GL873633","6680180","6680479","69","105099478"
"chr7","112018883","112019163","GL873530","20684710","20684985","75","91334173"
"chr7","113497759","113498045","GL873807","378787","379071","70","113118972"
"chr7","113719086","113719381","GL873623","7055444","7055732","80","106663642"
"chr7","113749399","113749686","GL873807","378787","379071","64","113370612"
"chr7","115098125","115098423","GL873532","29369734","29370037","77","85728391"
"chr7","116253298","116253602","GL873530","8252980","8253273","78","108000318"
"chr7","116262649","116262949","GL873531","743580","743873","78","115519069"
"chr7","116691358","116691661","GL873531","743580","743873","77","115947778"
"chr7","117578361","117578629","GL873526","44043","44310","81","117534318"
"chr7","117635870","117636165","GL873652","2538738","2539020","74","115097132"
"chr7","117641432","117641729","GL873611","3648898","3649188","76","113992534"
"chr7","117805920","117806184","GL873538","4784269","4784514","70","113021651"
"chr7","118558103","118558392","GL873569","5489766","5490051","82","113068337"
"chr7","118797324","118797619","GL873635","3143338","3143625","84","115653986"
"chr7","120321542","120321668","GL873585","8812888","8813010","40","111508654"
"chr7","120406422","120406713","GL873652","2538738","2539020","81","117867684"
"chr7","120814309","120814583","GL873544","19151818","19152093","77","101662491"
"chr7","121267802","121268088","GL873807","378787","379071","69","120889015"
"chr7","122064896","122065204","GL873548","15989743","15990030","73","106075153"
"chr7","122228021","122228305","GL873526","17185395","17185660","85","105042626"
"chr7","122684729","122685029","GL873645","923581","923868","78","121761148"
"chr7","122971650","122971918","GL873526","44043","44310","80","122927607"
"chr7","123416726","123417020","GL873589","9310653","9310947","79","114106073"
"chr7","123636719","123637008","GL873615","2242583","2242882","75","121394136"
"chr7","123648786","123649074","GL873807","378787","379071","64","123269999"
"chr7","124539658","124539941","GL873807","378787","379071","74","124160871"
"chr7","124645906","124646238","GL873531","11880361","11880661","104","112765545"
"chr7","124655049","124655322","GL873526","17185395","17185660","71","107469654"
"chr7","124737542","124737834","GL873652","2538738","2539020","84","122198804"
"chr7","125987065","125987355","GL873807","378787","379071","68","125608278"
"chr7","126407458","126407756","GL873807","378787","379071","74","126028671"
"chr7","126847872","126848160","GL873531","743580","743873","85","126104292"
"chr7","127156112","127156395","GL873561","14329867","14330129","77","112826245"
"chr7","127845110","127845415","GL873531","743580","743873","80","127101530"
"chr7","128084697","128084817","GL873525","6607619","6607730","33","121477078"
"chr7","128548713","128548860","GL873532","24796591","24796743","49","103752122"
"chr7","128776447","128776743","GL873532","29369734","29370037","69","99406713"
"chr7","128976156","128976445","GL873807","378787","379071","75","128597369"
"chr7","129033110","129033414","GL873532","29369734","29370037","71","99663376"
"chr7","129375317","129375605","GL873536","6183235","6183517","75","123192082"
"chr7","129680558","129680831","GL873544","19151818","19152093","75","110528740"
"chr7","130371918","130372175","GL873526","11694917","11695169","82","118677001"
"chr7","130632324","130632620","GL873589","9310653","9310947","77","121321671"
"chr7","131241423","131241726","GL873531","743580","743873","75","130497843"
"chr7","131363971","131364204","GL873645","4984041","4984262","65","126379930"
"chr7","131702736","131703048","GL873544","14353211","14353491","83","117349525"
"chr7","131777795","131778095","GL873520","20611705","20612004","77","111166090"
"chr7","132573214","132573523","GL873532","29369734","29370037","85","103203480"
"chr7","133860833","133861125","GL873526","17185395","17185660","94","116675438"
"chr7","134243228","134243507","GL873615","5164234","5164521","80","129078994"
"chr7","134738596","134738875","GL873807","378787","379071","77","134359809"
"chr7","135784188","135784471","GL873645","923581","923868","83","134860607"
"chr7","136192563","136192684","GL873548","16247733","16247866","41","119944830"
"chr7","136231711","136231976","GL873647","344182","344454","79","135887529"
"chr7","136368000","136368338","GL873520","20611705","20612004","99","115756295"
"chr7","136599884","136600094","GL873668","1632691","1632893","53","134967193"
"chr7","136666124","136666416","GL873807","378787","379071","69","136287337"
"chr7","136675132","136675315","GL873608","3484994","3485156","63","133190138"
"chr7","138031875","138032179","GL873671","886108","886393","92","137145767"
"chr7","138567141","138567442","GL873531","743580","743873","80","137823561"
"chr7","139022967","139023268","GL873639","638719","639018","75","138384248"
"chr7","139030381","139030543","GL873573","561846","562000","55","138468535"
"chr7","139291979","139292287","GL873645","923581","923868","81","138368398"
"chr7","140017873","140017938","GL873537","28066052","28066115","16","111951821"
"chr7","140574997","140575292","GL873520","20611705","20612004","83","119963292"
"chr7","140703723","140703995","GL873544","19151818","19152093","76","121551905"
"chr7","140827383","140827656","GL873629","3330842","3331122","84","137496541"
"chr7","141581733","141582019","GL873615","5164234","5164521","85","136417499"
"chr7","141702041","141702344","GL873615","2242583","2242882","81","139459458"
"chr7","142067168","142067408","GL873671","1882360","1882615","79","140184808"
"chr7","142070267","142070539","GL873561","14329867","14330129","70","127740400"
"chr7","142313097","142313392","GL873532","29369734","29370037","78","112943363"
"chr7","142321078","142321364","GL873807","378787","379071","75","141942291"
"chr7","144552333","144552641","GL873532","29369734","29370037","76","115182599"
"chr7","144758707","144758932","GL873629","4046390","4046644","90","140712317"
"chr7","144950916","144951222","GL873525","31608445","31608738","74","113342471"
"chr7","144959419","144959719","GL873525","31608445","31608738","84","113350974"
"chr7","145024074","145024351","GL873615","5164234","5164521","79","139859840"
"chr7","145200779","145200937","GL873768","208772","208940","49","144992007"
"chr7","145201271","145201407","GL873814","114306","114462","53","145086965"
"chr7","145342645","145342934","GL873807","378787","379071","70","144963858"
"chr7","145357244","145357520","GL873540","8735863","8736130","84","136621381"
"chr7","145644683","145644997","GL873537","28253996","28254310","86","117390687"
"chr7","145727509","145727814","GL873532","29369734","29370037","75","116357775"
"chr7","145751069","145751363","GL873589","9310653","9310947","78","136440416"
"chr7","145767912","145768192","GL873807","378787","379071","70","145389125"
"chr7","145910555","145910852","GL873525","31608445","31608738","83","114302110"
"chr7","145911834","145912124","GL873652","2538738","2539020","72","143373096"
"chr7","147277822","147278108","GL873615","2242583","2242882","80","145035239"
"chr7","147600856","147601143","GL873807","378787","379071","69","147222069"
"chr7","147687987","147688250","GL873579","5947173","5947436","77","141740814"
"chr7","147992521","147992674","GL873587","2344327","2344496","68","145648194"
"chr7","148480408","148480468","GL873534","11644684","11644744","24","136835724"
"chr7","148726382","148726686","GL873531","743580","743873","81","147982802"
"chr7","148741786","148741954","GL873608","3484994","3485156","48","145256792"
"chr7","148817678","148817791","GL873525","6607619","6607730","31","142210059"
"chr7","148975422","148975560","GL873629","3057379","3057506","40","145918043"
"chr7","148987465","148987777","GL873532","29369734","29370037","85","119617731"
"chr7","149040344","149040401","GL873548","7943503","7943547","24","141096841"
"chr7","149040619","149040799","GL873536","10089167","10089339","58","138951452"
"chr7","149113465","149113546","GL873780","151869","151943","24","148961596"
"chr7","150700363","150700654","GL873807","378787","379071","66","150321576"
"chr7","150792480","150792788","GL873532","29369734","29370037","80","121422746"
"chr7","150865487","150865759","GL873673","4474890","4475153","79","146390597"
"chr7","151051488","151051788","GL873532","29369734","29370037","77","121681754"
"chr7","151388879","151389163","GL873533","16134333","16134623","80","135254546"
"chr7","152192774","152193046","GL873526","11694917","11695169","85","140497857"
"chr7","152554807","152555095","GL873807","378787","379071","73","152176020"
"chr7","152983976","152984281","GL873633","6680180","6680479","83","146303796"
"chr7","153002378","153002674","GL873652","2538738","2539020","77","150463640"
"chr7","153030784","153031086","GL873531","743580","743873","84","152287204"
"chr7","153263434","153263729","GL873530","8252980","8253273","77","145010454"
"chr7","153270256","153270555","GL873532","29369734","29370037","70","123900522"
"chr7","153748504","153748803","GL873712","758777","759067","81","152989727"
"chr7","154173256","154173319","GL873662","1216517","1216580","11","152956739"
"chr7","154231857","154232143","GL873525","31608445","31608738","85","122623412"
"chr7","154819968","154820264","GL873645","923581","923868","79","153896387"
"chr7","155122093","155122390","GL873532","29369734","29370037","80","125752359"
"chr8","171781","172091","GL873531","743580","743873","82","571799"
"chr8","852567","852861","GL873712","758777","759067","91","93790"
"chr8","944158","944459","GL873530","8252980","8253273","78","7308822"
"chr8","1016661","1016962","GL873611","3648898","3649188","73","2632237"
"chr8","1081418","1081707","GL873589","9310653","9310947","73","8229235"
"chr8","1268592","1268890","GL873671","886108","886393","86","382484"
"chr8","1751839","1752135","GL873633","6680180","6680479","78","4928341"
"chr8","1889260","1889552","GL873560","1046330","1046605","78","842930"
"chr8","1938764","1939063","GL873545","12502931","12503218","73","10564167"
"chr8","3334103","3334329","GL873523","24830084","24830304","60","21495981"
"chr8","3835068","3835357","GL873525","31608445","31608738","84","27773377"
"chr8","3903377","3903669","GL873569","5489766","5490051","72","1586389"
"chr8","4153900","4154195","GL873525","31608445","31608738","76","27454545"
"chr8","6154173","6154253","GL873780","151869","151943","23","6002304"
"chr8","7147442","7147735","GL873561","14329867","14330129","88","7182425"
"chr8","7668603","7668902","GL873532","29369734","29370037","87","21701131"
"chr8","7822466","7822745","GL873527","33196263","33196548","77","25373797"
"chr8","7856675","7856962","GL873645","923581","923868","82","6933094"
"chr8","7905285","7905495","GL873558","5090920","5091134","66","2814365"
"chr8","8202520","8202817","GL873531","743580","743873","77","7458940"
"chr8","8622638","8622902","GL873671","1882360","1882615","71","6740278"
"chr8","8996856","8997158","GL873652","2538738","2539020","84","6458118"
"chr8","9529903","9530192","GL873807","378787","379071","73","9151116"
"chr8","9602758","9602909","GL873573","561846","562000","50","9040912"
"chr8","11017291","11017601","GL873615","2242583","2242882","82","8774708"
"chr8","11125558","11125880","GL873531","743580","743873","92","10381978"
"chr8","11130155","11130450","GL873635","3143338","3143625","70","7986817"
"chr8","11398428","11398724","GL873645","923581","923868","80","10474847"
"chr8","11475073","11475230","GL873573","561846","562000","48","10913227"
"chr8","12376586","12376745","GL873523","5560650","5560812","68","6815936"
"chr8","12377642","12377764","GL873525","6607619","6607730","32","5770023"
"chr8","12571566","12571854","GL873807","378787","379071","63","12192779"
"chr8","12621506","12621809","GL873652","2538738","2539020","74","10082768"
"chr8","12961679","12961979","GL873530","8252980","8253273","86","4708699"
"chr8","13394667","13394960","GL873807","378787","379071","75","13015880"
"chr8","14456573","14456878","GL873615","2242583","2242882","81","12213990"
"chr8","14572936","14573227","GL873807","378787","379071","73","14194149"
"chr8","14674812","14675005","GL873530","11536409","11536598","68","3138403"
"chr8","14876862","14877180","GL873592","3504292","3504588","94","11372570"
"chr8","15313706","15313999","GL873807","378787","379071","66","14934919"
"chr8","16008100","16008402","GL873807","378787","379071","71","15629313"
"chr8","16238039","16238295","GL873538","4784269","4784514","71","11453770"
"chr8","17491085","17491349","GL873538","4784269","4784514","72","12706816"
"chr8","18019027","18019161","GL873538","24528568","24528730","56","6509541"
"chr8","18242497","18242665","GL873587","2344327","2344496","55","15898170"
"chr8","18727243","18727529","GL873567","1896908","1897190","86","16830335"
"chr8","18896806","18897011","GL873520","68825999","68826185","57","49929193"
"chr8","19228402","19228695","GL873615","5164234","5164521","65","14064168"
"chr8","19482288","19482596","GL873548","15989743","15990030","81","3492545"
"chr8","19895030","19895335","GL873532","29369734","29370037","75","9474704"
"chr8","19930076","19930374","GL873530","36050445","36050726","81","16120369"
"chr8","21171737","21172007","GL873520","70969998","70970267","88","49798261"
"chr8","22546633","22546930","GL873527","33196263","33196548","77","10649630"
"chr8","22788637","22788854","GL873558","5090920","5091134","87","17697717"
"chr8","24208012","24208300","GL873615","5164234","5164521","82","19043778"
"chr8","25864268","25864551","GL873531","15816402","15816670","82","10047866"
"chr8","25972520","25972818","GL873807","378787","379071","73","25593733"
"chr8","26396551","26396850","GL873652","2538738","2539020","74","23857813"
"chr8","27577966","27578171","GL873654","829106","829286","64","26748860"
"chr8","27629955","27630243","GL873615","5164234","5164521","81","22465721"
"chr8","27660925","27661226","GL873525","31608445","31608738","77","3947520"
"chr8","27809903","27810166","GL873538","4784269","4784514","73","23025634"
"chr8","27937802","27938092","GL873615","5164234","5164521","71","22773568"
"chr8","28097493","28097788","GL873615","2242583","2242882","77","25854910"
"chr8","28345364","28345430","GL873662","1216517","1216580","14","27128847"
"chr8","28412637","28412930","GL873807","378787","379071","71","28033850"
"chr8","28674493","28674775","GL873531","15816402","15816670","71","12858091"
"chr8","28785953","28786238","GL873807","378787","379071","75","28407166"
"chr8","29049604","29049908","GL873531","743580","743873","76","28306024"
"chr8","29173681","29173977","GL873532","29369734","29370037","74","196053"
"chr8","29413175","29413209","GL873585","1653672","1653707","20","27759503"
"chr8","29413738","29413801","GL873662","1216517","1216580","17","28197221"
"chr8","29425032","29425333","GL873807","378787","379071","84","29046245"
"chr8","29449505","29449803","GL873530","8252980","8253273","77","21196525"
"chr8","29579928","29580241","GL873520","20611705","20612004","91","8968223"
"chr8","29665558","29665839","GL873563","10870912","10871197","93","18794646"
"chr8","30524557","30524856","GL873548","15989743","15990030","77","14534814"
"chr8","31039789","31040076","GL873807","378787","379071","77","30661002"
"chr8","32201758","32202029","GL873563","10870912","10871197","85","21330846"
"chr8","32216502","32216804","GL873712","758777","759067","75","31457725"
"chr8","32251083","32251184","GL873623","3165346","3165445","39","29085737"
"chr8","32894291","32894635","GL873589","9310653","9310947","123","23583638"
"chr8","32965995","32966281","GL873807","378787","379071","72","32587208"
"chr8","33485643","33485938","GL873635","3143338","3143625","73","30342305"
"chr8","33924251","33924526","GL873534","15455935","15456215","90","18468316"
"chr8","33926152","33926460","GL873592","3504292","3504588","87","30421860"
"chr8","34017379","34017671","GL873615","5164234","5164521","74","28853145"
"chr8","34466892","34466960","GL873524","40199622","40199689","18","5732730"
"chr8","34587609","34587906","GL873532","29369734","29370037","73","5217875"
"chr8","34751501","34751643","GL873538","24528568","24528730","56","10222933"
"chr8","34862112","34862415","GL873531","743580","743873","78","34118532"
"chr8","34943923","34944231","GL873531","743580","743873","79","34200343"
"chr8","35015634","35015921","GL873807","378787","379071","69","34636847"
"chr8","35062493","35062796","GL873652","2538738","2539020","70","32523755"
"chr8","35138892","35139197","GL873532","29369734","29370037","83","5769158"
"chr8","35791652","35791904","GL873569","6518440","6518694","90","29273212"
"chr8","36359685","36359980","GL873615","2242583","2242882","93","34117102"
"chr8","37774484","37774766","GL873807","378787","379071","64","37395697"
"chr8","37831935","37832244","GL873530","8252980","8253273","83","29578955"
"chr8","37871459","37871750","GL873615","5164234","5164521","76","32707225"
"chr8","37917838","37918100","GL873564","8111869","8112128","77","29805969"
"chr8","38306026","38306227","GL873731","1122838","1123027","51","37183188"
"chr8","38770731","38771017","GL873531","15816402","15816670","81","22954329"
"chr8","39405776","39405877","GL873581","8343445","8343516","48","31062331"
"chr8","39880497","39880800","GL873525","31608445","31608738","79","8272052"
"chr8","39914120","39914357","GL873618","3344163","3344386","82","36569957"
"chr8","40265615","40265903","GL873635","3143338","3143625","76","37122277"
"chr8","40994627","40994908","GL873623","7055444","7055732","83","33939183"
"chr8","41842172","41842454","GL873807","378787","379071","69","41463385"
"chr8","41892100","41892388","GL873807","378787","379071","64","41513313"
"chr8","42544953","42545068","GL873525","6607619","6607730","24","35937334"
"chr8","42845800","42846101","GL873726","1557093","1557383","87","41288707"
"chr8","42871005","42871166","GL873536","10089167","10089339","76","32781838"
"chr8","43228508","43228817","GL873645","923581","923868","75","42304927"
"chr8","43693228","43693307","GL873780","151869","151943","22","43541359"
"chr8","44175761","44176051","GL873652","2538738","2539020","85","41637023"
"chr8","45240213","45240490","GL873525","43871699","43871974","80","1368514"
"chr8","45293213","45293500","GL873526","44043","44310","77","45249170"
"chr8","45306743","45307038","GL873589","9310653","9310947","83","35996090"
"chr8","45891833","45892115","GL873807","378787","379071","68","45513046"
"chr8","46265546","46265822","GL873585","115904","116160","83","46149642"
"chr8","47958502","47958755","GL873538","15630912","15631164","83","32327590"
"chr8","48916224","48916519","GL873807","378787","379071","73","48537437"
"chr8","49446430","49446720","GL873807","378787","379071","72","49067643"
"chr8","49468158","49468428","GL873542","9537125","9537397","88","39931033"
"chr8","49522852","49523157","GL873531","743580","743873","83","48779272"
"chr8","49790304","49790551","GL873534","6499556","6499790","74","43290748"
"chr8","50022091","50022374","GL873520","70969998","70970267","88","20947907"
"chr8","50708886","50709194","GL873532","29369734","29370037","77","21339152"
"chr8","52378089","52378354","GL873564","8111869","8112128","79","44266220"
"chr8","52461880","52462176","GL873645","923581","923868","76","51538299"
"chr8","53448713","53449077","GL873635","3143338","3143625","136","50305375"
"chr8","54235494","54235781","GL873807","378787","379071","69","53856707"
"chr8","55000001","55000065","GL873653","3498676","3498727","29","51501325"
"chr8","55000138","55000315","GL873728","590192","590366","49","54409946"
"chr8","55052090","55052258","GL873573","561846","562000","52","54490244"
"chr8","55101715","55102022","GL873531","743580","743873","81","54358135"
"chr8","55108055","55108362","GL873532","29369734","29370037","80","25738321"
"chr8","55213272","55213566","GL873807","378787","379071","77","54834485"
"chr8","55382258","55382543","GL873807","378787","379071","67","55003471"
"chr8","55404237","55404519","GL873534","15455935","15456215","84","39948302"
"chr8","56391358","56391639","GL873615","5164234","5164521","79","51227124"
"chr8","56721714","56721992","GL873531","15816402","15816670","75","40905312"
"chr8","57127700","57127979","GL873520","70969998","70970267","84","13842298"
"chr8","59929089","59929368","GL873623","7055444","7055732","82","52873645"
"chr8","60464717","60464893","GL873608","3484994","3485156","54","56979723"
"chr8","60694244","60694307","GL873537","28066052","28066115","11","32628192"
"chr8","60770197","60770472","GL873666","2806877","2807132","81","57963320"
"chr8","61261096","61261407","GL873532","29369734","29370037","81","31891362"
"chr8","62442762","62443013","GL873520","70969998","70970267","84","8527236"
"chr8","64574731","64575015","GL873520","70969998","70970267","87","6395267"
"chr8","64923308","64923562","GL873537","26407623","26407869","75","38515685"
"chr8","65031373","65031698","GL873537","28253996","28254310","105","36777377"
"chr8","66298308","66298597","GL873635","3143338","3143625","73","63154970"
"chr8","66830084","66830393","GL873532","29369734","29370037","86","37460350"
"chr8","67443574","67443858","GL873635","3143338","3143625","77","64300236"
"chr8","69336330","69336633","GL873639","638719","639018","77","68697611"
"chr8","69502750","69503050","GL873538","12351987","12352285","82","57150763"
"chr8","69752467","69752755","GL873560","5671813","5672100","74","64080654"
"chr8","70012406","70012713","GL873531","743580","743873","75","69268826"
"chr8","70190027","70190330","GL873674","581213","581499","79","69608814"
"chr8","70613402","70613470","GL873524","40199622","40199689","25","30413780"
"chr8","70613528","70613733","GL873538","2103378","2103585","62","68510150"
"chr8","70798564","70798743","GL873728","590192","590366","57","70208372"
"chr8","70984021","70984328","GL873531","743580","743873","78","70240441"
"chr8","71493806","71494111","GL873531","743580","743873","82","70750226"
"chr8","71500745","71501031","GL873530","8252980","8253273","71","63247765"
"chr8","71630425","71630633","GL873728","590192","590366","76","71040233"
"chr8","71705563","71705863","GL873615","2242583","2242882","77","69462980"
"chr8","72147867","72148156","GL873807","378787","379071","64","71769080"
"chr8","72406311","72406602","GL873589","9310653","9310947","76","63095658"
"chr8","73476831","73477111","GL873696","323840","324122","85","73152991"
"chr8","73665489","73665771","GL873529","2737581","2737856","83","70927908"
"chr8","73704096","73704371","GL873544","19151818","19152093","77","54552278"
"chr8","73739454","73739733","GL873530","36050445","36050726","91","37689009"
"chr8","73778700","73779019","GL873532","29369734","29370037","90","44408966"
"chr8","73841160","73841449","GL873560","5671813","5672100","73","68169347"
"chr8","73914576","73914882","GL873589","9310653","9310947","81","64603923"
"chr8","73982511","73982814","GL873600","6358350","6358621","85","67624161"
"chr8","74315822","74316113","GL873635","3143338","3143625","78","71172484"
"chr8","74584935","74585230","GL873623","7055444","7055732","72","67529491"
"chr8","75088123","75088424","GL873530","8252980","8253273","78","66835143"
"chr8","75694636","75694954","GL873639","638719","639018","86","75055917"
"chr8","75906821","75907126","GL873639","638719","639018","74","75268102"
"chr8","75953022","75953319","GL873652","2538738","2539020","77","73414284"
"chr8","76582701","76582996","GL873615","5164234","5164521","80","71418467"
"chr8","77260420","77260730","GL873807","378787","379071","81","76881633"
"chr8","77579655","77579946","GL873635","3143338","3143625","74","74436317"
"chr8","78003764","78004070","GL873531","11880361","11880661","79","66123403"
"chr8","78564817","78565118","GL873712","758777","759067","81","77806040"
"chr8","78911976","78912255","GL873807","378787","379071","81","78533189"
"chr8","78964277","78964582","GL873532","29369734","29370037","83","49594543"
"chr8","79143205","79143506","GL873532","29369734","29370037","84","49773471"
"chr8","79642204","79642404","GL873538","2103378","2103585","66","77538826"
"chr8","79671413","79671675","GL873807","378787","379071","84","79292626"
"chr8","80776214","80776516","GL873531","743580","743873","79","80032634"
"chr8","81668228","81668533","GL873645","923581","923868","79","80744647"
"chr8","82384164","82384483","GL873531","743580","743873","97","81640584"
"chr8","82896934","82897215","GL873531","15816402","15816670","80","67080532"
"chr8","83183708","83183999","GL873807","378787","379071","82","82804921"
"chr8","83390252","83390475","GL873533","28073656","28073870","84","55316596"
"chr8","85871724","85872020","GL873652","2538738","2539020","72","83332986"
"chr8","86221921","86221989","GL873534","8444999","8445064","19","77776922"
"chr8","86453383","86453705","GL873525","31608445","31608738","104","54844938"
"chr8","87734709","87734994","GL873532","29369734","29370037","81","58364975"
"chr8","87980405","87980695","GL873807","378787","379071","80","87601618"
"chr8","89248589","89248893","GL873526","17185395","17185660","90","72063194"
"chr8","89314556","89314857","GL873525","31608445","31608738","81","57706111"
"chr8","89545634","89545950","GL873529","17495636","17495928","102","72049998"
"chr8","89837702","89838007","GL873532","29369734","29370037","79","60467968"
"chr8","90145443","90145747","GL873615","2242583","2242882","75","87902860"
"chr8","90479790","90480086","GL873592","3504292","3504588","71","86975498"
"chr8","90494335","90494604","GL873585","115904","116160","77","90378431"
"chr8","92753564","92753875","GL873532","29369734","29370037","86","63383830"
"chr8","94005495","94005784","GL873652","2538738","2539020","70","91466757"
"chr8","94049463","94049730","GL873520","70969998","70970267","86","23079465"
"chr8","94103268","94103494","GL873523","24830084","24830304","59","69273184"
"chr8","94158639","94158933","GL873807","378787","379071","70","93779852"
"chr8","94270537","94270880","GL873589","9310653","9310947","115","84959884"
"chr8","94292391","94292665","GL873549","4931506","4931790","85","89360885"
"chr8","94302370","94302659","GL873615","5164234","5164521","79","89138136"
"chr8","94321828","94321966","GL873529","9635583","9635702","60","84686245"
"chr8","94377236","94377534","GL873531","11880361","11880661","82","82496875"
"chr8","94403020","94403303","GL873807","378787","379071","71","94024233"
"chr8","94885973","94886268","GL873652","2538738","2539020","72","92347235"
"chr8","94914153","94914448","GL873532","29369734","29370037","69","65544419"
"chr8","95616855","95617122","GL873538","4784269","4784514","72","90832586"
"chr8","96961664","96961958","GL873532","29369734","29370037","82","67591930"
"chr8","97058571","97058856","GL873807","378787","379071","68","96679784"
"chr8","97089116","97089417","GL873532","29369734","29370037","76","67719382"
"chr8","97191267","97191545","GL873529","2737581","2737856","75","94453686"
"chr8","97257119","97257407","GL873615","5164234","5164521","72","92092885"
"chr8","97344977","97345254","GL873807","378787","379071","66","96966190"
"chr8","97683520","97683810","GL873615","5164234","5164521","70","92519286"
"chr8","97688543","97688812","GL873520","70969998","70970267","80","26718545"
"chr8","97848867","97849119","GL873585","10753608","10753875","75","87095259"
"chr8","98125566","98125860","GL873807","378787","379071","78","97746779"
"chr8","98725861","98725923","GL873537","28066052","28066115","14","70659809"
"chr8","99409951","99410237","GL873615","5164234","5164521","77","94245717"
"chr8","99596467","99596720","GL873606","1584393","1584659","80","98012074"
"chr8","99944349","99944636","GL873647","344182","344454","74","99600167"
"chr8","100241750","100242032","GL873560","5671813","5672100","76","94569937"
"chr8","101845339","101845630","GL873807","378787","379071","68","101466552"
"chr8","102262365","102262670","GL873615","2242583","2242882","76","100019782"
"chr8","102303461","102303761","GL873635","3143338","3143625","81","99160123"
"chr8","102710008","102710305","GL873530","8252980","8253273","75","94457028"
"chr8","102814849","102815070","GL873533","28073656","28073870","75","74741193"
"chr8","102861328","102861631","GL873615","2242583","2242882","77","100618745"
"chr8","102961403","102961710","GL873611","3648898","3649188","74","99312505"
"chr8","103021952","103022257","GL873532","29369734","29370037","83","73652218"
"chr8","103374236","103374529","GL873639","638719","639018","73","102735517"
"chr8","103597867","103598171","GL873532","29369734","29370037","76","74228133"
"chr8","104032498","104032766","GL873544","19151818","19152093","82","84880680"
"chr8","104059800","104060015","GL873731","1122838","1123027","74","102936962"
"chr8","104068738","104069038","GL873712","758777","759067","81","103309961"
"chr8","104290911","104291201","GL873807","378787","379071","69","103912124"
"chr8","104475476","104475774","GL873807","378787","379071","82","104096689"
"chr8","105151544","105151836","GL873526","22863004","22863298","71","82288540"
"chr8","105310988","105311149","GL873580","853240","853398","52","104457748"
"chr8","105379503","105379809","GL873531","11880361","11880661","87","93499142"
"chr8","105432337","105432597","GL873544","4458562","4458812","100","100973775"
"chr8","105438121","105438419","GL873531","743580","743873","82","104694541"
"chr8","105467797","105468094","GL873532","29369734","29370037","83","76098063"
"chr8","105551831","105552128","GL873545","12502931","12503218","74","93048900"
"chr8","105654703","105654996","GL873807","378787","379071","78","105275916"
"chr8","105712808","105713087","GL873542","9537125","9537397","79","96175683"
"chr8","105820895","105821204","GL873639","638719","639018","80","105182176"
"chr8","106131867","106132160","GL873542","9537125","9537397","86","96594742"
"chr8","106534911","106535196","GL873807","378787","379071","78","106156124"
"chr8","106599572","106599857","GL873905","48652","48939","103","106550920"
"chr8","106769933","106770200","GL873541","9631527","9631750","85","97138406"
"chr8","106915372","106915662","GL873615","5164234","5164521","73","101751138"
"chr8","106930357","106930647","GL873807","378787","379071","68","106551570"
"chr8","106996604","106996896","GL873592","3504292","3504588","81","103492312"
"chr8","107045639","107045926","GL873544","14353211","14353491","77","92692428"
"chr8","107220073","107220379","GL873615","2242583","2242882","79","104977490"
"chr8","107494376","107494660","GL873807","378787","379071","77","107115589"
"chr8","107601692","107601961","GL873752","304509","304789","83","107297183"
"chr8","107699331","107699623","GL873545","12502931","12503218","79","95196400"
"chr8","107794111","107794398","GL873712","758777","759067","83","107035334"
"chr8","107944121","107944420","GL873652","2538738","2539020","86","105405383"
"chr8","109532727","109533005","GL873536","6183235","6183517","78","103349492"
"chr8","110610948","110611237","GL873544","14353211","14353491","77","96257737"
"chr8","110712210","110712519","GL873615","2242583","2242882","81","108469627"
"chr8","111202175","111202420","GL873546","5021263","5021515","78","106180912"
"chr8","111457591","111457840","GL873530","24066432","24066694","77","87391159"
"chr8","111870325","111870618","GL873807","378787","379071","68","111491538"
"chr8","111982171","111982476","GL873807","378787","379071","76","111603384"
"chr8","112022752","112023044","GL873652","2538738","2539020","67","109484014"
"chr8","112598968","112599235","GL873560","1046330","1046605","75","111552638"
"chr8","112995350","112995651","GL873615","2242583","2242882","76","110752767"
"chr8","113028016","113028302","GL873807","378787","379071","63","112649229"
"chr8","113285789","113286088","GL873592","3504292","3504588","80","109781497"
"chr8","114403345","114403605","GL873564","8111869","8112128","74","106291476"
"chr8","114550026","114550330","GL873615","2242583","2242882","81","112307443"
"chr8","114627691","114627946","GL873534","6499556","6499790","75","108128135"
"chr8","114656930","114657222","GL873545","12502931","12503218","76","102153999"
"chr8","115418212","115418482","GL873700","784432","784686","75","114633780"
"chr8","115494954","115495252","GL873633","6680180","6680479","78","108814774"
"chr8","115495282","115495588","GL873532","29369734","29370037","83","86125548"
"chr8","115820237","115820506","GL873544","21012867","21013121","84","94807370"
"chr8","116250378","116250666","GL873615","5164234","5164521","78","111086144"
"chr8","116435747","116435919","GL873608","3484994","3485156","53","112950753"
"chr8","116748206","116748507","GL873615","2242583","2242882","85","114505623"
"chr8","116769902","116770183","GL873531","15816402","15816670","77","100953500"
"chr8","116873693","116874001","GL873532","29369734","29370037","80","87503959"
"chr8","116968028","116968154","GL873548","16247733","16247866","35","100720295"
"chr8","117064249","117064550","GL873615","2242583","2242882","79","114821666"
"chr8","117168852","117169147","GL873807","378787","379071","82","116790065"
"chr8","117240107","117240376","GL873520","70969998","70970267","73","46270109"
"chr8","117268561","117268873","GL873532","29369734","29370037","81","87898827"
"chr8","117494164","117494253","GL873780","151869","151943","33","117342295"
"chr8","117573926","117574227","GL873623","7055444","7055732","75","110518482"
"chr8","117595290","117595594","GL873633","6680180","6680479","80","110915110"
"chr8","117824644","117824940","GL873615","2242583","2242882","70","115582061"
"chr8","118412755","118412803","GL873606","413534","413591","23","117999221"
"chr8","118447997","118448284","GL873807","378787","379071","71","118069210"
"chr8","118790076","118790381","GL873711","600516","600812","77","118189560"
"chr8","119072564","119072871","GL873531","743580","743873","84","118328984"
"chr8","119107979","119108269","GL873807","378787","379071","67","118729192"
"chr8","119663234","119663529","GL873536","6183235","6183517","88","113479999"
"chr8","119997492","119997786","GL873533","16134333","16134623","77","103863159"
"chr8","120267160","120267432","GL873534","15455935","15456215","85","104811225"
"chr8","120919052","120919346","GL873525","31608445","31608738","81","89310607"
"chr8","122648005","122648310","GL873639","638719","639018","74","122009286"
"chr8","123097541","123097821","GL873538","4784269","4784514","82","118313272"
"chr8","123774002","123774294","GL873592","3504292","3504588","81","120269710"
"chr8","124959381","124959681","GL873712","758777","759067","76","124200604"
"chr8","126154159","126154467","GL873532","29369734","29370037","85","96784425"
"chr8","127812671","127812965","GL873807","378787","379071","76","127433884"
"chr9","117309196","117309501","GL873615","2242583","2242882","78","115066613"
"chr9","307206","307479","GL873531","15816402","15816670","74","15509196"
"chr9","319515","319646","GL873629","3057379","3057506","35","2737864"
"chr9","613704","613892","GL873728","590192","590366","56","23512"
"chr9","1189428","1189733","GL873525","31608445","31608738","92","30419017"
"chr9","1629244","1629535","GL873525","31608445","31608738","76","29979201"
"chr9","1729077","1729342","GL873538","4784269","4784514","75","3055192"
"chr9","1922273","1922570","GL873545","12502931","12503218","74","10580658"
"chr9","2048254","2048344","GL873799","235420","235499","30","1812834"
"chr9","2048345","2048409","GL873812","573691","573747","25","1474654"
"chr9","2048410","2048483","GL873812","573691","573747","33","1474719"
"chr9","2048481","2048542","GL873812","573691","573747","21","1474790"
"chr9","2048549","2048622","GL873812","573691","573747","33","1474858"
"chr9","2048620","2048690","GL873812","573691","573747","28","1474929"
"chr9","2048745","2048818","GL873812","573691","573747","33","1475054"
"chr9","2048816","2048887","GL873812","573691","573747","29","1475125"
"chr9","2048888","2048960","GL873812","573691","573747","29","1475197"
"chr9","2048958","2049027","GL873812","573691","573747","31","1475267"
"chr9","2049028","2049096","GL873812","573691","573747","30","1475337"
"chr9","2063918","2064213","GL873807","378787","379071","73","1685131"
"chr9","3317485","3317785","GL873530","8252980","8253273","78","4935495"
"chr9","3399655","3399949","GL873615","2242583","2242882","75","1157072"
"chr9","3412702","3412877","GL873762","776077","776256","54","2636625"
"chr9","3921156","3921441","GL873807","378787","379071","74","3542369"
"chr9","4058945","4059039","GL873523","24829332","24829385","45","20770387"
"chr9","4743525","4743828","GL873592","3504292","3504588","82","1239233"
"chr9","5065417","5065648","GL873618","3344163","3344386","73","1721254"
"chr9","5528781","5529078","GL873615","5164234","5164521","77","364547"
"chr9","5650271","5650561","GL873533","16134333","16134623","74","10484062"
"chr9","5786713","5786878","GL873536","10089167","10089339","49","4302454"
"chr9","5882660","5882821","GL873610","7088038","7088189","43","1205378"
"chr9","5935663","5935953","GL873807","378787","379071","73","5556876"
"chr9","6037680","6037973","GL873807","378787","379071","76","5658893"
"chr9","6104574","6104878","GL873645","923581","923868","89","5180993"
"chr9","7059135","7059399","GL873671","1882360","1882615","71","5176775"
"chr9","7214353","7214595","GL873558","5090920","5091134","83","2123433"
"chr9","7638057","7638350","GL873560","1046330","1046605","73","6591727"
"chr9","8076363","8076643","GL873807","378787","379071","80","7697576"
"chr9","8132302","8132602","GL873712","758777","759067","75","7373525"
"chr9","8565050","8565354","GL873807","378787","379071","75","8186263"
"chr9","8596307","8596595","GL873807","378787","379071","71","8217520"
"chr9","8828292","8828587","GL873615","2242583","2242882","82","6585709"
"chr9","9251745","9251836","GL873606","413534","413591","45","8838211"
"chr9","9310583","9310870","GL873645","923581","923868","80","8387002"
"chr9","9323978","9324246","GL873531","15816402","15816670","82","6492424"
"chr9","9658802","9659091","GL873602","5655744","5656017","84","4003058"
"chr9","9971495","9971794","GL873520","23993282","23993576","83","14021787"
"chr9","10185070","10185211","GL873672","1567049","1567194","59","8618021"
"chr9","10954046","10954357","GL873538","12351987","12352285","82","1397941"
"chr9","11053832","11054001","GL873608","3484994","3485156","57","7568838"
"chr9","11074075","11074378","GL873530","8252980","8253273","76","2821095"
"chr9","11095518","11095795","GL873671","886108","886393","86","10209410"
"chr9","11814886","11815029","GL873573","561846","562000","54","11253040"
"chr9","11815279","11815394","GL873525","6607619","6607730","29","5207660"
"chr9","11871045","11871328","GL873544","19151818","19152093","72","7280773"
"chr9","11989053","11989351","GL873652","2538738","2539020","79","9450315"
"chr9","12002421","12002719","GL873615","5164234","5164521","77","6838187"
"chr9","12534002","12534305","GL873520","20611705","20612004","82","8077703"
"chr9","13093276","13093581","GL873615","2242583","2242882","77","10850693"
"chr9","13224993","13225287","GL873615","5164234","5164521","74","8060759"
"chr9","13393997","13394193","GL873607","468681","468880","62","12925316"
"chr9","14422602","14422867","GL873526","11694917","11695169","72","2727685"
"chr9","14730271","14730515","GL873523","24830084","24830304","82","10099813"
"chr9","14797580","14797738","GL873608","3484994","3485156","56","11312586"
"chr9","15177655","15177962","GL873527","33196263","33196548","79","18018608"
"chr9","15579473","15579763","GL873807","378787","379071","72","15200686"
"chr9","15646077","15646363","GL873531","15816402","15816670","79","170325"
"chr9","15652925","15653227","GL873639","638719","639018","79","15014206"
"chr9","15716306","15716587","GL873807","378787","379071","83","15337519"
"chr9","15722683","15722840","GL873768","208772","208940","53","15513911"
"chr9","16008296","16008589","GL873615","5164234","5164521","73","10844062"
"chr9","17482161","17482470","GL873631","1463608","1463909","84","16018553"
"chr9","17890300","17890475","GL873610","7088038","7088189","58","10802262"
"chr9","18078066","18078346","GL873807","378787","379071","78","17699279"
"chr9","18095483","18095782","GL873545","12502931","12503218","80","5592552"
"chr9","18107273","18107592","GL873532","29369734","29370037","85","11262461"
"chr9","18364727","18365034","GL873635","3143338","3143625","79","15221389"
"chr9","18447065","18447373","GL873615","5164234","5164521","84","13282831"
"chr9","18513008","18513309","GL873532","29369734","29370037","77","10856726"
"chr9","18772215","18772525","GL873532","29369734","29370037","84","10597519"
"chr9","18797672","18797919","GL873700","784432","784686","73","18013240"
"chr9","18894065","18894129","GL873653","3498676","3498727","25","15395389"
"chr9","19038180","19038480","GL873532","29369734","29370037","75","10331554"
"chr9","20028544","20028825","GL873560","5671813","5672100","77","14356731"
"chr9","20054158","20054298","GL873534","6310704","6310826","44","13743454"
"chr9","20103099","20103254","GL873814","114306","114462","49","19988793"
"chr9","20138513","20138810","GL873532","29369734","29370037","78","9231221"
"chr9","20159534","20159662","GL873629","3057379","3057506","41","17102155"
"chr9","20198217","20198506","GL873635","3143338","3143625","78","17054879"
"chr9","20238084","20238374","GL873533","16134333","16134623","88","4103751"
"chr9","20291241","20291531","GL873807","378787","379071","88","19912454"
"chr9","20389847","20389915","GL873662","1216517","1216580","15","19173330"
"chr9","21035893","21035946","GL873606","413534","413591","17","20622359"
"chr9","21058984","21059253","GL873585","115904","116160","71","20943080"
"chr9","21089905","21090119","GL873533","28073656","28073870","56","6983751"
"chr9","21393181","21393467","GL873520","70969998","70970267","84","49576817"
"chr9","21465342","21465624","GL873558","11729886","11730160","81","9735456"
"chr9","21900894","21901171","GL873544","19151818","19152093","73","2749076"
"chr9","23694705","23695008","GL873530","8252980","8253273","80","15441725"
"chr9","24665117","24665411","GL873623","7055444","7055732","77","17609673"
"chr9","25150841","25151145","GL873531","743580","743873","78","24407261"
"chr9","25488022","25488315","GL873807","378787","379071","65","25109235"
"chr9","26552687","26552974","GL873526","17185395","17185660","85","9367292"
"chr9","26603781","26604071","GL873533","16134333","16134623","78","10469448"
"chr9","27267507","27267806","GL873548","15989743","15990030","83","11277764"
"chr9","29103588","29103890","GL873645","923581","923868","74","28180007"
"chr9","29187451","29187599","GL873529","9635583","9635702","69","19551868"
"chr9","29309507","29309807","GL873530","8252980","8253273","74","21056527"
"chr9","29951260","29951547","GL873635","3143338","3143625","75","26807922"
"chr9","32366149","32366437","GL873615","2242583","2242882","87","30123566"
"chr9","32915224","32915292","GL873537","28066052","28066115","15","4849172"
"chr9","33144633","33144939","GL873531","743580","743873","83","32401053"
"chr9","33724927","33725218","GL873645","923581","923868","86","32801346"
"chr9","34401470","34401583","GL873525","6607619","6607730","32","27793851"
"chr9","34479929","34480225","GL873807","378787","379071","81","34101142"
"chr9","34733600","34733891","GL873530","8252980","8253273","82","26480620"
"chr9","34816971","34817273","GL873520","20611705","20612004","76","14205266"
"chr9","34931940","34932215","GL873807","378787","379071","77","34553153"
"chr9","34979743","34979911","GL873536","10089167","10089339","45","24890576"
"chr9","35249774","35250070","GL873545","12502931","12503218","75","22746843"
"chr9","35400251","35400477","GL873523","24830084","24830304","56","10570167"
"chr9","35814396","35814444","GL873585","1653672","1653707","18","34160724"
"chr9","35982825","35983109","GL873807","378787","379071","66","35604038"
"chr9","36138411","36138715","GL873530","8252980","8253273","78","27885431"
"chr9","36249991","36250301","GL873633","6680180","6680479","84","29569811"
"chr9","37172831","37173125","GL873589","9310653","9310947","76","27862178"
"chr9","37453177","37453270","GL873606","413534","413591","44","37039643"
"chr9","37488174","37488341","GL873608","3484994","3485156","42","34003180"
"chr9","37538050","37538326","GL873531","15816402","15816670","72","21721648"
"chr9","37858040","37858329","GL873807","378787","379071","79","37479253"
"chr9","37919404","37919675","GL873807","378787","379071","70","37540617"
"chr9","37922402","37922707","GL873645","923581","923868","84","36998821"
"chr9","37958918","37959212","GL873807","378787","379071","72","37580131"
"chr9","38013464","38013730","GL873526","44043","44310","73","37969421"
"chr9","38141008","38141294","GL873807","378787","379071","80","37762221"
"chr9","38251904","38252197","GL873635","3143338","3143625","73","35108566"
"chr9","38338308","38338566","GL873606","1584393","1584659","82","36753915"
"chr9","38348928","38349214","GL873615","5164234","5164521","79","33184694"
"chr9","38388971","38389091","GL873629","3057379","3057506","38","35331592"
"chr9","38391419","38391628","GL873731","1122838","1123027","54","37268581"
"chr9","38672132","38672436","GL873548","15989743","15990030","80","22682389"
"chr9","38812173","38812462","GL873645","923581","923868","87","37888592"
"chr9","38945873","38945958","GL873799","235420","235499","28","38710453"
"chr9","38970942","38971236","GL873560","5671813","5672100","79","33299129"
"chr9","39101645","39101958","GL873520","20611705","20612004","82","18489940"
"chr9","39102140","39102417","GL873807","378787","379071","72","38723353"
"chr9","39129435","39129710","GL873671","1882360","1882615","81","37247075"
"chr9","39143144","39143315","GL873608","3484994","3485156","57","35658150"
"chr9","39282629","39282909","GL873529","2737581","2737856","71","36545048"
"chr9","39533133","39533370","GL873523","24830084","24830304","76","14703049"
"chr9","39588336","39588634","GL873712","758777","759067","81","38829559"
"chr9","40087941","40088230","GL873696","323840","324122","90","39764101"
"chr9","40110506","40110791","GL873524","33453308","33453594","80","6657198"
"chr9","40173477","40173743","GL873609","1717159","1717438","77","38456318"
"chr9","40180752","40181046","GL873652","2538738","2539020","73","37642014"
"chr9","40385410","40385708","GL873531","743580","743873","76","39641830"
"chr9","40571573","40571878","GL873520","20611705","20612004","75","19959868"
"chr9","40598965","40599254","GL873652","2538738","2539020","71","38060227"
"chr9","41127193","41127478","GL873807","378787","379071","72","40748406"
"chr9","41227386","41227659","GL873548","18432867","18433143","76","22794519"
"chr9","41985012","41985288","GL873536","6183235","6183517","85","35801777"
"chr9","42027855","42028142","GL873807","378787","379071","72","41649068"
"chr9","42092539","42092739","GL873536","10089167","10089339","63","32003372"
"chr9","42107799","42108098","GL873520","23993282","23993576","77","18114517"
"chr9","42325473","42325765","GL873525","31608445","31608738","75","10717028"
"chr9","43111303","43111591","GL873807","378787","379071","71","42732516"
"chr9","43190283","43190576","GL873526","22863004","22863298","78","20327279"
"chr9","43191996","43192297","GL873592","3504292","3504588","79","39687704"
"chr9","43431483","43431806","GL873526","11694917","11695169","117","31736566"
"chr9","43452396","43452688","GL873807","378787","379071","62","43073609"
"chr9","44363859","44364052","GL873525","32888135","32888322","53","11475724"
"chr9","44676224","44676490","GL873629","2808739","2809002","67","41867485"
"chr9","44809308","44809606","GL873652","2538738","2539020","78","42270570"
"chr9","44884764","44885007","GL873671","1882360","1882615","74","43002404"
"chr9","44890633","44890766","GL873548","16247733","16247866","39","28642900"
"chr9","44931370","44931663","GL873645","923581","923868","81","44007789"
"chr9","45020253","45020347","GL873623","3165346","3165445","25","41854907"
"chr9","45074184","45074505","GL873532","29369734","29370037","92","15704450"
"chr9","45143497","45143788","GL873527","33196263","33196548","75","11947234"
"chr9","45228133","45228173","GL873585","1653672","1653707","12","43574461"
"chr9","45228177","45228246","GL873541","16870359","16870422","33","28357818"
"chr9","45307280","45307373","GL873799","235420","235499","27","45071860"
"chr9","45375568","45375870","GL873545","12502931","12503218","83","32872637"
"chr9","45405664","45405875","GL873522","42762551","42762767","72","2643113"
"chr9","45486870","45487024","GL873529","12292919","12293087","53","33193951"
"chr9","46087821","46088116","GL873532","29369734","29370037","75","16718087"
"chr9","46107955","46108233","GL873807","378787","379071","75","45729168"
"chr9","46120374","46120677","GL873530","8252980","8253273","76","37867394"
"chr9","46129445","46129745","GL873520","20611705","20612004","75","25517740"
"chr9","46241523","46241833","GL873530","8252980","8253273","75","37988543"
"chr9","46531420","46531712","GL873536","6183235","6183517","75","40348185"
"chr9","46619769","46619932","GL873610","7088038","7088189","43","39531731"
"chr9","46679056","46679360","GL873652","2538738","2539020","78","44140318"
"chr9","46774765","46775012","GL873671","1882360","1882615","72","44892405"
"chr9","46790787","46791084","GL873536","6183235","6183517","78","40607552"
"chr9","47930984","47931284","GL873526","22863004","22863298","83","25067980"
"chr9","48348559","48348633","GL873524","40199622","40199689","22","8148937"
"chr9","49652705","49653008","GL873532","29369734","29370037","90","20282971"
"chr9","49943749","49944042","GL873807","378787","379071","80","49564962"
"chr9","50177763","50178060","GL873615","2242583","2242882","92","47935180"
"chr9","51624600","51624880","GL873544","19151818","19152093","78","32472782"
"chr9","51663786","51664079","GL873589","9310653","9310947","73","42353133"
"chr9","51679765","51680059","GL873589","9310653","9310947","77","42369112"
"chr9","51787807","51787928","GL873525","6607619","6607730","37","45180188"
"chr9","51896480","51896783","GL873525","31608445","31608738","75","20288035"
"chr9","52797074","52797377","GL873615","2242583","2242882","81","50554491"
"chr9","52886277","52886334","GL873606","413534","413591","22","52472743"
"chr9","53343262","53343560","GL873807","378787","379071","72","52964475"
"chr9","53367520","53367763","GL873573","809429","809661","86","52558091"
"chr9","53534022","53534301","GL873778","812679","812951","83","52721343"
"chr9","53741116","53741275","GL873580","853240","853398","46","52887876"
"chr9","53841129","53841427","GL873533","16134333","16134623","77","37706796"
"chr9","53893215","53893504","GL873807","378787","379071","69","53514428"
"chr9","54162200","54162522","GL873532","29369734","29370037","91","24792466"
"chr9","54739314","54739612","GL873615","2242583","2242882","73","52496731"
"chr9","54863410","54863715","GL873532","29369734","29370037","84","25493676"
"chr9","57732181","57732487","GL873532","29369734","29370037","78","28362447"
"chr9","57971437","57971721","GL873531","15816402","15816670","81","42155035"
"chr9","58243851","58244099","GL873564","8111869","8112128","80","50131982"
"chr9","58246000","58246149","GL873573","561846","562000","56","57684154"
"chr9","58331766","58332050","GL873558","11729886","11730160","75","46601880"
"chr9","58906063","58906332","GL873526","44043","44310","82","58862020"
"chr9","59065213","59065513","GL873525","31608445","31608738","84","27456768"
"chr9","59076785","59076976","GL873522","40668394","40668576","75","18408391"
"chr9","59106968","59107273","GL873712","758777","759067","73","58348191"
"chr9","59139436","59139742","GL873531","743580","743873","82","58395856"
"chr9","59323668","59323864","GL873731","1122838","1123027","55","58200830"
"chr9","59899970","59900274","GL873531","743580","743873","81","59156390"
"chr9","60565010","60565301","GL873635","3143338","3143625","75","57421672"
"chr9","61507139","61507433","GL873807","378787","379071","65","61128352"
"chr9","61866199","61866502","GL873589","9310653","9310947","83","52555546"
"chr9","62294208","62294504","GL873520","20611705","20612004","85","41682503"
"chr9","62689863","62690136","GL873533","9671302","9671560","75","53018561"
"chr9","66713910","66714220","GL873645","923581","923868","88","65790329"
"chr9","67610193","67610465","GL873538","4784269","4784514","86","62825924"
"chr9","67710831","67711117","GL873534","15455935","15456215","81","52254896"
"chr9","67746953","67747227","GL873549","4931506","4931790","85","62815447"
"chr9","68792272","68792553","GL873807","378787","379071","66","68413485"
"chr9","69273329","69273628","GL873807","378787","379071","77","68894542"
"chr9","69322612","69322911","GL873615","2242583","2242882","74","67080029"
"chr9","69360382","69360660","GL873531","15816402","15816670","78","53543980"
"chr9","69645343","69645646","GL873592","3504292","3504588","72","66141051"
"chr9","70074080","70074382","GL873639","638719","639018","75","69435361"
"chr9","71692327","71692622","GL873615","2242583","2242882","72","69449744"
"chr9","72410481","72410765","GL873807","378787","379071","64","72031694"
"chr9","74797932","74798140","GL873645","4984041","4984262","68","69813891"
"chr9","75336048","75336353","GL873652","2538738","2539020","80","72797310"
"chr9","75723535","75723798","GL873561","14329867","14330129","83","61393668"
"chr9","75996203","75996482","GL873530","36050445","36050726","84","39945758"
"chr9","77924778","77925073","GL873615","2242583","2242882","78","75682195"
"chr9","78371677","78371978","GL873532","29369734","29370037","70","49001943"
"chr9","79159227","79159520","GL873592","3504292","3504588","85","75654935"
"chr9","80162822","80163104","GL873536","6183235","6183517","72","73979587"
"chr9","80847240","80847539","GL873592","3504292","3504588","80","77342948"
"chr9","81010982","81011291","GL873520","20611705","20612004","78","60399277"
"chr9","83303074","83303368","GL873545","12502931","12503218","74","70800143"
"chr9","83316226","83316516","GL873589","9310653","9310947","77","74005573"
"chr9","83459210","83459470","GL873671","1882360","1882615","83","81576850"
"chr9","84210457","84210761","GL873532","29369734","29370037","73","54840723"
"chr9","84491892","84492186","GL873712","758777","759067","76","83733115"
"chr9","84694755","84695052","GL873532","29369734","29370037","68","55325021"
"chr9","84762976","84763284","GL873615","2242583","2242882","74","82520393"
"chr9","85036862","85037159","GL873605","211678","211971","77","84825184"
"chr9","85116832","85117107","GL873560","1046330","1046605","74","84070502"
"chr9","85262540","85262847","GL873645","923581","923868","76","84338959"
"chr9","85377981","85378262","GL873560","5671813","5672100","80","79706168"
"chr9","85414409","85414708","GL873807","378787","379071","80","85035622"
"chr9","85556376","85556620","GL873786","1119085","1119310","78","84437291"
"chr9","85706203","85706475","GL873520","70969998","70970267","77","14736205"
"chr9","85854930","85855214","GL873807","378787","379071","75","85476143"
"chr9","86203520","86203806","GL873807","378787","379071","74","85824733"
"chr9","86259707","86260022","GL873530","8252980","8253273","83","78006727"
"chr9","86410708","86410808","GL873525","6607619","6607730","42","79803089"
"chr9","86566544","86566847","GL873592","3504292","3504588","77","83062252"
"chr9","88669131","88669269","GL873629","3057379","3057506","41","85611752"
"chr9","88708122","88708435","GL873589","9310653","9310947","95","79397469"
"chr9","88746845","88747152","GL873520","20611705","20612004","84","68135140"
"chr9","89856622","89856886","GL873564","8111869","8112128","82","81744753"
"chr9","89873078","89873373","GL873807","378787","379071","77","89494291"
"chr9","89941002","89941291","GL873807","378787","379071","79","89562215"
"chr9","90176913","90177231","GL873532","29369734","29370037","90","60807179"
"chr9","90303329","90303627","GL873545","12502931","12503218","116","77800398"
"chr9","90607043","90607331","GL873635","3143338","3143625","68","87463705"
"chr9","90804030","90804327","GL873592","3504292","3504588","73","87299738"
"chr9","90823729","90823867","GL873617","6429598","6429710","60","84394131"
"chr9","91578273","91578571","GL873533","9671302","9671560","90","81906971"
"chr9","91659393","91659493","GL873529","9635583","9635702","45","82023810"
"chr9","92142173","92142481","GL873615","2242583","2242882","81","89899590"
"chr9","93149909","93150197","GL873615","5164234","5164521","68","87985675"
"chr9","93837114","93837390","GL873525","43871699","43871974","88","49965415"
"chr9","93843801","93844019","GL873538","2103378","2103585","67","91740423"
"chr9","94246406","94246707","GL873535","29467371","29467653","71","64779035"
"chr9","94254965","94255252","GL873536","6183235","6183517","70","88071730"
"chr9","94283007","94283291","GL873807","378787","379071","65","93904220"
"chr9","94371170","94371455","GL873533","16134333","16134623","75","78236837"
"chr9","94409657","94409949","GL873807","378787","379071","74","94030870"
"chr9","94646180","94646461","GL873544","21012867","21013121","70","73633313"
"chr9","95041726","95041987","GL873671","1882360","1882615","75","93159366"
"chr9","95121367","95121645","GL873544","19151818","19152093","69","75969549"
"chr9","95425205","95425480","GL873526","11694917","11695169","83","83730288"
"chr9","95811286","95811578","GL873560","5671813","5672100","80","90139473"
"chr9","96463827","96464111","GL873533","16134333","16134623","76","80329494"
"chr9","96568569","96568759","GL873530","11536409","11536598","64","85032160"
"chr9","97275010","97275302","GL873635","3143338","3143625","74","94131672"
"chr9","97834634","97834918","GL873807","378787","379071","72","97455847"
"chr9","98157616","98157912","GL873564","8111869","8112128","93","90045747"
"chr9","98291302","98291591","GL873807","378787","379071","74","97912515"
"chr9","98710569","98710867","GL873532","29369734","29370037","77","69340835"
"chr9","98776367","98776669","GL873532","29369734","29370037","80","69406633"
"chr9","98786730","98786964","GL873534","6499556","6499790","70","92287174"
"chr9","98787289","98787499","GL873744","926494","926690","68","97860795"
"chr9","98899874","98900146","GL873526","44043","44310","75","98855831"
"chr9","99014639","99014947","GL873639","638719","639018","84","98375920"
"chr9","99543634","99543925","GL873560","5671813","5672100","74","93871821"
"chr9","100380412","100380698","GL873531","15816402","15816670","77","84564010"
"chr9","100399700","100399811","GL873520","2151025","2151139","51","98248675"
"chr9","100400134","100400183","GL873812","573691","573747","21","99826443"
"chr9","100454477","100454745","GL873531","15816402","15816670","78","84638075"
"chr9","100458182","100458423","GL873618","3344163","3344386","77","97114019"
"chr9","100475077","100475333","GL873530","24066432","24066694","88","76408645"
"chr9","100569416","100569737","GL873633","6680180","6680479","89","93889236"
"chr9","100604827","100605145","GL873615","2242583","2242882","92","98362244"
"chr9","100727001","100727301","GL873525","31608445","31608738","79","69118556"
"chr9","100762725","100762987","GL873538","4784269","4784514","72","95978456"
"chr9","100784293","100784599","GL873520","20611705","20612004","72","80172588"
"chr9","100938832","100939122","GL873807","378787","379071","74","100560045"
"chr9","101320102","101320389","GL873532","29369734","29370037","89","71950368"
"chr9","101439073","101439365","GL873635","3143338","3143625","77","98295735"
"chr9","101571347","101571643","GL873533","16134333","16134623","82","85437014"
"chr9","101649096","101649257","GL873573","561846","562000","49","101087250"
"chr9","101737534","101737841","GL873615","5164234","5164521","79","96573300"
"chr9","101791412","101791704","GL873589","9310653","9310947","74","92480759"
"chr9","101814300","101814590","GL873652","2538738","2539020","69","99275562"
"chr9","101978326","101978626","GL873645","923581","923868","80","101054745"
"chr9","101980396","101980690","GL873712","758777","759067","78","101221619"
"chr9","102175654","102175933","GL873535","29467371","29467653","86","72708283"
"chr9","102286922","102287190","GL873538","4784269","4784514","73","97502653"
"chr9","102313328","102313634","GL873532","29369734","29370037","80","72943594"
"chr9","102429127","102429333","GL873523","24830084","24830304","67","77599043"
"chr9","102445786","102446077","GL873652","2538738","2539020","72","99907048"
"chr9","102591986","102592272","GL873533","16134333","16134623","77","86457653"
"chr9","102656196","102656491","GL873592","3504292","3504588","78","99151904"
"chr9","102991418","102991703","GL873807","378787","379071","72","102612631"
"chr9","103550023","103550313","GL873533","16134333","16134623","76","87415690"
"chr9","104255796","104256091","GL873807","378787","379071","78","103877009"
"chr9","105446635","105446899","GL873520","70969998","70970267","77","34476637"
"chr9","105491572","105491673","GL873526","6493783","6493858","39","98997789"
"chr9","105848724","105849017","GL873726","1557093","1557383","80","104291631"
"chr9","106514577","106514809","GL873700","1267399","1267642","76","105247178"
"chr9","106973428","106973705","GL873607","5526364","5526636","79","101447064"
"chr9","107018824","107018940","GL873563","6278566","6278672","54","100740258"
"chr9","107070721","107071028","GL873532","29369734","29370037","72","77700987"
"chr9","107078164","107078457","GL873807","378787","379071","71","106699377"
"chr9","107247421","107247709","GL873807","378787","379071","61","106868634"
"chr9","107380748","107381051","GL873615","2242583","2242882","80","105138165"
"chr9","107419159","107419444","GL873560","5671813","5672100","76","101747346"
"chr9","107792317","107792627","GL873532","29369734","29370037","79","78422583"
"chr9","107844022","107844328","GL873530","8252980","8253273","83","99591042"
"chr9","108533902","108534192","GL873645","923581","923868","75","107610321"
"chr9","108583332","108583620","GL873526","17185395","17185660","74","91397937"
"chr9","108657199","108657496","GL873639","638719","639018","71","108018480"
"chr9","108775153","108775448","GL873615","5164234","5164521","78","103610919"
"chr9","109498104","109498395","GL873560","1046330","1046605","74","108451774"
"chr9","109613623","109613802","GL873536","10089167","10089339","58","99524456"
"chr9","110786460","110786726","GL873526","11694917","11695169","77","99091543"
"chr9","110930819","110931103","GL873635","3143338","3143625","76","107787481"
"chr9","111133242","111133539","GL873712","758777","759067","75","110374465"
"chr9","111239916","111240212","GL873652","2538738","2539020","75","108701178"
"chr9","111274589","111274672","GL873780","151869","151943","25","111122720"
"chr9","111274942","111275159","GL873558","5090920","5091134","56","106184022"
"chr9","111312362","111312480","GL873525","6607619","6607730","27","104704743"
"chr9","111376607","111376820","GL873523","24830084","24830304","67","86546523"
"chr9","111393286","111393578","GL873536","6183235","6183517","71","105210051"
"chr9","111397710","111397939","GL873534","6499556","6499790","66","104898154"
"chr9","111407582","111407869","GL873807","378787","379071","71","111028795"
"chr9","111706950","111707250","GL873532","29369734","29370037","75","82337216"
"chr9","111719757","111720060","GL873532","29369734","29370037","76","82350023"
"chr9","111788420","111788709","GL873647","344182","344454","77","111444238"
"chr9","111856427","111856699","GL873520","30119082","30119327","92","81737345"
"chr9","112073244","112073545","GL873807","378787","379071","79","111694457"
"chr9","112225101","112225407","GL873530","8252980","8253273","79","103972121"
"chr9","112291551","112291855","GL873532","29369734","29370037","75","82921817"
"chr9","112356645","112356931","GL873807","378787","379071","79","111977858"
"chr9","112383222","112383524","GL873532","29369734","29370037","72","83013488"
"chr9","112766788","112767095","GL873645","923581","923868","73","111843207"
"chr9","113079627","113079927","GL873525","31608445","31608738","78","81471182"
"chr9","113268732","113269040","GL873536","6183235","6183517","85","107085497"
"chr9","113353654","113353949","GL873807","378787","379071","70","112974867"
"chr9","113358659","113358949","GL873589","9310653","9310947","84","104048006"
"chr9","113368357","113368653","GL873539","25522195","25522485","81","87846162"
"chr9","113435734","113436024","GL873807","378787","379071","75","113056947"
"chr9","113489604","113489893","GL873536","6183235","6183517","75","107306369"
"chr9","113533781","113534072","GL873807","378787","379071","71","113154994"
"chr9","113677512","113677805","GL873536","6183235","6183517","75","107494277"
"chr9","113712375","113712669","GL873527","33196263","33196548","81","80516112"
"chr9","114110639","114110920","GL873531","15816402","15816670","72","98294237"
"chr9","114112888","114113181","GL873807","378787","379071","73","113734101"
"chr9","114140101","114140395","GL873533","16134333","16134623","80","98005768"
"chr9","114216183","114216475","GL873712","758777","759067","84","113457406"
"chr9","114235458","114235749","GL873633","6680180","6680479","83","107555278"
"chr9","114298161","114298252","GL873799","235420","235499","35","114062741"
"chr9","114298561","114298865","GL873711","600516","600812","85","113698045"
"chr9","114312616","114312900","GL873807","378787","379071","72","113933829"
"chr9","114317572","114317662","GL873523","24829332","24829385","43","89488240"
"chr9","114373809","114374096","GL873529","2737581","2737856","75","111636228"
"chr9","114427119","114427364","GL873637","4379152","4379361","90","110047967"
"chr9","114462858","114463124","GL873673","4474890","4475153","72","109987968"
"chr9","114607257","114607544","GL873615","5164234","5164521","68","109443023"
"chr9","114635174","114635463","GL873526","22863004","22863298","66","91772170"
"chr9","114640241","114640537","GL873633","6680180","6680479","79","107960061"
"chr9","114641592","114641662","GL873662","1216517","1216580","19","113425075"
"chr9","114730414","114730700","GL873807","378787","379071","68","114351627"
"chr9","114808236","114808536","GL873592","3504292","3504588","82","111303944"
"chr9","114984910","114985197","GL873529","2737581","2737856","72","112247329"
"chr9","114991323","114991606","GL873560","5671813","5672100","74","109319510"
"chr9","115012610","115012904","GL873589","9310653","9310947","75","105701957"
"chr9","115102790","115103089","GL873635","3143338","3143625","81","111959452"
"chr9","115301856","115302142","GL873527","33196263","33196548","76","82105593"
"chr9","115661761","115662051","GL873526","22863004","22863298","77","92798757"
"chr9","115737187","115737484","GL873807","378787","379071","70","115358400"
"chr9","116611055","116611314","GL873544","4458562","4458812","81","112152493"
"chr9","116646034","116646315","GL873807","378787","379071","76","116267247"
"chr9","117489124","117489417","GL873615","5164234","5164521","71","112324890"
"chr9","117754025","117754183","GL873573","561846","562000","44","117192179"
"chr9","118890435","118890702","GL873538","4784269","4784514","77","114106166"
"chr9","118943576","118943878","GL873532","29369734","29370037","86","89573842"
"chr9","119362400","119362697","GL873712","758777","759067","80","118603623"
"chr9","119456916","119457200","GL873652","2538738","2539020","76","116918178"
"chr9","119457235","119457422","GL873649","2198171","2198363","59","117259064"
"chr9","119761733","119761805","GL873524","40199622","40199689","22","79562111"
"chr9","119797113","119797300","GL873654","829106","829286","60","118968007"
"chr9","120637666","120637927","GL873700","1267399","1267642","77","119370267"
"chr9","120792338","120792613","GL873607","5526364","5526636","84","115265974"
"chr9","120975875","120976188","GL873569","11036395","11036693","83","109939480"
"chr9","122874020","122874314","GL873549","7247349","7247622","88","115626671"
"chr9","122937596","122937679","GL873799","235420","235499","24","122702176"
"chr9","123052079","123052372","GL873652","2538738","2539020","81","120513341"
"chr9","123752221","123752523","GL873712","758777","759067","82","122993444"
"chr9","123794482","123794757","GL873526","17185395","17185660","81","106609087"
"chr9","123873992","123874287","GL873532","29369734","29370037","77","94504258"
"chr9","123946507","123946811","GL873592","3504292","3504588","86","120442215"
"chr9","124136648","124136930","GL873652","2538738","2539020","79","121597910"
"chrX","63438770","63439080","GL873615","2242583","2242882","91","61196187"
"chrX","54978","55157","GL873728","590192","590366","54","535214"
"chrX","152785","152922","GL873538","24528568","24528730","59","24375783"
"chrX","200705","200950","GL873561","14329867","14330129","79","14129162"
"chrX","259059","259234","GL873728","590192","590366","50","331133"
"chrX","259503","259623","GL873525","6607619","6607730","38","6348116"
"chrX","381191","381502","GL873531","743580","743873","76","362389"
"chrX","552387","552461","GL873524","40199622","40199689","23","39647235"
"chrX","573001","573274","GL873807","378787","379071","86","194214"
"chrX","598913","599221","GL873711","600516","600812","86","1603"
"chrX","1575535","1575834","GL873645","923581","923868","68","651954"
"chrX","2531685","2531981","GL873532","29369734","29370037","81","26838049"
"chrX","3280871","3281156","GL873533","16134333","16134623","80","12853462"
"chrX","5268706","5268868","GL873672","1567049","1567194","55","3701657"
"chrX","6263017","6263296","GL873534","15455935","15456215","80","9192918"
"chrX","6299863","6300148","GL873807","378787","379071","77","5921076"
"chrX","6456918","6457211","GL873807","378787","379071","69","6078131"
"chrX","7545618","7545920","GL873527","33196263","33196548","80","25650645"
"chrX","7547896","7548190","GL873533","16134333","16134623","72","8586437"
"chrX","7681136","7681375","GL873772","558391","558592","80","7122745"
"chrX","8031164","8031449","GL873712","758777","759067","80","7272387"
"chrX","8346065","8346355","GL873635","3143338","3143625","73","5202727"
"chrX","9722486","9722789","GL873807","378787","379071","78","9343699"
"chrX","13219979","13220272","GL873696","323840","324122","84","12896139"
"chrX","13222781","13223084","GL873520","20611705","20612004","81","7388924"
"chrX","13435205","13435433","GL873645","4984041","4984262","70","8451164"
"chrX","13710435","13710742","GL873615","2242583","2242882","77","11467852"
"chrX","14010481","14010623","GL873814","114306","114462","49","13896175"
"chrX","14010716","14010864","GL873549","5333448","5333610","54","8677268"
"chrX","14382571","14382862","GL873533","16134333","16134623","80","1751762"
"chrX","14390258","14390565","GL873532","29369734","29370037","91","14979476"
"chrX","15123364","15123529","GL873768","208772","208940","43","14914592"
"chrX","15631707","15632017","GL873530","8252980","8253273","79","7378727"
"chrX","17066475","17066773","GL873652","2538738","2539020","81","14527737"
"chrX","17111868","17112163","GL873807","378787","379071","76","16733081"
"chrX","17114825","17115113","GL873807","378787","379071","76","16736038"
"chrX","17391706","17392008","GL873592","3504292","3504588","80","13887414"
"chrX","17609227","17609488","GL873520","70969998","70970267","67","53360771"
"chrX","17827206","17827496","GL873560","5671813","5672100","76","12155393"
"chrX","18242901","18243176","GL873544","19151818","19152093","78","908917"
"chrX","18263928","18264139","GL873533","28073656","28073870","61","9809728"
"chrX","18528253","18528546","GL873633","6680180","6680479","74","11848073"
"chrX","18545095","18545402","GL873532","29369734","29370037","77","10824639"
"chrX","19807020","19807283","GL873564","8111869","8112128","81","11695151"
"chrX","21255437","21255731","GL873555","4492561","4492852","89","16762876"
"chrX","21880850","21881083","GL873645","4984041","4984262","72","16896809"
"chrX","22046972","22047248","GL873652","2538738","2539020","73","19508234"
"chrX","22297246","22297542","GL873592","3504292","3504588","70","18792954"
"chrX","22486417","22486690","GL873671","1882360","1882615","73","20604057"
"chrX","22767750","22768056","GL873532","29369734","29370037","68","6601984"
"chrX","22841755","22841928","GL873728","590192","590366","52","22251563"
"chrX","22939460","22939749","GL873807","378787","379071","75","22560673"
"chrX","23101186","23101260","GL873524","40199622","40199689","20","17098436"
"chrX","24271816","24272108","GL873652","2538738","2539020","69","21733078"
"chrX","25438829","25439104","GL873534","15455935","15456215","91","9982894"
"chrX","26268954","26269237","GL873548","15989743","15990030","81","10279211"
"chrX","27035830","27036130","GL873615","2242583","2242882","79","24793247"
"chrX","27227872","27228172","GL873532","29369734","29370037","88","2141862"
"chrX","27969286","27969564","GL873526","11694917","11695169","84","16274369"
"chrX","28070542","28070824","GL873807","378787","379071","77","27691755"
"chrX","28400939","28401247","GL873615","2242583","2242882","81","26158356"
"chrX","28497261","28497550","GL873807","378787","379071","73","28118474"
"chrX","28538576","28538879","GL873532","29369734","29370037","74","831158"
"chrX","28588922","28589219","GL873532","29369734","29370037","78","780812"
"chrX","29126835","29127116","GL873544","19151818","19152093","80","9975017"
"chrX","29371024","29371317","GL873615","5164234","5164521","74","24206790"
"chrX","29371356","29371622","GL873671","1882360","1882615","72","27488996"
"chrX","29391338","29391636","GL873639","638719","639018","79","28752619"
"chrX","29898477","29898778","GL873532","29369734","29370037","73","528743"
"chrX","30423619","30423901","GL873615","2242583","2242882","77","28181036"
"chrX","30753727","30754020","GL873592","3504292","3504588","79","27249435"
"chrX","31713071","31713357","GL873807","378787","379071","78","31334284"
"chrX","31857548","31857847","GL873807","378787","379071","74","31478761"
"chrX","32951769","32952078","GL873532","29369734","29370037","85","3582035"
"chrX","34236385","34236452","GL873662","1216517","1216580","15","33019868"
"chrX","34543579","34543862","GL873520","20611705","20612004","88","13931874"
"chrX","34547320","34547625","GL873548","15989743","15990030","75","18557577"
"chrX","34558391","34558690","GL873807","378787","379071","74","34179604"
"chrX","34569757","34570047","GL873525","31608445","31608738","76","2961312"
"chrX","34973694","34973924","GL873786","1119085","1119310","68","33854609"
"chrX","35216966","35217081","GL873525","6607619","6607730","31","28609347"
"chrX","35371878","35372168","GL873645","923581","923868","80","34448297"
"chrX","35798072","35798356","GL873589","9310653","9310947","80","26487419"
"chrX","36045351","36045658","GL873532","29369734","29370037","68","6675617"
"chrX","36173599","36173919","GL873548","15989743","15990030","90","20183856"
"chrX","36262179","36262475","GL873615","2242583","2242882","82","34019596"
"chrX","38973640","38973944","GL873712","758777","759067","88","38214863"
"chrX","39054869","39055164","GL873652","2538738","2539020","69","36516131"
"chrX","39374178","39374473","GL873645","923581","923868","83","38450597"
"chrX","39467683","39467967","GL873615","2242583","2242882","82","37225100"
"chrX","39469505","39469578","GL873606","413534","413591","28","39055971"
"chrX","39589786","39590078","GL873652","2538738","2539020","66","37051048"
"chrX","39841356","39841661","GL873532","29369734","29370037","74","10471622"
"chrX","39878924","39879233","GL873523","21098831","21099120","88","18780093"
"chrX","39908774","39909079","GL873615","2242583","2242882","79","37666191"
"chrX","40000574","40000887","GL873531","743580","743873","84","39256994"
"chrX","40161552","40161856","GL873584","10767629","10767932","76","29393923"
"chrX","42132354","42132664","GL873615","2242583","2242882","84","39889771"
"chrX","42587938","42588246","GL873548","15989743","15990030","81","26598195"
"chrX","43329305","43329595","GL873807","378787","379071","68","42950518"
"chrX","43440146","43440447","GL873532","29369734","29370037","84","14070412"
"chrX","43622210","43622505","GL873611","3648898","3649188","74","39973312"
"chrX","43643463","43643635","GL873530","11536409","11536598","59","32107054"
"chrX","43695693","43695991","GL873525","31608445","31608738","79","12087248"
"chrX","43712658","43712954","GL873520","23993282","23993576","75","19719376"
"chrX","43748832","43749117","GL873807","378787","379071","70","43370045"
"chrX","44004209","44004515","GL873530","8252980","8253273","82","35751229"
"chrX","44029839","44030008","GL873608","3484994","3485156","45","40544845"
"chrX","44627340","44627649","GL873532","29369734","29370037","82","15257606"
"chrX","44824222","44824517","GL873726","1557093","1557383","76","43267129"
"chrX","44860838","44861125","GL873807","378787","379071","75","44482051"
"chrX","44880167","44880458","GL873536","6183235","6183517","74","38696932"
"chrX","44976596","44976687","GL873799","235420","235499","26","44741176"
"chrX","45221415","45221592","GL873728","590192","590366","55","44631223"
"chrX","45435059","45435350","GL873807","378787","379071","68","45056272"
"chrX","45918373","45918652","GL873585","115904","116160","85","45802469"
"chrX","46216182","46216469","GL873652","2538738","2539020","72","43677444"
"chrX","46226814","46226942","GL873629","3057379","3057506","34","43169435"
"chrX","46523360","46523659","GL873633","6680180","6680479","77","39843180"
"chrX","46575918","46576206","GL873807","378787","379071","78","46197131"
"chrX","46602045","46602340","GL873533","16134333","16134623","79","30467712"
"chrX","46700227","46700329","GL873563","6278566","6278672","50","40421661"
"chrX","46879070","46879384","GL873532","29369734","29370037","80","17509336"
"chrX","47058147","47058438","GL873726","1557093","1557383","74","45501054"
"chrX","47158227","47158520","GL873536","6183235","6183517","69","40974992"
"chrX","47285192","47285489","GL873615","2242583","2242882","75","45042609"
"chrX","47291923","47292214","GL873726","1557093","1557383","76","45734830"
"chrX","47528096","47528389","GL873560","1046330","1046605","82","46481766"
"chrX","47636236","47636364","GL873629","3057379","3057506","35","44578857"
"chrX","47682328","47682377","GL873812","573691","573747","20","47108637"
"chrX","47719166","47719445","GL873600","6358350","6358621","79","41360816"
"chrX","47750519","47750607","GL873799","235420","235499","27","47515099"
"chrX","47783857","47784158","GL873645","923581","923868","76","46860276"
"chrX","48024704","48024991","GL873807","378787","379071","71","47645917"
"chrX","49038806","49039115","GL873531","743580","743873","74","48295226"
"chrX","49223478","49223772","GL873652","2538738","2539020","78","46684740"
"chrX","49893217","49893518","GL873639","638719","639018","74","49254498"
"chrX","50027315","50027467","GL873538","24528568","24528730","50","25498747"
"chrX","50201834","50202127","GL873807","378787","379071","72","49823047"
"chrX","50779498","50779791","GL873807","378787","379071","77","50400711"
"chrX","51008774","51009064","GL873807","378787","379071","70","50629987"
"chrX","51114549","51114851","GL873532","29369734","29370037","76","21744815"
"chrX","51178114","51178412","GL873545","12502931","12503218","72","38675183"
"chrX","51468962","51469218","GL873564","8111869","8112128","81","43357093"
"chrX","51553898","51554166","GL873537","26407623","26407869","88","25146275"
"chrX","51748413","51748476","GL873537","28066052","28066115","12","23682361"
"chrX","51758822","51759110","GL873615","2242583","2242882","76","49516239"
"chrX","51865523","51865824","GL873615","2242583","2242882","80","49622940"
"chrX","52015411","52015493","GL873799","235420","235499","24","51779991"
"chrX","52114347","52114565","GL873520","30119082","30119327","85","21995265"
"chrX","52380585","52380840","GL873520","70969998","70970267","76","18589413"
"chrX","52944438","52944741","GL873615","2242583","2242882","76","50701855"
"chrX","53954664","53954952","GL873569","5489766","5490051","81","48464898"
"chrX","57366001","57366295","GL873807","378787","379071","79","56987214"
"chrX","57871467","57871741","GL873526","11694917","11695169","72","46176550"
"chrX","60160238","60160567","GL873611","3648898","3649188","93","56511340"
"chrX","60227414","60227681","GL873807","378787","379071","74","59848627"
"chrX","61980113","61980413","GL873807","378787","379071","80","61601326"
"chrX","62324036","62324329","GL873609","1717159","1717438","81","60606877"
"chrX","62717322","62717630","GL873645","923581","923868","76","61793741"
"chrX","62776688","62776976","GL873536","6183235","6183517","75","56593453"
"chrX","62866254","62866398","GL873629","3057379","3057506","44","59808875"
"chrX","63078851","63079149","GL873807","378787","379071","87","62700064"
"chrX","63096851","63097096","GL873598","6925865","6926121","75","56170986"
"chrX","63185143","63185499","GL873531","11880361","11880661","118","51304782"
"chrX","63221116","63221402","GL873807","378787","379071","67","62842329"
"chrX","63250376","63250563","GL873536","10089167","10089339","53","53161209"
"chrX","63595300","63595474","GL873573","561846","562000","62","63033454"
"chrX","64102302","64102594","GL873807","378787","379071","69","63723515"
"chrX","65155888","65156001","GL873525","6607619","6607730","27","58548269"
"chrX","65623246","65623529","GL873525","31608445","31608738","77","34014801"
"chrX","66011182","66011452","GL873807","378787","379071","73","65632395"
"chrX","66156537","66156831","GL873712","758777","759067","79","65397760"
"chrX","68048791","68049017","GL873808","29232","29435","87","68019559"
"chrX","68559415","68559709","GL873532","29369734","29370037","77","39189681"
"chrX","68976415","68976723","GL873545","12502931","12503218","84","56473484"
"chrX","69340894","69341169","GL873531","15816402","15816670","78","53524492"
"chrX","69630538","69630825","GL873615","5164234","5164521","75","64466304"
"chrX","70158688","70158987","GL873532","29369734","29370037","74","40788954"
"chrX","71620049","71620366","GL873532","29369734","29370037","92","42250315"
"chrX","71999307","71999609","GL873520","20611705","20612004","74","51387602"
"chrX","73213724","73213757","GL873585","1653672","1653707","15","71560052"
"chrX","73432005","73432312","GL873558","11729886","11730160","94","61702119"
"chrX","73755765","73756058","GL873606","1584393","1584659","103","72171372"
"chrX","77078402","77078690","GL873560","5671813","5672100","85","71406589"
"chrX","78111113","78111417","GL873615","2242583","2242882","81","75868530"
"chrX","78770701","78771003","GL873523","21098831","21099120","85","57671870"
"chrX","79577449","79577744","GL873532","29369734","29370037","78","50207715"
"chrX","80189565","80189874","GL873532","29369734","29370037","85","50819831"
"chrX","81469426","81469646","GL873523","24830084","24830304","66","56639342"
"chrX","81637296","81637585","GL873615","5164234","5164521","74","76473062"
"chrX","81697039","81697329","GL873807","378787","379071","69","81318252"
"chrX","81702087","81702376","GL873807","378787","379071","78","81323300"
"chrX","81780781","81781070","GL873635","3143338","3143625","73","78637443"
"chrX","81854602","81854900","GL873807","378787","379071","70","81475815"
"chrX","83126485","83126758","GL873807","378787","379071","73","82747698"
"chrX","83508976","83509283","GL873532","29369734","29370037","77","54139242"
"chrX","84243778","84244081","GL873532","29369734","29370037","87","54874044"
"chrX","85813603","85813897","GL873652","2538738","2539020","72","83274865"
"chrX","85932235","85932478","GL873530","24066432","24066694","82","61865803"
"chrX","86371890","86372075","GL873728","590192","590366","56","85781698"
"chrX","86631173","86631473","GL873652","2538738","2539020","71","84092435"
"chrX","86661583","86661659","GL873662","1216517","1216580","24","85445066"
"chrX","86934182","86934488","GL873584","10767629","10767932","78","76166553"
"chrX","89449097","89449401","GL873532","29369734","29370037","75","60079363"
"chrX","89783610","89783916","GL873532","29369734","29370037","77","60413876"
"chrX","89840099","89840401","GL873532","29369734","29370037","74","60470365"
"chrX","89993827","89993997","GL873552","11439967","11440139","65","78553860"
"chrX","90187582","90187891","GL873712","758777","759067","80","89428805"
"chrX","90316095","90316405","GL873615","2242583","2242882","82","88073512"
"chrX","90331339","90331543","GL873608","3484994","3485156","86","86846345"
"chrX","90366178","90366467","GL873536","6183235","6183517","80","84182943"
"chrX","90520641","90520925","GL873558","11729886","11730160","73","78790755"
"chrX","90728292","90728577","GL873536","6183235","6183517","73","84545057"
"chrX","90816444","90816742","GL873615","2242583","2242882","73","88573861"
"chrX","91703413","91703721","GL873633","6680180","6680479","78","85023233"
"chrX","91786072","91786364","GL873592","3504292","3504588","72","88281780"
"chrX","91944118","91944405","GL873807","378787","379071","68","91565331"
"chrX","92019351","92019640","GL873807","378787","379071","85","91640564"
"chrX","92152327","92152575","GL873538","4784269","4784514","74","87368058"
"chrX","92904211","92904498","GL873531","15816402","15816670","80","77087809"
"chrX","92997301","92997423","GL873672","1567049","1567194","54","91430252"
"chrX","92997446","92997485","GL873619","4427770","4427819","21","88569676"
"chrX","92998081","92998369","GL873807","378787","379071","71","92619294"
"chrX","93121927","93122223","GL873592","3504292","3504588","79","89617635"
"chrX","93125246","93125535","GL873807","378787","379071","64","92746459"
"chrX","93970414","93970714","GL873545","12502931","12503218","79","81467483"
"chrX","94088042","94088337","GL873652","2538738","2539020","77","91549304"
"chrX","95875611","95875742","GL873572","8292948","8293070","48","87582663"
"chrX","96207130","96207226","GL873523","24829332","24829385","48","71377798"
"chrX","96232986","96233283","GL873807","378787","379071","76","95854199"
"chrX","96269436","96269734","GL873633","6680180","6680479","76","89589256"
"chrX","96345772","96345988","GL873683","490677","490883","68","95855095"
"chrX","96351705","96351960","GL873671","1882360","1882615","71","94469345"
"chrX","96471186","96471379","GL873530","11536409","11536598","68","84934777"
"chrX","96471615","96471746","GL873529","9635583","9635702","43","86836032"
"chrX","97317922","97318215","GL873807","378787","379071","73","96939135"
"chrX","98105523","98105817","GL873611","3648898","3649188","76","94456625"
"chrX","98327266","98327560","GL873807","378787","379071","71","97948479"
"chrX","98465194","98465472","GL873526","36197662","36197938","82","62267532"
"chrX","98520603","98520908","GL873530","8252980","8253273","82","90267623"
"chrX","99559244","99559466","GL873645","4984041","4984262","66","94575203"
"chrX","101281426","101281735","GL873633","6680180","6680479","80","94601246"
"chrX","101300386","101300699","GL873525","31608445","31608738","86","69691941"
"chrX","102049752","102050044","GL873652","2538738","2539020","76","99511014"
"chrX","103355822","103356091","GL873533","9671302","9671560","82","93684520"
"chrX","103657509","103657823","GL873532","29369734","29370037","80","74287775"
"chrX","104507620","104507920","GL873527","2332695","2332980","78","102174925"
"chrX","104688329","104688622","GL873615","2242583","2242882","74","102445746"
"chrX","106593188","106593440","GL873544","21012867","21013121","84","85580321"
"chrX","106621121","106621420","GL873532","29369734","29370037","74","77251387"
"chrX","106858845","106859124","GL873807","378787","379071","69","106480058"
"chrX","107174871","107175171","GL873646","3489451","3489745","79","103685420"
"chrX","107455338","107455509","GL873536","10089167","10089339","54","97366171"
"chrX","107497117","107497401","GL873671","886108","886393","75","106611009"
"chrX","107621549","107621836","GL873635","3143338","3143625","78","104478211"
"chrX","107856645","107856932","GL873615","5164234","5164521","72","102692411"
"chrX","107869993","107870282","GL873635","3143338","3143625","69","104726655"
"chrX","107887518","107887833","GL873639","638719","639018","84","107248799"
"chrX","108039884","108040179","GL873639","638719","639018","74","107401165"
"chrX","108049178","108049480","GL873623","7055444","7055732","75","100993734"
"chrX","110697530","110697819","GL873671","4340632","4340927","77","106356898"
"chrX","111408022","111408327","GL873807","378787","379071","85","111029235"
"chrX","111633326","111633635","GL873615","2242583","2242882","78","109390743"
"chrX","111655773","111656061","GL873647","344182","344454","80","111311591"
"chrX","111703460","111703760","GL873536","6183235","6183517","75","105520225"
"chrX","111730456","111730706","GL873671","1882360","1882615","73","109848096"
"chrX","111867762","111867889","GL873548","16247733","16247866","45","95620029"
"chrX","111925703","111926027","GL873711","600516","600812","88","111325187"
"chrX","112011547","112011839","GL873807","378787","379071","67","111632760"
"chrX","112073764","112074060","GL873623","7055444","7055732","74","105018320"
"chrX","112542854","112543158","GL873532","29369734","29370037","76","83173120"
"chrX","112743621","112743915","GL873553","1912528","1912825","78","110831093"
"chrX","114685777","114686056","GL873807","378787","379071","75","114306990"
"chrX","115625180","115625439","GL873531","4102790","4103038","70","111522390"
"chrX","117398161","117398473","GL873531","743580","743873","82","116654581"
"chrX","117546390","117546661","GL873520","70969998","70970267","78","46576392"
"chrX","117723311","117723611","GL873529","17495636","17495928","78","100227675"
"chrX","118045085","118045281","GL873731","1122838","1123027","50","116922247"
"chrX","118201457","118201750","GL873520","23993282","23993576","77","94208175"
"chrX","119628766","119629057","GL873807","378787","379071","80","119249979"
"chrX","119675885","119676173","GL873807","378787","379071","70","119297098"
"chrX","121012261","121012435","GL873608","3484994","3485156","53","117527267"
"chrX","121518849","121519154","GL873631","1463608","1463909","81","120055241"
"chrX","121632375","121632651","GL873807","378787","379071","79","121253588"
"chrX","121885681","121885989","GL873531","743580","743873","89","121142101"
"chrX","122333048","122333343","GL873635","3143338","3143625","69","119189710"
"chrX","122759632","122759909","GL873564","8111869","8112128","79","114647763"
"chrX","122827523","122827842","GL873592","3504292","3504588","87","119323231"
"chrX","122982867","122983028","GL873587","2344327","2344496","61","120638540"
"chrX","122983843","122983926","GL873799","235420","235499","27","122748423"
"chrX","123295933","123296231","GL873532","29369734","29370037","79","93926199"
"chrX","123721441","123721741","GL873527","33196263","33196548","80","90525178"
"chrX","124588183","124588481","GL873532","29369734","29370037","73","95218449"
"chrX","124632333","124632499","GL873608","3484994","3485156","45","121147339"
"chrX","124722781","124723077","GL873532","29369734","29370037","74","95353047"
"chrX","125147061","125147175","GL873525","6607619","6607730","40","118539442"
"chrX","125317242","125317382","GL873563","6278566","6278672","61","119038676"
"chrX","125391786","125392077","GL873615","5164234","5164521","78","120227552"
"chrX","125514476","125514758","GL873752","304509","304789","92","125209967"
"chrX","126298605","126298913","GL873711","600516","600812","80","125698089"
"chrX","126441041","126441328","GL873726","1557093","1557383","75","124883948"
"chrX","126566311","126566443","GL873617","6429598","6429710","64","120136713"
"chrX","127406691","127406987","GL873525","31608445","31608738","80","95798246"
"chrX","127477320","127477610","GL873807","378787","379071","74","127098533"
"chrX","127671019","127671326","GL873531","743580","743873","82","126927439"
"chrX","127718847","127719140","GL873532","29369734","29370037","76","98349113"
"chrX","127723527","127723836","GL873530","8252980","8253273","86","119470547"
"chrX","127833839","127834124","GL873712","758777","759067","85","127075062"
"chrX","128331478","128331759","GL873544","19151818","19152093","75","109179660"
"chrX","128946764","128947060","GL873605","211678","211971","77","128735086"
"chrX","130900056","130900363","GL873633","6680180","6680479","76","124219876"
"chrX","130985605","130985865","GL873526","11694917","11695169","72","119290688"
"chrX","131702597","131702881","GL873807","378787","379071","75","131323810"
"chrX","131762478","131762783","GL873639","638719","639018","84","131123759"
"chrX","132670176","132670483","GL873531","743580","743873","78","131926596"
"chrX","134326464","134326623","GL873652","2033772","2033917","72","132292692"
"chrX","134330841","134331000","GL873652","2033772","2033917","72","132297069"
"chrX","134337009","134337166","GL873522","36553653","36553775","73","97783356"
"chrX","134385553","134385714","GL873520","2151025","2151139","75","132234528"
"chrX","134393385","134393538","GL873677","3241750","3241856","68","131151635"
"chrX","136021732","136022019","GL873572","5333658","5333936","86","130688074"
"chrX","136232955","136233083","GL873563","6278566","6278672","61","129954389"
"chrX","137948771","137949063","GL873646","3489451","3489745","71","134459320"
"chrX","138543198","138543352","GL873610","7088038","7088189","48","131455160"
"chrX","138576061","138576346","GL873592","3504292","3504588","82","135071769"
"chrX","139134154","139134397","GL873671","1882360","1882615","71","137251794"
"chrX","139221112","139221383","GL873585","115904","116160","73","139105208"
"chrX","139729870","139730186","GL873615","2242583","2242882","90","137487287"
"chrX","140453439","140453751","GL873531","743580","743873","84","139709859"
"chrX","140521962","140522269","GL873645","923581","923868","80","139598381"
"chrX","140584463","140584682","GL873731","1140299","1140488","67","139444164"
"chrX","140645593","140645898","GL873700","779773","780090","97","139865820"
"chrX","140799617","140799905","GL873534","15455935","15456215","87","125343682"
"chrX","140998504","140998779","GL873585","115904","116160","90","140882600"
"chrY","177911","178161","GL873671","1882360","1882615","88","1704449"
"chrY","260998","261288","GL873573","809429","809661","114","548431"
"chrY","405457","405664","GL873654","829106","829286","66","423649"
"chrY","1034915","1035219","GL873525","31608445","31608738","72","30573530"
"chrY","2349297","2349488","GL873746","1434521","1434693","52","914776"
"chrY","2410132","2410271","GL873572","8292948","8293070","56","5882816"
"chrY","2710195","2710507","GL873548","15989743","15990030","85","13279548"
"chr10","83885826","83886104","GL873526","17185395","17185660","71","66700431"
"chr10","612221","612524","GL873615","5164234","5164521","79","4552013"
"chr10","896809","896969","GL873608","3484994","3485156","46","2588185"
"chr10","1019691","1019946","GL873564","8111869","8112128","78","7092178"
"chr10","1096343","1096505","GL873654","829106","829286","64","267237"
"chr10","1199760","1200068","GL873531","743580","743873","81","456180"
"chr10","1748807","1749052","GL873527","27812855","27813090","71","26064048"
"chr10","2130110","2130253","GL873629","3057379","3057506","41","927269"
"chr10","2391478","2391703","GL873527","27812855","27813090","73","25421377"
"chr10","2430233","2430537","GL873531","743580","743873","81","1686653"
"chr10","2863265","2863538","GL873534","15455935","15456215","87","12592670"
"chr10","3482917","3483212","GL873652","2538738","2539020","70","944179"
"chr10","4097663","4097902","GL873533","28073656","28073870","73","23975993"
"chr10","4615867","4616090","GL873523","24830084","24830304","58","20214217"
"chr10","4616503","4616584","GL873523","24829332","24829385","32","20212829"
"chr10","5012798","5013090","GL873807","378787","379071","65","4634011"
"chr10","5538442","5538661","GL873530","11536409","11536598","81","5997967"
"chr10","5703872","5704173","GL873652","2538738","2539020","77","3165134"
"chr10","5822182","5822484","GL873532","29369734","29370037","74","23547552"
"chr10","5879224","5879511","GL873807","378787","379071","68","5500437"
"chr10","6173400","6173692","GL873807","378787","379071","68","5794613"
"chr10","6193857","6194168","GL873537","28253996","28254310","89","22060139"
"chr10","6219007","6219294","GL873561","14329867","14330129","82","8110860"
"chr10","6555805","6556104","GL873532","29369734","29370037","76","22813929"
"chr10","6650904","6651197","GL873807","378787","379071","76","6272117"
"chr10","6662989","6663296","GL873520","23993282","23993576","82","17330293"
"chr10","6717068","6717362","GL873807","378787","379071","71","6338281"
"chr10","6878480","6878609","GL873525","6607619","6607730","55","270861"
"chr10","7104812","7105114","GL873639","638719","639018","72","6466093"
"chr10","7137809","7138101","GL873635","3143338","3143625","79","3994471"
"chr10","7154775","7155064","GL873623","7055444","7055732","68","99331"
"chr10","7157135","7157435","GL873548","15989743","15990030","78","8832608"
"chr10","7390636","7390937","GL873532","29369734","29370037","80","21979098"
"chr10","7402531","7402827","GL873633","6680180","6680479","82","722351"
"chr10","7492125","7492333","GL873731","1122838","1123027","57","6369287"
"chr10","7510865","7511161","GL873592","3504292","3504588","74","4006573"
"chr10","7632152","7632331","GL873728","590192","590366","57","7041960"
"chr10","7665200","7665366","GL873608","3484994","3485156","44","4180206"
"chr10","7749636","7749922","GL873807","378787","379071","81","7370849"
"chr10","7871200","7871400","GL873731","1122838","1123027","49","6748362"
"chr10","8324541","8324834","GL873807","378787","379071","77","7945754"
"chr10","8431370","8431661","GL873615","5164234","5164521","67","3267136"
"chr10","8634969","8635240","GL873520","70969998","70970267","74","62335029"
"chr10","8698739","8698871","GL873548","16247733","16247866","39","7548994"
"chr10","8730576","8730853","GL873807","378787","379071","68","8351789"
"chr10","8786843","8787090","GL873531","4102790","4103038","83","4684053"
"chr10","8846415","8846703","GL873529","2737581","2737856","71","6108834"
"chr10","9018954","9019244","GL873807","378787","379071","70","8640167"
"chr10","9113327","9113623","GL873592","3504292","3504588","75","5609035"
"chr10","9128985","9129303","GL873532","29369734","29370037","87","20240749"
"chr10","9305358","9305639","GL873536","6183235","6183517","80","3122123"
"chr10","9358735","9359030","GL873589","9310653","9310947","73","48082"
"chr10","9424057","9424360","GL873615","5164234","5164521","81","4259823"
"chr10","9448903","9449201","GL873639","638719","639018","80","8810184"
"chr10","9495311","9495580","GL873696","323840","324122","85","9171471"
"chr10","9841432","9841714","GL873807","378787","379071","76","9462645"
"chr10","10041085","10041373","GL873807","378787","379071","73","9662298"
"chr10","10129369","10129664","GL873592","3504292","3504588","80","6625077"
"chr10","10359885","10360181","GL873532","29369734","29370037","73","19009849"
"chr10","10551895","10552198","GL873633","6680180","6680479","76","3871715"
"chr10","11280784","11281088","GL873647","344182","344454","91","10936602"
"chr10","11425453","11425768","GL873532","29369734","29370037","90","17944281"
"chr10","11606238","11606539","GL873532","29369734","29370037","82","17763496"
"chr10","12472694","12472987","GL873615","5164234","5164521","74","7308460"
"chr10","12570034","12570209","GL873728","590192","590366","56","11979842"
"chr10","12596074","12596372","GL873712","758777","759067","70","11837297"
"chr10","13365104","13365349","GL873530","24066432","24066694","82","10701328"
"chr10","13441193","13441480","GL873807","378787","379071","65","13062406"
"chr10","13474793","13475100","GL873639","638719","639018","73","12836074"
"chr10","13609593","13609884","GL873807","378787","379071","68","13230806"
"chr10","13925421","13925731","GL873615","5164234","5164521","86","8761187"
"chr10","14269066","14269374","GL873639","638719","639018","77","13630347"
"chr10","14439725","14440015","GL873548","133851","134130","72","14305874"
"chr10","14528176","14528427","GL873807","378787","379071","92","14149389"
"chr10","14544721","14545016","GL873560","5671813","5672100","81","8872908"
"chr10","14721297","14721515","GL873631","2876948","2877168","79","11844349"
"chr10","14754892","14755162","GL873531","15816402","15816670","63","1061510"
"chr10","14915642","14915844","GL873607","468681","468880","78","14446961"
"chr10","15487266","15487565","GL873807","378787","379071","76","15108479"
"chr10","15796495","15796826","GL873807","378787","379071","85","15417708"
"chr10","16302098","16302403","GL873645","923581","923868","82","15378517"
"chr10","16323514","16323772","GL873540","8735863","8736130","83","7587651"
"chr10","16568805","16569108","GL873532","29369734","29370037","76","12800929"
"chr10","16645577","16645730","GL873672","1567049","1567194","57","15078528"
"chr10","16751201","16751507","GL873532","29369734","29370037","84","12618533"
"chr10","16756588","16756891","GL873615","5164234","5164521","85","11592354"
"chr10","16822141","16822435","GL873615","5164234","5164521","79","11657907"
"chr10","16963365","16963445","GL873780","151869","151943","26","16811496"
"chr10","17227932","17228227","GL873665","1381255","1381541","78","15846677"
"chr10","17282925","17283216","GL873807","378787","379071","72","16904138"
"chr10","17288293","17288504","GL873731","1122838","1123027","71","16165455"
"chr10","17289193","17289262","GL873524","40199622","40199689","18","22910429"
"chr10","17289650","17289842","GL873525","32888135","32888322","71","15598485"
"chr10","17373494","17373785","GL873807","378787","379071","65","16994707"
"chr10","17380862","17381156","GL873807","378787","379071","80","17002075"
"chr10","17456583","17456849","GL873525","43871699","43871974","83","26415116"
"chr10","17719314","17719620","GL873807","378787","379071","91","17340527"
"chr10","17798705","17798767","GL873662","1216517","1216580","18","16582188"
"chr10","17819834","17819914","GL873799","235420","235499","31","17584414"
"chr10","17885916","17886212","GL873545","12502931","12503218","82","5382985"
"chr10","18057171","18057462","GL873527","2332695","2332980","77","15724476"
"chr10","18084339","18084640","GL873532","29369734","29370037","73","11285395"
"chr10","18169187","18169486","GL873615","2242583","2242882","73","15926604"
"chr10","18517495","18517784","GL873589","9310653","9310947","80","9206842"
"chr10","18520094","18520404","GL873530","8252980","8253273","81","10267114"
"chr10","18632675","18632973","GL873615","2242583","2242882","70","16390092"
"chr10","19775240","19775494","GL873544","21012867","21013121","68","1237627"
"chr10","19783336","19783641","GL873712","758777","759067","78","19024559"
"chr10","19978203","19978489","GL873635","3143338","3143625","72","16834865"
"chr10","20174965","20175258","GL873592","3504292","3504588","74","16670673"
"chr10","20270477","20270784","GL873618","1039454","1039766","80","19231023"
"chr10","20646140","20646320","GL873536","10089167","10089339","60","10556973"
"chr10","20791188","20791408","GL873524","44671953","44672162","65","23880765"
"chr10","20836917","20837213","GL873532","29369734","29370037","75","8532817"
"chr10","20839693","20839871","GL873608","3484994","3485156","54","17354699"
"chr10","20974806","20975119","GL873532","29369734","29370037","83","8394928"
"chr10","21059151","21059418","GL873520","70969998","70970267","83","49910847"
"chr10","21146249","21146549","GL873645","923581","923868","80","20222668"
"chr10","21420470","21420758","GL873807","378787","379071","72","21041683"
"chr10","21475890","21476179","GL873615","2242583","2242882","86","19233307"
"chr10","21527163","21527465","GL873615","2242583","2242882","75","19284580"
"chr10","21584050","21584238","GL873536","10089167","10089339","58","11494883"
"chr10","22145388","22145680","GL873615","5164234","5164521","68","16981154"
"chr10","22451069","22451337","GL873637","4322064","4322316","74","18129005"
"chr10","22453479","22453698","GL873664","3452535","3452748","66","19000944"
"chr10","23937476","23937730","GL873544","21012867","21013121","74","2924609"
"chr10","24307005","24307278","GL873520","70969998","70970267","83","46662993"
"chr10","24541714","24542014","GL873615","5164234","5164521","71","19377480"
"chr10","24683408","24683688","GL873544","19151818","19152093","72","5531590"
"chr10","24914748","24915009","GL873564","8111869","8112128","73","16802879"
"chr10","25321439","25321713","GL873538","4784269","4784514","83","20537170"
"chr10","26360808","26361095","GL873635","3143338","3143625","78","23217470"
"chr10","27317019","27317311","GL873807","378787","379071","75","26938232"
"chr10","27360509","27360819","GL873615","2242583","2242882","89","25117926"
"chr10","27432449","27432750","GL873532","29369734","29370037","80","1937285"
"chr10","27779510","27779831","GL873615","5164234","5164521","101","22615276"
"chr10","28117588","28117880","GL873726","1557093","1557383","76","26560495"
"chr10","28665949","28666249","GL873531","11880361","11880661","86","16785588"
"chr10","28700564","28700865","GL873615","2242583","2242882","77","26457981"
"chr10","28821401","28821610","GL873683","490677","490883","61","28330724"
"chr10","29144877","29145164","GL873807","378787","379071","69","28766090"
"chr10","29384573","29384863","GL873807","378787","379071","65","29005786"
"chr10","29495352","29495647","GL873807","378787","379071","75","29116565"
"chr10","29584479","29584664","GL873536","10089167","10089339","47","19495312"
"chr10","29763444","29763685","GL873664","3452535","3452748","80","26310909"
"chr10","31002412","31002583","GL873608","3484994","3485156","50","27517418"
"chr10","31056105","31056389","GL873696","323840","324122","84","30732265"
"chr10","31724480","31724784","GL873532","29369734","29370037","79","2354746"
"chr10","32360409","32360477","GL873524","40199622","40199689","20","7839213"
"chr10","32606532","32606652","GL873548","16247733","16247866","34","16358799"
"chr10","32677185","32677361","GL873587","2344327","2344496","55","30332858"
"chr10","32681290","32681540","GL873671","1882360","1882615","79","30798930"
"chr10","32689785","32690079","GL873807","378787","379071","72","32310998"
"chr10","32846495","32846669","GL873526","16210494","16210659","55","16636001"
"chr10","34140751","34140967","GL873533","28073656","28073870","55","6067095"
"chr10","34144738","34145044","GL873531","743580","743873","69","33401158"
"chr10","34182104","34182407","GL873525","31608445","31608738","74","2573659"
"chr10","34354951","34355231","GL873560","1046330","1046605","73","33308621"
"chr10","34406732","34406990","GL873538","4784269","4784514","72","29622463"
"chr10","34456984","34457291","GL873532","29369734","29370037","83","5087250"
"chr10","34504146","34504445","GL873807","378787","379071","73","34125359"
"chr10","34591332","34591616","GL873807","378787","379071","62","34212545"
"chr10","34661243","34661467","GL873558","5090920","5091134","64","29570323"
"chr10","34801922","34802208","GL873635","3143338","3143625","74","31658584"
"chr10","35019138","35019222","GL873523","24829332","24829385","39","10189806"
"chr10","35084162","35084446","GL873807","378787","379071","72","34705375"
"chr10","35110718","35111014","GL873615","5164234","5164521","69","29946484"
"chr10","35258937","35259218","GL873807","378787","379071","80","34880150"
"chr10","35302018","35302369","GL873807","378787","379071","128","34923231"
"chr10","35324245","35324543","GL873807","378787","379071","67","34945458"
"chr10","35399340","35399644","GL873531","743580","743873","77","34655760"
"chr10","35516719","35517008","GL873635","3143338","3143625","70","32373381"
"chr10","36092810","36093105","GL873545","12502931","12503218","79","23589879"
"chr10","36234755","36235017","GL873671","1882360","1882615","59","34352395"
"chr10","36292037","36292320","GL873531","15816402","15816670","71","20475635"
"chr10","36764698","36764783","GL873522","32012674","32012736","40","4752024"
"chr10","36765413","36765566","GL873768","208772","208940","56","36556641"
"chr10","37189041","37189348","GL873531","11880361","11880661","91","25308680"
"chr10","38461956","38462236","GL873531","15816402","15816670","69","22645554"
"chr10","39735403","39735685","GL873807","378787","379071","76","39356616"
"chr10","41058232","41058520","GL873520","70969998","70970267","92","29911766"
"chr10","41226889","41227173","GL873807","378787","379071","69","40848102"
"chr10","41423962","41424255","GL873525","31608445","31608738","74","9815517"
"chr10","41431575","41431872","GL873712","758777","759067","74","40672798"
"chr10","41792356","41792620","GL873807","378787","379071","80","41413569"
"chr10","42521670","42521956","GL873533","9671302","9671560","74","32850368"
"chr10","43164869","43165137","GL873647","344182","344454","81","42820687"
"chr10","43355628","43355846","GL873645","4984041","4984262","69","38371587"
"chr10","43400639","43400920","GL873531","15816402","15816670","73","27584237"
"chr10","43497320","43497589","GL873526","44043","44310","76","43453277"
"chr10","43509851","43510141","GL873536","6183235","6183517","69","37326616"
"chr10","43963008","43963298","GL873615","5164234","5164521","72","38798774"
"chr10","43973484","43973610","GL873629","3057379","3057506","39","40916105"
"chr10","44699008","44699297","GL873807","378787","379071","73","44320221"
"chr10","44974625","44974909","GL873807","378787","379071","74","44595838"
"chr10","45002290","45002419","GL873548","16247733","16247866","30","28754557"
"chr10","45003459","45003759","GL873712","758777","759067","77","44244682"
"chr10","45104025","45104315","GL873807","378787","379071","71","44725238"
"chr10","45454275","45454567","GL873609","1717159","1717438","83","43737116"
"chr10","45556188","45556464","GL873529","2737581","2737856","82","42818607"
"chr10","45692407","45692585","GL873608","3484994","3485156","52","42207413"
"chr10","46260006","46260286","GL873646","3489451","3489745","83","42770555"
"chr10","46739398","46739683","GL873531","15816402","15816670","91","30922996"
"chr10","46857257","46857550","GL873615","5164234","5164521","71","41693023"
"chr10","46871361","46871672","GL873530","8252980","8253273","81","38618381"
"chr10","47165427","47165681","GL873537","26407623","26407869","73","20757804"
"chr10","47178242","47178552","GL873532","29369734","29370037","80","17808508"
"chr10","47322131","47322398","GL873544","21012867","21013121","87","26309264"
"chr10","47669841","47670170","GL873645","923581","923868","98","46746260"
"chr10","48603549","48603854","GL873532","29369734","29370037","82","19233815"
"chr10","48921296","48921576","GL873671","886108","886393","82","48035188"
"chr10","50804571","50804747","GL873587","2344327","2344496","64","48460244"
"chr10","51691761","51692031","GL873526","11694917","11695169","82","39996844"
"chr10","52199290","52199543","GL873526","11694917","11695169","83","40504373"
"chr10","52714532","52714819","GL873525","31608445","31608738","83","21106087"
"chr10","53073521","53073817","GL873807","378787","379071","83","52694734"
"chr10","53314818","53314931","GL873525","6607619","6607730","32","46707199"
"chr10","54759675","54759979","GL873531","743580","743873","76","54016095"
"chr10","55325359","55325645","GL873615","5164234","5164521","84","50161125"
"chr10","55432685","55432959","GL873520","70969998","70970267","75","15537313"
"chr10","55468712","55469012","GL873712","758777","759067","76","54709935"
"chr10","55489138","55489399","GL873520","70969998","70970267","73","15480860"
"chr10","55531444","55531740","GL873520","20611705","20612004","77","34919739"
"chr10","57460030","57460328","GL873592","3504292","3504588","83","53955738"
"chr10","57517321","57517584","GL873520","70969998","70970267","73","13452677"
"chr10","58229003","58229293","GL873592","3504292","3504588","77","54724711"
"chr10","58340787","58341005","GL873569","6518440","6518694","87","51822347"
"chr10","58341907","58342204","GL873645","923581","923868","79","57418326"
"chr10","58520615","58520903","GL873589","9310653","9310947","76","49209962"
"chr10","58830735","58830960","GL873523","24830084","24830304","62","34000651"
"chr10","58907077","58907317","GL873523","24830084","24830304","69","34076993"
"chr10","59017400","59017707","GL873529","17495636","17495928","78","41521764"
"chr10","59056126","59056406","GL873531","15816402","15816670","76","43239724"
"chr10","59104930","59105220","GL873807","378787","379071","70","58726143"
"chr10","59224415","59224717","GL873807","378787","379071","85","58845628"
"chr10","59300090","59300376","GL873807","378787","379071","73","58921303"
"chr10","59381758","59382037","GL873652","2538738","2539020","74","56843020"
"chr10","59396030","59396318","GL873807","378787","379071","70","59017243"
"chr10","59441513","59441801","GL873635","3143338","3143625","69","56298175"
"chr10","59517630","59517683","GL873812","573691","573747","24","58943939"
"chr10","59575616","59575701","GL873563","6278566","6278672","38","53297050"
"chr10","59633875","59634172","GL873807","378787","379071","76","59255088"
"chr10","59802790","59803094","GL873532","29369734","29370037","84","30433056"
"chr10","59947887","59948122","GL873527","27812855","27813090","66","32135032"
"chr10","60014794","60015082","GL873520","23993282","23993576","74","36021512"
"chr10","60337595","60337720","GL873548","16247733","16247866","35","44089862"
"chr10","60609591","60609887","GL873807","378787","379071","81","60230804"
"chr10","60953002","60953283","GL873536","23022433","23022696","82","37930569"
"chr10","61116057","61116347","GL873807","378787","379071","69","60737270"
"chr10","61129966","61130142","GL873728","590192","590366","54","60539774"
"chr10","61198106","61198413","GL873633","6680180","6680479","77","54517926"
"chr10","61404702","61404853","GL873672","1567049","1567194","50","59837653"
"chr10","61758584","61758751","GL873573","561846","562000","60","61196738"
"chr10","61776660","61776824","GL873573","561846","562000","62","61214814"
"chr10","62527140","62527446","GL873532","29369734","29370037","80","33157406"
"chr10","62601335","62601632","GL873807","378787","379071","75","62222548"
"chr10","62880922","62881245","GL873711","600516","600812","99","62280406"
"chr10","63391208","63391458","GL873521","26887161","26887416","84","36504047"
"chr10","63417279","63417451","GL873608","3484994","3485156","49","59932285"
"chr10","64461836","64462138","GL873807","378787","379071","80","64083049"
"chr10","65183869","65184141","GL873558","11729886","11730160","69","53453983"
"chr10","65185659","65185938","GL873526","17185395","17185660","76","48000264"
"chr10","68071510","68071810","GL873527","2332695","2332980","80","65738815"
"chr10","68547599","68547803","GL873731","1122838","1123027","84","67424761"
"chr10","69512553","69512846","GL873615","5164234","5164521","75","64348319"
"chr10","69704262","69704385","GL873548","16247733","16247866","36","53456529"
"chr10","69876354","69876429","GL873780","151869","151943","21","69724485"
"chr10","70011004","70011290","GL873532","29369734","29370037","73","40641270"
"chr10","70563460","70563743","GL873560","5671813","5672100","78","64891647"
"chr10","70854045","70854097","GL873662","1216517","1216580","22","69637528"
"chr10","71104054","71104351","GL873530","8252980","8253273","81","62851074"
"chr10","72960684","72960987","GL873532","29369734","29370037","77","43590950"
"chr10","73115684","73115848","GL873587","2344327","2344496","50","70771357"
"chr10","73821748","73822025","GL873531","15816402","15816670","77","58005346"
"chr10","74273383","74273678","GL873561","14329867","14330129","80","59943516"
"chr10","74480327","74480620","GL873548","15989743","15990030","75","58490584"
"chr10","74794222","74794480","GL873525","43871699","43871974","76","30922523"
"chr10","75047250","75047537","GL873536","6183235","6183517","76","68864015"
"chr10","75084376","75084578","GL873618","3344163","3344386","74","71740213"
"chr10","75254527","75254812","GL873807","378787","379071","74","74875740"
"chr10","75273504","75273812","GL873639","638719","639018","80","74634785"
"chr10","76620895","76621191","GL873520","20611705","20612004","76","56009190"
"chr10","76880538","76880687","GL873610","7088038","7088189","45","69792500"
"chr10","76880688","76880803","GL873677","3241750","3241856","46","73638938"
"chr10","77236382","77236689","GL873645","923581","923868","76","76312801"
"chr10","77351929","77352236","GL873531","743580","743873","79","76608349"
"chr10","77381142","77381440","GL873589","9310653","9310947","75","68070489"
"chr10","77599824","77600122","GL873592","3504292","3504588","75","74095532"
"chr10","77617990","77618283","GL873557","10602774","10603071","73","67015216"
"chr10","77749912","77749986","GL873780","151869","151943","24","77598043"
"chr10","77826163","77826219","GL873523","27500719","27500779","27","50325444"
"chr10","78591353","78591571","GL873533","28073656","28073870","60","50517697"
"chr10","79153336","79153614","GL873564","8111869","8112128","78","71041467"
"chr10","79470911","79471220","GL873615","2242583","2242882","80","77228328"
"chr10","79598374","79598657","GL873615","5164234","5164521","74","74434140"
"chr10","79620101","79620402","GL873532","29369734","29370037","77","50250367"
"chr10","79770068","79770355","GL873615","5164234","5164521","71","74605834"
"chr10","79771496","79771795","GL873807","378787","379071","73","79392709"
"chr10","80901133","80901428","GL873807","378787","379071","79","80522346"
"chr10","81470082","81470360","GL873561","14329867","14330129","84","67140215"
"chr10","81489887","81490187","GL873615","2242583","2242882","72","79247304"
"chr10","81676043","81676339","GL873532","29369734","29370037","70","52306309"
"chr10","81757105","81757410","GL873532","29369734","29370037","78","52387371"
"chr10","81773954","81774230","GL873807","378787","379071","78","81395167"
"chr10","82032150","82032420","GL873538","4784269","4784514","88","77247881"
"chr10","82295383","82295507","GL873585","8812888","8813010","37","73482495"
"chr10","82721569","82721639","GL873662","1216517","1216580","21","81505052"
"chr10","83255448","83255749","GL873652","2538738","2539020","79","80716710"
"chr10","83281117","83281387","GL873530","24066432","24066694","68","59214685"
"chr10","83673776","83674086","GL873532","29369734","29370037","80","54304042"
"chr10","84107522","84107801","GL873531","15816402","15816670","77","68291120"
"chr10","84489212","84489484","GL873521","26887161","26887416","87","57602051"
"chr10","84511484","84511773","GL873807","378787","379071","64","84132697"
"chr10","85708336","85708640","GL873532","29369734","29370037","75","56338602"
"chr10","86114847","86115138","GL873615","5164234","5164521","73","80950613"
"chr10","86619288","86619576","GL873615","5164234","5164521","78","81455054"
"chr10","86799111","86799422","GL873548","15989743","15990030","86","70809368"
"chr10","87636370","87636657","GL873561","14329867","14330129","80","73306503"
"chr10","87660546","87660842","GL873677","4159374","4159672","73","83501172"
"chr10","87694088","87694372","GL873532","29369734","29370037","85","58324354"
"chr10","88299976","88300060","GL873780","151869","151943","26","88148107"
"chr10","88432024","88432318","GL873542","9537125","9537397","81","78894899"
"chr10","88474600","88474896","GL873712","758777","759067","83","87715823"
"chr10","88517235","88517555","GL873615","5164234","5164521","92","83353001"
"chr10","88520821","88520891","GL873537","28066052","28066115","23","60454769"
"chr10","88667997","88668285","GL873600","6358350","6358621","96","82309647"
"chr10","88775325","88775627","GL873532","29369734","29370037","78","59405591"
"chr10","88982212","88982492","GL873561","14329867","14330129","82","74652345"
"chr10","89097137","89097435","GL873531","11880361","11880661","85","77216776"
"chr10","89123476","89123652","GL873610","4454076","4454255","54","84669400"
"chr10","89221476","89221769","GL873807","378787","379071","73","88842689"
"chr10","89247839","89248132","GL873807","378787","379071","64","88869052"
"chr10","89309940","89310192","GL873544","21012867","21013121","73","68297073"
"chr10","89357559","89357859","GL873545","12502931","12503218","80","76854628"
"chr10","89586146","89586432","GL873807","378787","379071","76","89207359"
"chr10","89814187","89814492","GL873615","2242583","2242882","73","87571604"
"chr10","89863783","89864055","GL873520","70969998","70970267","76","18893785"
"chr10","90067006","90067290","GL873615","5164234","5164521","67","84902772"
"chr10","90106845","90107144","GL873623","7055444","7055732","87","83051401"
"chr10","90327092","90327384","GL873807","378787","379071","73","89948305"
"chr10","90356224","90356317","GL873623","3165346","3165445","31","87190878"
"chr10","91835000","91835169","GL873610","7088038","7088189","47","84746962"
"chr10","92145923","92146240","GL873533","16134333","16134623","94","76011590"
"chr10","92567327","92567497","GL873536","10089167","10089339","64","82478160"
"chr10","92571735","92571863","GL873520","2151025","2151139","47","90420710"
"chr10","92966727","92967020","GL873807","378787","379071","71","92587940"
"chr10","93105988","93106282","GL873778","812679","812951","79","92293309"
"chr10","93140999","93141292","GL873807","378787","379071","75","92762212"
"chr10","93266467","93266771","GL873532","29369734","29370037","85","63896733"
"chr10","94440543","94440836","GL873807","378787","379071","74","94061756"
"chr10","94543504","94543789","GL873645","923581","923868","71","93619923"
"chr10","95787656","95787946","GL873807","378787","379071","57","95408869"
"chr10","96389040","96389299","GL873531","4102790","4103038","80","92286250"
"chr10","96565181","96565256","GL873780","151869","151943","24","96413312"
"chr10","97222208","97222508","GL873639","638719","639018","79","96583489"
"chr10","98259867","98260168","GL873532","29369734","29370037","79","68890133"
"chr10","98449466","98449741","GL873558","11729886","11730160","76","86719580"
"chr10","98520412","98520713","GL873807","378787","379071","89","98141625"
"chr10","98749643","98749783","GL873629","3057379","3057506","48","95692264"
"chr10","98878411","98878633","GL873772","558391","558592","72","98320020"
"chr10","99087551","99087789","GL873538","4784269","4784514","75","94303282"
"chr10","99373857","99374173","GL873531","743580","743873","94","98630277"
"chr10","99386476","99386607","GL873563","6278566","6278672","63","93107910"
"chr10","99693004","99693295","GL873807","378787","379071","72","99314217"
"chr10","99705456","99705751","GL873548","15989743","15990030","83","83715713"
"chr10","99849511","99849801","GL873807","378787","379071","65","99470724"
"chr10","100396983","100397290","GL873615","2242583","2242882","75","98154400"
"chr10","100521189","100521500","GL873589","9310653","9310947","84","91210536"
"chr10","100545549","100545848","GL873726","1557093","1557383","77","98988456"
"chr10","101150483","101150764","GL873558","11729886","11730160","70","89420597"
"chr10","101284398","101284702","GL873531","743580","743873","89","100540818"
"chr10","101440703","101440991","GL873645","923581","923868","78","100517122"
"chr10","101626230","101626485","GL873530","24066432","24066694","92","77559798"
"chr10","101739929","101740046","GL873520","2151025","2151139","48","99588904"
"chr10","101902796","101902991","GL873530","11536409","11536598","57","90366387"
"chr10","102175077","102175368","GL873615","5164234","5164521","75","97010843"
"chr10","102257952","102258215","GL873671","1882360","1882615","86","100375592"
"chr10","102283345","102283653","GL873532","29369734","29370037","78","72913611"
"chr10","102397616","102397898","GL873623","7055444","7055732","81","95342172"
"chr10","102720287","102720601","GL873532","29369734","29370037","78","73350553"
"chr10","102893261","102893493","GL873639","2243846","2244046","81","100649415"
"chr10","102894138","102894427","GL873635","3143338","3143625","71","99750800"
"chr10","102939103","102939373","GL873538","4784269","4784514","86","98154834"
"chr10","103009042","103009327","GL873536","6183235","6183517","81","96825807"
"chr10","103068701","103068819","GL873603","2673070","2673193","37","100395631"
"chr10","103455095","103455380","GL873560","5671813","5672100","76","97783282"
"chr10","103457532","103457794","GL873526","11694917","11695169","90","91762615"
"chr10","104167444","104167748","GL873530","8252980","8253273","82","95914464"
"chr10","104856321","104856621","GL873532","29369734","29370037","79","75486587"
"chr10","104892368","104892668","GL873645","923581","923868","81","103968787"
"chr10","106214262","106214555","GL873532","29369734","29370037","81","76844528"
"chr10","106710243","106710296","GL873523","24829332","24829385","17","81880911"
"chr10","106828005","106828289","GL873525","31608445","31608738","75","75219560"
"chr10","106895680","106895945","GL873536","23022433","23022696","77","83873247"
"chr10","107205787","107205902","GL873667","940378","940498","34","106265409"
"chr10","107340593","107340876","GL873531","15816402","15816670","82","91524191"
"chr10","107483002","107483279","GL873520","70969998","70970267","84","36513004"
"chr10","109574092","109574372","GL873531","15816402","15816670","76","93757690"
"chr10","109698881","109699172","GL873615","2242583","2242882","88","107456298"
"chr10","112127859","112128130","GL873807","378787","379071","77","111749072"
"chr10","112196417","112196712","GL873807","378787","379071","70","111817630"
"chr10","112269110","112269403","GL873712","758777","759067","78","111510333"
"chr10","114792186","114792477","GL873536","6183235","6183517","87","108608951"
"chr10","114844750","114845044","GL873807","378787","379071","73","114465963"
"chr10","114982347","114982614","GL873598","6925865","6926121","77","108056482"
"chr10","114987592","114987876","GL873807","378787","379071","72","114608805"
"chr10","116387961","116388225","GL873538","4784269","4784514","76","111603692"
"chr10","116902217","116902503","GL873533","16134333","16134623","76","100767884"
"chr10","117129557","117129845","GL873645","923581","923868","79","116205976"
"chr10","117643097","117643401","GL873631","1463608","1463909","78","116179489"
"chr10","117673584","117673883","GL873645","923581","923868","88","116750003"
"chr10","117758990","117759284","GL873807","378787","379071","82","117380203"
"chr10","117815147","117815423","GL873807","378787","379071","76","117436360"
"chr10","117948663","117948970","GL873592","3504292","3504588","82","114444371"
"chr10","118100331","118100622","GL873807","378787","379071","70","117721544"
"chr10","118365145","118365441","GL873807","378787","379071","78","117986358"
"chr10","118758806","118759106","GL873645","923581","923868","79","117835225"
"chr10","118819763","118820036","GL873579","5947173","5947436","88","112872590"
"chr10","118821352","118821645","GL873615","5164234","5164521","75","113657118"
"chr10","119053416","119053705","GL873615","5164234","5164521","80","113889182"
"chr10","119112617","119112897","GL873807","378787","379071","74","118733830"
"chr10","119238197","119238513","GL873531","743580","743873","85","118494617"
"chr10","120217562","120217851","GL873807","378787","379071","75","119838775"
"chr10","120338281","120338521","GL873671","1882360","1882615","77","118455921"
"chr10","121178626","121178878","GL873671","1882360","1882615","72","119296266"
"chr10","121346811","121347070","GL873647","344182","344454","81","121002629"
"chr10","122109509","122109788","GL873807","378787","379071","68","121730722"
"chr10","122111258","122111569","GL873531","743580","743873","75","121367678"
"chr10","122545146","122545360","GL873607","468681","468880","90","122076465"
"chr10","123005231","123005522","GL873623","7055444","7055732","77","115949787"
"chr10","123507729","123507794","GL873662","1216517","1216580","14","122291212"
"chr10","123809349","123809643","GL873615","2242583","2242882","71","121566766"
"chr10","124724558","124724851","GL873560","1046330","1046605","80","123678228"
"chr10","124905103","124905352","GL873564","8111869","8112128","81","116793234"
"chr10","125539376","125539643","GL873580","3276777","3277037","72","122262599"
"chr10","125779088","125779384","GL873615","2242583","2242882","72","123536505"
"chr10","125965318","125965624","GL873615","2242583","2242882","77","123722735"
"chr10","126739010","126739317","GL873530","8252980","8253273","74","118486030"
"chr10","126758695","126759002","GL873639","638719","639018","79","126119976"
"chr10","127724606","127724907","GL873532","29369734","29370037","81","98354872"
"chr10","128056681","128056958","GL873807","378787","379071","80","127677894"
"chr10","128115128","128115425","GL873807","378787","379071","66","127736341"
"chr10","128215709","128216008","GL873530","8252980","8253273","74","119962729"
"chr10","128243291","128243597","GL873563","10870912","10871197","88","117372379"
"chr10","128305681","128305953","GL873807","378787","379071","66","127926894"
"chr10","128596221","128596524","GL873712","758777","759067","78","127837444"
"chr10","128761350","128761654","GL873639","638719","639018","77","128122631"
"chr10","128868230","128868516","GL873533","16134333","16134623","74","112733897"
"chr10","128896194","128896331","GL873610","7088038","7088189","53","121808156"
"chr10","128896805","128896869","GL873523","24829332","24829385","25","104067473"
"chr10","129004634","129004937","GL873532","29369734","29370037","79","99634900"
"chr10","129225492","129225745","GL873520","30119082","30119327","76","99106410"
"chr10","129530503","129530805","GL873530","8252980","8253273","84","121277523"
"chr10","129822541","129822814","GL873564","12230896","12231176","85","117591645"
"chr10","129824548","129824826","GL873564","12230896","12231176","86","117593652"
"chr10","129947337","129947625","GL873807","378787","379071","65","129568550"
"chr10","130868367","130868662","GL873545","12502931","12503218","87","118365436"
"chr10","131050862","131051141","GL873615","5164234","5164521","79","125886628"
"chr11","154122","154411","GL873807","378787","379071","72","224665"
"chr11","1626165","1626472","GL873645","923581","923868","76","702584"
"chr11","1630283","1630549","GL873561","14329867","14330129","73","12699584"
"chr11","3463759","3463984","GL873631","2876948","2877168","59","586811"
"chr11","3862970","3863264","GL873536","6183235","6183517","73","2320265"
"chr11","4372830","4373102","GL873531","15816402","15816670","68","11443572"
"chr11","5724275","5724567","GL873560","5671813","5672100","75","52462"
"chr11","6397634","6397921","GL873563","10870912","10871197","91","4473278"
"chr11","7536702","7536834","GL873629","3057379","3057506","33","4479323"
"chr11","7591345","7591638","GL873525","31608445","31608738","72","24017100"
"chr11","7728731","7729011","GL873807","378787","379071","85","7349944"
"chr11","8754483","8754752","GL873579","5947173","5947436","88","2807310"
"chr11","8835343","8835632","GL873807","378787","379071","76","8456556"
"chr11","8966294","8966584","GL873615","5164234","5164521","72","3802060"
"chr11","9036075","9036379","GL873531","743580","743873","72","8292495"
"chr11","9488366","9488524","GL873610","7088038","7088189","41","2400328"
"chr11","9748128","9748438","GL873532","29369734","29370037","78","19621606"
"chr11","9779323","9779613","GL873807","378787","379071","67","9400536"
"chr11","9782492","9782792","GL873615","2242583","2242882","79","7539909"
"chr11","11260794","11261068","GL873531","15816402","15816670","73","4555608"
"chr11","11306707","11306997","GL873807","378787","379071","74","10927920"
"chr11","11384340","11384635","GL873652","2538738","2539020","71","8845602"
"chr11","11586981","11587277","GL873635","3143338","3143625","75","8443643"
"chr11","15089927","15090206","GL873807","378787","379071","72","14711140"
"chr11","15402588","15402877","GL873807","378787","379071","78","15023801"
"chr11","15436460","15436748","GL873807","378787","379071","66","15057673"
"chr11","15845650","15845884","GL873637","4379152","4379361","82","11466498"
"chr11","16061983","16062286","GL873639","638719","639018","70","15423264"
"chr11","16232002","16232135","GL873548","16247733","16247866","36","15731"
"chr11","16266292","16266453","GL873610","7088038","7088189","35","9178254"
"chr11","16299413","16299554","GL873548","16247733","16247866","45","51680"
"chr11","16378303","16378535","GL873618","3344163","3344386","79","13034140"
"chr11","16440496","16440787","GL873615","2242583","2242882","72","14197913"
"chr11","16658445","16658607","GL873532","24796591","24796743","61","8138146"
"chr11","16701005","16701120","GL873578","6246812","6246921","32","10454193"
"chr11","16812111","16812329","GL873587","2344327","2344496","85","14467784"
"chr11","16885765","16886060","GL873652","2538738","2539020","81","14347027"
"chr11","16897436","16897710","GL873531","15816402","15816670","68","1081034"
"chr11","16982236","16982369","GL873629","3057379","3057506","33","13924857"
"chr11","17055737","17056016","GL873520","70969998","70970267","78","53914261"
"chr11","17100547","17100815","GL873531","15816402","15816670","66","1284145"
"chr11","17261181","17261486","GL873531","743580","743873","74","16517601"
"chr11","17266553","17266854","GL873526","22863004","22863298","78","5596451"
"chr11","17276929","17277106","GL873523","21882032","21882206","43","4605103"
"chr11","17277477","17277613","GL873529","9635583","9635702","57","7641894"
"chr11","17933063","17933365","GL873531","743580","743873","80","17189483"
"chr11","18145816","18146112","GL873589","9310653","9310947","73","8835163"
"chr11","18599058","18599353","GL873652","2538738","2539020","76","16060320"
"chr11","19156771","19157024","GL873540","8735863","8736130","82","10420908"
"chr11","19262368","19262657","GL873548","15989743","15990030","84","3272625"
"chr11","19662536","19662833","GL873652","2538738","2539020","79","17123798"
"chr11","20429483","20429783","GL873526","17185395","17185660","75","3244088"
"chr11","20559391","20559687","GL873807","378787","379071","73","20180604"
"chr11","20576542","20576830","GL873807","378787","379071","67","20197755"
"chr11","20643951","20644239","GL873652","2538738","2539020","78","18105213"
"chr11","20833632","20833703","GL873780","151869","151943","19","20681763"
"chr11","20935770","20936063","GL873611","3648898","3649188","74","17286872"
"chr11","21037637","21037911","GL873531","15816402","15816670","69","5221235"
"chr11","21378869","21379167","GL873525","31608445","31608738","75","10229576"
"chr11","22498814","22499114","GL873778","812679","812951","84","21686135"
"chr11","22625267","22625393","GL873629","3057379","3057506","33","19567888"
"chr11","22625847","22626147","GL873532","29369734","29370037","88","6743887"
"chr11","22767331","22767672","GL873553","12884955","12885275","108","9882376"
"chr11","22877563","22877868","GL873520","20611705","20612004","83","2265858"
"chr11","23474449","23474742","GL873600","6358350","6358621","79","17116099"
"chr11","24455464","24455772","GL873532","29369734","29370037","86","4914270"
"chr11","25629378","25629674","GL873652","2538738","2539020","72","23090640"
"chr11","26662327","26662621","GL873589","9310653","9310947","71","17351674"
"chr11","27409841","27410126","GL873543","21140344","21140627","90","6269497"
"chr11","27861686","27861905","GL873731","1140299","1140488","72","26721387"
"chr11","28166173","28166483","GL873531","11880361","11880661","83","16285812"
"chr11","29422808","29423098","GL873540","16674647","16674922","81","12748161"
"chr11","30289263","30289542","GL873712","758777","759067","78","29530486"
"chr11","31662571","31662832","GL873544","19151818","19152093","79","12510753"
"chr11","31802163","31802407","GL873526","11694917","11695169","75","20107246"
"chr11","31881097","31881406","GL873532","29369734","29370037","84","2511363"
"chr11","33862842","33863147","GL873532","29369734","29370037","85","4493108"
"chr11","35189014","35189320","GL873530","8252980","8253273","82","26936034"
"chr11","36478306","36478598","GL873530","20684710","20684985","78","15793596"
"chr11","36588200","36588498","GL873529","2737581","2737856","80","33850619"
"chr11","37008042","37008346","GL873520","23993282","23993576","83","13014760"
"chr11","37286322","37286626","GL873531","743580","743873","83","36542742"
"chr11","37387578","37387878","GL873589","9310653","9310947","82","28076925"
"chr11","37592504","37592793","GL873652","2538738","2539020","75","35053766"
"chr11","39319677","39319956","GL873673","4474890","4475153","93","34844787"
"chr11","39747925","39748134","GL873533","28073656","28073870","71","11674269"
"chr11","41604222","41604528","GL873530","8252980","8253273","77","33351242"
"chr11","42498696","42498989","GL873652","2538738","2539020","75","39959958"
"chr11","42531272","42531563","GL873807","378787","379071","64","42152485"
"chr11","43419553","43419787","GL873523","24830084","24830304","72","18589469"
"chr11","43696187","43696469","GL873807","378787","379071","74","43317400"
"chr11","43955343","43955450","GL873617","6429598","6429710","54","37525745"
"chr11","44257455","44257751","GL873592","3504292","3504588","84","40753163"
"chr11","44683871","44684182","GL873537","28253996","28254310","92","16429875"
"chr11","44922490","44922610","GL873525","6607619","6607730","38","38314871"
"chr11","47665665","47665945","GL873607","5526364","5526636","89","42139301"
"chr11","47991057","47991210","GL873610","7088038","7088189","52","40903019"
"chr11","48009809","48010064","GL873671","1882360","1882615","77","46127449"
"chr11","48669130","48669424","GL873530","20684710","20684985","83","27984420"
"chr11","50479969","50480284","GL873711","600516","600812","89","49879453"
"chr11","50562735","50563023","GL873615","5164234","5164521","80","45398501"
"chr11","50807323","50807605","GL873544","21012867","21013121","84","29794456"
"chr11","50829275","50829569","GL873807","378787","379071","75","50450488"
"chr11","51393273","51393563","GL873807","378787","379071","68","51014486"
"chr11","51703619","51703919","GL873532","29369734","29370037","73","22333885"
"chr11","52012698","52012982","GL873807","378787","379071","77","51633911"
"chr11","52229996","52230300","GL873537","28253996","28254310","111","23976000"
"chr11","53845889","53846196","GL873531","743580","743873","79","53102309"
"chr11","54034474","54034775","GL873531","743580","743873","79","53290894"
"chr11","54750028","54750339","GL873531","743580","743873","81","54006448"
"chr11","55887092","55887384","GL873646","3489451","3489745","85","52397641"
"chr11","56511813","56512092","GL873807","378787","379071","77","56133026"
"chr11","57529547","57529804","GL873671","1882360","1882615","89","55647187"
"chr11","57811328","57811621","GL873653","1770690","1770966","90","56040638"
"chr11","58074414","58074720","GL873531","743580","743873","81","57330834"
"chr11","58442021","58442319","GL873635","3143338","3143625","79","55298683"
"chr11","59226265","59226540","GL873537","26407623","26407869","112","32818642"
"chr11","59237359","59237573","GL873533","28073656","28073870","67","31163703"
"chr11","59726681","59726970","GL873615","5164234","5164521","67","54562447"
"chr11","59827106","59827400","GL873807","378787","379071","78","59448319"
"chr11","60098526","60098803","GL873531","15816402","15816670","76","44282124"
"chr11","60493513","60493803","GL873807","378787","379071","65","60114726"
"chr11","60567372","60567676","GL873560","5671813","5672100","92","54895559"
"chr11","60638752","60639079","GL873537","28253996","28254310","101","32384756"
"chr11","60705083","60705369","GL873652","2538738","2539020","81","58166345"
"chr11","60708976","60709288","GL873531","743580","743873","89","59965396"
"chr11","61498424","61498686","GL873538","4784269","4784514","75","56714155"
"chr11","61704035","61704328","GL873545","12502931","12503218","82","49201104"
"chr11","61775077","61775363","GL873807","378787","379071","58","61396290"
"chr11","62445149","62445451","GL873531","743580","743873","88","61701569"
"chr11","62514653","62514943","GL873532","29369734","29370037","83","33144919"
"chr11","63253737","63254005","GL873526","11694917","11695169","83","51558820"
"chr11","63278391","63278653","GL873526","11694917","11695169","84","51583474"
"chr11","63287758","63287947","GL873520","68825999","68826185","52","5538241"
"chr11","63718968","63719276","GL873532","29369734","29370037","81","34349234"
"chr11","63868153","63868451","GL873615","5164234","5164521","76","58703919"
"chr11","64344064","64344347","GL873635","3143338","3143625","78","61200726"
"chr11","64728589","64728891","GL873531","743580","743873","83","63985009"
"chr11","64807796","64808102","GL873615","2242583","2242882","71","62565213"
"chr11","64852616","64852885","GL873526","11694917","11695169","79","53157699"
"chr11","64920832","64921116","GL873592","3504292","3504588","81","61416540"
"chr11","64936616","64936907","GL873635","3143338","3143625","71","61793278"
"chr11","65224648","65224939","GL873536","6183235","6183517","75","59041413"
"chr11","65652461","65652758","GL873653","1770690","1770966","83","63881771"
"chr11","65894301","65894581","GL873531","15816402","15816670","76","50077899"
"chr11","66021564","66021769","GL873536","10089167","10089339","73","55932397"
"chr11","66567640","66567932","GL873807","378787","379071","70","66188853"
"chr11","66856259","66856525","GL873525","43871699","43871974","81","22984560"
"chr11","66865755","66865938","GL873693","2376743","2376906","65","64489012"
"chr11","67031309","67031544","GL873522","42762551","42762767","77","24268758"
"chr11","67126831","67127126","GL873525","31608445","31608738","76","35518386"
"chr11","67140408","67140687","GL873540","16674647","16674922","80","50465761"
"chr11","67208991","67209292","GL873532","29369734","29370037","71","37839257"
"chr11","68635614","68635894","GL873525","31608445","31608738","74","37027169"
"chr11","69639428","69639598","GL873536","10089167","10089339","46","59550261"
"chr11","69705771","69706065","GL873639","638719","639018","68","69067052"
"chr11","69811713","69811997","GL873807","378787","379071","69","69432926"
"chr11","71869330","71869398","GL873524","40199622","40199689","17","31669708"
"chr11","71895468","71895763","GL873807","378787","379071","77","71516681"
"chr11","71938916","71939158","GL873523","24830084","24830304","68","47108832"
"chr11","72013680","72013975","GL873652","2538738","2539020","73","69474942"
"chr11","72035341","72035640","GL873532","29369734","29370037","78","42665607"
"chr11","72100072","72100377","GL873807","378787","379071","78","71721285"
"chr11","72142353","72142624","GL873560","1046330","1046605","75","71096023"
"chr11","72190381","72190674","GL873605","211678","211971","70","71978703"
"chr11","72673888","72674192","GL873615","2242583","2242882","80","70431305"
"chr11","72697581","72697856","GL873536","8238390","8238645","87","64459191"
"chr11","72796361","72796655","GL873530","8252980","8253273","84","64543381"
"chr11","72813806","72814108","GL873592","3504292","3504588","82","69309514"
"chr11","72950993","72951285","GL873807","378787","379071","67","72572206"
"chr11","72986699","72986990","GL873807","378787","379071","75","72607912"
"chr11","73078419","73078719","GL873615","2242583","2242882","71","70835836"
"chr11","73132068","73132368","GL873615","2242583","2242882","74","70889485"
"chr11","73295601","73295893","GL873635","3143338","3143625","73","70152263"
"chr11","73450630","73450922","GL873560","5671813","5672100","77","67778817"
"chr11","73787024","73787102","GL873799","235420","235499","24","73551604"
"chr11","74844320","74844563","GL873523","24830084","24830304","69","50014236"
"chr11","75693997","75694279","GL873530","8252980","8253273","87","67441017"
"chr11","75942558","75942849","GL873532","29369734","29370037","78","46572824"
"chr11","76097364","76097656","GL873532","29369734","29370037","83","46727630"
"chr11","76113601","76113892","GL873560","5671813","5672100","73","70441788"
"chr11","77038031","77038309","GL873807","378787","379071","91","76659244"
"chr11","77053062","77053341","GL873525","43871699","43871974","74","33181363"
"chr11","77875463","77875649","GL873525","32888135","32888322","58","44987328"
"chr11","80455810","80456086","GL873561","14329867","14330129","84","66125943"
"chr11","80592460","80592767","GL873639","638719","639018","78","79953741"
"chr11","80605839","80605995","GL873672","1567049","1567194","49","79038790"
"chr11","81442825","81443115","GL873615","2242583","2242882","79","79200242"
"chr11","81475871","81476162","GL873589","9310653","9310947","75","72165218"
"chr11","81832740","81833034","GL873615","2242583","2242882","78","79590157"
"chr11","81906294","81906372","GL873812","573691","573747","40","81332603"
"chr11","82000641","82000940","GL873533","16134333","16134623","78","65866308"
"chr11","82028638","82028934","GL873652","2538738","2539020","78","79489900"
"chr11","82029318","82029618","GL873645","923581","923868","80","81105737"
"chr11","82100530","82100831","GL873523","21098831","21099120","93","61001699"
"chr11","82110218","82110453","GL873523","24830084","24830304","60","57280134"
"chr11","82110507","82110593","GL873523","24829332","24829385","41","57281175"
"chr11","82735885","82736179","GL873711","600516","600812","85","82135369"
"chr11","83464530","83464836","GL873536","6183235","6183517","80","77281295"
"chr11","84764496","84764789","GL873532","29369734","29370037","81","55394762"
"chr11","85457718","85458025","GL873530","8252980","8253273","78","77204738"
"chr11","85950353","85950629","GL873538","4784269","4784514","83","81166084"
"chr11","87801531","87801813","GL873807","378787","379071","67","87422744"
"chr11","88658617","88658764","GL873522","36553653","36553775","60","52104964"
"chr11","88949005","88949295","GL873531","15816402","15816670","79","73132603"
"chr11","89559074","89559348","GL873807","378787","379071","71","89180287"
"chr11","89572591","89572861","GL873538","4784269","4784514","73","84788322"
"chr11","90564133","90564423","GL873635","3143338","3143625","77","87420795"
"chr11","90933439","90933722","GL873531","15816402","15816670","77","75117037"
"chr11","91170766","91171065","GL873532","29369734","29370037","81","61801032"
"chr11","91984641","91984938","GL873532","29369734","29370037","88","62614907"
"chr11","92503198","92503493","GL873807","378787","379071","78","92124411"
"chr11","94260207","94260498","GL873807","378787","379071","66","93881420"
"chr11","94825619","94825908","GL873807","378787","379071","73","94446832"
"chr11","95371142","95371397","GL873527","27812855","27813090","76","67558287"
"chr11","95473423","95473711","GL873545","12502931","12503218","81","82970492"
"chr11","95544362","95544648","GL873542","9537125","9537397","76","86007237"
"chr11","95619126","95619387","GL873525","43871699","43871974","80","51747427"
"chr11","96116565","96116843","GL873529","2737581","2737856","77","93378984"
"chr11","96117506","96117782","GL873807","378787","379071","78","95738719"
"chr11","96189676","96189965","GL873545","12502931","12503218","73","83686745"
"chr11","96207981","96208197","GL873558","5090920","5091134","62","91117061"
"chr11","96234553","96234642","GL873799","235420","235499","21","95999133"
"chr11","96234954","96235164","GL873538","2103378","2103585","62","94131576"
"chr11","96274074","96274355","GL873807","378787","379071","72","95895287"
"chr11","96325266","96325568","GL873520","23993282","23993576","75","72331984"
"chr11","96363134","96363448","GL873611","3648898","3649188","87","92714236"
"chr11","96944147","96944429","GL873635","3143338","3143625","81","93800809"
"chr11","97004872","97005164","GL873807","378787","379071","67","96626085"
"chr11","97264512","97264798","GL873526","44043","44310","85","97220469"
"chr11","97458916","97458998","GL873526","6493783","6493858","26","90965133"
"chr11","99290307","99290597","GL873548","18432867","18433143","79","80857440"
"chr11","99442931","99443189","GL873671","1882360","1882615","69","97560571"
"chr11","99457979","99458268","GL873807","378787","379071","75","99079192"
"chr11","99728048","99728345","GL873535","29467371","29467653","76","70260677"
"chr11","99745550","99745789","GL873534","6499556","6499790","76","93245994"
"chr11","100550582","100550896","GL873532","29369734","29370037","85","71180848"
"chr11","101634656","101634948","GL873807","378787","379071","73","101255869"
"chr11","101741197","101741445","GL873671","1882360","1882615","85","99858837"
"chr11","102636316","102636624","GL873633","6680180","6680479","79","95956136"
"chr11","103084477","103084774","GL873615","2242583","2242882","91","100841894"
"chr11","103901009","103901303","GL873635","3143338","3143625","79","100757671"
"chr11","103903093","103903385","GL873635","3143338","3143625","79","100759755"
"chr11","104365780","104366069","GL873548","18432867","18433143","73","85932913"
"chr11","104902017","104902174","GL873814","114306","114462","52","104787711"
"chr11","106463801","106464096","GL873520","20611705","20612004","79","85852096"
"chr11","107014167","107014461","GL873600","6358350","6358621","79","100655817"
"chr11","107134125","107134426","GL873615","2242583","2242882","73","104891542"
"chr11","107159211","107159519","GL873531","743580","743873","81","106415631"
"chr11","107351629","107351942","GL873530","8252980","8253273","82","99098649"
"chr11","107461946","107462236","GL873807","378787","379071","62","107083159"
"chr11","107822033","107822343","GL873615","2242583","2242882","79","105579450"
"chr11","108490513","108490749","GL873664","3452535","3452748","71","105037978"
"chr11","108613070","108613375","GL873531","743580","743873","77","107869490"
"chr11","108798976","108799257","GL873564","12230896","12231176","84","96568080"
"chr11","108863233","108863363","GL873629","3057379","3057506","56","105805854"
"chr11","109553905","109554170","GL873538","4784269","4784514","72","104769636"
"chr11","109559002","109559293","GL873645","923581","923868","78","108635421"
"chr11","109648619","109648928","GL873548","15989743","15990030","71","93658876"
"chr11","109651331","109651622","GL873645","923581","923868","85","108727750"
"chr11","109730604","109730882","GL873538","4784269","4784514","98","104946335"
"chr11","109864659","109864782","GL873617","6429598","6429710","51","103435061"
"chr11","109864929","109865077","GL873738","275156","275308","49","109589773"
"chr11","109866445","109866606","GL873573","561846","562000","47","109304599"
"chr11","109880776","109880937","GL873693","2376743","2376906","50","107504033"
"chr11","109925750","109925946","GL873654","829106","829286","63","109096644"
"chr11","110199074","110199362","GL873807","378787","379071","76","109820287"
"chr11","110251514","110251791","GL873544","19151818","19152093","76","91099696"
"chr11","110288416","110288719","GL873531","743580","743873","79","109544836"
"chr11","110428979","110429268","GL873645","923581","923868","81","109505398"
"chr11","110591174","110591484","GL873531","743580","743873","83","109847594"
"chr11","110683386","110683681","GL873531","743580","743873","74","109939806"
"chr11","110743860","110744167","GL873712","758777","759067","88","109985083"
"chr11","110806392","110806674","GL873807","378787","379071","82","110427605"
"chr11","110822918","110823096","GL873608","3484994","3485156","56","107337924"
"chr11","110874649","110874951","GL873531","743580","743873","78","110131069"
"chr11","110897706","110897989","GL873807","378787","379071","74","110518919"
"chr11","111054949","111055243","GL873807","378787","379071","79","110676162"
"chr11","111070101","111070401","GL873807","378787","379071","80","110691314"
"chr11","111215487","111215773","GL873526","17185395","17185660","80","94030092"
"chr11","111253020","111253346","GL873711","600516","600812","100","110652504"
"chr11","111301140","111301426","GL873592","3504292","3504588","74","107796848"
"chr11","111333898","111334199","GL873530","8252980","8253273","80","103080918"
"chr11","111386112","111386360","GL873531","4102790","4103038","69","107283322"
"chr11","112095270","112095540","GL873531","15816402","15816670","74","96278868"
"chr11","112113021","112113284","GL873807","378787","379071","85","111734234"
"chr11","113293914","113294219","GL873615","2242583","2242882","79","111051331"
"chr11","113300311","113300611","GL873615","5164234","5164521","77","108136077"
"chr11","113394126","113394415","GL873635","3143338","3143625","77","110250788"
"chr11","113414175","113414469","GL873807","378787","379071","80","113035388"
"chr11","113462636","113462930","GL873569","11036395","11036693","84","102426241"
"chr11","113608212","113608505","GL873807","378787","379071","67","113229425"
"chr11","113966022","113966127","GL873623","3165346","3165445","31","110800676"
"chr11","115308284","115308574","GL873635","3143338","3143625","76","112164946"
"chr11","115429992","115430278","GL873696","323840","324122","83","115106152"
"chr11","115545734","115545925","GL873746","1434521","1434693","59","114111213"
"chr11","115559120","115559193","GL873780","151869","151943","25","115407251"
"chr11","116278447","116278712","GL873538","4784269","4784514","80","111494178"
"chr11","116453540","116453813","GL873807","378787","379071","68","116074753"
"chr11","116602338","116602646","GL873633","6680180","6680479","83","109922158"
"chr11","116705734","116706039","GL873530","8252980","8253273","82","108452754"
"chr11","116716222","116716478","GL873544","21012867","21013121","91","95703355"
"chr11","116823672","116823934","GL873531","15816402","15816670","66","101007270"
"chr11","116845862","116846172","GL873557","10602774","10603071","85","106243088"
"chr11","117243058","117243367","GL873645","923581","923868","75","116319477"
"chr11","117335977","117336265","GL873807","378787","379071","66","116957190"
"chr11","117388134","117388422","GL873533","16134333","16134623","79","101253801"
"chr11","117445373","117445689","GL873541","10352857","10353140","135","107092516"
"chr11","117480650","117480778","GL873534","6310704","6310826","35","111169946"
"chr11","117494028","117494336","GL873615","2242583","2242882","74","115251445"
"chr11","117724239","117724550","GL873532","29369734","29370037","83","88354505"
"chr11","117979062","117979206","GL873529","9635583","9635702","61","108343479"
"chr11","118025835","118025989","GL873573","561846","562000","37","117463989"
"chr11","118254633","118254942","GL873618","1039454","1039766","82","117215179"
"chr11","118329298","118329591","GL873526","22863004","22863298","71","95466294"
"chr11","118354897","118355061","GL873573","561846","562000","60","117793051"
"chr11","118370891","118371116","GL873558","5090920","5091134","58","113279971"
"chr11","118371848","118372123","GL873544","21012867","21013121","97","97358981"
"chr11","118388688","118389002","GL873631","1463608","1463909","83","116925080"
"chr11","118446728","118447000","GL873648","3742434","3742707","70","114704294"
"chr11","118576289","118576573","GL873807","378787","379071","67","118197502"
"chr11","118579237","118579504","GL873585","115904","116160","77","118463333"
"chr11","118670034","118670335","GL873645","923581","923868","85","117746453"
"chr11","119001222","119001528","GL873646","3489451","3489745","81","115511771"
"chr11","119057114","119057321","GL873523","24830084","24830304","55","94227030"
"chr11","119120682","119120974","GL873712","758777","759067","75","118361905"
"chr11","119122019","119122328","GL873532","29369734","29370037","80","89752285"
"chr11","119232406","119232642","GL873664","3452535","3452748","67","115779871"
"chr11","119450089","119450257","GL873608","3484994","3485156","47","115965095"
"chr11","119473566","119473857","GL873615","5164234","5164521","83","114309332"
"chr11","119765319","119765573","GL873534","6499556","6499790","77","113265763"
"chr11","119835657","119835958","GL873548","133851","134130","75","119701806"
"chr11","119948009","119948130","GL873525","6607619","6607730","31","113340390"
"chr11","120137104","120137394","GL873530","8252980","8253273","87","111884124"
"chr11","120814780","120814930","GL873672","1567049","1567194","50","119247731"
"chr11","120897789","120898015","GL873523","24830084","24830304","61","96067705"
"chr11","120898516","120898802","GL873561","14329867","14330129","77","106568649"
"chr11","120988937","120989162","GL873558","5090920","5091134","82","115898017"
"chr11","121141341","121141518","GL873728","590192","590366","51","120551149"
"chr11","121171150","121171458","GL873615","2242583","2242882","91","118928567"
"chr11","121229366","121229706","GL873615","2242583","2242882","105","118986783"
"chr11","121248649","121248824","GL873526","16210494","16210659","52","105038155"
"chr11","121274891","121275129","GL873534","6499556","6499790","71","114775335"
"chr11","121469392","121469460","GL873524","40199622","40199689","16","81269770"
"chr11","121500344","121500609","GL873526","17185395","17185660","84","104314949"
"chr11","121613779","121614049","GL873807","378787","379071","75","121234992"
"chr11","121701870","121702048","GL873587","2344327","2344496","59","119357543"
"chr11","122253518","122253816","GL873525","31608445","31608738","72","90645073"
"chr11","122303841","122304143","GL873532","29369734","29370037","75","92934107"
"chr11","122308613","122308830","GL873576","10845861","10846063","73","111462752"
"chr11","122367700","122367932","GL873664","3452535","3452748","69","118915165"
"chr11","122394645","122394914","GL873526","44043","44310","85","122350602"
"chr11","122671302","122671501","GL873693","2376743","2376906","74","120294559"
"chr11","122748814","122749070","GL873527","27812855","27813090","78","94935959"
"chr11","122911076","122911383","GL873615","2242583","2242882","87","120668493"
"chr11","122990222","122990514","GL873520","23993282","23993576","84","98996940"
"chr11","123004703","123004946","GL873527","27812855","27813090","64","95191848"
"chr11","123165499","123165637","GL873629","3057379","3057506","41","120108120"
"chr11","123306636","123306949","GL873532","29369734","29370037","87","93936902"
"chr11","123401825","123402136","GL873531","743580","743873","77","122658245"
"chr11","123426428","123426714","GL873807","378787","379071","74","123047641"
"chr11","123485861","123486009","GL873587","2344327","2344496","62","121141534"
"chr11","123660895","123661183","GL873564","12230896","12231176","86","111429999"
"chr11","123667467","123667757","GL873807","378787","379071","73","123288680"
"chr11","123699717","123700003","GL873533","16134333","16134623","72","107565384"
"chr11","123910104","123910371","GL873540","8735863","8736130","76","115174241"
"chr11","124079816","124080067","GL873700","1267399","1267642","85","122812417"
"chr11","124313044","124313349","GL873645","923581","923868","81","123389463"
"chr11","125054615","125054894","GL873531","15816402","15816670","68","109238213"
"chr11","125405445","125405754","GL873520","20611705","20612004","80","104793740"
"chr11","125514515","125514825","GL873532","29369734","29370037","80","96144781"
"chr11","125668014","125668313","GL873807","378787","379071","71","125289227"
"chr11","126522201","126522463","GL873540","16674647","16674922","83","109847554"
"chr11","126921715","126922005","GL873807","378787","379071","68","126542928"
"chr11","126937978","126938308","GL873537","28253996","28254310","96","98683982"
"chr11","128962914","128963218","GL873615","2242583","2242882","78","126720331"
"chr11","129700726","129701002","GL873558","11729886","11730160","82","117970840"
"chr11","129851741","129852021","GL873526","11694917","11695169","87","118156824"
"chr11","129899321","129899511","GL873538","24528568","24528730","68","105370753"
"chr11","130084448","130084696","GL873551","4326719","4326966","91","125757729"
"chr11","130096749","130096951","GL873731","1122838","1123027","52","128973911"
"chr11","130097253","130097361","GL873563","6278566","6278672","48","123818687"
"chr11","130127942","130128209","GL873526","11694917","11695169","77","118433025"
"chr11","130309308","130309590","GL873635","3143338","3143625","75","127165970"
"chr12","90308586","90308872","GL873536","6183235","6183517","75","84125351"
"chr12","39164","39463","GL873652","2538738","2539020","79","2499574"
"chr12","117423","117713","GL873807","378787","379071","72","261364"
"chr12","172181","172467","GL873807","378787","379071","82","206606"
"chr12","178470","178755","GL873615","5164234","5164521","68","4985764"
"chr12","223043","223332","GL873807","378787","379071","74","155744"
"chr12","260123","260413","GL873807","378787","379071","73","118664"
"chr12","394076","394225","GL873572","8292948","8293070","53","7898872"
"chr12","436205","436497","GL873615","2242583","2242882","84","1806378"
"chr12","450628","450909","GL873531","15816402","15816670","74","15365774"
"chr12","463873","464159","GL873807","378787","379071","76","85086"
"chr12","470955","471246","GL873807","378787","379071","68","92168"
"chr12","493684","493976","GL873525","31608445","31608738","74","31114761"
"chr12","522602","522890","GL873635","3143338","3143625","78","2620736"
"chr12","847169","847320","GL873608","3484994","3485156","71","2637825"
"chr12","946870","946954","GL873780","151869","151943","26","795001"
"chr12","1281911","1282174","GL873544","4458562","4458812","86","3176651"
"chr12","1307269","1307473","GL873533","28073656","28073870","64","26766387"
"chr12","1327502","1327810","GL873532","29369734","29370037","84","28042232"
"chr12","1331232","1331524","GL873635","3143338","3143625","81","1812106"
"chr12","1526053","1526337","GL873544","21012867","21013121","105","19486814"
"chr12","1689948","1690228","GL873539","25389838","25390116","83","23699890"
"chr12","2083911","2084190","GL873533","9671302","9671560","89","7587391"
"chr12","2095802","2095995","GL873525","18910417","18910587","70","16814615"
"chr12","2184304","2184608","GL873633","6680180","6680479","83","4495876"
"chr12","2209063","2209358","GL873545","12502931","12503218","76","10293868"
"chr12","2276341","2276621","GL873807","378787","379071","75","1897554"
"chr12","2654025","2654319","GL873807","378787","379071","71","2275238"
"chr12","2724660","2724959","GL873531","743580","743873","82","1981080"
"chr12","2872220","2872294","GL873799","235420","235499","27","2636800"
"chr12","2884567","2884882","GL873645","923581","923868","82","1960986"
"chr12","2934783","2935074","GL873615","5164234","5164521","76","2229451"
"chr12","3037885","3038172","GL873807","378787","379071","80","2659098"
"chr12","3048618","3048917","GL873711","600516","600812","89","2448102"
"chr12","3064817","3065119","GL873645","923581","923868","74","2141236"
"chr12","3075102","3075401","GL873532","29369734","29370037","90","26294632"
"chr12","3442212","3442480","GL873807","378787","379071","70","3063425"
"chr12","3521165","3521462","GL873615","2242583","2242882","82","1278582"
"chr12","3531700","3531993","GL873652","2538738","2539020","77","992962"
"chr12","3579044","3579128","GL873799","235420","235499","25","3343624"
"chr12","3603323","3603386","GL873537","28066052","28066115","15","24462729"
"chr12","3637200","3637381","GL873536","10089167","10089339","50","6451967"
"chr12","3641275","3641531","GL873526","17185395","17185660","79","13544120"
"chr12","3641586","3641830","GL873585","115904","116160","85","3525682"
"chr12","3654038","3654336","GL873652","2538738","2539020","80","1115300"
"chr12","3665307","3665631","GL873532","29369734","29370037","103","25704427"
"chr12","4132865","4133152","GL873557","10602774","10603071","72","6469909"
"chr12","4318325","4318485","GL873580","853240","853398","43","3465085"
"chr12","4479043","4479333","GL873807","378787","379071","70","4100256"
"chr12","4587702","4587979","GL873807","378787","379071","72","4208915"
"chr12","4807395","4807530","GL873629","3057379","3057506","35","1750016"
"chr12","4857652","4857941","GL873635","3143338","3143625","77","1714314"
"chr12","4863209","4863507","GL873581","9335059","9335345","85","4471850"
"chr12","4997579","4997878","GL873532","29369734","29370037","75","24372155"
"chr12","5386309","5386566","GL873538","4784269","4784514","68","602040"
"chr12","5443124","5443432","GL873639","638719","639018","82","4804405"
"chr12","5697064","5697357","GL873527","33196263","33196548","80","27499199"
"chr12","5751346","5751595","GL873671","1882360","1882615","83","3868986"
"chr12","5751958","5752231","GL873576","10227779","10228037","98","4475821"
"chr12","6097696","6097986","GL873807","378787","379071","66","5718909"
"chr12","6377202","6377511","GL873545","12502931","12503218","91","6125729"
"chr12","6399857","6400151","GL873526","17185395","17185660","93","10785538"
"chr12","6614922","6615191","GL873700","1267399","1267642","79","5347523"
"chr12","6948416","6948481","GL873662","1216517","1216580","14","5731899"
"chr12","7080428","7080719","GL873592","3504292","3504588","87","3576136"
"chr12","7087328","7087523","GL873731","1122838","1123027","44","5964490"
"chr12","7180425","7180736","GL873531","11880361","11880661","91","4699936"
"chr12","7267474","7267770","GL873532","29369734","29370037","80","22102260"
"chr12","7467442","7467741","GL873652","2538738","2539020","73","4928704"
"chr12","7491388","7491687","GL873615","2242583","2242882","72","5248805"
"chr12","7808340","7808642","GL873569","5489766","5490051","85","2318574"
"chr12","7827851","7828144","GL873807","378787","379071","73","7449064"
"chr12","7948199","7948503","GL873520","20611705","20612004","83","12663506"
"chr12","8535976","8536268","GL873615","5164234","5164521","82","3371742"
"chr12","9093025","9093175","GL873580","853240","853398","52","8239785"
"chr12","9206062","9206341","GL873538","4784269","4784514","109","4421793"
"chr12","9209628","9209936","GL873584","10767629","10767932","83","1558001"
"chr12","9604682","9604903","GL873607","468681","468880","86","9136001"
"chr12","10043084","10043363","GL873807","378787","379071","79","9664297"
"chr12","10557928","10558234","GL873531","743580","743873","73","9814348"
"chr12","10583824","10584107","GL873558","11729886","11730160","79","1146062"
"chr12","10657282","10657363","GL873799","235420","235499","24","10421862"
"chr12","11024542","11024832","GL873526","22863004","22863298","79","11838462"
"chr12","11101810","11102119","GL873531","743580","743873","84","10358230"
"chr12","11193436","11193731","GL873531","743580","743873","85","10449856"
"chr12","11288704","11288999","GL873807","378787","379071","82","10909917"
"chr12","11313816","11314088","GL873526","17185395","17185660","64","5871579"
"chr12","11400166","11400448","GL873539","25389838","25390116","88","13989672"
"chr12","11486182","11486436","GL873671","1882360","1882615","74","9603822"
"chr12","11580448","11580680","GL873534","6499556","6499790","75","5080892"
"chr12","11646722","11646882","GL873608","3484994","3485156","56","8161728"
"chr12","11816606","11816916","GL873531","743580","743873","93","11073026"
"chr12","11894351","11894639","GL873615","5164234","5164521","74","6730117"
"chr12","11907352","11907573","GL873527","27812855","27813090","67","15905503"
"chr12","11972179","11972381","GL873530","11536409","11536598","57","435770"
"chr12","12162901","12163168","GL873807","378787","379071","77","11784114"
"chr12","12252686","12252973","GL873548","18432867","18433143","79","6180181"
"chr12","12334727","12335021","GL873652","2538738","2539020","77","9795989"
"chr12","12365413","12365655","GL873530","24066432","24066694","82","11701019"
"chr12","12392611","12392874","GL873629","3330842","3331122","87","9061769"
"chr12","12428657","12428932","GL873538","4784269","4784514","78","7644388"
"chr12","12586358","12586648","GL873807","378787","379071","63","12207571"
"chr12","12753004","12753292","GL873635","3143338","3143625","75","9609666"
"chr12","12957990","12958254","GL873544","4458562","4458812","80","8499428"
"chr12","13031065","13031246","GL873536","10089167","10089339","57","2941898"
"chr12","13041207","13041331","GL873629","3057379","3057506","34","9983828"
"chr12","13655012","13655301","GL873807","378787","379071","65","13276225"
"chr12","14198023","14198305","GL873533","16134333","16134623","79","1936310"
"chr12","14324161","14324458","GL873536","6183235","6183517","71","8140926"
"chr12","15066778","15067088","GL873538","12351987","12352285","84","2714791"
"chr12","15152869","15153093","GL873603","3472302","3472505","74","11680567"
"chr12","15198093","15198383","GL873652","2538738","2539020","74","12659355"
"chr12","15218799","15219096","GL873532","29369734","29370037","75","14150935"
"chr12","15296823","15297142","GL873531","743580","743873","89","14553243"
"chr12","15330162","15330437","GL873585","115904","116160","79","15214258"
"chr12","15351721","15351897","GL873731","1216076","1216245","69","14135645"
"chr12","15391350","15391657","GL873532","29369734","29370037","81","13978384"
"chr12","15415869","15416055","GL873621","270115","270296","61","15145754"
"chr12","15576890","15577162","GL873544","19151818","19152093","70","3574928"
"chr12","15620762","15621045","GL873647","344182","344454","73","15276580"
"chr12","16467520","16467798","GL873560","1046330","1046605","74","15421190"
"chr12","16905031","16905334","GL873633","6680180","6680479","78","10224851"
"chr12","17087873","17088079","GL873533","28073656","28073870","64","10985783"
"chr12","17161055","17161347","GL873635","3143338","3143625","77","14017717"
"chr12","17442659","17442952","GL873615","5164234","5164521","79","12278425"
"chr12","17540350","17540663","GL873531","743580","743873","88","16796770"
"chr12","18415385","18415479","GL873623","3165346","3165445","39","15250039"
"chr12","18450364","18450589","GL873618","3344163","3344386","81","15106201"
"chr12","18520987","18521274","GL873602","5655744","5656017","81","12865243"
"chr12","18532285","18532579","GL873605","211678","211971","77","18320607"
"chr12","18625516","18625799","GL873807","378787","379071","68","18246729"
"chr12","19006639","19006930","GL873615","5164234","5164521","76","13842405"
"chr12","19092651","19092945","GL873652","2538738","2539020","75","16553913"
"chr12","19138418","19138697","GL873607","5526364","5526636","76","13612054"
"chr12","19149246","19149330","GL873812","573691","573747","44","18575555"
"chr12","19149696","19149893","GL873525","32888135","32888322","62","13738439"
"chr12","19275011","19275310","GL873633","6680180","6680479","77","12594831"
"chr12","19469855","19470145","GL873807","378787","379071","64","19091068"
"chr12","19510541","19510821","GL873807","378787","379071","97","19131754"
"chr12","20306084","20306345","GL873671","1882360","1882615","70","18423724"
"chr12","20327612","20327928","GL873532","29369734","29370037","88","9042122"
"chr12","20525102","20525396","GL873615","5164234","5164521","75","15360868"
"chr12","20838075","20838363","GL873560","5671813","5672100","76","15166262"
"chr12","20974090","20974375","GL873807","378787","379071","67","20595303"
"chr12","20997393","20997691","GL873645","923581","923868","82","20073812"
"chr12","21416089","21416364","GL873531","15816402","15816670","75","5599687"
"chr12","21863711","21863950","GL873523","24830084","24830304","78","2966373"
"chr12","22096034","22096330","GL873639","638719","639018","72","21457315"
"chr12","22391492","22391786","GL873615","5164234","5164521","79","17227258"
"chr12","22403070","22403361","GL873807","378787","379071","75","22024283"
"chr12","22484881","22485173","GL873807","378787","379071","73","22106094"
"chr12","22492167","22492450","GL873564","12230896","12231176","74","10261271"
"chr12","22528529","22528709","GL873608","3484994","3485156","67","19043535"
"chr12","22663981","22664270","GL873652","2538738","2539020","76","20125243"
"chr12","22669351","22669646","GL873592","3504292","3504588","81","19165059"
"chr12","23182580","23182882","GL873671","886108","886393","91","22296472"
"chr12","23648156","23648322","GL873536","10089167","10089339","53","13558989"
"chr12","23717336","23717496","GL873552","11439967","11440139","59","12277369"
"chr12","23937981","23938285","GL873589","9310653","9310947","94","14627328"
"chr12","23940413","23940495","GL873780","151869","151943","28","23788544"
"chr12","24060206","24060362","GL873814","114306","114462","43","23945900"
"chr12","24227792","24228084","GL873520","23993282","23993576","84","234510"
"chr12","24290933","24291213","GL873615","5164234","5164521","75","19126699"
"chr12","24461598","24461897","GL873592","3504292","3504588","74","20957306"
"chr12","24513903","24514198","GL873615","2242583","2242882","84","22271320"
"chr12","24514199","24514323","GL873572","8292948","8293070","49","16221251"
"chr12","24775875","24776152","GL873520","70969998","70970267","77","46194123"
"chr12","24802176","24802473","GL873615","5164234","5164521","84","19637942"
"chr12","25999765","25999989","GL873523","24830084","24830304","64","1169681"
"chr12","26054205","26054514","GL873532","29369734","29370037","90","3315529"
"chr12","26414557","26414865","GL873652","2538738","2539020","80","23875819"
"chr12","26668665","26668850","GL873530","11536409","11536598","58","15132256"
"chr12","27064937","27065219","GL873712","758777","759067","82","26306160"
"chr12","27100665","27100769","GL873525","6607619","6607730","33","20493046"
"chr12","27201898","27202205","GL873532","29369734","29370037","84","2167836"
"chr12","27219120","27219443","GL873645","923581","923868","95","26295539"
"chr12","27258220","27258504","GL873807","378787","379071","67","26879433"
"chr12","27481953","27482244","GL873536","6183235","6183517","71","21298718"
"chr12","27522412","27522720","GL873615","2242583","2242882","83","25279829"
"chr12","27716290","27716567","GL873531","15816402","15816670","64","11899888"
"chr12","27827147","27827417","GL873536","8238390","8238645","117","19588757"
"chr12","27975842","27976021","GL873610","4454076","4454255","48","23521766"
"chr12","28076816","28077114","GL873545","12502931","12503218","83","15573885"
"chr12","28146799","28147100","GL873532","29369734","29370037","78","1222935"
"chr12","28268278","28268345","GL873662","1216517","1216580","15","27051761"
"chr12","28502459","28502668","GL873731","1140299","1140488","59","27362160"
"chr12","28590087","28590201","GL873525","6607619","6607730","24","21982468"
"chr12","28591019","28591339","GL873615","2242583","2242882","87","26348436"
"chr12","28727510","28727818","GL873532","29369734","29370037","80","642224"
"chr12","28729786","28730071","GL873807","378787","379071","74","28350999"
"chr12","28742807","28743108","GL873696","323840","324122","89","28418967"
"chr12","29106806","29106926","GL873617","6429598","6429710","52","22677208"
"chr12","29107678","29107818","GL873629","3057379","3057506","47","26050299"
"chr12","29235690","29235952","GL873526","11694917","11695169","74","17540773"
"chr12","29284084","29284336","GL873581","838124","838393","86","28445960"
"chr12","30667551","30667815","GL873558","11729886","11730160","79","18937665"
"chr12","30670963","30671272","GL873615","2242583","2242882","81","28428380"
"chr12","30971111","30971437","GL873531","743580","743873","91","30227531"
"chr12","31016670","31016835","GL873608","3484994","3485156","46","27531676"
"chr12","31091863","31092089","GL873731","1122838","1123027","68","29969025"
"chr12","31193297","31193587","GL873635","3143338","3143625","70","28049959"
"chr12","31196910","31197209","GL873592","3504292","3504588","73","27692618"
"chr12","32388810","32389079","GL873533","16134333","16134623","77","16254477"
"chr12","32400976","32401287","GL873531","743580","743873","81","31657396"
"chr12","32636052","32636356","GL873530","8252980","8253273","82","24383072"
"chr12","33288880","33289166","GL873807","378787","379071","74","32910093"
"chr12","33304287","33304583","GL873639","638719","639018","81","32665568"
"chr12","34250843","34251153","GL873532","29369734","29370037","79","4881109"
"chr12","36414853","36415159","GL873530","8252980","8253273","84","28161873"
"chr12","36673859","36674150","GL873611","3341174","3341447","78","33332685"
"chr12","37133235","37133531","GL873807","378787","379071","74","36754448"
"chr12","37138933","37139211","GL873534","15455935","15456215","88","21682998"
"chr12","37428740","37429026","GL873532","29369734","29370037","77","8059006"
"chr12","37477790","37478090","GL873545","12502931","12503218","80","24974859"
"chr12","37588976","37589261","GL873807","378787","379071","68","37210189"
"chr12","38166492","38166744","GL873671","1882360","1882615","81","36284132"
"chr12","39711594","39711882","GL873615","5164234","5164521","78","34547360"
"chr12","39844090","39844390","GL873712","758777","759067","74","39085313"
"chr12","40069771","40069895","GL873617","6429598","6429710","61","33640173"
"chr12","40608344","40608612","GL873526","11694917","11695169","73","28913427"
"chr12","42475374","42475663","GL873807","378787","379071","69","42096587"
"chr12","42637897","42638176","GL873905","48652","48939","79","42589245"
"chr12","44316513","44316640","GL873629","3057379","3057506","34","41259134"
"chr12","44523212","44523510","GL873645","923581","923868","86","43599631"
"chr12","44606921","44607216","GL873807","378787","379071","75","44228134"
"chr12","44652874","44653081","GL873649","2198171","2198363","68","42454703"
"chr12","44962908","44963213","GL873531","743580","743873","81","44219328"
"chr12","45791459","45791642","GL873728","590192","590366","50","45201267"
"chr12","46184538","46184829","GL873645","923581","923868","80","45260957"
"chr12","46235798","46236014","GL873523","24830084","24830304","66","21405714"
"chr12","46257922","46258208","GL873671","886108","886393","79","45371814"
"chr12","47020221","47020540","GL873530","8252980","8253273","88","38767241"
"chr12","47309562","47309765","GL873607","468681","468880","69","46840881"
"chr12","47940672","47940967","GL873652","2538738","2539020","73","45401934"
"chr12","48678081","48678385","GL873615","2242583","2242882","65","46435498"
"chr12","48835170","48835463","GL873526","22863004","22863298","74","25972166"
"chr12","49172145","49172445","GL873639","638719","639018","79","48533426"
"chr12","49321027","49321090","GL873537","28066052","28066115","14","21254975"
"chr12","49504291","49504595","GL873531","11880361","11880661","72","37623930"
"chr12","49936871","49937167","GL873646","3489451","3489745","81","46447420"
"chr12","50152353","50152640","GL873639","638719","639018","79","49513634"
"chr12","50356629","50356705","GL873662","1216517","1216580","23","49140112"
"chr12","50638230","50638522","GL873807","378787","379071","69","50259443"
"chr12","50731343","50731629","GL873615","5164234","5164521","69","45567109"
"chr12","51042569","51042862","GL873652","2538738","2539020","76","48503831"
"chr12","51228132","51228252","GL873563","6278566","6278672","57","44949566"
"chr12","51257247","51257530","GL873600","6358350","6358621","91","44898897"
"chr12","51386802","51387104","GL873711","600516","600812","77","50786286"
"chr12","51436285","51436567","GL873807","378787","379071","78","51057498"
"chr12","51510690","51511007","GL873615","2242583","2242882","98","49268107"
"chr12","51644023","51644116","GL873623","3165346","3165445","26","48478677"
"chr12","51645074","51645108","GL873585","1653672","1653707","11","49991402"
"chr12","51645129","51645301","GL873608","3484994","3485156","54","48160135"
"chr12","51725612","51725917","GL873531","743580","743873","78","50982032"
"chr12","51824845","51824971","GL873548","16247733","16247866","29","35577112"
"chr12","51849791","51850006","GL873731","1140299","1140488","58","50709492"
"chr12","51899329","51899639","GL873532","29369734","29370037","85","22529595"
"chr12","51927414","51927706","GL873569","5489766","5490051","75","46437648"
"chr12","51931284","51931580","GL873652","2538738","2539020","73","49392546"
"chr12","52088706","52088997","GL873635","3143338","3143625","69","48945368"
"chr12","52231830","52232092","GL873538","4784269","4784514","87","47447561"
"chr12","52275937","52276241","GL873712","758777","759067","85","51517160"
"chr12","52333018","52333340","GL873583","5217241","5217516","103","47115777"
"chr12","53343052","53343331","GL873531","15816402","15816670","76","37526650"
"chr12","53673502","53673765","GL873538","4784269","4784514","72","48889233"
"chr12","54241801","54242108","GL873532","29369734","29370037","74","24872067"
"chr12","54704148","54704444","GL873525","31608445","31608738","75","23095703"
"chr12","54711366","54711670","GL873530","8252980","8253273","79","46458386"
"chr12","54804622","54804890","GL873520","70969998","70970267","77","16165376"
"chr12","54976782","54977056","GL873531","15816402","15816670","67","39160380"
"chr12","55082370","55082648","GL873807","378787","379071","64","54703583"
"chr12","55128109","55128219","GL873520","2151025","2151139","51","52977084"
"chr12","55147110","55147239","GL873629","3057379","3057506","31","52089731"
"chr12","55337620","55337927","GL873589","9310653","9310947","80","46026967"
"chr12","55394594","55394888","GL873726","1557093","1557383","74","53837501"
"chr12","55416576","55416866","GL873615","2242583","2242882","78","53173993"
"chr12","55514935","55515249","GL873633","6680180","6680479","105","48834755"
"chr12","55664262","55664548","GL873807","378787","379071","76","55285475"
"chr12","55738181","55738468","GL873807","378787","379071","73","55359394"
"chr12","55754067","55754362","GL873532","29369734","29370037","73","26384333"
"chr12","55772906","55773191","GL873557","12157885","12158169","81","43615021"
"chr12","55854947","55855244","GL873592","3504292","3504588","76","52350655"
"chr12","55925796","55926093","GL873645","923581","923868","87","55002215"
"chr12","56105309","56105589","GL873531","15816402","15816670","72","40288907"
"chr12","56326756","56327040","GL873807","378787","379071","75","55947969"
"chr12","56370891","56371161","GL873807","378787","379071","81","55992104"
"chr12","56405643","56405709","GL873662","1216517","1216580","18","55189126"
"chr12","56435528","56435838","GL873530","8252980","8253273","80","48182548"
"chr12","56444628","56444753","GL873525","6607619","6607730","33","49837009"
"chr12","56477210","56477655","GL873700","779773","780090","192","55697437"
"chr12","56496839","56497141","GL873531","743580","743873","88","55753259"
"chr12","56507967","56508258","GL873807","378787","379071","76","56129180"
"chr12","56561293","56561584","GL873623","7055444","7055732","75","49505849"
"chr12","57179146","57179446","GL873615","5164234","5164521","80","52014912"
"chr12","57276326","57276621","GL873652","2538738","2539020","73","54737588"
"chr12","57448861","57449165","GL873639","638719","639018","85","56810142"
"chr12","57962809","57963113","GL873605","211678","211971","80","57751131"
"chr12","58996223","58996508","GL873536","6183235","6183517","72","52812988"
"chr12","59500005","59500282","GL873546","5021263","5021515","78","54478742"
"chr12","59980759","59980904","GL873548","16247733","16247866","47","43733026"
"chr12","59981571","59981745","GL873608","3484994","3485156","52","56496577"
"chr12","60669006","60669101","GL873623","3165346","3165445","28","57503660"
"chr12","61020576","61020862","GL873589","9310653","9310947","81","51709923"
"chr12","61032856","61033003","GL873814","114306","114462","45","60918550"
"chr12","61236068","61236368","GL873615","5164234","5164521","75","56071834"
"chr12","61599375","61599664","GL873531","743580","743873","73","60855795"
"chr12","62230025","62230278","GL873526","11694917","11695169","70","50535108"
"chr12","62395331","62395629","GL873533","16134333","16134623","85","46260998"
"chr12","62673526","62673769","GL873671","1882360","1882615","72","60791166"
"chr12","62870474","62870621","GL873572","8292948","8293070","69","54577526"
"chr12","63011036","63011318","GL873611","4326462","4326733","91","58684574"
"chr12","64031455","64031749","GL873560","5671813","5672100","80","58359642"
"chr12","64112629","64112915","GL873807","378787","379071","71","63733842"
"chr12","64133106","64133399","GL873807","378787","379071","70","63754319"
"chr12","64302830","64303132","GL873639","638719","639018","89","63664111"
"chr12","64447776","64448074","GL873615","5164234","5164521","77","59283542"
"chr12","65835245","65835528","GL873646","3489451","3489745","87","62345794"
"chr12","66099970","66100255","GL873529","2737581","2737856","72","63362389"
"chr12","66656471","66656783","GL873645","923581","923868","83","65732890"
"chr12","67481292","67481583","GL873536","6183235","6183517","75","61298057"
"chr12","68636642","68636772","GL873629","3057379","3057506","33","65579263"
"chr12","68744588","68744877","GL873530","8252980","8253273","81","60491608"
"chr12","70008290","70008585","GL873525","31608445","31608738","79","38399845"
"chr12","70466211","70466511","GL873520","20611705","20612004","72","49854506"
"chr12","71033553","71033856","GL873592","3504292","3504588","71","67529261"
"chr12","71317941","71318232","GL873652","2538738","2539020","76","68779203"
"chr12","72521119","72521418","GL873615","2242583","2242882","81","70278536"
"chr12","72587656","72587955","GL873520","23993282","23993576","86","48594374"
"chr12","72737640","72737942","GL873532","29369734","29370037","75","43367906"
"chr12","72785807","72786104","GL873645","923581","923868","71","71862226"
"chr12","72800752","72801026","GL873607","5526364","5526636","79","67274388"
"chr12","73279022","73279316","GL873615","5164234","5164521","77","68114788"
"chr12","73387324","73387542","GL873603","3472302","3472505","68","69915022"
"chr12","73926812","73927095","GL873533","16134333","16134623","80","57792479"
"chr12","74093000","74093289","GL873635","3143338","3143625","67","70949662"
"chr12","74583528","74583811","GL873635","3143338","3143625","75","71440190"
"chr12","75853882","75854186","GL873615","2242583","2242882","84","73611299"
"chr12","76182429","76182679","GL873527","27812855","27813090","83","48369574"
"chr12","77257907","77258193","GL873807","378787","379071","73","76879120"
"chr12","77599094","77599345","GL873526","17185395","17185660","73","60413699"
"chr12","77705688","77705995","GL873633","6680180","6680479","75","71025508"
"chr12","78774767","78775051","GL873635","3143338","3143625","75","75631429"
"chr12","79018470","79018763","GL873615","5164234","5164521","74","73854236"
"chr12","79388938","79389230","GL873534","15455935","15456215","83","63933003"
"chr12","79628837","79629081","GL873618","3344163","3344386","81","76284674"
"chr12","80000731","80001030","GL873635","3143338","3143625","80","76857393"
"chr12","80052614","80052911","GL873652","2538738","2539020","70","77513876"
"chr12","80210269","80210558","GL873615","5164234","5164521","70","75046035"
"chr12","80262863","80263150","GL873807","378787","379071","73","79884076"
"chr12","80283282","80283557","GL873807","378787","379071","82","79904495"
"chr12","80291846","80292138","GL873623","7055444","7055732","76","73236402"
"chr12","80361848","80362020","GL873728","590192","590366","45","79771656"
"chr12","80480222","80480298","GL873780","151869","151943","25","80328353"
"chr12","80501271","80501556","GL873652","2538738","2539020","81","77962533"
"chr12","80516594","80516877","GL873807","378787","379071","81","80137807"
"chr12","81311222","81311542","GL873532","29369734","29370037","91","51941488"
"chr12","81422635","81422936","GL873532","29369734","29370037","75","52052901"
"chr12","81428315","81428614","GL873532","29369734","29370037","77","52058581"
"chr12","81496019","81496314","GL873536","6183235","6183517","76","75312784"
"chr12","81555752","81556016","GL873531","15816402","15816670","83","65739350"
"chr12","81604022","81604329","GL873532","29369734","29370037","81","52234288"
"chr12","82690037","82690285","GL873522","19115246","19115490","67","63574791"
"chr12","82717269","82717346","GL873780","151869","151943","22","82565400"
"chr12","82969372","82969674","GL873532","29369734","29370037","69","53599638"
"chr12","83864333","83864600","GL873531","4102790","4103038","79","79761543"
"chr12","83925044","83925299","GL873671","1882360","1882615","73","82042684"
"chr12","83948185","83948451","GL873700","784432","784686","79","83163753"
"chr12","83949004","83949292","GL873807","378787","379071","69","83570217"
"chr12","84247818","84248013","GL873731","1122838","1123027","43","83124980"
"chr12","84520085","84520268","GL873536","10089167","10089339","57","74430918"
"chr12","84554821","84555122","GL873531","743580","743873","72","83811241"
"chr12","84783314","84783623","GL873531","743580","743873","83","84039734"
"chr12","84801787","84801994","GL873558","5090920","5091134","65","79710867"
"chr12","85151324","85151609","GL873592","3504292","3504588","78","81647032"
"chr12","86310056","86310348","GL873807","378787","379071","73","85931269"
"chr12","86954749","86955067","GL873645","923581","923868","87","86031168"
"chr12","87192043","87192347","GL873712","758777","759067","79","86433266"
"chr12","87465014","87465298","GL873615","5164234","5164521","73","82300780"
"chr12","87581158","87581418","GL873522","19115246","19115490","80","68465912"
"chr12","87594399","87594689","GL873696","323840","324122","76","87270559"
"chr12","87673083","87673244","GL873610","7088038","7088189","39","80585045"
"chr12","87677805","87678103","GL873615","2242583","2242882","81","85435222"
"chr12","88542805","88543110","GL873531","743580","743873","81","87799225"
"chr12","88706755","88707037","GL873531","743580","743873","84","87963175"
"chr12","88902866","88903169","GL873652","2538738","2539020","77","86364128"
"chr12","89349499","89349763","GL873530","24066432","24066694","78","65283067"
"chr12","89366073","89366362","GL873615","5164234","5164521","66","84201839"
"chr12","89913620","89913924","GL873615","5164234","5164521","80","84749386"
"chr12","90366741","90366991","GL873671","1882360","1882615","71","88484381"
"chr12","90449010","90449220","GL873654","829106","829286","66","89619904"
"chr12","90655176","90655469","GL873611","3341174","3341447","78","87314002"
"chr12","90705181","90705459","GL873606","1584393","1584659","78","89120788"
"chr12","90714857","90715146","GL873807","378787","379071","75","90336070"
"chr12","90765809","90765969","GL873814","114306","114462","52","90651503"
"chr12","90862550","90862849","GL873615","5164234","5164521","82","85698316"
"chr12","91299472","91299778","GL873532","29369734","29370037","85","61929738"
"chr12","91401141","91401203","GL873522","32012674","32012736","28","59388467"
"chr12","91401749","91401942","GL873731","1122838","1123027","34","90278911"
"chr12","91983111","91983405","GL873532","29369734","29370037","75","62613377"
"chr12","92990169","92990235","GL873524","40199622","40199689","23","52790547"
"chr12","93279444","93279735","GL873807","378787","379071","66","92900657"
"chr12","93872501","93872570","GL873534","8444999","8445064","23","85427502"
"chr12","94256762","94257038","GL873807","378787","379071","82","93877975"
"chr12","94410205","94410500","GL873639","638719","639018","75","93771486"
"chr12","95155892","95156040","GL873521","37167860","37168019","46","57988032"
"chr12","95502861","95503145","GL873807","378787","379071","82","95124074"
"chr12","96383423","96383719","GL873807","378787","379071","83","96004636"
"chr12","96684903","96685191","GL873531","15816402","15816670","78","80868501"
"chr12","97480271","97480539","GL873606","1584393","1584659","74","95895878"
"chr12","97769613","97769920","GL873530","8252980","8253273","77","89516633"
"chr12","98085787","98085979","GL873722","41873","42081","64","98043914"
"chr12","98144543","98144834","GL873652","2538738","2539020","70","95605805"
"chr12","98613766","98614059","GL873532","30713115","30713390","89","67900651"
"chr12","98751693","98751982","GL873807","378787","379071","75","98372906"
"chr12","98755124","98755391","GL873531","15816402","15816670","76","82938722"
"chr12","99316012","99316176","GL873728","590192","590366","58","98725820"
"chr12","100119759","100120067","GL873615","2242583","2242882","78","97877176"
"chr12","100568732","100569013","GL873807","378787","379071","66","100189945"
"chr12","100902227","100902511","GL873615","5164234","5164521","76","95737993"
"chr12","101430203","101430506","GL873530","8252980","8253273","72","93177223"
"chr12","101593014","101593300","GL873807","378787","379071","75","101214227"
"chr12","101809932","101810224","GL873531","11880361","11880661","88","89929571"
"chr12","102286555","102286838","GL873807","378787","379071","76","101907768"
"chr12","102693286","102693433","GL873580","853240","853398","46","101840046"
"chr12","102706400","102706605","GL873538","2103378","2103585","57","100603022"
"chr12","103424121","103424417","GL873532","29369734","29370037","70","74054387"
"chr12","104022656","104022939","GL873619","3251154","3251417","78","100771502"
"chr12","104198216","104198515","GL873645","923581","923868","74","103274635"
"chr12","104611835","104612131","GL873807","378787","379071","92","104233048"
"chr12","104763846","104764129","GL873615","5164234","5164521","75","99599612"
"chr12","104787381","104787676","GL873807","378787","379071","79","104408594"
"chr12","105144393","105144535","GL873522","36553653","36553775","64","68590740"
"chr12","106154401","106154695","GL873807","378787","379071","73","105775614"
"chr12","106387736","106388011","GL873807","378787","379071","74","106008949"
"chr12","106685669","106685965","GL873548","15989743","15990030","79","90695926"
"chr12","106852598","106852884","GL873807","378787","379071","76","106473811"
"chr12","106860574","106860860","GL873807","378787","379071","81","106481787"
"chr12","106872288","106872428","GL873573","561846","562000","45","106310442"
"chr12","106977190","106977485","GL873639","638719","639018","69","106338471"
"chr12","107267392","107267674","GL873807","378787","379071","81","106888605"
"chr12","107557140","107557423","GL873807","378787","379071","75","107178353"
"chr12","108856310","108856432","GL873563","6278566","6278672","60","102577744"
"chr12","108941461","108941743","GL873807","378787","379071","75","108562674"
"chr12","109552739","109552870","GL873629","3057379","3057506","34","106495360"
"chr12","109890604","109890918","GL873531","743580","743873","79","109147024"
"chr12","109971401","109971710","GL873531","743580","743873","81","109227821"
"chr12","110165355","110165621","GL873564","8111869","8112128","73","102053486"
"chr12","110246303","110246598","GL873807","378787","379071","80","109867516"
"chr12","110511293","110511512","GL873553","15802799","15802981","96","94708494"
"chr12","110717700","110717845","GL873629","3057379","3057506","44","107660321"
"chr12","110937275","110937573","GL873652","2538738","2539020","73","108398537"
"chr12","112004154","112004437","GL873807","378787","379071","72","111625367"
"chr12","112165829","112165960","GL873629","3057379","3057506","34","109108450"
"chr12","113027238","113027502","GL873544","4458562","4458812","82","108568676"
"chr12","113062230","113062529","GL873527","33196263","33196548","88","79865967"
"chr12","113359298","113359599","GL873532","29369734","29370037","74","83989564"
"chr12","113606664","113606973","GL873531","743580","743873","86","112863084"
"chr12","114078870","114079188","GL873531","11880361","11880661","91","102198509"
"chr12","114295202","114295504","GL873615","2242583","2242882","77","112052619"
"chr12","115836047","115836346","GL873639","638719","639018","73","115197328"
"chr12","117154479","117154781","GL873532","29369734","29370037","81","87784745"
"chr12","118023756","118023977","GL873731","1122838","1123027","67","116900918"
"chr12","118988687","118988963","GL873564","8111869","8112128","84","110876818"
"chr12","120112196","120112497","GL873615","2242583","2242882","80","117869613"
"chr12","120250303","120250600","GL873548","15989743","15990030","78","104260560"
"chr12","121378231","121378507","GL873600","6358350","6358621","82","115019881"
"chr12","121670293","121670440","GL873629","3057379","3057506","48","118612914"
"chr12","121676640","121676946","GL873712","758777","759067","95","120917863"
"chr13","340484","340548","GL873662","1216517","1216580","9","876033"
"chr13","340572","340635","GL873662","1216517","1216580","12","875945"
"chr13","861634","861920","GL873525","43871699","43871974","71","43010065"
"chr13","2229114","2229354","GL873654","370003","370233","83","1859111"
"chr13","2467662","2467967","GL873807","378787","379071","81","2088875"
"chr13","2558445","2558733","GL873652","2538738","2539020","90","19707"
"chr13","2775900","2776122","GL873523","24830084","24830304","59","22054184"
"chr13","3483515","3483825","GL873531","743580","743873","77","2739935"
"chr13","3991044","3991243","GL873654","829106","829286","62","3161938"
"chr13","4224097","4224324","GL873731","1122838","1123027","87","3101259"
"chr13","5460333","5460620","GL873615","5164234","5164521","90","296099"
"chr13","6222062","6222351","GL873525","43871699","43871974","79","37649637"
"chr13","6231694","6231961","GL873700","784432","784686","80","5447262"
"chr13","6635811","6636061","GL873671","1882360","1882615","78","4753451"
"chr13","6879922","6880224","GL873532","29369734","29370037","77","22489812"
"chr13","8456592","8456868","GL873561","14329867","14330129","68","5873275"
"chr13","8592862","8593170","GL873633","6680180","6680479","86","1912682"
"chr13","8705726","8705800","GL873524","40199622","40199689","22","31493896"
"chr13","8755344","8755498","GL873580","853240","853398","45","7902104"
"chr13","8997035","8997323","GL873602","5655744","5656017","74","3341291"
"chr13","9142852","9143148","GL873532","29369734","29370037","80","20226882"
"chr13","9145052","9145348","GL873623","7055444","7055732","83","2089608"
"chr13","9356254","9356566","GL873537","28253996","28254310","91","18897742"
"chr13","9692861","9693151","GL873615","5164234","5164521","75","4528627"
"chr13","9737242","9737540","GL873645","923581","923868","80","8813661"
"chr13","9861187","9861472","GL873807","378787","379071","79","9482400"
"chr13","10111834","10112135","GL873532","29369734","29370037","77","19257900"
"chr13","10386072","10386245","GL873580","853240","853398","63","9532832"
"chr13","10746689","10746863","GL873608","3484994","3485156","49","7261695"
"chr13","10768031","10768313","GL873807","378787","379071","71","10389244"
"chr13","11198819","11199102","GL873807","378787","379071","74","10820032"
"chr13","11766963","11767251","GL873807","378787","379071","70","11388176"
"chr13","12095155","12095450","GL873807","378787","379071","80","11716368"
"chr13","12747333","12747627","GL873532","29369734","29370037","76","16622401"
"chr13","13429956","13430250","GL873615","5164234","5164521","87","8265722"
"chr13","13772563","13772866","GL873560","5671813","5672100","83","8100750"
"chr13","14350102","14350413","GL873548","15989743","15990030","81","1639641"
"chr13","14630615","14630913","GL873553","1912528","1912825","82","12718087"
"chr13","14808130","14808424","GL873807","378787","379071","74","14429343"
"chr13","14969501","14969795","GL873543","21140344","21140627","87","6170843"
"chr13","14987456","14987759","GL873712","758777","759067","73","14228679"
"chr13","15081107","15081411","GL873633","6680180","6680479","86","8400927"
"chr13","15811647","15811933","GL873543","21140344","21140627","81","5328697"
"chr13","15841551","15841799","GL873526","11694917","11695169","77","4146634"
"chr13","16087851","16088161","GL873532","29369734","29370037","78","13281883"
"chr13","16302137","16302388","GL873544","4458562","4458812","80","11843575"
"chr13","16967170","16967444","GL873544","21012867","21013121","85","4045697"
"chr13","17216068","17216324","GL873635","3143338","3143625","86","14072730"
"chr13","17886725","17887041","GL873531","743580","743873","88","17143145"
"chr13","19636014","19636321","GL873615","2242583","2242882","78","17393431"
"chr13","19661622","19661913","GL873807","378787","379071","66","19282835"
"chr13","19858548","19858846","GL873532","29369734","29370037","82","9511186"
"chr13","19870867","19871163","GL873652","2538738","2539020","72","17332129"
"chr13","20193137","20193425","GL873807","378787","379071","74","19814350"
"chr13","20310862","20311143","GL873531","15816402","15816670","78","4494460"
"chr13","21624120","21624400","GL873531","15816402","15816670","77","5807718"
"chr13","22750241","22750378","GL873572","8292948","8293070","53","14457293"
"chr13","23087257","23087564","GL873520","20611705","20612004","71","2475552"
"chr13","23293000","23293289","GL873520","23993282","23993576","84","700282"
"chr13","23388506","23388796","GL873534","15455935","15456215","79","7932571"
"chr13","23552362","23552642","GL873531","15816402","15816670","76","7735960"
"chr13","23628849","23628916","GL873662","1216517","1216580","14","22412332"
"chr13","24986216","24986517","GL873532","29369734","29370037","81","4383518"
"chr13","25256209","25256511","GL873645","923581","923868","80","24332628"
"chr13","25278004","25278304","GL873532","29369734","29370037","74","4091730"
"chr13","25533039","25533318","GL873544","19151818","19152093","77","6381221"
"chr13","25892476","25892753","GL873615","5164234","5164521","70","20728242"
"chr13","25947675","25947969","GL873807","378787","379071","71","25568888"
"chr13","26933857","26934176","GL873560","5671813","5672100","100","21262044"
"chr13","27015553","27015859","GL873615","2242583","2242882","85","24772970"
"chr13","27214844","27215125","GL873544","21012867","21013121","78","6201977"
"chr13","27384678","27384964","GL873807","378787","379071","69","27005891"
"chr13","28119234","28119463","GL873534","6499556","6499790","77","21619678"
"chr13","28281272","28281556","GL873539","25522195","25522485","75","2759077"
"chr13","28393142","28393442","GL873639","638719","639018","76","27754423"
"chr13","28589764","28590077","GL873548","15989743","15990030","81","12600021"
"chr13","28713183","28713488","GL873592","3504292","3504588","83","25208891"
"chr13","30335327","30335619","GL873807","378787","379071","70","29956540"
"chr13","31139026","31139312","GL873527","33196263","33196548","87","2057237"
"chr13","31474604","31474901","GL873545","12502931","12503218","79","18971673"
"chr13","32629711","32630008","GL873530","8252980","8253273","75","24376731"
"chr13","32964151","32964453","GL873532","29369734","29370037","74","3594417"
"chr13","33443928","33444201","GL873564","8111869","8112128","85","25332059"
"chr13","34577771","34577900","GL873629","3057379","3057506","51","31520392"
"chr13","35527755","35528062","GL873530","8252980","8253273","85","27274775"
"chr13","35737621","35737912","GL873807","378787","379071","75","35358834"
"chr13","35851639","35851920","GL873615","5164234","5164521","81","30687405"
"chr13","36022215","36022283","GL873524","40199622","40199689","24","4177407"
"chr13","36050887","36051203","GL873615","5164234","5164521","96","30886653"
"chr13","36351440","36351733","GL873646","3489451","3489745","78","32861989"
"chr13","36384333","36384626","GL873532","29369734","29370037","76","7014599"
"chr13","36472875","36472952","GL873678","675254","675318","38","35797621"
"chr13","36473215","36473398","GL873768","208772","208940","54","36264443"
"chr13","36533221","36533532","GL873633","6680180","6680479","86","29853041"
"chr13","36896186","36896476","GL873560","5671813","5672100","81","31224373"
"chr13","37601306","37601604","GL873520","20611705","20612004","81","16989601"
"chr13","37710757","37710879","GL873548","16247733","16247866","37","21463024"
"chr13","38758274","38758586","GL873639","638719","639018","82","38119555"
"chr13","38833276","38833551","GL873531","15816402","15816670","71","23016874"
"chr13","38841578","38841889","GL873533","30408285","30408583","93","8433293"
"chr13","39418147","39418451","GL873532","29369734","29370037","80","10048413"
"chr13","39527598","39527881","GL873807","378787","379071","74","39148811"
"chr13","39644415","39644550","GL873529","9635583","9635702","63","30008832"
"chr13","39982608","39982922","GL873530","8252980","8253273","89","31729628"
"chr13","40021541","40021835","GL873807","378787","379071","65","39642754"
"chr13","40073377","40073645","GL873531","743580","743873","90","39329797"
"chr13","40115042","40115266","GL873603","3472302","3472505","78","36642740"
"chr13","40330047","40330265","GL873645","4984041","4984262","65","35346006"
"chr13","40379986","40380278","GL873807","378787","379071","78","40001199"
"chr13","40420566","40420722","GL873587","2344327","2344496","64","38076239"
"chr13","40648377","40648683","GL873520","20611705","20612004","75","20036672"
"chr13","41007902","41008194","GL873807","378787","379071","79","40629115"
"chr13","41241592","41241900","GL873532","29369734","29370037","87","11871858"
"chr13","43084464","43084748","GL873807","378787","379071","66","42705677"
"chr13","43117183","43117460","GL873544","19151818","19152093","75","23965365"
"chr13","43138240","43138508","GL873671","1882360","1882615","77","41255880"
"chr13","43363287","43363573","GL873807","378787","379071","62","42984500"
"chr13","43538482","43538796","GL873712","758777","759067","80","42779705"
"chr13","43682323","43682610","GL873615","5164234","5164521","69","38518089"
"chr13","43802720","43803008","GL873807","378787","379071","77","43423933"
"chr13","43960266","43960554","GL873807","378787","379071","67","43581479"
"chr13","44368155","44368450","GL873652","2538738","2539020","80","41829417"
"chr13","44591425","44591702","GL873585","115904","116160","80","44475521"
"chr13","44846258","44846554","GL873807","378787","379071","90","44467471"
"chr13","44970164","44970229","GL873662","1216517","1216580","13","43753647"
"chr13","44992702","44992780","GL873522","32012674","32012736","38","12980028"
"chr13","44993289","44993337","GL873647","3251123","3251165","17","41742166"
"chr13","44993338","44993464","GL873522","36553653","36553775","31","8439685"
"chr13","45131061","45131323","GL873671","1882360","1882615","66","43248701"
"chr13","45503238","45503538","GL873532","29369734","29370037","84","16133504"
"chr13","46043709","46044001","GL873532","29369734","29370037","87","16673975"
"chr13","47093030","47093314","GL873807","378787","379071","64","46714243"
"chr13","47541780","47542056","GL873520","70969998","70970267","79","23428218"
"chr13","47754107","47754282","GL873587","2344327","2344496","50","45409780"
"chr13","48586027","48586297","GL873637","4322064","4322316","82","44263963"
"chr13","48672377","48672441","GL873662","1216517","1216580","13","47455860"
"chr13","48672465","48672529","GL873662","1216517","1216580","10","47455948"
"chr13","49345686","49345823","GL873585","8812888","8813010","42","40532798"
"chr13","49669906","49670183","GL873544","21012867","21013121","89","28657039"
"chr13","49715896","49716184","GL873533","16134333","16134623","75","33581563"
"chr13","49812070","49812363","GL873807","378787","379071","76","49433283"
"chr13","50574794","50574899","GL873606","6040743","6040839","51","44534051"
"chr13","50868693","50868983","GL873807","378787","379071","71","50489906"
"chr13","51050026","51050322","GL873527","33196263","33196548","88","17853763"
"chr13","51191004","51191281","GL873526","17185395","17185660","73","34005609"
"chr13","51240079","51240374","GL873807","378787","379071","76","50861292"
"chr13","52924180","52924447","GL873558","11729886","11730160","77","41194294"
"chr13","53135705","53135978","GL873585","115904","116160","87","53019801"
"chr13","53708534","53708826","GL873592","3504292","3504588","70","50204242"
"chr13","53867097","53867292","GL873731","1122838","1123027","66","52744259"
"chr13","54167666","54167901","GL873786","1119085","1119310","78","53048581"
"chr13","54186693","54186984","GL873807","378787","379071","68","53807906"
"chr13","54371309","54371601","GL873623","7055444","7055732","69","47315865"
"chr13","54600880","54601186","GL873531","743580","743873","84","53857300"
"chr13","54661091","54661425","GL873533","30408285","30408583","96","24252806"
"chr13","54801025","54801309","GL873561","14329867","14330129","90","40471158"
"chr13","54848645","54848954","GL873712","758777","759067","86","54089868"
"chr13","54863566","54863861","GL873652","2538738","2539020","82","52324828"
"chr13","56512232","56512326","GL873526","6493783","6493858","36","50018449"
"chr13","57440924","57441224","GL873533","16134333","16134623","78","41306591"
"chr13","57577694","57578004","GL873615","2242583","2242882","91","55335111"
"chr13","57754727","57755024","GL873531","11880361","11880661","77","45874366"
"chr13","58083813","58084074","GL873544","4458562","4458812","83","53625251"
"chr13","58117586","58117872","GL873807","378787","379071","65","57738799"
"chr13","58238487","58238787","GL873527","33196263","33196548","81","25042224"
"chr13","58270367","58270639","GL873807","378787","379071","78","57891580"
"chr13","58395919","58396217","GL873589","9310653","9310947","81","49085266"
"chr13","58526880","58527038","GL873814","114306","114462","58","58412574"
"chr13","58527501","58527663","GL873548","16247733","16247866","53","42279768"
"chr13","58542713","58543022","GL873532","29369734","29370037","80","29172979"
"chr13","58638469","58638761","GL873807","378787","379071","71","58259682"
"chr13","58875866","58876153","GL873807","378787","379071","77","58497079"
"chr13","59134638","59134928","GL873536","6183235","6183517","73","52951403"
"chr13","59173710","59174005","GL873652","2538738","2539020","78","56634972"
"chr13","59178019","59178321","GL873639","638719","639018","72","58539300"
"chr13","59260742","59261058","GL873532","29369734","29370037","88","29891008"
"chr13","59970807","59971104","GL873652","2538738","2539020","73","57432069"
"chr13","60427953","60428117","GL873782","254816","254927","68","60173137"
"chr13","60727673","60727950","GL873582","8128619","8128894","93","52599054"
"chr13","60906660","60906761","GL873606","6040743","6040839","32","54865917"
"chr13","60953694","60953972","GL873523","47336368","47336640","82","13617326"
"chr13","60995688","60995810","GL873525","6607619","6607730","35","54388069"
"chr13","61499118","61499336","GL873558","5090920","5091134","64","56408198"
"chr13","61527347","61527633","GL873807","378787","379071","69","61148560"
"chr13","61566946","61567255","GL873530","8252980","8253273","81","53313966"
"chr13","62625740","62626034","GL873592","3504292","3504588","72","59121448"
"chr13","62755926","62756059","GL873603","2673070","2673193","42","60082856"
"chr13","63614935","63615224","GL873807","378787","379071","70","63236148"
"chr13","63735278","63735570","GL873615","5164234","5164521","76","58571044"
"chr13","64051842","64052133","GL873615","5164234","5164521","71","58887608"
"chr13","64069271","64069572","GL873639","638719","639018","77","63430552"
"chr13","64176237","64176528","GL873807","378787","379071","69","63797450"
"chr13","64230533","64230820","GL873807","378787","379071","68","63851746"
"chr13","64362856","64363152","GL873645","923581","923868","87","63439275"
"chr13","65011278","65011565","GL873807","378787","379071","70","64632491"
"chr13","66241193","66241477","GL873647","344182","344454","79","65897011"
"chr13","66602594","66602881","GL873560","1046330","1046605","78","65556264"
"chr13","67156815","67157115","GL873532","29369734","29370037","80","37787081"
"chr13","68102351","68102607","GL873526","11694917","11695169","74","56407434"
"chr13","68210638","68210938","GL873615","5164234","5164521","80","63046404"
"chr13","69219656","69219813","GL873536","10089167","10089339","52","59130489"
"chr13","69517844","69518150","GL873712","758777","759067","78","68759067"
"chr13","69560336","69560550","GL873645","4984041","4984262","66","64576295"
"chr13","69627996","69628290","GL873807","378787","379071","76","69249209"
"chr13","69649256","69649546","GL873807","378787","379071","66","69270469"
"chr13","69746254","69746539","GL873525","8545888","8546164","81","61200366"
"chr13","69781487","69781776","GL873615","2242583","2242882","84","67538904"
"chr13","69797937","69798236","GL873592","3504292","3504588","78","66293645"
"chr13","69799437","69799736","GL873615","2242583","2242882","73","67556854"
"chr13","70471514","70471818","GL873531","743580","743873","82","69727934"
"chr13","71168666","71168952","GL873807","378787","379071","70","70789879"
"chr13","71347599","71347882","GL873544","19151818","19152093","86","52195781"
"chr13","71420947","71421252","GL873639","638719","639018","81","70782228"
"chr13","71435826","71436098","GL873534","15455935","15456215","77","55979891"
"chr13","72019812","72020093","GL873807","378787","379071","79","71641025"
"chr13","72114730","72115040","GL873530","8252980","8253273","77","63861750"
"chr13","72203524","72203809","GL873807","378787","379071","76","71824737"
"chr13","72449653","72449956","GL873520","20611705","20612004","82","51837948"
"chr13","73354695","73354995","GL873645","923581","923868","75","72431114"
"chr13","73403647","73403695","GL873812","573691","573747","24","72829956"
"chr13","73403696","73403822","GL873617","6429598","6429710","53","66974098"
"chr13","73668211","73668472","GL873544","4458562","4458812","84","69209649"
"chr13","75508343","75508553","GL873618","3344163","3344386","70","72164180"
"chr13","75675409","75675691","GL873526","17185395","17185660","72","58490014"
"chr13","76422485","76422773","GL873807","378787","379071","73","76043698"
"chr13","79347590","79347846","GL873799","235575","235812","78","79112015"
"chr13","81281122","81281384","GL873558","346264","346533","89","80934858"
"chr13","81360508","81360806","GL873525","31608445","31608738","76","49752063"
"chr13","81645761","81646052","GL873807","378787","379071","65","81266974"
"chr13","81709751","81709934","GL873608","3484994","3485156","55","78224757"
"chr13","82348952","82349243","GL873645","923581","923868","82","81425371"
"chr13","83676460","83676764","GL873584","10767629","10767932","88","72908831"
"chr13","83682480","83682672","GL873530","11536409","11536598","62","72146071"
"chr13","83686896","83687221","GL873520","23993282","23993576","97","59693614"
"chr13","83754267","83754567","GL873712","758777","759067","73","82995490"
"chr13","83853726","83854035","GL873532","29369734","29370037","77","54483992"
"chr13","83945772","83945962","GL873608","3484994","3485156","63","80460778"
"chr13","84494555","84494843","GL873531","11880361","11880661","76","72614194"
"chr13","85178621","85178914","GL873589","9310653","9310947","75","75867968"
"chr13","86501615","86501925","GL873531","743580","743873","81","85758035"
"chr13","86735667","86735948","GL873536","6183235","6183517","82","80552432"
"chr13","86861153","86861455","GL873652","2538738","2539020","80","84322415"
"chr13","86953329","86953609","GL873531","15816402","15816670","69","71136927"
"chr13","87087141","87087444","GL873592","3504292","3504588","78","83582849"
"chr13","87373976","87374225","GL873538","4784269","4784514","81","82589707"
"chr13","87415155","87415463","GL873530","8252980","8253273","82","79162175"
"chr13","87746051","87746363","GL873525","31608445","31608738","86","56137606"
"chr13","87850405","87850713","GL873531","743580","743873","83","87106825"
"chr13","89077660","89077844","GL873608","3484994","3485156","64","85592666"
"chr13","89139226","89139465","GL873645","4984041","4984262","71","84155185"
"chr13","89376822","89377116","GL873807","378787","379071","74","88998035"
"chr13","89494526","89494836","GL873645","923581","923868","83","88570945"
"chr13","89997425","89997688","GL873520","70969998","70970267","88","19027427"
"chr13","90091208","90091413","GL873538","2103378","2103585","72","87987830"
"chr13","90198989","90199303","GL873615","2242583","2242882","84","87956406"
"chr13","90342204","90342490","GL873544","19151818","19152093","82","71190386"
"chr13","90390737","90391023","GL873592","3504292","3504588","74","86886445"
"chr13","91554446","91554749","GL873558","11729886","11730160","93","79824560"
"chr13","91913604","91913914","GL873545","12502931","12503218","92","79410673"
"chr13","92832913","92833209","GL873807","378787","379071","77","92454126"
"chr13","94468917","94468989","GL873662","1216517","1216580","21","93252400"
"chr13","94991398","94991676","GL873536","6183235","6183517","81","88808163"
"chr13","95331761","95331812","GL873662","1216517","1216580","21","94115244"
"chr13","95536895","95537187","GL873615","5164234","5164521","72","90372661"
"chr13","95546788","95547087","GL873532","29369734","29370037","81","66177054"
"chr13","95549033","95549321","GL873807","378787","379071","73","95170246"
"chr13","95700840","95701131","GL873652","2538738","2539020","78","93162102"
"chr13","95795646","95795937","GL873592","3504292","3504588","81","92291354"
"chr13","95814433","95814585","GL873548","16247733","16247866","69","79566700"
"chr13","96102558","96102851","GL873807","378787","379071","69","95723771"
"chr13","96217774","96218063","GL873726","1557093","1557383","77","94660681"
"chr13","96681194","96681482","GL873807","378787","379071","74","96302407"
"chr13","96695563","96695856","GL873807","378787","379071","71","96316776"
"chr13","96701175","96701462","GL873652","2538738","2539020","77","94162437"
"chr13","96719738","96720025","GL873615","5164234","5164521","75","91555504"
"chr13","97335300","97335433","GL873629","3057379","3057506","30","94277921"
"chr13","97626122","97626413","GL873532","29369734","29370037","73","68256388"
"chr13","97681367","97681638","GL873607","5526364","5526636","81","92155003"
"chr13","99708993","99709291","GL873531","11880361","11880661","79","87828632"
"chr13","99808753","99808994","GL873522","19115246","19115490","66","80693507"
"chr13","99959533","99959827","GL873807","378787","379071","77","99580746"
"chr13","100278168","100278468","GL873639","638719","639018","80","99639449"
"chr13","100300427","100300722","GL873711","600516","600812","78","99699911"
"chr13","100355729","100356033","GL873584","10767629","10767932","82","89588100"
"chr13","101263279","101263402","GL873563","6278566","6278672","56","94984713"
"chr13","101264267","101264391","GL873525","6607619","6607730","35","94656648"
"chr13","101781534","101781839","GL873530","8252980","8253273","86","93528554"
"chr13","102009752","102010042","GL873807","378787","379071","62","101630965"
"chr13","102214588","102214878","GL873560","5671813","5672100","79","96542775"
"chr13","103719660","103719953","GL873645","923581","923868","87","102796079"
"chr13","104564935","104565090","GL873573","561846","562000","43","104003089"
"chr13","104570425","104570712","GL873807","378787","379071","79","104191638"
"chr13","104810180","104810473","GL873807","378787","379071","74","104431393"
"chr13","105791167","105791468","GL873548","15989743","15990030","88","89801424"
"chr13","105862147","105862472","GL873537","28253996","28254310","91","77608151"
"chr13","106173085","106173387","GL873712","758777","759067","81","105414308"
"chr13","106314252","106314542","GL873560","1046330","1046605","88","105267922"
"chr13","106394995","106395213","GL873645","4984041","4984262","67","101410954"
"chr13","107438566","107438876","GL873569","11036395","11036693","75","96402171"
"chr13","108594661","108594957","GL873726","1557093","1557383","79","107037568"
"chr13","108903319","108903533","GL873731","1140299","1140488","69","107763020"
"chr13","109561761","109562007","GL873523","24830084","24830304","82","84731677"
"chr13","109569613","109569862","GL873523","24830084","24830304","81","84739529"
"chr13","110156521","110156787","GL873585","115904","116160","76","110040617"
"chr13","110335369","110335667","GL873592","3504292","3504588","73","106831077"
"chr13","110921502","110921815","GL873530","8252980","8253273","81","102668522"
"chr13","113711411","113711709","GL873531","11880361","11880661","82","101831050"
"chr13","114245577","114245870","GL873652","2538738","2539020","76","111706839"
"chr13","114384517","114384825","GL873530","8252980","8253273","77","106131537"
"chr13","114386930","114387222","GL873807","378787","379071","78","114008143"
"chr13","114387507","114387669","GL873587","2344327","2344496","69","112043180"
"chr13","114659203","114659265","GL873537","28066052","28066115","13","86593151"
"chr13","114959737","114960052","GL873639","638719","639018","82","114321018"
"chr13","115337898","115338204","GL873639","638719","639018","79","114699179"
"chr13","115762942","115763208","GL873526","11694917","11695169","80","104068025"
"chr13","116099100","116099402","GL873532","29369734","29370037","80","86729366"
"chr13","117658932","117659220","GL873807","378787","379071","73","117280145"
"chr13","117852935","117853082","GL873814","114306","114462","52","117738629"
"chr14","48234367","48234655","GL873807","378787","379071","64","47855580"
"chr14","24519","24821","GL873530","8252980","8253273","79","8228461"
"chr14","254280","254478","GL873640","4602583","4602770","56","4348303"
"chr14","764582","764878","GL873532","29369734","29370037","74","28605152"
"chr14","1062139","1062430","GL873652","2538738","2539020","77","1476599"
"chr14","1256254","1256551","GL873545","12502931","12503218","72","11246677"
"chr14","1545228","1545497","GL873558","11729886","11730160","81","10184658"
"chr14","1739935","1740226","GL873807","378787","379071","62","1361148"
"chr14","1794932","1795220","GL873807","378787","379071","69","1416145"
"chr14","1956218","1956522","GL873615","2242583","2242882","76","286365"
"chr14","4294076","4294244","GL873608","3484994","3485156","46","809082"
"chr14","4294940","4295242","GL873600","6358350","6358621","90","2063410"
"chr14","4942947","4943250","GL873615","2242583","2242882","80","2700364"
"chr14","5252108","5252402","GL873652","2538738","2539020","69","2713370"
"chr14","5616811","5617117","GL873712","758777","759067","80","4858034"
"chr14","5769657","5769944","GL873711","600516","600812","83","5169141"
"chr14","5910504","5910718","GL873683","490677","490883","65","5419827"
"chr14","5982049","5982180","GL873522","36553653","36553775","40","30571604"
"chr14","5982528","5982637","GL873520","2151025","2151139","49","3831503"
"chr14","5984134","5984289","GL873619","5715463","5715603","51","268671"
"chr14","6106765","6107068","GL873531","11880361","11880661","84","5773596"
"chr14","8551313","8551624","GL873618","1039454","1039766","85","7511859"
"chr14","9028398","9028698","GL873611","3648898","3649188","81","5379500"
"chr14","9389653","9389946","GL873635","3143338","3143625","73","6246315"
"chr14","9674831","9675103","GL873807","378787","379071","78","9296044"
"chr14","10603396","10603576","GL873728","590192","590366","52","10013204"
"chr14","10684479","10684744","GL873617","5505209","5505476","74","5179270"
"chr14","11082312","11082609","GL873592","3504292","3504588","79","7578020"
"chr14","11717527","11717812","GL873615","5164234","5164521","67","6553293"
"chr14","12436946","12437237","GL873807","378787","379071","77","12058159"
"chr14","12742681","12742974","GL873615","5164234","5164521","71","7578447"
"chr14","13359178","13359286","GL873525","6607619","6607730","28","6751559"
"chr14","13367954","13368255","GL873623","7055444","7055732","76","6312510"
"chr14","13399099","13399383","GL873807","378787","379071","73","13020312"
"chr14","13756376","13756673","GL873532","29369734","29370037","71","15613358"
"chr14","13880927","13881226","GL873645","923581","923868","78","12957346"
"chr14","14318351","14318641","GL873807","378787","379071","63","13939564"
"chr14","14357368","14357671","GL873531","743580","743873","80","13613788"
"chr14","14381301","14381478","GL873608","3484994","3485156","52","10896307"
"chr14","14486677","14486979","GL873545","12502931","12503218","76","1983746"
"chr14","14497678","14497974","GL873531","743580","743873","80","13754098"
"chr14","14640166","14640460","GL873807","378787","379071","73","14261379"
"chr14","15674062","15674359","GL873639","638719","639018","81","15035343"
"chr14","16407596","16407898","GL873531","743580","743873","70","15664016"
"chr14","16409621","16409873","GL873530","24066432","24066694","74","7656811"
"chr14","16508649","16508935","GL873807","378787","379071","75","16129862"
"chr14","16545458","16545610","GL873573","561846","562000","56","15983612"
"chr14","16729896","16730124","GL873534","6499556","6499790","71","10230340"
"chr14","16730673","16730894","GL873731","1122838","1123027","71","15607835"
"chr14","16734215","16734470","GL873540","8735863","8736130","71","7998352"
"chr14","16798826","16799125","GL873615","2242583","2242882","74","14556243"
"chr14","17245473","17245762","GL873652","2538738","2539020","77","14706735"
"chr14","17347268","17347552","GL873532","29369734","29370037","80","12022466"
"chr14","17492556","17492844","GL873645","923581","923868","84","16568975"
"chr14","17797298","17797593","GL873592","3504292","3504588","81","14293006"
"chr14","17840104","17840412","GL873530","8252980","8253273","78","9587124"
"chr14","18841227","18841524","GL873532","29369734","29370037","78","10528507"
"chr14","19112569","19112835","GL873524","33453308","33453594","93","14340739"
"chr14","19118993","19119297","GL873639","638719","639018","78","18480274"
"chr14","19220144","19220434","GL873807","378787","379071","68","18841357"
"chr14","19313881","19314186","GL873531","743580","743873","85","18570301"
"chr14","19602325","19602619","GL873807","378787","379071","76","19223538"
"chr14","19662734","19663024","GL873526","22863004","22863298","71","3200270"
"chr14","19875772","19876064","GL873525","31608445","31608738","71","11732673"
"chr14","20103649","20103930","GL873527","33196263","33196548","75","13092614"
"chr14","20378065","20378317","GL873544","21012867","21013121","74","634802"
"chr14","20408404","20408701","GL873532","29369734","29370037","76","8961330"
"chr14","20503416","20503706","GL873615","2242583","2242882","75","18260833"
"chr14","20803287","20803583","GL873592","3504292","3504588","66","17298995"
"chr14","20890822","20891105","GL873589","9310653","9310947","74","11580169"
"chr14","20914043","20914350","GL873645","923581","923868","78","19990462"
"chr14","20998439","20998740","GL873639","638719","639018","90","20359720"
"chr14","21651796","21651885","GL873799","235420","235499","25","21416376"
"chr14","22719502","22719807","GL873592","3504292","3504588","80","19215210"
"chr14","24108412","24108693","GL873807","378787","379071","97","23729625"
"chr14","24348247","24348478","GL873618","3344163","3344386","77","21004084"
"chr14","24895357","24895648","GL873532","29369734","29370037","86","4474377"
"chr14","25693860","25694155","GL873635","3143338","3143625","82","22550522"
"chr14","25885060","25885354","GL873545","12502931","12503218","72","13382129"
"chr14","27562064","27562243","GL873608","3484994","3485156","55","24077070"
"chr14","27961841","27962127","GL873635","3143338","3143625","81","24818503"
"chr14","28934730","28935033","GL873520","20611705","20612004","78","8323025"
"chr14","29578915","29579199","GL873615","2242583","2242882","86","27336332"
"chr14","30083623","30083916","GL873645","923581","923868","80","29160042"
"chr14","30161282","30161525","GL873645","4984041","4984262","78","25177241"
"chr14","30849471","30849600","GL873629","3057379","3057506","32","27792092"
"chr14","32255089","32255374","GL873807","378787","379071","63","31876302"
"chr14","32522157","32522444","GL873560","5671813","5672100","75","26850344"
"chr14","32650616","32650781","GL873608","3484994","3485156","46","29165622"
"chr14","32883028","32883345","GL873531","743580","743873","89","32139448"
"chr14","34444286","34444597","GL873526","22863004","22863298","95","11581282"
"chr14","35754292","35754583","GL873652","2538738","2539020","73","33215554"
"chr14","36592437","36592672","GL873523","24830084","24830304","63","11762353"
"chr14","36593067","36593116","GL873523","24829332","24829385","10","11763735"
"chr14","36745503","36745576","GL873799","235420","235499","23","36510083"
"chr14","36745779","36745971","GL873525","32888135","32888322","69","3857644"
"chr14","36837988","36838274","GL873807","378787","379071","74","36459201"
"chr14","36923957","36924246","GL873592","3504292","3504588","77","33419665"
"chr14","37608966","37609274","GL873584","10767629","10767932","84","26841337"
"chr14","38139410","38139694","GL873807","378787","379071","66","37760623"
"chr14","38651392","38651685","GL873592","3504292","3504588","80","35147100"
"chr14","38765326","38765626","GL873532","29369734","29370037","70","9395592"
"chr14","38860645","38860949","GL873520","20611705","20612004","79","18248940"
"chr14","39328493","39328787","GL873807","378787","379071","70","38949706"
"chr14","40409415","40409721","GL873532","29369734","29370037","84","11039681"
"chr14","41345100","41345390","GL873615","5164234","5164521","73","36180866"
"chr14","41388291","41388596","GL873532","29369734","29370037","79","12018557"
"chr14","41426581","41426651","GL873524","40199622","40199689","18","1226959"
"chr14","41480865","41481006","GL873529","9635583","9635702","63","31845282"
"chr14","41751274","41751564","GL873525","31608445","31608738","85","10142829"
"chr14","41815697","41815989","GL873807","378787","379071","70","41436910"
"chr14","41843890","41844174","GL873558","11729886","11730160","80","30114004"
"chr14","41946552","41946865","GL873645","923581","923868","84","41022971"
"chr14","42096652","42096952","GL873645","923581","923868","74","41173071"
"chr14","42386861","42387014","GL873654","829106","829286","61","41557755"
"chr14","42874690","42874985","GL873635","3143338","3143625","75","39731352"
"chr14","42984910","42985048","GL873572","8086416","8086544","45","34898494"
"chr14","43850332","43850638","GL873633","6680180","6680479","86","37170152"
"chr14","44137519","44137827","GL873531","743580","743873","82","43393939"
"chr14","44467318","44467621","GL873639","638719","639018","74","43828599"
"chr14","44837773","44838060","GL873525","43871699","43871974","77","966074"
"chr14","44954957","44955241","GL873529","2737581","2737856","82","42217376"
"chr14","45025331","45025646","GL873645","923581","923868","85","44101750"
"chr14","45047577","45047675","GL873563","6278566","6278672","49","38769011"
"chr14","45047713","45047925","GL873530","11536409","11536598","75","33511304"
"chr14","45181526","45181816","GL873635","3143338","3143625","69","42038188"
"chr14","45213476","45213666","GL873530","11536409","11536598","57","33677067"
"chr14","45290844","45291137","GL873652","2538738","2539020","82","42752106"
"chr14","45331135","45331432","GL873584","10767629","10767932","79","34563506"
"chr14","45419255","45419411","GL873610","7088038","7088189","49","38331217"
"chr14","45734537","45734800","GL873531","15816402","15816670","88","29918135"
"chr14","45741907","45742214","GL873529","17495636","17495928","83","28246271"
"chr14","45770826","45771104","GL873905","48652","48939","76","45722174"
"chr14","46021680","46021931","GL873526","11694917","11695169","78","34326763"
"chr14","46228388","46228686","GL873611","3648898","3649188","75","42579490"
"chr14","46351491","46351790","GL873532","29369734","29370037","71","16981757"
"chr14","46623105","46623396","GL873589","9310653","9310947","68","37312452"
"chr14","46649954","46650237","GL873558","11729886","11730160","72","34920068"
"chr14","46814712","46815011","GL873712","758777","759067","76","46055935"
"chr14","48503639","48503816","GL873608","3484994","3485156","56","45018645"
"chr14","48722313","48722399","GL873606","413534","413591","41","48308779"
"chr14","48916453","48916770","GL873532","29369734","29370037","88","19546719"
"chr14","49360507","49360801","GL873807","378787","379071","76","48981720"
"chr14","49472772","49473058","GL873807","378787","379071","69","49093985"
"chr14","49862726","49863023","GL873602","5655744","5656017","85","44206982"
"chr14","51930585","51930920","GL873605","211678","211971","105","51718907"
"chr14","52165047","52165171","GL873548","16247733","16247866","34","35917314"
"chr14","53547287","53547580","GL873652","2538738","2539020","81","51008549"
"chr14","53794878","53795166","GL873536","6183235","6183517","81","47611643"
"chr14","54065583","54065872","GL873531","15816402","15816670","84","38249181"
"chr14","54649000","54649295","GL873548","15989743","15990030","89","38659257"
"chr14","54920687","54920922","GL873523","24830084","24830304","60","30090603"
"chr14","55518089","55518376","GL873807","378787","379071","69","55139302"
"chr14","55542756","55542896","GL873617","6429598","6429710","63","49113158"
"chr14","55707927","55708218","GL873807","378787","379071","69","55329140"
"chr14","56247069","56247365","GL873530","8252980","8253273","89","47994089"
"chr14","56621901","56622177","GL873536","23022433","23022696","72","33599468"
"chr14","56934779","56935071","GL873635","3143338","3143625","90","53791441"
"chr14","58104149","58104430","GL873807","378787","379071","73","57725362"
"chr14","58146524","58146824","GL873623","7055444","7055732","72","51091080"
"chr14","58354046","58354342","GL873532","29369734","29370037","85","28984312"
"chr14","59192893","59193190","GL873712","758777","759067","85","58434116"
"chr14","59403713","59403998","GL873531","15816402","15816670","88","43587311"
"chr14","59607937","59608229","GL873615","5164234","5164521","68","54443703"
"chr14","59663203","59663498","GL873589","9310653","9310947","75","50352550"
"chr14","59894216","59894435","GL873534","6499556","6499790","73","53394660"
"chr14","59949551","59949854","GL873520","23993282","23993576","85","35956269"
"chr14","59981302","59981561","GL873585","115904","116160","77","59865398"
"chr14","60039041","60039332","GL873545","12502931","12503218","80","47536110"
"chr14","60347278","60347570","GL873807","378787","379071","70","59968491"
"chr14","60392770","60393080","GL873712","758777","759067","74","59633993"
"chr14","60416195","60416379","GL873527","16690168","16690332","60","43726027"
"chr14","60420539","60420594","GL873534","11644684","11644744","22","48775855"
"chr14","60427223","60427512","GL873615","2242583","2242882","86","58184640"
"chr14","60546161","60546405","GL873671","1882360","1882615","96","58663801"
"chr14","60546530","60546746","GL873654","829106","829286","70","59717424"
"chr14","60571954","60572258","GL873633","6680180","6680479","85","53891774"
"chr14","60693314","60693440","GL873629","3057379","3057506","33","57635935"
"chr14","60990132","60990427","GL873589","9310653","9310947","78","51679479"
"chr14","61064565","61064851","GL873807","378787","379071","66","60685778"
"chr14","61216244","61216550","GL873532","29369734","29370037","76","31846510"
"chr14","61351825","61352114","GL873807","378787","379071","75","60973038"
"chr14","61353578","61353655","GL873780","151869","151943","22","61201709"
"chr14","61555501","61555793","GL873807","378787","379071","76","61176714"
"chr14","61590853","61591127","GL873520","70969998","70970267","85","9379145"
"chr14","62227088","62227386","GL873530","8252980","8253273","78","53974108"
"chr14","62638500","62638780","GL873520","70969998","70970267","86","8331498"
"chr14","62846727","62847020","GL873635","3143338","3143625","78","59703389"
"chr14","63411828","63412064","GL873523","24830084","24830304","71","38581744"
"chr14","63830035","63830324","GL873529","2737581","2737856","78","61092454"
"chr14","63842726","63843024","GL873666","2597601","2597880","79","61245125"
"chr14","63874142","63874256","GL873525","6607619","6607730","28","57266523"
"chr14","65451862","65452150","GL873520","23993282","23993576","77","41458580"
"chr14","65792158","65792453","GL873529","2737581","2737856","75","63054577"
"chr14","65861938","65862242","GL873639","638719","639018","76","65223219"
"chr14","65991825","65992139","GL873531","743580","743873","86","65248245"
"chr14","66116315","66116596","GL873526","17185395","17185660","79","48930920"
"chr14","66799195","66799484","GL873633","6680180","6680479","81","60119015"
"chr14","67914049","67914347","GL873807","378787","379071","77","67535262"
"chr14","68375368","68375665","GL873615","2242583","2242882","81","66132785"
"chr14","68421843","68421911","GL873662","1216517","1216580","15","67205326"
"chr14","68628402","68628674","GL873558","11729886","11730160","76","56898516"
"chr14","69009418","69009708","GL873527","33196263","33196548","71","35813155"
"chr14","69027778","69028072","GL873635","3143338","3143625","75","65884440"
"chr14","69081168","69081453","GL873807","378787","379071","65","68702381"
"chr14","69144391","69144638","GL873700","1267399","1267642","80","67876992"
"chr14","69176648","69176943","GL873807","378787","379071","88","68797861"
"chr14","69194274","69194556","GL873548","133851","134130","73","69060423"
"chr14","69408282","69408560","GL873560","1046330","1046605","73","68361952"
"chr14","69498130","69498427","GL873545","12502931","12503218","77","56995199"
"chr14","69506313","69506617","GL873589","9310653","9310947","82","60195660"
"chr14","69590876","69591071","GL873683","518085","518266","53","69072791"
"chr14","69608075","69608358","GL873652","2538738","2539020","71","67069337"
"chr14","69668631","69668931","GL873531","11880361","11880661","88","57788270"
"chr14","69970901","69971237","GL873807","378787","379071","105","69592114"
"chr14","70103118","70103425","GL873532","29369734","29370037","84","40733384"
"chr14","70415958","70416257","GL873652","2538738","2539020","71","67877220"
"chr14","70488449","70488741","GL873532","29369734","29370037","71","41118715"
"chr14","70781697","70781830","GL873629","3057379","3057506","40","67724318"
"chr14","70782010","70782181","GL873536","10089167","10089339","56","60692843"
"chr14","70860416","70860722","GL873531","11880361","11880661","87","58980055"
"chr14","70950895","70951176","GL873544","19151818","19152093","83","51799077"
"chr14","71063761","71064069","GL873633","6680180","6680479","76","64383581"
"chr14","71536647","71536728","GL873780","151869","151943","27","71384778"
"chr14","71971244","71971541","GL873545","12502931","12503218","74","59468313"
"chr14","72200017","72200305","GL873615","5164234","5164521","72","67035783"
"chr14","73778842","73779148","GL873532","29369734","29370037","75","44409108"
"chr14","73807872","73808157","GL873527","2332695","2332980","81","71475177"
"chr14","74127392","74127624","GL873530","24066432","24066694","86","50060960"
"chr14","74644643","74644945","GL873530","8252980","8253273","98","66391663"
"chr14","74686302","74686431","GL873629","3057379","3057506","35","71628923"
"chr14","74968001","74968299","GL873600","6358350","6358621","83","68609651"
"chr14","75032961","75033265","GL873525","31608445","31608738","80","43424516"
"chr14","75288553","75288848","GL873807","378787","379071","73","74909766"
"chr14","75551417","75551700","GL873600","6358350","6358621","73","69193067"
"chr14","75583783","75584047","GL873546","5021263","5021515","74","70562520"
"chr14","75620984","75621275","GL873807","378787","379071","65","75242197"
"chr14","75789414","75789705","GL873544","14353211","14353491","78","61436203"
"chr14","75945354","75945643","GL873807","378787","379071","70","75566567"
"chr14","76192696","76192997","GL873532","29369734","29370037","76","46822962"
"chr14","76263018","76263294","GL873534","15455935","15456215","81","60807083"
"chr14","76267735","76268056","GL873531","743580","743873","95","75524155"
"chr14","76630303","76630611","GL873531","743580","743873","73","75886723"
"chr14","77233530","77233804","GL873526","11694917","11695169","84","65538613"
"chr14","78211635","78211937","GL873645","923581","923868","89","77288054"
"chr14","79756943","79757232","GL873807","378787","379071","75","79378156"
"chr14","79774442","79774642","GL873525","32888135","32888322","70","46886307"
"chr14","79972802","79973095","GL873557","10602774","10603071","81","69370028"
"chr14","80042439","80042740","GL873531","743580","743873","86","79298859"
"chr14","80698287","80698590","GL873527","33196263","33196548","84","47502024"
"chr14","80739494","80739795","GL873592","3504292","3504588","80","77235202"
"chr14","80989723","80990016","GL873525","31608445","31608738","75","49381278"
"chr14","81027802","81027839","GL873585","1653672","1653707","10","79374130"
"chr14","81147901","81148162","GL873544","21012867","21013121","94","60135034"
"chr14","81302016","81302337","GL873538","12351987","12352285","94","68950029"
"chr14","81374106","81374193","GL873799","235420","235499","25","81138686"
"chr14","81506934","81507216","GL873807","378787","379071","70","81128147"
"chr14","81793175","81793456","GL873807","378787","379071","73","81414388"
"chr14","81888354","81888636","GL873645","923581","923868","70","80964773"
"chr14","82442130","82442419","GL873615","5164234","5164521","74","77277896"
"chr14","82447598","82447890","GL873533","16134333","16134623","75","66313265"
"chr14","82489788","82490086","GL873712","758777","759067","73","81731011"
"chr14","82572061","82572295","GL873534","6499556","6499790","59","76072505"
"chr14","83005732","83006029","GL873530","8252980","8253273","77","74752752"
"chr14","83311823","83312107","GL873548","133851","134130","80","83177972"
"chr14","83750719","83751014","GL873615","2242583","2242882","72","81508136"
"chr14","83876334","83876630","GL873530","8252980","8253273","78","75623354"
"chr14","84254550","84254829","GL873536","6183235","6183517","78","78071315"
"chr14","84587999","84588302","GL873615","2242583","2242882","76","82345416"
"chr14","84913660","84913951","GL873807","378787","379071","70","84534873"
"chr14","85026770","85027076","GL873531","743580","743873","76","84283190"
"chr14","85096372","85096675","GL873530","8252980","8253273","78","76843392"
"chr14","85868816","85869115","GL873712","758777","759067","78","85110039"
"chr14","88140960","88141259","GL873807","378787","379071","80","87762173"
"chr14","88387741","88388049","GL873645","923581","923868","83","87464160"
"chr14","89317909","89318211","GL873520","20611705","20612004","76","68706204"
"chr14","89857418","89857723","GL873639","638719","639018","73","89218699"
"chr14","90536844","90537149","GL873532","29369734","29370037","83","61167110"
"chr14","90846469","90846621","GL873580","853240","853398","50","89993229"
"chr14","91444236","91444545","GL873530","8252980","8253273","86","83191256"
"chr14","91644824","91645132","GL873532","29369734","29370037","81","62275090"
"chr14","92396473","92396768","GL873615","5164234","5164521","76","87232239"
"chr14","92456835","92457169","GL873645","923581","923868","99","91533254"
"chr14","93486117","93486428","GL873645","923581","923868","100","92562536"
"chr14","93607509","93607811","GL873615","2242583","2242882","79","91364926"
"chr14","94041657","94041966","GL873531","743580","743873","77","93298077"
"chr14","94074985","94075158","GL873608","3484994","3485156","53","90589991"
"chr14","95249775","95250053","GL873807","378787","379071","82","94870988"
"chr14","95670254","95670558","GL873633","6680180","6680479","83","88990074"
"chr14","96725330","96725623","GL873807","378787","379071","83","96346543"
"chr14","97234530","97234847","GL873592","3504292","3504588","85","93730238"
"chr14","97271444","97271749","GL873635","3143338","3143625","86","94128106"
"chr14","97754871","97755148","GL873645","923581","923868","91","96831290"
"chr14","97852007","97852285","GL873807","378787","379071","80","97473220"
"chr14","98148242","98148532","GL873807","378787","379071","67","97769455"
"chr14","98476499","98476783","GL873533","30408285","30408583","81","68068214"
"chr14","98519451","98519731","GL873548","133851","134130","83","98385600"
"chr14","98776307","98776591","GL873807","378787","379071","58","98397520"
"chr14","98936645","98936932","GL873527","33196263","33196548","77","65740382"
"chr14","99067277","99067573","GL873520","23993282","23993576","75","75073995"
"chr14","99205050","99205346","GL873615","5164234","5164521","71","94040816"
"chr14","99948587","99948660","GL873662","1216517","1216580","20","98732070"
"chr14","100188700","100189000","GL873532","29369734","29370037","81","70818966"
"chr14","101484661","101484860","GL873536","10089167","10089339","64","91395494"
"chr14","102366566","102366854","GL873807","378787","379071","74","101987779"
"chr14","102479380","102479497","GL873578","6246812","6246921","32","96232568"
"chr14","103406039","103406337","GL873711","600516","600812","79","102805523"
"chr14","103524894","103525199","GL873639","638719","639018","86","102886175"
"chr14","104486236","104486530","GL873611","3341174","3341447","77","101145062"
"chr14","105195088","105195342","GL873700","1267399","1267642","72","103927689"
"chr14","105397758","105398063","GL873531","743580","743873","74","104654178"
"chr14","105708686","105708993","GL873639","638719","639018","76","105069967"
"chr14","106332748","106332973","GL873534","6499556","6499790","66","99833192"
"chr14","107237914","107238182","GL873520","70969998","70970267","76","36267916"
"chr14","107774126","107774422","GL873532","29369734","29370037","78","78404392"
"chr14","108348573","108348876","GL873633","6680180","6680479","80","101668393"
"chr14","108467226","108467483","GL873671","1882360","1882615","69","106584866"
"chr15","508241","508529","GL873615","5164234","5164521","74","4655993"
"chr15","723044","723300","GL873598","6925865","6926121","77","6202821"
"chr15","982542","982805","GL873520","70969998","70970267","73","69987456"
"chr15","1105019","1105312","GL873548","133851","134130","78","971168"
"chr15","1106805","1107082","GL873561","14329867","14330129","79","13223062"
"chr15","1109025","1109302","GL873585","115904","116160","81","993121"
"chr15","1320971","1321280","GL873532","29369734","29370037","77","28048763"
"chr15","1382756","1383062","GL873807","378787","379071","79","1003969"
"chr15","2579641","2579925","GL873600","6358350","6358621","75","3778709"
"chr15","2599865","2600141","GL873807","378787","379071","75","2221078"
"chr15","2642716","2642984","GL873700","784432","784686","79","1858284"
"chr15","2731482","2731629","GL873534","6310704","6310826","65","3579222"
"chr15","2731836","2731960","GL873629","3057379","3057506","32","325543"
"chr15","2938395","2938682","GL873807","378787","379071","75","2559608"
"chr15","3327160","3327455","GL873536","6183235","6183517","72","2856075"
"chr15","3483587","3483877","GL873712","758777","759067","82","2724810"
"chr15","3514729","3515024","GL873545","12502931","12503218","72","8988202"
"chr15","3540150","3540444","GL873545","12502931","12503218","77","8962781"
"chr15","3668951","3669248","GL873532","29369734","29370037","78","25700783"
"chr15","3789216","3789290","GL873524","40199622","40199689","23","36410406"
"chr15","5062450","5062742","GL873533","16134333","16134623","70","11071883"
"chr15","5146404","5146674","GL873531","15816402","15816670","68","10669998"
"chr15","5324618","5324907","GL873652","2538738","2539020","79","2785880"
"chr15","5536209","5536512","GL873530","8252980","8253273","85","2716771"
"chr15","5633803","5634086","GL873526","11694917","11695169","87","6061114"
"chr15","5727663","5727977","GL873532","29369734","29370037","86","23642071"
"chr15","6034318","6034604","GL873807","378787","379071","74","5655531"
"chr15","6232702","6232982","GL873615","5164234","5164521","84","1068468"
"chr15","6257553","6257850","GL873652","2538738","2539020","67","3718815"
"chr15","6495482","6495770","GL873548","133851","134130","76","6361631"
"chr15","6558346","6558645","GL873532","29369734","29370037","76","22811388"
"chr15","6985089","6985398","GL873639","638719","639018","82","6346370"
"chr15","7035042","7035325","GL873807","378787","379071","71","6656255"
"chr15","7104373","7104655","GL873807","378787","379071","77","6725586"
"chr15","7208359","7208422","GL873537","28066052","28066115","14","20857693"
"chr15","7249655","7249732","GL873780","151869","151943","20","7097786"
"chr15","7262250","7262545","GL873532","29369734","29370037","80","22107484"
"chr15","7353511","7353763","GL873671","1882360","1882615","73","5471151"
"chr15","7362770","7363073","GL873530","8252980","8253273","75","890210"
"chr15","7494530","7494824","GL873807","378787","379071","77","7115743"
"chr15","7595753","7596047","GL873807","378787","379071","71","7216966"
"chr15","8032747","8033063","GL873538","12351987","12352285","84","4319240"
"chr15","8316944","8317253","GL873645","923581","923868","78","7393363"
"chr15","8400211","8400431","GL873533","28073656","28073870","84","19673445"
"chr15","8416679","8416976","GL873530","8252980","8253273","70","163699"
"chr15","8422061","8422363","GL873532","29369734","29370037","76","20947673"
"chr15","8428516","8428691","GL873536","10089167","10089339","51","1660651"
"chr15","8538492","8538791","GL873532","29369734","29370037","74","20831242"
"chr15","8947499","8947800","GL873639","638719","639018","73","8308780"
"chr15","8951615","8951895","GL873807","378787","379071","65","8572828"
"chr15","9622060","9622370","GL873532","29369734","29370037","77","19747674"
"chr15","9719463","9719742","GL873546","5021263","5021515","78","4698200"
"chr15","9753503","9753794","GL873807","378787","379071","71","9374716"
"chr15","9768220","9768497","GL873561","14329867","14330129","74","4561647"
"chr15","10060577","10060874","GL873652","2538738","2539020","76","7521839"
"chr15","10102062","10102360","GL873652","2538738","2539020","82","7563324"
"chr15","10510715","10510980","GL873585","115904","116160","80","10394811"
"chr15","11612802","11613126","GL873633","6680180","6680479","93","4932622"
"chr15","11882277","11882569","GL873623","7055444","7055732","78","4826833"
"chr15","12392531","12392794","GL873542","9537125","9537397","82","2855406"
"chr15","12509745","12510037","GL873807","378787","379071","74","12130958"
"chr15","12680516","12680824","GL873532","29369734","29370037","80","16689218"
"chr15","13534352","13534650","GL873545","12502931","12503218","84","1031421"
"chr15","13796950","13797078","GL873629","3057379","3057506","31","10739571"
"chr15","13907662","13907959","GL873615","5164234","5164521","79","8743428"
"chr15","14009487","14009550","GL873537","28066052","28066115","12","14056565"
"chr15","14177198","14177495","GL873520","23993282","23993576","79","9816084"
"chr15","14588173","14588467","GL873558","11729886","11730160","83","2858287"
"chr15","14834512","14834828","GL873615","5164234","5164521","83","9670278"
"chr15","14995186","14995499","GL873618","1039454","1039766","85","13955732"
"chr15","15105824","15106105","GL873531","15816402","15816670","76","710578"
"chr15","15452375","15452669","GL873615","2242583","2242882","82","13209792"
"chr15","15661011","15661262","GL873538","4784269","4784514","67","10876742"
"chr15","15679596","15679770","GL873814","114306","114462","54","15565290"
"chr15","15766413","15766720","GL873615","2242583","2242882","76","13523830"
"chr15","15865688","15865890","GL873731","1140299","1140488","72","14725389"
"chr15","15966862","15967152","GL873549","4931506","4931790","78","11035356"
"chr15","16319837","16320127","GL873530","8252980","8253273","71","8066857"
"chr15","16340344","16340629","GL873807","378787","379071","72","15961557"
"chr15","16413286","16413399","GL873525","6607619","6607730","31","9805667"
"chr15","16554325","16554606","GL873520","70969998","70970267","75","54415673"
"chr15","16570051","16570309","GL873526","11694917","11695169","71","4875134"
"chr15","16856531","16856845","GL873531","743580","743873","86","16112951"
"chr15","16907135","16907437","GL873531","743580","743873","81","16163555"
"chr15","16962804","16962931","GL873629","3057379","3057506","31","13905425"
"chr15","17187567","17187644","GL873780","151869","151943","25","17035698"
"chr15","17193317","17193611","GL873531","743580","743873","90","16449737"
"chr15","17219050","17219351","GL873807","378787","379071","75","16840263"
"chr15","17222292","17222570","GL873602","5655744","5656017","78","11566548"
"chr15","17232294","17232590","GL873623","7055444","7055732","74","10176850"
"chr15","17348568","17348870","GL873532","29369734","29370037","77","12021166"
"chr15","17570853","17571154","GL873592","3504292","3504588","74","14066561"
"chr15","17574081","17574417","GL873700","779773","780090","119","16794308"
"chr15","17583085","17583390","GL873530","8252980","8253273","86","9330105"
"chr15","18038274","18038550","GL873531","15816402","15816670","77","2221872"
"chr15","18194752","18195069","GL873532","29369734","29370037","87","11174982"
"chr15","18262595","18262883","GL873807","378787","379071","78","17883808"
"chr15","18265730","18265905","GL873728","590192","590366","48","17675538"
"chr15","18325662","18325958","GL873652","2538738","2539020","78","15786924"
"chr15","18438714","18439034","GL873533","16134333","16134623","100","2304381"
"chr15","19333733","19333856","GL873629","3057379","3057506","34","16276354"
"chr15","19484424","19484691","GL873520","70969998","70970267","75","51485574"
"chr15","20838801","20839093","GL873533","16134333","16134623","81","4704468"
"chr15","20970745","20971029","GL873712","758777","759067","77","20211968"
"chr15","21102843","21103147","GL873532","29369734","29370037","77","8266891"
"chr15","21510541","21510794","GL873671","1882360","1882615","72","19628181"
"chr15","21672692","21672996","GL873807","378787","379071","78","21293905"
"chr15","21790537","21790832","GL873807","378787","379071","68","21411750"
"chr15","21965459","21965741","GL873617","5505209","5505476","83","16460250"
"chr15","22242315","22242608","GL873807","378787","379071","75","21863528"
"chr15","22489364","22489640","GL873525","8545888","8546164","85","13943476"
"chr15","22690700","22690986","GL873555","4492561","4492852","89","18198139"
"chr15","22740691","22740975","GL873602","5655744","5656017","76","17084947"
"chr15","23021620","23021937","GL873618","1039454","1039766","88","21982166"
"chr15","23051312","23051564","GL873567","12071888","12072144","74","10979424"
"chr15","23249561","23249864","GL873807","378787","379071","80","22870774"
"chr15","23391932","23392230","GL873615","2242583","2242882","77","21149349"
"chr15","23413286","23413567","GL873807","378787","379071","72","23034499"
"chr15","23464583","23464866","GL873807","378787","379071","79","23085796"
"chr15","23510745","23511048","GL873807","378787","379071","91","23131958"
"chr15","23551438","23551751","GL873525","31608445","31608738","83","8057007"
"chr15","23644544","23644830","GL873530","36050445","36050726","77","12405901"
"chr15","23901777","23902063","GL873548","133851","134130","69","23767926"
"chr15","23948135","23948422","GL873615","5164234","5164521","75","18783901"
"chr15","24112875","24113138","GL873526","11694917","11695169","66","12417958"
"chr15","24184066","24184342","GL873635","3143338","3143625","75","21040728"
"chr15","24191356","24191652","GL873525","31608445","31608738","84","7417089"
"chr15","24243653","24243966","GL873615","2242583","2242882","81","22001070"
"chr15","24608823","24609126","GL873633","6680180","6680479","80","17928643"
"chr15","24919014","24919304","GL873635","3143338","3143625","69","21775676"
"chr15","25001995","25002174","GL873746","1434521","1434693","61","23567474"
"chr15","25070812","25071110","GL873584","10767629","10767932","83","14303183"
"chr15","25138630","25138752","GL873629","3057379","3057506","38","22081251"
"chr15","25159126","25159290","GL873573","561846","562000","47","24597280"
"chr15","25176823","25177109","GL873551","4326719","4326966","120","20850104"
"chr15","25238010","25238310","GL873525","31608445","31608738","75","6370435"
"chr15","25269170","25269488","GL873592","3504292","3504588","95","21764878"
"chr15","25517906","25518206","GL873645","923581","923868","78","24594325"
"chr15","25562473","25562771","GL873615","2242583","2242882","68","23319890"
"chr15","25640746","25641030","GL873532","29369734","29370037","77","3728988"
"chr15","25675008","25675170","GL873523","5560650","5560812","75","20114358"
"chr15","25675722","25675843","GL873585","8812888","8813010","37","16862834"
"chr15","25724202","25724494","GL873652","2538738","2539020","68","23185464"
"chr15","25750150","25750283","GL873629","3057379","3057506","28","22692771"
"chr15","25771316","25771573","GL873544","4458562","4458812","77","21312754"
"chr15","25817445","25817680","GL873558","5090920","5091134","74","20726525"
"chr15","26225195","26225474","GL873536","6183235","6183517","78","20041960"
"chr15","26293183","26293479","GL873645","923581","923868","80","25369602"
"chr15","27195390","27195660","GL873544","21012867","21013121","79","6182523"
"chr15","27216022","27216307","GL873533","16134333","16134623","76","11081689"
"chr15","27231814","27232096","GL873531","15816402","15816670","75","11415412"
"chr15","27296213","27296505","GL873557","10602774","10603071","73","16693439"
"chr15","27364334","27364631","GL873525","31608445","31608738","80","4244111"
"chr15","27602182","27602486","GL873532","29369734","29370037","78","1767552"
"chr15","27909175","27909314","GL873529","9635583","9635702","65","18273592"
"chr15","28168787","28169049","GL873538","4784269","4784514","74","23384518"
"chr15","28347675","28347937","GL873573","809429","809661","83","27538246"
"chr15","28400016","28400109","GL873623","3165346","3165445","30","25234670"
"chr15","31137238","31137360","GL873525","6607619","6607730","57","24529619"
"chr15","32588531","32588813","GL873526","22863004","22863298","86","9725527"
"chr15","32670291","32670453","GL873580","853240","853398","48","31817051"
"chr15","32737020","32737312","GL873530","8252980","8253273","75","24484040"
"chr15","33019860","33020167","GL873520","20611705","20612004","85","12408155"
"chr15","33037937","33038237","GL873545","12502931","12503218","79","20535006"
"chr15","33497973","33498244","GL873807","378787","379071","80","33119186"
"chr15","33586509","33586768","GL873637","4322064","4322316","72","29264445"
"chr15","33720283","33720569","GL873652","2538738","2539020","76","31181545"
"chr15","33797785","33798063","GL873807","378787","379071","70","33418998"
"chr15","33845766","33846053","GL873807","378787","379071","74","33466979"
"chr15","33920602","33920897","GL873623","7055444","7055732","75","26865158"
"chr15","34014628","34014934","GL873532","29369734","29370037","73","4644894"
"chr15","34421143","34421432","GL873533","16134333","16134623","74","18286810"
"chr15","34506663","34506962","GL873532","29369734","29370037","80","5136929"
"chr15","36136325","36136621","GL873807","378787","379071","73","35757538"
"chr15","36782273","36782585","GL873712","758777","759067","82","36023496"
"chr15","37275349","37275654","GL873532","29369734","29370037","76","7905615"
"chr15","37606599","37606897","GL873615","2242583","2242882","77","35364016"
"chr15","37714020","37714317","GL873639","638719","639018","76","37075301"
"chr15","38816012","38816269","GL873585","10753608","10753875","86","28062404"
"chr15","39416619","39416891","GL873564","8111869","8112128","76","31304750"
"chr15","41730022","41730320","GL873532","29369734","29370037","78","12360288"
"chr15","41995599","41995892","GL873529","2737581","2737856","74","39258018"
"chr15","42290631","42290928","GL873592","3504292","3504588","74","38786339"
"chr15","42301000","42301282","GL873531","15816402","15816670","76","26484598"
"chr15","42704550","42704844","GL873523","21098831","21099120","87","21605719"
"chr15","42792684","42792966","GL873807","378787","379071","70","42413897"
"chr15","43047352","43047620","GL873542","9537125","9537397","75","33510227"
"chr15","44629755","44630058","GL873645","923581","923868","81","43706174"
"chr15","44765504","44765790","GL873807","378787","379071","72","44386717"
"chr15","45858152","45858413","GL873544","21012867","21013121","75","24845285"
"chr15","46635007","46635315","GL873530","8252980","8253273","88","38382027"
"chr15","47150422","47150722","GL873807","378787","379071","89","46771635"
"chr15","47476267","47476444","GL873536","10089167","10089339","46","37387100"
"chr15","47491240","47491536","GL873652","2538738","2539020","76","44952502"
"chr15","47749458","47749766","GL873618","1039454","1039766","81","46710004"
"chr15","47785298","47785586","GL873615","5164234","5164521","71","42621064"
"chr15","47983929","47984220","GL873645","923581","923868","73","47060348"
"chr15","48651279","48651598","GL873548","15989743","15990030","95","32661536"
"chr15","48830340","48830634","GL873623","7055444","7055732","86","41774896"
"chr15","50136674","50136942","GL873807","378787","379071","78","49757887"
"chr15","51336567","51336879","GL873569","11036395","11036693","81","40300172"
"chr15","51634332","51634407","GL873524","40199622","40199689","23","11434710"
"chr15","52033040","52033329","GL873615","5164234","5164521","85","46868806"
"chr15","52037342","52037625","GL873600","6358350","6358621","79","45678992"
"chr15","52404059","52404361","GL873531","743580","743873","77","51660479"
"chr15","54573184","54573481","GL873532","29369734","29370037","77","25203450"
"chr15","54948486","54948779","GL873807","378787","379071","76","54569699"
"chr15","55359405","55359691","GL873807","378787","379071","71","54980618"
"chr15","55778982","55779288","GL873631","1463608","1463909","80","54315374"
"chr15","56165210","56165507","GL873532","29369734","29370037","74","26795476"
"chr15","56386694","56386985","GL873652","2538738","2539020","71","53847956"
"chr15","56502954","56503193","GL873523","24830084","24830304","79","31672870"
"chr15","56550021","56550322","GL873639","638719","639018","80","55911302"
"chr15","56906544","56906831","GL873807","378787","379071","71","56527757"
"chr15","58447897","58448176","GL873531","15816402","15816670","79","42631495"
"chr15","58570220","58570425","GL873654","829106","829286","62","57741114"
"chr15","60204677","60204980","GL873545","12502931","12503218","87","47701746"
"chr15","60850381","60850672","GL873615","5164234","5164521","77","55686147"
"chr15","61277600","61277909","GL873532","29369734","29370037","81","31907866"
"chr15","61297247","61297541","GL873726","1557093","1557383","79","59740154"
"chr15","61477381","61477495","GL873525","6607619","6607730","30","54869762"
"chr15","61551427","61551706","GL873523","47336368","47336640","73","14215059"
"chr15","61753761","61753908","GL873572","8292948","8293070","61","53460813"
"chr15","61757751","61757962","GL873618","3344163","3344386","74","58413588"
"chr15","61929619","61929898","GL873615","2242583","2242882","81","59687036"
"chr15","61936473","61936654","GL873536","10089167","10089339","56","51847306"
"chr15","61999452","61999701","GL873573","809429","809661","85","61190023"
"chr15","62154799","62155091","GL873615","5164234","5164521","78","56990565"
"chr15","62195141","62195435","GL873807","378787","379071","77","61816354"
"chr15","62202470","62202783","GL873548","15989743","15990030","91","46212727"
"chr15","63033023","63033226","GL873618","3344163","3344386","79","59688860"
"chr15","63382622","63382840","GL873522","42762551","42762767","70","20620071"
"chr15","63427043","63427347","GL873589","9310653","9310947","89","54116390"
"chr15","63514195","63514488","GL873605","211678","211971","74","63302517"
"chr15","63595816","63596117","GL873635","3143338","3143625","76","60452478"
"chr15","63704157","63704459","GL873531","743580","743873","77","62960577"
"chr15","63803981","63804222","GL873671","1882360","1882615","73","61921621"
"chr15","64223152","64223308","GL873693","2376743","2376906","49","61846409"
"chr15","64426202","64426462","GL873544","4458562","4458812","83","59967640"
"chr15","66227593","66227901","GL873520","20611705","20612004","87","45615888"
"chr15","66230041","66230327","GL873589","9310653","9310947","80","56919388"
"chr15","66249438","66249714","GL873531","15816402","15816670","77","50433036"
"chr15","66345373","66345670","GL873525","31608445","31608738","72","34736928"
"chr15","66567957","66568254","GL873525","31608445","31608738","79","34959512"
"chr15","67080582","67080868","GL873807","378787","379071","71","66701795"
"chr15","67308063","67308354","GL873615","5164234","5164521","69","62143829"
"chr15","67558174","67558489","GL873712","758777","759067","83","66799397"
"chr15","67686266","67686535","GL873728","2347875","2348140","77","65338391"
"chr15","67722057","67722362","GL873639","638719","639018","79","67083338"
"chr15","67737733","67738033","GL873807","378787","379071","76","67358946"
"chr15","67797987","67798257","GL873526","17185395","17185660","87","50612592"
"chr15","67896688","67896914","GL873645","4984041","4984262","68","62912647"
"chr15","68007373","68007655","GL873560","5671813","5672100","78","62335560"
"chr15","68010214","68010503","GL873615","5164234","5164521","67","62845980"
"chr15","68076888","68077183","GL873645","923581","923868","87","67153307"
"chr15","68344074","68344280","GL873621","270115","270296","74","68073959"
"chr15","68392543","68392713","GL873608","3484994","3485156","50","64907549"
"chr15","68438058","68438359","GL873525","31608445","31608738","84","36829613"
"chr15","68475812","68476072","GL873807","378787","379071","92","68097025"
"chr15","69024890","69025188","GL873527","33196263","33196548","80","35828627"
"chr15","69251968","69252235","GL873580","3276777","3277037","80","65975191"
"chr15","69416468","69416749","GL873526","17185395","17185660","74","52231073"
"chr15","69676463","69676761","GL873532","29369734","29370037","80","40306729"
"chr15","70159256","70159518","GL873582","8128619","8128894","77","62030637"
"chr15","71416221","71416347","GL873572","8086416","8086544","51","63329805"
"chr15","71417347","71417465","GL873525","6607619","6607730","28","64809728"
"chr15","71564632","71564915","GL873807","378787","379071","62","71185845"
"chr15","71594989","71595269","GL873652","2538738","2539020","78","69056251"
"chr15","71983834","71984119","GL873807","378787","379071","65","71605047"
"chr15","72468036","72468146","GL873529","9635583","9635702","45","62832453"
"chr15","73638496","73638784","GL873807","378787","379071","72","73259709"
"chr15","73838119","73838317","GL873731","1122838","1123027","51","72715281"
"chr15","73870792","73870863","GL873524","40199622","40199689","19","33671170"
"chr15","74199561","74199752","GL873530","11536409","11536598","59","62663152"
"chr15","74999248","74999538","GL873807","378787","379071","61","74620461"
"chr15","75170810","75171087","GL873526","44043","44310","74","75126767"
"chr15","75317196","75317494","GL873520","20611705","20612004","75","54705491"
"chr15","75455803","75456097","GL873712","758777","759067","73","74697026"
"chr15","75480295","75480585","GL873526","22863004","22863298","82","52617291"
"chr15","75490292","75490360","GL873537","28066052","28066115","18","47424240"
"chr15","75668276","75668559","GL873561","14329867","14330129","81","61338409"
"chr15","75998685","75998939","GL873526","11694917","11695169","87","64303768"
"chr15","76513128","76513435","GL873639","638719","639018","78","75874409"
"chr15","76653860","76653940","GL873780","151869","151943","21","76501991"
"chr15","76658734","76659023","GL873807","378787","379071","70","76279947"
"chr15","76711227","76711524","GL873520","20611705","20612004","81","56099522"
"chr15","76880097","76880388","GL873807","378787","379071","70","76501310"
"chr15","77347099","77347241","GL873629","3057379","3057506","62","74289720"
"chr15","77431906","77432206","GL873623","7055444","7055732","80","70376462"
"chr15","80708035","80708323","GL873807","378787","379071","77","80329248"
"chr15","81121456","81121742","GL873712","758777","759067","77","80362679"
"chr15","82711376","82711600","GL873523","24830084","24830304","57","57881292"
"chr15","82827046","82827332","GL873548","133851","134130","77","82693195"
"chr15","82974281","82974449","GL873608","3484994","3485156","44","79489287"
"chr15","83013886","83014182","GL873532","29369734","29370037","75","53644152"
"chr15","84396079","84396218","GL873585","8812888","8813010","40","75583191"
"chr15","84396219","84396504","GL873645","923581","923868","78","83472638"
"chr15","84435045","84435275","GL873524","44671953","44672162","63","39763092"
"chr15","85083450","85083707","GL873564","8111869","8112128","75","76971581"
"chr15","85752353","85752605","GL873585","115904","116160","85","85636449"
"chr15","86040345","86040636","GL873807","378787","379071","68","85661558"
"chr15","86271330","86271624","GL873807","378787","379071","76","85892543"
"chr15","87265702","87266003","GL873615","2242583","2242882","76","85023119"
"chr15","87324265","87324546","GL873652","2538738","2539020","75","84785527"
"chr15","87339822","87340101","GL873807","378787","379071","71","86961035"
"chr15","87500241","87500537","GL873532","29369734","29370037","70","58130507"
"chr15","87517509","87517579","GL873534","8444999","8445064","20","79072510"
"chr15","87588167","87588468","GL873589","9310653","9310947","83","78277514"
"chr15","87597224","87597532","GL873631","1463608","1463909","83","86133616"
"chr15","87876344","87876652","GL873645","923581","923868","79","86952763"
"chr15","88084826","88084985","GL873652","2033772","2033917","53","86051054"
"chr15","88584380","88584560","GL873536","10089167","10089339","55","78495213"
"chr15","89197547","89197838","GL873807","378787","379071","73","88818760"
"chr15","89305415","89305692","GL873526","17185395","17185660","81","72120020"
"chr15","89472257","89472546","GL873807","378787","379071","57","89093470"
"chr15","89555239","89555526","GL873623","7055444","7055732","80","82499795"
"chr15","90236083","90236385","GL873532","29369734","29370037","76","60866349"
"chr15","90972418","90972708","GL873807","378787","379071","73","90593631"
"chr15","91796345","91796649","GL873555","4492561","4492852","83","87303784"
"chr15","92816284","92816509","GL873645","4984041","4984262","64","87832243"
"chr15","93001273","93001585","GL873633","6680180","6680479","85","86321093"
"chr15","93290390","93290604","GL873683","490677","490883","72","92799713"
"chr15","93635343","93635631","GL873712","758777","759067","77","92876566"
"chr15","94502202","94502489","GL873807","378787","379071","78","94123415"
"chr15","95214161","95214457","GL873525","31608445","31608738","79","63605716"
"chr15","95287291","95287597","GL873639","638719","639018","80","94648572"
"chr15","96269461","96269765","GL873778","812679","812951","84","95456782"
"chr15","96433840","96433941","GL873623","3165346","3165445","32","93268494"
"chr15","96435175","96435273","GL873623","3165346","3165445","25","93269829"
"chr15","96454626","96454692","GL873662","1216517","1216580","16","95238109"
"chr15","96661526","96661794","GL873807","378787","379071","73","96282739"
"chr15","96842979","96843277","GL873652","2538738","2539020","73","94304241"
"chr15","96896518","96896606","GL873799","235420","235499","34","96661098"
"chr15","97024786","97025072","GL873605","211678","211971","76","96813108"
"chr15","97224234","97224529","GL873531","11880361","11880661","97","85343873"
"chr15","97578443","97578611","GL873580","853240","853398","48","96725203"
"chr16","423981","424170","GL873731","1122838","1123027","45","698857"
"chr16","869480","869773","GL873652","2538738","2539020","74","1669258"
"chr16","926773","927053","GL873558","11729886","11730160","70","10803113"
"chr16","941557","941843","GL873807","378787","379071","65","562770"
"chr16","1749113","1749230","GL873629","3057379","3057506","45","1308266"
"chr16","2305680","2305976","GL873696","323840","324122","85","1981840"
"chr16","3170269","3170573","GL873532","29369734","29370037","76","26199465"
"chr16","3413838","3414138","GL873633","6680180","6680479","65","3266342"
"chr16","3690111","3690401","GL873652","2538738","2539020","75","1151373"
"chr16","4068276","4068545","GL873807","378787","379071","80","3689489"
"chr16","4311943","4312114","GL873580","853240","853398","53","3458703"
"chr16","4534615","4534915","GL873712","758777","759067","81","3775838"
"chr16","4546891","4547183","GL873526","17185395","17185660","77","12638504"
"chr16","5082419","5082723","GL873532","29369734","29370037","71","24287315"
"chr16","5311823","5312098","GL873531","15816402","15816670","78","10504579"
"chr16","5361560","5361856","GL873652","2538738","2539020","67","2822822"
"chr16","5534831","5535130","GL873592","3504292","3504588","76","2030539"
"chr16","5582127","5582435","GL873615","2242583","2242882","83","3339544"
"chr16","5594654","5594953","GL873520","23993282","23993576","78","18398628"
"chr16","7057077","7057359","GL873807","378787","379071","75","6678290"
"chr16","7094811","7095119","GL873530","8252980","8253273","76","1158169"
"chr16","7143468","7143774","GL873530","8252980","8253273","79","1109512"
"chr16","7148209","7148510","GL873615","5164234","5164521","77","1983975"
"chr16","7422647","7422818","GL873608","3484994","3485156","49","3937653"
"chr16","7736101","7736393","GL873536","6183235","6183517","77","1552866"
"chr16","8950648","8950939","GL873712","758777","759067","75","8191871"
"chr16","8967273","8967504","GL873523","24830084","24830304","66","15862811"
"chr16","8974981","8975265","GL873711","600516","600812","77","8374465"
"chr16","9337900","9338185","GL873807","378787","379071","70","8959113"
"chr16","9433688","9433751","GL873537","28066052","28066115","13","18632364"
"chr16","9470525","9470817","GL873623","7055444","7055732","74","2415081"
"chr16","9569288","9569573","GL873615","2242583","2242882","78","7326705"
"chr16","10158241","10158520","GL873807","378787","379071","76","9779454"
"chr16","11021988","11022295","GL873639","638719","639018","81","10383269"
"chr16","11255639","11255926","GL873530","8252980","8253273","85","3002659"
"chr16","11954907","11955207","GL873532","29369734","29370037","79","17414827"
"chr16","13449332","13449626","GL873615","5164234","5164521","80","8285098"
"chr16","13519367","13519671","GL873532","29369734","29370037","81","15850367"
"chr16","14651531","14651788","GL873671","1882360","1882615","76","12769171"
"chr16","15019652","15019937","GL873635","3143338","3143625","71","11876314"
"chr16","15183422","15183693","GL873807","378787","379071","81","14804635"
"chr16","17609434","17609725","GL873635","3143338","3143625","71","14466096"
"chr16","18187056","18187347","GL873560","1046330","1046605","79","17140726"
"chr16","19002862","19003135","GL873526","11694917","11695169","77","7307945"
"chr16","19035886","19036190","GL873530","8252980","8253273","83","10782906"
"chr16","19054861","19055167","GL873532","29369734","29370037","80","10314873"
"chr16","19272387","19272681","GL873807","378787","379071","73","18893600"
"chr16","19424206","19424489","GL873531","15816402","15816670","72","3607804"
"chr16","19591613","19591919","GL873531","743580","743873","76","18848033"
"chr16","19779081","19779374","GL873652","2538738","2539020","77","17240343"
"chr16","21128279","21128573","GL873531","743580","743873","80","20384699"
"chr16","21778446","21778691","GL873534","6499556","6499790","80","15278890"
"chr16","22199809","22200093","GL873536","6183235","6183517","74","16016574"
"chr16","22221040","22221341","GL873645","923581","923868","79","21297459"
"chr16","24705878","24706179","GL873712","758777","759067","80","23947101"
"chr16","25036954","25037222","GL873558","11729886","11730160","74","13307068"
"chr16","25217479","25217764","GL873807","378787","379071","76","24838692"
"chr16","25223622","25223927","GL873645","923581","923868","79","24300041"
"chr16","25276419","25276715","GL873536","6183235","6183517","73","19093184"
"chr16","25635998","25636299","GL873615","2242583","2242882","65","23393415"
"chr16","25759727","25760006","GL873531","15816402","15816670","76","9943325"
"chr16","26004691","26004892","GL873746","1434521","1434693","68","24570170"
"chr16","26394674","26394948","GL873531","15816402","15816670","83","10578272"
"chr16","26677955","26678244","GL873807","378787","379071","79","26299168"
"chr16","27301835","27302088","GL873531","15816402","15816670","73","11485433"
"chr16","27752347","27752630","GL873544","19151818","19152093","74","8600529"
"chr16","28331378","28331676","GL873645","923581","923868","77","27407797"
"chr16","28482297","28482596","GL873536","6183235","6183517","82","22299062"
"chr16","29569490","29569792","GL873545","12502931","12503218","81","17066559"
"chr16","30516210","30516519","GL873532","29369734","29370037","86","1146476"
"chr16","30775028","30775311","GL873561","14329867","14330129","84","16445161"
"chr16","30804717","30805002","GL873807","378787","379071","79","30425930"
"chr16","31446728","31447012","GL873560","5671813","5672100","84","25774915"
"chr16","31816401","31816708","GL873531","743580","743873","83","31072821"
"chr16","31858631","31858910","GL873520","70969998","70970267","76","39111367"
"chr16","31960994","31961278","GL873615","5164234","5164521","75","26796760"
"chr16","32298154","32298273","GL873525","6607619","6607730","32","25690535"
"chr16","32315174","32315465","GL873560","5671813","5672100","77","26643361"
"chr16","32323082","32323387","GL873592","3504292","3504588","84","28818790"
"chr16","32329927","32330241","GL873639","638719","639018","87","31691208"
"chr16","32407883","32408192","GL873639","638719","639018","80","31769164"
"chr16","32497057","32497171","GL873617","6429598","6429710","35","26067459"
"chr16","33827435","33827723","GL873807","378787","379071","73","33448648"
"chr16","34840768","34841038","GL873564","8111869","8112128","86","26728899"
"chr16","35348923","35349052","GL873782","254816","254927","62","35094107"
"chr16","36527939","36528242","GL873615","2242583","2242882","79","34285356"
"chr16","36644954","36645263","GL873531","743580","743873","78","35901374"
"chr16","37625596","37625770","GL873587","2344327","2344496","56","35281269"
"chr16","37968570","37968777","GL873731","1122838","1123027","54","36845732"
"chr16","38049437","38049730","GL873560","5671813","5672100","79","32377624"
"chr16","38069876","38070034","GL873573","561846","562000","40","37508030"
"chr16","38150209","38150492","GL873807","378787","379071","75","37771422"
"chr16","38208656","38208946","GL873807","378787","379071","78","37829869"
"chr16","38442340","38442635","GL873635","3143338","3143625","76","35299002"
"chr16","39012922","39013213","GL873615","5164234","5164521","83","33848688"
"chr16","39860931","39861077","GL873607","3783696","3783827","64","36077235"
"chr16","40436137","40436355","GL873523","24830084","24830304","60","15606053"
"chr16","40600295","40600559","GL873558","11729886","11730160","85","28870409"
"chr16","41546230","41546531","GL873530","8252980","8253273","88","33293250"
"chr16","41565749","41566045","GL873635","3143338","3143625","71","38422411"
"chr16","41612931","41613190","GL873523","24830084","24830304","95","16782847"
"chr16","41657764","41658066","GL873530","8252980","8253273","87","33404784"
"chr16","42658835","42658976","GL873782","254816","254927","63","42404019"
"chr16","42797822","42797904","GL873799","235420","235499","22","42562402"
"chr16","43820434","43820735","GL873525","31608445","31608738","85","12211989"
"chr16","44600240","44600541","GL873525","31608445","31608738","76","12991795"
"chr16","45070589","45070895","GL873633","6680180","6680479","81","38390409"
"chr16","45257325","45257620","GL873645","923581","923868","77","44333744"
"chr16","45489009","45489289","GL873807","378787","379071","75","45110222"
"chr16","45680777","45681072","GL873807","378787","379071","78","45301990"
"chr16","45727463","45727753","GL873611","3341174","3341447","89","42386289"
"chr16","45964847","45965111","GL873671","1882360","1882615","75","44082487"
"chr16","46138547","46138631","GL873799","235420","235499","21","45903127"
"chr16","46396205","46396504","GL873807","378787","379071","75","46017418"
"chr16","46495184","46495475","GL873807","378787","379071","69","46116397"
"chr16","48043699","48043975","GL873807","378787","379071","77","47664912"
"chr16","48282261","48282560","GL873646","3489451","3489745","74","44792810"
"chr16","49154400","49154679","GL873564","12230896","12231176","81","36923504"
"chr16","49264845","49265033","GL873530","11536409","11536598","60","37728436"
"chr16","49298326","49298583","GL873538","4784269","4784514","75","44514057"
"chr16","49467671","49467896","GL873607","468681","468880","86","48998990"
"chr16","49529085","49529378","GL873592","3504292","3504588","72","46024793"
"chr16","50198461","50198552","GL873623","3165346","3165445","25","47033115"
"chr16","50364014","50364167","GL873573","561846","562000","47","49802168"
"chr16","50440257","50440462","GL873538","2103378","2103585","61","48336879"
"chr16","50474058","50474351","GL873615","5164234","5164521","82","45309824"
"chr16","50519867","50520160","GL873635","3143338","3143625","73","47376529"
"chr16","50681685","50681888","GL873654","829106","829286","67","49852579"
"chr16","51474063","51474350","GL873807","378787","379071","64","51095276"
"chr16","53036373","53036666","GL873807","378787","379071","79","52657586"
"chr16","54051086","54051211","GL873629","3057379","3057506","32","50993707"
"chr16","54556598","54556899","GL873532","29369734","29370037","74","25186864"
"chr16","54607786","54608093","GL873531","743580","743873","84","53864206"
"chr16","55007069","55007374","GL873531","743580","743873","77","54263489"
"chr16","56297735","56298045","GL873523","21098831","21099120","86","35198904"
"chr16","56444625","56444908","GL873532","29369734","29370037","81","27074891"
"chr16","56466285","56466490","GL873538","2103378","2103585","60","54362907"
"chr16","57249479","57249648","GL873608","3484994","3485156","49","53764485"
"chr16","58205918","58206218","GL873712","758777","759067","79","57447141"
"chr16","58456249","58456535","GL873807","378787","379071","78","58077462"
"chr16","58923339","58923644","GL873532","29369734","29370037","74","29553605"
"chr16","58925785","58926090","GL873532","29369734","29370037","71","29556051"
"chr16","59339893","59340177","GL873807","378787","379071","74","58961106"
"chr16","59945577","59945739","GL873672","1567049","1567194","58","58378528"
"chr16","60543555","60543705","GL873573","561846","562000","53","59981709"
"chr16","60795194","60795484","GL873533","16134333","16134623","73","44660861"
"chr16","62551012","62551076","GL873662","1216517","1216580","13","61334495"
"chr16","62619031","62619318","GL873807","378787","379071","70","62240244"
"chr16","63297859","63298174","GL873532","29369734","29370037","84","33928125"
"chr16","63344369","63344654","GL873544","19151818","19152093","76","44192551"
"chr16","63740414","63740702","GL873807","378787","379071","72","63361627"
"chr16","63875632","63875932","GL873615","5164234","5164521","79","58711398"
"chr16","64591287","64591586","GL873615","5164234","5164521","89","59427053"
"chr16","66252086","66252381","GL873525","31608445","31608738","73","34643641"
"chr16","66913585","66913851","GL873564","8111869","8112128","86","58801716"
"chr16","66965221","66965272","GL873534","11644684","11644744","27","55320537"
"chr16","67041617","67041913","GL873532","29369734","29370037","74","37671883"
"chr16","67144954","67145252","GL873536","6183235","6183517","72","60961719"
"chr16","67897335","67897565","GL873534","6499556","6499790","73","61397779"
"chr16","68188456","68188748","GL873560","5671813","5672100","78","62516643"
"chr16","68320850","68321135","GL873635","3143338","3143625","76","65177512"
"chr16","69180858","69181142","GL873615","2242583","2242882","75","66938275"
"chr16","69316320","69316614","GL873807","378787","379071","67","68937533"
"chr16","69352861","69352918","GL873537","28066052","28066115","16","41286809"
"chr16","69388865","69389161","GL873533","16134333","16134623","88","53254532"
"chr16","69648815","69649060","GL873522","19115246","19115490","77","50533569"
"chr16","69922980","69923241","GL873573","809429","809661","76","69113551"
"chr16","70321381","70321659","GL873579","5947173","5947436","67","64374208"
"chr16","71343823","71344098","GL873540","16674647","16674922","73","54669176"
"chr16","71414295","71414567","GL873531","4102790","4103038","73","67311505"
"chr16","71664894","71665189","GL873712","758777","759067","73","70906117"
"chr16","72794442","72794742","GL873639","638719","639018","72","72155723"
"chr16","73265684","73265957","GL873807","378787","379071","77","72886897"
"chr16","75285889","75286192","GL873532","29369734","29370037","88","45916155"
"chr16","76027277","76027358","GL873780","151869","151943","28","75875408"
"chr16","76624862","76625185","GL873645","923581","923868","98","75701281"
"chr16","76902826","76903008","GL873530","11536409","11536598","57","65366417"
"chr16","77515777","77516070","GL873592","3504292","3504588","79","74011485"
"chr16","78299454","78299615","GL873610","7088038","7088189","46","71211416"
"chr16","79227617","79227910","GL873807","378787","379071","81","78848830"
"chr16","79392858","79392924","GL873662","1216517","1216580","17","78176341"
"chr16","79393176","79393344","GL873608","3484994","3485156","55","75908182"
"chr16","80547917","80548194","GL873531","15816402","15816670","86","64731515"
"chr16","83385359","83385644","GL873807","378787","379071","77","83006572"
"chr16","83629177","83629452","GL873523","47336368","47336640","85","36292809"
"chr16","83807333","83807408","GL873524","40199622","40199689","31","43607711"
"chr16","83820734","83821014","GL873531","15816402","15816670","82","68004332"
"chr16","84735511","84735795","GL873536","8238390","8238645","86","76497121"
"chr16","84808174","84808445","GL873544","19151818","19152093","83","65656356"
"chr16","85771933","85772188","GL873637","4322064","4322316","78","81449869"
"chr16","86392476","86392778","GL873530","8252980","8253273","81","78139496"
"chr16","86444393","86444680","GL873558","11729886","11730160","74","74714507"
"chr16","86734453","86734749","GL873529","2737581","2737856","75","83996872"
"chr16","86826920","86827209","GL873589","9310653","9310947","79","77516267"
"chr16","86835545","86835848","GL873645","923581","923868","82","85911964"
"chr16","87047645","87047855","GL873522","40668394","40668576","73","46379251"
"chr16","87054295","87054477","GL873536","10089167","10089339","57","76965128"
"chr16","87465436","87465744","GL873531","743580","743873","88","86721856"
"chr16","87803266","87803557","GL873807","378787","379071","78","87424479"
"chr16","87970521","87970803","GL873560","1046330","1046605","81","86924191"
"chr16","88925556","88925869","GL873615","2242583","2242882","90","86682973"
"chr16","89027564","89027852","GL873807","378787","379071","77","88648777"
"chr16","91478806","91479102","GL873807","378787","379071","78","91100019"
"chr16","91704122","91704417","GL873807","378787","379071","87","91325335"
"chr16","91994291","91994588","GL873530","8252980","8253273","73","83741311"
"chr16","92133762","92134025","GL873531","15816402","15816670","83","76317360"
"chr16","92152085","92152357","GL873629","2808739","2809002","73","89343346"
"chr16","92192636","92192956","GL873611","3648898","3649188","93","88543738"
"chr16","92362701","92362992","GL873807","378787","379071","69","91983914"
"chr16","92409024","92409305","GL873531","15816402","15816670","80","76592622"
"chr16","92734110","92734414","GL873520","20611705","20612004","77","72122405"
"chr16","92813239","92813522","GL873807","378787","379071","69","92434452"
"chr16","93117650","93117913","GL873546","5021263","5021515","77","88096387"
"chr16","93184852","93185152","GL873589","9310653","9310947","74","83874199"
"chr16","93191747","93191875","GL873585","8812888","8813010","31","84378859"
"chr16","93208916","93209187","GL873526","17185395","17185660","86","76023521"
"chr16","93710680","93710969","GL873611","3648898","3649188","76","90061782"
"chr16","93734576","93734869","GL873807","378787","379071","78","93355789"
"chr16","93862508","93862802","GL873520","20611705","20612004","82","73250803"
"chr16","94117933","94118191","GL873671","1882360","1882615","60","92235573"
"chr16","94824789","94825078","GL873807","378787","379071","74","94446002"
"chr16","95012801","95013096","GL873592","3504292","3504588","69","91508509"
"chr16","95046585","95046883","GL873589","9310653","9310947","80","85735932"
"chr16","95182353","95182662","GL873532","29369734","29370037","95","65812619"
"chr16","95182916","95183201","GL873526","11694917","11695169","91","83487999"
"chr16","95212018","95212323","GL873520","20611705","20612004","74","74600313"
"chr16","95451650","95451953","GL873531","743580","743873","78","94708070"
"chr16","95470095","95470383","GL873569","5489766","5490051","81","89980329"
"chr16","95634358","95634680","GL873615","2242583","2242882","110","93391775"
"chr16","95764486","95764767","GL873645","923581","923868","80","94840905"
"chr16","96096291","96096584","GL873520","23993282","23993576","79","72103009"
"chr16","96333998","96334041","GL873585","1653672","1653707","14","94680326"
"chr16","96567413","96567697","GL873807","378787","379071","74","96188626"
"chr16","96592112","96592359","GL873538","4784269","4784514","75","91807843"
"chr16","96592526","96592808","GL873807","378787","379071","80","96213739"
"chr17","15597357","15597638","GL873583","5217241","5217516","79","10380116"
"chr17","58129","58376","GL873671","1882360","1882615","73","1824231"
"chr17","481127","481410","GL873639","638719","639018","81","157592"
"chr17","647272","647391","GL873525","6607619","6607730","32","5960347"
"chr17","696033","696308","GL873526","11694917","11695169","82","10998884"
"chr17","972184","972460","GL873544","19151818","19152093","76","18179634"
"chr17","1197883","1197951","GL873662","1216517","1216580","18","18634"
"chr17","1309637","1309927","GL873807","378787","379071","63","930850"
"chr17","1321659","1321959","GL873532","29369734","29370037","80","28048075"
"chr17","1423479","1423604","GL873629","3057379","3057506","35","1633900"
"chr17","2254249","2254509","GL873540","8735863","8736130","80","6481614"
"chr17","2668141","2668429","GL873611","3648898","3649188","82","980757"
"chr17","4386606","4386904","GL873530","8252980","8253273","83","3866374"
"chr17","4562512","4562556","GL873619","4427770","4427819","16","134742"
"chr17","4563067","4563215","GL873529","9635583","9635702","62","5072516"
"chr17","5849010","5849318","GL873584","10767629","10767932","82","4918619"
"chr17","6137133","6137441","GL873548","15989743","15990030","79","9852610"
"chr17","6181816","6182123","GL873652","2538738","2539020","81","3643078"
"chr17","6678220","6678435","GL873522","42762551","42762767","75","36084331"
"chr17","6678987","6679284","GL873532","29369734","29370037","74","22690747"
"chr17","6758588","6758885","GL873531","15816402","15816670","94","9057814"
"chr17","6826867","6827153","GL873807","378787","379071","74","6448080"
"chr17","6994652","6994944","GL873652","2538738","2539020","78","4455914"
"chr17","7067452","7067756","GL873531","743580","743873","76","6323872"
"chr17","7241550","7241850","GL873531","743580","743873","83","6497970"
"chr17","7377708","7378021","GL873633","6680180","6680479","83","697528"
"chr17","8728985","8729275","GL873533","16134333","16134623","85","7405348"
"chr17","8786432","8786719","GL873807","378787","379071","73","8407645"
"chr17","9165486","9165762","GL873558","11729886","11730160","78","2564400"
"chr17","9194941","9195234","GL873726","1557093","1557383","79","7637848"
"chr17","10412530","10412822","GL873526","22863004","22863298","77","12450474"
"chr17","10414888","10415180","GL873652","2538738","2539020","85","7876150"
"chr17","11146088","11146159","GL873566","9383623","9383691","26","1762465"
"chr17","11519137","11519446","GL873532","29369734","29370037","79","17850597"
"chr17","11904359","11904473","GL873578","6246812","6246921","34","5657547"
"chr17","12268441","12268744","GL873807","378787","379071","84","11889654"
"chr17","13131158","13131421","GL873531","15816402","15816670","82","2685244"
"chr17","14485174","14485279","GL873520","2151025","2151139","53","12334149"
"chr17","14883289","14883584","GL873532","29369734","29370037","86","14486445"
"chr17","15114776","15115076","GL873531","743580","743873","79","14371196"
"chr17","15701756","15702058","GL873645","923581","923868","82","14778175"
"chr17","16824608","16824876","GL873531","15816402","15816670","78","1008206"
"chr17","16848274","16848406","GL873617","6429598","6429710","57","10418676"
"chr17","16849168","16849241","GL873780","151869","151943","28","16697299"
"chr17","17311571","17311845","GL873807","378787","379071","74","16932784"
"chr17","17552187","17552480","GL873589","9310653","9310947","74","8241534"
"chr17","17625573","17625864","GL873635","3143338","3143625","67","14482235"
"chr17","18138835","18138921","GL873606","6040743","6040839","42","12098092"
"chr17","18139078","18139274","GL873731","1122838","1123027","46","17016240"
"chr17","18582546","18582805","GL873526","11694917","11695169","78","6887629"
"chr17","18772601","18772883","GL873652","2538738","2539020","81","16233863"
"chr17","19234793","19235080","GL873558","11729886","11730160","71","7504907"
"chr17","19292672","19292962","GL873592","3504292","3504588","72","15788380"
"chr17","19879122","19879366","GL873527","27812855","27813090","68","7933733"
"chr17","19926922","19927220","GL873615","5164234","5164521","71","14762688"
"chr17","20019852","20020132","GL873544","19151818","19152093","75","868034"
"chr17","21457991","21458116","GL873548","16247733","16247866","37","5210258"
"chr17","21567723","21567777","GL873537","28066052","28066115","20","6498329"
"chr17","23004302","23004582","GL873526","17185395","17185660","80","5818907"
"chr17","23041053","23041335","GL873525","43871699","43871974","79","20830646"
"chr17","24092457","24092620","GL873610","7088038","7088189","51","17004419"
"chr17","24151574","24151855","GL873807","378787","379071","80","23772787"
"chr17","24180140","24180444","GL873589","9310653","9310947","87","14869487"
"chr17","24298157","24298453","GL873807","378787","379071","73","23919370"
"chr17","24492103","24492382","GL873540","8735863","8736130","97","15756240"
"chr17","26951515","26951792","GL873520","70969998","70970267","76","44018483"
"chr17","27586575","27586782","GL873722","41873","42081","93","27544702"
"chr17","27722759","27723059","GL873532","29369734","29370037","75","1646975"
"chr17","27871745","27872042","GL873589","9310653","9310947","75","18561092"
"chr17","28200221","28200292","GL873524","40199622","40199689","20","11999401"
"chr17","30049918","30050225","GL873531","743580","743873","81","29306338"
"chr17","30682063","30682325","GL873585","115904","116160","80","30566159"
"chr17","30890170","30890238","GL873537","28066052","28066115","20","2824118"
"chr17","32894470","32894645","GL873608","3484994","3485156","54","29409476"
"chr17","33220241","33220548","GL873538","12351987","12352285","79","20868254"
"chr17","33637551","33637839","GL873611","3341174","3341447","81","30296377"
"chr17","33679292","33679574","GL873807","378787","379071","80","33300505"
"chr17","34611628","34611853","GL873534","6499556","6499790","61","28112072"
"chr17","34666216","34666462","GL873534","6499556","6499790","69","28166660"
"chr17","34813628","34813775","GL873522","36553653","36553775","66","1740025"
"chr17","34837729","34838003","GL873560","1046330","1046605","71","33791399"
"chr17","35031129","35031357","GL873618","3344163","3344386","86","31686966"
"chr17","35316019","35316317","GL873532","29369734","29370037","76","5946285"
"chr17","35440301","35440376","GL873524","40199622","40199689","22","4759321"
"chr17","35829166","35829338","GL873610","7088038","7088189","50","28741128"
"chr17","35993071","35993376","GL873639","638719","639018","76","35354352"
"chr17","36265946","36266254","GL873531","743580","743873","79","35522366"
"chr17","37086213","37086504","GL873560","1046330","1046605","79","36039883"
"chr17","37255690","37255998","GL873531","743580","743873","78","36512110"
"chr17","37779993","37780282","GL873807","378787","379071","73","37401206"
"chr17","38508221","38508521","GL873615","2242583","2242882","73","36265638"
"chr17","39640270","39640542","GL873585","10753608","10753875","70","28886662"
"chr17","39752739","39753057","GL873531","743580","743873","93","39009159"
"chr17","39949608","39949884","GL873542","9537125","9537397","79","30412483"
"chr17","39976309","39976609","GL873532","29369734","29370037","75","10606575"
"chr17","40079991","40080287","GL873525","31608445","31608738","79","8471546"
"chr17","40226559","40226786","GL873645","4984041","4984262","60","35242518"
"chr17","40515494","40515614","GL873525","6607619","6607730","39","33907875"
"chr17","41282757","41283037","GL873673","4474890","4475153","84","36807867"
"chr17","41993367","41993638","GL873728","2347875","2348140","88","39645492"
"chr17","42482651","42482920","GL873526","11694917","11695169","77","30787734"
"chr17","42534506","42534815","GL873645","923581","923868","86","41610925"
"chr17","42575548","42575729","GL873608","3484994","3485156","49","39090554"
"chr17","42702567","42702845","GL873635","3143338","3143625","71","39559229"
"chr17","43769270","43769561","GL873545","12502931","12503218","91","31266339"
"chr17","44303419","44303719","GL873639","638719","639018","75","43664700"
"chr17","44525979","44526288","GL873589","9310653","9310947","83","35215326"
"chr17","45168752","45169042","GL873615","5164234","5164521","75","40004518"
"chr17","45258319","45258596","GL873538","4784269","4784514","81","40474050"
"chr17","45277142","45277437","GL873652","2538738","2539020","69","42738404"
"chr17","45357998","45358273","GL873526","17185395","17185660","78","28172603"
"chr17","45374253","45374542","GL873652","2538738","2539020","75","42835515"
"chr17","45412622","45412932","GL873615","2242583","2242882","81","43170039"
"chr17","45772116","45772403","GL873526","17185395","17185660","69","28586721"
"chr17","46277128","46277417","GL873545","12502931","12503218","80","33774197"
"chr17","46547582","46547865","GL873712","758777","759067","78","45788805"
"chr17","46598565","46598852","GL873560","5671813","5672100","67","40926752"
"chr17","46751375","46751687","GL873711","600516","600812","78","46150859"
"chr17","46827038","46827103","GL873537","28066052","28066115","18","18760986"
"chr17","47253387","47253682","GL873645","923581","923868","82","46329806"
"chr17","47950663","47950942","GL873558","11729886","11730160","70","36220777"
"chr17","47986232","47986412","GL873573","561846","562000","57","47424386"
"chr17","48444766","48445053","GL873807","378787","379071","75","48065979"
"chr17","48482542","48482837","GL873807","378787","379071","69","48103755"
"chr17","48839129","48839418","GL873548","15989743","15990030","78","32849386"
"chr17","49087280","49087573","GL873615","5164234","5164521","74","43923046"
"chr17","49424082","49424384","GL873531","743580","743873","84","48680502"
"chr17","49889525","49889723","GL873536","10089167","10089339","68","39800358"
"chr17","50617311","50617581","GL873548","133851","134130","86","50483460"
"chr17","50766950","50767205","GL873523","24830084","24830304","83","25936866"
"chr17","50789088","50789382","GL873589","9310653","9310947","84","41478435"
"chr17","51427785","51428072","GL873540","9450448","9450715","86","41977337"
"chr17","52500205","52500433","GL873523","24830084","24830304","67","27670121"
"chr17","52829267","52829544","GL873807","378787","379071","89","52450480"
"chr17","53854004","53854308","GL873615","2242583","2242882","78","51611421"
"chr17","54202348","54202638","GL873807","378787","379071","68","53823561"
"chr17","54392796","54393096","GL873532","29369734","29370037","79","25023062"
"chr17","54659884","54660176","GL873652","2538738","2539020","76","52121146"
"chr17","54836231","54836353","GL873525","6607619","6607730","36","48228612"
"chr17","55400293","55400594","GL873532","29369734","29370037","77","26030559"
"chr17","55594650","55594933","GL873560","1046330","1046605","78","54548320"
"chr17","56517533","56517843","GL873615","2242583","2242882","76","54274950"
"chr17","56560322","56560522","GL873520","68825999","68826185","55","12265677"
"chr17","56597901","56598079","GL873608","3484994","3485156","49","53112907"
"chr17","57026856","57027142","GL873807","378787","379071","74","56648069"
"chr17","57931302","57931593","GL873589","9310653","9310947","85","48620649"
"chr17","58035886","58036175","GL873807","378787","379071","72","57657099"
"chr17","58126034","58126312","GL873719","2249405","2249681","80","55876629"
"chr17","58129120","58129355","GL873523","24830084","24830304","80","33299036"
"chr17","58225776","58226068","GL873696","323840","324122","81","57901936"
"chr17","58432702","58432999","GL873807","378787","379071","72","58053915"
"chr17","58560799","58561109","GL873531","11880361","11880661","79","46680438"
"chr17","58925463","58925767","GL873531","743580","743873","80","58181883"
"chr17","58973127","58973428","GL873631","1463608","1463909","81","57509519"
"chr17","59318467","59318782","GL873548","15989743","15990030","88","43328724"
"chr17","59400069","59400379","GL873639","638719","639018","84","58761350"
"chr17","59445941","59446242","GL873639","638719","639018","79","58807222"
"chr17","61055235","61055495","GL873540","8735863","8736130","73","52319372"
"chr17","61726506","61726706","GL873731","1140299","1140488","46","60586207"
"chr17","61821944","61822257","GL873532","29369734","29370037","86","32452210"
"chr17","62209000","62209293","GL873721","2069601","2069880","87","60139399"
"chr17","62400319","62400630","GL873538","12351987","12352285","84","50048332"
"chr17","62686016","62686281","GL873579","5947173","5947436","72","56738843"
"chr17","62888748","62888994","GL873530","24066432","24066694","77","38822316"
"chr17","62896333","62896641","GL873615","2242583","2242882","85","60653750"
"chr17","62952179","62952472","GL873615","5164234","5164521","78","57787945"
"chr17","63181566","63181848","GL873524","33453308","33453594","91","29728258"
"chr17","63394940","63395228","GL873623","7055444","7055732","74","56339496"
"chr17","63472366","63472655","GL873652","2538738","2539020","85","60933628"
"chr17","63615073","63615367","GL873635","3143338","3143625","70","60471735"
"chr17","63732302","63732371","GL873524","40199622","40199689","18","23532680"
"chr17","64182942","64183203","GL873544","21012867","21013121","86","43170075"
"chr17","64786649","64786941","GL873807","378787","379071","69","64407862"
"chr17","65527804","65528098","GL873592","3504292","3504588","73","62023512"
"chr17","66157537","66157812","GL873531","15816402","15816670","73","50341135"
"chr17","66921328","66921604","GL873531","15816402","15816670","77","51104926"
"chr17","67770472","67770764","GL873807","378787","379071","68","67391685"
"chr17","67846369","67846412","GL873812","573691","573747","21","67272678"
"chr17","67958393","67958696","GL873525","31608445","31608738","83","36349948"
"chr17","68871142","68871437","GL873623","7055444","7055732","70","61815698"
"chr17","69498293","69498597","GL873522","6932627","6932928","78","62565666"
"chr17","69935860","69936027","GL873814","114306","114462","45","69821554"
"chr17","70026652","70026772","GL873529","9635583","9635702","39","60391069"
"chr17","70346504","70346714","GL873731","1140299","1140488","56","69206205"
"chr17","70640306","70640579","GL873536","6183235","6183517","79","64457071"
"chr17","70903283","70903583","GL873639","638719","639018","75","70264564"
"chr17","71946584","71946876","GL873807","378787","379071","86","71567797"
"chr17","72013325","72013624","GL873589","9310653","9310947","72","62702672"
"chr17","72143276","72143566","GL873807","378787","379071","69","71764489"
"chr17","72315111","72315389","GL873526","17185395","17185660","84","55129716"
"chr17","73237698","73237985","GL873615","5164234","5164521","76","68073464"
"chr17","73300678","73300865","GL873731","1122838","1123027","48","72177840"
"chr17","73302734","73303006","GL873538","4784269","4784514","79","68518465"
"chr17","73603340","73603635","GL873615","5164234","5164521","96","68439106"
"chr17","73857132","73857425","GL873592","3504292","3504588","71","70352840"
"chr17","74001167","74001476","GL873584","10767629","10767932","79","63233538"
"chr17","74395606","74395908","GL873545","12502931","12503218","74","61892675"
"chr17","74503477","74503779","GL873532","29369734","29370037","80","45133743"
"chr17","74517720","74518025","GL873532","29369734","29370037","83","45147986"
"chr17","74535151","74535436","GL873529","2737581","2737856","76","71797570"
"chr18","388392","388683","GL873527","33196263","33196548","78","32807871"
"chr18","647948","648158","GL873731","1122838","1123027","60","474890"
"chr18","648385","648465","GL873523","24829332","24829385","30","24180947"
"chr18","938147","938272","GL873677","3241750","3241856","55","2303603"
"chr18","1063293","1063591","GL873615","2242583","2242882","76","1179290"
"chr18","1213034","1213164","GL873629","3057379","3057506","32","1844345"
"chr18","1213474","1213635","GL873536","10089167","10089339","49","8875693"
"chr18","1346360","1346646","GL873560","1046330","1046605","79","300030"
"chr18","1369519","1369826","GL873712","758777","759067","81","610742"
"chr18","1404731","1405001","GL873619","3251154","3251417","77","1846423"
"chr18","1426559","1426688","GL873629","3057379","3057506","36","1630820"
"chr18","1470544","1470742","GL873731","1122838","1123027","51","347706"
"chr18","1678880","1679153","GL873607","5526364","5526636","75","3847484"
"chr18","1828957","1829244","GL873579","5947173","5947436","70","4118216"
"chr18","1885575","1885639","GL873662","1216517","1216580","6","669058"
"chr18","1990645","1990927","GL873807","378787","379071","71","1611858"
"chr18","3072232","3072522","GL873553","1912528","1912825","82","1159704"
"chr18","3167045","3167267","GL873538","2103378","2103585","75","1063667"
"chr18","3179438","3179710","GL873544","16573157","16573425","75","13393719"
"chr18","3544450","3544519","GL873524","40199622","40199689","19","36655172"
"chr18","4018575","4018786","GL873530","11536409","11536598","70","7517834"
"chr18","4019515","4019627","GL873525","6607619","6607730","25","2588104"
"chr18","4150180","4150469","GL873807","378787","379071","78","3771393"
"chr18","4155083","4155326","GL873523","24830084","24830304","76","20675001"
"chr18","4290357","4290636","GL873619","3251154","3251417","70","1039203"
"chr18","4364489","4364782","GL873545","12502931","12503218","83","8138442"
"chr18","4378565","4378640","GL873524","40199622","40199689","22","35821057"
"chr18","4595838","4596133","GL873807","378787","379071","73","4217051"
"chr18","4642284","4642565","GL873623","7055444","7055732","75","2413160"
"chr18","4806706","4807016","GL873531","743580","743873","82","4063126"
"chr18","4826500","4826760","GL873526","44043","44310","80","4782457"
"chr18","5067964","5068093","GL873585","8812888","8813010","35","3744924"
"chr18","5078040","5078336","GL873545","12502931","12503218","74","7424891"
"chr18","5206298","5206548","GL873671","1882360","1882615","70","3323938"
"chr18","5243058","5243342","GL873807","378787","379071","67","4864271"
"chr18","5570387","5570676","GL873807","378787","379071","70","5191600"
"chr18","5579301","5579517","GL873654","829106","829286","69","4750195"
"chr18","5663776","5663912","GL873629","3057379","3057506","32","2606397"
"chr18","5901122","5901431","GL873645","923581","923868","82","4977541"
"chr18","7543390","7543690","GL873548","15989743","15990030","80","8446353"
"chr18","7718958","7719255","GL873639","638719","639018","72","7080239"
"chr18","7953656","7953823","GL873728","590192","590366","51","7363464"
"chr18","8093128","8093254","GL873629","3057379","3057506","36","5035749"
"chr18","8239021","8239326","GL873531","743580","743873","76","7495441"
"chr18","8341373","8341670","GL873592","3504292","3504588","76","4837081"
"chr18","8377412","8377706","GL873536","6183235","6183517","70","2194177"
"chr18","8734024","8734311","GL873807","378787","379071","74","8355237"
"chr18","8763341","8763633","GL873536","6183235","6183517","77","2580106"
"chr18","8811730","8812022","GL873615","5164234","5164521","74","3647496"
"chr18","8916429","8916696","GL873561","14329867","14330129","80","5413438"
"chr18","8955904","8956169","GL873530","24066432","24066694","76","15110528"
"chr18","8960104","8960304","GL873606","6713005","6713204","64","2247099"
"chr18","9000172","9000449","GL873520","70969998","70970267","83","61969826"
"chr18","9049383","9049611","GL873522","42762551","42762767","63","33713168"
"chr18","9097337","9097401","GL873662","1216517","1216580","17","7880820"
"chr18","9329833","9330129","GL873652","2538738","2539020","72","6791095"
"chr18","9537104","9537351","GL873786","1119085","1119310","75","8418019"
"chr18","9540454","9540583","GL873617","6429598","6429710","53","3110856"
"chr18","9540960","9541089","GL873629","3057379","3057506","32","6483581"
"chr18","9615461","9615748","GL873807","378787","379071","67","9236674"
"chr18","9783328","9783652","GL873530","8252980","8253273","95","1530348"
"chr18","9821194","9821491","GL873520","20611705","20612004","83","10790511"
"chr18","9888837","9889141","GL873633","6680180","6680479","76","3208657"
"chr18","9974837","9975142","GL873531","743580","743873","79","9231257"
"chr18","10018981","10019273","GL873531","743580","743873","77","9275401"
"chr18","10041956","10042230","GL873550","7520634","7520880","82","2521322"
"chr18","10292333","10292638","GL873633","6680180","6680479","85","3612153"
"chr18","10350790","10351073","GL873558","11729886","11730160","72","1379096"
"chr18","10682918","10682982","GL873662","1216517","1216580","12","9466401"
"chr18","10862202","10862451","GL873786","1119085","1119310","71","9743117"
"chr18","10871510","10871800","GL873807","378787","379071","74","10492723"
"chr18","10876266","10876551","GL873611","3341174","3341447","79","7535092"
"chr18","10980982","10981281","GL873532","29369734","29370037","73","18388752"
"chr18","11591595","11591896","GL873639","638719","639018","87","10952876"
"chr18","11890887","11891185","GL873548","15989743","15990030","76","4098856"
"chr18","13105660","13105957","GL873645","923581","923868","89","12182079"
"chr18","13273620","13273913","GL873645","923581","923868","83","12350039"
"chr18","13758102","13758417","GL873532","29369734","29370037","90","15611632"
"chr18","13904857","13905149","GL873611","3341174","3341447","84","10563683"
"chr18","13964422","13964689","GL873671","1882360","1882615","72","12082062"
"chr18","13982303","13982605","GL873532","29369734","29370037","66","15387431"
"chr18","14276100","14276393","GL873807","378787","379071","67","13897313"
"chr18","14302131","14302445","GL873531","743580","743873","85","13558551"
"chr18","14441821","14442114","GL873807","378787","379071","77","14063034"
"chr18","14542329","14542613","GL873536","6183235","6183517","75","8359094"
"chr18","14607684","14607968","GL873807","378787","379071","80","14228897"
"chr18","14708043","14708320","GL873579","5947173","5947436","70","8760870"
"chr18","14838241","14838541","GL873600","6358350","6358621","86","8479891"
"chr18","14857413","14857696","GL873520","70969998","70970267","81","56112585"
"chr18","15263786","15264002","GL873737","1509883","1510083","84","13753903"
"chr18","16460405","16460647","GL873683","518085","518266","92","15942320"
"chr18","17461424","17461719","GL873545","12502931","12503218","79","4958493"
"chr18","17787677","17787781","GL873525","6607619","6607730","34","11180058"
"chr18","18859965","18860262","GL873615","5164234","5164521","72","13695731"
"chr18","19739458","19739672","GL873731","1122838","1123027","58","18616620"
"chr18","20352127","20352398","GL873544","19151818","19152093","76","1200309"
"chr18","20798135","20798392","GL873538","4784269","4784514","74","16013866"
"chr18","21089767","21089923","GL873536","10089167","10089339","47","11000600"
"chr18","21804079","21804363","GL873807","378787","379071","79","21425292"
"chr18","22765493","22765664","GL873610","7088038","7088189","53","15677455"
"chr18","22765781","22765912","GL873529","9635583","9635702","38","13130198"
"chr18","23051802","23052110","GL873712","758777","759067","73","22293025"
"chr18","23064724","23065023","GL873531","743580","743873","84","22321144"
"chr18","23154250","23154548","GL873527","33196263","33196548","77","10042013"
"chr18","23191647","23191936","GL873807","378787","379071","76","22812860"
"chr18","23669115","23669422","GL873589","9310653","9310947","90","14358462"
"chr18","24536809","24537039","GL873523","24830084","24830304","69","293275"
"chr18","24618527","24618807","GL873525","43871699","43871974","82","19253172"
"chr18","25139624","25139931","GL873531","743580","743873","77","24396044"
"chr18","25439693","25439996","GL873592","3504292","3504588","83","21935401"
"chr18","25543870","25544161","GL873646","3489451","3489745","82","22054419"
"chr18","26803944","26804239","GL873645","923581","923868","77","25880363"
"chr18","27001457","27001767","GL873537","28253996","28254310","88","1252539"
"chr18","27091158","27091476","GL873635","3143338","3143625","95","23947820"
"chr18","27323325","27323620","GL873807","378787","379071","66","26944538"
"chr18","27356872","27357169","GL873807","378787","379071","70","26978085"
"chr18","27427495","27427792","GL873532","29369734","29370037","72","1942239"
"chr18","27685521","27685797","GL873536","8238390","8238645","74","19447131"
"chr18","27751210","27751404","GL873536","10089167","10089339","62","17662043"
"chr18","27771858","27772153","GL873525","31608445","31608738","82","3836587"
"chr18","27947898","27948181","GL873615","5164234","5164521","80","22783664"
"chr18","27981921","27982222","GL873592","3504292","3504588","72","24477629"
"chr18","28104222","28104522","GL873615","2242583","2242882","80","25861639"
"chr18","28238489","28238727","GL873671","1882360","1882615","72","26356129"
"chr18","28443196","28443498","GL873520","23993282","23993576","85","4449914"
"chr18","28599828","28599973","GL873572","8292948","8293070","47","20306880"
"chr18","28658195","28658511","GL873530","8252980","8253273","88","20405215"
"chr18","28961427","28961610","GL873536","10089167","10089339","55","18872260"
"chr18","29070142","29070327","GL873536","10089167","10089339","60","18980975"
"chr18","29110708","29110908","GL873538","2103378","2103585","69","27007330"
"chr18","29772169","29772466","GL873525","31608445","31608738","81","1836276"
"chr18","30093874","30094146","GL873544","21012867","21013121","85","9081007"
"chr18","31055247","31055551","GL873536","6183235","6183517","87","24872012"
"chr18","31322203","31322509","GL873531","743580","743873","78","30578623"
"chr18","32420420","32420694","GL873536","6183235","6183517","75","26237185"
"chr18","32953211","32953529","GL873530","8252980","8253273","81","24700231"
"chr18","33073320","33073437","GL873535","29528380","29528490","50","3544940"
"chr18","33095439","33095754","GL873615","2242583","2242882","84","30852856"
"chr18","33138505","33138687","GL873728","590192","590366","59","32548313"
"chr18","34170528","34170834","GL873645","923581","923868","79","33246947"
"chr18","34404130","34404384","GL873531","15816402","15816670","73","18587728"
"chr18","34431998","34432283","GL873530","36050445","36050726","86","1618447"
"chr18","35099512","35099722","GL873524","44671953","44672162","81","9572441"
"chr18","35963828","35964129","GL873545","12502931","12503218","79","23460897"
"chr18","36767510","36767796","GL873602","5655744","5656017","77","31111766"
"chr18","37159423","37159632","GL873608","3484994","3485156","74","33674429"
"chr18","37647658","37647819","GL873654","829106","829286","64","36818552"
"chr18","38130425","38130720","GL873807","378787","379071","67","37751638"
"chr18","38236872","38237175","GL873530","8252980","8253273","78","29983892"
"chr18","38384099","38384389","GL873611","3341174","3341447","71","35042925"
"chr18","38499456","38499745","GL873645","923581","923868","69","37575875"
"chr18","38701963","38702255","GL873558","11729886","11730160","75","26972077"
"chr18","39543116","39543423","GL873531","743580","743873","80","38799536"
"chr18","39743061","39743353","GL873807","378787","379071","66","39364274"
"chr18","40102958","40103236","GL873523","47336368","47336640","86","7233410"
"chr18","40166618","40166892","GL873531","15816402","15816670","77","24350216"
"chr18","40191929","40192114","GL873608","3484994","3485156","63","36706935"
"chr18","40192734","40192867","GL873534","6310704","6310826","40","33882030"
"chr18","40198819","40199113","GL873712","758777","759067","75","39440042"
"chr18","40987319","40987611","GL873526","17185395","17185660","88","23801924"
"chr18","42116380","42116669","GL873807","378787","379071","77","41737593"
"chr18","42765572","42765855","GL873607","5526364","5526636","81","37239208"
"chr18","43222514","43222609","GL873606","6040743","6040839","41","37181771"
"chr18","43295091","43295184","GL873526","6493783","6493858","33","36801308"
"chr18","43606139","43606445","GL873615","2242583","2242882","86","41363556"
"chr18","43859345","43859639","GL873807","378787","379071","67","43480558"
"chr18","44741107","44741408","GL873584","10767629","10767932","75","33973478"
"chr18","46814201","46814485","GL873807","378787","379071","80","46435414"
"chr18","46863296","46863539","GL873799","235575","235812","75","46627721"
"chr19","25689893","25690178","GL873807","378787","379071","80","25311106"
"chr19","285649","285948","GL873639","638719","639018","72","353070"
"chr19","603916","604218","GL873592","3504292","3504588","81","2900376"
"chr19","610118","610205","GL873799","235420","235499","30","374698"
"chr19","720130","720432","GL873611","3648898","3649188","73","2928768"
"chr19","1083116","1083418","GL873530","8252980","8253273","85","7169864"
"chr19","1144271","1144578","GL873520","20611705","20612004","79","19467434"
"chr19","1203227","1203529","GL873615","2242583","2242882","71","1039356"
"chr19","1431327","1431558","GL873523","24830084","24830304","68","23398757"
"chr19","1858501","1858775","GL873525","43871699","43871974","78","42013198"
"chr19","2045698","2045996","GL873533","16134333","16134623","86","14088635"
"chr19","2747261","2747532","GL873530","8252980","8253273","94","5505719"
"chr19","3896346","3896632","GL873560","5671813","5672100","74","1775467"
"chr19","5115326","5115623","GL873539","25522195","25522485","86","20406869"
"chr19","6018184","6018483","GL873615","5164234","5164521","78","853950"
"chr19","6028326","6028606","GL873807","378787","379071","76","5649539"
"chr19","6235397","6235701","GL873530","8252980","8253273","85","2017583"
"chr19","6376908","6377182","GL873807","378787","379071","72","5998121"
"chr19","6635353","6635652","GL873592","3504292","3504588","79","3131061"
"chr19","6765196","6765513","GL873615","5164234","5164521","89","1600962"
"chr19","7661293","7661559","GL873538","4784269","4784514","74","2877024"
"chr19","7745655","7745958","GL873639","638719","639018","78","7106936"
"chr19","8266765","8267074","GL873532","29369734","29370037","92","21102969"
"chr19","8267178","8267357","GL873610","4454076","4454255","46","3813102"
"chr19","9401366","9401640","GL873558","11729886","11730160","82","2328520"
"chr19","9592868","9593131","GL873520","70969998","70970267","77","61377130"
"chr19","10269838","10270139","GL873615","2242583","2242882","77","8027255"
"chr19","10607909","10608206","GL873592","3504292","3504588","77","7103617"
"chr19","11147186","11147351","GL873610","7088038","7088189","52","4059148"
"chr19","11234660","11234954","GL873602","5655744","5656017","74","5578916"
"chr19","11333900","11334134","GL873523","24830084","24830304","69","13496184"
"chr19","11463083","11463393","GL873530","8252980","8253273","92","3210103"
"chr19","11565084","11565376","GL873807","378787","379071","74","11186297"
"chr19","11644862","11645156","GL873615","5164234","5164521","75","6480628"
"chr19","11716650","11716959","GL873615","2242583","2242882","79","9474067"
"chr19","11737515","11737814","GL873592","3504292","3504588","72","8233223"
"chr19","12238379","12238668","GL873615","5164234","5164521","70","7074145"
"chr19","12285299","12285611","GL873615","2242583","2242882","81","10042716"
"chr19","12307962","12308264","GL873589","9310653","9310947","80","2997309"
"chr19","12389583","12389884","GL873639","638719","639018","79","11750864"
"chr19","12438243","12438534","GL873539","25522195","25522485","72","13083952"
"chr19","12566444","12566733","GL873647","344182","344454","75","12222262"
"chr19","12792296","12792585","GL873615","5164234","5164521","71","7628062"
"chr19","12832217","12832517","GL873615","2242583","2242882","92","10589634"
"chr19","12986583","12986863","GL873526","17185395","17185660","79","4198812"
"chr19","13080172","13080468","GL873589","9310653","9310947","73","3769519"
"chr19","13384250","13384404","GL873587","2344327","2344496","67","11039923"
"chr19","13599055","13599342","GL873807","378787","379071","81","13220268"
"chr19","14526522","14526820","GL873645","923581","923868","75","13602941"
"chr19","14784116","14784408","GL873548","133851","134130","65","14650265"
"chr19","15508319","15508621","GL873531","743580","743873","75","14764739"
"chr19","15639072","15639385","GL873532","29369734","29370037","76","13730662"
"chr19","16722981","16723285","GL873530","8252980","8253273","76","8470001"
"chr19","17120601","17120895","GL873807","378787","379071","71","16741814"
"chr19","17325587","17325701","GL873522","36553653","36553775","39","19228066"
"chr19","17695909","17696228","GL873592","3504292","3504588","101","14191617"
"chr19","17720759","17720881","GL873525","6607619","6607730","34","11113140"
"chr19","17937201","17937512","GL873532","29369734","29370037","83","11432533"
"chr19","17995940","17996218","GL873623","7055444","7055732","75","10940496"
"chr19","18155175","18155459","GL873525","31608445","31608738","80","13453270"
"chr19","18852379","18852666","GL873539","25522195","25522485","75","6669816"
"chr19","18865047","18865216","GL873573","561846","562000","54","18303201"
"chr19","19062769","19062986","GL873731","1140299","1140488","67","17922470"
"chr19","19227250","19227535","GL873807","378787","379071","73","18848463"
"chr19","19358571","19358847","GL873531","15816402","15816670","86","3542169"
"chr19","19516923","19517066","GL873538","24528568","24528730","53","5011645"
"chr19","20041722","20041816","GL873623","3165346","3165445","27","16876376"
"chr19","20594788","20595101","GL873569","11036395","11036693","90","9558393"
"chr19","21417606","21417921","GL873538","12351987","12352285","90","9065619"
"chr19","21630838","21631139","GL873639","638719","639018","83","20992119"
"chr19","21709226","21709503","GL873635","3143338","3143625","73","18565888"
"chr19","21723886","21724177","GL873807","378787","379071","75","21345099"
"chr19","21976755","21977024","GL873580","3276777","3277037","82","18699978"
"chr19","22272779","22273087","GL873532","29369734","29370037","77","7096955"
"chr19","22282970","22283258","GL873564","8111869","8112128","94","14171101"
"chr19","22520887","22521167","GL873635","3143338","3143625","75","19377549"
"chr19","22806811","22806853","GL873523","24829332","24829385","22","2022521"
"chr19","22807645","22807841","GL873731","1122838","1123027","52","21684807"
"chr19","22838671","22838947","GL873696","323840","324122","83","22514831"
"chr19","23110532","23110798","GL873544","21012867","21013121","74","2097665"
"chr19","23143347","23143588","GL873637","4379152","4379361","83","18764195"
"chr19","23162553","23162873","GL873532","29369734","29370037","87","6207181"
"chr19","23233082","23233381","GL873645","923581","923868","89","22309501"
"chr19","23543122","23543424","GL873633","6680180","6680479","80","16862942"
"chr19","23638784","23639066","GL873606","1584393","1584659","80","22054391"
"chr19","23765259","23765554","GL873532","29369734","29370037","74","5604475"
"chr19","23798573","23798855","GL873807","378787","379071","74","23419786"
"chr19","24014386","24014674","GL873807","378787","379071","72","23635599"
"chr19","24120366","24120643","GL873807","378787","379071","75","23741579"
"chr19","24422894","24423191","GL873615","2242583","2242882","72","22180311"
"chr19","24682029","24682328","GL873527","33196263","33196548","76","8514234"
"chr19","25015918","25016189","GL873526","17185395","17185660","64","7830523"
"chr19","25218494","25218805","GL873530","8252980","8253273","87","16965514"
"chr19","25349201","25349491","GL873807","378787","379071","74","24970414"
"chr19","25408132","25408434","GL873615","2242583","2242882","77","23165549"
"chr19","25519219","25519513","GL873520","20611705","20612004","74","4907514"
"chr19","25593666","25593956","GL873615","5164234","5164521","73","20429432"
"chr19","25604463","25604749","GL873615","5164234","5164521","71","20440229"
"chr19","25666066","25666244","GL873728","590192","590366","61","25075874"
"chr19","25755099","25755392","GL873569","5489766","5490051","80","20265333"
"chr19","25926573","25926848","GL873635","3143338","3143625","78","22783235"
"chr19","25961745","25962054","GL873530","8252980","8253273","80","17708765"
"chr19","26199761","26200057","GL873807","378787","379071","77","25820974"
"chr19","27060978","27061278","GL873639","638719","639018","76","26422259"
"chr19","27274145","27274425","GL873531","15816402","15816670","72","11457743"
"chr19","27434892","27435195","GL873520","20611705","20612004","74","6823187"
"chr19","27461032","27461162","GL873629","3057379","3057506","29","24403653"
"chr19","27692481","27692784","GL873633","6680180","6680479","73","21012301"
"chr19","27823816","27823971","GL873538","24528568","24528730","57","3295248"
"chr19","27850172","27850418","GL873618","3344163","3344386","78","24506009"
"chr19","28184837","28185146","GL873532","29369734","29370037","83","1184897"
"chr19","28461505","28461806","GL873557","10602774","10603071","73","17858731"
"chr19","28816589","28816895","GL873611","3648898","3649188","89","25167691"
"chr19","29658228","29658528","GL873712","758777","759067","81","28899451"
"chr19","29833733","29834024","GL873560","5671813","5672100","67","24161920"
"chr19","30940980","30941286","GL873530","8252980","8253273","76","22688000"
"chr19","31898492","31898775","GL873652","2538738","2539020","81","29359754"
"chr19","32535937","32536237","GL873545","12502931","12503218","73","20033006"
"chr19","32782450","32782698","GL873671","1882360","1882615","79","30900090"
"chr19","32864584","32864876","GL873652","2538738","2539020","81","30325846"
"chr19","33428222","33428472","GL873534","6499556","6499790","96","26928666"
"chr19","33462776","33463043","GL873526","17185395","17185660","80","16277381"
"chr19","33898752","33899022","GL873536","8238390","8238645","79","25660362"
"chr19","33920533","33920808","GL873531","15816402","15816670","68","18104131"
"chr19","34054590","34054854","GL873671","1882360","1882615","66","32172230"
"chr19","34176713","34176992","GL873807","378787","379071","77","33797926"
"chr19","34218526","34218756","GL873523","24830084","24830304","77","9388442"
"chr19","34238269","34238572","GL873615","5164234","5164521","75","29074035"
"chr19","34750137","34750430","GL873615","2242583","2242882","70","32507554"
"chr19","34898286","34898552","GL873538","4784269","4784514","76","30114017"
"chr19","35289447","35289734","GL873561","14329867","14330129","74","20959580"
"chr19","35322443","35322746","GL873615","2242583","2242882","78","33079860"
"chr19","35539978","35540286","GL873592","3504292","3504588","75","32035686"
"chr19","35567361","35567673","GL873605","211678","211971","93","35355683"
"chr19","35709418","35709706","GL873728","2347875","2348140","74","33361543"
"chr19","35710853","35711141","GL873728","2347875","2348140","76","33362978"
"chr19","35888117","35888473","GL873700","779773","780090","113","35108344"
"chr19","35909428","35909711","GL873569","5489766","5490051","78","30419662"
"chr19","35922814","35922943","GL873629","3057379","3057506","28","32865435"
"chr19","35931013","35931311","GL873807","378787","379071","78","35552226"
"chr19","36076504","36076788","GL873696","323840","324122","91","35752664"
"chr19","36093055","36093362","GL873639","638719","639018","78","35454336"
"chr19","36551235","36551533","GL873545","12502931","12503218","77","24048304"
"chr19","36565357","36565654","GL873520","23993282","23993576","82","12572075"
"chr19","37401143","37401422","GL873585","10753608","10753875","77","26647535"
"chr19","37670950","37671020","GL873524","40199622","40199689","19","2528672"
"chr19","37847370","37847448","GL873780","151869","151943","21","37695501"
"chr19","37848246","37848398","GL873619","5715463","5715603","63","32132783"
"chr19","37987949","37988235","GL873615","5164234","5164521","73","32823715"
"chr19","38137260","38137560","GL873807","378787","379071","74","37758473"
"chr19","38297463","38297757","GL873532","29369734","29370037","77","8927729"
"chr19","38375570","38375863","GL873536","6183235","6183517","75","32192335"
"chr19","38616061","38616372","GL873531","743580","743873","85","37872481"
"chr19","38690849","38691147","GL873807","378787","379071","78","38312062"
"chr19","38699782","38700076","GL873615","5164234","5164521","77","33535548"
"chr19","38749139","38749436","GL873531","11880361","11880661","92","26868778"
"chr19","38971818","38972111","GL873529","2737581","2737856","78","36234237"
"chr19","39528902","39529204","GL873532","29369734","29370037","77","10159168"
"chr19","40082009","40082316","GL873615","2242583","2242882","84","37839426"
"chr19","40294416","40294714","GL873532","29369734","29370037","78","10924682"
"chr19","40462322","40462624","GL873532","29369734","29370037","78","11092588"
"chr19","40475472","40475752","GL873544","19151818","19152093","75","21323654"
"chr19","40537058","40537348","GL873615","5164234","5164521","74","35372824"
"chr19","40661334","40661611","GL873615","5164234","5164521","74","35497100"
"chr19","41168971","41169142","GL873728","590192","590366","49","40578779"
"chr19","41203262","41203553","GL873807","378787","379071","69","40824475"
"chr19","41279381","41279688","GL873520","20611705","20612004","90","20667676"
"chr19","41509798","41510102","GL873530","8252980","8253273","70","33256818"
"chr19","42081088","42081361","GL873523","47336368","47336640","77","5255280"
"chr19","42108754","42109048","GL873712","758777","759067","77","41349977"
"chr19","42455017","42455323","GL873532","29369734","29370037","78","13085283"
"chr19","42561037","42561321","GL873615","5164234","5164521","69","37396803"
"chr19","42740859","42741159","GL873652","2538738","2539020","76","40202121"
"chr19","42944732","42945017","GL873807","378787","379071","66","42565945"
"chr19","43192653","43192946","GL873623","7055444","7055732","75","36137209"
"chr19","43385807","43386113","GL873520","20611705","20612004","85","22774102"
"chr19","43855030","43855297","GL873526","11694917","11695169","78","32160113"
"chr19","43883403","43883555","GL873619","5715463","5715603","58","38167940"
"chr19","43883769","43883846","GL873799","235420","235499","23","43648349"
"chr19","43912967","43913226","GL873671","1882360","1882615","75","42030607"
"chr19","43955141","43955419","GL873673","4474890","4475153","80","39480251"
"chr19","44133566","44133869","GL873584","10767629","10767932","79","33365937"
"chr19","44524059","44524360","GL873557","10602774","10603071","83","33921285"
"chr19","44659575","44659742","GL873573","561846","562000","46","44097729"
"chr19","44732713","44732991","GL873605","211678","211971","81","44521035"
"chr19","44793225","44793556","GL873639","638719","639018","108","44154506"
"chr19","44812690","44812990","GL873532","29369734","29370037","76","15442956"
"chr19","44814676","44814860","GL873610","4454076","4454255","45","40360600"
"chr19","44906104","44906281","GL873608","3484994","3485156","51","41421110"
"chr19","44925569","44925862","GL873635","3143338","3143625","70","41782231"
"chr19","45103995","45104282","GL873807","378787","379071","64","44725208"
"chr19","45160190","45160248","GL873606","413534","413591","20","44746656"
"chr19","45483172","45483460","GL873807","378787","379071","74","45104385"
"chr19","45788104","45788424","GL873531","743580","743873","94","45044524"
"chr19","46078010","46078302","GL873807","378787","379071","70","45699223"
"chr19","46363710","46364011","GL873531","743580","743873","86","45620130"
"chr19","47056209","47056479","GL873673","4474890","4475153","77","42581319"
"chr19","47385453","47385753","GL873615","2242583","2242882","74","45142870"
"chr19","48027692","48027988","GL873645","923581","923868","84","47104111"
"chr19","48316425","48316594","GL873608","3484994","3485156","47","44831431"
"chr19","48464546","48464838","GL873592","3504292","3504588","76","44960254"
"chr19","48473542","48473838","GL873560","1046330","1046605","77","47427212"
"chr19","48921567","48921868","GL873652","2538738","2539020","77","46382829"
"chr20","2228207","2228494","GL873807","378787","379071","73","1849420"
"chr20","74060","74357","GL873807","378787","379071","72","304727"
"chr20","131143","131438","GL873531","743580","743873","86","612437"
"chr20","334793","335097","GL873639","638719","639018","86","303926"
"chr20","395693","395992","GL873712","758777","759067","83","363084"
"chr20","568122","568415","GL873652","2538738","2539020","74","1970616"
"chr20","678364","678661","GL873623","7055444","7055732","80","6377080"
"chr20","1002207","1002472","GL873607","5526364","5526636","74","4524157"
"chr20","1140463","1140773","GL873531","743580","743873","81","396883"
"chr20","1962823","1962982","GL873573","561846","562000","48","1400977"
"chr20","1982491","1982756","GL873585","115904","116160","79","1866587"
"chr20","3685120","3685418","GL873525","31608445","31608738","72","27923325"
"chr20","3897747","3898064","GL873530","8252980","8253273","87","4355233"
"chr20","4132227","4132293","GL873524","40199622","40199689","23","36067395"
"chr20","4450987","4451304","GL873533","16134333","16134623","101","11683346"
"chr20","4620740","4620990","GL873564","8111869","8112128","78","3491129"
"chr20","6572218","6572508","GL873807","378787","379071","66","6193431"
"chr20","7044556","7044852","GL873592","3504292","3504588","74","3540264"
"chr20","7066041","7066346","GL873533","16134333","16134623","88","9068292"
"chr20","7757713","7757969","GL873671","1882360","1882615","69","5875353"
"chr20","9195505","9195821","GL873532","29369734","29370037","93","20174229"
"chr20","9900962","9901212","GL873544","4458562","4458812","83","5442400"
"chr20","10016712","10016998","GL873652","2538738","2539020","73","7477974"
"chr20","10160162","10160462","GL873592","3504292","3504588","78","6655870"
"chr20","10525618","10525869","GL873700","784432","784686","71","9741186"
"chr20","10673947","10674248","GL873633","6680180","6680479","80","3993767"
"chr20","10826440","10826737","GL873652","2538738","2539020","74","8287702"
"chr20","10837159","10837452","GL873530","8252980","8253273","77","2584179"
"chr20","10919922","10920214","GL873807","378787","379071","71","10541135"
"chr20","11053490","11053787","GL873532","29369734","29370037","80","18316244"
"chr20","11056635","11056932","GL873589","9310653","9310947","76","1745982"
"chr20","11106873","11107164","GL873807","378787","379071","76","10728086"
"chr20","11132802","11133089","GL873807","378787","379071","75","10754015"
"chr20","11133542","11133812","GL873542","9537125","9537397","98","1596417"
"chr20","11362479","11362679","GL873731","1122838","1123027","47","10239641"
"chr20","11364808","11365025","GL873645","4984041","4984262","64","6380767"
"chr20","11861490","11861765","GL873544","19151818","19152093","78","7290328"
"chr20","11899746","11900061","GL873589","9310653","9310947","102","2589093"
"chr20","11943112","11943404","GL873615","5164234","5164521","75","6778878"
"chr20","12123450","12123758","GL873711","600516","600812","79","11522934"
"chr20","12125692","12125985","GL873615","2242583","2242882","71","9883109"
"chr20","12184310","12184616","GL873532","29369734","29370037","74","17185424"
"chr20","12448693","12448984","GL873615","5164234","5164521","72","7284459"
"chr20","12566481","12566769","GL873807","378787","379071","82","12187694"
"chr20","12629977","12630275","GL873611","3648898","3649188","80","8981079"
"chr20","12675094","12675363","GL873561","14329867","14330129","75","1654773"
"chr20","12771971","12772350","GL873611","3648898","3649188","169","9123073"
"chr20","13136413","13136684","GL873525","43871699","43871974","76","30735286"
"chr20","13322344","13322603","GL873671","1882360","1882615","73","11439984"
"chr20","13579309","13579636","GL873537","28253996","28254310","96","14674687"
"chr20","13662329","13662603","GL873531","15816402","15816670","74","2154073"
"chr20","14299978","14300286","GL873615","2242583","2242882","74","12057395"
"chr20","14336676","14336742","GL873662","1216517","1216580","18","13120159"
"chr20","14583210","14583519","GL873520","20611705","20612004","84","6028495"
"chr20","14736389","14736694","GL873531","743580","743873","83","13992809"
"chr20","15341221","15341466","GL873671","1882360","1882615","80","13458861"
"chr20","16278502","16278770","GL873531","15816402","15816670","77","462100"
"chr20","16638927","16639205","GL873531","15816402","15816670","72","822525"
"chr20","16826640","16826968","GL873531","11880361","11880661","100","4946279"
"chr20","17614677","17614729","GL873653","3498676","3498727","28","14116001"
"chr20","17616022","17616284","GL873526","11694917","11695169","87","5921105"
"chr20","17639700","17640003","GL873532","29369734","29370037","80","11730034"
"chr20","18675614","18675879","GL873538","4784269","4784514","79","13891345"
"chr20","19315098","19315414","GL873712","758777","759067","97","18556321"
"chr20","19438689","19438958","GL873526","17185395","17185660","77","2253294"
"chr20","20138883","20139054","GL873610","7088038","7088189","53","13050845"
"chr20","20389711","20390015","GL873532","29369734","29370037","77","8980023"
"chr20","20439318","20439622","GL873532","29369734","29370037","78","8930416"
"chr20","20482929","20483209","GL873579","5947173","5947436","85","14535756"
"chr20","20560794","20561088","GL873589","9310653","9310947","75","11250141"
"chr20","20707385","20707604","GL873523","24830084","24830304","64","4122699"
"chr20","20728480","20728787","GL873520","20611705","20612004","81","116775"
"chr20","20757479","20757769","GL873526","22863004","22863298","67","2105525"
"chr20","20823074","20823359","GL873615","2242583","2242882","84","18580491"
"chr20","21051573","21051759","GL873536","10089167","10089339","56","10962406"
"chr20","21075090","21075374","GL873527","33196263","33196548","81","12121173"
"chr20","21232852","21233161","GL873711","600516","600812","81","20632336"
"chr20","21275602","21275849","GL873526","17185395","17185660","85","4090207"
"chr20","21499604","21499863","GL873544","21012867","21013121","76","486737"
"chr20","21847460","21847602","GL873572","8086416","8086544","60","13761044"
"chr20","21889389","21889684","GL873615","5164234","5164521","75","16725155"
"chr20","21891056","21891354","GL873531","743580","743873","78","21147476"
"chr20","21895943","21896073","GL873629","3057379","3057506","30","18838564"
"chr20","21896474","21896622","GL873629","3057379","3057506","48","18839095"
"chr20","22013550","22013766","GL873522","40668394","40668576","66","18654844"
"chr20","22018356","22018659","GL873639","638719","639018","68","21379637"
"chr20","22055306","22055590","GL873569","5489766","5490051","74","16565540"
"chr20","22120382","22120678","GL873615","2242583","2242882","77","19877799"
"chr20","22334717","22335022","GL873525","31608445","31608738","81","9273728"
"chr20","22594683","22594974","GL873615","5164234","5164521","79","17430449"
"chr20","22607378","22607449","GL873780","151869","151943","32","22455509"
"chr20","22643073","22643365","GL873807","378787","379071","75","22264286"
"chr20","22790999","22791096","GL873529","9635583","9635702","44","13155416"
"chr20","22813433","22813715","GL873560","1046330","1046605","73","21767103"
"chr20","22879064","22879208","GL873652","2033772","2033917","68","20845292"
"chr20","23047808","23047949","GL873629","3057379","3057506","40","19990429"
"chr20","23107647","23107942","GL873807","378787","379071","84","22728860"
"chr20","23131825","23132113","GL873807","378787","379071","65","22753038"
"chr20","23166207","23166330","GL873563","6278566","6278672","57","16887641"
"chr20","23227140","23227434","GL873615","5164234","5164521","75","18062906"
"chr20","23276564","23276869","GL873526","22863004","22863298","78","413560"
"chr20","23411426","23411729","GL873520","23993282","23993576","78","581856"
"chr20","23415171","23415453","GL873807","378787","379071","75","23036384"
"chr20","23419772","23420065","GL873807","378787","379071","68","23040985"
"chr20","23426606","23426907","GL873531","743580","743873","83","22683026"
"chr20","23515882","23516188","GL873531","743580","743873","80","22772302"
"chr20","23630733","23631022","GL873652","2538738","2539020","70","21091995"
"chr20","23631818","23632112","GL873615","5164234","5164521","73","18467584"
"chr20","23923630","23923918","GL873807","378787","379071","68","23544843"
"chr20","24221858","24222156","GL873807","378787","379071","85","23843071"
"chr20","24394167","24394421","GL873671","1882360","1882615","66","22511807"
"chr20","24501303","24501605","GL873532","29369734","29370037","72","4868431"
"chr20","24642203","24642498","GL873520","23993282","23993576","82","648921"
"chr20","25240250","25240548","GL873532","29369734","29370037","74","4129484"
"chr20","26100776","26101070","GL873807","378787","379071","77","25721989"
"chr20","26296150","26296456","GL873548","15989743","15990030","78","10306407"
"chr20","26523764","26524053","GL873529","17495636","17495928","79","9028128"
"chr20","26583549","26583820","GL873526","17185395","17185660","80","9398154"
"chr20","26617893","26618128","GL873523","24830084","24830304","74","1787809"
"chr20","26626950","26627118","GL873728","590192","590366","49","26036758"
"chr20","26888360","26888632","GL873807","378787","379071","75","26509573"
"chr20","27547342","27547596","GL873520","70969998","70970267","75","43422656"
"chr20","27751434","27751727","GL873533","16134333","16134623","62","11617101"
"chr20","27755150","27755517","GL873537","28253996","28254310","134","498846"
"chr20","27863630","27863737","GL873526","26850759","26850838","51","1012871"
"chr20","28293431","28293731","GL873543","21140344","21140627","83","7153087"
"chr20","28443929","28444148","GL873645","4984041","4984262","84","23459888"
"chr20","28594266","28594329","GL873662","1216517","1216580","14","27377749"
"chr20","28629263","28629327","GL873537","28066052","28066115","16","563211"
"chr20","28693453","28693731","GL873807","378787","379071","73","28314666"
"chr20","28711188","28711488","GL873615","5164234","5164521","84","23546954"
"chr20","28812058","28812348","GL873807","378787","379071","71","28433271"
"chr20","29190696","29190985","GL873615","5164234","5164521","68","24026462"
"chr20","29269990","29270290","GL873652","2538738","2539020","80","26731252"
"chr20","29330932","29331223","GL873592","3504292","3504588","76","25826640"
"chr20","29355829","29356116","GL873525","43871699","43871974","79","14515870"
"chr20","29445309","29445617","GL873532","29369734","29370037","79","75575"
"chr20","29451154","29451434","GL873526","11694917","11695169","86","17756237"
"chr20","29463872","29464158","GL873545","12502931","12503218","79","16960941"
"chr20","29511000","29511290","GL873807","378787","379071","81","29132213"
"chr20","29772775","29772942","GL873538","24528568","24528730","64","5244207"
"chr20","30404920","30405208","GL873560","5671813","5672100","79","24733107"
"chr20","30478449","30478757","GL873545","12502931","12503218","82","17975518"
"chr20","30607420","30607716","GL873532","29369734","29370037","81","1237686"
"chr20","30965170","30965466","GL873807","378787","379071","70","30586383"
"chr20","31019875","31020161","GL873544","21012867","21013121","80","10007008"
"chr20","31108381","31108661","GL873615","2242583","2242882","82","28865798"
"chr20","31202062","31202358","GL873520","23993282","23993576","73","7208780"
"chr20","31659261","31659524","GL873540","8735863","8736130","84","22923398"
"chr20","32106638","32106936","GL873615","5164234","5164521","79","26942404"
"chr20","32133889","32134191","GL873639","638719","639018","77","31495170"
"chr20","32326953","32327237","GL873524","33453308","33453594","77","1126355"
"chr20","32479168","32479387","GL873538","2103378","2103585","78","30375790"
"chr20","32545900","32546207","GL873530","8252980","8253273","91","24292920"
"chr20","32821394","32821586","GL873525","32888135","32888322","70","66741"
"chr20","32940230","32940473","GL873637","4322064","4322316","71","28618166"
"chr20","33176906","33177207","GL873615","2242583","2242882","77","30934323"
"chr20","33231899","33232159","GL873531","15816402","15816670","73","17415497"
"chr20","33939315","33939579","GL873538","4784269","4784514","78","29155046"
"chr20","34919669","34919825","GL873580","853240","853398","50","34066429"
"chr20","35158810","35158864","GL873619","4427770","4427819","26","30731040"
"chr20","35354694","35354993","GL873605","211678","211971","80","35143016"
"chr20","35354996","35355307","GL873532","29369734","29370037","81","5985262"
"chr20","35814515","35814675","GL873580","853240","853398","44","34961275"
"chr20","35853747","35854030","GL873807","378787","379071","69","35474960"
"chr20","36594210","36594542","GL873567","12148816","12149129","99","24445394"
"chr20","36752446","36752753","GL873652","2538738","2539020","79","34213708"
"chr20","37929553","37929848","GL873623","7055444","7055732","76","30874109"
"chr20","38385683","38385987","GL873615","2242583","2242882","81","36143100"
"chr20","38397834","38398095","GL873671","1882360","1882615","73","36515474"
"chr20","38755840","38756149","GL873615","2242583","2242882","75","36513257"
"chr20","38934820","38934915","GL873563","6278566","6278672","41","32656254"
"chr20","39029716","39030016","GL873545","12502931","12503218","81","26526785"
"chr20","39139489","39139766","GL873807","378787","379071","73","38760702"
"chr20","39344978","39345283","GL873807","378787","379071","78","38966191"
"chr20","39471185","39471451","GL873582","8128619","8128894","94","31342566"
"chr20","39479634","39479930","GL873545","12502931","12503218","77","26976703"
"chr20","39624379","39624656","GL873546","5021263","5021515","83","34603116"
"chr20","39862236","39862485","GL873526","11694917","11695169","89","28167319"
"chr20","39895746","39896031","GL873615","5164234","5164521","81","34731512"
"chr20","39914550","39914658","GL873525","6607619","6607730","32","33306931"
"chr20","40070696","40070955","GL873671","1882360","1882615","85","38188336"
"chr20","40109364","40109645","GL873807","378787","379071","73","39730577"
"chr20","40291085","40291389","GL873531","743580","743873","85","39547505"
"chr20","40680705","40681012","GL873530","8252980","8253273","79","32427725"
"chr20","40744162","40744334","GL873608","3484994","3485156","43","37259168"
"chr20","40987211","40987494","GL873531","15816402","15816670","85","25170809"
"chr20","41018341","41018628","GL873674","581213","581499","81","40437128"
"chr20","41112377","41112650","GL873671","1882360","1882615","80","39230017"
"chr20","41153004","41153295","GL873540","16674647","16674922","90","24478357"
"chr20","41188284","41188567","GL873712","758777","759067","87","40429507"
"chr20","41771979","41772161","GL873728","590192","590366","54","41181787"
"chr20","42172565","42172871","GL873553","1912528","1912825","88","40260037"
"chr20","42252617","42252904","GL873635","3143338","3143625","78","39109279"
"chr20","42310622","42310912","GL873807","378787","379071","70","41931835"
"chr20","42332799","42332860","GL873537","28066052","28066115","15","14266747"
"chr20","42446878","42447187","GL873530","8252980","8253273","79","34193898"
"chr20","42592672","42592977","GL873807","378787","379071","75","42213885"
"chr20","42707289","42707611","GL873615","2242583","2242882","86","40464706"
"chr20","43056354","43056659","GL873645","923581","923868","78","42132773"
"chr20","43179876","43180139","GL873807","378787","379071","85","42801089"
"chr20","43330320","43330591","GL873561","14329867","14330129","78","29000453"
"chr20","43433933","43434103","GL873587","2344327","2344496","47","41089606"
"chr20","43441384","43441693","GL873615","2242583","2242882","83","41198801"
"chr20","43728814","43729076","GL873520","70969998","70970267","84","27241184"
"chr20","43856341","43856636","GL873807","378787","379071","79","43477554"
"chr20","43877378","43877675","GL873525","31608445","31608738","68","12268933"
"chr20","43906006","43906293","GL873807","378787","379071","71","43527219"
"chr20","43952740","43953041","GL873615","2242583","2242882","86","41710157"
"chr20","43962683","43962975","GL873525","8545888","8546164","94","35416795"
"chr20","44021916","44022172","GL873561","14329867","14330129","75","29692049"
"chr20","44086883","44087171","GL873807","378787","379071","73","43708096"
"chr20","44151219","44151497","GL873542","9537125","9537397","82","34614094"
"chr20","44175158","44175449","GL873545","12502931","12503218","82","31672227"
"chr20","44201141","44201434","GL873532","29369734","29370037","84","14831407"
"chr20","44203335","44203627","GL873589","9310653","9310947","82","34892682"
"chr20","44224268","44224568","GL873639","638719","639018","83","43585549"
"chr20","44321462","44321767","GL873531","743580","743873","83","43577882"
"chr21","36700027","36700304","GL873531","15816402","15816670","74","20883625"
"chr21","24834","25009","GL873728","590192","590366","50","565358"
"chr21","130579","130872","GL873807","378787","379071","81","248208"
"chr21","454226","454514","GL873807","378787","379071","65","75439"
"chr21","2698994","2699153","GL873573","561846","562000","54","2137148"
"chr21","3392797","3393100","GL873615","2242583","2242882","85","1150214"
"chr21","3787465","3787753","GL873807","378787","379071","88","3408678"
"chr21","4033519","4033804","GL873807","378787","379071","72","3654732"
"chr21","4891517","4891801","GL873533","16134333","16134623","80","11242816"
"chr21","5205366","5205655","GL873615","5164234","5164521","77","41132"
"chr21","5833285","5833566","GL873558","11729886","11730160","75","5896601"
"chr21","6186573","6186865","GL873807","378787","379071","67","5807786"
"chr21","6317058","6317362","GL873645","923581","923868","73","5393477"
"chr21","7527259","7527553","GL873530","8252980","8253273","76","725721"
"chr21","8974365","8974642","GL873544","19151818","19152093","79","10177453"
"chr21","9007562","9007866","GL873807","378787","379071","97","8628775"
"chr21","9009994","9010295","GL873532","29369734","29370037","76","20359740"
"chr21","9747640","9747922","GL873531","15816402","15816670","82","6068762"
"chr21","11096107","11096419","GL873531","743580","743873","79","10352527"
"chr21","11263892","11264186","GL873526","17185395","17185660","79","5921503"
"chr21","11277500","11277806","GL873615","2242583","2242882","79","9034917"
"chr21","11705664","11705958","GL873592","3504292","3504588","73","8201372"
"chr21","12100409","12100493","GL873780","151869","151943","30","11948540"
"chr21","12101206","12101272","GL873540","20655639","20655704","23","8554433"
"chr21","12271869","12272159","GL873540","16674647","16674922","81","4402778"
"chr21","13845933","13846229","GL873529","2737581","2737856","87","11108352"
"chr21","14278826","14279123","GL873592","3504292","3504588","73","10774534"
"chr21","14685214","14685519","GL873639","638719","639018","84","14046495"
"chr21","15000587","15000890","GL873807","378787","379071","83","14621800"
"chr21","15073822","15074115","GL873543","21140344","21140627","78","6066522"
"chr21","15597841","15598124","GL873807","378787","379071","76","15219054"
"chr21","16101602","16101824","GL873731","1122838","1123027","73","14978764"
"chr21","16155307","16155596","GL873544","21012867","21013121","86","4857560"
"chr21","16189517","16189761","GL873671","1882360","1882615","78","14307157"
"chr21","16630701","16630858","GL873672","1567049","1567194","53","15063652"
"chr21","17444837","17445131","GL873580","5868817","5869123","94","11576020"
"chr21","17647895","17648188","GL873533","16134333","16134623","83","1513562"
"chr21","19395669","19395964","GL873548","18432867","18433143","76","962802"
"chr21","20327316","20327602","GL873536","6183235","6183517","76","14144081"
"chr21","20430585","20430861","GL873589","9310653","9310947","85","11119932"
"chr21","20937974","20938246","GL873520","70969998","70970267","79","50032024"
"chr21","21231702","21231995","GL873652","2538738","2539020","73","18692964"
"chr21","21258346","21258653","GL873639","638719","639018","82","20619627"
"chr21","22024397","22024684","GL873807","378787","379071","73","21645610"
"chr21","22143919","22144117","GL873654","829106","829286","58","21314813"
"chr21","22246612","22246904","GL873525","43871699","43871974","91","21625087"
"chr21","22264079","22264373","GL873807","378787","379071","77","21885292"
"chr21","22323899","22324201","GL873712","758777","759067","87","21565122"
"chr21","22784005","22784307","GL873545","12502931","12503218","75","10281074"
"chr21","22898735","22899011","GL873564","12230896","12231176","77","10667839"
"chr21","23302420","23302697","GL873617","5505209","5505476","90","17797211"
"chr21","23608278","23608559","GL873531","15816402","15816670","74","7791876"
"chr21","23656625","23656904","GL873615","5164234","5164521","78","18492391"
"chr21","23705645","23705939","GL873545","12502931","12503218","87","11202714"
"chr21","25746695","25746764","GL873662","1216517","1216580","20","24530178"
"chr21","25891392","25891695","GL873645","923581","923868","87","24967811"
"chr21","26470323","26470598","GL873544","19151818","19152093","94","7318505"
"chr21","26736118","26736431","GL873530","8252980","8253273","91","18483138"
"chr21","26851020","26851306","GL873807","378787","379071","79","26472233"
"chr21","26882706","26882873","GL873608","3484994","3485156","53","23397712"
"chr21","27733692","27733971","GL873548","133851","134130","73","27599841"
"chr21","28749083","28749376","GL873623","7055444","7055732","80","21693639"
"chr21","29014850","29015139","GL873807","378787","379071","68","28636063"
"chr21","29254374","29254661","GL873525","31608445","31608738","80","2354071"
"chr21","29663348","29663669","GL873711","600516","600812","89","29062832"
"chr21","29736247","29736536","GL873807","378787","379071","66","29357460"
"chr21","29736938","29737248","GL873592","3504292","3504588","82","26232646"
"chr21","31248299","31248584","GL873807","378787","379071","78","30869512"
"chr21","31387224","31387524","GL873639","638719","639018","88","30748505"
"chr21","32414627","32414865","GL873523","24830084","24830304","87","7584543"
"chr21","32818723","32818933","GL873645","4984041","4984262","63","27834682"
"chr21","32942620","32942921","GL873532","29369734","29370037","83","3572886"
"chr21","33200514","33200805","GL873652","2538738","2539020","72","30661776"
"chr21","33941429","33941693","GL873564","8111869","8112128","81","25829560"
"chr21","34807770","34808056","GL873589","9310653","9310947","76","25497117"
"chr21","34847964","34848131","GL873520","68825999","68826185","58","33978035"
"chr21","35131661","35131938","GL873629","2808739","2809002","70","32322922"
"chr21","35212054","35212348","GL873548","15989743","15990030","77","19222311"
"chr21","35287473","35287772","GL873633","6680180","6680479","76","28607293"
"chr21","35369714","35370010","GL873635","3143338","3143625","83","32226376"
"chr21","35492240","35492533","GL873615","5164234","5164521","80","30328006"
"chr21","35669786","35670082","GL873611","3648898","3649188","84","32020888"
"chr21","35860607","35860905","GL873615","5164234","5164521","71","30696373"
"chr21","36326953","36327120","GL873580","853240","853398","69","35473713"
"chr21","36437285","36437573","GL873807","378787","379071","70","36058498"
"chr21","36536281","36536564","GL873615","5164234","5164521","80","31372047"
"chr21","36612486","36612767","GL873558","11729886","11730160","75","24882600"
"chr21","36695412","36695716","GL873631","1463608","1463909","82","35231804"
"chr21","37057329","37057624","GL873532","29369734","29370037","76","7687595"
"chr21","37061445","37061734","GL873569","5489766","5490051","81","31571679"
"chr21","37271360","37271630","GL873525","43871699","43871974","75","6600339"
"chr21","37291003","37291288","GL873807","378787","379071","77","36912216"
"chr21","37307193","37307464","GL873548","133851","134130","83","37173342"
"chr21","37358939","37359260","GL873532","29369734","29370037","98","7989205"
"chr21","37411326","37411613","GL873807","378787","379071","64","37032539"
"chr21","38248658","38248785","GL873629","3057379","3057506","29","35191279"
"chr21","38536236","38536531","GL873536","6183235","6183517","75","32353001"
"chr21","39447985","39448261","GL873546","5021263","5021515","78","34426722"
"chr21","39544023","39544314","GL873635","3143338","3143625","72","36400685"
"chr21","39593223","39593518","GL873589","9310653","9310947","76","30282570"
"chr21","39679298","39679594","GL873527","33196263","33196548","83","6483035"
"chr21","39724547","39724849","GL873712","758777","759067","79","38965770"
"chr21","40107188","40107349","GL873580","853240","853398","56","39253948"
"chr21","40224929","40225236","GL873807","378787","379071","84","39846142"
"chr21","40264732","40265042","GL873645","923581","923868","75","39341151"
"chr21","40351089","40351163","GL873524","40199622","40199689","21","151467"
"chr21","40483433","40483723","GL873609","1717159","1717438","81","38766274"
"chr21","41044659","41044966","GL873532","29369734","29370037","78","11674925"
"chr21","41096526","41096798","GL873564","8111869","8112128","87","32984657"
"chr21","41290744","41291036","GL873807","378787","379071","77","40911957"
"chr21","41539738","41540026","GL873530","8252980","8253273","80","33286758"
"chr21","41673785","41674079","GL873807","378787","379071","68","41294998"
"chr21","41759519","41759808","GL873807","378787","379071","68","41380732"
"chr21","41856253","41856527","GL873521","50504865","50505108","90","8648612"
"chr21","41918566","41918871","GL873645","923581","923868","81","40994985"
"chr21","43166998","43167288","GL873807","378787","379071","75","42788211"
"chr21","43168691","43168909","GL873639","2243846","2244046","65","40924845"
"chr21","43185414","43185693","GL873653","1770690","1770966","75","41414724"
"chr21","43599744","43600039","GL873712","758777","759067","74","42840967"
"chr21","43616413","43616700","GL873529","2737581","2737856","71","40878832"
"chr21","43788521","43788811","GL873807","378787","379071","71","43409734"
"chr21","44819487","44819771","GL873544","19151818","19152093","78","25667669"
"chr21","45520842","45521129","GL873544","19151818","19152093","85","26369024"
"chr21","45984907","45985193","GL873531","15816402","15816670","80","30168505"
"chr21","46029683","46029983","GL873633","6680180","6680479","72","39349503"
"chr21","46123222","46123507","GL873807","378787","379071","78","45744435"
"chr21","46231627","46231923","GL873538","12351987","12352285","81","33879640"
"chr21","46775357","46775683","GL873712","758777","759067","96","46016580"
"chr21","46814044","46814338","GL873560","5671813","5672100","82","41142231"
"chr21","46855010","46855084","GL873524","40199622","40199689","22","6655388"
"chr21","46985783","46985955","GL873608","3484994","3485156","52","43500789"
"chr21","46994241","46994312","GL873662","1216517","1216580","20","45777724"
"chr21","47039251","47039541","GL873529","17495636","17495928","84","29543615"
"chr21","47608792","47608928","GL873629","3057379","3057506","42","44551413"
"chr21","47655020","47655320","GL873530","8252980","8253273","77","39402040"
"chr21","48045138","48045222","GL873799","235420","235499","24","47809718"
"chr21","48364903","48365089","GL873540","6313666","6313849","61","42051237"
"chr21","48935851","48936160","GL873807","378787","379071","95","48557064"
"chr21","50056933","50057226","GL873652","2538738","2539020","75","47518195"
"chr21","50197157","50197459","GL873712","758777","759067","75","49438380"
"chr21","50277685","50277981","GL873711","600516","600812","83","49677169"
"chr22","189529","189703","GL873608","3484994","3485156","43","3295465"
"chr22","196669","196834","GL873768","208772","208940","46","12103"
"chr22","247586","247890","GL873525","31608445","31608738","87","31360859"
"chr22","306470","306647","GL873536","10089167","10089339","56","9782697"
"chr22","469072","469369","GL873525","31608445","31608738","77","31139373"
"chr22","670211","670400","GL873610","4454076","4454255","73","3783865"
"chr22","761928","762221","GL873807","378787","379071","68","383141"
"chr22","970523","970821","GL873807","378787","379071","72","591736"
"chr22","1015958","1016062","GL873782","254816","254927","41","761142"
"chr22","1256313","1256436","GL873525","6607619","6607730","40","5351306"
"chr22","1358150","1358277","GL873629","3057379","3057506","35","1699229"
"chr22","1381671","1381934","GL873700","784432","784686","74","597239"
"chr22","1412939","1413202","GL873671","1882360","1882615","78","469421"
"chr22","1591973","1592280","GL873531","743580","743873","74","848393"
"chr22","1614942","1615053","GL873525","6607619","6607730","37","4992677"
"chr22","1748743","1748993","GL873618","3344163","3344386","79","1595420"
"chr22","1834649","1834944","GL873561","14329867","14330129","96","12495218"
"chr22","1973335","1973485","GL873619","5715463","5715603","67","3742128"
"chr22","2088724","2089027","GL873532","29369734","29370037","80","27281010"
"chr22","2170822","2170957","GL873537","20439277","20439404","58","18268455"
"chr22","2201051","2201178","GL873629","3057379","3057506","32","856328"
"chr22","2255955","2256242","GL873602","5655744","5656017","78","3399789"
"chr22","2258334","2258629","GL873652","2538738","2539020","71","280404"
"chr22","2367791","2368017","GL873558","5090920","5091134","71","2723129"
"chr22","2375446","2375737","GL873807","378787","379071","75","1996659"
"chr22","2399721","2399880","GL873814","114306","114462","40","2285415"
"chr22","2422964","2423232","GL873561","14329867","14330129","74","11906903"
"chr22","2623152","2623456","GL873531","743580","743873","81","1879572"
"chr22","2645398","2645465","GL873662","1216517","1216580","20","1428881"
"chr22","2666472","2666768","GL873639","638719","639018","69","2027753"
"chr22","3096216","3096508","GL873520","20611705","20612004","82","17515489"
"chr22","3141275","3141573","GL873807","378787","379071","76","2762488"
"chr22","3156347","3156653","GL873532","29369734","29370037","74","26213387"
"chr22","3169392","3169455","GL873662","1216517","1216580","10","1952875"
"chr22","3302361","3302654","GL873645","923581","923868","93","2378780"
"chr22","3408721","3409009","GL873635","3143338","3143625","79","265383"
"chr22","3457373","3457670","GL873807","378787","379071","73","3078586"
"chr22","3493139","3493212","GL873653","3498676","3498727","34","5537"
"chr22","3493486","3493568","GL873526","6493783","6493858","21","3000297"
"chr22","3542672","3542804","GL873563","6278566","6278672","59","2735894"
"chr22","3554636","3554935","GL873532","29369734","29370037","74","25815098"
"chr22","3629443","3629698","GL873685","2961205","2961462","85","668238"
"chr22","3683603","3683911","GL873639","638719","639018","88","3044884"
"chr22","3789600","3789705","GL873578","6246812","6246921","42","2457212"
"chr22","3828163","3828450","GL873536","6183235","6183517","85","2355072"
"chr22","3944716","3945009","GL873525","31608445","31608738","68","27663729"
"chr22","3952606","3952901","GL873592","3504292","3504588","77","448314"
"chr22","3962617","3962910","GL873645","923581","923868","83","3039036"
"chr22","4312460","4312768","GL873545","12502931","12503218","83","8190471"
"chr22","4332239","4332531","GL873526","22863004","22863298","78","18530765"
"chr22","4344408","4344705","GL873611","3648898","3649188","75","695510"
"chr22","4377702","4377832","GL873629","3057379","3057506","30","1320323"
"chr22","4381250","4381551","GL873646","3489451","3489745","83","891799"
"chr22","4579315","4579620","GL873652","2538738","2539020","82","2040577"
"chr22","4592067","4592354","GL873602","5655744","5656017","82","1063677"
"chr22","4919818","4920105","GL873807","378787","379071","84","4541031"
"chr22","5237779","5238076","GL873532","29369734","29370037","81","24131955"
"chr22","5250262","5250361","GL873623","3165346","3165445","26","2084916"
"chr22","5465332","5465632","GL873807","378787","379071","80","5086545"
"chr22","5477979","5478061","GL873623","3165346","3165445","28","2312633"
"chr22","5478869","5479156","GL873807","378787","379071","73","5100082"
"chr22","5536825","5537115","GL873807","378787","379071","75","5158038"
"chr22","5547761","5548054","GL873652","2538738","2539020","73","3009023"
"chr22","5605990","5606281","GL873807","378787","379071","72","5227203"
"chr22","5841762","5841938","GL873608","3484994","3485156","52","2356768"
"chr22","6071711","6072003","GL873560","5671813","5672100","72","399898"
"chr22","6141910","6142202","GL873807","378787","379071","76","5763123"
"chr22","6144035","6144145","GL873520","2151025","2151139","30","3993010"
"chr22","6223355","6223661","GL873532","29369734","29370037","85","23146379"
"chr22","6287069","6287356","GL873807","378787","379071","75","5908282"
"chr22","6626392","6626682","GL873807","378787","379071","72","6247605"
"chr22","6703339","6703421","GL873523","24829332","24829385","39","18125993"
"chr22","6703550","6703688","GL873537","5214225","5214341","45","1489325"
"chr22","6744918","6745220","GL873527","33196263","33196548","77","26451345"
"chr22","6799911","6800091","GL873608","3484994","3485156","57","3314917"
"chr22","6994495","6994810","GL873532","29369734","29370037","83","22375239"
"chr22","7068319","7068629","GL873639","638719","639018","91","6429600"
"chr22","7234199","7234362","GL873608","3484994","3485156","51","3749205"
"chr22","7242900","7243138","GL873533","28073656","28073870","79","20830756"
"chr22","7281539","7281828","GL873592","3504292","3504588","84","3777247"
"chr22","7338601","7338900","GL873536","6183235","6183517","71","1155366"
"chr22","7487344","7487634","GL873531","11880361","11880661","70","4393017"
"chr22","7611229","7611541","GL873531","743580","743873","83","6867649"
"chr22","7708087","7708380","GL873615","5164234","5164521","89","2543853"
"chr22","7940751","7941023","GL873807","378787","379071","77","7561964"
"chr22","8067271","8067564","GL873615","5164234","5164521","76","2903037"
"chr22","8079247","8079540","GL873807","378787","379071","81","7700460"
"chr22","8322823","8323129","GL873531","743580","743873","75","7579243"
"chr22","8352641","8352926","GL873665","1381255","1381541","86","6971386"
"chr22","8621691","8621996","GL873530","8252980","8253273","79","368711"
"chr22","8657020","8657318","GL873532","29369734","29370037","79","20712714"
"chr22","8701577","8701872","GL873525","31608445","31608738","80","22906868"
"chr22","8789070","8789374","GL873531","11880361","11880661","87","3091291"
"chr22","8833101","8833209","GL873623","3165346","3165445","27","5667755"
"chr22","8900553","8900840","GL873615","5164234","5164521","81","3736319"
"chr22","9194002","9194285","GL873548","133851","134130","69","9060151"
"chr22","9218643","9219010","GL873700","779773","780090","133","8438870"
"chr22","9278970","9279262","GL873545","12502931","12503218","87","3223961"
"chr22","9335864","9336162","GL873635","3143338","3143625","78","6192526"
"chr22","9462427","9462590","GL873529","12292919","12293087","73","2830492"
"chr22","9577303","9577447","GL873529","9635583","9635702","65","58280"
"chr22","9635756","9636046","GL873807","378787","379071","62","9256969"
"chr22","9653725","9654000","GL873544","19151818","19152093","70","9498093"
"chr22","9749844","9749911","GL873606","413534","413591","24","9336310"
"chr22","9750011","9750110","GL873698","2270983","2271091","39","7479028"
"chr22","9760008","9760242","GL873523","24830084","24830304","72","15070076"
"chr22","9889561","9889831","GL873530","24066432","24066694","81","14176871"
"chr22","9908384","9908538","GL873573","561846","562000","52","9346538"
"chr22","9965515","9965828","GL873712","758777","759067","98","9206738"
"chr22","10130323","10130624","GL873536","6183235","6183517","86","3947088"
"chr22","10131033","10131338","GL873807","378787","379071","85","9752246"
"chr22","10347874","10348155","GL873615","5164234","5164521","79","5183640"
"chr22","10386612","10386902","GL873807","378787","379071","87","10007825"
"chr22","10573261","10573533","GL873526","17185395","17185660","67","6612134"
"chr22","10772750","10772812","GL873537","28066052","28066115","13","17293302"
"chr22","10802815","10803113","GL873532","29369734","29370037","72","18566919"
"chr22","10816302","10816603","GL873532","29369734","29370037","81","18553432"
"chr22","10890656","10890956","GL873532","29369734","29370037","78","18479078"
"chr22","11239901","11240195","GL873635","3143338","3143625","71","8096563"
"chr22","11258097","11258385","GL873623","7055444","7055732","75","4202653"
"chr22","11362534","11362823","GL873536","6183235","6183517","75","5179299"
"chr22","11512508","11512778","GL873539","25522195","25522485","85","14009687"
"chr22","11581514","11581800","GL873526","22863004","22863298","74","11281490"
"chr22","11603003","11603283","GL873545","12502931","12503218","88","899928"
"chr22","11648795","11649086","GL873807","378787","379071","69","11270008"
"chr22","11725330","11725629","GL873652","2538738","2539020","76","9186592"
"chr22","11805982","11806276","GL873520","23993282","23993576","81","12187300"
"chr22","11842476","11842773","GL873583","5217241","5217516","76","6625235"
"chr22","11998420","11998711","GL873532","29369734","29370037","80","17371314"
"chr22","12426457","12426625","GL873728","590192","590366","53","11836265"
"chr22","12492449","12492512","GL873662","1216517","1216580","12","11275932"
"chr22","12505547","12505847","GL873615","2242583","2242882","75","10262964"
"chr22","12578368","12578680","GL873545","12502931","12503218","77","75437"
"chr22","12613925","12614225","GL873611","4410882","4411174","83","8203043"
"chr22","12751845","12752137","GL873533","16134333","16134623","77","3382488"
"chr22","12812917","12813199","GL873526","11694917","11695169","79","1118000"
"chr22","12946857","12947165","GL873807","378787","379071","96","12568070"
"chr22","12983505","12983794","GL873623","7055444","7055732","80","5928061"
"chr22","13084005","13084293","GL873615","5164234","5164521","74","7919771"
"chr22","13103418","13103700","GL873531","15816402","15816670","77","2712984"
"chr22","13112711","13112789","GL873780","151869","151943","23","12960842"
"chr22","13153173","13153471","GL873807","378787","379071","64","12774386"
"chr22","13306603","13306742","GL873629","3057379","3057506","38","10249224"
"chr22","13307262","13307387","GL873572","8086416","8086544","52","5220846"
"chr22","13314094","13314233","GL873619","5715463","5715603","49","7598631"
"chr22","13504840","13505139","GL873532","29369734","29370037","68","15864894"
"chr22","13572098","13572391","GL873807","378787","379071","79","13193311"
"chr22","13736356","13736682","GL873531","743580","743873","101","12992776"
"chr22","13743150","13743449","GL873712","758777","759067","77","12984373"
"chr22","13746788","13747041","GL873671","1882360","1882615","61","11864428"
"chr22","13782332","13782569","GL873618","3344163","3344386","80","10438169"
"chr22","13809310","13809576","GL873637","4322064","4322316","85","9487246"
"chr22","14054656","14054878","GL873645","4984041","4984262","62","9070615"
"chr22","14285793","14286090","GL873652","2538738","2539020","78","11747055"
"chr22","14328335","14328461","GL873529","9635583","9635702","42","4692752"
"chr22","14367345","14367656","GL873532","29369734","29370037","78","15002389"
"chr22","14599254","14599504","GL873522","19115246","19115490","65","4515992"
"chr22","14633869","14634169","GL873553","1912528","1912825","77","12721341"
"chr22","14714422","14714640","GL873523","24830084","24830304","58","10115662"
"chr22","14906459","14906754","GL873807","378787","379071","94","14527672"
"chr22","15128147","15128303","GL873814","114306","114462","52","15013841"
"chr22","15304057","15304341","GL873807","378787","379071","76","14925270"
"chr22","15448708","15449001","GL873807","378787","379071","70","15069921"
"chr22","15494222","15494522","GL873633","6680180","6680479","77","8814042"
"chr22","15505933","15506230","GL873639","638719","639018","85","14867214"
"chr22","15541982","15542270","GL873589","9310653","9310947","83","6231329"
"chr22","15627223","15627515","GL873531","15816402","15816670","92","189179"
"chr22","15835167","15835470","GL873532","29369734","29370037","81","13534567"
"chr22","15877778","15878069","GL873807","378787","379071","74","15498991"
"chr22","15926897","15927197","GL873592","3504292","3504588","84","12422605"
"chr22","16004189","16004465","GL873652","2538738","2539020","72","13465451"
"chr22","16110492","16110775","GL873536","6183235","6183517","80","9927257"
"chr22","16137249","16137536","GL873635","3143338","3143625","74","12993911"
"chr22","16176108","16176408","GL873520","23993282","23993576","83","7817174"
"chr22","16464045","16464354","GL873532","29369734","29370037","80","12905689"
"chr22","16482815","16483109","GL873532","29369734","29370037","81","12886919"
"chr22","16483124","16483437","GL873532","29369734","29370037","82","12886610"
"chr22","16495906","16496033","GL873629","3057379","3057506","31","13438527"
"chr22","16514114","16514367","GL873534","6499556","6499790","76","10014558"
"chr22","16611743","16612062","GL873530","8252980","8253273","94","8358763"
"chr22","16794605","16794899","GL873592","3504292","3504588","92","13290313"
"chr22","16798763","16799049","GL873807","378787","379071","63","16419976"
"chr22","16840517","16840792","GL873544","19151818","19152093","78","2311301"
"chr22","17182552","17182843","GL873539","25522195","25522485","82","8339643"
"chr22","17251278","17251575","GL873807","378787","379071","77","16872491"
"chr22","17403864","17404163","GL873712","758777","759067","78","16645087"
"chr22","17463002","17463292","GL873645","923581","923868","71","16539421"
"chr22","17575120","17575411","GL873712","758777","759067","68","16816343"
"chr22","17920593","17920778","GL873744","926494","926690","53","16994099"
"chr22","17937248","17937548","GL873531","15816402","15816670","90","2120846"
"chr22","18879046","18879213","GL873728","590192","590366","46","18288854"
"chr22","19151509","19151805","GL873615","5164234","5164521","78","13987275"
"chr22","19610196","19610485","GL873523","21098831","21099120","92","1488635"
"chr22","19664560","19664822","GL873542","9537125","9537397","76","10127435"
"chr22","19781603","19781882","GL873526","39377313","39377594","92","19595710"
"chr22","19787698","19787950","GL873569","11251153","11251422","88","8536545"
"chr22","19823609","19823693","GL873524","40199622","40199689","27","20376013"
"chr22","19830631","19830805","GL873608","3484994","3485156","55","16345637"
"chr22","19990498","19990808","GL873530","8252980","8253273","87","11737518"
"chr22","20304877","20305168","GL873526","44043","44310","75","20260834"
"chr22","20352476","20352779","GL873532","29369734","29370037","83","9017258"
"chr22","20407021","20407314","GL873533","16134333","16134623","75","4272688"
"chr22","20429670","20429947","GL873579","1773131","1773405","79","18656539"
"chr22","20498502","20498744","GL873523","24830084","24830304","76","4331582"
"chr22","20740259","20740414","GL873573","561846","562000","42","20178413"
"chr22","20937067","20937355","GL873807","378787","379071","66","20558280"
"chr22","21090938","21091235","GL873615","2242583","2242882","81","18848355"
"chr22","21133528","21133810","GL873635","3143338","3143625","77","17990190"
"chr22","21164946","21165133","GL873587","2344327","2344496","70","18820619"
"chr22","21165872","21166004","GL873534","6310704","6310826","37","14855168"
"chr22","21221823","21222127","GL873532","29369734","29370037","82","8147911"
"chr22","21340264","21340564","GL873615","2242583","2242882","84","19097681"
"chr22","21350860","21351116","GL873526","44043","44310","74","21306817"
"chr22","21372526","21372703","GL873552","11439967","11440139","62","9932559"
"chr22","21410309","21410609","GL873589","9310653","9310947","77","12099656"
"chr22","21548927","21549222","GL873807","378787","379071","79","21170140"
"chr22","21710502","21710766","GL873585","115904","116160","86","21594598"
"chr22","21738439","21738730","GL873807","378787","379071","76","21359652"
"chr22","22951590","22951888","GL873525","31608445","31608738","79","8656855"
"chr22","23221228","23221532","GL873531","743580","743873","77","22477648"
"chr22","23251384","23251683","GL873531","743580","743873","78","22507804"
"chr22","23731132","23731438","GL873635","3143338","3143625","89","20587794"
"chr22","23849450","23849744","GL873652","2538738","2539020","66","21310712"
"chr22","23873737","23874025","GL873592","3504292","3504588","73","20369445"
"chr22","24287657","24287947","GL873615","2242583","2242882","76","22045074"
"chr22","24330704","24330981","GL873564","8111869","8112128","83","16218835"
"chr22","24411359","24411657","GL873589","9310653","9310947","79","15100706"
"chr22","24722253","24722553","GL873530","8252980","8253273","74","16469273"
"chr22","25332321","25332614","GL873807","378787","379071","84","24953534"
"chr22","26435505","26435762","GL873527","27812855","27813090","84","1377350"
"chr22","26754381","26754669","GL873807","378787","379071","72","26375594"
"chr22","26781369","26781640","GL873560","1046330","1046605","74","25735039"
"chr22","26946779","26946848","GL873524","40199622","40199689","18","13252843"
"chr22","27300572","27300871","GL873532","29369734","29370037","74","2069162"
"chr22","27513048","27513327","GL873589","9310653","9310947","80","18202395"
"chr22","27522445","27522734","GL873807","378787","379071","67","27143658"
"chr22","27554690","27554999","GL873633","6680180","6680479","76","20874510"
"chr22","27572749","27573055","GL873615","2242583","2242882","84","25330166"
"chr22","27652189","27652447","GL873564","8111869","8112128","68","19540320"
"chr22","27716135","27716425","GL873645","923581","923868","79","26792554"
"chr22","28288836","28288988","GL873520","2151025","2151139","62","26137811"
"chr22","28289140","28289270","GL873629","3057379","3057506","28","25231761"
"chr22","28464715","28465028","GL873548","18432867","18433143","94","10031848"
"chr22","28739121","28739410","GL873592","3504292","3504588","78","25234829"
"chr22","28876474","28876781","GL873639","638719","639018","77","28237755"
"chr22","29227611","29227901","GL873615","2242583","2242882","78","26985028"
"chr22","29408113","29408393","GL873807","378787","379071","68","29029326"
"chr22","29638101","29638214","GL873525","6607619","6607730","30","23030482"
"chr22","29706704","29707000","GL873711","600516","600812","84","29106188"
"chr22","29875738","29876028","GL873807","378787","379071","67","29496951"
"chr22","30008624","30008927","GL873807","378787","379071","90","29629837"
"chr22","30572984","30573257","GL873807","378787","379071","80","30194197"
"chr22","30574392","30574681","GL873564","7862152","7862443","80","22712240"
"chr22","30740417","30740709","GL873635","3143338","3143625","68","27597079"
"chr22","30766438","30766516","GL873799","235420","235499","26","30531018"
"chr22","31019930","31020270","GL873560","1046330","1046605","121","29973600"
"chr22","31027331","31027626","GL873589","9310653","9310947","77","21716678"
"chr22","31233507","31233647","GL873529","9635583","9635702","65","21597924"
"chr22","31285550","31285857","GL873615","2242583","2242882","76","29042967"
"chr22","31452365","31452440","GL873623","3165346","3165445","32","28287019"
"chr22","31549172","31549473","GL873652","2538738","2539020","76","29010434"
"chr22","31554839","31555155","GL873615","2242583","2242882","84","29312256"
"chr22","31586391","31586693","GL873807","378787","379071","86","31207604"
"chr22","31845955","31846245","GL873807","378787","379071","83","31467168"
"chr22","31944748","31944862","GL873525","6607619","6607730","26","25337129"
"chr22","31945288","31945396","GL873572","8086416","8086544","51","23858872"
"chr22","31992375","31992502","GL873548","16247733","16247866","34","15744642"
"chr22","32129130","32129416","GL873635","3143338","3143625","74","28985792"
"chr22","32164960","32165105","GL873572","8086416","8086544","49","24078544"
"chr22","32307975","32308264","GL873557","10602774","10603071","78","21705201"
"chr22","32663968","32664252","GL873534","15455935","15456215","80","17208033"
"chr22","32692198","32692434","GL873521","26887161","26887416","91","5805037"
"chr22","32851430","32851688","GL873531","15816402","15816670","82","17035028"
"chr22","33413582","33413870","GL873807","378787","379071","74","33034795"
"chr22","33467919","33468180","GL873531","15816402","15816670","73","17651517"
"chr22","33542289","33542524","GL873523","24830084","24830304","61","8712205"
"chr22","33789848","33790148","GL873520","20611705","20612004","75","13178143"
"chr22","34207851","34207955","GL873563","6278566","6278672","45","27929285"
"chr22","34749676","34749961","GL873530","8252980","8253273","82","26496696"
"chr22","35226051","35226358","GL873592","3504292","3504588","81","31721759"
"chr22","35247274","35247570","GL873532","29369734","29370037","77","5877540"
"chr22","35366338","35366627","GL873807","378787","379071","70","34987551"
"chr22","35991810","35992105","GL873532","29369734","29370037","85","6622076"
"chr22","36078324","36078609","GL873696","323840","324122","83","35754484"
"chr22","36196358","36196632","GL873592","3504292","3504588","80","32692066"
"chr22","36334242","36334518","GL873525","43871699","43871974","83","7537457"
"chr22","36699215","36699517","GL873538","12351987","12352285","77","24347228"
"chr22","36718497","36718806","GL873530","8252980","8253273","84","28465517"
"chr22","36747379","36747594","GL873731","1122838","1123027","63","35624541"
"chr22","36749954","36750262","GL873711","600516","600812","84","36149438"
"chr22","36987243","36987441","GL873525","32888135","32888322","71","4099108"
"chr22","37046245","37046448","GL873649","2198171","2198363","61","34848074"
"chr22","37057147","37057421","GL873525","43871699","43871974","72","6814552"
"chr22","37080404","37080708","GL873615","2242583","2242882","68","34837821"
"chr22","37109379","37109682","GL873532","29369734","29370037","68","7739645"
"chr22","37210574","37210666","GL873738","274991","275089","39","36935583"
"chr22","37211102","37211161","GL873537","28066052","28066115","16","9145050"
"chr22","37300107","37300338","GL873523","24830084","24830304","64","12470023"
"chr22","37456104","37456397","GL873525","31608445","31608738","79","5847659"
"chr22","37555376","37555674","GL873652","2538738","2539020","79","35016638"
"chr22","37633164","37633313","GL873580","853240","853398","57","36779924"
"chr22","37685540","37685660","GL873603","2673070","2673193","44","35012470"
"chr22","37689639","37689771","GL873563","6278566","6278672","61","31411073"
"chr22","38284466","38284760","GL873611","3648898","3649188","75","34635568"
"chr22","38369272","38369561","GL873558","11729886","11730160","72","26639386"
"chr22","38682393","38682682","GL873807","378787","379071","71","38303606"
"chr22","38822416","38822710","GL873560","5671813","5672100","78","33150603"
"chr22","38856253","38856544","GL873807","378787","379071","67","38477466"
"chr22","39202774","39203003","GL873533","28073656","28073870","92","11129118"
"chr22","39223166","39223450","GL873807","378787","379071","80","38844379"
"chr22","39525708","39525787","GL873526","6493783","6493858","42","33031925"
"chr22","39686555","39686844","GL873615","2242583","2242882","76","37443972"
"chr22","39704017","39704301","GL873615","5164234","5164521","92","34539783"
"chr22","39763471","39763771","GL873589","9310653","9310947","76","30452818"
"chr22","39778368","39778632","GL873537","26407623","26407869","79","13370745"
"chr22","39781325","39781629","GL873531","743580","743873","84","39037745"
"chr22","39801310","39801608","GL873615","2242583","2242882","72","37558727"
"chr22","40000262","40000535","GL873617","5505209","5505476","83","34495053"
"chr22","40003940","40004111","GL873587","2344327","2344496","48","37659613"
"chr22","40218281","40218567","GL873807","378787","379071","72","39839494"
"chr22","40273479","40273767","GL873807","378787","379071","75","39894692"
"chr22","40335879","40336107","GL873664","3452535","3452748","66","36883344"
"chr22","40343929","40344216","GL873615","5164234","5164521","71","35179695"
"chr22","40447408","40447699","GL873645","923581","923868","84","39523827"
"chr22","40529063","40529363","GL873633","6680180","6680479","80","33848883"
"chr22","40634330","40634640","GL873531","743580","743873","83","39890750"
"chr22","40707073","40707378","GL873633","6680180","6680479","75","34026893"
"chr22","40710482","40710776","GL873635","3143338","3143625","76","37567144"
"chr22","40726682","40726924","GL873534","6499556","6499790","75","34227126"
"chr22","40835785","40836078","GL873807","378787","379071","71","40456998"
"chr22","40856696","40856980","GL873529","2737581","2737856","82","38119115"
"chr22","40974632","40974857","GL873603","3472302","3472505","86","37502330"
"chr22","41057629","41057919","GL873807","378787","379071","76","40678842"
"chr22","41168539","41168816","GL873526","17185395","17185660","77","23983144"
"chr22","41419566","41419828","GL873671","1882360","1882615","84","39537206"
"chr22","41422167","41422318","GL873610","7088038","7088189","54","34334129"
"chr22","41595079","41595374","GL873527","33196263","33196548","68","8398816"
"chr22","41664934","41665222","GL873645","923581","923868","82","40741353"
"chr22","41668133","41668318","GL873728","590192","590366","59","41077941"
"chr22","41693680","41693961","GL873580","3276777","3277037","84","38416903"
"chr22","41859164","41859500","GL873531","11880361","11880661","109","29978803"
"chr22","41860354","41860442","GL873799","235420","235499","26","41624934"
"chr22","41980132","41980427","GL873646","3489451","3489745","75","38490681"
"chr22","41987804","41987873","GL873662","1216517","1216580","18","40771287"
"chr22","42037642","42037937","GL873652","2538738","2539020","75","39498904"
"chr22","42122629","42122921","GL873635","3143338","3143625","72","38979291"
"chr22","42177945","42178253","GL873531","743580","743873","75","41434365"
"chr22","42267546","42267821","GL873520","70969998","70970267","84","28702452"
"chr22","42360386","42360651","GL873582","8128619","8128894","86","34231767"
"chr22","42566713","42567013","GL873532","29369734","29370037","72","13196979"
"chr22","42610090","42610402","GL873615","2242583","2242882","81","40367507"
"chr22","42726283","42726567","GL873530","8252980","8253273","77","34473303"
"chr22","43125692","43125987","GL873807","378787","379071","66","42746905"
"chr22","43470260","43470551","GL873712","758777","759067","79","42711483"
"chr22","43907963","43908215","GL873561","14329867","14330129","74","29578096"
"chr22","44011943","44012236","GL873615","5164234","5164521","96","38847709"
"chr22","44012643","44012938","GL873807","378787","379071","78","43633856"
"chr22","44019344","44019635","GL873583","5217241","5217516","105","38802103"
"chr22","44132569","44132862","GL873531","11880361","11880661","85","32252208"
"chr22","44149001","44149306","GL873532","29369734","29370037","94","14779267"
"chr22","44150918","44151001","GL873780","151869","151943","30","43999049"
"chr22","44166589","44166868","GL873645","923581","923868","95","43243008"
"chr22","44225895","44226172","GL873526","11694917","11695169","93","32530978"
"chr22","44327459","44327736","GL873544","21012867","21013121","83","23314592"
"chr22","44347165","44347456","GL873592","3504292","3504588","73","40842873"
"chr22","44426243","44426307","GL873662","1216517","1216580","8","43209726"
"chr22","44533038","44533238","GL873762","776077","776256","77","43756961"
"chr22","44625326","44625404","GL873780","151869","151943","27","44473457"
"chr22","44743822","44744115","GL873639","638719","639018","80","44105103"
"chr22","44772243","44772537","GL873533","16134333","16134623","80","28637910"
"chr22","44824793","44824953","GL873610","7088038","7088189","56","37736755"
"chr22","44884772","44885082","GL873526","22863004","22863298","98","22021768"
"chr22","44950358","44950649","GL873534","15455935","15456215","85","29494423"
"chr22","44990085","44990258","GL873536","10089167","10089339","55","34900918"
"chr22","44993848","44994147","GL873807","378787","379071","82","44615061"
"chr22","45020465","45020533","GL873662","1216517","1216580","14","43803948"
"chr22","45023594","45023899","GL873592","3504292","3504588","78","41519302"
"chr22","45060136","45060183","GL873585","1653672","1653707","18","43406464"
"chr22","45087948","45088113","GL873536","10089167","10089339","47","34998781"
"chr22","45138471","45138545","GL873662","1216517","1216580","21","43921954"
"chr22","45169045","45169320","GL873526","17185395","17185660","78","27983650"
"chr22","45538544","45538839","GL873807","378787","379071","78","45159757"
"chr22","45871787","45872066","GL873531","15816402","15816670","76","30055385"
"chr22","45916645","45916957","GL873520","20611705","20612004","81","25304940"
"chr22","45935896","45936200","GL873615","2242583","2242882","71","43693313"
"chr22","45967266","45967565","GL873623","7055444","7055732","82","38911822"
"chr22","46011341","46011557","GL873523","24830084","24830304","62","21181257"
"chr22","46031802","46031845","GL873585","1653672","1653707","14","44378130"
"chr22","46049752","46050047","GL873592","3504292","3504588","76","42545460"
"chr22","46343942","46344155","GL873520","68825999","68826185","59","22482057"
"chr22","46363721","46363996","GL873561","14329867","14330129","80","32033854"
"chr22","46579195","46579492","GL873652","2538738","2539020","69","44040457"
"chr22","46652038","46652323","GL873635","3143338","3143625","87","43508700"
"chr22","46701660","46701889","GL873523","24830084","24830304","69","21871576"
"chr22","46734558","46734866","GL873589","9310653","9310947","82","37423905"
"chr22","46755056","46755407","GL873537","28253996","28254310","111","18501060"
"chr22","46769597","46769893","GL873527","33196263","33196548","79","13573334"
"chr22","46840165","46840446","GL873807","378787","379071","73","46461378"
"chr22","46878628","46878793","GL873728","590192","590366","58","46288436"
"chr22","47648430","47648600","GL873608","3484994","3485156","54","44163436"
"chr22","47738578","47738871","GL873807","378787","379071","78","47359791"
"chr22","47963534","47963824","GL873579","5947173","5947436","77","42016361"
"chr22","47979517","47979680","GL873814","114306","114462","45","47865211"
"chr22","48278164","48278455","GL873807","378787","379071","70","47899377"
"chr22","48307293","48307573","GL873807","378787","379071","74","47928506"
"chr22","48359479","48359546","GL873662","1216517","1216580","21","47142962"
"chr22","48422329","48422608","GL873544","19151818","19152093","71","29270511"
"chr22","48782290","48782544","GL873637","4322064","4322316","82","44460226"
"chr22","48842166","48842467","GL873539","25522195","25522485","85","23319971"
"chr22","48904246","48904535","GL873533","16134333","16134623","78","32769913"
"chr22","48969300","48969604","GL873633","6680180","6680479","79","42289120"
"chrUn_GL286212","77193","77536","GL873700","779773","780090","113","702580"
"chrUn_GL286214","54287","54370","GL873523","24829332","24829385","35","24775045"
"chrUn_GL286214","54371","54478","GL873525","6607619","6607730","36","6553248"
"chrUn_GL286214","73571","73862","GL873615","5164234","5164521","74","5090663"
"chrUn_GL286217","21118","21397","GL873807","378787","379071","77","357669"
"chrUn_GL286217","96008","96316","GL873633","6680180","6680479","93","6584172"
"chrUn_GL286217","98270","98485","GL873654","829106","829286","77","730836"
"chrUn_GL286223","25818","25976","GL873814","114306","114462","35","88488"
"chrUn_GL286223","58217","58518","GL873530","8252980","8253273","78","8194763"
"chrUn_GL286224","9488","9645","GL873610","7088038","7088189","52","7078550"
"chrUn_GL286227","142698","142996","GL873615","5164234","5164521","80","5021536"
"chrUn_GL286227","168823","169160","GL873531","743580","743873","109","574757"
"chrUn_GL286230","4224","4348","GL873529","9635583","9635702","53","9631359"
"chrUn_GL286238","30592","30883","GL873543","21140344","21140627","81","21109752"
"chrUn_GL286239","56321","56564","GL873546","5021263","5021515","79","4964942"
"chrUn_GL286243","71245","71530","GL873807","378787","379071","66","307542"
"chrUn_GL286243","72472","72764","GL873605","211678","211971","72","139206"
"chrUn_GL286243","74070","74349","GL873711","600516","600812","80","526446"
"chrUn_GL286246","57741","57887","GL873572","8292948","8293070","53","8235207"
"chrUn_GL286249","34531","34831","GL873652","2538738","2539020","79","2504207"
"chrUn_GL286252","29779","29902","GL873529","9635583","9635702","53","9605804"
"chrUn_GL286254","27600","27883","GL873544","19151818","19152093","74","19124218"
"chrUn_GL286257","18106","18416","GL873532","29369734","29370037","91","29351628"
"chrUn_GL286260","17534","17807","GL873534","15455935","15456215","84","15438401"
"chrUn_GL286260","20232","20570","GL873548","15989743","15990030","99","15969511"
"chrUn_GL286264","35535","35842","GL873532","29369734","29370037","75","29334199"
"chrUn_GL286267","25189","25316","GL873629","3057379","3057506","34","3032190"
"chrUn_GL286269","11840","12119","GL873807","378787","379071","79","366947"
"chrUn_GL286269","21019","21309","GL873646","917757","918050","82","896738"
"chrUn_GL286273","19609","19913","GL873532","29369734","29370037","81","29350125"
"chrUn_GL286276","49284","49575","GL873807","378787","379071","76","329503"
"chrUn_GL286277","11040","11337","GL873589","9310653","9310947","71","9299613"
"chrUn_GL286287","11823","12108","GL873807","378787","379071","80","366964"
"chrUn_GL286288","11523","11741","GL873540","6313666","6313849","89","6302143"
"chrUn_GL286288","26937","27151","GL873529","36402715","36402892","88","36375778"
"chrUn_GL286288","29198","29349","GL873520","2151025","2151139","68","2121827"
"chrUn_GL286290","16331","16626","GL873652","2538738","2539020","72","2522407"
"chrUn_GL286293","33293","33516","GL873520","30119082","30119327","90","30085789"
"chrUn_GL286296","23131","23426","GL873807","378787","379071","72","355656"
"chrUn_GL286297","27833","28105","GL873585","115904","116160","80","88071"
"chrUn_GL286300","7825","8132","GL873531","743580","743873","92","735755"
"chrUn_GL286300","36185","36462","GL873652","2538738","2539020","76","2502553"
"chrUn_GL286305","3759","3938","GL873608","3484994","3485156","57","3481235"
"chrUn_GL286316","28497","28748","GL873671","1882360","1882615","72","1853863"
"chrUn_GL286320","1798","2098","GL873520","20611705","20612004","82","20609907"
"chrUn_GL286321","22610","22825","GL873558","5090920","5091134","87","5068310"
"chrUn_GL286322","11999","12256","GL873558","11729886","11730160","82","11717887"
"chrUn_GL286326","21422","21513","GL873523","24829332","24829385","44","24807910"
"chrUn_GL286333","5535","5821","GL873560","5671813","5672100","80","5666278"
"chrUn_GL286340","4675","4853","GL873608","3484994","3485156","59","3480319"
"chrUn_GL286341","8859","9054","GL873728","590192","590366","65","581333"
"chrUn_GL286348","18823","19126","GL873639","638719","639018","76","619896"
"chrUn_GL286366","14302","14592","GL873531","11880361","11880661","77","11866059"
"chrUn_GL286370","1355","1654","GL873615","2242583","2242882","82","2241228"
"chrUn_GL286372","11866","12164","GL873545","12502931","12503218","76","12491065"
"chrUn_GL286373","184158","184430","GL873544","19151818","19152093","81","18967660"
"chrUn_GL286373","195525","195816","GL873807","378787","379071","74","183262"
"chrUn_GL286373","356665","356936","GL873673","4474890","4475153","85","4118225"
"chrUn_GL286373","494933","495235","GL873645","923581","923868","74","428648"
"chrUn_GL286373","642734","643029","GL873807","378787","379071","78","263947"
"chrUn_GL286373","858745","859042","GL873592","3504292","3504588","72","2645547"
"chrUn_GL286373","926975","927260","GL873712","758777","759067","84","168198"
"chrUn_GL286373","950587","950878","GL873652","2538738","2539020","69","1588151"
"chrUn_GL286373","1022202","1022498","GL873592","3504292","3504588","81","2482090"
"chrUn_GL286373","1247765","1248061","GL873592","3504292","3504588","87","2256527"
"chrUn_GL286373","1494025","1494301","GL873520","70969998","70970267","74","69475973"
"chrUn_GL286373","1496346","1496636","GL873530","8252980","8253273","83","6756634"
"chrUn_GL286373","1511777","1512036","GL873671","1882360","1882615","74","370583"
"chrUn_GL286373","1527094","1527378","GL873564","12230896","12231176","77","10703802"
"chrUn_GL286373","1717251","1717533","GL873615","5164234","5164521","80","3446983"
"chrUn_GL286373","1762142","1762435","GL873652","2538738","2539020","75","776596"
"chrUn_GL286376","366","655","GL873615","5164234","5164521","78","5163868"
"chrUn_GL286397","23733","24031","GL873592","3504292","3504588","73","3480559"
"chrUn_GL286397","261214","261346","GL873629","3057379","3057506","32","2796165"
"chrUn_GL286397","424363","424630","GL873561","14329867","14330129","81","13905504"
"chrUn_GL286397","523420","523718","GL873712","758777","759067","77","235357"
"chrUn_GL286397","749289","749572","GL873807","378787","379071","75","370502"
"chrUn_GL286397","1251598","1251886","GL873525","31608445","31608738","81","30356847"
"chrUn_GL286397","1264513","1264763","GL873520","70969998","70970267","76","69705485"
"chrUn_GL286400","533110","533407","GL873548","15989743","15990030","85","15456633"
"chrUn_GL286400","719857","720125","GL873582","8128619","8128894","80","7408762"
"chrUn_GL286400","746744","747041","GL873532","29369734","29370037","80","28622990"
"chrUn_GL286400","1036130","1036420","GL873807","378787","379071","98","657343"
"chrUn_GL286400","1120052","1120334","GL873526","11694917","11695169","101","10574865"
"chrUn_GL286400","1159306","1159576","GL873536","6183235","6183517","85","5023929"
"chrUn_GL286400","1213938","1214244","GL873522","6932627","6932928","83","5718689"
"chrUn_GL286403","4234","4450","GL873558","5090920","5091134","88","5086686"
"chrUn_GL286405","2986","3284","GL873525","31608445","31608738","73","31605459"
"chrUn_GL286411","9825","10122","GL873560","1046330","1046605","75","1036505"
"chrUn_GL286420","91966","92257","GL873615","5164234","5164521","73","5072268"
"chrUn_GL286420","165309","165598","GL873807","378787","379071","69","213478"
"chrUn_GL286420","232825","233098","GL873615","5164234","5164521","73","4931409"
"chrUn_GL286420","438106","438389","GL873524","24967244","24967515","83","24529138"
"chrUn_GL286420","551133","551429","GL873615","2242583","2242882","77","1691450"
"chrUn_GL286425","6947","7219","GL873648","3742434","3742707","87","3735487"
"chrUn_GL286426","453818","454083","GL873538","4784269","4784514","88","4330451"
"chrUn_GL286437","21730","21909","GL873608","3484994","3485156","56","3463264"
"chrUn_GL286438","54310","54429","GL873525","6607619","6607730","34","6553309"
"chrUn_GL286439","34024","34319","GL873646","3489451","3489745","78","3455427"
"chrUn_GL286439","83554","83869","GL873532","29369734","29370037","88","29286180"
"chrUn_GL286442","430287","430556","GL873544","19151818","19152093","78","18721531"
"chrUn_GL286444","99083","99225","GL873563","6278566","6278672","69","6179483"
"chrUn_GL286444","108008","108208","GL873668","1632691","1632893","53","1524683"
"chrUn_GL286451","25094","25403","GL873531","743580","743873","82","718486"
"chrUn_GL286451","162105","162158","GL873548","7943503","7943547","19","7781398"
"chrUn_GL286451","200789","201079","GL873646","3489451","3489745","74","3288662"
"chrUn_GL286451","336897","337178","GL873807","378787","379071","80","41890"
"chrUn_GL286451","472629","472900","GL873544","21012867","21013121","64","20540238"
"chrUn_GL286452","7183","7480","GL873807","378787","379071","75","371604"
"chrUn_GL286453","5499","5812","GL873532","29369734","29370037","84","29364235"
"chrUn_GL286453","8843","9061","GL873558","5090920","5091134","87","5082077"
"chrUn_GL286453","65174","65477","GL873615","5164234","5164521","89","5099060"
"chrUn_GL286453","93539","93820","GL873807","378787","379071","70","285248"
"chrUn_GL286454","112690","112994","GL873536","6183235","6183517","91","6070545"
"chrUn_GL286459","33295","33608","GL873615","2242583","2242882","84","2209288"
"chrUn_GL286460","100279","100411","GL873629","3057379","3057506","33","2957100"
"chrUn_GL286464","92054","92357","GL873712","758777","759067","73","666723"
"chrUn_GL286464","92777","93084","GL873639","638719","639018","82","545942"
"chrUn_GL286467","86250","86548","GL873615","5164234","5164521","75","5077984"
"chrUn_GL286467","105728","105849","GL873529","9635583","9635702","53","9529855"
"chrUn_GL286475","56189","56491","GL873525","31608445","31608738","77","31552256"
"chrUn_GL286476","55489","55774","GL873530","8252980","8253273","94","8197491"
"chrUn_GL286479","59052","59340","GL873615","5164234","5164521","79","5105182"
"chrUn_GL286484","8465","8596","GL873548","16247733","16247866","55","16239268"
"chrUn_GL286487","5226","5443","GL873683","490677","490883","67","485451"
"chrUn_GL286508","44398","44490","GL873606","413534","413591","47","369136"
"chrUn_GL286538","883","1186","GL873639","638719","639018","79","637836"
"chrUn_GL286540","28715","28885","GL873536","10089167","10089339","51","10060452"
"chrUn_GL286546","15831","15984","GL873610","7088038","7088189","46","7072207"
"chrUn_GL286550","32017","32302","GL873635","3143338","3143625","81","3111321"
"chrUn_GL286570","20595","20810","GL873558","5090920","5091134","88","5070325"
"chrUn_GL286575","5350","5572","GL873607","468681","468880","89","463331"
"chrUn_GL286583","1328","1490","GL873610","7088038","7088189","48","7086710"
"chrUn_GL286609","2241","2456","GL873744","926494","926690","87","924253"
"chrUn_GL286610","18358","18635","GL873615","5164234","5164521","89","5145876"
"chrUn_GL286616","5342","5460","GL873606","6040743","6040839","53","6035401"
"chrUn_GL286617","7029","7316","GL873561","14329867","14330129","89","14322838"
"chrUn_GL286728","5471","5754","GL873520","70969998","70970267","85","70964527"
"chrUn_GL286738","1717","1870","GL873610","7088038","7088189","47","7086321"
"chrUn_GL286743","12625","12915","GL873623","7055444","7055732","90","7042819"
"chrUn_GL286757","7532","7749","GL873558","5090920","5091134","56","5083388"
"chrUn_GL286757","8020","8103","GL873799","235420","235499","24","227400"
"chrUn_GL286779","140","223","GL873799","235420","235499","24","235280"
"chrUn_GL286779","494","711","GL873558","5090920","5091134","58","5090426"
"chrUn_GL286789","5056","5271","GL873558","5090920","5091134","87","5085864"
"chrUn_GL286832","4221","4498","GL873561","14329867","14330129","92","14325646"
"chrUn_GL286843","4186","4417","GL873645","4984041","4984262","66","4979855"
"chrUn_GL286957","419","727","GL873530","8252980","8253273","82","8252561"
"chrUn_GL287020","35265","35357","GL873606","413534","413591","47","378269"
"chrUn_GL287380","29641","29757","GL873529","9635583","9635702","49","9605942"
"chrUn_GL287442","22357","22533","GL873536","10089167","10089339","72","10066810"
"chrUn_GL287627","194","483","GL873615","5164234","5164521","82","5164040"
"chrUn_GL287659","5080","5139","GL873606","413534","413591","20","408454"
"chrUn_GL287659","5382","5470","GL873799","235420","235499","40","230038"
"chrUn_GL287659","25196","25272","GL873534","8444999","8445064","32","8419803"
"chrUn_GL287699","28845","29151","GL873561","14329867","14330129","82","14301022"
"chrUn_GL287790","369","565","GL873524","44671953","44672162","70","44671584"
"chrUn_GL287890","12158","12222","GL873524","40199622","40199689","17","40187464"
"chrUn_GL287923","3085","3201","GL873520","2151025","2151139","57","2147940"
"chrUn_GL288008","1","174","GL873768","208772","208940","50","208771"
"chrUn_GL288027","7660","7719","GL873606","413534","413591","22","405874"
"chrUn_GL288027","7960","8048","GL873534","8444999","8445064","40","8437039"
"chrUn_GL288027","15914","16003","GL873606","413534","413591","43","397620"
"chrUn_GL288030","7975","8279","GL873531","743580","743873","93","735605"
"chrUn_GL288053","3471","3562","GL873606","413534","413591","45","410063"
"chrUn_GL288053","6490","6582","GL873606","413534","413591","47","407044"
"chrUn_GL288239","6299","6429","GL873529","9635583","9635702","49","9629284"
"chrUn_GL288264","15719","16011","GL873635","3143338","3143625","72","3127619"
"chrUn_GL288346","10162","10322","GL873580","853240","853398","47","843078"
"chrUn_GL288384","18237","18304","GL873662","1216517","1216580","19","1198280"
"chrUn_GL288408","4125","4409","GL873615","5164234","5164521","83","5160109"
"chrUn_GL288449","11333","11622","GL873807","378787","379071","71","367454"
"chrUn_GL288456","7069","7357","GL873807","378787","379071","78","371718"
"chrUn_GL288485","4161","4455","GL873807","378787","379071","78","374626"
"chrUn_GL288534","5740","5853","GL873525","6607619","6607730","31","6601879"
"chrUn_GL288548","5942","6253","GL873645","923581","923868","82","917639"
"chrUn_GL288578","9588","9894","GL873633","6680180","6680479","88","6670592"
"chrUn_GL288599","11221","11506","GL873807","378787","379071","75","367566"
"chrUn_GL288613","8812","9127","GL873580","5868817","5869123","86","5860005"
"chrUn_GL288627","8796","9072","GL873544","19151818","19152093","74","19143022"
"chrUn_GL288633","3137","3424","GL873532","29369734","29370037","76","29366597"
"chrUn_GL288669","6888","7064","GL873536","10089167","10089339","71","10082279"
"chrUn_GL288694","10538","10685","GL873629","3057379","3057506","46","3046841"
"chrUn_GL288703","12099","12347","GL873671","1882360","1882615","85","1870261"
"chrUn_GL288767","2356","2662","GL873633","6680180","6680479","76","6677824"
"chrUn_GL288781","9506","9622","GL873525","6607619","6607730","34","6598113"
"chrUn_GL288791","1577","1731","GL873652","2033772","2033917","52","2032195"
"chrUn_GL288828","2680","2805","GL873629","3057379","3057506","46","3054699"
"chrUn_GL288835","17713","18026","GL873618","1039454","1039766","82","1021741"
"chrUn_GL288840","7829","8060","GL873521","50504865","50505108","71","50497036"
"chrUn_GL288848","119","368","GL873576","10227779","10228037","92","10227660"
"chrUn_GL288952","13886","14186","GL873633","6680180","6680479","92","6666294"
"chrUn_GL288987","5422","5707","GL873615","5164234","5164521","81","5158812"
"chrUn_GL288993","2572","2855","GL873536","6183235","6183517","76","6180663"
"chrUn_GL289005","5414","5531","GL873603","2673070","2673193","41","2667656"
"chrUn_GL289129","8026","8329","GL873531","743580","743873","85","735554"
"chrUn_GL289208","12139","12227","GL873799","235420","235499","38","223281"
"chrUn_GL289240","3323","3605","GL873807","378787","379071","70","375464"
"chrUn_GL289243","7809","8115","GL873530","8252980","8253273","82","8245171"
"chrUn_GL289243","10389","10699","GL873530","8252980","8253273","82","8242591"
"chrUn_GL289244","3859","4164","GL873532","29369734","29370037","82","29365875"
