"chr1","185597757","185598049","chr2","102989050","102989349","31","82608707"
"chr1","53215038","53215340","chr11","49265130","49265433","41","3949908"
"chr1","54656967","54657255","chr17","71957085","71957370","55","17300118"
"chr1","171573116","171573389","chr10","76577634","76577915","54","94995482"
"chr1","172883935","172884241","chr16","49586323","49586622","37","123297612"
"chr1","10708","11026","chr2","184580196","184580486","61","184569488"
"chr1","75313","75535","chr7","121329046","121329267","30","121253733"
"chr1","100091","100398","chr1","152625689","152625995","48","152525598"
"chr1","118454","118741","chr2","96936361","96936648","50","96817907"
"chr1","130024","130298","chr13","91341648","91341918","51","91211624"
"chr1","236576","236691","chrX","6094354","6094476","22","5857778"
"chr1","254305","254423","chr16","69974379","69974504","19","69720074"
"chr1","278727","279016","chr1","163039410","163039702","54","162760683"
"chr1","407632","407916","chr7","34314811","34315097","47","33907179"
"chr1","454979","455264","chr16","1419036","1419322","42","964057"
"chr1","469196","469484","chr1","42476755","42477044","45","42007559"
"chr1","537225","537510","chr4","125838247","125838531","37","125301022"
"chr1","611166","611459","chr5","2577333","2577630","42","1966167"
"chr1","735855","736148","chr17","50787183","50787477","44","50051328"
"chr1","817591","817851","chr4","79455473","79455733","42","78637882"
"chr1","845235","845398","chr1","65033511","65033674","31","64188276"
"chr1","1213236","1213545","chr18","26757177","26757480","52","25543941"
"chr1","1243086","1243371","chr6","160166962","160167251","49","158923876"
"chr1","1354268","1354571","chr15","35590404","35590716","51","34236136"
"chr1","1436569","1436852","chr1","207393339","207393628","47","205956770"
"chr1","1447036","1447310","chr2","39029241","39029515","46","37582205"
"chr1","1469945","1470241","chr8","18779780","18780079","55","17309835"
"chr1","1521592","1521874","chr12","67948525","67948805","40","66426933"
"chr1","1608627","1608941","chr7","73560013","73560323","59","71951386"
"chr1","1821479","1821778","chr20","51745649","51745944","38","49924170"
"chr1","1934806","1934948","chr18","24104552","24104687","18","22169746"
"chr1","2004493","2004775","chrX","93015735","93016019","39","91011242"
"chr1","2210111","2210393","chr15","22561456","22561749","58","20351345"
"chr1","2270434","2270669","chr6","143514666","143514896","34","141244232"
"chr1","2415582","2415880","chr2","46682521","46682821","29","44266939"
"chr1","2443733","2444036","chr19","31951525","31951823","37","29507792"
"chr1","2831156","2831446","chr4","13663992","13664285","44","10832836"
"chr1","2914577","2914722","chr4","103459648","103459795","17","100545071"
"chr1","3161900","3162203","chr15","104312349","104312651","48","101150449"
"chr1","3212448","3212746","chr1","64035542","64035836","63","60823094"
"chr1","3290915","3291212","chr1","14339353","14339646","49","11048438"
"chr1","3304957","3305259","chr7","48694397","48694696","44","45389440"
"chr1","3731626","3731783","chrX","126022921","126023078","27","122291295"
"chr1","3787905","3788203","chr3","176830718","176831018","35","173042813"
"chr1","3816588","3816884","chr6","110356311","110356608","44","106539723"
"chr1","4110908","4111196","chr3","157031775","157032065","49","152920867"
"chr1","4138473","4138768","chr18","28111310","28111612","55","23972837"
"chr1","4149577","4149874","chr3","160772561","160772858","31","156622984"
"chr1","4155168","4155471","chr13","10897092","10897389","53","6741924"
"chr1","4155806","4155921","chr8","55405673","55405786","20","51249867"
"chr1","4307222","4307351","chr15","21096731","21096859","23","16789509"
"chr1","4468019","4468327","chr13","23501079","23501388","39","19033060"
"chr1","4483745","4484034","chr10","6800108","6800398","53","2316363"
"chr1","4527421","4527689","chr12","12024515","12024792","47","7497094"
"chr1","4582081","4582386","chr16","11126268","11126568","46","6544187"
"chr1","4899377","4899673","chr7","54988790","54989094","49","50089413"
"chr1","4982060","4982365","chr11","36769212","36769521","53","31787152"
"chr1","5011539","5011847","chr9","92266304","92266607","41","87254765"
"chr1","5016056","5016327","chr13","91341648","91341918","54","86325592"
"chr1","5055790","5056060","chr11","7911759","7912023","53","2855969"
"chr1","5249068","5249356","chr16","31273411","31273700","38","26024343"
"chr1","5326210","5326515","chr9","61900736","61901039","35","56574526"
"chr1","5327119","5327423","chr16","9403675","9403989","57","4076556"
"chr1","5373497","5373795","chr11","3653031","3653328","47","1720466"
"chr1","5394193","5394488","chr2","94343271","94343561","49","88949078"
"chr1","5401480","5401788","chr4","32401427","32401735","36","26999947"
"chr1","5455877","5456151","chrX","62082325","62082604","44","56626448"
"chr1","5587397","5587502","chr10","35272512","35272610","18","29685115"
"chr1","5668345","5668646","chr18","13623368","13623664","49","7955023"
"chr1","5744726","5744994","chr6","65357727","65358016","59","59613001"
"chr1","5758351","5758622","chr1","202707884","202708154","35","196949533"
"chr1","5760482","5760778","chr11","59744208","59744500","33","53983726"
"chr1","5940423","5940723","chr2","46682521","46682821","38","40742098"
"chr1","5943218","5943502","chr4","3360381","3360669","52","2582837"
"chr1","6218678","6218967","chr15","21789811","21790091","66","15571133"
"chr1","6294046","6294306","chr8","9352361","9352614","51","3058315"
"chr1","6617548","6617860","chr8","29386987","29387291","44","22769439"
"chr1","6670683","6670979","chr4","2534955","2535251","34","4135728"
"chr1","6759719","6760014","chr14","15101540","15101833","48","8341821"
"chr1","6802754","6803037","chr1","33058869","33059151","42","26256115"
"chr1","7183708","7184010","chr1","42476755","42477044","41","35293047"
"chr1","7197116","7197415","chr4","150540961","150541258","41","143343845"
"chr1","7278248","7278463","chr1","9513726","9513939","26","2235478"
"chr1","7331066","7331349","chr3","75155573","75155858","47","67824507"
"chr1","7347095","7347385","chr7","116541236","116541527","38","109194141"
"chr1","7396463","7396750","chr8","25582102","25582396","34","18185639"
"chr1","7508521","7508806","chr17","69821437","69821730","49","62312916"
"chr1","7538544","7538846","chr3","94192128","94192423","46","86653584"
"chr1","7606577","7606868","chr19","3064712","3065012","51","4541865"
"chr1","7636728","7637021","chr9","7025626","7025918","39","611102"
"chr1","7637737","7638047","chr1","7993999","7994304","36","356262"
"chr1","7724056","7724353","chr9","60462485","60462795","53","52738429"
"chr1","7823729","7824004","chr5","162378514","162378792","50","154554785"
"chr1","7906164","7906475","chr18","51183412","51183721","34","43277248"
"chr1","8096296","8096570","chr5","101457421","101457692","46","93361125"
"chr1","8160707","8160972","chr5","101457421","101457692","47","93296714"
"chr1","8195801","8196103","chr2","46682521","46682821","32","38486720"
"chr1","8245001","8245315","chr3","12603123","12603437","35","4358122"
"chr1","8293076","8293182","chr20","2246214","2246319","14","6046862"
"chr1","8294678","8294946","chr2","57961434","57961696","44","49666756"
"chr1","8296722","8297014","chr10","62315260","62315548","38","54018538"
"chr1","8382783","8383036","chr12","46464907","46465173","51","38082124"
"chr1","8424551","8424845","chr9","22636719","22637014","35","14212168"
"chr1","8480824","8481113","chr9","22795677","22795968","34","14314853"
"chr1","8541471","8541581","chr1","219334604","219334715","20","210793133"
"chr1","8601008","8601288","chr12","20586755","20587031","34","11985747"
"chr1","8654498","8654797","chr15","92862908","92863213","48","84208410"
"chr1","8655701","8655988","chr8","28825632","28825920","37","20169931"
"chr1","8823974","8824285","chrX","118404209","118404518","33","109580235"
"chr1","8879000","8879286","chr10","62315260","62315548","37","53436260"
"chr1","8907382","8907670","chr9","84466373","84466663","45","75558991"
"chr1","8945412","8945713","chr13","32325637","32325935","46","23380225"
"chr1","8993366","8993660","chr16","45120076","45120371","44","36126710"
"chr1","9035277","9035590","chr6","110725763","110726079","50","101690486"
"chr1","9067488","9067733","chr14","63936002","63936248","39","54868514"
"chr1","9129039","9129337","chr1","127833040","127833336","37","118704001"
"chr1","9215878","9216168","chr4","131374689","131374976","42","122158811"
"chr1","9302324","9302575","chr4","162305040","162305294","44","153002716"
"chr1","9571602","9571913","chr10","67405046","67405353","37","57833444"
"chr1","9588635","9588938","chr1","7993999","7994304","36","1594636"
"chr1","9597409","9597722","chr19","28776684","28776996","39","19179275"
"chr1","9606042","9606197","chr18","68135901","68136048","31","58529859"
"chr1","9626477","9626755","chr6","132179472","132179753","33","122552995"
"chr1","9638914","9639212","chr6","67765709","67766011","39","58126795"
"chr1","9658934","9659245","chr19","47662689","47662983","56","38003755"
"chr1","9676828","9677136","chr4","34099360","34099670","29","24422532"
"chr1","9684475","9684769","chr10","61185308","61185598","30","51500833"
"chr1","9725707","9726011","chr7","77029098","77029406","40","67303391"
"chr1","9733951","9734249","chr11","8138169","8138470","30","1595782"
"chr1","9761862","9762132","chr8","88869400","88869673","37","79107538"
"chr1","9844027","9844325","chr13","7569072","7569377","50","2274955"
"chr1","9850967","9851269","chr1","185101023","185101330","36","175250056"
"chr1","9878438","9878732","chrX","109211107","109211398","38","99332669"
"chr1","9924024","9924324","chr12","86662303","86662604","36","76738279"
"chr1","9933310","9933598","chr16","1651540","1651832","41","8281770"
"chr1","10050330","10050446","chr3","15334660","15334776","19","5284330"
"chr1","10054947","10055239","chr12","69597135","69597433","39","59542188"
"chr1","10065716","10066013","chr1","40265066","40265356","64","30199350"
"chr1","10076267","10076569","chr11","7381321","7381621","38","2694946"
"chr1","10128958","10129270","chr2","180065275","180065586","37","169936317"
"chr1","10163809","10164109","chr3","67908985","67909287","50","57745176"
"chr1","10195459","10195758","chrX","41378367","41378661","46","31182908"
"chr1","10230623","10230884","chrX","62644733","62645009","49","52414110"
"chr1","10245842","10246152","chr7","73560013","73560323","46","63314171"
"chr1","10252669","10252965","chr4","2534955","2535251","38","7717714"
"chr1","10279496","10279775","chr4","107911095","107911379","43","97631599"
"chr1","10282052","10282344","chr20","26945721","26946013","53","16663669"
"chr1","10291908","10292217","chr4","34099360","34099670","48","23807452"
"chr1","10297208","10297516","chr18","54628734","54629036","53","44331526"
"chr1","10309756","10309875","chr7","67142516","67142634","15","56832760"
"chr1","10331812","10332102","chr1","204813267","204813556","48","194481455"
"chr1","10369915","10370214","chr4","69347489","69347789","44","58977574"
"chr1","10405696","10405834","chr10","13190514","13190657","24","2784818"
"chr1","10405927","10406080","chr1","34217897","34218062","36","23811970"
"chr1","10416752","10417045","chr10","38262077","38262376","40","27845325"
"chr1","10419297","10419570","chrX","37796617","37796904","46","27377320"
"chr1","10419597","10419892","chr13","64416561","64416845","57","53996964"
"chr1","10436181","10436468","chr11","11838300","11838590","35","1402119"
"chr1","10476014","10476187","chr1","92507019","92507191","31","82031005"
"chr1","10476848","10477150","chr11","10098018","10098319","37","378830"
"chr1","10478846","10479145","chr8","18019156","18019453","42","7540310"
"chr1","10488897","10489112","chr1","9513726","9513939","34","975171"
"chr1","10513580","10513875","chr5","86238609","86238898","37","75725029"
"chr1","10523376","10523661","chr7","5627046","5627330","51","4896330"
"chr1","10551036","10551340","chr2","90038690","90038993","40","79487654"
"chr1","10554506","10554805","chr15","38991290","38991585","41","28436784"
"chr1","10602504","10602806","chrX","44962032","44962338","42","34359528"
"chr1","10625382","10625693","chr6","68873528","68873828","59","58248146"
"chr1","10653240","10653545","chr16","55057274","55057581","46","44404034"
"chr1","10664050","10664261","chr11","85239556","85239763","36","74575506"
"chr1","10693774","10694066","chr8","137011105","137011400","38","126317331"
"chr1","10756811","10756977","chr16","39383701","39383865","20","28626890"
"chr1","10833394","10833647","chr11","59745076","59745331","35","48911682"
"chr1","11123928","11124137","chr8","56570363","56570574","31","45446435"
"chr1","11176499","11176794","chr3","70428561","70428857","44","59252062"
"chr1","11232459","11232768","chr2","50272353","50272660","46","39039894"
"chr1","11429175","11429480","chr1","128155382","128155688","37","116726207"
"chr1","11523808","11524106","chr9","93670741","93671037","38","82146933"
"chr1","11544244","11544546","chr11","97875784","97876083","47","86331540"
"chr1","11594773","11595062","chr3","40442931","40443220","39","28848158"
"chr1","11986255","11986423","chr8","110756774","110756940","21","98770519"
"chr1","11987033","11987124","chr5","34344566","34344658","17","22357533"
"chr1","12165454","12165715","chr2","100327921","100328182","39","88162467"
"chr1","12185618","12185912","chr11","59744208","59744500","33","47558590"
"chr1","12214812","12215109","chr10","73823269","73823565","42","61608457"
"chr1","12378168","12378466","chrX","13622942","13623238","43","1244774"
"chr1","12391967","12392230","chr12","11118853","11119115","52","1273114"
"chr1","12406384","12406663","chr3","27153425","27153701","41","14747041"
"chr1","12416965","12417263","chr2","46682521","46682821","38","34265556"
"chr1","12438436","12438587","chr7","68766471","68766618","18","56328035"
"chr1","12477578","12477875","chr13","72996114","72996414","45","60518536"
"chr1","12526823","12527112","chr5","101316280","101316579","42","88789457"
"chr1","12787231","12787514","chrX","62948145","62948432","41","50160914"
"chr1","12791483","12791768","chr3","133866579","133866872","44","121075096"
"chr1","12979108","12979243","chr19","17480192","17480320","25","4501084"
"chr1","12988197","12988493","chr9","113200398","113200692","35","100212201"
"chr1","12997647","12997938","chr19","50974121","50974400","44","37976474"
"chr1","13073619","13073929","chr20","56282023","56282326","47","43208404"
"chr1","13078176","13078481","chr5","32469834","32470141","43","19391658"
"chr1","13086550","13086865","chr7","93042977","93043283","37","79956427"
"chr1","13115446","13115732","chr3","93757874","93758163","53","80642428"
"chr1","13120755","13121035","chr6","11115581","11115864","50","2005174"
"chr1","13130885","13131110","chr7","40103440","40103645","69","26972555"
"chr1","13210744","13211018","chrX","142907234","142907509","47","129696490"
"chr1","13213793","13214075","chr1","130489015","130489299","51","117275222"
"chr1","13214772","13215080","chr11","110014364","110014672","35","96799592"
"chr1","13220292","13220600","chr1","18792684","18792991","38","5572392"
"chr1","13252766","13252910","chr17","37611592","37611739","30","24358826"
"chr1","13262943","13263253","chr7","73560013","73560323","34","60297070"
"chr1","13271976","13272263","chr17","77071485","77071773","43","63799509"
"chr1","13303481","13303794","chr2","130228273","130228581","38","116924792"
"chr1","13351224","13351516","chr7","129456939","129457235","39","116105715"
"chr1","13353151","13353459","chr10","20549883","20550183","43","7196732"
"chr1","13362797","13363103","chr1","124631217","124631517","40","111268420"
"chr1","13367107","13367408","chrX","45487697","45487995","48","32120590"
"chr1","13375866","13376163","chr15","9298129","9298436","46","4077737"
"chr1","13435556","13435841","chr16","44203969","44204255","39","30768413"
"chr1","13441018","13441303","chr16","44203969","44204255","38","30762951"
"chr1","13473739","13473975","chr3","50901308","50901545","33","37427569"
"chr1","13490484","13490779","chr2","96826999","96827292","37","83336515"
"chr1","13771892","13772187","chr8","36141516","36141813","49","22369624"
"chr1","13789963","13790260","chr10","34153051","34153344","51","20363088"
"chr1","13792441","13792725","chr8","25582102","25582396","37","11789661"
"chr1","13809372","13809666","chrX","90854802","90855099","42","77045430"
"chr1","13827275","13827512","chr1","93009406","93009650","53","79182131"
"chr1","13857089","13857388","chr14","53927134","53927436","55","40070045"
"chr1","13869987","13870286","chr1","67368758","67369056","42","53498771"
"chr1","13895677","13895953","chr16","2090775","2091048","47","11804902"
"chr1","13908250","13908375","chr12","20981106","20981235","26","7072856"
"chr1","14048974","14049282","chr3","12603123","12603437","45","1445851"
"chr1","14106380","14106667","chr6","147822924","147823209","37","133716544"
"chr1","14255351","14255645","chr12","38645893","38646186","41","24390542"
"chr1","14319492","14319723","chr10","66119300","66119522","41","51799808"
"chr1","14349923","14350080","chr14","108255262","108255413","25","93905339"
"chr1","14350655","14350922","chr8","57934681","57934932","63","43584026"
"chr1","14392556","14392859","chr1","212841578","212841874","41","198449022"
"chr1","14605212","14605497","chr11","114923633","114923926","44","100318421"
"chr1","14607895","14608199","chr6","10983419","10983717","38","3624476"
"chr1","14635585","14635866","chr3","177583438","177583720","39","162947853"
"chr1","14664916","14665210","chr11","106964325","106964616","32","92299409"
"chr1","14677813","14678109","chr19","38513628","38513926","45","23835815"
"chr1","14729989","14730230","chr9","20262125","20262362","39","5532136"
"chr1","14780285","14780542","chr14","66011174","66011430","37","51230889"
"chr1","14796770","14797061","chr9","7025626","7025918","28","7771144"
"chr1","14857608","14857926","chr2","104325930","104326254","80","89468322"
"chr1","14873378","14873634","chr14","100917461","100917725","48","86044083"
"chr1","14877013","14877314","chr17","20945248","20945548","35","6068235"
"chr1","14895424","14895728","chr4","56503347","56503657","40","41607923"
"chr1","14911800","14912111","chr1","12498948","12499258","44","2412852"
"chr1","14918331","14918623","chr14","10784769","10785061","41","4133562"
"chr1","15059719","15060018","chr4","130551195","130551491","42","115491476"
"chr1","15067726","15068023","chr11","111650237","111650541","43","96582511"
"chr1","15075541","15075847","chr19","3064712","3065012","39","12010829"
"chr1","15086812","15087027","chr19","3701699","3701917","32","11385113"
"chr1","15095252","15095540","chr1","27049382","27049672","38","11954130"
"chr1","15156767","15157065","chr4","69425921","69426221","45","54269154"
"chr1","15161942","15162228","chr11","112817485","112817779","49","97655543"
"chr1","15168393","15168736","chr1","22511533","22511876","53","7343140"
"chr1","15171542","15171831","chr9","57023538","57023829","38","41851996"
"chr1","15199378","15199679","chr8","28809013","28809319","38","13609635"
"chr1","15207311","15207634","chr11","40791675","40791991","54","25584364"
"chr1","15216929","15217223","chr9","6238939","6239233","45","8977990"
"chr1","15293299","15293593","chr4","13002327","13002618","41","2290972"
"chr1","15352227","15352534","chr4","111089304","111089611","50","95737077"
"chr1","15362548","15362851","chr8","115387788","115388091","49","100025240"
"chr1","15477484","15477766","chr17","23908296","23908579","45","8430812"
"chr1","15529713","15529995","chr11","101209765","101210048","34","85680052"
"chr1","15548325","15548616","chr3","13489445","13489734","38","2058880"
"chr1","15567526","15567824","chr7","37449373","37449676","38","21881847"
"chr1","15608190","15608313","chr2","93239890","93240008","22","77631700"
"chr1","15610410","15610714","chr3","38447004","38447303","50","22836594"
"chr1","15643191","15643482","chr12","33900333","33900627","36","18257142"
"chr1","15669880","15670168","chrX","109211107","109211398","36","93541227"
"chr1","15699740","15700026","chr1","206447940","206448229","40","190748200"
"chr1","15735718","15736002","chr13","68982542","68982833","35","53246824"
"chr1","15751232","15751531","chr12","87487181","87487483","40","71735949"
"chr1","15792660","15792967","chr10","46007696","46008002","35","30215036"
"chr1","15812511","15812645","chr17","77990373","77990500","30","62177862"
"chr1","15863791","15864086","chr1","43639311","43639611","32","27775520"
"chr1","15890431","15890725","chr10","61185308","61185598","42","45294877"
"chr1","15997471","15997765","chr20","13516848","13517143","41","2480623"
"chr1","16018918","16019167","chr7","147219267","147219530","52","131200349"
"chr1","16023236","16023523","chr11","29875176","29875465","38","13851940"
"chr1","16061823","16062131","chr18","54185893","54186198","43","38124070"
"chr1","16263604","16263913","chr7","129443902","129444210","54","113180298"
"chr1","16329655","16329863","chr3","38604566","38604772","37","22274911"
"chr1","16337221","16337519","chr16","50298577","50298876","41","33961356"
"chr1","16370535","16370796","chr1","64515134","64515392","42","48144599"
"chr1","16389264","16389556","chr11","95105428","95105719","40","78716164"
"chr1","16427430","16427686","chr3","66231822","66232082","35","49804392"
"chr1","16434403","16434689","chr11","48999226","48999522","45","32564823"
"chr1","16459430","16459581","chrX","68470318","68470461","17","52010888"
"chr1","16665260","16665547","chr12","64768383","64768672","56","48103123"
"chr1","16666119","16666412","chr12","64768383","64768672","55","48102264"
"chr1","16720436","16720741","chr1","7993999","7994304","34","8726437"
"chr1","16761458","16761756","chr11","59744208","59744500","31","42982750"
"chr1","16827230","16827521","chr7","72707693","72707981","43","55880463"
"chr1","16870952","16871261","chr1","7993999","7994304","36","8876953"
"chr1","16973960","16974270","chr19","20417366","20417675","39","3443406"
"chr1","16985758","16986068","chrX","44962032","44962338","46","27976274"
"chr1","16988831","16989122","chr20","62773757","62774047","43","45784926"
"chr1","17281088","17281325","chr3","44476893","44477138","45","27195805"
"chr1","17281399","17281447","chr1","22798661","22798709","11","5517262"
"chr1","17334419","17334703","chr20","49701084","49701366","38","32366665"
"chr1","17335809","17336093","chr3","126395810","126396091","42","109060001"
"chr1","17341506","17341807","chr1","67368758","67369056","40","50027252"
"chr1","17427919","17428231","chrX","93343069","93343376","51","75915150"
"chr1","17485805","17486051","chr17","79470487","79470735","36","61984682"
"chr1","17558323","17558620","chr1","43639311","43639611","34","26080988"
"chr1","17749122","17749423","chr19","3064712","3065012","33","14684410"
"chr1","17750057","17750166","chr7","129073434","129073538","17","111323377"
"chr1","17856823","17857128","chr1","128155382","128155688","40","110298559"
"chr1","17877738","17878044","chr11","59744208","59744500","44","41866470"
"chr1","18025189","18025491","chr16","2608841","2609145","43","15416348"
"chr1","18073481","18073770","chrX","38099288","38099585","41","20025807"
"chr1","18115794","18116110","chr6","49313425","49313743","48","31197631"
"chr1","18116399","18116628","chr10","16963992","16964220","50","1152407"
"chr1","18148426","18148721","chr1","67368758","67369056","44","49220332"
"chr1","18160231","18160519","chr17","80095375","80095677","58","61935144"
"chr1","18190945","18191238","chr11","59744208","59744500","36","41553263"
"chr1","18207913","18208144","chr8","103243008","103243239","35","85035095"
"chr1","18244991","18245208","chr11","14184781","14184995","30","4060210"
"chr1","18266796","18267109","chr6","166942958","166943272","51","148676162"
"chr1","18309790","18310091","chr1","90905213","90905512","48","72595423"
"chr1","18474611","18474903","chr8","127022151","127022443","42","108547540"
"chr1","18530054","18530286","chr7","106517904","106518135","39","87987850"
"chr1","18564494","18564781","chr11","13970947","13971229","48","4593547"
"chr1","18584336","18584645","chr15","36493056","36493358","46","17908720"
"chr1","18588307","18588606","chr10","18176609","18176909","40","411698"
"chr1","18799282","18799435","chr7","68766471","68766618","17","49967189"
"chr1","18873466","18873635","JH681279","333","503","33","18873133"
"chr1","19018721","19019022","chr10","59879761","59880065","37","40861040"
"chr1","19029608","19029921","chr10","82547474","82547785","51","63517866"
"chr1","19061794","19062086","chr12","98300764","98301051","38","79238970"
"chr1","19171106","19171328","chr17","81080380","81080592","38","61909274"
"chr1","19302437","19302735","chr3","43514989","43515294","50","24212552"
"chr1","19367128","19367421","chr11","59699985","59700283","42","40332857"
"chr1","19379541","19379815","chr5","111169879","111170159","40","91790338"
"chr1","19436797","19437101","chr18","51183412","51183721","35","31746615"
"chr1","19758824","19759122","chr7","90971726","90972022","53","71212902"
"chr1","19905534","19905847","chr7","111511770","111512072","52","91606236"
"chr1","19997872","19998093","chr5","67236528","67236757","51","47238656"
"chr1","20214353","20214479","chr1","141345002","141345130","14","121130649"
"chr1","20237902","20238010","chr2","127183112","127183221","16","106945210"
"chr1","20241998","20242294","chr11","59744208","59744500","34","39502210"
"chr1","20387502","20387792","chr6","150565896","150566187","44","130178394"
"chr1","20421447","20421748","chr3","45626371","45626668","34","25204924"
"chr1","20455199","20455481","chr16","14806890","14807175","48","5648309"
"chr1","20623696","20624005","chr13","23501079","23501388","29","2877383"
"chr1","20652565","20652867","chr3","164913166","164913461","54","144260601"
"chr1","20667630","20667930","chr18","12240080","12240373","56","8427550"
"chr1","20681510","20681788","chr6","37807253","37807537","47","17125743"
"chr1","20722908","20723166","chr10","19416042","19416290","46","1306866"
"chr1","20743044","20743340","chr13","107130212","107130509","49","86387168"
"chr1","20776750","20777044","chr3","6672310","6672602","41","14104440"
"chr1","20904189","20904470","chr9","6093385","6093664","45","14810804"
"chr1","21065707","21065996","chr4","10828530","10828827","50","10237177"
"chr1","21211503","21211804","chr18","51047606","51047892","58","29836103"
"chr1","21220191","21220480","chr17","83098897","83099184","52","61878706"
"chr1","21223569","21223846","chr15","102648962","102649243","41","81425393"
"chr1","21254694","21255004","chrX","90821322","90821629","36","69566628"
"chr1","21387949","21388231","chr3","70454245","70454526","49","49066296"
"chr1","21393215","21393519","chr7","90971726","90972022","41","69578511"
"chr1","21397105","21397394","chr17","83257978","83258266","46","61860873"
"chr1","21430213","21430523","chrX","45648281","45648589","37","24218068"
"chr1","21459964","21460279","chr9","57835064","57835373","48","36375100"
"chr1","21466963","21467276","chr2","141725865","141726176","40","120258902"
"chr1","21475104","21475401","chr10","59879761","59880065","40","38404657"
"chr1","21521807","21522090","chr7","72707693","72707981","42","51185886"
"chr1","21537158","21537466","chr18","60697999","60698300","49","39160841"
"chr1","21767032","21767326","chr2","38786448","38786745","37","17019416"
"chr1","21788820","21788973","chr18","56180928","56181081","15","34392108"
"chr1","21852004","21852300","chr2","123712519","123712817","40","101860515"
"chr1","21871055","21871360","chr14","5598580","5598870","68","16272475"
"chr1","21973329","21973581","chr5","55932074","55932326","48","33958745"
"chr1","22066469","22066762","chr1","94365322","94365615","42","72298853"
"chr1","22069280","22069528","chr11","71045850","71046097","35","48976570"
"chr1","22190680","22190968","chr7","133065043","133065330","31","110874363"
"chr1","22196318","22196448","chr2","47668161","47668290","22","25471843"
"chr1","22199781","22199992","chr6","124894062","124894274","29","102694281"
"chr1","22234247","22234539","chr2","96826999","96827292","36","74592752"
"chr1","22310626","22310923","chr7","76889431","76889730","32","54578805"
"chr1","22319252","22319548","chr15","36760666","36760962","39","14441414"
"chr1","22337658","22337963","chr11","13702068","13702363","43","8635590"
"chr1","22596315","22596624","chr14","4009419","4009732","39","18586896"
"chr1","22620874","22621167","chr2","94343271","94343561","49","71722397"
"chr1","22638734","22639019","chr19","6442347","6442633","46","16196387"
"chr1","22644540","22644849","chr14","11223234","11223545","41","11421306"
"chr1","22647456","22647765","chr14","11223234","11223545","37","11424222"
"chr1","22781178","22781384","chrX","44404357","44404557","30","21623179"
"chr1","23100705","23101009","chrX","125975918","125976214","55","102875213"
"chr1","23105949","23106217","chrX","142907234","142907509","42","119801285"
"chr1","23241397","23241690","chr11","59744208","59744500","39","36502811"
"chr1","23318674","23318962","chr7","72707693","72707981","45","49389019"
"chr1","23536158","23536406","chr11","44650712","44650952","47","21114554"
"chr1","23680170","23680449","chrX","37391067","37391354","57","13710897"
"chr1","23747789","23748088","chr11","4016647","4016949","33","19731142"
"chr1","23759457","23759690","chr4","154590299","154590531","35","130830842"
"chr1","23819235","23819489","chr4","85314799","85315055","41","61495564"
"chr1","23875230","23875523","chr5","154300109","154300405","45","130424879"
"chr1","23920733","23921030","chr3","69228301","69228608","45","45307568"
"chr1","23967780","23968064","chr6","128266238","128266531","49","104298458"
"chr1","23972993","23973280","chr4","132287893","132288193","50","108314900"
"chr1","24014923","24015223","chr8","40921148","40921447","38","16906225"
"chr1","24079734","24080027","chr8","25582102","25582396","32","1502368"
"chr1","24144160","24144464","chr6","124714488","124714790","41","100570328"
"chr1","24224613","24224787","chr10","35287477","35287651","28","11062864"
"chr1","24279271","24279572","chr13","16318997","16319298","43","7960274"
"chr1","24458052","24458342","chr2","96826999","96827292","35","72368947"
"chr1","24466175","24466473","chr3","69053558","69053857","42","44587383"
"chr1","24505953","24506230","chr4","13663992","13664285","51","10841961"
"chr1","24544335","24544659","chr2","101050508","101050831","49","76506173"
"chr1","24547084","24547387","chr10","46007696","46008002","33","21460612"
"chr1","24558879","24559171","chr11","955569","955863","37","23603310"
"chr1","24593722","24593966","chr2","170736845","170737093","45","146143123"
"chr1","24690125","24690413","chr9","57023538","57023829","35","32333413"
"chr1","24758874","24759147","chrX","24379773","24380049","38","379101"
"chr1","24910094","24910357","chr2","100521440","100521703","64","75611346"
"chr1","24927133","24927414","chr16","7789891","7790171","46","17137242"
"chr1","24964634","24964787","chr1","113961671","113961817","26","88997037"
"chr1","25002396","25002679","chr19","32347284","32347572","48","7344888"
"chr1","25087820","25088117","chr16","21639667","21639964","30","3448153"
"chr1","25198638","25198938","chr4","31017666","31017967","55","5819028"
"chr1","25222489","25222779","chr7","151979566","151979860","38","126757077"
"chr1","25267840","25268136","chr11","59744208","59744500","35","34476368"
"chr1","25333290","25333413","chr6","148375288","148375408","19","123041998"
"chr1","25370341","25370623","chr17","26268972","26269261","57","898631"
"chr1","25402493","25402790","chr11","59744208","59744500","33","34341715"
"chr1","25506563","25506613","chr11","121848897","121848948","6","96342334"
"chr1","25589520","25589772","chr11","46291436","46291687","34","20701916"
"chr1","25632766","25633078","chr6","138646599","138646914","41","113013833"
"chr1","25676849","25677080","chr1","100959718","100959948","37","75282869"
"chr1","25712844","25713147","chr9","25603269","25603573","36","109575"
"chr1","25728767","25729069","chr1","20012770","20013073","33","5715997"
"chr1","25808905","25809187","chr14","94960118","94960395","54","69151213"
"chr1","25867691","25867982","chr3","63343532","63343825","41","37475841"
"chr1","25899497","25899731","chrX","21976749","21976980","36","3922748"
"chr1","25928114","25928410","chr16","69475534","69475835","38","43547420"
"chr1","25929532","25929831","chr4","130615568","130615870","44","104686036"
"chr1","25933906","25934205","chr2","96239962","96240258","39","70306056"
"chr1","25950238","25950548","chrX","143121938","143122244","42","117171700"
"chr1","26024696","26024988","chr1","204813267","204813556","40","178788571"
"chr1","26039070","26039371","chr15","103362570","103362871","32","77323500"
"chr1","26039728","26040012","chr15","29313296","29313583","46","3273568"
"chr1","26056474","26056755","chr5","52449180","52449473","48","26392706"
"chr1","26070826","26071121","chr7","52736490","52736780","41","26665664"
"chr1","26121678","26121992","chr9","3805446","3805756","44","22316232"
"chr1","26249669","26249947","chr16","66408804","66409087","40","40159135"
"chr1","26387326","26387634","chr2","46682521","46682821","32","20295195"
"chr1","26718788","26719081","chr11","131492005","131492296","39","104773217"
"chr1","26789745","26790005","chr2","34315373","34315630","44","7525628"
"chr1","26794293","26794605","chr6","121630847","121631152","46","94836554"
"chr1","26820322","26820612","chr1","14270475","14270766","36","12549847"
"chr1","26831508","26831774","chr2","99632317","99632577","43","72800809"
"chr1","26918964","26919266","chr20","15160879","15161176","38","11758085"
"chr1","26939002","26939292","chr2","82948155","82948448","41","56009153"
"chr1","26953543","26953844","chr11","8138169","8138470","37","18815374"
"chr1","26995113","26995410","chr5","93333462","93333753","41","66338349"
"chr1","27144425","27144730","chr10","81444150","81444452","44","54299725"
"chr1","27174162","27174409","chr1","52894716","52894966","47","25720554"
"chr1","27252844","27253149","chrX","20846410","20846706","46","6406434"
"chr1","27340729","27341037","chr4","32401427","32401735","35","5060698"
"chr1","27363068","27363287","chr20","52039655","52039883","52","24676587"
"chr1","27498571","27498850","chr20","20657700","20657976","46","6840871"
"chr1","27677061","27677350","chr15","24580072","24580360","38","3096989"
"chr1","27718703","27718858","chr19","81418","81573","25","27637285"
"chr1","27841204","27841494","chr16","18796729","18797022","28","9044475"
"chr1","27925750","27926044","chr11","59744208","59744500","29","31818458"
"chr1","27965661","27965963","chr3","34969388","34969689","39","7003727"
"chr1","27997484","27997781","chr6","10222825","10223120","38","17774659"
"chr1","28013248","28013553","chr11","517489","517791","51","27495759"
"chr1","28049739","28050055","chr11","13691517","13691834","48","14358222"
"chr1","28079569","28079827","chr4","162305040","162305294","35","134225471"
"chr1","28135822","28136077","chr6","164769454","164769719","47","136633632"
"chr1","28433519","28433791","chr19","7821204","7821487","42","20612315"
"chr1","28535077","28535376","chr11","47924958","47925256","31","19389881"
"chr1","28557008","28557301","chr11","59744208","59744500","41","31187200"
"chr1","28561905","28562200","chr1","12638916","12639211","36","15922989"
"chr1","28565638","28565932","chr3","48152313","48152575","65","19586675"
"chr1","28570138","28570429","chr20","62773757","62774047","44","34203619"
"chr1","28614605","28614865","chr10","25924241","25924498","42","2690364"
"chr1","28655585","28655880","chr15","27221148","27221440","36","1434437"
"chr1","28718456","28718744","chr7","109604846","109605140","42","80886390"
"chr1","28741619","28741911","chr1","124250793","124251086","39","95509174"
"chr1","28742293","28742444","chr10","17672252","17672402","30","11070041"
"chr1","28763113","28763407","chr9","95162769","95163063","41","66399656"
"chr1","28790460","28790717","chr17","55676940","55677197","44","26886480"
"chr1","28802020","28802322","chr6","31393353","31393656","41","2591333"
"chr1","28848687","28848979","chr7","117581870","117582169","40","88733183"
"chr1","29024824","29025120","chr7","124974541","124974834","44","95949717"
"chr1","29273331","29273636","chr17","50757717","50758021","57","21484386"
"chr1","29355303","29355597","chr7","72707693","72707981","33","43352390"
"chr1","29425571","29425851","chr7","133065043","133065330","41","103639472"
"chr1","29435566","29435832","chr1","124567798","124568069","49","95132232"
"chr1","29464652","29464939","chr15","26878649","26878926","46","2586003"
"chr1","29552546","29552842","chr7","41529459","41529754","45","11976913"
"chr1","29587465","29587763","chr20","21884013","21884310","46","7703452"
"chr1","29599127","29599243","chr2","144199570","144199692","27","114600443"
"chr1","29731057","29731355","chr14","68266948","68267245","51","38535891"
"chr1","29765601","29765899","chr14","68266948","68267245","49","38501347"
"chr1","29865979","29866268","chr15","57652318","57652603","50","27786339"
"chr1","29913641","29913783","chr15","41427035","41427176","26","11513394"
"chr1","29936913","29937176","chr4","79455473","79455733","45","49518560"
"chr1","29970312","29970596","chr20","49701084","49701366","43","19730772"
"chr1","30073974","30074260","chr10","62315260","62315548","40","32241286"
"chr1","30177992","30178286","chr13","9183341","9183634","40","20994651"
"chr1","30356470","30356725","chr4","79455473","79455733","37","49099003"
"chr1","30380250","30380543","chr3","151622667","151622961","62","121242417"
"chr1","30417091","30417373","chr11","126386037","126386321","45","95968946"
"chr1","30431692","30431988","chr6","142572268","142572563","37","112140576"
"chr1","30581843","30582149","chr3","137161683","137161990","41","106579840"
"chr1","30610138","30610424","chr1","125312140","125312429","38","94702002"
"chr1","30618158","30618458","chr3","127707998","127708293","48","97089840"
"chr1","30643857","30644154","chr11","59744208","59744500","30","29100351"
"chr1","30720405","30720684","chr7","159182648","159182915","57","128462243"
"chr1","30723788","30724090","chr2","126037332","126037617","57","95313544"
"chr1","30735080","30735379","chr3","41659431","41659734","35","10924351"
"chr1","30905833","30906108","chr2","135177745","135178021","40","104271912"
"chr1","30986218","30986523","chr13","32817425","32817728","37","1831207"
"chr1","31106820","31107132","chr6","128302615","128302924","45","97195795"
"chr1","31109060","31109363","chr11","4016647","4016949","34","27092413"
"chr1","31208060","31208362","chr13","32817425","32817728","36","1609365"
"chr1","31366321","31366624","chr10","50771654","50771964","50","19405333"
"chr1","31409956","31410267","chr13","31727573","31727878","52","317617"
"chr1","31442330","31442612","chr2","33203056","33203341","40","1760726"
"chr1","31458069","31458344","chr2","96826999","96827292","51","65368930"
"chr1","31490514","31490816","chr11","10098018","10098319","31","21392496"
"chr1","31602618","31602937","chr1","20012770","20013073","61","11589848"
"chr1","31628499","31628579","chr10","80123708","80123791","15","48495209"
"chr1","31655192","31655476","chr4","107911095","107911379","46","76255903"
"chr1","31760380","31760684","chr11","89115091","89115391","58","57354711"
"chr1","31893607","31893900","chr10","46007696","46008002","49","14114089"
"chr1","32055563","32055844","chr11","59744208","59744500","38","27688645"
"chr1","32104262","32104536","chr2","40995159","40995429","41","8890897"
"chr1","32133779","32133862","chr5","32121453","32121538","12","12326"
"chr1","32200529","32200863","chr11","100929069","100929409","51","68728540"
"chr1","32289177","32289474","chr14","25551767","25552067","43","6737410"
"chr1","32353895","32354183","chr9","85066347","85066645","48","52712452"
"chr1","32391239","32391544","chr1","52291560","52291858","49","19900321"
"chr1","32393479","32393781","chr3","42899950","42900256","40","10506471"
"chr1","32426181","32426489","chr4","13415707","13416017","48","19010474"
"chr1","32636987","32637293","chr11","33968956","33969265","45","1331969"
"chr1","32704877","32705173","chr11","47924958","47925256","35","15220081"
"chr1","32741396","32741695","chr13","32817425","32817728","32","76029"
"chr1","33021783","33022086","chr6","171618431","171618732","62","138596648"
"chr1","33178941","33179233","chr7","91259277","91259574","47","58080336"
"chr1","33406820","33407137","chr4","154223153","154223437","89","120816333"
"chr1","33624098","33624375","chr9","37869088","37869367","43","4244990"
"chr1","33637932","33638223","chr1","42476755","42477044","41","8838823"
"chr1","33818806","33819027","chr13","71017466","71017686","43","37198660"
"chr1","33841339","33841647","chr12","93462737","93463048","37","59621398"
"chr1","33980972","33981266","chrX","112173776","112174065","53","78192804"
"chr1","34089418","34089711","chr11","59744208","59744500","32","25654790"
"chr1","34157850","34158153","chr13","32817425","32817728","38","1340425"
"chr1","34177896","34178011","chr6","141068264","141068377","30","106890368"
"chr1","34181470","34181778","chr1","34912193","34912497","59","730723"
"chr1","34196621","34196923","chr6","143561531","143561830","43","109364910"
"chr1","34199468","34199758","chr16","55715676","55715976","38","21516208"
"chr1","34219904","34220128","chr3","159234507","159234735","45","125014603"
"chr1","34243400","34243735","chr6","31848911","31849235","61","2394489"
"chr1","34268242","34268534","chr7","52736490","52736780","35","18468248"
"chr1","34271333","34271694","chr9","79938690","79939025","92","45667357"
"chr1","34286848","34287115","chr2","165757823","165758089","52","131470975"
"chr1","34287870","34288154","chr16","63276450","63276738","39","28988580"
"chr1","34300149","34300432","chr20","49494631","49494915","45","15194482"
"chr1","34302615","34302923","chr7","130049195","130049488","64","95746580"
"chr1","34308861","34309017","chr8","6013166","6013324","26","28295695"
"chr1","34320179","34320455","chr9","28186160","28186444","56","6134019"
"chr1","34350378","34350683","chr4","44803183","44803492","50","10452805"
"chr1","34363166","34363467","chr15","34700948","34701248","45","337782"
"chr1","34429964","34430248","chr19","2985633","2985912","39","31444331"
"chr1","34456050","34456356","chr16","54321303","54321613","47","19865253"
"chr1","34650220","34650521","chr13","32817425","32817728","32","1832795"
"chr1","34671858","34672165","chr1","79839898","79840196","36","45168040"
"chr1","34880420","34880719","chr2","46682521","46682821","37","11802101"
"chr1","34920295","34920591","chr1","42847845","42848144","50","7927550"
"chr1","34941251","34941524","chr4","36743938","36744205","36","1802687"
"chr1","34967828","34968129","chr6","128302615","128302924","48","93334787"
"chr1","35025910","35026201","chr14","57134784","57135076","41","22108874"
"chr1","35067942","35068233","chr14","21158129","21158427","44","13909813"
"chr1","35083135","35083433","chr14","63716116","63716415","33","28632981"
"chr1","35185874","35186160","chr15","92973400","92973692","41","57787526"
"chr1","35202180","35202474","chr5","135892746","135893042","40","100690566"
"chr1","35283024","35283329","chr4","3872146","3872447","38","31410878"
"chr1","35388859","35389164","chrX","49928850","49929156","31","14539991"
"chr1","35460244","35460537","chr15","38413821","38414113","47","2953577"
"chr1","35802791","35803075","chr14","91608304","91608592","47","55805513"
"chr1","35806288","35806546","chr16","44261455","44261717","38","8455167"
"chr1","35913248","35913558","chr5","132391377","132391683","55","96478129"
"chr1","36295240","36295529","chr3","179701033","179701322","39","143405793"
"chr1","36364323","36364629","chr1","75250655","75250962","42","38886332"
"chr1","36384134","36384357","chr13","71017466","71017686","37","34633332"
"chr1","36385132","36385203","chr1","52854514","52854589","11","16469382"
"chr1","36522166","36522467","chrX","63929710","63930004","52","27407544"
"chr1","36719631","36719854","chr2","121487034","121487248","46","84767403"
"chr1","36855284","36855594","chr6","157477970","157478279","31","120622686"
"chr1","37017197","37017494","chr3","160772561","160772858","33","123755364"
"chr1","37051158","37051433","chr16","2090775","2091048","44","34960383"
"chr1","37093960","37094169","chr15","41121522","41121731","31","4027562"
"chr1","37198314","37198417","chr6","63419170","63419273","18","26220856"
"chr1","37368081","37368386","chr7","90971726","90972022","47","53603645"
"chr1","37381782","37382063","chr2","28624536","28624818","47","8757246"
"chr1","37412882","37413193","chrX","90798452","90798764","41","53385570"
"chr1","37542905","37543186","chr2","92827254","92827547","43","55284349"
"chr1","37613825","37614142","chr8","70454974","70455283","52","32841149"
"chr1","37648787","37649141","chr7","85942086","85942437","77","48293299"
"chr1","37654425","37654611","chr6","170833737","170833939","35","133179312"
"chr1","37840878","37841141","chr3","1997406","1997669","41","35843472"
"chr1","38080678","38080976","chr10","18176609","18176909","36","19904069"
"chr1","38103805","38104102","chr2","71645594","71645894","49","33541789"
"chr1","38128676","38128965","chr12","98300764","98301051","44","60172088"
"chr1","38194760","38195069","chr11","18586728","18587038","47","19608032"
"chr1","38215091","38215391","chr17","11233722","11234024","46","26981369"
"chr1","38405930","38406224","chr7","96230630","96230924","32","57824700"
"chr1","38466516","38466828","chr2","83916097","83916394","51","45449581"
"chr1","38591558","38591758","chr14","96083585","96083801","62","57492027"
"chr1","38592204","38592291","chr13","103188987","103189073","2","64596783"
"chr1","38858988","38859293","chr1","128155382","128155688","35","89296394"
"chr1","38899111","38899338","chr19","4770869","4771091","41","34128242"
"chr1","39038659","39038947","chr1","94365322","94365615","33","55326663"
"chr1","39074038","39074232","chr2","186518455","186518632","42","147444417"
"chr1","39143549","39143849","chr1","48372735","48373035","41","9229186"
"chr1","39158267","39158583","chr1","164024994","164025303","44","124866727"
"chr1","39158584","39158878","chr4","10912888","10913182","35","28245696"
"chr1","39167178","39167433","chr4","118305946","118306203","52","79138768"
"chr1","39235921","39236026","chr1","190077316","190077432","20","150841395"
"chr1","39329810","39330113","chr1","144920099","144920401","35","105590289"
"chr1","39393232","39393594","chr17","52956419","52956738","97","13563187"
"chr1","39440188","39440498","chr1","67368758","67369056","52","27928570"
"chr1","39567976","39568276","chr3","45626371","45626668","38","6058395"
"chr1","39684475","39684772","chr17","77061015","77061312","41","37376540"
"chr1","39727399","39727651","chr9","24560211","24560475","50","15167188"
"chr1","39912048","39912341","chr12","80464575","80464864","42","40552527"
"chr1","40105909","40106207","chrX","17153216","17153514","47","22952693"
"chr1","40119248","40119541","chr4","41597797","41598090","44","1478549"
"chr1","40127945","40128249","chrX","6292568","6292871","37","33835377"
"chr1","40154938","40155162","chr12","61883879","61884095","34","21728941"
"chr1","40475063","40475359","chr7","70273788","70274086","34","29798725"
"chr1","40548299","40548517","chr2","89593102","89593311","38","49044803"
"chr1","40825770","40825987","chr1","24229017","24229233","31","16596753"
"chr1","40837550","40837848","chr6","31393353","31393656","45","9444197"
"chr1","40884829","40885142","chr1","152625689","152625995","34","111740860"
"chr1","41041630","41041922","chr10","19879581","19879879","36","21162049"
"chr1","41075740","41076028","chr4","117616854","117617134","44","76541114"
"chr1","41112042","41112330","chr6","142572268","142572563","41","101460226"
"chr1","41117000","41117301","chr3","150228925","150229224","32","109111925"
"chr1","41202665","41202977","chr4","42381703","42382011","42","1179038"
"chr1","41339447","41339753","chr13","92856314","92856619","35","51516867"
"chr1","41350217","41350517","chr1","18852431","18852735","45","22497786"
"chr1","41370109","41370426","chr13","72948254","72948560","40","31578145"
"chr1","41418965","41419261","chr16","41243974","41244277","49","174991"
"chr1","41439865","41440152","chr20","62773757","62774047","41","21333892"
"chr1","41461414","41461709","chr11","59744208","59744500","30","18282794"
"chr1","41478301","41478606","chr1","185101023","185101330","43","143622722"
"chr1","41486728","41487019","chr10","89269229","89269521","36","47782501"
"chr1","41547545","41547893","chr17","50796311","50796637","72","9248766"
"chr1","41556262","41556544","chr15","26878649","26878926","39","14677613"
"chr1","41619689","41619917","chr11","117264723","117264944","37","75645034"
"chr1","41664812","41665119","chr6","128302615","128302924","44","86637803"
"chr1","41772370","41772645","chrX","112314689","112314977","57","70542319"
"chr1","41858529","41858831","chr12","51845288","51845587","41","9986759"
"chr1","41962960","41963257","chr19","3064712","3065012","41","38898248"
"chr1","42106069","42106369","chr16","11126268","11126568","48","30979801"
"chr1","42144496","42144812","chr4","113912759","113913065","50","71768263"
"chr1","42390802","42391112","chr1","18792684","18792991","33","23598118"
"chr1","42617206","42617483","chr7","112179935","112180216","46","69562729"
"chr1","42801427","42801477","chr14","37204446","37204495","5","5596981"
"chr1","43053329","43053616","chr1","219677924","219678213","53","176624595"
"chr1","43094270","43094562","chr7","159886818","159887115","38","116792548"
"chr1","43114923","43115183","chr10","37817455","37817721","50","5297468"
"chr1","43121716","43122014","chr4","21706246","21706550","39","21415470"
"chr1","43208805","43209110","chr18","26757177","26757480","42","16451628"
"chr1","43220908","43221170","chr7","85384287","85384551","45","42163379"
"chr1","43366797","43367016","chr12","36948541","36948760","50","6418256"
"chr1","43464114","43464419","chr11","6947237","6947530","63","36516877"
"chr1","43609839","43610132","chr16","7715208","7715503","50","35894631"
"chr1","43641111","43641374","chr2","8131367","8131626","48","35509744"
"chr1","43685085","43685393","chr6","162160403","162160715","56","118475318"
"chr1","43704277","43704585","chr1","14143915","14144209","78","29560362"
"chr1","43782844","43783123","chr1","12716391","12716670","43","31066453"
"chr1","43787975","43788129","chr10","88461383","88461516","35","44673408"
"chr1","43851008","43851285","chr13","36289","36581","54","43814719"
"chr1","43965432","43965728","chr7","3607020","3607321","47","40358412"
"chr1","44243061","44243359","chr8","25582102","25582396","37","18660959"
"chr1","44329878","44330177","chr16","24435726","24436025","43","19894152"
"chr1","44426719","44427028","chr13","61259817","61260123","42","16833098"
"chr1","44462613","44462908","chr9","54879708","54880003","39","10417095"
"chr1","44561847","44562156","chr18","26757177","26757480","43","17804670"
"chr1","44698064","44698332","chr11","127929140","127929421","56","83231076"
"chr1","44732394","44732618","chr7","121329046","121329267","36","76596652"
"chr1","44756968","44757246","chr1","13186406","13186688","53","31570562"
"chr1","44807542","44807789","chr1","28502551","28502789","39","16304991"
"chr1","44828176","44828465","chr1","206447940","206448229","50","161619764"
"chr1","45041050","45041183","chr11","49192697","49192830","16","4151647"
"chr1","45080638","45080942","chr19","4404930","4405233","47","40675708"
"chr1","45087621","45087908","chr7","106626100","106626390","44","61538479"
"chr1","45090241","45090527","chr11","120626708","120626998","42","75536467"
"chr1","45163612","45163909","chr20","26401661","26401973","43","18761951"
"chr1","45358599","45358911","chr14","5934954","5935260","42","39423645"
"chr1","45359642","45359831","chr19","44351795","44351980","26","1007847"
"chr1","45374534","45374796","chr9","85269406","85269673","48","39894872"
"chr1","45387603","45387886","chr3","103259893","103260176","56","57872290"
"chr1","45477699","45477998","chr12","80591405","80591694","44","35113706"
"chr1","45482496","45482799","chr6","128302615","128302924","40","82820119"
"chr1","45494548","45494779","chr1","100959718","100959948","40","55465170"
"chr1","45643476","45643791","chr1","7993999","7994304","50","37649477"
"chr1","45716238","45716528","chr7","52736490","52736780","46","7020252"
"chr1","45732557","45732878","chr8","34244854","34245171","58","11487703"
"chr1","45846600","45846744","chr6","118359953","118360098","14","72513353"
"chr1","45966781","45967069","chr8","96528890","96529171","49","50562109"
"chr1","46116131","46116419","chr6","165743248","165743532","41","119627117"
"chr1","46133687","46133945","chr16","40089","40353","43","46093598"
"chr1","46196177","46196338","chr13","71991140","71991306","37","25794963"
"chr1","46196340","46196643","chr13","32817425","32817728","37","13378915"
"chr1","46387148","46387451","chr5","34488672","34488979","36","11898476"
"chr1","46612797","46613102","chr1","7993999","7994304","35","38618798"
"chr1","46642273","46642540","chr7","124962493","124962757","52","78320220"
"chr1","46746974","46747263","chr2","102989050","102989349","49","56242076"
"chr1","46807389","46807686","chr10","89578508","89578807","51","42771119"
"chr1","46942144","46942439","chr6","56773269","56773556","52","9831125"
"chr1","47102024","47102321","chr11","59744208","59744500","37","12642184"
"chr1","47117504","47117807","chr16","49861297","49861598","43","2743793"
"chr1","47293016","47293326","chr19","28776684","28776996","50","18516332"
"chr1","47625132","47625434","chr1","160132474","160132775","60","112507342"
"chr1","47714764","47715036","chr3","105771797","105772067","49","58057033"
"chr1","47787058","47787353","chrX","22003554","22003852","52","25783504"
"chr1","47801411","47801694","chr12","51506718","51507001","47","3705307"
"chr1","47931616","47931868","chr19","8085526","8085781","40","39846090"
"chr1","48026130","48026398","chr6","143287549","143287823","53","95261419"
"chr1","48050870","48051158","chr16","44203969","44204255","44","3846901"
"chr1","48102865","48103109","chr20","40663185","40663429","37","7439680"
"chr1","48208205","48208508","chr13","107030178","107030478","49","58821973"
"chr1","48240057","48240348","chr10","37576589","37576879","44","10663468"
"chr1","48244125","48244237","chr10","50392786","50392898","17","2148661"
"chr1","48297033","48297317","chr1","15291446","15291730","42","33005587"
"chr1","48514638","48514944","chr1","55001559","55001859","49","6486921"
"chr1","48606210","48606393","chr16","42613262","42613447","44","5992948"
"chr1","48802691","48802989","chr3","151746397","151746694","44","102943706"
"chr1","48891117","48891230","chr16","3400065","3400178","31","45491052"
"chr1","48891772","48891947","chr1","160301052","160301228","30","111409280"
"chr1","48957405","48957686","chr2","173392056","173392343","52","124434651"
"chr1","49151170","49151476","chr3","69228301","69228608","46","20077131"
"chr1","49219229","49219458","chr5","13027828","13028066","46","36191401"
"chr1","49532496","49532802","chr7","26393548","26393855","42","23138948"
"chr1","49607614","49607925","chr13","23501079","23501388","40","26106535"
"chr1","49608746","49608989","chr18","4225024","4225266","45","45383722"
"chr1","49625516","49625806","chr1","41936627","41936918","61","7688889"
"chr1","49635287","49635504","chr6","101369939","101370158","36","51734652"
"chr1","49654550","49654776","chrX","17150463","17150688","39","32504087"
"chr1","49682897","49683183","chr2","6729255","6729547","53","42953642"
"chr1","49806124","49806385","chrX","122712517","122712780","43","72906393"
"chr1","49875138","49875427","chr7","117030480","117030769","44","67155342"
"chr1","49914751","49914962","chr2","89593102","89593311","27","39678351"
"chr1","49949385","49949670","chr2","98400699","98400991","57","48451314"
"chr1","50151812","50152118","chr19","35566142","35566447","43","14585670"
"chr1","50166831","50167113","chr5","138263025","138263309","54","88096194"
"chr1","50214631","50214937","chr16","723376","723683","38","49491255"
"chr1","50385495","50385710","chr11","14184781","14184995","36","36200714"
"chr1","50482406","50482638","chr3","50901308","50901545","32","418902"
"chr1","50672997","50673300","chr1","128155382","128155688","37","77482385"
"chr1","50753266","50753563","chr1","57409674","57409970","47","6656408"
"chr1","50831548","50831847","chr5","46815378","46815679","47","4016170"
"chr1","50859729","50860034","chr2","46682521","46682821","34","4177208"
"chr1","50903593","50903887","chr17","67615661","67615951","43","16712068"
"chr1","50961814","50961946","chr1","80937785","80937929","28","29975971"
"chr1","51132294","51132563","chr2","123475859","123476128","51","72343565"
"chr1","51156314","51156618","chr1","184288081","184288385","39","133131767"
"chr1","51612796","51613089","chr2","29358710","29359004","45","22254086"
"chr1","51661414","51661706","chrX","38305357","38305649","42","13356057"
"chr1","52049006","52049312","chr10","46007696","46008002","35","6041310"
"chr1","52075731","52075991","chr4","79455473","79455733","52","27379742"
"chr1","52100937","52101232","chr8","25582102","25582396","33","26518835"
"chr1","52141688","52141998","chr1","7993999","7994304","36","44147689"
"chr1","52207021","52207325","chr1","7993999","7994304","34","44213022"
"chr1","52314765","52314950","chr16","48257872","48258055","38","4056893"
"chr1","52347700","52347980","chr16","68483486","68483773","45","16135786"
"chr1","52395666","52395960","chr3","45626371","45626668","35","6769295"
"chr1","52418778","52419041","chrX","88088678","88088937","43","35669900"
"chr1","52436772","52437077","chr2","101729881","101730183","35","49293109"
"chr1","52461870","52462119","chr20","23378215","23378467","53","29083655"
"chr1","52469063","52469321","chr12","52123362","52123630","50","345701"
"chr1","52657422","52657724","chrX","44962032","44962338","44","7695390"
"chr1","52687249","52687557","chr4","34099360","34099670","47","18587889"
"chr1","52729452","52729765","chr14","53927134","53927436","50","1197682"
"chr1","52734636","52734931","chr5","18950781","18951074","39","33783855"
"chr1","52745183","52745485","chr2","46682521","46682821","33","6062662"
"chr1","52976486","52976799","chr1","18852431","18852735","52","34124055"
"chr1","53021943","53022233","chr7","132975622","132975901","59","79953679"
"chr1","53198552","53198844","chr20","52705959","52706255","41","492593"
"chr1","53273950","53274252","chr1","152859352","152859656","43","99585402"
"chr1","53601864","53602144","chr12","63510718","63510999","41","9908854"
"chr1","53666748","53667042","chr7","37745230","37745526","39","15921518"
"chr1","53675293","53675541","chr1","28502551","28502789","52","25172742"
"chr1","53751628","53751932","chr8","99548469","99548767","45","45796841"
"chr1","53853867","53854151","chr9","40820473","40820753","52","13033394"
"chr1","53983325","53983638","chr5","81950527","81950835","42","27967202"
"chr1","53991267","53991574","chr1","83385711","83386020","48","29394444"
"chr1","54086326","54086604","chr6","144918364","144918646","48","90832038"
"chr1","54187849","54188158","chr4","56503347","56503657","43","2315498"
"chr1","54386257","54386549","chr18","48176114","48176407","38","6210143"
"chr1","54449424","54449744","chr11","44436962","44437271","56","10012462"
"chr1","54532827","54533090","chr17","38740004","38740272","41","15792823"
"chr1","54560327","54560605","chr19","46233848","46234134","39","8326479"
"chr1","54611869","54612141","chrX","22096869","22097140","50","32515000"
"chr1","54636788","54637080","chr17","38645879","38646172","43","15990909"
"chr1","54686354","54686630","chr7","120105838","120106111","47","65419484"
"chr1","54718423","54718678","chr7","125141660","125141921","35","70423237"
"chr1","54756695","54756990","chr6","168849558","168849851","35","114092863"
"chr1","54761844","54762128","chr4","34365154","34365445","42","20396690"
"chr1","54833231","54833532","chr7","26098437","26098733","44","28734794"
"chr1","54902891","54903185","chr18","49838043","49838335","38","5064848"
"chr1","55009499","55009791","chr2","183479322","183479622","43","128469823"
"chr1","55065308","55065594","chr6","150565896","150566187","52","95500588"
"chr1","55081040","55081336","chr3","169260164","169260459","35","114179124"
"chr1","55213534","55213838","chr4","94815998","94816302","42","39602464"
"chr1","55368457","55368753","chr6","142572268","142572563","37","87203811"
"chr1","55542271","55542399","chr7","158155171","158155302","14","102612900"
"chr1","55594144","55594442","chr9","10431929","10432229","40","45162215"
"chr1","55643413","55643718","chr11","36769212","36769521","43","18874201"
"chr1","55672203","55672506","chr20","41281745","41282048","43","14390458"
"chr1","55805116","55805408","chr11","59354462","59354754","40","3549346"
"chr1","55847373","55847674","chr13","125134336","125134638","38","69286963"
"chr1","55854427","55854728","chr5","48634563","48634861","47","7219864"
"chr1","55882337","55882637","chr13","73992590","73992885","49","18110253"
"chr1","55997121","55997254","chr1","129498511","129498647","15","73501390"
"chr1","56030658","56030960","chr9","19850832","19851138","37","36179826"
"chr1","56122742","56123010","chr11","104543888","104544165","46","48421146"
"chr1","56270317","56270613","chr16","47869063","47869366","53","8401254"
"chr1","56279823","56280037","chr8","56570363","56570574","26","290540"
"chr1","56367468","56367709","chr13","24808150","24808395","43","31559318"
"chr1","56429246","56429540","chr18","54954890","54955184","42","1474356"
"chr1","56437914","56438215","chr13","32817425","32817728","32","23620489"
"chr1","56463266","56463566","chr3","45626371","45626668","42","10836895"
"chr1","56493376","56493667","chr1","40137387","40137679","38","16355989"
"chr1","56574423","56574734","chr2","10503319","10503625","42","46071104"
"chr1","56592485","56592778","chr20","69234001","69234293","40","12641516"
"chr1","56640042","56640344","chr19","6515257","6515560","51","50124785"
"chr1","56755732","56756030","chr8","99548469","99548767","46","42792737"
"chr1","56760758","56760999","chr1","47626078","47626342","63","9134680"
"chr1","56762333","56762627","chr8","50025079","50025374","47","6737254"
"chr1","56804448","56804729","chrX","27848874","27849153","37","28955574"
"chr1","56818425","56818700","chrX","38603483","38603760","39","18214942"
"chr1","56857774","56858070","chr8","118421988","118422286","50","61564214"
"chr1","57130630","57130905","chr6","159897588","159897865","42","102766958"
"chr1","57207168","57207507","chr17","69495511","69495851","53","12288343"
"chr1","57623974","57624255","chr15","76799848","76800119","55","19175874"
"chr1","57691536","57691834","chr10","62550782","62551081","36","4859246"
"chr1","57877243","57877552","chr10","67405046","67405353","40","9527803"
"chr1","57879289","57879600","chr10","14025579","14025883","48","43853710"
"chr1","57923785","57924077","chr1","94365322","94365615","49","36441537"
"chr1","58184563","58184891","chr4","92753761","92754079","67","34569198"
"chr1","58214205","58214484","chr3","599816","600100","49","57614389"
"chr1","58262494","58262712","chr11","110903279","110903491","42","52640785"
"chr1","58485062","58485347","chr3","41262066","41262353","45","17222996"
"chr1","58608117","58608420","chr15","8303485","8303786","55","50304632"
"chr1","58673233","58673538","chr7","53299836","53300136","36","5373397"
"chr1","58756799","58757106","chr1","7993999","7994304","37","50762800"
"chr1","58847972","58848130","chr5","32447170","32447330","31","26400802"
"chr1","58926534","58926843","chr9","61900736","61901039","40","2974202"
"chr1","59102245","59102552","chr8","28809013","28809319","52","30293232"
"chr1","59103633","59103886","chr3","66658496","66658752","40","7554863"
"chr1","59127354","59127665","chr12","33374754","33375059","52","25752600"
"chr1","59360978","59361303","chr1","185461486","185461788","67","126100508"
"chr1","59399527","59399833","chr16","21958952","21959252","38","37440575"
"chr1","59520915","59521217","chrX","15713155","15713456","42","43807760"
"chr1","59577905","59578190","chr1","123513621","123513907","35","63935716"
"chr1","59590995","59591234","chr8","102916371","102916625","57","43325376"
"chr1","59624675","59624990","chr16","47232898","47233216","50","12391777"
"chr1","59966400","59966687","chr14","50817121","50817406","40","9149279"
"chr1","60093794","60094078","JH681881","15089","15373","48","60078705"
"chr1","60099795","60100091","chr6","126641819","126642115","55","66542024"
"chr1","60724832","60725091","chrX","122712517","122712780","42","61987685"
"chr1","60813665","60813975","chr9","56232549","56232853","44","4581116"
"chr1","60831432","60831730","chr4","103431771","103432066","46","42600339"
"chr1","60876278","60876568","chr1","204813267","204813556","42","143936989"
"chr1","60930733","60931006","chr5","79158515","79158797","50","18227782"
"chr1","61020971","61021259","chr6","126641819","126642115","47","65620848"
"chr1","61099275","61099551","chr1","42476755","42477044","46","18622520"
"chr1","61394325","61394622","chr10","78749019","78749318","33","17354694"
"chr1","61573491","61573791","chrX","28734753","28735052","41","32838738"
"chr1","61835133","61835433","chr9","25603269","25603573","39","36231864"
"chr1","61904193","61904502","chr10","85477981","85478291","47","23573788"
"chr1","61961956","61962261","chr4","103942747","103943051","39","41980791"
"chr1","62118807","62119104","chr18","49720034","49720328","45","12398773"
"chr1","62152155","62152448","chr3","103398952","103399243","40","41246797"
"chr1","62165170","62165459","chr7","119005570","119005858","40","56840400"
"chr1","62196123","62196434","chr3","139457691","139458000","42","77261568"
"chr1","62287469","62287712","chr7","151776343","151776597","48","89488874"
"chr1","62301941","62302241","chr16","11126268","11126568","37","51175673"
"chr1","62327856","62328158","chr11","66160852","66161149","45","3832996"
"chr1","62333089","62333367","chr11","6336482","6336759","37","55996607"
"chr1","62429187","62429473","chr1","47561643","47561930","44","14867544"
"chr1","62538632","62538932","chr3","129797709","129798006","34","67259077"
"chr1","62562624","62562921","chr6","132771815","132772114","39","70209191"
"chr1","62586202","62586518","chr2","130228273","130228581","38","67642071"
"chr1","62586606","62586891","chr1","196693141","196693428","41","134106535"
"chr1","62596075","62596373","chr2","123712519","123712817","37","61116444"
"chr1","62614487","62614784","chr1","134751031","134751328","44","72136544"
"chr1","62656577","62656870","chr1","94365322","94365615","40","31708745"
"chr1","62658040","62658346","chr1","192928162","192928470","43","130270122"
"chr1","62664800","62665105","chr11","98111901","98112202","40","35447101"
"chr1","62670894","62671201","chr16","15913576","15913871","48","46757318"
"chr1","62698701","62698995","chr3","13221117","13221415","42","49477584"
"chr1","62741016","62741246","chr7","122003349","122003563","60","59262333"
"chr1","62794514","62794780","chr4","108078292","108078567","48","45283778"
"chr1","62866288","62866445","chr1","96034726","96034891","40","33168438"
"chr1","62918840","62919124","chr1","118003993","118004283","39","55085153"
"chr1","62994525","62994822","chr1","29380917","29381213","43","33613608"
"chr1","63163360","63163476","chr14","59616901","59617021","33","3546459"
"chr1","63164059","63164196","chr1","197772553","197772689","20","134608494"
"chr1","63202201","63202486","chr16","1419036","1419322","37","61783165"
"chr1","63215984","63216200","chr19","26063120","26063346","46","37152864"
"chr1","63231414","63231729","chr5","52067156","52067469","39","11164258"
"chr1","63240269","63240573","chr13","25891204","25891506","44","37349065"
"chr1","63284122","63284418","chr1","117202786","117203088","43","53918664"
"chr1","63284859","63285156","chr12","11131478","11131777","40","52153381"
"chr1","63286670","63286768","chr1","121174855","121174956","15","57888185"
"chr1","63312555","63312810","chr11","59745076","59745331","41","3567479"
"chr1","63363817","63364160","chr7","151757003","151757338","66","88393186"
"chr1","63391918","63392208","chr9","49975796","49976096","44","13416122"
"chr1","63412141","63412445","chr13","32817425","32817728","33","30594716"
"chr1","63502663","63502972","chr7","77029098","77029406","41","13526435"
"chr1","63641002","63641363","chr8","57754701","57755050","81","5886301"
"chr1","63702333","63702641","chr1","128155382","128155688","37","64453049"
"chr1","63709094","63709273","chr15","42790613","42790798","37","20918481"
"chr1","63732795","63733016","chr9","18207388","18207612","32","45525407"
"chr1","63753639","63753933","chr11","59744208","59744500","33","4009431"
"chr1","63755475","63755731","chr11","59745076","59745331","35","4010399"
"chr1","63860207","63860509","chr2","26920317","26920619","40","36939890"
"chr1","63976664","63976977","chr8","88676366","88676678","40","24699702"
"chr1","64019319","64019612","chrX","45487697","45487995","33","18531622"
"chr1","64208572","64208880","chr6","103084220","103084533","45","38875648"
"chr1","64405196","64405492","chr3","127208330","127208628","39","62803134"
"chr1","64528047","64528348","chr3","93538091","93538395","43","29010044"
"chr1","64547457","64547701","chr13","37703262","37703498","54","26844195"
"chr1","64583695","64583994","chr1","185461486","185461788","46","120877791"
"chr1","64604088","64604381","chr6","142572268","142572563","39","77968180"
"chr1","64606965","64607279","chr7","49324027","49324336","46","15282938"
"chr1","64790981","64791267","chr2","54446473","54446765","48","10344508"
"chr1","64843811","64844103","chr15","101493605","101493896","41","36649794"
"chr1","64849228","64849546","chr11","5087873","5088184","56","59761355"
"chr1","64873665","64873969","chr11","64177104","64177402","38","696561"
"chr1","64877862","64878157","chr4","59635489","59635787","43","5242373"
"chr1","64890562","64890857","chr20","32556971","32557267","36","32333591"
"chr1","64900634","64900938","chr1","39013788","39014096","50","25886846"
"chr1","65010862","65011146","chr9","39098387","39098682","43","25912475"
"chr1","65012483","65012771","chr9","37613139","37613425","36","27399344"
"chr1","65036447","65036753","chr8","6038103","6038400","53","58998344"
"chr1","65039985","65040262","chr3","162422587","162422851","55","97382602"
"chr1","65047875","65048139","chr7","95400338","95400610","43","30352463"
"chr1","65055611","65055741","chr13","43588935","43589068","19","21466676"
"chr1","65056202","65056258","chr16","44740704","44740760","8","20315498"
"chr1","65161239","65161540","chr9","52526814","52527115","35","12634425"
"chr1","65219037","65219331","chr17","83808601","83808892","44","18589564"
"chr1","65243481","65243792","chrX","122210526","122210830","48","56967045"
"chr1","65252778","65253076","chr2","102989050","102989349","40","37736272"
"chr1","65272796","65273093","chr7","36979903","36980199","43","28292893"
"chr1","65349826","65350093","chr2","39029241","39029515","47","26320585"
"chr1","65396300","65396596","chr11","103464317","103464610","50","38068017"
"chr1","65433176","65433325","chr2","173843410","173843555","25","108410234"
"chr1","65488532","65488857","chr14","109223857","109224178","58","43735325"
"chr1","65601322","65601631","chr3","45369493","45369802","39","20231829"
"chr1","65676628","65676898","chr1","115404557","115404821","33","49727929"
"chr1","65772031","65772326","chr9","16116377","16116674","50","49655654"
"chr1","65797734","65798037","chr11","10098018","10098319","32","55699716"
"chr1","65799276","65799364","chrX","75553968","75554057","12","9754692"
"chr1","65800411","65800680","chr20","37404718","37404983","31","28395693"
"chr1","65821040","65821343","chr1","79952767","79953067","41","14131727"
"chr1","65873130","65873429","chr2","46682521","46682821","32","19190609"
"chr1","65905111","65905416","chr2","90167138","90167438","46","24262027"
"chr1","65989744","65990055","chrX","107968837","107969145","36","41979093"
"chr1","65993326","65993636","chr1","195161491","195161794","42","129168165"
"chr1","66058653","66058954","chr10","84950610","84950912","40","18891957"
"chr1","66066184","66066475","chr7","52736490","52736780","40","13329694"
"chr1","66135063","66135357","chr17","10114847","10115143","33","56020216"
"chr1","66156685","66156977","chr2","184580196","184580486","41","118423511"
"chr1","66166180","66166481","chr6","148752882","148753187","44","82586702"
"chr1","66183148","66183450","chr13","72948254","72948560","39","6765106"
"chr1","66286166","66286453","chr10","18978908","18979205","56","47307258"
"chr1","66395105","66395410","chr2","165727429","165727730","47","99332324"
"chr1","66442302","66442590","chr3","103398952","103399243","39","36956650"
"chr1","66452758","66453038","chr8","96528890","96529171","38","30076132"
"chr1","66463206","66463476","chr16","1630024","1630299","46","64833182"
"chr1","66472088","66472395","chr9","25603269","25603573","38","40868819"
"chr1","66519919","66520104","chr5","69980681","69980871","38","3460762"
"chr1","66538633","66538899","chrX","75473365","75473630","45","8934732"
"chr1","66556371","66556662","chr1","65662451","65662746","40","893920"
"chr1","66562377","66562672","chr6","131913656","131913961","54","65351279"
"chr1","66593200","66593502","chr11","47924958","47925256","37","18668242"
"chr1","66593978","66594283","chr9","55528849","55529154","48","11065129"
"chr1","66606087","66606389","chr7","13474578","13474886","37","53131509"
"chr1","66614988","66615300","chr10","64805632","64805934","44","1809356"
"chr1","66623865","66624154","chr3","48298408","48298697","40","18325457"
"chr1","66641767","66642041","chr1","66312858","66313145","46","328909"
"chr1","66687512","66687665","chr4","103459648","103459795","20","36772136"
"chr1","66717808","66718095","chr19","46233848","46234134","34","20483960"
"chr1","66729336","66729518","chr2","186518455","186518632","40","119789119"
"chr1","66740989","66741249","chr19","44692467","44692718","41","22048522"
"chr1","66769306","66769438","chr7","3074172","3074302","20","63695134"
"chr1","66779675","66779975","chr3","63552234","63552532","35","3227441"
"chr1","66857846","66858131","chr6","125918513","125918796","52","59060667"
"chr1","66948844","66949148","chr14","53927134","53927436","45","13021710"
"chr1","67066082","67066371","chr12","93108642","93108929","45","26042560"
"chr1","67128302","67128580","chr1","42476755","42477044","44","24651547"
"chr1","67471708","67471990","chr12","93108642","93108929","53","25636934"
"chr1","67516988","67517290","chr16","20356273","20356575","38","47160715"
"chr1","67547156","67547462","chr19","10711795","10712097","41","56835361"
"chr1","67637249","67637548","chr6","124714488","124714790","48","57077239"
"chr1","67841181","67841483","chr20","13516848","13517143","46","54324333"
"chr1","67888312","67888461","chr20","52863925","52864060","29","15024387"
"chr1","67938295","67938583","chr3","78122440","78122733","46","10184145"
"chr1","68042882","68043173","chr13","88006009","88006300","40","19963127"
"chr1","68298862","68299175","chr3","34969388","34969689","53","33329474"
"chr1","68302676","68302960","chr3","43135407","43135692","44","25167269"
"chr1","68361968","68362262","chr6","74779082","74779380","38","6417114"
"chr1","68375532","68375837","chr13","62991818","62992120","41","5383714"
"chr1","68422226","68422467","chr5","106833528","106833775","42","38411302"
"chr1","68427296","68427445","chr4","103459648","103459795","32","35032352"
"chr1","68439274","68439575","chr6","52354618","52354928","47","16084656"
"chr1","68458199","68458493","chrX","123457402","123457697","45","54999203"
"chr1","68527533","68527821","chr1","181888418","181888704","39","113360885"
"chr1","68541652","68541930","chr1","47939210","47939486","42","20602442"
"chr1","68553980","68554094","chr6","148375288","148375408","15","79821308"
"chr1","68575203","68575488","chrX","66028245","66028526","56","2546958"
"chr1","68743076","68743354","chr11","13970947","13971229","42","54772129"
"chr1","68803593","68803902","chr5","81950527","81950835","35","13146934"
"chr1","68807042","68807334","chr19","11118423","11118714","38","57688619"
"chr1","68905848","68906139","chr3","45626371","45626668","34","23279477"
"chr1","69028010","69028305","chr2","186511571","186511867","36","117483561"
"chr1","69065276","69065534","chr12","11118853","11119115","44","57946423"
"chr1","69105417","69105719","chr1","43639311","43639611","35","25466106"
"chr1","69127092","69127389","chr7","25749480","25749772","36","43377612"
"chr1","69152874","69153160","chr1","94365322","94365615","45","25212448"
"chr1","69191276","69191564","chr17","79254878","79255163","29","10063602"
"chr1","69236102","69236377","chr3","103259893","103260176","41","34023791"
"chr1","69245556","69245855","chr1","56006926","56007222","44","13238630"
"chr1","69299497","69299795","chr1","219225924","219226223","35","149926427"
"chr1","69313590","69313864","chr1","206653852","206654120","48","137340262"
"chr1","69359876","69360180","chr3","69228301","69228608","48","131575"
"chr1","69391663","69391946","chr10","36561936","36562230","45","32829727"
"chr1","69395795","69396090","chr7","16206849","16207148","39","53188946"
"chr1","69397194","69397496","chrX","118404209","118404518","39","49007015"
"chr1","69405452","69405748","chr6","142572268","142572563","39","73166816"
"chr1","69428592","69428875","chr11","115360951","115361238","36","45932359"
"chr1","69464773","69465065","chr2","77735973","77736266","49","8271200"
"chr1","69563154","69563440","chr7","116003807","116004088","44","46440653"
"chr1","69579814","69580090","chr17","30318493","30318771","44","39261321"
"chr1","69625941","69626139","chr1","96186231","96186430","40","26560290"
"chr1","69720797","69721077","chr1","48763142","48763429","58","20957655"
"chr1","69863465","69863795","chr11","122217098","122217409","71","52353633"
"chr1","69902859","69903078","chr9","18207388","18207612","35","51695471"
"chr1","69929699","69930006","chr7","120310502","120310798","39","50380803"
"chr1","69983353","69983639","chr7","76030939","76031229","44","6047586"
"chr1","69985466","69985757","chr8","28269416","28269719","46","41716050"
"chr1","70054950","70055241","chr7","51613254","51613546","39","18441696"
"chr1","70097956","70098259","chr6","142572268","142572563","37","72474312"
"chr1","70172361","70172654","chr5","52449180","52449473","47","17723181"
"chr1","70250620","70250907","chr7","72707693","72707981","45","2457073"
"chr1","70313971","70314265","chr1","158805545","158805840","42","88491574"
"chr1","70353560","70353851","chr9","113200398","113200692","36","42846838"
"chr1","70409612","70409896","chr4","52805264","52805547","35","17604348"
"chr1","70423481","70423757","chr1","12529331","12529609","42","57894150"
"chr1","70505339","70505650","chr1","194910525","194910833","44","124405186"
"chr1","70648138","70648426","chr9","14690494","14690788","44","55957644"
"chr1","70692052","70692330","chr2","28624536","28624818","47","42067516"
"chr1","70835364","70835635","chr12","93024254","93024533","47","22188890"
"chr1","70917437","70917727","chr1","93115258","93115554","37","22197821"
"chr1","70961421","70961713","chr11","46110133","46110427","51","24851288"
"chr1","71006803","71007067","chr6","58171306","58171571","46","12835497"
"chr1","71391333","71391634","chr7","16206849","16207148","43","55184484"
"chr1","71441216","71441494","chrX","38603483","38603760","33","32837733"
"chr1","71441832","71442125","JH682036","358126","358421","35","71083706"
"chr1","71622343","71622636","chr2","81991105","81991401","42","10368762"
"chr1","71736481","71736773","chr2","178722322","178722615","30","106985841"
"chr1","71817001","71817272","chr2","87275343","87275609","46","15458342"
"chr1","71856752","71857036","chr4","31083851","31084133","38","40772901"
"chr1","71872441","71872744","chr5","56973726","56974023","46","14898715"
"chr1","71885916","71886204","chr20","62773757","62774047","41","9112159"
"chr1","71918796","71919060","chr2","99632317","99632577","43","27713521"
"chr1","71922742","71923026","chr10","79154399","79154691","45","7231657"
"chr1","71970230","71970533","chr13","107030178","107030478","39","35059948"
"chr1","71979540","71979800","chr4","79455473","79455733","36","7475933"
"chr1","72194059","72194354","chr5","129313630","129313931","46","57119571"
"chr1","72284828","72285138","chr3","35164529","35164835","46","37120299"
"chr1","72291354","72291639","chr16","1419036","1419322","41","70872318"
"chr1","72312501","72312795","chr11","131492005","131492296","41","59179504"
"chr1","72359007","72359288","chr1","125312140","125312429","47","52953133"
"chr1","72375611","72375909","chr10","60795574","60795876","51","11580037"
"chr1","72385790","72386093","chr1","216020767","216021074","47","143634977"
"chr1","72405013","72405324","chr11","121319694","121320003","43","48914681"
"chr1","72477161","72477464","chr18","37016744","37017048","46","35460417"
"chr1","72503932","72504220","chr18","12269702","12269996","48","60234230"
"chr1","72567200","72567494","chr6","16748520","16748817","37","55818680"
"chr1","72573211","72573502","chr18","50068641","50068944","46","22504570"
"chr1","72589660","72589972","chr18","20740769","20741070","51","51848891"
"chr1","72599153","72599442","chr9","92292916","92293201","42","19693763"
"chr1","72607894","72608204","chr1","20012770","20013073","44","52595124"
"chr1","72611087","72611307","chr3","52223124","52223361","54","20387963"
"chr1","72618267","72618442","chr14","64277185","64277361","29","8341082"
"chr1","72643038","72643293","chr20","23378215","23378467","33","49264823"
"chr1","72682270","72682554","JH682036","358126","358421","41","72324144"
"chr1","72708157","72708458","chr1","946135","946434","37","71762022"
"chr1","72742760","72743001","chr3","42975213","42975449","37","29767547"
"chr1","72822761","72823043","chr15","95082927","95083212","31","22260166"
"chr1","72838786","72839083","chr9","31646265","31646560","41","41192521"
"chr1","72940263","72940569","chr6","128302615","128302924","40","55362352"
"chr1","73048843","73049151","chr11","122719062","122719360","54","49670219"
"chr1","73050273","73050406","chr1","14531647","14531775","33","58518626"
"chr1","73068492","73068808","chr12","63712638","63712948","46","9355854"
"chr1","73080670","73080971","chr6","143658894","143659197","47","70578224"
"chr1","73212999","73213298","chrX","15713155","15713456","33","57499844"
"chr1","73275848","73276151","chr7","73560013","73560323","46","284165"
"chr1","73287183","73287443","chr20","69861641","69861906","44","3425542"
"chr1","73292968","73293264","chr4","46369888","46370186","40","26923080"
"chr1","73296128","73296438","chr7","77029098","77029406","41","3732970"
"chr1","73323218","73323502","chr9","93552709","93552987","37","20229491"
"chr1","73378501","73378790","chr7","29116078","29116368","49","44262423"
"chr1","73580688","73580989","chr19","31703737","31704037","46","41876951"
"chr1","73712947","73713257","chr8","94310731","94311042","36","20597784"
"chr1","73900946","73901239","chr7","106578061","106578354","40","32677115"
"chr1","73906654","73906778","chr18","2815099","2815224","18","71091555"
"chr1","74008824","74009136","chr8","94310731","94311042","39","20301907"
"chr1","74026144","74026455","chr5","173702377","173702681","52","99676233"
"chr1","74053545","74053838","chr6","136733017","136733318","46","62679472"
"chr1","74101947","74102252","chr1","53873835","53874134","44","20228112"
"chr1","74122626","74122917","chr6","161763310","161763606","50","87640684"
"chr1","74128639","74128918","chrX","38603483","38603760","37","35525156"
"chr1","74161391","74161624","chr7","121329046","121329267","40","47167655"
"chr1","74186795","74187102","chrX","43179195","43179504","45","31007600"
"chr1","74223274","74223380","chr10","79381518","79381624","11","5158244"
"chr1","74226238","74226531","chr13","117417087","117417382","40","43190849"
"chr1","74312268","74312573","chr4","74474905","74475205","40","162637"
"chr1","74346341","74346645","chr2","184494540","184494844","41","110148199"
"chr1","74420761","74421062","chr9","25603269","25603573","29","48817492"
"chr1","74422719","74423021","chr8","22017351","22017655","42","52405368"
"chr1","74450287","74450586","chr14","5934954","5935260","41","68515333"
"chr1","74467054","74467348","chr13","68982542","68982833","44","5484512"
"chr1","74508854","74509143","chr9","79342653","79342946","28","4833799"
"chr1","74560082","74560382","chrX","106984692","106984991","45","32424610"
"chr1","74579552","74579850","chr12","91566288","91566580","52","16986736"
"chr1","74661752","74662045","chr7","129456939","129457235","49","54795187"
"chr1","74667224","74667494","chr1","179220786","179221062","57","104553562"
"chr1","74707358","74707658","chr2","96826999","96827292","53","22119641"
"chr1","74719057","74719365","chr9","118804453","118804764","47","44085396"
"chr1","74720208","74720382","chr1","160301052","160301228","26","85580844"
"chr1","74721694","74722003","chr3","12603123","12603437","41","62118571"
"chr1","74816051","74816350","chr20","54767706","54767999","40","20048345"
"chr1","74892936","74893230","chr3","84549220","84549514","47","9656284"
"chr1","74899007","74899292","chr6","152714147","152714429","43","77815140"
"chr1","74912507","74912809","chr13","62845083","62845387","40","12067424"
"chr1","75022321","75022596","chrX","62082325","62082604","43","12939996"
"chr1","75076355","75076639","chr8","28825632","28825920","45","46250723"
"chr1","75275726","75276029","chr1","19844467","19844774","49","55431259"
"chr1","75299243","75299540","chr18","51349475","51349767","42","23949768"
"chr1","75302349","75302646","chr19","11193722","11194017","39","64108627"
"chr1","75355088","75355381","chr2","96826999","96827292","42","21471911"
"chr1","75382397","75382678","chr9","11593823","11594109","42","63788574"
"chr1","75391513","75391828","chr15","103639004","103639320","50","28247491"
"chr1","75406784","75407078","chr11","59744208","59744500","35","15662576"
"chr1","75448196","75448497","chr1","65662451","65662746","48","9785745"
"chr1","75482401","75482707","chr6","114684547","114684859","42","39202146"
"chr1","75502322","75502614","chr11","59744208","59744500","27","15758114"
"chr1","75526617","75526922","chr8","2817861","2818159","45","72708756"
"chr1","75527413","75527691","chr9","84372000","84372280","39","8844587"
"chr1","75537305","75537610","chr2","11949199","11949495","46","63588106"
"chr1","75538662","75538947","chr13","25429301","25429585","39","50109361"
"chr1","75561869","75562164","chr1","65662451","65662746","43","9899418"
"chr1","75578436","75578742","chr2","18622662","18622964","44","56955774"
"chr1","75788871","75789090","chr13","98015790","98016008","36","22226919"
"chr1","75822605","75822909","chr8","29386987","29387291","38","46435618"
"chr1","75926599","75926909","chr10","15325102","15325413","52","60601497"
"chr1","75962222","75962518","chr11","13702068","13702363","37","62260154"
"chr1","75974370","75974633","chrX","88088678","88088937","49","12114308"
"chr1","75978608","75978872","chr19","6979901","6980160","45","68998707"
"chr1","75991506","75991799","chr1","125312140","125312429","38","49320634"
"chr1","76044058","76044354","chr1","191232237","191232533","32","115188179"
"chr1","76129782","76130078","chr2","85250207","85250498","48","9120425"
"chr1","76168540","76168846","chr12","95049657","95049963","41","18881117"
"chr1","76232965","76233257","chr7","114975915","114976207","38","38742950"
"chr1","76262299","76262598","chr7","90971726","90972022","32","14709427"
"chr1","76591859","76592158","chr11","123390509","123390805","48","46798650"
"chr1","76623259","76623547","chr7","133065043","133065330","28","56441784"
"chr1","76632078","76632374","chr16","25497520","25497816","39","51134558"
"chr1","76644302","76644603","chr13","32817425","32817728","31","43826877"
"chr1","76710439","76710736","chr4","33663349","33663650","38","43047090"
"chr1","76721876","76722166","chr9","54851874","54852161","39","21870002"
"chr1","76727669","76727963","chr5","162478601","162478895","47","85750932"
"chr1","76736243","76736549","chr13","60883892","60884196","47","15852351"
"chr1","76787044","76787359","chr4","125474689","125474994","43","48687645"
"chr1","76796932","76797169","chr7","24936105","24936346","31","51860827"
"chr1","76822317","76822614","chr6","162269485","162269783","42","85447168"
"chr1","76829330","76829625","chrX","23718809","23719106","53","53110521"
"chr1","76839938","76840240","chrX","15713155","15713456","38","61126783"
"chr1","76843827","76844132","chr6","139676559","139676861","44","62832732"
"chr1","76857087","76857393","chr10","78793021","78793318","55","1935934"
"chr1","76882878","76883173","chr18","16405974","16406267","27","60476904"
"chr1","76897064","76897366","chr8","90415069","90415367","40","13518005"
"chr1","76903197","76903495","chr2","101651204","101651504","34","24748007"
"chr1","76905425","76905715","chr20","65834057","65834351","42","11071368"
"chr1","76929344","76929627","chr19","7821204","7821487","36","69108140"
"chr1","76940399","76940706","chr13","127856958","127857258","46","50916559"
"chr1","76951909","76952209","chr18","29686031","29686328","31","47265878"
"chr1","76953258","76953509","chr2","100062378","100062646","44","23109120"
"chr1","76954431","76954736","chrX","33444881","33445180","53","43509550"
"chr1","76979625","76979895","chr2","100062378","100062646","39","23082753"
"chr1","76994107","76994395","chr16","6770900","6771189","52","70223207"
"chr1","76997912","76998216","chr4","41334041","41334346","48","35663871"
"chr1","77007940","77008243","chr10","46200221","46200532","37","30807719"
"chr1","77010346","77010650","chr1","152625689","152625995","36","75615343"
"chr1","77050160","77050442","chr5","106553792","106554074","43","29503632"
"chr1","77096185","77096473","chr11","114923633","114923926","43","37827448"
"chr1","77107295","77107568","chr14","105831507","105831787","43","28724212"
"chr1","77139290","77139558","chr17","50981326","50981584","47","26157964"
"chr1","77175740","77175964","chr1","134175163","134175385","42","56999423"
"chr1","77209558","77209831","chr16","2090775","2091048","38","75118783"
"chr1","77216156","77216453","chr6","10222825","10223120","37","66993331"
"chr1","77249210","77249517","chr10","4782587","4782896","44","72466623"
"chr1","77250340","77250622","chr5","140347209","140347487","79","63096869"
"chr1","77254626","77254917","chr1","13186406","13186688","40","64068220"
"chr1","77259162","77259471","chr13","64539301","64539609","50","12719861"
"chr1","77287846","77288152","chr2","46682521","46682821","36","30605325"
"chr1","77293792","77294024","chr3","121231389","121231617","36","43937597"
"chr1","77321581","77321877","chr7","90971726","90972022","36","13650145"
"chr1","77397612","77397896","chr2","57070806","57071095","50","20326806"
"chr1","77524458","77524759","chr2","46682521","46682821","38","30841937"
"chr1","77526829","77527126","chr20","50517794","50518089","45","27009035"
"chr1","77546129","77546424","chr12","68470545","68470847","44","9075584"
"chr1","77554047","77554324","chr7","18532501","18532788","45","59021546"
"chr1","77609293","77609615","chr4","34099360","34099670","57","43509933"
"chr1","77625731","77626006","chrX","62948145","62948432","55","14677586"
"chr1","77635181","77635483","chr10","19896335","19896635","50","57738846"
"chr1","77692034","77692312","chr3","47408821","47409099","53","30283213"
"chr1","77809843","77810105","chr1","30765363","30765624","39","47044480"
"chr1","77818221","77818505","chr20","4346618","4346904","41","73471603"
"chr1","77825675","77825980","chr1","41248067","41248366","36","36577608"
"chr1","77877082","77877376","chr8","7627177","7627468","41","70249905"
"chr1","77892028","77892326","chr5","72034781","72035074","50","5857247"
"chr1","78016181","78016477","chr7","90971726","90972022","32","12955545"
"chr1","78018789","78019080","chr8","90463712","90464008","35","12444923"
"chr1","78021359","78021648","chr4","13002327","13002618","33","65019032"
"chr1","78021835","78022150","chr6","127875365","127875677","43","49853530"
"chr1","78053028","78053319","chr2","184580196","184580486","48","106527168"
"chr1","78067986","78068305","chr6","138646599","138646914","56","60578613"
"chr1","78143698","78143992","chr15","104125649","104125949","43","25981951"
"chr1","78167773","78167895","chr6","148375288","148375408","10","70207515"
"chr1","78190063","78190372","chr2","10503319","10503625","48","67686744"
"chr1","78258873","78259160","chr1","124250793","124251086","42","45991920"
"chr1","78260703","78260998","chr1","129924466","129924761","36","51663763"
"chr1","78263960","78264256","chr11","59744208","59744500","33","18519752"
"chr1","78270390","78270697","chr16","52173025","52173334","37","26097365"
"chr1","78277507","78277800","chr1","47037653","47037936","53","31239854"
"chr1","78321725","78322023","chrX","45487697","45487995","41","32834028"
"chr1","78440125","78440425","chr15","7561500","7561795","49","70878625"
"chr1","78496696","78496947","chr15","90883671","90883921","42","12386975"
"chr1","78513702","78513996","chr3","10482926","10483222","39","68030776"
"chr1","78535208","78535490","chr1","27049382","27049672","38","51485826"
"chr1","78657895","78658202","chr5","170875139","170875447","36","92217244"
"chr1","78756313","78756594","chr16","72361131","72361399","45","6395182"
"chr1","78963090","78963356","chr1","188472214","188472490","51","109509124"
"chr1","79014138","79014449","chr1","115385292","115385603","52","36371154"
"chr1","79027917","79028221","chr15","96983547","96983850","40","17955630"
"chr1","79050930","79051211","chr15","105031937","105032214","42","25981007"
"chr1","79076682","79076984","chr13","32817425","32817728","34","46259257"
"chr1","79158874","79159141","chr19","15854184","15854459","47","63304690"
"chr1","79246053","79246369","chr3","85814231","85814531","48","6568178"
"chr1","79388814","79389113","chr7","106942061","106942360","39","27553247"
"chr1","79431654","79431951","chr7","16206849","16207148","44","63224805"
"chr1","79468226","79468508","chr7","18735112","18735394","47","60733114"
"chr1","79532519","79532788","chr1","56231804","56232091","59","23300715"
"chr1","79567376","79567679","chr8","34976656","34976956","50","44590720"
"chr1","79575092","79575383","chr7","116526224","116526516","55","36951132"
"chr1","79586111","79586272","chr19","1776347","1776502","29","77809764"
"chr1","79588047","79588330","chr1","113372368","113372650","54","33784321"
"chr1","79626877","79627178","chr3","97578023","97578324","43","17951146"
"chr1","79634460","79634743","chr2","145678527","145678809","43","66044067"
"chr1","79681681","79681974","chr15","83740001","83740291","35","4058320"
"chr1","79686655","79686961","chr3","34969388","34969689","39","44717267"
"chr1","79711460","79711762","chr5","154496569","154496874","49","74785109"
"chr1","79730597","79730894","chr11","59744208","59744500","48","19986389"
"chr1","79749734","79750032","chr10","29691322","29691619","39","50058412"
"chr1","79755444","79755764","chr6","138646599","138646914","51","58891155"
"chr1","79771921","79772175","chr4","118305946","118306203","35","38534025"
"chr1","79785091","79785384","chr4","156392167","156392463","33","76607076"
"chr1","79786682","79786965","chr4","20045092","20045381","41","59741590"
"chr1","79791849","79792151","chr2","164221122","164221425","51","84429273"
"chr1","79794234","79794539","chr15","105591428","105591721","47","25797194"
"chr1","79910368","79910667","chr2","135425345","135425630","55","55514977"
"chr1","79931638","79931948","chr15","53990850","53991154","47","25940788"
"chr1","79960718","79960781","chr16","38161731","38161797","10","41798987"
"chr1","79961075","79961281","chr7","155860210","155860412","51","75899135"
"chr1","80005043","80005335","chr13","117417087","117417382","49","37412044"
"chr1","81024211","81024509","chr3","45626371","45626668","38","35397840"
"chr1","81025322","81025622","chr12","68470545","68470847","50","12554777"
"chr1","81093173","81093463","chr20","41238880","41239173","45","39854293"
"chr1","81107334","81107640","chr1","123829563","123829868","35","42722229"
"chr1","81115493","81115797","chr11","33968956","33969265","46","47146537"
"chr1","81238835","81239114","chr2","94343271","94343561","38","13104436"
"chr1","81259005","81259301","chr2","123712519","123712817","43","42453514"
"chr1","81329937","81330241","chr13","32817425","32817728","34","48512512"
"chr1","81398701","81398990","chr10","62550782","62551081","38","18847919"
"chr1","81405943","81406247","chr19","50898678","50898974","43","30507265"
"chr1","81527089","81527382","chr2","178187197","178187490","41","96660108"
"chr1","81564446","81564733","chr6","144918364","144918646","44","63353918"
"chr1","81665657","81665932","chrX","62378326","62378608","40","19287331"
"chr1","81691349","81691656","chr1","30886272","30886580","41","50805077"
"chr1","81704024","81704319","chr1","44950004","44950301","44","36754020"
"chr1","81740642","81740924","chr2","88612634","88612907","54","6871992"
"chr1","81791361","81791659","chr4","103942747","103943051","41","22151386"
"chr1","81823818","81824055","chr2","152362006","152362254","57","70538188"
"chr1","81992607","81992893","chr18","6536577","6536864","48","75456030"
"chr1","82026648","82026947","chr18","23762985","23763286","38","58263663"
"chr1","82039033","82039239","chr7","155860210","155860412","33","73821177"
"chr1","82145605","82145899","chr7","72707693","72707981","42","9437912"
"chr1","82166765","82167073","chr1","194910525","194910833","39","112743760"
"chr1","82223459","82223756","chr4","69347489","69347789","39","12875970"
"chr1","82264932","82265229","chr2","106418670","106418975","35","24153738"
"chr1","82286867","82287210","chr5","38973943","38974261","86","43312924"
"chr1","82294661","82294892","chrX","44321441","44321669","52","37973220"
"chr1","82344563","82344850","chr2","29248691","29248978","55","53095872"
"chr1","82357337","82357617","chr6","135557319","135557608","49","53199982"
"chr1","82418578","82418853","chrX","93370410","93370689","43","10951832"
"chr1","82428151","82428448","chr2","43087474","43087766","46","39340677"
"chr1","82500797","82501065","chr6","164769454","164769719","45","82268657"
"chr1","82521117","82521420","chr3","1677279","1677576","43","80843838"
"chr1","82528091","82528388","chr6","124714488","124714790","60","42186397"
"chr1","82585157","82585447","chr4","13002327","13002618","45","69582830"
"chr1","82639689","82639905","chr8","106753071","106753288","38","24113382"
"chr1","82855220","82855463","chr18","65667406","65667652","34","17187814"
"chr1","82856018","82856209","chr8","41454467","41454670","43","41401551"
"chr1","82983272","82983553","chr20","47816140","47816429","45","35167132"
"chr1","83053651","83053811","chr11","12292266","12292419","29","70761385"
"chr1","83102894","83103198","chr14","53927134","53927436","44","29175760"
"chr1","83107655","83107917","chr1","47626078","47626342","39","35481577"
"chr1","83182762","83183017","chr1","93917719","93917978","49","10734957"
"chr1","83207234","83207495","chr4","79455473","79455733","40","3751761"
"chr1","83227902","83228192","chrX","16426045","16426331","54","66801857"
"chr1","83525691","83525952","chr8","93225344","93225611","50","9699653"
"chr1","83601268","83601565","chr1","52545621","52545912","46","31055647"
"chr1","83649525","83649829","chr14","63716116","63716415","42","19933409"
"chr1","83736907","83737148","chr1","110833043","110833288","44","27096136"
"chr1","83776377","83776679","chr16","47869063","47869366","40","35907314"
"chr1","83778030","83778306","chr7","130654165","130654431","49","46876135"
"chr1","83824229","83824491","chr13","96773609","96773864","53","12949380"
"chr1","83831994","83832286","chrX","45487697","45487995","42","38344297"
"chr1","83899133","83899349","chr8","28282237","28282471","47","55616896"
"chr1","83907394","83907688","chr1","66312858","66313145","43","17594536"
"chr1","83915611","83915977","chr19","3101102","3101451","91","80814509"
"chr1","83920325","83920612","chr5","9919693","9919985","47","74000632"
"chr1","83980664","83980978","chr11","36769212","36769521","46","47211452"
"chr1","83982803","83983106","chr13","69700961","69701271","50","14281842"
"chr1","84000114","84000415","chr1","124050585","124050888","31","40050471"
"chr1","84024750","84025048","chr10","78749019","78749318","35","5275731"
"chr1","84108768","84109071","chr8","80991694","80991999","53","3117074"
"chr1","84133453","84133743","chr4","10912888","10913182","45","73220565"
"chr1","84157441","84157802","chr1","188682239","188682601","82","104524798"
"chr1","84186800","84187099","chr13","85932569","85932862","41","1745769"
"chr1","84220458","84220675","chr7","121329046","121329267","26","37108588"
"chr1","84237774","84238012","chr7","24936105","24936346","35","59301669"
"chr1","84240521","84240681","chr2","87235359","87235513","27","2994838"
"chr1","84251131","84251429","chr11","59744208","59744500","34","24506923"
"chr1","84254065","84254354","chr1","12375948","12376243","51","71878117"
"chr1","84315808","84316105","chr8","69722212","69722504","45","14593596"
"chr1","84319898","84320186","chr10","30085573","30085855","44","54234325"
"chr1","84337942","84338251","chr1","190584411","190584720","49","106246469"
"chr1","84347109","84347414","chr6","124714488","124714790","37","40367379"
"chr1","84375234","84375531","chr9","24176785","24177084","40","60198449"
"chr1","84378692","84378972","chr17","15630764","15631058","45","68747928"
"chr1","84381737","84382035","chr11","47924958","47925256","33","36456779"
"chr1","84394544","84394842","chr7","131185245","131185544","34","46790701"
"chr1","84411353","84411615","chr16","51152184","51152445","44","33259169"
"chr1","84415571","84415870","chr7","127227577","127227876","50","42812006"
"chr1","84440704","84441013","chr18","26757177","26757480","40","57683527"
"chr1","84442169","84442457","chr2","98227356","98227649","47","13785187"
"chr1","84467663","84467961","chrX","46916777","46917073","52","37550886"
"chr1","84507104","84507373","chr9","20166452","20166727","40","64340652"
"chr1","84519946","84520232","chrX","112314689","112314977","43","27794743"
"chr1","84575165","84575472","chr1","170967942","170968244","41","86392777"
"chr1","84585393","84585696","chr10","30306239","30306544","43","54279154"
"chr1","84655247","84655542","chr20","13516848","13517143","42","71138399"
"chr1","84671517","84671792","chr14","89019070","89019353","47","4347553"
"chr1","84695412","84695711","chr8","31425380","31425680","37","53270032"
"chr1","84719313","84719607","chr4","16264070","16264362","37","68455243"
"chr1","84807690","84807994","chr18","56433759","56434059","45","28373931"
"chr1","84832575","84832880","chr9","19850832","19851138","33","64981743"
"chr1","84962458","84962775","chrX","17430672","17430990","45","67531786"
"chr1","84966292","84966578","chr1","190824461","190824760","57","105858169"
"chr1","84975871","84976161","chr10","78814374","78814666","45","6161497"
"chr1","84994190","84994475","chr11","128044486","128044778","50","43050296"
"chr1","85037483","85037779","chr11","114923633","114923926","34","29886150"
"chr1","85068512","85068793","chr7","18532501","18532788","46","66536011"
"chr1","85104815","85105126","chr13","32817425","32817728","46","52287390"
"chr1","85242487","85242793","chr1","13865146","13865450","37","71377341"
"chr1","85434977","85435150","chr1","160301052","160301228","25","74866075"
"chr1","85455283","85455575","chr14","15577285","15577579","30","69877998"
"chr1","85511626","85511909","chr3","75155573","75155858","41","10356053"
"chr1","85599260","85599561","chr11","36769212","36769521","41","48830048"
"chr1","85614769","85615062","chr11","31474490","31474785","44","54140279"
"chr1","85821929","85822051","chr7","133569752","133569872","16","47747823"
"chr1","85870709","85870985","chr5","79158515","79158797","44","6712194"
"chr1","86111620","86111914","chr20","26717586","26717886","37","59394034"
"chr1","86160267","86160534","chr10","37627251","37627528","53","48533016"
"chr1","86262450","86262761","chr19","23432808","23433119","47","62829642"
"chr1","86462328","86462613","chr9","7025626","7025918","45","79436702"
"chr1","86479089","86479386","chr16","17660066","17660366","49","68819023"
"chr1","86508825","86509112","chr14","47770929","47771212","49","38737896"
"chr1","86541288","86541601","chr9","43322073","43322383","47","43219215"
"chr1","86566789","86567084","chr1","114585233","114585529","41","28018444"
"chr1","86584146","86584443","chr3","169260164","169260459","32","82676018"
"chr1","86602243","86602542","chr2","187111797","187112101","39","100509554"
"chr1","86608836","86609126","chr8","85566036","85566332","44","1042800"
"chr1","86611409","86611717","chr11","83855357","83855661","46","2756052"
"chr1","86639598","86639902","chr7","79652641","79652943","33","6986957"
"chr1","86687817","86687924","chr14","31451076","31451185","19","55236741"
"chr1","86712136","86712439","chr18","23762985","23763286","35","62949151"
"chr1","86717924","86718222","chr16","17660066","17660366","47","69057858"
"chr1","86729035","86729334","chr1","129567144","129567444","38","42838109"
"chr1","86733479","86733644","chr10","70872197","70872363","34","15861282"
"chr1","86752255","86752566","chr1","7993999","7994304","43","78758256"
"chr1","86771115","86771413","chr7","133065043","133065330","47","46293928"
"chr1","86804377","86804675","chr6","53239608","53239906","36","33564769"
"chr1","86833217","86833512","chr6","10983419","10983717","47","75849798"
"chr1","86890564","86890866","chr19","3064712","3065012","35","83825852"
"chr1","86919302","86919611","chr18","12432850","12433158","33","74486452"
"chr1","86976124","86976433","chr8","39307537","39307837","53","47668587"
"chr1","87039799","87040088","chr1","11366377","11366670","40","75673422"
"chr1","87099964","87100182","chr8","56570363","56570574","44","30529601"
"chr1","87134483","87134780","chr4","113024504","113024793","43","25890021"
"chr1","87141421","87141706","chr10","62315260","62315548","39","24826161"
"chr1","87151331","87151606","chr1","202707884","202708154","41","115556553"
"chr1","87239974","87240265","chr2","87900952","87901244","40","660978"
"chr1","87366707","87367002","chr11","47924958","47925256","43","39441749"
"chr1","87431253","87431547","chr2","108323225","108323529","51","20891972"
"chr1","87861803","87861962","chr5","132846883","132847047","38","44985080"
"chr1","87952170","87952481","chr13","46894366","46894676","51","41057804"
"chr1","88184101","88184391","chr3","6672310","6672602","48","81511791"
"chr1","88234986","88235280","chr11","59744208","59744500","31","28490778"
"chr1","88457288","88457596","chr9","61900736","61901039","32","26556552"
"chr1","88706077","88706384","chr12","58894080","58894384","41","29811997"
"chr1","88733598","88733892","JH682036","358126","358421","43","88375472"
"chr1","88812989","88813290","chr1","94365322","94365615","43","5552333"
"chr1","88905990","88906286","chrX","28734753","28735052","44","60171237"
"chr1","89004217","89004520","chr2","106418670","106418975","43","17414453"
"chr1","89062526","89062835","chrX","50390378","50390688","43","38672148"
"chr1","89335672","89335957","chr7","8401212","8401505","47","80934460"
"chr1","89337359","89337657","chrX","13595567","13595865","34","75741792"
"chr1","89343836","89344104","chr11","115109792","115110059","46","25765956"
"chr1","89384972","89385239","chr2","165757823","165758089","41","76372851"
"chr1","89431027","89431333","chr13","117446139","117446449","33","28015112"
"chr1","89551777","89552075","chr17","27643358","27643658","33","61908419"
"chr1","89709895","89710192","chr10","90361835","90362131","36","651940"
"chr1","89718943","89719239","chr8","6038103","6038400","48","83680840"
"chr1","89849437","89849734","chr10","72394915","72395215","38","17454522"
"chr1","89877424","89877669","chr1","38048426","38048674","43","51828998"
"chr1","89945776","89946076","chr1","158717246","158717547","35","68771470"
"chr1","90086900","90087202","chr11","64440364","64440673","45","25646536"
"chr1","90169625","90169932","chr1","13865146","13865450","41","76304479"
"chr1","90171906","90172197","chr4","31259177","31259468","41","58912729"
"chr1","90258176","90258480","chrX","15713155","15713456","44","74545021"
"chr1","90270772","90271069","chr11","59744208","59744500","33","30526564"
"chr1","90305474","90305772","chr10","18063347","18063639","42","72242127"
"chr1","90333749","90333887","chr15","84843929","84844065","19","5489820"
"chr1","90390421","90390715","chr11","131492005","131492296","41","41101584"
"chr1","90419214","90419498","chr19","28212317","28212613","41","62206897"
"chr1","90462317","90462624","chr5","32469834","32470141","39","57992483"
"chr1","90481159","90481442","chr1","124250793","124251086","43","33769634"
"chr1","90486893","90487194","chr15","96588502","96588809","47","6101609"
"chr1","90579565","90579858","chr3","45626371","45626668","41","44953194"
"chr1","90590191","90590390","chr1","54579002","54579197","27","36011189"
"chr1","90591203","90591318","chrX","33348734","33348848","14","57242469"
"chr1","90620686","90620950","chr7","46642053","46642320","44","43978633"
"chr1","90680965","90681256","chr7","114975915","114976207","49","24294950"
"chr1","90714564","90714863","chr1","181911696","181911993","56","91197132"
"chr1","90736925","90737040","chr10","79957137","79957242","20","10779788"
"chr1","90798351","90798631","chr19","32347284","32347572","50","58451067"
"chr1","90799957","90800229","chr11","120539159","120539434","53","29739202"
"chr1","90872724","90872992","chr19","19234824","19235094","42","71637900"
"chr1","90877194","90877484","chr6","47089969","47090257","41","43787225"
"chr1","90979813","90980103","chr3","35657443","35657739","50","55322370"
"chr1","91047868","91048126","chr15","78656305","78656560","41","12391563"
"chr1","91250420","91250704","chr4","125838247","125838531","42","34587827"
"chr1","91256919","91257229","chr5","142871651","142871960","42","51614732"
"chr1","91324193","91324480","chr5","158892033","158892319","52","67567840"
"chr1","91334488","91334782","chr1","91541910","91542202","32","207422"
"chr1","91443518","91443823","chr15","9298129","9298436","43","82145389"
"chr1","91445410","91445707","chr7","90971726","90972022","39","473684"
"chr1","91536817","91537082","chr3","160601395","160601671","44","69064578"
"chr1","91617035","91617340","chr19","6369907","6370210","44","85247128"
"chr1","91621160","91621475","chr1","21642415","21642734","59","69978745"
"chr1","91627225","91627498","chr8","93365940","93366224","50","1738715"
"chr1","91633782","91634093","chr5","32469834","32470141","38","59163948"
"chr1","91675942","91676198","chr1","36888776","36889038","50","54787166"
"chr1","91677523","91677825","chr9","56964045","56964341","50","34713478"
"chr1","91682019","91682316","chr7","116541236","116541527","45","24859217"
"chr1","91731822","91732120","chr1","29302115","29302413","43","62429707"
"chr1","91735937","91736048","chr5","141886011","141886125","18","50150074"
"chr1","91742104","91742407","chr14","54656644","54656944","53","37085460"
"chr1","91770298","91770593","chr14","106723009","106723307","39","14952711"
"chr1","91770738","91771025","chr6","16697883","16698181","46","75072855"
"chr1","91775208","91775503","chr1","94365322","94365615","45","2590114"
"chr1","91801215","91801519","chr9","102554847","102555148","45","10753632"
"chr1","91813219","91813516","chr11","59744208","59744500","35","32069011"
"chr1","91815824","91816119","chr2","186511571","186511867","45","94695747"
"chr1","91859227","91859362","chr18","24104552","24104687","16","67754675"
"chr1","91861491","91861795","chrX","128569263","128569566","33","36707772"
"chr1","91908557","91908857","chr14","98318663","98318962","37","6410106"
"chr1","91947039","91947145","chr4","18435484","18435590","14","73511555"
"chr1","91954990","91955268","chrX","92356193","92356477","54","401203"
"chr1","91959914","91960200","chrX","118400711","118401003","42","26440797"
"chr1","91972053","91972346","chr8","28250911","28251217","51","63721142"
"chr1","91982122","91982421","chr18","38832355","38832654","45","53149767"
"chr1","91991289","91991474","chr15","105997448","105997622","37","14006159"
"chr1","92010426","92010568","chr2","173035126","173035266","26","81024700"
"chr1","92021549","92021850","chr10","18176609","18176909","34","73844940"
"chr1","92038261","92038367","chr10","62559066","62559182","25","29479195"
"chr1","92053338","92053618","chr1","140831987","140832278","41","48778649"
"chr1","92150062","92150359","chr1","49354618","49354914","39","42795444"
"chr1","92284640","92284936","chr7","90971726","90972022","30","1312914"
"chr1","92289700","92290006","chr4","56503347","56503657","36","35786353"
"chr1","92418287","92418443","chr1","141075553","141075714","27","48657266"
"chr1","92432699","92432857","chr18","52023532","52023695","26","40409167"
"chr1","92434626","92434923","chr7","36979903","36980199","37","55454723"
"chr1","92447677","92447970","chr1","11940593","11940894","41","80507084"
"chr1","92644919","92645218","chr7","16206849","16207148","42","76438070"
"chr1","92849423","92849718","chr10","62315260","62315548","44","30534163"
"chr1","93011220","93011502","chr9","108889025","108889312","42","15877805"
"chr1","93285899","93286200","chr12","69597135","69597433","38","23688764"
"chr1","93442521","93442810","chr10","47330984","47331271","49","46111537"
"chr1","93586071","93586361","chr7","117030480","117030769","49","23444409"
"chr1","93641249","93641552","chr4","81078529","81078827","49","12562720"
"chr1","93693550","93693811","chr1","36888776","36889038","36","56804774"
"chr1","93760699","93760991","chr1","124250793","124251086","39","30490094"
"chr1","93765540","93765839","chr1","67368758","67369056","50","26396782"
"chr1","94009231","94009386","chr19","1776347","1776502","29","92232884"
"chr1","94027916","94028191","chr8","37369556","37369833","37","56658360"
"chr1","94033106","94033410","chr4","108800307","108800597","66","14767201"
"chr1","94040321","94040638","chr8","62848962","62849274","49","31191359"
"chr1","94041780","94042077","chr2","55010925","55011223","41","39030855"
"chr1","94042089","94042373","chrX","81681150","81681434","39","12360939"
"chr1","94067669","94067961","chr9","102554847","102555148","45","8487178"
"chr1","94070975","94071255","chrX","61173730","61174015","42","32897245"
"chr1","94079048","94079336","chr5","86238609","86238898","36","7840439"
"chr1","94124218","94124557","chr7","90708730","90709063","78","3415488"
"chr1","94127370","94127674","chr12","63079032","63079340","44","31048338"
"chr1","94157727","94158050","chr12","614728","615036","52","93542999"
"chr1","94162332","94162561","chr3","53293034","53293269","60","40869298"
"chr1","94167939","94168240","chr7","151979566","151979860","40","57811627"
"chr1","94179243","94179524","chr19","40504550","40504833","47","53674693"
"chr1","94203229","94203554","chr20","22857818","22858146","60","71345411"
"chr1","94213889","94214058","chr8","98675375","98675543","19","4461486"
"chr1","94214604","94214717","chr9","124771238","124771348","18","30556634"
"chr1","94219646","94219923","chr13","25429301","25429585","39","68790345"
"chr1","94234863","94235167","chr15","81642606","81642914","47","12592257"
"chr1","94236251","94236556","chrX","15713155","15713456","45","78523096"
"chr1","94262660","94262938","chr2","155636216","155636491","46","61373556"
"chr1","94281044","94281216","chr10","6375060","6375233","27","87905984"
"chr1","94303788","94304099","chr13","43327633","43327946","40","50976155"
"chr1","94311404","94311700","chr17","30611756","30612052","31","63699648"
"chr1","94345653","94345941","chr12","97146310","97146598","45","2800657"
"chr1","94369321","94369615","JH682036","358126","358421","33","94011195"
"chr1","94410725","94411014","chr2","96826999","96827292","39","2416274"
"chr1","94466249","94466548","chr1","181377914","181378211","40","86911665"
"chr1","94480220","94480477","chr10","59588563","59588820","49","34891657"
"chr1","94678444","94678742","chr2","62500002","62500306","34","32178442"
"chr1","94732899","94733204","chr6","31393353","31393656","45","63339546"
"chr1","94779830","94780113","chr19","47662689","47662983","45","47117141"
"chr1","94895260","94895533","chr1","10273687","10273957","54","84621573"
"chr1","94898182","94898452","chr10","71963229","71963497","38","22934953"
"chr1","95162857","95163160","chr2","39660204","39660504","34","55502653"
"chr1","95431945","95432101","chr7","26858640","26858800","30","68573305"
"chr1","95723713","95723979","chr1","37363293","37363554","45","58360420"
"chr1","95824865","95825166","chr13","32817425","32817728","32","63007440"
"chr1","95899342","95899652","chr4","10828530","10828827","49","85070812"
"chr1","95993131","95993432","chr16","66033560","66033858","46","29959571"
"chr1","96020288","96020588","chr9","113200398","113200692","56","17180110"
"chr1","96056740","96057053","chr5","32469834","32470141","43","63586906"
"chr1","96162878","96163184","chr7","36979903","36980199","48","59182975"
"chr1","96224146","96224249","chr2","158182064","158182167","17","61957918"
"chr1","96363356","96363659","chr2","29153751","29154055","44","67209605"
"chr1","96375818","96376121","chr9","25603269","25603573","36","70772549"
"chr1","96463365","96463659","chr6","101765362","101765658","43","5301997"
"chr1","96476964","96477271","chr1","208230438","208230739","41","111753474"
"chr1","96503413","96503724","chr7","87937715","87938029","46","8565698"
"chr1","96517030","96517340","chr4","41790642","41790955","46","54726388"
"chr1","96526414","96526706","chr11","88536600","88536893","35","7989814"
"chr1","96558239","96558543","chr13","23501079","23501388","32","73057160"
"chr1","96580804","96581100","chr8","99548469","99548767","43","2967665"
"chr1","96602352","96602657","chr12","84561369","84561674","40","12040983"
"chr1","96658749","96658996","chr6","171956247","171956509","54","75297498"
"chr1","96671950","96672257","chr1","194910525","194910833","43","98238575"
"chr1","96673776","96674074","chr4","69347489","69347789","41","27326287"
"chr1","96674986","96675272","chr12","24009618","24009904","43","72665368"
"chr1","96684624","96684877","chr18","50874536","50874793","47","45810088"
"chr1","96719825","96720128","chrX","90854802","90855099","55","5865023"
"chr1","96748648","96748941","chr4","33526464","33526759","46","63222184"
"chr1","96756878","96757156","chr3","87860767","87861057","45","8896111"
"chr1","96768697","96768986","chr16","9432797","9433079","50","87335900"
"chr1","96870778","96871078","chr1","12826801","12827100","42","84043977"
"chr1","96877788","96878092","chr16","47869063","47869366","41","49008725"
"chr1","96890566","96890850","chr1","45623411","45623699","42","51267155"
"chr1","96919288","96919587","chr9","20271265","20271563","32","76648023"
"chr1","96934607","96934900","chr11","69634429","69634716","41","27300178"
"chr1","96958894","96959192","chr13","32817425","32817728","34","64141469"
"chr1","97041631","97041920","chr2","96514589","96514879","37","527042"
"chr1","97070864","97071169","chr7","77029098","77029406","34","20041766"
"chr1","97077599","97077888","chr20","38614683","38614982","42","58462916"
"chr1","97093904","97094169","chr14","68399881","68400151","57","28694023"
"chr1","97095089","97095400","chr10","29433408","29433721","40","67661681"
"chr1","97097779","97098067","chr15","29838350","29838639","48","67259429"
"chr1","97098474","97098774","chr17","19374053","19374353","50","77724421"
"chr1","97124060","97124333","chr1","13186406","13186688","47","83937654"
"chr1","97158955","97159244","chr16","18796729","18797022","39","78362226"
"chr1","97189652","97189905","chr9","27259920","27260172","39","69929732"
"chr1","97212059","97212349","chr11","114923633","114923926","36","17711574"
"chr1","97262081","97262368","chr15","7561500","7561795","40","89700581"
"chr1","97275455","97275743","chr5","52449180","52449473","42","44826275"
"chr1","97281206","97281500","chr7","151979566","151979860","48","54698360"
"chr1","97294165","97294453","chr3","12554564","12554854","38","84739601"
"chr1","97295402","97295700","chr12","69597135","69597433","36","27698267"
"chr1","97330934","97331251","chr15","78540246","78540565","42","18790688"
"chr1","97441391","97441685","chr6","124714488","124714790","45","27273097"
"chr1","97450273","97450564","chr16","11126268","11126568","49","86324005"
"chr1","97522467","97522775","chrX","43883084","43883389","42","53639383"
"chr1","97532879","97533183","chr11","64440364","64440673","47","33092515"
"chr1","97578291","97578594","chr15","38507243","38507542","51","59071048"
"chr1","97790171","97790428","chr15","29868939","29869212","71","67921232"
"chr1","98155632","98155920","chr14","113842513","113842806","46","15686881"
"chr1","98167513","98167809","chr10","45873884","45874177","51","52293629"
"chr1","98187006","98187292","chr2","94343271","94343561","40","3843735"
"chr1","98289939","98290247","chr11","14273032","14273320","66","84016907"
"chr1","98378421","98378707","chr17","50595730","50596017","45","47782691"
"chr1","98577209","98577503","chr7","96230630","96230924","40","2346579"
"chr1","98580306","98580616","chr15","77313389","77313697","47","21266917"
"chr1","98610942","98611243","chr12","68470545","68470847","42","30140397"
"chr1","98618165","98618453","chr4","129679696","129679986","38","31061531"
"chr1","98629026","98629304","chr1","25948849","25949132","56","72680177"
"chr1","98662484","98662590","chr2","101067816","101067914","22","2405332"
"chr1","98675209","98675494","chr10","62315260","62315548","29","36359949"
"chr1","98678388","98678670","chr3","172748138","172748416","43","74069750"
"chr1","98727725","98728027","chr7","129797320","129797621","50","31069595"
"chr1","98732607","98732899","chr2","38846653","38846940","45","59885954"
"chr1","98764116","98764424","chr8","20246060","20246369","45","78518056"
"chr1","98800340","98800641","chr1","134086312","134086610","40","35285972"
"chr1","98819032","98819334","chr10","4308994","4309288","51","94510038"
"chr1","98827414","98827649","chr12","58284409","58284644","33","40543005"
"chr1","98832328","98832628","chr19","12557275","12557573","39","86275053"
"chr1","98849989","98850245","chr19","48045495","48045740","53","50804494"
"chr1","98938131","98938403","chr10","79795756","79796029","42","19142375"
"chr1","99103505","99103798","chr15","76812049","76812338","47","22291456"
"chr1","99136121","99136398","chr3","14371522","14371805","47","84764599"
"chr1","99149697","99150001","chr19","35687624","35687928","38","63462073"
"chr1","99452357","99452614","chr4","79455473","79455733","40","19996884"
"chr1","99503993","99504243","chr4","11478307","11478554","36","88025686"
"chr1","99751894","99752202","chr13","103869934","103870244","40","4118040"
"chr1","99826355","99826645","chr1","85450489","85450784","40","14375866"
"chr1","99835777","99836079","chr2","102989050","102989349","41","3153273"
"chr1","99838913","99839209","chr4","2892469","2892769","51","96946444"
"chr1","99854596","99854901","chrX","108265263","108265568","40","8410667"
"chr1","99878974","99879310","chr2","184514373","184514697","48","84635399"
"chr1","99880417","99880726","chr18","24005168","24005471","50","75875249"
"chr1","99933826","99934114","chr6","56451711","56452003","48","43482115"
"chr1","99942948","99943276","chr13","99722238","99722539","57","220710"
"chr1","99993836","99994119","chr17","3541078","3541367","39","96452758"
"chr1","99994632","99994926","chr1","204813267","204813556","39","104818635"
"chr1","100028638","100028942","chr4","151432154","151432460","47","51403516"
"chr1","100062683","100062990","chr10","59879761","59880065","65","40182922"
"chr1","100064336","100064609","chr16","63799885","63800157","46","36264451"
"chr1","100104275","100104585","chrX","105763749","105764060","37","5659474"
"chr1","100157728","100158008","chr2","102325680","102325962","46","2167952"
"chr1","100181452","100181733","chr2","72023356","72023637","48","28158096"
"chr1","100355256","100355553","chr2","73832418","73832717","41","26522838"
"chr1","100448679","100448973","chr11","59744208","59744500","27","40704471"
"chr1","100471689","100471996","chr10","46007696","46008002","33","54463993"
"chr1","100601123","100601398","chr1","125672521","125672813","65","25071398"
"chr1","100673803","100674103","chr2","102989050","102989349","42","2315247"
"chr1","100682597","100682898","chr11","106964325","106964616","40","6281728"
"chr1","100759124","100759431","chr7","157840354","157840658","43","57081230"
"chr1","100808225","100808523","chr13","24955824","24956121","35","75852401"
"chr1","100814617","100814888","chr10","60510552","60510824","45","40304065"
"chr1","100990179","100990474","chr3","110049029","110049327","44","9058850"
"chr1","101112853","101113164","chr1","94576857","94577167","38","6535996"
"chr1","101174565","101174859","chr7","90971726","90972022","30","10202839"
"chr1","101178281","101178590","chr18","51183412","51183721","36","49994869"
"chr1","101183031","101183341","chr11","64504440","64504751","46","36678591"
"chr1","101210369","101210457","chr4","114692113","114692200","13","13481744"
"chr1","101223945","101224247","chr20","47927246","47927545","43","53296699"
"chr1","101264208","101264507","chr4","154100211","154100509","45","52836003"
"chr1","101302092","101302394","chr3","176830718","176831018","35","75528626"
"chr1","101304143","101304450","chr9","85132193","85132498","39","16171950"
"chr1","101312293","101312599","chr9","16116377","16116674","40","85195916"
"chr1","101532546","101532810","chr3","160601395","160601671","41","59068849"
"chr1","101700261","101700545","chr20","49701084","49701366","42","51999177"
"chr1","101758550","101758854","chr13","32817425","32817728","43","68941125"
"chr1","101767342","101767623","chr13","24211205","24211489","42","77556137"
"chr1","101788399","101788702","chr13","98232420","98232723","45","3555979"
"chr1","101793149","101793444","chr7","70273788","70274086","39","31519361"
"chr1","101817192","101817495","chr1","13865146","13865450","43","87952046"
"chr1","101848082","101848386","chr16","69833341","69833639","46","32014741"
"chr1","101956289","101956587","chr1","163944623","163944919","51","61988334"
"chr1","102009961","102010269","chr10","4782587","4782896","39","97227374"
"chr1","102023154","102023445","chr8","26808173","26808465","46","75214981"
"chr1","102067932","102068211","chr14","111869477","111869767","44","9801545"
"chr1","102089324","102089612","chrX","38305357","38305649","34","63783967"
"chr1","102128318","102128615","chr19","12557275","12557573","47","89571043"
"chr1","102133940","102134239","chr1","20012770","20013073","36","82121170"
"chr1","102182894","102183139","chr17","50981326","50981584","47","51201568"
"chr1","102212839","102213145","chr9","7025626","7025918","45","95187213"
"chr1","102246716","102247006","chr4","128853801","128854096","49","26607085"
"chr1","102288860","102289153","chr18","2244562","2244860","34","100044298"
"chr1","102292016","102292311","chr7","42515253","42515558","51","59776763"
"chr1","102301426","102301732","chr1","128155382","128155688","35","25853956"
"chr1","102341114","102341242","chr1","55071174","55071299","28","47269940"
"chr1","102353977","102354264","chr12","99896284","99896577","48","2457693"
"chr1","102360138","102360432","chr1","134751031","134751328","39","32390893"
"chr1","102360588","102360898","chr6","26261934","26262245","43","76098654"
"chr1","102384838","102385139","chr4","56503347","56503657","41","45881491"
"chr1","102413303","102413621","chr11","97834556","97834875","41","4578747"
"chr1","102422981","102423270","chr12","39093410","39093701","42","63329571"
"chr1","102446302","102446594","chr1","19736141","19736436","49","82710161"
"chr1","102481804","102482111","chr19","3064712","3065012","43","99417092"
"chr1","102513415","102513686","chr7","93277479","93277754","42","9235936"
"chr1","102521420","102521715","chr11","59744208","59744500","29","42777212"
"chr1","102621701","102622019","chr3","12603123","12603437","44","90018578"
"chr1","102759975","102760276","chr14","57134784","57135076","43","45625191"
"chr1","102762541","102762845","chr13","23405902","23406222","52","79356639"
"chr1","102791541","102791860","chr3","175463997","175464306","39","72672456"
"chr1","102869868","102870167","chr13","32817425","32817728","31","70052443"
"chr1","102895255","102895559","chr19","6166123","6166423","44","96729132"
"chr1","103055065","103055369","chr4","69425921","69426221","42","33629144"
"chr1","103087885","103088176","chr4","90792066","90792356","43","12295819"
"chr1","103253861","103254168","chr1","94576857","94577167","48","8677004"
"chr1","103366478","103366769","chr1","14143915","14144209","53","89222563"
"chr1","103520942","103521251","chr9","25603269","25603573","42","77917673"
"chr1","103538666","103538759","chr15","73356708","73356791","20","30181958"
"chr1","103538777","103538905","chr7","148603228","148603359","19","45064451"
"chr1","103770937","103771223","chr2","88612634","88612907","45","15158303"
"chr1","103828749","103829043","chr7","90971726","90972022","33","12857023"
"chr1","104037969","104038272","chr5","157533897","157534193","45","53495928"
"chr1","104071447","104071719","chr15","31074424","31074695","49","72997023"
"chr1","104084363","104084620","chr7","47228962","47229205","43","56855401"
"chr1","104225968","104226265","chr7","132393970","132394270","46","28168002"
"chr1","104307928","104308228","chr1","43639311","43639611","35","60668617"
"chr1","104417825","104418134","chr2","56649143","56649449","47","47768682"
"chr1","104462785","104463054","chr7","111089387","111089666","46","6626602"
"chr1","104479742","104480045","chr13","32817425","32817728","37","71662317"
"chr1","104543185","104543330","chr4","103459648","103459795","11","1083537"
"chr1","104571361","104571640","chr13","22910034","22910325","48","81661327"
"chr1","104722198","104722452","chrX","88088678","88088937","44","16633520"
"chr1","104739514","104739809","chr1","94365322","94365615","35","10374192"
"chr1","104753905","104754202","chr11","75342336","75342628","43","29411569"
"chr1","104843708","104844001","chr2","65998485","65998780","37","38845223"
"chr1","104898050","104898313","chr12","36888505","36888766","51","68009545"
"chr1","104927632","104927935","chr16","19097444","19097742","50","85830188"
"chr1","104976134","104976401","chr20","37404718","37404983","41","67571416"
"chr1","105093540","105093818","chr3","103398952","103399243","47","1694588"
"chr1","105103807","105104104","chr15","7511435","7511732","31","97592372"
"chr1","105123275","105123524","chr11","120216941","120217193","46","15093666"
"chr1","105124575","105124840","chr10","50862741","50863007","50","54261834"
"chr1","105145100","105145399","chr10","56101030","56101329","49","49044070"
"chr1","105405883","105406186","chr15","36493056","36493358","45","68912827"
"chr1","105410214","105410514","chr19","3064712","3065012","40","102345502"
"chr1","105481577","105481880","chr6","166367885","166368189","36","60886308"
"chr1","105572205","105572496","chr19","15097509","15097804","48","90474696"
"chr1","105649939","105650245","chr3","34969388","34969689","35","70680551"
"chr1","105757340","105757600","chr15","2641152","2641417","51","103116188"
"chr1","105868348","105868634","chr4","56627212","56627501","41","49241136"
"chr1","105912098","105912401","chr11","33968956","33969265","44","71943142"
"chr1","105930500","105930794","chr4","161349293","161349586","46","55418793"
"chr1","105991063","105991348","chr6","126641819","126642115","44","20650756"
"chr1","106009805","106010086","chr11","123468792","123469074","43","17458987"
"chr1","106044987","106045275","chr1","128215435","128215723","32","22170448"
"chr1","106139442","106139754","chr1","25904320","25904629","38","80235122"
"chr1","106186259","106186551","chr11","88536600","88536893","32","17649659"
"chr1","106208771","106209061","chr16","18796729","18797022","34","87412042"
"chr1","106231798","106232105","chr8","29386987","29387291","39","76844811"
"chr1","106233833","106234115","chr12","52370542","52370823","59","53863291"
"chr1","106234834","106235109","chr10","37817455","37817721","55","68417379"
"chr1","106287573","106287910","chr13","26187058","26187394","72","80100515"
"chr1","106297444","106297738","chr12","93108642","93108929","47","13188802"
"chr1","106303615","106303920","chr19","30423161","30423462","41","75880454"
"chr1","106423050","106423341","chr1","163039410","163039702","35","56616360"
"chr1","106466382","106466675","chr13","116647521","116647821","39","10181139"
"chr1","106482680","106482983","chr14","101467082","101467382","39","5015598"
"chr1","106513597","106513898","chr13","32817425","32817728","37","73696172"
"chr1","106530826","106531120","chr4","34365154","34365445","52","72165672"
"chr1","106559625","106559918","chr7","147648063","147648359","50","41088438"
"chr1","106559930","106560234","chr13","32817425","32817728","37","73742505"
"chr1","106585007","106585298","chr15","7511435","7511732","40","99073572"
"chr1","106586722","106587003","chr3","87860767","87861057","47","18725955"
"chr1","106636286","106636596","chr7","132955210","132955520","41","26318924"
"chr1","106669657","106669955","chr2","84844754","84845049","44","21824903"
"chr1","106671948","106672042","chr12","4842666","4842762","16","101829282"
"chr1","106680156","106680456","chr11","50119015","50119316","54","56561141"
"chr1","106839324","106839446","chr19","33246754","33246878","18","73592570"
"chr1","107051622","107051906","chr20","45538309","45538588","50","61513313"
"chr1","107107310","107107607","chr5","158962372","158962673","39","51855062"
"chr1","107110734","107111040","chr1","18792684","18792991","51","88318050"
"chr1","107122431","107122734","chr4","42866053","42866357","38","64256378"
"chr1","107208880","107209169","chr15","13450585","13450881","46","93758295"
"chr1","107286666","107286958","chr6","122082817","122083108","37","14796151"
"chr1","107330116","107330395","chr16","1419036","1419322","49","105911080"
"chr1","107352016","107352312","chr15","38507243","38507542","36","68844773"
"chr1","107390690","107390997","chr20","49007291","49007596","38","58383399"
"chr1","107562383","107562681","chr15","7561500","7561795","36","100000883"
"chr1","107632252","107632551","chr16","59345872","59346168","49","48286380"
"chr1","107757624","107757936","chr8","94310731","94311042","47","13446893"
"chr1","107789666","107789954","chr4","52805264","52805547","40","54984402"
"chr1","107975368","107975677","chrX","118320426","118320732","68","10345058"
"chr1","107999387","107999689","chr13","32817425","32817728","29","75181962"
"chr1","108072136","108072371","chr3","52223124","52223361","43","55849012"
"chr1","108086813","108087092","chr13","92441785","92442065","49","15645028"
"chr1","108097726","108098013","chr2","184580196","184580486","47","76482470"
"chr1","108127816","108128110","chr8","99548469","99548767","54","8579347"
"chr1","108160968","108161219","chr11","46291436","46291687","44","61869532"
"chr1","108172555","108172850","chr3","34792625","34792919","48","73379930"
"chr1","108182106","108182402","chr8","25582102","25582396","38","82600004"
"chr1","108212941","108213219","chr12","32895646","32895930","48","75317295"
"chr1","108229930","108230194","chr4","123701012","123701277","34","15471082"
"chr1","108296338","108296632","chr12","69597135","69597433","42","38699203"
"chr1","108329438","108329743","chr1","7993999","7994304","29","100335439"
"chr1","108332021","108332323","chr14","98318663","98318962","46","10013358"
"chr1","108335900","108336174","chr1","208909739","208910019","55","100573839"
"chr1","108338284","108338523","chr8","138522356","138522591","45","30184072"
"chr1","108340270","108340571","chr13","32817425","32817728","29","75522845"
"chr1","108356172","108356466","chr15","99107581","99107883","42","9248591"
"chr1","108359441","108359615","chr5","53200450","53200625","31","55158991"
"chr1","108364741","108365034","chr6","168849558","168849851","45","60484817"
"chr1","108366990","108367281","chr13","29616638","29616939","43","78750352"
"chr1","108379367","108379657","chr20","50597547","50597833","53","57781820"
"chr1","108394090","108394373","chr10","76781839","76782121","45","31612251"
"chr1","108394707","108394999","chr3","170789953","170790244","38","62395246"
"chr1","108397968","108398266","chr4","162267205","162267512","49","53869237"
"chr1","108449001","108449299","chr7","120310502","120310798","32","11861501"
"chr1","108473579","108473909","chr9","50750379","50750702","64","57723200"
"chr1","108480499","108480803","chrX","37654936","37655245","50","70825563"
"chr1","108600525","108600803","chr11","37621825","37622110","47","70978700"
"chr1","108660085","108660372","chr3","157031775","157032065","42","48371690"
"chr1","108879579","108879887","chr7","91561147","91561461","47","17318432"
"chr1","108913015","108913302","chrX","37391067","37391354","40","71521948"
"chr1","108993539","108993831","chr7","133065043","133065330","30","24071504"
"chr1","109036615","109036909","chr3","45626371","45626668","37","63410244"
"chr1","109103413","109103739","chr3","170316935","170317251","88","61213522"
"chr1","109275967","109276259","chr4","33610216","33610509","39","75665751"
"chr1","109280593","109280880","chr3","86184678","86184976","48","23095915"
"chr1","109365519","109365811","chr11","59744208","59744500","33","49621311"
"chr1","109366320","109366603","chrX","62378326","62378608","44","46987994"
"chr1","109475892","109476177","chr1","38119369","38119658","38","71356523"
"chr1","109656063","109656357","chr20","11238562","11238852","48","98417501"
"chr1","109672886","109673088","chr10","79672783","79672981","35","30000103"
"chr1","109687658","109688007","chr8","5972615","5972954","65","103715043"
"chr1","109744369","109744665","chr1","7993999","7994304","44","101750370"
"chr1","109745712","109746012","chr10","78749019","78749318","38","30996693"
"chr1","109846765","109847067","chr6","53239608","53239906","35","56607157"
"chr1","109920767","109921063","chr10","72394915","72395215","47","37525852"
"chr1","110128822","110129119","chr2","77735973","77736266","42","32392849"
"chr1","110180180","110180452","chr19","4280996","4281270","44","105899184"
"chr1","110187044","110187344","chr3","34969388","34969689","41","75217656"
"chr1","110341282","110341393","chr7","33424137","33424236","25","76917145"
"chr1","110363413","110363715","chr11","59699985","59700283","42","50663428"
"chr1","110373451","110373757","chr1","72368930","72369231","48","38004521"
"chr1","110406298","110406586","chr7","159886818","159887115","54","49480520"
"chr1","110418759","110419058","chr11","131492005","131492296","39","21073246"
"chr1","110466484","110466763","chr1","171838239","171838516","58","61371755"
"chr1","110680141","110680436","chr3","14906033","14906330","45","95774108"
"chr1","110775080","110775378","chr1","185086227","185086535","56","74311147"
"chr1","110816051","110816326","chr2","88612634","88612907","46","22203417"
"chr1","110908787","110908904","chr19","33246754","33246878","25","77662033"
"chr1","110944002","110944295","chr2","167667238","167667538","53","56723236"
"chr1","111056870","111057168","chr4","110989302","110989600","44","67568"
"chr1","111311765","111312062","chr10","64280390","64280688","44","47031375"
"chr1","111359322","111359613","chr11","59744208","59744500","36","51615114"
"chr1","111533222","111533505","chr6","159897588","159897865","38","48364366"
"chr1","111675998","111676292","chr2","186451766","186452061","45","74775768"
"chr1","111717010","111717308","chr13","32817425","32817728","27","78899585"
"chr1","111788082","111788377","chrX","24064388","24064683","46","87723694"
"chr1","111945570","111945874","chr8","15776451","15776757","48","96169119"
"chr1","111972041","111972331","chr9","26332957","26333250","59","85639084"
"chr1","111981628","111981925","chr3","51854376","51854674","45","60127252"
"chr1","111982260","111982560","chr2","146506403","146506707","48","34524143"
"chr1","112008530","112008810","chr10","49321662","49321941","49","62686868"
"chr1","112169282","112169595","chr18","51183412","51183721","39","60985870"
"chr1","112192182","112192480","chr5","171657301","171657602","45","59465119"
"chr1","112453638","112453932","chr6","89480157","89480448","43","22973481"
"chr1","112816641","112816943","chr11","7017396","7017703","49","105799245"
"chr1","112819580","112819872","chr1","30080248","30080540","52","82739332"
"chr1","113174035","113174338","chr7","16686663","16686967","44","96487372"
"chr1","113357587","113357832","chr16","40732407","40732657","37","72625180"
"chr1","113373450","113373748","chr17","4719964","4720257","62","108653486"
"chr1","113436048","113436304","chr13","108552245","108552502","43","4883803"
"chr1","113505979","113506191","chr1","9513726","9513939","28","103992253"
"chr1","113693039","113693330","chr7","17403617","17403911","46","96289422"
"chr1","113848727","113848966","chr16","40076793","40077035","34","73771934"
"chr1","113851841","113852125","chr3","163365708","163365992","43","49513867"
"chr1","113871000","113871251","chr11","78455357","78455620","61","35415643"
"chr1","113958656","113958932","chr1","127703616","127703888","47","13744960"
"chr1","114462592","114462866","chr13","37391238","37391494","67","77071354"
"chr1","114484657","114484921","chr17","23083796","23084057","48","91400861"
"chr1","114558894","114559181","chr1","163039410","163039702","36","48480516"
"chr1","114593135","114593437","chr7","129277499","129277801","38","14684364"
"chr1","114764746","114765035","chr9","57023538","57023829","35","57741208"
"chr1","114916943","114917205","chr15","61832013","61832292","56","53084930"
"chr1","114974382","114974689","chr4","69347489","69347789","42","45626893"
"chr1","114986283","114986548","chr16","68364432","68364716","51","46621851"
"chr1","114992701","114993006","chr18","12432850","12433158","40","102559851"
"chr1","115130220","115130523","chr3","160849351","160849651","48","45719131"
"chr1","115141232","115141511","chr17","6973240","6973514","39","108167992"
"chr1","115156440","115156732","chr4","34365154","34365445","40","80791286"
"chr1","115168400","115168686","chr3","173670201","173670489","47","58501801"
"chr1","115364037","115364341","chr5","86179374","86179673","52","29184663"
"chr1","115444185","115444471","chr11","123468792","123469074","45","8024607"
"chr1","115645552","115645844","chr11","59744208","59744500","32","55901344"
"chr1","115739076","115739373","chr2","101278895","101279193","36","14460181"
"chr1","115951181","115951463","chr13","111049972","111050267","43","4901209"
"chr1","115961720","115962030","chr1","41160582","41160892","39","74801138"
"chr1","116090747","116091036","chr7","116541236","116541527","35","450489"
"chr1","116209678","116209985","chr10","14093656","14093964","64","102116022"
"chr1","116248475","116248782","chr1","11912016","11912323","39","104336459"
"chr1","116399701","116399979","chr8","70343541","70343824","53","46056160"
"chr1","116553350","116553656","chr10","32796685","32796981","57","83756665"
"chr1","116697244","116697516","chr2","49059917","49060182","45","67637327"
"chr1","116741022","116741323","chrX","126121052","126121355","41","9380030"
"chr1","116838444","116838572","chr1","25714121","25714252","19","91124323"
"chr1","116840122","116840425","chr12","101621572","101621879","45","15218550"
"chr1","116854965","116855267","chr9","15018957","15019255","45","101836008"
"chr1","116866468","116866772","chr15","57971492","57971793","43","58894976"
"chr1","116937960","116938249","chr17","19267143","19267425","65","97670817"
"chr1","117071387","117071688","chr3","45626371","45626668","34","71445016"
"chr1","117113978","117114280","chr1","65662451","65662746","42","51451527"
"chr1","117119092","117119388","chr5","32469834","32470141","45","84649258"
"chr1","117127409","117127690","chrX","139100323","139100604","35","21972914"
"chr1","117134033","117134298","chr4","106055373","106055638","44","11078660"
"chr1","117157150","117157449","chr6","31393353","31393656","37","85763797"
"chr1","117195830","117196035","chr2","163237861","163238061","36","46042031"
"chr1","117196659","117196758","chr2","32127730","32127829","23","85068929"
"chr1","117207828","117208109","chr7","46203299","46203578","49","71004529"
"chr1","117240231","117240533","chr11","10098018","10098319","30","107142213"
"chr1","117269139","117269439","chr6","65091798","65092097","37","52177341"
"chr1","117279056","117279353","chr4","103846144","103846452","47","13432912"
"chr1","117361902","117362195","chr7","133065043","133065330","36","15703141"
"chr1","117380975","117381202","chr16","48808877","48809118","42","68572098"
"chr1","117405393","117405703","chr7","77029098","77029406","39","40376295"
"chr1","117430299","117430606","chr17","11233722","11234024","45","106196577"
"chr1","117454562","117454856","chr7","133065043","133065330","40","15610481"
"chr1","117469238","117469550","chr1","192928162","192928470","38","75458924"
"chr1","117642025","117642325","chr2","55010925","55011223","31","62631100"
"chr1","118434919","118435212","chr9","26133784","26134073","42","92301135"
"chr1","118445360","118445635","chr7","1797384","1797659","40","116647976"
"chr1","118530131","118530424","chr15","58376058","58376359","48","60154073"
"chr1","118607207","118607521","chr3","143204397","143204702","54","24597190"
"chr1","118683097","118683403","chr4","10828530","10828827","53","107854567"
"chr1","118720461","118720754","chr7","52736490","52736780","50","65983971"
"chr1","118721140","118721451","chr5","20174780","20175085","41","98546360"
"chr1","118754381","118754655","chr16","5371659","5371937","48","113382722"
"chr1","118777648","118777946","chr1","127833040","127833336","40","9055392"
"chr1","118829803","118830096","chr8","127022151","127022443","43","8192348"
"chr1","118863215","118863508","chr2","39329636","39329937","45","79533579"
"chr1","118872116","118872414","chrX","108442229","108442527","35","10429887"
"chr1","118876608","118876917","chr1","114716826","114717136","39","4159782"
"chr1","118879316","118879607","chr9","31646265","31646560","44","87233051"
"chr1","118884202","118884496","chr11","59744208","59744500","45","59139994"
"chr1","118887452","118887743","chr10","82709155","82709446","46","36178297"
"chr1","118892151","118892446","chr19","35482053","35482349","36","83410098"
"chr1","119000562","119000869","chr3","178044286","178044587","39","59043724"
"chr1","119074481","119074791","chr14","97128077","97128386","44","21946404"
"chr1","119076431","119076688","chr4","79455473","79455733","43","39620958"
"chr1","119083264","119083574","chrX","118514080","118514390","42","569184"
"chr1","119134787","119135090","chr15","35190462","35190761","54","83944325"
"chr1","119175794","119176091","chr3","45626371","45626668","32","73549423"
"chr1","119275816","119275982","chr10","6375060","6375233","33","112900756"
"chr1","119282539","119282850","chr4","71638831","71639140","41","47643708"
"chr1","119316071","119316337","chr9","68885430","68885693","43","50430641"
"chr1","119384368","119384672","chr7","125954466","125954770","48","6570098"
"chr1","119396922","119397153","chr7","121329046","121329267","30","1932124"
"chr1","119536109","119536407","chr1","29380917","29381213","42","90155192"
"chr1","119798322","119798498","chr2","140198635","140198820","33","20400313"
"chr1","120038424","120038612","chr2","86367360","86367548","40","33671064"
"chr1","120045112","120045214","chr3","160368626","160368728","16","40323514"
"chr1","120180883","120181187","chr1","13865146","13865450","39","106315737"
"chr1","120272480","120272603","chr3","124402528","124402652","17","4130048"
"chr1","120307796","120308079","chr4","42488516","42488797","49","77819280"
"chr1","120321805","120322114","chr6","124714488","124714790","49","4392683"
"chr1","120375568","120375870","chr2","46682521","46682821","32","73693047"
"chr1","120426409","120426703","chrX","16095102","16095398","45","104331307"
"chr1","120444178","120444480","chr4","152907258","152907556","47","32463080"
"chr1","120481137","120481442","chr1","114716826","114717136","36","5764311"
"chr1","120580287","120580525","chr3","173507444","173507689","40","52927157"
"chr1","120648607","120648912","chr14","55814418","55814719","40","64834189"
"chr1","120742282","120742580","chr4","10828530","10828827","35","109913752"
"chr1","120747814","120748122","chr2","46682521","46682821","39","74065293"
"chr1","120990834","120991136","chr9","61900736","61901039","33","59090098"
"chr1","121007581","121007862","chr2","21601249","21601529","38","99406332"
"chr1","121023686","121024000","chr6","120492723","120493023","53","530963"
"chr1","121056412","121056719","chr16","68995469","68995776","40","52060943"
"chr1","121091542","121091836","chr11","108474262","108474559","44","12617280"
"chr1","121100169","121100393","chr17","1837342","1837561","42","119262827"
"chr1","121129481","121129774","chr1","152909746","152910050","59","31780265"
"chr1","121135557","121135851","chr10","16049988","16050292","45","105085569"
"chr1","121159604","121159909","chr19","3064712","3065012","43","118094892"
"chr1","121160466","121160754","chr6","31393353","31393656","51","89767113"
"chr1","121174561","121174862","chr7","76889431","76889730","37","44285130"
"chr1","121196495","121196756","chr15","13690450","13690713","36","107506045"
"chr1","121202287","121202580","chr10","62613928","62614216","43","58588359"
"chr1","121223445","121223742","chr10","58039422","58039723","46","63184023"
"chr1","121228270","121228554","chr6","171557754","171558039","42","50329484"
"chr1","121263164","121263471","chr17","11233722","11234024","47","110029442"
"chr1","121290233","121290533","chr8","90338691","90338980","53","30951542"
"chr1","121290597","121290832","chr13","71017466","71017686","42","50273131"
"chr1","121299558","121299854","chr16","4210489","4210778","46","117089069"
"chr1","121315175","121315468","chr2","47762774","47763066","45","73552401"
"chr1","121317929","121318236","chr4","41790642","41790955","47","79527287"
"chr1","121319219","121319525","chr16","58170808","58171116","35","63148411"
"chr1","121319936","121320237","chr6","127852909","127853211","46","6532973"
"chr1","121320611","121320916","chr1","7993999","7994304","35","113326612"
"chr1","121329390","121329681","chr9","57023538","57023829","40","64305852"
"chr1","121342160","121342453","chr4","10593766","10594058","47","110748394"
"chr1","121372351","121372647","chr1","219225924","219226223","44","97853573"
"chr1","121378436","121378726","chr3","133866579","133866872","46","12488143"
"chr1","121442228","121442505","chr16","63276450","63276738","51","58165778"
"chr1","121446220","121446516","chr11","59744208","59744500","35","61702012"
"chr1","121491096","121491394","chrX","108069512","108069807","56","13421584"
"chr1","121496595","121496889","chr5","135892746","135893042","48","14396151"
"chr1","121498992","121499277","chr16","46057837","46058114","52","75441155"
"chr1","121500595","121500870","chr3","13657117","13657396","41","107843478"
"chr1","121509110","121509418","chr20","56769570","56769880","51","64739540"
"chr1","121511530","121511815","chr16","46057837","46058114","52","75453693"
"chr1","121513127","121513403","chr3","13657117","13657396","41","107856010"
"chr1","121558487","121558782","chr14","54656644","54656944","52","66901843"
"chr1","121564425","121564727","chr10","18176609","18176909","37","103387816"
"chr1","121567841","121568041","chr19","34446911","34447106","34","87120930"
"chr1","121747531","121747798","chr17","86152646","86152902","44","35594885"
"chr1","121816208","121816489","chr20","17770859","17771148","43","104045349"
"chr1","121895682","121895965","chr3","152822996","152823281","40","30927314"
"chr1","121944901","121945186","chr3","46165413","46165699","46","75779488"
"chr1","122029391","122029690","chr6","132771815","132772114","39","10742424"
"chr1","122070256","122070574","chr4","32871781","32872078","57","89198475"
"chr1","122167668","122167954","chr2","147246054","147246349","49","25078386"
"chr1","122224159","122224420","chr10","36946355","36946617","50","85277804"
"chr1","122227895","122228179","chr4","126165396","126165679","42","3937501"
"chr1","122348045","122348317","chr9","84610245","84610514","31","37737800"
"chr1","122416877","122417167","chr19","28481027","28481319","48","93935850"
"chr1","122540402","122540699","chr4","10828530","10828827","40","111711872"
"chr1","122593079","122593374","chr4","26011438","26011737","41","96581641"
"chr1","122647974","122648251","chr19","13590990","13591272","43","109056984"
"chr1","122651489","122651782","chr11","64232477","64232772","49","58419012"
"chr1","122694653","122694974","chr10","46007696","46008002","48","76686957"
"chr1","122756812","122757085","chr7","33814781","33815078","50","88942031"
"chr1","122772239","122772546","chr1","53933301","53933604","38","68838938"
"chr1","122811094","122811394","chr9","25603269","25603573","35","97207825"
"chr1","122823226","122823515","chr16","1419036","1419322","47","121404190"
"chr1","122851329","122851630","chr4","31017666","31017967","37","91833663"
"chr1","123060811","123061099","chr1","211735408","211735702","47","88674597"
"chr1","123274054","123274359","chr10","35443696","35443999","47","87830358"
"chr1","123580991","123581282","chr1","85077124","85077421","62","38503867"
"chr1","123729231","123729513","chr15","21464395","21464674","43","102264836"
"chr1","123898126","123898411","chr17","23259086","23259366","49","100639040"
"chr1","124058699","124059005","chr4","103942747","103943051","49","20115952"
"chr1","124090262","124090391","chr2","88064380","88064508","16","36025882"
"chr1","124331948","124332045","chr5","62110163","62110265","20","62221785"
"chr1","124462775","124463058","chr12","22795463","22795749","48","101667312"
"chr1","124472688","124472952","chr4","79455473","79455733","41","45017215"
"chr1","124632381","124632685","chr8","21354878","21355187","42","103277503"
"chr1","124769218","124769525","chr1","7993999","7994304","34","116775219"
"chr1","124790699","124790879","chr6","162120714","162120899","37","37330015"
"chr1","124864267","124864568","chr13","48846650","48846946","52","76017617"
"chr1","124990254","124990542","chr7","133065043","133065330","30","8074789"
"chr1","125054262","125054518","chr10","29823782","29824037","55","95230480"
"chr1","125175815","125176115","chrX","125124491","125124788","45","51324"
"chr1","125318865","125319129","chr11","7911759","7912023","48","117407106"
"chr1","125422031","125422312","chr4","131906185","131906461","53","6484154"
"chr1","125577358","125577648","chr1","124250793","124251086","40","1326565"
"chr1","125907389","125907679","chr7","116541236","116541527","34","9366153"
"chr1","125908175","125908467","chrX","108069512","108069807","38","17838663"
"chr1","126089991","126090288","chr3","178397880","178398180","47","52307889"
"chr1","126093792","126094090","chr1","124998618","124998915","34","1095174"
"chr1","126204812","126205109","chr15","48151534","48151833","45","78053278"
"chr1","126271815","126272112","chr10","85649034","85649333","45","40622781"
"chr1","126311088","126311328","chr8","28282237","28282471","51","98028851"
"chr1","126406299","126406593","chr15","9873078","9873375","37","116533221"
"chr1","126516136","126516437","chr4","29322592","29322894","57","97193544"
"chr1","126586169","126586467","chr4","31083851","31084133","57","95502318"
"chr1","126713577","126713871","chr11","122536938","122537232","50","4176639"
"chr1","126887244","126887517","chr16","64054855","64055135","50","62832389"
"chr1","126900759","126901039","chr12","93108642","93108929","48","33792117"
"chr1","126922132","126922433","chr1","128477471","128477761","58","1555339"
"chr1","126983346","126983566","chr15","29611756","29611978","28","97371590"
"chr1","127123301","127123568","chr1","219677924","219678213","45","92554623"
"chr1","127144436","127144763","chr3","45369493","45369802","60","81774943"
"chr1","127242209","127242488","chr1","190242284","190242563","44","63000075"
"chr1","127455329","127455617","chr13","24508987","24509277","46","102946342"
"chr1","127479299","127479604","chr13","32817425","32817728","39","94661874"
"chr1","127483218","127483528","chr16","15781566","15781876","45","111701652"
"chr1","127493554","127493660","chr4","19129364","19129472","16","108364190"
"chr1","127505079","127505386","chr2","184552940","184553212","76","57047861"
"chr1","127530359","127530638","chr10","90490043","90490326","45","37040316"
"chr1","127544622","127544910","chr14","15577285","15577579","35","111967337"
"chr1","127595921","127596215","chr3","160772561","160772858","38","33176640"
"chr1","127645027","127645327","chrX","23718809","23719106","36","103926218"
"chr1","127866744","127867042","chr13","32817425","32817728","36","95049319"
"chr1","127898153","127898447","chr20","51745649","51745944","33","76152504"
"chr1","127946480","127946769","chr4","13002327","13002618","35","114944153"
"chr1","127962344","127962621","chr9","85267162","85267442","47","42695182"
"chr1","127991418","127991714","chr13","32817425","32817728","35","95173993"
"chr1","128017147","128017442","chr7","90971726","90972022","45","37045421"
"chr1","128186240","128186533","chr8","125553163","125553457","50","2633077"
"chr1","128249820","128250118","chrX","20846410","20846706","46","107403410"
"chr1","128370801","128370911","chr11","103426092","103426203","20","24944709"
"chr1","128413089","128413327","chr14","31979627","31979859","46","96433462"
"chr1","128413649","128413710","chr17","40378295","40378357","13","88035354"
"chr1","128634016","128634322","chr1","124050585","124050888","40","4583431"
"chr1","128697697","128697981","chr7","133065043","133065330","32","4367346"
"chr1","128703608","128703916","chrX","49664967","49665275","40","79038641"
"chr1","128709834","128710129","chr11","59744208","59744500","30","68965626"
"chr1","128751014","128751309","chr3","160772561","160772858","46","32021547"
"chr1","128855725","128855977","chr14","17535227","17535481","44","111320498"
"chr1","128890666","128890827","chr7","120733169","120733328","25","8157497"
"chr1","128900110","128900412","chr14","114488858","114489164","39","14411252"
"chr1","128900894","128901188","chr10","72394915","72395215","34","56505979"
"chr1","128901688","128901994","chr6","124714488","124714790","34","4187200"
"chr1","128939282","128939587","chr2","96514589","96514879","56","32424693"
"chr1","129008354","129008648","chr9","7025626","7025918","34","121982728"
"chr1","129018825","129019117","chr2","39160986","39161280","40","89857839"
"chr1","129030221","129030476","chr3","42381510","42381765","45","86648711"
"chr1","129149265","129149488","chr7","121329046","121329267","25","7820219"
"chr1","129180961","129181250","chr1","94365322","94365615","38","34815639"
"chr1","129533028","129533325","chr7","72707693","72707981","45","56825335"
"chr1","129622374","129622675","chr1","114716826","114717136","49","14905548"
"chr1","129705569","129705871","chr19","3064712","3065012","36","126640857"
"chr1","129895091","129895382","chr1","204813267","204813556","39","74918176"
"chr1","130062039","130062311","chr5","129931710","129931977","47","130329"
"chr1","130174986","130175283","chr15","7561500","7561795","32","122613486"
"chr1","130635572","130635665","chr1","121174855","121174956","14","9460717"
"chr1","130689665","130689963","chr4","132287893","132288193","33","1598228"
"chr1","130785249","130785559","chr15","8621336","8621639","52","122163913"
"chr1","130829597","130829870","chr16","41501626","41501896","56","89327971"
"chr1","130967214","130967503","chr1","45623411","45623699","45","85343803"
"chr1","130973911","130974159","chr11","59745076","59745331","43","71228835"
"chr1","131177524","131177824","chr3","34969388","34969689","46","96208136"
"chr1","131235091","131235400","chr9","19850832","19851138","51","111384259"
"chr1","131410206","131410506","chrX","15713155","15713456","31","115697051"
"chr1","131646654","131646934","chr2","101934667","101934948","34","29711987"
"chr1","131651325","131651632","chr1","37937349","37937648","46","93713976"
"chr1","131652928","131653234","chr10","33030101","33030407","40","98622827"
"chr1","132156262","132156560","chr9","7025626","7025918","31","125130636"
"chr1","132361863","132362159","chr13","25301779","25302077","48","107060084"
"chr1","132491000","132491313","chr3","35164529","35164835","46","97326471"
"chr1","132517119","132517414","chr2","85511045","85511348","53","47006074"
"chr1","132690909","132691209","chr3","34969388","34969689","41","97721521"
"chr1","132853702","132853977","chr15","68523955","68524227","49","64329747"
"chr1","133206591","133206873","chr19","13105146","13105440","48","120101445"
"chr1","133627127","133627435","chr1","128155382","128155688","34","5471745"
"chr1","133896413","133896704","chr6","95375032","95375322","46","38521381"
"chr1","133898932","133899231","chr4","109455929","109456229","44","24443003"
"chr1","133929336","133929625","chr3","48298408","48298697","50","85630928"
"chr1","134031568","134031849","chr2","28624536","28624818","38","105407032"
"chr1","134097596","134097880","chr3","46165413","46165699","37","87932183"
"chr1","134130944","134131237","chr8","22381843","22382135","33","111749101"
"chr1","134379517","134379605","chr13","31730957","31731045","16","102648560"
"chr1","134409691","134409990","chr17","12723410","12723708","41","121686281"
"chr1","134424094","134424389","chr3","45626371","45626668","29","88797723"
"chr1","134475321","134475619","chr17","88324240","88324540","41","46151081"
"chr1","134508774","134509078","chr6","67889778","67890082","40","66618996"
"chr1","134542040","134542331","chr7","36979903","36980199","38","97562137"
"chr1","134561270","134561415","chr3","52484080","52484224","37","82077190"
"chr1","134626865","134627151","chr7","132975622","132975901","39","1651243"
"chr1","134685050","134685338","chr9","92292916","92293201","49","42392134"
"chr1","134787523","134787814","chr14","111869477","111869767","36","22918046"
"chr1","134789711","134790020","chr2","50272353","50272660","51","84517358"
"chr1","134791187","134791444","chr1","47626078","47626342","37","87165109"
"chr1","134867950","134868252","chr1","128155382","128155688","35","6712568"
"chr1","134896152","134896445","chr9","12389230","12389523","40","122506922"
"chr1","134961443","134961746","chr12","614728","615036","35","134346715"
"chr1","134985984","134986146","chr19","1948391","1948542","51","133037593"
"chr1","135011929","135012242","chr6","128302615","128302924","37","6709314"
"chr1","135020235","135020523","chr18","4827110","4827398","42","130193125"
"chr1","135024255","135024538","chr15","21464395","21464674","40","113559860"
"chr1","135069862","135070148","chr1","42476755","42477044","43","92593107"
"chr1","135076096","135076381","chr9","20732129","20732413","52","114343967"
"chr1","135093806","135094114","chr1","7993999","7994304","38","127099807"
"chr1","135102439","135102747","chr16","44035327","44035634","61","91067112"
"chr1","135117683","135117964","chr3","63144094","63144379","44","71973589"
"chr1","135134652","135134946","chr1","47942809","47943107","46","87191843"
"chr1","135165706","135165844","chr18","24104552","24104687","20","111061154"
"chr1","135194165","135194475","chr10","36830246","36830556","44","98363919"
"chr1","135276655","135276953","chr1","30413019","30413314","33","104863636"
"chr1","135311734","135312037","chr5","32469834","32470141","51","102841900"
"chr1","135381326","135381601","chr10","72017946","72018211","52","63363380"
"chr1","135396296","135396549","chr1","18086007","18086262","36","117310289"
"chr1","135405592","135405894","chr12","93508433","93508731","37","41897159"
"chr1","135407803","135408093","chr10","14842702","14842998","39","120565101"
"chr1","135408500","135408819","chr10","46007696","46008002","51","89400804"
"chr1","135432944","135433226","chr16","7789891","7790171","43","127643053"
"chr1","135441293","135441585","chr11","59744208","59744500","38","75697085"
"chr1","135448457","135448600","chr10","81181727","81181871","37","54266730"
"chr1","135448791","135448863","chr11","121093855","121093929","14","14354936"
"chr1","135462800","135463091","chr15","42318681","42318975","56","93144119"
"chr1","135477092","135477384","chr15","78953274","78953566","46","56523818"
"chr1","135482353","135482650","chr11","52332872","52333170","42","83149481"
"chr1","135484536","135484799","chr4","79455473","79455733","36","56029063"
"chr1","135491399","135491696","chr6","75686677","75686975","49","59804722"
"chr1","135494276","135494589","chr14","37362133","37362451","57","98132143"
"chr1","135505529","135505831","chr4","151205306","151205609","35","15699777"
"chr1","135509624","135509924","chr10","70335100","70335400","34","65174524"
"chr1","135513745","135514037","chr9","55528849","55529154","47","79984896"
"chr1","135550264","135550551","chr9","7025626","7025918","48","128524638"
"chr1","135555654","135555967","chr1","57048138","57048448","54","78507516"
"chr1","135564674","135564970","chr7","16206849","16207148","45","119357825"
"chr1","135564998","135565305","chr3","52229547","52229849","47","83335451"
"chr1","135574389","135574545","chr1","113961671","113961817","28","21612718"
"chr1","135575365","135575632","chr20","69861641","69861906","49","65713724"
"chr1","135578337","135578635","chr7","26098437","26098733","38","109479900"
"chr1","135582419","135582700","chr11","46110133","46110427","57","89472286"
"chr1","135593484","135593785","chrX","38891205","38891511","47","96702279"
"chr1","135640779","135641098","chr15","48151534","48151833","60","87489245"
"chr1","135642342","135642585","chr5","35289040","35289286","43","100353302"
"chr1","135684057","135684313","chr3","71188614","71188861","48","64495443"
"chr1","135685771","135686076","chr13","23411370","23411675","62","112274401"
"chr1","135699828","135700140","chr20","26725185","26725483","52","108974643"
"chr1","135709894","135710190","chr10","29691322","29691619","41","106018572"
"chr1","135769522","135769737","chr1","139331880","139332099","32","3562358"
"chr1","135792951","135793239","JH679691","247633","247916","54","135545318"
"chr1","135799481","135799790","chr7","120237461","120237769","42","15562020"
"chr1","135866801","135867103","chr13","62636440","62636740","35","73230361"
"chr1","135872520","135872833","chr12","102090538","102090840","54","33781982"
"chr1","135883780","135883867","chrX","131890080","131890165","16","3993700"
"chr1","135894304","135894559","chr11","71045850","71046097","42","64848454"
"chr1","135896646","135896955","chrX","20992308","20992606","53","114904338"
"chr1","135900610","135900708","chr15","7399560","7399658","20","128501050"
"chr1","135914890","135915200","chr3","152935797","152936108","42","17020907"
"chr1","135929083","135929375","chr7","149329074","149329370","54","13399991"
"chr1","135939237","135939539","chrX","43914906","43915203","32","92024331"
"chr1","135954604","135954894","chr3","3812815","3813101","45","132141789"
"chr1","135969376","135969580","chr4","124247170","124247383","36","11722206"
"chr1","135969709","135969766","chr16","44740704","44740760","9","91229005"
"chr1","135986431","135986733","chr1","128155382","128155688","33","7831049"
"chr1","136013863","136013977","chr3","15334660","15334776","15","120679203"
"chr1","136063331","136063638","chr8","94958903","94959204","42","41104428"
"chr1","136101030","136101341","chr1","9210171","9210476","53","126890859"
"chr1","136157488","136157780","chrX","45985047","45985346","48","90172441"
"chr1","136160348","136160654","chr7","17509919","17510217","43","118650429"
"chr1","136202008","136202316","chr14","63716116","63716415","39","72485892"
"chr1","136212902","136213161","chr1","217371309","217371564","57","81158407"
"chr1","136236118","136236417","chr6","135545495","135545800","39","690623"
"chr1","136257620","136257805","chr3","111632596","111632778","29","24625024"
"chr1","136547854","136548154","chr6","51642232","51642530","40","84905622"
"chr1","136564763","136565074","chr5","118586096","118586412","37","17978667"
"chr1","136565348","136565632","chr7","90971726","90972022","50","45593622"
"chr1","136643295","136643605","chr16","15788944","15789248","42","120854351"
"chr1","136733318","136733619","chr6","57093643","57093937","39","79639675"
"chr1","136799274","136799554","chr2","29248691","29248978","43","107550583"
"chr1","136806284","136806571","chr7","133065043","133065330","39","3741241"
"chr1","136859433","136859726","chr11","59744208","59744500","34","77115225"
"chr1","136898796","136899093","chr15","7511435","7511732","39","129387361"
"chr1","136918596","136918711","chr8","55405673","55405786","21","81512923"
"chr1","137000377","137000668","chr7","117030480","117030769","37","19969897"
"chr1","137038812","137039103","chr7","129456939","129457235","40","7581873"
"chr1","137265184","137265469","chr9","57318157","57318448","40","79947027"
"chr1","137319516","137319805","chr3","134867637","134867930","39","2451879"
"chr1","137340589","137340709","chr16","3400065","3400178","21","133940524"
"chr1","137340944","137341122","chr11","132171694","132171867","33","5169250"
"chr1","137370999","137371288","chr12","98300764","98301051","40","39070235"
"chr1","137385580","137385791","chr7","121329046","121329267","37","16056534"
"chr1","137413999","137414299","chrX","17073566","17073867","38","120340433"
"chr1","137445481","137445661","chr11","71648480","71648657","25","65797001"
"chr1","137456739","137457009","chr16","63697659","63697932","40","73759080"
"chr1","137562910","137563216","chr9","25603269","25603573","37","111959641"
"chr1","137710389","137710671","chr19","7821204","7821487","34","129889185"
"chr1","137741252","137741560","chr3","52476744","52477050","40","85264508"
"chr1","137768116","137768400","chr6","11115581","11115864","34","126652535"
"chr1","137829804","137830091","chr15","57652318","57652603","45","80177486"
"chr1","137852383","137852681","chr3","128299641","128299942","43","9552742"
"chr1","137882852","137883150","chr1","1866324","1866628","31","136016528"
"chr1","137890546","137890865","chr9","95162769","95163063","65","42727777"
"chr1","137900299","137900591","chr20","54767706","54767999","43","83132593"
"chr1","137920849","137921146","chr2","38884008","38884302","34","99036841"
"chr1","137954200","137954494","chr1","94365322","94365615","43","43588878"
"chr1","137980302","137980593","chr2","96826999","96827292","57","41153303"
"chr1","138064459","138064761","chr14","61662606","61662905","48","76401853"
"chr1","138081166","138081470","chr20","49007291","49007596","37","89073875"
"chr1","138188231","138188528","chr4","13663992","13664285","40","124524239"
"chr1","138190592","138190885","chr5","56973726","56974023","49","81216866"
"chr1","138232139","138232419","chr10","27509342","27509618","44","110722797"
"chr1","138256433","138256697","chr16","40120685","40120959","49","98135748"
"chr1","138263575","138263860","chr16","31524564","31524839","74","106739011"
"chr1","138281583","138281748","chr10","85626594","85626755","30","52654989"
"chr1","138331180","138331467","chr10","62315260","62315548","34","76015920"
"chr1","138344375","138344628","chr17","50981326","50981584","37","87363049"
"chr1","138359787","138359924","chr7","68766471","68766618","24","69593316"
"chr1","138360869","138361174","chr3","35164529","35164835","47","103196340"
"chr1","138370331","138370555","chr16","28277063","28277289","42","110093268"
"chr1","138371022","138371329","chr13","106715596","106715902","39","31655426"
"chr1","138395021","138395333","chr9","61900736","61901039","37","76494285"
"chr1","138412510","138412797","chr4","131374689","131374976","36","7037821"
"chr1","138428414","138428672","chr6","158948598","158948869","46","20520184"
"chr1","138436148","138436445","chr5","129730123","129730422","43","8706025"
"chr1","138438349","138438633","chr3","10308541","10308818","50","128129808"
"chr1","138439007","138439234","chr7","121329046","121329267","36","17109961"
"chr1","138447139","138447445","chr7","51613254","51613546","68","86833885"
"chr1","138472230","138472513","chr14","50817121","50817406","39","87655109"
"chr1","138486730","138487019","chr11","59744208","59744500","41","78742522"
"chr1","138517514","138517792","chr2","28624536","28624818","32","109892978"
"chr1","138532479","138532759","chr6","34328807","34329088","48","104203672"
"chr1","138557899","138558197","chr7","50596154","50596456","42","87961745"
"chr1","138600488","138600781","chr9","61749418","61749718","45","76851070"
"chr1","138623061","138623356","chr10","38262077","38262376","42","100360984"
"chr1","138624750","138625052","chr9","958875","959174","49","137665875"
"chr1","138741033","138741246","chr4","124247170","124247383","44","14493863"
"chr1","138990350","138990651","chr10","72394915","72395215","36","66595435"
"chr1","139032396","139032691","chr6","142572268","142572563","43","3539872"
"chr1","139075889","139076179","chr3","78122440","78122733","40","60953449"
"chr1","139101914","139102190","chr17","72453749","72454026","43","66648165"
"chr1","139119480","139119734","chr14","66011174","66011430","42","73108306"
"chr1","139219090","139219371","chr20","70990948","70991231","46","68228142"
"chr1","139252578","139252871","chr1","19255420","19255708","56","119997158"
"chr1","139295207","139295501","chr2","42375373","42375675","60","96919834"
"chr1","139307757","139308059","chr19","3064712","3065012","36","136243045"
"chr1","139335200","139335498","chrX","13595567","13595865","31","125739633"
"chr1","139342231","139342534","chr17","63071543","63071839","41","76270688"
"chr1","139355338","139355621","chr3","133462312","133462603","36","5893026"
"chr1","139375730","139375992","chr4","79455473","79455733","31","59920257"
"chr1","139399066","139399373","chr10","62936704","62937010","38","76462362"
"chr1","139438628","139438921","chr1","94365322","94365615","34","45073306"
"chr1","139459853","139460162","chr7","151764173","151764476","42","12304320"
"chr1","139472094","139472378","chr3","47408821","47409099","51","92063273"
"chr1","139483008","139483129","chr4","13300655","13300788","26","126182353"
"chr1","139483612","139483676","chr7","92275035","92275107","20","47208577"
"chr1","139515793","139516094","chr13","62636440","62636740","39","76879353"
"chr1","139525030","139525331","chr17","27793188","27793487","41","111731842"
"chr1","139618475","139618771","chr4","10828530","10828827","38","128789945"
"chr1","139621609","139621903","chr2","123712519","123712817","37","15909090"
"chr1","139715316","139715604","chr10","14082708","14082998","48","125632608"
"chr1","139746179","139746470","chr10","67588839","67589130","40","72157340"
"chr1","139765513","139765822","chr19","2709418","2709733","46","137056095"
"chr1","139773673","139773981","chrX","19437458","19437770","44","120336215"
"chr1","139787510","139787797","chr10","62315260","62315548","27","77472250"
"chr1","139789028","139789336","chr2","38884008","38884302","47","100905020"
"chr1","139790065","139790231","chr7","120733169","120733328","27","19056896"
"chr1","139805044","139805335","chr4","161349293","161349586","49","21544249"
"chr1","139824918","139825213","chr2","71450909","71451205","35","68374009"
"chr1","140051900","140052198","chr15","92368829","92369125","36","47683071"
"chr1","140068094","140068388","chr13","36289","36581","43","140031805"
"chr1","140101376","140101681","chr13","67015543","67015852","50","73085833"
"chr1","140140797","140141108","chr7","73560013","73560323","38","66580784"
"chr1","140178981","140179256","chr4","107911095","107911379","43","32267886"
"chr1","140180297","140180439","chr9","94901539","94901674","23","45278758"
"chr1","140281914","140282210","chr9","34341703","34341997","31","105940211"
"chr1","140315434","140315741","chr19","24212554","24212862","35","116102880"
"chr1","140571178","140571457","chr1","129803036","129803323","51","10768142"
"chr1","140663531","140663828","chr3","160772561","160772858","43","20109030"
"chr1","140723483","140723779","chr16","18796729","18797022","44","121926754"
"chr1","140931482","140931775","chr7","52736490","52736780","35","88194992"
"chr1","141151869","141152157","chr15","36768383","36768678","38","104383486"
"chr1","141154265","141154552","chr3","63144094","63144379","35","78010171"
"chr1","141155786","141156069","chr1","56197206","56197488","60","84958580"
"chr1","141182392","141182690","chr1","129877213","129877510","35","11305179"
"chr1","141189116","141189416","chr8","81005521","81005819","47","60183595"
"chr1","141198918","141199204","chr20","21076068","21076368","47","120122850"
"chr1","141222597","141222895","chr1","124250793","124251086","47","16971804"
"chr1","141236723","141237017","chr20","47840345","47840639","44","93396378"
"chr1","141238753","141239042","chr3","87661749","87662047","50","53577004"
"chr1","141250281","141250570","chr12","98300764","98301051","39","42949517"
"chr1","141287957","141288221","chr9","56336829","56337090","41","84951128"
"chr1","141291544","141291850","chr1","57048138","57048448","37","84243406"
"chr1","141333963","141334205","chr20","46484406","46484655","37","94849557"
"chr1","141365341","141365627","chr18","15788387","15788669","47","125576954"
"chr1","141386401","141386692","chr2","38884008","38884302","36","102502393"
"chr1","141401102","141401406","chr15","96588502","96588809","42","44812600"
"chr1","141401698","141401829","chr15","21096731","21096859","16","120304967"
"chr1","141402254","141402404","chr6","52111046","52111199","32","89291208"
"chr1","141452662","141452965","chr16","15788944","15789248","37","125663718"
"chr1","141938224","141938471","chr4","118305946","118306203","41","23632278"
"chr1","141985673","141985944","chr12","91650330","91650603","50","50335343"
"chr1","141996549","141996841","chr11","131492005","131492296","56","10504544"
"chr1","142038799","142039093","chr2","38884008","38884302","44","103154791"
"chr1","142065853","142066151","chr1","67368758","67369056","42","74697095"
"chr1","142134665","142134958","chrX","105763749","105764060","47","36370916"
"chr1","142151513","142151819","chr16","63830095","63830398","36","78321418"
"chr1","142202845","142203132","chr15","35707484","35707781","41","106495361"
"chr1","142308828","142309122","chr8","91437935","91438229","31","50870893"
"chr1","142335367","142335672","chr1","114112648","114112955","44","28222719"
"chr1","142574482","142574770","chr7","116541236","116541527","35","26033246"
"chr1","142626531","142626819","chr2","149808038","149808322","51","7181507"
"chr1","142730411","142730709","chr11","47924958","47925256","34","94805453"
"chr1","142923572","142923875","chr1","219225924","219226223","44","76302352"
"chr1","142934507","142934801","chr11","59744208","59744500","33","83190299"
"chr1","143018925","143019218","chr9","79342653","79342946","38","63676272"
"chr1","143054710","143055017","chr14","50817121","50817406","56","92237589"
"chr1","143135286","143135586","chr7","16206849","16207148","41","126928437"
"chr1","143192703","143192996","chr1","94365322","94365615","41","48827381"
"chr1","143240094","143240387","chr19","35482053","35482349","45","107758041"
"chr1","143253206","143253516","chr20","51574068","51574375","41","91679138"
"chr1","143307077","143307370","chr12","35031886","35032181","33","108275191"
"chr1","143307538","143307616","chr9","99777183","99777260","9","43530355"
"chr1","143314046","143314350","chr15","98914064","98914371","39","44399982"
"chr1","143373102","143373411","chr10","81279911","81280220","41","62093191"
"chr1","143433258","143433545","chr15","105983082","105983358","45","37450176"
"chr1","143436242","143436548","chr4","101451911","101452210","47","41984331"
"chr1","143445420","143445726","chr1","18852431","18852735","49","124592989"
"chr1","143498637","143498943","chrX","49664967","49665275","37","93833670"
"chr1","143517839","143518139","chr2","102989050","102989349","40","40528789"
"chr1","143520691","143520985","chr2","84844754","84845049","34","58675937"
"chr1","143582235","143582524","chr7","133065043","133065330","34","10517192"
"chr1","143591218","143591533","chr3","69228301","69228608","47","74362917"
"chr1","143603353","143603664","chr9","31858939","31859247","51","111744414"
"chr1","143603918","143604223","chr2","46682521","46682821","42","96921397"
"chr1","143606761","143607045","chr14","47770929","47771212","42","95835832"
"chr1","143916222","143916504","chr7","112179935","112180216","51","31736287"
"chr1","144550039","144550328","chr6","89480157","89480448","39","55069882"
"chr1","144575454","144575760","chr4","14949121","14949425","32","129626333"
"chr1","144690689","144690991","chr3","41659431","41659734","39","103031258"
"chr1","144832269","144832366","chr3","150400681","150400772","13","5568412"
"chr1","144958888","144959181","chr1","190424764","190425060","41","45465876"
"chr1","145092747","145093054","chr15","96588502","96588809","29","48504245"
"chr1","145252644","145252872","chr3","159234507","159234735","53","13981863"
"chr1","145508659","145508958","chr2","95068228","95068528","46","50440431"
"chr1","145513660","145513966","chr1","15002769","15003080","47","130510891"
"chr1","145576428","145576714","chr16","18796729","18797022","42","126779699"
"chr1","145576842","145577127","chr9","7025626","7025918","39","138551216"
"chr1","145625845","145626144","chr11","59744208","59744500","35","85881637"
"chr1","145879651","145879960","chr14","63676889","63677191","48","82202762"
"chr1","145909249","145909505","chr4","79455473","79455733","33","66453776"
"chr1","145954676","145954904","chr7","121329046","121329267","40","24625630"
"chr1","146103831","146104115","chr11","126386037","126386321","39","19717794"
"chr1","146156548","146156842","chr3","94795716","94795998","62","51360832"
"chr1","146568670","146568960","chr11","117541264","117541558","42","29027406"
"chr1","146574171","146574462","chr4","17537310","17537606","46","129036861"
"chr1","146591733","146592040","chr1","13865146","13865450","49","132726587"
"chr1","146616504","146616806","chr20","69190302","69190600","42","77426202"
"chr1","146634128","146634434","chr9","84308480","84308785","49","62325648"
"chr1","146686572","146686854","chr13","90970128","90970408","44","55716444"
"chr1","146744946","146745233","chr14","25420751","25421041","36","121324195"
"chr1","146752717","146753003","chr1","56995657","56995937","46","89757060"
"chr1","146910232","146910528","chr6","113414976","113415281","44","33495256"
"chr1","146937363","146937457","chr11","48662117","48662218","19","98275246"
"chr1","146937458","146937607","chr9","61763170","61763330","46","85174288"
"chr1","147024550","147024849","chr4","31017666","31017967","39","116006884"
"chr1","147214102","147214234","chr18","2814393","2814524","13","144399709"
"chr1","147239657","147239783","chr11","52136137","52136264","14","95103520"
"chr1","147443662","147443957","chr4","28182259","28182553","38","119261403"
"chr1","147678094","147678395","chr5","72034781","72035074","52","75643313"
"chr1","147777173","147777453","chr3","13489445","13489734","52","134287728"
"chr1","147797968","147798262","chr7","91577966","91578264","34","56220002"
"chr1","147934149","147934347","chr18","16642318","16642513","37","131291831"
"chr1","147976442","147976736","chr13","87817645","87817938","40","60158797"
"chr1","147990129","147990441","chr15","30050026","30050335","45","117940103"
"chr1","148024019","148024301","chr11","12513096","12513383","37","135510923"
"chr1","148047446","148047743","chr20","22854211","22854510","43","125193235"
"chr1","148049495","148049803","chr3","150228925","150229224","42","2179430"
"chr1","148059374","148059676","chr2","102989050","102989349","48","45070324"
"chr1","148095344","148095638","chr1","152625689","152625995","43","4530345"
"chr1","148123072","148123389","chr9","102623152","102623465","55","45499920"
"chr1","148139129","148139377","chr10","77008353","77008596","34","71130776"
"chr1","148140115","148140408","chr4","21600067","21600357","44","126540048"
"chr1","148181540","148181831","chr11","59744208","59744500","34","88437332"
"chr1","148196608","148196907","chr14","90336936","90337245","43","57859672"
"chr1","148208011","148208301","chr11","65021125","65021416","49","83186886"
"chr1","148215825","148216126","chr14","5934954","5935260","42","142280871"
"chr1","148241277","148241563","chr1","139277047","139277336","44","8964230"
"chr1","148298401","148298693","chr16","69694984","69695273","38","78603417"
"chr1","148309190","148309473","chr2","99535195","99535480","45","48773995"
"chr1","148314812","148315121","chr15","29522390","29522690","46","118792422"
"chr1","148318118","148318391","chr16","46057837","46058114","48","102260281"
"chr1","148330666","148330956","chr13","9183341","9183634","47","139147325"
"chr1","148353822","148353995","chr10","86065845","86066023","30","62287977"
"chr1","148365250","148365541","chr15","9867708","9868000","44","138497542"
"chr1","148376965","148377272","chr4","33663349","33663650","51","114713616"
"chr1","148379321","148379619","chr1","124250793","124251086","50","24128528"
"chr1","148382910","148383208","chr2","167667238","167667538","42","19284328"
"chr1","148391444","148391568","chr11","83048168","83048288","14","65343276"
"chr1","148400656","148400959","chr7","150563402","150563704","42","2162746"
"chr1","148406562","148406826","chr9","24560211","24560475","41","123846351"
"chr1","148413923","148414219","chr1","185903042","185903338","53","37489119"
"chr1","148429105","148429269","chr1","65033511","65033674","46","83395594"
"chr1","148429584","148429615","chr14","19241209","19241238","15","129188375"
"chr1","148430703","148430833","chr1","197772553","197772689","23","49341850"
"chr1","148439588","148439882","chr4","13663992","13664285","40","134775596"
"chr1","148518438","148518741","chrX","106955148","106955450","39","41563290"
"chr1","148530750","148531037","chr20","53970919","53971210","43","94559831"
"chr1","148536658","148536948","chr1","42476755","42477044","41","106059903"
"chr1","148537975","148538292","chr15","101709222","101709532","41","46828753"
"chr1","148539547","148539833","chr14","112793064","112793355","34","35746483"
"chr1","148563401","148563702","chr19","35482053","35482349","45","113081348"
"chr1","148563998","148564294","chr14","98318663","98318962","41","50245335"
"chr1","148572816","148573115","chr9","31646265","31646560","43","116926551"
"chr1","148580060","148580323","chr14","100917461","100917725","37","47662599"
"chr1","148619288","148619596","chr9","57835064","57835373","42","90784224"
"chr1","148621507","148621817","chr11","40791675","40791991","54","107829832"
"chr1","148629175","148629476","chr10","16049988","16050292","48","132579187"
"chr1","148635109","148635409","chr1","1866324","1866628","37","146768785"
"chr1","148640107","148640406","chr4","32871781","32872078","46","115768326"
"chr1","148834344","148834645","chr6","124714488","124714790","30","24119856"
"chr1","148834705","148835012","chr7","64675811","64676114","48","84158894"
"chr1","148884107","148884403","chr1","11995969","11996267","30","136888138"
"chr1","149000756","149001100","chr15","29147160","29147500","59","119853596"
"chr1","149069236","149069483","chr18","26703368","26703615","43","122365868"
"chr1","149088334","149088631","chr9","55015940","55016236","42","94072394"
"chr1","149160210","149160526","chr4","12804307","12804616","42","136355903"
"chr1","149170670","149170933","chr20","13692670","13692934","45","135478000"
"chr1","149174586","149174869","chr2","28624536","28624818","43","120550050"
"chr1","149302344","149302642","chr8","94958903","94959204","45","54343441"
"chr1","149309154","149309450","chr7","52736490","52736780","42","96572664"
"chr1","149677015","149677302","chr15","78953274","78953566","45","70723741"
"chr1","149818018","149818314","chr9","15247736","15248032","34","134570282"
"chr1","149927534","149927825","chr3","160772561","160772858","37","10845027"
"chr1","150105474","150105557","chr13","125454879","125454959","16","24650595"
"chr1","150106115","150106323","chr14","96083585","96083801","38","54022530"
"chr1","150156716","150156896","chr2","128514925","128515105","31","21641791"
"chr1","150503444","150503623","chr15","29568437","29568610","29","120935007"
"chr1","150504304","150504591","chrX","28734753","28735052","42","121769551"
"chr1","150658018","150658316","chr1","946135","946434","30","149711883"
"chr1","150664679","150664927","chr7","37934436","37934684","48","112730243"
"chr1","150682114","150682380","chr11","60614947","60615205","46","90067167"
"chr1","150785774","150786041","chr1","47626078","47626342","50","103159696"
"chr1","150792231","150792482","chr7","127121245","127121497","37","23670986"
"chr1","150798380","150798645","chr11","6255366","6255644","46","144543014"
"chr1","150799385","150799691","chr2","100800229","100800536","43","49999156"
"chr1","150806037","150806336","chr6","143561531","143561830","36","7244506"
"chr1","150818048","150818345","chr2","77233595","77233894","43","73584453"
"chr1","150818754","150819070","chr4","2534955","2535251","52","148283799"
"chr1","150830411","150830712","chr3","34969388","34969689","35","115861023"
"chr1","150849344","150849655","chr1","199749826","199750136","41","48900482"
"chr1","150887087","150887374","chr10","62315260","62315548","28","88571827"
"chr1","150893257","150893559","chr20","26717586","26717886","30","124175671"
"chr1","150898544","150898815","chr3","28658997","28659276","46","122239547"
"chr1","150904058","150904354","chr3","174039079","174039372","35","23135021"
"chr1","150931419","150931683","chrX","122712517","122712780","41","28218902"
"chr1","150950059","150950366","chr3","44128938","44129239","43","106821121"
"chr1","150960918","150961207","chr7","120051776","120052057","44","30909142"
"chr1","150984814","150985109","chr19","31216109","31216397","44","119768705"
"chr1","150992953","150993259","chr7","25087617","25087919","43","125905336"
"chr1","150997488","150997770","chr8","70343541","70343824","41","80653947"
"chr1","151001888","151002171","chr16","68364432","68364716","62","82637456"
"chr1","151014573","151014868","chr3","34969388","34969689","45","116045185"
"chr1","151022372","151022677","chr7","73560013","73560323","38","77462359"
"chr1","151024590","151024894","chr11","111650237","111650541","42","39374353"
"chr1","151055597","151055903","chr1","199749826","199750136","43","48694229"
"chr1","151089815","151090103","chr14","50817121","50817406","37","100272694"
"chr1","151131393","151131660","chr15","105505769","105506028","44","45625624"
"chr1","151247864","151248165","chr7","133218952","133219257","52","18028912"
"chr1","151492330","151492640","chr6","93473935","93474246","43","58018395"
"chr1","151664979","151665271","chr6","161763310","161763606","42","10098331"
"chr1","151769607","151769890","chr16","45339014","45339298","36","106430593"
"chr1","151831990","151832259","chr14","85601211","85601476","53","66230779"
"chr1","151948450","151948785","chr1","25073098","25073432","62","126875352"
"chr1","151990076","151990377","chr8","1523679","1523979","39","150466397"
"chr1","151994012","151994322","chrX","38891205","38891511","47","113102807"
"chr1","152164405","152164655","chr10","37817455","37817721","45","114346950"
"chr1","152241393","152241660","chr1","30765363","30765624","53","121476030"
"chr1","152364628","152364921","chr15","25883762","25884058","36","126480866"
"chr1","152432847","152433151","chr1","128155382","128155688","36","24277465"
"chr1","152499177","152499483","chr16","18913306","18913612","31","133585871"
"chr1","152553110","152553403","chr11","119520425","119520728","45","33032685"
"chr1","152555595","152555766","chr9","18020024","18020190","23","134535571"
"chr1","152559665","152559935","chr7","123386234","123386495","49","29173431"
"chr1","152580626","152580925","chr11","59699985","59700283","41","92880641"
"chr1","152625726","152626018","chr14","50817121","50817406","46","101808605"
"chr1","152700966","152701257","chr20","80274","80570","36","152620692"
"chr1","152789706","152790003","chr9","87792069","87792362","30","64997637"
"chr1","152792492","152792802","chrX","142425260","142425568","46","10367232"
"chr1","152805242","152805538","chr3","66701770","66702068","31","86103472"
"chr1","152815037","152815334","chr2","39660204","39660504","35","113154833"
"chr1","152919514","152919795","chr1","40659470","40659761","51","112260044"
"chr1","152988168","152988445","chr12","97703565","97703846","41","55284603"
"chr1","153034891","153035192","chr4","2534955","2535251","40","150499936"
"chr1","153188375","153188671","chr3","63343532","63343825","39","89844843"
"chr1","153266858","153267168","chr9","101100552","101100866","40","52166306"
"chr1","153276139","153276450","chr5","175347571","175347877","42","22071432"
"chr1","153388224","153388514","chr16","45339014","45339298","39","108049210"
"chr1","153412002","153412292","chr14","15577285","15577579","31","137834717"
"chr1","153415795","153416108","chrX","128895004","128895316","38","24520791"
"chr1","153494840","153495135","chr11","59744208","59744500","32","93750632"
"chr1","153498143","153498449","chr5","34129012","34129323","43","119369131"
"chr1","153530723","153531022","chr2","184580196","184580486","39","31049473"
"chr1","153534891","153535188","chr12","35031886","35032181","36","118503005"
"chr1","153538929","153539240","chr6","103084220","103084533","34","50454709"
"chr1","153556573","153556874","chr13","61259817","61260123","35","92296756"
"chr1","153617034","153617330","chr6","120377655","120377955","41","33239379"
"chr1","153680256","153680540","chr1","57946363","57946656","54","95733893"
"chr1","153761609","153761895","chr11","101209765","101210048","45","52551844"
"chr1","153771201","153771509","chr12","44563961","44564267","37","109207240"
"chr1","153806046","153806336","chr4","110946344","110946633","48","42859702"
"chr1","153832505","153832798","chr7","90971726","90972022","41","62860779"
"chr1","153862512","153862832","chr13","125134336","125134638","49","28728176"
"chr1","153963830","153964159","chr12","63820146","63820469","53","90143684"
"chr1","154181091","154181367","chr1","1510148","1510425","42","152670943"
"chr1","154239151","154239301","chr2","182046129","182046277","19","27806978"
"chr1","154342433","154342712","chr5","158158229","158158518","44","3815796"
"chr1","154376648","154376860","chr9","89395808","89396013","42","64980840"
"chr1","154588741","154588993","chr2","125988970","125989217","58","28599771"
"chr1","154633851","154634126","chr15","42714345","42714616","38","111919506"
"chr1","154636962","154637270","chr1","18852431","18852735","43","135784531"
"chr1","154645251","154645562","chr6","157477970","157478279","35","2832719"
"chr1","154774988","154775278","chr1","40137387","40137679","36","114637601"
"chr1","154913523","154913834","chrX","124383342","124383652","47","30530181"
"chr1","154923452","154923749","chr6","136733017","136733318","44","18190435"
"chr1","154945761","154946060","chr13","32817425","32817728","34","122128336"
"chr1","154957254","154957564","chr7","108666092","108666400","39","46291162"
"chr1","154959123","154959422","chr1","152877796","152878091","40","2081327"
"chr1","154961009","154961295","chr11","49301504","49301791","34","105659505"
"chr1","154968103","154968397","chr20","51745649","51745944","30","103222454"
"chr1","155032703","155033010","chr19","16794959","16795271","48","138237744"
"chr1","155065043","155065332","chr3","41188591","41188879","37","113876452"
"chr1","155076089","155076190","chr10","35272512","35272610","15","119803577"
"chr1","155102115","155102391","chr2","183405082","183405365","39","28302967"
"chr1","155114604","155114859","chr1","16030313","16030572","44","139084291"
"chr1","155124484","155124620","chr13","43588935","43589068","22","111535549"
"chr1","155125036","155125144","chr9","124771238","124771348","14","30353798"
"chr1","155137934","155138245","chr15","39862913","39863221","39","115275021"
"chr1","155145698","155145731","chr9","20827484","20827517","10","134318214"
"chr1","155145827","155145922","chr9","54785159","54785251","18","100360668"
"chr1","155159687","155159965","chr15","23018515","23018786","44","132141172"
"chr1","155243175","155243464","chr7","34314811","34315097","39","120928364"
"chr1","155263872","155264120","chr6","1541360","1541616","45","153722512"
"chr1","155320358","155320654","chr1","94365322","94365615","40","60955036"
"chr1","155324320","155324616","chr15","18207467","18207766","42","137116853"
"chr1","155338680","155338965","chr20","47942697","47942983","49","107395983"
"chr1","155340746","155341031","chrX","62748235","62748529","44","92592511"
"chr1","155361743","155362054","chr13","61132328","61132637","37","94229415"
"chr1","155371271","155371569","chr10","30438977","30439274","47","124932294"
"chr1","155372005","155372308","chr8","94310731","94311042","37","61061274"
"chr1","155393549","155393838","chr3","34969388","34969689","55","120424161"
"chr1","155395293","155395581","chr18","53358548","53358837","55","102036745"
"chr1","155415068","155415364","chr20","26717586","26717886","37","128697482"
"chr1","155433698","155434009","chr6","127514364","127514674","28","27919334"
"chr1","155435475","155435770","chr9","111361262","111361554","39","44074213"
"chr1","155450910","155451226","chr12","58244299","58244591","59","97206611"
"chr1","155458346","155458482","chr3","16660602","16660738","22","138797744"
"chr1","155478595","155478895","chr4","132287893","132288193","42","23190702"
"chr1","155492972","155493264","chr7","51613254","51613546","56","103879718"
"chr1","155540539","155540817","chr9","97049733","97050015","46","58490806"
"chr1","155555280","155555581","chr12","62741269","62741568","39","92814011"
"chr1","155736815","155737096","chr6","11115581","11115864","51","144621234"
"chr1","155738732","155739033","chrX","21565382","21565683","36","134173350"
"chr1","155775383","155775678","chr11","59744208","59744500","33","96031175"
"chr1","155787963","155788263","chr4","151594488","151594786","44","4193475"
"chr1","155843460","155843773","chr4","41971978","41972281","47","113871482"
"chr1","155880970","155881280","chr2","56649143","56649449","46","99231827"
"chr1","155939042","155939338","chr13","73992590","73992885","39","81946452"
"chr1","155965444","155965744","chr6","103097705","103098006","50","52867739"
"chr1","156027387","156027683","chr14","55307372","55307665","40","100720015"
"chr1","156069598","156069892","chr7","52736490","52736780","38","103333108"
"chr1","156128076","156128372","chr6","124714488","124714790","40","31413588"
"chr1","156141542","156141830","chr12","98300764","98301051","42","57840778"
"chr1","156156048","156156345","chrX","44799525","44799819","42","111356523"
"chr1","156178295","156178530","chr7","106517904","106518135","40","49660391"
"chr1","156191330","156191627","chr14","111877236","111877529","42","44314094"
"chr1","156199346","156199486","chr1","80937785","80937929","23","75261561"
"chr1","156199793","156199923","chr19","44352064","44352192","33","111847729"
"chr1","156200438","156200731","chr11","32172321","32172615","36","124028117"
"chr1","156208208","156208511","chr6","142572268","142572563","37","13635940"
"chr1","156242869","156243162","chr1","65662451","65662746","34","90580418"
"chr1","156256819","156257120","chr1","1866324","1866628","44","154390495"
"chr1","156415354","156415658","chr9","61900736","61901039","33","94514618"
"chr1","156437355","156437662","chr16","55715676","55715976","49","100721679"
"chr1","156504955","156505256","chr1","128155382","128155688","30","28349573"
"chr1","156518733","156518988","chr7","67057279","67057531","41","89461454"
"chr1","156640946","156641255","chr2","87207712","87208016","42","69433234"
"chr1","156664112","156664386","chr3","55248645","55248932","51","101415467"
"chr1","156671917","156672189","chr6","161525268","161525536","42","4853351"
"chr1","156689478","156689781","chr1","152643716","152644019","36","4045762"
"chr1","156693325","156693617","chr1","67368758","67369056","42","89324567"
"chr1","156696353","156696647","chr16","18796729","18797022","36","137899624"
"chr1","156724922","156725214","chr19","32347284","32347572","49","124377638"
"chr1","156773207","156773529","chr11","43397080","43397397","61","113376127"
"chr1","156795599","156795898","chr15","103362570","103362871","53","53433029"
"chr1","156798914","156799200","chr1","85077124","85077421","36","71721790"
"chr1","156822583","156822888","chr13","43327633","43327946","41","113494950"
"chr1","156824100","156824394","chr9","87533526","87533824","34","69290574"
"chr1","156827356","156827659","chr10","73657052","73657354","38","83170304"
"chr1","156850610","156850903","chr15","7561500","7561795","32","149289110"
"chr1","156878645","156878909","chrX","58120629","58120892","42","98758016"
"chr1","156893194","156893474","chr11","46126255","46126535","42","110766939"
"chr1","156924476","156924762","chr15","21289175","21289461","39","135635301"
"chr1","156946231","156946518","chr11","95761683","95761964","36","61184548"
"chr1","156948420","156948720","chr3","159359916","159360216","38","2411496"
"chr1","156986346","156986658","chr1","117667634","117667945","38","39318712"
"chr1","157042720","157043030","chr2","106418670","106418975","40","50624050"
"chr1","157043959","157044249","chr17","4956245","4956539","49","152087714"
"chr1","157050407","157050711","chr7","108666092","108666400","33","48384315"
"chr1","157178286","157178578","chr7","147648063","147648359","46","9530223"
"chr1","157228474","157228776","chr6","148752882","148753187","33","8475592"
"chr1","157294073","157294377","chr10","13822662","13822953","52","143471411"
"chr1","157515848","157516147","chr5","36714267","36714570","31","120801581"
"chr1","157527115","157527425","chr20","26209938","26210236","46","131317177"
"chr1","157533024","157533321","chr15","20681696","20681991","43","136851328"
"chr1","157542872","157543163","chr3","67245572","67245865","37","90297300"
"chr1","157757107","157757399","chr7","117030480","117030769","44","40726627"
"chr1","157761810","157762107","chr1","124250793","124251086","41","33511017"
"chr1","157885536","157885645","chr4","14927908","14928029","28","142957628"
"chr1","157886094","157886201","chr2","158182064","158182167","20","295970"
"chr1","157910965","157911079","chr1","185763091","185763209","16","27852126"
"chr1","157929533","157929809","chr1","115610934","115611221","38","42318599"
"chr1","157937945","157938241","chr2","96239962","96240258","36","61697983"
"chr1","157967484","157967794","chr3","63138918","63139226","44","94828566"
"chr1","157992251","157992532","chr1","7460034","7460321","40","150532217"
"chr1","157996074","157996352","chr1","4836670","4836950","30","153159404"
"chr1","158015588","158015882","chr1","130649516","130649818","35","27366072"
"chr1","158072336","158072606","chr10","35841739","35841997","49","122230597"
"chr1","158076259","158076557","chr13","107030178","107030478","39","51046081"
"chr1","158080992","158081071","chr4","20162471","20162552","12","137918521"
"chr1","158244044","158244343","chr11","53137395","53137702","53","105106649"
"chr1","158262113","158262425","chr5","81950527","81950835","44","76311586"
"chr1","158316579","158316879","chr11","59744208","59744500","34","98572371"
"chr1","158327412","158327715","chr3","87759090","87759388","42","70568322"
"chr1","158355659","158355980","chr13","43327633","43327946","47","115028026"
"chr1","158359733","158360011","chr11","123468792","123469074","36","34890941"
"chr1","158561137","158561308","chr5","47840997","47841165","28","110720140"
"chr1","158616072","158616328","chr2","173196809","173197055","39","14580737"
"chr1","158708266","158708573","chr3","69228301","69228608","43","89479965"
"chr1","158726938","158727232","chr16","70619220","70619515","44","88107718"
"chr1","158823549","158823854","chr17","8929510","8929818","41","149894039"
"chr1","158836360","158836651","chrX","20391811","20392099","45","138444549"
"chr1","158841716","158842037","chr3","170778833","170779151","46","11937117"
"chr1","159198831","159199138","chr1","194910525","194910833","47","35711694"
"chr1","159251664","159251961","chr10","76562918","76563217","39","82688746"
"chr1","159271302","159271598","chr2","46893044","46893340","45","112378258"
"chr1","159544803","159545106","chr10","46007696","46008002","32","113537107"
"chr1","159605727","159606000","chr19","32515288","32515561","36","127090439"
"chr1","159625139","159625433","chr19","7001372","7001665","41","152623767"
"chr1","159678374","159678645","chr2","49059917","49060182","37","110618457"
"chr1","159751295","159751605","chr16","58102209","58102520","45","101649086"
"chr1","159880177","159880479","chr6","74201817","74202121","37","85678360"
"chr1","159891042","159891348","chr11","11755747","11756048","42","148135295"
"chr1","160049442","160049736","chr16","41249556","41249854","44","118799886"
"chr1","160104647","160104886","chr18","71908745","71908980","46","88195902"
"chr1","160124899","160125139","chr16","40076793","40077035","40","120048106"
"chr1","160344132","160344409","chr2","49059917","49060182","46","111284215"
"chr1","160372509","160372820","chr6","70804269","70804580","48","89568240"
"chr1","160433699","160434006","chr1","154447798","154448101","39","5985901"
"chr1","160467526","160467823","chr6","142572268","142572563","36","17895258"
"chr1","160535833","160536120","chr7","133065043","133065330","38","27470790"
"chr1","160587514","160587802","chr1","48763142","48763429","42","111824372"
"chr1","160628864","160629163","chr1","31431925","31432225","38","129196939"
"chr1","160683871","160683996","chr16","69974379","69974504","16","90709492"
"chr1","160712535","160712821","chr1","24605318","24605601","48","136107217"
"chr1","160723839","160724136","chr3","45626371","45626668","36","115097468"
"chr1","160771781","160772012","chr6","143514666","143514896","30","17257115"
"chr1","160797992","160798288","chr10","10378732","10379028","32","150419260"
"chr1","160817214","160817495","chr2","135177745","135178021","36","25639469"
"chr1","160873913","160874203","chr7","133065043","133065330","35","27808870"
"chr1","160931343","160931636","chr9","57318157","57318448","41","103613186"
"chr1","161079212","161079515","chr1","7993999","7994304","40","153085213"
"chr1","161221516","161221821","chr1","194910525","194910833","44","33689009"
"chr1","161347153","161347438","chr19","1258963","1259250","47","160088190"
"chr1","161500718","161501023","chr13","32817425","32817728","35","128683293"
"chr1","161648537","161648839","chr12","58998827","58999127","48","102649710"
"chr1","161920782","161921033","chr1","18086007","18086262","47","143834775"
"chr1","161964469","161964785","chrX","90821322","90821629","53","71143147"
"chr1","162090591","162090881","chr7","71414389","71414681","46","90676202"
"chr1","162363309","162363446","chr14","97038402","97038540","20","65324907"
"chr1","162619507","162619801","chr6","171557754","171558039","53","8938247"
"chr1","162643979","162644273","chr18","26846321","26846625","49","135797658"
"chr1","162647965","162648260","chr14","56957821","56958117","38","105690144"
"chr1","162754065","162754288","chr7","40103440","40103645","42","122650625"
"chr1","162861229","162861528","chrX","23718809","23719106","39","139142420"
"chr1","162870920","162871047","chr13","60241928","60242049","23","102628992"
"chr1","162967370","162967626","chr3","39216407","39216662","37","123750963"
"chr1","163022930","163023216","chr7","52736490","52736780","36","110286440"
"chr1","163272248","163272557","chr1","7993999","7994304","41","155278249"
"chr1","163323595","163323861","chr2","135177745","135178021","42","28145850"
"chr1","163350966","163351266","chr10","46007696","46008002","34","117343270"
"chr1","163369797","163370092","chr17","83808601","83808892","33","79561196"
"chr1","163512564","163512865","chr1","19176727","19177017","46","144335837"
"chr1","163539341","163539639","chr16","9419935","9420230","37","154119406"
"chr1","163600819","163601107","chr3","178455820","178456107","43","14855001"
"chr1","163609649","163609965","chr14","111209333","111209655","60","52400316"
"chr1","163741988","163742294","chr13","100043599","100043905","43","63698389"
"chr1","163815866","163816156","JH682236","105851","106144","49","163710015"
"chr1","163859984","163860289","chr7","73560013","73560323","36","90299971"
"chr1","163900253","163900532","chr7","1797384","1797659","45","162102869"
"chr1","163984964","163985257","chr4","114330673","114330964","44","49654291"
"chr1","164128136","164128430","chr6","57093643","57093937","34","107034493"
"chr1","164170580","164170848","chr2","16999504","16999770","55","147171076"
"chr1","164171267","164171550","chr10","10309615","10309905","57","153861652"
"chr1","164182997","164183257","chr14","30242172","30242439","50","133940825"
"chr1","164226239","164226545","chr13","103869934","103870244","37","60356305"
"chr1","164269631","164269929","chr3","35657443","35657739","37","128612188"
"chr1","164365452","164365752","chr16","3999111","3999404","41","160366341"
"chr1","164386089","164386394","chr14","97144510","97144821","37","67241579"
"chr1","164394258","164394483","chr19","12763923","12764145","37","151630335"
"chr1","164413117","164413423","chr10","16049988","16050292","40","148363129"
"chr1","164472141","164472402","chrX","88088678","88088937","47","76383463"
"chr1","164514924","164515210","chr11","75342336","75342628","44","89172588"
"chr1","164542735","164543027","chr1","129877213","129877510","49","34665522"
"chr1","164601860","164602153","chrX","21226601","21226902","47","143375259"
"chr1","164612289","164612572","chr10","62315260","62315548","39","102297029"
"chr1","164663169","164663334","chr15","13768327","13768497","33","150894842"
"chr1","164703146","164703478","chr17","57719490","57719820","52","106983656"
"chr1","164746499","164746804","chr10","46007696","46008002","42","118738803"
"chr1","164861373","164861697","chr3","34969388","34969689","53","129891985"
"chr1","164951770","164952079","chr5","127978998","127979309","44","36972772"
"chr1","164956845","164957154","chr11","31544387","31544695","43","133412458"
"chr1","164958781","164959086","chr11","88966345","88966635","41","75992436"
"chr1","164976783","164977085","chr17","23544592","23544884","52","141432191"
"chr1","165045615","165045907","chr4","13346653","13346950","36","151698962"
"chr1","165053559","165053871","chr5","173889852","173890159","39","8836293"
"chr1","165054604","165054895","chr7","133065043","133065330","36","31989561"
"chr1","165102747","165103049","chr16","11126268","11126568","37","153976479"
"chr1","165134372","165134673","chr7","41138138","41138436","43","123996234"
"chr1","165144095","165144385","chr6","144918364","144918646","41","20225731"
"chr1","165147215","165147446","chr5","74349697","74349942","52","90797518"
"chr1","165174745","165175026","chr15","68523955","68524227","50","96650790"
"chr1","165184834","165185140","chr10","16049988","16050292","33","149134846"
"chr1","165195129","165195347","chr17","1837342","1837561","56","163357787"
"chr1","165207443","165207741","chr11","49976600","49976897","35","115230843"
"chr1","165215020","165215195","chr4","123075658","123075832","30","42139362"
"chr1","165266054","165266282","chr14","85570934","85571168","50","79695120"
"chr1","165267642","165267932","chr3","46165413","46165699","40","119102229"
"chr1","165295964","165296264","chr12","51845288","51845587","42","113450676"
"chr1","165420030","165420324","chr9","20941332","20941626","37","144478698"
"chr1","165484730","165485027","chr4","69425921","69426221","44","96058809"
"chr1","165680310","165680578","chr5","159353579","159353851","46","6326731"
"chr1","165728291","165728497","chr2","20276839","20277056","60","145451452"
"chr1","165755643","165755903","chr7","40144205","40144467","41","125611438"
"chr1","165790552","165790855","chr4","107049748","107050054","41","58740804"
"chr1","165815652","165815880","chr3","53293034","53293269","53","112522618"
"chr1","165855550","165855860","chr10","73968545","73968851","53","91887005"
"chr1","165855870","165856181","chr5","173178325","173178627","62","7322455"
"chr1","165940132","165940428","chr6","16697883","16698181","34","149242249"
"chr1","166008424","166008727","chr13","32817425","32817728","31","133190999"
"chr1","166122780","166123070","chrX","20846410","20846706","38","145276370"
"chr1","166198554","166198844","chr11","59744208","59744500","30","106454346"
"chr1","166237391","166237695","chr15","96588502","96588809","43","69648889"
"chr1","166444623","166444917","chr1","142073665","142073963","39","24370958"
"chr1","166514696","166514973","chr1","194321875","194322142","62","27807179"
"chr1","166625809","166626105","chr1","94365322","94365615","42","72260487"
"chr1","166657657","166657958","chr14","98318663","98318962","39","68338994"
"chr1","166673037","166673339","chr7","161253903","161254205","41","5419134"
"chr1","166677993","166678291","chr16","37815360","37815660","41","128862633"
"chr1","166718403","166718703","chr6","124714488","124714790","46","42003915"
"chr1","166762720","166762998","chr8","96528890","96529171","49","70233830"
"chr1","166766595","166766897","chr2","46682521","46682821","39","120084074"
"chr1","166770949","166771237","chr20","4922509","4922797","39","161848440"
"chr1","166807539","166807841","chr11","4016647","4016949","37","162790892"
"chr1","166811755","166812048","chr4","34747186","34747478","38","132064569"
"chr1","166857023","166857335","chr17","19374053","19374353","50","147482970"
"chr1","167026466","167026738","chr4","110946344","110946633","51","56080122"
"chr1","167056578","167056876","chr3","34969388","34969689","40","132087190"
"chr1","167080840","167081123","chrX","109211107","109211398","46","57869733"
"chr1","167083200","167083484","chr1","110234103","110234389","45","56849097"
"chr1","167084350","167084655","chr10","16049988","16050292","35","151034362"
"chr1","167090984","167091273","chr3","63144094","63144379","42","103946890"
"chr1","167102815","167103119","chr20","42795095","42795400","40","124307720"
"chr1","167128177","167128463","chr16","18796729","18797022","32","148331448"
"chr1","167306478","167306777","chr9","79342653","79342946","42","87963825"
"chr1","167391229","167391526","chr6","128266238","128266531","37","39124991"
"chr1","167474219","167474499","chrX","62082325","62082604","41","105391894"
"chr1","167512289","167512588","chr9","54851874","54852161","47","112660415"
"chr1","167546876","167547177","chr3","12982654","12982954","37","154564222"
"chr1","167548504","167548782","chr14","64253785","64254058","47","103294719"
"chr1","167610663","167610953","chr1","207327088","207327379","40","39716425"
"chr1","167633794","167634094","chr4","4867746","4868041","46","162766048"
"chr1","167701897","167702186","chr16","31394227","31394519","36","136307670"
"chr1","167714535","167714812","chr11","13532110","13532383","60","154182425"
"chr1","167750985","167751291","chr14","98206182","98206480","40","69544803"
"chr1","167785594","167785905","chr16","62154875","62155186","36","105630719"
"chr1","167799975","167800162","chr4","41818287","41818476","41","125981688"
"chr1","167879101","167879412","chr1","34059946","34060256","47","133819155"
"chr1","167905084","167905371","chr10","14016220","14016509","52","153888864"
"chr1","167950526","167950819","JH682036","358126","358421","34","167592400"
"chr1","167984565","167984864","chr19","30406403","30406702","40","137578162"
"chr1","168002360","168002602","chr8","103243008","103243239","42","64759352"
"chr1","168007030","168007323","chr7","120213273","120213565","40","47793757"
"chr1","168015294","168015604","chr16","15788944","15789248","50","152226350"
"chr1","168052447","168052806","chr6","142998568","142998894","95","25053879"
"chr1","168057128","168057422","chr7","150086477","150086779","49","17970651"
"chr1","168130469","168130773","chr20","26945721","26946013","45","141184748"
"chr1","168136866","168137178","chr2","83271537","83271849","35","84865329"
"chr1","168262542","168262809","chr1","190360719","190360980","35","22098177"
"chr1","168377208","168377503","chr11","59744208","59744500","29","108633000"
"chr1","168454896","168455190","chr19","28212317","28212613","38","140242579"
"chr1","168456273","168456586","chr1","206628747","206629060","49","38172474"
"chr1","168538942","168539238","chr15","7561500","7561795","43","160977442"
"chr1","168548847","168549147","chr1","134870452","134870755","32","33678395"
"chr1","168602442","168602725","chr2","100062378","100062646","48","68540064"
"chr1","168616196","168616489","chr6","142572268","142572563","36","26043928"
"chr1","168631099","168631411","chr7","13474578","13474886","42","155156521"
"chr1","168662205","168662500","chr11","46110133","46110427","38","122552072"
"chr1","168687540","168687833","chr3","44207119","44207413","41","124480421"
"chr1","168703480","168703761","chr6","150478906","150479188","40","18224574"
"chr1","168747074","168747362","chr2","38884008","38884302","38","129863066"
"chr1","168760584","168760878","chr3","38447004","38447303","36","130313580"
"chr1","168787186","168787489","chr15","96588502","96588809","47","72198684"
"chr1","168820323","168820618","chr2","102989050","102989349","45","65831273"
"chr1","168856037","168856325","chr17","1103916","1104210","43","167752121"
"chr1","168877340","168877633","chr15","90210594","90210890","43","78666746"
"chr1","168888083","168888382","chr9","54404234","54404532","30","114483849"
"chr1","168913702","168913777","chr4","20162471","20162552","13","148751231"
"chr1","168938148","168938447","chr4","164474671","164474969","46","4463477"
"chr1","168985242","168985554","chr10","61375285","61375586","51","107609957"
"chr1","168987445","168987709","chr6","171956247","171956509","50","2968802"
"chr1","168988664","168988948","chr3","41995003","41995279","43","126993661"
"chr1","168993215","168993338","chr16","1098458","1098586","27","167894757"
"chr1","168994564","168994680","chr10","50392786","50392898","16","118601778"
"chr1","169000377","169000654","chr3","93145484","93145758","35","75854893"
"chr1","169010467","169010724","chr7","125141660","125141921","33","43868807"
"chr1","169040285","169040398","chr16","60613031","60613142","15","108427254"
"chr1","169073825","169074131","chrX","44962032","44962338","32","124111793"
"chr1","169098556","169098842","chr4","34747186","34747478","41","134351370"
"chr1","169113675","169113851","chr16","29284570","29284751","30","139829105"
"chr1","169114668","169114700","chr2","88025594","88025627","15","81089074"
"chr1","169121671","169121903","chr17","53964881","53965113","34","115156790"
"chr1","169123958","169124140","chr19","30285492","30285673","28","138838466"
"chr1","169129075","169129381","chr3","157031775","157032065","57","12097300"
"chr1","169146094","169146396","chr10","27475321","27475611","51","141670773"
"chr1","169175849","169176156","chr1","23405909","23406228","63","145769940"
"chr1","169201325","169201611","chr15","7561500","7561795","42","161639825"
"chr1","169234268","169234570","chr13","32817425","32817728","33","136416843"
"chr1","169238807","169239092","chr14","11275192","11275473","59","157963615"
"chr1","169246774","169247078","chr13","41607167","41607470","45","127639607"
"chr1","169290081","169290388","chr4","69347489","69347789","39","99942592"
"chr1","169322025","169322314","chr15","21464395","21464674","48","147857630"
"chr1","169380027","169380241","chr9","23317613","23317845","59","146062414"
"chr1","169425927","169426220","chr19","13117274","13117575","53","156308653"
"chr1","169516356","169516647","chr2","143696144","143696443","51","25820212"
"chr1","169517329","169517622","chr10","62315260","62315548","41","107202069"
"chr1","169530507","169530776","chr3","46165413","46165699","42","123365094"
"chr1","169530777","169531024","chr15","1694121","1694362","33","167836656"
"chr1","169546368","169546677","chr10","46007696","46008002","49","123538672"
"chr1","169562639","169562931","chr1","207393339","207393628","34","37830700"
"chr1","169563364","169563656","chr15","79029077","79029366","42","90534287"
"chr1","169602261","169602351","chrX","38949290","38949382","19","130652971"
"chr1","169634817","169635074","chr5","111968517","111968774","50","57666300"
"chr1","169688271","169688556","chr8","93365940","93366224","46","76322331"
"chr1","169849873","169850172","chr1","219225924","219226223","48","49376051"
"chr1","170004676","170004998","chr2","31732500","31732813","41","138272176"
"chr1","170021071","170021364","chr2","21437719","21438015","37","148583352"
"chr1","170026881","170027186","chr4","10828530","10828827","41","159198351"
"chr1","170130784","170131046","chr5","10805787","10806051","36","159324997"
"chr1","170152099","170152412","chr6","157477970","157478279","47","12674129"
"chr1","170159927","170160174","chr5","133797177","133797424","57","36362750"
"chr1","170170049","170170344","chr7","133510633","133510928","34","36659416"
"chr1","170180374","170180663","chr1","11366377","11366670","39","158813997"
"chr1","170181854","170182150","chr3","134867637","134867930","45","35314217"
"chr1","170273164","170273421","chr13","108552245","108552502","36","61720919"
"chr1","170291113","170291402","chr10","45873884","45874177","49","124417229"
"chr1","170388691","170388993","chr9","91449675","91449976","40","78939016"
"chr1","170391687","170391984","chr20","64816588","64816879","33","105575099"
"chr1","170434620","170434877","chr3","1997406","1997669","41","168437214"
"chr1","170438986","170439246","chr1","115404557","115404821","41","55034429"
"chr1","170594776","170594995","chr6","84525818","84526042","36","86068958"
"chr1","170603490","170603797","chr14","5934954","5935260","36","164668536"
"chr1","170622437","170622744","chr4","125474689","125474994","42","45147748"
"chr1","170646526","170646812","chr10","62613928","62614216","35","108032598"
"chr1","170657551","170657835","chr6","35982811","35983095","38","134674740"
"chr1","170658214","170658501","chr3","160772561","160772858","36","9885653"
"chr1","170662402","170662687","chr20","51201899","51202183","51","119460503"
"chr1","170739566","170739871","chr1","203673466","203673767","39","32933900"
"chr1","170771050","170771349","chr2","184580196","184580486","37","13809146"
"chr1","170911814","170912123","chr7","79281302","79281613","35","91630512"
"chr1","171003119","171003332","chr4","78421702","78421912","39","92581417"
"chr1","171153595","171153905","chr9","3805446","3805756","46","167348149"
"chr1","171166669","171166970","chr13","32817425","32817728","35","138349244"
"chr1","171178400","171178687","chr6","131196166","131196457","39","39982234"
"chr1","171189271","171189565","chr8","63363036","63363334","37","107826235"
"chr1","171212433","171212714","chr9","92292916","92293201","39","78919517"
"chr1","171216139","171216430","chr18","3907811","3908105","39","167308328"
"chr1","171280949","171281265","chr3","177985554","177985869","44","6704605"
"chr1","171287125","171287424","chr16","21639667","21639964","35","149647458"
"chr1","171337840","171338135","chr9","36433182","36433480","38","134904658"
"chr1","171338800","171338973","chr2","186518455","186518632","37","15179655"
"chr1","171344341","171344618","chr4","22785634","22785910","43","148558707"
"chr1","171359523","171359802","chr10","12554162","12554449","45","158805361"
"chr1","171406939","171407243","chr14","107177928","107178228","44","64229011"
"chr1","171461053","171461361","chr7","125954466","125954770","48","45506587"
"chr1","171504054","171504383","chr1","152625689","152625995","62","18878365"
"chr1","171505818","171505898","chr1","204140407","204140472","33","32634589"
"chr1","171506244","171506398","chr11","12292266","12292419","24","159213978"
"chr1","171512228","171512446","chr7","73251066","73251287","30","98261162"
"chr1","171524335","171524629","chr4","35271785","35272086","41","136252550"
"chr1","171527809","171528100","chr9","7025626","7025918","44","164502183"
"chr1","171538089","171538392","chrX","108065393","108065693","39","63472696"
"chr1","171549178","171549460","chr12","98300764","98301051","45","73248414"
"chr1","171565520","171565813","chr17","86188673","86188966","40","85376847"
"chr1","171665456","171665729","chr3","47408821","47409099","43","124256635"
"chr1","171672159","171672456","chr2","31737235","31737528","51","139934924"
"chr1","171696333","171696586","chr10","19416042","19416290","38","152280291"
"chr1","171721080","171721372","chr16","39491454","39491747","38","132229626"
"chr1","171837386","171837675","chr9","22636719","22637014","57","149200667"
"chr1","171840245","171840548","chr2","163572637","163572948","50","8267608"
"chr1","171874705","171875001","chr1","48541016","48541306","46","123333689"
"chr1","171890954","171891260","chr13","71961153","71961459","37","99929801"
"chr1","171916975","171917234","chr10","17090334","17090586","41","154826641"
"chr1","171919034","171919328","chr9","84466373","84466663","50","87452661"
"chr1","171924106","171924384","chrX","62948145","62948432","56","108975961"
"chr1","171932979","171933267","chr7","106626100","106626390","43","65306879"
"chr1","171934621","171934872","chrX","58120629","58120892","42","113813992"
"chr1","171940839","171941160","chr17","8929510","8929818","73","163011329"
"chr1","171968419","171968720","chr16","7215983","7216282","38","164752436"
"chr1","171968723","171969039","chr14","12000742","12001053","44","159967981"
"chr1","171977033","171977298","chr20","16830266","16830542","44","155146767"
"chr1","171985657","171985955","chr11","46110133","46110427","43","125875524"
"chr1","171993277","171993569","chr11","88966345","88966635","43","83026932"
"chr1","172005248","172005538","chr3","103398952","103399243","36","68606296"
"chr1","172014200","172014491","chr10","62315260","62315548","32","109698940"
"chr1","172019727","172020031","chr13","32817425","32817728","51","139202302"
"chr1","172072754","172073046","chr1","128202446","128202737","39","43870308"
"chr1","172088737","172089043","chr7","90971726","90972022","43","81117011"
"chr1","172100025","172100301","chr10","73837427","73837714","50","98262598"
"chr1","172112997","172113306","chr11","7381321","7381621","48","164731676"
"chr1","172120566","172120858","chr1","91541910","91542202","40","80578656"
"chr1","172126416","172126725","chr6","124714488","124714790","42","47411928"
"chr1","172153495","172153601","chr15","10633100","10633205","15","161520395"
"chr1","172157515","172157606","chr1","56611894","56611986","19","115545621"
"chr1","172166169","172166457","chr8","92974459","92974743","36","79191710"
"chr1","172231093","172231400","chr7","37449373","37449676","37","134781720"
"chr1","172232089","172232400","chr19","13516740","13517046","43","158715349"
"chr1","172248526","172248826","chr1","154447798","154448101","41","17800728"
"chr1","172272255","172272548","chr16","18796729","18797022","42","153475526"
"chr1","172272560","172272850","chr9","24216777","24217066","45","148055783"
"chr1","172298808","172299108","chr7","54988790","54989094","34","117310018"
"chr1","172305184","172305486","chr8","95966166","95966471","46","76339018"
"chr1","172305500","172305794","chr11","47924958","47925256","36","124380542"
"chr1","172319655","172319946","chr1","946135","946434","42","171373520"
"chr1","172342688","172342985","chr4","33663349","33663650","33","138679339"
"chr1","172343918","172344228","chr7","131010236","131010541","55","41333682"
"chr1","172354805","172355078","chr16","10487157","10487432","40","161867648"
"chr1","172395829","172396120","chr1","45623411","45623699","31","126772418"
"chr1","172408412","172408701","chr11","109254012","109254304","38","63154400"
"chr1","172409539","172409827","chr15","9586903","9587194","39","162822636"
"chr1","172465036","172465345","chr4","102527760","102528072","42","69937276"
"chr1","172480514","172480792","chr10","33614864","33615158","59","138865650"
"chr1","172480991","172481302","chrX","122210526","122210830","41","50270465"
"chr1","172494890","172495191","chr16","70619220","70619515","44","101875670"
"chr1","172515681","172515900","chr15","29611756","29611978","26","142903925"
"chr1","172516448","172516548","chr6","108308833","108308922","22","64207615"
"chr1","172519744","172520041","chr15","90210594","90210890","45","82309150"
"chr1","172537011","172537298","chrX","44799525","44799819","41","127737486"
"chr1","172617749","172618089","chr9","56097647","56097972","76","116520102"
"chr1","172620082","172620251","chr13","93249064","93249232","28","79371018"
"chr1","172622487","172622665","chr2","186518455","186518632","22","13895968"
"chr1","172623302","172623434","chr8","51403248","51403379","19","121220054"
"chr1","172623590","172623881","chr1","90905213","90905512","52","81718377"
"chr1","172629023","172629319","chr8","39262767","39263062","47","133366256"
"chr1","172658378","172658636","chr9","84610245","84610514","41","88048133"
"chr1","172675062","172675369","chr4","35717411","35717718","37","136957651"
"chr1","172702497","172702773","chr2","154517673","154517962","46","18184824"
"chr1","172709146","172709460","chr1","152625689","152625995","46","20083457"
"chr1","172709461","172709763","chr15","9272645","9272948","36","163436816"
"chr1","172713583","172713883","chr3","45626371","45626668","35","127087212"
"chr1","172723915","172724222","chr1","53873835","53874134","47","118850080"
"chr1","172748123","172748430","chr10","24709107","24709413","39","148039016"
"chr1","172766013","172766259","chr11","46291436","46291687","47","126474577"
"chr1","172769859","172770160","chr4","31017666","31017967","39","141752193"
"chr1","172778802","172779104","chr17","15630764","15631058","45","157148038"
"chr1","172787050","172787164","chr11","83048168","83048288","19","89738882"
"chr1","172788502","172788766","chr6","58171306","58171571","34","114617196"
"chr1","172824863","172825135","chr11","44329228","44329505","48","128495635"
"chr1","172835010","172835301","chr7","133065043","133065330","38","39769967"
"chr1","172836252","172836516","chr20","37404718","37404983","39","135431534"
"chr1","172853906","172854254","chr19","49001121","49001463","104","123852785"
"chr1","172854576","172854882","chr2","46682521","46682821","40","126172055"
"chr1","172889670","172889961","chr13","88006009","88006300","35","84883661"
"chr1","172893928","172894231","chr1","7993999","7994304","34","164899929"
"chr1","172895729","172896028","chr20","69190302","69190600","40","103705427"
"chr1","172907180","172907475","chr10","19080342","19080633","52","153826838"
"chr1","172917043","172917336","chr8","93705705","93706005","43","79211338"
"chr1","172951916","172952211","chr8","118421988","118422286","35","54529928"
"chr1","172963101","172963395","chr1","42476755","42477044","44","130486346"
"chr1","172972126","172972381","chr2","173196809","173197055","47","224683"
"chr1","172972387","172972498","chr5","90175505","90175623","22","82796882"
"chr1","172972952","172973155","chr10","70641735","70641937","27","102331217"
"chr1","172973156","172973457","chr10","64805632","64805934","40","108167524"
"chr1","172984469","172984695","chr8","28282237","28282471","49","144702232"
"chr1","172985437","172985556","chr19","10261807","10261933","23","162723630"
"chr1","172994774","172995072","chr12","13583646","13583944","46","159411128"
"chr1","173027006","173027241","chr13","83629797","83630022","52","89397209"
"chr1","173055413","173055680","chrX","46395488","46395763","51","126659925"
"chr1","173062903","173063175","chr18","69562263","69562530","40","103500640"
"chr1","173102916","173103225","chr1","91721544","91721852","46","81381372"
"chr1","173138232","173138539","chr6","148752882","148753187","31","24385350"
"chr1","173151279","173151573","chr9","7025626","7025918","40","166125653"
"chr1","173155979","173156269","chr6","82686809","82687091","49","90469170"
"chr1","173157912","173158215","chr6","124714488","124714790","33","48443424"
"chr1","173181615","173181921","chr15","103362570","103362871","36","69819045"
"chr1","173191409","173191705","chr11","61293438","61293738","38","111897971"
"chr1","173204925","173205207","chr5","79158515","79158797","30","94046410"
"chr1","173288152","173288445","chr4","13663992","13664285","43","159624160"
"chr1","173290955","173291248","chr19","3064712","3065012","34","170226243"
"chr1","173316189","173316485","chr18","38832355","38832654","43","134483834"
"chr1","173325133","173325430","chr6","142572268","142572563","31","30752865"
"chr1","173328864","173329149","chr2","98859117","98859394","47","74469747"
"chr1","173333700","173333975","chr15","68523955","68524227","43","104809745"
"chr1","173347477","173347770","chr1","128231015","128231307","36","45116462"
"chr1","173369974","173370222","chr3","1997406","1997669","54","171372568"
"chr1","173401059","173401300","chr5","46053826","46054066","36","127347233"
"chr1","173409725","173409998","chr2","77570141","77570429","53","95839584"
"chr1","173477102","173477397","chrX","43179195","43179504","48","130297907"
"chr1","173485357","173485649","chr4","160599897","160600192","35","12885460"
"chr1","173489394","173489699","chr6","124714488","124714790","40","48774906"
"chr1","173522996","173523281","chr1","124250793","124251086","48","49272203"
"chr1","173529079","173529368","chr12","63620544","63620834","37","109908535"
"chr1","173566072","173566162","chr13","118454756","118454849","14","55111316"
"chr1","173566723","173566923","chr7","155860210","155860412","35","17706513"
"chr1","173614979","173615273","chr19","12557275","12557573","41","161057704"
"chr1","173626980","173627274","chr12","51845288","51845587","30","121781692"
"chr1","173629386","173629675","chr8","118421988","118422286","42","55207398"
"chr1","173643799","173644097","chr7","23122885","23123181","48","150520914"
"chr1","173686954","173687260","chrX","105763749","105764060","36","67923205"
"chr1","173697935","173698204","chr2","25492368","25492634","47","148205567"
"chr1","173731294","173731575","chr11","46126255","46126535","37","127605039"
"chr1","173732028","173732307","chrX","109077217","109077499","42","64654811"
"chr1","173733158","173733452","chr7","52736490","52736780","32","120996668"
"chr1","173761000","173761294","chr15","86129114","86129421","46","87631886"
"chr1","173770648","173770929","chr1","12529331","12529609","36","161241317"
"chr1","173774080","173774172","chr7","46586269","46586363","15","127187811"
"chr1","173816175","173816482","chr15","85036983","85037286","45","88779192"
"chr1","173828154","173828468","chr13","127667327","127667627","55","46160827"
"chr1","173864204","173864485","chr6","1110553","1110824","49","172753651"
"chr1","173891613","173891905","chr13","24505581","24505871","39","149386032"
"chr1","173905640","173905958","chr11","40791675","40791991","49","133113965"
"chr1","173916946","173917235","chr4","20045092","20045381","41","153871854"
"chr1","173941059","173941368","chr10","64805632","64805934","47","109135427"
"chr1","173950608","173950912","chr10","10581366","10581671","37","163369242"
"chr1","173952373","173952685","chr5","18987492","18987805","44","154964881"
"chr1","173958298","173958535","chr7","72781286","72781517","39","101177012"
"chr1","173968095","173968388","chrX","12038168","12038465","43","161929927"
"chr1","173975186","173975473","chr7","132975622","132975901","49","40999564"
"chr1","173987192","173987485","chr5","18950781","18951074","38","155036411"
"chr1","174061528","174061832","chr20","57756974","57757272","53","116304554"
"chr1","174065707","174066000","chr3","134867637","134867930","36","39198070"
"chr1","174068968","174069242","chr4","131374689","131374976","52","42694279"
"chr1","174073950","174074214","chr19","18341184","18341444","36","155732766"
"chr1","174094626","174094723","chr12","69723014","69723114","18","104371612"
"chr1","174118261","174118560","chr2","73832418","73832717","35","100285843"
"chr1","174147020","174147322","chr4","156905731","156906035","44","17241289"
"chr1","174148980","174149271","chr6","122044038","122044332","39","52104942"
"chr1","174159631","174159919","chr3","150277680","150277966","51","23881951"
"chr1","174162370","174162640","chr14","34330958","34331231","44","139831412"
"chr1","174240066","174240367","chr2","102989050","102989349","45","71251016"
"chr1","174271090","174271375","chr12","93108642","93108929","37","81162448"
"chr1","174276275","174276556","chr7","156086688","156086975","48","18189587"
"chr1","174303703","174303995","chr1","27049382","27049672","40","147254321"
"chr1","174309501","174309800","chr3","45626371","45626668","32","128683130"
"chr1","174342001","174342297","chr1","94365322","94365615","36","79976679"
"chr1","174387700","174387977","chr17","71957085","71957370","43","102430615"
"chr1","174520593","174520892","chr2","46682521","46682821","42","127838072"
"chr1","174560396","174560679","chr10","47330984","47331271","48","127229412"
"chr1","174612604","174612907","chr1","67368758","67369056","30","107243846"
"chr1","174631068","174631148","chr4","24383112","24383183","20","150247956"
"chr1","174635646","174635946","chr2","46682521","46682821","35","127953125"
"chr1","174646295","174646592","chr11","110871088","110871381","34","63775207"
"chr1","174666826","174667123","chr7","159175394","159175689","36","15491432"
"chr1","174669488","174669752","chr2","100062378","100062646","48","74607110"
"chr1","174671222","174671502","chr14","78248611","78248891","50","96422611"
"chr1","174675902","174676165","chr5","171810402","171810687","54","2865500"
"chr1","174677938","174678165","chr11","117264723","117264944","40","57413215"
"chr1","174684416","174684720","chr5","89929633","89929935","33","84754783"
"chr1","174694786","174695060","chr12","20586755","20587031","41","154108031"
"chr1","174710486","174710795","chr20","51745649","51745944","40","122964837"
"chr1","174712297","174712572","chr7","80887200","80887469","46","93825097"
"chr1","174718615","174718935","chr2","95068228","95068528","82","79650387"
"chr1","174743929","174744208","chr3","48298408","48298697","43","126445521"
"chr1","174761578","174761877","chr10","19879581","19879879","46","154881997"
"chr1","174798473","174798766","chr10","50949405","50949695","45","123849068"
"chr1","174816443","174816748","chr9","25603269","25603573","35","149213174"
"chr1","174850814","174851107","chr9","14690494","14690788","49","160160320"
"chr1","174889534","174889827","chr5","52449180","52449473","35","122440354"
"chr1","174915878","174916174","chr11","114923633","114923926","42","59992245"
"chr1","174940347","174940663","chr13","61132328","61132637","49","113808019"
"chr1","174947881","174948008","chr2","47668161","47668290","24","127279720"
"chr1","174963343","174963640","chr14","51958398","51958700","44","123004945"
"chr1","174968211","174968518","chr9","79342653","79342946","47","95625558"
"chr1","174971457","174971758","chr1","127516988","127517290","43","47454469"
"chr1","174974751","174975058","chr3","34969388","34969689","45","140005363"
"chr1","174981814","174982120","chr3","12603123","12603437","36","162378691"
"chr1","175001083","175001362","chr13","21182262","21182545","48","153818821"
"chr1","175040438","175040604","chr19","50465742","50465907","26","124574696"
"chr1","175041376","175041633","chr1","36888776","36889038","32","138152600"
"chr1","175088072","175088379","chr7","64675811","64676114","44","110412261"
"chr1","175089352","175089602","chr11","12408241","12408499","44","162681111"
"chr1","175093097","175093415","chr1","30886272","30886580","48","144206825"
"chr1","175107869","175108148","chr9","40820473","40820753","38","134287396"
"chr1","175120531","175120680","chr19","1776347","1776502","35","173344184"
"chr1","175234618","175234913","chr13","60067141","60067439","40","115167477"
"chr1","175247831","175248135","chr3","74919034","74919335","46","100328797"
"chr1","175259645","175259950","chr8","82691245","82691547","38","92568400"
"chr1","175283154","175283265","chr4","20894283","20894397","18","154388871"
"chr1","175311588","175311867","chr5","128960234","128960515","40","46351354"
"chr1","175329775","175330070","chr6","124714488","124714790","48","50615287"
"chr1","175357339","175357620","chr1","158815913","158816209","45","16541426"
"chr1","175381356","175381657","chr1","124250793","124251086","54","51130563"
"chr1","175397110","175397430","chr6","124714488","124714790","53","50682622"
"chr1","175425234","175425537","chr7","161475947","161476247","35","13949287"
"chr1","175438022","175438335","chr1","39807793","39808103","50","135630229"
"chr1","175444938","175445232","chrX","45487697","45487995","36","129957241"
"chr1","175461489","175461660","chr13","93249064","93249232","32","82212425"
"chr1","175469410","175469711","chr14","53927134","53927436","35","121542276"
"chr1","175487111","175487369","chr2","49059917","49060182","40","126427194"
"chr1","175589906","175590188","chr3","42702926","42703211","45","132886980"
"chr1","175633485","175633784","chr7","77029098","77029406","43","98604387"
"chr1","175645430","175645566","chr18","24104552","24104687","24","151540878"
"chr1","175651825","175652097","chr11","47502132","47502410","57","128149693"
"chr1","175659281","175659584","chr14","15767758","15768063","44","159891523"
"chr1","175710308","175710605","chr11","13702068","13702363","46","162008240"
"chr1","175789696","175789741","chr16","23773410","23773455","11","152016286"
"chr1","175790071","175790243","chr19","49895550","49895720","35","125894521"
"chr1","175849842","175850149","chr7","36644864","36645163","47","139204978"
"chr1","176155423","176155716","chr11","46070151","46070446","41","130085272"
"chr1","176191500","176191810","chr12","588177","588485","38","175603323"
"chr1","176225217","176225519","chr14","53927134","53927436","47","122298083"
"chr1","176228084","176228370","chr7","29116078","29116368","45","147112006"
"chr1","176231117","176231416","chr2","77826884","77827182","45","98404233"
"chr1","176306914","176307195","chr16","46611004","46611288","54","129695910"
"chr1","176323317","176323643","chr1","21642415","21642734","46","154680902"
"chr1","176338861","176339160","chr8","39831043","39831350","51","136507818"
"chr1","176341511","176341809","chr8","109886045","109886347","37","66455466"
"chr1","176361805","176362072","chr15","100092641","100092912","42","76269164"
"chr1","176398993","176399277","chr8","119505085","119505380","52","56893908"
"chr1","176412017","176412299","chr1","40659470","40659761","46","135752547"
"chr1","176420513","176420753","chr9","53458224","53458460","39","122962289"
"chr1","176441898","176442218","chr7","74553058","74553350","66","101888840"
"chr1","176443426","176443691","chr15","76799848","76800119","44","99643578"
"chr1","176506800","176507076","chr4","154223153","154223437","62","22283647"
"chr1","176535795","176536092","chr1","219225924","219226223","37","42690129"
"chr1","176536475","176536572","chr13","125454879","125454959","25","51081596"
"chr1","176559336","176559639","chr14","53927134","53927436","35","122632202"
"chr1","176577500","176577802","chr13","62636440","62636740","38","113941060"
"chr1","176599408","176599715","chr1","71641163","71641469","45","104958245"
"chr1","176622437","176622722","chr7","114624792","114625094","53","61997645"
"chr1","176659609","176659905","chr20","36330213","36330513","37","140329396"
"chr1","176699235","176699540","chr15","42637751","42638054","37","134061484"
"chr1","176720379","176720676","chr2","95068228","95068528","40","81652151"
"chr1","176738046","176738349","chr13","110788062","110788365","42","65949984"
"chr1","176760861","176761159","chr20","51745649","51745944","30","125015212"
"chr1","176767785","176768072","chr20","13114140","13114430","36","163653645"
"chr1","176794224","176794532","chr5","162478601","162478895","49","14315623"
"chr1","176809224","176809508","chr1","124250793","124251086","42","52558431"
"chr1","176815093","176815385","chr2","96826999","96827292","35","79988094"
"chr1","176841763","176842062","chr11","83053494","83053794","47","93788269"
"chr1","176850129","176850420","chr12","98300764","98301051","39","78549365"
"chr1","176879849","176880177","chr2","184514373","184514697","52","7634524"
"chr1","177010573","177010713","chr14","119062806","119062947","19","57947767"
"chr1","177018390","177018686","chr10","35069618","35069913","42","141948772"
"chr1","177039926","177040238","chr1","146815747","146816057","45","30224179"
"chr1","177058183","177058491","chr18","51183412","51183721","40","125874771"
"chr1","177064197","177064486","chr1","30009463","30009748","50","147054734"
"chr1","177132668","177132968","chr1","53988770","53989067","44","123143898"
"chr1","177146280","177146438","chr7","40886399","40886558","31","136259881"
"chr1","177162803","177163110","chr16","12020398","12020702","41","165142405"
"chr1","177175849","177176139","chr13","26282217","26282516","46","150893632"
"chr1","177210144","177210448","chr12","82042102","82042404","37","95168042"
"chr1","177252037","177252311","chr15","21464395","21464674","46","155787642"
"chr1","177262599","177262888","chr9","66674206","66674498","42","110588393"
"chr1","177272742","177272984","chr3","50901308","50901545","41","126371434"
"chr1","177276991","177277274","chr16","73157077","73157362","45","104119914"
"chr1","177294849","177295159","chr18","54869405","54869716","46","122425444"
"chr1","177402389","177402643","chr11","110847057","110847312","42","66555332"
"chr1","177414664","177414962","chr3","164913166","164913461","45","12501498"
"chr1","177432947","177433201","chr1","203926301","203926552","39","26493354"
"chr1","177454506","177454815","chr10","29855917","29856225","46","147598589"
"chr1","177486265","177486592","chr1","12498948","12499258","49","164987317"
"chr1","177499185","177499503","chr1","85421607","85421917","60","92077578"
"chr1","177519197","177519309","chr15","6817254","6817367","15","170701943"
"chr1","177549239","177549400","chr8","81051177","81051337","28","96498062"
"chr1","177549608","177549741","chr8","51403248","51403379","20","126146360"
"chr1","177600279","177600585","chr1","219225924","219226223","38","41625645"
"chr1","177601384","177601688","chr13","32817425","32817728","33","144783959"
"chr1","177660978","177661246","chr2","99632317","99632577","38","78028661"
"chr1","177734999","177735296","chr2","96514589","96514879","38","81220410"
"chr1","177767419","177767709","chr16","74404540","74404823","48","103362879"
"chr1","177831122","177831430","chrX","45906257","45906558","41","131924865"
"chr1","177952796","177953082","chr3","35661567","35661859","40","142291229"
"chr1","177955345","177955616","chr4","134157189","134157460","43","43798156"
"chr1","177995073","177995366","chr11","88966345","88966635","50","89028728"
"chr1","178024062","178024353","chr15","1988979","1989274","38","176035083"
"chr1","178067982","178068274","chr5","136702579","136702867","43","41365403"
"chr1","178119952","178120247","chr11","89115091","89115391","47","89004861"
"chr1","178128221","178128482","chr14","28482811","28483074","36","149645410"
"chr1","178133961","178134268","chr4","56503347","56503657","37","121630614"
"chr1","178198063","178198362","chr11","4016647","4016949","35","174181416"
"chr1","178207055","178207303","chr1","110833043","110833288","39","67374012"
"chr1","178222848","178223137","chr3","122782892","122783194","52","55439956"
"chr1","178224210","178224447","chr6","42726937","42727180","38","135497273"
"chr1","178228427","178228725","chr8","25582102","25582396","35","152646325"
"chr1","178231856","178232089","chr18","71908745","71908980","44","106323111"
"chr1","178237578","178237873","chr15","55824939","55825240","54","122412639"
"chr1","178267725","178268028","chr11","50028965","50029264","43","128238760"
"chr1","178293160","178293473","chr10","72394915","72395215","52","105898245"
"chr1","178302364","178302661","chrX","68552000","68552299","32","109750364"
"chr1","178358616","178358889","chr10","26328387","26328644","57","152030229"
"chr1","178405669","178405965","chr6","168149094","168149392","38","10256575"
"chr1","178508406","178508703","chr20","39340990","39341286","37","139167416"
"chr1","178573261","178573396","chr1","113745865","113746002","23","64827396"
"chr1","178603128","178603434","chr4","112317198","112317500","37","66285930"
"chr1","178988930","178989218","chr2","144075110","144075396","42","34913820"
"chr1","179043628","179043903","chr7","152656887","152657179","56","26386741"
"chr1","179098498","179098808","chr3","160577065","160577371","51","18521433"
"chr1","179136119","179136418","chr3","40025320","40025620","48","139110799"
"chr1","179383308","179383428","chr3","15334660","15334776","18","164048648"
"chr1","179384090","179384207","chr5","90175505","90175623","26","89208585"
"chr1","179447086","179447385","chrX","15713155","15713456","41","163733931"
"chr1","179582756","179582917","chr12","86491013","86491182","27","93091743"
"chr1","179587421","179587715","JH682036","358126","358421","33","179229295"
"chr1","179602138","179602433","chr7","133065043","133065330","32","46537095"
"chr1","179624081","179624327","chr7","124847237","124847488","51","54776844"
"chr1","179729123","179729425","chr1","152625689","152625995","53","27103434"
"chr1","179754587","179754879","chrX","139100323","139100604","55","40654264"
"chr1","179788913","179789207","chr15","78953274","78953566","45","100835639"
"chr1","179957400","179957688","chrX","62948145","62948432","34","117009255"
"chr1","179968872","179969185","chr2","90799138","90799447","52","89169734"
"chr1","180141207","180141505","chr1","47149509","47149810","35","132991698"
"chr1","180152747","180153052","chr1","196573796","196574099","42","16421049"
"chr1","180199048","180199309","chr11","59745076","59745331","43","120453972"
"chr1","180199367","180199615","chr15","75240273","75240528","62","104959094"
"chr1","180242027","180242289","chr8","36644162","36644430","49","143597865"
"chr1","180310621","180310927","chr6","124714488","124714790","35","55596133"
"chr1","180315318","180315621","chr3","42899950","42900256","41","137415368"
"chr1","180322575","180322851","chr15","105031937","105032214","45","75290638"
"chr1","180547766","180547978","chr8","114964293","114964505","37","65583473"
"chr1","180708723","180709012","chr9","37613139","37613425","34","143095584"
"chr1","180762025","180762168","chr3","10008224","10008365","21","170753801"
"chr1","180763592","180763885","chr1","41279593","41279889","37","139483999"
"chr1","180782536","180782833","chr2","101278895","101279193","37","79503641"
"chr1","180835917","180836229","chrX","63576021","63576327","54","117259896"
"chr1","180877221","180877297","chr6","69190752","69190836","18","111686469"
"chr1","180901655","180901805","chr7","68766471","68766618","27","112135184"
"chr1","180996582","180996919","chr8","88743631","88743956","67","92252951"
"chr1","180998623","180998911","chr10","59202967","59203245","54","121795656"
"chr1","181007220","181007496","chrX","61713396","61713669","44","119293824"
"chr1","181045184","181045472","chr6","150565896","150566187","38","30479288"
"chr1","181084285","181084544","chr4","34012230","34012491","48","147072055"
"chr1","181090528","181090828","chr16","21639667","21639964","34","159450861"
"chr1","181091591","181091820","chr19","12763923","12764145","46","168327668"
"chr1","181251344","181251636","chr19","30406403","30406702","46","150844941"
"chr1","181386104","181386382","chr2","100062378","100062646","53","81323726"
"chr1","181394553","181394778","chr10","27162517","27162751","49","154232036"
"chr1","181425596","181425895","chr10","72394915","72395215","36","109030681"
"chr1","181527321","181527457","chr1","129498511","129498647","17","52028810"
"chr1","181567367","181567673","chr12","82042102","82042404","41","99525265"
"chr1","181569164","181569430","chr2","39029241","39029515","44","142539923"
"chr1","181701116","181701393","chr1","38927742","38928019","42","142773374"
"chr1","181733265","181733429","chr13","93249064","93249232","30","88484201"
"chr1","181734107","181734234","chr11","122634923","122635055","29","59099184"
"chr1","181782305","181782614","chr10","29691322","29691619","45","152090983"
"chr1","181911198","181911493","chr9","94675634","94675937","33","87235564"
"chr1","181929224","181929307","chr5","32121453","32121538","14","149807771"
"chr1","182009293","182009602","chr14","63716116","63716415","43","118293177"
"chr1","182019439","182019744","chr14","102008032","102008328","73","80011407"
"chr1","182079374","182079683","chr13","61259817","61260123","36","120819557"
"chr1","182118189","182118519","chr18","39066869","39067188","53","143051320"
"chr1","182296712","182297008","chr7","16206849","16207148","37","166089863"
"chr1","182368308","182368608","chr3","34969388","34969689","33","147398920"
"chr1","182384002","182384337","chr13","25991646","25991962","63","156392356"
"chr1","182385273","182385568","chr10","85882072","85882365","37","96503201"
"chr1","182390472","182390764","chr9","7025626","7025918","30","175364846"
"chr1","182402139","182402462","chr9","56483643","56483960","64","125918496"
"chr1","182405780","182406079","chr1","124250793","124251086","36","58154987"
"chr1","182407661","182407953","chr1","94365322","94365615","31","88042339"
"chr1","182419013","182419324","chr8","135146563","135146861","46","47272450"
"chr1","182427898","182428194","chr6","16697883","16698181","49","165730015"
"chr1","182439876","182440154","chrX","42356","42633","42","182397520"
"chr1","182441659","182441966","chr12","80362467","80362771","43","102079192"
"chr1","182445557","182445809","chr1","14468200","14468440","51","167977357"
"chr1","182485614","182485908","chr8","25582102","25582396","29","156903512"
"chr1","182492191","182492487","chr2","84844754","84845049","39","97647437"
"chr1","182507665","182507973","chr5","34129012","34129323","34","148378653"
"chr1","182517861","182518140","chr2","84958845","84959123","41","97559016"
"chr1","182523147","182523451","chr6","124714488","124714790","36","57808659"
"chr1","182538420","182538711","chr1","45623411","45623699","35","136915009"
"chr1","182540249","182540548","chr11","4016647","4016949","31","178523602"
"chr1","182546717","182547018","chr1","65760806","65761108","45","116785911"
"chr1","182553018","182553156","chr2","93317431","93317570","19","89235587"
"chr1","182556150","182556439","chr1","127833040","127833336","35","54723110"
"chr1","182557903","182558206","chr9","20941332","20941626","44","161616571"
"chr1","182560059","182560349","chr14","15577285","15577579","40","166982774"
"chr1","182570374","182570640","chr4","24804662","24804922","40","157765712"
"chr1","182575210","182575510","chr4","152870034","152870333","49","29705176"
"chr1","182575725","182576017","chr16","50840979","50841269","48","131734746"
"chr1","182577807","182578094","chr1","94365322","94365615","36","88212485"
"chr1","182581927","182582226","chr4","69347489","69347789","42","113234438"
"chr1","182614888","182615195","chr10","79656616","79656920","46","102958272"
"chr1","182653196","182653408","chr15","39576266","39576471","45","143076930"
"chr1","182666158","182666487","chr8","5972615","5972954","72","176693543"
"chr1","182700276","182700555","chr2","186511571","186511867","50","3811295"
"chr1","182712285","182712584","chr6","142572268","142572563","48","40140017"
"chr1","182737172","182737464","chr14","15577285","15577579","32","167159887"
"chr1","182759963","182760271","chr3","67640358","67640660","50","115119605"
"chr1","182780576","182780837","chr10","80538038","80538291","44","102242538"
"chr1","182812030","182812330","chr10","16049988","16050292","54","166762042"
"chr1","182819563","182819856","chr1","94365322","94365615","36","88454241"
"chr1","182847442","182847731","chr7","133065043","133065330","32","49782399"
"chr1","182848833","182849122","chr7","133065043","133065330","32","49783790"
"chr1","182850458","182850774","chr4","12804307","12804616","53","170046151"
"chr1","182853493","182853768","chr20","40086231","40086506","48","142767262"
"chr1","182858018","182858324","chr19","3064712","3065012","38","179793306"
"chr1","182862297","182862602","chr13","61259817","61260123","34","121602480"
"chr1","182863946","182864232","chr2","82948155","82948448","45","99915791"
"chr1","182900871","182901173","chr3","178044286","178044587","47","4856585"
"chr1","182901543","182901842","chr7","158562964","158563263","41","24338579"
"chr1","182913045","182913332","chr1","53519541","53519821","51","129393504"
"chr1","182929653","182929945","JH682036","358126","358421","36","182571527"
"chr1","182977899","182978208","chr2","55010925","55011223","46","127966974"
"chr1","183083221","183083502","chr1","158198823","158199105","39","24884398"
"chr1","183105835","183106113","chr12","52370542","52370823","44","130735293"
"chr1","183160021","183160325","chr2","181253650","181253955","35","1906371"
"chr1","183168816","183169113","chr2","99109730","99110024","33","84059086"
"chr1","183213658","183213960","chr1","128114394","128114695","46","55099264"
"chr1","183242909","183243209","chr17","19374053","19374353","32","163868856"
"chr1","183248886","183249190","chr18","38832355","38832654","42","144416531"
"chr1","183253906","183254212","chr1","20012770","20013073","44","163241136"
"chr1","183261054","183261362","chr2","135982117","135982423","41","47278937"
"chr1","183297106","183297214","chr16","60613031","60613142","19","122684075"
"chr1","183346676","183346868","chr8","139479012","139479213","30","43867664"
"chr1","183346869","183347171","chr13","32817425","32817728","31","150529444"
"chr1","183347752","183348019","chr1","190360719","190360980","38","7012967"
"chr1","183352991","183353266","chr1","40770988","40771266","41","142582003"
"chr1","183356008","183356320","chr11","6563934","6564243","41","176792074"
"chr1","183360296","183360596","chr19","39103625","39103923","47","144256671"
"chr1","183361027","183361319","chr4","13002327","13002618","48","170358700"
"chr1","183440071","183440363","chr4","32871781","32872078","37","150568290"
"chr1","183498959","183499090","chr8","103559796","103559930","24","79939163"
"chr1","183499600","183499716","chr11","83048168","83048288","19","100451432"
"chr1","183548587","183548872","chr6","163489747","163490043","55","20058840"
"chr1","183629915","183630225","chr1","41160582","41160892","44","142469333"
"chr1","183677197","183677430","chr9","44058022","44058252","38","139619175"
"chr1","183686990","183687272","chr2","39029241","39029515","38","144657749"
"chr1","183697192","183697356","chr6","168710657","168710821","23","14986535"
"chr1","183705471","183705758","chr4","131374689","131374976","41","52330782"
"chr1","183755720","183756005","chr7","16206849","16207148","51","167548871"
"chr1","183769552","183769833","chr20","87623","87917","56","183681929"
"chr1","183775287","183775595","chr11","36769212","36769521","42","147006075"
"chr1","183802461","183802763","chr6","74374505","74374814","36","109427956"
"chr1","183827922","183828224","chr7","24990763","24991066","41","158837159"
"chr1","183909253","183909554","chr1","58787550","58787851","51","125121703"
"chr1","183995772","183996083","chr1","7993999","7994304","38","176001773"
"chr1","183997274","183997566","chr9","7025626","7025918","31","176971648"
"chr1","184000272","184000567","chr3","151172944","151173250","46","32827328"
"chr1","184060658","184060941","chr8","50148245","50148535","59","133912413"
"chr1","184194702","184195013","chr2","147505516","147505827","39","36689186"
"chr1","184240110","184240357","chr8","90210852","90211106","40","94029258"
"chr1","184281309","184281601","chr20","51745649","51745944","30","132535660"
"chr1","184317787","184318093","chr1","128155382","128155688","30","56162405"
"chr1","184356917","184357216","chr4","110946344","110946633","41","73410573"
"chr1","184378411","184378728","chr7","73560013","73560323","48","110818398"
"chr1","184392583","184392850","chr2","165757823","165758089","42","18634760"
"chr1","184491131","184491432","chr13","32817425","32817728","33","151673706"
"chr1","184500001","184500289","chr16","3687263","3687550","46","180812738"
"chr1","184537404","184537707","chr1","160132474","160132775","38","24404930"
"chr1","184658737","184659047","chr3","12603123","12603437","33","172055614"
"chr1","184757297","184757601","chr4","35271785","35272086","41","149485512"
"chr1","184836003","184836275","chr4","30551526","30551801","38","154284477"
"chr1","184839413","184839719","chr13","28311307","28311612","43","156528106"
"chr1","184848221","184848498","chr6","150478906","150479188","48","34369315"
"chr1","184979026","184979330","chr15","98914064","98914371","37","86064962"
"chr1","185006982","185007088","chr17","9642303","9642407","12","175364679"
"chr1","185010314","185010612","chr4","31017666","31017967","31","153992648"
"chr1","185028927","185029226","chr1","65662451","65662746","37","119366476"
"chr1","185048002","185048296","chr1","212841578","212841874","40","27793576"
"chr1","185053642","185053929","chr9","54404234","54404532","42","130649408"
"chr1","185118900","185119193","chr1","206447940","206448229","38","21329040"
"chr1","185135269","185135564","chr4","82945647","82945940","37","102189622"
"chr1","185141536","185141833","chrX","45487697","45487995","34","139653839"
"chr1","185148971","185149262","chr5","11182627","11182922","45","173966344"
"chr1","185168876","185169182","chr16","54321303","54321613","35","130847573"
"chr1","185190608","185190891","chrX","62378326","62378608","46","122812282"
"chr1","185194091","185194385","chr1","91521758","91522057","39","93672333"
"chr1","185202938","185203229","chr1","212719154","212719446","41","27516216"
"chr1","185205550","185205841","chr19","44679327","44679617","37","140526223"
"chr1","185214651","185214963","chr1","67368758","67369056","54","117845893"
"chr1","185232492","185232577","chr3","124467467","124467551","14","60765025"
"chr1","185261365","185261663","chr1","185536349","185536645","44","274984"
"chr1","185272490","185272781","chr16","63970264","63970553","25","121302226"
"chr1","185332818","185333116","chr9","92292916","92293201","56","93039902"
"chr1","185361729","185362010","chr16","62639389","62639673","43","122722340"
"chr1","185399445","185399748","chr9","92143841","92144144","52","93255604"
"chr1","185402182","185402471","chr11","114923633","114923926","39","70478549"
"chr1","185404819","185405128","chr3","34969388","34969689","37","150435431"
"chr1","185454938","185455242","chr11","59744208","59744500","34","125710730"
"chr1","185469367","185469652","chr10","30085573","30085855","39","155383794"
"chr1","185495388","185495689","chr6","31393353","31393656","38","154102035"
"chr1","185512431","185512727","chr13","32817425","32817728","37","152695006"
"chr1","185518635","185518926","chr7","133065043","133065330","31","52453592"
"chr1","185532946","185533255","chr10","46007696","46008002","41","139525250"
"chr1","185547957","185548198","chr3","13737292","13737527","57","171810665"
"chr1","185548699","185548961","chr4","135313924","135314188","36","50234775"
"chr1","185555524","185555825","chr1","113722216","113722513","41","71833308"
"chr1","185584673","185584931","chr2","34315373","34315630","55","151269300"
"chr1","185592409","185592673","chr11","59745076","59745331","45","125847333"
"chr1","185711516","185711798","chr2","102989050","102989349","40","82722466"
"chr1","185772563","185772855","chr2","44047045","44047343","42","141725518"
"chr1","185774589","185774854","chr20","9872710","9872997","63","175901879"
"chr1","185777297","185777408","chr19","34575818","34575919","19","151201479"
"chr1","185796332","185796654","chr7","120157903","120158219","46","65638429"
"chr1","185827753","185828028","chr5","96598837","96599116","48","89228916"
"chr1","185851655","185851957","chr13","32817425","32817728","36","153034230"
"chr1","185852800","185853102","chr2","156010591","156010892","36","29842209"
"chr1","185941651","185941953","chr2","46682521","46682821","33","139259130"
"chr1","186092252","186092548","chr7","90971726","90972022","38","95120526"
"chr1","186111261","186111565","chr15","96588502","96588809","39","89522759"
"chr1","186132439","186132552","chr7","130657353","130657466","14","55475086"
"chr1","186160803","186161109","chr6","53239608","53239906","46","132921195"
"chr1","186220354","186220666","chr11","64440364","64440673","47","121779990"
"chr1","186265513","186265820","chr1","130649516","130649818","47","55615997"
"chr1","186310321","186310619","chr19","12557275","12557573","44","173753046"
"chr1","186314316","186314634","chr11","64440364","64440673","53","121873952"
"chr1","186338779","186339087","chr10","51747515","51747827","58","134591264"
"chr1","186362244","186362554","chr10","20549883","20550183","51","165812361"
"chr1","186421862","186422170","chr4","32401427","32401735","35","154020435"
"chr1","186545775","186546071","chr9","7025626","7025918","36","179520149"
"chr1","186553540","186553835","chr1","1866324","1866628","41","184687216"
"chr1","186559143","186559442","chr2","106418670","106418975","34","80140473"
"chr1","186559960","186560160","chr11","53359303","53359510","31","133200657"
"chr1","186698511","186698806","chr11","13702068","13702363","31","172996443"
"chr1","186705747","186706047","chr12","103713062","103713366","39","82992685"
"chr1","186736889","186737184","chr9","113200398","113200692","38","73536491"
"chr1","186743293","186743601","chr6","126641819","126642115","49","60101474"
"chr1","186750834","186751119","chr20","5343907","5344203","44","181406927"
"chr1","186813079","186813382","chr3","9531529","9531830","45","177281550"
"chr1","187034041","187034339","chr7","38013110","38013409","35","149020931"
"chr1","187036185","187036488","chr1","170967942","170968244","50","16068243"
"chr1","187042417","187042712","chr4","151205306","151205609","47","35837111"
"chr1","187116440","187116569","chr19","44352064","44352192","19","142764376"
"chr1","187117455","187117629","chr10","753239","753420","26","186364216"
"chr1","187139159","187139464","chr7","4215307","4215613","31","182923852"
"chr1","187183054","187183327","chr10","62315260","62315548","45","124867794"
"chr1","187186645","187186918","chr2","135177745","135178021","39","52008900"
"chr1","187222284","187222580","chr5","4538583","4538883","32","182683701"
"chr1","187224303","187224612","chr19","24212554","24212862","48","163011749"
"chr1","187337128","187337430","chr11","88010587","88010889","46","99326541"
"chr1","187346409","187346708","chr7","26640526","26640824","34","160705883"
"chr1","187350400","187350698","chr4","21706246","21706550","37","165644154"
"chr1","187355601","187355900","chr7","41529459","41529754","36","145826142"
"chr1","187368904","187369014","chr10","79957137","79957242","18","107411767"
"chr1","187489180","187489462","chr17","72797163","72797445","36","114692017"
"chr1","187560819","187561116","chr4","20045092","20045381","43","167515727"
"chr1","187564224","187564528","chr1","65932733","65933039","45","121631491"
"chr1","187588732","187589031","chr2","96239962","96240258","44","91348770"
"chr1","187602841","187602930","chr7","19108326","19108418","16","168494515"
"chr1","187607103","187607379","chr2","135177745","135178021","41","52429358"
"chr1","187641172","187641470","chr19","50898678","50898974","37","136742494"
"chr1","187660152","187660435","chr14","57816135","57816421","46","129844017"
"chr1","187722461","187722522","chr1","196904697","196904756","15","9182236"
"chr1","187725520","187725804","chr1","42476755","42477044","47","145248765"
"chr1","187736618","187736914","chr7","16206849","16207148","42","171529769"
"chr1","187740352","187740632","chrX","124308228","124308516","55","63432124"
"chr1","187781165","187781465","chr3","42609670","42609971","46","145171495"
"chr1","187830984","187831297","chr6","103084220","103084533","38","84746764"
"chr1","187844300","187844599","chr2","46682521","46682821","35","141161779"
"chr1","187846896","187847155","chrX","122712517","122712780","39","65134379"
"chr1","187848485","187848793","chr3","12603123","12603437","35","175245362"
"chr1","187851020","187851128","chr16","74197444","74197552","19","113653576"
"chr1","187877031","187877256","chr8","82181433","82181665","38","105695598"
"chr1","187949867","187950169","chr9","54404234","54404532","47","133545633"
"chr1","187973284","187973576","chr7","132975622","132975901","44","54997662"
"chr1","187995720","187995943","chr1","160159276","160159496","53","27836444"
"chr1","188028751","188029042","chr1","163944623","163944919","53","24084128"
"chr1","188058779","188059079","chr5","901105","901408","35","187157674"
"chr1","188072311","188072619","chr9","61900736","61901039","36","126171575"
"chr1","188163882","188164192","chr10","7285867","7286171","45","180878015"
"chr1","188235150","188235453","chr14","5934954","5935260","39","182300196"
"chr1","188323537","188323840","chr3","113763432","113763736","42","74560105"
"chr1","188427033","188427318","chr3","41188591","41188879","38","147238442"
"chr1","188439004","188439294","chr1","15291446","15291730","43","173147558"
"chr1","188508426","188508745","chr9","111691034","111691341","57","76817392"
"chr1","188525737","188526036","chr19","15097509","15097804","38","173428228"
"chr1","188535074","188535389","chr6","128302615","128302924","39","60232459"
"chr1","188598561","188598864","chr3","34969388","34969689","40","153629173"
"chr1","188614399","188614701","chr1","6624352","6624652","44","181990047"
"chr1","188640283","188640559","chr10","66321490","66321793","58","122318793"
"chr1","188655223","188655523","chr5","103768433","103768725","43","84886790"
"chr1","188691289","188691579","chr9","14690494","14690788","49","174000795"
"chr1","188697686","188697968","chr14","89019070","89019353","42","99678616"
"chr1","188790537","188790600","chr7","51569425","51569489","13","137221112"
"chr1","188894637","188894934","chr14","68039927","68040220","43","120854710"
"chr1","188904163","188904457","chr3","35657443","35657739","46","153246720"
"chr1","188909476","188909698","chr5","137480638","137480863","40","51428838"
"chr1","188943778","188944079","chr13","24550040","24550347","36","164393738"
"chr1","189169796","189170105","chr7","73560013","73560323","47","115609783"
"chr1","189178688","189178974","chr7","133065043","133065330","32","56113645"
"chr1","189208527","189208815","chr1","219677924","219678213","35","30469397"
"chr1","189258872","189259123","chr1","124420303","124420554","38","64838569"
"chr1","189292739","189293001","chr1","190360719","190360980","45","1067980"
"chr1","189295982","189296291","chr4","129897753","129898055","39","59398229"
"chr1","189302792","189303083","chr3","176812287","176812578","40","12490505"
"chr1","189319217","189319495","chr8","1577400","1577677","41","187741817"
"chr1","189381368","189381636","chr13","46225644","46225911","45","143155724"
"chr1","189408162","189408441","chr4","117616854","117617134","52","71791308"
"chr1","189420432","189420652","chr16","39597539","39597764","38","149822893"
"chr1","189429730","189430016","chr1","45623411","45623699","37","143806319"
"chr1","189457946","189458255","chr5","170875139","170875447","39","18582807"
"chr1","189487923","189488220","chr11","131897219","131897520","45","57590704"
"chr1","189507740","189508023","chr14","67979244","67979526","42","121528496"
"chr1","189508057","189508222","chr8","38124522","38124680","25","151383535"
"chr1","189511723","189512025","chr12","4025769","4026076","39","185485954"
"chr1","189522654","189522865","chr7","155860210","155860412","29","33662444"
"chr1","189578477","189578777","chr3","45626371","45626668","38","143952106"
"chr1","189620459","189620749","chr1","11366377","11366670","46","178254082"
"chr1","189757491","189757785","chr2","72702249","72702540","47","117055242"
"chr1","189763443","189763739","chr7","42322916","42323215","38","147440527"
"chr1","189782819","189783120","chr6","131356508","131356811","35","58426311"
"chr1","189794143","189794436","chr3","33506835","33507132","36","156287308"
"chr1","189811364","189811655","chr13","32325637","32325935","52","157485727"
"chr1","189866330","189866640","chr2","114954765","114955078","51","74911565"
"chr1","189891679","189891990","chr4","81422799","81423107","40","108468880"
"chr1","189964242","189964520","chr7","132975622","132975901","38","56988620"
"chr1","189975355","189975650","chr16","55510477","55510777","44","134464878"
"chr1","190020106","190020418","chr16","49625494","49625797","40","140394612"
"chr1","190048121","190048418","chr16","63276450","63276738","43","126771671"
"chr1","190149480","190149770","chr10","62315260","62315548","41","127834220"
"chr1","190176356","190176651","chr4","160599897","160600192","35","29576459"
"chr1","190321296","190321531","chr16","40076793","40077035","30","150244503"
"chr1","190347039","190347332","chr16","21928511","21928799","44","168418528"
"chr1","190426093","190426381","chr4","52405012","52405307","44","138021081"
"chr1","190467616","190467883","chr4","134157189","134157460","47","56310427"
"chr1","190481629","190481933","chr10","68110361","68110663","45","122371268"
"chr1","190616784","190617097","chr4","34099360","34099670","43","156517424"
"chr1","190654990","190655297","chr2","108203016","108203325","34","82451974"
"chr1","190697902","190698047","chr2","177049440","177049581","26","13648462"
"chr1","190759252","190759550","chr13","32817425","32817728","34","157941827"
"chr1","190779231","190779517","chr5","132631825","132632108","46","58147406"
"chr1","190820169","190820439","chrX","50381471","50381743","46","140438698"
"chr1","190859974","190860239","chr1","47626078","47626342","36","143233896"
"chr1","190884822","190885121","chr7","18741876","18742175","38","172142946"
"chr1","191046286","191046583","chr3","50723647","50723946","36","140322639"
"chr1","191173543","191173851","chr1","123829563","123829868","51","67343980"
"chr1","191174309","191174600","chr8","10102742","10103034","36","181071567"
"chr1","191208883","191209098","chr1","200625581","200625798","36","9416698"
"chr1","191278171","191278468","chr6","31393353","31393656","38","159884818"
"chr1","191360522","191360810","chr1","94365322","94365615","36","96995200"
"chr1","191375707","191375996","chr7","51613254","51613546","40","139762453"
"chr1","191400543","191400771","chr1","1500185","1500409","34","189900358"
"chr1","191425775","191426021","chr20","46484406","46484655","47","144941369"
"chr1","191433948","191434241","chr4","4867746","4868041","39","186566202"
"chr1","191483278","191483574","chr13","116647521","116647821","40","74835757"
"chr1","191488697","191488989","chr10","69127737","69128030","35","122360960"
"chr1","191545602","191545892","chr7","133065043","133065330","45","58480559"
"chr1","191546147","191546449","chr8","56315236","56315535","40","135230911"
"chr1","191559312","191559613","chr6","121630847","121631152","40","69928465"
"chr1","191585923","191586181","chr1","36888776","36889038","33","154697147"
"chr1","191602548","191602849","chr1","43639311","43639611","34","147963237"
"chr1","191675547","191675846","chr7","101853697","101853997","50","89821850"
"chr1","191700639","191700940","chr6","124714488","124714790","40","66986151"
"chr1","191703028","191703326","chr15","74841385","74841687","40","116861643"
"chr1","191709938","191710236","chr10","18523163","18523450","48","173186775"
"chr1","191741479","191741782","chr1","1866324","1866628","43","189875155"
"chr1","191749466","191749783","chr10","27198417","27198715","52","164551049"
"chr1","191751363","191751471","chr17","9541228","9541341","19","182210135"
"chr1","191751555","191751687","chr20","48809902","48810043","29","142941653"
"chr1","191765255","191765566","chrX","44962032","44962338","48","146803223"
"chr1","191766449","191766514","chr9","15155449","15155520","17","176611000"
"chr1","191783086","191783388","chr9","84261595","84261898","37","107521491"
"chr1","191825041","191825332","chrX","62748235","62748529","48","129076806"
"chr1","191827647","191827953","chr15","8677904","8678207","38","183149743"
"chr1","191829845","191830141","chrX","123457402","123457697","40","68372443"
"chr1","191834966","191835272","chr17","8929510","8929818","53","182905456"
"chr1","191878044","191878330","chr16","63276450","63276738","39","128601594"
"chr1","191898343","191898635","chr16","65663872","65664161","43","126234471"
"chr1","191931064","191931359","chr2","96826999","96827292","36","95104065"
"chr1","191934433","191934729","chr4","69304343","69304641","46","122630090"
"chr1","191934935","191935061","chr1","175878669","175878793","25","16056266"
"chr1","191977856","191978167","chr8","138321078","138321388","38","53656778"
"chr1","191981403","191981750","chr2","184514373","184514697","68","7467030"
"chr1","191990102","191990390","chr10","9266065","9266365","56","182724037"
"chr1","192002590","192002865","chr1","40770988","40771266","28","151231602"
"chr1","192059290","192059588","chr10","29691322","29691619","32","162367968"
"chr1","192068659","192068837","chr1","92507019","92507191","29","99561640"
"chr1","192071328","192071633","chr5","34541386","34541695","38","157529942"
"chr1","192088154","192088463","chr6","136733017","136733318","56","55355137"
"chr1","192147423","192147713","chr20","32453396","32453683","41","159694027"
"chr1","192170341","192170650","chr1","14575267","14575578","40","177595074"
"chr1","192177428","192177732","chr8","41090914","41091218","39","151086514"
"chr1","192179904","192180186","chr2","88612634","88612907","59","103567270"
"chr1","192182583","192182880","chr2","5758509","5758805","49","186424074"
"chr1","192233037","192233334","chr13","68982542","68982833","35","123250495"
"chr1","192329542","192329818","chr7","52736490","52736780","47","139593052"
"chr1","192403706","192404003","chr2","46682521","46682821","40","145721185"
"chr1","192417415","192417710","chr9","31646265","31646560","38","160771150"
"chr1","192422354","192422661","chr1","115424164","115424468","44","76998190"
"chr1","192449586","192449682","chr7","33424137","33424236","17","159025449"
"chr1","192462108","192462410","chr2","29122415","29122720","43","163339693"
"chr1","192467266","192467560","chr20","69234001","69234293","40","123233265"
"chr1","192469804","192470101","chr9","69824146","69824444","39","122645658"
"chr1","192486326","192486615","chr15","23201984","23202276","40","169284342"
"chr1","192493723","192494033","chrX","45487697","45487995","56","147006026"
"chr1","192512520","192512817","chr17","30611756","30612052","32","161900764"
"chr1","192513943","192514245","chr1","114141291","114141594","33","78372652"
"chr1","192514298","192514592","chr20","59612309","59612599","39","132901989"
"chr1","192526068","192526373","chr3","52476744","52477050","46","140049324"
"chr1","192547412","192547712","chr12","69597135","69597433","38","122950277"
"chr1","192649149","192649456","chr2","176865440","176865747","38","15783709"
"chr1","192670543","192670837","chr11","59744208","59744500","34","132926335"
"chr1","192679338","192679649","chr1","114716826","114717136","49","77962512"
"chr1","192700815","192701092","chr2","155636216","155636491","37","37064599"
"chr1","192705346","192705618","chr19","42487999","42488270","37","150217347"
"chr1","192741858","192741976","chr10","38576118","38576239","16","154165740"
"chr1","192793188","192793480","chr2","38884008","38884302","39","153909180"
"chr1","192829134","192829418","chr20","49701084","49701366","46","143128050"
"chr1","192878150","192878445","chr6","142572268","142572563","37","50305882"
"chr1","192897083","192897385","chr9","15264096","15264399","40","177632987"
"chr1","192944358","192944546","chr11","31022429","31022626","33","161921929"
"chr1","192964953","192965251","chr16","11126268","11126568","38","181838685"
"chr1","192984335","192984641","chr4","35271785","35272086","35","157712550"
"chr1","193181768","193181995","chr11","44650712","44650952","40","148531056"
"chr1","193190892","193191179","chr1","185903042","185903338","48","7287850"
"chr1","193216210","193216502","chr4","31928114","31928408","36","161288096"
"chr1","193225062","193225274","chr10","83368953","83369164","34","109856109"
"chr1","193254011","193254296","chr13","23392419","23392699","47","169861592"
"chr1","193265693","193266009","chr6","49313425","49313743","54","143952268"
"chr1","193277165","193277463","chr4","2939963","2940262","38","190337202"
"chr1","193281976","193282259","chr12","52370542","52370823","42","140911434"
"chr1","193347940","193348216","chr2","92704027","92704304","53","100643913"
"chr1","193398167","193398456","chr1","53988770","53989067","40","139409397"
"chr1","193410409","193410723","chr10","80075212","80075509","72","113335197"
"chr1","193425049","193425317","chr1","181414800","181415063","52","12010249"
"chr1","193457635","193457720","chr20","41045680","41045765","11","152411955"
"chr1","193460753","193460995","chr14","123390911","123391157","32","70069842"
"chr1","193468935","193469226","chr1","204813267","204813556","43","11344332"
"chr1","193469893","193470193","chr15","55860994","55861295","45","137608899"
"chr1","193494144","193494283","chr1","80937785","80937929","23","112556359"
"chr1","193494919","193495041","chr14","59616901","59617021","28","133878018"
"chr1","193497651","193497785","chr7","91068326","91068467","30","102429325"
"chr1","193511040","193511325","chr1","24136961","24137248","42","169374079"
"chr1","193514451","193514738","chr2","184580196","184580486","30","8934255"
"chr1","193533204","193533511","chr2","146525226","146525534","44","47007978"
"chr1","193541475","193541776","chr6","157477970","157478279","39","36063505"
"chr1","193552570","193552668","chr1","3707845","3707930","27","189844725"
"chr1","193594699","193595005","chr1","219225924","219226223","46","25631225"
"chr1","193603831","193604131","chr7","132809076","132809373","43","60794755"
"chr1","193620168","193620477","chr9","115985296","115985597","52","77634872"
"chr1","193640570","193640877","chr1","184288081","184288385","42","9352489"
"chr1","193641539","193641848","chr10","84758202","84758512","42","108883337"
"chr1","193656841","193657169","chr19","3064712","3065012","67","190592129"
"chr1","193675961","193676255","chr7","64204597","64204900","51","129471364"
"chr1","193678633","193678902","chr10","27509342","27509618","48","166169291"
"chr1","193691597","193691897","chr13","62991818","62992120","42","130699779"
"chr1","193708703","193708833","chr4","35211838","35211977","23","158496865"
"chr1","193734409","193734709","chrX","15713155","15713456","34","178021254"
"chr1","193754402","193754705","chr5","103859554","103859858","35","89894848"
"chr1","193803919","193804213","chr16","3687263","3687550","46","190116656"
"chr1","193805344","193805592","chr7","151776343","151776597","56","42029001"
"chr1","193841738","193842032","chr3","63343532","63343825","36","130498206"
"chr1","193856770","193857076","chr1","152625689","152625995","38","41231081"
"chr1","193892305","193892598","chr16","18796729","18797022","37","175095576"
"chr1","193896927","193897235","chr3","98185465","98185772","45","95711462"
"chr1","193899042","193899341","chr6","51252947","51253245","35","142646095"
"chr1","193970171","193970469","chr11","94663191","94663491","37","99306980"
"chr1","193979466","193979757","chr2","132411744","132412034","38","61567722"
"chr1","193996525","193996816","chr2","176866099","176866395","37","17130426"
"chr1","194011591","194011890","chr9","54879708","54880003","44","139131883"
"chr1","194046466","194046595","chr16","69974379","69974504","20","124072087"
"chr1","194073056","194073355","chr16","70619220","70619515","40","123453836"
"chr1","194102466","194102770","chr1","17653957","17654260","41","176448509"
"chr1","194106447","194106737","chr11","59744208","59744500","35","134362239"
"chr1","194120839","194121131","chr18","49838043","49838335","33","144282796"
"chr1","194121147","194121456","chr7","133065043","133065330","45","61056104"
"chr1","194154464","194154759","chr16","59029351","59029645","38","135125113"
"chr1","194185528","194185782","chr13","40107661","40107916","44","154077867"
"chr1","194206125","194206415","chr16","63276450","63276738","41","130929675"
"chr1","194206856","194207107","chr11","71045850","71046097","38","123161006"
"chr1","194208179","194208477","chr17","28104885","28105180","41","166103294"
"chr1","194217424","194217626","chr7","26831792","26831996","42","167385632"
"chr1","194220388","194220695","chr16","23754680","23754985","47","170465708"
"chr1","194233333","194233641","chr2","114227807","114228107","40","80005526"
"chr1","194240625","194240918","chr11","59744208","59744500","30","134496417"
"chr1","194273902","194274200","chr11","10098018","10098319","41","184175884"
"chr1","194276796","194277090","chr3","134867637","134867930","39","59409159"
"chr1","194297581","194297914","chr6","153629786","153630128","85","40667795"
"chr1","194301605","194301903","chr1","113722216","113722513","44","80579389"
"chr1","194313844","194314130","chr1","118003993","118004283","42","76309851"
"chr1","194332984","194333256","chr8","40987832","40988114","48","153345152"
"chr1","194356761","194357048","chr2","38884008","38884302","45","155472753"
"chr1","194370365","194370677","chr3","69228301","69228608","42","125142064"
"chr1","194410885","194411178","chr2","184580196","184580486","32","9830689"
"chr1","194411803","194412103","chr7","37449373","37449676","50","156962430"
"chr1","194413834","194414097","JH682036","205258","205522","45","194208576"
"chr1","194456238","194456546","chr10","16049988","16050292","36","178406250"
"chr1","194472085","194472375","chr11","59699985","59700283","42","134772100"
"chr1","194494941","194495246","chr14","8712648","8712949","37","185782293"
"chr1","194513038","194513342","chr5","173702377","173702681","55","20810661"
"chr1","194513740","194514119","chr1","188682239","188682601","81","5831501"
"chr1","194526367","194526672","chr7","77029098","77029406","40","117497269"
"chr1","194616307","194616439","chr7","521552","521685","26","194094755"
"chr1","194640317","194640631","chr13","23501079","23501388","35","171139238"
"chr1","194651907","194652201","chr3","24783656","24783946","41","169868251"
"chr1","194668880","194669185","chr16","15788944","15789248","37","178879936"
"chr1","194693011","194693322","chr2","115374644","115374950","50","79318367"
"chr1","194710158","194710450","chrX","20846410","20846706","32","173863748"
"chr1","194732634","194732923","chr3","48298408","48298697","42","146434226"
"chr1","194739677","194739975","chr4","20045092","20045381","50","174694585"
"chr1","194825894","194826189","chr2","46682521","46682821","35","148143373"
"chr1","194829890","194830056","chr3","44677818","44677981","34","150152072"
"chr1","194830266","194830351","chr1","124886036","124886121","18","69944230"
"chr1","194832039","194832340","chr19","3064712","3065012","36","191767327"
"chr1","194839442","194839708","chr14","28482811","28483074","44","166356631"
"chr1","194870181","194870409","chr15","29611756","29611978","41","165258425"
"chr1","194888796","194889029","chr5","848416","848645","35","194040380"
"chr1","195000431","195000730","chr20","21076068","21076368","37","173924363"
"chr1","195116661","195116951","chr20","40079667","40079959","39","155036994"
"chr1","195197890","195198182","chr2","102989050","102989349","39","92208840"
"chr1","195242057","195242348","chr6","128266238","128266531","37","66975819"
"chr1","195338672","195338924","chr7","91890034","91890281","43","103448638"
"chr1","195438784","195439094","chr6","113414976","113415281","41","82023808"
"chr1","195487382","195487681","chr7","41138138","41138436","43","154349244"
"chr1","195525680","195525962","chr20","59595966","59596249","53","135929714"
"chr1","195579388","195579682","chrX","20846410","20846706","38","174732978"
"chr1","195653545","195653843","chr1","42476755","42477044","48","153176790"
"chr1","195700043","195700345","chr20","54767706","54767999","49","140932337"
"chr1","195794586","195794879","chr15","26613546","26613841","50","169181040"
"chr1","195805521","195805800","chr2","145153725","145154004","46","50651796"
"chr1","195833835","195834095","chr10","19416042","19416290","44","176417793"
"chr1","195906582","195906876","chr15","9765968","9766261","30","186140614"
"chr1","195912658","195912956","chr11","112817485","112817779","39","83095173"
"chr1","195954769","195954916","chr7","141732312","141732461","22","54222457"
"chr1","195973960","195974263","chr4","156469264","156469557","45","39504696"
"chr1","195978338","195978634","chr14","10784769","10785061","41","185193569"
"chr1","196039997","196040290","chr2","186451766","186452061","45","9588231"
"chr1","196051185","196051483","chr10","25684423","25684722","46","170366762"
"chr1","196105326","196105610","chr3","93757874","93758163","58","102347452"
"chr1","196138601","196138895","chr9","7025626","7025918","35","189112975"
"chr1","196181106","196181399","chr13","32325637","32325935","44","163855469"
"chr1","196250088","196250263","chr10","64082869","64083044","30","132167219"
"chr1","196269508","196269805","chr6","142572268","142572563","41","53697240"
"chr1","196290300","196290599","chr3","176830718","176831018","31","19459582"
"chr1","196310095","196310397","chr17","87710486","87710785","47","108599609"
"chr1","196315786","196316072","chr1","125312140","125312429","43","71003646"
"chr1","196341743","196342038","chr11","8138169","8138470","38","188203574"
"chr1","196352087","196352387","chr6","126641819","126642115","48","69710268"
"chr1","196407176","196407485","chr1","114716826","114717136","37","81690350"
"chr1","196433331","196433626","chr16","18796729","18797022","45","177636602"
"chr1","196447849","196448134","chr4","37628815","37629100","45","158819034"
"chr1","196457129","196457415","chr10","62315260","62315548","44","134141869"
"chr1","196477131","196477335","chr7","155860210","155860412","24","40616921"
"chr1","196487587","196487880","chr2","178187197","178187490","38","18300390"
"chr1","196500795","196501130","chr15","99116083","99116400","64","97384712"
"chr1","196510323","196510605","chr2","149808038","149808322","42","46702285"
"chr1","196527014","196527314","chr2","95068228","95068528","37","101458786"
"chr1","196538240","196538548","chrX","124383342","124383652","45","72154898"
"chr1","196547580","196547861","chr12","98300764","98301051","38","98246816"
"chr1","196676515","196676857","chr8","23697454","23697795","75","172979061"
"chr1","196682695","196682974","chrX","109077217","109077499","45","87605478"
"chr1","196807109","196807406","chr10","78793021","78793318","30","118014088"
"chr1","196845984","196846290","chr12","64068852","64069156","36","132777132"
"chr1","196866971","196867076","chr4","18435484","18435590","9","178431487"
"chr1","196880790","196881075","chr10","80273174","80273452","48","116607616"
"chr1","197032340","197032630","chr11","6666646","6666934","52","190365694"
"chr1","197054579","197054871","chr16","4208436","4208729","38","192846143"
"chr1","197128156","197128468","chr7","73560013","73560323","39","123568143"
"chr1","197137929","197138222","chr10","20484290","20484582","40","176653639"
"chr1","197316172","197316465","chr13","37859813","37860103","41","159456359"
"chr1","197343487","197343784","chr1","946135","946434","32","196397352"
"chr1","197697365","197697569","chr16","62512812","62513013","34","135184553"
"chr1","197799635","197799933","chr4","160599897","160600192","42","37199738"
"chr1","197854877","197855144","chr3","1997406","1997669","43","195857471"
"chr1","197913535","197913832","chrX","20846410","20846706","46","177067125"
"chr1","197940923","197941205","chr8","10102742","10103034","45","187838181"
"chr1","198010986","198011296","chr7","77029098","77029406","44","120981888"
"chr1","198050257","198050561","chr3","9531529","9531830","38","188518728"
"chr1","198057435","198057733","chr3","38447004","38447303","38","159610431"
"chr1","198058359","198058653","chr9","69824146","69824444","42","128234213"
"chr1","198099797","198100104","chr19","38513628","38513926","52","159586169"
"chr1","198111996","198112298","chr3","173964513","173964818","47","24147483"
"chr1","198162960","198163266","chr11","10098018","10098319","37","188064942"
"chr1","198163329","198163627","chr4","10828530","10828827","39","187334799"
"chr1","198196724","198197030","chr7","77029098","77029406","32","121167626"
"chr1","198207950","198208218","chr3","146052096","146052363","60","52155854"
"chr1","198253524","198253831","chr15","74841385","74841687","35","123412139"
"chr1","198266589","198266862","chr7","70325580","70325851","39","127941009"
"chr1","198285337","198285645","chr3","175832352","175832659","41","22452985"
"chr1","198316063","198316318","chr9","66292598","66292844","67","132023465"
"chr1","198322104","198322417","chr18","26757177","26757480","43","171564927"
"chr1","198383361","198383616","chr4","162305040","162305294","40","36078321"
"chr1","198387769","198388045","chr2","61833300","61833586","54","136554469"
"chr1","198435807","198436009","chr1","128357966","128358165","30","70077841"
"chr1","198480733","198481011","chr12","65089310","65089598","46","133391423"
"chr1","198500717","198500994","chr3","133866579","133866872","44","64634138"
"chr1","198516324","198516599","chr1","138442910","138443191","43","60073414"
"chr1","198541913","198542222","chr3","137161683","137161990","45","61380230"
"chr1","198544245","198544528","chr14","50817121","50817406","34","147727124"
"chr1","198549574","198549852","chr1","190424764","190425060","53","8124810"
"chr1","198556824","198557139","chr1","14808098","14808413","48","183748726"
"chr1","198576161","198576456","chr3","160772561","160772858","31","37803600"
"chr1","198581394","198581688","chr3","157031775","157032065","40","41549619"
"chr1","198583243","198583521","chr1","190424764","190425060","53","8158479"
"chr1","198590564","198590870","chrX","21382000","21382304","41","177208564"
"chr1","198601114","198601431","chr1","17610673","17611001","51","180990441"
"chr1","198634830","198635139","chr1","7993999","7994304","39","190640831"
"chr1","198667291","198667590","chr7","31528516","31528816","43","167138775"
"chr1","198672247","198672522","chr10","76781839","76782121","42","121890408"
"chr1","198742208","198742504","chr7","125954466","125954770","45","72787742"
"chr1","198750008","198750232","chr7","121329046","121329267","26","77420962"
"chr1","198759860","198760157","chr7","29116078","29116368","45","169643782"
"chr1","198766546","198766844","chr7","130049195","130049488","43","68717351"
"chr1","198774614","198774879","chr1","158198823","158199105","66","40575791"
"chr1","198776503","198776790","chr8","99548469","99548767","42","99228034"
"chr1","198779631","198779930","chr7","54988790","54989094","37","143790841"
"chr1","198789507","198789817","chr9","57835064","57835373","42","140954443"
"chr1","198801340","198801627","chr2","84844754","84845049","63","113956586"
"chr1","198837701","198838013","chr4","83143439","83143745","55","115694262"
"chr1","198841556","198841861","chr13","25298591","25298897","39","173542965"
"chr1","198844073","198844368","chr8","115511599","115511896","45","83332474"
"chr1","198856062","198856347","chr2","38884008","38884302","50","159972054"
"chr1","198868520","198868816","chr1","94365322","94365615","34","104503198"
"chr1","198929411","198929542","chr2","3265689","3265825","25","195663722"
"chr1","198929577","198929766","chrX","138596933","138597116","31","60332644"
"chr1","198979863","198980168","chr1","219225924","219226223","44","20246061"
"chr1","199047632","199047925","chr1","30080248","30080540","36","168967384"
"chr1","199074990","199075279","chr1","85129851","85130148","36","113945139"
"chr1","199134476","199134779","chr15","95926887","95927178","43","103207589"
"chr1","199230814","199231103","chr3","103398952","103399243","34","95831862"
"chr1","199351897","199352189","chr11","95105428","95105719","35","104246469"
"chr1","199359823","199360134","chr3","12603123","12603437","36","186756700"
"chr1","199362971","199363108","chr9","43105709","43105844","38","156257262"
"chr1","199413490","199413798","chr1","7993999","7994304","37","191419491"
"chr1","199534444","199534683","chr7","24936105","24936346","46","174598339"
"chr1","199534993","199535077","chr11","18968571","18968657","15","180566422"
"chr1","199558176","199558466","chr16","4210489","4210778","36","195347687"
"chr1","199596951","199597239","chr1","48541016","48541306","39","151055935"
"chr1","199602566","199602838","chr2","49059917","49060182","41","150542649"
"chr1","199671407","199671689","chr7","132975622","132975901","43","66695785"
"chr1","199765772","199766073","chr12","86662303","86662604","38","113103469"
"chr1","199766727","199767020","chr9","87533526","87533824","36","112233201"
"chr1","199781370","199781659","chr10","77690801","77691096","46","122090569"
"chr1","199807933","199808226","chr10","79154399","79154691","34","120653534"
"chr1","199852455","199852758","chr4","75388049","75388359","39","124464406"
"chr1","199865193","199865462","chr2","135177745","135178021","43","64687448"
"chr1","199869676","199869966","chr4","34365154","34365445","38","165504522"
"chr1","199875411","199875712","chr6","124714488","124714790","33","75160923"
"chr1","199887643","199887927","chr2","92704027","92704304","55","107183616"
"chr1","199891473","199891770","chr7","90971726","90972022","45","108919747"
"chr1","199898955","199899226","chr8","88869400","88869673","42","111029555"
"chr1","199926240","199926523","chr17","30318493","30318771","38","169607747"
"chr1","199947357","199947641","chr10","73837427","73837714","42","126109930"
"chr1","199990488","199990788","chr5","15828922","15829222","30","184161566"
"chr1","199991475","199991784","chr17","30611756","30612052","48","169379719"
"chr1","200022061","200022337","chr17","45151249","45151529","39","154870812"
"chr1","200029747","200030027","chr3","46165413","46165699","44","153864334"
"chr1","200041562","200041876","chr18","39066869","39067188","46","160974693"
"chr1","200043558","200043694","chr18","24104552","24104687","17","175939006"
"chr1","200043825","200044109","chr14","78248611","78248891","52","121795214"
"chr1","200047873","200048089","chrX","103372826","103373042","35","96675047"
"chr1","200070891","200071201","chr16","52173025","52173334","36","147897866"
"chr1","200090823","200091028","chr1","4099269","4099482","44","195991554"
"chr1","200133262","200133556","chr15","22561456","22561749","32","177571806"
"chr1","200143193","200143492","chr6","40346304","40346603","40","159796889"
"chr1","200144993","200145299","chr2","46682521","46682821","41","153462472"
"chr1","200168658","200168902","chr11","80632503","80632762","49","119536155"
"chr1","200170037","200170360","chr6","124714488","124714790","52","75455549"
"chr1","200170803","200171099","chr3","48298408","48298697","40","151872395"
"chr1","200227245","200227509","chr2","92704027","92704304","56","107523218"
"chr1","200230401","200230678","chr9","91250132","91250408","53","108980269"
"chr1","200233781","200234097","chr14","109223857","109224178","49","91009924"
"chr1","200256340","200256634","chr2","73832418","73832717","38","126423922"
"chr1","200273458","200273746","chrX","112314689","112314977","40","87958769"
"chr1","200304233","200304536","chr1","128155382","128155688","36","72148851"
"chr1","200308349","200308626","chr16","1630024","1630299","47","198678325"
"chr1","200313254","200313563","chr2","61852498","61852806","51","138460756"
"chr1","200319451","200319758","chrX","122095835","122096148","35","78223616"
"chr1","200323193","200323472","chr15","21464395","21464674","38","178858798"
"chr1","200336203","200336350","chr3","10008224","10008365","19","190327979"
"chr1","200343372","200343587","chr1","98017364","98017581","53","102326008"
"chr1","200343904","200344197","chr15","102861493","102861784","47","97482411"
"chr1","200349723","200350020","chr11","32172321","32172615","47","168177402"
"chr1","200351666","200351956","chr2","184580196","184580486","43","15771470"
"chr1","200365386","200365680","chr12","89828990","89829278","38","110536396"
"chr1","200366797","200367100","chr1","52291560","52291858","46","148075237"
"chr1","200408412","200408693","chr6","132179472","132179753","34","68228940"
"chr1","200411744","200412032","chr9","7025626","7025918","35","193386118"
"chr1","200471357","200471600","chr10","71599258","71599505","44","128872099"
"chr1","200552154","200552453","chr1","124250793","124251086","31","76301361"
"chr1","200553199","200553488","chrX","103192875","103193166","39","97360324"
"chr1","200554841","200555138","chr8","62689911","62690209","42","137864930"
"chr1","200592891","200593190","chr8","99548469","99548767","36","101044422"
"chr1","200602378","200602662","JH681881","15089","15373","46","200587289"
"chr1","200607521","200607811","chr9","79342653","79342946","40","121264868"
"chr1","200610656","200610848","chr8","50476021","50476227","48","150134635"
"chr1","200614231","200614555","chr7","77417664","77417971","58","123196567"
"chr1","200633691","200633993","chr6","124714488","124714790","39","75919203"
"chr1","200697886","200697984","chr12","69481032","69481136","21","131216854"
"chr1","200768126","200768434","chr4","3145119","3145426","40","197623007"
"chr1","200789757","200790100","chr7","150973528","150973837","74","49816229"
"chr1","200796802","200797053","chr15","22754123","22754386","52","178042679"
"chr1","200810549","200810852","chr2","77335609","77335918","34","123474940"
"chr1","200823991","200824301","chr1","31211442","31211745","51","169612549"
"chr1","200864901","200865200","chr12","48247451","48247755","43","152617450"
"chr1","200872956","200873242","chr12","69842458","69842741","36","131030498"
"chr1","200912073","200912373","chr10","78749019","78749318","35","122163054"
"chr1","200913716","200914019","chr13","1148032","1148331","34","199765684"
"chr1","200916287","200916582","chr6","120689604","120689900","38","80226683"
"chr1","200924560","200924869","chr2","38884008","38884302","48","162040552"
"chr1","200928810","200929110","chr6","55648515","55648825","54","145280295"
"chr1","200938980","200939287","chr11","50028965","50029264","42","150910015"
"chr1","200939857","200940160","chr15","40266859","40267164","50","160672998"
"chr1","200987685","200987978","chr11","50028965","50029264","54","150958720"
"chr1","200988631","200988745","chr1","185763091","185763209","15","15225540"
"chr1","201024182","201024378","chr7","74316519","74316716","37","126707663"
"chr1","201031873","201032114","chr6","96213647","96213894","46","104818226"
"chr1","201053549","201053832","chrX","27694686","27694979","55","173358863"
"chr1","201066748","201067030","chr11","59744208","59744500","51","141322540"
"chr1","201074384","201074673","chrX","44244134","44244430","34","156830250"
"chr1","201122218","201122495","chr8","14237621","14237892","59","186884597"
"chr1","201138687","201138986","chr10","13545220","13545515","32","187593467"
"chr1","201182508","201182803","chr2","92704027","92704304","59","108478481"
"chr1","201232575","201232739","chr2","147157565","147157723","27","54075010"
"chr1","201234491","201234784","chr3","127081090","127081386","39","74153401"
"chr1","201257555","201257870","chr17","8929510","8929818","47","192328045"
"chr1","201261358","201261592","chr1","129794005","129794244","42","71467353"
"chr1","201272842","201273139","chr2","38884008","38884302","47","162388834"
"chr1","201277635","201277902","chr1","29659225","29659507","50","171618410"
"chr1","201309661","201309972","chr11","10098018","10098319","42","191211643"
"chr1","201318198","201318509","chr6","151208740","151209049","39","50109458"
"chr1","201320930","201321249","chrX","38891205","38891511","47","162429725"
"chr1","201351082","201351395","chr13","41701899","41702210","34","159649183"
"chr1","201364240","201364536","chr3","154218014","154218311","40","47146226"
"chr1","201367682","201367986","chr13","88006009","88006300","52","113361673"
"chr1","201373930","201374227","chr12","98300764","98301051","45","103073166"
"chr1","201424203","201424492","chr15","78953274","78953566","38","122470929"
"chr1","201429610","201429900","chr13","23010864","23011159","43","178418746"
"chr1","201454543","201454828","chr3","103398952","103399243","34","98055591"
"chr1","201458504","201458801","chr18","48176114","48176407","39","153282390"
"chr1","201464066","201464334","chr7","49208770","49209048","55","152255296"
"chr1","201466860","201467152","chr16","1419036","1419322","39","200047824"
"chr1","201496947","201497195","chr19","6706878","6707125","54","194790069"
"chr1","201512842","201513132","chr2","46682521","46682821","40","154830321"
"chr1","201523705","201523778","chr11","121093855","121093929","18","80429850"
"chr1","201560811","201561102","chr10","7712234","7712527","37","193848577"
"chr1","201565386","201565688","chr19","27263175","27263483","61","174302211"
"chr1","201586165","201586455","chr17","30419104","30419393","40","171167061"
"chr1","201642520","201642680","chr9","121645840","121646004","27","79996680"
"chr1","201649350","201649438","chr9","105893980","105894066","19","95755370"
"chr1","201657939","201658244","chr1","130649516","130649818","52","71008423"
"chr1","201670054","201670352","chr15","34659657","34659956","41","167010397"
"chr1","201682019","201682323","chr2","106418670","106418975","39","95263349"
"chr1","201695466","201695761","chr4","10828530","10828827","42","190866936"
"chr1","201701177","201701469","chr9","111252492","111252784","36","90448685"
"chr1","201715053","201715353","chr1","152528606","152528911","44","49186447"
"chr1","201718920","201719192","chr7","49208770","49209048","44","152510150"
"chr1","201735112","201735414","chr10","16049988","16050292","41","185685124"
"chr1","201750419","201750663","chr7","24936105","24936346","31","176814314"
"chr1","201770220","201770511","chr20","52007726","52008019","41","149762494"
"chr1","201785060","201785350","chr3","13489445","13489734","40","188295615"
"chr1","201791581","201791847","chr11","7911759","7912023","60","193879822"
"chr1","201799997","201800284","chr3","12554564","12554854","36","189245433"
"chr1","201865997","201866255","chr1","190360719","190360980","39","11505278"
"chr1","201866274","201866548","chr6","83972994","83973272","54","117893280"
"chr1","201867396","201867693","chr12","82042102","82042404","39","119825294"
"chr1","201884820","201885103","chr4","131374689","131374976","43","70510131"
"chr1","201900600","201900887","chr9","24176785","24177084","49","177723815"
"chr1","201903546","201903845","chr13","107030178","107030478","32","94873368"
"chr1","201911436","201911713","chr10","15782774","15783047","51","186128662"
"chr1","201926100","201926394","chr16","21958952","21959252","39","179967148"
"chr1","201948920","201949209","chrX","16794626","16794922","53","185154294"
"chr1","201968601","201968877","chr1","188695917","188696206","53","13272684"
"chr1","201969681","201969985","chr17","12723410","12723708","48","189246271"
"chr1","201973584","201973876","chr7","52736490","52736780","33","149237094"
"chr1","201986419","201986763","chr8","5972615","5972954","91","196013804"
"chr1","201990142","201990445","chr11","30775706","30776004","48","171214436"
"chr1","201992102","201992350","chr20","27256128","27256377","32","174735974"
"chr1","201995861","201996161","chr3","125389091","125389392","48","76606770"
"chr1","202007893","202008204","chr5","158536001","158536306","48","43471892"
"chr1","202011131","202011414","chrX","62948145","62948432","52","139062986"
"chr1","202059350","202059648","chr13","25232626","25232918","39","176826724"
"chr1","202069157","202069443","chr1","155467303","155467597","47","46601854"
"chr1","202085996","202086317","chrX","38099288","38099585","58","163986708"
"chr1","202093317","202093617","chrX","50590903","50591201","49","151502414"
"chr1","202093849","202094153","chr2","96239962","96240258","47","105853887"
"chr1","202097834","202098135","chr1","640101","640406","37","201457733"
"chr1","202121038","202121274","chr10","71599258","71599505","54","130521780"
"chr1","202169611","202169914","chr6","126097182","126097474","50","76072429"
"chr1","202179055","202179348","chr3","33506835","33507132","42","168672220"
"chr1","202265112","202265387","chr16","67962059","67962333","44","134303053"
"chr1","202267629","202267919","chr9","93670741","93671037","43","108596888"
"chr1","202268842","202269147","chr3","34969388","34969689","40","167299454"
"chr1","202271500","202271781","chr9","84372000","84372280","37","117899500"
"chr1","202301529","202301807","chr9","20166452","20166727","60","182135077"
"chr1","202311471","202311776","chr1","93848776","93849079","41","108462695"
"chr1","202351739","202352033","chr6","151368944","151369238","37","50982795"
"chr1","202354755","202355044","chr10","76503642","76503939","41","125851113"
"chr1","202362603","202362879","chr13","90970128","90970408","40","111392475"
"chr1","202370899","202371137","chr6","166194239","166194474","29","36176660"
"chr1","202375293","202375600","chr14","19280071","19280383","36","183095222"
"chr1","202376099","202376394","chr6","151368944","151369238","37","51007155"
"chr1","202377935","202378226","chr11","88536600","88536893","41","113841335"
"chr1","202396693","202396981","chr3","36576733","36577023","46","165819960"
"chr1","202401715","202401846","chr7","148178713","148178841","21","54223002"
"chr1","202401972","202402275","chr3","173850390","173850685","37","28551582"
"chr1","202423732","202424037","chr5","2287064","2287368","37","200136668"
"chr1","202436871","202437159","chr2","184580196","184580486","37","17856675"
"chr1","202438502","202438776","chr15","26878649","26878926","55","175559853"
"chr1","202439587","202439894","chr10","16049988","16050292","40","186389599"
"chr1","202442705","202443008","chr10","16049988","16050292","39","186392717"
"chr1","202445660","202445957","chr10","60166516","60166809","36","142279144"
"chr1","202449607","202449913","chr10","16049988","16050292","42","186399619"
"chr1","202450225","202450534","chr10","67405046","67405353","37","135045179"
"chr1","202453162","202453367","chr16","62316742","62316946","27","140136420"
"chr1","202458199","202458497","chr3","160772561","160772858","39","41685638"
"chr1","202465311","202465599","chr1","94365322","94365615","40","108099989"
"chr1","202493682","202493971","chr9","92292916","92293201","37","110200766"
"chr1","202556033","202556330","chr13","73189729","73190025","40","129366304"
"chr1","202591270","202591569","chr2","46682521","46682821","36","155908749"
"chr1","202597276","202597575","chr6","102271212","102271509","39","100326064"
"chr1","202603869","202604158","chr11","59744208","59744500","36","142859661"
"chr1","202613635","202613909","chr1","218423009","218423286","39","15809374"
"chr1","202615009","202615231","chr8","76100671","76100906","60","126514338"
"chr1","202657561","202657852","chr9","7025626","7025918","36","195631935"
"chr1","202667870","202668196","chr6","114684547","114684859","55","87983323"
"chr1","202673641","202673922","chr5","148172410","148172693","39","54501231"
"chr1","202695774","202696009","chr7","72781286","72781517","39","129914488"
"chr1","202753737","202753825","chr16","39383102","39383185","21","163370635"
"chr1","202754144","202754355","chr3","175805682","175805890","31","26948462"
"chr1","202775639","202775935","chrX","43914906","43915203","45","158860733"
"chr1","202780633","202780929","chr1","946135","946434","36","201834498"
"chr1","202897344","202897617","chr19","32515288","32515561","36","170382056"
"chr1","202909158","202909459","chr1","208474725","208475026","37","5565567"
"chr1","202942343","202942557","chr13","7850027","7850241","29","195092316"
"chr1","202957002","202957251","chr20","46484406","46484655","38","156472596"
"chr1","202959099","202959397","chr17","63321064","63321363","38","139638035"
"chr1","202976479","202976774","chr7","48694397","48694696","39","154282082"
"chr1","203006650","203006766","chr14","17517895","17518010","15","185488755"
"chr1","203006901","203006934","chr3","20573385","20573421","18","182433516"
"chr1","203007226","203007400","chr5","90176284","90176456","35","112830942"
"chr1","203010845","203011155","chr1","164085258","164085565","45","38925587"
"chr1","203011953","203012223","chr2","135177745","135178021","40","67834208"
"chr1","203019324","203019619","chr8","25582102","25582396","40","177437222"
"chr1","203035955","203036082","chr1","12504451","12504585","35","190531504"
"chr1","203036877","203037132","chr1","79917904","79918177","63","123118973"
"chr1","203057360","203057656","chr1","128155382","128155688","36","74901978"
"chr1","203059875","203060168","chr5","175774127","175774427","49","27285748"
"chr1","203086651","203086926","chr3","160601395","160601671","41","42485256"
"chr1","203119582","203119883","chrX","13595567","13595865","36","189524015"
"chr1","203149838","203150132","chr11","59744208","59744500","31","143405630"
"chr1","203158077","203158375","chr3","35657443","35657739","31","167500634"
"chr1","203177647","203177967","chr14","91867358","91867668","52","111310289"
"chr1","203201370","203201658","chr2","172730375","172730668","40","30470995"
"chr1","203316164","203316456","chr6","116662162","116662454","36","86654002"
"chr1","203360374","203360663","chr14","111877236","111877529","36","91483138"
"chr1","203361999","203362302","chr6","127651492","127651786","50","75710507"
"chr1","203373642","203373918","chr12","85746049","85746325","47","117627593"
"chr1","203374596","203374903","chr1","124998618","124998915","40","78375978"
"chr1","203375301","203375597","chr1","94365322","94365615","35","109009979"
"chr1","203381749","203382031","chr3","48298408","48298697","35","155083341"
"chr1","203387081","203387370","chr17","50740419","50740714","40","152646662"
"chr1","203402772","203403075","chr18","26757177","26757480","41","176645595"
"chr1","203612803","203613108","chr12","82042102","82042404","40","121570701"
"chr1","203631214","203631509","chr6","101710262","101710562","46","101920952"
"chr1","203673605","203673897","chr9","57023538","57023829","33","146650067"
"chr1","203688637","203688924","chr3","176812287","176812578","38","26876350"
"chr1","203787523","203787815","chr1","124250793","124251086","38","79536730"
"chr1","203792845","203793108","chr6","161525268","161525536","36","42267577"
"chr1","203841381","203841675","chr16","73103748","73104042","34","130737633"
"chr1","203962191","203962490","chrX","45487697","45487995","46","158474494"
"chr1","203963910","203964211","chr15","7561500","7561795","37","196402410"
"chr1","203967837","203968151","chr9","59360623","59360932","47","144607214"
"chr1","203992767","203993064","chr10","90361835","90362131","43","113630932"
"chr1","204024471","204024764","chr19","3064712","3065012","43","200959759"
"chr1","204025520","204025817","chr1","124250793","124251086","40","79774727"
"chr1","204074664","204074976","chr1","18852431","18852735","41","185222233"
"chr1","204079615","204079858","chr8","25856240","25856492","59","178223375"
"chr1","204147119","204147403","chr9","54851874","54852161","44","149295245"
"chr1","204147524","204147830","chr11","99374955","99375250","51","104772569"
"chr1","204160000","204160302","chr1","79952767","79953067","44","124207233"
"chr1","204179343","204179590","chr7","46748896","46749151","54","157430447"
"chr1","204184178","204184472","chr12","36302076","36302372","49","167882102"
"chr1","204213937","204214223","chr8","39746050","39746340","50","164467887"
"chr1","204301907","204302209","chr1","216020767","216021074","41","11718860"
"chr1","204368660","204368967","chr16","37318759","37319066","41","167049901"
"chr1","204399860","204400149","chr12","93339213","93339508","44","111060647"
"chr1","204439737","204440027","chr14","97790541","97790831","43","106649196"
"chr1","204440575","204440861","chr13","101222358","101222641","42","103218217"
"chr1","204453609","204453726","chr20","51495213","51495332","16","152958396"
"chr1","204506328","204506618","chr10","59447078","59447368","47","145059250"
"chr1","204516254","204516547","chr1","11366377","11366670","32","193149877"
"chr1","204517044","204517355","chr10","47089595","47089902","41","157427449"
"chr1","204574370","204574672","chr1","29380917","29381213","38","175193453"
"chr1","204629290","204629584","chr14","107177928","107178228","40","97451362"
"chr1","204629853","204630146","chr10","85228704","85229000","33","119401149"
"chr1","204699669","204699963","chr2","184580196","184580486","34","20119473"
"chr1","204704698","204705007","chr10","36220081","36220385","52","168484617"
"chr1","204725289","204725559","chr7","63563901","63564180","49","141161388"
"chr1","204726732","204726883","chr7","91068326","91068467","25","113658406"
"chr1","204733625","204733933","chr1","57048138","57048448","38","147685487"
"chr1","204736166","204736466","chr2","160294100","160294401","38","44442066"
"chr1","204741639","204741937","chr16","21639667","21639964","40","183101972"
"chr1","204754992","204755290","chr4","151017274","151017572","41","53737718"
"chr1","204775640","204775938","chr1","67368758","67369056","41","137406882"
"chr1","204779312","204779602","chr1","89629950","89630242","43","115149362"
"chr1","204853443","204853748","chr13","72996114","72996414","43","131857329"
"chr1","204881785","204882085","chrX","38099288","38099585","47","166782497"
"chr1","204894494","204894827","chr14","98680391","98680724","59","106214103"
"chr1","204910025","204910326","chrX","38891205","38891511","36","166018820"
"chr1","204936227","204936526","chr2","46682521","46682821","31","158253706"
"chr1","204958732","204958873","chr10","13190514","13190657","28","191768218"
"chr1","204958915","204959069","chr6","52111046","52111199","24","152847869"
"chr1","204963443","204963751","chr11","64440364","64440673","39","140523079"
"chr1","204994227","204994367","chr8","76522039","76522178","29","128472188"
"chr1","205053596","205053886","chr18","72136405","72136701","52","132917191"
"chr1","205058652","205058941","chr15","26878649","26878926","70","178180003"
"chr1","205073149","205073430","chr2","144684434","144684724","51","60388715"
"chr1","205088461","205088756","chr9","7025626","7025918","28","198062835"
"chr1","205103863","205104128","chr14","63190209","63190482","47","141913654"
"chr1","205113927","205114224","chr7","133065043","133065330","43","72048884"
"chr1","205135165","205135465","chr11","59744208","59744500","37","145390957"
"chr1","205136662","205136810","chr4","103459648","103459795","19","101677014"
"chr1","205163918","205164167","chr8","59606460","59606716","45","145557458"
"chr1","205164310","205164613","chr2","46682521","46682821","35","158481789"
"chr1","205210051","205210339","chr9","13974025","13974315","50","191236026"
"chr1","205252836","205253132","chr14","58432227","58432524","44","146820609"
"chr1","205268192","205268502","chr5","173702377","173702681","39","31565815"
"chr1","205282206","205282501","chr2","44047045","44047343","45","161235161"
"chr1","205316367","205316666","chr17","30337456","30337753","40","174978911"
"chr1","205356367","205356659","chr1","26306894","26307191","39","179049473"
"chr1","205376165","205376454","chr3","45626371","45626668","42","159749794"
"chr1","205487025","205487323","chr11","10098018","10098319","34","195389007"
"chr1","205557309","205557603","chr1","124250793","124251086","30","81306516"
"chr1","205737794","205737855","chr9","55817630","55817690","11","149920164"
"chr1","205746871","205747169","chr7","131136176","131136477","40","74610695"
"chr1","205758815","205758940","chr1","141345002","141345130","19","64413813"
"chr1","205759764","205759872","chr6","28047592","28047698","36","177712172"
"chr1","205759874","205760194","chr4","74822710","74823017","72","130937164"
"chr1","205786739","205787014","chr6","148651777","148652051","52","57134962"
"chr1","205823605","205823689","chr13","103188987","103189073","10","102634618"
"chr1","205872474","205872686","chr6","124894062","124894274","42","80978412"
"chr1","205880398","205880694","chr1","20012770","20013073","45","185867628"
"chr1","205888251","205888599","chr4","42369061","42369439","94","163519190"
"chr1","205937444","205937716","chr3","8504505","8504775","38","197432939"
"chr1","205947755","205948095","chr4","7574720","7575049","78","198373035"
"chr1","205949372","205949652","chr2","183911446","183911726","39","22037926"
"chr1","205953738","205954035","chrX","20992308","20992606","40","184961430"
"chr1","205993727","205994024","chr11","47924958","47925256","35","158068769"
"chr1","206028344","206028636","chr1","43274657","43274942","48","162753687"
"chr1","206032834","206033121","chr12","69842458","69842741","38","136190376"
"chr1","206055708","206056012","chrX","93343069","93343376","51","112712639"
"chr1","206120074","206120368","chr9","7025626","7025918","32","199094448"
"chr1","206136253","206136382","chr20","29144161","29144286","39","176992092"
"chr1","206137171","206137426","chr3","78656895","78657155","58","127480276"
"chr1","206170593","206170904","chr3","12603123","12603437","36","193567470"
"chr1","206180400","206180699","chr20","51745649","51745944","34","154434751"
"chr1","206190975","206191287","chr3","107527276","107527579","45","98663699"
"chr1","206251557","206251851","chr1","212841578","212841874","37","6590021"
"chr1","206266120","206266404","chr4","110946344","110946633","42","95319776"
"chr1","206275037","206275282","chr7","121329046","121329267","45","84945991"
"chr1","206302414","206302629","chrX","38858528","38858745","38","167443886"
"chr1","206303907","206304122","chrX","38858528","38858745","38","167445379"
"chr1","206398709","206399018","chr15","96588502","96588809","39","109810207"
"chr1","206420946","206421233","chr1","206447940","206448229","31","26994"
"chr1","206445621","206445908","chr16","65663872","65664161","36","140781749"
"chr1","206485409","206485715","chr3","1677279","1677576","50","204808130"
"chr1","206490463","206490756","chr10","78749019","78749318","32","127741444"
"chr1","206499211","206499487","chr6","14028513","14028796","54","192470698"
"chr1","206522952","206523241","chr4","113149897","113150194","37","93373055"
"chr1","206524303","206524593","chr11","4016647","4016949","40","202507656"
"chr1","206559064","206559360","chr1","134870452","134870755","37","71688612"
"chr1","206570358","206570662","chr17","8929510","8929818","43","197640848"
"chr1","206912639","206912941","chr13","32817425","32817728","30","174095214"
"chr1","206978619","206978923","chr3","34969388","34969689","37","172009231"
"chr1","206994931","206995226","chr9","7025626","7025918","37","199969305"
"chr1","207043742","207044039","chr5","34428917","34429213","32","172614825"
"chr1","207064728","207064844","chr9","92278833","92278944","17","114785895"
"chr1","207107786","207107922","chr9","12890266","12890398","28","194217520"
"chr1","207108157","207108337","chr15","38116945","38117123","38","168991212"
"chr1","207128910","207129206","chr11","59744208","59744500","29","147384702"
"chr1","207269258","207269554","chr3","45626371","45626668","35","161642887"
"chr1","207482688","207482937","chr20","22961615","22961863","44","184521073"
"chr1","207490564","207490862","chr19","15097509","15097804","42","192393055"
"chr1","207544338","207544637","chr10","29491028","29491323","35","178053310"
"chr1","207585358","207585660","chr1","203640822","203641120","41","3944536"
"chr1","207678415","207678701","chr10","53067595","53067886","42","154610820"
"chr1","207704153","207704491","chr1","29834502","29834826","76","177869651"
"chr1","207894161","207894467","chr1","123829563","123829868","42","84064598"
"chr1","207896624","207896929","chr7","4215307","4215613","33","203681317"
"chr1","208065739","208065958","chr1","200625581","200625798","32","7440158"
"chr1","208170827","208171120","chr7","129456939","129457235","47","78713888"
"chr1","208201571","208201871","chr16","42084268","42084564","40","166117303"
"chr1","208218900","208219157","chr1","184262929","184263173","62","23955971"
"chr1","208223692","208223987","chr19","12472544","12472839","50","195751148"
"chr1","208309415","208309701","chr5","162457131","162457413","46","45852284"
"chr1","208350630","208350894","chr14","28482811","28483074","36","179867819"
"chr1","208501272","208501569","chr11","59744208","59744500","27","148757064"
"chr1","208511021","208511326","chr16","49861297","49861598","38","158649724"
"chr1","208518185","208518489","chr1","124050585","124050888","38","84467600"
"chr1","208519055","208519344","chrX","118502219","118502511","51","90016836"
"chr1","208534844","208535142","chr3","45626371","45626668","34","162908473"
"chr1","208549832","208550138","chr13","42161985","42162288","47","166387847"
"chr1","208617572","208617866","chr4","125838247","125838531","45","82779325"
"chr1","208692550","208692843","chr5","135892746","135893042","48","72799804"
"chr1","208717744","208718059","chr7","121774853","121775163","42","86942891"
"chr1","208886938","208887233","chr1","19736141","19736436","39","189150797"
"chr1","209018976","209019197","chr2","94938699","94938913","31","114080277"
"chr1","209078726","209079036","chr1","7993999","7994304","36","201084727"
"chr1","209277450","209277654","chr13","53254844","53255047","44","156022606"
"chr1","209295843","209296149","chr1","128155382","128155688","39","81140461"
"chr1","209386159","209386452","chr9","7025626","7025918","30","202360533"
"chr1","209396681","209396940","chr2","25492368","25492634","38","183904313"
"chr1","209438802","209439109","chr13","23501079","23501388","33","185937723"
"chr1","209539585","209539876","chr15","78953274","78953566","33","130586311"
"chr1","209566383","209566684","chr10","16049988","16050292","44","193516395"
"chr1","209621878","209622186","chr8","58207614","58207919","36","151414264"
"chr1","209625490","209625796","chr13","61259817","61260123","30","148365673"
"chr1","209684386","209684543","chr12","30345443","30345597","26","179338943"
"chr1","209890368","209890611","chr16","40076793","40077035","56","169813575"
"chr1","209902415","209902720","chr4","112317198","112317500","40","97585217"
"chr1","209904821","209905121","chrX","15713155","15713456","37","194191666"
"chr1","209907077","209907265","chr1","44789285","44789450","55","165117792"
"chr1","209928293","209928608","chr9","50566898","50567202","53","159361395"
"chr1","209946374","209946670","chrX","13595567","13595865","30","196350807"
"chr1","210022600","210022891","chr4","36454653","36454949","40","173567947"
"chr1","210058609","210058920","chr18","51183412","51183721","43","158875197"
"chr1","210070276","210070417","chr13","76660236","76660375","19","133410040"
"chr1","210101071","210101380","chr2","187111797","187112101","37","22989274"
"chr1","210114630","210114906","chr18","16405974","16406267","46","193708656"
"chr1","210186254","210186542","chr11","123468792","123469074","38","86717462"
"chr1","210212316","210212619","chr18","40962798","40963098","33","169249518"
"chr1","210213636","210213931","chr16","48199490","48199791","39","162014146"
"chr1","210231687","210231984","chr13","107030178","107030478","39","103201509"
"chr1","210245038","210245338","chr19","3064712","3065012","33","207180326"
"chr1","210288671","210288970","chr19","15605786","15606081","39","194682885"
"chr1","210300975","210301236","chr8","13018464","13018728","45","197282511"
"chr1","210305689","210305971","chr19","34760236","34760523","48","175545453"
"chr1","210306348","210306658","chr1","184245531","184245842","37","26060817"
"chr1","210344731","210345015","chr3","46066285","46066580","51","164278446"
"chr1","210362696","210362902","chr2","115384221","115384444","62","94978475"
"chr1","210363083","210363369","chr8","125553163","125553457","51","84809920"
"chr1","210365116","210365426","chr1","194910525","194910833","45","15454591"
"chr1","210366866","210367162","chr5","162478601","162478895","60","47888265"
"chr1","210381482","210381774","chr7","116917341","116917634","54","93464141"
"chr2","122683224","122683505","chr7","132975622","132975901","40","10292398"
"chr2","7995363","7995564","chr16","62316742","62316946","25","54321379"
"chr2","9043759","9044031","chr2","45035995","45036280","55","35992236"
"chr2","19660750","19661018","chr7","80887200","80887469","45","61226450"
"chr2","21233436","21233754","chr2","184514373","184514697","41","163280937"
"chr2","43515741","43516031","chr1","42476755","42477044","39","1038986"
"chr2","64356134","64356431","chr13","41423024","41423323","42","22933110"
"chr2","94895952","94896243","JH682036","358126","358421","33","94537826"
"chr2","133037881","133038169","chr9","7025626","7025918","40","126012255"
"chr2","165150655","165150928","chr7","15886314","15886600","44","149264341"
"chr2","181534584","181534762","chrX","38423800","38423980","31","143110784"
"chr2","27064","27365","chr16","11126268","11126568","52","11099204"
"chr2","78938","79274","chr12","64465706","64466036","72","64386768"
"chr2","116921","117200","chrX","139100323","139100604","38","138983402"
"chr2","134543","134830","chr16","18796729","18797022","43","18662186"
"chr2","136553","136858","chr13","32817425","32817728","35","32680872"
"chr2","142120","142417","chr2","92827254","92827547","45","92685134"
"chr2","153189","153400","chr13","7850027","7850241","41","7696838"
"chr2","155419","155580","chr13","93249064","93249232","27","93093645"
"chr2","192080","192354","chr18","16367811","16368110","48","16175731"
"chr2","291511","291817","chr6","31393353","31393656","61","31101842"
"chr2","311264","311556","chr9","120739868","120740161","42","120428604"
"chr2","314363","314671","chr12","63712638","63712948","34","63398275"
"chr2","336830","337114","chr1","11366377","11366670","51","11029547"
"chr2","368600","368902","chr1","94576857","94577167","42","94208257"
"chr2","371165","371466","chr15","34521387","34521693","47","34150222"
"chr2","391536","391833","chr7","24990763","24991066","53","24599227"
"chr2","394200","394465","chr2","25492368","25492634","44","25098168"
"chr2","398072","398154","chr1","123108875","123108951","24","122710803"
"chr2","402595","402893","chr16","49586323","49586622","41","49183728"
"chr2","410215","410511","chr5","45792708","45793002","36","45382493"
"chr2","424420","424725","chr11","117310381","117310682","42","116885961"
"chr2","426077","426347","chr3","107793267","107793541","57","107367190"
"chr2","445273","445572","chr4","52405012","52405307","49","51959739"
"chr2","456742","457045","chr1","20012770","20013073","38","19556028"
"chr2","608429","608703","chrX","21156489","21156772","50","20548060"
"chr2","614073","614326","chr16","28205620","28205871","56","27591547"
"chr2","662711","663004","chr10","4308994","4309288","45","3646283"
"chr2","671600","671866","chr15","102602762","102603024","41","101931162"
"chr2","685425","685679","chr13","73344445","73344710","39","72659020"
"chr2","689594","689703","chr9","92278833","92278944","23","91589239"
"chr2","725571","725832","chr1","7289153","7289418","44","6563582"
"chr2","727785","728081","chr7","48694397","48694696","46","47966612"
"chr2","729474","729755","chr19","645039","645323","26","84435"
"chr2","801408","801709","chr1","123956046","123956346","47","123154638"
"chr2","820482","820551","chr4","136676224","136676294","11","135855742"
"chr2","825608","825716","chr9","92278833","92278944","23","91453225"
"chr2","866713","866827","chr18","2815099","2815224","23","1948386"
"chr2","876764","877055","chr4","20045092","20045381","51","19168328"
"chr2","967392","967687","chr6","43129343","43129636","40","42161951"
"chr2","1044156","1044440","chr9","55644411","55644695","43","54600255"
"chr2","1049830","1050123","chr11","59744208","59744500","26","58694378"
"chr2","1097144","1097448","chr6","55606851","55607147","51","54509707"
"chr2","1107871","1108181","chr10","90780511","90780814","43","89672640"
"chr2","1123759","1124047","chr19","645039","645323","37","478720"
"chr2","1130542","1130829","chr16","18796729","18797022","40","17666187"
"chr2","1156037","1156328","chr1","91720982","91721273","43","90564945"
"chr2","1156647","1156920","chr13","32835113","32835389","49","31678466"
"chr2","1157834","1158115","chr11","6255366","6255644","44","5097532"
"chr2","1181318","1181611","chr8","25582102","25582396","33","24400784"
"chr2","1181777","1182086","chr12","63712638","63712948","40","62530861"
"chr2","1188966","1189245","chr2","155636216","155636491","38","154447250"
"chr2","1208968","1209266","chr15","76768406","76768703","42","75559438"
"chr2","1217728","1217996","chr3","52295797","52296068","44","51078069"
"chr2","1229750","1230040","chr10","62315260","62315548","38","61085510"
"chr2","1233510","1233630","chr4","12846401","12846518","19","11612891"
"chr2","1250149","1250445","chr1","124250793","124251086","40","123000644"
"chr2","1258615","1258855","chr12","63756955","63757195","43","62498340"
"chr2","1258860","1259147","chr7","72707693","72707981","47","71448833"
"chr2","1271058","1271351","chr2","46682521","46682821","38","45411463"
"chr2","1305310","1305607","chr6","161584396","161584699","45","160279086"
"chr2","1326610","1326684","chr16","24443487","24443559","11","23116877"
"chr2","1354388","1354459","chr1","123108875","123108951","15","121754487"
"chr2","1357851","1358118","chr9","101875274","101875543","44","100517423"
"chr2","1369837","1369957","chr10","81857320","81857445","30","80487483"
"chr2","1371894","1372110","chr13","71017466","71017686","35","69645572"
"chr2","1378234","1378319","chr15","107132509","107132591","19","105754275"
"chr2","1379011","1379244","chr10","76202595","76202819","50","74823584"
"chr2","1379964","1380271","chr4","33663349","33663650","47","32283385"
"chr2","1448601","1448900","chr4","10828530","10828827","37","9379929"
"chr2","1450132","1450297","chr13","93249064","93249232","21","91798932"
"chr2","1450555","1450682","chr8","51403248","51403379","21","49952693"
"chr2","1461886","1462080","chr1","91637131","91637317","60","90175245"
"chr2","1478795","1479091","chr1","42476755","42477044","51","40997960"
"chr2","1509986","1510287","chr7","18360081","18360379","56","16850095"
"chr2","1516458","1516722","chr2","25492368","25492634","52","23975910"
"chr2","1524494","1524787","chr6","142572268","142572563","36","141047774"
"chr2","1567314","1567610","chr3","160772561","160772858","46","159205247"
"chr2","1588350","1588421","chr19","702700","702766","13","885650"
"chr2","1608610","1608917","chr7","54988790","54989094","47","53380180"
"chr2","1642604","1642897","chr2","101123324","101123620","46","99480720"
"chr2","1653746","1654041","chr1","163944623","163944919","56","162290877"
"chr2","1656880","1657167","chr3","35661567","35661859","45","34004687"
"chr2","1661776","1662059","chr10","76781839","76782121","44","75120063"
"chr2","1679450","1679738","chr16","45339014","45339298","46","43659564"
"chr2","1682060","1682357","chr9","30414536","30414834","52","28732476"
"chr2","1712435","1712741","chr3","17627009","17627312","52","15914574"
"chr2","1759683","1759985","chr14","5197108","5197407","39","3437425"
"chr2","1791478","1791577","chrX","91207046","91207144","14","89415568"
"chr2","1803512","1803809","chr1","28012705","28013004","33","26209193"
"chr2","1880083","1880388","chr19","4404930","4405233","41","2524847"
"chr2","1898099","1898409","chr1","34059946","34060256","40","32161847"
"chr2","1933435","1933719","chr7","14245992","14246287","51","12312557"
"chr2","1937766","1938055","chr10","62613928","62614216","37","60676162"
"chr2","2079874","2080182","chr20","51687068","51687378","42","49607194"
"chr2","2089587","2089921","chr2","56888161","56888490","52","54798574"
"chr2","2112899","2113158","chr3","42381510","42381765","52","40268611"
"chr2","2120490","2120792","chr10","82945265","82945562","44","80824775"
"chr2","2151312","2151621","chr20","8175048","8175355","50","6023736"
"chr2","2153364","2153668","chr18","26757177","26757480","45","24603813"
"chr2","2154164","2154444","chr18","53358548","53358837","50","51204384"
"chr2","2164061","2164354","chr14","30842186","30842487","35","28678125"
"chr2","2230741","2231023","chr1","13996654","13996934","45","11765913"
"chr2","2235499","2235768","chrX","115646933","115647204","36","113411434"
"chr2","2239680","2239979","chr3","160772561","160772858","38","158532881"
"chr2","2341191","2341509","chr10","16049988","16050292","52","13708797"
"chr2","2348568","2348874","chr2","39748782","39749084","44","37400214"
"chr2","2440020","2440312","chr15","1988979","1989274","42","451041"
"chr2","2494865","2495117","chr16","44892798","44893041","24","42397933"
"chr2","2560714","2561005","chr1","42476755","42477044","41","39916041"
"chr2","2586557","2586826","chr13","24987399","24987671","49","22400842"
"chr2","2590211","2590510","chr3","50642081","50642380","52","48051870"
"chr2","2605127","2605418","chr4","79518406","79518698","37","76913279"
"chr2","2690767","2691062","chr10","53067595","53067886","46","50376828"
"chr2","2806236","2806482","chr9","61384587","61384831","42","58578351"
"chr2","2841719","2841960","chr4","222149","222385","38","2619570"
"chr2","2861237","2861398","chr3","84702351","84702506","24","81841114"
"chr2","2881348","2881652","chrX","62951501","62951804","38","60070153"
"chr2","2882009","2882312","chr19","16726970","16727232","66","13844961"
"chr2","3004701","3004997","chr6","56451711","56452003","37","53447010"
"chr2","3008126","3008412","chr9","57318157","57318448","45","54310031"
"chr2","3017139","3017439","chrX","90854802","90855099","35","87837663"
"chr2","3027642","3027948","chr17","71950343","71950641","41","68922701"
"chr2","3074842","3075141","chr15","7561500","7561795","44","4486658"
"chr2","3075444","3075744","chr8","124808349","124808648","44","121732905"
"chr2","3154803","3155089","chr6","89880871","89881161","51","86726068"
"chr2","3164689","3164984","chr20","51188693","51188983","33","48024004"
"chr2","3179934","3180228","chr18","12269702","12269996","34","9089768"
"chr2","3237896","3238188","chr11","88536600","88536893","40","85298704"
"chr2","3239623","3239917","chr2","145218234","145218529","36","141978611"
"chr2","3242998","3243258","chr1","115404557","115404821","43","112161559"
"chr2","3265314","3265582","chr9","84610245","84610514","36","81344931"
"chr2","3328531","3328843","chr11","106817201","106817506","51","103488670"
"chr2","3374083","3374351","chr5","45465824","45466092","53","42091741"
"chr2","3415214","3415519","chr7","73560013","73560323","43","70144799"
"chr2","3488853","3489145","chr15","90210594","90210890","34","86721741"
"chr2","3501142","3501440","chr10","62787053","62787351","38","59285911"
"chr2","3503829","3504116","chr20","17770859","17771148","40","14267030"
"chr2","3512155","3512448","chr12","33900333","33900627","41","30388178"
"chr2","3518245","3518542","chr16","48199490","48199791","43","44681245"
"chr2","3572288","3572574","chr1","42476755","42477044","37","38904467"
"chr2","3586284","3586578","chr1","42476755","42477044","48","38890471"
"chr2","3719758","3720050","chr10","72400856","72401155","42","68681098"
"chr2","3730092","3730394","chr11","25987448","25987755","55","22257356"
"chr2","3745200","3745498","chr2","42614689","42614986","36","38869489"
"chr2","3782006","3782311","chr14","5934954","5935260","44","2152948"
"chr2","3818695","3818965","chr3","151380668","151380942","43","147561973"
"chr2","3859089","3859399","chr6","128110448","128110754","37","124251359"
"chr2","3865459","3865719","chrX","37763597","37763857","41","33898138"
"chr2","3953724","3954003","chr16","39713988","39714268","39","35760264"
"chr2","4179094","4179350","chr5","133797177","133797424","59","129618083"
"chr2","4214582","4214887","chrX","96115610","96115910","44","91901028"
"chr2","4274548","4274836","chr19","47662689","47662983","38","43388141"
"chr2","4289654","4289923","chr10","62315260","62315548","55","58025606"
"chr2","4306587","4306879","chr1","94365322","94365615","33","90058735"
"chr2","4365927","4366213","chr10","19863380","19863662","50","15497453"
"chr2","4424498","4424786","chrX","65039128","65039420","43","60614630"
"chr2","4457820","4458114","chr7","133065043","133065330","39","128607223"
"chr2","4483939","4484241","chr14","101415607","101415906","48","96931668"
"chr2","4530290","4530584","chr10","38460992","38461286","33","33930702"
"chr2","4626311","4626606","chr14","53927134","53927436","44","49300823"
"chr2","4661643","4661946","chr7","47464300","47464599","34","42802657"
"chr2","4667679","4667971","chr8","25582102","25582396","32","20914423"
"chr2","4716540","4716853","chr11","119329543","119329850","45","114613003"
"chr2","4842268","4842568","chr14","85050410","85050708","34","80208142"
"chr2","4903914","4904223","chr2","56649143","56649449","39","51745229"
"chr2","4937094","4937401","chr9","3805446","3805756","37","1131648"
"chr2","4952980","4953269","chr3","10482926","10483222","45","5529946"
"chr2","4961356","4961655","chr14","5934954","5935260","36","973598"
"chr2","4968018","4968318","chr19","11193722","11194017","39","6225704"
"chr2","4968744","4969040","chr11","15024013","15024304","47","10055269"
"chr2","4973907","4974206","chr10","78749019","78749318","33","73775112"
"chr2","4979405","4979721","chrX","43179195","43179504","49","38199790"
"chr2","4983297","4983595","chr6","124714488","124714790","44","119731191"
"chr2","5051804","5052094","chr9","14690494","14690788","44","9638690"
"chr2","5058629","5058883","chr11","46291436","46291687","40","41232807"
"chr2","5083650","5083964","chr14","10791324","10791635","45","5707674"
"chr2","5115169","5115292","chr4","12846401","12846518","17","7731232"
"chr2","5124370","5124682","chr3","12603123","12603437","49","7478753"
"chr2","5127876","5128165","chr14","111869477","111869767","45","106741601"
"chr2","5140599","5140817","chr1","24229017","24229233","32","19088418"
"chr2","5141577","5141869","chr1","42476755","42477044","37","37335178"
"chr2","5213308","5213598","chr12","98300764","98301051","39","93087456"
"chr2","5228097","5228393","chr2","39329636","39329937","49","34101539"
"chr2","5234401","5234703","chr10","61375285","61375586","41","56140884"
"chr2","5294138","5294435","chr11","6947237","6947530","48","1653099"
"chr2","5298028","5298318","chr7","133065043","133065330","34","127767015"
"chr2","5349535","5349844","chr7","132955210","132955520","46","127605675"
"chr2","5467024","5467287","chr2","49059917","49060182","47","43592893"
"chr2","5495304","5495600","chr16","59613585","59613882","30","54118281"
"chr2","5505797","5506097","chrX","21226601","21226902","44","15720804"
"chr2","5524288","5524585","chr2","96239962","96240258","33","90715674"
"chr2","5577455","5577765","chr14","105012720","105013012","56","99435265"
"chr2","5601272","5601584","chr1","94548945","94549247","39","88947673"
"chr2","5608522","5608795","chrX","45555463","45555741","40","39946941"
"chr2","5616571","5616864","chr4","29662805","29663098","28","24046234"
"chr2","5658140","5658431","chr1","43483243","43483537","43","37825103"
"chr2","5665540","5665852","chr18","12432850","12433158","32","6767310"
"chr2","5667290","5667598","chr1","71641163","71641469","49","65973873"
"chr2","5671360","5671646","chr3","13489445","13489734","42","7818085"
"chr2","5697778","5698067","chr4","110946344","110946633","49","105248566"
"chr2","5727067","5727365","chr19","1561153","1561452","46","4165914"
"chr2","5749840","5750138","chr3","83261345","83261638","37","77511505"
"chr2","5766070","5766382","chr6","30988089","30988401","38","25222019"
"chr2","5829652","5829961","chr3","41737602","41737912","46","35907950"
"chr2","5872943","5873234","chr11","59744208","59744500","33","53871265"
"chr2","5898439","5898706","chr13","46799466","46799747","46","40901027"
"chr2","5947366","5947670","chr7","37449373","37449676","41","31502007"
"chr2","5949259","5949560","chr1","48444023","48444319","44","42494764"
"chr2","5984980","5985282","chr4","30081251","30081550","49","24096271"
"chr2","5986937","5987233","chr11","59744208","59744500","31","53757271"
"chr2","5987236","5987413","chr5","139578027","139578202","17","133590791"
"chr2","6029727","6030007","chr15","26878649","26878926","48","20848922"
"chr2","6035050","6035336","chr4","131374689","131374976","38","125339639"
"chr2","6056903","6057143","chr12","63756955","63757195","37","57700052"
"chr2","6077700","6077992","chr2","39160986","39161280","38","33083286"
"chr2","6089411","6089713","chr7","79799916","79800225","45","73710505"
"chr2","6125811","6126118","chr13","85064881","85065192","41","78939070"
"chr2","6139780","6140090","chr5","46323000","46323312","38","40183220"
"chr2","6176752","6177052","chr4","69347489","69347789","41","63170737"
"chr2","6238702","6239012","chr10","62936704","62937010","32","56698002"
"chr2","6301291","6301597","chr3","124597695","124597995","36","118296404"
"chr2","6311144","6311431","chr14","98318663","98318962","45","92007519"
"chr2","6312883","6313180","chr10","78749019","78749318","36","72436136"
"chr2","6343548","6343863","chr10","4308994","4309288","53","2034554"
"chr2","6373579","6373741","chr9","123373781","123373949","28","117000202"
"chr2","6422194","6422451","chr19","13733028","13733284","39","7310834"
"chr2","6473403","6473473","chr1","196904697","196904756","22","190431294"
"chr2","6474432","6474719","chr1","140831987","140832278","41","134357555"
"chr2","6511338","6511613","JH681881","15089","15373","41","6496249"
"chr2","6534597","6534892","chr2","84844754","84845049","43","78310157"
"chr2","6540016","6540258","chr11","67174681","67174919","57","60634665"
"chr2","6542164","6542446","chr2","5000035","5000319","52","1542129"
"chr2","6566694","6566904","chr1","9513726","9513939","33","2947032"
"chr2","6627857","6628151","chr13","32817425","32817728","35","26189568"
"chr2","6662957","6663085","chr12","32861427","32861552","19","26198470"
"chr2","6691878","6692172","chr15","95926887","95927178","36","89235009"
"chr2","6744776","6745017","chr7","24936105","24936346","26","18191329"
"chr2","6760013","6760322","chr1","219225924","219226223","37","212465911"
"chr2","6834196","6834522","chr11","43621337","43621656","55","36787141"
"chr2","6840965","6841229","chr1","158826614","158826889","43","151985649"
"chr2","6845927","6846239","chr11","36769212","36769521","43","29923285"
"chr2","6867742","6868041","chr1","185903042","185903338","36","179035300"
"chr2","6891132","6891441","chr1","147230260","147230554","50","140339128"
"chr2","6896904","6897197","chr14","119229630","119229918","45","112332726"
"chr2","6936991","6937304","chr1","152859352","152859656","51","145922361"
"chr2","6981310","6981472","chr6","168710657","168710821","27","161729347"
"chr2","6996170","6996464","chr6","142572268","142572563","39","135576098"
"chr2","7017561","7017861","chr10","66373059","66373360","42","59355498"
"chr2","7022165","7022465","chrX","108464159","108464440","68","101441994"
"chr2","7051417","7051718","chr1","144920099","144920401","40","137868682"
"chr2","7051733","7051908","chr5","90176284","90176456","34","83124551"
"chr2","7056414","7056715","chr16","51038207","51038499","52","43981793"
"chr2","7092781","7093100","chr14","53927134","53927436","57","46834353"
"chr2","7134249","7134539","chr10","27535216","27535511","43","20400967"
"chr2","7143471","7143763","chr11","75342336","75342628","36","68198865"
"chr2","7183302","7183600","chr3","46211245","46211543","41","39027943"
"chr2","7191581","7191911","chr14","34141827","34142140","60","26950246"
"chr2","7214076","7214362","chr9","37613139","37613425","36","30399063"
"chr2","7233604","7233912","chr7","106426121","106426421","37","99192517"
"chr2","7233963","7234252","chrX","128898114","128898399","31","121664151"
"chr2","7240935","7241232","chr1","19736141","19736436","32","12495206"
"chr2","7247420","7247679","chr1","190360719","190360980","49","183113299"
"chr2","7262135","7262357","chr1","98017364","98017581","45","90755229"
"chr2","7262443","7262529","chr9","89486251","89486341","16","82223808"
"chr2","7265566","7265851","chr11","120626708","120626998","36","113361142"
"chr2","7302897","7303156","chr2","34315373","34315630","40","27012476"
"chr2","7314416","7314727","chr4","108238480","108238782","57","100924064"
"chr2","7314728","7314855","chr10","81857320","81857445","24","74542592"
"chr2","7352983","7353268","chr4","154113781","154114067","43","146760798"
"chr2","7364616","7364918","chr6","69912624","69912926","47","62548008"
"chr2","7387728","7388040","chr6","157477970","157478279","42","150090242"
"chr2","7393084","7393369","chr12","67948525","67948805","44","60555441"
"chr2","7402248","7402555","chr3","45524219","45524528","37","38121971"
"chr2","7410684","7410977","chr9","38653534","38653831","41","31242850"
"chr2","7413495","7413785","chr11","106964325","106964616","36","99550830"
"chr2","7461116","7461421","chr6","157477970","157478279","37","150016854"
"chr2","7463737","7463911","chr2","128514925","128515105","31","121051188"
"chr2","7492587","7492875","chr6","36755187","36755470","48","29262600"
"chr2","7495464","7495742","chr16","3687263","3687550","45","3808201"
"chr2","7509952","7510258","chr1","128114394","128114695","45","120604442"
"chr2","7520448","7520750","chr7","91654524","91654829","47","84134076"
"chr2","7524263","7524573","chr1","115424164","115424468","35","107899901"
"chr2","7557321","7557678","chr2","45168871","45169218","78","37611550"
"chr2","7572676","7572979","chr2","82586920","82587221","42","75014244"
"chr2","7574370","7574499","chr13","24992214","24992341","15","17417844"
"chr2","7600665","7600960","chr7","116917341","116917634","32","109316676"
"chr2","7634145","7634444","chrX","128569263","128569566","35","120935118"
"chr2","7642832","7643132","chr17","30611756","30612052","40","22968924"
"chr2","7661857","7662158","chr3","127081090","127081386","35","119419233"
"chr2","7671859","7672198","chr1","87624229","87624565","78","79952370"
"chr2","7703735","7703873","chr9","66645114","66645250","18","58941379"
"chr2","7715509","7715772","chr17","55676940","55677197","45","47961431"
"chr2","7717640","7717942","chr1","128155382","128155688","29","120437742"
"chr2","7727403","7727681","chr18","15788387","15788669","37","8060984"
"chr2","7763765","7764041","chr5","52449180","52449473","42","44685415"
"chr2","7794559","7794859","chr4","24531882","24532184","45","16737323"
"chr2","7874833","7875126","chr7","52736490","52736780","39","44861657"
"chr2","7880839","7881136","chr1","212841578","212841874","41","204960739"
"chr2","7903606","7903903","chr10","85479297","85479596","35","77575691"
"chr2","7925332","7925633","chr18","12269702","12269996","39","4344370"
"chr2","7988726","7989018","chr4","20045092","20045381","41","12056366"
"chr2","7990421","7990706","chr19","44121713","44121997","39","36131292"
"chr2","7994191","7994496","chr11","33968956","33969265","47","25974765"
"chr2","7995715","7996014","chrX","105853714","105854022","40","97857999"
"chr2","8009816","8010142","chr2","92451782","92452096","79","84441966"
"chr2","8024832","8025145","chr13","43327633","43327946","41","35302801"
"chr2","8030421","8030719","chr14","19242002","19242297","45","11211581"
"chr2","8143060","8143341","chr2","87900952","87901244","49","79757892"
"chr2","8156141","8156444","chr2","62500002","62500306","35","54343861"
"chr2","8173482","8173775","chr16","8610602","8610899","34","437120"
"chr2","8187704","8187984","chr19","18339638","18339933","54","10151934"
"chr2","8187985","8188275","chr1","30300994","30301289","54","22113009"
"chr2","8217644","8217904","chr5","133797177","133797424","44","125579533"
"chr2","8233206","8233507","chr10","81724126","81724427","45","73490920"
"chr2","8236138","8236299","chr19","81418","81573","32","8154720"
"chr2","8237774","8238035","chr7","46748896","46749151","46","38511122"
"chr2","8279519","8279750","chr7","151126393","151126631","38","142846874"
"chr2","8297918","8298209","chr16","49861297","49861598","45","41563379"
"chr2","8306544","8306825","chrX","16426045","16426331","37","8119501"
"chr2","8308744","8309038","chr18","48465782","48466081","38","40157038"
"chr2","8315581","8315871","chr10","26225402","26225693","46","17909821"
"chr2","8340334","8340639","chr1","55023211","55023521","53","46682877"
"chr2","8376316","8376614","chr8","25582102","25582396","34","17205786"
"chr2","8410001","8410294","chr8","99548469","99548767","39","91138468"
"chr2","8449344","8449624","chr13","90970128","90970408","40","82520784"
"chr2","8464815","8465094","chr7","63503555","63503839","46","55038740"
"chr2","8466546","8466842","chr15","93971010","93971304","46","85504464"
"chr2","8472598","8472900","chr13","108004077","108004380","57","99531479"
"chr2","8528229","8528516","chr10","34153051","34153344","40","25624822"
"chr2","8537863","8538172","chrX","44962032","44962338","43","36424169"
"chr2","8541222","8541501","chr15","55000833","55001112","35","46459611"
"chr2","8558462","8558596","chr7","148602709","148602842","20","140044247"
"chr2","8558972","8559254","chr3","160799066","160799351","41","152240094"
"chr2","8569460","8569536","chr9","99777183","99777260","14","91207723"
"chr2","8581963","8582258","chr11","13702068","13702363","34","5120105"
"chr2","8641574","8641860","chr1","42476755","42477044","32","33835181"
"chr2","8694973","8695262","chr5","35637455","35637751","45","26942482"
"chr2","8696166","8696434","chr2","100062378","100062646","36","91366212"
"chr2","8701963","8702271","chr2","141725865","141726176","52","133023902"
"chr2","8719525","8719826","chr2","46682521","46682821","34","37962996"
"chr2","8729099","8729357","chr18","50874536","50874793","45","42145437"
"chr2","8747768","8748038","chr19","32515288","32515561","30","23767520"
"chr2","8807388","8807692","chr6","169597076","169597378","38","160789688"
"chr2","8811783","8812090","chr2","163628461","163628763","43","154816678"
"chr2","8868363","8868630","chr16","22674519","22674794","48","13806156"
"chr2","8870989","8871291","chr11","10098018","10098319","30","1227029"
"chr2","8876584","8876877","chr2","46893044","46893340","53","38016460"
"chr2","8893237","8893540","chrX","38891205","38891511","47","29997968"
"chr2","8896504","8896808","chrX","13595567","13595865","38","4699063"
"chr2","8898742","8899039","chr11","59744208","59744500","31","50845466"
"chr2","8907756","8908057","chr10","77678903","77679208","42","68771147"
"chr2","8909891","8910157","chr5","175348215","175348488","46","166438324"
"chr2","8979268","8979569","chr8","135220138","135220438","42","126240870"
"chr2","8998592","8998884","chrX","127952408","127952701","34","118953816"
"chr2","9056325","9056426","chr4","34787688","34787791","14","25731363"
"chr2","9059552","9059857","chr6","124714488","124714790","33","115654936"
"chr2","9086406","9086707","chr6","67889778","67890082","38","58803372"
"chr2","9088051","9088354","chr10","26504544","26504849","43","17416493"
"chr2","9113964","9114274","chr4","25316173","25316478","47","16202209"
"chr2","9124486","9124775","chr8","25582102","25582396","41","16457616"
"chr2","9126567","9126863","JH682036","358126","358421","36","8768441"
"chr2","9143013","9143301","chr1","42476755","42477044","46","33333742"
"chr2","9179945","9180246","chr5","2577333","2577630","38","6602612"
"chr2","9210543","9210840","chrX","121500001","121500298","40","112289458"
"chr2","9216222","9216482","chr4","24804662","24804922","33","15588440"
"chr2","9239391","9239685","chr16","18796729","18797022","32","9557338"
"chr2","9252371","9252666","chr7","51613254","51613546","50","42360883"
"chr2","9260478","9260775","chr12","86662303","86662604","45","77401825"
"chr2","9269717","9269963","chr13","62490389","62490632","32","53220672"
"chr2","9298270","9298574","chr10","16049988","16050292","42","6751718"
"chr2","9313599","9313906","chr3","34969388","34969689","41","25655789"
"chr2","9323482","9323789","chr12","14160828","14161134","37","4837346"
"chr2","9348876","9348988","chr4","34787688","34787791","23","25438812"
"chr2","9372710","9373009","chr15","48151534","48151833","49","38778824"
"chr2","9385999","9386161","chr8","113485040","113485194","26","104099041"
"chr2","9411663","9411965","chr9","31858939","31859247","52","22447276"
"chr2","9419828","9420091","chr13","40107661","40107916","40","30687833"
"chr2","9474019","9474211","chr5","89567023","89567218","30","80093004"
"chr2","9482044","9482356","chr9","19850832","19851138","46","10368788"
"chr2","9512298","9512596","chr9","113200398","113200692","39","103688100"
"chr2","9539109","9539410","chr7","158562964","158563263","46","149023855"
"chr2","9566828","9567116","chr16","56231923","56232210","47","46665095"
"chr2","9588292","9588590","chr1","19736141","19736436","40","10147849"
"chr2","9589869","9590128","chr4","118305946","118306203","38","108716077"
"chr2","9601312","9601598","chr9","15247736","15248032","39","5646424"
"chr2","9609499","9609794","chr12","27592055","27592349","41","17982556"
"chr2","9614087","9614385","chr8","77571193","77571492","31","67957106"
"chr2","9637866","9638163","chr7","133742608","133742902","43","124104742"
"chr2","9640706","9640953","chr11","71045850","71046097","50","61405144"
"chr2","9647429","9647679","chr3","44476893","44477138","39","34829464"
"chr2","9653073","9653362","chr2","39160986","39161280","38","29507913"
"chr2","9660288","9660524","chr5","164644202","164644455","62","154983914"
"chr2","9687332","9687629","chr7","91577966","91578264","39","81890634"
"chr2","9695294","9695602","chr10","67405046","67405353","39","57709752"
"chr2","9698777","9699087","chr20","8623295","8623599","44","1075482"
"chr2","9703779","9704063","chr1","204583138","204583421","35","194879359"
"chr2","9705306","9705556","chr9","116735467","116735713","37","107030161"
"chr2","9755809","9756101","chr2","55010925","55011223","42","45255116"
"chr2","9778252","9778560","chr8","56315236","56315535","52","46536984"
"chr2","9799138","9799243","chr12","69723014","69723114","15","59923876"
"chr2","9811568","9811862","chr1","65662451","65662746","48","55850883"
"chr2","9826118","9826433","chr1","65662451","65662746","51","55836333"
"chr2","9860242","9860524","chr20","49494631","49494915","61","39634389"
"chr2","9862593","9862902","chr1","208495775","208496077","42","198633182"
"chr2","9881087","9881398","chr1","13865146","13865450","43","3984059"
"chr2","9892544","9892850","chr2","50899131","50899433","47","41006587"
"chr2","9905048","9905366","chr11","33968956","33969265","51","24063908"
"chr2","9910386","9910677","chr1","10700472","10700765","41","790086"
"chr2","9922712","9922777","chr19","702700","702766","14","9220012"
"chr2","9939318","9939631","chr7","25035681","25035984","41","15096363"
"chr2","9998292","9998585","chr18","12240080","12240373","44","2241788"
"chr2","10015792","10016084","chr10","53067595","53067886","36","43051803"
"chr2","10043941","10044242","chr7","92009740","92010039","55","81965799"
"chr2","10070205","10070494","chr8","25582102","25582396","40","15511897"
"chr2","10172054","10172346","chrX","15713155","15713456","37","5541101"
"chr2","10172354","10172544","chr19","30285492","30285673","31","20113138"
"chr2","10206555","10206827","chr5","172955680","172955956","54","162749125"
"chr2","10219659","10219952","chr13","85932569","85932862","39","75712910"
"chr2","10248747","10249034","chr2","184580196","184580486","37","174331449"
"chr2","10261062","10261302","chr12","58284409","58284644","41","48023347"
"chr2","10293229","10293528","chrX","6292568","6292871","45","4000661"
"chr2","10313732","10313982","chr10","71599258","71599505","68","61285526"
"chr2","10318231","10318529","chr13","83827516","83827812","48","73509285"
"chr2","10320882","10321162","chr3","60342878","60343154","49","50021996"
"chr2","10359194","10359484","chr20","69383615","69383902","33","59024421"
"chr2","10383854","10384155","chr7","52736490","52736780","49","42352636"
"chr2","10498762","10499054","chr10","73837427","73837714","44","63338665"
"chr2","10547408","10547725","chr7","101853697","101853997","57","91306289"
"chr2","10579846","10580146","chr9","103929065","103929372","40","93349219"
"chr2","10582157","10582468","chr13","61259817","61260123","37","50677660"
"chr2","10587450","10587742","chr2","155712919","155713219","60","145125469"
"chr2","10642924","10643236","chr4","35855585","35855886","46","25212661"
"chr2","10656783","10657086","chr6","63052919","63053228","47","52396136"
"chr2","10664043","10664333","chr2","146254274","146254570","52","135590231"
"chr2","10722347","10722642","chr19","13105146","13105440","36","2382799"
"chr2","10730290","10730570","chr19","7821204","7821487","36","2909086"
"chr2","10750342","10750635","chr16","18796729","18797022","46","8046387"
"chr2","10835140","10835439","chr16","21639667","21639964","35","10804527"
"chr2","10844795","10845087","chr9","113539071","113539365","47","102694276"
"chr2","10914483","10914773","chr6","120240611","120240904","33","109326128"
"chr2","10970168","10970476","chr5","170875139","170875447","41","159904971"
"chr2","10971907","10972200","chr1","129877213","129877510","38","118905306"
"chr2","10981262","10981551","chr16","32422732","32423021","47","21441470"
"chr2","11039233","11039382","chr15","9382890","9383043","24","1656343"
"chr2","11051837","11052131","chr3","157031775","157032065","47","145979938"
"chr2","11073555","11073811","chr4","13827704","13827962","45","2754149"
"chr2","11082874","11083050","chr16","47452754","47452925","27","36369880"
"chr2","11120282","11120577","chr16","65909202","65909503","40","54788920"
"chr2","11149509","11149576","chr20","26326682","26326744","20","15177173"
"chr2","11211824","11212025","chr7","155860210","155860412","36","144648386"
"chr2","11222281","11222578","chr1","94365322","94365615","35","83143041"
"chr2","11224713","11224985","chr8","99504003","99504280","53","88279290"
"chr2","11225250","11225422","chr17","85170907","85171081","37","73945657"
"chr2","11234203","11234512","chr11","111650237","111650541","63","100416034"
"chr2","11266344","11266642","chr6","16697883","16698181","44","5431539"
"chr2","11273827","11274120","chr11","59744208","59744500","31","48470381"
"chr2","11295410","11295712","chr16","42874476","42874783","41","31579066"
"chr2","11301204","11301501","chr13","24339737","24340037","41","13038533"
"chr2","11302731","11303037","chr3","34969388","34969689","45","23666657"
"chr2","11313494","11313778","chr4","103456160","103456455","41","92142666"
"chr2","11427938","11428226","chr4","101739904","101740197","39","90311966"
"chr2","11463518","11463804","chr6","146206774","146207067","39","134743256"
"chr2","11466109","11466419","chr19","7601300","7601611","47","3864809"
"chr2","11491652","11491744","chr11","92902026","92902118","19","81410374"
"chr2","11494459","11494625","chr4","42468336","42468506","27","30973877"
"chr2","11522207","11522497","chr7","133065043","133065330","32","121542836"
"chr2","11586960","11587238","chr14","108589973","108590234","53","97003013"
"chr2","11609031","11609330","chr4","69347489","69347789","43","57738458"
"chr2","11611559","11611861","chr14","7830508","7830805","63","3781051"
"chr2","11694370","11694674","chr13","32817425","32817728","32","21123055"
"chr2","11709189","11709487","chr1","67368758","67369056","28","55659569"
"chr2","11713198","11713491","chr4","32871781","32872078","32","21158583"
"chr2","11768251","11768390","chr8","76522039","76522178","24","64753788"
"chr2","11823437","11823699","chr13","109670592","109670849","40","97847155"
"chr2","11826628","11826922","chr2","173738712","173739010","39","161912084"
"chr2","11836920","11837230","chr10","84758202","84758512","40","72921282"
"chr2","11884620","11884919","chr16","11126268","11126568","35","758352"
"chr2","11894761","11895061","chr3","12715366","12715672","44","820605"
"chr2","11899577","11899863","chr1","42476755","42477044","38","30577178"
"chr2","11911750","11912033","chr16","732453","732746","38","11179297"
"chr2","11923035","11923194","chr8","81051177","81051337","25","69128142"
"chr2","11965278","11965416","chr9","66645114","66645250","22","54679836"
"chr2","12016624","12016910","chr7","133065043","133065330","31","121048419"
"chr2","12017447","12017743","chr4","154100211","154100509","31","142082764"
"chr2","12218210","12218520","chr19","24212554","24212862","35","11994344"
"chr2","12225969","12226272","chr13","32817425","32817728","33","20591456"
"chr2","12233502","12233745","chr16","44892798","44893041","41","32659296"
"chr2","12374289","12374565","chr7","132975622","132975901","53","120601333"
"chr2","12391364","12391662","chr13","32817425","32817728","30","20426061"
"chr2","12419866","12420068","chr5","89625548","89625767","45","77205682"
"chr2","12424503","12424797","chr8","18779780","18780079","43","6355277"
"chr2","12425559","12425853","chr15","22561456","22561749","40","10135897"
"chr2","12429020","12429129","chr7","130657353","130657466","15","118228333"
"chr2","12444856","12445154","chr5","45431915","45432209","45","32987059"
"chr2","12447903","12448181","chr3","178701270","178701546","41","166253367"
"chr2","12449678","12449973","chr8","127022151","127022443","50","114572473"
"chr2","12458065","12458341","chrX","118549582","118549861","49","106091517"
"chr2","12484231","12484523","chr4","13663992","13664285","38","1179761"
"chr2","12524468","12524762","chr14","111877236","111877529","45","99352768"
"chr2","12595497","12595793","chr17","88324240","88324540","39","75728743"
"chr2","12629003","12629312","chr1","128155382","128155688","33","115526379"
"chr2","12660402","12660687","chrX","95854941","95855233","42","83194539"
"chr2","12665002","12665163","chr14","9667615","9667777","23","2997387"
"chr2","12666081","12666230","chr13","37809450","37809605","33","25143369"
"chr2","12671742","12672090","chr9","84417150","84417466","83","71745408"
"chr2","12686448","12686739","chr1","52545621","52545912","38","39859173"
"chr2","12697896","12698203","chr9","28263657","28263961","37","15565761"
"chr2","12699973","12700279","chr6","124714488","124714790","44","112014515"
"chr2","12735221","12735513","chr11","66160852","66161149","49","53425631"
"chr2","12759677","12759929","chr18","65667406","65667652","38","52907729"
"chr2","12776114","12776400","chr3","40516846","40517141","43","27740732"
"chr2","12809783","12810091","chr1","115424164","115424468","54","102614381"
"chr2","12824046","12824304","chr5","150963150","150963408","42","138139104"
"chr2","12842394","12842705","chr12","54851552","54851865","45","42009158"
"chr2","12853620","12853925","chrX","90800029","90800336","42","77946409"
"chr2","12868991","12869281","chr1","42476755","42477044","46","29607764"
"chr2","12896766","12897058","chr15","78953274","78953566","38","66056508"
"chr2","12910403","12910711","chrX","107968837","107969145","36","95058434"
"chr2","12923250","12923380","chr7","158155171","158155302","14","145231921"
"chr2","12947203","12947485","chr7","9007220","9007498","41","3939983"
"chr2","12959563","12959864","chr1","147506293","147506593","44","134546730"
"chr2","12975264","12975564","chr3","46329604","46329904","48","33354340"
"chr2","12988074","12988372","chr2","186451766","186452061","44","173463692"
"chr2","13089216","13089515","chr18","12269702","12269996","53","819514"
"chr2","13137281","13137539","chr7","132975622","132975901","52","119838341"
"chr2","13180282","13180562","chr9","28186160","28186444","37","15005878"
"chr2","13202184","13202450","chr16","50279212","50279487","40","37077028"
"chr2","13231907","13232173","chr19","42487999","42488270","44","29256092"
"chr2","13239560","13239863","chr6","31393353","31393656","44","18153793"
"chr2","13319323","13319631","chr1","59715826","59716126","43","46396503"
"chr2","13323918","13324202","chr10","62315260","62315548","36","48991342"
"chr2","13353900","13354177","chr16","12579242","12579525","36","774658"
"chr2","13361847","13362128","chr1","15074337","15074605","49","1712490"
"chr2","13456073","13456385","chr13","23411370","23411675","45","9955297"
"chr2","13462796","13463107","chr11","44210395","44210705","34","30747599"
"chr2","13485232","13485497","chrX","122712517","122712780","32","109227285"
"chr2","13495322","13495615","chr2","81991105","81991401","53","68495783"
"chr2","13504275","13504566","chr16","9091368","9091671","43","4412907"
"chr2","13513363","13513600","chr4","83172079","83172320","52","69658716"
"chr2","13516673","13516972","chr9","23510734","23511038","50","9994061"
"chr2","13521001","13521305","chr6","139676559","139676861","46","126155558"
"chr2","13540053","13540340","chr1","160132474","160132775","43","146592421"
"chr2","13563652","13563955","chr14","25551767","25552067","48","11988115"
"chr2","13588346","13588647","chr12","26297445","26297748","41","12709099"
"chr2","13598953","13599215","chr10","19416042","19416290","53","5817089"
"chr2","13634000","13634297","chr1","89705293","89705590","57","76071293"
"chr2","13650445","13650744","chr19","3064712","3065012","44","10585733"
"chr2","13663698","13664013","chr13","23501079","23501388","40","9837381"
"chr2","13676054","13676230","chr2","130192121","130192297","28","116516067"
"chr2","13676737","13676868","chr8","103559796","103559930","16","89883059"
"chr2","13686118","13686388","chr8","26747262","26747531","48","13061144"
"chr2","13689318","13689619","chr2","46682521","46682821","37","32993203"
"chr2","13690285","13690568","chr16","45339014","45339298","36","31648729"
"chr2","13694249","13694546","chrX","50656086","50656389","36","36961837"
"chr2","13698403","13698673","chr5","35236627","35236905","51","21538224"
"chr2","13719860","13720133","chr15","21464395","21464674","37","7744535"
"chr2","13724611","13724982","chr4","42369061","42369439","96","28644450"
"chr2","13725506","13725792","chr1","42476755","42477044","56","28751249"
"chr2","13757593","13757893","chr13","32817425","32817728","35","19059832"
"chr2","13763997","13764295","chr20","14356272","14356579","44","592275"
"chr2","13764725","13764976","chr1","18086007","18086262","36","4321282"
"chr2","13785389","13785664","chr2","29248691","29248978","48","15463302"
"chr2","13819216","13819405","chr6","31004785","31004972","31","17185569"
"chr2","13853009","13853084","chr16","11091904","11091974","16","2761105"
"chr2","13857696","13857993","chr6","164099085","164099388","39","150241389"
"chr2","13923684","13923972","chr2","132411744","132412034","38","118488060"
"chr2","13932522","13932798","chr4","117616854","117617134","43","103684332"
"chr2","13957792","13958094","chr1","20012770","20013073","42","6054978"
"chr2","13968694","13968972","chr10","50882347","50882624","48","36913653"
"chr2","13972396","13972706","chr11","65952628","65952934","52","51980232"
"chr2","13988385","13988671","chr5","132631825","132632108","45","118643440"
"chr2","14008817","14009031","chr13","112980932","112981146","32","98972115"
"chr2","14011423","14011740","chr3","98185465","98185772","44","84174042"
"chr2","14024788","14025098","chr14","64214831","64215143","41","50190043"
"chr2","14026881","14027180","chr1","213070791","213071090","43","199043910"
"chr2","14040318","14040616","chr7","158562964","158563263","38","144522646"
"chr2","14055134","14055420","chr1","171838239","171838516","46","157783105"
"chr2","14068274","14068576","chr1","11912016","11912323","41","2156258"
"chr2","14070847","14071150","chr1","124250793","124251086","39","110179946"
"chr2","14112199","14112484","chr14","19462491","19462780","33","5350292"
"chr2","14139750","14140047","chr14","46368147","46368447","36","32228397"
"chr2","14156134","14156385","chr7","91890034","91890281","53","77733900"
"chr2","14184547","14184836","chr16","18796729","18797022","40","4612182"
"chr2","14207645","14207937","chr12","87487181","87487483","47","73279536"
"chr2","14219359","14219656","chr4","102654170","102654462","40","88434811"
"chr2","14249292","14249594","chr15","96983547","96983850","38","82734255"
"chr2","14272688","14273002","chr11","2551484","2551787","59","11721204"
"chr2","14295168","14295250","chr13","125454879","125454959","15","111159711"
"chr2","14304740","14305045","chr8","120051374","120051685","44","105746634"
"chr2","14313362","14313664","chr6","53239608","53239906","42","38926246"
"chr2","14375534","14375838","chr1","19176727","19177017","57","4801193"
"chr2","14378679","14378956","chr15","26878649","26878926","43","12499970"
"chr2","14385927","14386134","chr10","19877807","19878014","51","5491880"
"chr2","14389656","14389962","chr2","83240394","83240702","46","68850738"
"chr2","14392280","14392567","chr6","142572268","142572563","42","128179988"
"chr2","14392667","14392947","chr12","81748604","81748887","43","67355937"
"chr2","14398406","14398714","chr15","53990850","53991154","45","39592444"
"chr2","14413837","14414086","chr5","133797177","133797424","28","119383340"
"chr2","14486577","14486864","chr3","38670072","38670358","41","24183495"
"chr2","14494780","14495079","chr1","129877213","129877510","47","115382433"
"chr2","14508559","14508852","chr2","21437719","21438015","37","6929160"
"chr2","14519816","14520147","chrX","85233769","85234102","41","70713953"
"chr2","14523277","14523403","chr11","122634923","122635055","23","108111646"
"chr2","14523736","14523901","chr1","44789285","44789450","41","30265549"
"chr2","14530280","14530431","chr11","41764878","41765027","34","27234598"
"chr2","14530464","14530757","chr18","47330497","47330793","38","32800033"
"chr2","14537441","14537756","chr6","157477970","157478279","39","142940529"
"chr2","14573827","14574120","chr16","44203969","44204255","35","29630142"
"chr2","14576756","14577065","chr3","38754401","38754706","39","24177645"
"chr2","14582686","14582982","chr1","143220195","143220493","33","128637509"
"chr2","14582998","14583293","chr3","150228925","150229224","52","135645927"
"chr2","14589359","14589654","chr1","125285536","125285832","37","110696177"
"chr2","14595404","14595696","chr1","191232237","191232533","44","176636833"
"chr2","14604003","14604290","chr5","100102913","100103204","38","85498910"
"chr2","14608527","14608674","chr1","113961671","113961817","29","99353144"
"chr2","14611398","14611708","chr4","103563977","103564286","49","88952579"
"chr2","14625051","14625338","chr13","60024122","60024411","48","45399071"
"chr2","14663502","14663811","chr15","43485295","43485606","39","28821793"
"chr2","14722050","14722348","chr7","90971726","90972022","40","76249676"
"chr2","14768496","14768789","chr4","32871781","32872078","33","18103285"
"chr2","14785188","14785479","chr3","159912934","159913216","55","145127746"
"chr2","14790230","14790521","chr7","96230630","96230924","34","81440400"
"chr2","14794274","14794578","chr20","15902608","15902911","38","1108334"
"chr2","14803117","14803411","chr9","7025626","7025918","31","7777491"
"chr2","14814981","14815275","chr3","14033237","14033531","37","781744"
"chr2","14815854","14816143","chr8","127022151","127022443","44","112206297"
"chr2","14818096","14818395","chr17","19374053","19374353","41","4555957"
"chr2","14930935","14931217","chr7","146864353","146864637","41","131933418"
"chr2","14949125","14949421","chr11","46783872","46784169","41","31834747"
"chr2","14951610","14951917","chr18","66866673","66866984","41","51915063"
"chr2","14960599","14960684","chr13","103188987","103189073","17","88228388"
"chr2","15044561","15044870","chr10","81035746","81036049","65","65991185"
"chr2","15065673","15065977","chr4","32401427","32401735","37","17335754"
"chr2","15102186","15102438","chr12","31618715","31618968","49","16516529"
"chr2","15115806","15116096","chr7","117030480","117030769","37","101914674"
"chr2","15120499","15120577","chr1","139881170","139881236","21","124760671"
"chr2","15120989","15121101","chr8","55405673","55405786","21","40284684"
"chr2","15125171","15125456","chr4","21639394","21639688","36","6514223"
"chr2","15146941","15147237","chr4","10828530","10828827","45","4318411"
"chr2","15182423","15182733","chrX","96115610","96115910","43","80933187"
"chr2","15215658","15215889","chr15","689751","689962","56","14525907"
"chr2","15234884","15235163","chr11","131492005","131492296","49","116257121"
"chr2","15241516","15241820","chr7","79281302","79281613","42","64039786"
"chr2","15274276","15274565","chr7","36979903","36980199","46","21705627"
"chr2","15325429","15325737","chr11","3605848","3606150","49","11719581"
"chr2","15326634","15326938","chrX","123457402","123457697","48","108130768"
"chr2","15340452","15340750","chr5","56973726","56974023","43","41633274"
"chr2","15385233","15385410","chr13","93249064","93249232","32","77863831"
"chr2","15408979","15409267","chr20","4922509","4922797","37","10486470"
"chr2","15417573","15417870","chr14","63716116","63716415","40","48298543"
"chr2","15441559","15441771","chr1","200625581","200625798","42","185184022"
"chr2","15450019","15450317","chr12","69807997","69808295","34","54357978"
"chr2","15460877","15461183","chr1","11912016","11912323","36","3548861"
"chr2","15467698","15467973","chr15","83179815","83180060","60","67712117"
"chr2","15521286","15521513","chr4","42490862","42491078","46","26969576"
"chr2","15535365","15535645","chr3","599816","600100","65","14935549"
"chr2","15547020","15547268","chr7","49208770","49209048","59","33661750"
"chr2","15548317","15548617","chr12","80754354","80754655","36","65206037"
"chr2","15585408","15585696","chr13","88697814","88698104","52","73112406"
"chr2","15601902","15602204","chr5","2082597","2082899","34","13519305"
"chr2","15619281","15619588","chr1","109599074","109599380","41","93979793"
"chr2","15636802","15637065","chr7","126059716","126059980","43","110422914"
"chr2","15676677","15676974","chr1","11366377","11366670","46","4310300"
"chr2","15679308","15679553","chr16","44892798","44893041","45","29213490"
"chr2","15695319","15695609","chr10","62315260","62315548","47","46619941"
"chr2","15695847","15696146","chr15","96588502","96588809","41","80892655"
"chr2","15721631","15721935","chr8","118421988","118422286","42","102700357"
"chr2","15730632","15730919","chr6","128266238","128266531","43","112535606"
"chr2","15764602","15764903","chr19","13117274","13117575","44","2647328"
"chr2","15780747","15781021","chr1","47939210","47939486","47","32158463"
"chr2","15861201","15861455","chr7","151776343","151776597","47","135915142"
"chr2","15873689","15873980","chr11","8893081","8893377","44","6980608"
"chr2","15913912","15914217","chr1","127893584","127893884","42","111979672"
"chr2","15966245","15966543","chr1","20012770","20013073","51","4046525"
"chr2","16069966","16070274","chr10","66278890","66279197","40","50208924"
"chr2","16081515","16081799","chr2","149808038","149808322","36","133726523"
"chr2","16099056","16099352","chr12","35031886","35032181","38","18932830"
"chr2","16110062","16110352","chr4","34137491","34137783","39","18027429"
"chr2","16111916","16112227","chr2","83271537","83271849","42","67159621"
"chr2","16163473","16163742","chr2","100062378","100062646","52","83898905"
"chr2","16173225","16173530","chr4","56503347","56503657","40","40330122"
"chr2","16175899","16176201","chr5","13244981","13245281","35","2930918"
"chr2","16185892","16186194","chr8","111500920","111501220","39","95315028"
"chr2","16193980","16194269","chr4","30381840","30382132","37","14187860"
"chr2","16211473","16211770","chr2","95278102","95278398","35","79066629"
"chr2","16216229","16216534","chr2","176865440","176865747","39","160649211"
"chr2","16263893","16264044","chr3","151747443","151747601","25","135483550"
"chr2","16276047","16276339","chr7","90971726","90972022","41","74695679"
"chr2","16297305","16297599","chr16","44203969","44204255","35","27906664"
"chr2","16324515","16324816","chr2","101409694","101410001","46","85085179"
"chr2","16602095","16602397","chr1","152625689","152625995","42","136023594"
"chr2","16659818","16660117","chrX","38190147","38190439","38","21530329"
"chr2","16819041","16819329","chr16","56231923","56232210","33","39412882"
"chr2","16939524","16939829","chr1","24594530","24594836","45","7655006"
"chr2","17188546","17188673","chr7","158155171","158155302","19","140966625"
"chr2","17283084","17283375","chr1","57946363","57946656","40","40663279"
"chr2","17315568","17315862","chr7","133065043","133065330","37","115749475"
"chr2","17363039","17363315","chr7","52736490","52736780","52","35373451"
"chr2","17429084","17429406","chr12","63820146","63820469","47","46391062"
"chr2","17470883","17471187","chr2","95068228","95068528","32","77597345"
"chr2","17504355","17504639","chr12","84954554","84954828","54","67450199"
"chr2","17555766","17556071","chr14","18171810","18172116","42","616044"
"chr2","17560487","17560786","chr2","41849392","41849686","46","24288905"
"chr2","17562281","17562574","chr8","22381843","22382135","34","4819562"
"chr2","17582230","17582531","chr3","35561208","35561510","38","17978978"
"chr2","17598059","17598362","chr4","146940122","146940426","37","129342063"
"chr2","17614805","17615088","chr3","103259893","103260176","40","85645088"
"chr2","17620893","17621177","chr19","7821204","7821487","30","9799689"
"chr2","17635804","17636085","chrX","65137484","65137780","48","47501680"
"chr2","17637469","17637780","chr3","107368374","107368683","32","89730905"
"chr2","17667475","17667774","chr20","66003905","66004198","52","48336430"
"chr2","17697731","17698005","chr9","20166452","20166727","43","2468721"
"chr2","17747479","17747779","chr1","20012770","20013073","32","2265291"
"chr2","17755479","17755779","chr6","109835800","109836102","32","92080321"
"chr2","17787098","17787408","chr18","38831544","38831845","48","21044446"
"chr2","17791182","17791303","chr3","7261956","7262082","32","10529226"
"chr2","17793463","17793740","chr1","1510148","1510425","53","16283315"
"chr2","17794659","17794940","chr5","455474","455761","39","17339185"
"chr2","17801689","17801997","chr1","11912016","11912323","44","5889673"
"chr2","17809863","17810045","chr3","35345030","35345210","24","17535167"
"chr2","17860026","17860330","chr7","49324027","49324336","45","31464001"
"chr2","17896282","17896588","chr1","124050585","124050888","32","106154303"
"chr2","17947383","17947675","chr15","96414106","96414400","74","78466723"
"chr2","17964155","17964459","chr1","201850998","201851304","40","183886843"
"chr2","17986210","17986531","chr20","57880354","57880665","43","39894144"
"chr2","18031504","18031763","chrX","122712517","122712780","45","104681013"
"chr2","18050825","18051124","chr6","31393353","31393656","48","13342528"
"chr2","18051162","18051473","chr18","51183412","51183721","34","33132250"
"chr2","18055881","18056182","chr16","10263822","10264120","44","7792059"
"chr2","18064460","18064734","chr19","13215326","13215597","48","4849134"
"chr2","18086227","18086469","chr4","156041273","156041522","51","137955046"
"chr2","18108218","18108514","chr2","23879717","23879987","56","5771499"
"chr2","18123008","18123319","chr6","128302615","128302924","43","110179607"
"chr2","18142584","18142842","chr7","41879313","41879570","56","23736729"
"chr2","18144988","18145273","chr2","44047045","44047343","44","25902057"
"chr2","18150569","18150878","chr1","7993999","7994304","32","10156570"
"chr2","18198434","18198730","chr1","65662451","65662746","39","47464017"
"chr2","18209449","18209754","chr1","124561171","124561469","43","106351722"
"chr2","18257342","18257628","chr6","142572268","142572563","40","124314926"
"chr2","18258296","18258589","chr12","65329997","65330287","44","47071701"
"chr2","18264600","18264939","chr6","150734990","150735338","67","132470390"
"chr2","18405317","18405628","chr4","104215514","104215807","51","85810197"
"chr2","18445185","18445490","chr6","136733017","136733318","41","118287832"
"chr2","18521011","18521315","chr1","62441529","62441830","42","43920518"
"chr2","18583777","18583987","chr7","26831792","26831996","27","8248015"
"chr2","18601152","18601455","chr5","132391377","132391683","47","113790225"
"chr2","18616185","18616394","chr2","89593102","89593311","40","70976917"
"chr2","18618739","18619005","chr3","52295797","52296068","45","33677058"
"chr2","18640311","18640604","chr11","59744208","59744500","33","41103897"
"chr2","18643186","18643478","chr9","57023538","57023829","35","38380352"
"chr2","18670081","18670372","chr9","113539071","113539365","42","94868990"
"chr2","18673163","18673463","chr17","23551163","23551463","42","4878000"
"chr2","18677375","18677671","chr6","151157907","151158211","44","132480532"
"chr2","18709064","18709346","chr7","83206377","83206667","42","64497313"
"chr2","18713049","18713278","chr7","121329046","121329267","28","102615997"
"chr2","18756241","18756374","chr7","158155171","158155302","18","139398930"
"chr2","18762097","18762356","chr10","35841739","35841997","57","17079642"
"chr2","18812980","18813284","chr3","94274863","94275162","60","75461883"
"chr2","18892967","18893301","chr15","90957585","90957895","57","72064618"
"chr2","18900851","18901157","chr10","29691322","29691619","58","10790471"
"chr2","18907389","18907684","chr9","56023804","56024099","41","37116415"
"chr2","18912347","18912624","chrX","45685008","45685285","35","26772661"
"chr2","18916827","18917133","chr12","93283340","93283647","35","74366513"
"chr2","18948173","18948460","chr1","124250793","124251086","36","105302620"
"chr2","18979880","18980149","chr10","32091928","32092200","32","13112048"
"chr2","19129897","19130199","chr6","124714488","124714790","38","105584591"
"chr2","19330225","19330505","chr6","151751249","151751545","44","132421024"
"chr2","19358354","19358568","chr12","61883879","61884095","30","42525525"
"chr2","19408176","19408459","chr20","37507575","37507860","42","18099399"
"chr2","19475862","19476162","chr2","43296629","43296936","48","23820767"
"chr2","19618087","19618370","chr10","7907235","7907521","44","11710852"
"chr2","19883855","19884148","chr1","11912016","11912323","42","7971839"
"chr2","19949842","19950146","chr13","61259817","61260123","32","41309975"
"chr2","19978435","19978696","chr16","32487444","32487710","43","12509009"
"chr2","20100962","20101244","chr5","148172410","148172693","38","128071448"
"chr2","20133546","20133854","chr1","11912016","11912323","31","8221530"
"chr2","20209406","20209711","chr7","127227577","127227876","38","107018171"
"chr2","20215906","20216215","chr17","26680521","26680825","44","6464615"
"chr2","20328446","20328750","chr9","60825092","60825400","48","40496646"
"chr2","20341451","20341745","chr2","135608752","135609046","34","115267301"
"chr2","20389993","20390283","chr11","23695137","23695426","44","3305144"
"chr2","20447442","20447751","chr10","36830246","36830556","42","16382804"
"chr2","20510471","20510734","chr4","79455473","79455733","45","58945002"
"chr2","20788756","20789050","chr19","12875665","12875962","45","7913091"
"chr2","21061027","21061260","chr6","153391424","153391658","36","132330397"
"chr2","21069927","21070230","chr15","70442845","70443150","40","49372918"
"chr2","21113044","21113334","chr1","40659470","40659761","42","19546426"
"chr2","21118465","21118722","chr13","109670592","109670849","47","88552127"
"chr2","21142774","21143075","chr9","60498661","60498960","65","39355887"
"chr2","21233138","21233432","chr9","55015940","55016236","43","33782802"
"chr2","21266620","21266904","chr7","159175394","159175689","42","137908774"
"chr2","21268870","21269033","chr1","141003637","141003799","21","119734767"
"chr2","21270244","21270462","chr8","56570363","56570574","29","35300119"
"chr2","21290705","21290963","chr11","131991654","131991909","37","110700949"
"chr2","21293304","21293607","chr11","10098018","10098319","42","11195286"
"chr2","21294509","21294817","chr9","61900736","61901039","35","40606227"
"chr2","21307454","21307724","chr15","105505769","105506028","47","84198315"
"chr2","21311501","21311805","chr19","41546237","41546537","43","20234736"
"chr2","21311829","21312130","chr11","39454827","39455131","44","18142998"
"chr2","21316774","21316980","chr4","137198413","137198627","38","115881639"
"chr2","21328812","21329109","chr10","26504544","26504849","45","5175732"
"chr2","21344776","21345075","chr1","219225924","219226223","50","197881148"
"chr2","21349403","21349709","chr18","26757177","26757480","31","5407774"
"chr2","21403370","21403650","chr2","101934667","101934948","44","80531297"
"chr2","21448554","21448851","chr15","90210594","90210890","42","68762040"
"chr2","21461212","21461474","chr1","145073568","145073824","42","123612356"
"chr2","21514851","21515129","chr5","35236627","35236905","42","13721776"
"chr2","21604933","21605230","chr19","47662689","47662983","43","26057756"
"chr2","21738088","21738369","chr5","34504261","34504542","44","12766173"
"chr2","21853381","21853660","chrX","93370410","93370689","43","71517029"
"chr2","21944583","21944885","chr13","32817425","32817728","31","10872842"
"chr2","22028351","22028654","chr7","37449373","37449676","42","15421022"
"chr2","22143654","22143948","chr11","955569","955863","37","21188085"
"chr2","22268491","22268787","chr4","31017666","31017967","35","8749175"
"chr2","22295229","22295531","chr10","16049988","16050292","44","6245241"
"chr2","22370627","22370916","chr7","72707693","72707981","40","50337066"
"chr2","22516358","22516653","chr8","22381843","22382135","31","134515"
"chr2","22541440","22541685","chr7","24936105","24936346","38","2394665"
"chr2","22769651","22769959","chr13","23501079","23501388","39","731428"
"chr2","22917516","22917800","chr2","184580196","184580486","46","161662680"
"chr2","23007718","23008017","chr11","59744208","59744500","37","36736490"
"chr2","23009809","23010100","chr1","94365322","94365615","38","71355513"
"chr2","23045609","23045908","chr5","154328647","154328948","43","131283038"
"chr2","23079623","23079912","chr9","51818934","51819231","47","28739311"
"chr2","23121417","23121685","chr12","85746049","85746325","42","62624632"
"chr2","23207732","23208025","chr2","47452536","47452831","52","24244804"
"chr2","23219920","23220215","chr10","62315260","62315548","50","39095340"
"chr2","23268776","23269059","chr20","63504734","63505014","42","40235958"
"chr2","23627715","23628017","chr12","19918904","19919209","46","3708811"
"chr2","23633722","23634017","chr1","946135","946434","44","22687587"
"chr2","23676029","23676330","chr10","30650142","30650443","38","6974113"
"chr2","23754452","23754762","chr19","24212554","24212862","39","458102"
"chr2","23775213","23775513","chr16","47869063","47869366","36","24093850"
"chr2","23919705","23919998","chr3","41188591","41188879","48","17268886"
"chr2","24001902","24002024","chr11","49192697","49192830","20","25190795"
"chr2","24008551","24008856","chr13","36338632","36338934","47","12330081"
"chr2","24204501","24204801","chr3","45626371","45626668","36","21421870"
"chr2","24222025","24222290","chr9","29856126","29856394","51","5634101"
"chr2","24415596","24415889","chr8","25582102","25582396","36","1166506"
"chr2","24420641","24420947","chr1","60070499","60070803","41","35649858"
"chr2","24488133","24488422","chr2","29248691","29248978","43","4760558"
"chr2","24574457","24574744","chr10","33156709","33157000","39","8582252"
"chr2","24639477","24639773","chr3","160772561","160772858","33","136133084"
"chr2","24653310","24653386","chr9","99777183","99777260","17","75123873"
"chr2","24688609","24688866","chr3","174640103","174640365","61","149951494"
"chr2","24689580","24689864","chr5","72034781","72035074","44","47345201"
"chr2","24722847","24723156","chr17","30355169","30355479","37","5632322"
"chr2","24768305","24768599","JH682036","358126","358421","30","24410179"
"chr2","24864015","24864268","chrX","88088678","88088937","43","63224663"
"chr2","24991421","24991714","chr6","128266238","128266531","41","103274817"
"chr2","24992122","24992411","chr10","60166516","60166809","53","35174394"
"chr2","25017242","25017528","chr6","157247452","157247735","43","132230210"
"chr2","25091313","25091604","chr1","14339353","14339646","47","10751960"
"chr2","25178347","25178629","chr17","72408225","72408502","51","47229878"
"chr2","25263832","25264129","chr7","16206849","16207148","39","9056983"
"chr2","25546115","25546423","chr1","195161491","195161794","52","169615376"
"chr2","25714864","25715141","chr1","42476755","42477044","49","16761891"
"chr2","25725885","25726178","chr6","128266238","128266531","41","102540353"
"chr2","25734982","25735284","chr2","123712519","123712817","46","97977537"
"chr2","25742839","25743145","chr1","128155382","128155688","36","102412543"
"chr2","25790213","25790502","chr16","56231923","56232210","34","30441710"
"chr2","25812354","25812651","chr19","3064712","3065012","50","22747642"
"chr2","25895332","25895626","JH682036","358126","358421","33","25537206"
"chr2","25975918","25976208","chr10","81057209","81057499","40","55081291"
"chr2","26003412","26003564","chrX","25848795","25848947","26","154617"
"chr2","26009863","26010161","chr18","23762985","23763286","45","2246878"
"chr2","26014462","26014749","chr2","98416021","98416312","54","72401559"
"chr2","26103699","26103833","chr15","21096731","21096859","18","5006968"
"chr2","26122589","26122865","chr9","37869088","37869367","45","11746499"
"chr2","26155284","26155577","chr16","21958952","21959252","49","4196332"
"chr2","26224618","26224918","chr8","94958903","94959204","55","68734285"
"chr2","26457739","26458035","chr10","72394915","72395215","31","45937176"
"chr2","26519880","26520173","chr8","91437935","91438229","46","64918055"
"chr2","26609825","26609948","chr1","136209672","136209795","16","109599847"
"chr2","26637089","26637386","chr11","52822958","52823266","48","26185869"
"chr2","26698565","26698855","chr9","56023804","56024099","39","29325239"
"chr2","26716643","26716946","chr7","58104879","58105176","48","31388236"
"chr2","26719051","26719312","chr13","109670592","109670849","40","82951541"
"chr2","26761020","26761304","chr9","55644411","55644695","45","28883391"
"chr2","26862630","26862933","chr4","59283084","59283385","49","32420454"
"chr2","26921117","26921410","chr1","124250793","124251086","45","97329676"
"chr2","26955488","26955719","chr17","1591062","1591294","50","25364426"
"chr2","26996440","26996767","chr4","55885288","55885612","60","28888848"
"chr2","27104038","27104334","chr8","96118479","96118774","37","69014441"
"chr2","27193376","27193635","chr11","60614947","60615205","46","33421571"
"chr2","27225574","27225825","chr6","89841228","89841489","41","62615654"
"chr2","27309047","27309347","chr3","127858081","127858376","52","100549034"
"chr2","27401476","27401728","chr14","114184730","114184983","51","86783254"
"chr2","27405214","27405502","chr9","7025626","7025918","34","20379588"
"chr2","27452764","27453067","chr4","36322977","36323284","41","8870213"
"chr2","27602131","27602432","chr13","32817425","32817728","29","5215294"
"chr2","27678326","27678626","chr2","38884008","38884302","41","11205682"
"chr2","27684742","27685018","chr16","67962059","67962333","43","40277317"
"chr2","27760640","27760938","chr18","47330497","47330793","41","19569857"
"chr2","27887512","27887794","chr5","96598837","96599116","56","68711325"
"chr2","27971718","27972004","chr16","62639389","62639673","42","34667671"
"chr2","28000325","28000629","chr13","32817425","32817728","36","4817100"
"chr2","28075544","28075855","chr19","35526257","35526569","43","7450713"
"chr2","28182076","28182377","chr3","51065520","51065823","44","22883444"
"chr2","28277434","28277736","chr1","144920099","144920401","48","116642665"
"chr2","28317929","28318227","chr19","35482053","35482349","43","7164124"
"chr2","28352864","28353164","chr19","6166123","6166423","42","22186741"
"chr2","28357360","28357671","chr9","102554847","102555148","45","74197487"
"chr2","28358664","28358979","chr1","18852431","18852735","47","9506233"
"chr2","28510784","28511075","chr6","150565896","150566187","43","122055112"
"chr2","28583984","28584246","chr7","129084233","129084494","37","100500249"
"chr2","28647553","28647884","chr18","37799855","37800179","61","9152302"
"chr2","28659735","28660038","chr17","26510272","26510573","36","2149463"
"chr2","28719790","28720095","chr1","27862319","27862631","55","857471"
"chr2","28763716","28763998","chr10","8337783","8338061","36","20425933"
"chr2","28767580","28767873","chr12","91566288","91566580","45","62798708"
"chr2","28858565","28858882","chr20","26471082","26471399","48","2387483"
"chr2","28864804","28865096","chr19","15605786","15606081","47","13259018"
"chr2","28882272","28882525","chr7","125141660","125141921","41","96259388"
"chr2","28926834","28927132","chr14","98318663","98318962","34","69391829"
"chr2","29058576","29058873","chrX","28734753","28735052","35","323823"
"chr2","29063527","29063815","chr10","43180325","43180616","45","14116798"
"chr2","29152495","29152760","chr3","66231822","66232082","38","37079327"
"chr2","29217948","29218226","chr14","21655489","21655772","47","7562459"
"chr2","29362443","29362727","chr10","81912095","81912379","43","52549652"
"chr2","29374501","29374797","chr14","7830508","7830805","51","21543993"
"chr2","29384191","29384500","chr1","7993999","7994304","30","21390192"
"chr2","29390820","29391098","chr3","3720354","3720622","43","25670466"
"chr2","29410668","29410971","chr7","129456939","129457235","43","100046271"
"chr2","29475103","29475378","chr1","158198823","158199105","39","128723720"
"chr2","29483387","29483690","chr3","34969388","34969689","32","5486001"
"chr2","29484797","29485100","chr11","96571238","96571531","35","67086441"
"chr2","29499711","29499999","chr12","97066018","97066307","47","67566307"
"chr2","29505832","29506147","chr3","12603123","12603437","41","16902709"
"chr2","29549350","29549637","chr10","71196268","71196562","45","41646918"
"chr2","29551409","29551709","chr11","132268790","132269089","43","102717381"
"chr2","29552985","29553251","chr14","55623733","55623997","48","26070748"
"chr2","29577543","29577829","chr9","113525280","113525574","47","83947737"
"chr2","29578855","29579133","chr11","120539159","120539434","42","90960304"
"chr2","29601847","29602153","chr6","148752882","148753187","42","119151035"
"chr2","29650876","29651165","chr1","40137387","40137679","35","10486511"
"chr2","29705366","29705563","chr6","34133394","34133593","31","4428028"
"chr2","29881001","29881308","chr2","11730280","11730589","34","18150721"
"chr2","29909016","29909291","chr16","2090775","2091048","40","27818241"
"chr2","29921771","29922077","chr1","47596774","47597083","42","17675003"
"chr2","30052705","30052997","chr1","94365322","94365615","40","64312617"
"chr2","30063083","30063370","chr1","138442910","138443191","47","108379827"
"chr2","30085757","30086057","chr18","40962798","40963098","34","10877041"
"chr2","30106421","30106718","chr3","150228925","150229224","49","120122504"
"chr2","30122165","30122463","chr9","52526814","52527115","42","22404649"
"chr2","30142981","30143288","chr6","162305397","162305702","50","132162416"
"chr2","30196050","30196336","chr1","103257746","103258032","37","73061696"
"chr2","30210113","30210401","chr3","13489445","13489734","33","16720668"
"chr2","30213163","30213460","chr3","78122440","78122733","42","47909277"
"chr2","30250240","30250532","chr16","22143614","22143913","59","8106626"
"chr2","30292428","30292718","chr14","30952778","30953071","48","660350"
"chr2","30327980","30328293","chr12","79225542","79225846","54","48897562"
"chr2","30335866","30336119","chr14","114184730","114184983","46","83848864"
"chr2","30386497","30386798","chr3","8737956","8738254","46","21648541"
"chr2","30419426","30419712","chr3","46165413","46165699","51","15745987"
"chr2","30426008","30426296","chr3","40442931","40443220","40","10016923"
"chr2","30443491","30443790","chr3","17627009","17627312","47","12816482"
"chr2","30518548","30518846","chr12","35031886","35032181","39","4513338"
"chr2","30583205","30583504","chr16","47080136","47080437","34","16496931"
"chr2","30853549","30853826","chr10","49321662","49321941","47","18468113"
"chr2","30884640","30884936","chr11","88966345","88966635","35","58081705"
"chr2","30935336","30935620","chr10","87129663","87129949","43","56194327"
"chr2","31004876","31005174","chr9","20941332","20941626","39","10063544"
"chr2","31005189","31005494","chr14","5934954","5935260","40","25070235"
"chr2","31027293","31027600","chr4","92243710","92244017","44","61216417"
"chr2","31034327","31034634","chr2","50272353","50272660","40","19238026"
"chr2","31043747","31043870","chr10","19499881","19500000","14","11543866"
"chr2","31047572","31047848","chr9","91250132","91250408","45","60202560"
"chr2","31069123","31069416","chr8","25582102","25582396","29","5487021"
"chr2","31075897","31076004","chr6","127910320","127910434","20","96834423"
"chr2","31077986","31078346","chr16","56337681","56338024","105","25259695"
"chr2","31113666","31113962","chr4","17901217","17901519","41","13212449"
"chr2","31115034","31115302","chr1","80915939","80916203","50","49800905"
"chr2","31130318","31130615","chrX","50656086","50656389","41","19525768"
"chr2","31136795","31137082","chrX","16426045","16426331","53","14710750"
"chr2","31154634","31154934","chr16","49861297","49861598","39","18706663"
"chr2","31155946","31156254","chr3","69228301","69228608","38","38072355"
"chr2","31156708","31157027","chr14","99944761","99945073","62","68788053"
"chr2","31168618","31168873","chr8","20408013","20408271","39","10760605"
"chr2","31178456","31178761","chr11","6563934","6564243","41","24614522"
"chr2","31198164","31198455","chr12","38645893","38646186","35","7447729"
"chr2","31212792","31213082","chr10","16049988","16050292","40","15162804"
"chr2","31214348","31214638","chr12","97146310","97146598","37","65931962"
"chr2","31242418","31242681","chr16","9432797","9433079","40","21809621"
"chr2","31253862","31254158","chr16","48424959","48425259","56","17171097"
"chr2","31288936","31289236","chr2","163628461","163628763","38","132339525"
"chr2","31306447","31306752","chr3","34969388","34969689","36","3662941"
"chr2","31377113","31377419","chr4","151594488","151594786","45","120217375"
"chr2","31420794","31421090","chr5","135737154","135737450","46","104316360"
"chr2","31426649","31426958","chr6","148752882","148753187","49","117326233"
"chr2","31476849","31477147","chr1","30836490","30836784","39","640359"
"chr2","31482526","31482627","chr19","34575818","34575919","14","3093292"
"chr2","31499591","31499891","chr11","10098018","10098319","36","21401573"
"chr2","31509685","31509804","chr14","17517895","17518010","18","13991790"
"chr2","31510241","31510379","chr18","24104552","24104687","16","7405689"
"chr2","31553183","31553473","chr5","86238609","86238898","41","54685426"
"chr2","31562315","31562610","chr7","52736490","52736780","45","21174175"
"chr2","31579765","31580045","chr12","93723047","93723335","57","62143282"
"chr2","31580736","31581027","chr18","6455943","6456224","53","25124793"
"chr2","31610825","31611111","chr2","184580196","184580486","37","152969371"
"chr2","31630015","31630319","chr10","59879761","59880065","40","28249746"
"chr2","31668654","31668938","chr14","47770929","47771212","41","16102275"
"chr2","31682062","31682357","chr7","137319036","137319338","46","105636974"
"chr2","31740402","31740690","chr1","113808848","113809132","45","82068446"
"chr2","31806965","31807264","chr4","33860712","33861004","38","2053747"
"chr2","31906105","31906399","chr7","90971726","90972022","42","59065621"
"chr2","32097061","32097347","chr10","62315260","62315548","41","30218199"
"chr2","32198057","32198300","chr1","14468200","14468440","32","17729857"
"chr2","32217760","32218065","chr5","34488672","34488979","44","2270912"
"chr2","32260549","32260856","chr10","84305980","84306291","42","52045431"
"chr2","32385890","32386177","chr11","109191533","109191831","40","76805643"
"chr2","32660860","32661158","chr11","59744208","59744500","31","27083348"
"chr2","32736011","32736314","chr2","46682521","46682821","35","13946510"
"chr2","32826459","32826750","chr7","116541236","116541527","39","83714777"
"chr2","32835454","32835710","chr7","67057279","67057531","44","34221825"
"chr2","33043397","33043706","chr7","101853697","101853997","46","68810300"
"chr2","33089112","33089403","chr3","35661567","35661859","40","2572455"
"chr2","33267915","33268226","chr19","31897965","31898276","52","1369950"
"chr2","33391813","33392078","chr1","202707884","202708154","40","169316071"
"chr2","33877160","33877268","chr2","158182064","158182167","17","124304904"
"chr2","33900926","33901213","chr16","69034579","69034877","43","35133653"
"chr2","33930574","33930868","chr5","71604977","71605269","36","37674403"
"chr2","33942391","33942701","chr13","69700961","69701271","47","35758570"
"chr2","34020400","34020696","chr10","72394915","72395215","44","38374515"
"chr2","34077571","34077867","chr16","55428143","55428439","37","21350572"
"chr2","34278766","34279072","chr1","67368758","67369056","45","33089992"
"chr2","34340575","34340864","chr4","13663992","13664285","35","20676583"
"chr2","34451503","34451792","chr4","82945647","82945940","38","48494144"
"chr2","34491479","34491773","chr6","134019681","134019975","38","99528202"
"chr2","34558701","34558989","chr14","17713267","17713556","39","16845434"
"chr2","34633564","34633829","chr10","20590808","20591093","55","14042756"
"chr2","34671568","34671859","chr14","111877236","111877529","33","77205668"
"chr2","34672246","34672540","chr10","78814374","78814666","41","44142128"
"chr2","34751850","34752104","chr9","27259920","27260172","54","7491930"
"chr2","34783492","34783769","chr15","26878649","26878926","49","7904843"
"chr2","34860527","34860801","chr9","33981991","33982274","67","878536"
"chr2","34925785","34926069","chr19","7821204","7821487","36","27104581"
"chr2","34940851","34941147","chr3","63343532","63343825","44","28402681"
"chr2","34943174","34943429","chr7","129217963","129218233","48","94274789"
"chr2","34972289","34972519","chr7","121329046","121329267","39","86356757"
"chr2","34983888","34984007","chr1","191044564","191044686","20","156060676"
"chr2","35016924","35017224","chr7","76889431","76889730","31","41872507"
"chr2","35018209","35018490","chr8","70343541","70343824","47","35325332"
"chr2","35059910","35060203","chr5","52449180","52449473","37","17389270"
"chr2","35062515","35062820","chrX","140808445","140808742","44","105745930"
"chr2","35066956","35067226","chr2","85528226","85528500","52","50461270"
"chr2","35077535","35077821","chr16","1419036","1419322","42","33658499"
"chr2","35080394","35080701","chr12","35162072","35162373","43","81678"
"chr2","35086348","35086643","chr6","126513888","126514183","27","91427540"
"chr2","35086729","35087048","chrX","90798452","90798764","45","55711723"
"chr2","35087683","35087978","chr6","56451711","56452003","34","21364028"
"chr2","35102621","35102930","chr3","85980662","85980973","40","50878041"
"chr2","35105928","35106169","chr3","7548115","7548365","41","27557813"
"chr2","35149257","35149557","chr3","10482926","10483222","32","24666331"
"chr2","35187290","35187497","chr3","151807944","151808153","32","116620654"
"chr2","35190508","35190809","chr7","48694397","48694696","35","13503889"
"chr2","35192722","35193030","chrX","108265263","108265568","41","73072541"
"chr2","35238037","35238328","chr15","90210594","90210890","37","54972557"
"chr2","35262292","35262592","chr2","101278895","101279193","41","66016603"
"chr2","35265109","35265421","chr5","144330675","144330978","50","109065566"
"chr2","35285605","35285918","chr11","36769212","36769521","47","1483607"
"chr2","35366756","35367002","chr13","62490389","62490632","35","27123633"
"chr2","35370681","35370976","chr1","57946363","57946656","49","22575682"
"chr2","35373461","35373753","chr11","59744208","59744500","32","24370747"
"chr2","35381234","35381539","chrX","1084025","1084327","45","34297209"
"chr2","35382545","35382845","chr1","170967942","170968244","38","135585397"
"chr2","35388755","35388850","chr1","140851347","140851436","14","105462592"
"chr2","35403786","35404084","chr11","114923633","114923926","42","79519847"
"chr2","35455015","35455291","chr3","172190489","172190787","66","136735474"
"chr2","35487304","35487598","chr15","78910239","78910516","58","43422935"
"chr2","35501975","35502245","chr4","134157189","134157460","45","98655214"
"chr2","35509187","35509340","chrX","126022921","126023078","30","90513734"
"chr2","35536094","35536188","chr1","140851347","140851436","14","105315253"
"chr2","35537205","35537483","chr10","27509342","27509618","46","8027863"
"chr2","35596642","35596943","chr5","161692362","161692665","40","126095720"
"chr2","35600788","35601081","chr5","162478601","162478895","39","126877813"
"chr2","35603928","35604228","chrX","3300129","3300424","41","32303799"
"chr2","35623826","35624115","chr7","52736490","52736780","55","17112664"
"chr2","35624361","35624636","chr12","52370542","52370823","39","16746181"
"chr2","35628926","35629233","chr6","121630847","121631152","44","86001921"
"chr2","35670883","35671187","chr8","31425380","31425680","42","4245503"
"chr2","35713439","35713704","chr2","82130510","82130774","54","46417071"
"chr2","35790463","35790738","chr12","13511504","13511784","59","22278959"
"chr2","35819579","35819877","chr1","109599074","109599380","45","73779495"
"chr2","35867137","35867442","chr6","132540643","132540948","36","96673506"
"chr2","35877593","35877884","chr1","42476755","42477044","34","6599162"
"chr2","35913007","35913300","chr16","50298577","50298876","43","14385570"
"chr2","35946793","35947083","chr1","39680927","39681223","47","3734134"
"chr2","35949503","35949770","chr10","87259063","87259328","43","51309560"
"chr2","36060270","36060571","chr3","130290294","130290595","36","94230024"
"chr2","36076052","36076353","chr18","41828977","41829284","38","5752925"
"chr2","36087366","36087672","chr13","32325637","32325935","62","3761729"
"chr2","36090455","36090740","chr1","109957350","109957629","53","73866895"
"chr2","36097993","36098125","chr2","147186002","147186130","26","111088009"
"chr2","36100066","36100358","chr3","103398952","103399243","38","67298886"
"chr2","36103944","36104238","chr3","46165413","46165699","43","10061469"
"chr2","36112839","36113132","chr7","4375365","4375655","44","31737474"
"chr2","36128747","36129032","chr6","50786627","50786920","47","14657880"
"chr2","36168424","36168523","chr18","40943338","40943431","15","4774914"
"chr2","36169310","36169439","chr8","51403248","51403379","28","15233938"
"chr2","36170248","36170550","chr3","41659431","41659734","31","5489183"
"chr2","36186078","36186386","chr7","77029098","77029406","39","40843020"
"chr2","36193089","36193393","chr15","10779701","10779996","47","25413388"
"chr2","36209649","36209961","chr13","62636440","62636740","43","26426791"
"chr2","36218716","36218963","chr16","58972818","58973067","48","22754102"
"chr2","36226901","36227186","chr9","34536315","34536608","42","1690586"
"chr2","36237104","36237403","chr9","120739868","120740161","41","84502764"
"chr2","36309171","36309479","chrX","45626684","45626995","29","9317513"
"chr2","36338770","36339071","chr17","8929510","8929818","40","27409260"
"chr2","36339907","36340196","chr10","64805632","64805934","53","28465725"
"chr2","36390090","36390398","chr4","69425921","69426221","40","33035831"
"chr2","36397938","36398230","chr7","18532501","18532788","36","17865437"
"chr2","36403507","36403795","chr20","22160635","22160926","38","14242872"
"chr2","36414378","36414668","chr5","11157181","11157474","35","25257197"
"chr2","36417063","36417374","chr1","11912016","11912323","40","24505047"
"chr2","36421452","36421749","JH682036","358126","358421","36","36063326"
"chr2","36425160","36425457","chr1","48444023","48444319","47","12018863"
"chr2","36428957","36429263","chr1","11700834","11701140","40","24728123"
"chr2","36429537","36429811","chr14","8680117","8680387","40","27749420"
"chr2","36432629","36432915","chr8","10102742","10103034","40","26329887"
"chr2","36433359","36433653","chr3","70428561","70428857","49","33995202"
"chr2","36433929","36434236","chr2","171679128","171679430","41","135245199"
"chr2","36449460","36449737","chr17","21216219","21216495","48","15233241"
"chr2","36449738","36450011","chr1","163989460","163989738","45","127539722"
"chr2","36462678","36462982","chr2","77735973","77736266","44","41273295"
"chr2","36476907","36477239","chrX","41871941","41872271","68","5395034"
"chr2","36497129","36497448","chr20","17788510","17788822","53","18708619"
"chr2","36505084","36505391","chr16","25575926","25576229","44","10929158"
"chr2","36531730","36531979","chr16","58972818","58973067","42","22441088"
"chr2","36606610","36606901","chr2","38884008","38884302","41","2277398"
"chr2","36609475","36609789","chr7","130592341","130592641","55","93982866"
"chr2","36641221","36641503","chr2","47448205","47448491","45","10806984"
"chr2","36663780","36664088","chr7","1966989","1967292","48","34696791"
"chr2","36669049","36669323","chr7","42901335","42901614","44","6232286"
"chr2","36670762","36671062","chr13","117086671","117086971","34","80415909"
"chr2","36975040","36975329","chr1","42476755","42477044","32","5501715"
"chr2","36975618","36975914","chr3","127707998","127708293","38","90732380"
"chr2","36983603","36983899","chr1","94365322","94365615","39","57381719"
"chr2","37128912","37129215","chr2","186451766","186452061","40","149322854"
"chr2","37147203","37147471","chr2","48921809","48922082","48","11774606"
"chr2","37179481","37179733","chr8","25856240","25856492","55","11323241"
"chr2","37201962","37202260","chrX","38099288","38099585","44","897326"
"chr2","37222467","37222762","chr18","48465782","48466081","42","11243315"
"chr2","37224128","37224368","chr11","18887437","18887672","40","18336691"
"chr2","37242068","37242376","chrX","6292568","6292871","40","30949500"
"chr2","37284511","37284802","chr9","7025626","7025918","35","30258885"
"chr2","37285627","37285781","chrX","16048631","16048785","25","21236996"
"chr2","37286694","37286824","chr6","133913254","133913389","19","96626560"
"chr2","37300691","37301003","chrX","124383342","124383652","43","87082651"
"chr2","37305736","37306023","chr10","62315260","62315548","35","25009524"
"chr2","37306400","37306687","chr4","37628815","37629100","38","322415"
"chr2","37311729","37312014","chr16","9432797","9433079","43","27878932"
"chr2","37313153","37313448","chr6","133004541","133004839","47","95691388"
"chr2","37316639","37316957","chr10","69629685","69629991","46","32313046"
"chr2","37327237","37327543","chr15","96588502","96588809","38","59261265"
"chr2","37328364","37328674","chr3","35164529","35164835","40","2163835"
"chr2","37350759","37351068","chr13","36338632","36338934","40","1012127"
"chr2","37364972","37365245","chr1","58524450","58524717","68","21159478"
"chr2","37365924","37366179","chr8","39070610","39070870","48","1704686"
"chr2","37382067","37382368","chr18","13492207","13492505","35","23889860"
"chr2","37387470","37387779","chr4","33663349","33663650","35","3724121"
"chr2","37412505","37412806","chr1","67097369","67097671","35","29684864"
"chr2","37469470","37469761","JH682036","358126","358421","31","37111344"
"chr2","37486098","37486409","chrX","43883084","43883389","36","6396986"
"chr2","37534409","37534717","chr7","114822770","114823069","44","77288361"
"chr2","37541245","37541543","chr4","161348442","161348744","44","123807197"
"chr2","37543849","37544129","chr7","91303752","91304040","51","53759903"
"chr2","37555268","37555535","chr14","5963015","5963278","48","31592253"
"chr2","37571568","37571859","chr1","124250793","124251086","41","86679225"
"chr2","37578152","37578443","chr16","8610602","8610899","42","28967550"
"chr2","37589093","37589377","chr8","50618249","50618537","52","13029156"
"chr2","37623437","37623701","chr7","79680213","79680489","58","42056776"
"chr2","37646594","37646891","chr4","159596604","159596907","42","121950010"
"chr2","37672250","37672534","chr16","45339014","45339298","39","7666764"
"chr2","37674000","37674265","chr2","49059917","49060182","35","11385917"
"chr2","37686987","37687286","chr1","158805545","158805840","38","121118558"
"chr2","37738696","37738973","chr11","58604105","58604392","49","20865409"
"chr2","37924544","37924830","chr3","26409691","26409983","45","11514853"
"chr2","37926433","37926709","chr15","95537102","95537383","45","57610669"
"chr2","37947035","37947338","chr4","3588537","3588838","35","34358498"
"chr2","37986717","37987022","chr9","85132193","85132498","38","47145476"
"chr2","38001698","38001992","chr8","91540919","91541218","40","53539221"
"chr2","38002113","38002413","chr2","102989050","102989349","41","64986937"
"chr2","38078065","38078288","chr7","121329046","121329267","51","83250981"
"chr2","38154984","38155281","chr16","18913306","18913612","43","19241678"
"chr2","38193621","38193905","chr6","147822924","147823209","43","109629303"
"chr2","38207717","38208016","chr10","16049988","16050292","52","22157729"
"chr2","38234246","38234541","chr11","59744208","59744500","31","21509962"
"chr2","38250388","38250684","chr9","19850832","19851138","49","18399556"
"chr2","38278513","38278757","chr11","44335175","44335429","51","6056662"
"chr2","38298180","38298358","chr1","3897321","3897496","29","34400859"
"chr2","38341450","38341756","chr10","67405046","67405353","38","29063596"
"chr2","38407393","38407679","chr12","69972996","69973280","46","31565603"
"chr2","38427138","38427432","chr15","36493056","36493358","42","1934082"
"chr2","38432896","38433175","chr2","135177745","135178021","37","96744849"
"chr2","38560696","38561001","chr4","29986610","29986915","38","8574086"
"chr2","38578765","38579067","chr4","69347489","69347789","34","30768724"
"chr2","38587872","38588159","chr1","91521758","91522057","42","52933886"
"chr2","38613429","38613728","chr10","72394915","72395215","34","33781486"
"chr2","38625706","38626014","chr6","9458255","9458561","35","29167451"
"chr2","38638001","38638304","chr9","52526814","52527115","48","13888813"
"chr2","38680508","38680804","chr20","51745649","51745944","30","13065141"
"chr2","38688099","38688383","chr1","57946363","57946656","45","19258264"
"chr2","38702212","38702465","chr6","135223648","135223905","40","96521436"
"chr2","38810921","38811215","chrX","109211107","109211398","40","70400186"
"chr2","38812694","38812863","chr19","9946015","9946183","25","28866679"
"chr2","38840909","38841203","chr13","62991818","62992120","41","24150909"
"chr2","38879234","38879537","chr17","90064516","90064819","45","51185282"
"chr2","38895381","38895680","chr6","40346304","40346603","41","1450923"
"chr2","38898484","38898778","chr4","7297871","7298169","42","31600613"
"chr2","38925192","38925479","chr5","34504261","34504542","34","4420931"
"chr2","38966699","38966959","chr10","36946355","36946617","36","2020344"
"chr2","38970042","38970344","chr7","114795060","114795360","35","75825018"
"chr2","39051249","39051541","chrX","17374431","17374730","48","21676818"
"chr2","39060752","39061044","chr2","96826999","96827292","41","57766247"
"chr2","39104765","39105020","chr2","106270969","106271223","40","67166204"
"chr2","39125303","39125596","chr4","13663992","13664285","32","25461311"
"chr2","39155864","39156160","chr2","43296629","43296936","51","4140765"
"chr2","39174006","39174294","chr10","78749019","78749318","39","39575013"
"chr2","39180325","39180630","chr10","16049988","16050292","43","23130337"
"chr2","39206811","39207113","chr16","49861297","49861598","40","10654486"
"chr2","39247476","39247791","chr2","41438773","41439082","47","2191297"
"chr2","39281502","39281803","chr5","32834443","32834754","46","6447059"
"chr2","39338746","39339050","chr6","73202551","73202854","38","33863805"
"chr2","39346989","39347287","chr13","32817425","32817728","35","6529564"
"chr2","39403064","39403368","chr4","13346653","13346950","39","26056411"
"chr2","39413989","39414284","chr8","31649147","31649450","45","7764842"
"chr2","39428389","39428656","chr14","28482811","28483074","37","10945578"
"chr2","39431501","39431810","chr3","42899950","42900256","45","3468449"
"chr2","39440361","39440651","chr5","58546611","58546904","35","19106250"
"chr2","39448275","39448556","chr11","93641943","93642225","37","54193668"
"chr2","39453228","39453517","chr9","20941332","20941626","37","18511896"
"chr2","39456427","39456714","chr14","30544530","30544818","42","8911897"
"chr2","39493914","39494206","chr3","41659431","41659734","49","2165517"
"chr2","39528599","39528882","chr4","135406127","135406409","42","95877528"
"chr2","39567578","39567871","chr4","103422957","103423247","35","63855379"
"chr2","39623321","39623629","chr11","31591981","31592280","44","8031340"
"chr2","39672872","39673164","chr1","128477471","128477761","41","88804599"
"chr2","39702658","39702964","chr6","136206452","136206761","41","96503794"
"chr2","39731211","39731492","chr2","130457201","130457479","50","90725990"
"chr2","39746487","39746797","chr7","18741876","18742175","41","21004611"
"chr2","39813744","39813996","chr2","87275343","87275609","54","47461599"
"chr2","39822344","39822634","chrX","3300129","3300424","52","36522215"
"chr2","39856516","39856825","chr14","97984505","97984810","47","58127989"
"chr2","39965893","39966194","chr11","10098018","10098319","30","29867875"
"chr2","40074361","40074668","chr6","124714488","124714790","40","84640127"
"chr2","40112931","40113234","chr2","55010925","55011223","41","14897994"
"chr2","40242232","40242521","chr10","62315260","62315548","32","22073028"
"chr2","40669706","40669999","chr3","35657443","35657739","32","5012263"
"chr2","40732980","40733280","chr1","163969411","163969716","44","123236431"
"chr2","40751121","40751421","chr16","48424959","48425259","43","7673838"
"chr2","40774083","40774397","chr12","63079032","63079340","42","22304949"
"chr2","40797380","40797658","chr14","21655489","21655772","38","19141891"
"chr2","41109107","41109400","chr6","113414976","113415281","48","72305869"
"chr2","41123463","41123750","chr10","33061325","33061614","49","8062138"
"chr2","41146229","41146522","chr7","117030480","117030769","35","75884251"
"chr2","41231601","41231877","chr2","135177745","135178021","42","93946144"
"chr2","41241185","41241482","chr20","17639968","17640261","47","23601217"
"chr2","41281487","41281784","chr13","32817425","32817728","30","8464062"
"chr2","41408274","41408557","chr3","5171756","5172039","44","36236518"
"chr2","41626822","41627185","chr15","96676955","96677274","104","55050133"
"chr2","41650001","41650270","chr5","2121146","2121416","39","39528855"
"chr2","41651266","41651495","chr7","121329046","121329267","37","79677780"
"chr2","41734750","41735045","chr11","59744208","59744500","32","18009458"
"chr2","41936166","41936475","chr20","57880354","57880665","46","15944188"
"chr2","41940974","41941110","chr1","67055872","67056012","23","25114898"
"chr2","41944544","41944843","chr14","5637621","5637921","47","36306923"
"chr2","42048042","42048301","chr8","139527274","139527522","45","97479232"
"chr2","42052646","42052936","chr11","59744208","59744500","28","17691562"
"chr2","42164005","42164301","chr4","34365154","34365445","43","7798851"
"chr2","42226207","42226518","chr18","51183412","51183721","37","8957205"
"chr2","42245791","42246103","chr1","128155382","128155688","37","85909591"
"chr2","42295886","42296193","chr9","50566898","50567202","38","8271012"
"chr2","42371120","42371331","chr4","124247170","124247383","49","81876050"
"chr2","42504197","42504498","chr13","32817425","32817728","35","9686772"
"chr2","42558881","42559134","chr4","162305040","162305294","43","119746159"
"chr2","42843052","42843327","chr16","1630024","1630299","38","41213028"
"chr2","42891848","42892135","chr20","69383615","69383902","41","26491767"
"chr2","43238683","43238993","chr3","35164529","35164835","53","8074154"
"chr2","43251057","43251346","chr9","57023538","57023829","37","13772481"
"chr2","43266714","43266995","chr19","31032646","31032925","53","12234068"
"chr2","43269349","43269640","chr11","120626708","120626998","44","77357359"
"chr2","43309512","43309814","chr10","16049988","16050292","46","27259524"
"chr2","43323933","43324237","chr10","62315260","62315548","52","18991327"
"chr2","43333855","43334152","chr15","23696241","23696536","38","19637614"
"chr2","43340830","43341124","chr7","52736490","52736780","41","9395660"
"chr2","43342451","43342714","JH682036","205258","205522","35","43137193"
"chr2","43350248","43350399","chr3","44677818","44677981","50","1327570"
"chr2","43351354","43351485","chr1","197772553","197772689","23","154421199"
"chr2","43371975","43372266","chr2","47762774","47763066","34","4390799"
"chr2","43407744","43408027","chr1","47939210","47939486","49","4531466"
"chr2","43441650","43441942","chr10","10378732","10379028","39","33062918"
"chr2","43456334","43456635","chr3","53222154","53222450","39","9765820"
"chr2","43508398","43508698","chrX","38401029","38401332","51","5107369"
"chr2","43553273","43553554","chr6","147822924","147823209","35","104269651"
"chr2","43605616","43605897","chr3","178463842","178464137","47","134858226"
"chr2","43734767","43735074","chr7","95573933","95574241","38","51839166"
"chr2","43745044","43745339","chr1","40659470","40659761","49","3085574"
"chr2","43933617","43933926","chr13","32817425","32817728","35","11116192"
"chr2","44000319","44000595","chr15","78590602","78590883","51","34590283"
"chr2","44022188","44022492","chr18","1753589","1753893","52","42268599"
"chr2","44031096","44031393","chr6","124714488","124714790","49","80683392"
"chr2","44049581","44049847","chr11","129875931","129876202","51","85826350"
"chr2","44208076","44208369","chr2","163396132","163396420","55","119188056"
"chr2","44286700","44286992","chr11","88966345","88966635","32","44679645"
"chr2","44350075","44350224","chr13","3648511","3648659","15","40701564"
"chr2","44498827","44499128","chr1","17653957","17654260","41","26844870"
"chr2","44545872","44546158","chr16","45919427","45919715","31","1373555"
"chr2","44555238","44555456","chr11","117264723","117264944","33","72709485"
"chr2","44675883","44676193","chr16","6949294","6949602","35","37726589"
"chr2","44762900","44763187","chr1","42476755","42477044","46","2286145"
"chr2","44772262","44772570","chr11","123129724","123130034","39","78357462"
"chr2","44802085","44802408","chr1","30616752","30617074","53","14185333"
"chr2","44803781","44804097","chr17","8929510","8929818","53","35874271"
"chr2","44834542","44834837","JH682036","358126","358421","31","44476416"
"chr2","44849594","44849877","chr16","18796729","18797022","40","26052865"
"chr2","44865163","44865474","chr3","45563980","45564290","37","698817"
"chr2","44867159","44867449","chr20","32453396","32453683","37","12413763"
"chr2","44964984","44965282","chr6","124714488","124714790","42","79749504"
"chr2","45073202","45073509","chr5","167818641","167818945","52","122745439"
"chr2","45235997","45236287","chr6","64722581","64722882","48","19486584"
"chr2","45299918","45300221","chr13","32817425","32817728","30","12482493"
"chr2","45327823","45327955","chr7","148178713","148178841","20","102850890"
"chr2","45520110","45520398","chr1","48763142","48763429","48","3243032"
"chr2","45554026","45554319","chr3","7195487","7195782","51","38358539"
"chr2","45572054","45572172","chr4","153340818","153340928","40","107768764"
"chr2","45612337","45612620","chr19","645039","645323","38","44967298"
"chr2","45621218","45621486","chr1","124567798","124568069","57","78946580"
"chr2","45830836","45831117","chr1","22629555","22629833","40","23201281"
"chr2","45905599","45905896","chr4","132287893","132288193","36","86382294"
"chr2","46168546","46168835","chr10","90842658","90842955","49","44674112"
"chr2","46177263","46177562","chr14","8928334","8928644","50","37248929"
"chr2","46693243","46693534","chr7","33857318","33857609","42","12835925"
"chr2","46770510","46770805","chr7","130049195","130049488","37","83278685"
"chr2","46792270","46792502","chr18","71908745","71908980","41","25116475"
"chr2","46878875","46879165","chr16","56231923","56232210","35","9353048"
"chr2","46906122","46906399","chr16","1419036","1419322","43","45487086"
"chr2","46928494","46928794","chr17","24234880","24235184","45","22693614"
"chr2","46955286","46955581","chr17","29792112","29792406","45","17163174"
"chr2","46962461","46962763","chr4","2968205","2968507","40","43994256"
"chr2","46971401","46971684","chr13","68985663","68985952","39","22014262"
"chr2","46978908","46979215","chr13","32817425","32817728","37","14161483"
"chr2","46982014","46982318","chr2","46682521","46682821","38","299493"
"chr2","46987700","46987996","chr12","62828013","62828306","48","15840313"
"chr2","46999110","46999398","chr14","21655489","21655772","61","25343621"
"chr2","47015906","47016208","chrX","75305907","75306201","39","28290001"
"chr2","47022699","47023003","chr9","25603269","25603573","40","21419430"
"chr2","47072929","47073228","chr12","35031886","35032181","42","12041043"
"chr2","47105290","47105592","chr6","116662162","116662454","52","69556872"
"chr2","47135744","47136029","chr7","63503555","63503839","44","16367811"
"chr2","47140016","47140303","chr4","160599897","160600192","38","113459881"
"chr2","47165695","47165913","chr7","121329046","121329267","28","74163351"
"chr2","47204575","47204873","chr1","124250793","124251086","39","77046218"
"chr2","47254043","47254337","chr2","84844754","84845049","35","37590711"
"chr2","47277265","47277384","chr11","83048168","83048288","18","35770903"
"chr2","47306455","47306753","chr4","43066177","43066480","38","4240278"
"chr2","47361382","47361678","chr3","55635386","55635672","48","8274004"
"chr2","47370463","47370748","chr17","11566262","11566554","45","35804201"
"chr2","47372964","47373244","chr10","35053601","35053885","36","12319363"
"chr2","47382597","47382893","chr2","186451766","186452061","31","139069169"
"chr2","47395075","47395364","chr3","161066291","161066579","36","113671216"
"chr2","47410342","47410654","chr19","35526257","35526569","39","11884085"
"chr2","47426980","47427230","chr5","133797177","133797424","39","86370197"
"chr2","47462992","47463306","chr7","60225235","60225537","46","12762243"
"chr2","47530343","47530642","chr20","87623","87917","46","47442720"
"chr2","47544693","47545012","chr12","63820146","63820469","43","16275453"
"chr2","47554929","47555224","chr3","10482926","10483222","41","37072003"
"chr2","47555696","47555967","chr4","36743938","36744205","41","10811758"
"chr2","47557143","47557453","chr3","127876014","127876324","41","80318871"
"chr2","47636987","47637276","chr5","2577333","2577630","47","45059654"
"chr2","47737234","47737552","chr11","122217098","122217409","61","74479864"
"chr2","47775949","47776242","chr11","59744208","59744500","34","11968259"
"chr2","47816630","47816936","chrX","16426045","16426331","71","31390585"
"chr2","47838468","47838784","chr6","143928003","143928312","63","96089535"
"chr2","47853004","47853248","chr11","71045850","71046097","52","23192846"
"chr2","47878869","47879173","chr3","34969388","34969689","37","12909481"
"chr2","47891979","47892269","chr3","48298408","48298697","38","406429"
"chr2","47894408","47894526","chr4","12846401","12846518","17","35048007"
"chr2","47895244","47895376","chr8","51403248","51403379","24","3508004"
"chr2","47897466","47897767","chrX","15713155","15713456","39","32184311"
"chr2","47934150","47934451","chr14","61662606","61662905","41","13728456"
"chr2","47935349","47935657","chr2","144423348","144423659","38","96487999"
"chr2","47952785","47953099","chr3","12603123","12603437","43","35349662"
"chr2","47954957","47955267","chr7","79688233","79688542","43","31733276"
"chr2","47958233","47958541","chr6","124714488","124714790","33","76756255"
"chr2","47969163","47969452","chr13","62636440","62636740","47","14667277"
"chr2","48035449","48035761","chr11","13691517","13691834","51","34343932"
"chr2","48038437","48038735","chr14","97063613","97063911","37","49025176"
"chr2","48091538","48091847","chr1","83385711","83386020","38","35294173"
"chr2","48151117","48151427","chr9","86202576","86202886","33","38051459"
"chr2","48161508","48161811","chr6","144013047","144013355","49","95851539"
"chr2","48174213","48174530","chr1","110132543","110132853","48","61958330"
"chr2","48193518","48193800","chr6","144918364","144918646","42","96724846"
"chr2","48216287","48216571","chr10","62613928","62614216","39","14397641"
"chr2","48242178","48242449","chrX","65477408","65477681","37","17235230"
"chr2","48321390","48321705","chr11","36769212","36769521","46","11552178"
"chr2","48326783","48327014","chr12","18575236","18575452","59","29751547"
"chr2","48343374","48343660","chr9","92292916","92293201","47","43949542"
"chr2","48347628","48347925","chr15","57652318","57652603","44","9304690"
"chr2","48355091","48355402","chr6","144013047","144013355","49","95657956"
"chr2","48482298","48482595","chr5","5215833","5216129","30","43266465"
"chr2","48482597","48482679","chr20","41045680","41045765","13","7436917"
"chr2","48548912","48549225","chr11","30626689","30626995","40","17922223"
"chr2","48557949","48558212","chr2","165757823","165758089","46","117199874"
"chr2","48638890","48639153","chr13","37391238","37391494","44","11247652"
"chr2","48687626","48687935","chr1","203531342","203531647","51","154843716"
"chr2","48692013","48692109","chr3","71895966","71896061","19","23203953"
"chr2","48702814","48702910","chr10","79299764","79299863","19","30596950"
"chr2","48749393","48749677","chr16","44203969","44204255","45","4545424"
"chr2","48838197","48838351","chr3","151747443","151747601","26","102909246"
"chr2","48847510","48847790","chrX","139100323","139100604","35","90252813"
"chr2","48898705","48898953","chr11","51812872","51813121","42","2914167"
"chr2","49017572","49017873","chr7","131418663","131418968","40","82401091"
"chr2","49083768","49084068","chr3","160772561","160772858","32","111688793"
"chr2","49087297","49087589","chr6","142572268","142572563","38","93484971"
"chr2","49158604","49158903","chr19","30423161","30423462","39","18735443"
"chr2","49177355","49177650","chr9","14690494","14690788","33","34486861"
"chr2","49271886","49272129","chr18","1221762","1222005","30","48050124"
"chr2","49285398","49285700","chr6","145151461","145151763","45","95866063"
"chr2","49356188","49356491","chr20","30930963","30931272","39","18425225"
"chr2","49360180","49360465","chr5","60428647","60428931","42","11068467"
"chr2","49392551","49392869","chr2","50634219","50634525","47","1241668"
"chr2","49401681","49401980","chr3","125389091","125389392","28","75987410"
"chr2","49422408","49422712","chr2","99629442","99629744","47","50207034"
"chr2","49432721","49433017","chr1","42116494","42116795","45","7316227"
"chr2","49459432","49459732","chr16","69034579","69034877","33","19575147"
"chr2","49472666","49472970","chr19","3064712","3065012","30","46407954"
"chr2","49481852","49482128","chr10","83843135","83843419","55","34361283"
"chr2","49534968","49535271","chr11","36769212","36769521","42","12765756"
"chr2","49553455","49553751","chr9","45429109","45429407","42","4124346"
"chr2","49845089","49845392","chr3","42282848","42283156","46","7562241"
"chr2","49880661","49880971","chr7","38013110","38013409","55","11867551"
"chr2","49949774","49950077","chr14","85050410","85050708","39","35100636"
"chr2","49992163","49992451","chr8","90463712","90464008","36","40471549"
"chr2","50039574","50039812","chr7","24936105","24936346","32","25103469"
"chr2","50092818","50093111","chr7","38013110","38013409","33","12079708"
"chr2","50114513","50114765","chr20","23378215","23378467","40","26736298"
"chr2","50264649","50264940","chr1","129924466","129924761","35","79659817"
"chr2","50335815","50336035","chr15","80235723","80235954","86","29899908"
"chr2","50523130","50523403","chr3","66658496","66658752","66","16135366"
"chr2","50543608","50543911","chr11","47924958","47925256","39","2618650"
"chr2","50550201","50550312","chr2","29169010","29169120","15","21381191"
"chr2","50580727","50581007","chr16","50840979","50841269","50","260252"
"chr2","50663280","50663419","chr8","39731869","39732008","28","10931411"
"chr2","50692198","50692496","chr19","3064712","3065012","40","47627486"
"chr2","50893096","50893382","chr10","17893865","17894156","44","32999231"
"chr2","50893708","50894000","chr9","7025626","7025918","33","43868082"
"chr2","50996328","50996615","chr3","155966831","155967125","41","104970503"
"chr2","51105643","51105901","chr13","125572433","125572680","49","74466790"
"chr2","51122923","51123221","chr16","49625494","49625797","43","1497429"
"chr2","51165048","51165293","chr2","173196809","173197055","40","122031761"
"chr2","51197465","51197761","chr15","92862908","92863213","42","41665443"
"chr2","51211540","51211821","chr16","1419036","1419322","53","49792504"
"chr2","51356303","51356479","chr11","50101895","50102056","35","1254408"
"chr2","51445468","51445763","chr2","99649631","99649925","44","48204163"
"chr2","51505290","51505583","chr12","11131478","11131777","45","40373812"
"chr2","51578637","51578934","chr2","44047045","44047343","41","7531592"
"chr2","51638271","51638485","chr1","212639798","212640013","44","161001527"
"chr2","51642727","51643036","chr6","118470789","118471096","46","66828062"
"chr2","51866148","51866430","chr11","59744208","59744500","37","7878060"
"chr2","51931095","51931388","chr8","125553163","125553457","33","73622068"
"chr2","51937750","51938057","chr7","77029098","77029406","43","25091348"
"chr2","52320504","52320791","chr13","27876019","27876307","34","24444485"
"chr2","52375365","52375650","chr4","20045092","20045381","39","32330273"
"chr2","52385899","52386174","chr2","158049230","158049511","44","105663331"
"chr2","52392710","52392981","chr6","153464607","153464879","50","101071897"
"chr2","52513003","52513294","chr4","2534955","2535251","46","49978048"
"chr2","52554819","52554990","chr4","31199292","31199462","21","21355527"
"chr2","52571311","52571602","chr12","98300764","98301051","36","45729453"
"chr2","52587562","52587859","chr16","55715676","55715976","42","3128114"
"chr2","52602305","52602602","chr1","124050585","124050888","42","71448280"
"chr2","52618648","52618803","chr1","123784024","123784177","32","71165376"
"chr2","52628470","52628777","chr1","7993999","7994304","35","44634471"
"chr2","52638706","52639021","chr10","64596278","64596590","41","11957572"
"chr2","52672052","52672346","chr7","133065043","133065330","36","80392991"
"chr2","52684463","52684760","chr10","72394915","72395215","35","19710452"
"chr2","52707209","52707504","chr4","31384902","31385196","41","21322307"
"chr2","52745646","52745911","chr6","37539523","37539787","40","15206123"
"chr2","52809653","52809961","chr14","4946155","4946463","46","47863498"
"chr2","52812785","52813086","chr2","96826999","96827292","47","44014214"
"chr2","52818294","52818597","chr13","32817425","32817728","37","20000869"
"chr2","52837297","52837561","chr20","37404718","37404983","37","15432579"
"chr2","52856666","52856906","chr16","20615728","20615956","43","32240938"
"chr2","52869852","52870148","chr1","158815913","158816209","44","105946061"
"chr2","52877392","52877513","chr5","154301516","154301636","16","101424124"
"chr2","52974669","52974956","chr6","165329904","165330188","34","112355235"
"chr2","53110373","53110683","chrX","142505359","142505669","37","89394986"
"chr2","53168737","53169035","chr2","77826884","77827182","37","24658147"
"chr2","53227096","53227354","chr15","2822633","2822899","46","50404463"
"chr2","53253803","53254101","chr13","32817425","32817728","33","20436378"
"chr2","53305640","53305941","chrX","28734753","28735052","39","24570887"
"chr2","53488519","53488827","chr7","154477978","154478289","36","100989459"
"chr2","53599357","53599639","chr16","1419036","1419322","49","52180321"
"chr2","53614443","53614740","chr3","45626371","45626668","33","7988072"
"chr2","53679918","53680217","chr1","91521758","91522057","38","37841840"
"chr2","53760242","53760348","chr7","33424137","33424236","20","20336105"
"chr2","53777040","53777335","chr10","78793021","78793318","36","25015981"
"chr2","54099678","54099986","chrX","113091953","113092258","41","58992275"
"chr2","54146501","54146776","chr15","21464395","21464674","53","32682106"
"chr2","54197808","54198105","chr4","30299781","30300089","51","23898027"
"chr2","54299851","54300159","chr14","21391759","21392069","52","32908092"
"chr2","54531180","54531466","chr4","34747186","34747478","42","19783994"
"chr2","54636852","54637147","chr15","22561456","22561749","46","32075396"
"chr2","54669479","54669763","chr9","37613139","37613425","44","17056340"
"chr2","54685383","54685676","chr8","25582102","25582396","33","29103281"
"chr2","54702140","54702418","chr4","30656456","30656736","42","24045684"
"chr2","54879387","54879654","chr20","37404718","37404983","40","17474669"
"chr2","55005862","55005984","chr1","185763091","185763209","15","130757229"
"chr2","55009800","55010093","chr6","35603695","35603984","46","19406105"
"chr2","55035652","55035947","chr8","25582102","25582396","40","29453550"
"chr2","55041889","55042198","chr13","32817425","32817728","43","22224464"
"chr2","55106603","55106882","chr2","80258947","80259231","38","25152344"
"chr2","55149963","55150258","chr15","7561500","7561795","36","47588463"
"chr2","55153295","55153596","chr6","124714488","124714790","48","69561193"
"chr2","55193641","55193887","chr14","114184730","114184983","46","58991089"
"chr2","55203236","55203511","chr13","90970128","90970408","39","35766892"
"chr2","55207464","55207766","chr4","154100211","154100509","35","98892747"
"chr2","55208466","55208777","chr13","73992590","73992885","52","18784124"
"chr2","55211645","55211958","chr6","124714488","124714790","45","69502843"
"chr2","55213594","55213884","chr1","27049382","27049672","43","28164212"
"chr2","55236969","55237214","chr12","89914525","89914782","55","34677556"
"chr2","55251546","55251856","chr19","41765066","41765377","46","13486480"
"chr2","55278096","55278390","chr12","86662303","86662604","44","31384207"
"chr2","55334285","55334592","chr7","93612219","93612525","45","38277934"
"chr2","55340611","55340901","chr7","119005570","119005858","42","63664959"
"chr2","55344398","55344684","chr9","84413940","84414230","53","29069542"
"chr2","55381064","55381333","chr7","125141660","125141921","41","69760596"
"chr2","55385277","55385579","chr9","88566306","88566605","42","33181029"
"chr2","55386391","55386691","chr7","77029098","77029406","40","21642707"
"chr2","55411514","55411824","chr19","30406403","30406702","52","25005111"
"chr2","55440631","55440921","chr1","26911210","26911500","40","28529421"
"chr2","55449855","55450150","chr8","2008890","2009187","47","53440965"
"chr2","55460894","55461193","chr14","97063613","97063911","43","41602719"
"chr2","55479291","55479443","chr1","63636938","63637065","42","8157647"
"chr2","55479561","55479670","chr15","78983417","78983543","28","23503856"
"chr2","55486884","55487183","chr4","34747186","34747478","38","20739698"
"chr2","55513838","55514105","chr9","29298994","29299265","45","26214844"
"chr2","55529851","55530135","chr12","19288008","19288295","54","36241843"
"chr2","55530136","55530431","chr2","168564679","168564973","37","113034543"
"chr2","55531831","55532136","chr15","39654240","39654536","47","15877591"
"chr2","55548990","55549299","chr2","184580196","184580486","59","129031206"
"chr2","55578715","55579010","chr2","42614689","42614986","40","12964026"
"chr2","55584415","55584726","chr1","199749826","199750136","33","144165411"
"chr2","55643513","55643814","chr10","29691322","29691619","45","25952191"
"chr2","55706118","55706425","chr10","33030101","33030407","42","22676017"
"chr2","55709842","55710143","chr11","36769212","36769521","47","18940630"
"chr2","55742274","55742595","chr20","49007291","49007596","57","6734983"
"chr2","55993348","55993568","chr12","36948541","36948760","41","19044807"
"chr2","56095529","56095836","chr1","117918653","117918960","41","61823124"
"chr2","56109502","56109800","chr6","158828572","158828871","48","102719070"
"chr2","56176228","56176468","chr6","8707096","8707333","46","47469132"
"chr2","56241373","56241669","chr9","79342653","79342946","38","23101280"
"chr2","56277163","56277450","chr11","104267729","104268018","39","47990566"
"chr2","56319569","56319864","chr15","7561500","7561795","44","48758069"
"chr2","56387049","56387358","chr3","44152346","44152653","55","12234703"
"chr2","56390013","56390211","chr14","84701804","84701995","35","28311791"
"chr2","56420531","56420827","chr5","159154245","159154541","44","102733714"
"chr2","56513875","56514207","chrX","11280666","11280997","40","45233209"
"chr2","56528422","56528729","JH682036","180321","180632","41","56348101"
"chr2","56535660","56535952","chr7","117030480","117030769","36","60494820"
"chr2","56550744","56551049","chr2","71625234","71625546","41","15074490"
"chr2","56568441","56568746","chr3","9531529","9531830","36","47036912"
"chr2","56579062","56579364","chr13","62636440","62636740","33","6057378"
"chr2","56584868","56585176","chr1","18100109","18100412","41","38484759"
"chr2","56646875","56647178","chr13","85075735","85076030","42","28428860"
"chr2","56736103","56736357","chr7","65273986","65274248","35","8537883"
"chr2","56740067","56740328","chr14","85601211","85601476","48","28861144"
"chr2","56763796","56764083","chr1","42476755","42477044","46","14287041"
"chr2","56939660","56939960","chr19","12557275","12557573","48","44382385"
"chr2","56960078","56960384","chr8","97994163","97994466","46","41034085"
"chr2","56968860","56968943","chr20","41045680","41045765","13","15923180"
"chr2","57030706","57031005","chr10","29691322","29691619","47","27339384"
"chr2","57063568","57063865","chr11","59744208","59744500","35","2680640"
"chr2","57075326","57075606","chrX","139100323","139100604","39","82024997"
"chr2","57094787","57095083","chr17","10114847","10115143","40","46979940"
"chr2","57100741","57100970","chr2","4522425","4522657","39","52578316"
"chr2","57102419","57102522","chr9","93388014","93388117","17","36285595"
"chr2","57114300","57114607","chr10","82547474","82547785","52","25433174"
"chr2","57334611","57334906","chr13","46326360","46326648","51","11008251"
"chr2","57400115","57400403","chr1","124250793","124251086","39","66850678"
"chr2","57428025","57428283","chr1","94624560","94624820","38","37196535"
"chr2","57452890","57453187","chr7","91577966","91578264","36","34125076"
"chr2","57497190","57497484","chr1","14143915","14144209","46","43353275"
"chr2","57521163","57521459","chr1","92711937","92712231","38","35190774"
"chr2","57594437","57594665","chr8","28282237","28282471","45","29312200"
"chr2","57635041","57635322","chr1","23517339","23517621","44","34117702"
"chr2","58782699","58782955","chr11","110847057","110847312","34","52064358"
"chr2","58794610","58794866","chr20","21214525","21214775","38","37580085"
"chr2","58848104","58848385","chr6","143287549","143287823","45","84439445"
"chr2","58860587","58860899","chr4","75388049","75388359","44","16527462"
"chr2","58947628","58947897","chr20","28738202","28738471","61","30209426"
"chr2","58958670","58958975","chr19","4404930","4405233","39","54553740"
"chr2","59017133","59017435","chr6","173735854","173736149","34","114718721"
"chr2","59075793","59076098","chr16","3688333","3688637","48","55387460"
"chr2","59107951","59108243","chr1","219677924","219678213","47","160569973"
"chr2","59110101","59110386","chr12","24009618","24009904","36","35100483"
"chr2","59146972","59147270","chr3","63343532","63343825","48","4196560"
"chr2","59160595","59160888","chr4","114330673","114330964","41","55170078"
"chr2","59195181","59195488","chr1","10617883","10618191","45","48577298"
"chr2","59210282","59210449","JH679994","17643","17805","38","59192639"
"chr2","59238384","59238662","chr2","155636216","155636491","42","96397832"
"chr2","59258343","59258668","chr3","39810411","39810728","61","19447932"
"chr2","59260280","59260592","chr15","41641300","41641603","45","17618980"
"chr2","59289093","59289405","chr5","50057866","50058176","39","9231227"
"chr2","59291639","59291937","chr18","16367811","16368110","48","42923828"
"chr2","59295585","59295883","chr9","36921875","36922172","47","22373710"
"chr2","59307108","59307388","chr14","82944051","82944331","44","23636943"
"chr2","59353782","59354086","chrX","128569263","128569566","33","69215481"
"chr2","59377162","59377447","chr1","25089117","25089401","40","34288045"
"chr2","59389702","59389994","chr9","7025626","7025918","37","52364076"
"chr2","59404835","59405143","chr7","147730826","147731127","43","88325991"
"chr2","59406316","59406604","chr3","71169706","71170006","44","11763390"
"chr2","59438078","59438355","chr7","132975622","132975901","48","73537544"
"chr2","59441161","59441389","chr13","3025530","3025752","34","56415631"
"chr2","59457115","59457394","chr10","47330984","47331271","50","12126131"
"chr2","59482756","59483043","chr10","12554162","12554449","48","46928594"
"chr2","59502447","59502738","chr6","152011620","152011903","49","92509173"
"chr2","59519762","59520057","chr20","11388186","11388482","37","48131576"
"chr2","59553583","59553891","chr1","18100109","18100412","35","41453474"
"chr2","59562487","59562811","chr6","126095217","126095543","55","66532730"
"chr2","59589454","59589754","chr2","73832418","73832717","37","14242964"
"chr2","59750395","59750698","chr2","147729707","147730011","39","87979312"
"chr2","59872249","59872527","chr6","162266915","162267197","49","102394666"
"chr2","59888654","59888926","chr18","69562263","69562530","39","9673609"
"chr2","59939242","59939505","chr2","39029241","39029515","45","20910001"
"chr2","59939982","59940285","chr19","36732496","36732799","39","23207486"
"chr2","59951232","59951524","chr6","128266238","128266531","35","68315006"
"chr2","60035541","60035839","chrX","123138025","123138308","66","63102484"
"chr2","60050192","60050478","chr1","12529331","12529609","53","47520861"
"chr2","60062906","60063217","chr16","32176074","32176385","41","27886832"
"chr2","60123056","60123352","chr11","109254012","109254304","36","49130956"
"chr2","60193220","60193530","chr20","26401661","26401973","40","33791559"
"chr2","60194398","60194654","chr13","40107661","40107916","35","20086737"
"chr2","60253856","60254139","chr12","33900333","33900627","53","26353523"
"chr2","60263789","60264092","chr6","33145516","33145813","46","27118273"
"chr2","60325576","60325871","chr9","34341703","34341997","41","25983873"
"chr2","60434745","60434966","chr5","34481238","34481473","55","25953507"
"chr2","60558076","60558365","chr7","133065043","133065330","32","72506967"
"chr2","60571944","60572237","chr6","161763310","161763606","36","101191366"
"chr2","60685800","60686119","chr9","92292916","92293201","66","31607116"
"chr2","60793470","60793745","chr15","21464395","21464674","49","39329075"
"chr2","60825661","60825958","chr10","43236803","43237088","49","17588858"
"chr2","60847669","60847957","chr6","150565896","150566187","41","89718227"
"chr2","60851060","60851360","chr9","7025626","7025918","41","53825434"
"chr2","60853507","60853800","chr11","3044067","3044364","50","57809440"
"chr2","61061557","61061833","chr1","11791129","11791415","43","49270428"
"chr2","61063078","61063318","chr1","14468200","14468440","25","46594878"
"chr2","61110839","61111139","chr14","53927134","53927436","39","7183705"
"chr2","61190788","61191071","chr12","69842458","69842741","39","8651670"
"chr2","61328785","61329081","chr3","133866579","133866872","37","72537794"
"chr2","61429736","61430096","chr19","42901934","42902272","81","18527802"
"chr2","61449292","61449596","chr10","7892827","7893134","51","53556465"
"chr2","61461475","61461774","chr2","147017903","147018205","38","85556428"
"chr2","61471156","61471382","chr12","18575236","18575452","53","42895920"
"chr2","61511215","61511375","chr6","168710657","168710821","27","107199442"
"chr2","61554224","61554529","chr5","93762861","93763170","42","32208637"
"chr2","61576938","61577241","chr9","85132193","85132498","26","23555255"
"chr2","61587911","61588203","chr4","4993991","4994281","48","56593920"
"chr2","61589570","61589877","chr16","7804673","7804980","41","53784897"
"chr2","61599739","61600035","chr1","67368758","67369056","36","5769019"
"chr2","61608693","61608984","chr4","10828530","10828827","38","50780163"
"chr2","61625502","61625719","chr3","151807944","151808153","28","90182442"
"chr2","61718636","61718963","chr6","153814672","153814981","60","92096036"
"chr2","61732157","61732445","chr4","4993991","4994281","40","56738166"
"chr2","61751290","61751590","chr4","132287893","132288193","40","70536603"
"chr2","61753088","61753398","chrX","42154757","42155068","43","19598331"
"chr2","61760890","61761197","chr1","13865146","13865450","43","47895744"
"chr2","61778095","61778396","chr15","57971492","57971793","40","3806603"
"chr2","61788035","61788272","chr8","76100671","76100906","44","14312636"
"chr2","61810744","61811043","chr19","3064712","3065012","34","58746032"
"chr2","61885462","61885739","chr16","73157077","73157362","47","11271615"
"chr2","61942866","61943088","chr13","7850027","7850241","38","54092839"
"chr2","61947204","61947512","chr1","202139331","202139640","42","140192127"
"chr2","61967802","61968086","chr14","17713267","17713556","42","44254535"
"chr2","61968495","61968793","chr3","45626371","45626668","34","16342124"
"chr2","61984151","61984456","chr1","147230260","147230554","55","85246109"
"chr2","61985149","61985438","chr7","116541236","116541527","41","54556087"
"chr2","62016074","62016330","chr3","151671297","151671561","60","89655223"
"chr2","62024825","62025080","chr1","203926301","203926552","45","141901476"
"chr2","62038634","62038902","chr2","135177745","135178021","39","73139111"
"chr2","62051544","62051826","chr11","94996807","94997093","41","32945263"
"chr2","62074769","62075070","chr11","10098018","10098319","37","51976751"
"chr2","62134775","62135074","chr17","5264091","5264386","38","56870684"
"chr2","62153638","62153938","chr4","104548625","104548926","44","42394987"
"chr2","62154721","62155034","chr7","90971726","90972022","49","28817005"
"chr2","62158916","62159220","chr16","17660066","17660366","37","44498850"
"chr2","62168604","62168764","chr15","89569260","89569423","23","27400656"
"chr2","62182590","62182886","chr16","51038207","51038499","46","11144383"
"chr2","62194262","62194468","chr7","121329046","121329267","42","59134784"
"chr2","62197435","62197621","chr19","9946015","9946183","41","52251420"
"chr2","62197622","62197923","chrX","15713155","15713456","29","46484467"
"chr2","62233143","62233439","chrX","50656086","50656389","41","11577057"
"chr2","62298690","62298989","chr16","47080136","47080437","36","15218554"
"chr2","62309643","62309948","chr9","17279474","17279774","38","45030169"
"chr2","62310052","62310343","chrX","20846410","20846706","35","41463642"
"chr2","62333113","62333412","chr1","9129050","9129354","51","53204063"
"chr2","62368437","62368737","chr12","69597135","69597433","39","7228698"
"chr2","62430395","62430695","chr12","68470545","68470847","41","6040150"
"chr2","62437270","62437577","chr7","77029098","77029406","40","14591828"
"chr2","62474163","62474462","chr1","946135","946434","38","61528028"
"chr2","62511942","62512238","chr4","13346653","13346950","39","49165289"
"chr2","62568085","62568383","chr11","95297421","95297719","35","32729336"
"chr2","62625600","62625910","chr19","43881785","43882099","39","18743815"
"chr2","62716490","62716793","chr19","3064712","3065012","43","59651778"
"chr2","62769334","62769628","chr20","17770859","17771148","37","44998475"
"chr2","62791538","62791775","chr5","155468059","155468301","51","92676521"
"chr2","62827725","62828038","chr3","97738231","97738531","60","34910506"
"chr2","62828201","62828494","chr3","172748138","172748416","50","109919937"
"chr2","62838968","62839276","chr2","43296629","43296936","40","19542339"
"chr2","62871494","62871770","chr16","2090775","2091048","39","60780719"
"chr2","62920271","62920562","chr10","62315260","62315548","37","605011"
"chr2","62930864","62931179","chr16","29545554","29545857","42","33385310"
"chr2","62938588","62938799","chr7","155860210","155860412","28","92921622"
"chr2","63010994","63011303","chr4","72786681","72786992","55","9775687"
"chr2","63034297","63034595","chr2","102989050","102989349","31","39954753"
"chr2","63048227","63048406","chr16","29284570","29284751","38","33763657"
"chr2","63066957","63067260","chr14","53927134","53927436","39","9139823"
"chr2","63079404","63079649","chr7","91890034","91890281","41","28810630"
"chr2","63103421","63103712","chr1","24136961","24137248","44","38966460"
"chr2","63112324","63112626","chr2","101651204","101651504","38","38538880"
"chr2","63123323","63123625","chr12","51845288","51845587","37","11278035"
"chr2","63130992","63131285","chr1","92711937","92712231","32","29580945"
"chr2","63132224","63132522","chr9","11046146","11046452","46","52086078"
"chr2","63178234","63178525","chr15","90210594","90210890","46","27032360"
"chr2","63195425","63195717","chr6","43129343","43129636","41","20066082"
"chr2","63206261","63206471","chr15","29611756","29611978","39","33594505"
"chr2","63264535","63264836","chr9","13003638","13003940","40","50260897"
"chr2","63278546","63278824","chr2","92704027","92704304","80","29425481"
"chr2","63294075","63294383","chr1","15239103","15239414","51","48054972"
"chr2","63294995","63295306","chr1","35583154","35583459","46","27711841"
"chr2","63296157","63296288","chrX","80970329","80970455","17","17674172"
"chr2","63371661","63371957","chr4","24531882","24532184","43","38839779"
"chr2","63457195","63457483","chr4","13663992","13664285","41","49793203"
"chr2","63490143","63490381","chr1","100959718","100959948","44","37469575"
"chr2","63545545","63545842","chr12","103407958","103408258","41","39862413"
"chr2","63570372","63570667","chr16","55428143","55428439","38","8142229"
"chr2","63606539","63606835","chr6","34306873","34307172","41","29299666"
"chr2","63617230","63617527","chr6","142572268","142572563","42","78955038"
"chr2","63619570","63619880","chr19","8466748","8467061","41","55152822"
"chr2","63622576","63622743","chr4","144414204","144414371","26","80791628"
"chr2","63660345","63660644","chrX","90854802","90855099","33","27194457"
"chr2","63673882","63674155","chr1","127703616","127703888","37","64029734"
"chr2","63691138","63691442","chr4","10828530","10828827","53","52862608"
"chr2","63716630","63716929","chr17","27643358","27643658","35","36073272"
"chr2","63717427","63717703","chrX","123138025","123138308","60","59420598"
"chr2","63729219","63729508","chr1","158815913","158816209","50","95086694"
"chr2","63758672","63758752","chr13","108438760","108438842","15","44680088"
"chr2","63770989","63771294","chr13","25298591","25298897","44","38472398"
"chr2","63810773","63811066","chr1","39680927","39681223","44","24129846"
"chr2","63811244","63811542","chr17","30337456","30337753","39","33473788"
"chr2","63834618","63834926","chr19","3064712","3065012","52","60769906"
"chr2","63837486","63837652","chr15","93934714","93934883","24","30097228"
"chr2","63863562","63863859","chr10","90365318","90365620","38","26501756"
"chr2","63917983","63918273","chr20","54767706","54767999","48","9150277"
"chr2","63918978","63919264","chr6","11115581","11115864","47","52803397"
"chr2","63921412","63921708","chr6","142572268","142572563","34","78650856"
"chr2","63932892","63933174","chr6","165329904","165330188","41","101397012"
"chr2","63947945","63948241","chr17","15630764","15631058","38","48317181"
"chr2","63986898","63987204","chr2","56649143","56649449","41","7337755"
"chr2","63993492","63993794","chrX","27490139","27490443","41","36503353"
"chr2","63994982","63995291","chr4","32648321","32648629","46","31346661"
"chr2","63995728","63995970","chr16","40955770","40956015","33","23039958"
"chr2","64008136","64008437","chr11","103942936","103943238","64","39934800"
"chr2","64086975","64087268","chr16","18796729","18797022","38","45290246"
"chr2","64088631","64088947","chr1","1866324","1866628","42","62222307"
"chr2","64180273","64180575","chr1","203640822","203641120","46","139460549"
"chr2","64192125","64192424","chr4","79217053","79217354","39","15024928"
"chr2","64378727","64379006","chr15","21464395","21464674","36","42914332"
"chr2","64390197","64390492","chr18","49950939","49951241","37","14439258"
"chr2","64419686","64419996","chr20","29027805","29028111","38","35391881"
"chr2","64425542","64425837","chr3","50759966","50760262","38","13665576"
"chr2","64485152","64485439","chr4","11940361","11940653","52","52544791"
"chr2","64525810","64526060","chr18","50874536","50874793","41","13651274"
"chr2","64527656","64527952","chr1","45268157","45268449","46","19259499"
"chr2","64590150","64590431","chr5","101457421","101457692","34","36867271"
"chr2","64674643","64674803","chr19","1776347","1776502","25","62898296"
"chr2","64689767","64690064","chr3","174531071","174531379","63","109841304"
"chr2","64754110","64754397","chr4","50107648","50107934","48","14646462"
"chr2","64787538","64787831","chr12","62741269","62741568","44","2046269"
"chr2","64800633","64800791","chr20","59052808","59052967","24","5747825"
"chr2","64899133","64899421","chr12","26443444","26443730","38","38455689"
"chr2","64977357","64977653","chr1","85450489","85450784","40","20473132"
"chr2","64984494","64984806","chr5","158536001","158536306","47","93551507"
"chr2","65139220","65139528","chr11","36769212","36769521","34","28370008"
"chr2","65176838","65177129","chr3","40516846","40517141","48","24659992"
"chr2","65225323","65225474","chr15","99457056","99457212","29","34231733"
"chr2","65250515","65250817","chr15","38507243","38507542","42","26743272"
"chr2","65298069","65298363","chr1","40659470","40659761","39","24638599"
"chr2","65372772","65373064","chr3","34792625","34792919","40","30580147"
"chr2","65376214","65376523","chr1","185101023","185101330","49","119724809"
"chr2","65395546","65395879","chr7","145979096","145979417","64","80583550"
"chr2","65397269","65397579","chr1","128155382","128155688","39","62758113"
"chr2","65406415","65406698","chr12","13511504","13511784","48","51894911"
"chr2","65414042","65414345","chr7","90971726","90972022","42","25557684"
"chr2","65422207","65422459","chr10","26990471","26990732","50","38431736"
"chr2","65466519","65466804","chr16","1419036","1419322","39","64047483"
"chr2","65478261","65478534","chr10","60510552","60510824","44","4967709"
"chr2","65542061","65542371","chr5","132391377","132391683","46","66849316"
"chr2","65550984","65551281","chr16","21958952","21959252","37","43592032"
"chr2","65563087","65563383","chr7","29612052","29612348","47","35951035"
"chr2","65621112","65621394","chr15","105031937","105032214","51","39410825"
"chr2","65638289","65638573","chr16","44203969","44204255","44","21434320"
"chr2","65775215","65775524","chr4","74474905","74475205","38","8699690"
"chr2","66039956","66040243","chr2","106476164","106476452","35","40436208"
"chr2","66101735","66101952","chr20","19297264","19297468","35","46804471"
"chr2","66165884","66166181","chr10","26504544","26504849","53","39661340"
"chr2","66178298","66178607","chr12","64705715","64706018","45","1472583"
"chr2","66198790","66199109","chrX","15713155","15713456","51","50485635"
"chr2","66241451","66241740","chr2","163396132","163396420","38","97154681"
"chr2","66265838","66266128","chr16","45339014","45339298","42","20926824"
"chr2","66355866","66356165","chr9","84466373","84466663","41","18110507"
"chr2","66407426","66407712","chr15","26878649","26878926","43","39528777"
"chr2","66521088","66521375","chr3","37000011","37000289","44","29521077"
"chr2","66533671","66533979","chr4","151432154","151432460","40","84898483"
"chr2","66551936","66552226","chr11","131492005","131492296","37","64940069"
"chr2","66553075","66553384","chr4","109752629","109752940","43","43199554"
"chr2","66554359","66554652","chr14","15577285","15577579","37","50977074"
"chr2","66566680","66566984","chr11","32172321","32172615","50","34394359"
"chr2","66646720","66647024","chrX","38891205","38891511","48","27755515"
"chr2","66647802","66648090","chr16","63276450","63276738","38","3371352"
"chr2","66683787","66684076","chr7","133065043","133065330","26","66381256"
"chr2","66687008","66687316","chr10","81279911","81280220","38","14592903"
"chr2","66872019","66872290","chr3","152822996","152823281","54","85950977"
"chr2","66892868","66893136","chr15","2641152","2641417","43","64251716"
"chr2","66992331","66992620","chr19","33453255","33453551","46","33539076"
"chr2","67036754","67037051","chr15","48151534","48151833","41","18885220"
"chr2","67043113","67043410","chr6","135655274","135655568","50","68612161"
"chr2","67083358","67083662","chr2","95068228","95068528","41","27984870"
"chr2","67091158","67091459","chr3","164913166","164913461","49","97822008"
"chr2","67096934","67097219","chr7","48843944","48844224","51","18252990"
"chr2","67120468","67120669","chr7","26831792","26831996","31","40288676"
"chr2","67135215","67135515","chr1","31431925","31432225","37","35703290"
"chr2","67151410","67151728","chr9","50750379","50750702","44","16401031"
"chr2","67186356","67186642","chr3","14371522","14371805","34","52814834"
"chr2","67199829","67200137","chr6","124714488","124714790","36","57514659"
"chr2","67202281","67202594","chr3","12603123","12603437","53","54599158"
"chr2","67223007","67223310","chr1","202380567","202380871","42","135157560"
"chr2","67229596","67229891","chr7","18866491","18866789","43","48363105"
"chr2","67235601","67235858","chr3","13036250","13036510","55","54199351"
"chr2","67245130","67245439","chr3","174531071","174531379","40","107285941"
"chr2","67253383","67253662","chr2","88612634","88612907","44","21359251"
"chr2","67285959","67286261","chr2","50634219","50634525","37","16651740"
"chr2","67290060","67290353","chr15","9765968","9766261","37","57524092"
"chr2","67309982","67310280","chr5","4538583","4538883","34","62771399"
"chr2","67376034","67376336","chr8","44064468","44064767","48","23311566"
"chr2","67378807","67379096","chr9","14690494","14690788","42","52688313"
"chr2","67397501","67397788","chr11","6698203","6698490","51","60699298"
"chr2","67429550","67429853","chr1","18852431","18852735","41","48577119"
"chr2","67446600","67446895","chr18","12240080","12240373","38","55206520"
"chr2","67493507","67493809","chr10","16049988","16050292","35","51443519"
"chr2","67511199","67511465","chr10","71963229","71963497","46","4452030"
"chr2","67565609","67565909","chr7","116541236","116541527","41","48975627"
"chr2","67569003","67569302","chr5","86238609","86238898","38","18669606"
"chr2","67653621","67653931","chr3","151851128","151851427","46","84197507"
"chr2","67714214","67714504","chr11","72292514","72292797","46","4578300"
"chr2","67763299","67763604","chr10","26504544","26504849","35","41258755"
"chr2","67785855","67786162","chr1","1866324","1866628","43","65919531"
"chr2","67787132","67787431","chr1","53988770","53989067","32","13798362"
"chr2","67787630","67787923","chr1","40659470","40659761","60","27128160"
"chr2","67792615","67792873","chr6","89909554","89909826","60","22116939"
"chr2","67795553","67795849","chr8","99548469","99548767","38","31752916"
"chr2","67839090","67839388","chr7","144956497","144956795","34","77117407"
"chr2","67857640","67857918","chrX","43650401","43650690","40","24207239"
"chr2","67875575","67875876","chr3","35164529","35164835","46","32711046"
"chr2","67876994","67877266","chrX","46395488","46395763","41","21481506"
"chr2","67885788","67886009","chr5","18089222","18089443","45","49796566"
"chr2","67887652","67887748","chr1","207305653","207305745","15","139418001"
"chr2","67888608","67888917","chr6","169016633","169016943","45","101128025"
"chr2","67889161","67889454","chr2","39700849","39701143","43","28188312"
"chr2","67892496","67892788","chrX","90705933","90706231","46","22813437"
"chr2","67904993","67905280","chr10","82238305","82238605","46","14333312"
"chr2","67930317","67930612","chr7","115595635","115595928","39","47665318"
"chr2","67934818","67935124","chr2","185460848","185461157","47","117526030"
"chr2","67945723","67946009","chr19","8378534","8378823","41","59567189"
"chr2","67967744","67967997","chr4","79455473","79455733","41","11487729"
"chr2","67995799","67996090","chr3","133866579","133866872","26","65870780"
"chr2","68006947","68007233","chr9","7025626","7025918","48","60981321"
"chr2","68009611","68009756","chr4","103459648","103459795","15","35450037"
"chr2","68025163","68025442","chr2","135177745","135178021","39","67152582"
"chr2","68026765","68027054","chr10","4308994","4309288","35","63717771"
"chr2","68066019","68066312","chr3","160772561","160772858","45","92706542"
"chr2","68110083","68110374","chr7","106626100","106626390","40","38516017"
"chr2","68112264","68112559","chr6","63224446","63224732","51","4887818"
"chr2","68118970","68119258","chr7","90648323","90648607","35","22529353"
"chr2","68120429","68120593","chr4","42468336","42468506","24","25652093"
"chr2","68120594","68120887","chr15","78953274","78953566","35","10832680"
"chr2","68154959","68155235","chr7","80887200","80887469","45","12732241"
"chr2","68163851","68164146","chr13","62991818","62992120","45","5172033"
"chr2","68195001","68195295","chr11","59744208","59744500","28","8450793"
"chr2","68214581","68214730","chr4","103459648","103459795","15","35245067"
"chr2","68226537","68226831","chr9","36921875","36922172","38","31304662"
"chr2","68266545","68266684","chr9","55629356","55629490","30","12637189"
"chr2","68267296","68267536","chr10","32414416","32414650","67","35852880"
"chr2","68293349","68293614","chr6","17748324","17748593","48","50545025"
"chr2","68325358","68325579","chr6","12753419","12753634","40","55571939"
"chr2","68327060","68327361","chr13","32817425","32817728","33","35509635"
"chr2","68335678","68335968","chr4","105579082","105579368","39","37243404"
"chr2","68370475","68370764","chr1","47037653","47037936","50","21332822"
"chr2","68436550","68436863","chr3","12603123","12603437","34","55833427"
"chr2","68503099","68503403","chr5","158536001","158536306","44","90032902"
"chr2","68503778","68504072","chr2","123712519","123712817","44","55208741"
"chr2","68509475","68509771","chr2","13368422","13368711","43","55141053"
"chr2","68821156","68821430","chrX","45987544","45987822","43","22833612"
"chr2","68866821","68867126","chr2","130228273","130228581","42","61361452"
"chr2","68873649","68873954","chr13","47571291","47571579","48","21302358"
"chr2","68963741","68964040","chr11","59744208","59744500","34","9219533"
"chr2","68979986","68980238","chr8","82026743","82027012","53","13046757"
"chr2","68993390","68993691","chrX","122328432","122328737","44","53335042"
"chr2","69002802","69003092","chr2","96826999","96827292","38","27824197"
"chr2","69014913","69015219","chr1","54448544","54448853","45","14566369"
"chr2","69017464","69017680","chr7","121329046","121329267","32","52311582"
"chr2","69061142","69061430","chr7","130020947","130021236","47","60959805"
"chr2","69085338","69085624","chr12","39078021","39078314","43","30007317"
"chr2","69132381","69132685","chr18","12965449","12965751","40","56166932"
"chr2","69270350","69270487","chr9","67815826","67815960","23","1454524"
"chr2","69378792","69379070","chr10","27509342","27509618","49","41869450"
"chr2","69382312","69382606","chr4","111697334","111697630","38","42315022"
"chr2","69530290","69530624","chr2","100036632","100036964","50","30506342"
"chr2","69538442","69538728","chr2","38884008","38884302","50","30654434"
"chr2","69574769","69575059","chr18","48176114","48176407","38","21398655"
"chr2","69749967","69750252","chr11","50333257","50333544","45","19416710"
"chr2","69784713","69785016","chr15","43193476","43193782","54","26591237"
"chr2","69796064","69796370","chr2","46682521","46682821","35","23113543"
"chr2","69964056","69964370","chr11","97834556","97834875","49","27870500"
"chr2","69966058","69966359","chr7","161253903","161254205","45","91287845"
"chr2","70086766","70087060","chr7","4263661","4263952","43","65823105"
"chr2","70119212","70119377","chr6","113354999","113355166","55","43235787"
"chr2","70147425","70147735","chr6","138646599","138646914","44","68499174"
"chr2","70206194","70206488","chrX","16761333","16761632","37","53444861"
"chr2","70322234","70322532","chr1","44950004","44950301","33","25372230"
"chr2","70569181","70569474","chr1","14207870","14208164","48","56361311"
"chr2","70585650","70585943","chr19","44121713","44121997","43","26463937"
"chr2","70907784","70908098","chr11","103506852","103507170","48","32599068"
"chr2","71033228","71033353","chr18","2815099","2815224","11","68218129"
"chr2","71050402","71050713","chrX","49664967","49665275","41","21385435"
"chr2","71072004","71072299","chr6","168194282","168194581","46","97122278"
"chr2","71081174","71081469","chr8","118117220","118117513","38","47036046"
"chr2","71091591","71091887","chr14","21770951","21771251","50","49320640"
"chr2","71094223","71094511","chr7","76889431","76889730","36","5795208"
"chr2","71118385","71118675","chr7","114975915","114976207","47","43857530"
"chr2","71122648","71122927","chr9","81521402","81521678","40","10398754"
"chr2","71245294","71245597","chr10","59288374","59288678","36","11956920"
"chr2","71258991","71259282","chr3","46165413","46165699","37","25093578"
"chr2","71289386","71289695","chr14","4151901","4152208","37","67137485"
"chr2","71374831","71375112","chr6","127516431","127516703","45","56141600"
"chr2","71481296","71481595","chr1","129137404","129137703","35","57656108"
"chr2","71668458","71668752","chr2","73070385","73070678","38","1401927"
"chr2","71682886","71683175","chr2","92827254","92827547","37","21144368"
"chr2","71899741","71900032","chr3","24783656","24783946","39","47116085"
"chr2","71937553","71937842","chr4","110946344","110946633","36","39008791"
"chr2","72023772","72024022","chr1","115404557","115404821","48","43380785"
"chr2","72031796","72032044","chr7","65273986","65274248","55","6757810"
"chr2","72150378","72150665","chr2","184580196","184580486","44","112429818"
"chr2","72249626","72249920","chr3","36848916","36849214","46","35400710"
"chr2","72294013","72294280","chr4","79455473","79455733","38","7161460"
"chr2","72322785","72323086","chr17","78189511","78189816","42","5866726"
"chr2","72346412","72346686","chr2","88024609","88024883","40","15678197"
"chr2","72356705","72356970","chr11","60614947","60615205","53","11741758"
"chr2","72384177","72384469","chr1","52291560","52291858","43","20092617"
"chr2","72390869","72390992","chr6","136071853","136071978","16","63680984"
"chr2","72403868","72404178","chr11","26670630","26670929","67","45733238"
"chr2","72404842","72405168","chr6","49313425","49313743","49","23091417"
"chr2","72406168","72406459","chr7","141847588","141847876","42","69441420"
"chr2","72409989","72410138","chr2","173035126","173035266","24","100625137"
"chr2","72417747","72418031","chr15","8458538","8458829","48","63959209"
"chr2","72460724","72461013","chr11","114923633","114923926","48","42462909"
"chr2","72482142","72482450","chr2","29122415","29122720","50","43359727"
"chr2","72488570","72488875","chr20","19697490","19697791","49","52791080"
"chr2","72494759","72495092","chr13","42718576","42718888","64","29776183"
"chr2","72511565","72511852","chr16","1419036","1419322","38","71092529"
"chr2","72513478","72513776","chr4","41014077","41014379","44","31499401"
"chr2","72534819","72535117","chr13","53585722","53586022","44","18949097"
"chr2","72544714","72544990","chr13","101919472","101919753","53","29374758"
"chr2","72545001","72545305","chrX","38891205","38891511","49","33653796"
"chr2","72549875","72550179","chr2","167849273","167849577","41","95299398"
"chr2","72566443","72566705","chr1","190360719","190360980","33","117794276"
"chr2","72634729","72634998","chr2","49059917","49060182","35","23574812"
"chr2","72659019","72659329","chr10","33030101","33030407","47","39628918"
"chr2","72660516","72660812","chr4","43740480","43740776","50","28920036"
"chr2","72668980","72669271","chr1","33203582","33203871","39","39465398"
"chr2","72772447","72772740","chr11","130887266","130887559","33","58114819"
"chr2","72862611","72862910","chr1","52291560","52291858","36","20571051"
"chr2","72911781","72912078","chr4","10593766","10594058","43","62318015"
"chr2","72915191","72915485","chr14","57134784","57135076","43","15780407"
"chr2","72943108","72943406","chr1","127833040","127833336","38","54889932"
"chr2","72969164","72969504","chr6","153629786","153630128","64","80660622"
"chr2","72969528","72969817","chr15","68455886","68456181","37","4513642"
"chr2","72971796","72972079","chr9","15247736","15248032","45","57724060"
"chr2","73000649","73000943","chr10","82945265","82945562","41","9944616"
"chr2","73020650","73020937","chr9","104538853","104539135","53","31518203"
"chr2","73059827","73060111","chr5","455474","455761","41","72604353"
"chr2","73092578","73092878","chr10","82238305","82238605","44","9145727"
"chr2","73101635","73101926","chr19","31721744","31722033","36","41379891"
"chr2","73108714","73109016","chr1","163318234","163318534","45","90209520"
"chr2","73112608","73112908","chr19","35482053","35482349","36","37630555"
"chr2","73130052","73130330","chr2","85250207","85250498","44","12120155"
"chr2","73149866","73150144","chr3","10308541","10308818","38","62841325"
"chr2","73171956","73172048","chr13","118454756","118454849","14","45282800"
"chr2","73172339","73172457","chr7","110125456","110125571","18","36953117"
"chr2","73497260","73497535","chr1","42476755","42477044","50","31020505"
"chr2","73560682","73560980","chr10","16049988","16050292","41","57510694"
"chr2","73565188","73565518","chr4","7574720","7575049","67","65990468"
"chr2","73599615","73599736","chr11","83048168","83048288","13","9448553"
"chr2","73706629","73706925","chr4","10912888","10913182","37","62793741"
"chr2","73758721","73759013","chr16","10263822","10264120","48","63494899"
"chr2","73763870","73764036","chr19","12765192","12765362","21","60998678"
"chr2","73907979","73908267","chr13","88006009","88006300","53","14098030"
"chr2","73945708","73946013","chr7","19552904","19553209","47","54392804"
"chr2","73952338","73952640","chr11","48688936","48689238","44","25263402"
"chr2","73991465","73991750","chr1","204813267","204813556","39","130821802"
"chr2","74018209","74018492","chr2","154517673","154517962","46","80499464"
"chr2","74035599","74035882","chr9","30302448","30302737","51","43733151"
"chr2","74053464","74053775","chrX","90821322","90821629","44","16767858"
"chr2","74091664","74091945","chr13","25010247","25010530","47","49081417"
"chr2","74105517","74105824","chr17","20945248","20945548","49","53160269"
"chr2","74171569","74171847","chr3","41262066","41262353","48","32909503"
"chr2","74173460","74173767","chr13","23501079","23501388","51","50672381"
"chr2","74201418","74201672","chr10","90525188","90525445","46","16323770"
"chr2","74249115","74249343","chr7","121329046","121329267","38","47079931"
"chr2","74256576","74256839","chr8","102916371","102916625","38","28659795"
"chr2","74313638","74313929","chr7","141847588","141847876","48","67533950"
"chr2","74342590","74342845","chr11","123468792","123469074","47","49126202"
"chr2","74385794","74386085","chr15","79029077","79029366","40","4643283"
"chr2","74391193","74391480","chr9","91819874","91820167","47","17428681"
"chr2","74433184","74433490","chr7","125954466","125954770","41","51521282"
"chr2","74509906","74510199","chr1","40659470","40659761","48","33850436"
"chr2","74622559","74622858","chr4","150540961","150541258","39","75918402"
"chr2","74991618","74991882","chr10","10683025","10683288","42","64308593"
"chr2","75306801","75307072","chr9","11725191","11725472","53","63581610"
"chr2","75532366","75532665","chr2","130228273","130228581","62","54695907"
"chr2","75596756","75597055","chr3","94274863","94275162","50","18678107"
"chr2","75642832","75643124","chr9","7025626","7025918","28","68617206"
"chr2","75681878","75682159","chr16","1419036","1419322","50","74262842"
"chr2","76029804","76030074","chr2","155636216","155636491","39","79606412"
"chr2","76062122","76062419","chr11","59744208","59744500","31","16317914"
"chr2","76068522","76068818","chr11","64232477","64232772","35","11836045"
"chr2","76160935","76161235","chr5","4538583","4538883","40","71622352"
"chr2","76345212","76345510","chr7","91259277","91259574","43","14914065"
"chr2","76468152","76468425","chr2","48921809","48922082","42","27546343"
"chr2","76533983","76534280","chr7","76889431","76889730","41","355448"
"chr2","76859168","76859438","chr7","45416454","45416731","52","31442714"
"chr2","76960728","76961034","chr4","103942747","103943051","45","26982019"
"chr2","77138390","77138682","chr8","91437935","91438229","47","14299545"
"chr2","77244593","77244865","chr11","123468792","123469074","41","46224199"
"chr2","77329663","77329971","chr1","7993999","7994304","41","69335664"
"chr2","77521429","77521737","chr10","62315260","62315548","65","15206169"
"chr2","77635039","77635337","chr16","69034579","69034877","40","8600460"
"chr2","77649511","77649740","chr11","51463679","51463912","39","26185832"
"chr2","77724138","77724431","chr15","51046164","51046466","59","26677974"
"chr2","77994887","77995027","chr18","43383540","43383676","27","34611347"
"chr2","78092771","78093073","chr4","113683814","113684105","56","35591043"
"chr2","78102600","78102901","chr3","51065520","51065823","45","27037080"
"chr2","78141949","78142249","chr3","43975766","43976069","45","34166183"
"chr2","78159937","78160234","chr4","43692959","43693255","38","34466978"
"chr2","78195081","78195383","chr1","170967942","170968244","36","92772861"
"chr2","78221740","78222034","chr3","38447004","38447303","55","39774736"
"chr2","78448366","78448671","chr11","52822958","52823266","41","25625408"
"chr2","78680899","78681190","chr7","129452472","129452749","48","50771573"
"chr2","78912395","78912692","chr1","185903042","185903338","38","106990647"
"chr2","78987846","78988131","chr13","98955432","98955715","38","19967586"
"chr2","79003456","79003752","chr7","116541236","116541527","38","37537780"
"chr2","79063234","79063526","chrX","87417824","87418126","47","8354590"
"chr2","79145275","79145585","chr14","110707155","110707459","63","31561880"
"chr2","79155372","79155499","chr8","51403248","51403379","21","27752124"
"chr2","79155941","79156062","chr3","46646723","46646847","20","32509218"
"chr2","79164826","79165105","chr2","104291060","104291346","44","25126234"
"chr2","79168927","79169232","chr4","2534955","2535251","47","76633972"
"chr2","79186922","79187218","chr8","2817861","2818159","47","76369061"
"chr2","79205101","79205412","chr1","41160582","41160892","35","38044519"
"chr2","79208623","79208921","chr7","91259277","91259574","54","12050654"
"chr2","79223918","79224202","chr15","82841603","82841892","42","3617685"
"chr2","79227483","79227768","chr6","120509914","120510199","37","41282431"
"chr2","79239527","79239802","chr3","43708487","43708771","52","35531040"
"chr2","79242927","79243205","chr4","85432416","85432702","42","6189489"
"chr2","79246768","79247058","chr7","146845387","146845677","42","67598619"
"chr2","79253160","79253461","chr1","64051762","64052063","51","15201398"
"chr2","79256404","79256702","chr10","90361835","90362131","37","11105431"
"chr2","79276322","79276612","chr2","184580196","184580486","41","105303874"
"chr2","79280996","79281306","chr4","41790642","41790955","39","37490354"
"chr2","79318838","79319143","chr14","5934954","5935260","39","73383884"
"chr2","79322421","79322698","chr6","70828799","70829080","42","8493622"
"chr2","79339967","79340264","chr1","53988770","53989067","45","25351197"
"chr2","79346168","79346327","chr2","87235359","87235513","31","7889191"
"chr2","79350344","79350513","chr3","160872851","160873018","27","81522507"
"chr2","79351832","79352055","chr12","36948541","36948760","29","42403291"
"chr2","79352865","79353173","chrX","17430672","17430990","56","61922193"
"chr2","79360303","79360603","chr13","62131389","62131679","48","17228914"
"chr2","79371585","79371875","chr6","83909264","83909556","41","4537679"
"chr2","79375243","79375538","chr2","71450909","71451205","44","7924334"
"chr2","79382365","79382661","chr10","78793021","78793318","45","589344"
"chr2","79419318","79419618","chr3","63343532","63343825","45","16075786"
"chr2","79461238","79461548","chr6","120254869","120255178","42","40793631"
"chr2","79477322","79477616","chr13","54441045","54441338","36","25036277"
"chr2","79534523","79534826","chr1","163969411","163969716","39","84434888"
"chr2","79725524","79725834","chr4","10728561","10728865","44","68996963"
"chr2","79823717","79824014","chr1","53988770","53989067","37","25834947"
"chr2","79988636","79988896","chr6","101179181","101179446","51","21190545"
"chr2","80025343","80025627","chr1","40137387","40137679","44","39887956"
"chr2","80475116","80475405","chr15","93971010","93971304","46","13495894"
"chr2","80629927","80630226","chr19","3064712","3065012","36","77565215"
"chr2","80856142","80856404","chr6","127604250","127604500","45","46748108"
"chr2","80874879","80875129","chr1","136913460","136913729","59","56038581"
"chr2","80900162","80900464","chr4","43897349","43897653","42","37002813"
"chr2","81041115","81041394","chr4","82862776","82863065","48","1821661"
"chr2","81042358","81042663","chr15","85036983","85037286","44","3994625"
"chr2","81079743","81079976","chr6","96555204","96555433","36","15475461"
"chr2","81092749","81092847","chr16","11589839","11589938","17","69502910"
"chr2","81094363","81094672","chr1","45623411","45623699","65","35470952"
"chr2","81168450","81168737","chr1","204813267","204813556","39","123644817"
"chr2","81189082","81189366","chr4","41555442","41555732","39","39633640"
"chr2","81200396","81200698","chr9","9584676","9584979","43","71615720"
"chr2","81291604","81291898","chr10","10378732","10379028","38","70912872"
"chr2","81383089","81383388","chr6","136047927","136048226","42","54664838"
"chr2","81413028","81413315","chr4","10593766","10594058","42","70819262"
"chr2","81427285","81427572","chr9","7025626","7025918","41","74401659"
"chr2","81434590","81434883","chr11","59744208","59744500","39","21690382"
"chr2","81455844","81456153","chr1","7993999","7994304","36","73461845"
"chr2","81491491","81491788","chr4","112317198","112317500","42","30825707"
"chr2","81552234","81552460","chr1","7853206","7853431","54","73699028"
"chr2","81677443","81677726","chr6","147822924","147823209","39","66145481"
"chr2","81678519","81678736","chr3","151807944","151808153","35","70129425"
"chr2","81704496","81704791","chr1","137472589","137472890","44","55768093"
"chr2","82221754","82222049","chr10","70403053","70403349","43","11818701"
"chr2","82387618","82387894","chr15","57652318","57652603","47","24735300"
"chr2","82464779","82465065","chr10","62315260","62315548","35","20149519"
"chr2","82545861","82545948","chr3","36838091","36838180","16","45707770"
"chr2","82584703","82584981","chr11","109305457","109305739","52","26720754"
"chr2","82614001","82614279","chr6","143287549","143287823","43","60673548"
"chr2","82618169","82618477","chr1","7993999","7994304","33","74624170"
"chr2","82700962","82701254","chr16","71489264","71489560","45","11211698"
"chr2","82916307","82916602","chr11","59744208","59744500","32","23172099"
"chr2","83056522","83056823","chrX","28734753","28735052","37","54321769"
"chr2","83143208","83143514","chr19","7601300","7601611","31","75541908"
"chr2","83170327","83170594","chr11","94605132","94605405","42","11434805"
"chr2","83177339","83177609","chr3","3812815","3813101","51","79364524"
"chr2","83189760","83190058","chr2","46682521","46682821","36","36507239"
"chr2","83214280","83214582","chr16","70382574","70382877","43","12831706"
"chr2","83220415","83220682","chr1","202707884","202708154","36","119487469"
"chr2","83222459","83222755","chr18","83609","83914","44","83138850"
"chr2","83303345","83303602","chr9","17041498","17041761","42","66261847"
"chr2","83321825","83322123","chr6","124714488","124714790","45","41392663"
"chr2","83342722","83343033","chr9","115186336","115186643","34","31843614"
"chr2","83355915","83356092","chr13","93249064","93249232","27","9893149"
"chr2","83360294","83360597","chr6","124714488","124714790","47","41354194"
"chr2","83378397","83378709","chr16","54321303","54321613","47","29057094"
"chr2","83425485","83425789","chr1","208230438","208230739","47","124804953"
"chr2","83526784","83527075","chr8","25582102","25582396","37","57944682"
"chr2","83545738","83546007","chr2","48632986","48633256","42","34912752"
"chr2","83620983","83621063","chr10","38467902","38467985","16","45153081"
"chr2","83815550","83815677","chr4","123591832","123591957","22","39776282"
"chr2","83864221","83864489","chr1","158778534","158778806","45","74914313"
"chr2","83955754","83956059","chr8","27423066","27423371","49","56532688"
"chr2","84098286","84098578","chr10","6935603","6935898","47","77162683"
"chr2","84276122","84276421","chr10","74963862","74964162","44","9312260"
"chr2","84374501","84374801","chr13","107030178","107030478","38","22655677"
"chr2","84376477","84376768","chr11","59744208","59744500","33","24632269"
"chr2","84394793","84395078","chr2","160248637","160248921","46","75853844"
"chr2","84520064","84520370","chr2","114227807","114228107","45","29707743"
"chr2","84726902","84727053","chr6","88081085","88081242","35","3354183"
"chr2","84782757","84783039","chr1","21844492","21844765","69","62938265"
"chr2","85003851","85004149","chr1","127833040","127833336","47","42829189"
"chr2","85061741","85062044","chr2","46682521","46682821","35","38379220"
"chr2","85116411","85116722","chr16","6949294","6949602","38","78167117"
"chr2","85240798","85241101","chr1","18852431","18852735","43","66388367"
"chr2","85365720","85366029","chr3","45369493","45369802","36","39996227"
"chr2","85384479","85384759","chr12","63510718","63510999","44","21873761"
"chr2","85404754","85404979","chr13","126342198","126342415","40","40937444"
"chr2","85690727","85691027","chr2","55010925","55011223","38","30679802"
"chr2","86038306","86038620","chr7","42515253","42515558","44","43523053"
"chr2","86138272","86138579","chr16","4494056","4494366","33","81644216"
"chr2","86154900","86155133","chr11","117497350","117497587","38","31342450"
"chr2","86320652","86320865","chr4","78421702","78421912","37","7898950"
"chr2","86326448","86326673","chr7","121329046","121329267","36","35002598"
"chr2","86361357","86361606","chr7","107333554","107333796","46","20972197"
"chr2","86463886","86464182","chr1","158815913","158816209","47","72352027"
"chr2","86534429","86534734","chr4","3872146","3872447","36","82662283"
"chr2","86683191","86683481","chr14","10784769","10785061","52","75898422"
"chr2","86700595","86700904","chr3","14186327","14186631","46","72514268"
"chr2","86739639","86739931","chr9","7025626","7025918","38","79714013"
"chr2","86817232","86817540","chr1","1866324","1866628","40","84950908"
"chr2","86863697","86863996","chr14","110732544","110732843","36","23868847"
"chr2","87079036","87079330","chr16","18880569","18880867","39","68198467"
"chr2","87122488","87122779","chr2","81270293","81270586","40","5852195"
"chr2","87249992","87250291","chr7","116541236","116541527","47","29291244"
"chr2","87261095","87261367","chr3","52295797","52296068","46","34965298"
"chr2","87283321","87283635","chr13","107792315","107792606","69","20508994"
"chr2","87287877","87288106","chr13","125572433","125572680","50","38284556"
"chr2","87292442","87292731","chr2","81270293","81270586","38","6022149"
"chr2","87300579","87300876","chr5","34428917","34429213","30","52871662"
"chr2","87368339","87368630","chr6","113092313","113092602","44","25723974"
"chr2","87399270","87399547","chr6","138352016","138352293","45","50952746"
"chr2","87449564","87449870","chr11","53078617","53078919","45","34370947"
"chr2","87461579","87461643","chr4","136676224","136676294","15","49214645"
"chr2","87465949","87466228","chr4","68931810","68932095","46","18534139"
"chr2","87478334","87478622","chr11","111593205","111593495","47","24114871"
"chr2","87479279","87479584","chr5","53068790","53069095","46","34410489"
"chr2","87592411","87592659","chr9","27259920","27260172","36","60332491"
"chr2","88028304","88028602","chr13","32817425","32817728","38","55210879"
"chr2","88097119","88097339","chr1","160159276","160159496","26","72062157"
"chr2","88165850","88166146","chr7","90971726","90972022","39","2805876"
"chr2","88265479","88265757","chr3","160599803","160600082","38","72334324"
"chr2","88430413","88430699","chr1","196693141","196693428","38","108262728"
"chr2","88480124","88480258","chr9","12890266","12890398","17","75589858"
"chr2","88494016","88494323","chr1","11940593","11940894","43","76553423"
"chr2","88612155","88612447","chr11","104267729","104268018","39","15655574"
"chr2","88626333","88626621","chr15","78590602","78590883","51","10035731"
"chr2","88645073","88645362","chr1","30080248","30080540","40","58564825"
"chr2","88830968","88831222","chr18","50874536","50874793","40","37956432"
"chr2","88950840","88951133","chr8","25582102","25582396","37","63368738"
"chr2","89002157","89002446","chr7","133065043","133065330","34","44062886"
"chr2","89074666","89074952","chr19","44121713","44121997","41","44952953"
"chr2","89130210","89130503","chr1","103257746","103258032","61","14127536"
"chr2","89247689","89247994","chr7","77029098","77029406","42","12218591"
"chr2","89411256","89411548","chr2","163396132","163396420","36","73984876"
"chr2","89468611","89468799","chr3","111632596","111632778","35","22163985"
"chr2","89554567","89554848","chr17","5596451","5596730","49","83958116"
"chr2","89655005","89655286","chr7","80054735","80055014","50","9600270"
"chr2","89678818","89679049","chr9","18207388","18207612","34","71471430"
"chr2","89750829","89751134","chr16","23072186","23072489","44","66678643"
"chr2","89813695","89813993","chr6","124714488","124714790","43","34900793"
"chr2","89860480","89860781","chr8","19831971","19832268","45","70028509"
"chr2","89911177","89911474","chr14","57134784","57135076","41","32776393"
"chr2","89926545","89926838","chr10","13285322","13285614","40","76641223"
"chr2","89932167","89932458","chr16","3687263","3687550","45","86244904"
"chr2","89959823","89960096","chr7","49208770","49209048","41","40751053"
"chr2","90000360","90000669","chr7","77029098","77029406","40","12971262"
"chr2","90006901","90007212","chr5","101210540","101210851","43","11203639"
"chr2","90042740","90043036","chr11","89115091","89115391","46","927649"
"chr2","90310455","90310739","chr7","133065043","133065330","30","42754588"
"chr2","90417809","90418043","chr7","121329046","121329267","36","30911237"
"chr2","90436563","90436848","chr1","39716145","39716421","59","50720418"
"chr2","90441850","90442161","chr2","128302699","128303007","52","37860849"
"chr2","90499230","90499534","chr4","31017666","31017967","39","59481564"
"chr2","90593088","90593376","chr17","78068546","78068824","46","12524542"
"chr2","90777172","90777471","chr2","44047045","44047343","49","46730127"
"chr2","90900665","90900973","chr7","13474578","13474886","34","77426087"
"chr2","90905740","90906044","chr19","36732496","36732799","38","54173244"
"chr2","90939390","90939669","chr5","79158515","79158797","44","11780875"
"chr2","90986479","90986785","chr1","48186689","48186997","50","42799790"
"chr2","90995647","90995942","chr1","35181671","35181970","37","55813976"
"chr2","91009678","91009980","chr1","20012770","20013073","33","70996908"
"chr2","91057783","91058082","chr11","122111154","122111451","37","31053371"
"chr2","91128159","91128465","chr13","43327633","43327946","45","47800526"
"chr2","91129267","91129580","chr10","46007696","46008002","41","45121571"
"chr2","91138476","91138788","chr7","77029098","77029406","41","14109378"
"chr2","91166083","91166355","chr1","113808848","113809132","59","22642765"
"chr2","91255845","91256134","chr10","61185308","61185598","43","30070537"
"chr2","91402951","91403235","chr1","163039410","163039702","42","71636459"
"chr2","91518247","91518540","chr9","30302448","30302737","45","61215799"
"chr2","91521394","91521686","chr20","35203463","35203758","41","56317931"
"chr2","91595793","91596110","chr11","9310201","9310496","48","82285592"
"chr2","91712620","91712915","chr10","72862379","72862672","39","18850241"
"chr2","91869225","91869530","chr18","51183412","51183721","32","40685813"
"chr2","91879149","91879434","chr2","144623769","144624056","38","52744620"
"chr2","92163388","92163666","chr18","12832661","12832936","39","79330727"
"chr2","92193613","92193920","chr13","32817425","32817728","35","59376188"
"chr2","92297258","92297565","chr1","44275417","44275723","49","48021841"
"chr2","92419042","92419330","chr12","65329997","65330287","38","27089045"
"chr2","92535995","92536288","chr6","142572268","142572563","34","50036273"
"chr2","92555650","92555940","chr6","150478906","150479188","36","57923256"
"chr2","92625722","92625960","chr1","28502551","28502789","36","64123171"
"chr2","92643201","92643323","chr8","25018271","25018398","18","67624930"
"chr2","92800837","92801074","chr20","62999763","63000000","39","29801074"
"chr2","92888068","92888363","chr7","90971726","90972022","37","1916342"
"chr2","92936271","92936561","chr11","131492005","131492296","33","38555734"
"chr2","93161576","93161855","chr10","47330984","47331271","43","45830592"
"chr2","93241650","93241937","chr15","23696241","23696536","47","69545409"
"chr2","93242722","93243027","chr3","170301209","170301514","42","77058487"
"chr2","93394319","93394609","chr7","145176844","145177140","48","51782525"
"chr2","93424322","93424446","chr7","148602709","148602842","41","55178387"
"chr2","93495029","93495317","chr16","44203969","44204255","40","49291060"
"chr2","93520766","93521060","chr1","24588336","24588637","46","68932430"
"chr2","93574809","93575105","chr17","20945248","20945548","47","72629561"
"chr2","93614644","93614947","chr2","83916097","83916394","47","9698547"
"chr2","93668709","93669003","chr13","10897092","10897389","50","82771617"
"chr2","93689976","93690270","chr8","134025560","134025857","37","40335584"
"chr2","93808369","93808673","chr2","29153751","29154055","49","64654618"
"chr2","93809608","93809832","chr7","121329046","121329267","27","27519438"
"chr2","93869833","93869889","chr11","18920918","18920973","8","74948915"
"chr2","93870084","93870263","chr3","44677818","44677981","40","49192266"
"chr2","93894467","93894760","chr2","38884008","38884302","41","55010459"
"chr2","93939284","93939488","chr10","32105022","32105222","43","61834262"
"chr2","94015772","94016069","chr16","68445975","68446275","47","25569797"
"chr2","94016128","94016421","chr8","26808173","26808465","39","67207955"
"chr2","94030371","94030650","chr13","92441785","92442065","43","1588586"
"chr2","94043556","94043864","chr11","30911908","30912213","38","63131648"
"chr2","94081861","94082151","chr16","56231923","56232210","37","37849938"
"chr2","94091853","94092144","chr14","15577285","15577579","33","78514568"
"chr2","94187154","94187430","chr3","142471450","142471724","41","48284296"
"chr2","94190562","94190849","chr11","120626708","120626998","40","26436146"
"chr2","94204845","94205125","chr6","106570574","106570860","49","12365729"
"chr2","94292010","94292255","chr5","46053826","46054066","35","48238184"
"chr2","94352835","94353136","chr19","12557275","12557573","40","81795560"
"chr2","94422960","94423241","chr1","202707884","202708154","52","108284924"
"chr2","94690495","94690797","chr10","46007696","46008002","60","48682799"
"chr2","94792013","94792301","chr16","44203969","44204255","44","50588044"
"chr2","94887790","94888042","chr11","71045850","71046097","34","23841940"
"chr2","95159917","95160007","chr9","89486251","89486341","14","5673666"
"chr2","95160214","95160437","chr14","96083585","96083801","55","923371"
"chr2","95257055","95257353","chr13","125134336","125134638","36","29877281"
"chr2","95275484","95275796","chr19","26909098","26909401","64","68366386"
"chr2","95325964","95326262","chr13","63983390","63983688","39","31342574"
"chr2","95505862","95506176","chr2","144423348","144423659","37","48917486"
"chr2","95515873","95516159","chr7","133065043","133065330","34","37549170"
"chr2","95548699","95548957","chrX","88088678","88088937","38","7460021"
"chr2","95657515","95657792","chr15","57350387","57350664","42","38307128"
"chr2","95853600","95853874","chr12","44968754","44969036","38","50884846"
"chr2","95918115","95918397","chr1","196693141","196693428","44","100775026"
"chr2","95941355","95941651","chr8","25582102","25582396","30","70359253"
"chr2","95945065","95945358","chr8","25582102","25582396","33","70362963"
"chr2","95963527","95963820","chr8","25582102","25582396","29","70381425"
"chr2","96132936","96133229","chr12","99195239","99195531","46","3062303"
"chr2","96165170","96165469","chr13","84309940","84310232","40","11855230"
"chr2","96241844","96241965","chr5","154301516","154301636","12","58059672"
"chr2","96250571","96250871","chr13","32817425","32817728","33","63433146"
"chr2","96528403","96528679","chr3","27153425","27153701","46","69374978"
"chr2","96620938","96621243","chr6","104056251","104056558","60","7435313"
"chr2","96635287","96635587","chr13","32817425","32817728","38","63817862"
"chr2","96806157","96806443","chr2","8148306","8148591","45","88657851"
"chr2","96830944","96831247","chr1","124050585","124050888","37","27219641"
"chr2","96895871","96896175","chr3","67908985","67909287","33","28986886"
"chr2","97002629","97002940","chr4","113912759","113913065","45","16910130"
"chr2","97342329","97342628","chr7","106426121","106426421","43","9083792"
"chr2","97413852","97414140","chr1","196693141","196693428","35","99279289"
"chr2","97511670","97511956","chr8","8686016","8686299","41","88825654"
"chr2","97551952","97552227","chr17","6973240","6973514","51","90578712"
"chr2","97601521","97601805","chr3","14371522","14371805","41","83229999"
"chr2","97644483","97644647","chr2","17178834","17178981","53","80465649"
"chr2","97651434","97651581","chr1","30465853","30466003","29","67185581"
"chr2","97678314","97678612","chr12","11131478","11131777","44","86546836"
"chr2","97703905","97704203","chr15","1313201","1313497","47","96390704"
"chr2","97780856","97780984","chr16","45048622","45048751","16","52732234"
"chr2","97916678","97916928","chr1","184262929","184263173","51","86346251"
"chr2","98083465","98083787","chr3","43514989","43515294","54","54568476"
"chr2","98159848","98160146","chr7","129456939","129457235","42","31297091"
"chr2","98169107","98169397","chr13","9440133","9440428","45","88728974"
"chr2","98269028","98269332","chr13","32817425","32817728","37","65451603"
"chr2","98287758","98288021","chr11","120216941","120217193","40","21929183"
"chr2","98325222","98325510","chr2","72702249","72702540","41","25622973"
"chr2","98370893","98371198","chr19","41809608","41809908","40","56561285"
"chr2","98452205","98452499","chr2","184572052","184572344","47","86119847"
"chr2","98568696","98568997","chr9","116931794","116932092","34","18363098"
"chr2","98572899","98573201","chr6","124714488","124714790","37","26141589"
"chr2","98615538","98615814","chr7","1797384","1797659","37","96818154"
"chr2","98677097","98677388","chr14","50817121","50817406","49","47859976"
"chr2","98734227","98734500","chr1","41744223","41744494","45","56990004"
"chr2","98792758","98793042","chr2","28624536","28624818","41","70168222"
"chr2","98808979","98809288","chr5","53255691","53255996","47","45553288"
"chr2","98909185","98909479","chr6","101916729","101917019","46","3007544"
"chr2","99032673","99032975","chr17","8929510","8929818","42","90103163"
"chr2","99034676","99034964","chr7","18796789","18797081","40","80237887"
"chr2","99049332","99049614","chr4","131374689","131374976","53","32325357"
"chr2","99076857","99077168","chr10","79660049","79660362","38","19416808"
"chr2","99246502","99246708","chr6","101611379","101611590","40","2364877"
"chr2","99373425","99373722","chr9","7025626","7025918","36","92347799"
"chr2","99498127","99498425","chr2","126433678","126433974","42","26935551"
"chr2","99631703","99632013","chr2","83271537","83271849","42","16360166"
"chr2","99650837","99651139","chr2","181253650","181253955","49","81602813"
"chr2","99690673","99690969","chr4","3145119","3145426","50","96545554"
"chr2","99708503","99708803","chr6","34306873","34307172","40","65401630"
"chr2","99727180","99727479","chrX","15713155","15713456","31","84014025"
"chr2","99794759","99795057","chr7","60205496","60205797","37","39589263"
"chr2","99827934","99828241","chr3","17627009","17627312","40","82200925"
"chr2","99873045","99873343","chr3","83892331","83892628","43","15980714"
"chr2","99992041","99992342","chr11","59744208","59744500","33","40247833"
"chr2","99999376","99999662","chr3","178746853","178747140","40","78747477"
"chr2","100143556","100143850","chr2","168564679","168564973","45","68421123"
"chr2","100260894","100261196","chr16","47869063","47869366","43","52391831"
"chr2","100336888","100337190","chr15","101571554","101571858","49","1234666"
"chr2","100401480","100401755","chrX","42356","42633","42","100359124"
"chr2","100423076","100423363","chr16","63276450","63276738","31","37146626"
"chr2","100433342","100433649","chr13","32817425","32817728","38","67615917"
"chr2","100442512","100442795","chr19","44121713","44121997","43","56320799"
"chr2","100528928","100529230","chr7","131136176","131136477","35","30607248"
"chr2","100725631","100725932","chr11","59744208","59744500","41","40981423"
"chr2","100783794","100784076","chr1","47388096","47388376","33","53395698"
"chr2","100823761","100824046","chr2","38846653","38846940","50","61977108"
"chr2","100868041","100868324","chr10","62315260","62315548","39","38552781"
"chr2","100918973","100919260","chr3","55248645","55248932","43","45670328"
"chr2","100941888","100942190","chr10","32365874","32366167","59","68576014"
"chr2","100954294","100954579","chr10","62315260","62315548","36","38639034"
"chr2","101069694","101069956","chr4","67442608","67442886","56","33627086"
"chr2","101073965","101074251","chr13","118770285","118770571","39","17696320"
"chr2","101141338","101141468","chr20","26057234","26057363","25","75084104"
"chr2","101167880","101168191","chr10","47089595","47089902","55","54078285"
"chr2","101504266","101504552","chr14","54868572","54868861","43","46635694"
"chr2","101683358","101683661","chr15","91177088","91177405","56","10506270"
"chr2","101795987","101796298","chr3","61280488","61280798","41","40515499"
"chr2","101904646","101904937","chr9","7025626","7025918","30","94879020"
"chr2","101911639","101911908","chr10","37627251","37627528","49","64284388"
"chr2","101920482","101920746","chrX","122712517","122712780","38","20792035"
"chr2","101979858","101980154","chr11","47924958","47925256","32","54054900"
"chr2","102184664","102184960","chr6","128266238","128266531","46","26081574"
"chr2","102205541","102205802","chr13","109670592","109670849","37","7465051"
"chr2","102206460","102206738","chr5","100102913","100103204","37","2103547"
"chr2","102444354","102444633","chrX","139100323","139100604","48","36655969"
"chr2","102649796","102650095","chr10","78793021","78793318","45","23856775"
"chr2","102694962","102695234","chr19","32515288","32515561","31","70179674"
"chr2","102765969","102766274","chr9","25603269","25603573","37","77162700"
"chr2","102942307","102942594","chr2","57070806","57071095","48","45871501"
"chr2","102969021","102969288","chr11","7911759","7912023","47","95057262"
"chr2","103181786","103182075","chr9","60077328","60077642","66","43104458"
"chr2","103400617","103400913","chr7","129456939","129457235","42","26056322"
"chr2","103452445","103452739","chr2","8148306","8148591","46","95304139"
"chr2","103453209","103453493","chr13","60536425","60536708","50","42916784"
"chr2","103597838","103598126","chr1","45623411","45623699","44","57974427"
"chr2","103607757","103607931","chr17","85170907","85171081","36","18436850"
"chr2","103614658","103614789","chr10","79547082","79547211","15","24067576"
"chr2","103628205","103628510","chr1","55266657","55266960","49","48361548"
"chr2","103639689","103639991","chr9","85132193","85132498","37","18507496"
"chr2","103668562","103668869","chr8","88676366","88676678","41","14992196"
"chr2","103753992","103754295","chr19","12557275","12557573","47","91196717"
"chr2","103825657","103825958","chr17","10691865","10692166","38","93133792"
"chr2","103827952","103828043","chr16","13328328","13328422","13","90499624"
"chr2","103919947","103920248","chr10","62550782","62551081","42","41369165"
"chr2","104166997","104167303","chr5","142954882","142955186","35","38787885"
"chr2","104313038","104313329","chr13","83787097","83787385","37","20525941"
"chr2","104315756","104316047","chr6","10376516","10376804","43","93939240"
"chr2","104478258","104478548","chr1","206447940","206448229","42","101969682"
"chr2","104536728","104537027","chr5","171657301","171657602","44","67120573"
"chr2","104562489","104562687","chr6","96555204","96555433","54","8007285"
"chr2","104589055","104589350","chr11","130887266","130887559","39","26298211"
"chr2","104726694","104726946","chr14","103355457","103355716","36","1371237"
"chr2","104814330","104814586","chr15","29543321","29543580","49","75271009"
"chr2","104992002","104992203","chr7","26831792","26831996","44","78160210"
"chr2","105016136","105016427","chr10","43209588","43209881","39","61806548"
"chr2","105129586","105129875","chr7","87714013","87714300","48","17415573"
"chr2","105570258","105570554","chr16","63276450","63276738","49","42293808"
"chr2","105752413","105752679","chr11","47502132","47502410","50","58250281"
"chr2","105766999","105767299","chr4","127109577","127109883","39","21342578"
"chr2","105795381","105795680","chr1","219225924","219226223","39","113430543"
"chr2","106284546","106284763","chr19","33731218","33731432","30","72553328"
"chr2","106380109","106380404","chrX","128569263","128569566","45","22189154"
"chr2","106447995","106448274","chr1","158576945","158577227","51","52128950"
"chr2","106587617","106587924","chr13","23501079","23501388","33","83086538"
"chr2","106685890","106686183","chr5","58082891","58083179","44","48602999"
"chr2","106750286","106750581","chrX","90705933","90706231","45","16044353"
"chr2","106918495","106918807","chr10","52633203","52633521","50","54285292"
"chr2","107367177","107367458","chr4","117616854","117617134","41","10249677"
"chr2","107705470","107705771","chr2","21717459","21717770","46","85988011"
"chr2","107764490","107764803","chr12","63712638","63712948","48","44051852"
"chr2","107943239","107943371","chr1","138365800","138365928","18","30422561"
"chr2","107999527","107999820","chr1","38935715","38936004","69","69063812"
"chr2","108032357","108032663","chr1","115385292","115385603","41","7352935"
"chr2","108228264","108228549","chr5","174494652","174494935","41","66266388"
"chr2","108244408","108244712","chr18","13289075","13289384","38","94955333"
"chr2","108262308","108262565","chr4","79455473","79455733","41","28806835"
"chr2","108696108","108696401","chr11","59744208","59744500","32","48951900"
"chr2","108783563","108783865","chr6","92875228","92875534","41","15908335"
"chr2","108821108","108821400","chr5","36968561","36968860","38","71852547"
"chr2","108913687","108913993","chr1","128155382","128155688","35","19241695"
"chr2","108930139","108930422","chr12","97703565","97703846","35","11226574"
"chr2","109115086","109115386","chr10","64805632","64805934","44","44309454"
"chr2","109161125","109161418","chr2","72702249","72702540","39","36458876"
"chr2","109174442","109174728","chr1","19736141","19736436","51","89438301"
"chr2","109205154","109205449","chr3","110049029","110049327","36","843875"
"chr2","109219513","109219820","chr1","11912016","11912323","39","97307497"
"chr2","109688179","109688489","chr7","127583222","127583528","40","17895043"
"chr2","109823656","109823958","chr18","48465782","48466081","48","61357874"
"chr2","109882513","109882786","chr11","47502132","47502410","36","62380381"
"chr2","109883410","109883713","chr7","161253903","161254205","41","51370493"
"chr2","110196244","110196531","chr17","78068546","78068824","58","32127698"
"chr2","110207804","110208106","chr1","87209310","87209616","49","22998494"
"chr2","110223783","110224084","chr9","57835064","57835373","46","52388719"
"chr2","110349171","110349431","chr9","29856126","29856394","45","80493045"
"chr2","110492621","110492915","chr15","11129719","11130015","46","99362902"
"chr2","110625088","110625391","chr3","173226126","173226430","37","62601038"
"chr2","110672471","110672769","chr13","32325637","32325935","37","78346834"
"chr2","110889159","110889460","chr6","71714754","71715057","36","39174405"
"chr2","110900822","110901125","chr9","61900736","61901039","37","49000086"
"chr2","110997812","110998101","chr9","55545842","55546125","54","55451970"
"chr2","111142419","111142716","chr7","90971726","90972022","39","20170693"
"chr2","111194500","111194808","chrX","109211107","109211398","50","1983393"
"chr2","111374271","111374561","chr7","111141615","111141909","43","232656"
"chr2","111676673","111676961","chr7","132975622","132975901","43","21298949"
"chr2","111891572","111891870","chr5","4538583","4538883","35","107352989"
"chr2","111892532","111892798","chr10","27434485","27434742","49","84458047"
"chr2","111906279","111906601","chr2","184514373","184514697","55","72608094"
"chr2","111908171","111908426","chr8","41509132","41509393","63","70399039"
"chr2","111931372","111931667","chr2","44047045","44047343","38","67884327"
"chr2","112035010","112035291","chrX","27848874","27849153","48","84186136"
"chr2","112108043","112108337","chrX","20846410","20846706","42","91261633"
"chr2","112169740","112170036","chr13","25422586","25422880","45","86747154"
"chr2","112478908","112479206","chr19","11193722","11194017","38","101285186"
"chr2","112544848","112545136","chr1","124250793","124251086","54","11705945"
"chr2","112569105","112569355","chr11","7911759","7912023","47","104657346"
"chr2","112719443","112719736","chr11","121723434","121723723","47","9003991"
"chr2","112834503","112834790","chr8","31629202","31629491","43","81205301"
"chr2","112923020","112923307","chr9","39558891","39559170","46","73364129"
"chr2","113004269","113004567","chr11","59744208","59744500","29","53260061"
"chr2","113045593","113045881","chr8","14736191","14736486","42","98309402"
"chr2","113077534","113077834","chr7","133065043","133065330","41","19987509"
"chr2","113221620","113221908","chr1","56954077","56954369","38","56267543"
"chr2","113234171","113234430","chr16","4708391","4708649","42","108525780"
"chr2","113238752","113239052","chr1","65662451","65662746","46","47576301"
"chr2","113243867","113244158","chr1","40137387","40137679","37","73106480"
"chr2","113407082","113407382","chr13","32817425","32817728","33","80589657"
"chr2","113431371","113431668","chr11","59744208","59744500","36","53687163"
"chr2","113690733","113691029","chr9","46059408","46059708","46","67631325"
"chr2","113693215","113693518","chr3","129694406","129694707","39","16001191"
"chr2","113712858","113713166","chr16","70227258","70227557","54","43485600"
"chr2","113853521","113853826","chr4","32648321","32648629","38","81205200"
"chr2","113862365","113862656","chr2","38884008","38884302","54","74978357"
"chr2","113940616","113940874","chr14","108589973","108590234","53","5350643"
"chr2","114247509","114247808","chr4","31928114","31928408","43","82319395"
"chr2","114311002","114311313","chr15","70442845","70443150","35","43868157"
"chr2","114482843","114483075","chr3","13737292","13737527","36","100745551"
"chr2","114911650","114911957","chr1","164085258","164085565","56","49173608"
"chr2","114968033","114968323","chr1","56954077","56954369","50","58013956"
"chr2","115098204","115098487","chr2","68809203","68809491","54","46289001"
"chr2","115273440","115273733","chr20","13516848","13517143","41","101756592"
"chr2","115342240","115342537","chr1","15150591","15150877","54","100191649"
"chr2","115540271","115540559","chr3","164913166","164913461","53","49372895"
"chr2","115583820","115584121","chr16","24435726","24436025","41","91148094"
"chr2","115639930","115640235","chr2","95068228","95068528","49","20571702"
"chr2","115822933","115823252","chr10","46007696","46008002","58","69815237"
"chr2","115831945","115832238","chr10","28173309","28173604","54","87658636"
"chr2","115888518","115888809","chr7","133065043","133065330","30","17176525"
"chr2","116101782","116102086","chrX","38430300","38430599","49","77671482"
"chr2","116389116","116389404","chr2","184580196","184580486","37","68191080"
"chr2","116428824","116429110","chr10","72400856","72401155","43","44027968"
"chr2","116482716","116482992","chr20","17877053","17877324","51","98605663"
"chr2","116499346","116499602","chr15","6467871","6468121","44","110031475"
"chr2","116532650","116532937","chr4","15797615","15797902","38","100735035"
"chr2","116568762","116569050","chr10","6154582","6154884","54","110414180"
"chr2","116577420","116577553","chr8","118827722","118827853","23","2250302"
"chr2","116578163","116578299","chr14","17581839","17581976","24","98996324"
"chr2","116578443","116578679","chr3","50901308","50901545","30","65677135"
"chr2","116604876","116605174","chr18","26757177","26757480","37","89847699"
"chr2","116608166","116608461","chr14","5197108","5197407","42","111411058"
"chr2","116647151","116647432","chr2","88612634","88612907","43","28034517"
"chr2","116657139","116657435","chr1","48444023","48444319","37","68213116"
"chr2","116678064","116678365","chr9","89235257","89235565","58","27442807"
"chr2","116708780","116709065","chr9","7025626","7025918","42","109683154"
"chr2","116786453","116786741","chr3","38670072","38670358","44","78116381"
"chr2","116833340","116833638","chr2","99912559","99912856","49","16920781"
"chr2","116844117","116844416","chr3","54978127","54978427","54","61865990"
"chr2","116865383","116865683","chr1","219225924","219226223","36","102360541"
"chr2","116950177","116950472","chr11","59699985","59700283","46","57250192"
"chr2","117086568","117086857","chr14","52054342","52054631","39","65032226"
"chr2","117205921","117206218","chr11","263735","264040","59","116942186"
"chr2","117226521","117226812","chr14","19462491","19462780","37","97764030"
"chr2","117292870","117293003","chr13","43588935","43589068","22","73703935"
"chr2","117401967","117402271","chr14","5934954","5935260","35","111467013"
"chr2","117498839","117499127","chr4","5391440","5391730","50","112107399"
"chr2","117517997","117518300","chr4","131151963","131152268","46","13633966"
"chr2","117571596","117571886","chr10","62315260","62315548","44","55256336"
"chr2","117576830","117577118","chr5","162457131","162457413","44","44880301"
"chr2","117749570","117749870","chr12","34126140","34126447","56","83623430"
"chr2","117919174","117919459","chr19","38513628","38513926","46","79405546"
"chr2","118137656","118137949","chr20","32453396","32453683","41","85684260"
"chr2","118183634","118183944","chr10","71767444","71767750","41","46416190"
"chr2","118187733","118188029","chr15","21464395","21464674","56","96723338"
"chr2","118307723","118308038","chr4","56503347","56503657","51","61804376"
"chr2","118315926","118316086","chr16","6072201","6072363","24","112243725"
"chr2","118337676","118337966","chr8","118107840","118108131","40","229836"
"chr2","118421402","118421683","chr13","64416561","64416845","45","54004841"
"chr2","118445589","118445888","chr7","93704145","93704444","53","24741444"
"chr2","118491108","118491401","chr5","34428917","34429213","38","84062191"
"chr2","118516602","118516884","chr5","128960234","128960515","48","10443632"
"chr2","118842525","118842832","chr5","139991933","139992239","52","21149408"
"chr2","118962901","118963200","chr7","161475947","161476247","44","42513046"
"chr2","119007411","119007680","chr8","26747262","26747531","34","92260149"
"chr2","119085160","119085447","chr19","46233848","46234134","37","72851312"
"chr2","119129621","119129878","chr2","49059917","49060182","36","70069704"
"chr2","119153341","119153601","chr1","129416815","129417073","49","10263474"
"chr2","119341278","119341534","chrX","122712517","122712780","41","3371239"
"chr2","119355118","119355415","chr8","6038103","6038400","39","113317015"
"chr2","119558151","119558445","chrX","16794626","16794922","40","102763525"
"chr2","119572871","119573154","chr11","59744208","59744500","37","59828663"
"chr2","119575702","119576008","chr1","114141291","114141594","46","5434411"
"chr2","119593625","119593933","chr5","34129012","34129323","37","85464613"
"chr2","119703272","119703563","chr18","48176114","48176407","36","71527158"
"chr2","119710352","119710646","chr3","14906033","14906330","44","104804319"
"chr2","119764169","119764458","chrX","62748235","62748529","40","57015934"
"chr2","119804238","119804541","chr13","32817425","32817728","31","86986813"
"chr2","119923422","119923712","chr9","7025626","7025918","35","112897796"
"chr2","120083885","120084188","chr2","106418670","106418975","34","13665215"
"chr2","120099538","120099841","chrX","105853714","105854022","53","14245824"
"chr2","120135962","120136269","chr18","18835935","18836190","78","101300027"
"chr2","120316556","120316851","chr5","2689047","2689344","56","117627509"
"chr2","120370275","120370550","chr8","93225344","93225611","54","27144931"
"chr2","120421680","120421964","chr11","46126255","46126535","42","74295425"
"chr2","120553970","120554278","chr5","34129012","34129323","32","86424958"
"chr2","120574916","120575135","chr13","71017466","71017686","33","49557450"
"chr2","120608930","120609205","chr9","29856126","29856394","49","90752804"
"chr2","120658600","120658930","chr6","92553242","92553569","53","28105358"
"chr2","120700543","120700710","chr6","165562719","165562880","27","44862176"
"chr2","120722043","120722342","chr19","3064712","3065012","37","117657331"
"chr2","120728997","120729282","chr14","115192900","115193190","43","5536097"
"chr2","120750826","120751125","chr1","108857181","108857488","51","11893645"
"chr2","120813867","120814152","chr7","132975622","132975901","66","12161755"
"chr2","120827290","120827594","chrX","15713155","15713456","37","105114135"
"chr2","120828505","120828726","chr7","121329046","121329267","49","500541"
"chr2","120926261","120926549","chr7","52736490","52736780","37","68189771"
"chr2","120968384","120968507","chr16","69974379","69974504","15","50994005"
"chr2","121000408","121000707","chr14","5934954","5935260","44","115065454"
"chr2","121018165","121018480","chr18","37799855","37800179","55","83218310"
"chr2","121151029","121151330","chrX","22039205","22039507","43","99111824"
"chr2","121187399","121187660","chr6","52055223","52055480","43","69132176"
"chr2","121225897","121226193","chr4","160599897","160600192","39","39374000"
"chr2","121376743","121377007","chrX","122712517","122712780","32","1335774"
"chr2","121529507","121529654","chr3","39713991","39714138","21","81815516"
"chr2","121617136","121617419","chr6","152714147","152714429","40","31097011"
"chr2","121672179","121672457","chr1","196693141","196693428","37","75020962"
"chr2","121824134","121824413","chrX","45685008","45685285","41","76139126"
"chr2","121956217","121956510","chr6","142572268","142572563","63","20616051"
"chr2","121992651","121992955","chr1","71641163","71641469","35","50351488"
"chr2","122115298","122115606","chr7","120736119","120736422","51","1379179"
"chr2","122232770","122233084","chr5","81950527","81950835","42","40282243"
"chr2","122294022","122294311","chr15","18305069","18305357","39","103988953"
"chr2","122299537","122299792","chr7","67057279","67057531","44","55242258"
"chr2","122347847","122348120","chr9","20166452","20166727","42","102181395"
"chr2","122449279","122449562","chr19","7821204","7821487","45","114628075"
"chr2","122474655","122474913","chr14","118731872","118732135","44","3742783"
"chr2","122503255","122503470","chr10","76202595","76202819","43","46300660"
"chr2","122506602","122506909","chr3","19655757","19656068","39","102850845"
"chr2","122518398","122518705","chr1","78203541","78203853","53","44314857"
"chr2","122651602","122651879","chr2","28624536","28624818","56","94027066"
"chr2","123126703","123126825","chr16","6379392","6379511","22","116747311"
"chr2","123128945","123129253","chr10","81279911","81280220","53","41849034"
"chr2","123136107","123136396","chr3","175969820","175970081","67","52833713"
"chr2","123139268","123139374","chr10","79957137","79957242","12","43182131"
"chr2","123141062","123141358","chr7","117581870","117582169","40","5559192"
"chr2","123216593","123216885","chr3","13489445","13489734","39","109727148"
"chr2","123296222","123296560","chr16","16185698","16186020","69","107110524"
"chr2","123391159","123391454","chr2","104954396","104954687","58","18436763"
"chr2","123428674","123428980","chr10","9719546","9719855","48","113709128"
"chr2","123432543","123432806","chr4","127539886","127540150","45","4107343"
"chr2","124159654","124159958","chr7","131418663","131418968","39","7259009"
"chr2","124184048","124184350","chr7","151979566","151979860","48","27795518"
"chr2","124359210","124359522","chr1","178931782","178932092","45","54572572"
"chr2","124369986","124370262","chr4","10337240","10337517","48","114032746"
"chr2","124411508","124411796","chr1","206447940","206448229","46","82036432"
"chr2","124416171","124416460","chr18","16367811","16368110","48","108048360"
"chr2","124530074","124530336","chr7","81067314","81067577","41","43462760"
"chr2","124567051","124567339","chr4","3166937","3167223","38","121400114"
"chr2","124641319","124641603","chr3","43954983","43955246","51","80686336"
"chr2","124641604","124641729","chr6","148375288","148375408","24","23733684"
"chr2","124694779","124695076","chr13","105713895","105714195","50","18980884"
"chr2","124822488","124822801","chr4","24531882","24532184","51","100290606"
"chr2","124920771","124921077","chrX","109069195","109069499","42","15851576"
"chr2","124940909","124941142","chr20","39426127","39426355","32","85514782"
"chr2","125237443","125237709","chrX","58120629","58120892","34","67116814"
"chr2","125312198","125312478","chr5","128960234","128960515","51","3648036"
"chr2","125320056","125320348","chr8","22381843","22382135","30","102938213"
"chr2","125452710","125452852","chr3","52484080","52484224","19","72968630"
"chr2","125467865","125468158","chr2","92827254","92827547","42","32640611"
"chr2","125627667","125627959","chr10","71312954","71313248","43","54314713"
"chr2","125727790","125728083","chr8","25582102","25582396","39","100145688"
"chr2","125825933","125826234","chr17","3684224","3684520","38","122141709"
"chr2","125838298","125838590","chr19","8378534","8378823","49","117459764"
"chr2","125960534","125960841","chr7","113654807","113655117","46","12305727"
"chr2","126090500","126090805","chrX","21774198","21774509","36","104316302"
"chr2","126094919","126095213","chr17","77730664","77730957","40","48364255"
"chr2","126155278","126155538","chr15","105505769","105506028","35","20649509"
"chr2","126183378","126183672","chr1","42476755","42477044","37","83706623"
"chr2","126192194","126192490","chr9","34341703","34341997","45","91850491"
"chr2","126210701","126210989","chr6","150565896","150566187","35","24355195"
"chr2","126294790","126295062","chr11","117011535","117011809","39","9283255"
"chr2","126347412","126347716","chr19","36732496","36732799","41","89614916"
"chr2","126398379","126398666","chr1","127903045","127903332","54","1504666"
"chr2","126400346","126400654","chr19","3064712","3065012","34","123335634"
"chr2","126429907","126430212","chr9","25603269","25603573","33","100826638"
"chr2","126443393","126443696","chr1","163969411","163969716","32","37526018"
"chr2","126497658","126497970","chr11","54079319","54079627","58","72418339"
"chr2","126526633","126526928","chr9","14690494","14690788","34","111836139"
"chr2","126591418","126591725","chr1","7993999","7994304","36","118597419"
"chr2","126593281","126593570","chr2","144684434","144684724","55","18091153"
"chr2","126678393","126678540","chr4","103459648","103459795","17","23218745"
"chr2","126686189","126686491","chr4","18146432","18146726","62","108539757"
"chr2","126701296","126701579","chr4","31083851","31084133","46","95617445"
"chr2","126704130","126704434","chr3","34969388","34969689","42","91734742"
"chr2","126718716","126719036","chr5","18918842","18919158","49","107799874"
"chr2","126780282","126780571","chr8","127022151","127022443","42","241869"
"chr2","126797096","126797387","chr6","146206774","146207067","43","19409678"
"chr2","126798735","126799036","chr2","46682521","46682821","34","80116214"
"chr2","126861086","126861359","chr6","171599686","171599962","47","44738600"
"chr2","126875374","126875676","chr6","148752882","148753187","40","21877508"
"chr2","126956295","126956564","chr2","100062378","100062646","38","26893917"
"chr2","126981654","126981929","chr2","48921809","48922082","41","78059845"
"chr2","127032785","127033070","chr3","63144094","63144379","45","63888691"
"chr2","127166425","127166718","chr7","51613254","51613546","47","75553171"
"chr2","127190526","127190736","chr20","57294276","57294485","38","69896250"
"chr2","127191414","127191531","chrX","33348734","33348848","19","93842680"
"chr2","127192278","127192574","chr6","147143348","147143652","49","19951070"
"chr2","127327105","127327237","chr15","4095522","4095653","28","123231583"
"chr2","127348895","127349185","chr9","60975679","60975968","38","66373216"
"chr2","127477806","127478099","chr18","16367811","16368110","44","111109995"
"chr2","127505671","127505978","chr1","124050585","124050888","35","3455086"
"chr2","127523140","127523429","chr7","133065043","133065330","33","5541903"
"chr2","127523517","127523813","chr16","37815360","37815660","40","89708157"
"chr2","127590076","127590373","chr7","52736490","52736780","40","74853586"
"chr2","127629934","127630223","chr1","204813267","204813556","38","77183333"
"chr2","127693046","127693347","chrX","21215642","21215942","40","106477404"
"chr2","127794612","127794884","chr15","76799848","76800119","35","50994764"
"chr2","127814646","127814920","chr7","63563901","63564180","53","64250745"
"chr2","127832883","127833177","chr11","59744208","59744500","31","68088675"
"chr2","127875409","127875686","chr19","32515288","32515561","36","95360121"
"chr2","127919478","127919779","chrX","6292568","6292871","38","121626910"
"chr2","127933953","127934249","chr15","90566852","90567145","36","37367101"
"chr2","127986195","127986475","chr9","60832680","60832955","39","67153515"
"chr2","127996136","127996418","chr7","18532501","18532788","44","109463635"
"chr2","128007807","128008098","chr2","163396132","163396420","36","35388325"
"chr2","128025604","128025879","chr16","1630024","1630299","34","126395580"
"chr2","128042294","128042574","chr19","50974121","50974400","52","77068173"
"chr2","128062572","128062888","chr10","46007696","46008002","45","82054876"
"chr2","128075018","128075251","chr7","121329046","121329267","36","6745972"
"chr2","128113388","128113692","chr13","32817425","32817728","35","95295963"
"chr2","128201621","128201932","chr15","41641300","41641603","50","86560321"
"chr2","128240293","128240592","chr1","53988770","53989067","39","74251523"
"chr2","128241002","128241317","chr16","9010404","9010690","73","119230598"
"chr2","128242996","128243302","chr1","20012770","20013073","52","108230226"
"chr2","128268653","128268965","chr13","9340559","9340871","38","118928094"
"chr2","128437019","128437329","chr15","34521387","34521693","46","93915632"
"chr2","128485483","128485783","chr16","5978442","5978742","34","122507041"
"chr2","128488361","128488656","chr12","98300764","98301051","40","30187597"
"chr2","128521444","128521729","chr19","15101206","15101497","39","113420238"
"chr2","128577982","128578254","chr20","37404718","37404983","43","91173264"
"chr2","128665383","128665684","chr14","10052509","10052814","41","118612874"
"chr2","128673395","128673693","chr7","90971726","90972022","33","37701669"
"chr2","128698734","128699020","chr1","125312140","125312429","46","3386594"
"chr2","128798087","128798401","chr1","146815747","146816057","44","18017660"
"chr2","128814881","128815180","chr19","12557275","12557573","43","116257606"
"chr2","128844640","128844927","chr2","73070385","73070678","38","55774255"
"chr2","128864663","128864939","chr4","155097910","155098188","48","26233247"
"chr2","128893393","128893702","chrX","105763749","105764060","45","23129644"
"chr2","128931746","128932042","chr7","38013110","38013409","41","90918636"
"chr2","129021532","129021585","chr2","136414026","136414076","9","7392494"
"chr2","129021933","129022188","chrX","88088678","88088937","37","40933255"
"chr2","129059316","129059620","chr3","69053558","69053857","36","60005758"
"chr2","129063138","129063400","chrX","61713396","61713669","50","67349742"
"chr2","129065650","129065946","chr13","32325637","32325935","37","96740013"
"chr2","129081404","129081732","chr15","7561500","7561795","66","121519904"
"chr2","129099209","129099508","chr6","35994347","35994647","42","93104862"
"chr2","129106782","129107068","chr7","117030480","117030769","37","12076302"
"chr2","129113496","129113751","chr2","165757823","165758089","53","36644327"
"chr2","129133348","129133644","chr12","89216067","89216369","40","39917281"
"chr2","129152200","129152490","chr15","83775499","83775789","40","45376701"
"chr2","129164793","129165101","chr1","7993999","7994304","36","121170794"
"chr2","129172379","129172678","chr8","40921148","40921447","35","88251231"
"chr2","129193083","129193390","chr1","128155382","128155688","45","1037701"
"chr2","129580388","129580694","chr6","72806469","72806776","45","56773919"
"chr2","129602262","129602569","chr14","5934954","5935260","39","123667308"
"chr2","129649146","129649455","chrX","21382000","21382304","46","108267146"
"chr2","129696648","129696908","chr4","157257885","157258139","59","27561237"
"chr2","129810534","129810681","chr18","24104552","24104687","25","105705982"
"chr2","129953790","129954064","chr3","41262066","41262353","57","88691724"
"chr2","129963527","129963846","chr5","32469834","32470141","53","97493693"
"chr2","129999526","129999817","chr19","35482053","35482349","38","94517473"
"chr2","130063182","130063474","chr12","39078021","39078314","39","90985161"
"chr2","130269997","130270303","chr13","32817425","32817728","32","97452572"
"chr2","130443017","130443326","chr11","105377359","105377670","39","25065658"
"chr2","130481488","130481773","chr3","151336195","151336483","38","20854707"
"chr2","130512094","130512198","chr20","66474997","66475114","32","64037097"
"chr2","130512320","130512495","chr16","44147525","44147680","37","86364795"
"chr2","130622915","130623212","chr3","164913166","164913461","47","34290251"
"chr2","130656191","130656472","chr15","78403474","78403750","33","52252717"
"chr2","131019363","131019676","chr2","106418670","106418975","40","24600693"
"chr2","131092210","131092425","chr7","155860210","155860412","25","24768000"
"chr2","131254094","131254384","chr11","131492005","131492296","37","237911"
"chr2","131296770","131297067","chr19","24212554","24212862","54","107084216"
"chr2","131339246","131339542","chr7","76889431","76889730","32","54449815"
"chr2","131420868","131421180","chr7","73560013","73560323","33","57860855"
"chr2","131428659","131428952","chrX","38190147","38190439","39","93238512"
"chr2","131529748","131530041","chr2","176866099","176866395","40","45336351"
"chr2","131533618","131533939","chr1","20012770","20013073","60","111520848"
"chr2","131543398","131543688","chr1","40659470","40659761","44","90883928"
"chr2","131545496","131545780","chr9","23375918","23376206","45","108169578"
"chr2","131549633","131549942","chr3","13929450","13929758","41","117620183"
"chr2","131553174","131553282","chr4","18435484","18435590","12","113117690"
"chr2","131553834","131554119","chr10","76959186","76959476","38","54594648"
"chr2","131587698","131587995","chr1","65662451","65662746","42","65925247"
"chr2","131591643","131591940","chr14","25551767","25552067","33","106039876"
"chr2","131735603","131735894","chr10","16049988","16050292","41","115685615"
"chr2","131773908","131774199","chr5","113649508","113649801","48","18124400"
"chr2","131778501","131778734","chr3","121231389","121231617","35","10547112"
"chr2","131841927","131842182","chr11","46291436","46291687","45","85550491"
"chr2","131870556","131870846","chr15","78953274","78953566","30","52917282"
"chr2","131899156","131899457","chr1","203673466","203673767","42","71774310"
"chr2","131900334","131900643","chr20","29027805","29028111","47","102872529"
"chr2","131913377","131913669","chr11","114923633","114923926","43","16989744"
"chr2","131919103","131919406","chr9","24056726","24057033","46","107862377"
"chr2","131952191","131952489","chr1","129567144","129567444","36","2385047"
"chr2","131958064","131958285","chr15","29611756","29611978","34","102346308"
"chr2","131968806","131969102","chr3","38447004","38447303","44","93521802"
"chr2","131980746","131981031","chr1","11791129","11791415","36","120189617"
"chr2","131984524","131984820","chr11","62671059","62671353","44","69313465"
"chr2","132015829","132015959","chr4","14928762","14928890","16","117087067"
"chr2","132041860","132042147","chr10","69580792","69581075","41","62461068"
"chr2","132178154","132178342","chr5","89567023","89567218","31","42611131"
"chr2","132192411","132192581","chr1","13250931","13251105","50","118941480"
"chr2","132193433","132193546","chr7","110125456","110125571","16","22067977"
"chr2","132311574","132311882","chr1","71641163","71641469","46","60670411"
"chr2","132325782","132326076","chr1","12638916","12639211","43","119686866"
"chr2","132569486","132569767","chr7","151979566","151979860","44","19410080"
"chr2","132648336","132648638","chr6","124714488","124714790","36","7933848"
"chr2","132698701","132698957","chr4","13827704","13827962","46","118870997"
"chr2","132711115","132711264","chr1","92507019","92507191","40","40204096"
"chr2","132784389","132784693","chr18","9726873","9727171","36","123057516"
"chr2","132947929","132948235","chr1","128155382","128155688","35","4792547"
"chr2","132962288","132962577","chr7","133065043","133065330","34","102755"
"chr2","132983016","132983343","chr3","34969388","34969689","55","98013628"
"chr2","132992056","132992356","chr16","21958952","21959252","33","111033104"
"chr2","132994055","132994344","chr16","8366212","8366504","46","124627843"
"chr2","133049792","133050076","chr9","14690494","14690788","51","118359298"
"chr2","133067763","133068045","chr13","107989665","107989947","38","25078098"
"chr2","133077765","133078056","chr13","32325637","32325935","42","100752128"
"chr2","133105792","133106071","chr9","51784847","51785122","39","81320945"
"chr2","133110213","133110486","chr15","57652318","57652603","62","75457895"
"chr2","133138598","133138895","chr4","32871781","32872078","37","100266817"
"chr2","133398226","133398400","chr3","140159266","140159438","50","6761040"
"chr2","133452961","133453254","chr20","53970919","53971210","58","79482042"
"chr2","133480153","133480463","chr11","12237418","12237729","44","121242735"
"chr2","133490847","133491112","chr6","52055223","52055480","47","81435624"
"chr2","133527146","133527191","chr13","35923898","35923942","18","97603248"
"chr2","133527506","133527648","chr8","118071709","118071836","41","15455797"
"chr2","133527963","133528089","chr15","78983417","78983543","26","54544546"
"chr2","133543114","133543406","chrX","90513293","90513597","60","43029821"
"chr2","133567910","133568214","chrX","124869328","124869635","40","8698582"
"chr2","133631700","133632012","chr10","51747515","51747827","52","81884185"
"chr2","133688916","133689213","chr20","25946663","25946962","39","107742253"
"chr2","133706620","133706908","chr5","86238609","86238898","42","47468011"
"chr2","133726940","133727253","chr17","78189511","78189816","35","55537429"
"chr2","133761052","133761330","chr3","178701270","178701546","53","44940218"
"chr2","133804296","133804597","chr11","47924958","47925256","40","85879338"
"chr2","133806421","133806669","chr16","32710064","32710313","49","101096357"
"chr2","133806826","133807099","chr1","163989460","163989738","55","30182634"
"chr2","133837180","133837485","chr14","5934954","5935260","37","127902226"
"chr2","133849091","133849371","chr7","18532501","18532788","42","115316590"
"chr2","133859528","133859652","chr1","191044564","191044686","16","57185036"
"chr2","133866270","133866558","chr10","34187353","34187638","42","99678917"
"chr2","133889259","133889548","chr14","10784769","10785061","39","123104490"
"chr2","134025718","134026019","chr4","132287893","132288193","32","1737825"
"chr2","134037077","134037338","chr6","68453365","68453643","57","65583712"
"chr2","134061055","134061335","chr3","134867637","134867930","43","806582"
"chr2","134115894","134116190","chr19","3064712","3065012","34","131051182"
"chr2","134434475","134434706","chr15","1694121","1694362","37","132740354"
"chr2","134571266","134571565","chr7","129456939","129457235","37","5114327"
"chr2","134676821","134677133","chr10","67405046","67405353","40","67271775"
"chr2","134762564","134762870","chr1","13775181","13775485","42","120987383"
"chr2","134769965","134770257","chr6","36792438","36792730","47","97977527"
"chr2","134884210","134884523","chr14","97144510","97144821","34","37739700"
"chr2","134905615","134905909","chrX","108069512","108069807","36","26836103"
"chr2","134911360","134911659","chr7","37745230","37745526","42","97166130"
"chr2","134951476","134951755","chr1","158198823","158199105","52","23247347"
"chr2","134970342","134970631","chr7","26098437","26098733","38","108871905"
"chr2","134979887","134980202","chr10","32212628","32212940","49","102767259"
"chr2","135025694","135025986","chr1","114716826","114717136","45","20308868"
"chr2","135150203","135150467","chr2","39029241","39029515","42","96120962"
"chr2","135170993","135171296","chr6","67355108","67355412","37","67815885"
"chr2","135274417","135274714","chr10","72862379","72862672","42","62412038"
"chr2","135276470","135276741","chr16","7789891","7790171","51","127486579"
"chr2","135463219","135463509","chr2","38884008","38884302","37","96579211"
"chr2","135490086","135490378","chr6","43129343","43129636","41","92360743"
"chr2","135553897","135554215","chr9","89305373","89305688","60","46248524"
"chr2","135557791","135558090","chr1","67368758","67369056","38","68189033"
"chr2","135569180","135569458","chr19","14477659","14477939","49","121091521"
"chr2","135579791","135580088","chr9","115985296","115985597","40","19594495"
"chr2","135640933","135641217","chr19","19582804","19583088","43","116058129"
"chr2","135659132","135659428","chr16","49625494","49625797","38","86033638"
"chr2","135663613","135663918","chr11","6563934","6564243","42","129099679"
"chr2","135749125","135749362","chr6","66821587","66821854","62","68927538"
"chr2","135776680","135776987","JH683230","12694","13013","46","135763986"
"chr2","135799522","135799819","chr11","59744208","59744500","34","76055314"
"chr2","135833798","135834090","chr4","26827578","26827875","51","109006220"
"chr2","135964884","135965192","chr19","24212554","24212862","48","111752330"
"chr2","135971059","135971375","chr4","32666294","32666610","52","103304765"
"chr2","136185213","136185500","chr1","48763142","48763429","43","87422071"
"chr2","136243209","136243504","chr3","45626371","45626668","37","90616838"
"chr2","136249466","136249683","chr15","9192873","9193120","60","127056593"
"chr2","136281574","136281884","chr1","199749826","199750136","37","63468252"
"chr2","136291958","136292264","chr10","72394915","72395215","39","63897043"
"chr2","136299507","136299785","chr16","45339014","45339298","38","90960493"
"chr2","136302263","136302508","chr3","42975213","42975449","40","93327050"
"chr2","136483477","136483772","chr1","54481421","54481716","52","82002056"
"chr2","136807489","136807798","chr1","123652137","123652447","47","13155352"
"chr2","136858633","136858939","chr1","44950004","44950301","46","91908629"
"chr2","136990651","136990813","chr18","39602152","39602315","28","97388499"
"chr2","136991158","136991453","chr12","82042102","82042404","46","54949056"
"chr2","136991759","136991875","chrX","39939386","39939502","24","97052373"
"chr2","137032198","137032478","chr6","150478906","150479188","45","13446708"
"chr2","137044948","137045240","chr6","102271212","102271509","34","34773736"
"chr2","137079448","137079739","chr9","13273256","13273546","37","123806192"
"chr2","137083489","137083781","chr16","2690755","2691046","45","134392734"
"chr2","137105297","137105589","chr1","179906619","179906914","35","42801322"
"chr2","137114171","137114484","chr9","89235257","89235565","47","47878914"
"chr2","137116226","137116526","chrX","15713155","15713456","34","121403071"
"chr2","137119267","137119570","chr15","74841385","74841687","42","62277882"
"chr2","137134323","137134617","chr7","90971726","90972022","32","46162597"
"chr2","137156728","137157024","chr3","45626371","45626668","36","91530357"
"chr2","137194186","137194492","chr5","34428917","34429213","45","102765269"
"chr2","137196617","137196909","chr6","124946544","124946841","43","12250073"
"chr2","137226676","137226971","chr8","25582102","25582396","36","111644574"
"chr2","137259970","137260249","chr13","64416561","64416845","47","72843409"
"chr2","137303999","137304291","chr3","133866579","133866872","42","3437420"
"chr2","137307898","137308191","chr11","105493776","105494065","46","31814122"
"chr2","137322249","137322543","chr5","100171700","100171994","40","37150549"
"chr2","137323612","137323925","chr12","70006616","70006924","40","67316996"
"chr2","137324779","137324879","chr15","87901774","87901876","14","49423005"
"chr2","137325922","137326181","chr14","10053610","10053861","58","127272312"
"chr2","137353431","137353719","chr8","35747302","35747593","41","101606129"
"chr2","137357462","137357582","chr10","19499881","19500000","12","117857581"
"chr2","137358246","137358398","chr3","151747443","151747601","29","14389197"
"chr2","137358416","137358548","chr7","148603228","148603359","29","11244812"
"chr2","137361237","137361540","JH682036","358126","358421","40","137003111"
"chr2","137381240","137381535","chr11","12597992","12598282","48","124783248"
"chr2","137394277","137394577","chr9","110990408","110990707","43","26403869"
"chr2","137466220","137466509","chr7","54452601","54452895","41","83013619"
"chr2","137483573","137483854","chr16","3687263","3687550","46","133796310"
"chr2","137493420","137493716","chr7","60353185","60353480","42","77140235"
"chr2","137495823","137496113","chr4","150540961","150541258","36","13045138"
"chr2","137526793","137527091","chr3","82592201","82592506","44","54934592"
"chr2","137533219","137533517","chr15","59941487","59941783","49","77591732"
"chr2","137546447","137546742","chr3","24783656","24783946","47","112762791"
"chr2","137569543","137569826","chr2","149808038","149808322","41","12238495"
"chr2","137577597","137577852","chr19","39470515","39470769","40","98107082"
"chr2","137588630","137588910","chr2","149808038","149808322","40","12219408"
"chr2","137596008","137596292","chr9","110422362","110422647","42","27173646"
"chr2","137603072","137603371","chr2","46682521","46682821","36","90920551"
"chr2","137604165","137604476","chr4","102546701","102547003","42","35057464"
"chr2","137643412","137643722","chr8","29386987","29387291","43","108256425"
"chr2","137667753","137668048","chr15","13450585","13450881","45","124217168"
"chr2","137691616","137691916","chr10","81724126","81724427","41","55967490"
"chr2","137695663","137695974","chr10","61375285","61375586","55","76320378"
"chr2","137702550","137702846","chr17","30611756","30612052","31","107090794"
"chr2","137738236","137738537","chrX","15713155","15713456","37","122025081"
"chr2","137743248","137743535","chr4","154135592","154135882","37","16392344"
"chr2","137746685","137746986","chrX","106955148","106955450","43","30791537"
"chr2","137760383","137760517","chr4","1002980","1003111","15","136757403"
"chr2","137792380","137792658","chr5","73965376","73965663","45","63827004"
"chr2","137803748","137804033","chr5","47376137","47376430","54","90427611"
"chr2","137805030","137805314","chr19","44121713","44121997","37","93683317"
"chr2","137824251","137824512","chr4","79455473","79455733","37","58368778"
"chr2","137835063","137835362","chr10","72394915","72395215","39","65440148"
"chr2","137835905","137836213","chr2","102989050","102989349","45","34846855"
"chr2","137836617","137836922","chr1","139353240","139353543","48","1516623"
"chr2","137851446","137851744","chr1","185771060","185771357","38","47919614"
"chr2","137873682","137873971","chr13","8360010","8360293","49","129513672"
"chr2","137888660","137888959","chr3","34969388","34969689","40","102919272"
"chr2","137892131","137892423","chr2","184580196","184580486","33","46688065"
"chr2","137900606","137900913","chrX","90821322","90821629","36","47079284"
"chr2","137903089","137903382","chr5","71706863","71707155","37","66196226"
"chr2","137917151","137917439","chrX","108069512","108069807","48","29847639"
"chr2","137917578","137917851","chr19","32515288","32515561","32","105402290"
"chr2","137924939","137925211","chr1","138442910","138443191","52","517971"
"chr2","137935921","137936231","chrX","122766989","122767301","49","15168932"
"chr2","137939935","137940232","chrX","24932309","24932597","49","113007626"
"chr2","137973858","137974153","chr6","64810496","64810785","48","73163362"
"chr2","137976753","137977006","chr1","63894420","63894652","65","74082333"
"chr2","137983530","137983815","chr1","127703616","127703888","50","10279914"
"chr2","138040470","138040764","chr19","45993421","45993713","35","92047049"
"chr2","138238993","138239308","chr7","138308866","138309180","49","69873"
"chr2","138264729","138264868","chr8","76522039","76522178","14","61742690"
"chr2","138367258","138367555","chr3","40571214","40571519","53","97796044"
"chr2","138730704","138730999","chr1","56006926","56007222","37","82723778"
"chr2","138747292","138747564","chr3","178701270","178701546","52","39953978"
"chr2","138755715","138756023","chr7","121774853","121775163","39","16980862"
"chr2","138865810","138866102","chr16","18796729","18797022","43","120069081"
"chr2","138880217","138880490","chr10","61204333","61204602","60","77675884"
"chr2","138944180","138944488","chr9","50083441","50083750","65","88860739"
"chr2","138945292","138945588","chr7","71414389","71414681","45","67530903"
"chr2","138993971","138994189","chr6","61779025","61779240","30","77214946"
"chr2","139001485","139001796","chr6","151208740","151209049","44","12207255"
"chr2","139035979","139036216","chr7","63111540","63111772","39","75924439"
"chr2","139117846","139118145","chr4","32871781","32872078","45","106246065"
"chr2","139141498","139141750","chr10","71097310","71097577","44","68044188"
"chr2","139168032","139168275","chr13","124467472","124467721","59","14700560"
"chr2","139304990","139305280","chr14","15577285","15577579","37","123727705"
"chr2","139375634","139375945","chr1","7993999","7994304","40","131381635"
"chr2","139407854","139408135","chr16","62639389","62639673","41","76768465"
"chr2","139426948","139427245","chr4","9648127","9648436","42","129778821"
"chr2","139462450","139462654","chr20","49267706","49267913","27","90194744"
"chr2","139465020","139465312","chr14","46552423","46552715","41","92912597"
"chr2","139492933","139493235","chr6","124714488","124714790","32","14778445"
"chr2","139795613","139795917","chr1","128155382","128155688","43","11640231"
"chr2","139827646","139827872","chr16","39597539","39597764","47","100230107"
"chr2","139951097","139951388","chr1","42476755","42477044","44","97474342"
"chr2","140038206","140038503","chr1","113972463","113972763","35","26065743"
"chr2","140414044","140414325","chr4","7297871","7298169","50","133116173"
"chr2","140494327","140494607","chr20","49701084","49701366","34","90793243"
"chr2","140516596","140516902","chr16","57261806","57262111","34","83254790"
"chr2","140600899","140601204","chr6","142572268","142572563","42","1971369"
"chr2","140612196","140612465","chr8","88869400","88869673","38","51742796"
"chr2","140617146","140617444","chr7","87091192","87091485","60","53525954"
"chr2","140841461","140841731","chr5","172955680","172955956","49","32114219"
"chr2","140947821","140948105","chr4","110946344","110946633","43","30001477"
"chr2","141006774","141007068","chr7","71414389","71414681","44","69592385"
"chr2","141013781","141014036","chr4","79455473","79455733","34","61558308"
"chr2","141026725","141027031","chr13","23501079","23501388","60","117525646"
"chr2","141069454","141069749","chr15","101493605","101493896","42","39575849"
"chr2","141118600","141118900","chr1","67097369","67097671","41","74021231"
"chr2","141161454","141161735","chr16","11161826","11162107","41","129999628"
"chr2","141183003","141183240","chr6","70584861","70585099","48","70598142"
"chr2","141251620","141251936","chr3","12603123","12603437","38","128648497"
"chr2","141371886","141372178","chr16","48371680","48371971","42","93000206"
"chr2","141377713","141378024","chr1","97886298","97886605","50","43491415"
"chr2","141396281","141396570","chr1","94365322","94365615","38","47030959"
"chr2","141419476","141419779","chr14","21158129","21158427","50","120261347"
"chr2","141426827","141427111","chr2","129299048","129299336","36","12127779"
"chr2","141438291","141438583","chr1","124250793","124251086","38","17187498"
"chr2","141459348","141459652","chr4","59283084","59283385","37","82176264"
"chr2","141552946","141553243","chr8","97675628","97675922","47","43877318"
"chr2","141558084","141558381","chr10","62787053","62787351","44","78771031"
"chr2","141627414","141627648","chr6","61251937","61252187","50","80375477"
"chr2","141662856","141662990","chr10","88461383","88461516","21","53201473"
"chr2","141680216","141680493","chr13","42970808","42971080","53","98709408"
"chr2","141691265","141691557","chr9","7025626","7025918","36","134665639"
"chr2","141882061","141882347","chr4","108800307","108800597","33","33081754"
"chr2","141932820","141933108","chr3","173670201","173670489","34","31737381"
"chr2","142087343","142087649","chr11","4016647","4016949","36","138070696"
"chr2","142113523","142113596","chr9","93939465","93939535","14","48174058"
"chr2","142114082","142114260","chr13","24992392","24992563","54","117121690"
"chr2","142241417","142241713","chr13","32817425","32817728","32","109423992"
"chr2","142293640","142293940","chr10","46007696","46008002","33","96285944"
"chr2","142311354","142311655","chr17","76056965","76057261","32","66254389"
"chr2","142417299","142417581","chr7","90648323","90648607","42","51768976"
"chr2","142444301","142444607","chr10","83992980","83993283","54","58451321"
"chr2","142457707","142457994","chr3","178746853","178747140","43","36289146"
"chr2","142526721","142527015","chr10","72862379","72862672","32","69664342"
"chr2","142587283","142587577","chr8","25582102","25582396","32","117005181"
"chr2","142634805","142635087","chr11","104267729","104268018","50","38367076"
"chr2","142690946","142691233","chr4","111697334","111697630","49","30993612"
"chr2","142831676","142831803","chr8","44502639","44502765","19","98329037"
"chr2","142847325","142847622","chr4","112317198","112317500","53","30530127"
"chr2","142887246","142887503","chr20","66291427","66291685","54","76595819"
"chr2","143435475","143435770","chrX","109211107","109211398","45","34224368"
"chr2","143609323","143609625","chr2","106418670","106418975","43","37190653"
"chr2","143882046","143882354","chr11","101190137","101190431","57","42691909"
"chr2","143936690","143936993","chr1","128114394","128114695","50","15822296"
"chr2","143946959","143947254","chr9","7025626","7025918","42","136921333"
"chr2","144293146","144293441","chr6","58782342","58782632","46","85510804"
"chr2","144566295","144566595","chr10","61375285","61375586","46","83191010"
"chr2","144667052","144667344","chr2","84844754","84845049","43","59822298"
"chr2","144727202","144727352","chr4","103459648","103459795","32","41267554"
"chr2","144773984","144774278","chr4","82945647","82945940","32","61828337"
"chr2","144891325","144891589","chr11","7911759","7912023","36","136979566"
"chr2","144911290","144911588","chr12","35031886","35032181","33","109879404"
"chr2","144918096","144918396","chr7","150944739","150945043","30","6026643"
"chr2","144937472","144937751","chr9","111708748","111709026","39","33228724"
"chr2","144947695","144947991","chr3","7859283","7859575","46","137088412"
"chr2","144971985","144972279","chr10","27535216","27535511","38","117436769"
"chr2","145009244","145009529","chr1","128202446","128202737","45","16806798"
"chr2","145032014","145032313","chr16","18796729","18797022","43","126235285"
"chr2","145062212","145062510","chr1","67368758","67369056","43","77693454"
"chr2","145067604","145067910","chr15","5203509","5203816","37","139864095"
"chr2","145077431","145077743","chrX","112635135","112635448","49","32442296"
"chr2","145091763","145092071","chr1","13865146","13865450","46","131226617"
"chr2","145092722","145093016","chr6","47089969","47090257","39","98002753"
"chr2","145106330","145106641","chr11","51914381","51914692","43","93191949"
"chr2","145122636","145122896","chr20","42229503","42229785","45","102893133"
"chr2","145181071","145181365","chr1","127833040","127833336","41","17348031"
"chr2","145789274","145789568","chr11","59744208","59744500","29","86045066"
"chr2","145801022","145801323","chrX","68646400","68646699","35","77154622"
"chr2","145909352","145909657","chr5","36968561","36968860","44","108940791"
"chr2","145929249","145929449","chr13","30956781","30956950","55","114972468"
"chr2","146090671","146090952","chrX","62378326","62378608","41","83712345"
"chr2","146306263","146306550","chr4","42101884","42102172","49","104204379"
"chr2","146410679","146410985","chr11","6673783","6674089","37","139736896"
"chr2","146439165","146439443","chr16","39713988","39714268","41","106725177"
"chr2","146574166","146574462","chrX","15713155","15713456","34","130861011"
"chr2","146604670","146604967","chr3","45626371","45626668","32","100978299"
"chr2","146633782","146634079","chr1","219225924","219226223","36","72592142"
"chr2","146701347","146701608","chr6","164769454","164769719","45","18068107"
"chr2","146726169","146726446","chr17","30318493","30318771","43","116407676"
"chr2","146770035","146770302","chr9","60097430","60097697","38","86672605"
"chr2","146771532","146771852","chr10","73398269","73398584","51","73373263"
"chr2","146797934","146798222","chr10","5530292","5530579","41","141267642"
"chr2","146941249","146941544","chr10","76959186","76959476","46","69982063"
"chr2","146945245","146945541","chr18","2855012","2855310","31","144090233"
"chr2","147183071","147183283","chr7","121329046","121329267","36","25854025"
"chr2","147205879","147206168","chr1","42476755","42477044","37","104729124"
"chr2","147496282","147496577","chr16","67886700","67886994","57","79609582"
"chr2","147539927","147540212","chr8","28825632","28825920","35","118714295"
"chr2","147540554","147540844","chr9","7025626","7025918","32","140514928"
"chr2","147629183","147629485","chr13","32817425","32817728","34","114811758"
"chr2","147768353","147768623","chr14","8680117","8680387","44","139088236"
"chr2","147924572","147924879","chr4","3145119","3145426","41","144779453"
"chr2","148064093","148064369","chr13","37859813","37860103","59","110204280"
"chr2","148240999","148241311","chr15","8402934","8403248","42","139838065"
"chr2","148281381","148281670","chr15","78953274","78953566","43","69328107"
"chr2","148353541","148353846","chr9","12321681","12321991","40","136031860"
"chr2","148359055","148359338","chr19","47662689","47662983","38","100696366"
"chr2","148480528","148480769","chr1","219758544","219758798","55","71278016"
"chr2","148561257","148561553","chr4","53137231","53137527","52","95424026"
"chr2","148814376","148814671","chr6","54800772","54801067","36","94013604"
"chr2","148976108","148976348","chr10","80538038","80538291","62","68438070"
"chr2","149040701","149040993","chr1","92711937","92712231","48","56328764"
"chr2","149103039","149103348","chr10","47089595","47089902","43","102013444"
"chr2","149164853","149165140","chr4","13663992","13664285","31","135500861"
"chr2","149224622","149224920","JH682036","358126","358421","36","148866496"
"chr2","149226807","149227108","chr13","125134336","125134638","37","24092471"
"chr2","149366161","149366453","chr1","124250793","124251086","40","25115368"
"chr2","149389647","149389951","chr3","69228301","69228608","46","80161346"
"chr2","149414919","149415218","chr8","76439046","76439334","59","72975873"
"chr2","149464767","149465082","chr11","111017533","111017842","49","38447234"
"chr2","149536156","149536467","chr13","32817425","32817728","42","116718731"
"chr2","149706634","149706754","chr10","19499881","19500000","21","130206753"
"chr2","149750611","149750905","chr15","39486874","39487167","44","110263737"
"chr2","149750914","149751209","chr5","73894112","73894412","38","75856802"
"chr2","149980660","149980955","JH682036","358126","358421","31","149622534"
"chr2","150183061","150183356","chr9","7025626","7025918","29","143157435"
"chr2","150194464","150194768","chr1","124050585","124050888","38","26143879"
"chr2","150254160","150254434","chr16","2090775","2091048","42","148163385"
"chr2","150271627","150271924","chr8","25582102","25582396","36","124689525"
"chr2","150373100","150373380","chr1","158198823","158199105","44","7825723"
"chr2","150395790","150396068","chr12","13816939","13817223","45","136578851"
"chr2","150403332","150403616","chr11","59744208","59744500","44","90659124"
"chr2","150412929","150413242","chrX","90798452","90798764","42","59614477"
"chr2","150422216","150422498","chr5","99829726","99830013","51","50592490"
"chr2","150440358","150440647","chr1","118003993","118004283","44","32436365"
"chr2","150450270","150450572","chr6","124714488","124714790","44","25735782"
"chr2","150465450","150465731","chr1","128592581","128592863","52","21872869"
"chr2","150472124","150472432","chr13","61334608","61334909","48","89137516"
"chr2","150484401","150484688","chr20","52007726","52008019","40","98476675"
"chr2","150485119","150485398","chr6","171557754","171558039","48","21072635"
"chr2","150493022","150493330","chr12","44683851","44684154","49","105809171"
"chr2","150496109","150496412","chr3","66701770","66702068","34","83794339"
"chr2","150501770","150502048","chr1","65416774","65417058","45","85084996"
"chr2","150511473","150511788","chr2","84534823","84535130","46","65976650"
"chr2","150554253","150554560","chr4","92243710","92244017","46","58310543"
"chr2","150587475","150587784","chr18","26757177","26757480","51","123830298"
"chr2","150592841","150592880","chr1","25345860","25345900","7","125246981"
"chr2","150749467","150749763","chr17","23859405","23859701","36","126890062"
"chr2","150758562","150758824","chr1","10273687","10273957","50","140484875"
"chr2","150765381","150765665","chr16","3999111","3999404","38","146766270"
"chr2","150874947","150875232","chr19","46233848","46234134","39","104641099"
"chr2","150963729","150964017","chr16","18796729","18797022","45","132167000"
"chr2","150977783","150978100","chr3","107527276","107527579","44","43450507"
"chr2","151185824","151185998","chr3","151252705","151252876","27","66881"
"chr2","151243708","151243999","chr20","62773757","62774047","39","88469951"
"chr2","151272810","151273095","chr1","47560185","47560483","53","103712625"
"chr2","151316158","151316466","chr1","7993999","7994304","33","143322159"
"chr2","151413793","151414094","chr2","84844754","84845049","45","66569039"
"chr2","151488764","151489061","chr9","56856523","56856815","41","94632241"
"chr2","151522676","151522954","chr18","48879710","48879982","53","102642966"
"chr2","151559489","151559784","chr3","10482926","10483222","47","141076563"
"chr2","151581027","151581325","chr3","45626371","45626668","39","105954656"
"chr2","151599972","151600133","chr6","165562719","165562880","20","13962747"
"chr2","151631679","151631983","chr3","125389091","125389392","35","26242588"
"chr2","151634683","151634974","chr1","42476755","42477044","38","109157928"
"chr2","151640797","151641098","chr1","67368758","67369056","39","84272039"
"chr2","151694335","151694638","chr3","10482926","10483222","47","141211409"
"chr2","151714150","151714449","chr14","47975560","47975869","44","103738590"
"chr2","151750846","151751144","chr13","92856314","92856619","47","58894532"
"chr2","151813312","151813462","chr3","84702351","84702506","30","67110961"
"chr2","151816282","151816597","chr6","170366660","170366966","53","18550378"
"chr2","152127765","152128076","chrX","107455610","107455920","40","44672155"
"chr2","152149191","152149456","chr3","38498773","38499036","41","113650418"
"chr2","152150077","152150351","chr6","66316800","66317084","50","85833277"
"chr2","152162872","152163180","chr1","18100109","18100412","45","134062763"
"chr2","152180019","152180309","chr2","184580196","184580486","35","32400177"
"chr2","152191028","152191300","chr3","172748138","172748416","41","20557110"
"chr2","152207018","152207281","chr8","25856240","25856492","45","126350778"
"chr2","152212561","152212872","chr13","3026078","3026372","51","149186483"
"chr2","152230316","152230611","chr12","62741269","62741568","46","89489047"
"chr2","152262796","152263099","chr4","32401427","32401735","37","119861369"
"chr2","152388319","152388574","chr16","40076793","40077035","45","112311526"
"chr2","152416393","152416618","chr2","39627234","39627460","53","112789159"
"chr2","152435410","152435556","chr14","3287974","3288106","38","149147436"
"chr2","152455645","152455959","chr11","48823833","48824132","62","103631812"
"chr2","152466055","152466356","chr17","30337456","30337753","37","122128599"
"chr2","152490841","152491078","chr2","88342313","88342563","54","64148528"
"chr2","152503526","152503830","chr14","103496537","103496841","39","49006989"
"chr2","152511544","152511853","chr11","31649433","31649735","59","120862111"
"chr2","152512753","152512976","chr12","91954166","91954387","42","60558587"
"chr2","152544224","152544520","chr1","47596774","47597083","47","104947450"
"chr2","152546052","152546346","chr11","59744208","59744500","28","92801844"
"chr2","152641985","152642205","chr7","121329046","121329267","30","31312939"
"chr2","152838790","152839068","chrX","61173730","61174015","42","91665060"
"chr2","152922833","152923145","chr1","128155382","128155688","39","24767451"
"chr2","152977661","152977961","chr16","69034579","69034877","47","83943082"
"chr2","153047199","153047498","chr16","11126268","11126568","37","141920931"
"chr2","153130950","153131243","chr19","35393021","35393316","39","117737929"
"chr2","153155081","153155387","chr16","54321303","54321613","47","98833778"
"chr2","153249527","153249792","chr6","131907094","131907355","47","21342433"
"chr2","153268691","153268975","chr12","98300764","98301051","40","54967927"
"chr2","153303691","153303979","chr14","7085702","7085992","31","146217989"
"chr2","153310147","153310436","JH682036","358126","358421","41","152952021"
"chr2","153395247","153395549","chr3","164913166","164913461","42","11517919"
"chr2","153420899","153421192","chr5","162478601","162478895","38","9057702"
"chr2","153495637","153495934","chr15","101493605","101493896","43","52002032"
"chr2","153536157","153536461","chrX","112226407","112226706","44","41309750"
"chr2","153588306","153588616","chr9","61900736","61901039","40","91687570"
"chr2","153636368","153636629","chr1","162422913","162423171","53","8786545"
"chr2","153646604","153646894","chr1","30732385","30732672","53","122914219"
"chr2","153682467","153682771","chrX","62793848","62794155","39","90888619"
"chr2","153689328","153689626","chr17","5694660","5694964","39","147994668"
"chr2","153727734","153727982","chr6","160074090","160074338","56","6346356"
"chr2","153728678","153728973","chr10","78383135","78383429","51","75345543"
"chr2","153754592","153754888","chrX","782229","782525","37","152972363"
"chr2","153786180","153786462","chr10","69580792","69581075","38","84205388"
"chr2","153827756","153828047","chr1","124250793","124251086","36","29576963"
"chr2","153840623","153840919","chr13","32817425","32817728","33","121023198"
"chr2","153980884","153981187","chr1","184288081","184288385","41","30307197"
"chr2","154012758","154013056","chr10","78749019","78749318","42","75263739"
"chr2","154053800","154054080","chr20","49701084","49701366","38","104352716"
"chr2","154096252","154096572","chr1","34059946","34060256","51","120036306"
"chr2","154101887","154102178","chr17","50740419","50740714","42","103361468"
"chr2","154130978","154131266","chr7","52736490","52736780","42","101394488"
"chr2","154160649","154160941","chr15","9765968","9766261","43","144394681"
"chr2","154212121","154212403","chr14","56232426","56232709","53","97979695"
"chr2","154228674","154228882","chr7","155860210","155860412","28","1631536"
"chr2","154675860","154676138","chr15","21464395","21464674","46","133211465"
"chr2","154687568","154687885","chr5","32957233","32957543","45","121730335"
"chr2","154854402","154854717","chr1","152528606","152528911","70","2325796"
"chr2","154948392","154948696","chr3","34969388","34969689","40","119979004"
"chr2","155003365","155003622","chr4","79455473","79455733","40","75547892"
"chr2","155010359","155010648","chr13","32817425","32817728","40","122192934"
"chr2","155155741","155156028","chr7","133065043","133065330","36","22090698"
"chr2","155195030","155195335","chr10","70335100","70335400","32","84859930"
"chr2","155252542","155252846","chr1","18792684","18792991","37","136459858"
"chr2","155509633","155509944","chr8","94310731","94311042","34","61198902"
"chr2","155546491","155546739","chr5","35289040","35289286","46","120257451"
"chr2","155835713","155836024","chr8","28809013","28809319","45","127026700"
"chr2","155851006","155851312","chr3","10144361","10144653","67","145706645"
"chr2","155903422","155903541","chr11","83048168","83048288","12","72855254"
"chr2","156044507","156044789","chr3","40442931","40443220","48","115601576"
"chr2","156074577","156074846","chr4","40983514","40983792","54","115091063"
"chr2","156140063","156140216","chr4","100962210","100962357","22","55177853"
"chr2","156160206","156160500","chr3","10482926","10483222","39","145677280"
"chr2","156353617","156353892","chr9","16361760","16362040","51","139991857"
"chr2","156424953","156425271","chr11","13691517","13691834","42","142733436"
"chr2","156461604","156461885","chr13","42976081","42976362","54","113485523"
"chr2","156502795","156503086","chr11","12718595","12718887","43","143784200"
"chr2","156720038","156720335","chr1","7993999","7994304","39","148726039"
"chr2","156740292","156740563","chr16","13678576","13678851","36","143061716"
"chr2","156740722","156741016","chr7","36979903","36980199","45","119760819"
"chr2","156822089","156822381","chr9","7025626","7025918","28","149796463"
"chr2","156951873","156952175","chr13","32817425","32817728","44","124134448"
"chr2","157090189","157090485","chr1","124250793","124251086","41","32839396"
"chr2","157398183","157398476","chr5","91304919","91305216","46","66093264"
"chr2","157438841","157439136","chr11","59744208","59744500","35","97694633"
"chr2","157558697","157559000","chr2","55624552","55624843","52","101934145"
"chr2","157773056","157773219","chr9","123373781","123373949","31","34399275"
"chr2","157778715","157779003","chr1","63889271","63889568","54","93889444"
"chr2","158024600","158024891","chr3","110049029","110049327","38","47975571"
"chr2","158026379","158026671","chr9","54879708","54880003","43","103146671"
"chr2","158027311","158027604","chr16","31394227","31394519","42","126633084"
"chr2","158165470","158165778","chr1","7993999","7994304","40","150171471"
"chr2","158281520","158281650","chr9","12890266","12890398","42","145391254"
"chr2","158314676","158314939","chr16","48626955","48627219","49","109687721"
"chr2","158356441","158356728","chr7","72707693","72707981","42","85648748"
"chr2","158414215","158414353","chr8","93420249","93420391","18","64993966"
"chr2","158438334","158438631","chr8","69722212","69722504","42","88716122"
"chr2","158522302","158522601","chr16","38954257","38954553","43","119568045"
"chr2","158540873","158541170","chr4","4867746","4868041","50","153673127"
"chr2","158620496","158620797","chr11","13702068","13702363","47","144918428"
"chr2","158787454","158787745","chr10","72394915","72395215","43","86392539"
"chr2","158875932","158876223","chr7","151979566","151979860","45","6896366"
"chr2","159283073","159283294","chr8","114964293","114964505","32","44318780"
"chr2","159431614","159431934","chr17","78189511","78189816","59","81242103"
"chr2","159728006","159728261","chr1","13313753","13314017","54","146414253"
"chr2","159790598","159790898","chr19","3064712","3065012","31","156725886"
"chr2","159817386","159817683","chr9","20271265","20271563","37","139546121"
"chr2","159889570","159889874","chr19","3064712","3065012","33","156824858"
"chr2","159899308","159899612","chr12","93283340","93283647","36","66615968"
"chr2","159955352","159955637","chr10","62315260","62315548","35","97640092"
"chr2","159956281","159956583","chr9","111691034","111691341","58","48265247"
"chr2","159965771","159966069","chr6","132771815","132772114","28","27193956"
"chr2","160000091","160000371","chr4","52805264","52805547","42","107194827"
"chr2","160060154","160060424","chr15","51362685","51362952","52","108697469"
"chr2","160069441","160069738","chr11","47924958","47925256","40","112144483"
"chr2","160073051","160073344","chr1","219225924","219226223","31","59152873"
"chr2","160093403","160093713","chr18","51183412","51183721","37","108909991"
"chr2","160126818","160127110","chr19","15605786","15606081","40","144521032"
"chr2","160131367","160131688","chr10","22864589","22864926","65","137266778"
"chr2","160149404","160149699","chr1","163039410","163039702","36","2890006"
"chr2","160153849","160154130","chr2","77570141","77570429","50","82583708"
"chr2","160195927","160196210","chr20","51188693","51188983","49","109007234"
"chr2","160199482","160199762","chr9","59353036","59353321","60","100846446"
"chr2","160204692","160204980","chr4","131374689","131374976","47","28830003"
"chr2","160228531","160228822","chr1","94365322","94365615","41","65863209"
"chr2","160259968","160260269","chr14","26153945","26154251","47","134106023"
"chr2","160315479","160315777","chr13","32817425","32817728","35","127498054"
"chr2","160329780","160330059","chr7","106626100","106626390","43","53703680"
"chr2","160335602","160335838","chr19","6706878","6707125","38","153628724"
"chr2","160339362","160339709","chr12","18944986","18945321","62","141394376"
"chr2","160354012","160354294","chr19","645039","645323","32","159708973"
"chr2","160378491","160378769","chr15","97132178","97132453","44","63246313"
"chr2","160383669","160383916","chr2","185482859","185483105","42","25099190"
"chr2","160573815","160574125","chr4","56503347","56503657","36","104070468"
"chr2","160827007","160827310","chr4","3145119","3145426","40","157681888"
"chr2","160869331","160869631","chr16","20356273","20356575","35","140513058"
"chr2","160882407","160882664","chr13","41443003","41443275","56","119439404"
"chr2","160890197","160890488","chr19","41167016","41167312","36","119723181"
"chr2","160936294","160936529","chr7","67057279","67057531","44","93879015"
"chr2","161146523","161146815","chr11","59744208","59744500","30","101402315"
"chr2","161172181","161172477","chrX","8910011","8910309","47","152262170"
"chr2","161917849","161918148","chr1","124998618","124998915","30","36919231"
"chr2","161965915","161966183","chr15","76799848","76800119","53","85166067"
"chr2","162334431","162334736","chr6","166367885","166368189","37","4033454"
"chr2","162486140","162486423","chr6","37807253","37807537","34","124678887"
"chr2","162656634","162656926","chr6","146206774","146207067","34","16449860"
"chr2","162696465","162696735","chr3","45468227","45468501","51","117228238"
"chr2","162696867","162697162","chr1","94365322","94365615","39","68331545"
"chr2","162769746","162770055","chr1","56811374","56811685","40","105958372"
"chr2","163166185","163166493","chr6","166367885","166368189","43","3201700"
"chr2","163227113","163227415","chr1","35610412","35610711","41","127616701"
"chr2","163259071","163259290","chr11","46280344","46280564","30","116978727"
"chr2","163376594","163376869","chr1","10273687","10273957","52","153102907"
"chr2","163394299","163394602","chr20","55865131","55865434","56","107529168"
"chr2","163493622","163493896","chr1","130205296","130205578","50","33288326"
"chr2","163511667","163511809","chr16","39889084","39889224","22","123622583"
"chr2","163577560","163577852","chr15","90210594","90210890","41","73366966"
"chr2","163699381","163699689","chr4","71638831","71639140","44","92060550"
"chr2","163700430","163700722","chr16","31273411","31273700","42","132427019"
"chr2","163774483","163774723","chr4","83172079","83172320","45","80602404"
"chr2","163795240","163795536","chr3","35985895","35986186","53","127809345"
"chr2","163850700","163850992","chr9","20941332","20941626","45","142909368"
"chr2","163946920","163947073","chr1","117677472","117677613","32","46269448"
"chr2","163947258","163947545","chr1","56954077","56954369","48","106993181"
"chr2","164057324","164057628","chr3","85814231","85814531","40","78243093"
"chr2","164059235","164059532","chr1","124250793","124251086","30","39808442"
"chr2","164143491","164143807","chr1","7993999","7994304","42","156149492"
"chr2","164218797","164219062","chr3","142471450","142471724","53","21747347"
"chr2","164262044","164262339","chr1","124250793","124251086","37","40011251"
"chr2","164323660","164323979","chr11","31591981","31592280","49","132731679"
"chr2","164363624","164363932","chr13","61132328","61132637","40","103231296"
"chr2","164406291","164406516","chr7","121329046","121329267","33","43077245"
"chr2","164482585","164482882","chr15","41336666","41336971","52","123145919"
"chr2","164519820","164520113","chr15","78953274","78953566","42","85566546"
"chr2","164619289","164619592","chr15","7561500","7561795","44","157057789"
"chr2","164679492","164679804","chr1","49657247","49657546","39","115022245"
"chr2","164813237","164813541","chr1","11912016","11912323","30","152901221"
"chr2","164828733","164829040","chr14","102838534","102838843","51","61990199"
"chr2","164885122","164885167","chrX","40026075","40026121","5","124859047"
"chr2","164995076","164995366","chr17","83808601","83808892","28","81186475"
"chr2","165128027","165128305","chr9","51784847","51785122","40","113343180"
"chr2","165129361","165129644","chr7","4285560","4285848","48","160843801"
"chr2","165139375","165139674","chr14","34179972","34180265","61","130959403"
"chr2","165211940","165212224","chr1","30009463","30009748","41","135202477"
"chr2","165262061","165262358","chr2","42614689","42614986","48","122647372"
"chr2","165272036","165272320","chr6","128266238","128266531","50","37005798"
"chr2","165276770","165277070","chr2","46682521","46682821","38","118594249"
"chr2","165344403","165344691","chr5","133870531","133870819","64","31473872"
"chr2","165354542","165354811","chr6","141406872","141407145","48","23947670"
"chr2","165401212","165401514","chr19","3064712","3065012","29","162336500"
"chr2","165407089","165407382","chr3","78122440","78122733","35","87284649"
"chr2","165409095","165409323","chr20","39426127","39426355","29","125982968"
"chr2","165469405","165469654","chr9","116735467","116735713","40","48733938"
"chr2","165629761","165630043","chr1","118003993","118004283","47","47625768"
"chr2","165684314","165684608","chr9","7025626","7025918","34","158658688"
"chr2","165724706","165725003","chr5","11157181","11157474","38","154567525"
"chr2","165993545","165993834","chr3","173670201","173670489","41","7676656"
"chr2","165994017","165994315","chr5","45792708","45793002","41","120201309"
"chr2","166029057","166029357","chr16","21958952","21959252","42","144070105"
"chr2","166041607","166041897","chr2","184580196","184580486","50","18538589"
"chr2","166080485","166080584","chr3","160368626","160368728","13","5711859"
"chr2","166082436","166082724","chr1","48059744","48060037","56","118022692"
"chr2","166107037","166107333","chrX","27694686","27694979","45","138412351"
"chr2","166123974","166124159","chr1","16448499","16448666","34","149675475"
"chr2","166124208","166124340","chr2","3265689","3265825","26","162858519"
"chr2","166144665","166144792","chr7","158155171","158155302","16","7989494"
"chr2","166157725","166158010","chr1","7460034","7460321","44","158697691"
"chr2","166177495","166177777","chr13","92441785","92442065","35","73735710"
"chr2","166179871","166180097","chr12","63756955","63757195","51","102422916"
"chr2","166223733","166224028","chr5","56973726","56974023","37","109250007"
"chr2","166235726","166236023","chr15","93971010","93971304","44","72264716"
"chr2","166236055","166236342","chr3","173670201","173670489","44","7434146"
"chr2","166241399","166241704","chrX","37654936","37655245","37","128586463"
"chr2","166242055","166242349","chr1","94365322","94365615","36","71876733"
"chr2","166249647","166249913","chr9","85269406","85269673","46","80980241"
"chr2","166284474","166284760","chr16","9419490","9419785","43","156864984"
"chr2","166373553","166373826","chr1","15291446","15291730","50","151082107"
"chr2","166392566","166392852","chr1","42476755","42477044","37","123915811"
"chr2","166396889","166397158","chr1","188472214","188472490","48","22075325"
"chr2","166411102","166411272","chr8","98675375","98675543","14","67735727"
"chr2","166427135","166427439","chr1","90905213","90905512","59","75521922"
"chr2","166489197","166489493","chr2","101079122","101079416","45","65410075"
"chr2","166513772","166514064","chr15","1988979","1989274","45","164524793"
"chr2","166639106","166639400","chr4","7347107","7347397","39","159291999"
"chr2","166691473","166691776","chrX","118508904","118509203","54","48182569"
"chr2","166693521","166693815","chr11","59744208","59744500","36","106949313"
"chr2","166803205","166803484","chr5","148172410","148172693","38","18630795"
"chr2","166888128","166888419","chr7","90971726","90972022","35","75916402"
"chr2","166892098","166892400","chr13","32817425","32817728","32","134074673"
"chr2","166949666","166949961","chr1","946135","946434","34","166003531"
"chr2","166972421","166972735","chr4","13415707","13416017","49","153556714"
"chr2","166998004","166998311","chr14","12350267","12350573","46","154647737"
"chr2","167009774","167010069","chr20","4346618","4346904","39","162663156"
"chr2","167026532","167026819","chr9","5608366","5608648","49","161418166"
"chr2","167054421","167054670","chr11","43896322","43896565","46","123158099"
"chr2","167056484","167056777","chr4","164474671","164474969","40","2581813"
"chr2","167089836","167090122","chr11","62671059","62671353","38","104418777"
"chr2","167130833","167131150","chr16","57320246","57320555","50","109810587"
"chr2","167142842","167143131","chr9","7025626","7025918","35","160117216"
"chr2","167330812","167331055","chr9","66292598","66292844","52","101038214"
"chr2","167374987","167375275","chr8","135331306","135331588","48","32043681"
"chr2","167435226","167435529","chr3","173964513","173964818","46","6529287"
"chr2","167460127","167460435","chr4","79217053","79217354","39","88243074"
"chr2","167517461","167517699","chr8","39759905","39760146","59","127757556"
"chr2","167536044","167536338","chr19","31350425","31350721","45","136185619"
"chr2","167540890","167541174","chr1","127703616","127703888","41","39837274"
"chr2","167574349","167574640","chr9","7025626","7025918","32","160548723"
"chr2","167735245","167735511","chr2","165757823","165758089","43","1977422"
"chr2","167811399","167811673","chr8","88869400","88869673","36","78941999"
"chr2","167838279","167838574","chr1","85129851","85130148","39","82708428"
"chr2","167928074","167928368","chr9","24176785","24177084","37","143751289"
"chr2","168275911","168276145","chr1","14468200","14468440","43","153807711"
"chr2","168300713","168301015","chr1","12504594","12504898","43","155796119"
"chr2","168303890","168304201","chr12","588177","588485","40","167715713"
"chr2","168436869","168437036","chr7","120733169","120733328","22","47703700"
"chr2","168504603","168504714","chr13","13692390","13692506","11","154812213"
"chr2","168507993","168508286","chr4","17990287","17990576","38","150517706"
"chr2","168510566","168510841","chr2","130457201","130457479","56","38053365"
"chr2","168546668","168546999","chr1","31145213","31145536","56","137401455"
"chr2","168560736","168561029","chr10","79154399","79154691","42","89406337"
"chr2","168606847","168607141","chr13","84381294","84381588","31","84225553"
"chr2","168647631","168647937","chr1","219225924","219226223","43","50578293"
"chr2","168678681","168678969","chr14","65662413","65662694","50","103016268"
"chr2","168709542","168709843","chr12","101119313","101119612","47","67590229"
"chr2","168816171","168816447","chr15","26878649","26878926","40","141937522"
"chr2","168839509","168839782","chr17","78068546","78068824","55","90770963"
"chr2","168932136","168932305","chrX","44423448","44423613","31","124508688"
"chr2","168938225","168938524","chr10","36138793","36139095","38","132799432"
"chr2","169124255","169124559","chr5","171657301","171657602","41","2533046"
"chr2","169126404","169126686","chr12","44820258","44820548","66","124306146"
"chr2","169152053","169152315","chr20","66291427","66291685","52","102860626"
"chr2","169193269","169193558","chr2","94343271","94343561","43","74849998"
"chr2","169212865","169213150","chr19","30942630","30942918","41","138270235"
"chr2","169253217","169253510","chr6","142572268","142572563","38","26680949"
"chr2","169584251","169584416","chr7","120733169","120733328","24","48851082"
"chr2","169599881","169600182","chr16","25489422","25489726","35","144110459"
"chr2","169617030","169617335","chr2","114227807","114228107","47","55389223"
"chr2","169711926","169712184","chr4","112243854","112244116","49","57468072"
"chr2","169790869","169791034","chr7","120733169","120733328","22","49057700"
"chr2","169801724","169801985","chr2","49059917","49060182","34","120741807"
"chr2","169922865","169923157","chr19","40258313","40258606","39","129664552"
"chr2","169929654","169929946","chr2","38884008","38884302","35","131045646"
"chr2","169976982","169977272","chr9","57318157","57318448","42","112658825"
"chr2","170015530","170015829","chr7","76889431","76889730","35","93126099"
"chr2","170037968","170038261","chr3","46165413","46165699","40","123872555"
"chr2","170046551","170046857","chr4","103351602","103351910","37","66694949"
"chr2","170048906","170049191","chr4","32871781","32872078","45","137177125"
"chr2","170107395","170107699","chrX","44295113","44295418","70","125812282"
"chr2","170150356","170150660","chr3","125389091","125389392","45","44761265"
"chr2","170363335","170363624","chr9","83663072","83663363","43","86700263"
"chr2","170502987","170503266","chr4","105579082","105579368","45","64923905"
"chr2","170566401","170566710","chr10","31612546","31612847","53","138953855"
"chr2","170598497","170598798","chr18","23914900","23915199","59","146683597"
"chr2","170667730","170668026","chr13","85075735","85076030","41","85591995"
"chr2","170677724","170678019","chr11","88536600","88536893","44","82141124"
"chr2","170689985","170690268","chr6","142572268","142572563","40","28117717"
"chr2","170693346","170693630","chr5","10805787","10806051","66","159887559"
"chr2","170696280","170696524","chr14","65572006","65572253","44","105124274"
"chr2","170700619","170700900","chrX","42585837","42586121","37","128114782"
"chr2","170745921","170746221","chr14","119229630","119229918","58","51516291"
"chr2","170756487","170756798","chr13","61259817","61260123","41","109496670"
"chr2","170812820","170813028","chr4","35696760","35696973","29","135116060"
"chr2","170873627","170873891","chr11","7911759","7912023","43","162961868"
"chr2","170917152","170917315","chr6","32152353","32152518","27","138764799"
"chr2","170921195","170921503","chrX","96966237","96966533","49","73954958"
"chr2","170943315","170943579","chr17","261230","261492","94","170682085"
"chr2","170943588","170943865","chr7","130654165","130654431","47","40289423"
"chr2","170959532","170959786","chr1","219758544","219758798","52","48799012"
"chr2","170978648","170978802","chr10","500317","500472","30","170478331"
"chr2","171019297","171019598","chr6","101765362","101765658","44","69253935"
"chr2","171049822","171050112","chr1","163627518","163627804","43","7422304"
"chr2","171064534","171064836","chr6","124714488","124714790","34","46350046"
"chr2","171079791","171080080","chrX","52657080","52657371","37","118422711"
"chr2","171081912","171082198","chr10","53067595","53067886","41","118014317"
"chr2","171082652","171082949","chr12","69597135","69597433","48","101485517"
"chr2","171123203","171123499","chr3","45626371","45626668","32","125496832"
"chr2","171132330","171132629","chr7","38216502","38216800","43","132915828"
"chr2","171147728","171148009","chr2","39029241","39029515","51","132118487"
"chr2","171208714","171209008","chr11","59744208","59744500","33","111464506"
"chr2","171211162","171211441","chr9","85267162","85267442","35","85944000"
"chr2","171216721","171217017","chr1","42476755","42477044","39","128739966"
"chr2","171217820","171218111","chr9","113539071","113539365","39","57678749"
"chr2","171247857","171248165","chr4","20224525","20224835","53","151023332"
"chr2","171253897","171254139","chr8","87695866","87696111","42","83558031"
"chr2","171282639","171282936","chr1","19736141","19736436","34","151546498"
"chr2","171293798","171294091","chr8","95960003","95960299","35","75333795"
"chr2","171324461","171324760","chr1","11366377","11366670","40","159958084"
"chr2","171364317","171364589","chr6","152714147","152714429","43","18650170"
"chr2","171384203","171384483","chr7","117030480","117030769","49","54353723"
"chr2","171386219","171386495","chr19","31973204","31973494","51","139413015"
"chr2","171394266","171394572","chr5","51013276","51013591","56","120380990"
"chr2","171405123","171405396","chr6","165329904","165330188","50","6075219"
"chr2","171408716","171408840","chr15","7441971","7442100","23","163966745"
"chr2","171419230","171419446","chr10","10521218","10521426","36","160898012"
"chr2","171433338","171433628","chrX","43975179","43975478","46","127458159"
"chr2","171445211","171445453","chr1","129794005","129794244","41","41651206"
"chr2","171453303","171453593","chr2","96239962","96240258","37","75213341"
"chr2","171502390","171502684","chr7","37381596","37381892","44","134120794"
"chr2","171515603","171515908","chr9","25643214","25643511","48","145872389"
"chr2","171521634","171521928","chr15","2764945","2765241","38","168756689"
"chr2","171527732","171528040","chr4","10828530","10828827","35","160699202"
"chr2","171545392","171545668","chr6","153573442","153573726","46","17971950"
"chr2","171567135","171567446","chr9","61900736","61901039","43","109666399"
"chr2","171572665","171572960","chr8","25582102","25582396","30","145990563"
"chr2","171575164","171575466","chr12","58998827","58999127","33","112576337"
"chr2","171591404","171591678","chr8","119618087","119618362","47","51973317"
"chr2","171597831","171598104","chr4","36743938","36744205","48","134853893"
"chr2","171613322","171613618","chr12","13447800","13448082","55","158165522"
"chr2","171642435","171642713","chr1","38927742","38928019","39","132714693"
"chr2","171689689","171689986","chrX","107968837","107969145","41","63720852"
"chr2","171696492","171696802","chrX","122210526","122210830","44","49485966"
"chr2","171698753","171698961","chr7","155860210","155860412","24","15838543"
"chr2","171752608","171752905","chr3","98190129","98190426","34","73562479"
"chr2","171763275","171763570","chr9","113200398","113200692","44","58562877"
"chr2","171798472","171798562","chr3","78022612","78022705","13","93775860"
"chr2","171840595","171840900","chr7","91209706","91210005","41","80630889"
"chr2","171893181","171893477","chr10","18415650","18415939","44","153477531"
"chr2","172107586","172107879","chr15","90210594","90210890","36","81896992"
"chr2","172111644","172111961","chr2","41438773","41439082","48","130672871"
"chr2","172112149","172112449","chr13","32817425","32817728","33","139294724"
"chr2","172157585","172157863","chr5","72367596","72367873","43","99789989"
"chr2","172217414","172217714","chrX","106944464","106944762","38","65272950"
"chr2","172234704","172234989","chr3","599816","600100","39","171634888"
"chr2","172254555","172254870","chr12","68470545","68470847","54","103784010"
"chr2","172271383","172271693","chr18","51183412","51183721","35","121087971"
"chr2","172341147","172341324","chr6","93338412","93338592","30","79002735"
"chr2","172396839","172396957","chr6","148375288","148375408","16","24021551"
"chr2","172465933","172466229","chr9","121811084","121811382","48","50654849"
"chr2","172745306","172745628","chr18","37799855","37800179","40","134945451"
"chr2","172834006","172834335","chr3","39810411","39810728","71","133023595"
"chr2","172853598","172853884","chr16","63276450","63276738","40","109577148"
"chr2","172854079","172854361","chr4","107911095","107911379","38","64942984"
"chr2","173240435","173240738","chr3","34969388","34969689","34","138271047"
"chr2","173243069","173243379","chr2","56649143","56649449","43","116593926"
"chr2","173343464","173343776","chr14","55491618","55491935","44","117851846"
"chr2","173542690","173542993","chr1","125184817","125185118","47","48357873"
"chr2","173640477","173640754","chr16","44161959","44162234","45","129478518"
"chr2","173686026","173686330","chr2","187111797","187112101","44","13425771"
"chr2","173689926","173690202","chr19","13590990","13591272","41","160098936"
"chr2","173738495","173738727","chr18","51009583","51009809","37","122728912"
"chr2","173817483","173817780","chr2","102989050","102989349","50","70828433"
"chr2","173876113","173876427","chr1","7993999","7994304","39","165882114"
"chr2","174079733","174079862","chr7","158155171","158155302","16","15924562"
"chr2","174195188","174195310","chr14","17517895","17518010","23","156677293"
"chr2","174195491","174195677","chr7","2614616","2614806","21","171580875"
"chr2","174225356","174225643","chr6","145883372","145883658","53","28341984"
"chr2","174246211","174246508","chr7","33668477","33668774","55","140577734"
"chr2","174520862","174521151","chr13","54441045","54441338","40","120079817"
"chr2","174529026","174529324","chr12","83397023","83397331","49","91132003"
"chr2","174561353","174561664","chr11","54079319","54079627","42","120482034"
"chr2","174576249","174576565","chr7","148791264","148791574","51","25784985"
"chr2","174619121","174619426","chr9","3805446","3805756","49","170813675"
"chr2","174621101","174621410","chr1","25455048","25455352","50","149166053"
"chr2","174854092","174854395","chr14","4151901","4152208","53","170702191"
"chr2","174872019","174872323","chr4","43897349","43897653","49","130974670"
"chr2","174930886","174931191","chr2","102989050","102989349","49","71941836"
"chr2","174938480","174938773","chrX","38305357","38305649","42","136633123"
"chr2","175127830","175128131","chr7","151979566","151979860","47","23148264"
"chr2","175302526","175302828","chr1","201480796","201481098","70","26178270"
"chr2","175488547","175488844","chr1","219225924","219226223","44","43737377"
"chr2","175488954","175489258","chr18","29686031","29686328","45","145802923"
"chr2","175506499","175506811","chr7","59913539","59913850","49","115592960"
"chr2","175540086","175540368","chr4","31083851","31084133","44","144456235"
"chr2","175785770","175786005","chr16","22140931","22141180","62","153644839"
"chr2","175870305","175870595","chr15","73066833","73067123","44","102803472"
"chr2","175887508","175887772","chr2","49059917","49060182","38","126827591"
"chr2","175930224","175930464","chr19","32703204","32703447","40","143227020"
"chr2","176039232","176039508","chr20","60612325","60612606","51","115426907"
"chr2","176182966","176183238","chr15","78590602","78590883","48","97592364"
"chr2","176224407","176224658","chr2","164320439","164320700","62","11903968"
"chr2","176285428","176285544","chr5","113496333","113496438","29","62789095"
"chr2","176620313","176620604","chr9","7025626","7025918","33","169594687"
"chr2","176629860","176630172","chr6","128302615","128302924","43","48327245"
"chr2","176723335","176723634","chr1","67368758","67369056","42","109354577"
"chr2","176804808","176805102","chr3","35657443","35657739","44","141147365"
"chr2","176915220","176915506","chr3","15460078","15460370","45","161455142"
"chr2","176925072","176925359","chr19","30942630","30942918","44","145982442"
"chr2","176970737","176971036","chr8","81165677","81165989","62","95805060"
"chr2","176975953","176976247","chr15","7511435","7511732","39","169464518"
"chr2","177368403","177368680","chr7","133065043","133065330","44","44303360"
"chr2","177519968","177520261","chr16","61092283","61092581","48","116427685"
"chr2","177603150","177603439","chr1","94365322","94365615","37","83237828"
"chr2","177609536","177609737","chr10","32105022","32105222","28","145504514"
"chr2","177680885","177681184","chr19","38513628","38513926","42","139167257"
"chr2","177718091","177718374","chr1","190840737","190841024","43","13122646"
"chr2","177751713","177752012","chr14","7830508","7830805","46","169921205"
"chr2","177913228","177913323","chr1","207305653","207305745","23","29392425"
"chr2","177913916","177914115","chr6","21478451","21478652","41","156435465"
"chr2","177914799","177915051","chr6","1541360","1541616","53","176373439"
"chr2","178008854","178009165","chr1","128155382","128155688","46","49853472"
"chr2","178017319","178017617","chr2","102989050","102989349","46","75028269"
"chr2","178059418","178059585","chr8","110756774","110756940","30","67302644"
"chr2","178077275","178077571","chr5","2577333","2577630","53","175499942"
"chr2","178116792","178117093","chr6","129769527","129769828","44","48347265"
"chr2","178118070","178118368","chr11","59744208","59744500","35","118373862"
"chr2","178314678","178314954","chr19","42487999","42488270","42","135826679"
"chr2","178345983","178346275","chr7","128738576","128738870","59","49607407"
"chr2","178396021","178396343","chr2","135097917","135098238","61","43298104"
"chr2","178422017","178422304","chr19","7821204","7821487","41","170600813"
"chr2","178433347","178433648","chr7","16206849","16207148","41","162226498"
"chr2","178527386","178527673","chr20","69383615","69383902","36","109143771"
"chr2","178628415","178628709","chr5","2577333","2577630","48","176051082"
"chr2","178666929","178667228","chr3","8737956","8738254","38","169928973"
"chr2","178705679","178705969","chr7","133065043","133065330","35","45640636"
"chr2","178784168","178784464","chrX","96966237","96966533","58","81817931"
"chr2","178806352","178806651","chr7","45457807","45458104","39","133348545"
"chr2","178919315","178919607","chr14","92700971","92701262","49","86218344"
"chr2","178957382","178957698","chr6","128302615","128302924","48","50654767"
"chr2","179004192","179004374","JH681279","333","503","32","179003859"
"chr2","179044820","179044926","chrX","83427951","83428055","20","95616869"
"chr2","179058379","179058672","chr18","14614617","14614911","62","164443762"
"chr2","179170858","179171144","chr4","19757773","19758068","52","159413085"
"chr2","179231044","179231361","chr6","24083256","24083568","61","155147788"
"chr2","179250617","179250912","chr1","124998618","124998915","33","54251999"
"chr2","179368505","179368809","chr14","5934954","5935260","38","173433551"
"chr2","179490091","179490392","chr1","7993999","7994304","38","171496092"
"chr2","179511116","179511437","chr12","63820146","63820469","46","115690970"
"chr2","179785631","179785918","chrX","109052565","109052858","50","70733066"
"chr2","179816147","179816434","chr7","130020947","130021236","52","49795200"
"chr2","180361231","180361358","chr16","62046176","62046301","21","118315055"
"chr2","180396777","180396936","chr8","113485040","113485194","31","66911737"
"chr2","180408212","180408536","chrX","8030219","8030540","49","172377993"
"chr2","180419663","180419983","chr1","54500946","54501260","50","125918717"
"chr2","180525944","180526260","chr11","64440364","64440673","51","116085580"
"chr2","180579667","180579979","chr3","170778833","170779151","52","9800834"
"chr2","180600210","180600503","chr8","28825632","28825920","44","151774578"
"chr2","180648027","180648299","chr9","33981991","33982274","53","146666036"
"chr2","180745812","180746101","chr15","22940672","22940959","47","157805140"
"chr2","180796985","180797288","chr16","54362036","54362339","51","126434949"
"chr2","180855053","180855355","chr2","146811059","146811354","47","34043994"
"chr2","180942574","180942868","chr3","160772561","160772858","40","20170013"
"chr2","180966231","180966371","chr2","173035126","173035266","22","7931105"
"chr2","181037813","181038112","chrX","131253126","131253426","43","49784687"
"chr2","181042907","181043211","chr13","32817425","32817728","34","148225482"
"chr2","181052244","181052579","chr2","66092772","66093108","62","114959472"
"chr2","181056615","181056904","chr8","90463712","90464008","36","90592903"
"chr2","181073944","181074239","chr16","7431918","7432211","46","173642026"
"chr2","181190635","181190944","chr5","35236627","35236905","72","145954008"
"chr2","181273906","181274131","chr6","21997920","21998139","43","159275986"
"chr2","181331743","181332035","chr17","76460878","76461167","53","104870865"
"chr2","181351711","181352003","chr5","100171700","100171994","50","81180011"
"chr2","181432108","181432401","chr2","168564679","168564973","48","12867429"
"chr2","181454024","181454326","chr3","94192128","94192423","48","87261896"
"chr2","181534138","181534243","chr14","7137887","7137992","22","174396251"
"chr2","181628598","181628903","chr13","32817425","32817728","32","148811173"
"chr2","181663522","181663820","chr14","83731638","83731938","38","97931884"
"chr2","181688898","181689192","chr10","43209588","43209881","49","138479310"
"chr2","181690066","181690353","chr15","78590602","78590883","58","103099464"
"chr2","181713074","181713360","chr6","36792438","36792730","53","144920636"
"chr2","181738226","181738368","chr2","93317431","93317570","20","88420795"
"chr2","181822785","181823058","chr11","123468792","123469074","34","58353993"
"chr2","181943872","181944162","chr10","12554162","12554449","50","169389710"
"chr2","182044053","182044351","chr13","61343032","61343328","45","120701021"
"chr2","182082448","182082756","chr10","62936704","62937010","36","119145744"
"chr2","182104065","182104369","chr1","22127479","22127780","48","159976586"
"chr2","182226801","182227086","chr9","11725191","11725472","45","170501610"
"chr2","182276622","182276911","chr2","184580196","184580486","37","2303574"
"chr2","182299963","182300263","chr13","32817425","32817728","30","149482538"
"chr2","182322808","182323110","chr12","68031238","68031540","45","114291570"
"chr2","182410277","182410569","chr2","101278895","101279193","54","81131382"
"chr2","182460603","182460931","chr9","54938602","54938917","74","127522001"
"chr2","182516790","182517091","chr15","9873078","9873375","49","172643712"
"chr2","182517594","182517891","chrX","13595567","13595865","35","168922027"
"chr2","182671605","182671864","chr1","15428024","15428297","64","167243581"
"chr2","182672591","182672888","chr11","64177104","64177402","48","118495487"
"chr2","182745815","182746128","chr20","26401661","26401973","39","156344154"
"chr2","182764957","182765241","chr9","80100150","80100438","47","102664807"
"chr2","182993228","182993531","chr3","15209762","15210062","48","167783466"
"chr2","183029895","183030185","chr7","90971726","90972022","36","92058169"
"chr2","183298032","183298345","chr1","115385292","115385603","35","67912740"
"chr2","183373445","183373683","chr3","50901308","50901545","35","132472137"
"chr2","183460089","183460389","chr1","114141291","114141594","47","69318798"
"chr2","183573417","183573722","chr13","32817425","32817728","32","150755992"
"chr2","183579194","183579490","chr19","3064712","3065012","33","180514482"
"chr2","183586467","183586758","chr9","7025626","7025918","31","176560841"
"chr2","183749589","183749703","chr13","13692390","13692506","14","170057199"
"chr2","183750177","183750345","chr19","49895550","49895720","34","133854627"
"chr2","183956543","183956845","chr2","38857292","38857592","51","145099251"
"chr2","183963280","183963577","chr1","42476755","42477044","39","141486525"
"chr2","184059874","184060144","chr8","26682504","26682785","54","157377370"
"chr2","184095381","184095673","chr3","46603061","46603354","42","137492320"
"chr2","184365955","184366149","chr16","62512812","62513013","32","121853143"
"chr2","184509724","184510033","chr12","34191000","34191303","46","150318724"
"chr2","184516858","184517156","chr1","124631217","124631517","33","59885641"
"chr2","184552837","184553135","chr5","2577333","2577630","39","181975504"
"chr2","184688783","184689087","chr2","46682521","46682821","38","138006262"
"chr2","184703222","184703515","chr12","80362467","80362771","54","104340755"
"chr2","184727183","184727337","chr6","27330115","27330260","21","157397068"
"chr2","184913408","184913704","chr3","10482926","10483222","38","174430482"
"chr2","185026526","185026795","chr16","9432797","9433079","39","175593729"
"chr2","185081528","185081828","chrX","62948145","62948432","62","122133383"
"chr2","185137722","185138022","chr19","3064712","3065012","37","182073010"
"chr2","185144772","185145079","chrX","18369355","18369664","54","166775417"
"chr2","185182937","185183289","chr4","42369061","42369439","89","142813876"
"chr2","185209990","185210298","chr11","52916871","52917181","50","132293119"
"chr2","185287591","185287879","chr1","208315987","208316282","48","23028396"
"chr2","185297489","185297791","chr1","7993999","7994304","43","177303490"
"chr2","185347585","185347893","chr10","67405046","67405353","40","117942539"
"chr2","185382725","185383031","chr7","93042977","93043283","46","92339748"
"chr2","185419689","185419982","chr7","91259277","91259574","30","94160412"
"chr2","185525655","185525962","chr1","18792684","18792991","41","166732971"
"chr2","185575155","185575359","chr18","15685553","15685754","33","169889602"
"chr2","185576174","185576285","chrX","33348734","33348848","19","152227440"
"chr2","185579211","185579499","chr6","153686915","153687208","46","31892296"
"chr2","185712060","185712348","chr3","599816","600100","47","185112244"
"chr2","185740198","185740509","chr3","61280488","61280798","40","124459710"
"chr2","185742079","185742246","chr2","20065108","20065278","36","165676971"
"chr2","185742247","185742547","chr15","90208474","90208772","36","95533773"
"chr2","185763089","185763399","chr8","20165988","20166282","60","165597101"
"chr2","185890218","185890506","chr19","32057939","32058228","38","153832279"
"chr2","185900946","185901225","chr5","174494652","174494935","49","11406294"
"chr2","185919792","185920109","chr5","158244575","158244896","44","27675217"
"chr2","185939973","185940270","chr12","11131478","11131777","41","174808495"
"chr2","185942327","185942631","chr18","29686031","29686328","50","156256296"
"chr2","186019299","186019593","chrX","109211107","109211398","42","76808192"
"chr2","186028260","186028558","chr8","31425380","31425680","40","154602880"
"chr2","186040271","186040571","chr3","33506835","33507132","46","152533436"
"chr2","186047199","186047509","chr4","53109062","53109373","55","132938137"
"chr2","186103564","186103858","chr4","104548625","104548926","38","81554939"
"chr2","186139167","186139398","chr7","121329046","121329267","41","64810121"
"chr2","186144091","186144380","chrX","107407306","107407593","45","78736785"
"chr2","186150718","186151020","chr1","199466005","199466310","56","13315287"
"chr2","186207555","186207801","chr4","162305040","162305294","41","23902515"
"chr2","186214292","186214581","chr3","44815831","44816125","35","141398461"
"chr2","186234613","186234904","chr7","152625402","152625693","36","33609211"
"chr2","186242021","186242331","chr5","143080974","143081273","45","43161047"
"chr2","186246846","186247145","chr14","53927134","53927436","39","132319712"
"chr2","186294304","186294558","chr5","133797177","133797424","34","52497127"
"chr2","186334796","186335098","chr18","12432850","12433158","35","173901946"
"chr2","186344033","186344330","chr3","130290294","130290595","34","56053739"
"chr2","186355909","186356181","chr8","88869400","88869673","41","97486509"
"chr2","186395137","186395444","chr5","50057866","50058176","39","136337271"
"chr2","186395869","186396181","chr6","128302615","128302924","35","58093254"
"chr2","186397116","186397393","chr16","10487157","10487432","39","175909959"
"chr2","186398039","186398346","chr11","65336331","65336636","51","121061708"
"chr2","186428595","186428844","chr12","81690308","81690563","47","104738287"
"chr2","186436376","186436669","chr1","57946363","57946656","33","128490013"
"chr2","186481297","186481607","chr5","132391377","132391683","37","54089920"
"chr2","186495104","186495407","chr15","7561500","7561795","51","178933604"
"chr2","186498961","186499225","chr15","2641152","2641417","44","183857809"
"chr2","186507443","186507723","chr15","21464395","21464674","49","165043048"
"chr2","186581007","186581290","chrX","108338054","108338335","43","78242953"
"chr2","186617981","186618291","chr6","110356311","110356608","53","76261670"
"chr2","186627262","186627558","chr5","47288618","47288911","39","139338644"
"chr2","186628512","186628792","chr1","190242284","190242563","60","3613772"
"chr2","186672599","186672846","chr3","1571396","1571645","38","185101203"
"chr2","186675711","186676017","chr6","148752882","148753187","42","37922829"
"chr2","186729575","186729881","chr2","178187197","178187490","57","8542378"
"chr2","186781889","186782186","chr11","66160852","66161149","44","120621037"
"chr2","186812266","186812558","chr8","10102742","10103034","42","176709524"
"chr2","186817872","186818170","chr11","47924958","47925256","37","138892914"
"chr2","186831278","186831584","chr1","18792684","18792991","32","168038594"
"chr2","186842929","186843232","chr1","113972463","113972763","36","72870466"
"chr2","186936369","186936667","chr9","15018957","15019255","38","171917412"
"chr2","187056958","187057271","chr1","18346698","18347011","50","168710260"
"chr2","187305963","187306261","chr19","3064712","3065012","33","184241251"
"chr2","187352397","187352684","chr10","62315260","62315548","43","125037137"
"chr2","187494511","187494804","chr15","48151534","48151833","42","139342977"
"chr2","187510880","187511171","chr11","110057948","110058236","53","77452932"
"chr2","187595408","187595663","chr1","47626078","47626342","49","139969330"
"chr2","187598661","187598961","chr19","3064712","3065012","38","184533949"
"chr2","187602071","187602191","chr11","83048168","83048288","13","104553903"
"chr2","187625681","187625972","chr10","62315260","62315548","35","125310421"
"chr2","187773756","187774046","chr11","114923633","114923926","42","72850123"
"chr2","187793805","187794088","chr6","15644274","15644547","52","172149531"
"chr2","187887735","187888024","chr1","42476755","42477044","36","145410980"
"chr2","187919038","187919317","chr12","93108642","93108929","50","94810396"
"chr2","187994784","187995074","chr1","42476755","42477044","40","145518029"
"chr2","188055365","188055653","chr7","52736490","52736780","41","135318875"
"chr2","188093294","188093585","chr9","7025626","7025918","34","181067668"
"chr2","188221236","188221542","chr18","54884137","54884441","45","133337099"
"chr2","188237715","188237859","chr7","91068326","91068467","28","97169389"
"chr2","188465909","188466203","chr16","18796729","18797022","45","169669180"
"chr2","188498659","188498754","chr1","109969377","109969468","20","78529282"
"chr2","188504684","188504779","chr1","109969377","109969468","19","78535307"
"chr2","188523774","188524041","chr3","82520633","82520910","43","106003141"
"chr2","188534310","188534611","chr1","53988770","53989067","40","134545540"
"chr2","188540098","188540353","chr3","82520633","82520910","49","106019465"
"chr2","188569732","188570008","chr15","26878649","26878926","42","161691083"
"chr2","188579233","188579356","chr1","136209672","136209795","41","52369561"
"chr2","188595024","188595319","chr9","31646265","31646560","37","156948759"
"chr2","188636918","188637208","chr9","116260518","116260811","39","72376400"
"chr2","188637902","188638191","chr1","204813267","204813556","41","16175365"
"chr2","188654693","188654930","chr9","23317613","23317845","60","165337080"
"chr2","188666729","188667034","chr1","52291560","52291858","36","136375169"
"chr2","188684069","188684352","chr1","11366377","11366670","40","177317692"
"chr2","188708963","188709221","chrX","115646933","115647204","50","73062030"
"chr2","188722277","188722567","chr6","14803944","14804235","44","173918333"
"chr2","188735160","188735461","chr9","17279474","17279774","39","171455686"
"chr2","188751097","188751346","chr10","19416042","19416290","54","169335055"
"chr2","188776678","188776984","chr6","113414976","113415281","42","75361702"
"chr2","188819175","188819493","chrX","122095835","122096148","60","66723340"
"chr2","188871536","188871835","chr6","16748520","16748817","40","172123016"
"chr2","188904644","188904938","chr6","89480157","89480448","36","99424487"
"chr2","189144307","189144619","chr4","56503347","56503657","43","132640960"
"chr2","189169239","189169500","chr1","115404557","115404821","42","73764682"
"chr2","189184626","189184919","chr4","103431771","103432066","37","85752855"
"chr2","189320655","189320957","chr12","35031886","35032181","36","154288769"
"chr2","189381287","189381585","chr19","3064712","3065012","33","186316575"
"chr2","189420137","189420426","chr11","11755747","11756048","45","177664390"
"chr2","189423020","189423327","chr2","82586920","82587221","43","106836100"
"chr2","189427146","189427451","chr6","14126745","14127048","42","175300401"
"chr2","189462376","189462671","chr3","45626371","45626668","35","143836005"
"chr2","189463778","189464078","chr13","32325637","32325935","37","157138141"
"chr2","189501132","189501424","chr7","133065043","133065330","33","56436089"
"chr2","189505716","189506010","chr9","20941332","20941626","33","168564384"
"chr2","189509949","189510243","chr1","125312140","125312429","38","64197809"
"chr2","189546747","189547061","chr3","143204397","143204702","38","46342350"
"chr2","189728332","189728635","chr2","62500002","62500306","38","127228330"
"chr2","189896649","189896946","chr1","43483243","43483537","40","146413406"
"chr2","190037747","190038053","chr18","26757177","26757480","33","163280570"
"chr2","190044014","190044315","chr10","35443696","35443999","42","154600318"
"chr2","190148986","190149277","chr6","135557319","135557608","39","54591667"
"chr2","190160765","190161049","chr15","84778986","84779279","41","105381779"
"chr2","190332193","190332510","chr16","6949294","6949602","41","183382899"
"chr2","190400002","190400295","chrX","20846410","20846706","36","169553592"
"chr2","190418553","190418788","chr3","53293034","53293269","38","137125519"
"chr2","190419651","190419946","chr2","101079122","101079416","40","89340529"
"chr2","190467624","190467913","chr1","103257746","103258032","41","87209878"
"chr2","190623874","190624176","chr1","113632882","113633185","45","76990992"
"chr2","190658228","190658512","chr8","127486240","127486531","47","63171988"
"chr2","190792560","190792865","chr7","84832360","84832661","49","105960200"
"chr2","190942531","190942844","chr13","116647521","116647821","56","74295010"
"chr2","191038964","191039269","chr4","156502221","156502532","48","34536743"
"chr2","191150239","191150505","chr16","50279212","50279487","39","140871027"
"chr2","191260903","191260996","chr3","150400681","150400772","17","40860222"
"chr2","191719180","191719495","chrX","17430672","17430990","42","174288508"
"chr2","191927119","191927331","chr5","177115128","177115348","37","14811991"
"chr2","191999597","191999869","chr11","46126255","46126535","40","145873342"
"chr2","192027578","192027873","chr11","59744208","59744500","36","132283370"
"chr2","192320160","192320470","chr7","73560013","73560323","38","118760147"
"chr2","192329327","192329605","chr5","161632092","161632373","40","30697235"
"chr2","192332607","192332905","chr4","3588537","3588838","45","188744070"
"chr2","192516198","192516498","chr15","7511435","7511732","42","185004763"
"chr2","192741865","192742160","chr16","18796729","18797022","44","173945136"
"chr2","192843232","192843524","chr11","88966345","88966635","47","103876887"
"chr2","192943774","192944070","chr18","54954890","54955184","31","137988884"
"chr2","192998196","192998488","chr9","57318157","57318448","36","135680039"
"chr2","193044576","193044853","chrX","45555463","45555741","51","147489113"
"chr2","193061463","193061534","chr9","83803393","83803467","16","109258070"
"chr2","193066258","193066549","chr7","18532501","18532788","36","174533757"
"chr2","193114310","193114611","chr19","3064712","3065012","32","190049598"
"chr2","193188460","193188725","chr1","115404557","115404821","42","77783903"
"chr2","193348093","193348393","chr16","11126268","11126568","38","182221825"
"chr2","193364156","193364464","chr5","34488672","34488979","43","158875484"
"chr2","193409076","193409345","chr16","45339014","45339298","57","148070062"
"chr2","193410557","193410764","chr3","151807944","151808153","33","41602613"
"chr2","193431579","193431885","chr13","23501079","23501388","40","169930500"
"chr2","193449591","193449865","chr14","17072928","17073203","39","176376663"
"chr2","193459979","193460311","chrX","44962032","44962338","63","148497947"
"chr2","193474038","193474332","chr15","1988979","1989274","47","191485059"
"chr2","193511304","193511589","chr8","76439046","76439334","36","117072258"
"chr2","193518100","193518399","chr2","39660204","39660504","32","153857896"
"chr2","193530361","193530629","chr1","124567798","124568069","79","68962563"
"chr2","193567133","193567423","chr10","14443056","14443342","38","179124077"
"chr2","193610352","193610636","chr15","101493605","101493896","39","92116747"
"chr2","193683539","193683844","chr7","73560013","73560323","40","120123526"
"chr2","193684266","193684461","chr11","31022429","31022626","36","162661837"
"chr2","193688828","193689130","chr18","50068641","50068944","39","143620187"
"chr2","193861695","193861994","chr4","164474671","164474969","31","29387024"
"chr2","193907037","193907161","chr16","69974379","69974504","20","123932658"
"chr2","194009234","194009524","chr19","47662689","47662983","41","146346545"
"chr2","194065175","194065474","chr13","32817425","32817728","37","161247750"
"chr2","194230557","194230880","chr6","33207700","33208018","63","161022857"
"chr2","194379880","194380163","chr6","9479157","9479440","37","184900723"
"chr2","194392136","194392421","chr1","67368758","67369056","49","127023378"
"chr2","194399358","194399656","chr1","52291560","52291858","41","142107798"
"chr2","194566304","194566567","chr20","27256128","27256377","54","167310176"
"chr2","194578739","194579030","chrX","16095102","16095398","43","178483637"
"chr2","194648589","194648887","chr11","59744208","59744500","41","134904381"
"chr2","194681230","194681518","chr11","88966345","88966635","40","105714885"
"chr2","194778393","194778659","chr1","190360719","190360980","45","4417674"
"chr2","194839353","194839652","chr3","35164529","35164835","49","159674824"
"chr2","194934097","194934397","chr13","2978741","2979038","35","191955356"
"chr2","194992964","194993255","chr7","133065043","133065330","35","61927921"
"chr2","194996921","194997223","chr4","35271785","35272086","43","159725136"
"chr2","195155481","195155782","chrX","105763749","105764060","53","89391732"
"chr2","195285429","195285717","chr15","95926887","95927178","39","99358542"
"chr2","195374569","195374869","chrX","15713155","15713456","33","179661414"
"chr2","195497835","195498123","chr7","133065043","133065330","33","62432792"
"chr2","195498138","195498421","chr13","27876019","27876307","56","167622119"
"chr2","195778342","195778541","chr10","32105022","32105222","30","163673320"
"chr2","195864825","195865121","chr16","21958952","21959252","49","173905873"
"chr2","195881742","195882053","chr1","41160582","41160892","40","154721160"
"chr2","196009202","196009503","chr1","54556109","54556409","53","141453093"
"chr2","196161952","196162257","chr2","50634219","50634525","49","145527733"
"chr2","196350297","196350623","chr1","178286058","178286390","72","18064239"
"chr2","196531183","196531488","chr13","32817425","32817728","33","163713758"
"chr2","196689347","196689438","chr6","87719322","87719409","20","108970025"
"chr2","196910478","196910770","chr9","7025626","7025918","31","189884852"
"chr2","196918553","196918856","chr13","61259817","61260123","36","135658736"
"chr2","196943860","196944154","chr16","44035327","44035634","49","152908533"
"chr2","196986118","196986409","chr4","33860712","33861004","41","163125406"
"chr2","196997844","196998143","chr2","8326945","8327230","66","188670899"
"chr2","197029563","197029859","chr2","184580196","184580486","54","12449367"
"chr2","197076302","197076607","chrX","37654936","37655245","43","159421366"
"chr2","197101437","197101732","chr11","117541264","117541558","43","79560173"
"chr2","197339822","197340131","chr16","49861297","49861598","48","147478525"
"chr2","197372921","197373220","chr1","124998618","124998915","31","72374303"
"chr2","197528840","197529128","chr1","128791048","128791346","41","68737792"
"chr2","197676903","197677200","chr4","33942864","33943168","43","163734039"
"chr2","197951201","197951484","chr20","37507575","37507860","45","160443626"
"chr2","198129934","198130235","chr12","28487306","28487605","38","169642628"
"chr2","198204736","198204982","chr16","44892798","44893041","32","153311938"
"chr2","198207156","198207435","chr1","44728040","44728327","39","153479116"
"chr2","198211372","198211668","chr5","34428917","34429213","38","163782455"
"chr2","198216438","198216724","chr1","196693141","196693428","35","1523297"
"chr2","198242978","198243271","chr14","15577285","15577579","33","182665693"
"chr2","198281887","198282192","chr13","92856314","92856619","42","105425573"
"chr2","198303182","198303445","chr6","89841228","89841489","41","108461954"
"chr2","198375684","198375985","chrX","10056899","10057196","41","188318785"
"chr2","198381898","198382204","chr1","7993999","7994304","40","190387899"
"chr2","198433693","198433999","chr9","61900736","61901039","34","136532957"
"chr2","198500271","198500552","chr9","93552709","93552987","57","104947562"
"chr2","198530101","198530408","chr1","197340632","197340944","46","1189469"
"chr2","198546397","198546705","chr1","41160582","41160892","36","157385815"
"chr2","198580395","198580691","chr1","129877213","129877510","40","68703182"
"chr2","198678936","198679234","chr12","35031886","35032181","39","163647050"
"chr2","198785296","198785550","chr11","120216941","120217193","44","78568355"
"chr2","198936540","198936840","chr13","107030178","107030478","48","91906362"
"chr2","198969495","198969795","chr7","42515253","42515558","37","156454242"
"chr2","198977405","198977699","chr3","24783656","24783946","42","174193749"
"chr2","198982830","198983140","chr13","23964717","23965024","43","175018113"
"chr2","199003874","199004163","chrX","125593077","125593373","44","73410797"
"chr2","199207334","199207631","chr5","166733921","166734222","45","32473413"
"chr2","199317308","199317604","JH682036","358126","358421","34","198959182"
"chr2","199332069","199332341","chr3","160601395","160601671","39","38730674"
"chr2","199355586","199355891","chr10","20830175","20830469","46","178525411"
"chr2","199432776","199433061","chr4","50107648","50107934","43","149325128"
"chr2","199433951","199434249","chr13","32325637","32325935","39","167108314"
"chr2","199480636","199480912","chr5","158892033","158892319","54","40588603"
"chr2","199495713","199495984","chr6","161525268","161525536","56","37970445"
"chr2","199510932","199511258","chr11","58787709","58788034","45","140723223"
"chr2","199573356","199573655","chr4","132287893","132288193","44","67285463"
"chr2","199592440","199592712","chr7","127242796","127243071","43","72349644"
"chr2","199603884","199604155","chr15","76799848","76800119","33","122804036"
"chr2","199884049","199884342","chr1","81662759","81663054","47","118221290"
"chr2","199891456","199891733","chr1","213737831","213738103","55","13846375"
"chr2","199922310","199922606","chr11","59744208","59744500","38","140178102"
"chr2","200006410","200006695","chr7","63503555","63503839","43","136502855"
"chr2","200116126","200116414","chr15","37980742","37981036","60","162135384"
"chr2","200139148","200139441","chr7","52736490","52736780","41","147402658"
"chr2","200143411","200143699","chr2","99535195","99535480","38","100608216"
"chr2","200297665","200297968","chr15","103362570","103362871","34","96935095"
"chr2","200383358","200383633","chrX","87140716","87140997","51","113242642"
"chr2","200435937","200436241","chr2","46682521","46682821","34","153753416"
"chr2","200469307","200469513","chrX","140946","141152","39","200328361"
"chr2","200528497","200528800","chr2","178187197","178187490","48","22341300"
"chr2","200647031","200647291","chr20","37404718","37404983","35","163242313"
"chr2","200678019","200678292","chr12","61078328","61078599","35","139599691"
"chr2","200751760","200752000","chr13","69987790","69988037","51","130763970"
"chr2","200934306","200934628","chr14","3163492","3163817","44","197770814"
"chr2","201058347","201058643","chr3","46066285","46066580","52","154992062"
"chr2","201120487","201120770","chr2","88612634","88612907","87","112507853"
"chr2","201169267","201169567","chr3","45626371","45626668","36","155542896"
"chr2","201334791","201335097","chr1","946135","946434","39","200388656"
"chr2","201363778","201364089","chr18","23762985","23763286","38","177600793"
"chr2","201366552","201366846","chr15","1988979","1989274","47","199377573"
"chr2","201503813","201504122","chr20","26401661","26401973","36","175102152"
"chr2","201558293","201558563","chr14","30242172","30242439","49","171316121"
"chr2","201691082","201691377","chr11","46070151","46070446","48","155620931"
"chr2","201693017","201693319","chr9","84261595","84261898","43","117431422"
"chr2","201852930","201853251","chr6","49313425","49313743","47","152539505"
"chr2","201908974","201909266","chr14","15577285","15577579","30","186331689"
"chr2","202039052","202039353","chr2","46682521","46682821","34","155356531"
"chr2","202104707","202104797","chr20","16973202","16973289","11","185131505"
"chr2","202151783","202152090","chr2","106418670","106418975","40","95733113"
"chr2","202227146","202227442","chr2","114227807","114228107","49","87999339"
"chr2","202264661","202264909","chr4","79455473","79455733","35","122809188"
"chr2","202304095","202304382","chrX","128898114","128898399","50","73405981"
"chr2","202414531","202414837","chr12","58244299","58244591","45","144170232"
"chr2","202427865","202428152","chr12","93108642","93108929","43","109319223"
"chr2","202602353","202602603","chr3","46975472","46975744","67","155626881"
"chr2","202711517","202711821","chr13","32817425","32817728","29","169894092"
"chr2","202841715","202842017","chr16","20356273","20356575","32","182485442"
"chr2","202873313","202873607","chr1","19736141","19736436","33","183137172"
"chr2","202900983","202901277","chr9","113200398","113200692","33","89700585"
"chr2","203126300","203126571","chr17","4893129","4893405","49","198233171"
"chr2","203198108","203198401","chr2","96826999","96827292","47","106371109"
"chr2","203228752","203229044","chr14","103204261","103204555","36","100024491"
"chr2","203239738","203240044","chr2","82586920","82587221","36","120652818"
"chr2","203244639","203244923","chr16","45339014","45339298","49","157905625"
"chr2","203266028","203266320","chr19","15605786","15606081","38","187660242"
"chr2","203445218","203445498","chr10","34187353","34187638","45","169257865"
"chr2","203666372","203666668","chr11","59744208","59744500","33","143922164"
"chr2","203691751","203691999","chr9","27259920","27260172","34","176431831"
"chr2","203923535","203923849","chr1","7993999","7994304","39","195929536"
"chr2","204029152","204029459","chr15","40232132","40232444","38","163797020"
"chr2","204133623","204133922","chr9","7025626","7025918","41","197107997"
"chr2","204156195","204156519","chr19","34684746","34685074","44","169471449"
"chr2","204158014","204158077","chr17","1618244","1618303","14","202539770"
"chr2","204177351","204177522","chr3","40176909","40177080","28","164000442"
"chr2","204177523","204177818","chr4","32871781","32872078","40","171305742"
"chr2","204300709","204300801","chr3","150400681","150400772","13","53900028"
"chr3","26345314","26345604","chr4","56627212","56627501","40","30281898"
"chr3","102498114","102498419","chr5","81950527","81950835","49","20547587"
"chr3","106692577","106692885","chr2","24049704","24050010","39","82642873"
"chr3","151519099","151519402","chr9","97164575","97164882","44","54354524"
"chr3","180223865","180224145","chr11","46126255","46126535","48","134097610"
"chr3","148637","148962","chr12","74616661","74616965","66","74468024"
"chr3","152535","152834","chr2","46682521","46682821","39","46529986"
"chr3","225921","226224","chr7","76889431","76889730","40","76663510"
"chr3","335174","335266","chr9","89055506","89055597","20","88720332"
"chr3","748088","748389","chr2","46682521","46682821","30","45934433"
"chr3","798820","799121","chr19","3064712","3065012","33","2265892"
"chr3","819336","819634","chr5","162063247","162063545","41","161243911"
"chr3","1034505","1034794","chr19","42487999","42488270","61","41453494"
"chr3","1055283","1055585","chr13","32817425","32817728","31","31762142"
"chr3","1058410","1058696","chr13","73898921","73899213","39","72840511"
"chr3","1097267","1097573","chr9","7025626","7025918","45","5928359"
"chr3","1153197","1153498","chr13","32817425","32817728","34","31664228"
"chr3","1180787","1181064","chr6","132179472","132179753","38","130998685"
"chr3","1202799","1202945","chr7","31081463","31081612","27","29878664"
"chr3","1311980","1312264","chr13","111049972","111050267","43","109737992"
"chr3","1401989","1402253","chr16","73287225","73287503","57","71885236"
"chr3","1438286","1438591","chrX","120963940","120964248","44","119525654"
"chr3","1449410","1449705","chr4","103431771","103432066","36","101982361"
"chr3","1458147","1458454","chr13","32817425","32817728","38","31359278"
"chr3","1461478","1461707","chr1","100959718","100959948","33","99498240"
"chr3","1493388","1493693","chr15","74841385","74841687","39","73347997"
"chr3","1506879","1507101","chr16","39597539","39597764","37","38090660"
"chr3","1509316","1509617","chr12","98300764","98301051","40","96791448"
"chr3","1534320","1534482","chr15","93934714","93934883","22","92400394"
"chr3","1543566","1543869","chr10","29691322","29691619","43","28147756"
"chr3","1548599","1548906","chr15","37754984","37755288","43","36206385"
"chr3","1552344","1552440","chr3","160368626","160368728","16","158816282"
"chr3","1571583","1571881","chr13","32817425","32817728","30","31245842"
"chr3","1584044","1584338","chrX","118502219","118502511","51","116918175"
"chr3","1595309","1595603","chr9","54404234","54404532","42","52808925"
"chr3","1735144","1735436","chr6","165329904","165330188","43","163594760"
"chr3","1736430","1736552","chr6","148375288","148375408","20","146638858"
"chr3","1778235","1778507","chr1","94365322","94365615","49","92587087"
"chr3","1783218","1783510","chr16","38954257","38954553","41","37171039"
"chr3","1796593","1796886","chr13","68982542","68982833","44","67185949"
"chr3","1814911","1815200","chr9","54606960","54607258","47","52792049"
"chr3","1847986","1848280","chr3","45626371","45626668","38","43778385"
"chr3","1883057","1883347","chr11","95105428","95105719","53","93222371"
"chr3","1995712","1995989","chr2","165757823","165758089","40","163762111"
"chr3","1997006","1997295","chr7","133065043","133065330","32","131068037"
"chr3","1998150","1998445","chr5","103723603","103723894","43","101725453"
"chr3","2056346","2056642","chr5","140981015","140981312","44","138924669"
"chr3","2207394","2207695","chr17","11233722","11234024","42","9026328"
"chr3","2325156","2325362","chr10","10521218","10521426","36","8196062"
"chr3","2333009","2333249","chr2","125505641","125505883","37","123172632"
"chr3","2360351","2360661","chr2","87149785","87150096","43","84789434"
"chr3","2473027","2473150","chr6","169322071","169322195","17","166849044"
"chr3","2519664","2519966","chr4","66398927","66399237","46","63879263"
"chr3","2601774","2602063","chr4","110946344","110946633","38","108344570"
"chr3","2636600","2636898","chr20","42795095","42795400","41","40158495"
"chr3","2723616","2723912","chr1","213070791","213071090","34","210347175"
"chr3","2753823","2754123","chr11","10098018","10098319","38","7344195"
"chr3","2813911","2814183","chr9","84610245","84610514","38","81796334"
"chr3","2820434","2820733","chr10","29691322","29691619","36","26870888"
"chr3","2852915","2853212","chrX","20846410","20846706","33","17993495"
"chr3","2878064","2878348","chrX","22447381","22447672","49","19569317"
"chr3","2900052","2900353","chr1","11912016","11912323","36","9011964"
"chr3","2968345","2968643","chr6","142572268","142572563","48","139603923"
"chr3","2993796","2994088","chr5","71706863","71707155","45","68713067"
"chr3","2998773","2999003","chr1","19712922","19713142","35","16714149"
"chr3","3072009","3072308","chr4","82945647","82945940","41","79873638"
"chr3","3100805","3101000","chr9","12902153","12902345","24","9801348"
"chr3","3105008","3105309","chr13","32817425","32817728","30","29712417"
"chr3","3157643","3157908","chr6","161525268","161525536","37","158367625"
"chr3","3283796","3284095","chr10","78793021","78793318","35","75509225"
"chr3","3301844","3302144","chr6","31467304","31467604","33","28165460"
"chr3","3336070","3336370","chr13","32817425","32817728","38","29481355"
"chr3","3344178","3344338","chr19","48108906","48109066","25","44764728"
"chr3","3357264","3357602","chr6","138646599","138646914","69","135289335"
"chr3","3365722","3366009","chr7","34213746","34214034","44","30848024"
"chr3","3372635","3372921","chr10","10378732","10379028","40","7006097"
"chr3","3446952","3447247","chr10","13285322","13285614","42","9838370"
"chr3","3463840","3464139","chr1","208230438","208230739","41","204766598"
"chr3","3468836","3469138","chr19","5188033","5188342","47","1719197"
"chr3","3545156","3545453","chr2","47452536","47452831","44","43907380"
"chr3","3638174","3638417","chr5","133797177","133797424","36","130159003"
"chr3","3722956","3723249","chr10","50949405","50949695","46","47226449"
"chr3","3726285","3726566","chr4","42978083","42978371","41","39251798"
"chr3","3759716","3760011","chr4","10593766","10594058","35","6834050"
"chr3","3781022","3781171","chr7","68766471","68766618","15","64985449"
"chr3","3808427","3808737","chr3","41737602","41737912","44","37929175"
"chr3","3833732","3834045","chr1","65760806","65761108","47","61927074"
"chr3","3839632","3839936","chr10","46007696","46008002","29","42168064"
"chr3","3934380","3934671","chr5","35637455","35637751","38","31703075"
"chr3","3957798","3958070","chr1","13313753","13314017","53","9355955"
"chr3","3976754","3977044","chr5","99943773","99944063","40","95967019"
"chr3","4010164","4010464","chr11","121438701","121439000","50","117428537"
"chr3","4020595","4020873","chr1","138442910","138443191","41","134422315"
"chr3","4027442","4027741","chr2","88357175","88357482","47","84329733"
"chr3","4061355","4061655","chr15","96588502","96588809","46","92527147"
"chr3","4090377","4090673","chr11","59744208","59744500","39","55653831"
"chr3","4094971","4095224","chr15","79213155","79213412","50","75118184"
"chr3","4104895","4105157","chrX","58120629","58120892","37","54015734"
"chr3","4107813","4108098","chr1","94365322","94365615","36","90257509"
"chr3","4113100","4113356","chr4","79455473","79455733","34","75342373"
"chr3","4167933","4168239","chr14","55474367","55474673","49","51306434"
"chr3","4180377","4180658","chr11","94964179","94964469","42","90783802"
"chr3","4227565","4227864","chr10","78793021","78793318","51","74565456"
"chr3","4251308","4251604","chr11","59744208","59744500","34","55492900"
"chr3","4271362","4271645","chr14","56232426","56232709","39","51961064"
"chr3","4272553","4272853","chr11","10098018","10098319","30","5825465"
"chr3","4279892","4280064","chr8","81051177","81051337","36","76771285"
"chr3","4298345","4298650","chrX","50707455","50707757","42","46409110"
"chr3","4311688","4311985","chrX","38099288","38099585","46","33787600"
"chr3","4325856","4326117","chr16","2046031","2046304","57","2279825"
"chr3","4335091","4335376","chr9","5608366","5608648","50","1273275"
"chr3","4353083","4353311","chr14","72796514","72796745","40","68443431"
"chr3","4353660","4353698","chr2","172534106","172534140","16","168180446"
"chr3","4379626","4379935","chr17","11233722","11234024","38","6854096"
"chr3","4458471","4458774","chr5","154328647","154328948","46","149870176"
"chr3","4497176","4497412","chr6","73165956","73166206","51","68668780"
"chr3","4502372","4502656","chr3","152822996","152823281","47","148320624"
"chr3","4510058","4510360","chrX","50656086","50656389","38","46146028"
"chr3","4649531","4649801","chr1","23540699","23540977","50","18891168"
"chr3","4668165","4668463","chr4","3588537","3588838","36","1079628"
"chr3","4711637","4711930","chr15","102861493","102861784","47","98149856"
"chr3","4712060","4712340","chr1","12716391","12716670","37","8004331"
"chr3","4764039","4764341","chr10","26800974","26801277","38","22036935"
"chr3","4815366","4815683","chr1","182000804","182001117","48","177185438"
"chr3","4816674","4816972","chr6","121630847","121631152","42","116814173"
"chr3","4836142","4836427","chr11","59744208","59744500","40","54908066"
"chr3","4865035","4865329","chr8","25582102","25582396","32","20717067"
"chr3","4866204","4866510","chr14","122984372","122984671","40","118118168"
"chr3","4876781","4877075","chr11","59744208","59744500","28","54867427"
"chr3","4892669","4892765","chr2","88811777","88811874","12","83919108"
"chr3","4894147","4894450","chr20","54988752","54989052","32","50094605"
"chr3","4903289","4903454","chr10","69740750","69740913","22","64837461"
"chr3","4911778","4912054","chr15","81608904","81609175","36","76697126"
"chr3","4939264","4939399","chr15","41427035","41427176","19","36487771"
"chr3","4947140","4947445","chr5","142871651","142871960","35","137924511"
"chr3","5015205","5015516","chr10","67405046","67405353","35","62389841"
"chr3","5100097","5100411","chr10","51131791","51132088","50","46031694"
"chr3","5275898","5276198","chr11","50028965","50029264","49","44753067"
"chr3","5276419","5276704","chr16","4758156","4758438","48","518263"
"chr3","5300713","5300953","chr5","173252710","173252942","50","167951997"
"chr3","5336551","5336793","chr10","25924241","25924498","52","20587690"
"chr3","5405266","5405566","chr13","32817425","32817728","33","27412159"
"chr3","5489994","5490285","chr11","114923633","114923926","46","109433639"
"chr3","5499879","5500000","chr1","201677762","201677884","20","196177883"
"chr3","5506533","5506703","chr3","14928431","14928603","29","9421898"
"chr3","5614203","5614507","chr14","5934954","5935260","36","320751"
"chr3","5656077","5656220","chr17","21226647","21226789","27","15570570"
"chr3","5681188","5681479","chr1","114187687","114187981","45","108506499"
"chr3","5687773","5688065","chr16","18796729","18797022","42","13108956"
"chr3","5693693","5693984","chr4","108800307","108800597","32","103106614"
"chr3","5708049","5708342","chr2","186451766","186452061","39","180743717"
"chr3","5744647","5744926","chr6","170788143","170788424","42","165043496"
"chr3","5777788","5778095","chr7","73560013","73560323","34","67782225"
"chr3","5800013","5800327","chr1","121534960","121535266","57","115734947"
"chr3","5833012","5833321","chr4","15685228","15685532","42","9852216"
"chr3","5864712","5864812","chr19","34575818","34575919","20","28711106"
"chr3","5885815","5886099","chr6","135557319","135557608","45","129671504"
"chr3","5900250","5900537","chr20","37507575","37507860","36","31607325"
"chr3","5900552","5900855","chr7","129262871","129263164","52","123362319"
"chr3","5916802","5917098","chr15","7561500","7561795","40","1644698"
"chr3","5928728","5928810","chr13","103188987","103189073","14","97260259"
"chr3","5945168","5945456","chr20","32453396","32453683","46","26508228"
"chr3","5970644","5970934","chr9","54648789","54649077","52","48678145"
"chr3","5974232","5974536","chr18","26757177","26757480","35","20782945"
"chr3","5986453","5986666","chr15","41121522","41121731","30","35135069"
"chr3","6041820","6042132","chr8","121505496","121505808","43","115463676"
"chr3","6045825","6046109","chr9","84466373","84466663","38","78420548"
"chr3","6051989","6052276","chr14","106654615","106654902","47","100602626"
"chr3","6073768","6074068","chr2","102989050","102989349","40","96915282"
"chr3","6104468","6104769","chr7","53299836","53300136","43","47195368"
"chr3","6121320","6121625","chr4","127813683","127813988","41","121692363"
"chr3","6123261","6123479","chr19","6918980","6919194","45","795719"
"chr3","6163827","6164099","chr7","1797384","1797659","32","4366443"
"chr3","6172116","6172407","chrX","112314689","112314977","39","106142573"
"chr3","6299788","6300086","chr4","35271785","35272086","41","28971997"
"chr3","6389734","6389958","chr19","4770869","4771091","29","1618865"
"chr3","6407630","6407941","chr6","110725763","110726079","44","104318133"
"chr3","6419465","6419746","chr1","171218195","171218479","47","164798730"
"chr3","6545305","6545593","chr14","9330813","9331108","45","2785508"
"chr3","6583868","6584165","chr1","94365322","94365615","40","87781454"
"chr3","6613980","6614285","chr9","57628702","57629000","40","51014722"
"chr3","6662769","6663086","chr1","213891359","213891672","42","207228590"
"chr3","6666368","6666668","chr13","32817425","32817728","29","26151057"
"chr3","6719220","6719512","chr6","65357727","65358016","45","58638507"
"chr3","6769078","6769388","chr5","119119566","119119878","40","112350488"
"chr3","6847941","6848256","chr13","32817425","32817728","46","25969484"
"chr3","6855440","6855740","chr1","163969411","163969716","38","157113971"
"chr3","6865214","6865517","chr2","90167138","90167438","40","83301924"
"chr3","6902370","6902662","chrX","131253126","131253426","49","124350756"
"chr3","6991257","6991510","chr11","80632503","80632762","43","73641246"
"chr3","6998289","6998579","chr6","124714488","124714790","46","117716199"
"chr3","7062018","7062298","chr10","25306613","25306889","38","18244595"
"chr3","7064407","7064708","chr7","45935618","45935920","45","38871211"
"chr3","7100367","7100602","chr1","14468200","14468440","33","7367833"
"chr3","7241693","7241987","chr16","21958952","21959252","54","14717259"
"chr3","7272071","7272349","chr20","37404718","37404983","47","30132647"
"chr3","7288091","7288383","chr14","111877236","111877529","31","104589145"
"chr3","7382548","7382844","chr5","158268376","158268674","44","150885828"
"chr3","7404642","7404942","chr4","112317198","112317500","40","104912556"
"chr3","7440327","7440636","chr7","26393548","26393855","43","18953221"
"chr3","7515564","7515861","chr1","219225924","219226223","42","211710360"
"chr3","7525994","7526275","chr11","53078617","53078919","52","45552623"
"chr3","7549595","7549895","chr13","32817425","32817728","32","25267830"
"chr3","7575150","7575440","chr9","79342653","79342946","36","71767503"
"chr3","7615467","7615681","chr4","137198413","137198627","33","129582946"
"chr3","7747968","7748271","chrX","122210526","122210830","40","114462558"
"chr3","7756700","7756975","chrX","65477408","65477681","40","57720708"
"chr3","7843168","7843468","chr12","23354859","23355155","55","15511691"
"chr3","7957149","7957250","chr6","63419170","63419273","14","55462021"
"chr3","7987197","7987487","chr7","133065043","133065330","34","125077846"
"chr3","7997597","7997891","chr9","79342653","79342946","33","71345056"
"chr3","8010751","8011047","chr5","99829726","99830013","45","91818975"
"chr3","8038203","8038501","chr2","184572052","184572344","34","176533849"
"chr3","8104688","8104974","chr6","128266238","128266531","51","120161550"
"chr3","8106092","8106384","chr2","126433678","126433974","40","118327586"
"chr3","8174002","8174302","chr13","32817425","32817728","32","24643423"
"chr3","8260695","8260995","chr9","52806874","52807175","34","44546179"
"chr3","8419473","8419783","chr1","13865146","13865450","48","5445673"
"chr3","8441762","8442059","chrX","100695885","100696179","45","92254123"
"chr3","8456886","8457197","chr19","28776684","28776996","46","20319798"
"chr3","8526500","8526791","chr4","101739904","101740197","44","93213404"
"chr3","8540092","8540285","chr11","60136670","60136870","47","51596578"
"chr3","8683685","8683950","chr20","37404718","37404983","44","28721033"
"chr3","8696955","8697253","chr12","82608112","82608410","40","73911157"
"chr3","8743437","8743725","chr1","206447940","206448229","40","197704503"
"chr3","8829418","8829682","chr16","10676495","10676761","46","1847077"
"chr3","9004351","9004652","chr13","32817425","32817728","35","23813074"
"chr3","9096232","9096534","chr18","48465782","48466081","43","39369550"
"chr3","9145224","9145532","chr7","108666092","108666400","48","99520868"
"chr3","9169900","9170038","chr20","10775435","10775571","17","1605535"
"chr3","9188082","9188383","chr1","24605318","24605601","85","15417236"
"chr3","9190888","9191180","chr10","10378732","10379028","48","1187844"
"chr3","9261123","9261403","chr5","172955680","172955956","49","163694557"
"chr3","9403868","9404146","chr20","13141247","13141528","43","3737379"
"chr3","9410332","9410543","chr1","130247835","130248045","45","120837503"
"chr3","9432649","9432835","chr11","63042219","63042395","31","53609570"
"chr3","9590921","9591054","chr18","24104552","24104687","14","14513631"
"chr3","9661610","9661886","chrX","125757386","125757678","61","116095776"
"chr3","9677723","9678032","chr1","7993999","7994304","35","1683724"
"chr3","9732649","9732930","chr3","46165413","46165699","52","36432764"
"chr3","9780444","9780768","chr11","44295377","44295698","48","34514933"
"chr3","9853031","9853340","chr5","158536001","158536306","51","148682970"
"chr3","9917169","9917465","chr8","138747687","138747983","43","128830518"
"chr3","10006174","10006472","chr20","273029","273329","58","9733145"
"chr3","10236947","10237270","chr6","160854474","160854779","58","150617527"
"chr3","10419800","10420099","chr4","20045092","20045381","53","9625292"
"chr3","10506054","10506340","chr3","90536691","90536975","42","80030637"
"chr3","10588373","10588690","chr3","1368884","1369176","73","9219489"
"chr3","10614722","10615012","chr16","9432797","9433079","35","1181925"
"chr3","10626089","10626382","chr13","70390537","70390830","39","59764448"
"chr3","10706099","10706368","chr10","8157406","8157675","40","2548693"
"chr3","10805212","10805525","chrX","122210526","122210830","45","111405314"
"chr3","10856870","10857175","chr14","32076042","32076350","58","21219172"
"chr3","10974091","10974383","chr4","13663992","13664285","40","2689901"
"chr3","11044459","11044724","chr20","37404718","37404983","42","26360259"
"chr3","11133508","11133817","chr1","26100752","26101063","45","14967244"
"chr3","11147018","11147287","chr7","80887200","80887469","41","69740182"
"chr3","11175479","11175798","chr13","61132328","61132637","51","49956849"
"chr3","11246630","11246932","chr13","46894366","46894676","44","35647736"
"chr3","11350326","11350636","chr1","164085258","164085565","45","152734932"
"chr3","11459614","11459858","chr11","6590977","6591220","42","4868637"
"chr3","11931986","11932277","chrX","37796617","37796904","45","25864631"
"chr3","11951041","11951331","chr12","93108642","93108929","37","81157601"
"chr3","11973609","11973881","chr4","53894712","53894984","46","41921103"
"chr3","11978531","11978834","chr6","124714488","124714790","39","112735957"
"chr3","12034833","12035150","chr3","161011829","161012145","46","148976996"
"chr3","12035791","12036084","chr10","82945265","82945562","40","70909474"
"chr3","12057892","12058118","chr15","29611756","29611978","29","17553864"
"chr3","12062704","12062967","chr2","100062378","100062646","42","87999674"
"chr3","12098788","12099063","chr2","165757823","165758089","44","153659035"
"chr3","12103810","12104118","chr20","50117025","50117331","46","38013215"
"chr3","12115925","12116178","chr18","11139130","11139383","40","976795"
"chr3","12241910","12242215","chr1","124998618","124998915","37","112756708"
"chr3","12318604","12318870","chr19","15854184","15854459","40","3535580"
"chr3","12327815","12328117","chr2","46682521","46682821","36","34354706"
"chr3","12342645","12342943","chr1","219225924","219226223","44","206883279"
"chr3","12359850","12360134","chr20","61421729","61422013","57","49061879"
"chr3","12364374","12364681","chr3","61280488","61280798","34","48916114"
"chr3","12365814","12366110","chr6","14098784","14099081","40","1732970"
"chr3","12535729","12536018","chr15","7561500","7561795","49","4974229"
"chr3","12646101","12646412","chr1","14575267","14575578","40","1929166"
"chr3","12689623","12689912","chr4","113149897","113150194","60","100460274"
"chr3","12870108","12870400","chr12","38645893","38646186","42","25775785"
"chr3","12925088","12925352","chrX","8612565","8612833","45","4312523"
"chr3","12929546","12929841","chrX","10056899","10057196","36","2872647"
"chr3","12933671","12933936","chr3","42381510","42381765","47","29447839"
"chr3","12973397","12973700","chr2","126907946","126908248","42","113934549"
"chr3","12996823","12997129","chr1","18792684","18792991","35","5795861"
"chr3","12999058","12999346","chr16","18796729","18797022","34","5797671"
"chr3","13044008","13044303","chr3","78122440","78122733","36","65078432"
"chr3","13202278","13202572","chr16","21639667","21639964","32","8437389"
"chr3","13259392","13259689","chr13","94201262","94201554","37","80941870"
"chr3","13267220","13267513","chrX","90705933","90706231","43","77438713"
"chr3","13329916","13330037","chr11","83048168","83048288","13","69718252"
"chr3","13399513","13399663","chr4","103459648","103459795","23","90060135"
"chr3","13594389","13594653","chr7","80887200","80887469","35","67292811"
"chr3","13606662","13606950","chr15","22561456","22561749","37","8954794"
"chr3","13681251","13681478","chr20","39426127","39426355","27","25744876"
"chr3","13706163","13706457","chr1","128202446","128202737","34","114496283"
"chr3","13784866","13785135","chr16","2090775","2091048","47","11694091"
"chr3","13803658","13803961","chr1","185903042","185903338","40","172099384"
"chr3","13849071","13849365","chr4","34747186","34747478","38","20898115"
"chr3","13854309","13854482","chr13","90241591","90241752","31","76387282"
"chr3","13881238","13881539","chr2","81270293","81270586","46","67389055"
"chr3","14277053","14277346","chrX","68470020","68470315","44","54192967"
"chr3","14496038","14496307","chr3","160601395","160601671","41","146105357"
"chr3","14540466","14540633","chr9","815272","815438","27","13725194"
"chr3","14776624","14776915","chr10","26225402","26225693","38","11448778"
"chr3","14805421","14805655","chr13","62490389","62490632","49","47684968"
"chr3","15061154","15061440","chr10","87129663","87129949","37","72068509"
"chr3","15265024","15265243","chr18","27506235","27506459","31","12241211"
"chr3","15268250","15268553","chr1","2258413","2258701","66","13009837"
"chr3","15273493","15273807","chr2","136518437","136518746","48","121244944"
"chr3","15312884","15313175","chr15","7561500","7561795","60","7751384"
"chr3","15348106","15348386","chr2","28624536","28624818","42","13276430"
"chr3","15412539","15412851","chr3","5602082","5602383","68","9810457"
"chr3","15496676","15496987","chr13","84233754","84234062","32","68737078"
"chr3","15546459","15546622","chr7","77481567","77481727","37","61935108"
"chr3","15547393","15547506","chr3","11773445","11773556","21","3773948"
"chr3","15573602","15573743","chr2","177049440","177049581","17","161475838"
"chr3","16062776","16063053","chr5","162751173","162751464","49","146688397"
"chr3","16071699","16071988","chr19","7821204","7821487","49","8250495"
"chr3","16124652","16124956","chr1","212841578","212841874","41","196716926"
"chr3","16127617","16127926","chr8","15776451","15776757","37","351166"
"chr3","16197559","16197831","chr7","70325580","70325851","42","54128021"
"chr3","16352025","16352312","chr9","30302448","30302737","41","13950423"
"chr3","16374046","16374344","chr1","213070791","213071090","35","196696745"
"chr3","16439636","16439924","chr1","147230260","147230554","46","130790624"
"chr3","16456297","16456591","chr2","42614689","42614986","37","26158392"
"chr3","16542342","16542629","chr1","55214758","55215045","45","38672416"
"chr3","16543548","16543844","chrX","108464159","108464440","73","91920611"
"chr3","16664279","16664581","chr1","125747542","125747841","43","109083263"
"chr3","16709359","16709674","chr18","66402615","66402924","54","49693256"
"chr3","16735788","16736085","chr11","13702068","13702363","38","3033720"
"chr3","16820353","16820656","chr4","10828530","10828827","47","5991823"
"chr3","16897568","16897878","chr16","57320246","57320555","43","40422678"
"chr3","16921529","16921826","chr5","2577333","2577630","50","14344196"
"chr3","16989387","16989569","chr10","86065845","86066023","35","69076458"
"chr3","17060782","17061072","chr3","47880416","47880702","59","30819634"
"chr3","17093775","17094075","chr13","32817425","32817728","31","15723650"
"chr3","17257687","17257981","chr8","99548469","99548767","44","82290782"
"chr3","17288665","17288952","chr13","92985747","92986033","43","75697082"
"chr3","17328257","17328561","chr3","173964513","173964818","46","156636256"
"chr3","17369593","17369827","chr7","121329046","121329267","30","103959453"
"chr3","17381766","17382056","chr8","22381843","22382135","37","5000077"
"chr3","17430488","17430788","chr8","36984410","36984705","45","19553922"
"chr3","17567261","17567558","chr16","11126268","11126568","42","6440993"
"chr3","17704401","17704726","chr19","16616273","16616597","36","1088128"
"chr3","17709063","17709284","chr11","14184781","14184995","35","3524282"
"chr3","17967277","17967591","chr8","2817861","2818159","51","15149416"
"chr3","17996722","17997061","chrX","121412638","121412962","57","103415916"
"chr3","18047843","18048126","chr4","4553985","4554278","45","13493858"
"chr3","18175439","18175740","chr10","72394915","72395215","38","54219476"
"chr3","18193106","18193406","chr3","66332072","66332374","51","48138966"
"chr3","18209401","18209544","chr4","103459648","103459795","16","85250247"
"chr3","18238188","18238484","chr8","118421988","118422286","40","100183800"
"chr3","18278646","18278937","chr14","111877236","111877529","44","93598590"
"chr3","18353878","18354164","chr20","41297203","41297489","46","22943325"
"chr3","18373260","18373472","chr8","56570363","56570574","30","38197103"
"chr3","18427631","18427935","chr6","53239608","53239906","35","34811977"
"chr3","18443524","18443815","chr6","9388050","9388343","37","9055474"
"chr3","18536131","18536430","chr2","52915073","52915368","47","34378942"
"chr3","18568652","18568938","chr1","118003993","118004283","40","99435341"
"chr3","19167905","19168183","chr1","151554169","151554446","60","132386264"
"chr3","19191729","19192046","chr13","43327633","43327946","36","24135904"
"chr3","19333228","19333525","chr3","69053558","69053857","36","49720330"
"chr3","19371887","19372182","chr11","59744208","59744500","31","40372321"
"chr3","19538789","19539088","chr13","32817425","32817728","35","13278636"
"chr3","19616584","19616864","chr6","144918364","144918646","38","125301780"
"chr3","19629551","19629793","chr12","58284409","58284644","37","38654858"
"chr3","19639073","19639377","chr7","25060372","25060670","47","5421299"
"chr3","19706367","19706612","chr14","114184730","114184983","39","94478363"
"chr3","19738801","19739103","chr13","32817425","32817728","35","13078624"
"chr3","19769356","19769528","chr13","93249064","93249232","26","73479708"
"chr3","19803649","19803944","chr7","129456939","129457235","38","109653290"
"chr3","19805235","19805533","chr1","129877213","129877510","33","110071978"
"chr3","19805981","19806280","chr10","36695300","36695594","38","16889319"
"chr3","19850600","19850890","chr1","139209242","139209533","38","119358642"
"chr3","19853600","19853905","chr15","94481710","94482021","44","74628110"
"chr3","19885351","19885665","chr11","36769212","36769521","40","16883861"
"chr3","19894766","19895027","chr5","92864946","92865209","49","72970180"
"chr3","19939770","19940026","chr2","165757823","165758089","50","145818053"
"chr3","19956918","19957183","chr10","17090334","17090586","51","2866584"
"chr3","20087767","20088038","chr13","46799466","46799747","43","26711699"
"chr3","20244524","20244603","chr1","98017179","98017254","20","77772655"
"chr3","20245316","20245435","chr1","15739818","15739941","29","4505498"
"chr3","20298164","20298459","chr20","41238880","41239173","37","20940716"
"chr3","20387319","20387615","chr8","37167222","37167520","37","16779903"
"chr3","20409727","20410032","chr8","95960003","95960299","46","75550276"
"chr3","20496358","20496646","chr20","69383615","69383902","35","48887257"
"chr3","20615882","20616040","chr16","44147525","44147680","23","23531643"
"chr3","20645949","20646249","chr17","11233722","11234024","45","9412227"
"chr3","20653619","20653906","chr16","18796729","18797022","37","1856890"
"chr3","20665346","20665649","chr2","38884008","38884302","40","18218662"
"chr3","20673205","20673530","chr3","39810411","39810728","78","19137206"
"chr3","20678327","20678630","chr1","213070791","213071090","43","192392464"
"chr3","20684375","20684667","chr13","85381776","85382074","34","64697401"
"chr3","20761204","20761499","chr3","45626371","45626668","34","24865167"
"chr3","20762858","20763155","chr10","62787053","62787351","44","42024195"
"chr3","20839921","20840206","chr4","20045092","20045381","40","794829"
"chr3","20906628","20906920","chr6","134019681","134019975","44","113113053"
"chr3","20915850","20916144","chr1","113722216","113722513","38","92806366"
"chr3","20974984","20975288","chr2","73832418","73832717","42","52857434"
"chr3","20998629","20998939","chr4","32742639","32742942","45","11744010"
"chr3","21011811","21012109","chr17","30337456","30337753","38","9325645"
"chr3","21097246","21097524","chr9","108889025","108889312","50","87791779"
"chr3","21106682","21106980","chr16","17660066","17660366","32","3446616"
"chr3","21120181","21120484","chr10","50350065","50350365","47","29229884"
"chr3","21132336","21132637","chr1","11700834","11701140","40","9431502"
"chr3","21150474","21150783","chrX","45626684","45626995","36","24476210"
"chr3","21159242","21159539","chr17","11233722","11234024","42","9925520"
"chr3","21160037","21160327","chr15","18305069","18305357","40","2854968"
"chr3","21212418","21212727","chr18","51183412","51183721","36","29970994"
"chr3","21215302","21215585","chr10","62315260","62315548","47","41099958"
"chr3","21328201","21328487","chr7","39150647","39150942","40","17822446"
"chr3","21337784","21338087","chr9","20271265","20271563","43","1066519"
"chr3","21458569","21458880","chr5","173863013","173863319","43","152404444"
"chr3","21503942","21504250","chr10","67405046","67405353","33","45901104"
"chr3","21509712","21509996","chr10","62315260","62315548","43","40805548"
"chr3","21545201","21545464","chr3","161438473","161438726","42","139893272"
"chr3","21574159","21574469","chr8","99548469","99548767","53","77974310"
"chr3","21659770","21660086","chr7","68534730","68535046","43","46874960"
"chr3","21868633","21868938","chr4","41214634","41214928","71","19346001"
"chr3","21965490","21965795","chr16","4758156","4758438","65","17207334"
"chr3","22154772","22155071","chr12","23354859","23355155","52","1200087"
"chr3","22304326","22304624","chr5","80458418","80458720","44","58154092"
"chr3","22321308","22321624","chr7","68534730","68535046","47","46213422"
"chr3","22502149","22502444","chr7","32055705","32056014","60","9553556"
"chr3","22718466","22718753","chr6","66901893","66902192","59","44183427"
"chr3","22733929","22734161","chr4","42930490","42930739","51","20196561"
"chr3","22774642","22774906","chr6","63882731","63882989","46","41108089"
"chr3","22829257","22829549","chr10","59221960","59222253","46","36392703"
"chr3","22869751","22870017","chr2","88612634","88612907","55","65742883"
"chr3","22989403","22989514","chr8","15374736","15374846","24","7614667"
"chr3","23630707","23630956","chr3","173507444","173507689","80","149876737"
"chr3","23728282","23728590","chr2","115374644","115374950","47","91646362"
"chr3","23849207","23849334","chr13","24992214","24992341","21","1143007"
"chr3","23854408","23854694","chr10","78814374","78814666","61","54959966"
"chr3","25244005","25244313","chr13","61259817","61260123","38","36015812"
"chr3","25256129","25256429","chr1","184288081","184288385","30","159031952"
"chr3","25751442","25751725","chrX","117850486","117850774","44","92099044"
"chr3","25799829","25800039","chr4","137198413","137198627","47","111398584"
"chr3","25802699","25802991","chr8","90378772","90379061","40","64576073"
"chr3","25951584","25951887","chr1","94365322","94365615","45","68413738"
"chr3","26065366","26065634","chr2","40995159","40995429","51","14929793"
"chr3","26086026","26086274","chr10","26990471","26990732","46","904445"
"chr3","26091485","26091780","chr5","154727746","154728049","46","128636261"
"chr3","26248848","26249138","chr5","154585575","154585865","36","128336727"
"chr3","26270385","26270674","chr3","78122440","78122733","41","51852055"
"chr3","26289705","26289987","chr6","143418690","143418972","41","117128985"
"chr3","26300918","26301231","chr6","157477970","157478279","41","131177052"
"chr3","26315650","26315946","chr4","3145119","3145426","48","23170531"
"chr3","26316487","26316776","chr2","128787567","128787852","46","102471080"
"chr3","26347213","26347510","chr11","114923633","114923926","36","88576420"
"chr3","26361342","26361637","chr2","176963674","176963969","43","150602332"
"chr3","26384816","26385085","chr12","96228611","96228888","61","69843795"
"chr3","26385160","26385457","chrX","50018027","50018325","47","23632867"
"chr3","26386246","26386536","chr1","85129851","85130148","52","58743605"
"chr3","26410705","26410999","chr12","31837904","31838202","38","5427199"
"chr3","26423674","26423958","chr12","89828990","89829278","44","63405316"
"chr3","26428071","26428328","chrX","21072348","21072614","45","5355723"
"chr3","26428549","26428850","chr2","101651204","101651504","36","75222655"
"chr3","26447420","26447730","chr9","14444083","14444390","40","12003337"
"chr3","26454416","26454725","chr3","35164529","35164835","38","8710113"
"chr3","26499531","26499824","chr13","24698937","24699228","50","1800594"
"chr3","26519023","26519312","chr1","42476755","42477044","58","15957732"
"chr3","26521767","26522057","chr1","213575383","213575672","51","187053616"
"chr3","26530960","26531272","chr12","94958194","94958498","66","68427234"
"chr3","26544751","26545052","chr3","41790936","41791234","48","15246185"
"chr3","26550985","26551290","chr11","36769212","36769521","47","10218227"
"chr3","26552757","26553049","chr16","10263822","10264120","47","16288935"
"chr3","26567276","26567384","chr7","86475740","86475844","24","59908464"
"chr3","26596004","26596292","chr13","38718843","38719133","44","12122839"
"chr3","26697854","26698161","chr13","32817425","32817728","33","6119571"
"chr3","26752446","26752720","chr4","31083851","31084133","49","4331405"
"chr3","26773010","26773299","chr16","31273411","31273700","37","4500401"
"chr3","27108009","27108312","chr6","12014381","12014673","48","15093628"
"chr3","27129557","27129886","chr1","7993999","7994304","53","19135558"
"chr3","27171386","27171670","chr7","133065043","133065330","44","105893657"
"chr3","27293669","27293970","chr7","116541236","116541527","47","89247567"
"chr3","27390214","27390477","chr11","60614947","60615205","43","33224733"
"chr3","27418721","27418948","chr6","143514666","143514896","36","116095945"
"chr3","27420581","27420836","chr6","15644274","15644547","61","11776307"
"chr3","27434398","27434703","chr11","517489","517791","40","26916909"
"chr3","27464316","27464613","chr10","78749019","78749318","39","51284703"
"chr3","27796676","27797028","chr13","26187058","26187394","86","1609618"
"chr3","27804627","27804880","chr11","37027473","37027730","59","9222846"
"chr3","27845176","27845467","chr4","2534955","2535251","38","25310221"
"chr3","27879173","27879473","chr20","13516848","13517143","47","14362325"
"chr3","27918827","27919123","chr19","30423161","30423462","47","2504334"
"chr3","28031302","28031599","chr4","34790234","34790542","49","6758932"
"chr3","28084934","28085200","chr20","37404718","37404983","41","9319784"
"chr3","28150910","28151219","chr19","29192715","29193022","46","1041805"
"chr3","28236222","28236535","chr12","62741269","62741568","55","34505047"
"chr3","28463904","28464197","chr10","20861365","20861656","39","7602539"
"chr3","28566938","28567235","chrX","19148176","19148472","43","9418762"
"chr3","28582933","28583080","chr6","161090661","161090811","26","132507728"
"chr3","28659168","28659454","chr1","45623411","45623699","43","16964243"
"chr3","28781543","28781854","chr5","101210540","101210851","42","72428997"
"chr3","28787904","28788206","chr4","102360596","102360899","53","73572692"
"chr3","28796839","28797136","chr11","13702068","13702363","37","15094771"
"chr3","28841993","28842287","chr11","46110133","46110427","42","17268140"
"chr3","28843680","28843978","chr11","59744208","59744500","41","30900528"
"chr3","28913419","28913712","chr11","46110133","46110427","45","17196714"
"chr3","28970878","28971133","chr18","40525599","40525859","48","11554721"
"chr3","29254733","29255031","chr12","35031886","35032181","38","5777153"
"chr3","29429827","29430119","chr10","78161594","78161885","56","48731767"
"chr3","29437382","29437668","chr16","45339014","45339298","40","15901632"
"chr3","29461364","29461662","chr2","123712519","123712817","43","94251155"
"chr3","29650665","29650964","chr7","4399072","4399370","40","25251593"
"chr3","29840429","29840733","chr6","151193746","151194038","52","121353317"
"chr3","29855100","29855410","chr1","7993999","7994304","45","21861101"
"chr3","29883383","29883656","chr15","26878649","26878926","49","3004734"
"chr3","29898126","29898447","chr11","111527407","111527720","67","81629281"
"chr3","29917930","29918231","chr2","108203016","108203325","50","78285086"
"chr3","29938008","29938281","chr6","148651777","148652051","49","118713769"
"chr3","30023282","30023575","chrX","28734753","28735052","41","1288529"
"chr3","30028960","30029047","chr1","217767365","217767449","15","187738405"
"chr3","30300693","30300985","chr1","56954077","56954369","42","26653384"
"chr3","30304608","30304889","chr4","14138385","14138664","54","16166223"
"chr3","30305491","30305776","chr3","3812815","3813101","60","26492676"
"chr3","30412305","30412590","chr10","71053356","71053639","40","40641051"
"chr3","30437843","30438142","chr11","103464317","103464610","50","73026474"
"chr3","30592216","30592326","chr9","104090880","104090989","13","73498664"
"chr3","30600850","30601141","chr1","185903042","185903338","36","155302192"
"chr3","30603323","30603465","chr8","76522039","76522178","14","45918716"
"chr3","30669411","30669713","chr6","50786627","50786920","57","20117216"
"chr3","30671745","30672054","chr1","54556109","54556409","42","23884364"
"chr3","30680625","30680933","chr1","18792684","18792991","34","11887941"
"chr3","30731407","30731527","chr10","50392786","50392898","23","19661379"
"chr3","30778554","30778853","chr17","7947887","7948188","43","22830667"
"chr3","30825190","30825450","chr18","69562263","69562530","42","38737073"
"chr3","30904125","30904433","chr16","6949294","6949602","36","23954831"
"chr3","31075496","31075718","chr10","74721381","74721604","32","43645885"
"chr3","31086514","31086790","chr16","72398752","72399035","56","41312238"
"chr3","31114028","31114319","chr10","87129663","87129949","42","56015635"
"chr3","31129605","31129895","chr1","14339353","14339646","47","16790252"
"chr3","31146309","31146604","chr3","21036038","21036342","49","10110271"
"chr3","31240272","31240564","chr1","42476755","42477044","46","11236483"
"chr3","31309832","31310106","chr1","127703616","127703888","47","96393784"
"chr3","31395999","31396295","chr10","72394915","72395215","39","40998916"
"chr3","31578202","31578510","chr3","69228301","69228608","37","37650099"
"chr3","31634606","31634898","chr4","10828530","10828827","58","20806076"
"chr3","31708636","31708929","chr7","133065043","133065330","33","101356407"
"chr3","31819501","31819806","chr1","7993999","7994304","43","23825502"
"chr3","32009710","32010020","chr4","49832283","49832589","43","17822573"
"chr3","32020075","32020371","chr2","168564679","168564973","41","136544604"
"chr3","32123118","32123409","chr11","106117823","106118113","42","73994705"
"chr3","32314621","32314921","chr6","69418543","69418840","44","37103922"
"chr3","32344314","32344610","chr4","103422957","103423247","53","71078643"
"chr3","32452680","32452989","chr8","28037586","28037897","45","4415094"
"chr3","32458232","32458497","chr20","26324160","26324436","47","6134072"
"chr3","32587310","32587585","chr8","1577400","1577677","42","31009910"
"chr3","32602912","32603173","chr2","165757823","165758089","37","133154911"
"chr3","32692163","32692418","chr3","7548115","7548365","38","25144048"
"chr3","32703890","32704167","chr2","135177745","135178021","42","102473855"
"chr3","32708466","32708763","chr1","45623411","45623699","49","12914945"
"chr3","32720736","32721019","chr1","134268423","134268712","44","101547687"
"chr3","32727007","32727282","chr15","21464395","21464674","34","11262612"
"chr3","32731687","32731971","chr6","152011620","152011903","46","119279933"
"chr3","32741408","32741707","chr5","4538583","4538883","32","28202825"
"chr3","32750663","32750972","chr13","32817425","32817728","39","66762"
"chr3","32756880","32756973","chr1","207305653","207305745","12","174548773"
"chr3","32759645","32759827","chr6","165780370","165780553","32","133020725"
"chr3","32799136","32799416","chr7","132975622","132975901","46","100176486"
"chr3","32852002","32852290","chr16","54704987","54705277","43","21852985"
"chr3","32903611","32903919","chr13","125134336","125134638","41","92230725"
"chr3","32961172","32961475","chr1","208474725","208475026","42","175513553"
"chr3","33010344","33010652","chr1","108834089","108834396","45","75823745"
"chr3","33028001","33028295","chr6","14673710","14674004","41","18354291"
"chr3","33061442","33061718","chr2","88612634","88612907","45","55551192"
"chr3","33134304","33134611","chr15","35190462","35190761","40","2056158"
"chr3","33153667","33153994","chr11","24376239","24376566","51","8777428"
"chr3","33413582","33413874","chr13","85381776","85382074","41","51968194"
"chr3","33444493","33444780","chr7","126538943","126539236","37","93094450"
"chr3","33461308","33461606","chr6","159890408","159890709","36","126429100"
"chr3","33471242","33471536","chr1","94365322","94365615","36","60894080"
"chr3","33518059","33518340","chr3","83519048","83519341","52","50000989"
"chr3","33572996","33573290","chr13","60919802","60920096","40","27346806"
"chr3","33587524","33587822","chr3","178463842","178464137","39","144876318"
"chr3","33598765","33599055","chr16","31394227","31394519","35","2204538"
"chr3","33621228","33621520","chrX","112314689","112314977","41","78693461"
"chr3","33683003","33683298","chr1","219225924","219226223","44","185542921"
"chr3","33840974","33841265","chr13","116647521","116647821","34","82806547"
"chr3","33869742","33870019","chr13","32835113","32835389","39","1034629"
"chr3","33902645","33902942","chr6","122044038","122044332","33","88141393"
"chr3","34031995","34032107","chr15","8408271","8408385","17","25623724"
"chr3","34390366","34390594","chr17","17606555","17606797","68","16783811"
"chr3","34429091","34429383","chr19","39198529","39198809","50","4769438"
"chr3","34505555","34505893","chr14","48112903","48113226","70","13607348"
"chr3","34520929","34521243","chr11","13691517","13691834","37","20829412"
"chr3","34534038","34534307","chr6","143287549","143287823","64","108753511"
"chr3","34567814","34568061","chr2","173196809","173197055","37","138628995"
"chr3","34586714","34586870","chr4","103459648","103459795","25","68872934"
"chr3","34587498","34587788","chr19","7027223","7027511","54","27560275"
"chr3","34731298","34731585","chr5","172198318","172198604","39","137467020"
"chr3","34799277","34799523","chr20","27256128","27256377","44","7543149"
"chr3","34803571","34803854","chr10","19863380","19863662","48","14940191"
"chr3","34930383","34930539","chr5","146819889","146820047","27","111889506"
"chr3","35115005","35115315","chr20","26401661","26401973","32","8713344"
"chr3","35237584","35237903","chr14","115498753","115499071","44","80261169"
"chr3","35359345","35359637","chr5","46196834","46197129","45","10837489"
"chr3","35408542","35408838","chrX","124913837","124914132","41","89505295"
"chr3","35670209","35670511","chr14","93489546","93489850","42","57819337"
"chr3","35705821","35706117","chr10","46007696","46008002","52","10301875"
"chr3","35725673","35725972","chr1","124998618","124998915","33","89272945"
"chr3","35757884","35758170","chr18","19257215","19257514","53","16500669"
"chr3","35886867","35887168","chr4","82945647","82945940","55","47058780"
"chr3","35909207","35909506","chr4","130615568","130615870","41","94706361"
"chr3","35911911","35912213","chr17","7359555","7359858","44","28552356"
"chr3","35934896","35935200","chr1","128155382","128155688","36","92220486"
"chr3","36265013","36265057","chr6","115440800","115440844","11","79175787"
"chr3","36265080","36265322","chr17","52925655","52925895","62","16660575"
"chr3","36314149","36314422","chr10","19863380","19863662","48","16450769"
"chr3","36525327","36525632","chr4","80846345","80846644","52","44321018"
"chr3","36627711","36628014","chr10","67405046","67405353","45","30777335"
"chr3","36691755","36692048","chr13","68982542","68982833","46","32290787"
"chr3","36708378","36708661","chr10","9183399","9183692","48","27524979"
"chr3","36760344","36760645","chr6","71714754","71715057","38","34954410"
"chr3","36934203","36934509","chr9","13451067","13451375","48","23483136"
"chr3","36941065","36941375","chr5","81950527","81950835","38","45009462"
"chr3","37100369","37100664","chr6","126641819","126642115","34","89541450"
"chr3","37307657","37307943","chr1","41461893","41462183","48","4154236"
"chr3","37346578","37346873","chr6","144796472","144796768","49","107449894"
"chr3","37424444","37424724","chr1","127703616","127703888","42","90279172"
"chr3","37478793","37479088","chr9","55463616","55463910","44","17984823"
"chr3","37516860","37517148","chr9","7025626","7025918","38","30491234"
"chr3","37564627","37564921","chr1","208230438","208230739","39","170665811"
"chr3","37576722","37577017","chr8","25582102","25582396","29","11994620"
"chr3","37806574","37806832","chr13","109670592","109670849","36","71864018"
"chr3","37846460","37846741","chr11","102058539","102058820","42","64212079"
"chr3","37932724","37933031","chr2","172554797","172555106","42","134622073"
"chr3","38021397","38021665","chr1","127703616","127703888","41","89682219"
"chr3","38106830","38107136","chr1","7993999","7994304","44","30112831"
"chr3","38217210","38217491","chr15","78953274","78953566","43","40736064"
"chr3","38418582","38418879","chr13","32817425","32817728","38","5601157"
"chr3","38594514","38594823","chr15","96588502","96588809","36","57993988"
"chr3","38690269","38690563","chr3","103398952","103399243","39","64708683"
"chr3","38906961","38907245","chr12","30780270","30780560","46","8126691"
"chr3","38941677","38941958","chr9","7025626","7025918","39","31916051"
"chr3","38946506","38946714","chr3","38604566","38604772","30","341940"
"chr3","38949220","38949527","chrX","107968837","107969145","41","69019617"
"chr3","39000139","39000437","chr7","129456939","129457235","42","90456800"
"chr3","39055408","39055720","chr10","15325102","15325413","47","23730306"
"chr3","39077653","39077942","chr12","33900333","33900627","44","5177320"
"chr3","39085457","39085759","chr7","80853148","80853446","36","41767691"
"chr3","39106427","39106703","chr7","132975622","132975901","43","93869195"
"chr3","39124939","39125230","chr13","118543000","118543289","37","79418061"
"chr3","39171162","39171447","chr10","62315260","62315548","37","23144098"
"chr3","39245376","39245620","chr11","71045850","71046097","42","31800474"
"chr3","39289696","39289978","chr14","82944051","82944331","44","43654355"
"chr3","39310807","39311113","chr6","120254869","120255178","47","80944062"
"chr3","39331680","39331976","chr3","14906033","14906330","43","24425647"
"chr3","39332704","39332995","chr8","25582102","25582396","39","13750602"
"chr3","39338718","39338790","chr15","106000001","106000071","9","66661283"
"chr3","39391424","39391726","chr7","130592341","130592641","56","91200917"
"chr3","39392979","39393274","chr11","67090852","67091151","34","27697873"
"chr3","39465305","39465602","chr20","51745649","51745944","31","12280344"
"chr3","39469629","39469932","chr1","208474725","208475026","40","169005096"
"chr3","39528070","39528360","chr7","51613254","51613546","43","12085184"
"chr3","39590317","39590618","chr1","53988770","53989067","40","14398453"
"chr3","39694486","39694786","chr14","64460254","64460553","41","24765768"
"chr3","39725923","39726226","chrX","38099288","38099585","44","1626635"
"chr3","39788115","39788409","chr8","28758314","28758602","44","11029801"
"chr3","39791072","39791365","chr1","159897609","159897902","37","120106537"
"chr3","39796428","39796751","chr3","34969388","34969689","50","4827040"
"chr3","39833137","39833438","chr16","69694984","69695273","42","29861847"
"chr3","39870569","39870895","chr4","56503347","56503657","63","16632778"
"chr3","39886468","39886775","chr8","127022151","127022443","55","87135683"
"chr3","39888447","39888755","chr6","121630847","121631152","45","81742400"
"chr3","39905790","39906088","chr2","102989050","102989349","31","63083260"
"chr3","39931886","39932188","chr7","4182810","4183108","56","35749076"
"chr3","39985992","39986287","chr12","70149551","70149842","48","30163559"
"chr3","40018792","40019066","chr11","94605132","94605405","51","54586340"
"chr3","40056642","40056942","chr10","28173309","28173604","42","11883333"
"chr3","40188993","40189111","chr5","141886011","141886125","15","101697018"
"chr3","40556537","40556708","chr19","9946015","9946183","22","30610522"
"chr3","40557643","40557765","chr14","59616901","59617021","21","19059258"
"chr3","40584671","40584955","chr2","149808038","149808322","47","109223367"
"chr3","41100148","41100485","chr9","57057343","57057679","67","15957195"
"chr3","41136302","41136547","chr5","133797177","133797424","37","92660875"
"chr3","41207714","41207998","chr10","62315260","62315548","39","21107546"
"chr3","41260032","41260340","chr13","124536704","124537006","45","83276672"
"chr3","41301218","41301382","chr20","18001512","18001688","38","23299706"
"chr3","41313298","41313587","chr1","30836490","30836784","40","10476808"
"chr3","41324161","41324459","chr13","23010864","23011159","47","18313297"
"chr3","41403071","41403371","chr11","59744208","59744500","34","18341137"
"chr3","41412367","41412650","chr11","123468792","123469074","43","82056425"
"chr3","41455367","41455602","chr20","39426127","39426355","33","2029240"
"chr3","41456044","41456309","chr1","13313753","13314017","54","28142291"
"chr3","41465947","41466236","chrX","21037301","21037595","38","20428646"
"chr3","41486840","41487139","chr2","106418670","106418975","41","64931830"
"chr3","41506977","41507219","chr17","53466498","53466743","44","11959521"
"chr3","41510683","41510844","chr12","40753772","40753945","36","756911"
"chr3","41510845","41511153","chrX","10249671","10249978","38","31261174"
"chr3","41526972","41527262","chr19","32347284","32347572","32","9179688"
"chr3","41529794","41530066","chr5","101457421","101457692","44","59927627"
"chr3","41530749","41531025","chr1","136123153","136123429","49","94592404"
"chr3","41531803","41531904","chr1","30001481","30001584","16","11530322"
"chr3","41535478","41535789","chr2","56649143","56649449","43","15113665"
"chr3","41538649","41538945","chr5","154328647","154328948","47","112789998"
"chr3","41580287","41580580","chr11","59744208","59744500","33","18163921"
"chr3","41595787","41596069","chr5","58082891","58083179","46","16487104"
"chr3","41610345","41610643","chr5","3516408","3516705","34","38093937"
"chr3","41612059","41612362","chr18","50068641","50068944","40","8456582"
"chr3","41633366","41633651","chr4","10912888","10913182","42","30720478"
"chr3","41648632","41648935","chr1","213070791","213071090","37","171422159"
"chr3","41662295","41662598","chr16","15788944","15789248","43","25873351"
"chr3","41759247","41759545","chr3","45626371","45626668","33","3867124"
"chr3","41781501","41781783","chr6","143418690","143418972","46","101637189"
"chr3","41828039","41828320","chr14","17072928","17073203","53","24755111"
"chr3","41937545","41937835","chr14","98318663","98318962","43","56381118"
"chr3","42034622","42034917","chr11","59699985","59700283","41","17665363"
"chr3","42042808","42043105","chr5","100171700","100171994","46","58128892"
"chr3","42157455","42157752","chr11","47924958","47925256","41","5767503"
"chr3","42216001","42216312","chrX","21774198","21774509","46","20441803"
"chr3","42295350","42295664","chr9","107799245","107799554","49","65503895"
"chr3","42323927","42324177","chr8","13018464","13018728","53","29305463"
"chr3","42450523","42450817","chr7","37449373","37449676","41","5001150"
"chr3","42459480","42459766","chr3","46165413","46165699","50","3705933"
"chr3","42495613","42495923","chr10","47330984","47331271","63","4835371"
"chr3","42554401","42554705","chr2","94218906","94219210","42","51664505"
"chr3","42585246","42585546","chr19","34436283","34436587","44","8148963"
"chr3","42590118","42590420","chr10","33466010","33466313","44","9124108"
"chr3","42636603","42636903","chr2","46682521","46682821","38","4045918"
"chr3","42679506","42679796","chr16","31394227","31394519","52","11285279"
"chr3","42698952","42699244","chr4","154100211","154100509","43","111401259"
"chr3","42787289","42787435","chr7","31081463","31081612","29","11705826"
"chr3","42953949","42954231","chr20","49701084","49701366","40","6747135"
"chr3","42998117","42998421","chr4","141239165","141239473","48","98241048"
"chr3","43107120","43107368","chr15","35980878","35981131","45","7126242"
"chr3","43184579","43184877","chr2","46682521","46682821","30","3497942"
"chr3","43367704","43368004","chr7","26718463","26718762","52","16649241"
"chr3","43430770","43431079","chr1","118069798","118070111","44","74639028"
"chr3","43757217","43757449","chr6","143514666","143514896","39","99757449"
"chr3","43842534","43842773","chr7","24936105","24936346","30","18906429"
"chr3","43850545","43850844","chr11","59744208","59744500","33","15893663"
"chr3","43859775","43860071","chr8","25582102","25582396","36","18277673"
"chr3","44029379","44029459","chr9","99777183","99777260","17","55747804"
"chr3","44149433","44149663","chr10","74721381","74721604","35","30571948"
"chr3","44281431","44281729","chr11","8138169","8138470","32","36143262"
"chr3","44328117","44328410","chrX","25769540","25769833","36","18558577"
"chr3","44445656","44445929","chr20","70990948","70991231","50","26545292"
"chr3","44466779","44467079","chr9","19850832","19851138","39","24615947"
"chr3","44469150","44469356","chr3","38604566","38604772","28","5864584"
"chr3","44471337","44471635","chr17","11233722","11234024","34","33237615"
"chr3","44502490","44502783","chr5","138263025","138263309","46","93760535"
"chr3","44513252","44513388","chr18","24104552","24104687","12","20408700"
"chr3","44531100","44531405","chr16","58102209","58102520","40","13571109"
"chr3","44681044","44681341","chr11","46307066","46307365","35","1626022"
"chr3","44787180","44787476","chr1","19736141","19736436","49","25051039"
"chr3","44798277","44798577","chr1","13865146","13865450","32","30933131"
"chr3","44842838","44843146","chr1","20012770","20013073","42","24830068"
"chr3","44848773","44849054","chr1","141014278","141014565","45","96165505"
"chr3","44885118","44885326","chr3","12799150","12799366","45","32085968"
"chr3","44940529","44940827","chr10","29691322","29691619","44","15249207"
"chr3","44980635","44980943","chr8","34244854","34245171","46","10735781"
"chr3","45065493","45065794","chr8","99548469","99548767","37","54482976"
"chr3","45074394","45074686","chr18","38185873","38186149","52","6888521"
"chr3","45099739","45100026","chrX","970398","970680","42","44129341"
"chr3","45134122","45134400","chr2","108215567","108215854","44","63081445"
"chr3","45142094","45142387","chr11","12230284","12230579","46","32911810"
"chr3","45227793","45228081","chr12","93108642","93108929","47","47880849"
"chr3","45295894","45296188","chr10","52692902","52693194","51","7397008"
"chr3","45330200","45330462","chr4","79455473","79455733","38","34125273"
"chr3","45429307","45429602","chr13","61259817","61260123","43","15830510"
"chr3","45704362","45704493","chr7","158155171","158155302","15","112450809"
"chr3","45726429","45726729","chrX","45985047","45985346","36","258618"
"chr3","45758802","45759107","chr1","41160582","41160892","31","4598220"
"chr3","45902485","45902746","chr8","14237621","14237892","53","31664864"
"chr3","45970408","45970694","chr10","62315260","62315548","44","16344852"
"chr3","46028505","46028803","chr19","3064712","3065012","34","42963793"
"chr3","46095704","46095844","chr9","2366360","2366504","28","43729344"
"chr3","46123098","46123408","chr16","6949294","6949602","37","39173804"
"chr3","46184010","46184300","chr11","59744208","59744500","39","13560198"
"chr3","46199951","46200233","chr10","62315260","62315548","37","16115309"
"chr3","46261679","46261978","chr3","108412249","108412542","41","62150570"
"chr3","46381583","46381876","chr4","123871421","123871712","41","77489838"
"chr3","46887139","46887436","chr1","128477471","128477761","51","81590332"
"chr3","47110996","47111291","chr5","135892746","135893042","40","88781750"
"chr3","47161350","47161645","chr4","151432154","151432460","47","104270804"
"chr3","47204541","47204830","chr9","13273256","13273546","36","33931285"
"chr3","47242569","47242871","chr1","125312140","125312429","53","78069571"
"chr3","47353838","47354132","chr16","55715676","55715976","35","8361838"
"chr3","47400632","47400940","chr11","36769212","36769521","41","10631420"
"chr3","47401971","47402276","chr3","34969388","34969689","38","12432583"
"chr3","47426207","47426412","chr5","135578861","135579060","34","88152654"
"chr3","47478572","47478702","chr18","20462813","20462934","37","27015759"
"chr3","47485091","47485389","chrX","45487697","45487995","45","1997394"
"chr3","47504418","47504712","chr9","20941332","20941626","39","26563086"
"chr3","47555208","47555508","chr7","19552904","19553209","49","28002304"
"chr3","47589205","47589489","chr20","12900328","12900614","41","34688877"
"chr3","47727532","47727769","chr9","56012937","56013193","54","8285405"
"chr3","47729005","47729206","chr15","107132209","107132415","33","59403204"
"chr3","47729936","47730035","chr6","51545855","51545952","11","3815919"
"chr3","47788187","47788480","chr3","46165413","46165699","48","1622774"
"chr3","47819883","47820193","chr13","69700961","69701271","39","21881078"
"chr3","48127860","48128162","chr7","125954466","125954770","38","77826606"
"chr3","48134627","48134934","chr3","12603123","12603437","42","35531504"
"chr3","48169339","48169630","chr6","126097182","126097474","47","77927843"
"chr3","48244797","48245058","chr5","134807004","134807269","56","86562207"
"chr3","48259635","48259927","chr3","6672310","6672602","43","41587325"
"chr3","48265049","48265333","chr19","50974121","50974400","41","2709072"
"chr3","48286665","48286958","chr4","2534955","2535251","49","45751710"
"chr3","48365213","48365508","chr1","127833040","127833336","35","79467827"
"chr3","48370583","48370816","chr18","51009583","51009809","35","2639000"
"chr3","48592291","48592587","chr3","38447004","38447303","44","10145287"
"chr3","48698476","48698770","chr2","146254274","146254570","54","97555798"
"chr3","48721362","48721659","chr14","97549357","97549650","49","48827995"
"chr3","48789858","48790146","chr4","2534955","2535251","37","46254903"
"chr3","48877948","48878247","chr2","71450909","71451205","39","22572961"
"chr3","48901391","48901684","chr3","48298408","48298697","42","602983"
"chr3","48975807","48976107","chr1","20012770","20013073","32","28963037"
"chr3","49070902","49071107","chr20","19297264","19297468","33","29773638"
"chr3","49081172","49081491","chr6","128302615","128302924","43","79221443"
"chr3","49098402","49098696","chr5","34428917","34429213","34","14669485"
"chr3","49161813","49162105","chr1","42476755","42477044","38","6685058"
"chr3","49164265","49164557","chr6","142572268","142572563","43","93408003"
"chr3","49173718","49174021","chr3","178044286","178044587","45","128870568"
"chr3","49198195","49198489","chr13","116647521","116647821","39","67449326"
"chr3","49223155","49223451","chr17","4956245","4956539","37","44266910"
"chr3","49236820","49237111","chrX","45487697","45487995","40","3749123"
"chr3","49254554","49254834","chr8","99504003","99504280","43","50249449"
"chr3","49327797","49328019","chr6","142429991","142430206","33","93102194"
"chr3","49335456","49335749","chr2","60664639","60664940","43","11329183"
"chr3","49349800","49350086","chrX","112314689","112314977","40","62964889"
"chr3","49378732","49379014","chr2","149808038","149808322","45","100429306"
"chr3","49399806","49400116","chr10","59221637","59221948","45","9821831"
"chr3","49401102","49401380","chr15","21464395","21464674","37","27936707"
"chr3","49405728","49406023","chr9","31646265","31646560","35","17759463"
"chr3","49420855","49421140","chr8","70343541","70343824","54","20922686"
"chr3","49461470","49461776","chr15","94670007","94670311","42","45208537"
"chr3","49489284","49489594","chr4","79217053","79217354","45","29727769"
"chr3","49547049","49547321","chrX","19132745","19133018","40","30414304"
"chr3","49698362","49698578","chr5","172592101","172592313","37","122893739"
"chr3","49723992","49724274","chr9","55644411","55644695","55","5920419"
"chr3","49825572","49825859","chr6","56372445","56372739","48","6546873"
"chr3","49881897","49882187","chr6","160166962","160167251","45","110285065"
"chr3","49928904","49929204","chr1","193733597","193733895","46","143804693"
"chr3","49948792","49949099","chr8","69722212","69722504","89","19773420"
"chr3","49949586","49949879","chr16","6848176","6848462","50","43101410"
"chr3","49974246","49974533","chr9","7025626","7025918","36","42948620"
"chr3","50045284","50045588","chr1","123829563","123829868","42","73784279"
"chr3","50067307","50067581","chr15","16226635","16226921","48","33840672"
"chr3","50217069","50217354","chr15","74462624","74462912","51","24245555"
"chr3","50293372","50293667","chr9","30120372","30120674","54","20173000"
"chr3","50523584","50523860","chr12","31473588","31473866","41","19049996"
"chr3","50630180","50630399","chr10","76202595","76202819","40","25572415"
"chr3","50710098","50710412","chr10","85477981","85478291","49","34767883"
"chr3","50725099","50725412","chr11","122096598","122096910","52","71371499"
"chr3","50860676","50861002","chr16","12652375","12652705","40","38208301"
"chr3","50875519","50875785","chr13","26694478","26694747","52","24181041"
"chr3","51077984","51078269","chr10","62315260","62315548","41","11237276"
"chr3","51125962","51126262","chr20","52941328","52941633","50","1815366"
"chr3","51221439","51221736","chrX","20846410","20846706","42","30375029"
"chr3","51324222","51324506","chr3","151302425","151302718","49","99978203"
"chr3","51353063","51353369","chr7","77029098","77029406","36","25676035"
"chr3","51396007","51396307","chr3","45626371","45626668","36","5769636"
"chr3","51406806","51407092","chr3","48298408","48298697","45","3108398"
"chr3","51574793","51575093","chr1","20012770","20013073","34","31562023"
"chr3","51581706","51582004","chr2","46682521","46682821","35","4899185"
"chr3","51646016","51646309","chr7","133065043","133065330","31","81419027"
"chr3","51669920","51670206","chr9","57023538","57023829","40","5353618"
"chr3","51679359","51679651","chr1","54481421","54481716","48","2802062"
"chr3","51790786","51791075","chr10","62613928","62614216","33","10823142"
"chr3","51943431","51943726","JH682036","358126","358421","34","51585305"
"chr3","52100203","52100418","chr20","29195665","29195876","30","22904538"
"chr3","52122425","52122764","chr18","39066869","39067188","68","13055556"
"chr3","52126033","52126262","chr10","76202595","76202819","33","24076562"
"chr3","52153934","52154239","chr1","128155382","128155688","32","76001448"
"chr3","52242882","52243188","chr3","17380186","17380487","52","34862696"
"chr3","52310676","52310968","chr4","53744348","53744646","51","1433672"
"chr3","52606012","52606308","chr16","3688333","3688637","58","48917679"
"chr3","52632919","52633224","chr9","59360623","59360932","49","6727704"
"chr3","52737335","52737604","chr14","102353882","102354158","44","49616547"
"chr3","52814403","52814682","chr16","11161826","11162107","41","41652577"
"chr3","52849711","52849996","chrX","95854941","95855233","41","43005230"
"chr3","52850962","52851246","chr14","72043437","72043723","41","19192475"
"chr3","52857632","52857932","chr7","48694397","48694696","47","4163235"
"chr3","52903028","52903154","chr7","3074172","3074302","21","49828856"
"chr3","53014876","53015175","chr16","49861297","49861598","33","3153579"
"chr3","53024457","53024754","chr4","104548625","104548926","38","51524168"
"chr3","53027918","53028174","chr10","12259118","12259370","46","40768800"
"chr3","53051170","53051452","chr12","51506718","51507001","56","1544452"
"chr3","53117367","53117534","chr6","27183263","27183450","41","25934104"
"chr3","53118350","53118627","chr6","132179472","132179753","42","79061122"
"chr3","53182134","53182422","chr1","158198823","158199105","54","105016689"
"chr3","53182751","53183046","chr4","32871781","32872078","36","20310970"
"chr3","53309545","53309843","chr10","78749019","78749318","28","25439474"
"chr3","53370666","53370961","chr7","37381596","37381892","38","15989070"
"chr3","53422747","53423039","chr2","39029241","39029515","56","14393506"
"chr3","53475880","53476173","chr12","65271223","65271517","38","11795343"
"chr3","53605774","53606048","chr1","125312140","125312429","55","71706366"
"chr3","53647243","53647509","chr5","143792097","143792385","52","90144854"
"chr3","53660454","53660749","chr4","111697334","111697630","42","58036880"
"chr3","53703693","53703976","chr9","102157988","102158284","49","48454295"
"chr3","53726983","53727284","chrX","21565382","21565683","35","32161601"
"chr3","53731668","53731970","chr6","120689604","120689900","37","66957936"
"chr3","53733613","53733902","chr10","62315260","62315548","27","8581647"
"chr3","53760502","53760777","chr19","42487999","42488270","46","11272503"
"chr3","53774384","53774671","chr1","42476755","42477044","37","11297629"
"chr3","53804412","53804706","chr10","10378732","10379028","38","43425680"
"chr3","53808250","53808550","chr3","103130117","103130419","39","49321867"
"chr3","53809089","53809365","chr20","49929199","49929484","47","3879890"
"chr3","53815003","53815298","chr11","59744208","59744500","45","5929205"
"chr3","53840899","53841194","chr11","59744208","59744500","30","5903309"
"chr3","53847595","53847862","chr13","42970808","42971080","53","10876787"
"chr3","53885424","53885749","chr5","129518653","129518975","42","75633229"
"chr3","53887585","53887864","chr11","123468792","123469074","41","69581207"
"chr3","53888145","53888451","chr6","66149192","66149494","47","12261047"
"chr3","53899156","53899453","chrX","27151438","27151734","47","26747718"
"chr3","53910281","53910492","chr10","83368953","83369164","33","29458672"
"chr3","53959093","53959380","chr6","64993372","64993659","43","11034279"
"chr3","53972646","53972938","chr9","7025626","7025918","33","46947020"
"chr3","54007952","54008246","chr2","81991105","81991401","38","27983153"
"chr3","54012336","54012633","JH682036","358126","358421","39","53654210"
"chr3","54021623","54021916","chr6","50786627","50786920","44","3234996"
"chr3","54056895","54057097","chr3","38604566","38604772","31","15452329"
"chr3","54060942","54061254","chr3","137161683","137161990","41","83100741"
"chr3","54074325","54074601","chr6","26498789","26499071","48","27575536"
"chr3","54078929","54079198","chr16","16849093","16849362","50","37229836"
"chr3","54107054","54107257","chr9","86540325","86540543","50","32433271"
"chr3","54818610","54818880","chr16","50279212","50279487","42","4539398"
"chr3","54911922","54912215","chr11","13702068","13702363","34","41209854"
"chr3","54932910","54933210","chrX","96115610","96115910","41","41182700"
"chr3","54978260","54978547","chr5","136702579","136702867","51","81724319"
"chr3","54989409","54989703","chr4","32871781","32872078","34","22117628"
"chr3","55009805","55010109","chr13","32817425","32817728","30","22192380"
"chr3","55021832","55022130","chr5","128427829","128428124","63","73405997"
"chr3","55072441","55072550","chr13","13692390","13692506","13","41380051"
"chr3","55094286","55094588","chr17","1927019","1927313","48","53167267"
"chr3","55193898","55194196","chr12","69597135","69597433","41","14403237"
"chr3","55194199","55194497","chr1","946135","946434","37","54248064"
"chr3","55303765","55304065","chr13","10897092","10897389","43","44406673"
"chr3","55313286","55313580","chr5","35637455","35637751","36","19675831"
"chr3","55429185","55429429","chr15","90273115","90273354","61","34843930"
"chr3","55444448","55444731","chr3","151336195","151336483","41","95891747"
"chr3","55446439","55446745","chr17","8929510","8929818","42","46516929"
"chr3","55613527","55613805","chr17","53026294","53026578","45","2587233"
"chr3","55752465","55752736","chr7","111089387","111089666","51","55336922"
"chr3","55758243","55758562","chr5","130175348","130175653","61","74417105"
"chr3","55798680","55798969","chr10","62315260","62315548","44","6516580"
"chr3","55819530","55819818","chr4","123240582","123240888","56","67421052"
"chr3","55944377","55944663","chr7","77017935","77018222","45","21073558"
"chr3","55952356","55952653","chr7","76889431","76889730","34","20937075"
"chr3","56012781","56013075","JH682036","358126","358421","40","55654655"
"chr3","56034412","56034686","chr6","37807253","37807537","47","18227159"
"chr3","56119606","56119844","chr17","53964881","53965113","63","2154725"
"chr3","56139703","56140012","chr6","145229685","145229996","34","89089982"
"chr3","56140236","56140520","chr2","135177745","135178021","41","79037509"
"chr3","56213175","56213266","chr1","109969377","109969468","14","53756202"
"chr3","56372966","56373207","chr7","24936105","24936346","36","31436861"
"chr3","56493099","56493402","chr15","13852993","13853297","46","42640106"
"chr3","56557446","56557778","chr19","45371709","45372029","76","11185737"
"chr3","56645982","56646277","chr12","90150653","90150943","50","33504671"
"chr3","56756561","56756841","chr2","77287115","77287395","57","20530554"
"chr3","57004245","57004541","chr1","946135","946434","32","56058110"
"chr3","57017304","57017588","chr3","14371522","14371805","36","42645782"
"chr3","57122949","57123257","chr3","88868330","88868636","54","31745381"
"chr3","57161575","57161883","chrX","107455610","107455920","59","50294035"
"chr3","57200538","57200763","chr8","139459315","139459540","40","82258777"
"chr3","57265841","57266125","chr10","30234730","30235018","63","27031111"
"chr3","57377162","57377458","chr3","83519048","83519341","45","26141886"
"chr3","57552431","57552720","chr2","94343271","94343561","40","36790840"
"chr3","57569433","57569729","chr8","96097617","96097913","36","38528184"
"chr3","57705582","57705879","chr15","7561500","7561795","44","50144082"
"chr3","57764906","57765198","chr2","147922950","147923243","42","90158044"
"chr3","57837392","57837694","chr11","57311918","57312214","43","525474"
"chr3","57880875","57881167","chr10","35692021","35692319","44","22188854"
"chr3","58116814","58117111","chr14","44015351","44015648","47","14101463"
"chr3","58396326","58396620","chr20","51188693","51188983","43","7207633"
"chr3","58568604","58568866","chr1","176591037","176591318","54","118022433"
"chr3","58642296","58642597","chr12","58894080","58894384","43","251784"
"chr3","58674141","58674445","chr4","3145119","3145426","37","55529022"
"chr3","58899061","58899325","chr1","22858271","22858537","41","36040790"
"chr3","59017537","59017765","chr5","106625263","106625493","40","47607726"
"chr3","59236300","59236563","chr1","47626078","47626342","32","11610222"
"chr3","59490723","59490843","chr1","55071174","55071299","27","4419549"
"chr3","59697529","59697836","chr5","166713339","166713644","33","107015810"
"chr3","60104630","60104944","chr20","67476771","67477077","40","7372141"
"chr3","60423396","60423691","chr13","2978741","2979038","35","57444655"
"chr3","60485524","60485833","chr3","67640358","67640660","50","7154834"
"chr3","60515454","60515753","chr15","39862913","39863221","57","20652541"
"chr3","60521249","60521550","chr3","29819099","29819400","51","30702150"
"chr3","60543002","60543281","chr8","100693273","100693556","47","40150271"
"chr3","60553674","60553979","chr2","46682521","46682821","43","13871153"
"chr3","60828929","60829208","chr5","21819166","21819451","49","39009763"
"chr3","60865041","60865337","chr3","45626371","45626668","36","15238670"
"chr3","61269994","61270299","chr10","67405046","67405353","37","6135052"
"chr3","61314028","61314326","chr7","52996054","52996357","54","8317974"
"chr3","61325449","61325726","chr1","30080248","30080540","64","31245201"
"chr3","61546483","61546770","chr7","117030480","117030769","41","55483997"
"chr3","61744400","61744638","chr10","12309513","12309762","52","49434887"
"chr3","61826242","61826544","chr10","46007696","46008002","36","15818546"
"chr3","61941064","61941379","chr13","62845083","62845387","70","904019"
"chr3","61953105","61953431","chr18","37799855","37800179","42","24153250"
"chr3","62093495","62093776","chr2","92704027","92704304","50","30610532"
"chr3","62211067","62211351","chr5","166995048","166995338","58","104783981"
"chr3","62211878","62211983","chr11","12024313","12024418","19","50187565"
"chr3","62293871","62294177","chr6","128302615","128302924","39","66008744"
"chr3","62542874","62543153","chr14","21655489","21655772","55","40887385"
"chr3","62543215","62543495","chr9","111708748","111709026","42","49165533"
"chr3","62659450","62659534","chr7","37692874","37692959","18","24966576"
"chr3","62711119","62711414","chr17","1802400","1802699","42","60908719"
"chr3","62813880","62814176","chr10","15079626","15079923","53","47734254"
"chr3","62949221","62949522","chr16","47869063","47869366","36","15080158"
"chr3","62968128","62968418","chr11","115360951","115361238","46","52392823"
"chr3","63026855","63027135","chr8","70343541","70343824","39","7316686"
"chr3","63074733","63075040","chr16","1419036","1419322","59","61655697"
"chr3","63204186","63204480","chr17","45095928","45096223","39","18108258"
"chr3","63254615","63254923","chr1","1866324","1866628","50","61388291"
"chr3","63318220","63318519","chr4","31680786","31681089","45","31637434"
"chr3","63349046","63349354","chr16","69454151","69454455","47","6105105"
"chr3","63382061","63382366","chr1","128155382","128155688","33","64773321"
"chr3","63413714","63414011","chr3","38447004","38447303","41","24966710"
"chr3","63538219","63538522","chrX","13595567","13595865","39","49942652"
"chr3","63785860","63786159","chr9","69824146","69824444","45","6038286"
"chr3","64045668","64045959","chr4","13002327","13002618","46","51043341"
"chr3","64274833","64275150","chr15","90210594","90210890","54","25935761"
"chr3","64299717","64300021","chr5","76012602","76012900","40","11712885"
"chr3","64360530","64360777","chr14","63936002","63936248","39","424528"
"chr3","64379753","64380004","chr2","185482859","185483105","42","121103106"
"chr3","64384270","64384567","chr8","99548469","99548767","42","35164199"
"chr3","64393564","64393872","chrX","38891205","38891511","33","25502359"
"chr3","64468795","64469097","chr13","32817425","32817728","30","31651370"
"chr3","64491639","64491935","chr3","45626371","45626668","35","18865268"
"chr3","64547141","64547428","chr7","133065043","133065330","40","68517902"
"chr3","64570105","64570402","chr7","106942061","106942360","53","42371956"
"chr3","64656960","64657252","chr13","32817425","32817728","34","31839535"
"chr3","64694994","64695303","chr14","5934954","5935260","41","58760040"
"chr3","64725516","64725799","chr19","12288111","12288395","57","52437405"
"chr3","64745127","64745436","chr4","21053517","21053824","39","43691610"
"chr3","64759381","64759656","chr16","22674519","22674794","39","42084862"
"chr3","64770799","64771082","chr1","128202446","128202737","43","63431647"
"chr3","64824146","64824459","chr3","63552234","63552532","54","1271912"
"chr3","64848294","64848593","chr2","46682521","46682821","51","18165773"
"chr3","64881549","64881836","chr16","63970264","63970553","42","911285"
"chr3","64889711","64890003","chr16","19097444","19097742","43","45792267"
"chr3","64892375","64892681","chr9","20271265","20271563","44","44621110"
"chr3","64914469","64914760","chrX","136104661","136104951","43","71190192"
"chr3","64916306","64916598","chr7","52736490","52736780","37","12179816"
"chr3","64970267","64970577","chr7","26393548","26393855","45","38576719"
"chr3","64974907","64975205","chr13","44802037","44802330","48","20172870"
"chr3","65005882","65006185","chr2","55010925","55011223","38","9994957"
"chr3","65026986","65027290","chr8","95960003","95960299","49","30933017"
"chr3","65251896","65252203","chr16","9091368","9091671","40","56160528"
"chr3","65271566","65271859","chr1","47942809","47943107","46","17328757"
"chr3","65274234","65274509","chr8","40987832","40988114","44","24286402"
"chr3","65308621","65308913","chr7","160252905","160253204","52","94944284"
"chr3","65340568","65340862","chr4","31928114","31928408","37","33412454"
"chr3","65342531","65342827","chr4","4867746","4868041","37","60474785"
"chr3","65378669","65378954","chr4","107911095","107911379","38","42532426"
"chr3","65400556","65400761","chr14","37492406","37492609","31","27908150"
"chr3","65401715","65401801","chr9","15435353","15435439","13","49966362"
"chr3","65417572","65417863","chr14","50817121","50817406","38","14600451"
"chr3","65479975","65480279","chr9","11046146","11046452","44","54433829"
"chr3","65487018","65487318","chrX","20846410","20846706","46","44640608"
"chr3","65512114","65512394","chr4","52805264","52805547","43","12706850"
"chr3","65527601","65527783","chr19","30285492","30285673","41","35242109"
"chr3","65534637","65534953","chr14","11741711","11742022","49","53792926"
"chr3","65546487","65546722","chr12","58284409","58284644","34","7262078"
"chr3","65551301","65551382","chr16","18818112","18818192","21","46733189"
"chr3","65555533","65555819","chr14","55307372","55307665","41","10248161"
"chr3","65574627","65574913","chr16","1651540","1651832","42","63923087"
"chr3","65585467","65585517","chr10","33186818","33186864","14","32398649"
"chr3","65585518","65585638","chr15","6817254","6817367","34","58768264"
"chr3","65616290","65616595","chr18","24005168","24005471","41","41611122"
"chr3","65623046","65623230","chr11","47791902","47792085","50","17831144"
"chr3","65623628","65623718","chr3","36838091","36838180","16","28785537"
"chr3","65627117","65627409","chr3","45626371","45626668","40","20000746"
"chr3","65632345","65632654","chr3","84693107","84693417","40","19060762"
"chr3","65646871","65647175","chr16","59456451","59456754","38","6190420"
"chr3","65651614","65651905","chr2","81991105","81991401","39","16339491"
"chr3","65668367","65668673","chr4","84885115","84885414","41","19216748"
"chr3","65686646","65686907","chr18","50874536","50874793","36","14812110"
"chr3","65690189","65690490","chr4","111697334","111697630","39","46007145"
"chr3","65714107","65714421","chr6","128110448","128110754","42","62396341"
"chr3","65762019","65762331","chr13","43327633","43327946","33","22434386"
"chr3","65809658","65809947","chr10","62315260","62315548","43","3494398"
"chr3","65827921","65828216","chr2","50899131","50899433","49","14928790"
"chr3","66145638","66145935","chr7","107449701","107449997","44","41304063"
"chr3","66202277","66202581","chr13","62636440","62636740","35","3565837"
"chr3","66208063","66208356","chr9","7025626","7025918","36","59182437"
"chr3","66224558","66224859","chr7","106124881","106125180","39","39900323"
"chr3","66412690","66412974","chr1","158198823","158199105","47","91786133"
"chr3","66518591","66518887","chr4","74474905","74475205","45","7956314"
"chr3","66748308","66748574","chr2","49059917","49060182","33","17688391"
"chr3","66802222","66802460","chr1","100959718","100959948","38","34157496"
"chr3","66847627","66847912","chr11","118047382","118047661","54","51199755"
"chr3","67104948","67105224","chr7","12877917","12878207","43","54227031"
"chr3","67170715","67171014","chr12","86662303","86662604","45","19491588"
"chr3","67464964","67465262","chr8","39746050","39746340","46","27718914"
"chr3","67615490","67615800","chr1","44509147","44509453","30","23106343"
"chr3","67656327","67656441","chr4","78752409","78752524","23","11096082"
"chr3","67717167","67717461","chr8","98171511","98171810","49","30454344"
"chr3","67740610","67740912","chr2","55010925","55011223","47","12729685"
"chr3","67822678","67822969","chr3","51376816","51377110","53","16445862"
"chr3","68006725","68007021","chr1","163039410","163039702","54","95032685"
"chr3","68009789","68010077","chr14","7453274","7453561","54","60556515"
"chr3","68086352","68086643","chr14","91519076","91519367","50","23432724"
"chr3","68096019","68096301","chr5","116372124","116372409","58","48276105"
"chr3","68142018","68142304","chr17","11810492","11810782","44","56331526"
"chr3","68178967","68179270","chr20","26401661","26401973","36","41777306"
"chr3","68179481","68179789","chr1","10481686","10481993","42","57697795"
"chr3","68379268","68379573","chr15","86129114","86129421","50","17749846"
"chr3","68393152","68393458","chr5","173702377","173702681","35","105309225"
"chr3","68460220","68460504","chr1","191232237","191232533","57","122772017"
"chr3","68535976","68536259","chr16","45339014","45339298","37","23196962"
"chr3","68688449","68688736","chr7","52736490","52736780","40","15951959"
"chr3","68741769","68742053","chr18","55231021","55231310","46","13510748"
"chr3","68824228","68824535","chr11","4016647","4016949","40","64807581"
"chr3","68998124","68998430","chr10","7892827","7893134","45","61105297"
"chr3","69002300","69002596","chr10","20861365","20861656","50","48140935"
"chr3","69163554","69163863","chr4","38121937","38122246","51","31041617"
"chr3","69759459","69759768","chr9","19850832","19851138","47","49908627"
"chr3","69894087","69894386","chr1","65658284","65658580","45","4235803"
"chr3","69951749","69952039","chr3","169260164","169260459","34","99308415"
"chr3","70007088","70007399","chr17","21654919","21655218","45","48352169"
"chr3","70083992","70084284","chr1","42476755","42477044","41","27607237"
"chr3","70210501","70210795","chr3","45626371","45626668","31","24584130"
"chr3","70246216","70246505","chr11","59744208","59744500","35","10502008"
"chr3","70345200","70345491","chr1","207393339","207393628","39","137048139"
"chr3","70417160","70417455","chr10","56149614","56149908","38","14267546"
"chr3","70535805","70536114","chr2","144423348","144423659","37","73887543"
"chr3","70543590","70543871","chr10","14082708","14082998","47","56460882"
"chr3","70555536","70555747","chr12","18575236","18575452","70","51980300"
"chr3","70566762","70567072","chr1","47297664","47297970","44","23269098"
"chr3","70569688","70569990","chr11","108474262","108474559","43","37904574"
"chr3","70583997","70584287","chr9","7025626","7025918","33","63558371"
"chr3","70587594","70587891","chr3","45626371","45626668","31","24961223"
"chr3","70627905","70628210","chr1","946135","946434","37","69681770"
"chr3","70743995","70744287","chr7","116541236","116541527","42","45797241"
"chr3","70748784","70749083","chr11","118940207","118940502","42","48191423"
"chr3","70913815","70914119","chr3","69228301","69228608","42","1685514"
"chr3","71047242","71047543","chrX","15713155","15713456","38","55334087"
"chr3","71121963","71122259","chr20","57463773","57464064","46","13658190"
"chr3","71156075","71156378","chr3","124597695","124597995","38","53441620"
"chr3","71282733","71283067","chr11","84541385","84541701","66","13258652"
"chr3","71364067","71364309","chr20","4304468","4304705","44","67059599"
"chr3","71394898","71395188","chr4","131374689","131374976","36","59979791"
"chr3","71437052","71437329","chr11","117230690","117230966","39","45793638"
"chr3","71648474","71648624","chr14","108255262","108255413","13","36606788"
"chr3","71674171","71674473","chr6","136733017","136733318","45","65058846"
"chr3","71903789","71904082","chr15","105591428","105591721","40","33687639"
"chr3","71984504","71984753","chr13","125572433","125572680","61","53587929"
"chr3","71984831","71984917","chr14","31980171","31980258","21","40004660"
"chr3","71997607","71997876","chr2","41138574","41138855","55","30859033"
"chr3","72118430","72118713","JH679691","247633","247916","51","71870797"
"chr3","72141131","72141411","chr1","87486899","87487184","48","15345768"
"chr3","72174972","72175265","chr14","73564350","73564640","46","1389378"
"chr3","72204925","72205236","chr1","114716826","114717136","41","42511901"
"chr3","72230237","72230528","chr1","42476755","42477044","38","29753482"
"chr3","72357778","72358074","chr3","34792625","34792919","37","37565153"
"chr3","72720847","72721154","chrX","62793848","62794155","50","9926999"
"chr3","72735341","72735640","chr3","164913166","164913461","33","92177825"
"chr3","72807958","72808209","chr8","76100671","76100906","53","3292713"
"chr3","72881900","72882201","chr15","103362570","103362871","34","30480670"
"chr3","72972926","72973225","chr1","43639311","43639611","33","29333615"
"chr3","73089076","73089357","chr4","36743938","36744205","52","36345138"
"chr3","73122163","73122460","chr2","38884008","38884302","41","34238155"
"chr3","73161280","73161595","chr18","12432850","12433158","51","60728430"
"chr3","73172175","73172475","chr17","20945248","20945548","45","52226927"
"chr3","73260629","73260925","chr3","45626371","45626668","36","27634258"
"chr3","73329006","73329303","chr7","76702865","76703162","39","3373859"
"chr3","73506441","73506722","chrX","28876227","28876510","46","44630214"
"chr3","73522965","73523253","chr10","62315260","62315548","41","11207705"
"chr3","73643862","73644140","chr10","78495717","78496000","38","4851855"
"chr3","73861657","73861797","chr18","24104552","24104687","21","49757105"
"chr3","74023140","74023401","chr3","1997406","1997669","54","72025734"
"chr3","74284367","74284445","chr7","9086730","9086812","13","65197637"
"chr3","74325923","74326215","chr6","145883372","145883658","40","71557449"
"chr3","74405573","74405833","chr15","2641152","2641417","51","71764421"
"chr3","74486127","74486425","chr3","45626371","45626668","33","28859756"
"chr3","74570154","74570449","chr11","59744208","59744500","34","14825946"
"chr3","74670400","74670698","chr6","116662162","116662454","46","41991762"
"chr3","74692301","74692607","chr11","97931937","97932247","52","23239636"
"chr3","74810467","74810753","chrX","134515872","134516158","44","59705405"
"chr3","75030334","75030639","chr1","124050585","124050888","38","49020251"
"chr3","75129599","75129903","chr15","9873078","9873375","45","65256521"
"chr3","75159996","75160300","chr9","52526814","52527115","31","22633182"
"chr3","75160452","75160744","chr1","12375948","12376243","45","62784504"
"chr3","75163363","75163653","chr2","164221122","164221425","40","89057759"
"chr3","75176624","75176915","chr4","111697334","111697630","39","36520710"
"chr3","75213651","75213948","chr19","15097509","15097804","36","60116142"
"chr3","75223423","75223688","chr20","113019","113276","55","75110404"
"chr3","75291755","75292037","chrX","26293788","26294069","42","48997967"
"chr3","75360024","75360301","chr18","48879710","48879982","51","26480314"
"chr3","75366985","75367283","chrX","108065393","108065693","40","32698408"
"chr3","75431457","75431763","chr1","128155382","128155688","39","52723925"
"chr3","75526759","75526988","chr1","100959718","100959948","32","25432959"
"chr3","75533704","75534013","chr7","73560013","73560323","33","1973691"
"chr3","75650485","75650796","chr5","132283553","132283864","45","56633068"
"chr3","75715179","75715475","chr7","90971726","90972022","35","15256547"
"chr3","75736459","75736680","chr2","89593102","89593311","46","13856643"
"chr3","75825400","75825643","chr7","76362259","76362516","55","536859"
"chr3","75887407","75887713","chr3","51854376","51854674","55","24033031"
"chr3","75996335","75996628","chr1","42476755","42477044","48","33519580"
"chr3","76557568","76557858","chrX","16650814","16651100","41","59906754"
"chr3","76653712","76654006","chr12","70142058","70142350","44","6511654"
"chr3","76868268","76868569","chr7","147165636","147165932","44","70297368"
"chr3","76896001","76896217","chr1","200625581","200625798","40","123729580"
"chr3","76940444","76940738","chr1","181687377","181687666","48","104746933"
"chr3","76999438","76999740","chr11","10098018","10098319","31","66901420"
"chr3","77104672","77104966","chr3","40765751","40766031","69","36338921"
"chr3","77157440","77157757","chr3","48298408","48298697","70","28859032"
"chr3","77288489","77288771","chr2","56396477","56396751","51","20892012"
"chr3","77377255","77377562","chr14","5934954","5935260","37","71442301"
"chr3","77426208","77426494","chr5","107341121","107341405","42","29914913"
"chr3","77559099","77559396","chr6","142572268","142572563","48","65013169"
"chr3","77604588","77604878","chr16","18796729","18797022","33","58807859"
"chr3","77664650","77664944","chr1","14143915","14144209","64","63520735"
"chr3","77928191","77928504","chr7","13474578","13474886","43","64453613"
"chr3","77994298","77994606","chr20","36779384","36779686","47","41214914"
"chr3","78045749","78046080","chr15","79116645","79116983","59","1070896"
"chr3","78077165","78077466","chr7","129456939","129457235","46","51379774"
"chr3","78093293","78093575","chr19","645039","645323","37","77448254"
"chr3","78112214","78112495","chrX","20391811","20392099","44","57720403"
"chr3","78319894","78320204","chr9","101100552","101100866","35","22780658"
"chr3","78440580","78440869","chrX","62948145","62948432","44","15492435"
"chr3","78497465","78497768","chr4","111697334","111697630","47","33199869"
"chr3","78514437","78514745","chr2","108203016","108203325","39","29688579"
"chr3","78618774","78619072","chr17","87583600","87583894","54","8964826"
"chr3","78643290","78643589","chr1","128155382","128155688","31","49512092"
"chr3","78810531","78810836","chr1","203673466","203673767","36","124862935"
"chr3","78864185","78864483","chr1","94365322","94365615","45","15501137"
"chr3","78967031","78967329","chr2","55010925","55011223","46","23956106"
"chr3","79039835","79040125","chr1","94365322","94365615","39","15325487"
"chr3","79484397","79484676","chr1","41207729","41208012","42","38276668"
"chr3","79500897","79501212","chr4","75388049","75388359","56","4112848"
"chr3","79619130","79619432","chr13","32817425","32817728","33","46801705"
"chr3","79701225","79701518","chr2","106418670","106418975","47","26717445"
"chr3","79919793","79920031","chr19","48045495","48045740","44","31874298"
"chr3","79959875","79960167","chr5","104722905","104723180","48","24763030"
"chr3","80033786","80034082","chr4","111697334","111697630","44","31663548"
"chr3","80090460","80090756","chr11","65021125","65021416","49","15069335"
"chr3","80108232","80108506","chr9","84610245","84610514","48","4502013"
"chr3","80284672","80284967","chr4","4553985","4554278","55","75730687"
"chr3","80299947","80300251","chr1","94576857","94577167","37","14276910"
"chr3","80415399","80415687","chr3","67174075","67174371","56","13241324"
"chr3","80509927","80510229","chrX","44945036","44945338","47","35564891"
"chr3","80536141","80536422","chr16","45339014","45339298","39","35197127"
"chr3","80566063","80566355","chr16","9278875","9279173","49","71287188"
"chr3","80605479","80605759","chrX","138328962","138329247","47","57723483"
"chr3","80717428","80717555","chr11","119366299","119366427","28","38648871"
"chr3","80742392","80742671","chr13","92441785","92442065","37","11699393"
"chr3","80846503","80846797","chr11","59744208","59744500","30","21102295"
"chr3","80869540","80869841","chr13","62636440","62636740","45","18233100"
"chr3","80879201","80879508","chr9","25603269","25603573","39","55275932"
"chr3","80893361","80893668","chr1","128155382","128155688","37","47262021"
"chr3","80908121","80908424","chr18","4934718","4935018","49","75973403"
"chr3","80909412","80909705","chr10","72394915","72395215","36","8514497"
"chr3","80948713","80948948","chr1","89221195","89221432","38","8272482"
"chr3","80964882","80965180","chr13","32817425","32817728","34","48147457"
"chr3","80969318","80969615","chr17","50740419","50740714","40","30228899"
"chr3","80971918","80972178","chr13","109670592","109670849","37","28698674"
"chr3","80988718","80988988","chr6","171956247","171956509","37","90967529"
"chr3","81003455","81003726","chr5","172955680","172955956","46","91952225"
"chr3","81017417","81017685","chr14","17062282","17062573","61","63955135"
"chr3","81022160","81022457","chr4","150540961","150541258","36","69518801"
"chr3","81065132","81065418","chr8","70343541","70343824","40","10721591"
"chr3","81131274","81131568","chr1","124998618","124998915","32","43867344"
"chr3","81195605","81195913","chr3","107368374","107368683","36","26172769"
"chr3","81266778","81266944","chr1","160301052","160301228","32","79034274"
"chr3","81318437","81318717","chr15","21464395","21464674","41","59854042"
"chr3","81365980","81366210","chr10","32414416","32414650","46","48951564"
"chr3","81502582","81502879","chr7","133510633","133510928","40","52008051"
"chr3","81518214","81518471","chrX","122712517","122712780","42","41194303"
"chr3","81585911","81586214","chr12","51845288","51845587","49","29740623"
"chr3","81716410","81716694","chr15","18305069","18305357","37","63411341"
"chr3","81833751","81833851","chr19","42042703","42042803","19","39791048"
"chr3","81846345","81846639","chrX","117801295","117801592","40","35954950"
"chr3","81899799","81900087","chr10","2288703","2288995","48","79611096"
"chr3","82112071","82112312","chr9","34299383","34299623","35","47812688"
"chr3","82279262","82279554","chr7","52736490","52736780","50","29542772"
"chr3","82354034","82354304","chr6","148651777","148652051","45","66297743"
"chr3","82372792","82373081","chr12","89828990","89829278","44","7456198"
"chr3","82646309","82646575","chrX","58120629","58120892","38","24525680"
"chr3","82687507","82687817","chr16","6949294","6949602","38","75738213"
"chr3","82688611","82688857","chr2","59398576","59398804","47","23290035"
"chr3","82715809","82716090","chr2","184580196","184580486","46","101864387"
"chr3","82805212","82805504","chr10","26800974","26801277","51","56004238"
"chr3","83045212","83045507","chrX","38891205","38891511","55","44154007"
"chr3","83098845","83098942","chr12","69723014","69723114","12","13375831"
"chr3","83113292","83113447","chr19","41127093","41127249","45","41986199"
"chr3","83114313","83114559","chr19","32703204","32703447","47","50411109"
"chr3","83164048","83164340","chr8","16853042","16853331","59","66311006"
"chr3","83235185","83235476","chr3","41188591","41188879","41","42046594"
"chr3","83293219","83293511","chr11","59744208","59744500","35","23549011"
"chr3","83345090","83345389","chr11","39454827","39455131","48","43890263"
"chr3","83353597","83353894","chr1","27872903","27873201","40","55480694"
"chr3","83362602","83362785","chr2","149543187","149543361","40","66180585"
"chr3","83385630","83385860","chr5","848416","848645","37","82537214"
"chr3","83410515","83410795","chr1","190360719","190360980","57","106950204"
"chr3","83412599","83412860","chr1","47626078","47626342","38","35786521"
"chr3","83436563","83436828","chr14","64253785","64254058","50","19182778"
"chr3","83445583","83445868","chr2","149808038","149808322","44","66362455"
"chr3","83470726","83471030","chrX","44962032","44962338","37","38508694"
"chr3","83472114","83472408","chr16","42084268","42084564","44","41387846"
"chr3","83480829","83481120","chr16","9432797","9433079","45","74048032"
"chr3","83506183","83506466","chr16","2686936","2687217","37","80819247"
"chr3","83512310","83512621","chr11","121319694","121320003","48","37807384"
"chr3","83571368","83571663","chr16","21639667","21639964","35","61931701"
"chr3","83581634","83581944","chr16","6949294","6949602","40","76632340"
"chr3","83611943","83612236","chr1","94365322","94365615","32","10753379"
"chr3","83692961","83693290","chr9","111101900","111102231","41","27408939"
"chr3","83715797","83716094","chr12","33900333","33900627","39","49815464"
"chr3","83722632","83722918","chr10","65135251","65135544","42","18587381"
"chr3","83854158","83854388","chr7","121329046","121329267","33","37474888"
"chr3","83972352","83972614","chr2","32300588","32300856","42","51671764"
"chr3","84045160","84045425","chr4","10684175","10684429","46","73360985"
"chr3","84097351","84097459","chr2","158182064","158182167","27","74084713"
"chr3","84113857","84114058","chr1","27999816","28000000","43","56114041"
"chr3","84148717","84149008","chr7","16206849","16207148","40","67941868"
"chr3","84153115","84153410","chr16","21639667","21639964","30","62513448"
"chr3","84165629","84165921","chr3","153471527","153471821","36","69305898"
"chr3","84201463","84201758","chr3","160772561","160772858","42","76571098"
"chr3","84250559","84250856","chr11","66160852","66161149","36","18089707"
"chr3","84260239","84260545","chr20","27776729","27777036","42","56483510"
"chr3","84470184","84470481","chr9","37660178","37660477","42","46810006"
"chr3","84663234","84663529","chr11","3653031","3653328","36","81010203"
"chr3","84789338","84789631","chr2","44513923","44514220","42","40275415"
"chr3","84811543","84811842","chr1","143220195","143220493","34","58408652"
"chr3","84839148","84839432","chr6","142572268","142572563","42","57733120"
"chr3","84841216","84841526","chrX","5949711","5949998","70","78891505"
"chr3","84854544","84854852","chr8","120051374","120051685","43","35196830"
"chr3","84857448","84857713","chr12","84954554","84954828","58","97106"
"chr3","84871546","84871828","chr6","129640298","129640585","49","44768752"
"chr3","84914380","84914677","chr6","142572268","142572563","36","57657888"
"chr3","84915624","84915867","chr3","87423234","87423477","38","2507610"
"chr3","84970789","84971061","chr16","50279212","50279487","42","34691577"
"chr3","84971078","84971387","chr2","186451766","186452061","43","101480688"
"chr3","85046292","85046570","chr1","158576945","158577227","57","73530653"
"chr3","85075797","85076088","chr1","43639311","43639611","39","41436486"
"chr3","85165281","85165583","chr4","132287893","132288193","42","47122612"
"chr3","85376418","85376710","chr9","26133784","26134073","43","59242634"
"chr3","85399365","85399659","chr7","147165636","147165932","45","61766271"
"chr3","85440200","85440511","chr5","99351320","99351625","51","13911120"
"chr3","85507034","85507344","chr5","158536001","158536306","39","73028967"
"chr3","85553915","85554207","chr6","126641819","126642115","52","41087904"
"chr3","85627809","85628100","chr7","116541236","116541527","36","30913427"
"chr3","85675265","85675565","chr19","37113949","37114254","43","48561316"
"chr3","85776281","85776581","chrX","38099288","38099585","36","47676993"
"chr3","85927879","85928164","chr1","65662451","65662746","41","20265428"
"chr3","85958303","85958606","chr19","3064712","3065012","34","82893591"
"chr3","86094509","86094798","chr7","133065043","133065330","36","46970534"
"chr3","86127343","86127439","chr1","140851347","140851436","18","54724004"
"chr3","86141241","86141518","chrX","115646933","115647204","48","29505692"
"chr3","86246228","86246515","chr4","150540961","150541258","45","64294733"
"chr3","86497442","86497731","chr18","31946413","31946703","39","54551029"
"chr3","86536212","86536440","chr7","121329046","121329267","31","34792834"
"chr3","86584261","86584544","chr1","13186406","13186688","43","73397855"
"chr3","86634788","86635090","chr10","82135782","82136083","32","4499006"
"chr3","86697856","86698157","chr3","44293169","44293462","47","42404687"
"chr3","86762867","86763161","chrX","133562721","133563015","37","46799854"
"chr3","86850435","86850738","chr13","32817425","32817728","34","54033010"
"chr3","86925726","86925866","chr2","173035126","173035266","16","86109400"
"chr3","87092525","87092733","chr7","26831792","26831996","27","60260733"
"chr3","87137786","87138077","chr1","30080248","30080540","49","57057538"
"chr3","87180997","87181271","chr2","49059917","49060182","42","38121080"
"chr3","87281284","87281563","chr1","127703616","127703888","47","40422332"
"chr3","87394157","87394282","chr1","191044564","191044686","19","103650407"
"chr3","87526467","87526771","chr1","208474725","208475026","43","120948258"
"chr3","87751321","87751616","chr3","169260164","169260459","37","81508843"
"chr3","87863637","87863930","chr1","64473474","64473765","42","23390163"
"chr3","87880762","87881062","chr1","124050585","124050888","42","36169823"
"chr3","87890571","87890849","chr10","47330984","47331271","45","40559587"
"chr3","88026858","88027160","chr16","10487157","10487432","60","77539701"
"chr3","88160922","88161224","chr11","51914381","51914692","46","36246541"
"chr3","88298524","88298666","chr4","35211838","35211977","27","53086686"
"chr3","88336165","88336452","chr9","36433182","36433480","48","51902983"
"chr3","88344758","88345073","chr4","69092787","69093102","44","19251971"
"chr3","88462742","88463063","chr14","115498753","115499071","47","27036011"
"chr3","88532021","88532274","chr1","184262929","184263173","56","95730908"
"chr3","88576686","88576970","chr1","85129851","85130148","55","3446835"
"chr3","88602220","88602513","chr11","7108677","7108967","42","81493543"
"chr3","88732039","88732343","chr1","124050585","124050888","36","35318546"
"chr3","88829069","88829389","chr20","27704612","27704931","49","61124457"
"chr3","88946756","88947030","chr11","117230690","117230966","35","28283934"
"chr3","89226574","89226900","chr3","12603123","12603437","52","76623451"
"chr3","89244541","89244811","chr14","108589973","108590234","57","19345432"
"chr3","89404802","89405107","chr1","128155382","128155688","31","38750580"
"chr3","89501109","89501404","chrX","106944464","106944762","51","17443355"
"chr3","89570648","89570943","chr15","9895680","9895973","44","79674968"
"chr3","89910523","89910829","chr2","50634219","50634525","49","39276304"
"chr3","90252810","90252932","chr1","136209672","136209795","18","45956862"
"chr3","90300924","90301094","chr16","47452754","47452925","30","42848170"
"chr3","90315306","90315584","chr20","46208805","46209082","46","44106501"
"chr3","90388844","90389140","chr9","56964045","56964341","46","33424799"
"chr3","90483683","90483880","chr6","31004785","31004972","44","59478898"
"chr3","90505169","90505423","chr4","79455473","79455733","35","11049696"
"chr3","90560151","90560452","chr15","107358584","107358891","48","16798433"
"chr3","90599512","90599806","chr11","112817485","112817779","40","22217973"
"chr3","90604864","90605172","chr12","35925032","35925339","59","54679832"
"chr3","90736301","90736591","chr6","144918364","144918646","50","54182063"
"chr3","90752841","90753126","chr1","125312140","125312429","40","34559299"
"chr3","90881280","90881578","chr4","10828530","10828827","46","80052750"
"chr3","91188665","91189013","chr7","117030480","117030769","98","25841815"
"chr3","91207357","91207597","chr7","106517904","106518135","46","15310547"
"chr3","91218037","91218333","chr15","70301540","70301845","48","20916497"
"chr3","91550004","91550243","chr5","133797177","133797424","33","42247173"
"chr3","91555489","91555738","chr1","18086007","18086262","37","73469482"
"chr3","91556035","91556362","chr16","44627207","44627535","58","46928828"
"chr3","91685249","91685494","chr3","13737292","13737527","45","77947957"
"chr3","91784878","91785167","chr8","128366914","128367206","64","36582036"
"chr3","91876681","91876965","chr1","47782231","47782507","48","44094450"
"chr3","92135005","92135250","chr5","92864946","92865209","48","729941"
"chr3","92207194","92207477","chr9","108889025","108889312","46","16681831"
"chr3","92222801","92223102","chr8","100612000","100612295","45","8389199"
"chr3","92508857","92509148","chr10","46893774","46894064","35","45615083"
"chr3","92566624","92566919","chr13","55802317","55802601","53","36764307"
"chr3","92647429","92647723","chr2","50114557","50114856","33","42532872"
"chr3","92704441","92704736","chr11","98154548","98154843","47","5450107"
"chr3","92808233","92808524","chr10","72862379","72862672","38","19945854"
"chr3","93063669","93063965","chr13","85381776","85382074","39","7681893"
"chr3","93119768","93120053","chr16","68364432","68364716","38","24755336"
"chr3","93171810","93172117","chr12","93050835","93051136","46","120975"
"chr3","93177967","93178260","chrX","38190147","38190439","35","54987820"
"chr3","93376855","93377152","chr5","34698498","34698795","51","58678357"
"chr3","93604198","93604494","chr11","48999226","48999522","42","44604972"
"chr3","93607385","93607686","chr8","97965077","97965381","38","4357692"
"chr3","93622915","93623204","chr7","133065043","133065330","34","39442128"
"chr3","93687151","93687442","chr3","48298408","48298697","37","45388743"
"chr3","93713595","93713899","chr13","32817425","32817728","33","60896170"
"chr3","93752259","93752568","chrX","122095835","122096148","40","28343576"
"chr3","93757306","93757607","chrX","62656251","62656552","44","31101055"
"chr3","93759622","93759924","chr18","48465782","48466081","34","45293840"
"chr3","93767328","93767595","chr2","49059917","49060182","37","44707411"
"chr3","93828712","93828978","chr11","47502132","47502410","47","46326580"
"chr3","93889960","93890251","chr7","117030480","117030769","40","23140520"
"chr3","93891595","93891892","chr16","70227258","70227557","39","23664337"
"chr3","94125257","94125548","chr7","90971726","90972022","40","3153531"
"chr3","94129277","94129420","chr1","129498511","129498647","27","35369234"
"chr3","94172958","94173252","chr12","86662303","86662604","45","7510655"
"chr3","94259023","94259180","chr19","48108906","48109066","29","46150117"
"chr3","94409489","94409731","chr7","151776343","151776597","58","57366854"
"chr3","94472894","94473205","chr4","22946800","22947113","49","71526094"
"chr3","94611243","94611518","chr10","84876875","84877163","50","9734368"
"chr3","94670865","94671155","chr1","42476755","42477044","39","52194110"
"chr3","94751644","94751997","chr6","94778971","94779303","67","27327"
"chr3","94758994","94759275","chr3","599816","600100","36","94159178"
"chr3","94799644","94799949","chr8","28037586","28037897","41","66762058"
"chr3","94802629","94802927","chrX","28734753","28735052","38","66067876"
"chr3","94815309","94815565","chr13","108552245","108552502","41","13736936"
"chr3","94848554","94848880","chr3","150902512","150902835","56","56053958"
"chr3","95029559","95029858","chr1","7993999","7994304","37","87035560"
"chr3","95088312","95088607","chr1","128477471","128477761","34","33389159"
"chr3","95089752","95090036","chr15","55848779","55849062","43","39240973"
"chr3","95141011","95141281","chr14","8680117","8680387","42","86460894"
"chr3","95166294","95166585","chr3","134867637","134867930","40","39701343"
"chr3","95181668","95181960","chr1","94365322","94365615","43","816346"
"chr3","95400192","95400477","chr5","162378514","162378792","40","66978322"
"chr3","95562843","95563140","chr9","19850832","19851138","52","75712011"
"chr3","95623461","95623732","chr1","15291446","15291730","52","80332015"
"chr3","95676700","95677000","chr11","132020081","132020383","35","36343381"
"chr3","95740320","95740620","chr19","3064712","3065012","31","92675608"
"chr3","95815294","95815577","chr4","84138262","84138543","45","11677032"
"chr3","95914032","95914324","chr2","96826999","96827292","33","912967"
"chr3","95931164","95931473","chr7","73560013","73560323","36","22371151"
"chr3","96086292","96086555","chr15","55558246","55558501","53","40528046"
"chr3","96161292","96161587","chr8","25582102","25582396","35","70579190"
"chr3","96459125","96459419","chr12","35031886","35032181","35","61427239"
"chr3","96587156","96587450","chr18","54954890","54955184","41","41632266"
"chr3","96801884","96802148","chr11","60614947","60615205","43","36186937"
"chr3","96900032","96900322","chr5","2577333","2577630","37","94322699"
"chr3","97041466","97041750","chr3","13657117","13657396","47","83384349"
"chr3","97042466","97042751","chr7","49431425","49431724","49","47611041"
"chr3","97101843","97102119","chr20","42229503","42229785","45","54872340"
"chr3","97228044","97228352","chr8","40690878","40691181","42","56537166"
"chr3","97271170","97271471","chr1","13865146","13865450","44","83406024"
"chr3","97547491","97547779","chr6","37890779","37891069","44","59656712"
"chr3","97887383","97887674","chr7","11415271","11415567","36","86472112"
"chr3","98002485","98002761","chr1","15291446","15291730","54","82711039"
"chr3","98505819","98506118","chr11","59744208","59744500","35","38761611"
"chr3","98537958","98538257","chr5","86773195","86773496","48","11764763"
"chr3","98633101","98633409","chr9","13752156","13752463","44","84880945"
"chr3","98668756","98668901","chr4","100962210","100962357","28","2293454"
"chr3","98734415","98734712","chr2","38884008","38884302","40","59850407"
"chr3","98850442","98850742","chr2","25722161","25722465","38","73128281"
"chr3","98859069","98859369","chr20","65988551","65988858","53","32870518"
"chr3","98897249","98897564","chr20","26401661","26401973","39","72495588"
"chr3","99103014","99103266","chr13","91721655","91721915","39","7381359"
"chr3","99134017","99134319","chr15","105443720","105444021","45","6309703"
"chr3","99148322","99148611","chr7","150909055","150909346","38","51760733"
"chr3","99150308","99150603","chr4","4867746","4868041","44","94282562"
"chr3","99184792","99185097","chr11","132079042","132079342","46","32894250"
"chr3","99205647","99205940","chr19","29638472","29638768","45","69567175"
"chr3","99211798","99212077","chr19","47662689","47662983","49","51549109"
"chr3","99306985","99307281","chrX","125063482","125063775","49","25756497"
"chr3","99315272","99315587","chr18","12432850","12433158","46","86882422"
"chr3","99338790","99339081","chr2","86592859","86593150","44","12745931"
"chr3","99345382","99345688","chr9","61900736","61901039","37","37444646"
"chr3","99394813","99395102","chr4","25555537","25555833","46","73839276"
"chr3","99411867","99412154","chr1","85450489","85450784","47","13961378"
"chr3","99415996","99416300","chr13","32817425","32817728","42","66598571"
"chr3","99450925","99451214","chr3","83665612","83665903","54","15785313"
"chr3","99480517","99480787","chr1","188472214","188472490","50","88991697"
"chr3","99635323","99635610","chr16","52704448","52704733","50","46930875"
"chr3","99694599","99694925","chr6","31848911","31849235","67","67845688"
"chr3","99730476","99730772","chr8","25582102","25582396","34","74148374"
"chr3","99749792","99750078","chr16","1651540","1651832","49","98098252"
"chr3","99789544","99789832","chr7","133065043","133065330","39","33275499"
"chr3","99790413","99790703","chr3","42179419","42179714","42","57610994"
"chr3","99843506","99843803","chr1","208495775","208496077","38","108652269"
"chr3","100329780","100330092","chr7","77029098","77029406","39","23300682"
"chr3","100375793","100376106","chr15","40266859","40267164","40","60108934"
"chr3","100393313","100393569","chr8","49125627","49125908","65","51267686"
"chr3","100433476","100433788","chr9","109115947","109116257","48","8682471"
"chr3","100645934","100646212","chr8","50233400","50233679","40","50412534"
"chr3","100727767","100728074","chr10","78838030","78838303","74","21889737"
"chr3","100776361","100776671","chr4","13663992","13664285","51","87112369"
"chr3","100911633","100911903","chr5","84460576","84460848","49","16451057"
"chr3","100971157","100971449","chr2","87435713","87436003","42","13535444"
"chr3","101379847","101380157","chr11","4016647","4016949","46","97363200"
"chr3","101385631","101385920","chr1","55704326","55704618","57","45681305"
"chr3","101415535","101415839","chr16","47869063","47869366","40","53546472"
"chr3","101605157","101605443","chr1","124250793","124251086","43","22645636"
"chr3","101638708","101638978","chr13","33944337","33944611","56","67694371"
"chr3","101956516","101956816","chr2","101906055","101906355","34","50461"
"chr3","102043823","102044042","chr7","121329046","121329267","28","19285223"
"chr3","102210427","102210732","chr14","5934954","5935260","34","96275473"
"chr3","102321796","102322103","chr20","49007291","49007596","44","53314505"
"chr3","102359826","102360117","chr9","31646265","31646560","37","70713561"
"chr3","102440661","102440941","chr16","39900088","39900373","65","62540573"
"chr3","102530127","102530431","chr16","12148310","12148607","54","90381817"
"chr3","102569655","102569924","chrX","122712517","122712780","41","20142862"
"chr3","102750423","102750712","chr8","91312269","91312560","48","11438154"
"chr3","102776007","102776302","chr1","127833040","127833336","35","25057033"
"chr3","103241180","103241469","chr1","118003993","118004283","47","14762813"
"chr3","103308006","103308319","chr3","70428561","70428857","55","32879445"
"chr3","103316853","103317154","chr16","66426944","66427243","45","36889909"
"chr3","103331680","103331982","chr4","130615568","130615870","45","27283888"
"chr3","103591251","103591546","chr11","106457327","106457619","46","2866076"
"chr3","103681126","103681400","chr2","48921809","48922082","41","54759317"
"chr3","104066266","104066566","chr15","40266859","40267164","47","63799407"
"chr3","104120575","104120880","chr12","31594155","31594447","54","72526420"
"chr3","104168802","104169110","chrX","14558351","14558659","54","89610451"
"chr3","104220780","104221074","chr7","29612052","29612348","59","74608728"
"chr3","104229801","104230110","chr5","129901152","129901461","46","25671351"
"chr3","104689411","104689669","chr4","40983514","40983792","63","63705897"
"chr3","104729695","104729989","chr5","129356668","129356952","52","24626973"
"chr3","104739518","104739812","chr9","7025626","7025918","30","97713892"
"chr3","104865907","104866198","chr15","61029368","61029660","39","43836539"
"chr3","104889613","104889730","chr7","15728016","15728136","15","89161597"
"chr3","104920568","104920861","chr16","70619220","70619515","40","34301348"
"chr3","104951335","104951635","chr11","4016647","4016949","34","100934688"
"chr3","105002329","105002614","chr10","62315260","62315548","44","42687069"
"chr3","105019350","105019631","chr4","117616854","117617134","35","12597504"
"chr3","105055740","105056044","chr1","124050585","124050888","38","18994845"
"chr3","105111408","105111692","chr6","132179472","132179753","39","27068064"
"chr3","105141089","105141272","chr2","124795357","124795535","38","19654268"
"chr3","105180036","105180336","chr14","53608857","53609166","50","51571179"
"chr3","105459505","105459783","chr15","26878649","26878926","46","78580856"
"chr3","105483125","105483410","chr4","52405012","52405307","43","53078113"
"chr3","105574964","105575265","chr3","98190129","98190426","40","7384835"
"chr3","105680715","105681008","chr13","69541167","69541459","41","36139548"
"chr3","105697780","105698090","chr7","30759610","30759917","52","74938170"
"chr3","105755969","105756272","chr12","51845288","51845587","35","53910681"
"chr3","105788968","105789264","chr18","12269702","12269996","42","93519266"
"chr3","105828119","105828418","chr11","48906551","48906845","42","56921568"
"chr3","105839566","105839851","chr2","144084745","144085032","39","38245179"
"chr3","105873598","105873894","chr3","160772561","160772858","33","54898963"
"chr3","105888785","105889091","chr1","128155382","128155688","40","22266597"
"chr3","105894406","105894692","chr17","23202455","23202744","38","82691951"
"chr3","106002007","106002311","chrX","60892215","60892525","45","45109792"
"chr3","106020864","106021129","chr15","13690450","13690713","34","92330414"
"chr3","106030236","106030513","chr17","6973240","6973514","42","99056996"
"chr3","106059443","106059726","chr6","141406872","141407145","56","35347429"
"chr3","106078143","106078441","chr2","96239962","96240258","42","9838181"
"chr3","106321163","106321462","chr9","7025626","7025918","45","99295537"
"chr3","106401233","106401518","chr16","56312395","56312691","62","50088838"
"chr3","106525875","106526183","chr9","61900736","61901039","39","44625139"
"chr3","106568512","106568807","chr3","40516846","40517141","32","66051666"
"chr3","106573695","106573990","chr4","163892875","163893172","50","57319180"
"chr3","106667608","106667901","chr2","96239962","96240258","31","10427646"
"chr3","106683952","106684239","chr16","42690939","42691229","41","63993013"
"chr3","106784679","106784970","chr2","94343271","94343561","42","12441408"
"chr3","106786641","106786739","chr3","35447060","35447155","14","71339581"
"chr3","106863112","106863408","chr12","69597135","69597433","51","37265977"
"chr3","106917981","106918263","chr6","143287549","143287823","51","36369568"
"chr3","106964008","106964312","chr1","7993999","7994304","39","98970009"
"chr3","107106198","107106484","chr1","30009463","30009748","47","77096735"
"chr3","107132701","107132985","chr3","165097937","165098223","44","57965236"
"chr3","107149696","107149988","chr7","147648063","147648359","43","40498367"
"chr3","107151095","107151399","chr9","85132193","85132498","36","22018902"
"chr3","107171466","107171720","chr18","24980621","24980881","46","82190845"
"chr3","107209247","107209551","chr1","208230438","208230739","44","101021191"
"chr3","107239570","107239852","chr6","143418690","143418972","46","36179120"
"chr3","107269638","107269920","chr19","19582804","19583088","47","87686834"
"chr3","107318698","107318997","chr14","5197108","5197407","37","102121590"
"chr3","107375690","107375993","chr10","29691322","29691619","48","77684368"
"chr3","107478379","107478659","chr9","57023538","57023829","41","50454841"
"chr3","107496460","107496758","chr1","139353240","139353543","39","31856780"
"chr3","107527715","107527827","chr3","15334660","15334776","15","92193055"
"chr3","107653605","107653892","chr10","62315260","62315548","42","45338345"
"chr3","108193923","108194210","chr3","87860767","87861057","39","20333156"
"chr3","108233405","108233708","chr1","208230438","208230739","49","99997033"
"chr3","108234953","108235247","chr17","23859405","23859701","54","84375548"
"chr3","108237213","108237522","chr11","33968956","33969265","46","74268257"
"chr3","108290731","108291045","chr1","1234974","1235297","54","107055757"
"chr3","108332192","108332505","chr2","41645236","41645545","50","66686956"
"chr3","108336866","108337134","chr11","37936841","37937108","39","70400025"
"chr3","108583793","108584099","chr1","19844467","19844774","50","88739326"
"chr3","108637789","108638084","chr1","123919836","123920129","46","15282047"
"chr3","108849113","108849346","chr2","21606697","21606922","53","87242416"
"chr3","108863771","108863879","chr7","112310329","112310436","12","3446558"
"chr3","109127300","109127430","chr2","168215899","168216018","26","59088599"
"chr3","109167986","109168277","chr8","91437935","91438229","40","17730051"
"chr3","109173015","109173289","chr14","56064917","56065194","50","53108098"
"chr3","109231170","109231472","chr2","102989050","102989349","46","6242120"
"chr3","109250999","109251277","chr3","174294606","174294892","53","65043607"
"chr3","109284182","109284485","chr10","78793021","78793318","49","30491161"
"chr3","109383322","109383492","chr1","54201152","54201315","28","55182170"
"chr3","109398980","109399277","chr17","11386033","11386333","40","98012947"
"chr3","109851176","109851485","chr3","13929450","13929758","40","95921726"
"chr3","110302564","110302850","chr2","104291060","104291346","43","6011504"
"chr3","110478748","110479045","chr3","109460308","109460601","42","1018440"
"chr3","110488083","110488374","chr19","35482053","35482349","43","75006030"
"chr3","110567472","110567759","chr12","89828990","89829278","37","20738482"
"chr3","110590896","110590939","chr16","16855763","16855806","5","93735133"
"chr3","110601543","110601828","chr1","79734442","79734737","49","30867101"
"chr3","110630791","110631036","chr11","43896322","43896565","36","66734469"
"chr3","110687663","110687969","chr3","35164529","35164835","41","75523134"
"chr3","110725599","110725894","chr7","52736490","52736780","41","57989109"
"chr3","110746638","110746939","chr9","19850832","19851138","47","90895806"
"chr3","110817207","110817504","chr5","45554897","45555193","45","65262310"
"chr3","110902287","110902594","chr1","124050585","124050888","36","13148298"
"chr3","110912910","110913206","chrX","15713155","15713456","34","95199755"
"chr3","110965483","110965777","chr6","143561531","143561830","43","32596048"
"chr3","110980123","110980451","chr1","17610673","17611001","38","93369450"
"chr3","111032437","111032714","chr14","30544530","30544818","46","80487907"
"chr3","111051845","111052148","chr13","32817425","32817728","31","78234420"
"chr3","111100824","111100901","chr9","99777183","99777260","13","11323641"
"chr3","111145924","111146205","chr3","37000011","37000289","43","74145913"
"chr3","111146406","111146703","chr20","41238880","41239173","45","69907526"
"chr3","111156420","111156677","chr5","137727718","137727978","52","26571298"
"chr3","111191715","111191963","chr10","12259118","12259370","39","98932597"
"chr3","111194112","111194418","chr1","123652137","123652447","51","12458025"
"chr3","111196163","111196467","chr3","124597695","124597995","39","13401532"
"chr3","111219029","111219163","chr18","43383540","43383676","19","67835489"
"chr3","111263257","111263546","chr3","133866579","133866872","50","22603322"
"chr3","111268901","111269207","chr16","23754680","23754985","39","87514221"
"chr3","111269514","111269808","chr1","124250793","124251086","28","12981279"
"chr3","111309306","111309608","chr1","219225924","219226223","45","107916618"
"chr3","111322336","111322625","chr20","17479050","17479338","35","93843286"
"chr3","111341479","111341776","chr1","44950004","44950301","47","66391475"
"chr3","111352376","111352574","chr3","55442622","55442828","49","55909754"
"chr3","111371707","111372013","chr14","61978573","61978866","62","49393134"
"chr3","111373116","111373366","chr2","125505641","125505883","46","14132525"
"chr3","111381189","111381501","chr3","151247948","151248258","39","39866759"
"chr3","111384952","111385245","chr5","46064333","46064622","39","65320619"
"chr3","111385404","111385696","chrX","65137484","65137780","46","46247920"
"chr3","111393529","111393835","chr13","32817425","32817728","31","78576104"
"chr3","111427996","111428292","chr11","126089966","126090263","41","14661970"
"chr3","111434742","111435027","chr13","107792315","107792606","44","3642427"
"chr3","111461953","111462256","chr13","110788062","110788365","34","673891"
"chr3","111471924","111472220","chr8","4659522","4659826","48","106812402"
"chr3","111497837","111497867","chr9","14249083","14249118","11","97248754"
"chr3","111498146","111498362","chr15","87901201","87901412","53","23596945"
"chr3","111583839","111584000","chr6","168710657","168710821","28","57126818"
"chr3","111594813","111595108","chr3","38447004","38447303","46","73147809"
"chr3","111646442","111646749","chr16","46611004","46611288","62","65035438"
"chr3","111846566","111846874","chr2","108203016","108203325","39","3643550"
"chr3","111874056","111874350","chr2","46682521","46682821","36","65191535"
"chr3","111874921","111875224","chrX","40871019","40871321","41","71003902"
"chr3","111906834","111907117","chr8","76439046","76439334","51","35467788"
"chr3","111925491","111925783","chr10","37529627","37529912","45","74395864"
"chr3","111928057","111928371","chr7","37449373","37449676","46","74478684"
"chr3","111971915","111972222","chr2","46682521","46682821","40","65289394"
"chr3","111974701","111975001","chr1","176336541","176336841","45","64361840"
"chr3","112014194","112014499","chr3","51065520","51065823","44","60948674"
"chr3","112109481","112109774","chr11","59744208","59744500","27","52365273"
"chr3","112123455","112123744","chr3","67840688","67840977","39","44282767"
"chr3","112126113","112126190","chr6","66775587","66775666","14","45350526"
"chr3","112156940","112157231","chr15","95926887","95927178","38","16230053"
"chr3","112203803","112204088","chr11","46110133","46110427","43","66093670"
"chr3","112253073","112253378","chr1","7993999","7994304","40","104259074"
"chr3","112338605","112338901","chr4","1591437","1591736","40","110747168"
"chr3","112514842","112515128","chr6","150478906","150479188","47","37964064"
"chr3","112706566","112706846","chr19","48620293","48620583","51","64086273"
"chr3","112839122","112839396","chr7","16206849","16207148","57","96632273"
"chr3","112882866","112883161","chr20","14118712","14119006","52","98764154"
"chr3","112889466","112889757","chr4","34365154","34365445","39","78524312"
"chr3","112948584","112948876","chr9","79342653","79342946","41","33605931"
"chr3","112955507","112955784","chr7","37993091","37993372","40","74962416"
"chr3","112964038","112964329","chr7","90971726","90972022","39","21992312"
"chr3","113544387","113544593","chr7","155860210","155860412","22","42315823"
"chr3","113846626","113846937","chr1","192928162","192928470","49","79081536"
"chr3","113959221","113959514","chr1","124250793","124251086","36","10291572"
"chr3","113982718","113983023","chrX","38891205","38891511","41","75091513"
"chr3","114102566","114102879","chr10","16964344","16964656","41","97138222"
"chr3","114168456","114168747","chr5","71604977","71605269","42","42563479"
"chr3","114226550","114226856","chr7","148791264","148791574","43","34564714"
"chr3","114350445","114350747","chr2","108645873","108646172","47","5704572"
"chr3","114519692","114519900","chr5","48903261","48903472","36","65616431"
"chr3","114548357","114548622","chr15","2641152","2641417","49","111907205"
"chr3","114925205","114925477","chr18","28195934","28196209","39","86729271"
"chr3","115221453","115221756","chr6","124714488","124714790","41","9493035"
"chr3","115318897","115319214","chr4","7560128","7560444","54","107758769"
"chr3","115619567","115619877","chr15","42174254","42174563","37","73445313"
"chr3","115765165","115765451","chr3","15460078","15460370","50","100305087"
"chr3","115832822","115833104","chrX","62948145","62948432","48","52884677"
"chr3","115835072","115835371","chr14","5920273","5920567","41","109914799"
"chr3","115842145","115842469","chr9","1107459","1107764","61","114734686"
"chr3","115913183","115913477","chr10","82945265","82945562","35","32967918"
"chr3","115978695","115978995","chr7","16206849","16207148","47","99771846"
"chr3","116023990","116024246","chr5","44522340","44522595","47","71501650"
"chr3","116405585","116405716","chr4","18435769","18435906","22","97969816"
"chr3","116405835","116405995","chr1","163794170","163794328","29","47388335"
"chr3","116480208","116480514","chr11","9191612","9191920","52","107288596"
"chr3","116533694","116533981","chr3","48298408","48298697","51","68235286"
"chr3","116575063","116575324","chr4","79455473","79455733","35","37119590"
"chr3","116596537","116596815","chr4","20301086","20301372","46","96295451"
"chr3","116624409","116624628","chr3","151807944","151808153","32","35183535"
"chr3","116645251","116645517","chr2","100062378","100062646","43","16582873"
"chr3","116653076","116653379","chr6","75407079","75407386","46","41245997"
"chr3","116736339","116736626","chr3","150424874","150425160","42","33688535"
"chr3","116749575","116749882","chr14","5637621","5637921","55","111111954"
"chr3","116776902","116777191","chr5","52449180","52449473","44","64327722"
"chr3","116801718","116802027","chr2","181253650","181253955","38","64451932"
"chr3","116812444","116812750","JH682036","358126","358421","42","116454318"
"chr3","116823831","116824123","chr9","7025626","7025918","33","109798205"
"chr3","116831722","116831848","chr16","69974379","69974504","15","46857343"
"chr3","116911279","116911575","chr1","124998618","124998915","30","8087339"
"chr3","116988829","116989118","chr9","113525280","113525574","43","3463549"
"chr3","117064687","117064987","chr3","14716135","14716436","42","102348552"
"chr3","117084945","117085201","chr2","88612634","88612907","59","28472311"
"chr3","117332242","117332494","chr14","108589973","108590234","59","8742269"
"chr3","117420738","117421027","chr2","184580196","184580486","52","67159458"
"chr3","117455553","117455851","chr15","21416937","21417235","50","96038616"
"chr3","117459386","117459665","chrX","44211994","44212278","52","73247392"
"chr3","117466369","117466487","chr5","103673334","103673452","14","13793035"
"chr3","117490116","117490385","chr2","165757823","165758089","35","48267707"
"chr3","117500001","117500080","chr6","66775587","66775666","12","50724414"
"chr3","117515590","117515844","chr19","13733028","13733284","43","103782562"
"chr3","117521461","117521755","chr18","12269702","12269996","41","105251759"
"chr3","117582654","117582964","chr7","55027067","55027370","38","62555587"
"chr3","117685802","117686107","chr16","15781566","15781876","42","101904236"
"chr3","117787693","117787780","chr20","41045680","41045765","12","76742013"
"chr3","117846035","117846204","chr16","39383701","39383865","23","78462334"
"chr3","117846891","117847201","chrX","44962032","44962338","37","72884859"
"chr3","117848901","117849189","chr1","204813267","204813556","34","86964366"
"chr3","117931425","117931722","chr2","123712519","123712817","44","5781094"
"chr3","117983782","117984089","chr1","192928162","192928470","40","74944380"
"chr3","118017813","118018105","chr7","106626100","106626390","34","11391713"
"chr3","118032382","118032684","chr1","128114394","128114695","40","10082012"
"chr3","118054355","118054638","chr16","32422732","32423021","47","85631623"
"chr3","118135856","118136149","chr9","7025626","7025918","37","111110230"
"chr3","118156274","118156569","chr7","29585499","29585797","36","88570775"
"chr3","118186232","118186508","chr16","2090775","2091048","35","116095457"
"chr3","118243634","118243925","chr2","144084745","144085032","43","25841111"
"chr3","118271061","118271315","chr4","69040830","69041080","42","49230231"
"chr3","118308405","118308687","chr7","141847588","141847876","47","23539183"
"chr3","118558046","118558348","chr17","15593542","15593839","34","102964504"
"chr3","118612732","118613025","chr15","78953274","78953566","40","39659458"
"chr3","118626824","118627129","chr15","96588502","96588809","37","22038322"
"chr3","118673129","118673252","chr9","43999038","43999162","13","74674091"
"chr3","118693661","118693952","chr14","30574926","30575210","60","88118735"
"chr3","118713525","118713833","chr5","101210540","101210851","42","17502985"
"chr3","118782413","118782703","chr10","73823269","73823565","43","44959144"
"chr3","118796607","118796909","chr15","29522390","29522690","48","89274217"
"chr3","118810413","118810485","chr10","82020402","82020474","17","36790011"
"chr3","118819439","118819727","chr20","51745649","51745944","44","67073790"
"chr3","118838185","118838477","chr16","39491454","39491747","41","79346731"
"chr3","118841244","118841545","chr10","78749019","78749318","44","40092225"
"chr3","118899333","118899637","chr16","63326639","63326940","40","55572694"
"chr3","118909348","118909563","chr13","7850027","7850241","29","111059321"
"chr3","118916672","118916982","chr1","124050585","124050888","45","5133913"
"chr3","118918471","118918754","chr16","1419036","1419322","34","117499435"
"chr3","118920109","118920370","chr5","55932074","55932326","51","62988035"
"chr3","118935558","118935869","chr5","46323000","46323312","41","72612558"
"chr3","118942854","118943156","chr3","98190129","98190426","45","20752725"
"chr3","118952944","118953203","chr10","80538038","80538291","53","38414906"
"chr3","118996471","118996750","chrX","65477408","65477681","39","53519063"
"chr3","119001440","119001734","chr7","55321106","55321405","60","63680334"
"chr3","119016233","119016535","chr13","125134336","125134638","38","6118103"
"chr3","119020917","119021216","chr11","48688936","48689238","43","70331981"
"chr3","119030411","119030705","chr17","18936108","18936402","44","100094303"
"chr3","119043308","119043595","chr14","17713267","17713556","31","101330041"
"chr3","119044599","119044952","chr11","64440364","64440673","73","54604235"
"chr3","119073757","119074066","chr1","21642415","21642734","58","97431342"
"chr3","119101763","119102070","chr6","142572268","142572563","50","23470505"
"chr3","119164241","119164591","chr1","188682239","188682601","79","69517998"
"chr3","119168137","119168427","chr15","101493605","101493896","36","17674532"
"chr3","119202686","119202980","chr3","45626371","45626668","33","73576315"
"chr3","119278288","119278588","chr3","10482926","10483222","46","108795362"
"chr3","119319815","119320120","chr7","79162591","79162900","48","40157224"
"chr3","119381536","119381835","chr8","25582102","25582396","36","93799434"
"chr3","119407966","119408259","chr2","99912559","99912856","47","19495407"
"chr3","119561015","119561308","chr4","104215514","104215807","32","15345501"
"chr3","119812719","119813024","chr4","42866053","42866357","41","76946666"
"chr3","119869852","119870153","chr16","9278875","9279173","40","110590977"
"chr3","119934480","119934785","chr1","11700834","11701140","41","108233646"
"chr3","120036597","120036875","chr9","84372000","84372280","42","35664597"
"chr3","120116869","120117150","chr20","10958775","10959070","49","109158094"
"chr3","120121400","120121705","chr19","41894550","41894851","52","78226850"
"chr3","120280922","120281221","chr9","34420241","34420538","39","85860681"
"chr3","120317661","120317936","chr2","68809203","68809491","43","51508458"
"chr3","120417578","120417842","chr11","7911759","7912023","57","112505819"
"chr3","120492387","120492686","chr3","109460308","109460601","48","11032079"
"chr3","120578900","120579204","chr19","24212554","24212862","35","96366346"
"chr3","120756557","120756851","chr7","120310502","120310798","34","446055"
"chr3","120771712","120772014","chr10","62200712","62201010","55","58571000"
"chr3","120838178","120838486","chr13","43327633","43327946","39","77510545"
"chr3","120882373","120882673","chrX","112813486","112813786","50","8068887"
"chr3","120978377","120978681","chr6","173068926","173069228","45","52090549"
"chr3","121013475","121013780","chrX","50590903","50591201","52","70422572"
"chr3","121029210","121029506","chr1","134086312","134086610","33","13057102"
"chr3","121072609","121072912","chr1","217431297","217431601","40","96358688"
"chr3","121302019","121302312","chr3","46603061","46603354","41","74698958"
"chr3","121306665","121306972","chr1","7993999","7994304","47","113312666"
"chr3","121338616","121338909","chr10","46406416","46406717","47","74932200"
"chr3","121448152","121448447","chr7","133065043","133065330","29","11616891"
"chr3","121456550","121456856","chr7","16104520","16104822","45","105352030"
"chr3","121501255","121501561","chr16","49861297","49861598","45","71639958"
"chr3","121555068","121555361","chr2","84844754","84845049","36","36710314"
"chr3","121559862","121560138","chr3","151380668","151380942","38","29820806"
"chr3","121621117","121621412","chr16","24435726","24436025","38","97185391"
"chr3","121627434","121627745","chr4","56503347","56503657","41","65124087"
"chr3","121641929","121642235","chrX","15713155","15713456","39","105928774"
"chr3","121642246","121642503","chr3","1997406","1997669","46","119644840"
"chr3","121648227","121648541","chr13","24550040","24550347","46","97098187"
"chr3","121685183","121685489","chr10","46007696","46008002","46","75677487"
"chr3","121702250","121702518","chr9","36910957","36911223","43","84791293"
"chr3","121746741","121747033","chr14","112917670","112917969","51","8829071"
"chr3","121940915","121941244","chr20","16089901","16090219","59","105851014"
"chr3","122001054","122001340","chr4","4064474","4064764","40","117936580"
"chr3","122075286","122075576","chr7","133065043","133065330","33","10989757"
"chr3","122324862","122325158","chr3","66701770","66702068","37","55623092"
"chr3","122366579","122366869","chr1","57946363","57946656","49","64420216"
"chr3","122410761","122411048","chr11","131492005","131492296","37","9081244"
"chr3","122597369","122597663","chr1","94365322","94365615","35","28232047"
"chr3","122668317","122668610","chr17","83808601","83808892","36","38859716"
"chr3","122691208","122691519","chr13","26382702","26383010","44","96308506"
"chr3","122756146","122756456","chr7","119075937","119076243","47","3680209"
"chr3","122800900","122801150","chr10","80538038","80538291","59","42262862"
"chr3","123038779","123039091","chr13","23501079","23501388","39","99537700"
"chr3","123416414","123416630","chr6","143514666","143514896","45","20098252"
"chr3","123599204","123599504","chr10","71196268","71196562","44","52402936"
"chr3","123632298","123632595","chr1","185101023","185101330","39","61468725"
"chr3","123661497","123661807","chr6","157477970","157478279","52","33816473"
"chr3","123722431","123722726","chr9","20941332","20941626","31","102781099"
"chr3","123727655","123727936","chr4","131374689","131374976","43","7647034"
"chr3","123757819","123758118","chr15","34659657","34659956","49","89098162"
"chr3","123773779","123774068","chr2","38884008","38884302","51","84889771"
"chr3","123789537","123789832","chr2","44513923","44514220","44","79275614"
"chr3","123806868","123807170","chr11","89115091","89115391","59","34691777"
"chr3","123816007","123816314","chr11","83053494","83053794","47","40762513"
"chr3","123820661","123820958","chr1","18852431","18852735","52","104968230"
"chr3","123823277","123823593","chr1","128202446","128202737","62","4379169"
"chr3","123826337","123826628","chr10","73837427","73837714","55","49988910"
"chr3","123858440","123858735","chr6","136085926","136086220","48","12227486"
"chr3","123862075","123862358","chr8","40987832","40988114","46","82874243"
"chr3","123911685","123911987","chr12","48247451","48247755","32","75664234"
"chr3","123938158","123938453","chr7","151979566","151979860","37","28041408"
"chr3","123948019","123948309","chr2","184580196","184580486","51","60632177"
"chr3","123964847","123965150","chr1","19736141","19736436","50","104228706"
"chr3","123967820","123967966","JH680149","4","149","23","123967816"
"chr3","124033832","124034114","chr6","57093643","57093937","49","66940189"
"chr3","124038912","124039179","chr9","68885430","68885693","48","55153482"
"chr3","124043047","124043341","chr1","43483243","43483537","40","80559804"
"chr3","124208318","124208599","chr7","30266417","30266699","44","93941901"
"chr3","124291977","124292257","chr11","93641943","93642225","41","30650034"
"chr3","124687155","124687448","chrX","109211107","109211398","36","15476048"
"chr3","124707315","124707664","chr11","124295589","124295933","69","411726"
"chr3","124712490","124712810","chr8","88676366","88676678","42","36036124"
"chr3","124825946","124826247","chr20","26717586","26717886","36","98108360"
"chr3","124844649","124844949","chr18","12432850","12433158","71","112411799"
"chr3","125079136","125079426","chr4","4553985","4554278","42","120525151"
"chr3","125083986","125084172","chr3","41480913","41481098","37","83603073"
"chr3","125089421","125089663","chr16","44892798","44893041","38","80196623"
"chr3","125106597","125106812","chr6","61779025","61779240","30","63327572"
"chr3","125131842","125132140","chr9","88361799","88362089","100","36770043"
"chr3","125202542","125202646","chr3","160368626","160368728","25","35166084"
"chr3","125316206","125316474","chr8","52546605","52546870","49","72769601"
"chr3","125359249","125359345","chr1","121174855","121174956","24","4184394"
"chr3","125450877","125451131","chr12","12569870","12570143","60","112881007"
"chr3","125553876","125554158","chr14","89019070","89019353","48","36534806"
"chr3","125559738","125560040","chrX","120074140","120074440","45","5485598"
"chr3","125573513","125573731","chr15","39576266","39576471","48","85997247"
"chr3","125630850","125631169","chr11","36769212","36769521","45","88861638"
"chr3","125660843","125661149","chr9","19850832","19851138","39","105810011"
"chr3","125664662","125664966","chr15","35190462","35190761","50","90474200"
"chr3","125849799","125850088","chr3","24783656","24783946","44","101066143"
"chr3","125850480","125850771","chr7","38372929","38373220","33","87477551"
"chr3","125890666","125890924","chr1","94624560","94624820","43","31266106"
"chr3","125984675","125984976","chr11","10098018","10098319","34","115886657"
"chr3","126033861","126034143","chr16","45339014","45339298","40","80694847"
"chr3","126172924","126173235","chr1","7993999","7994304","39","118178925"
"chr3","126296861","126297157","chr4","102446975","102447260","48","23849886"
"chr3","126418066","126418335","chr13","52859457","52859727","39","73558609"
"chr3","126471152","126471455","chr2","46682521","46682821","33","79788631"
"chr3","126479261","126479519","chr11","59745076","59745331","48","66734185"
"chr3","126486373","126486676","chrX","44962032","44962338","44","81524341"
"chr3","126568087","126568391","chr6","157477970","157478279","45","30909883"
"chr3","126734381","126734662","chr8","90463712","90464008","54","36270669"
"chr3","126980787","126981083","chr2","90488784","90489082","32","36492003"
"chr3","127077316","127077619","chr13","32817425","32817728","32","94259891"
"chr3","127133167","127133438","chrX","142987651","142987926","59","15854484"
"chr3","127168264","127168555","chr8","50618249","50618537","53","76550015"
"chr3","127205627","127205923","chrX","59921253","59921548","42","67284374"
"chr3","127266639","127266846","chr8","50476021","50476227","29","76790618"
"chr3","127281157","127281459","chr5","173702377","173702681","49","46421220"
"chr3","127606341","127606656","chr4","32666294","32666610","42","94940047"
"chr3","127608448","127608753","chr9","25603269","25603573","36","102005179"
"chr3","127671535","127671873","chr15","72869264","72869603","44","54802271"
"chr3","127801774","127802004","chrX","65566054","65566285","54","62235720"
"chr3","127842803","127843085","chr3","14371522","14371805","35","113471281"
"chr3","127865146","127865484","chr19","43268239","43268571","76","84596907"
"chr3","127906759","127907059","chr10","69362565","69362872","51","58544194"
"chr3","127930794","127931095","chr1","946135","946434","43","126984659"
"chr3","128064367","128064684","chr13","23501079","23501388","47","104563288"
"chr3","128146051","128146314","chr4","79455473","79455733","46","48690578"
"chr3","128214670","128214965","chr2","178187197","178187490","44","49972527"
"chr3","128283385","128283591","chr7","155860210","155860412","28","27576825"
"chr3","128826577","128826875","chr6","74032884","74033188","56","54793693"
"chr3","128827916","128828194","chr16","4550887","4551163","53","124277029"
"chr3","128839353","128839655","chr1","43639311","43639611","41","85200042"
"chr3","128965696","128965989","chr2","184580196","184580486","46","55614500"
"chr3","129027961","129028248","chr9","37613139","37613425","44","91414822"
"chr3","129028924","129029216","chr15","101493605","101493896","49","27535319"
"chr3","129075288","129075592","chr11","131155318","131155633","56","2080030"
"chr3","129160028","129160330","chrX","38891205","38891511","43","90268823"
"chr3","129185389","129185680","chr5","157499561","157499861","44","28314172"
"chr3","129295839","129296127","chr6","10703058","10703335","58","118592781"
"chr3","129302175","129302485","chr5","58207003","58207313","48","71095172"
"chr3","129360165","129360464","chr4","2968205","2968507","38","126391960"
"chr3","129511198","129511504","chrX","50854497","50854801","44","78656701"
"chr3","129666516","129666633","chr7","130657353","130657466","19","990837"
"chr3","129679191","129679498","chrX","122095835","122096148","37","7583356"
"chr3","129705235","129705445","chr14","7473592","7473802","60","122231643"
"chr3","129738438","129738757","chr8","121505496","121505808","57","8232942"
"chr3","129755585","129755880","chr19","24730884","24731177","54","105024701"
"chr3","129778572","129778878","chr12","14160828","14161134","48","115617744"
"chr3","129794622","129794921","chr3","38765154","38765450","47","91029468"
"chr3","129885001","129885145","chr8","65998403","65998545","32","63886598"
"chr3","129967956","129968262","chr13","32817425","32817728","38","97150531"
"chr3","130009135","130009422","chr9","70222388","70222681","51","59786747"
"chr3","130039930","130040030","chr7","123655830","123655928","13","6384100"
"chr3","130040034","130040295","chr2","138111438","138111703","57","8071404"
"chr3","130123318","130123603","chr3","94795716","94795998","42","35327602"
"chr3","130260510","130260807","chr4","19757773","19758068","48","110502737"
"chr3","130385330","130385631","chr16","70227258","70227557","51","60158072"
"chr3","130449142","130449449","chr7","73560013","73560323","41","56889129"
"chr3","130451496","130451750","chr4","79455473","79455733","41","50996023"
"chr3","130470933","130471234","chr2","126433678","126433974","58","4037255"
"chr3","130595921","130596217","chr11","10098018","10098319","34","120497903"
"chr3","130680525","130680833","chr6","128110448","128110754","48","2570077"
"chr3","130711486","130711751","chr16","50713759","50714028","52","79997727"
"chr3","130875858","130876145","chr1","124250793","124251086","45","6625065"
"chr3","131354864","131355149","chr15","41303117","41303404","46","90051747"
"chr3","131478369","131478670","chr6","153729609","153729913","40","22251240"
"chr3","131747282","131747586","chr16","2608841","2609145","46","129138441"
"chr3","131782268","131782560","chrX","123457402","123457697","45","8324866"
"chr3","131830487","131830765","chr10","48437959","48438233","51","83392528"
"chr3","131911015","131911309","chr2","77735973","77736266","40","54175042"
"chr3","131959149","131959454","chr15","37754984","37755288","52","94204165"
"chr3","131969755","131970052","chr1","48444023","48444319","41","83525732"
"chr3","132022858","132023161","chr11","111650237","111650541","33","20372621"
"chr3","132061204","132061523","chrX","137765287","137765594","58","5704083"
"chr3","132266778","132267079","chr13","61259817","61260123","33","71006961"
"chr3","132276962","132277246","chr16","44203969","44204255","35","88072993"
"chr3","132293840","132294123","chr2","41138574","41138855","54","91155266"
"chr3","132305748","132306061","chrX","15713155","15713456","48","116592593"
"chr3","132385929","132386237","chr9","61900736","61901039","41","70485193"
"chr3","132407594","132407868","chr6","14908506","14908785","36","117499088"
"chr3","132492040","132492324","chr8","50108034","50108325","45","82384006"
"chr3","132496765","132497004","chr17","79470487","79470735","41","53026278"
"chr3","132575654","132575968","chr4","75388049","75388359","53","57187605"
"chr3","132759106","132759414","chr18","51183412","51183721","41","81575694"
"chr3","132831638","132831925","chr20","12900328","12900614","50","119931310"
"chr3","132879680","132879968","chr4","146002444","146002724","61","13122764"
"chr3","133136583","133136868","chr3","46165413","46165699","41","86971170"
"chr3","133349925","133350216","chr1","128477471","128477761","49","4872454"
"chr3","133586843","133587128","chr11","60041051","60041343","43","73545792"
"chr3","133665200","133665508","chr18","51183412","51183721","39","82481788"
"chr3","133711475","133711771","chr9","111691034","111691341","63","22020441"
"chr3","133725710","133726010","chr4","40995678","40995988","53","92730032"
"chr3","133794088","133794372","chr2","92704027","92704304","55","41090061"
"chr3","133859988","133860293","chr6","31393353","31393656","58","102466635"
"chr3","133895937","133896207","chr5","142498060","142498319","65","8602123"
"chr3","134108265","134108399","chr9","12890266","12890398","15","121217999"
"chr3","134148721","134149021","chr3","3535274","3535567","56","130613447"
"chr3","134243279","134243573","chr11","59744208","59744500","31","74499071"
"chr3","134420661","134420924","chr10","17969741","17970009","43","116450920"
"chr3","134806219","134806467","chr17","90912388","90912633","50","43893831"
"chr3","134813854","134814076","chr11","51309459","51309693","46","83504395"
"chr3","134881087","134881350","chr16","2090775","2091048","54","132790312"
"chr3","134963239","134963531","chr7","133065043","133065330","51","1898196"
"chr3","134983232","134983542","chr5","81950527","81950835","38","53032705"
"chr3","135037551","135037844","chr1","85450489","85450784","47","49587062"
"chr3","135172817","135172983","chr3","14928431","14928603","32","120244386"
"chr3","135173479","135173602","chr5","90175505","90175623","25","44997974"
"chr3","135173670","135173787","chr18","33375109","33375226","26","101798561"
"chr3","135268182","135268482","chr11","8138169","8138470","38","127130013"
"chr3","135371436","135371743","chr14","5934954","5935260","45","129436482"
"chr3","135546386","135546689","chr2","44513923","44514220","54","91032463"
"chr3","135580125","135580424","chr11","59744208","59744500","34","75835917"
"chr3","135632883","135633182","chr3","45626371","45626668","37","90006512"
"chr3","135639853","135640149","chr2","73070385","73070678","41","62569468"
"chr3","135726277","135726556","chr1","56995657","56995937","48","78730620"
"chr3","135813875","135814159","chrX","61173730","61174015","38","74640145"
"chr3","135820823","135821105","chr9","25979233","25979509","45","109841590"
"chr3","135924805","135925101","chr14","15577285","15577579","43","120347520"
"chr3","136212795","136213079","chr11","123468792","123469074","44","12744003"
"chr3","136266801","136267092","chr1","67368758","67369056","42","68898043"
"chr3","136367106","136367411","chrX","38891205","38891511","31","97475901"
"chr3","136425015","136425306","chr18","2225742","2226032","36","134199273"
"chr3","136470356","136470644","chr1","41172748","41173008","78","95297608"
"chr3","136518783","136519050","chr2","100062378","100062646","46","36456405"
"chr3","136527928","136528237","chr3","98185465","98185772","50","38342463"
"chr3","136532783","136533088","chr18","26757177","26757480","42","109775606"
"chr3","136549721","136549917","chr15","38116945","38117123","44","98432776"
"chr3","136550080","136550195","chr1","217348431","217348545","23","80798351"
"chr3","136570356","136570645","chr14","111877236","111877529","34","24693120"
"chr3","136573942","136574232","chr12","98300764","98301051","38","38273178"
"chr3","136576089","136576384","chr9","79342653","79342946","38","57233436"
"chr3","136601427","136601719","chr5","71604977","71605269","33","64996450"
"chr3","136649969","136650251","chr15","83740001","83740291","48","52909968"
"chr3","136651587","136651892","chr16","20356273","20356575","37","116295314"
"chr3","136675097","136675399","chr1","208495775","208496077","43","71820678"
"chr3","136675401","136675699","chr1","11995969","11996267","46","124679432"
"chr3","136707596","136707904","chr11","3653031","3653328","43","133054565"
"chr3","136710645","136710933","chr5","34504261","34504542","47","102206384"
"chr3","136722722","136722965","chr11","97593194","97593447","44","39129528"
"chr3","136728275","136728582","chr19","3064712","3065012","35","133663563"
"chr3","136730878","136731152","chr3","152822996","152823281","47","16092118"
"chr3","136753732","136753974","chr11","97593194","97593447","42","39160538"
"chr3","136759725","136759996","chr6","68453365","68453643","57","68306360"
"chr3","136775316","136775619","chr6","168194282","168194581","41","31418966"
"chr3","136815515","136815810","chr15","1988979","1989274","34","134826536"
"chr3","136815993","136816281","chr2","184580196","184580486","50","47764203"
"chr3","136828901","136829165","chr11","7911759","7912023","38","128917142"
"chr3","136878443","136878699","chr4","24804662","24804922","37","112073781"
"chr3","136902819","136903111","chr11","92684491","92684793","36","44218328"
"chr3","136964473","136964760","chr5","99829726","99830013","43","37134747"
"chr3","137010840","137011136","chr6","52480201","52480494","38","84530639"
"chr3","137106733","137107045","chr18","36700162","36700474","40","100406571"
"chr3","137128215","137128509","chr5","2577333","2577630","40","134550882"
"chr3","137134665","137134996","chr13","120039401","120039729","45","17095264"
"chr3","137336384","137336680","chrX","15713155","15713456","34","121623229"
"chr3","137339365","137339654","chr3","47058437","47058727","38","90280928"
"chr3","137346073","137346384","chr11","2786416","2786725","48","134559657"
"chr3","137475497","137475757","chr6","143287549","143287823","50","5812052"
"chr3","137524071","137524372","chr14","5934954","5935260","40","131589117"
"chr3","137526249","137526540","chr3","164913166","164913461","54","27386917"
"chr3","137571922","137572225","chr1","29302115","29302413","45","108269807"
"chr3","137587001","137587279","chrX","61173730","61174015","37","76413271"
"chr3","137648378","137648671","chr20","45425318","45425611","42","92223060"
"chr3","137671976","137672269","chr18","54954890","54955184","36","82717086"
"chr3","137740530","137740811","chr16","52704448","52704733","41","85036082"
"chr3","137745103","137745401","chr11","123390509","123390805","51","14354594"
"chr3","137803335","137803631","chr9","7025626","7025918","36","130777709"
"chr3","137891181","137891324","chr4","35211838","35211977","26","102679343"
"chr3","137892756","137892916","chr8","110756774","110756940","28","27135982"
"chr3","137913043","137913327","chr9","116393632","116393917","53","21519411"
"chr3","138052593","138052899","chr6","71714754","71715057","35","66337839"
"chr3","138058542","138058678","chr7","158766504","158766640","16","20707962"
"chr3","138083458","138083742","chr19","11029603","11029885","45","127053855"
"chr3","138187011","138187297","chr13","114890094","114890384","43","23296917"
"chr3","138207315","138207437","chr8","75401438","75401550","27","62805877"
"chr3","138209298","138209598","chr10","81444150","81444452","44","56765148"
"chr3","138223675","138223921","chr2","88599150","88599386","55","49624525"
"chr3","138252669","138252977","chr16","54321303","54321613","37","83931366"
"chr3","138278457","138278754","chr6","162964222","162964519","45","24685765"
"chr3","138320277","138320574","chr11","59744208","59744500","31","78576069"
"chr3","138419776","138420070","chr15","22561456","22561749","35","115858320"
"chr3","138508920","138509206","chr13","26338117","26338407","40","112170803"
"chr3","138642116","138642415","chr15","96901033","96901327","52","41741083"
"chr3","138821362","138821627","chr18","40525599","40525859","45","98295763"
"chr3","138952557","138952816","chr15","8408386","8408643","43","130544171"
"chr3","138967484","138967785","chr20","66405616","66405920","46","72561868"
"chr3","138987986","138988279","chr1","91521758","91522057","44","47466228"
"chr3","138994845","138995153","chr7","25035681","25035984","44","113959164"
"chr3","139023842","139024131","chr11","31474490","31474785","44","107549352"
"chr3","139143431","139143733","chr6","66901893","66902192","38","72241538"
"chr3","139222987","139223290","chr4","31017666","31017967","37","108205321"
"chr3","139230716","139231023","chr5","171657301","171657602","44","32426585"
"chr3","139240660","139240942","chr1","29686701","29686985","54","109553959"
"chr3","139301359","139301649","chr2","77570141","77570429","41","61731218"
"chr3","139351615","139351914","chr7","101853697","101853997","48","37497918"
"chr3","139352664","139352961","chr7","42322916","42323215","37","97029748"
"chr3","139387767","139388050","chr16","63970264","63970553","41","75417503"
"chr3","139418062","139418325","chr3","161438473","161438726","63","22020411"
"chr3","139419414","139419555","chr6","113054997","113055139","21","26364417"
"chr3","139428118","139428385","chr7","120051776","120052057","54","19376342"
"chr3","139440821","139441135","chr2","144423348","144423659","47","4982527"
"chr3","139446706","139446791","chr8","40950942","40951028","16","98495764"
"chr3","139545196","139545499","chr19","3064712","3065012","39","136480484"
"chr3","139547538","139547832","chr2","55010925","55011223","42","84536613"
"chr3","139616521","139616817","chr18","54954890","54955184","40","84661631"
"chr3","139637805","139638076","chr19","44121713","44121997","49","95516092"
"chr3","139740099","139740403","chr2","168564679","168564973","48","28824580"
"chr3","139742892","139743200","chr20","14356272","14356579","43","125386620"
"chr3","139781291","139781587","chr15","7561500","7561795","34","132219791"
"chr3","139865713","139865929","chr1","24229017","24229233","32","115636696"
"chr3","139891885","139892191","chr11","10098018","10098319","40","129793867"
"chr3","139902046","139902323","chr20","42229503","42229785","44","97672543"
"chr3","139951935","139952219","chr13","54441045","54441338","54","85510890"
"chr3","140017892","140018090","chr7","155860210","155860412","40","15842318"
"chr3","140052479","140052767","chr12","39093410","39093701","43","100959069"
"chr3","140063853","140064153","chr16","49586323","49586622","38","90477530"
"chr3","140140329","140140613","chr15","81658137","81658411","46","58482192"
"chr3","140175187","140175494","chr7","77008436","77008740","38","63166751"
"chr3","140179572","140179874","chr4","150540961","150541258","43","10361389"
"chr3","140221773","140222063","chr16","44203969","44204255","40","96017804"
"chr3","140224485","140224787","chr10","70335100","70335400","45","69889385"
"chr3","140488151","140488444","chr11","108474262","108474559","38","32013889"
"chr3","140703570","140703883","chrX","38891205","38891511","51","101812365"
"chr3","140718771","140719061","chr12","68223568","68223860","36","72495203"
"chr3","140727574","140727876","chr1","56720485","56720794","46","84007089"
"chr3","140749138","140749484","chr8","5972615","5972954","69","134776523"
"chr3","140771991","140772346","chr8","43871928","43872251","106","96900063"
"chr3","140773213","140773520","chr13","32817425","32817728","45","107955788"
"chr3","141049680","141049973","chr13","25232626","25232918","35","115817054"
"chr3","141108709","141108997","chr8","94437700","94437985","55","46671009"
"chr3","141521885","141522173","chr3","46165413","46165699","41","95356472"
"chr3","141673732","141674033","chr2","55010925","55011223","34","86662807"
"chr3","141763190","141763428","chr1","100959718","100959948","41","40803472"
"chr3","141820993","141821146","chrX","25848795","25848947","34","115972198"
"chr3","141900794","141901089","chrX","109069195","109069499","42","32831599"
"chr3","141905119","141905404","chr1","129924466","129924761","45","11980653"
"chr3","141932338","141932639","chrX","27694686","27694979","44","114237652"
"chr3","141990535","141990817","chrX","5949711","5949998","55","136040824"
"chr3","142119151","142119447","chr4","31017666","31017967","35","111101485"
"chr3","142126926","142127226","chr1","22023132","22023434","31","120103794"
"chr3","142153763","142154054","chr15","22561456","22561749","37","119592307"
"chr3","142172256","142172551","chr6","126513888","126514183","45","15658368"
"chr3","142195992","142196249","chr20","23378215","23378467","46","118817777"
"chr3","142274019","142274324","chr1","208495775","208496077","32","66221756"
"chr3","142284081","142284376","chr1","40659470","40659761","36","101624611"
"chr3","142357733","142358029","chr1","24578292","24578597","56","117779441"
"chr3","142397462","142397762","chr2","82586920","82587221","43","59810542"
"chr3","142435640","142435912","chr11","88966345","88966635","57","53469295"
"chr3","142481070","142481356","chr6","56451711","56452003","44","86029359"
"chr3","142573027","142573331","chr3","8737956","8738254","38","133835071"
"chr3","142633003","142633305","chr13","125134336","125134638","33","17498667"
"chr3","142694289","142694584","chrX","108069512","108069807","36","34624777"
"chr3","142850668","142850948","chr10","62315260","62315548","48","80535408"
"chr3","142887182","142887478","chr3","45626371","45626668","33","97260811"
"chr3","142972540","142972806","chr1","64811514","64811776","59","78161026"
"chr3","143140917","143141212","chr5","135892746","135893042","37","7248171"
"chr3","143166802","143167103","chr5","34488672","34488979","39","108678130"
"chr3","143295139","143295405","chr1","190360719","190360980","41","47065580"
"chr3","143402940","143403261","chr4","31191930","31192235","67","112211010"
"chr3","143510786","143511103","chr8","4572403","4572704","40","138938383"
"chr3","143606614","143606907","chr7","159886818","159887115","45","16280204"
"chr3","143707322","143707617","chr4","17226775","17227063","52","126480547"
"chr3","143787118","143787407","chr8","118107840","118108131","56","25679278"
"chr3","143787562","143787679","chr13","13692390","13692506","22","130095172"
"chr3","143787864","143788011","chr11","109403285","109403436","29","34384579"
"chr3","143813576","143813881","chr11","121438701","121439000","62","22374875"
"chr3","143860032","143860334","chr9","93670741","93671037","42","50189291"
"chr3","143864875","143865162","chr16","54181082","54181369","56","89683793"
"chr3","143940111","143940357","chr1","181674763","181675009","44","37734652"
"chr3","143951644","143951947","chrX","28734753","28735052","39","115216891"
"chr3","144079550","144079843","chr1","57946363","57946656","43","86133187"
"chr3","144141052","144141336","chr8","96528890","96529171","50","47612162"
"chr3","144239589","144239892","chr4","14949121","14949425","44","129290468"
"chr3","144265554","144265848","chr11","59744208","59744500","32","84521346"
"chr3","144276685","144276996","chr16","54141366","54141673","53","90135319"
"chr3","144335717","144336018","chr13","32817425","32817728","34","111518292"
"chr3","144652800","144653109","chr4","103846144","103846452","49","40806656"
"chr3","144790025","144790325","chr13","32817425","32817728","35","111972600"
"chr3","144816012","144816272","chr12","45247219","45247487","64","99568793"
"chr3","144978792","144979060","chr2","49059917","49060182","41","95918875"
"chr3","145307421","145307701","chr19","44121713","44121997","53","101185708"
"chr3","145450663","145450948","chr5","34137620","34137907","40","111313043"
"chr3","145478540","145478839","chr2","46682521","46682821","27","98796019"
"chr3","145761856","145762151","chr8","25582102","25582396","34","120179754"
"chr3","145770772","145771054","chr3","49040268","49040547","69","96730504"
"chr3","145824880","145825016","chr11","121717039","121717180","16","24107841"
"chr3","145996545","145996868","chrX","90798452","90798764","46","55198093"
"chr3","146125490","146125573","chr13","103188987","103189073","9","42936503"
"chr3","146280843","146280965","chr10","81857320","81857445","22","64423523"
"chr3","146281372","146281656","chr1","87486899","87487184","51","58794473"
"chr3","146293521","146293782","chr3","42381510","42381765","74","103912011"
"chr3","146442264","146442560","chr4","31017666","31017967","50","115424598"
"chr3","146497290","146497591","chr6","148752882","148753187","43","2255592"
"chr3","146599303","146599581","chr1","70068220","70068502","47","76531083"
"chr3","146607696","146608005","chr16","11126268","11126568","45","135481428"
"chr3","146926604","146926908","chr2","62500002","62500306","45","84426602"
"chr3","147162843","147163149","chr11","6673783","6674089","36","140489060"
"chr3","147261679","147261989","chr5","34129012","34129323","38","113132667"
"chr3","147267570","147267888","chr7","151886181","151886502","50","4618611"
"chr3","147297207","147297339","chr20","26057234","26057363","18","121239973"
"chr3","147334885","147335206","chr5","11907172","11907493","51","135427713"
"chr3","147385413","147385720","chr1","184288081","184288385","42","36902668"
"chr3","147414250","147414541","chr8","90463712","90464008","40","56950538"
"chr3","147513062","147513365","chr5","32469834","32470141","56","115043228"
"chr3","147574187","147574481","chr10","4308994","4309288","36","143265193"
"chr3","147579282","147579541","chrX","122712517","122712780","45","24866765"
"chr3","147652222","147652522","chr13","32817425","32817728","34","114834797"
"chr3","147716821","147717109","chr3","10482926","10483222","47","137233895"
"chr3","147783700","147783987","chr9","92292916","92293201","50","55490784"
"chr3","147792043","147792213","chr13","46386341","46386523","50","101405702"
"chr3","148088151","148088396","chr12","64234795","64235038","47","83853356"
"chr3","148196528","148196806","chr12","52370542","52370823","46","95825986"
"chr3","148347163","148347458","chr3","6672310","6672602","42","141674853"
"chr3","148421167","148421468","chr5","130175348","130175653","53","18245819"
"chr3","148442498","148442806","chr4","103942747","103943051","50","44499751"
"chr3","148527990","148528280","chrX","28734753","28735052","37","119793237"
"chr3","148542268","148542547","chr15","94642685","94642959","44","53899583"
"chr3","148556220","148556514","chr5","36968561","36968860","39","111587659"
"chr3","148564627","148564923","chr6","89020089","89020391","44","59544538"
"chr3","148650022","148650295","chr15","21464395","21464674","51","127185627"
"chr3","148682370","148682657","chr2","13368422","13368711","37","135313948"
"chr3","148686454","148686743","chr1","11940593","11940894","43","136745861"
"chr3","148692899","148693184","chr1","64174757","64175043","39","84518142"
"chr3","148702953","148703249","chr1","203640822","203641120","41","54937869"
"chr3","148717798","148718048","chr8","14132565","14132812","47","134585233"
"chr3","148788313","148788586","chr10","19315057","19315345","46","129473256"
"chr3","148800461","148800765","chr4","103942747","103943051","47","44857714"
"chr3","148801572","148801814","chr16","7445726","7445973","42","141355846"
"chr3","148839674","148839922","chr11","46291436","46291687","36","102548238"
"chr3","148924863","148925171","chr1","7993999","7994304","35","140930864"
"chr3","148953359","148953666","chr1","129856704","129857005","45","19096655"
"chr3","148965048","148965337","chr6","52480201","52480494","37","96484847"
"chr3","148979130","148979413","chr16","16233410","16233698","47","132745720"
"chr3","149019631","149019903","chr2","155636216","155636491","34","6616585"
"chr3","149066312","149066596","chr4","7347107","7347397","37","141719205"
"chr3","149154681","149154979","chr13","59814174","59814474","35","89340507"
"chr3","149330974","149331180","chr16","62512812","62513013","29","86818162"
"chr3","149398014","149398313","chr4","132287893","132288193","37","17110121"
"chr3","149416983","149417256","chr9","26536027","26536302","45","122880956"
"chr3","149427952","149428261","chr1","195161491","195161794","46","45733539"
"chr3","149515179","149515473","chr6","142572268","142572563","36","6942911"
"chr3","149609902","149610199","chr8","135212901","135213200","39","14397001"
"chr3","149735328","149735454","chr11","83048168","83048288","16","66687160"
"chr3","149746205","149746456","chr2","170736845","170737093","50","20990640"
"chr3","149770895","149771209","chr9","94721178","94721486","57","55049717"
"chr3","149794002","149794269","chr7","13593723","13593980","61","136200279"
"chr3","149799723","149800023","chr20","19191326","19191624","47","130608397"
"chr3","149881150","149881447","chr8","99548469","99548767","39","50332681"
"chr3","149899912","149900207","chr20","21076068","21076368","45","128823844"
"chr3","149901691","149901977","chr3","48298408","48298697","45","101603283"
"chr3","149928981","149929283","chr13","32817425","32817728","33","117111556"
"chr3","149946872","149947151","chr5","79158515","79158797","37","70788357"
"chr3","149950890","149951176","chr15","4675633","4675904","64","145275257"
"chr3","149960844","149961112","chr19","42103817","42104095","46","107857027"
"chr3","149995803","149996108","chr1","130649516","130649818","37","19346287"
"chr3","150066451","150066738","chr15","48151534","48151833","50","101914917"
"chr3","150087880","150088162","chr9","11593823","11594109","41","138494057"
"chr3","150096174","150096478","chr1","33530919","33531225","54","116565255"
"chr3","150124385","150124676","chrX","8910011","8910309","43","141214374"
"chr3","150139679","150139733","chr7","25661263","25661319","9","124478416"
"chr3","150158260","150158547","chr14","30574926","30575210","50","119583334"
"chr3","150205094","150205396","chr20","41843762","41844061","37","108361332"
"chr3","150225715","150226026","chr8","28037586","28037897","39","122188129"
"chr3","150229745","150230010","chr7","109231041","109231298","49","40998704"
"chr3","150233214","150233515","chr6","143561531","143561830","39","6671683"
"chr3","150236507","150236807","chr6","161763310","161763606","33","11526803"
"chr3","150264614","150264918","chr3","173964513","173964818","43","23699899"
"chr3","150267347","150267638","chr14","106681722","106682017","39","43585625"
"chr3","150282805","150283104","chr12","86662303","86662604","37","63620502"
"chr3","150306414","150306695","chr14","31750650","31750941","50","118555764"
"chr3","150314601","150314897","chr3","14906033","14906330","40","135408568"
"chr3","150331578","150331884","chr7","77417664","77417971","33","72913914"
"chr3","150338042","150338343","chrX","19170165","19170464","35","131167877"
"chr3","150346515","150346814","chr10","78793021","78793318","50","71553494"
"chr3","150357696","150357977","chr20","50869280","50869561","48","99488416"
"chr3","150377399","150377698","chr7","16206849","16207148","40","134170550"
"chr3","150405978","150406269","chr11","50028965","50029264","52","100377013"
"chr3","150414425","150414735","chrX","98850355","98850663","46","51564070"
"chr3","150416088","150416394","chr1","185101023","185101330","47","34684935"
"chr3","150420935","150421218","chr19","44121713","44121997","40","106299222"
"chr3","150425103","150425406","chr1","29380917","29381213","34","121044186"
"chr3","150473109","150473419","chr6","148752882","148753187","45","1720227"
"chr3","150475649","150475800","chr3","76336420","76336567","27","74139229"
"chr3","150482575","150482857","chr8","3359590","3359872","38","147122985"
"chr3","150486619","150486921","chr6","148752882","148753187","42","1733737"
"chr3","150488562","150488852","chr7","159175394","159175689","39","8686832"
"chr3","150551735","150551852","chr3","15334660","15334776","16","135217075"
"chr3","150554586","150554874","chr13","68982542","68982833","32","81572044"
"chr3","150567077","150567372","chr7","29612052","29612348","46","120955025"
"chr3","150578469","150578728","chr12","36888505","36888766","41","113689964"
"chr3","150593777","150594076","chr7","90971726","90972022","33","59622051"
"chr3","150600249","150600523","chr9","101875274","101875543","45","48724975"
"chr3","150619127","150619413","chr5","35236627","35236905","52","115382500"
"chr3","150621551","150621845","chr2","130011511","130011804","58","20610040"
"chr3","150627706","150627938","chr11","44650712","44650952","41","105976994"
"chr3","150632614","150632911","chr1","124998618","124998915","35","25633996"
"chr3","150639052","150639331","chr5","34976443","34976727","40","115662609"
"chr3","150647994","150648302","chr9","3805446","3805756","38","146842548"
"chr3","150669982","150670271","chr7","116541236","116541527","35","34128746"
"chr3","150757911","150758220","chr3","44152346","44152653","40","106605565"
"chr3","150795446","150795735","chr5","171657301","171657602","55","20861855"
"chr3","150834009","150834284","chr5","96598837","96599116","58","54235172"
"chr3","150841652","150841818","chr13","93249064","93249232","29","57592588"
"chr3","150841819","150842108","chr5","99943773","99944063","45","50898046"
"chr3","150844536","150844831","chr7","116541236","116541527","41","34303300"
"chr3","150849624","150849918","chr8","25582102","25582396","28","125267522"
"chr3","150865549","150865780","chr10","76202595","76202819","32","74662954"
"chr3","150865791","150866084","chr1","124250793","124251086","37","26614998"
"chr3","150868388","150868687","chrX","108069512","108069807","37","42798876"
"chr3","150871801","150872100","chr11","70386447","70386746","41","80485354"
"chr3","150881501","150881781","chr4","2744158","2744438","75","148137343"
"chr3","150885027","150885320","chr10","62315260","62315548","46","88569767"
"chr3","150900997","150901269","chr11","110057948","110058236","58","40843049"
"chr3","150903194","150903489","chr7","72468869","72469167","39","78434325"
"chr3","150919670","150919964","chr1","49354618","49354914","54","101565052"
"chr3","150973174","150973475","chr15","57971492","57971793","33","93001682"
"chr3","151037008","151037173","chr19","9946015","9946183","27","141090993"
"chr3","151066989","151067275","chr7","34314811","34315097","42","116752178"
"chr3","151071185","151071481","chr1","14339353","14339646","43","136731832"
"chr3","151101210","151101508","chr2","102989050","102989349","39","48112160"
"chr3","151132689","151132990","chr13","23501079","23501388","42","127631610"
"chr3","151140548","151140815","chrX","122712517","122712780","42","28428031"
"chr3","151162213","151162507","chr2","81991105","81991401","40","69171108"
"chr3","151171293","151171596","chr5","46815378","46815679","48","104355915"
"chr3","151185023","151185314","chr5","50507330","50507621","45","100677693"
"chr3","151198756","151199052","chr10","14082708","14082998","48","137116048"
"chr3","151209207","151209503","chr20","46272923","46273218","37","104936284"
"chr3","151210063","151210383","chr2","11730280","11730589","43","139479783"
"chr3","151215294","151215605","chr18","51183412","51183721","35","100031882"
"chr3","151216460","151216753","chr3","103398952","103399243","38","47817508"
"chr3","151233401","151233681","chr13","90970128","90970408","46","60263273"
"chr3","151282398","151282659","chr19","32515288","32515561","52","118767110"
"chr3","151297605","151297899","chr11","59744208","59744500","28","91553397"
"chr3","151319220","151319497","chr18","38185873","38186149","30","113133347"
"chr3","151331808","151332108","chr1","219225924","219226223","38","67894116"
"chr3","151362860","151363147","chr1","140602621","140602899","56","10760239"
"chr3","151364720","151364900","chr15","22365872","22366057","25","128998848"
"chr3","151371793","151372093","chr12","97473240","97473538","43","53898553"
"chr3","151391550","151391848","chr1","128155382","128155688","43","23236168"
"chr3","151406057","151406364","chr10","46007696","46008002","31","105398361"
"chr3","151409104","151409398","chr14","7355545","7355842","49","144053559"
"chr3","151410239","151410518","chr1","10043519","10043806","48","141366720"
"chr3","151414017","151414299","chr10","59211985","59212262","41","92202032"
"chr3","151414459","151414772","chr1","192928162","192928470","36","41513703"
"chr3","151443908","151444207","chr13","125134336","125134638","43","26309572"
"chr3","151472305","151472454","chr7","68766471","68766618","19","82705834"
"chr3","151563570","151563866","chr4","43897349","43897653","37","107666221"
"chr3","151574884","151575189","chr5","32469834","32470141","41","119105050"
"chr3","151577541","151577812","chr12","22213320","22213593","46","129364221"
"chr3","151609803","151610102","chr7","90971726","90972022","34","60638077"
"chr3","151629369","151629500","chr16","44049998","44050130","21","107579371"
"chr3","151678162","151678450","chrX","138328962","138329247","51","13349200"
"chr3","151776782","151777064","chr16","56997997","56998282","47","94778785"
"chr3","151830492","151830780","chr1","92711937","92712231","41","59118555"
"chr3","151881029","151881337","chr5","32469834","32470141","37","119411195"
"chr3","151946052","151946363","chr6","132287179","132287491","33","19658873"
"chr3","151997651","151997951","chr16","15788944","15789248","41","136208707"
"chr3","152040360","152040670","chr2","44425780","44426091","47","107614580"
"chr3","152074780","152075118","chr4","18420935","18421274","82","133653845"
"chr3","152146300","152146562","chr1","22858271","22858537","41","129288029"
"chr3","152176564","152176674","chr9","124771238","124771348","19","27405326"
"chr3","152176888","152177060","chr6","166559338","166559503","49","14382450"
"chr3","152258775","152259071","chr16","30782425","30782736","43","121476350"
"chr3","152305707","152305983","chr9","110422362","110422647","43","41883345"
"chr3","152372406","152372704","chr11","128077739","128078039","36","24294667"
"chr3","152523946","152524168","chr13","71017466","71017686","28","81506480"
"chr3","152577143","152577396","chr7","12513172","12513420","36","140063971"
"chr3","152593533","152593770","chr6","148174653","148174901","48","4418880"
"chr3","152603375","152603649","chr16","50279212","50279487","36","102324163"
"chr3","152652342","152652629","chr4","13663992","13664285","43","138988350"
"chr3","152684845","152685112","chr1","47626078","47626342","42","105058767"
"chr3","152707879","152708177","chr19","3064712","3065012","34","149643167"
"chr3","152781202","152781363","chr4","144414204","144414371","28","8366998"
"chr3","152802292","152802600","chr6","128110448","128110754","41","24691844"
"chr3","152811432","152811727","chr16","70227258","70227557","42","82584174"
"chr3","152835678","152835966","chr10","18176609","18176909","49","134659069"
"chr3","152873908","152874188","chr2","65733972","65734254","48","87139936"
"chr3","152876505","152876686","chr13","84987820","84987995","31","67888685"
"chr3","152900327","152900618","chr4","79518406","79518698","34","73381921"
"chr3","152920943","152921246","chr5","32469834","32470141","36","120451109"
"chr3","152963938","152964246","chr17","85837958","85838261","49","67125980"
"chr3","152965923","152966208","chr12","24009618","24009904","38","128956305"
"chr3","152973623","152973925","chr5","32587334","32587627","53","120386289"
"chr3","152990241","152990532","chr7","72707693","72707981","42","80282548"
"chr3","153001538","153001824","chr16","51038207","51038499","55","101963331"
"chr3","153090559","153090851","chr5","32472374","32472670","35","120618185"
"chr3","153114453","153114749","chr13","32325637","32325935","36","120788816"
"chr3","153119456","153119613","chr5","32447170","32447330","22","120672286"
"chr3","153132074","153132362","chr10","76959186","76959476","44","76172888"
"chr3","153148661","153148958","chr5","4538583","4538883","35","148610078"
"chr3","153201406","153201711","chr12","13891696","13891997","37","139309710"
"chr3","153356820","153357112","chr3","6672310","6672602","38","146684510"
"chr3","153422366","153422668","chr11","8138169","8138470","37","145284197"
"chr3","153632719","153633015","chr5","31924472","31924772","47","121708247"
"chr3","153690526","153690824","chr7","141847588","141847876","62","11842938"
"chr3","153747479","153747732","chr2","185436449","185436704","44","31688970"
"chr3","153893503","153893797","chr4","42488516","42488797","53","111404987"
"chr3","153984359","153984645","chr12","69972996","69973280","46","84011363"
"chr3","154028109","154028330","chr7","121329046","121329267","27","32699063"
"chr3","154049165","154049457","chrX","20846410","20846706","36","133202755"
"chr3","154219347","154219646","chr4","130615568","130615870","41","23603779"
"chr3","154302307","154302594","chr19","6442347","6442633","37","147859960"
"chr3","154317694","154317992","chr10","72394915","72395215","37","81922779"
"chr3","154431962","154432068","chr2","43246026","43246134","19","111185936"
"chr3","154508378","154508683","chr11","517489","517791","35","153990889"
"chr3","154519805","154520086","chr9","116437943","116438223","46","38081862"
"chr3","154662112","154662407","chr13","36087665","36087960","42","118574447"
"chr3","154722115","154722360","chr20","40663185","40663429","39","114058930"
"chr3","154756904","154757160","chr13","108552245","108552502","46","46204659"
"chr3","154779190","154779472","chrX","37391067","37391354","47","117388123"
"chr3","154806505","154806831","chr6","50120248","50120558","51","104686257"
"chr3","154862731","154862972","chr7","24936105","24936346","31","129926626"
"chr3","154942290","154942613","chr1","18792684","18792991","52","136149606"
"chr3","154989365","154989683","chr14","44894177","44894487","39","110095188"
"chr3","155037998","155038257","chr2","185436449","185436704","43","30398451"
"chr3","155352523","155352574","chr3","31864991","31865040","8","123487532"
"chr3","155379965","155380275","chr1","115385292","115385603","51","39994673"
"chr3","155649960","155650267","chr1","184288081","184288385","42","28638121"
"chr3","156024611","156024894","chr11","95916037","95916317","53","60108574"
"chr3","156315946","156316254","chr6","74374505","74374814","39","81941441"
"chr3","156370785","156371080","chr10","62550782","62551081","47","93820003"
"chr3","156527950","156528255","chr13","32817425","32817728","35","123710525"
"chr3","156682369","156682665","chr13","36087665","36087960","35","120594704"
"chr3","156744468","156744768","chr11","10098018","10098319","37","146646450"
"chr3","156751119","156751379","chr5","305906","306168","43","156445213"
"chr3","156807070","156807368","chr6","124714488","124714790","30","32092582"
"chr3","157123018","157123207","chr9","12902153","12902345","27","144220865"
"chr3","157210935","157211231","chr11","59744208","59744500","32","97466727"
"chr3","157220700","157220979","chr4","117616854","117617134","48","39603846"
"chr3","157269692","157270001","chr20","54640728","54641039","37","102628964"
"chr3","157288079","157288374","chr1","54802244","54802543","57","102485835"
"chr3","157291101","157291380","chr10","62315260","62315548","45","94975841"
"chr3","157676368","157676679","chr5","81950527","81950835","41","75725841"
"chr3","157714316","157714597","chrX","43224571","43224857","54","114489745"
"chr3","157837346","157837650","chr16","6949294","6949602","40","150888052"
"chr3","157965937","157966226","chr9","83663072","83663363","44","74302865"
"chr3","158073292","158073584","chr8","36984410","36984705","49","121088882"
"chr3","158122457","158122753","chrX","28734753","28735052","39","129387704"
"chr3","158137400","158137700","chr16","22142201","22142506","45","135995199"
"chr3","158188254","158188554","chrX","20846410","20846706","34","137341844"
"chr3","158251294","158251588","chrX","20846410","20846706","40","137404884"
"chr3","158341089","158341213","chr7","43693641","43693766","15","114647448"
"chr3","158359920","158360230","chr5","132391377","132391683","38","25968543"
"chr3","158368354","158368654","chr1","20012770","20013073","33","138355584"
"chr3","158380451","158380762","chr1","157333613","157333925","46","1046838"
"chr3","158427318","158427618","chr13","32817425","32817728","37","125609893"
"chr3","158586427","158586687","chr4","14003814","14004059","45","144582613"
"chr3","158674653","158674954","chr5","143080974","143081273","53","15593679"
"chr3","158798575","158798847","chr16","50279212","50279487","51","108519363"
"chr3","158847160","158847464","chr2","99629442","99629744","46","59217718"
"chr3","158861180","158861487","chr4","2547922","2548232","42","156313258"
"chr3","159085061","159085370","chr20","8175048","8175355","44","150910013"
"chr3","159137391","159137694","chr3","44128938","44129239","35","115008453"
"chr3","159142746","159143054","chr6","148752882","148753187","38","10389864"
"chr3","159218896","159219178","chr1","12716391","12716670","46","146502505"
"chr3","159318722","159319002","chr12","51506718","51507001","49","107812004"
"chr3","159347510","159347821","chr3","12603123","12603437","38","146744387"
"chr3","159352764","159353062","chr17","71950343","71950641","45","87402421"
"chr3","159467077","159467384","chrX","52492861","52493171","40","106974216"
"chr3","159640507","159640788","chr19","44121713","44121997","35","115518794"
"chr3","159658228","159658531","chr13","62636440","62636740","47","97021788"
"chr3","159738857","159739149","chr3","108412249","108412542","41","51326608"
"chr3","159799856","159800141","chr7","132975622","132975901","57","26824234"
"chr3","160026899","160027164","chr15","42714345","42714616","49","117312554"
"chr3","160228655","160228946","chr4","131374689","131374976","40","28853966"
"chr3","160278943","160279060","chr16","52408903","52409022","27","107870040"
"chr3","160286832","160287046","chr6","142429991","142430206","39","17856841"
"chr3","160303647","160303754","chr15","6817254","6817367","15","153486393"
"chr3","160394346","160394638","chr16","39535128","39535419","39","120859218"
"chr3","160398445","160398722","chrX","139100323","139100604","43","21298122"
"chr3","160484943","160485236","chr13","45916744","45917036","50","114568199"
"chr3","160510460","160510782","chr12","20406534","20406859","62","140103926"
"chr3","160625166","160625465","chrX","90854802","90855099","44","69770364"
"chr3","160763337","160763635","chr11","59744208","59744500","50","101019129"
"chr3","160810466","160810769","chr19","6354328","6354631","41","154456138"
"chr3","160846157","160846455","chr16","39491454","39491747","44","121354703"
"chr3","160854671","160854973","chr1","212844605","212844909","54","51989934"
"chr3","161037725","161038028","chr16","44864469","44864782","41","116173256"
"chr3","161049253","161049564","chr3","4970731","4971042","45","156078522"
"chr3","161125098","161125400","chr11","92684491","92684793","48","68440607"
"chr3","161134798","161135091","chr1","129567144","129567444","37","31567654"
"chr3","161211433","161211752","chr7","133666228","133666513","78","27545205"
"chr3","161255643","161255922","chr10","12554162","12554449","49","148701481"
"chr3","161480934","161481127","chrX","44404357","44404557","29","117076577"
"chr3","161720785","161721092","chr15","96588502","96588809","38","65132283"
"chr3","161800311","161800609","chr15","7511435","7511732","36","154288876"
"chr3","162042868","162043180","chr7","37381596","37381892","49","124661272"
"chr3","162061425","162061726","chr3","9499503","9499807","45","152561922"
"chr3","162068177","162068484","chr2","149444745","149445052","41","12623432"
"chr3","162141244","162141563","chr2","89924404","89924709","56","72216840"
"chr3","162158749","162159057","chr10","67405046","67405353","40","94753703"
"chr3","162357938","162358244","chr1","123829563","123829868","38","38528375"
"chr3","162417532","162417841","chr8","124123467","124123779","35","38294065"
"chr3","162418284","162418548","chr1","217371309","217371564","54","54953025"
"chr3","162422260","162422564","chr1","158815913","158816209","50","3606347"
"chr3","162438753","162439051","chr1","937523","937822","38","161501230"
"chr3","162476327","162476608","chr7","116541236","116541527","49","45935091"
"chr3","162599794","162600102","chr13","67015543","67015852","54","95584251"
"chr3","162784732","162785024","chr7","133065043","133065330","35","29719689"
"chr3","162839004","162839275","chr15","21464395","21464674","57","141374609"
"chr3","162955195","162955497","JH682036","358126","358421","37","162597069"
"chr3","162958160","162958458","chr4","103596172","103596470","37","59361988"
"chr3","163097032","163097104","chr13","125304787","125304847","18","37792245"
"chr3","163189625","163189906","chr11","95761683","95761964","34","67427942"
"chr3","163255649","163255931","chr6","125918513","125918796","38","37337136"
"chr3","163384421","163384684","chr9","84610245","84610514","46","78774176"
"chr3","163450157","163450469","chr7","43187169","43187479","46","120262988"
"chr3","163453334","163453668","chr2","66092772","66093108","57","97360562"
"chr3","163582145","163582457","chr3","26506775","26507089","56","137075370"
"chr3","163791362","163791660","chr4","125589351","125589650","47","38202011"
"chr3","163813665","163813756","chr6","108308833","108308922","20","55504832"
"chr3","163814347","163814557","chr4","35870246","35870456","32","127944101"
"chr3","163845178","163845485","chr16","54321303","54321613","41","109523875"
"chr3","163886265","163886554","chr11","88966345","88966635","33","74919920"
"chr3","163910222","163910517","chr7","96230630","96230924","39","67679592"
"chr3","163967890","163968152","chr11","6669170","6669445","53","157298720"
"chr3","163983506","163983821","chr8","137852814","137853110","72","26130692"
"chr3","163987184","163987446","chr5","128960234","128960515","51","35026950"
"chr3","164003713","164003984","chr19","32515288","32515561","37","131488425"
"chr3","164059723","164059939","chr13","71017466","71017686","37","93042257"
"chr3","164095213","164095498","chr5","34428917","34429213","45","129666296"
"chr3","164206519","164206777","chr4","162305040","162305294","43","1901479"
"chr3","164212525","164212780","chr5","133797177","133797424","38","30415348"
"chr3","164229738","164230050","chr16","32176074","32176385","46","132053664"
"chr3","164252581","164252841","chr1","16030313","16030572","45","148222268"
"chr3","164288338","164288621","chr9","28186160","28186444","37","136102178"
"chr3","164341535","164341832","chr5","34428917","34429213","41","129912618"
"chr3","164468458","164468755","chr19","34660730","34661028","38","129807728"
"chr3","164675510","164675821","chr2","144423348","144423659","50","20252162"
"chr3","164702466","164702778","chr9","76320398","76320710","45","88382068"
"chr3","164708847","164709126","chr14","67506119","67506403","50","97202728"
"chr3","164713552","164713847","chr8","79495865","79496163","45","85217687"
"chr3","164739378","164739507","chr7","148602709","148602842","35","16136669"
"chr3","164765738","164766013","chr1","91760043","91760318","34","73005695"
"chr3","164780397","164780692","chrX","19148176","19148472","46","145632221"
"chr3","164938228","164938531","chr16","55715676","55715976","42","109222552"
"chr3","164961562","164961824","chr7","77017935","77018222","62","87943627"
"chr3","165033877","165034167","chr5","20761991","20762274","35","144271886"
"chr3","165058142","165058424","chr7","63503555","63503839","44","101554587"
"chr3","165072603","165072897","chr1","137178249","137178539","42","27894354"
"chr3","165079639","165079930","chr16","31273411","31273700","38","133806228"
"chr3","165113346","165113646","chr6","101765362","101765658","39","63347984"
"chr3","165139368","165139637","chr6","164769454","164769719","44","369914"
"chr3","165225041","165225319","chr9","59368531","59368810","52","105856510"
"chr3","165298754","165299070","chr5","455474","455761","68","164843280"
"chr3","165302419","165302722","chr17","78189511","78189816","47","87112908"
"chr3","165312066","165312351","chr10","62315260","62315548","43","102996806"
"chr3","165315500","165315802","chr4","74474905","74475205","42","90840595"
"chr3","165324184","165324478","chr11","106457327","106457619","35","58866857"
"chr3","165328403","165328706","chr3","51854376","51854674","37","113474027"
"chr3","165332658","165332979","chr14","3163492","3163817","54","162169166"
"chr3","165342384","165342674","chr10","62315260","62315548","38","103027124"
"chr3","165347001","165347295","chr9","57309839","57310134","30","108037162"
"chr3","165362936","165363239","chr5","162688511","162688813","38","2674425"
"chr3","165384031","165384334","chr13","125134336","125134638","36","40249695"
"chr3","165386266","165386574","chr9","85132193","85132498","46","80254073"
"chr3","165423980","165424278","chr1","219225924","219226223","41","53801944"
"chr3","165429674","165429917","chr10","32414416","32414650","53","133015258"
"chr3","165493687","165493847","chr6","168710657","168710821","24","3216970"
"chr3","165512744","165513056","chr7","120237461","120237769","44","45275283"
"chr3","165515609","165515901","chrX","27694686","27694979","35","137820923"
"chr3","165530079","165530383","chr8","120051374","120051685","50","45478705"
"chr3","165542568","165542786","chr10","29534911","29535129","49","136007657"
"chr3","165551070","165551374","chr5","20304194","20304498","50","145246876"
"chr3","165578496","165578788","chr18","19177384","19177671","54","146401112"
"chr3","165579905","165580186","chr9","30302448","30302737","46","135277457"
"chr3","165628841","165628971","chr7","148602709","148602842","28","17026132"
"chr3","165638841","165639153","chrX","44419062","44419371","45","121219779"
"chr3","165665761","165666044","chr1","47939210","47939486","49","117726551"
"chr3","165682371","165682627","chr1","7289153","7289418","46","158393218"
"chr3","165686180","165686436","chr19","39470515","39470769","39","126215665"
"chr3","165687084","165687388","chr2","63903545","63903849","48","101783539"
"chr3","165747796","165748088","chr10","62315260","62315548","47","103432536"
"chr3","165775594","165775849","chr2","34315373","34315630","38","131460221"
"chr3","165813692","165813874","chr3","14529600","14529792","45","151284092"
"chr3","165860065","165860377","chr18","39066869","39067188","42","126793196"
"chr3","165885005","165885289","chr6","132179472","132179753","37","33705533"
"chr3","165891237","165891544","chr14","5934954","5935260","41","159956283"
"chr3","165951065","165951359","chr14","21158129","21158427","39","144792936"
"chr3","166009011","166009316","chr13","32817425","32817728","31","133191586"
"chr3","166119015","166119276","chr3","43546186","43546444","39","122572829"
"chr3","166125914","166126206","chr13","74148211","74148505","33","91977703"
"chr3","166172513","166172805","chr6","132947914","132948211","49","33224599"
"chr3","166257574","166257869","chr14","98318663","98318962","41","67938911"
"chr3","166261088","166261382","chr11","88536600","88536893","39","77724488"
"chr3","166278428","166278731","chr5","162688511","162688813","40","3589917"
"chr3","166296739","166297037","chr4","2534955","2535251","39","163761784"
"chr3","166416840","166417114","chr1","13996654","13996934","41","152420186"
"chr3","166426573","166426866","chr2","168564679","168564973","43","2138106"
"chr3","166427948","166428197","chr5","51719329","51719577","52","114708619"
"chr3","166445619","166445920","chr2","39660204","39660504","35","126785415"
"chr3","166554581","166554873","chr15","22561456","22561749","35","143993125"
"chr3","166566605","166566875","chr6","174151431","174151702","65","7584826"
"chr3","166652499","166652787","chr7","130319214","130319503","38","36333285"
"chr3","166661482","166661784","chr16","11126268","11126568","43","155535214"
"chr3","166663488","166663795","chr16","54284890","54285194","35","112378598"
"chr3","166675962","166676267","chr1","152643716","152644019","50","14032246"
"chr3","166708611","166708869","chr16","56190756","56191034","58","110517855"
"chr3","166723971","166724259","chr19","42487999","42488270","63","124235972"
"chr3","166781721","166782008","chr10","23559809","23560103","45","143221912"
"chr3","166889769","166890082","chr3","107368374","107368683","44","59521395"
"chr3","166916186","166916482","chr10","81444150","81444452","41","85472036"
"chr3","166973362","166973642","chr1","65416774","65417058","40","101556588"
"chr3","167003697","167003991","chr6","142572268","142572563","47","24431429"
"chr3","167072226","167072522","chr11","59744208","59744500","32","107328018"
"chr3","167340427","167340553","chr15","7441971","7442100","18","159898456"
"chr3","167515808","167516099","chr11","12718595","12718887","39","154797213"
"chr3","168215288","168215549","chr6","171956247","171956509","41","3740959"
"chr3","168261964","168262244","chr3","51649403","51649694","53","116612561"
"chr3","168331965","168332269","chr4","100276562","100276859","54","68055403"
"chr3","168333357","168333530","chr2","186518455","186518632","36","18185098"
"chr3","168339358","168339662","chr17","23551163","23551463","51","144788195"
"chr3","168349938","168350232","chr9","61900736","61901039","47","106449202"
"chr3","168358708","168359005","chr9","7025626","7025918","40","161333082"
"chr3","168590531","168590821","chr16","56231923","56232210","44","112358608"
"chr3","168597398","168597693","chr3","98190129","98190426","41","70407269"
"chr3","168637313","168637621","chr9","84391388","84391695","40","84245925"
"chr3","168663974","168664276","chr19","33269032","33269342","45","135394942"
"chr3","168676391","168676690","chr17","30337456","30337753","42","138338935"
"chr3","168679641","168679930","chr16","13751009","13751305","44","154928632"
"chr3","168680115","168680388","chr3","1997406","1997669","59","166682709"
"chr3","168702486","168702787","chr2","185573293","185573595","52","16870807"
"chr3","168737999","168738289","chr3","84549220","84549514","42","84188779"
"chr3","168890008","168890245","chr7","121329046","121329267","42","47560962"
"chr3","169096559","169096829","chr13","46225644","46225911","49","122870915"
"chr3","169208997","169209300","chr7","15451820","15452130","42","153757177"
"chr3","169281681","169281971","chr7","72707693","72707981","46","96573988"
"chr3","169361026","169361319","chr4","131374689","131374976","48","37986337"
"chr3","169402502","169402814","chr2","144423348","144423659","44","24979154"
"chr3","169520652","169520962","chrX","107968837","107969145","53","61551815"
"chr3","169604277","169604550","chr13","42970808","42971080","54","126633469"
"chr3","169608888","169609195","chr4","10828530","10828827","51","158780358"
"chr3","169675277","169675566","chr2","103833938","103834239","49","65841339"
"chr3","169751062","169751316","chr1","28692071","28692332","54","141058991"
"chr3","169761495","169761803","chr13","32817425","32817728","38","136944070"
"chr3","169779821","169780113","chr16","58255837","58256130","38","111523984"
"chr3","169856591","169856886","chr1","67368758","67369056","37","102487833"
"chr3","169885997","169886301","chr14","106426782","106427089","54","63459215"
"chr3","170029339","170029620","chrX","62378326","62378608","37","107651013"
"chr3","170093270","170093563","chr9","62061763","62062056","39","108031507"
"chr3","170119741","170120028","chr11","104267729","104268018","52","65852012"
"chr3","170185275","170185572","chr7","129930994","129931292","45","40254281"
"chr3","170250148","170250454","chr4","408077","408378","40","169842071"
"chr3","170312110","170312404","chr8","69745254","69745541","37","100566856"
"chr3","170348463","170348756","chr20","12900328","12900614","51","157448135"
"chr3","170477103","170477405","chr2","186451766","186452061","46","15974663"
"chr3","170596759","170597056","chrX","109211107","109211398","43","61385652"
"chr3","170644680","170644977","chr1","67368758","67369056","45","103275922"
"chr3","170846076","170846383","chr3","12603123","12603437","41","158242953"
"chr3","170877343","170877647","chr4","132287893","132288193","45","38589450"
"chr3","171002226","171002418","chr16","10432618","10432813","34","160569608"
"chr3","171040924","171041192","chr12","69842458","69842741","54","101198466"
"chr3","171090233","171090548","chr20","32556971","32557267","52","138533262"
"chr3","171198200","171198466","chr7","145607147","145607409","58","25591053"
"chr3","171487820","171488114","chr1","67368758","67369056","53","104119062"
"chr3","171611146","171611431","chr5","162457131","162457413","38","9154015"
"chr3","171635450","171635761","chr8","139262640","139262952","37","32372810"
"chr3","171693207","171693497","chr8","28825632","28825920","42","142867575"
"chr3","171699983","171700248","chr14","64253785","64254058","57","107446198"
"chr3","171748694","171748936","chr5","14304331","14304595","52","157444363"
"chr3","171755423","171755631","chrX","23646782","23646990","25","148108641"
"chr3","172014485","172014788","chr16","12020398","12020702","50","159994087"
"chr3","172081959","172082258","chr6","133004541","133004839","47","39077418"
"chr3","172116114","172116345","chr1","7853206","7853431","43","164262908"
"chr3","172325919","172326216","chr16","42090122","42090419","41","130235797"
"chr3","172536707","172536802","chr3","161357404","161357505","22","11179303"
"chr3","172658147","172658434","chr7","15346169","15346468","56","157311978"
"chr3","172831972","172832268","chr4","52418343","52418642","46","120413629"
"chr3","172857387","172857682","chr1","127833040","127833336","37","45024347"
"chr3","172880235","172880544","chr1","109599074","109599380","42","63281161"
"chr3","173059928","173060205","chr2","61833300","61833586","53","111226628"
"chr3","173100656","173100940","chr16","1651540","1651832","48","171449116"
"chr3","173134633","173134948","chr3","12603123","12603437","38","160531510"
"chr3","173250023","173250319","chr19","15605786","15606081","43","157644237"
"chr3","173261512","173261803","chr7","117030480","117030769","35","56231032"
"chr3","173545510","173545807","chr1","116754803","116755099","36","56790707"
"chr3","173593111","173593419","chr15","96588502","96588809","41","77004609"
"chr3","173596971","173597200","chr8","139459315","139459540","46","34137656"
"chr3","173611411","173611709","chr7","49389679","49389980","41","124221732"
"chr3","173645674","173645977","chr19","12557275","12557573","39","161088399"
"chr3","173706553","173706837","chr11","92705019","92705312","49","81001534"
"chr3","173729444","173729597","chr8","113485040","113485194","21","60244404"
"chr3","173751074","173751384","chr1","7993999","7994304","30","165757075"
"chr3","173759066","173759367","chr1","42508534","42508838","43","131250532"
"chr3","173768660","173768958","chr4","24333245","24333543","41","149435415"
"chr3","173786922","173787232","chr14","21204475","21204787","39","152582447"
"chr3","173840320","173840613","chr2","47452536","47452831","37","126387784"
"chr3","174033547","174033851","chr3","7182760","7183070","49","166850787"
"chr3","174316411","174316673","chr8","21519354","21519617","38","152797057"
"chr3","174408567","174408866","chr3","142912886","142913184","43","31495681"
"chr3","174513206","174513465","chrX","88088678","88088937","36","86424528"
"chr3","174604083","174604378","chr1","29380917","29381213","54","145223166"
"chr3","174608995","174609295","chr7","15832994","15833289","42","158776001"
"chr3","174694475","174694781","chr1","67097369","67097671","46","107597106"
"chr3","174698431","174698722","chr2","46893044","46893340","33","127805387"
"chr3","174709033","174709317","chr5","11392458","11392742","41","163316575"
"chr3","174902529","174902839","chr8","120051374","120051685","37","54851155"
"chr3","174912949","174913237","chr6","128266238","128266531","50","46646711"
"chr3","174916800","174917097","chr3","53057520","53057824","51","121859280"
"chr3","174987463","174987769","chr5","11092273","11092583","55","163895190"
"chr3","175032572","175032879","chr3","160266891","160267193","46","14765681"
"chr3","175044004","175044294","chr1","57860396","57860687","44","117183608"
"chr3","175081061","175081358","chr7","158511575","158511873","40","16569486"
"chr3","175156824","175157144","chr9","50566898","50567202","64","124589926"
"chr3","175167077","175167368","chr1","20012770","20013073","49","155154307"
"chr3","175191174","175191466","chr2","184580196","184580486","45","9389022"
"chr3","175282171","175282476","chr13","32817425","32817728","33","142464746"
"chr3","175296157","175296453","chr6","142572268","142572563","47","32723889"
"chr3","175372003","175372222","chr1","200625581","200625798","39","25253578"
"chr3","175393543","175393839","chr3","45626371","45626668","28","129767172"
"chr3","175415933","175416235","chr1","34059946","34060256","43","141355987"
"chr3","175421542","175421843","chr11","1617252","1617562","48","173804290"
"chr3","175427004","175427294","chr1","57946363","57946656","46","117480641"
"chr3","175679323","175679584","chr8","28282237","28282471","61","147397086"
"chr3","175690761","175691032","chrX","62082325","62082604","53","113608436"
"chr3","175800856","175801098","chr3","50901308","50901545","32","124899548"
"chr3","175840530","175840815","chr9","23375918","23376206","45","152464612"
"chr3","175887112","175887336","chr5","137480638","137480863","37","38406474"
"chr3","175935479","175935785","chr1","12498948","12499258","41","163436531"
"chr3","175987180","175987467","chr6","42886959","42887246","35","133100221"
"chr3","176160837","176161133","chr1","113722216","113722513","45","62438621"
"chr3","176163186","176163482","chr15","48151534","48151833","41","128011652"
"chr3","176177241","176177563","chr10","61375285","61375586","60","114801956"
"chr3","176256636","176256944","chr5","34488672","34488979","41","141767964"
"chr3","176569742","176570048","chr19","35526257","35526569","39","141043485"
"chr3","176679770","176679930","chr12","68068974","68069128","33","108610796"
"chr3","176739572","176739866","chr2","123712519","123712817","41","53027053"
"chr3","176965488","176965778","chr12","93108642","93108929","47","83856846"
"chr3","176991126","176991429","chr5","5215833","5216129","45","171775293"
"chr3","177096993","177097294","chr14","111877236","111877529","49","65219757"
"chr3","177133258","177133564","chr4","130615568","130615870","44","46517690"
"chr3","177171327","177171631","chr7","158562964","158563263","46","18608363"
"chr3","177222655","177222951","chrX","15637845","15638141","47","161584810"
"chr3","177389842","177390059","chr5","89625548","89625767","30","87764294"
"chr3","177422991","177423241","chr7","60220557","60220812","57","117202434"
"chr3","177446812","177447097","chr1","42476755","42477044","44","134970057"
"chr3","177566548","177566850","chr11","60041051","60041343","52","117525497"
"chr3","177742125","177742418","chr16","13707036","13707331","48","164035089"
"chr3","177844351","177844656","chr1","3276074","3276382","39","174568277"
"chr3","177868030","177868323","chr7","72707693","72707981","34","105160337"
"chr3","177972359","177972626","chr2","23879717","23879987","40","154092642"
"chr3","178081041","178081319","chr8","119618087","119618362","47","58462954"
"chr3","178345387","178345678","chr1","946135","946434","49","177399252"
"chr3","178360474","178360779","chr15","96770877","96771181","39","81589597"
"chr3","178377757","178378044","chr1","42476755","42477044","43","135901002"
"chr3","178409935","178410256","chr11","13691517","13691834","44","164718418"
"chr3","178424930","178425242","chr7","138308866","138309180","50","40116064"
"chr3","178462473","178462772","chr6","67758730","67759029","38","110703743"
"chr3","178605475","178605776","chr6","14098784","14099081","49","164506691"
"chr3","178664743","178665039","chr2","123712519","123712817","46","54952224"
"chr3","178721259","178721536","chrX","42356","42633","49","178678903"
"chr3","178722848","178722943","chr18","42413180","42413271","11","136309668"
"chr3","178729024","178729327","chr9","88566306","88566605","54","90162718"
"chr3","178900168","178900469","chr16","47869063","47869366","41","131031105"
"chr3","178938434","178938577","chr1","129498511","129498647","26","49439923"
"chr3","178968028","178968324","chr20","51745649","51745944","31","127222379"
"chr3","178990824","178991114","chr6","18283612","18283902","39","160707212"
"chr3","179023337","179023652","chr11","43397080","43397397","58","135626257"
"chr3","179077524","179077828","chr3","52229547","52229849","49","126847977"
"chr3","179423565","179423865","chr9","59360623","59360932","54","120062942"
"chr3","179473495","179473796","chr16","21958952","21959252","45","157514543"
"chr3","179475209","179475509","chr13","32325637","32325935","37","147149572"
"chr3","179756709","179756943","chr7","121329046","121329267","35","58427663"
"chr3","179816126","179816436","chr20","21274028","21274333","46","158542098"
"chr3","179905280","179905430","chr15","99457056","99457212","29","80448224"
"chr3","179932617","179932872","chr4","42930490","42930739","49","137002127"
"chr3","180096837","180097132","chr1","35181671","35181970","34","144915166"
"chr3","180109121","180109410","chrX","44799525","44799819","45","135309596"
"chr3","180154526","180154832","chr2","46682521","46682821","38","133472005"
"chr3","180236384","180236660","chr5","141087567","141087823","69","39148817"
"chr3","180275717","180275995","chr9","11986938","11987217","50","168288779"
"chr3","180288133","180288418","chr19","32347284","32347572","41","147940849"
"chr3","180307103","180307410","chr4","12804307","12804616","57","167502796"
"chr3","180335403","180335694","chr1","158198823","158199105","50","22136580"
"chr3","180406720","180407023","chr12","63079032","63079340","49","117327688"
"chr3","180595408","180595643","chr7","24936105","24936346","34","155659303"
"chr3","180622174","180622442","chr18","50874536","50874793","48","129747638"
"chr3","180830056","180830300","chr1","14468200","14468440","38","166361856"
"chr3","180960179","180960417","chr20","27256128","27256377","45","153704051"
"chr3","180966670","180966942","chr8","82026743","82027012","46","98939927"
"chr3","181012485","181012773","chr14","50817121","50817406","39","130195364"
"chr3","181014113","181014401","chr19","32347284","32347572","44","148666829"
"chr3","181064506","181064794","chr3","178746853","178747140","38","2317653"
"chr3","181109806","181110092","chr17","3541078","3541367","55","177568728"
"chr3","181221562","181221867","chrX","38891205","38891511","51","142330357"
"chr3","181583210","181583505","chr1","191232237","191232533","37","9649027"
"chr3","181605481","181605734","chr10","26328387","26328644","47","155277094"
"chr3","181609595","181609891","chr4","2939963","2940262","45","178669632"
"chr3","181623651","181623949","chr3","51065520","51065823","32","130558131"
"chr3","181658238","181658519","chr14","82944051","82944331","40","98714187"
"chr3","181737614","181737897","chr6","170565209","170565492","41","11172405"
"chr3","181822027","181822306","chr12","29804770","29805052","42","152017257"
"chr3","181865964","181866265","chr7","101853697","101853997","38","80012267"
"chr3","181869298","181869563","chr4","79455473","79455733","37","102413825"
"chr3","181878517","181878819","chr4","13663992","13664285","39","168214525"
"chr3","181940186","181940472","chr16","7789891","7790171","48","174150295"
"chr3","181952689","181952988","chr14","7612816","7613116","39","174339873"
"chr3","181953308","181953606","chr8","99548469","99548767","39","82404839"
"chr3","181956560","181956833","chr9","55644411","55644695","45","126312149"
"chr3","181962003","181962116","chr4","56640019","56640134","22","125321984"
"chr3","181974899","181975208","chr3","44128938","44129239","39","137845961"
"chr3","181997436","181997733","chr11","89115091","89115391","50","92882345"
"chr3","182057488","182057785","chr1","29203847","29204147","55","152853641"
"chr3","182116848","182117121","chr8","88869400","88869673","44","93247448"
"chr3","182119877","182120181","chr17","75499592","75499899","34","106620285"
"chr3","182121567","182121867","chr10","38262077","38262376","44","143859490"
"chr3","182134166","182134466","chr5","4376212","4376517","48","177757954"
"chr3","182156570","182156869","chr4","26827578","26827875","41","155328992"
"chr3","182217229","182217521","chr4","111697334","111697630","34","70519895"
"chr3","182321767","182322058","chr19","7363271","7363562","44","174958496"
"chr3","182361324","182361614","chr2","184580196","184580486","36","2218872"
"chr3","182375746","182376035","chr8","39746050","39746340","51","142629696"
"chr3","182384713","182385017","chr1","15239103","15239414","48","167145610"
"chr3","182411127","182411407","chrX","41384928","41385206","43","141026199"
"chr3","182651132","182651434","chr13","62991818","62992120","35","119659314"
"chr3","182739661","182739901","chr1","14468200","14468440","35","168271461"
"chr3","182750746","182751036","chr6","172905867","172906158","43","9844879"
"chr3","182868132","182868430","chr1","85077124","85077421","53","97791008"
"chr3","182911672","182911981","chr1","128155382","128155688","48","54756290"
"chr3","182976197","182976507","chr18","51183412","51183721","35","131792785"
"chr3","182977273","182977561","chr7","132975622","132975901","46","50001651"
"chr3","182978324","182978622","chr5","2577333","2577630","36","180400991"
"chr3","183031774","183032072","chrX","20846410","20846706","36","162185364"
"chr3","183051558","183051851","chr1","94365322","94365615","31","88686236"
"chr3","183052837","183052972","chr6","88373837","88373969","24","94679000"
"chr3","183092597","183092891","chr1","14339353","14339646","40","168753244"
"chr3","183171732","183172030","chr19","3064712","3065012","32","180107020"
"chr3","183178721","183178858","chr7","148602709","148602842","34","34576012"
"chr3","183181286","183181567","chr7","116863661","116863943","41","66317625"
"chr3","183212298","183212603","chr7","70273788","70274086","38","112938510"
"chr3","183275965","183276263","chr8","2008890","2009187","39","181267075"
"chr3","183317594","183317892","chrX","90705933","90706231","35","92611661"
"chr3","183519700","183519991","chr9","34818668","34818959","40","148701032"
"chr3","183520064","183520372","chr7","43290339","43290641","44","140229725"
"chr3","183566230","183566529","chr1","143220195","143220493","36","40346035"
"chr3","183617019","183617310","chr10","53067595","53067886","36","130549424"
"chr3","183814526","183814809","chr13","36019976","36020271","48","147794550"
"chr3","183928557","183928872","chr16","417813","418123","41","183510744"
"chr3","184022663","184022956","chr9","34818668","34818959","46","149203995"
"chr3","184070288","184070592","chr4","151432154","151432460","46","32638134"
"chr3","184075256","184075549","chr20","51188693","51188983","39","132886563"
"chr3","184081934","184082234","chr6","124714488","124714790","30","59367446"
"chr3","184093441","184093729","chr3","103398952","103399243","35","80694489"
"chr3","184248921","184249071","chr6","133913254","133913389","34","50335667"
"chr3","184249480","184249591","chr14","31451076","31451185","21","152798404"
"chr3","184278394","184278691","chr16","18796729","18797022","37","165481665"
"chr3","184395262","184395554","chr4","5391440","5391730","45","179003822"
"chr3","184399395","184399680","chr12","93108642","93108929","38","91290753"
"chr3","184475075","184475367","chr2","87900952","87901244","40","96574123"
"chr3","184523510","184523670","chr3","151747443","151747601","26","32776067"
"chr3","184615013","184615324","chr14","5934954","5935260","46","178680059"
"chr3","184615728","184616012","chr12","58244299","58244591","36","126371429"
"chr3","184631633","184631947","chr1","47655261","47655557","65","136976372"
"chr3","184652169","184652477","chr10","67405046","67405353","35","117247123"
"chr3","184667857","184668139","chr13","90970128","90970408","34","93697729"
"chr3","184798126","184798427","chr8","25582102","25582396","39","159216024"
"chr3","184826336","184826635","chr16","25339856","25340160","58","159486480"
"chr3","184839262","184839569","chr14","5934954","5935260","39","178904308"
"chr3","184852534","184852816","chr1","152621695","152621988","48","32230839"
"chr3","184856985","184857273","chr4","41555442","41555732","36","143301543"
"chr3","184890623","184890927","chrX","43179195","43179504","37","141711428"
"chr3","184915629","184915922","chr3","157031775","157032065","53","27883854"
"chr3","185008703","185009011","chr16","44035327","44035634","48","140973376"
"chr3","185060276","185060570","chr4","13002327","13002618","38","172057949"
"chr3","185515871","185516125","chr10","90525188","90525445","46","94990683"
"chr3","185555048","185555352","chr7","129456939","129457235","40","56098109"
"chr3","185604193","185604481","chr10","73837427","73837714","38","111766766"
"chr3","185865699","185865990","chr17","23202455","23202744","41","162663244"
"chr3","185870943","185871238","chr5","894841","895139","44","184976102"
"chr3","185916533","185916832","chr7","39314480","39314775","37","146602053"
"chr3","185942542","185942849","chr3","34969388","34969689","38","150973154"
"chr3","185985661","185985956","chr6","124714488","124714790","43","61271173"
"chr3","186059115","186059408","chr11","59744208","59744500","32","126314907"
"chr3","186060172","186060450","chr18","8977532","8977813","43","177082640"
"chr3","186108768","186109065","chr14","111877236","111877529","41","74231532"
"chr3","186127487","186127794","chr19","28776684","28776996","48","157350803"
"chr3","186259428","186259700","chr20","19385506","19385780","41","166873922"
"chr3","186304655","186304918","chr20","37404718","37404983","37","148899937"
"chr3","186434851","186435120","chrX","115646933","115647204","37","70787918"
"chr3","186507125","186507427","chr3","17627009","17627312","44","168880116"
"chr3","186572301","186572608","chr6","31600699","31601005","39","154971602"
"chr3","186580001","186580307","chr19","3064712","3065012","32","183515289"
"chr3","186586894","186587203","chr3","2539920","2540226","43","184046974"
"chr3","186697987","186698274","chr19","645039","645323","37","186052948"
"chr3","186736357","186736627","chrX","65477408","65477681","42","121258949"
"chr3","186816839","186817138","chr7","129277499","129277801","32","57539340"
"chr3","186824630","186824913","chr10","59447078","59447368","41","127377552"
"chr3","186842544","186842850","chr10","67405046","67405353","39","119437498"
"chr3","186934002","186934346","chr1","56720485","56720794","83","130213517"
"chr3","187140489","187140786","chr11","47924958","47925256","32","139215531"
"chr3","187243024","187243321","chr1","95718336","95718641","49","91524688"
"chr3","187505895","187506202","chrX","90821322","90821629","36","96684573"
"chr3","187526007","187526306","chr20","51745649","51745944","30","135780358"
"chr3","187554496","187554796","chr13","74620694","74620992","38","112933802"
"chr3","187564344","187564636","chr7","52736490","52736780","30","134827854"
"chr3","187595861","187596160","chr13","107030178","107030478","37","80565683"
"chr3","187668912","187669220","chr3","45369493","45369802","32","142299419"
"chr3","187679436","187679575","chr13","125881449","125881587","26","61797987"
"chr3","187736577","187736880","chr9","52526814","52527115","39","135209763"
"chr3","187746151","187746399","chr16","1870952","1871205","35","185875199"
"chr3","187795628","187795934","chr1","20012770","20013073","42","167782858"
"chr3","187802625","187802914","chr3","160772561","160772858","45","27030064"
"chr3","187836088","187836376","chr4","13002327","13002618","42","174833761"
"chr3","187861048","187861311","chr3","45468227","45468501","72","142392821"
"chr3","187872755","187872891","chr10","13190514","13190657","24","174682241"
"chr3","187873231","187873342","chr16","60613031","60613142","18","127260200"
"chr3","187908237","187908538","chr16","50298577","50298876","45","137609660"
"chr3","188018438","188018732","chr2","38884008","38884302","45","149134430"
"chr3","188111847","188112153","chrX","44962032","44962338","46","143149815"
"chr3","188123503","188123807","chr3","66332072","66332374","49","121791431"
"chr3","188147943","188148240","chr6","124714488","124714790","34","63433455"
"chr3","188166477","188166745","chr9","78413924","78414189","58","109752553"
"chr3","188171447","188171746","chrX","90705933","90706231","39","97465514"
"chr3","188173329","188173603","chr1","42849336","42849610","49","145323993"
"chr3","188228254","188228543","chr12","93108642","93108929","38","95119612"
"chr3","188262191","188262444","chr20","50742994","50743268","54","137519197"
"chr3","188271319","188271615","chr6","124714488","124714790","43","63556831"
"chr3","188277565","188277858","chr9","56023804","56024099","41","132253761"
"chr3","188297364","188297652","chr7","151979566","151979860","47","36317798"
"chr3","188338022","188338247","chr1","130247835","130248045","50","58090187"
"chr3","188339740","188340047","chr1","7993999","7994304","33","180345741"
"chr3","188345662","188345929","chr2","88612634","88612907","46","99733028"
"chr3","188349269","188349362","chr3","78022612","78022705","14","110326657"
"chr3","188354003","188354298","chr15","92368829","92369125","47","95985174"
"chr3","188378915","188379213","chr16","267683","267978","35","188111232"
"chr3","188382236","188382529","chr4","24333245","24333543","52","164048991"
"chr3","188409946","188410236","chr4","114330673","114330964","47","74079273"
"chr3","188427624","188427928","chr8","25839930","25840231","39","162587694"
"chr3","188469109","188469404","chr2","186451766","186452061","44","2017343"
"chr3","188488798","188489111","chr7","73560013","73560323","41","114928785"
"chr3","188524853","188525123","chr15","76799848","76800119","43","111725005"
"chr3","188551502","188551799","chr11","46070151","46070446","39","142481351"
"chr3","188580813","188581114","chr9","15247736","15248032","34","173333077"
"chr3","188683175","188683448","chr5","101457421","101457692","36","87225754"
"chr3","188702395","188702688","chr2","184580196","184580486","37","4122199"
"chr3","188706489","188706798","chr1","1833083","1833386","45","186873406"
"chr3","188763833","188764115","chr1","65416774","65417058","39","123347059"
"chr3","188765438","188765732","chr11","59744208","59744500","30","129021230"
"chr3","188780780","188781073","chr4","10593766","10594058","32","178187014"
"chr3","188785132","188785429","chr15","59941487","59941783","38","128843645"
"chr3","188882080","188882359","chr19","44121713","44121997","42","144760367"
"chr3","188928218","188928516","chr7","130020947","130021236","37","58907271"
"chr3","188984040","188984323","chr2","33260489","33260772","47","155723551"
"chr3","189011540","189011830","chr4","19757773","19758068","40","169253767"
"chr3","189012603","189012882","chr9","51784847","51785122","47","137227756"
"chr3","189059497","189059796","chr17","85710354","85710656","55","103349143"
"chr3","189076919","189077220","chr1","185536349","185536645","40","3540570"
"chr3","189194392","189194568","chr15","22365872","22366057","30","166828520"
"chr3","189232454","189232752","chr9","958875","959174","36","188273579"
"chr3","189241891","189242186","chr9","84466373","84466663","48","104775518"
"chr3","189341661","189341858","chrX","125209340","125209537","32","64132321"
"chr3","189342237","189342316","chr19","19137044","19137126","15","170205193"
"chr3","190002540","190002829","chr1","212841578","212841874","41","22839038"
"chr3","190011881","190012154","chr5","166366268","166366539","38","23645613"
"chr3","190014493","190014783","chr1","127833040","127833336","43","62181453"
"chr3","190201642","190201937","chr3","40516846","40517141","41","149684796"
"chr3","190211212","190211505","chr7","114975915","114976207","40","75235297"
"chr3","190249047","190249352","chr10","46007696","46008002","44","144241351"
"chr3","190261765","190262072","chr11","2280286","2280602","40","187981479"
"chr3","190269018","190269317","chr11","47924958","47925256","42","142344060"
"chr3","190269964","190270256","chr5","36968561","36968860","41","153301403"
"chr3","190308703","190308980","chr16","20167037","20167326","41","170141666"
"chr3","190333829","190334140","chr1","34059946","34060256","45","156273883"
"chr3","190344196","190344486","chr10","37627251","37627528","47","152716945"
"chr3","190393211","190393505","chr9","14690494","14690788","37","175702717"
"chr3","190435639","190435919","chr14","102353882","102354158","38","88081757"
"chr3","190520464","190520771","chr6","34265679","34265986","36","156254785"
"chr3","190570545","190570841","chr14","50817121","50817406","49","139753424"
"chr3","190635921","190636239","chr10","85477981","85478291","55","105157940"
"chr3","190643790","190644106","chr10","85477981","85478291","54","105165809"
"chr3","190647121","190647423","chr13","32817425","32817728","35","157829696"
"chr3","190683004","190683309","chr4","43897349","43897653","44","146785655"
"chr3","190725125","190725416","chr2","184572052","184572344","42","6153073"
"chr3","190727627","190727929","chr16","70227258","70227557","50","120500369"
"chr3","190731453","190731732","chr16","73882488","73882764","63","116848965"
"chr3","190754875","190755164","chr4","31365826","31366117","47","159389049"
"chr3","190766332","190766625","chr15","9873078","9873375","40","180893254"
"chr3","190803395","190803665","chr1","47626078","47626342","50","143177317"
"chr3","190822268","190822554","chrX","96252990","96253282","53","94569278"
"chr3","190822735","190822941","chr2","115384221","115384444","64","75438514"
"chr4","28704497","28704799","chr1","7993999","7994304","36","20710498"
"chr4","43384688","43384907","chr17","53964881","53965113","48","10580193"
"chr4","49413966","49414238","chr18","41017814","41018083","48","8396152"
"chr4","71827450","71827744","chr11","59744208","59744500","29","12083242"
"chr4","159776752","159777051","chr4","103596172","103596470","43","56180580"
"chr4","110141","110437","chr6","34306873","34307172","49","34196732"
"chr4","200578","200888","chr1","18792684","18792991","40","18592106"
"chr4","246656","246949","chr10","73837427","73837714","47","73590771"
"chr4","257468","257752","chr16","3687263","3687550","34","3429795"
"chr4","267395","267686","chr14","55192639","55192938","46","54925244"
"chr4","276304","276603","chr16","20356273","20356575","34","20079969"
"chr4","318245","318540","chr3","24783656","24783946","53","24465411"
"chr4","320258","320550","chr7","64125286","64125577","45","63805028"
"chr4","393761","394059","chr9","59619618","59619914","56","59225857"
"chr4","442303","442589","chr10","62315260","62315548","37","61872957"
"chr4","447995","448274","chr9","51784847","51785122","39","51336852"
"chr4","450050","450340","chr4","13663992","13664285","42","13213942"
"chr4","498141","498429","chr1","124250793","124251086","36","123752652"
"chr4","513500","513795","chr6","42988381","42988680","49","42474881"
"chr4","569104","569365","chr3","159367700","159367964","42","158798596"
"chr4","694940","695215","chr7","1797384","1797659","42","1102444"
"chr4","741671","741972","chr5","86230125","86230425","49","85488454"
"chr4","761552","761760","chr7","155860210","155860412","23","155098658"
"chr4","812679","812822","chr8","76522039","76522178","15","75709360"
"chr4","829129","829419","chr8","22381843","22382135","30","21552714"
"chr4","835044","835157","chr9","92278833","92278944","15","91443789"
"chr4","867869","868108","chr5","136741649","136741884","37","135873780"
"chr4","878371","878678","chr3","8153448","8153759","56","7275077"
"chr4","1032900","1033191","chr11","59744208","59744500","34","58711308"
"chr4","1169929","1170214","chr1","42476755","42477044","39","41306826"
"chr4","1171565","1171871","chr10","29691322","29691619","46","28519757"
"chr4","1192338","1192551","chr6","139423244","139423447","44","138230906"
"chr4","1195516","1195812","chr15","78953274","78953566","37","77757758"
"chr4","1247656","1247952","chr4","4867746","4868041","38","3620090"
"chr4","1288303","1288609","chr9","85132193","85132498","40","83843890"
"chr4","1354583","1354862","chr12","81188505","81188782","44","79833922"
"chr4","1394019","1394291","chr1","202707884","202708154","37","201313865"
"chr4","1435261","1435556","chr11","88536600","88536893","39","87101339"
"chr4","1500963","1501243","chr6","109129926","109130207","43","107628963"
"chr4","1557220","1557518","chr10","29691322","29691619","46","28134102"
"chr4","1616489","1616767","chr9","92292916","92293201","48","90676427"
"chr4","1620354","1620659","chr1","41758868","41759176","45","40138514"
"chr4","1623874","1624129","chr2","88612634","88612907","58","86988760"
"chr4","1629139","1629455","chr3","69228301","69228608","54","67599162"
"chr4","1641005","1641287","chr6","160950382","160950664","53","159309377"
"chr4","1650679","1650977","chr2","84844754","84845049","51","83194075"
"chr4","1653685","1653967","chr16","3687263","3687550","55","2033578"
"chr4","1656882","1657142","chr13","84762120","84762380","38","83105238"
"chr4","1680188","1680317","chr1","12504451","12504585","30","10824263"
"chr4","1681015","1681158","chr20","48809902","48810043","37","47128887"
"chr4","1871378","1871510","chr1","4534165","4534297","23","2662787"
"chr4","1871724","1871876","chr2","39371758","39371921","42","37500034"
"chr4","1910198","1910330","chr7","148603228","148603359","20","146693030"
"chr4","1910538","1910692","chr5","96638673","96638822","42","94728135"
"chr4","1934141","1934350","chr10","36223701","36223924","49","34289560"
"chr4","1952978","1953277","chr1","34996508","34996813","53","33043530"
"chr4","1995741","1995984","chr18","65667406","65667652","32","63671665"
"chr4","2000296","2000595","chr19","3064712","3065012","26","1064416"
"chr4","2097548","2097852","chr10","36138793","36139095","39","34041245"
"chr4","2196609","2196881","chr11","31892746","31893027","54","29696137"
"chr4","2224393","2224665","chr14","789717","789974","82","1434676"
"chr4","2230165","2230453","chr19","35482053","35482349","55","33251888"
"chr4","2242166","2242496","chr15","926676","927002","73","1315490"
"chr4","2256658","2256906","chr19","44692467","44692718","54","42435809"
"chr4","2280131","2280306","chr2","186518455","186518632","30","184238324"
"chr4","2325036","2325330","chr3","164913166","164913461","56","162588130"
"chr4","2394868","2395135","chr8","124874335","124874618","59","122479467"
"chr4","2507893","2508198","chr16","21958952","21959252","39","19451059"
"chr4","2515637","2515921","chr1","129803036","129803323","60","127287399"
"chr4","2558042","2558341","chr18","48465782","48466081","47","45907740"
"chr4","2609508","2609811","chr4","113055023","113055328","41","110445515"
"chr4","2651977","2652224","chr1","52894716","52894966","41","50242739"
"chr4","2673188","2673510","chr2","187111797","187112101","55","184438609"
"chr4","2693431","2693731","JH682036","358126","358421","37","2335305"
"chr4","2718065","2718343","chr16","67962059","67962333","44","65243994"
"chr4","2741074","2741375","chr1","158563972","158564268","45","155822898"
"chr4","2754924","2755185","chr3","160101342","160101603","46","157346418"
"chr4","2766619","2766901","chr16","45339014","45339298","41","42572395"
"chr4","2814498","2814662","chr1","34217897","34218062","36","31403399"
"chr4","2885844","2886128","chr7","133065043","133065330","38","130179199"
"chr4","2888703","2889009","chr9","113584757","113585065","36","110696054"
"chr4","2960586","2960885","chr1","113722216","113722513","36","110761630"
"chr4","2962384","2962676","chr13","3026078","3026372","33","63694"
"chr4","3075959","3076218","chr13","24808150","24808395","62","21732191"
"chr4","3160147","3160446","chr9","7025626","7025918","37","3865479"
"chr4","3217246","3217484","chr3","51666032","51666265","41","48448786"
"chr4","3229942","3230240","chr5","170890007","170890294","48","167660065"
"chr4","3245796","3246089","chr1","24377961","24378253","48","21132165"
"chr4","3306056","3306336","chr5","79158515","79158797","44","75852459"
"chr4","3399157","3399464","chr10","50949405","50949695","57","47550248"
"chr4","3551841","3552121","chr7","80922946","80923237","50","77371105"
"chr4","3615722","3616019","chr5","2577333","2577630","38","1038389"
"chr4","3648988","3649276","chr1","27049382","27049672","48","23400394"
"chr4","3661420","3661713","chr15","25883762","25884058","33","22222342"
"chr4","3679560","3679869","chr1","213070791","213071090","42","209391231"
"chr4","3742458","3742755","chr20","16954117","16954413","41","13211659"
"chr4","3762827","3763138","chr14","113699400","113699696","58","109936573"
"chr4","3776208","3776485","chr20","46744156","46744435","67","42967948"
"chr4","3816622","3816920","chr1","190584411","190584720","52","186767789"
"chr4","3819127","3819427","chr12","34602886","34603184","32","30783759"
"chr4","3941053","3941260","chr16","62316742","62316946","33","58375689"
"chr4","3947822","3948137","chr6","128302615","128302924","43","124354793"
"chr4","3950580","3950653","chr1","982355","982429","16","2968225"
"chr4","3956027","3956299","chr7","42231932","42232192","54","38275905"
"chr4","4012192","4012484","chr7","52736490","52736780","37","48724298"
"chr4","4070227","4070489","chr4","79455473","79455733","33","75385246"
"chr4","4104230","4104527","chr12","69597135","69597433","38","65492905"
"chr4","4137060","4137321","chr6","161525268","161525536","45","157388208"
"chr4","4170096","4170229","chr1","4534165","4534297","20","364069"
"chr4","4171211","4171354","chr18","24104552","24104687","19","19933341"
"chr4","4173661","4173729","chr14","44901508","44901571","14","40727847"
"chr4","4239445","4239737","chr9","7025626","7025918","32","2786181"
"chr4","4300951","4301244","chr7","156546626","156546917","44","152245675"
"chr4","4573123","4573403","chr7","41037298","41037580","51","36464175"
"chr4","4775519","4775826","chr10","78749019","78749318","48","73973500"
"chr4","4820825","4821098","chr13","1738760","1739040","49","3082065"
"chr4","4824832","4825122","chr9","7025626","7025918","30","2200794"
"chr4","4827653","4827956","chr12","4025769","4026076","44","801884"
"chr4","4929076","4929376","chr2","173931767","173932066","50","169002691"
"chr4","4983586","4983886","chr1","127833040","127833336","36","122849454"
"chr4","5117631","5117929","chr9","54404234","54404532","45","49286603"
"chr4","5118111","5118391","chr1","184991672","184991954","59","179873561"
"chr4","5167087","5167388","chr1","219225924","219226223","45","214058837"
"chr4","5175090","5175385","chr1","12978858","12979152","43","7803768"
"chr4","5272993","5273232","chr7","24936105","24936346","45","19663112"
"chr4","5290118","5290348","chr7","121329046","121329267","38","116038928"
"chr4","5494891","5495177","chr6","144918364","144918646","47","139423473"
"chr4","5504610","5504912","chr5","32469834","32470141","46","26965224"
"chr4","5550850","5551152","chr17","27643358","27643658","43","22092508"
"chr4","5575629","5575888","chrX","88088678","88088937","38","82513049"
"chr4","5679584","5679896","chrX","137765287","137765594","50","132085703"
"chr4","5711755","5712051","chr8","25880010","25880309","49","20168255"
"chr4","5967249","5967518","chr4","22341677","22341959","41","16374428"
"chr4","5968815","5969101","chr20","19140295","19140581","48","13171480"
"chr4","6139818","6140109","chr9","7025626","7025918","27","885808"
"chr4","6227373","6227670","chr5","129730123","129730422","36","123502750"
"chr4","6298129","6298429","chr3","45626371","45626668","38","39328242"
"chr4","6300768","6301068","chr9","7850825","7851131","29","1550057"
"chr4","6343487","6343773","chr20","2460044","2460327","46","3883443"
"chr4","6348194","6348478","chr4","105579082","105579368","32","99230888"
"chr4","6354736","6355029","chr4","154135592","154135882","41","147780856"
"chr4","6369070","6369377","chr12","83397023","83397331","40","77027953"
"chr4","6389828","6390126","chr1","67368758","67369056","33","60978930"
"chr4","6392093","6392395","chr2","46682521","46682821","35","40290428"
"chr4","6406928","6407236","chr1","7993999","7994304","38","1587071"
"chr4","6430628","6430736","chrX","83427951","83428055","19","76997323"
"chr4","6436119","6436349","chr6","143514666","143514896","31","137078547"
"chr4","6483388","6483712","chr11","1759818","1760131","57","4723570"
"chr4","6492008","6492285","chr8","54063976","54064257","54","47571968"
"chr4","6505453","6505745","chr4","111697334","111697630","46","105191881"
"chr4","6510039","6510345","chr9","102171626","102171930","38","95661587"
"chr4","6512623","6512830","chr3","38604566","38604772","25","32091943"
"chr4","6513035","6513321","chr10","12554162","12554449","41","6041127"
"chr4","6527790","6528084","chr10","53067595","53067886","41","46539805"
"chr4","6539006","6539304","chr9","61650748","61651046","37","55111742"
"chr4","6543875","6544170","chr11","13702068","13702363","36","7158193"
"chr4","6580982","6581285","chr5","32469834","32470141","46","25888852"
"chr4","6589046","6589330","chr2","77570141","77570429","49","70981095"
"chr4","6601793","6602010","chr7","73251066","73251287","36","66649273"
"chr4","6631956","6632248","chr15","35190462","35190761","42","28558506"
"chr4","6634753","6635044","chr4","13663992","13664285","44","7029239"
"chr4","6643126","6643449","chr7","52545916","52546225","49","45902790"
"chr4","6650604","6650768","chr1","44789285","44789450","27","38138681"
"chr4","6659532","6659833","chr8","21354878","21355187","43","14695346"
"chr4","6665921","6666230","chr1","113886598","113886907","40","107220677"
"chr4","6669021","6669327","chr10","16049988","16050292","35","9380967"
"chr4","6679642","6679755","chr15","94792064","94792178","18","88112422"
"chr4","6679943","6680058","chr1","219334604","219334715","16","212654661"
"chr4","6700825","6701124","chr2","146254274","146254570","49","139553449"
"chr4","6727096","6727395","chr1","29380917","29381213","40","22653821"
"chr4","6733480","6733786","chr2","46682521","46682821","34","39949041"
"chr4","6750452","6750747","chr7","52736490","52736780","48","45986038"
"chr4","6764850","6765139","chr11","59744208","59744500","32","52979358"
"chr4","6769254","6769554","chr19","35482053","35482349","45","28712799"
"chr4","6772494","6772697","chr9","34404783","34404992","38","27632289"
"chr4","6775670","6775968","chr4","21600067","21600357","39","14824397"
"chr4","6779898","6780198","chr16","1419036","1419322","46","5360862"
"chr4","6782716","6782767","chr1","49394923","49394973","6","42612207"
"chr4","6797694","6797999","chr12","58894080","58894384","31","52096386"
"chr4","6801590","6801841","chr11","47786603","47786857","39","40985013"
"chr4","6817153","6817449","chrX","45487697","45487995","34","38670544"
"chr4","6817894","6818196","chrX","118400711","118401003","52","111582817"
"chr4","6825448","6825791","chr1","56867920","56868268","72","50042472"
"chr4","6828602","6828718","chr2","90012852","90012963","14","83184250"
"chr4","6832654","6832949","chr13","25232626","25232918","47","18399972"
"chr4","6845559","6845859","chr1","124998618","124998915","40","118153059"
"chr4","6881988","6882276","chr16","56231923","56232210","40","49349935"
"chr4","6896709","6897012","chr2","46682521","46682821","43","39785812"
"chr4","6902324","6902627","chr2","31655437","31655735","39","24753113"
"chr4","6916924","6917219","JH682036","358126","358421","30","6558798"
"chr4","6925814","6926093","chr7","112179935","112180216","45","105254121"
"chr4","6939891","6940185","chr10","10378732","10379028","39","3438841"
"chr4","6944600","6944910","chrX","63576021","63576327","51","56631421"
"chr4","6968625","6968922","chr5","129730123","129730422","30","122761498"
"chr4","6975173","6975479","chr1","4101212","4101523","38","2873961"
"chr4","6989559","6989867","chr1","7993999","7994304","36","1004440"
"chr4","7004889","7005189","chr10","13545220","13545515","38","6540331"
"chr4","7061098","7061382","chrX","21156489","21156772","49","14095391"
"chr4","7066901","7067167","chr4","135313924","135314188","36","128247023"
"chr4","7079379","7079678","chr1","946135","946434","33","6133244"
"chr4","7079686","7079995","chr1","34059946","34060256","39","26980260"
"chr4","7087349","7087653","chr13","10414734","10415034","36","3327385"
"chr4","7090300","7090593","chr1","92711937","92712231","41","85621637"
"chr4","7099275","7099472","chr10","79672783","79672981","41","72573508"
"chr4","7100611","7100892","chr9","84372000","84372280","35","77271389"
"chr4","7124956","7125264","chrX","105763749","105764060","43","98638793"
"chr4","7140382","7140686","chr4","104548625","104548926","40","97408243"
"chr4","7144173","7144461","chr19","42217194","42217479","37","35073021"
"chr4","7152458","7152752","chr14","15577285","15577579","29","8424827"
"chr4","7348003","7348262","chr1","32467561","32467829","53","25119558"
"chr4","7407413","7407683","chr7","123386234","123386495","46","115978821"
"chr4","7613901","7614209","chr13","32817425","32817728","35","25203524"
"chr4","7695850","7696141","chr9","7025626","7025918","34","670224"
"chr4","7875682","7875964","chr4","125838247","125838531","35","117962565"
"chr4","7919708","7919811","chr9","93388014","93388117","12","85468306"
"chr4","7932776","7933055","chr8","31765165","31765448","47","23832389"
"chr4","7934350","7934661","chr4","100335145","100335457","36","92400795"
"chr4","7958381","7958687","chr13","125134336","125134638","46","117175955"
"chr4","7976067","7976340","chr1","47939210","47939486","47","39963143"
"chr4","8020821","8020956","chr3","10008224","10008365","23","1987403"
"chr4","8031445","8031728","chr9","37613139","37613425","35","29581694"
"chr4","8036225","8036528","chr2","106418670","106418975","49","98382445"
"chr4","8085333","8085625","chr11","13702068","13702363","37","5616735"
"chr4","8104931","8105009","chr1","52854514","52854589","16","44749583"
"chr4","8105866","8106101","chr1","100959718","100959948","35","92853852"
"chr4","8138939","8139262","chr2","55010925","55011223","67","46871986"
"chr4","8148172","8148449","chr20","49701084","49701366","38","41552912"
"chr4","8152836","8153128","chr3","103398952","103399243","40","95246116"
"chr4","8156092","8156394","chr13","61259817","61260123","32","53103725"
"chr4","8161487","8161755","chr13","125428263","125428536","52","117266776"
"chr4","8168748","8169051","chr11","108474262","108474559","42","100305514"
"chr4","8175572","8175850","chr2","99954395","99954676","39","91778823"
"chr4","8177909","8178205","chr2","147426415","147426718","42","139248506"
"chr4","8230575","8230860","chr19","645039","645323","38","7585536"
"chr4","8249276","8249581","chr10","20549883","20550183","36","12300607"
"chr4","8291268","8291569","chr4","82945647","82945940","48","74654379"
"chr4","8370273","8370584","chr12","34084117","34084423","47","25713844"
"chr4","8401393","8401692","chr9","84473646","84473946","33","76072253"
"chr4","8409248","8409495","chrX","108014686","108014948","48","99605438"
"chr4","8441031","8441308","chr10","10713960","10714251","48","2272929"
"chr4","8445024","8445314","chr12","5824097","5824388","42","2620927"
"chr4","8446981","8447249","chr19","32590740","32591017","51","24143759"
"chr4","8621621","8621910","chr1","33203582","33203871","40","24581961"
"chr4","8686881","8687189","chr3","12603123","12603437","33","3916242"
"chr4","8713213","8713516","chr4","42866053","42866357","40","34152840"
"chr4","8740958","8741257","chr11","8138169","8138470","33","602789"
"chr4","8745152","8745449","chr15","29522390","29522690","46","20777238"
"chr4","8784291","8784574","chr7","106433504","106433794","44","97649213"
"chr4","8789463","8789768","chrX","19437458","19437770","43","10647995"
"chr4","8825788","8826074","chr6","138046869","138047152","39","129221081"
"chr4","8827678","8827786","chr10","75887085","75887190","17","67059407"
"chr4","8840675","8840968","chr7","123255911","123256206","49","114415236"
"chr4","8843564","8843847","chr3","103259893","103260176","50","94416329"
"chr4","8851259","8851546","chr4","11123588","11123874","36","2272329"
"chr4","8877269","8877533","chr9","93552709","93552987","45","84675440"
"chr4","8882220","8882514","chr13","88322780","88323071","43","79440560"
"chr4","8897459","8897755","chr10","90361835","90362131","34","81464376"
"chr4","9026196","9026529","chr15","96676955","96677274","78","87650759"
"chr4","9028573","9028838","chr4","79455473","79455733","42","70426900"
"chr4","9134441","9134729","chr8","91312269","91312560","44","82177828"
"chr4","9136710","9137005","chr2","184580196","184580486","45","175443486"
"chr4","9137332","9137625","chr11","72112916","72113210","33","62975584"
"chr4","9226176","9226479","chr14","2103536","2103837","46","7122640"
"chr4","9305305","9305596","chr11","59744208","59744500","34","50438903"
"chr4","9308723","9309022","chr9","92635229","92635527","43","83326506"
"chr4","9439194","9439496","chr2","46682521","46682821","33","37243327"
"chr4","9547851","9547939","chr9","105893980","105894066","14","96346129"
"chr4","9619496","9619805","chr1","11912016","11912323","49","2292520"
"chr4","9719237","9719509","chr15","53785505","53785784","54","44066268"
"chr4","9741146","9741434","chr9","11725191","11725472","54","1984045"
"chr4","9838120","9838413","chr11","59744208","59744500","29","49906088"
"chr4","9960116","9960410","chr17","23859405","23859701","35","13899289"
"chr4","9965525","9965733","chr8","56570363","56570574","41","46604838"
"chr4","10024795","10025066","chr7","127242796","127243071","43","117218001"
"chr4","10055676","10055967","chr17","30611756","30612052","39","20556080"
"chr4","10060010","10060266","chr13","91721655","91721915","39","81661645"
"chr4","10155514","10155806","chr9","34818668","34818959","47","24663154"
"chr4","10232629","10232914","chr5","15719081","15719370","42","5486452"
"chr4","10246451","10246757","chr4","56503347","56503657","52","46256896"
"chr4","10269818","10270116","chr9","56856523","56856815","43","46586705"
"chr4","10325371","10325482","chr4","53194623","53194735","14","42869252"
"chr4","10438383","10438689","chr4","103563977","103564286","44","93125594"
"chr4","10446135","10446434","chrX","28734753","28735052","36","18288618"
"chr4","10447596","10447882","chr1","9902896","9903189","51","544700"
"chr4","10476330","10476629","chr7","147165636","147165932","46","136689306"
"chr4","10518400","10518688","chr5","34428917","34429213","36","23910517"
"chr4","10529355","10529636","chr14","47770929","47771212","42","37241574"
"chr4","10535030","10535313","chr14","119229630","119229918","52","108694600"
"chr4","10546047","10546341","chr2","186511571","186511867","40","175965524"
"chr4","10580666","10580973","chr12","81332806","81333105","55","70752140"
"chr4","10600641","10600925","chr2","184580196","184580486","41","173979555"
"chr4","10616206","10616493","chr10","62315260","62315548","31","51699054"
"chr4","10625700","10625977","chr13","92441785","92442065","38","81816085"
"chr4","10636090","10636345","chr18","68064885","68065155","47","57428795"
"chr4","10663119","10663383","chr1","10273687","10273957","46","389432"
"chr4","10679652","10679916","chr2","152202700","152202973","46","141523048"
"chr4","10739597","10739698","chr12","69481032","69481136","22","58741435"
"chr4","10764230","10764458","chr10","66119300","66119522","41","55355070"
"chr4","10781150","10781443","chr3","68236255","68236560","39","57455105"
"chr4","10808354","10808646","chr11","12718595","12718887","37","1910241"
"chr4","10862107","10862412","chr11","92463562","92463865","36","81601455"
"chr4","10943410","10943710","chr19","3064712","3065012","32","7878698"
"chr4","10953511","10953806","chr19","47662689","47662983","41","36709178"
"chr4","11056566","11056811","chr17","28246937","28247182","42","17190371"
"chr4","11155046","11155323","chr3","178701270","178701546","47","167546224"
"chr4","11156597","11156888","chr4","108800307","108800597","39","97643710"
"chr4","11169763","11170049","chr10","28163185","28163471","42","16993422"
"chr4","11199800","11200080","chr16","10284708","10284991","51","915092"
"chr4","11234028","11234326","chr6","128487941","128488242","47","117253913"
"chr4","11252852","11253144","chr1","125312140","125312429","39","114059288"
"chr4","11279498","11279787","chr3","150228925","150229224","42","138949427"
"chr4","11280836","11281095","chr3","39124509","39124771","46","27843673"
"chr4","11306949","11307256","chr4","14949121","14949425","44","3642172"
"chr4","11312176","11312475","chr6","65091798","65092097","44","53779622"
"chr4","11320098","11320379","chr14","12533962","12534250","48","1213864"
"chr4","11351691","11351993","chr2","102989050","102989349","37","91637359"
"chr4","11354621","11354918","chr19","3064712","3065012","39","8289909"
"chr4","11358062","11358347","chr14","43542070","43542357","37","32184008"
"chr4","11368737","11369034","chr13","73189729","73190025","43","61820992"
"chr4","11392009","11392317","chr1","30908569","30908875","46","19516560"
"chr4","11431716","11432007","chr1","30009463","30009748","43","18577747"
"chr4","11458676","11458948","chr15","81608904","81609175","43","70150228"
"chr4","11474928","11475152","chr7","73251066","73251287","49","61776138"
"chr4","11556462","11556755","chr11","59744208","59744500","29","48187746"
"chr4","11561468","11561600","chr7","86475740","86475844","37","74914272"
"chr4","11610518","11610815","chr15","7561500","7561795","38","4049018"
"chr4","11731690","11731967","chr17","61893768","61894049","45","50162078"
"chr4","11732744","11733048","chrX","21382000","21382304","42","9649256"
"chr4","11778761","11779064","chr13","32817425","32817728","29","21038664"
"chr4","11797733","11798034","chr3","109543526","109543829","43","97745793"
"chr4","11847498","11847794","chr1","113722216","113722513","33","101874718"
"chr4","11851488","11851786","chr1","20012770","20013073","43","8161282"
"chr4","11863690","11863981","chr1","30080248","30080540","34","18216558"
"chr4","11871313","11871610","chr14","62424157","62424457","52","50552844"
"chr4","11919387","11919668","chr1","31479476","31479756","49","19560089"
"chr4","11920014","11920315","chr7","39150647","39150942","43","27230633"
"chr4","11997259","11997575","chr1","206628747","206629060","57","194631488"
"chr4","12026014","12026313","chr6","124714488","124714790","42","112688474"
"chr4","12034664","12034963","chr3","74390980","74391277","41","62356316"
"chr4","12049839","12050121","chr11","88966345","88966635","42","76916506"
"chr4","12050211","12050520","chr11","11755747","11756048","41","294464"
"chr4","12070009","12070269","chr13","84635853","84636114","45","72565844"
"chr4","12113041","12113322","chr8","88869400","88869673","47","76756359"
"chr4","12128728","12128876","chr15","24875659","24875811","28","12746931"
"chr4","12148667","12148960","chr12","58244299","58244591","46","46095632"
"chr4","12192144","12192439","chr6","89480157","89480448","55","77288013"
"chr4","12200156","12200456","chr17","23859405","23859701","39","11659249"
"chr4","12237613","12237916","chr10","28321341","28321644","42","16083728"
"chr4","12244200","12244498","chr1","129567144","129567444","49","117322944"
"chr4","12299059","12299305","chr4","16247477","16247732","38","3948418"
"chr4","12336472","12336764","chr17","20945248","20945548","45","8608776"
"chr4","12339800","12340094","chr1","12865060","12865361","50","525260"
"chr4","12368047","12368335","chr1","17739723","17740013","41","5371676"
"chr4","12500527","12500825","chr6","40346304","40346603","46","27845777"
"chr4","12729501","12729788","chr3","12554564","12554854","30","174937"
"chr4","12745419","12745726","chr14","96547675","96547981","41","83802256"
"chr4","12788539","12788840","chr14","64214831","64215143","56","51426292"
"chr4","12807979","12808272","chrX","137765287","137765594","56","124957308"
"chr4","12820874","12821060","chr15","42790613","42790798","34","29969739"
"chr4","12863383","12863674","chr11","59744208","59744500","33","46880825"
"chr4","12872765","12873044","chr1","124250793","124251086","46","111378028"
"chr4","12925643","12925944","chr9","25603269","25603573","33","12677626"
"chr4","12935399","12935690","chr1","124250793","124251086","35","111315394"
"chr4","13011491","13011761","chr19","32590740","32591017","51","19579249"
"chr4","13013205","13013492","chr1","48763142","48763429","42","35749937"
"chr4","13031325","13031620","chr1","13957293","13957592","39","925968"
"chr4","13040945","13041242","chr3","160772561","160772858","34","147731616"
"chr4","13069615","13069908","chr3","14906033","14906330","41","1836418"
"chr4","13097859","13098151","chr10","59447078","59447368","41","46349219"
"chr4","13160165","13160446","chr15","26878649","26878926","45","13718484"
"chr4","13230751","13231063","chr6","128302615","128302924","47","115071864"
"chr4","13242200","13242496","chr3","44998366","44998666","49","31756166"
"chr4","13268403","13268655","chr1","18086007","18086262","51","4817604"
"chr4","13338023","13338316","chr8","25582102","25582396","37","12244079"
"chr4","13374944","13375234","chr1","125312140","125312429","43","111937196"
"chr4","13400715","13401012","chr7","120310502","120310798","38","106909787"
"chr4","13443617","13443967","chr9","56097647","56097972","85","42654030"
"chr4","13453983","13454290","chr10","36138793","36139095","42","22684810"
"chr4","13486824","13486947","chr18","2815099","2815224","14","10671725"
"chr4","13498212","13498515","chr3","69228301","69228608","45","55730089"
"chr4","13508849","13509149","chr4","10828530","10828827","41","2680319"
"chr4","13512345","13512644","chr9","93676922","93677220","46","80164577"
"chr4","13521719","13522000","chr6","165329904","165330188","40","151808185"
"chr4","13534958","13535263","chr13","32817425","32817728","35","19282467"
"chr4","13555955","13556248","chr4","151594488","151594786","39","138038533"
"chr4","13559224","13559523","chr4","31017666","31017967","35","17458442"
"chr4","13566431","13566714","chr10","62315260","62315548","34","48748829"
"chr4","13605347","13605470","chr10","19499881","19500000","20","5894534"
"chr4","13651208","13651518","chr2","99631565","99631872","50","85980357"
"chr4","13654827","13655045","chr12","89520645","89520868","36","75865818"
"chr4","13657077","13657339","chrX","105425938","105426197","37","91768861"
"chr4","13661413","13661648","chr4","126881103","126881342","39","113219690"
"chr4","13671475","13671787","chr1","184245531","184245842","51","170574056"
"chr4","13683105","13683390","chr1","109957350","109957629","49","96274245"
"chr4","13684015","13684320","chr5","5215833","5216129","40","8468182"
"chr4","13689770","13690072","chr13","62636440","62636740","35","48946670"
"chr4","13690492","13690743","chr11","59745076","59745331","40","46054584"
"chr4","13691380","13691669","chr7","34314811","34315097","41","20623431"
"chr4","13711622","13711920","chr9","39465904","39466201","49","25754282"
"chr4","13741550","13741853","chr17","30611756","30612052","41","16870206"
"chr4","13746942","13747226","chrX","42585837","42586121","43","28838895"
"chr4","13747854","13748143","chr2","94343271","94343561","34","80595417"
"chr4","13756740","13757020","chr4","13663992","13664285","42","92748"
"chr4","13764548","13764856","chr16","58339731","58340035","42","44575183"
"chr4","13778329","13778611","chr1","7460034","7460321","38","6318295"
"chr4","13784622","13784928","chr7","36318273","36318570","49","22533651"
"chr4","13821498","13821810","chr13","43327633","43327946","44","29506135"
"chr4","13854592","13854821","chr10","76202595","76202819","38","62348003"
"chr4","13877156","13877458","chr6","124714488","124714790","48","110837332"
"chr4","13941705","13942008","chr2","50634219","50634525","42","36692514"
"chr4","13949786","13950066","chr4","14649186","14649479","44","699400"
"chr4","14015034","14015335","chr17","27643358","27643658","40","13628324"
"chr4","14107220","14107522","chr1","47149509","47149810","43","33042289"
"chr4","14132256","14132525","chr16","50279212","50279487","33","36146956"
"chr4","14170820","14171102","chr2","149808038","149808322","41","135637218"
"chr4","14229761","14230066","chr16","20356273","20356575","33","6126512"
"chr4","14308261","14308563","chr16","11126268","11126568","32","3181993"
"chr4","14367035","14367333","chr3","46329604","46329904","39","31962569"
"chr4","14421259","14421486","chr8","76100671","76100906","54","61679412"
"chr4","14434173","14434467","chr9","7025626","7025918","37","7408547"
"chr4","14580256","14580543","chr2","184580196","184580486","36","169999940"
"chr4","14613517","14613633","chrX","666977","667093","16","13946540"
"chr4","14665326","14665612","chr16","1419036","1419322","41","13246290"
"chr4","14684158","14684450","chr1","11366377","11366670","37","3317781"
"chr4","14709506","14709800","chr20","19191326","19191624","42","4481820"
"chr4","14745645","14745904","chr1","201871139","201871415","57","187125494"
"chr4","14819918","14820194","chr3","173261737","173262020","48","158441819"
"chr4","14847163","14847445","chr1","188695917","188696206","53","173848754"
"chr4","14878337","14878638","chr2","55010925","55011223","44","40132588"
"chr4","14895968","14896266","chr3","9531529","9531830","48","5364439"
"chr4","14911108","14911400","chr1","219225924","219226223","41","204314816"
"chr4","14927539","14927836","chr19","7027223","7027511","48","7900316"
"chr4","14929805","14930102","chr14","98318663","98318962","34","83388858"
"chr4","14955535","14955835","chr1","213549424","213549721","42","198593889"
"chr4","15077047","15077355","chr14","30842186","30842487","44","15765139"
"chr4","15102149","15102445","chr5","11182627","11182922","42","3919522"
"chr4","15103746","15104044","chr16","32814556","32814856","37","17710810"
"chr4","15124799","15124927","chr1","64064868","64064999","18","48940069"
"chr4","15131763","15132051","JH681718","1352","1640","45","15130411"
"chr4","15152803","15153094","chr3","103398952","103399243","35","88246149"
"chr4","15154208","15154493","chr20","54767706","54767999","36","39613498"
"chr4","15157826","15158126","chr13","32817425","32817728","35","17659599"
"chr4","15167730","15168039","chr3","61280488","61280798","37","46112758"
"chr4","15202453","15202583","chr4","14928762","14928890","18","273691"
"chr4","15247855","15248138","chr13","84381294","84381588","42","69133439"
"chr4","15254709","15254912","chr7","60839241","60839437","37","45584532"
"chr4","15308922","15309050","chr19","11034584","11034709","19","4274338"
"chr4","15340520","15340811","chr7","116541236","116541527","34","101200716"
"chr4","15346137","15346433","chr5","56973726","56974023","37","41627589"
"chr4","15349074","15349345","chr16","32173131","32173398","38","16824057"
"chr4","15485121","15485366","chr1","124420303","124420554","41","108935182"
"chr4","15485581","15485750","chr3","145773051","145773242","45","130287470"
"chr4","15519143","15519444","chr1","67368758","67369056","38","51849615"
"chr4","15709124","15709250","chr7","43693641","43693766","16","27984517"
"chr4","15720985","15721269","chrX","87140716","87140997","39","71419731"
"chr4","15734139","15734434","chr14","116591906","116592196","55","100857767"
"chr4","15741023","15741322","chr16","69034579","69034877","41","53293556"
"chr4","15772083","15772395","chr9","37949992","37950301","40","22177909"
"chr4","15795432","15795740","chr1","123829563","123829868","38","108034131"
"chr4","15846953","15847252","chr7","120310502","120310798","34","104463549"
"chr4","15890911","15891190","chr1","55214758","55215045","45","39323847"
"chr4","15951060","15951376","chr13","85064557","85064873","43","69113497"
"chr4","16073124","16073423","chr7","129975763","129976062","50","113902639"
"chr4","16157411","16157662","chr8","102916371","102916625","42","86758960"
"chr4","16168512","16168809","chr7","90971726","90972022","49","74803214"
"chr4","16185669","16185941","chr2","39029241","39029515","37","22843572"
"chr4","16223388","16223642","chr13","31069584","31069824","44","14846196"
"chr4","16241498","16241786","chr9","7840641","7840941","41","8400857"
"chr4","16324597","16324878","chr5","2704793","2705081","47","13619804"
"chr4","16339655","16339944","chr18","6332576","6332842","78","10007079"
"chr4","16387766","16388065","chr11","112667792","112668088","33","96280026"
"chr4","16420791","16421084","chr4","33860712","33861004","43","17439921"
"chr4","16499224","16499497","chr8","51908397","51908671","50","35409173"
"chr4","16608615","16608898","chr18","15788387","15788669","39","820228"
"chr4","16649875","16650172","chr11","103464317","103464610","40","86814442"
"chr4","16653738","16654050","chr3","12713884","12714173","68","3939854"
"chr4","16687021","16687310","chr15","81658137","81658411","56","64971116"
"chr4","16728635","16728932","chr6","134473819","134474118","51","117745184"
"chr4","16750991","16751100","chr16","31241669","31241774","32","14490678"
"chr4","16864695","16864980","chrX","139100323","139100604","49","122235628"
"chr4","16955268","16955561","chr6","142572268","142572563","34","125617000"
"chr4","17003769","17004053","chrX","20846410","20846706","40","3842641"
"chr4","17020809","17021113","chr12","64068852","64069156","43","47048043"
"chr4","17059668","17059962","chr3","41188591","41188879","41","24128923"
"chr4","17159281","17159578","chr8","10295077","10295376","40","6864204"
"chr4","17165018","17165331","chr19","13088655","13088969","48","4076363"
"chr4","17181689","17181998","chr14","34141827","34142140","48","16960138"
"chr4","17192937","17193198","chr8","16410207","16410486","57","782730"
"chr4","17197088","17197394","chr13","61259817","61260123","29","44062729"
"chr4","17232374","17232620","chr3","44476893","44477138","39","27244519"
"chr4","17272423","17272721","chr11","59744208","59744500","31","42471785"
"chr4","17406522","17406815","chr1","124250793","124251086","37","106844271"
"chr4","17436745","17437033","chr19","15633246","15633553","44","1803499"
"chr4","17466918","17467216","chr14","47680279","47680575","45","30213361"
"chr4","17488561","17488824","chr11","46291436","46291687","54","28802875"
"chr4","17537073","17537374","chr10","71747367","71747661","50","54210294"
"chr4","17538889","17539182","chr2","167088645","167088942","50","149549756"
"chr4","17599237","17599532","chr19","47662689","47662983","38","30063452"
"chr4","17601469","17601748","chr20","49701084","49701366","38","32099615"
"chr4","17606714","17606990","chr2","106291841","106292126","49","88685127"
"chr4","17639659","17639981","chrX","19437458","19437770","45","1797799"
"chr4","17690632","17690923","chr5","34814992","34815284","37","17124360"
"chr4","17718333","17718628","chr19","27133425","27133720","32","9415092"
"chr4","17725857","17726146","chr2","77840404","77840698","45","60114547"
"chr4","17726969","17727258","chr19","50856590","50856879","47","33129621"
"chr4","17744459","17744753","chr1","191232237","191232533","36","173487778"
"chr4","17749340","17749621","chr6","131196166","131196457","42","113446826"
"chr4","17762271","17762551","chr7","151979566","151979860","43","134217295"
"chr4","17792689","17792989","chr1","67368758","67369056","29","49576069"
"chr4","17795687","17795968","chr1","23462198","23462478","48","5666511"
"chr4","17795976","17796266","chr19","12557275","12557573","45","5238701"
"chr4","17803801","17804101","chr10","46007696","46008002","36","28203895"
"chr4","17804533","17804635","chr3","160368626","160368728","17","142564093"
"chr4","17822001","17822293","chr16","18796729","18797022","36","974728"
"chr4","17823228","17823532","chr7","95573933","95574241","46","77750705"
"chr4","17871408","17871701","chr6","142572268","142572563","41","124700860"
"chr4","17873612","17873898","chr17","25222146","25222432","42","7348534"
"chr4","17875847","17876172","chr8","118063941","118064263","58","100188094"
"chr4","17919902","17920204","chr4","56503347","56503657","36","38583445"
"chr4","17968239","17968536","chr3","45626371","45626668","41","27658132"
"chr4","17974537","17974832","chrX","43914906","43915203","34","25940369"
"chr4","17982730","17983028","chr3","45626371","45626668","31","27643641"
"chr4","17989108","17989420","chr6","124714488","124714790","40","106725380"
"chr4","18020546","18020850","chr17","78189511","78189816","43","60168965"
"chr4","18022582","18022863","chr15","26878649","26878926","48","8856067"
"chr4","18052386","18052690","chr3","160849351","160849651","41","142796965"
"chr4","18070206","18070510","chr17","78189511","78189816","41","60119305"
"chr4","18072541","18072833","chr13","68982542","68982833","40","50910001"
"chr4","18102435","18102737","chr15","48151534","48151833","39","30049099"
"chr4","18123933","18124244","chr4","146406391","146406702","40","128282458"
"chr4","18126537","18126654","chr2","93239890","93240008","13","75113353"
"chr4","18129958","18130236","chr7","132975622","132975901","35","114845664"
"chr4","18142529","18142807","chr14","102353882","102354158","46","84211353"
"chr4","18143593","18143873","chr4","154135592","154135882","41","135991999"
"chr4","18148921","18149185","chr4","9974725","9974989","36","8174196"
"chr4","18159109","18159421","chr8","34244854","34245171","49","16085745"
"chr4","18169978","18170276","chr11","10098018","10098319","32","8071960"
"chr4","18187651","18187949","chr1","67368758","67369056","35","49181107"
"chr4","18243177","18243416","chr13","117404280","117404537","50","99161103"
"chr4","18252688","18252983","chr10","29691322","29691619","40","11438634"
"chr4","18294794","18295103","chr3","49973927","49974238","43","31679133"
"chr4","18302851","18303116","chr2","88612634","88612907","50","70309783"
"chr4","18303374","18303666","chr8","135570795","135571074","45","117267421"
"chr4","18314396","18314681","chr2","96514589","96514879","47","78200193"
"chr4","18351011","18351316","chr1","33914257","33914562","39","15563246"
"chr4","18363696","18364003","chr6","136181307","136181618","51","117817611"
"chr4","18491203","18491467","chr6","37539523","37539787","42","19048320"
"chr4","18647271","18647564","chr2","47452536","47452831","40","28805265"
"chr4","18787284","18787583","chr3","175042665","175042963","42","156255381"
"chr4","18905769","18905971","chr1","54579002","54579197","37","35673233"
"chr4","18908295","18908583","chr8","28825632","28825920","36","9917337"
"chr4","18909944","18910240","chr4","9517930","9518227","43","9392014"
"chr4","18981042","18981329","chr8","90338691","90338980","48","71357649"
"chr4","19004155","19004457","chr14","13190229","13190534","60","5813926"
"chr4","19054854","19055160","chr3","69228301","69228608","38","50173447"
"chr4","19083969","19084263","chr10","83331290","83331585","45","64247321"
"chr4","19133847","19134139","chr3","12262798","12263090","41","6871049"
"chr4","19164004","19164301","chr9","61528283","61528574","46","42364279"
"chr4","19166747","19167032","chr10","62315260","62315548","38","43148513"
"chr4","19169869","19169987","chr16","52408903","52409022","19","33239034"
"chr4","19256193","19256497","chr16","21958952","21959252","41","2702759"
"chr4","19353170","19353464","chr14","111877236","111877529","39","92524066"
"chr4","19367408","19367707","chr16","28093847","28094131","63","8726439"
"chr4","19486187","19486496","chr1","114716826","114717136","53","95230639"
"chr4","19500567","19500868","chr12","87487181","87487483","44","67986614"
"chr4","19506811","19507106","chr19","35482053","35482349","36","15975242"
"chr4","19539908","19540195","chr16","1419036","1419322","47","18120872"
"chr4","19546326","19546647","chr6","30988089","30988401","48","11441763"
"chr4","19650146","19650441","chr14","21158129","21158427","55","1507983"
"chr4","19656062","19656346","chr1","210726116","210726412","54","191070054"
"chr4","19656372","19656476","chr8","117947537","117947637","20","98291165"
"chr4","19773409","19773637","chr1","134175163","134175385","42","114401754"
"chr4","19798563","19798861","chr3","45626371","45626668","33","25827808"
"chr4","19844727","19845019","chr4","161349293","161349586","70","141504566"
"chr4","19855021","19855108","chr1","212665284","212665369","18","192810263"
"chr4","19909212","19909506","chr14","118733966","118734257","38","98824754"
"chr4","20008485","20008784","chr13","107030178","107030478","35","87021693"
"chr4","20132549","20132837","JH682036","358126","358421","38","19774423"
"chr4","20210043","20210337","chr1","91720982","91721273","37","71510939"
"chr4","20238859","20239149","chr9","7025626","7025918","25","13213233"
"chr4","20260944","20261255","chr3","12603123","12603437","41","7657821"
"chr4","20291510","20291817","chr3","35164529","35164835","34","14873019"
"chr4","20320598","20320878","chr10","30085573","30085855","39","9764975"
"chr4","20406720","20407006","chr11","29875176","29875465","36","9468456"
"chr4","20418986","20419256","chr14","58571371","58571643","43","38152385"
"chr4","20457851","20458145","chr13","32817425","32817728","43","12359574"
"chr4","20488947","20489254","chr6","136181307","136181618","49","115692360"
"chr4","20532306","20532593","chr1","139126843","139127134","43","118594537"
"chr4","20560783","20561088","chr1","118069798","118070111","43","97509015"
"chr4","20574030","20574340","chr7","65109677","65109988","40","44535647"
"chr4","20621693","20621987","chr10","13285322","13285614","37","7336371"
"chr4","20673337","20673642","chr13","107030178","107030478","42","86356841"
"chr4","20677480","20677773","chr14","31776309","31776604","46","11098829"
"chr4","20719341","20719623","chr2","97792567","97792851","44","77073226"
"chr4","20733459","20733751","chr10","29960412","29960708","45","9226953"
"chr4","20786720","20787030","chr8","28037586","28037897","38","7250866"
"chr4","20831863","20832144","chr1","204813267","204813556","45","183981404"
"chr4","20840744","20841046","chr4","7529452","7529750","42","13311292"
"chr4","20847785","20848026","chr2","125505641","125505883","30","104657856"
"chr4","20849221","20849356","chr11","49192697","49192830","19","28343476"
"chr4","20894127","20894397","chr10","87259063","87259328","39","66364936"
"chr4","20904253","20904549","chr15","1988979","1989274","43","18915274"
"chr4","20907645","20907946","chr3","87759090","87759388","40","66851445"
"chr4","20911921","20912214","chr9","52806874","52807175","39","31894953"
"chr4","20919502","20919624","chr19","48972706","48972828","22","28053204"
"chr4","21095828","21096104","chr12","63997015","63997287","42","42901187"
"chr4","21097186","21097483","chr4","159595315","159595611","45","138498129"
"chr4","21101029","21101337","chr8","97994163","97994466","42","76893134"
"chr4","21114603","21114908","chr3","3739621","3739925","37","17374982"
"chr4","21127837","21128133","chr11","59744208","59744500","32","38616371"
"chr4","21165232","21165542","chr2","87149785","87150096","47","65984553"
"chr4","21173619","21173924","chr11","36769212","36769521","38","15595593"
"chr4","21176491","21176796","chr12","92003895","92004208","41","70827404"
"chr4","21182269","21182373","chr11","109642886","109642993","18","88460617"
"chr4","21192335","21192642","chr1","29984577","29984876","46","8792242"
"chr4","21195683","21196002","chrX","43179195","43179504","45","21983512"
"chr4","21223720","21224026","chr16","15788944","15789248","39","5434776"
"chr4","21282112","21282401","chr16","18796729","18797022","33","2485383"
"chr4","21291624","21291916","chr1","48763142","48763429","45","27471518"
"chr4","21295099","21295397","chr11","4016647","4016949","41","17278452"
"chr4","21304105","21304397","chr12","97473240","97473538","45","76169135"
"chr4","21352382","21352514","chr11","111017844","111017978","18","89665462"
"chr4","21352857","21353144","chr1","184665952","184666245","60","163313095"
"chr4","21354830","21355124","chr16","38427507","38427799","51","17072677"
"chr4","21366237","21366527","chr2","136534351","136534644","43","115168114"
"chr4","21482723","21483026","chr1","213070791","213071090","38","191588068"
"chr4","21486659","21486905","chr12","63756955","63757195","40","42270296"
"chr4","21495039","21495333","chr2","126433678","126433974","44","104938639"
"chr4","21518786","21519049","chr4","135313924","135314188","43","113795138"
"chr4","21548440","21548735","chr1","213070791","213071090","49","191522351"
"chr4","21550593","21550727","chr9","55629356","55629490","28","34078763"
"chr4","21550952","21551255","chr17","11233722","11234024","38","10317230"
"chr4","21551384","21551417","chr5","34443585","34443617","13","12892201"
"chr4","21551801","21552091","chr11","92048022","92048312","38","70496221"
"chr4","21556703","21557018","chr4","151432154","151432460","44","129875451"
"chr4","21559068","21559367","chr1","79952767","79953067","43","58393699"
"chr4","21568986","21569094","chr3","84703027","84703139","20","63134041"
"chr4","21569331","21569499","chr14","9667615","9667777","26","11901716"
"chr4","21590029","21590330","chr13","28311307","28311612","41","6721278"
"chr4","21596845","21597151","chr1","114141291","114141594","43","92544446"
"chr4","21599330","21599623","chr17","83808601","83808892","43","62209271"
"chr4","21629113","21629409","chr11","10060377","10060672","39","11568736"
"chr4","21636425","21636611","chr18","15685553","15685754","36","5950872"
"chr4","21668289","21668581","chr12","98300764","98301051","35","76632475"
"chr4","21670449","21670725","chr6","153464607","153464879","41","131794158"
"chr4","21841020","21841287","chr1","47626078","47626342","37","25785058"
"chr4","21871715","21872024","chr12","70041130","70041440","41","48169415"
"chr4","21927034","21927334","chr3","12603123","12603437","47","9323911"
"chr4","22002597","22002892","chr7","76889431","76889730","35","54886834"
"chr4","22012159","22012459","chr17","20945248","20945548","41","1066911"
"chr4","22040391","22040681","chr11","13702068","13702363","38","8338323"
"chr4","22308861","22309170","chr15","94658662","94658971","48","72349801"
"chr4","22372146","22372448","chr11","11755747","11756048","38","10616399"
"chr4","22417590","22417884","chr8","117193742","117194035","47","94776152"
"chr4","22634884","22635193","chr20","51574068","51574375","41","28939184"
"chr4","22739490","22739797","chr2","46682521","46682821","39","23943031"
"chr4","22816474","22816772","chr9","30414536","30414834","40","7598062"
"chr4","22963168","22963466","chr8","51940616","51940911","41","28977448"
"chr4","23073021","23073181","chr1","141003637","141003799","33","117930616"
"chr4","23077760","23078004","chr6","166194239","166194474","41","143116479"
"chr4","23090799","23091101","chr16","42531327","42531624","33","19440528"
"chr4","23153697","23153859","chr19","48108906","48109066","27","24955209"
"chr4","23252745","23253023","chr2","135177745","135178021","39","111925000"
"chr4","23394037","23394347","chr9","93246072","93246385","41","69852035"
"chr4","23402468","23402770","chr4","40995678","40995988","45","17593210"
"chr4","23483598","23483910","chr1","56071435","56071746","45","32587837"
"chr4","23577082","23577388","chr6","157477970","157478279","43","133900888"
"chr4","23621252","23621544","chr13","38718843","38719133","43","15097591"
"chr4","23693791","23694069","chr11","47502132","47502410","46","23808341"
"chr4","23813467","23813758","chr12","38645893","38646186","37","14832426"
"chr4","23819773","23820069","chr3","46066285","46066580","49","22246512"
"chr4","23877108","23877405","chr1","44950004","44950301","32","21072896"
"chr4","23954684","23954977","chr20","21400610","21400901","38","2554074"
"chr4","23972157","23972439","chr16","52653846","52654133","37","28681689"
"chr4","23989893","23990191","chr2","96239962","96240258","34","72250069"
"chr4","23993112","23993427","chr2","108203016","108203325","50","84209904"
"chr4","24015060","24015361","chr14","107177928","107178228","35","83162868"
"chr4","24016356","24016639","chr11","7143778","7144059","44","16872578"
"chr4","24040585","24040803","chr10","74721381","74721604","29","50680796"
"chr4","24097903","24098210","chrX","44962032","44962338","36","20864129"
"chr4","24170652","24170949","chr4","13002327","13002618","38","11168325"
"chr4","24244500","24244803","chr14","5934954","5935260","44","18309546"
"chr4","24452895","24453189","chr9","56023804","56024099","42","31570909"
"chr4","24466062","24466390","chr14","11686544","11686880","60","12779518"
"chr4","24522537","24522836","chr3","45626371","45626668","30","21103834"
"chr4","24537017","24537247","chr9","53458224","53458460","32","28921207"
"chr4","24637857","24638139","chrX","27848874","27849153","43","3211017"
"chr4","24654540","24654827","chr14","67997600","67997886","53","43343060"
"chr4","24684099","24684383","chr19","48620293","48620583","39","23936194"
"chr4","24736504","24736812","chr3","107368374","107368683","47","82631870"
"chr4","24796946","24797231","chr19","5352004","5352294","57","19444942"
"chr4","24821469","24821742","chr17","78068546","78068824","46","53247077"
"chr4","24831019","24831301","chr2","100062378","100062646","45","75231359"
"chr4","24851122","24851412","chr8","22381843","22382135","34","2469279"
"chr4","24854917","24855198","chr3","103259893","103260176","36","78404976"
"chr4","24861201","24861489","chr16","54181082","54181369","40","29319881"
"chr4","24884909","24885202","chr18","26162961","26163252","54","1278052"
"chr4","24916230","24916603","chr6","85238249","85238627","79","60322019"
"chr4","24920919","24921216","chr11","59744208","59744500","30","34823289"
"chr4","24944157","24944449","chr1","219677924","219678213","42","194733767"
"chr4","24970272","24970564","chr10","23559809","23560103","37","1410463"
"chr4","25007294","25007602","chr17","38821793","38822092","54","13814499"
"chr4","25008597","25008902","chr1","29380917","29381213","46","4372320"
"chr4","25039445","25039732","chr20","51188693","51188983","41","26149248"
"chr4","25045629","25045924","chr1","56954077","56954369","41","31908448"
"chr4","25064113","25064409","chr1","28150945","28151247","50","3086832"
"chr4","25078269","25078577","chr13","24550040","24550347","42","528229"
"chr4","25083630","25083928","chr9","116931794","116932092","38","91848164"
"chr4","25086399","25086677","chr13","42970808","42971080","53","17884409"
"chr4","25177533","25177840","chr14","58242826","58243132","44","33065293"
"chr4","25183799","25184107","chr9","87446936","87447238","41","62263137"
"chr4","25223430","25223736","chr1","7993999","7994304","36","17229431"
"chr4","25230081","25230367","chr13","107792315","107792606","40","82562234"
"chr4","25245072","25245349","chr10","47330984","47331271","50","22085912"
"chr4","25278345","25278621","chr11","95916037","95916317","45","70637692"
"chr4","25304011","25304314","chrX","128569263","128569566","43","103265252"
"chr4","25318061","25318358","chr6","151368944","151369238","39","126050883"
"chr4","25408339","25408612","chr3","178701270","178701546","57","153292931"
"chr4","25431332","25431632","chr2","46682521","46682821","35","21251189"
"chr4","25442491","25442791","chr16","7804673","7804980","47","17637818"
"chr4","25502067","25502358","chr1","52545621","52545912","42","27043554"
"chr4","25534212","25534517","chr16","12565059","12565364","38","12969153"
"chr4","25560267","25560566","chr1","18852431","18852735","38","6707836"
"chr4","25631475","25631620","chr13","46747819","46747958","30","21116344"
"chr4","25641351","25641618","chr15","68194469","68194750","58","42553118"
"chr4","25646556","25646864","chr2","90177231","90177535","43","64530675"
"chr4","25673595","25673845","chr2","49059917","49060182","50","23386322"
"chr4","25676265","25676564","chr4","69347489","69347789","43","43671224"
"chr4","25682903","25683205","chr19","38630844","38631148","42","12947941"
"chr4","25691549","25691857","chr2","187111797","187112101","49","161420248"
"chr4","25702992","25703298","chr3","127836231","127836530","44","102133239"
"chr4","25724945","25725170","chr5","67236528","67236757","65","41511583"
"chr4","25725591","25725637","chr6","115440800","115440844","11","89715209"
"chr4","25766943","25767252","chr3","60107534","60107845","35","34340591"
"chr4","25776099","25776399","chr9","29552692","29552995","33","3776593"
"chr4","25784829","25785127","chr10","29691322","29691619","31","3906493"
"chr4","25818404","25818702","chr4","2850213","2850514","38","22968191"
"chr4","25844422","25844730","chr6","157477970","157478279","46","131633548"
"chr4","25861007","25861312","chr3","171352242","171352548","39","145491235"
"chr4","25889048","25889259","chr13","7850027","7850241","36","18039021"
"chr4","25904890","25905107","chr6","101369939","101370158","35","75465049"
"chr4","25922723","25922934","chr13","7850027","7850241","35","18072696"
"chr4","25940701","25940836","chr2","93317431","93317570","24","67376730"
"chr4","25954237","25954556","chr8","27311169","27311480","52","1356932"
"chr4","26007513","26007815","chr11","59744208","59744500","38","33736695"
"chr4","26137787","26138077","chr2","178187197","178187490","43","152049410"
"chr4","26260133","26260429","chr10","29691322","29691619","40","3431189"
"chr4","26293908","26294203","chr11","44597420","44597716","35","18303512"
"chr4","26311097","26311390","chr11","112817485","112817779","45","86506388"
"chr4","26328888","26329166","chrX","61173730","61174015","40","34844842"
"chr4","26331065","26331347","chr1","25921502","25921792","43","409563"
"chr4","26432228","26432504","chr5","34504261","34504542","44","8072033"
"chr4","26466028","26466315","chr3","152714097","152714379","43","126248069"
"chr4","26497829","26498119","chr7","38013110","38013409","38","11515281"
"chr4","26544934","26545233","chr4","16987638","16987947","49","9557296"
"chr4","26567061","26567379","chr4","56503347","56503657","47","29936286"
"chr4","26588172","26588469","chr1","90834511","90834810","39","64246339"
"chr4","26682332","26682656","chr1","18212609","18212901","78","8469723"
"chr4","26704270","26704560","chr11","95105428","95105719","34","68401158"
"chr4","26764091","26764259","chr15","29967692","29967856","34","3203601"
"chr4","26767696","26767995","chr3","45626371","45626668","34","18858675"
"chr4","26807451","26807719","chr12","22213320","22213593","50","4594131"
"chr4","26927945","26928233","chr16","66084794","66085093","49","39156849"
"chr4","27072145","27072448","chr13","32817425","32817728","34","5745280"
"chr4","27192527","27192697","chr8","110756774","110756940","27","83564247"
"chr4","27264025","27264325","chr1","946135","946434","30","26317890"
"chr4","27314560","27314885","chr11","88438365","88438683","58","61123805"
"chr4","27345812","27345990","chr11","63042219","63042395","31","35696407"
"chr4","27395312","27395613","chr13","32817425","32817728","30","5422113"
"chr4","27589465","27589762","chr7","14430611","14430904","36","13158854"
"chr4","27653279","27653583","chr2","187111797","187112101","42","159458518"
"chr4","27680584","27680884","chr5","171657301","171657602","40","143976717"
"chr4","27682190","27682465","chr16","1630024","1630299","32","26052166"
"chr4","27682506","27682595","chr1","207305653","207305745","18","179623147"
"chr4","27923824","27924122","chr12","11131478","11131777","34","16792346"
"chr4","28010816","28011113","chr3","45626371","45626668","30","17615555"
"chr4","28194678","28194980","chr3","34969388","34969689","35","6774710"
"chr4","28353887","28354203","chr1","47450100","47450411","53","19096213"
"chr4","28463913","28464210","chr9","14690494","14690788","37","13773419"
"chr4","28482203","28482492","chr10","47089595","47089902","53","18607392"
"chr4","28483001","28483299","chr1","211735408","211735702","36","183252407"
"chr4","28534001","28534307","chr1","18792684","18792991","37","9741317"
"chr4","28545035","28545297","chr16","1870952","1871205","58","26674083"
"chr4","28665570","28665887","chr13","93072180","93072491","40","64406610"
"chr4","28729293","28729588","chr6","101765362","101765658","42","73036069"
"chr4","28764256","28764540","chr16","1651540","1651832","47","27112716"
"chr4","28775696","28776005","chr4","10702833","10703144","43","18072863"
"chr4","28909490","28909773","chr11","106890418","106890709","40","77980928"
"chr4","30041388","30041699","chr2","130228273","130228581","42","100186885"
"chr4","30232475","30232777","chr3","2946807","2947110","51","27285668"
"chr4","30356887","30357181","chr8","99548469","99548767","41","69191582"
"chr4","30436412","30436702","chr20","32453396","32453683","33","2016984"
"chr4","30439803","30440101","chr4","26827578","26827875","45","3612225"
"chr4","30506863","30507160","chr13","54441045","54441338","40","23934182"
"chr4","30520825","30521038","chr6","61779025","61779240","31","31258200"
"chr4","30626342","30626648","chr4","29797671","29797960","75","828671"
"chr4","30727465","30727776","chrX","118508904","118509203","45","87781439"
"chr4","30798856","30799148","chr7","46558252","46558547","50","15759396"
"chr4","30819636","30819936","chr7","125954466","125954770","41","95134830"
"chr4","30834698","30834989","chr6","58782342","58782632","48","27947644"
"chr4","30856368","30856657","chr3","169260164","169260459","34","138403796"
"chr4","30894524","30894777","chr1","204334879","204335133","54","173440355"
"chr4","30898704","30898994","chr7","116541236","116541527","45","85642532"
"chr4","30917572","30917856","chr10","62315260","62315548","33","31397688"
"chr4","30917878","30918169","chr1","209012120","209012412","42","178094242"
"chr4","30969108","30969393","chr2","83033645","83033931","49","52064537"
"chr4","31007882","31008183","chr13","32817425","32817728","35","1809543"
"chr4","31015841","31016072","chr10","36223701","36223924","34","5207860"
"chr4","31016874","31016944","chr1","52854514","52854589","13","21837640"
"chr4","31050420","31050709","chr1","179867712","179868004","56","148817292"
"chr4","31082747","31083037","chr16","27925256","27925547","42","3157491"
"chr4","31093007","31093326","chr11","97834556","97834875","43","66741549"
"chr4","31113666","31113958","chr12","93108642","93108929","34","61994976"
"chr4","31162439","31162738","chr9","85132193","85132498","41","53969754"
"chr4","31166645","31166958","chr4","3145119","3145426","40","28021526"
"chr4","31173467","31173602","chr11","121215074","121215206","14","90041607"
"chr4","31217177","31217469","chr6","124714488","124714790","36","93497311"
"chr4","31225492","31225804","chr14","97144510","97144821","50","65919018"
"chr4","31257630","31257924","chr12","98300764","98301051","45","67043134"
"chr4","31275127","31275395","chr5","74308582","74308852","40","43033455"
"chr4","31299526","31299820","chr13","74620694","74620992","38","43321168"
"chr4","31307463","31307755","chr7","8940386","8940683","45","22367077"
"chr4","31329325","31329630","chr1","203640822","203641120","45","172311497"
"chr4","31419396","31419703","chr3","2539920","2540226","46","28879476"
"chr4","31477990","31478285","chr18","29686031","29686328","39","1791959"
"chr4","31508849","31509143","chr9","7025626","7025918","34","24483223"
"chr4","31553714","31554010","chr7","116541236","116541527","36","84987522"
"chr4","31564927","31565230","chr10","59221960","59222253","48","27657033"
"chr4","31617853","31618154","chr6","113414976","113415281","32","81797123"
"chr4","31642608","31642718","chr19","19293223","19293334","27","12349385"
"chr4","31654729","31654859","chr15","7441971","7442100","15","24212758"
"chr4","31656595","31656858","chr8","14237621","14237892","54","17418974"
"chr4","31663252","31663540","chr1","204813267","204813556","47","173150015"
"chr4","31666159","31666458","chr14","21158129","21158427","43","10508030"
"chr4","31666641","31666938","chr3","45626371","45626668","33","13959730"
"chr4","31672570","31672863","chr15","36760666","36760962","45","5088096"
"chr4","31673873","31674015","chr5","118050451","118050595","18","86376578"
"chr4","31675744","31676047","chr2","172612092","172612398","35","140936348"
"chr4","31700853","31701129","chr3","17089313","17089596","42","14611540"
"chr4","31792225","31792510","chr4","127965555","127965842","53","96173330"
"chr4","31792714","31793013","chr8","29386987","29387291","51","2405727"
"chr4","31804093","31804393","chr8","116452122","116452425","44","84648029"
"chr4","31809685","31809989","chr6","50120248","50120558","45","18310563"
"chr4","31905430","31905714","chr6","30246328","30246621","45","1659102"
"chr4","32049838","32050111","chr11","117081609","117081880","34","85031771"
"chr4","32065298","32065458","chr4","61747807","61747975","32","29682509"
"chr4","32073270","32073570","chr6","139846242","139846543","41","107772972"
"chr4","32081505","32081802","chr11","94663191","94663491","48","62581686"
"chr4","32095878","32096163","chr19","12288111","12288395","36","19807767"
"chr4","32098766","32099043","chr2","104291060","104291346","49","72192294"
"chr4","32149010","32149296","chr1","147230260","147230554","42","115081250"
"chr4","32154538","32154831","chr14","76888871","76889163","35","44734333"
"chr4","32160917","32161206","chr12","98300764","98301051","46","66139847"
"chr4","32203858","32204055","chr16","62512812","62513013","27","30308954"
"chr4","32273935","32274131","chr9","89395808","89396013","40","57121873"
"chr4","32275786","32275890","chr3","161273467","161273562","18","128997681"
"chr4","32286385","32286673","chr11","46110133","46110427","42","13823748"
"chr4","32290458","32290768","chr11","33968956","33969265","38","1678498"
"chr4","32335526","32335829","chr4","103431771","103432066","50","71096245"
"chr4","32343864","32344161","chr19","40035593","40035890","40","7691729"
"chr4","32373812","32374071","chr5","159353579","159353851","38","126979767"
"chr4","32375500","32375764","chr13","23067927","23068207","51","9307573"
"chr4","32383683","32383980","chr1","124250793","124251086","47","91867110"
"chr4","32403303","32403597","chr6","57093643","57093937","47","24690340"
"chr4","32409872","32410171","chr10","35349158","35349457","65","2939286"
"chr4","32443501","32443754","chr11","7911759","7912023","49","24531742"
"chr4","32466671","32466950","chr1","94365322","94365615","41","61898651"
"chr4","32484056","32484367","chr15","53990850","53991154","44","21506794"
"chr4","32501120","32501424","chr9","102554847","102555148","40","70053727"
"chr4","32513959","32514279","chr9","84261595","84261898","57","51747636"
"chr4","32528189","32528474","chr4","20045092","20045381","48","12483097"
"chr4","32573564","32573914","chr5","32428668","32429013","76","144896"
"chr4","32631810","32631920","chr12","64113087","64113193","20","31481277"
"chr4","32658922","32659167","chr11","7911759","7912023","57","24747163"
"chr4","32709337","32709640","chr1","135866682","135866990","40","103157345"
"chr4","32717167","32717476","chr4","34010443","34010750","42","1293276"
"chr4","32717771","32718006","chr18","13846676","13846914","69","18871095"
"chr4","32721379","32721654","chr15","21464395","21464674","38","11256984"
"chr4","32748595","32748895","chr12","80754354","80754655","34","48005759"
"chr4","32845117","32845349","chr6","45336186","45336405","44","12491069"
"chr4","32860676","32860985","chr9","57835064","57835373","40","24974388"
"chr4","32971656","32971956","chr11","108930163","108930465","46","75958507"
"chr4","33035965","33036243","chr16","50279212","50279487","36","17243247"
"chr4","33366923","33367222","chr2","55819634","55819932","45","22452711"
"chr4","33385115","33385411","chr1","67368758","67369056","45","33983643"
"chr4","33406934","33407242","chr16","7267846","7268151","51","26139088"
"chr4","33429942","33430243","chr11","50028965","50029264","39","16599023"
"chr4","33446761","33447055","chr9","87792069","87792362","43","54345308"
"chr4","33447880","33448169","chrX","38099288","38099585","44","4651408"
"chr4","33455474","33455773","chr17","27643358","27643658","28","5812116"
"chr4","33527226","33527505","chr6","10703058","10703335","45","22824168"
"chr4","33527892","33528192","chr1","213070791","213071090","36","179542899"
"chr4","33592389","33592679","chr2","61833300","61833586","53","28240911"
"chr4","33648419","33648718","chr11","8138169","8138470","37","25510250"
"chr4","33671506","33671678","chr9","61763170","61763330","40","28091664"
"chr4","33691599","33691882","chr7","54407917","54408205","46","20716318"
"chr4","33751375","33751662","chr8","28825632","28825920","46","4925743"
"chr4","33765505","33765818","chr4","32177484","32177794","44","1588021"
"chr4","33842864","33843150","chr1","13457974","13458263","39","20384890"
"chr4","33898481","33898792","chr7","92230033","92230333","62","58331552"
"chr4","33951097","33951402","chr6","133869535","133869843","51","99918438"
"chr4","33953204","33953492","chr3","38765154","38765450","40","4811950"
"chr4","34044024","34044323","chr5","56973726","56974023","34","22929702"
"chr4","34048760","34049019","chr2","165757823","165758089","54","131709063"
"chr4","34058492","34058788","chr1","65662451","65662746","40","31603959"
"chr4","34070748","34071049","chr7","128738576","128738870","46","94667828"
"chr4","34080118","34080418","chr16","40645131","40645426","46","6565013"
"chr4","34086634","34086959","chr5","38973943","38974261","61","4887309"
"chr4","34110645","34110914","chr15","74354352","74354628","47","40243707"
"chr4","34118444","34118716","chr1","63833966","63834244","45","29715522"
"chr4","34119590","34119878","chr13","32817425","32817728","46","1302165"
"chr4","34143463","34143629","chr1","96034726","96034891","30","61891263"
"chr4","34144216","34144506","chr13","116647521","116647821","43","82503305"
"chr4","34149620","34149930","chr3","84693107","84693417","36","50543487"
"chr4","34186806","34187116","chr19","26909098","26909401","56","7277708"
"chr4","34246338","34246601","chr14","100917461","100917725","35","66671123"
"chr4","34309773","34309952","chr2","20763823","20763999","18","13545950"
"chr4","34317883","34318121","chr7","107333554","107333796","39","73015671"
"chr4","34331845","34332142","chr2","132683539","132683834","39","98351694"
"chr4","34365605","34365734","chr14","52153803","52153932","31","17788198"
"chr4","34366464","34366626","chr7","40886399","40886558","20","6519935"
"chr4","34381376","34381674","chr5","117892724","117893031","44","83511348"
"chr4","34382858","34383161","chr12","64925528","64925830","38","30542670"
"chr4","34413458","34413736","chrX","38603483","38603760","40","4190025"
"chr4","34415036","34415177","chr1","197772553","197772689","20","163357517"
"chr4","34425896","34426192","chr20","16308821","16309118","37","18117075"
"chr4","34436506","34436806","chr1","219225924","219226223","35","184789418"
"chr4","34437487","34437793","chr1","7993999","7994304","35","26443488"
"chr4","34452846","34453099","chr1","115404557","115404821","43","80951711"
"chr4","34523190","34523261","chr6","34610978","34611050","15","87788"
"chr4","34523999","34524221","chr14","44901168","44901397","43","10377169"
"chr4","34532662","34532951","chr14","1773153","1773437","37","32759509"
"chr4","34563678","34563954","chr16","50279212","50279487","44","15715534"
"chr4","34580402","34580701","chr17","11233722","11234024","37","23346680"
"chr4","34670850","34671143","chr9","92292916","92293201","44","57622066"
"chr4","34857286","34857573","chr4","59428196","59428480","40","24570910"
"chr4","34881632","34881908","chr3","178701270","178701546","43","143819638"
"chr4","35017344","35017634","chr12","32481603","32481893","46","2535741"
"chr4","35066717","35066993","chr15","21464395","21464674","43","13602322"
"chr4","35098311","35098486","chr4","42468336","42468506","27","7370025"
"chr4","35136471","35136777","chr1","139353240","139353543","49","104216769"
"chr4","35182635","35182928","chr18","12269702","12269996","37","22912933"
"chr4","35205246","35205542","chr11","10098018","10098319","35","25107228"
"chr4","35209879","35210174","chr14","10784769","10785061","38","24425110"
"chr4","35227434","35227699","chr2","106291841","106292126","49","71064407"
"chr4","35230858","35231144","chr7","120051776","120052057","46","84820918"
"chr4","35241547","35241855","chr6","121630847","121631152","50","86389300"
"chr4","35293139","35293344","chr10","32105022","32105222","27","3188117"
"chr4","35297572","35297829","chr12","84776065","84776321","41","49478493"
"chr4","35320008","35320318","chr14","5934954","5935260","45","29385054"
"chr4","35343624","35343936","chrX","45626684","45626995","46","10283060"
"chr4","35357979","35358271","chr10","62315260","62315548","38","26957281"
"chr4","35369811","35370046","chr18","71908745","71908980","25","36538934"
"chr4","35389723","35389982","chr4","69040830","69041080","54","33651107"
"chr4","35394423","35394723","chr9","20271265","20271563","28","15123158"
"chr4","35503450","35503722","chr1","213737831","213738103","43","178234381"
"chr4","35511424","35511628","chr11","31022429","31022626","53","4488995"
"chr4","35511746","35511861","chr14","17517895","17518010","24","17993851"
"chr4","35557288","35557577","chrX","107404282","107404569","38","71846994"
"chr4","35622564","35622864","chr19","3064712","3065012","31","32557852"
"chr4","35644815","35645106","chr11","59744208","59744500","32","24099393"
"chr4","35649644","35649932","chr12","90150653","90150943","49","54501009"
"chr4","35654099","35654392","chr1","94365322","94365615","40","58711223"
"chr4","35709579","35709879","chr1","91521758","91522057","50","55812179"
"chr4","35712475","35712773","chr2","106418670","106418975","45","70706195"
"chr4","35715764","35716059","chr7","16206849","16207148","35","19508915"
"chr4","35737843","35738133","chr16","30015721","30016013","36","5722122"
"chr4","35744690","35744976","chr16","2366743","2367036","37","33377947"
"chr4","35776289","35776584","chr19","35482053","35482349","35","294236"
"chr4","35788165","35788455","chr7","133065043","133065330","31","97276878"
"chr4","35822892","35823171","chr2","149808038","149808322","46","113985146"
"chr4","35985140","35985435","chr2","81991105","81991401","32","46005965"
"chr4","35988426","35988733","chr15","29645720","29646017","46","6342706"
"chr4","35991192","35991491","chr6","124714488","124714790","44","88723296"
"chr4","36016987","36017256","chr3","13657117","13657396","39","22359870"
"chr4","36030785","36031085","chrX","21226601","21226902","47","14804184"
"chr4","36068337","36068634","chr4","33663349","33663650","41","2404988"
"chr4","36120468","36120766","chr9","55703192","55703494","39","19582724"
"chr4","36128935","36129240","chr12","103713062","103713366","42","67584127"
"chr4","36224116","36224407","chr3","1368884","1369176","33","34855232"
"chr4","36238517","36238809","chr6","151368944","151369238","33","115130427"
"chr4","36250736","36251021","chr1","94365322","94365615","41","58114586"
"chr4","36306437","36306738","chr4","79217053","79217354","50","42910616"
"chr4","36312386","36312682","chr2","77735973","77736266","36","41423587"
"chr4","36372009","36372289","chr2","66130433","66130716","37","29758424"
"chr4","36404023","36404316","chr4","34747186","34747478","35","1656837"
"chr4","36446709","36446997","chr1","45623411","45623699","37","9176702"
"chr4","36451741","36451942","chr16","62316742","62316946","26","25865001"
"chr4","36454090","36454403","chr7","137319036","137319338","49","100864946"
"chr4","36462273","36462574","chr6","124714488","124714790","45","88252215"
"chr4","36487431","36487698","chr11","7911759","7912023","38","28575672"
"chr4","36493549","36493856","chrX","44962032","44962338","36","8468483"
"chr4","36495462","36495767","chr1","7993999","7994304","30","28501463"
"chr4","36496878","36497188","chr9","50267827","50268132","43","13770949"
"chr4","36511220","36511526","chr2","130228273","130228581","39","93717053"
"chr4","36537537","36537818","chr4","123742673","123742963","49","87205136"
"chr4","36543167","36543468","chr14","108516657","108516959","42","71973490"
"chr4","36570525","36570820","chr7","120310502","120310798","31","83739977"
"chr4","36572861","36573153","chr1","11366377","11366670","40","25206484"
"chr4","36581685","36581985","chr2","99109730","99110024","51","62528045"
"chr4","36613987","36614264","chr1","70068220","70068502","39","33454233"
"chr4","36639126","36639408","chr7","152625402","152625693","46","115986276"
"chr4","36652097","36652391","chr6","142572268","142572563","38","105920171"
"chr4","36682882","36683027","chr4","103459648","103459795","22","66776766"
"chr4","36689155","36689454","chr1","154447798","154448101","59","117758643"
"chr4","36703652","36703959","chr2","94917627","94917929","42","58213975"
"chr4","36708165","36708469","chr7","17565066","17565366","36","19143099"
"chr4","36721215","36721323","chr9","124771238","124771348","19","88050023"
"chr4","36721461","36721605","chr1","197772553","197772689","31","161051092"
"chr4","36767794","36768084","chr6","142572268","142572563","38","105804474"
"chr4","36804127","36804420","chr3","43623800","43624095","39","6819673"
"chr4","36833531","36833662","chr3","82623499","82623631","19","45789968"
"chr4","36866375","36866683","chrX","122095835","122096148","35","85229460"
"chr4","36885136","36885412","chr10","28546528","28546812","42","8338608"
"chr4","36898594","36898903","chr10","67405046","67405353","36","30506452"
"chr4","36925603","36925911","chr1","128155382","128155688","41","91229779"
"chr4","36945165","36945462","chr10","72394915","72395215","41","35449750"
"chr4","36951327","36951615","chr12","38645893","38646186","49","1694566"
"chr4","36962969","36963251","chr2","8148306","8148591","50","28814663"
"chr4","36964953","36965129","chr3","45214781","45214954","22","8249828"
"chr4","36988669","36988924","chr18","24230909","24231164","46","12757760"
"chr4","36995166","36995472","chr5","175774127","175774427","34","138778961"
"chr4","37053316","37053609","chr16","50298577","50298876","38","13245261"
"chr4","37091689","37091970","chr16","6848176","6848462","40","30243513"
"chr4","37138230","37138454","chr2","178558440","178558646","68","141420210"
"chr4","37231781","37232090","chr3","48175609","48175913","51","10943828"
"chr4","37253844","37254156","chr2","50634219","50634525","46","13380375"
"chr4","37371766","37372068","chr1","946135","946434","44","36425631"
"chr4","37374542","37374839","chr7","16206849","16207148","38","21167693"
"chr4","37391978","37392270","chr11","118940207","118940502","41","81548229"
"chr4","37445488","37445775","chr3","3812815","3813101","45","33632673"
"chr4","37454888","37455181","chr3","110049029","110049327","31","72594141"
"chr4","37491970","37492267","chr16","49861297","49861598","39","12369327"
"chr4","37505799","37506112","chr3","137161683","137161990","46","99655884"
"chr4","37544624","37544711","chr6","108308833","108308922","14","70764209"
"chr4","37544920","37544932","chr7","16143142","16143155","7","21401778"
"chr4","37545213","37545332","chr1","159494881","159494989","31","121949668"
"chr4","37554836","37555147","chr2","144423348","144423659","44","106868512"
"chr4","37555898","37556190","chr1","129924466","129924761","37","92368568"
"chr4","37592188","37592478","chr7","133065043","133065330","31","95472855"
"chr4","37605312","37605605","chr19","47662689","47662983","34","10057377"
"chr4","37660896","37661196","chr1","208230438","208230739","39","170569542"
"chr4","37694043","37694333","chr16","18796729","18797022","36","18897314"
"chr4","37743028","37743327","chr6","142572268","142572563","37","104829240"
"chr4","37769160","37769446","chr1","140831987","140832278","42","103062827"
"chr4","37794054","37794353","chr12","69597135","69597433","40","31803081"
"chr4","37841487","37841782","chr10","17893865","17894156","37","19947622"
"chr4","37895680","37895980","chr1","191232237","191232533","37","153336557"
"chr4","37928572","37928871","chr9","34818668","34818959","40","3109904"
"chr4","37941451","37941737","chr13","64416561","64416845","35","26475110"
"chr4","37973072","37973207","chr7","158155171","158155302","24","120182099"
"chr4","37992310","37992614","chr9","115985296","115985597","32","77992986"
"chr4","38000494","38000795","chr13","125678907","125679206","39","87678413"
"chr4","38001902","38002174","chr8","70343541","70343824","52","32341639"
"chr4","38003991","38004271","chr11","109305457","109305739","48","71301466"
"chr4","38016521","38016822","chr9","89169355","89169655","44","51152834"
"chr4","38020641","38020930","chr12","86662303","86662604","41","48641662"
"chr4","38032640","38032903","chr19","36065048","36065308","42","1967592"
"chr4","38036369","38036614","chr7","132632204","132632462","46","94595835"
"chr4","38038855","38039158","chr13","19119221","19119523","46","18919634"
"chr4","38061572","38061883","chr6","148752882","148753187","37","110691310"
"chr4","38062553","38062864","chr15","96588502","96588809","41","58525949"
"chr4","38066381","38066681","chr16","45306987","45307294","36","7240606"
"chr4","38068361","38068652","chr3","60342878","60343154","53","22274517"
"chr4","38070759","38071049","chr10","59447078","59447368","29","21376319"
"chr4","38085131","38085406","chr9","5608366","5608648","41","32476765"
"chr4","38087163","38087459","chr1","129924466","129924761","40","91837303"
"chr4","38094638","38094937","chr1","97211137","97211440","43","59116499"
"chr4","38100722","38101015","chr19","32347284","32347572","42","5753438"
"chr4","38115297","38115604","chr6","128110448","128110754","40","89995151"
"chr4","38116018","38116321","chr15","53990850","53991154","41","15874832"
"chr4","38117147","38117407","chr18","50874536","50874793","40","12757389"
"chr4","38139049","38139344","chr6","110356311","110356608","41","72217262"
"chr4","38147138","38147420","chr11","31253990","31254272","44","6893148"
"chr4","38193710","38194019","chr19","25268840","25269150","37","12924870"
"chr4","38203449","38203736","chr1","204813267","204813556","37","166609818"
"chr4","38292918","38293207","chr11","96571238","96571531","44","58278320"
"chr4","38293220","38293518","chr1","213549424","213549721","31","175256204"
"chr4","38315118","38315230","chr1","219334604","219334715","13","181019486"
"chr4","38405035","38405345","chr7","73560013","73560323","34","35154978"
"chr4","38414830","38415115","chr4","105579082","105579368","44","67164252"
"chr4","38420079","38420374","chr20","29927933","29928230","45","8492146"
"chr4","38429028","38429310","chr10","27031300","27031577","45","11397728"
"chr4","38431106","38431395","chr7","31367480","31367774","42","7063626"
"chr4","38434702","38434846","chr7","117063691","117063831","24","78628989"
"chr4","38497652","38497944","chr15","35190462","35190761","43","3307190"
"chr4","38519820","38520129","chr13","32817425","32817728","34","5702395"
"chr4","38564809","38565117","chr1","35583154","35583459","40","2981655"
"chr4","38580549","38580718","chr6","168710657","168710821","21","130130108"
"chr4","38581188","38581385","chr2","30000272","30000464","32","8580916"
"chr4","38608353","38608649","chr2","101278895","101279193","36","62670542"
"chr4","38693743","38694049","chr1","128155382","128155688","38","89461639"
"chr4","38772301","38772608","chr15","103362570","103362871","41","64590269"
"chr4","38804804","38805109","chrX","44962032","44962338","34","6157228"
"chr4","38826571","38826845","chr10","37817455","37817721","55","1009116"
"chr4","38848703","38848916","chr4","28584782","28585005","51","10263921"
"chr4","38857817","38858105","chr10","26225402","26225693","36","12632415"
"chr4","38866534","38866820","chr3","63144094","63144379","37","24277560"
"chr4","38875716","38876022","chr3","35164529","35164835","43","3711187"
"chr4","38912499","38912809","chr3","151759904","151760206","46","112847405"
"chr4","38932258","38932571","chr7","5882855","5883162","50","33049403"
"chr4","38934126","38934416","chr12","70103153","70103445","33","31169027"
"chr4","39077332","39077612","chr19","32515288","32515561","49","6562044"
"chr4","39114384","39114649","chr14","55623733","55623997","45","16509349"
"chr4","39256279","39256575","chrX","107455610","107455920","53","68199331"
"chr4","39287411","39287705","chr4","13663992","13664285","34","25623419"
"chr4","39319217","39319474","chrX","42950998","42951258","47","3631781"
"chr4","39359654","39359834","chr6","165780370","165780553","31","126420716"
"chr4","39363235","39363509","chr5","174494652","174494935","52","135131417"
"chr4","39364588","39364880","chr11","59744208","59744500","31","20379620"
"chr4","39404184","39404461","chr10","27509342","27509618","48","11894842"
"chr4","39455023","39455326","chr1","218949824","218950128","37","179494801"
"chr4","39482510","39482826","chr9","50750379","50750702","46","11267869"
"chr4","39501085","39501390","chrX","106955148","106955450","49","67454063"
"chr4","39512203","39512502","chr2","44513923","44514220","48","5001720"
"chr4","39541409","39541687","chrX","38603483","38603760","39","937926"
"chr4","39592821","39592990","chr19","12765192","12765362","24","26827629"
"chr4","39633680","39633959","chr1","15291446","15291730","46","24342234"
"chr4","39642676","39642978","chr9","92635229","92635527","40","52992553"
"chr4","39659574","39659857","chr4","38019616","38019902","35","1639958"
"chr4","39760220","39760551","chrX","98572288","98572621","68","58812068"
"chr4","39802939","39803231","chr6","128266238","128266531","42","88463299"
"chr4","39843412","39843692","chrX","65477408","65477681","35","25633996"
"chr4","39844418","39844709","chr1","124377384","124377676","40","84532966"
"chr4","39879328","39879564","chr1","14468200","14468440","34","25411128"
"chr4","40067529","40067812","chr20","1685141","1685428","38","38382388"
"chr4","40211815","40212119","chr11","77566992","77567297","42","37355177"
"chr4","40284252","40284542","chr20","69234001","69234293","37","28949749"
"chr4","40324674","40324973","chr3","151851128","151851427","48","111526454"
"chr4","40326406","40326670","chr4","38635897","38636178","50","1690509"
"chr4","40386432","40386733","chr15","105069252","105069543","43","64682820"
"chr4","40413338","40413649","chr5","101210540","101210851","36","60797202"
"chr4","40498693","40498990","chr4","160599897","160600192","46","120101204"
"chr4","40507592","40507852","chrX","121689872","121690146","47","81182280"
"chr4","40624832","40625144","chr19","28776684","28776996","38","11848148"
"chr4","40656239","40656530","chr6","42886959","42887246","40","2230720"
"chr4","40760012","40760313","chr11","4016647","4016949","33","36743365"
"chr4","40764463","40764753","chr1","42476755","42477044","39","1712292"
"chr4","40840345","40840657","chr4","56503347","56503657","51","15663002"
"chr4","40961352","40961652","chr14","58432227","58432524","48","17470875"
"chr4","41043182","41043484","chr8","124808349","124808648","53","83765167"
"chr4","41043488","41043603","chr12","90012744","90012859","19","48969256"
"chr4","41130104","41130412","chr12","62403234","62403560","42","21273130"
"chr4","41467591","41467837","chr20","27256128","27256377","40","14211463"
"chr4","41878063","41878367","chr4","7297871","7298169","37","34580192"
"chr4","42179506","42179809","chr16","49861297","49861598","35","7681791"
"chr4","42186044","42186333","chr2","81270293","81270586","49","39084249"
"chr4","42385722","42386036","chr2","149558821","149559133","63","107173099"
"chr4","42406020","42406299","chr1","118003993","118004283","43","75597973"
"chr4","42410656","42410875","chr9","18207388","18207612","32","24203268"
"chr4","42640240","42640523","chr1","45623411","45623699","38","2983171"
"chr4","42716264","42716493","chr20","52039655","52039883","46","9323391"
"chr4","42736088","42736364","chr2","48632986","48633256","43","5896898"
"chr4","42761675","42761964","chr3","44490997","44491287","49","1729322"
"chr4","42868732","42869013","chr3","13657117","13657396","45","29211615"
"chr4","42882815","42883068","chr10","25924241","25924498","31","16958574"
"chr4","42906204","42906500","chr1","124250793","124251086","37","81344589"
"chr4","42922541","42922848","chrX","6292568","6292871","35","36629973"
"chr4","42951394","42951642","chr1","181674763","181675009","40","138723369"
"chr4","42952056","42952361","chr11","7381321","7381621","43","35570735"
"chr4","42974257","42974537","chr16","32422732","32423021","46","10551525"
"chr4","42978591","42978888","chr13","73992590","73992885","41","31013999"
"chr4","42987710","42987998","chr15","21464395","21464674","42","21523315"
"chr4","42997699","42997992","chr7","16206849","16207148","47","26790850"
"chr4","43054014","43054307","chr13","32817425","32817728","39","10236589"
"chr4","43062465","43062762","chr15","7561500","7561795","37","35500965"
"chr4","43082313","43082390","chr16","18818112","18818192","16","24264201"
"chr4","43134413","43134712","chr5","80662448","80662749","37","37528035"
"chr4","43219335","43219441","chr2","111823030","111823134","17","68603695"
"chr4","43219448","43219742","chr1","185226060","185226358","43","142006612"
"chr4","43234512","43234746","chr17","53964881","53965113","29","10730369"
"chr4","43238208","43238509","chr1","66971675","66971974","46","23733467"
"chr4","43239681","43239983","chr13","107030178","107030478","42","63790497"
"chr4","43244500","43244773","chr2","48921809","48922082","49","5677309"
"chr4","43245454","43245747","chr18","48176114","48176407","39","4930660"
"chr4","43257947","43258241","chr7","52736490","52736780","46","9478543"
"chr4","43277491","43277797","chr13","62845083","62845387","41","19567592"
"chr4","43306559","43306850","chr4","13663992","13664285","33","29642567"
"chr4","43310357","43310663","chr10","83992980","83993283","44","40682623"
"chr4","43327564","43327855","chr3","40091099","40091386","52","3236465"
"chr4","43355383","43355449","chr1","139881170","139881236","8","96525787"
"chr4","43356276","43356515","chrX","44321441","44321669","41","965165"
"chr4","43384209","43384491","chrX","25595320","25595608","47","17788889"
"chr4","43412618","43412908","chr6","84506535","84506829","36","41093917"
"chr4","43418271","43418573","chr3","92585250","92585550","43","49166979"
"chr4","43426797","43427092","chr13","36087665","36087960","39","7339132"
"chr4","43443237","43443395","chr19","1776347","1776502","23","41666890"
"chr4","43473256","43473538","chr18","28195934","28196209","35","15277322"
"chr4","43490482","43490770","chr20","50597547","50597833","41","7107065"
"chr4","43528036","43528326","chr15","59504540","59504827","34","15976504"
"chr4","43581487","43581782","chrX","20846410","20846706","33","22735077"
"chr4","43587452","43587748","chr2","87900952","87901244","41","44313500"
"chr4","43647913","43648205","chr17","15630764","15631058","40","28017149"
"chr4","43692254","43692562","chr1","13775181","13775485","39","29917073"
"chr4","43696131","43696432","chrX","126121052","126121355","59","82424921"
"chr4","43738715","43738992","chr1","65109674","65109948","50","21370959"
"chr4","43739717","43739987","chr1","15074337","15074605","50","28665380"
"chr4","43764494","43764784","chr16","18796729","18797022","37","24967765"
"chr4","43766984","43767284","chr1","185101023","185101330","43","141334039"
"chr4","43767534","43767839","chr3","41225636","41225941","46","2541898"
"chr4","43775383","43775680","chr20","26717586","26717886","37","17057797"
"chr4","43814197","43814501","chr2","181253650","181253955","37","137439453"
"chr4","43820433","43820739","chrX","98903905","98904215","41","55083472"
"chr4","43828967","43829271","chrX","23718809","23719106","36","20110158"
"chr4","43893424","43893731","chr7","114822770","114823069","54","70929346"
"chr4","43918958","43919224","chrX","88088678","88088937","45","44169720"
"chr4","43933664","43933963","chr1","53988770","53989067","33","10055106"
"chr4","43937904","43938215","chr13","84233754","84234062","36","40295850"
"chr4","43952629","43952937","chr5","171657301","171657602","43","127704672"
"chr4","43962334","43962488","chr2","87235359","87235513","23","43273025"
"chr4","43967285","43967596","chr18","31157945","31158248","36","12809340"
"chr4","43968004","43968296","chr1","94365322","94365615","39","50397318"
"chr4","43978774","43979059","chr7","63503555","63503839","33","19524781"
"chr4","44009902","44010213","chr1","123829563","123829868","36","79819661"
"chr4","44020081","44020384","chr1","128155382","128155688","33","84135301"
"chr4","44024103","44024386","chr6","68639776","68640068","42","24615673"
"chr4","44043239","44043508","chr15","21464395","21464674","52","22578844"
"chr4","44048107","44048393","chr9","57023538","57023829","35","12975431"
"chr4","44054116","44054393","chr1","196693141","196693428","46","152639025"
"chr4","44062334","44062636","chr11","10098018","10098319","34","33964316"
"chr4","44069127","44069396","chrX","37763597","37763857","54","6305530"
"chr4","44148766","44149040","chr3","178701270","178701546","46","134552504"
"chr4","44157006","44157274","chrX","45685008","45685285","43","1528002"
"chr4","44179013","44179311","chr19","3064712","3065012","34","41114301"
"chr4","44182812","44183102","chr16","42548204","42548494","36","1634608"
"chr4","44189414","44189712","chr3","169260164","169260459","38","125070750"
"chr4","44253196","44253488","chr6","142572268","142572563","39","98319072"
"chr4","44254438","44254700","chrX","122712517","122712780","40","78458079"
"chr4","44313690","44313988","chrX","107972454","107972755","41","63658764"
"chr4","44316617","44316927","chr9","19850832","19851138","38","24465785"
"chr4","44377731","44378021","chr7","130020947","130021236","41","85643216"
"chr4","44402637","44402768","chr9","55629356","55629490","17","11226719"
"chr4","44411854","44412023","chr13","93249064","93249232","24","48837210"
"chr4","44420856","44421130","chr7","120105838","120106111","48","75684982"
"chr4","44424319","44424617","chr1","1873508","1873809","51","42550811"
"chr4","44433812","44434070","chr14","8680117","8680387","38","35753695"
"chr4","44471542","44471837","chr16","40645131","40645426","36","3826411"
"chr4","44515332","44515624","chr11","46110133","46110427","33","1594801"
"chr4","44524769","44525068","chr2","41849392","41849686","38","2675377"
"chr4","44551831","44552124","chr4","13663992","13664285","40","30887839"
"chr4","44576923","44577222","chr6","143561531","143561830","44","98984608"
"chr4","44633981","44634279","chr17","19374053","19374353","35","25259928"
"chr4","44674946","44675240","chr20","41903102","41903402","44","2771844"
"chr4","44677991","44678289","chr2","81991105","81991401","45","37313114"
"chr4","44689378","44689677","chr9","79342653","79342946","42","34653275"
"chr4","44709248","44709527","chrX","16426045","16426331","39","28283203"
"chr4","44786297","44786573","chr2","165757823","165758089","42","120971526"
"chr4","44805151","44805461","chr9","88756829","88757132","45","43951678"
"chr4","44818294","44818602","chr1","7993999","7994304","37","36824295"
"chr4","44821111","44821386","chr8","10859295","10859575","45","33961816"
"chr4","44827385","44827655","chr16","25072506","25072783","45","19754879"
"chr4","44834677","44834970","chr7","116541236","116541527","30","71706559"
"chr4","44894592","44894854","chr13","46225644","46225911","44","1331052"
"chr4","44897623","44897923","chr14","9330813","9331108","41","35566810"
"chr4","44944303","44944579","chr15","7679328","7679622","50","37264975"
"chr4","44946449","44946740","chr16","55715676","55715976","48","10769227"
"chr4","44950379","44950662","chr20","7272597","7272879","50","37677782"
"chr4","44955643","44955943","chr4","33663349","33663650","36","11292294"
"chr4","44958821","44959092","chr6","68453365","68453643","53","23494544"
"chr4","44974460","44974755","chr11","59744208","59744500","33","14769748"
"chr4","44998678","44998965","chr4","43032740","43033034","42","1965938"
"chr4","45003048","45003347","chr8","25582102","25582396","32","19420946"
"chr4","45035254","45035418","chr7","17987576","17987746","26","27047678"
"chr4","45193604","45193912","chrX","137765287","137765594","43","92571683"
"chr4","45312838","45313139","chr11","517489","517791","34","44795349"
"chr4","45443502","45443790","chr3","13489445","13489734","36","31954057"
"chr4","45443830","45444092","chrX","122712517","122712780","53","77268687"
"chr4","45494786","45495082","chrX","45487697","45487995","31","7089"
"chr4","45552181","45552466","chr1","31509198","31509484","38","14042983"
"chr4","45553787","45554081","chr16","21639667","21639964","40","23914120"
"chr4","45567054","45567343","chr17","4719964","4720257","41","40847090"
"chr4","45580640","45580940","chr1","55001559","55001859","42","9420919"
"chr4","45601340","45601637","chr11","106457327","106457619","39","60855987"
"chr4","45610296","45610539","chr3","44476893","44477138","42","1133403"
"chr4","45691794","45692103","chr4","71638831","71639140","62","25947037"
"chr4","45824892","45825195","chr1","13865146","13865450","39","31959746"
"chr4","45889638","45889933","chr2","96239962","96240258","37","50350324"
"chr4","45933465","45933745","chr15","21464395","21464674","35","24469070"
"chr4","46281451","46281727","chr7","1797384","1797659","39","44484067"
"chr4","46441640","46441949","chrX","105763749","105764060","41","59322109"
"chr4","46601386","46601664","chr14","23099611","23099891","43","23501775"
"chr4","46730141","46730429","chr16","56231923","56232210","33","9501782"
"chr4","46759271","46759567","chr17","27643358","27643658","39","19115913"
"chr4","46820654","46820947","chr1","163039410","163039702","45","116218756"
"chr4","46874300","46874586","chr2","33203056","33203341","39","13671244"
"chr4","47025099","47025405","chr1","13865146","13865450","44","33159953"
"chr4","47108022","47108319","chr6","150565896","150566187","43","103457874"
"chr4","47153914","47154231","chr10","32212628","32212940","48","14941286"
"chr4","47497773","47498070","chr4","111519987","111520287","42","64022214"
"chr4","47608229","47608511","chr3","156857065","156857346","36","109248836"
"chr4","47609476","47609774","chr9","93676922","93677220","40","46067446"
"chr4","47625447","47625733","chr5","114121453","114121740","57","66496006"
"chr4","47794561","47794863","chr3","164913166","164913461","42","117118605"
"chr4","47797195","47797494","chr19","3064712","3065012","35","44732483"
"chr4","47827172","47827469","chr6","57093643","57093937","47","9266471"
"chr4","47959710","47959985","chr18","15788387","15788669","44","32171323"
"chr4","48086683","48086967","chr1","130205296","130205578","47","82118613"
"chr4","48302838","48303129","chr5","171657301","171657602","50","123354463"
"chr4","48324579","48324718","chr2","177049440","177049581","19","128724861"
"chr4","48358189","48358485","chr13","32817425","32817728","42","15540764"
"chr4","48374689","48374960","chr9","84610245","84610514","50","36235556"
"chr4","48377697","48377959","chr6","37539523","37539787","32","10838174"
"chr4","48457246","48457359","chr3","15334660","15334776","14","33122586"
"chr4","48528076","48528371","chr1","62556453","62556750","45","14028377"
"chr4","48606323","48606609","chr1","118003993","118004283","54","69397670"
"chr4","48617927","48618179","chrX","88088678","88088937","47","39470751"
"chr4","48680673","48680957","chr16","62639389","62639673","37","13958716"
"chr4","48684922","48685214","chr13","123552925","123553215","40","74868003"
"chr4","48690650","48690927","chr4","46509335","46509624","49","2181315"
"chr4","48743808","48744099","chr7","40750157","40750451","42","7993651"
"chr4","48898759","48899058","chr6","67889778","67890082","43","18991019"
"chr4","48911187","48911498","chr20","54640728","54641039","49","5729541"
"chr4","48925321","48925596","chrX","45555463","45555741","41","3369858"
"chr4","48927409","48927706","chr12","67345352","67345654","39","18417943"
"chr4","49149936","49150220","chr4","46946537","46946815","54","2203399"
"chr4","49184362","49184653","chr4","32871781","32872078","42","16312581"
"chr4","49207516","49207819","chr1","138374356","138374660","42","89166840"
"chr4","49224318","49224619","chr13","62636440","62636740","46","13412122"
"chr4","49285992","49286282","chr3","13489445","13489734","36","35796547"
"chr4","49476928","49477228","chr15","95926887","95927178","48","46449959"
"chr4","49564712","49565008","chr1","27049382","27049672","42","22515330"
"chr4","49649238","49649544","chr13","61259817","61260123","61","11610579"
"chr4","49660565","49660875","chr11","44179266","44179577","32","5481299"
"chr4","49825708","49825854","chr4","103459648","103459795","17","53633940"
"chr4","50023964","50024222","chr19","8085526","8085781","46","41938438"
"chr4","50142801","50143108","chr14","6210844","6211132","57","43931957"
"chr4","50242665","50242972","chr3","35056642","35056951","45","15186023"
"chr4","50265205","50265506","chrX","68646400","68646699","32","18381195"
"chr4","50726806","50727106","chr3","45626371","45626668","41","5100435"
"chr4","50733979","50734279","chrX","138557115","138557408","49","87823136"
"chr4","50786757","50787068","chr1","172710466","172710776","47","121923709"
"chr4","50828640","50828940","chr15","8335450","8335743","42","42493190"
"chr4","50905313","50905610","chr5","173178325","173178627","47","122273012"
"chr4","50943089","50943258","chr13","93249064","93249232","18","42305975"
"chr4","50969830","50970131","chr13","32817425","32817728","32","18152405"
"chr4","50996920","50997041","chr6","148375288","148375408","14","97378368"
"chr4","51074388","51074673","chr2","184572052","184572344","48","133497664"
"chr4","51384146","51384423","chr3","60342878","60343154","41","8958732"
"chr4","51602048","51602355","chr11","6563934","6564243","50","45038114"
"chr4","51837007","51837310","chr18","51349475","51349767","59","487532"
"chr4","51995479","51995766","chr9","37613139","37613425","40","14382340"
"chr4","52144398","52144701","chr13","54441045","54441338","49","2296647"
"chr4","52172252","52172566","chr1","12498948","12499258","44","39673304"
"chr4","52189336","52189621","chr16","21658816","21659113","40","30530520"
"chr4","52207148","52207458","chr4","34099360","34099670","46","18107788"
"chr4","52386315","52386619","chr18","26757177","26757480","48","25629138"
"chr4","52956100","52956368","chr6","128069342","128069622","57","75113242"
"chr4","53007803","53008094","chr1","124250793","124251086","44","71242990"
"chr4","53016944","53017207","chr5","129931710","129931977","47","76914766"
"chr4","53053042","53053326","chr1","55214758","55215045","43","2161716"
"chr4","53106958","53107064","chr10","35272512","35272610","18","17834446"
"chr4","53261194","53261479","chr4","31083851","31084133","41","22177343"
"chr4","53282949","53283253","chr7","120712316","120712625","46","67429367"
"chr4","53319108","53319409","chr19","3064712","3065012","31","50254396"
"chr4","53485409","53485701","chr17","23859405","23859701","38","29626004"
"chr4","53545111","53545236","chr18","2815099","2815224","13","50730012"
"chr4","53573065","53573351","chr11","59744208","59744500","33","6171143"
"chr4","53576446","53576723","chr16","73157077","73157362","45","19580631"
"chr4","53585677","53585978","chr1","114141291","114141594","41","60555614"
"chr4","53621561","53621859","chr4","52418343","52418642","39","1203218"
"chr4","53732891","53733187","chr1","57946363","57946656","41","4213472"
"chr4","53810744","53811005","chr6","65136455","65136711","47","11325711"
"chr4","53842820","53843123","chr1","160132474","160132775","38","106289654"
"chr4","53870157","53870453","chr16","69046043","69046343","44","15175886"
"chr4","53904170","53904462","chr7","40750157","40750451","37","13154013"
"chr4","53926824","53927077","chr19","39470515","39470769","40","14456309"
"chr4","53976051","53976354","chr1","130420441","130420747","39","76444390"
"chr4","54008976","54009247","chr6","143287549","143287823","41","89278573"
"chr4","54050257","54050563","chr3","13929450","13929758","44","40120807"
"chr4","54138412","54138686","chr6","161045009","161045283","47","106906597"
"chr4","54147730","54148042","chr4","7560128","7560444","45","46587602"
"chr4","54171120","54171382","chr3","172788592","172788856","48","118617472"
"chr4","54328129","54328421","chr3","179701033","179701322","42","125372904"
"chr4","54355939","54356246","chr1","7993999","7994304","35","46361940"
"chr4","54372483","54372733","chr11","120216941","120217193","36","65844458"
"chr4","54390603","54390726","chr3","15334660","15334776","26","39055943"
"chr4","54395133","54395426","chr16","40957089","40957383","37","13438044"
"chr4","54408237","54408528","chr8","10102742","10103034","39","44305495"
"chr4","54422818","54423111","chr19","35482053","35482349","46","18940765"
"chr4","54435019","54435309","chr10","62315260","62315548","56","7880241"
"chr4","54447097","54447316","chr11","85239556","85239763","41","30792459"
"chr4","54447397","54447496","chr6","51545855","51545952","14","2901542"
"chr4","54509305","54509596","chrX","27694686","27694979","29","26814619"
"chr4","54547212","54547500","chr11","104267729","104268018","40","49720517"
"chr4","54619351","54619644","chr9","7025626","7025918","30","47593725"
"chr4","54701046","54701347","chr13","40807388","40807696","36","13893658"
"chr4","54754576","54754879","chr11","47924958","47925256","40","6829618"
"chr4","54785223","54785511","chr11","114923633","114923926","34","60138410"
"chr4","54811963","54812255","chr1","25933166","25933464","37","28878797"
"chr4","54942252","54942531","chr1","138442910","138443191","48","83500658"
"chr4","55073052","55073363","chr8","28037586","28037897","45","27035466"
"chr4","55250715","55250984","chr3","46873818","46874094","49","8376897"
"chr4","55251130","55251412","chr1","70068220","70068502","42","14817090"
"chr4","55307830","55308089","chr13","54503080","54503348","59","804750"
"chr4","55542901","55543201","chr19","3064712","3065012","34","52478189"
"chr4","55589712","55590018","chr2","143531902","143532200","51","87942190"
"chr4","55640701","55641012","chr6","157477970","157478279","31","101837269"
"chr4","55723784","55724079","chr4","2968205","2968507","43","52755579"
"chr4","55773557","55773630","chr7","18736945","18737020","14","37036612"
"chr4","55782174","55782466","chr1","12375948","12376243","43","43406226"
"chr4","55914857","55915131","chr19","12886533","12886810","51","43028324"
"chr4","55964747","55965054","chr9","13003638","13003940","44","42961109"
"chr4","56081664","56081976","chr6","43537710","43538023","51","12543954"
"chr4","56084152","56084437","chr7","122141907","122142190","37","66057755"
"chr4","56169004","56169303","chr5","93787524","93787830","51","37618520"
"chr4","56177620","56177827","chr2","89593102","89593311","23","33415482"
"chr4","56305693","56305999","chr1","127833040","127833336","67","71527347"
"chr4","56356857","56357174","chr11","78380062","78380385","44","22023205"
"chr4","56413648","56413954","chr9","39504387","39504697","38","16909261"
"chr4","56423646","56423947","chr2","46682521","46682821","33","9741125"
"chr4","56436012","56436227","chr20","29195665","29195876","27","27240347"
"chr4","56479811","56480078","chr4","2744158","2744438","50","53735653"
"chr4","56511091","56511382","chr11","112667792","112668088","40","56156701"
"chr4","56511389","56511665","chr6","83972994","83973272","58","27461605"
"chr4","56523807","56524097","chr5","52449180","52449473","61","4074627"
"chr4","56691435","56691735","chr4","13002327","13002618","54","43689108"
"chr4","56704635","56704933","chr5","171657301","171657602","45","114952666"
"chr4","56804875","56805185","chr1","11912016","11912323","39","44892859"
"chr4","57024864","57025093","chr10","76202595","76202819","34","19177731"
"chr4","57089010","57089311","chr6","146206774","146207067","43","89117764"
"chr4","57097699","57098002","chr1","128155382","128155688","40","71057683"
"chr4","57108378","57108648","chr3","1997406","1997669","46","55110972"
"chr4","57126283","57126574","chr18","12989195","12989487","40","44137088"
"chr4","57279269","57279552","chr19","645039","645323","34","56634230"
"chr4","57364442","57364736","chr13","36338632","36338934","50","21025810"
"chr4","57431847","57432131","chr2","131043402","131043679","51","73611555"
"chr4","57441368","57441669","chr8","28809013","28809319","41","28632355"
"chr4","57560564","57560854","chr3","38447004","38447303","43","19113560"
"chr4","57745679","57746010","chr12","89888929","89889259","47","32143250"
"chr4","57880358","57880653","chr7","91577966","91578264","49","33697608"
"chr4","57980552","57980860","chr7","73560013","73560323","37","15579461"
"chr4","58014412","58014690","chr1","127703616","127703888","38","69689204"
"chr4","58031101","58031393","chrX","20846410","20846706","48","37184691"
"chr4","58038770","58039078","chr6","148752882","148753187","41","90714112"
"chr4","58102085","58102225","chr18","24104552","24104687","15","33997533"
"chr4","58143816","58144082","chr6","77881204","77881461","47","19737388"
"chr4","58210981","58211145","chr14","9667615","9667777","33","48543366"
"chr4","58211149","58211461","chr6","128110448","128110754","51","69899299"
"chr4","58269926","58270158","chr7","121329046","121329267","37","63059120"
"chr4","58282795","58283072","chr2","135177745","135178021","43","76894950"
"chr4","58295794","58296085","chr16","54704987","54705277","43","3590807"
"chr4","58333745","58334036","chr4","13663992","13664285","37","44669753"
"chr4","58432645","58432953","chr4","3145119","3145426","45","55287526"
"chr4","58446250","58446544","chr9","7025626","7025918","34","51420624"
"chr4","58451933","58452224","chr11","59744208","59744500","30","1292275"
"chr4","58482876","58483176","chr6","113414976","113415281","43","54932100"
"chr4","58486773","58487030","chr16","2148697","2148954","35","56338076"
"chr4","58496153","58496432","chr1","12716391","12716670","39","45779762"
"chr4","58499532","58499840","chr2","143239065","143239375","40","84739533"
"chr4","58538448","58538679","chr6","143514666","143514896","34","84976218"
"chr4","58585882","58586185","chr16","21958952","21959252","43","36626930"
"chr4","58613353","58613651","chr9","34329679","34329979","43","24283674"
"chr4","58655435","58655764","chr5","117250102","117250414","69","58594667"
"chr4","58768089","58768395","chrX","68470020","68470315","50","9701931"
"chr4","58870609","58870910","chr1","203673466","203673767","45","144802857"
"chr4","58894502","58894767","chr5","119192594","119192879","60","60298092"
"chr4","58928513","58928808","chr1","53988770","53989067","29","4939743"
"chr4","59010484","59010787","chr3","55917536","55917836","43","3092948"
"chr4","59012438","59012735","chr11","59699985","59700283","40","687547"
"chr4","59019427","59019703","chr4","2534955","2535251","57","56484472"
"chr4","59022718","59023016","chr1","129567144","129567444","46","70544426"
"chr4","59079977","59080271","chr9","15247736","15248032","32","43832241"
"chr4","59188178","59188481","chr7","33814781","33815078","62","25373397"
"chr4","59247202","59247506","chr15","88475091","88475399","40","29227889"
"chr4","59349042","59349331","chr13","25232626","25232918","46","34116416"
"chr4","59387468","59387690","chr13","71017466","71017686","30","11629998"
"chr4","59527749","59528051","chr14","5197108","5197407","49","54330641"
"chr4","59538917","59539224","chr7","93612219","93612525","39","34073302"
"chr4","59698720","59699019","chr19","3064712","3065012","32","56634008"
"chr4","59762992","59763296","chr1","1866324","1866628","42","57896668"
"chr4","59860574","59860876","chr13","32817425","32817728","32","27043149"
"chr4","59915252","59915539","chr11","106890418","106890709","45","46975166"
"chr4","60078254","60078524","chr11","24661575","24661861","51","35416679"
"chr4","60226972","60227276","chr2","46682521","46682821","36","13544451"
"chr4","60323573","60323878","chr8","25582102","25582396","41","34741471"
"chr4","60638193","60638452","chr6","1541360","1541616","48","59096833"
"chr4","60917701","60917994","chr6","142572268","142572563","44","81654567"
"chr4","60920160","60920440","chr1","121161615","121161895","44","60241455"
"chr4","61299199","61299435","chr8","27292776","27293017","40","34006423"
"chr4","61521094","61521314","chr7","121329046","121329267","31","59807952"
"chr4","61563111","61563414","chr2","74341346","74341647","46","12778235"
"chr4","61657815","61658109","chr8","91540919","91541218","36","29883104"
"chr4","61662179","61662481","chr13","32817425","32817728","36","28844754"
"chr4","61723775","61724081","chr7","49324027","49324336","48","12399748"
"chr4","61741651","61741946","chr7","90971726","90972022","46","29230075"
"chr4","61756549","61756805","chr20","10818837","10819097","46","50937712"
"chr4","61769606","61769898","chr4","102433082","102433377","37","40663476"
"chr4","61802080","61802361","chr1","128592581","128592863","49","66790501"
"chr4","61810290","61810584","chr1","44950004","44950301","50","16860286"
"chr4","61810706","61811010","chr3","74390980","74391277","40","12580274"
"chr4","61823151","61823395","chr13","24808150","24808395","29","37015001"
"chr4","61857728","61858022","chr9","115152824","115153119","37","53295096"
"chr4","61885296","61885580","chr14","50817121","50817406","48","11068175"
"chr4","61890512","61890799","chr2","96826999","96827292","40","34936487"
"chr4","61931288","61931587","chr8","31649147","31649450","47","30282141"
"chr4","61990799","61991080","chr20","23378215","23378467","64","38612584"
"chr4","62069018","62069114","chr1","140851347","140851436","15","78782329"
"chr4","62083587","62083879","chr3","38447004","38447303","47","23636583"
"chr4","62442863","62443151","chr20","36857891","36858175","42","25584972"
"chr4","62603570","62603880","chr6","147461402","147461710","55","84857832"
"chr4","62785664","62785939","chr6","150565896","150566187","55","87780232"
"chr4","63027224","63027507","chr6","88744720","88745008","38","25717496"
"chr4","63048495","63048548","chr6","131497614","131497665","7","68449119"
"chr4","63156543","63156822","chr17","77202039","77202329","49","14045496"
"chr4","63304731","63305046","chr3","163250820","163251122","83","99946089"
"chr4","63318895","63319189","chr13","90507750","90508052","55","27188855"
"chr4","63503445","63503785","chr7","43676261","43676581","88","19827184"
"chr4","63538298","63538607","chr1","128155382","128155688","40","64617084"
"chr4","63557736","63557947","chr18","17350909","17351117","30","46206827"
"chr4","63632901","63633193","chr2","96826999","96827292","41","33194098"
"chr4","63783238","63783524","chr18","6455943","6456224","35","57327295"
"chr4","63843826","63844138","chr6","128302615","128302924","41","64458789"
"chr4","64013928","64014156","chr5","89625548","89625767","38","25611620"
"chr4","64297242","64297389","chr6","52111046","52111199","29","12186196"
"chr4","64584843","64584968","chr16","6379392","6379511","19","58205451"
"chr4","64657814","64658039","chr2","34959871","34960099","48","29697943"
"chr4","64744562","64744695","chr15","21096731","21096859","20","43647831"
"chr4","64762835","64763130","chr4","10828530","10828827","43","53934305"
"chr4","64772401","64772705","chr6","124714488","124714790","31","59942087"
"chr4","64775877","64776168","chr3","171382925","171383221","52","106607048"
"chr4","64915531","64915836","chr1","13865146","13865450","47","51050385"
"chr4","65013149","65013448","chr13","32817425","32817728","31","32195724"
"chr4","65021627","65021920","chr8","25582102","25582396","35","39439525"
"chr4","65031150","65031379","chr9","53458224","53458460","39","11572926"
"chr4","65066502","65066753","chr4","123311126","123311385","67","58244624"
"chr4","65066755","65066882","chr1","141457501","141457624","28","76390746"
"chr4","65246404","65246670","chr2","165757823","165758089","34","100511419"
"chr4","65273663","65273765","chr3","84703027","84703139","25","19429364"
"chr4","65273969","65274127","chr7","77481567","77481727","34","12207598"
"chr4","65287845","65288161","chr6","30988089","30988401","40","34299756"
"chr4","65384989","65385254","chr2","181321727","181321993","67","115936738"
"chr4","65415927","65416229","chr6","128290163","128290458","68","62874236"
"chr4","65452319","65452623","chr2","46682521","46682821","43","18769798"
"chr4","65677359","65677658","chr19","3064712","3065012","38","62612647"
"chr4","65751456","65751578","chr1","185763091","185763209","17","120011635"
"chr4","66008456","66008738","chr13","42976081","42976362","43","23032375"
"chr4","66215554","66215849","chr10","78793021","78793318","33","12577467"
"chr4","66364336","66364562","chr6","96555204","96555433","36","30190868"
"chr4","66393454","66393668","chr5","89625548","89625767","29","23232094"
"chr4","66454322","66454629","chr3","45369493","45369802","38","21084829"
"chr4","66491909","66492261","chr7","73560013","73560323","87","7068104"
"chr4","66609241","66609525","chr14","1773153","1773437","44","64836088"
"chr4","66677608","66677911","chr11","4016647","4016949","31","62660961"
"chr4","66686410","66686696","chr7","5627046","5627330","46","61059364"
"chr4","66890928","66891207","chr4","111437438","111437719","59","44546510"
"chr4","66975300","66975616","chr14","117906946","117907254","54","50931646"
"chr4","67153950","67154167","chr13","7850027","7850241","29","59303923"
"chr4","67225654","67225962","chr8","94310731","94311042","36","27085077"
"chr4","67380431","67380741","chr19","24212554","24212862","35","43167877"
"chr4","67477913","67478225","chr4","65103155","65103465","34","2374758"
"chr4","67567510","67567740","chr5","117645521","117645753","34","50078011"
"chr4","67852860","67853157","chr7","38013110","38013409","44","29839750"
"chr4","67980669","67980785","JH681718","2450","2563","20","67978219"
"chr4","67981337","67981531","chr20","69092877","69093074","43","1111540"
"chr4","68010288","68010584","chr10","11737336","11737632","49","56272952"
"chr4","68036247","68036547","chr7","70273788","70274086","51","2237541"
"chr4","68042446","68042735","chr11","14273032","14273320","53","53769414"
"chr4","68320148","68320444","chr2","102989050","102989349","34","34668902"
"chr4","68336002","68336271","chr2","67937995","67938262","56","398007"
"chr4","68470989","68471270","chr16","49600516","49600799","37","18870473"
"chr4","68511356","68511677","chrX","17430672","17430990","50","51080684"
"chr4","68528690","68528983","chr1","85450489","85450784","34","16921799"
"chr4","68622687","68622990","chr6","124714488","124714790","49","56091801"
"chr4","68724623","68724922","chr16","50458888","50459183","40","18265735"
"chr4","68765779","68766067","chr4","34747186","34747478","32","34018593"
"chr4","68770348","68770633","chr7","90971726","90972022","41","22201378"
"chr4","68792289","68792580","chr4","13663992","13664285","41","55128297"
"chr4","68799816","68800085","chr8","119618087","119618362","56","50818271"
"chr4","68804457","68804744","chr10","7712234","7712527","39","61092223"
"chr4","68823309","68823605","chr1","208315987","208316282","45","139492678"
"chr4","68851521","68851781","chr15","29543321","29543580","50","39308200"
"chr4","68856269","68856592","chr18","51183412","51183721","56","17672857"
"chr4","68878161","68878447","chr6","9479157","9479440","56","59399004"
"chr4","68899598","68899890","chr1","219677924","219678213","45","150778326"
"chr4","68917437","68917715","chr17","54255053","54255336","46","14662384"
"chr4","68926702","68926999","chr1","129567144","129567444","43","60640442"
"chr4","68941021","68941356","chr4","28570540","28570871","61","40370481"
"chr4","68943078","68943371","chr7","52736490","52736780","33","16206588"
"chr4","69017210","69017435","chr9","18207388","18207612","26","50809822"
"chr4","69108898","69109197","chr16","11126268","11126568","48","57982630"
"chr4","69125342","69125608","chr4","79455473","79455733","49","10330131"
"chr4","69302133","69302424","chr15","78953274","78953566","40","9651141"
"chr4","69433240","69433537","chr2","96514589","96514879","53","27081349"
"chr4","69565194","69565481","chr14","111877236","111877529","42","42312042"
"chr4","69597507","69597801","chr1","19736141","19736436","43","49861366"
"chr4","69724924","69725214","chr13","36087665","36087960","37","33637259"
"chr4","69726022","69726146","chr18","2815099","2815224","14","66910923"
"chr4","70002031","70002208","chr12","44568948","44569102","45","25433083"
"chr4","70056136","70056395","chr9","56550989","56551249","46","13505147"
"chr4","70134591","70134887","chr4","7297871","7298169","35","62836720"
"chr4","70174336","70174632","chr10","10378732","10379028","33","59795604"
"chr4","70214359","70214673","chr12","88742596","88742905","43","18528237"
"chr4","70252681","70252881","chr4","67692555","67692757","36","2560126"
"chr4","70271517","70271648","chr2","50403954","50404085","16","19867563"
"chr4","70370817","70371097","chr1","124250793","124251086","46","53879976"
"chr4","70462780","70463079","chr20","273029","273329","34","70189751"
"chr4","70688747","70688978","chr6","125155662","125155895","43","54466915"
"chr4","70743661","70743938","chr13","101222358","101222641","51","30478697"
"chr4","70793820","70794121","chr19","3064712","3065012","34","67729108"
"chr4","71280039","71280188","chr11","107874292","107874435","30","36594253"
"chr4","71291936","71292245","chrX","21774198","21774509","36","49517738"
"chr4","71305112","71305395","chr19","7821204","7821487","42","63483908"
"chr4","71338149","71338443","chr16","18796729","18797022","38","52541420"
"chr4","71509602","71509945","chr8","5972615","5972954","74","65536987"
"chr4","71538766","71539059","chr19","47662689","47662983","38","23876077"
"chr4","71539229","71539524","chr7","38013110","38013409","42","33526119"
"chr4","71570253","71570538","chr9","120739868","120740161","39","49169615"
"chr4","71585210","71585505","chr10","37637202","37637497","41","33948008"
"chr4","71616443","71616733","chr2","144623769","144624056","43","73007326"
"chr4","71625440","71625651","chr1","30766383","30766593","42","40859057"
"chr4","71626052","71626349","chr4","127965555","127965842","71","56339503"
"chr4","71655231","71655526","chr7","90971726","90972022","52","19316495"
"chr4","71660588","71660910","chr1","48444023","48444319","70","23216565"
"chr4","71678374","71678649","chr19","32515288","32515561","38","39163086"
"chr4","71682997","71683240","chr5","166622797","166623027","51","94939800"
"chr4","71697508","71697800","chr3","7329726","7330016","45","64367782"
"chr4","71704182","71704469","chr6","143287549","143287823","55","71583367"
"chr4","71714016","71714244","chr1","25543130","25543356","31","46170886"
"chr4","71719356","71719648","chr3","128061655","128061955","46","56342299"
"chr4","71722176","71722461","chrX","118400711","118401003","46","46678535"
"chr4","71757544","71757731","chr7","74316519","74316716","33","2558975"
"chr4","71757872","71757987","chrX","33348734","33348848","21","38409138"
"chr4","71758204","71758504","chr7","49431425","49431724","43","22326779"
"chr4","71772203","71772504","chr12","74616661","74616965","40","2844458"
"chr4","71788542","71788834","chr1","94365322","94365615","35","22576780"
"chr4","71818305","71818608","chr16","17660066","17660366","50","54158239"
"chr4","71820802","71821100","chr17","27643358","27643658","51","44177444"
"chr4","71822383","71822664","chr8","138498782","138499073","44","66676399"
"chr4","71823286","71823584","chr15","16362194","16362500","47","55461092"
"chr4","71829655","71829768","chr6","160341907","160342015","21","88512252"
"chr4","71830084","71830117","chr3","20573385","20573421","18","51256699"
"chr4","71830118","71830285","chr1","16448499","16448666","36","55381619"
"chr4","71839662","71839955","chr12","94482700","94482999","37","22643038"
"chr4","71841222","71841531","chr6","46919342","46919647","34","24921880"
"chr4","71861066","71861371","chr13","107077974","107078263","52","35216908"
"chr4","71862279","71862542","chr3","178701270","178701546","41","106838991"
"chr4","71862874","71863174","chr4","74474905","74475205","39","2612031"
"chr4","71876943","71877259","chr20","40605741","40606068","58","31271202"
"chr4","71877772","71878064","chr15","35190462","35190761","42","36687310"
"chr4","71882057","71882350","chr6","124946544","124946841","37","53064487"
"chr4","71883324","71883631","chr1","1866324","1866628","36","70017000"
"chr4","71886496","71886777","chr4","69310614","69310899","48","2575882"
"chr4","71900092","71900395","chr1","130282840","130283147","49","58382748"
"chr4","71901181","71901491","chrX","43179195","43179504","44","28721986"
"chr4","71914734","71915044","chr4","69391034","69391347","43","2523700"
"chr4","72038384","72038673","chrX","45148741","45149028","45","26889643"
"chr4","72126032","72126159","chr6","36561801","36561924","25","35564231"
"chr4","72521619","72521903","chr4","69944363","69944649","47","2577256"
"chr4","72579402","72579661","chr5","141228596","141228872","52","68649194"
"chr4","72581672","72581931","chr5","141228596","141228872","52","68646924"
"chr4","72679320","72679627","chr1","18792684","18792991","32","53886636"
"chr4","72805285","72805543","chr4","79455473","79455733","39","6650188"
"chr4","72888173","72888466","chr1","40265066","40265356","39","32623107"
"chr4","73048471","73048721","chr1","36888776","36889038","44","36159695"
"chr4","73147771","73148068","chr11","59744208","59744500","31","13403563"
"chr4","73221886","73222189","chr13","30328650","30328946","58","42893236"
"chr4","73434273","73434564","chr19","32057939","32058228","41","41376334"
"chr4","73512666","73512973","chr3","69228301","69228608","31","4284365"
"chr4","73544692","73544952","chr19","3865816","3866080","57","69678876"
"chr4","73567647","73567943","chr4","10728561","10728865","43","62839086"
"chr4","73636187","73636480","chr15","39847712","39848003","45","33788475"
"chr4","73637626","73637922","chr5","135604688","135604986","46","61967062"
"chr4","73652700","73653008","chr7","16206849","16207148","55","57445851"
"chr4","73857170","73857467","chr6","169905679","169905979","41","96048509"
"chr4","73887750","73888048","chr3","10482926","10483222","43","63404824"
"chr4","73906076","73906371","chr12","33900333","33900627","35","40005743"
"chr4","73980435","73980737","chr6","31393353","31393656","38","42587082"
"chr4","74029492","74029805","chr7","26393548","26393855","56","47635944"
"chr4","74031046","74031350","chr9","52806874","52807175","40","21224172"
"chr4","74033775","74034073","chr19","37605371","37605662","44","36428404"
"chr4","74134472","74134773","chr7","144956497","144956795","46","70822025"
"chr4","74138986","74139265","chr4","71459187","71459482","48","2679799"
"chr4","74245678","74245982","chr1","85450489","85450784","54","11204811"
"chr4","74287578","74287745","chr13","30956781","30956950","27","43330797"
"chr4","74312226","74312518","chr1","25671484","25671776","51","48640742"
"chr4","74453966","74454180","chr6","142429991","142430206","41","67976025"
"chr4","74478926","74479194","chr12","13511504","13511784","47","60967422"
"chr4","74558938","74559176","chr5","133797177","133797424","37","59238239"
"chr4","74568045","74568340","chr2","73070385","73070678","44","1497660"
"chr4","74803060","74803327","chr20","28738202","28738471","53","46064858"
"chr4","74861584","74861865","chr13","60536425","60536708","47","14325159"
"chr4","75083163","75083447","chr15","41303117","41303404","45","33780046"
"chr4","75567511","75567819","chr4","72786681","72786992","42","2780830"
"chr4","75668586","75668887","chr11","59744208","59744500","34","15924378"
"chr4","75771227","75771591","chr19","5447576","5447917","87","70323651"
"chr4","75790908","75791203","chr13","26338117","26338407","43","49452791"
"chr4","76174682","76174971","chr10","18063347","18063639","46","58111335"
"chr4","76519068","76519376","chr9","89235257","89235565","44","12716189"
"chr4","76690362","76690671","chr4","109752629","109752940","47","33062267"
"chr4","76717118","76717429","chr11","94271683","94272001","50","17554565"
"chr4","76778863","76779164","chr16","2280035","2280340","58","74498828"
"chr4","76798852","76799159","chr1","20012770","20013073","36","56786082"
"chr4","76831343","76831602","chr20","47863804","47864065","51","28967539"
"chr4","76888935","76889229","chr4","10593766","10594058","35","66295169"
"chr4","76973789","76974060","chr3","43954983","43955246","67","33018806"
"chr4","77180526","77180800","chrX","45685008","45685285","45","31495518"
"chr4","77292102","77292408","chr7","55027067","55027370","38","22265035"
"chr4","77307387","77307681","chr5","45376537","45376837","43","31930850"
"chr4","77627066","77627373","chr6","128110448","128110754","41","50483382"
"chr4","77654167","77654444","chr7","117030480","117030769","55","39376313"
"chr4","77669184","77669478","chr11","59744208","59744500","32","17924976"
"chr4","77683968","77684237","chr4","143730712","143730973","55","66046744"
"chr4","77786861","77787149","chrX","96252990","96253282","43","18466129"
"chr4","77875573","77875869","chr11","114923633","114923926","38","37048060"
"chr4","77926658","77926946","chr5","58082891","58083179","47","19843767"
"chr4","77930497","77930770","chr10","79972648","79972919","47","2042151"
"chr4","77987350","77987616","chr2","155636216","155636491","44","77648866"
"chr4","77998000","77998296","chr2","38884008","38884302","34","39113992"
"chr4","78015053","78015314","chr15","102602762","102603024","46","24587709"
"chr4","78086227","78086522","chr9","105191535","105191834","37","27105308"
"chr4","78099827","78100127","chr1","129877213","129877510","42","51777386"
"chr4","78104415","78104707","chr20","39659316","39659610","44","38445099"
"chr4","78121309","78121619","chr9","49669807","49670113","47","28451502"
"chr4","78144448","78144614","chr7","148186144","148186308","31","70041696"
"chr4","78208760","78209063","chr1","7993999","7994304","31","70214761"
"chr4","78210366","78210684","chr7","16206849","16207148","53","62003517"
"chr4","78281720","78281847","chr19","17480192","17480320","22","60801528"
"chr4","78343126","78343404","chr5","43234085","43234369","46","35109041"
"chr4","78503351","78503646","chr7","90971726","90972022","36","12468375"
"chr4","78544736","78545037","chr6","103002074","103002374","42","24457338"
"chr4","78658047","78658356","chr9","7025626","7025918","46","71632421"
"chr4","78765328","78765638","chr11","33968956","33969265","47","44796372"
"chr4","78770242","78770544","chr7","133065043","133065330","48","54294801"
"chr4","78932237","78932532","chr11","59744208","59744500","32","19188029"
"chr4","79035020","79035297","chr5","35236627","35236905","51","43798393"
"chr4","79066940","79067238","chr2","64113495","64113789","62","14953445"
"chr4","79454455","79454610","chr20","59052808","59052967","36","20401647"
"chr4","79714822","79715113","chr9","22795677","22795968","42","56919145"
"chr4","79805105","79805409","chr11","94663191","94663491","45","14858086"
"chr4","79899172","79899260","chr13","31730957","31731045","15","48168215"
"chr4","79958493","79958783","chr15","21416937","21417235","39","58541556"
"chr4","79968880","79969085","chrX","140946","141152","30","79827934"
"chr4","80132024","80132320","chr1","101247699","101247996","43","21115675"
"chr4","80521146","80521400","chr2","51751424","51751680","40","28769722"
"chr4","80531955","80532250","chr11","59744208","59744500","34","20787747"
"chr4","80553421","80553711","chr8","125553163","125553457","40","44999742"
"chr4","80588611","80588923","chr4","21053517","21053824","48","59535094"
"chr4","80646169","80646459","chr2","101184261","101184554","47","20538092"
"chr4","80750149","80750464","chr2","144423348","144423659","42","63673199"
"chr4","80832468","80832765","chr3","178463842","178464137","63","97631374"
"chr4","80867768","80868053","chr1","190242284","190242563","51","109374516"
"chr4","80904014","80904317","chr11","7017396","7017703","47","73886618"
"chr4","80904501","80904799","chr4","69425921","69426221","37","11478580"
"chr4","80911621","80911904","chr1","33058869","33059151","40","47852752"
"chr4","80919811","80920102","chrX","112314689","112314977","36","31394878"
"chr4","80959368","80959658","chr1","11366377","11366670","42","69592991"
"chr4","80983735","80984032","chr11","59744208","59744500","31","21239527"
"chr4","81002082","81002369","chr10","62315260","62315548","39","18686822"
"chr4","81026430","81026728","chr11","3653031","3653328","38","77373399"
"chr4","81103992","81104291","chr15","36493056","36493358","37","44610936"
"chr4","81174717","81175033","chr4","14949121","14949425","47","66225596"
"chr4","81337016","81337304","chr13","64312623","64312915","41","17024393"
"chr4","81391962","81392269","chr13","32817425","32817728","33","48574537"
"chr4","81432470","81432767","chr11","48999226","48999522","47","32433244"
"chr4","81533328","81533625","chr10","16049988","16050292","46","65483340"
"chr4","81832958","81833266","chr3","51065520","51065823","45","30767438"
"chr4","81887145","81887445","chr4","69425921","69426221","41","12461224"
"chr4","81942785","81943060","chr6","150717417","150717697","36","68774632"
"chr4","82004835","82004947","chr3","15334660","15334776","21","66670175"
"chr4","82051872","82052154","chr4","105579082","105579368","41","23527210"
"chr4","82063565","82063742","chr2","20763823","20763999","46","61299742"
"chr4","82086215","82086509","chr16","44032038","44032315","49","38054177"
"chr4","82203310","82203608","chr11","75342336","75342628","43","6860974"
"chr4","82387637","82387932","chr9","7025626","7025918","36","75362011"
"chr4","82435814","82436028","chr3","151807944","151808153","30","69372130"
"chr4","82554908","82555180","chr12","13511504","13511784","54","69043404"
"chr4","82574104","82574414","chr13","23501079","23501388","47","59073025"
"chr4","82589585","82589884","chr3","178746853","178747140","54","96157268"
"chr4","82598556","82598865","chr5","160296917","160297227","40","77698361"
"chr4","82694112","82694354","chr4","79455473","79455733","46","3238639"
"chr4","82704841","82705104","chr5","101457421","101457692","50","18752580"
"chr4","82739328","82739616","chr6","47089969","47090257","41","35649359"
"chr4","82751349","82751636","chr6","6302983","6303271","38","76448366"
"chr4","82968081","82968382","chr3","34969388","34969689","40","47998693"
"chr4","83140677","83140809","chr18","2814393","2814524","14","80326284"
"chr4","83382404","83382654","chr1","135521963","135522225","58","52139559"
"chr4","83426116","83426403","chr7","132975622","132975901","44","49549506"
"chr4","83427160","83427439","chr2","88096430","88096710","46","4669270"
"chr4","83481650","83481953","chr13","32817425","32817728","39","50664225"
"chr4","83615037","83615341","chr13","10717364","10717675","43","72897673"
"chr4","83667875","83668177","chr19","12048254","12048551","48","71619621"
"chr4","83838686","83838944","chr10","58180682","58180944","45","25658004"
"chr4","84294047","84294351","chr2","101651204","101651504","39","17357157"
"chr4","84295413","84295644","chr7","107333554","107333796","57","23038141"
"chr4","84296259","84296531","chr11","13532110","13532383","64","70764149"
"chr4","84311418","84311725","chr1","39013788","39014096","36","45297630"
"chr4","84329397","84329692","chr2","84844754","84845049","31","515357"
"chr4","84355652","84355921","chr2","39029241","39029515","41","45326411"
"chr4","84496012","84496290","chr3","37000011","37000289","46","47496001"
"chr4","84501167","84501475","chr7","73463030","73463339","46","11038137"
"chr4","84559897","84560195","chr5","2577333","2577630","37","81982564"
"chr4","84578537","84578849","chr3","34969388","34969689","52","49609149"
"chr4","84586471","84586757","chr4","13002327","13002618","46","71584144"
"chr4","84592219","84592454","chr1","93009406","93009650","62","8417187"
"chr4","84623334","84623609","chr6","139236164","139236445","54","54612830"
"chr4","84688121","84688414","chr8","25582102","25582396","34","59106019"
"chr4","84694484","84694787","chr16","47869063","47869366","37","36825421"
"chr4","84731827","84732106","chr3","151950537","151950826","55","67218710"
"chr4","84749688","84749978","chr4","81231968","81232262","43","3517720"
"chr4","84875327","84875624","chr19","35482053","35482349","42","49393274"
"chr4","84943994","84944283","chr12","65089310","65089598","38","19854684"
"chr4","85182813","85183129","chr3","35732207","35732527","53","49450606"
"chr4","85430336","85430631","chr1","42476755","42477044","40","42953581"
"chr4","85532849","85533145","chr7","129277499","129277801","35","43744650"
"chr4","85549149","85549446","chr5","154543609","154543902","50","68994460"
"chr4","85636018","85636139","chr11","83048168","83048288","11","2587850"
"chr4","85781418","85781716","chrX","28734753","28735052","51","57046665"
"chr4","85899186","85899489","chr8","30832243","30832546","40","55066943"
"chr4","85985112","85985387","chr3","45468227","45468501","46","40516885"
"chr4","86102969","86103250","chr2","152202700","152202973","49","66099731"
"chr4","86148246","86148544","chr7","101853697","101853997","50","15705451"
"chr4","86180786","86181097","chr10","85616264","85616571","38","564522"
"chr4","86183835","86184071","chr3","50901308","50901545","32","35282527"
"chr4","86217510","86217816","chr14","53927134","53927436","37","32290376"
"chr4","86228722","86229006","chrX","108446223","108446511","41","22217501"
"chr4","86251589","86251883","chr1","113455513","113455806","45","27203924"
"chr4","86357419","86357711","chr10","85649034","85649333","46","708385"
"chr4","86433621","86433909","chr16","1419036","1419322","44","85014585"
"chr4","86453992","86454298","chr1","184600194","184600503","50","98146202"
"chr4","86459926","86460222","chr3","45626371","45626668","34","40833555"
"chr4","86482289","86482580","chr4","20045092","20045381","40","66437197"
"chr4","86548456","86548684","chr19","12763923","12764145","44","73784533"
"chr4","86549016","86549287","chr15","21464395","21464674","48","65084621"
"chr4","86580549","86580848","chr12","63079032","63079340","36","23501517"
"chr4","86636285","86636558","chr7","120105838","120106111","47","33469553"
"chr4","86640013","86640308","chr7","54988790","54989094","40","31651223"
"chr4","86657738","86657908","chr16","11645595","11645766","22","75012143"
"chr4","86661904","86662191","chr4","82945647","82945940","39","3716257"
"chr4","86677295","86677588","chr5","3516408","3516705","41","83160887"
"chr4","86757119","86757412","chr7","151979566","151979860","29","65222447"
"chr4","86779121","86779419","chr1","170967942","170968244","42","84188821"
"chr4","86841583","86841863","chr3","63144094","63144379","46","23697489"
"chr4","86849264","86849496","chr3","43986189","43986438","46","42863075"
"chr4","86850788","86851028","chr6","166194239","166194474","41","79343451"
"chr4","86862409","86862719","chr11","36769212","36769521","41","50093197"
"chr4","86879591","86879868","chr14","58571371","58571643","47","28308220"
"chr4","86881809","86882105","chr8","31425380","31425680","34","55456429"
"chr4","86888031","86888342","chr5","32469834","32470141","40","54418197"
"chr4","86890804","86891115","chr5","18987492","18987805","45","67903312"
"chr4","86897745","86898043","chr7","159175394","159175689","42","72277649"
"chr4","86944789","86945086","chr1","29380917","29381213","40","57563872"
"chr4","86957048","86957322","chr5","79158515","79158797","51","7798533"
"chr4","86959672","86959983","chr20","26717586","26717886","43","60242086"
"chr4","87045678","87045974","chr4","13346653","13346950","34","73699025"
"chr4","87047956","87048264","chr2","144423348","144423659","36","57375392"
"chr4","87075630","87075907","chr2","152202700","152202973","45","65127070"
"chr4","87078256","87078549","chr1","42476755","42477044","47","44601501"
"chr4","87080999","87081304","chr13","107030178","107030478","45","19949179"
"chr4","87105534","87105837","chr4","35717411","35717718","36","51388123"
"chr4","87299018","87299306","chr7","52736490","52736780","41","34562528"
"chr4","87599360","87599660","chr4","83856220","83856526","49","3743140"
"chr4","87799919","87800062","chr3","10008224","10008365","14","77791695"
"chr4","87800178","87800313","chr16","3400065","3400178","40","84400113"
"chr4","88032875","88033183","chr8","48790822","48791125","43","39242053"
"chr4","88105738","88106021","chr11","110675018","110675302","56","22569280"
"chr4","88118580","88118859","chr1","91521758","91522057","61","3403178"
"chr4","88127690","88127991","chr15","57971492","57971793","36","30156198"
"chr4","88141112","88141412","chr3","96495025","96495317","42","8353913"
"chr4","88169355","88169656","chr1","7993999","7994304","38","80175356"
"chr4","88184877","88185168","chr19","47662689","47662983","35","40522188"
"chr4","88194726","88195011","chr16","3687263","3687550","48","84507463"
"chr4","88204022","88204310","chr13","118319198","118319492","46","30115176"
"chr4","88259305","88259605","chr4","30656456","30656736","63","57602849"
"chr4","88340613","88340902","chr10","20861365","20861656","43","67479248"
"chr4","88422046","88422348","chr5","158536001","158536306","47","70113955"
"chr4","88468315","88468611","chr16","16996819","16997118","40","71471496"
"chr4","88543579","88543861","chr19","50974121","50974400","39","37569458"
"chr4","88683962","88684231","chr5","73026476","73026743","41","15657486"
"chr4","88685478","88685800","chr6","49313425","49313743","52","39372053"
"chr4","88698359","88698665","chr13","61259817","61260123","33","27438542"
"chr4","88708333","88708628","chr6","142572268","142572563","39","53863935"
"chr4","88734196","88734483","JH682036","358126","358421","35","88376070"
"chr4","88769962","88770266","chr10","20549883","20550183","41","68220079"
"chr4","88807580","88807874","chr4","10912888","10913182","51","77894692"
"chr4","88827059","88827359","chr18","26757177","26757480","44","62069882"
"chr4","88835914","88836223","chr4","3145119","3145426","41","85690795"
"chr4","88855253","88855555","chr4","85070322","85070612","47","3784931"
"chr4","88867111","88867411","chr7","114822770","114823069","46","25955659"
"chr4","88878315","88878571","chr16","3441267","3441508","61","85437048"
"chr4","88887740","88888069","chr3","39810411","39810728","62","49077329"
"chr4","88936196","88936503","chr7","120310502","120310798","40","31374306"
"chr4","88939727","88940013","chr7","18532501","18532788","39","70407226"
"chr4","88968025","88968329","chr10","72394915","72395215","37","16573110"
"chr4","88972801","88973110","chr1","44950004","44950301","46","44022797"
"chr4","88980160","88980470","chr9","54627211","54627522","39","34352949"
"chr4","88983569","88983855","chr7","18532501","18532788","39","70451068"
"chr4","88984096","88984232","chr18","43383540","43383676","15","45600556"
"chr4","89003445","89003748","chr3","44128938","44129239","38","44874507"
"chr4","89079431","89079684","chr3","955290","955546","51","88124141"
"chr4","89081978","89082275","chr6","127852909","127853211","44","38770931"
"chr4","89107881","89108176","chr2","102989050","102989349","29","13881169"
"chr4","89137651","89137925","chr3","43135407","43135692","47","46002244"
"chr4","89146731","89147038","chr1","36440897","36441200","40","52705834"
"chr4","89228304","89228598","chr16","11126268","11126568","39","78102036"
"chr4","89273710","89274019","chr3","69228301","69228608","53","20045409"
"chr4","89373393","89373669","chr16","15193265","15193538","55","74180128"
"chr4","89446969","89447279","chr7","92009740","92010039","41","2562771"
"chr4","89487372","89487671","chr7","107449701","107449997","37","17962329"
"chr4","89810427","89810722","chr1","207075081","207075375","40","117264654"
"chr4","89997814","89998120","chr3","12603123","12603437","38","77394691"
"chr4","90167418","90167721","chr6","136733017","136733318","42","46565599"
"chr4","90471258","90471553","chrX","38891205","38891511","37","51580053"
"chr4","90529680","90529980","chr12","69597135","69597433","40","20932545"
"chr4","90864983","90865218","chr20","4304468","4304705","37","86560515"
"chr4","90873640","90873843","chr9","34404783","34404992","41","56468857"
"chr4","91452374","91452650","chr3","78303544","78303823","44","13148830"
"chr4","91464681","91464982","chr18","40962798","40963098","38","50501883"
"chr4","91468991","91469273","chr8","138498782","138499073","49","47029791"
"chr4","91577461","91577754","chr1","43483243","43483537","50","48094218"
"chr4","91700808","91701058","chr1","14468200","14468440","39","77232608"
"chr4","91716012","91716258","chrX","12259299","12259550","31","79456713"
"chr4","91838486","91838776","chr1","124250793","124251086","36","32412307"
"chr4","91966202","91966477","chr6","143287549","143287823","59","51321347"
"chr4","92204338","92204598","chr2","183911446","183911726","55","91707108"
"chr4","92217408","92217625","chr3","151807944","151808153","29","59590536"
"chr4","92417940","92418223","chr12","29804770","29805052","40","62613170"
"chr4","92522180","92522479","chr7","52736490","52736780","43","39785690"
"chr4","92528995","92529318","chr15","35590404","35590716","61","56938591"
"chr4","92596461","92596778","chr10","84758202","84758512","45","7838259"
"chr4","92730554","92730848","chr13","25301779","25302077","44","67428775"
"chr4","92739273","92739564","chr2","77570141","77570429","45","15169132"
"chr4","92809176","92809475","chr1","55001559","55001859","37","37807617"
"chr4","92933642","92933920","chr9","116393632","116393917","59","23459990"
"chr4","93005369","93005683","chr6","128302615","128302924","43","35297246"
"chr4","93223896","93224218","chr18","39066869","39067188","61","54157027"
"chr4","93318398","93318696","chr3","45626371","45626668","34","47692027"
"chr4","93336983","93337290","chr10","38972797","38973107","49","54364186"
"chr4","93744854","93745079","chr13","126342198","126342415","42","32597344"
"chr4","93842010","93842290","chr3","151380668","151380942","40","57538658"
"chr4","93864170","93864454","chr3","63144094","63144379","38","30720076"
"chr4","94051791","94052093","chr1","20012770","20013073","39","74039021"
"chr4","94063358","94063656","JH682036","358126","358421","39","93705232"
"chr4","94165399","94165678","chrX","24932309","24932597","40","69233090"
"chr4","94200642","94200914","chr4","134157189","134157460","53","39956547"
"chr4","94267945","94268260","chr9","22602293","22602604","56","71665652"
"chr4","94496507","94496812","chr13","23501079","23501388","38","70995428"
"chr4","94550183","94550475","chrX","109211107","109211398","41","14660924"
"chr4","94655027","94655323","chr1","48444023","48444319","45","46211004"
"chr4","94661921","94662201","chr3","47554571","47554851","47","47107350"
"chr4","94662449","94662733","chrX","96252990","96253282","43","1590541"
"chr4","94816161","94816453","chr14","111877236","111877529","47","17061075"
"chr4","94858319","94858580","chr4","24804662","24804922","45","70053657"
"chr4","94896214","94896514","chr15","48309520","48309815","48","46586694"
"chr4","94971568","94971808","chr1","28502551","28502789","47","66469017"
"chr4","95306780","95307060","chrX","45987544","45987822","42","49319236"
"chr4","95314766","95315068","chr1","1866324","1866628","45","93448442"
"chr4","95534503","95534848","chr1","25073098","25073432","108","70461405"
"chr4","95592072","95592358","chr9","113200398","113200692","43","17608326"
"chr4","95795332","95795631","chr11","59744208","59744500","36","36051124"
"chr4","95923602","95923906","chr3","44128938","44129239","41","51794664"
"chr4","95930620","95930851","chr7","121329046","121329267","35","25398426"
"chr4","95990303","95990594","chr7","158303441","158303733","51","62313138"
"chr4","95996492","95996795","chr12","89216067","89216369","37","6780425"
"chr4","96001281","96001582","chr1","128155382","128155688","36","32154101"
"chr4","96120185","96120463","chr20","17770859","17771148","44","78349326"
"chr4","96223955","96224245","chr2","47762774","47763066","35","48461181"
"chr4","96315638","96315924","chr20","59612309","59612599","43","36703329"
"chr4","96335245","96335540","chr11","59744208","59744500","34","36591037"
"chr4","96342158","96342442","chr20","17770859","17771148","48","78571299"
"chr4","96374146","96374458","chr15","96588502","96588809","38","214356"
"chr4","96429199","96429491","chr11","121438701","121439000","53","25009502"
"chr4","96520549","96520646","chr3","71895966","71896061","19","24624583"
"chr4","96552346","96552651","chr1","17653957","17654260","40","78898389"
"chr4","96730334","96730570","chr16","40076793","40077035","47","56653541"
"chr4","96789981","96790143","chr15","29967692","29967856","24","66822289"
"chr4","96862854","96863150","chr1","94576857","94577167","44","2285997"
"chr4","96884430","96884542","chr13","20114455","20114567","19","76769975"
"chr4","96898904","96899165","chr4","79455473","79455733","37","17443431"
"chr4","97185632","97185907","chr12","65329997","65330287","44","31855635"
"chr4","97276443","97276751","chr1","185392780","185393084","51","88116337"
"chr4","97325831","97326130","chr1","85129851","85130148","49","12195980"
"chr4","97327758","97328064","chr1","28220528","28220830","47","69107230"
"chr4","97406057","97406345","chr7","148232035","148232326","50","50825978"
"chr4","97551767","97551927","chr8","81051177","81051337","22","16500590"
"chr4","97571976","97572255","chr5","79158515","79158797","46","18413461"
"chr4","97584329","97584625","chr1","25933166","25933464","36","71651163"
"chr4","97709572","97709869","chr2","71450909","71451205","38","26258663"
"chr4","97747038","97747167","chr11","119366299","119366427","14","21619261"
"chr4","97836423","97836650","chr20","39426127","39426355","27","58410296"
"chr4","98333970","98334267","chr12","91363258","91363549","41","6970712"
"chr4","98352457","98352765","chr10","16049988","16050292","50","82302469"
"chr4","98384905","98385109","chrX","62997434","62997645","37","35387471"
"chr4","98388293","98388589","chr11","59744208","59744500","34","38644085"
"chr4","98439656","98439938","chr2","92682338","92682617","38","5757318"
"chr4","98560179","98560418","chr11","44650712","44650952","34","53909467"
"chr4","98569019","98569322","chr14","98318663","98318962","40","250356"
"chr4","98577299","98577574","chr14","21655489","21655772","44","76921810"
"chr4","98602727","98603003","chr16","63276450","63276738","45","35326277"
"chr4","98624711","98625009","chr6","10235231","10235527","37","88389480"
"chr4","98640867","98641136","chr15","21519279","21519561","41","77121588"
"chr4","98756236","98756543","chr3","71169706","71170006","41","27586530"
"chr4","98866817","98867125","chr19","3064712","3065012","51","95802105"
"chr4","98882304","98882597","chr9","95162769","95163063","33","3719535"
"chr4","98889665","98889957","chr14","98318663","98318962","41","571002"
"chr4","98987449","98987753","chr12","20710479","20710784","36","78276970"
"chr4","98997832","98998129","chrX","19802910","19803194","51","79194922"
"chr4","98998603","98998907","chr1","34059946","34060256","45","64938657"
"chr4","99189502","99189795","chr16","18796729","18797022","41","80392773"
"chr4","99358500","99358794","chr7","120093498","120093804","55","20734998"
"chr4","99513754","99513874","chr6","85383329","85383446","42","14130425"
"chr4","99771242","99771504","chr4","95848541","95848815","45","3922701"
"chr4","99980513","99980808","chr18","12240080","12240373","43","87740433"
"chr4","100058873","100059175","chr1","11912016","11912323","34","88146857"
"chr4","100131618","100131933","chr13","64411011","64411323","41","35720607"
"chr4","100159808","100160106","chr11","122769492","122769790","38","22609684"
"chr4","100348535","100348800","chr16","6939643","6939916","47","93408892"
"chr4","100386754","100387055","chr8","29386987","29387291","47","70999767"
"chr4","100432646","100432943","chr1","129877213","129877510","46","29444567"
"chr4","100454635","100454937","chr7","72707693","72707981","52","27746942"
"chr4","100522707","100522989","chr4","96584379","96584658","40","3938328"
"chr4","100766466","100766737","chr18","38185873","38186149","40","62580593"
"chr4","100831310","100831606","chr6","101765362","101765658","40","934052"
"chr4","100861521","100861778","chr5","46619412","46619664","46","54242109"
"chr4","100910892","100910991","chr11","12024313","12024418","18","88886579"
"chr4","100917881","100918089","chr7","155860210","155860412","28","54942329"
"chr4","101145543","101145812","chr1","190360719","190360980","44","89215176"
"chr4","101562845","101563158","chr11","13691517","13691834","44","87871328"
"chr4","101680766","101681027","chr15","105505769","105506028","47","3825003"
"chr4","101932006","101932133","chr1","63636938","63637065","20","38295068"
"chr4","102150877","102151163","chr16","44203969","44204255","41","57946908"
"chr4","102175763","102175837","chrX","38423493","38423567","12","63752270"
"chr4","102205051","102205348","chr15","93971010","93971304","51","8234041"
"chr4","102350250","102350469","chr1","200625581","200625798","29","98275331"
"chr4","102400672","102400921","chr7","151776343","151776597","44","49375671"
"chr4","102430569","102430638","chr16","48597933","48598008","18","53832636"
"chr4","102431385","102431686","chr13","107030178","107030478","38","4598793"
"chr4","102597418","102597702","chr12","51506718","51507001","37","51090700"
"chr4","102676917","102677197","chr11","46070151","46070446","47","56606766"
"chr4","102698328","102698601","chr4","12415315","12415583","68","90283013"
"chr4","102709743","102710039","chr13","36087665","36087960","38","66622078"
"chr4","102785194","102785450","chr2","58909818","58910075","47","43875376"
"chr4","102791689","102791981","chr11","59744208","59744500","36","43047481"
"chr4","102882937","102883244","chr3","127081090","127081386","58","24198153"
"chr4","102888797","102889098","chr11","59744208","59744500","39","43144589"
"chr4","102966097","102966370","chr9","60832680","60832955","41","42133417"
"chr4","103010487","103010758","chr14","8680117","8680387","36","94330370"
"chr4","103021705","103022007","chr4","33663349","33663650","43","69358356"
"chr4","103092455","103092727","chr3","39281112","39281388","39","63811343"
"chr4","103246691","103246999","chr2","106418670","106418975","43","3171979"
"chr4","103579113","103579402","chr5","18950781","18951074","45","84628332"
"chr4","103798504","103798808","chr12","103713062","103713366","38","85442"
"chr4","103939669","103939863","chr1","54579002","54579197","36","49360667"
"chr4","104071260","104071557","chr14","7830508","7830805","28","96240752"
"chr4","104074464","104074755","chr4","100131643","100131949","49","3942821"
"chr4","104222129","104222422","chr12","98300764","98301051","30","5921365"
"chr4","104224629","104224939","chr7","37449373","37449676","42","66775256"
"chr4","104232160","104232430","chr7","130654165","130654431","51","26422005"
"chr4","104265860","104266167","chr12","13891696","13891997","40","90374164"
"chr4","104290248","104290496","chr3","50901308","50901545","46","53388940"
"chr4","104410794","104411081","chr7","116541236","116541527","49","12130442"
"chr4","104438940","104439205","chr14","63190209","63190482","54","41248731"
"chr4","104485672","104485979","chr1","18792684","18792991","41","85692988"
"chr4","104610271","104610530","chr7","106266372","106266627","43","1656101"
"chr4","104687142","104687454","chr13","61259817","61260123","41","43427325"
"chr4","104832980","104833279","chr2","4375925","4376221","42","100457055"
"chr4","104868952","104869261","chr5","34488672","34488979","38","70380280"
"chr4","105024218","105024512","chr10","78793021","78793318","35","26231197"
"chr4","105028822","105029106","chr19","47662689","47662983","45","57366133"
"chr4","105178802","105179084","chr6","132179472","132179753","35","27000670"
"chr4","105188617","105188911","chr19","15097509","15097804","37","90091108"
"chr4","105275357","105275529","chr15","4199355","4199519","33","101076002"
"chr4","105290148","105290433","chr1","118003993","118004283","38","12713845"
"chr4","105319795","105320095","chr4","69347489","69347789","49","35972306"
"chr4","105363561","105363847","chr12","29804770","29805052","41","75558791"
"chr4","105378911","105379201","chr10","26225402","26225693","39","79153509"
"chr4","105390550","105390851","chr14","30576907","30577204","45","74813643"
"chr4","105417885","105418168","chr9","26133784","26134073","42","79284101"
"chr4","105460177","105460468","chr14","67997600","67997886","38","37462577"
"chr4","105461259","105461581","chr1","121685453","121685763","41","16224194"
"chr4","105478737","105479012","chr4","117616854","117617134","41","12138117"
"chr4","105529825","105530128","chr13","62636440","62636740","40","42893385"
"chr4","105566796","105567096","chr7","36644864","36645163","40","68921932"
"chr4","105621140","105621447","chr3","42609670","42609971","38","63011470"
"chr4","105641448","105641704","chr20","37404718","37404983","44","68236730"
"chr4","105655081","105655357","chr16","56555614","56555891","41","49099467"
"chr4","105659629","105659919","chr16","73103748","73104042","35","32555881"
"chr4","105706563","105706861","chr5","34428917","34429213","35","71277646"
"chr4","105776073","105776356","chr9","39526654","39526936","42","66249419"
"chr4","105783035","105783324","chr4","110946344","110946633","40","5163309"
"chr4","105790628","105790924","chr1","65658284","65658580","35","40132344"
"chr4","106007243","106007545","chr2","46682521","46682821","35","59324722"
"chr4","106039885","106040178","chr8","25582102","25582396","38","80457783"
"chr4","106142099","106142406","chr3","12603123","12603437","46","93538976"
"chr4","106177372","106177669","chr11","31591981","31592280","42","74585391"
"chr4","106211323","106211624","chr13","116647521","116647821","43","10436198"
"chr4","106224893","106225208","chr7","19552904","19553209","41","86671989"
"chr4","106254227","106254533","chr9","85132193","85132498","40","21122034"
"chr4","106264135","106264443","chr1","210726116","210726412","50","104461981"
"chr4","106287427","106287722","chr3","133866579","133866872","37","27579152"
"chr4","106331875","106332170","chr18","49838043","49838335","41","56493832"
"chr4","106332455","106332743","chr10","62315260","62315548","34","44017195"
"chr4","106364214","106364503","chr9","120739868","120740161","43","14375654"
"chr4","106410927","106411221","chr8","125553163","125553457","39","19142236"
"chr4","106443356","106443648","chr1","30080248","30080540","48","76363108"
"chr4","106443653","106443950","chr11","108474262","108474559","37","2030609"
"chr4","106461136","106461439","chr13","32817425","32817728","35","73643711"
"chr4","106477674","106477982","chr2","56649143","56649449","33","49828531"
"chr4","106481135","106481421","chr2","106291841","106292126","46","189294"
"chr4","106525296","106525597","chr7","52545916","52546225","44","53979380"
"chr4","106530680","106530984","chr8","5873904","5874213","50","100656776"
"chr4","106563480","106563780","chr20","51745649","51745944","37","54817831"
"chr4","106597967","106598265","chr20","22854211","22854510","43","83743756"
"chr4","106608312","106608610","chr4","36748568","36748868","52","69859744"
"chr4","106612357","106612651","chr1","89545284","89545581","42","17067073"
"chr4","106623813","106624094","chr2","183405082","183405365","37","76781269"
"chr4","106627536","106627839","chr2","102989050","102989349","36","3638486"
"chr4","106632169","106632476","chr12","93462737","93463048","49","13169432"
"chr4","106651428","106651720","chr5","58082891","58083179","44","48568537"
"chr4","106655827","106656136","chr9","23884684","23884991","40","82771143"
"chr4","106660056","106660362","chr1","18792684","18792991","35","87867372"
"chr4","106664534","106664839","chr6","127852909","127853211","40","21188375"
"chr4","106682926","106683220","chr16","39105659","39105958","36","67577267"
"chr4","106694923","106695182","chr7","67057279","67057531","39","39637644"
"chr4","106711644","106711955","chr12","63079032","63079340","51","43632612"
"chr4","106750088","106750392","chr9","19850832","19851138","40","86899256"
"chr4","106751701","106751996","chr4","150540961","150541258","40","43789260"
"chr4","106756347","106756644","chr2","44047045","44047343","36","62709302"
"chr4","106796276","106796570","chr18","12269702","12269996","37","94526574"
"chr4","106817708","106817991","chr6","128266238","128266531","48","21448530"
"chr4","106877221","106877530","chr8","135220138","135220438","47","28342917"
"chr4","106892900","106893199","chr1","48444023","48444319","50","58448877"
"chr4","106898545","106898837","chr12","86662303","86662604","45","20236242"
"chr4","106995692","106996012","chr11","103506852","103507170","58","3488840"
"chr4","106997561","106997854","chr12","35031886","35032181","32","71965675"
"chr4","107107184","107107314","chr18","2815099","2815224","20","104292085"
"chr4","107185801","107186126","chr1","57048138","57048448","54","50137663"
"chr4","107186563","107186817","chr8","28848790","28849043","61","78337773"
"chr4","107260838","107261134","chr18","47330497","47330793","38","59930341"
"chr4","107309636","107309929","JH682036","358126","358421","30","106951510"
"chr4","107318151","107318437","chr12","97146310","97146598","33","10171841"
"chr4","107339875","107340168","chr11","47924958","47925256","33","59414917"
"chr4","107350982","107351280","chr14","21158129","21158427","44","86192853"
"chr4","107385026","107385312","chr10","19315057","19315345","33","88069969"
"chr4","107464606","107464910","chr1","20012770","20013073","34","87451836"
"chr4","107541871","107542179","chr16","4461395","4461701","46","103080476"
"chr4","107574181","107574488","chr8","29386987","29387291","41","78187194"
"chr4","107575666","107575765","chr8","3096267","3096364","11","104479399"
"chr4","107582736","107583009","chr4","134157189","134157460","34","26574453"
"chr4","107597377","107597660","chr7","18532501","18532788","40","89064876"
"chr4","107655075","107655382","chr2","38786448","38786745","52","68868627"
"chr4","107660337","107660584","chr10","90525188","90525445","44","17135149"
"chr4","107740432","107740731","chr1","30886272","30886580","46","76854160"
"chr4","107784111","107784424","chr7","73560013","73560323","40","34224098"
"chr4","107795775","107796046","chr11","7911759","7912023","48","99884016"
"chr4","107799076","107799381","chrX","49664967","49665275","38","58134109"
"chr4","107807251","107807532","chr9","39558891","39559170","40","68248360"
"chr4","107814513","107814815","chrX","108069512","108069807","41","254999"
"chr4","107832808","107833111","chr11","92684491","92684793","47","15148317"
"chr4","107907643","107907723","chr13","125454879","125454959","17","17547236"
"chr4","107917947","107918222","chr2","88612634","88612907","49","19305313"
"chr4","108076670","108076965","chr14","107177928","107178228","51","898742"
"chr4","108142510","108142803","chr1","143220195","143220493","44","35077685"
"chr4","108223486","108223779","chr11","114923633","114923926","34","6700147"
"chr4","108238173","108238461","chr7","117030480","117030769","34","8792307"
"chr4","108397980","108398261","chrX","43224571","43224857","41","65173409"
"chr4","108445538","108445802","chr8","82026743","82027012","53","26418795"
"chr4","108454933","108455234","chr5","34428917","34429213","42","74026016"
"chr4","108457582","108457895","chrX","90798452","90798764","49","17659130"
"chr4","108523036","108523177","chr11","121717039","121717180","12","13194003"
"chr4","108547734","108548029","chr5","3516408","3516705","40","105031326"
"chr4","108579619","108579917","chrX","28734753","28735052","43","79844866"
"chr4","108607919","108608226","chr3","17627009","17627312","52","90980910"
"chr4","108739705","108739993","chr20","62773757","62774047","33","45965948"
"chr4","108774482","108774778","chr13","36087665","36087960","39","72686817"
"chr4","108802794","108803088","chr11","114923633","114923926","43","6120839"
"chr4","108817314","108817581","chr2","165757823","165758089","40","56940509"
"chr4","108864642","108864892","chr3","106698319","106698554","57","2166323"
"chr4","108933559","108933789","chr6","125155662","125155895","45","16222103"
"chr4","108934541","108934606","chr16","38161731","38161797","12","70772810"
"chr4","108981302","108981591","chr1","42476755","42477044","42","66504547"
"chr4","109050153","109050430","chrX","139100323","139100604","43","30050170"
"chr4","109448640","109448946","chr16","18971519","18971824","49","90477121"
"chr4","109508242","109508555","chr5","114158577","114158889","42","4650335"
"chr4","109611935","109612241","chr15","96588502","96588809","45","13023433"
"chr4","109742029","109742328","chrX","108424409","108424705","49","1317620"
"chr4","109755838","109756134","chr4","66020231","66020526","54","43735607"
"chr4","109993046","109993349","chr9","7840641","7840941","39","102152405"
"chr4","110021166","110021452","chr1","17338913","17339200","38","92682253"
"chr4","110052159","110052434","chr1","23518652","23518919","55","86533507"
"chr4","110171702","110171998","chr3","45626371","45626668","27","64545331"
"chr4","110175409","110175710","chr7","129277499","129277801","32","19102090"
"chr4","110471372","110471668","chr18","72136405","72136701","45","38334967"
"chr4","110473074","110473258","chr20","271197","271398","48","110201877"
"chr4","110484286","110484577","chr10","71196268","71196562","45","39288018"
"chr4","110514489","110514766","chr8","22161369","22161651","42","88353120"
"chr4","110522628","110522920","chr1","72484010","72484307","46","38038618"
"chr4","110525641","110525943","chr14","18903962","18904274","44","91621679"
"chr4","110544440","110544722","chr14","46214166","46214451","52","64330274"
"chr4","110547971","110548271","chr20","21884013","21884310","45","88663958"
"chr4","110570456","110570757","chr1","219225924","219226223","32","108655468"
"chr4","110571089","110571373","chr9","7025626","7025918","38","103545463"
"chr4","110572135","110572396","chr4","8562955","8563214","46","102009180"
"chr4","110618332","110618618","chr15","98436053","98436336","39","12182279"
"chr4","110640799","110641106","chr4","69347489","69347789","42","41293310"
"chr4","110696698","110696984","chr13","32325637","32325935","43","78371061"
"chr4","110705432","110705725","chr1","30080248","30080540","36","80625184"
"chr4","110711169","110711476","chrX","107455610","107455920","43","3255559"
"chr4","110714667","110714950","chr14","64253785","64254058","49","46460882"
"chr4","110721740","110722057","chr10","46007696","46008002","64","64714044"
"chr4","110739837","110740130","chr8","25582102","25582396","41","85157735"
"chr4","110762290","110762592","chr14","5934954","5935260","36","104827336"
"chr4","110871996","110872289","JH682036","358126","358421","31","110513870"
"chr4","110873221","110873510","chr3","103398952","103399243","47","7474269"
"chr4","110907607","110907908","chr4","69425921","69426221","45","41481686"
"chr4","110985836","110986142","chr3","107368374","107368683","48","3617462"
"chr4","110994421","110994726","chr3","10482926","10483222","37","100511495"
"chr4","111001413","111001708","chr4","13663992","13664285","40","97337421"
"chr4","111046904","111047208","chr1","94548945","94549247","42","16497959"
"chr4","111205478","111205602","chr18","2815099","2815224","15","108390379"
"chr4","111276762","111277063","chr19","3064712","3065012","35","108212050"
"chr4","111278697","111279003","chr11","10098018","10098319","34","101180679"
"chr4","111317824","111318114","chr6","16748520","16748817","44","94569304"
"chr4","111348268","111348558","chrX","44799525","44799819","44","66548743"
"chr4","111444767","111445070","chr4","150540961","150541258","37","39096194"
"chr4","111500951","111501260","chr3","69228301","69228608","40","42272650"
"chr4","111641448","111641577","chr11","119366299","119366427","17","7724851"
"chr4","111728465","111728756","chr2","184580196","184580486","35","72851731"
"chr4","111733163","111733466","chr13","32817425","32817728","33","78915738"
"chr4","111737498","111737805","chr14","10173516","10173832","53","101563982"
"chr4","111842030","111842317","chr7","150909055","150909346","41","39067025"
"chr4","111905600","111905892","chr4","32871781","32872078","44","79033819"
"chr4","111913126","111913410","chr4","20045092","20045381","52","91868034"
"chr4","112012776","112013085","chr10","46007696","46008002","33","66005080"
"chr4","112071841","112072150","chr6","136733017","136733318","52","24661176"
"chr4","112165976","112166280","chr2","106418670","106418975","38","5747306"
"chr4","112462271","112462511","chr8","103243008","103243239","51","9219263"
"chr4","112485699","112485942","chr1","14468200","14468440","35","98017499"
"chr4","112658104","112658388","chr10","20861365","20861656","45","91796739"
"chr4","113006546","113006838","chr4","136637488","136637784","50","23630942"
"chr4","113099590","113099848","chr8","21519354","21519617","44","91580236"
"chr4","113201142","113201439","chr1","134086312","134086610","41","20885170"
"chr4","113246356","113246640","chr2","46682521","46682821","43","66563835"
"chr4","113402848","113403149","chr11","128077739","128078039","44","14674891"
"chr4","113405920","113406232","chr13","23501079","23501388","38","89904841"
"chr4","113424316","113424608","chr14","123157050","123157342","41","9732734"
"chr4","113489973","113490280","chr5","32469834","32470141","50","81020139"
"chr4","113543177","113543486","chr14","53927134","53927436","45","59616043"
"chr4","113562680","113562987","chr1","55023211","55023521","38","58539469"
"chr4","113573842","113574134","chr16","18877109","18877397","45","94696733"
"chr4","113620623","113620923","chr20","20382567","20382868","52","93238056"
"chr4","113626383","113626712","chr19","16616273","16616597","47","97010110"
"chr4","113682750","113683057","chr1","208474725","208475026","41","94791975"
"chr4","113740098","113740389","chr16","67831176","67831468","40","45908922"
"chr4","113797331","113797604","chr8","26682504","26682785","49","87114827"
"chr4","113853737","113854031","chr7","72707693","72707981","36","41146044"
"chr4","113855217","113855513","chr7","11415271","11415567","44","102439946"
"chr4","113868821","113869111","chr12","98300764","98301051","38","15568057"
"chr4","113878990","113879279","chr16","54704987","54705277","40","59174003"
"chr4","113907890","113908179","chr4","69347489","69347789","43","44560401"
"chr4","113940003","113940315","chr3","45563980","45564290","41","68376023"
"chr4","113944995","113945285","chr19","6686256","6686547","36","107258739"
"chr4","114023759","114024045","chr3","12713884","12714173","50","101309875"
"chr4","114075720","114076013","chr3","45626371","45626668","37","68449349"
"chr4","114396172","114396477","chr13","32817425","32817728","37","81578747"
"chr4","114430858","114431146","chr3","48298408","48298697","36","66132450"
"chr4","114479828","114480119","chr9","7025626","7025918","36","107454202"
"chr4","114504102","114504419","chr1","7993999","7994304","44","106510103"
"chr4","114617041","114617328","chr16","1419036","1419322","30","113198005"
"chr4","114810767","114811065","chr13","32817425","32817728","41","81993342"
"chr4","115076029","115076300","chr13","92441785","92442065","52","22634244"
"chr4","115440834","115441131","chr13","125134336","125134638","32","9693502"
"chr4","115548075","115548368","chr19","38513628","38513926","47","77034447"
"chr4","115594877","115595168","chr11","114923633","114923926","37","671244"
"chr4","115720971","115721260","chr12","91363258","91363549","44","24357713"
"chr4","116074977","116075270","chr9","7025626","7025918","38","109049351"
"chr4","116169017","116169286","chr9","94219176","94219453","49","21949841"
"chr4","116207585","116207871","chr9","57318157","57318448","28","58889428"
"chr4","116226944","116227252","chr1","128155382","128155688","38","11928438"
"chr4","116344628","116344937","chr19","24212554","24212862","43","92132074"
"chr4","116352515","116352817","chr4","10828530","10828827","33","105523985"
"chr4","116384184","116384344","chr11","109403285","109403436","36","6980899"
"chr4","116384696","116384857","chr11","12292266","12292419","36","104092430"
"chr4","116510860","116511145","chr8","28825632","28825920","42","87685228"
"chr4","116512485","116512780","chr8","135432572","135432872","42","18920087"
"chr4","116651621","116651895","chr18","3594259","3594534","39","113057362"
"chr4","116660235","116660526","chr9","54404234","54404532","53","62256001"
"chr4","116701247","116701508","chr10","52840410","52840667","51","63860837"
"chr4","116741017","116741176","chr6","52111046","52111199","27","64629971"
"chr4","116857510","116857815","chr11","10098018","10098319","38","106759492"
"chr4","116863961","116864266","chr14","53927134","53927436","44","62936827"
"chr4","116897622","116897931","chr18","12432850","12433158","34","104464772"
"chr4","116911482","116911791","chr1","7993999","7994304","33","108917483"
"chr4","117216526","117216844","chr11","36769212","36769521","46","80447314"
"chr4","117285898","117286201","chr13","62991818","62992120","40","54294080"
"chr4","117317193","117317534","chr8","43871928","43872251","68","73445265"
"chr4","117442785","117443116","chr10","33390953","33391286","58","84051832"
"chr4","117461265","117461577","chr10","89578508","89578807","48","27882757"
"chr4","117545462","117545761","chr1","212841578","212841874","42","95296116"
"chr4","117563335","117563645","chr1","71641163","71641469","37","45922172"
"chr4","117791151","117791450","chr1","91521758","91522057","43","26269393"
"chr4","117811793","117812085","chr14","19462491","19462780","43","98349302"
"chr4","117977926","117978094","chr5","47840997","47841165","23","70136929"
"chr4","118043121","118043408","chr18","29686031","29686328","51","88357090"
"chr4","118070751","118071057","chrX","6292568","6292871","33","111778183"
"chr4","118195909","118196217","chr16","15781566","15781876","42","102414343"
"chr4","118221692","118221982","chr15","78953274","78953566","51","39268418"
"chr4","118455845","118456129","chr6","70927142","70927438","50","47528703"
"chr4","118579905","118580207","chr2","102989050","102989349","37","15590855"
"chr4","118600647","118600951","chr4","143832602","143832905","42","25231955"
"chr4","118613262","118613538","chrX","30542464","30542732","48","88070798"
"chr4","118637563","118637818","chr3","39304161","39304414","39","79333402"
"chr4","118639529","118639812","chr6","70890964","70891249","49","47748565"
"chr4","118776270","118776570","chr1","219225924","219226223","41","100449654"
"chr4","118806854","118807091","chr7","24936105","24936346","33","93870749"
"chr4","118823662","118823960","chr13","36274137","36274433","32","82549525"
"chr4","118855172","118855466","chr1","849085","849383","38","118006087"
"chr4","118889768","118890066","chr15","21976666","21976965","34","96913102"
"chr4","118980928","118981212","chr11","46110133","46110427","49","72870795"
"chr4","119066639","119066934","chr1","85077124","85077421","47","33989515"
"chr4","119076297","119076569","chr4","79217053","79217354","62","39859244"
"chr4","119268822","119269128","chr19","24212554","24212862","35","95056268"
"chr4","119291319","119291621","chr3","130290294","130290595","41","10998975"
"chr4","119375941","119376183","chr10","19416042","19416290","56","99959899"
"chr4","119643263","119643549","chr3","160772561","160772858","45","41129298"
"chr4","119797651","119797945","chr9","15247736","15248032","33","104549915"
"chr4","119862219","119862533","chr3","12603123","12603437","43","107259096"
"chr4","119985692","119985984","chr9","115152824","115153119","45","4832868"
"chr4","120033642","120033814","chr6","93338412","93338592","32","26695230"
"chr4","120341800","120342096","chr15","34521387","34521693","45","85820413"
"chr4","120352883","120353219","chr2","66092772","66093108","49","54260111"
"chr4","120369255","120369549","chr5","32572007","32572306","48","87797248"
"chr4","120373983","120374287","chr3","78561694","78561998","54","41812289"
"chr4","120399932","120400225","chr6","56451711","56452003","56","63948221"
"chr4","120430022","120430337","chrX","38891205","38891511","53","81538817"
"chr4","120541186","120541448","chr4","135313924","135314188","46","14772738"
"chr4","120600685","120600989","chr16","57378118","57378414","43","63222567"
"chr4","120801953","120802260","chr6","166367885","166368189","38","45565932"
"chr4","120890753","120891035","chr4","141653945","141654232","38","20763192"
"chr4","121268734","121269016","chr1","57946363","57946656","47","63322371"
"chr4","121293826","121294096","chrX","65477408","65477681","35","55816418"
"chr4","121381197","121381489","chr10","16049988","16050292","45","105331209"
"chr4","121381499","121381792","chr12","58244299","58244591","39","63137200"
"chr4","121446395","121446691","chr8","25582102","25582396","34","95864293"
"chr4","121514458","121514760","chr2","46682521","46682821","37","74831937"
"chr4","121523571","121523862","chr2","90241387","90241681","40","31282184"
"chr4","121531832","121532112","chr3","61412148","61412430","40","60119684"
"chr4","121549336","121549637","chr4","141011266","141011567","44","19461930"
"chr4","121556916","121557224","chr8","27551933","27552238","42","94004983"
"chr4","121640524","121640812","chr2","108590270","108590554","39","13050254"
"chr4","121719978","121720251","chr11","7911759","7912023","40","113808219"
"chr4","121940020","121940324","chrX","15713155","15713456","38","106226865"
"chr4","122021677","122021973","chr11","13702068","13702363","49","108319609"
"chr4","122022859","122023161","chr16","21639667","21639964","39","100383192"
"chr4","122115736","122115975","chr10","32414416","32414650","47","89701320"
"chr4","122443494","122443760","chr4","25862188","25862463","61","96581306"
"chr4","122505297","122505541","chr15","91293296","91293564","51","31212001"
"chr4","122565937","122566237","chr13","25260340","25260636","49","97305597"
"chr4","122606222","122606525","chr4","35271785","35272086","38","87334437"
"chr4","122783742","122784049","chr12","48247451","48247755","45","74536291"
"chr4","122842306","122842597","chr9","84365169","84365461","41","38477137"
"chr4","122858421","122858715","chr13","32817425","32817728","32","90040996"
"chr4","122860835","122861131","chr1","129877213","129877510","44","7016378"
"chr4","122954961","122955254","chr2","168564679","168564973","34","45609718"
"chr4","123141439","123141744","chr5","171657301","171657602","37","48515862"
"chr4","123188284","123188572","chr7","120310502","120310798","46","2877782"
"chr4","123281205","123281484","chr19","7821204","7821487","39","115460001"
"chr4","123292572","123292864","chr20","10958775","10959070","42","112333797"
"chr4","123335674","123335964","chr10","31338743","31339047","37","91996931"
"chr4","123390955","123391266","chr1","7993999","7994304","37","115396956"
"chr4","123565016","123565282","chr2","165757823","165758089","32","42192807"
"chr4","123642192","123642481","chr20","32532146","32532438","51","91110046"
"chr4","123734016","123734325","chr3","44128938","44129239","41","79605078"
"chr4","123771605","123771894","chr14","112350190","112350486","38","11421415"
"chr4","123812106","123812402","chr3","45369493","45369802","45","78442613"
"chr4","123895087","123895406","chr11","44295377","44295698","54","79599710"
"chr4","124036833","124037125","chr15","101493605","101493896","35","22543228"
"chr4","124077193","124077413","chrX","17150463","17150688","31","106926730"
"chr4","124172757","124173054","chr7","114822770","114823069","37","9349987"
"chr4","124204868","124205164","chr11","13702068","13702363","40","110502800"
"chr4","124458665","124458975","chrX","93343069","93343376","44","31115596"
"chr4","124474581","124474886","chr6","142572268","142572563","53","18097687"
"chr4","124579828","124580128","chr3","45369493","45369802","41","79210335"
"chr4","124641421","124641715","JH682036","358126","358421","31","124283295"
"chr4","124760849","124761129","chr1","162732536","162732820","43","37971687"
"chr4","124784832","124785106","chr5","73026476","73026743","49","51758356"
"chr4","124817660","124817959","chr14","97063613","97063911","37","27754047"
"chr4","124925168","124925464","chr3","161216608","161216899","47","36291440"
"chr4","124990671","124990964","chr3","10482926","10483222","44","114507745"
"chr4","125032603","125032859","chr5","142498060","142498319","38","17465457"
"chr4","125182183","125182494","chr7","54988790","54989094","40","70193393"
"chr4","125197313","125197610","chr7","78423568","78423862","40","46773745"
"chr4","125239282","125239442","chr20","51205147","51205307","23","74034135"
"chr4","125297845","125298121","chr4","20301086","20301372","53","104996759"
"chr4","125300712","125301006","JH682036","358126","358421","27","124942586"
"chr4","125330491","125330801","chr10","67405046","67405353","36","57925445"
"chr4","125365318","125365530","chr7","122003349","122003563","46","3361969"
"chr4","125418847","125419132","chr13","46799466","46799747","56","78619381"
"chr4","125930144","125930411","chr8","26747262","26747531","38","99182882"
"chr4","126022833","126023081","chr6","164769454","164769719","61","38746621"
"chr4","126067595","126067892","chr3","45626371","45626668","31","80441224"
"chr4","126086570","126086872","chr1","203009055","203009360","43","76922485"
"chr4","126153191","126153483","chr7","90971726","90972022","45","35181465"
"chr4","126190764","126191064","chrX","122210526","122210830","35","3980238"
"chr4","126263740","126263884","chr7","68766471","68766618","20","57497269"
"chr4","126364849","126365141","chr15","18305069","18305357","33","108059780"
"chr4","126394561","126394864","chr17","88324240","88324540","40","38070321"
"chr4","126564069","126564358","chr15","79029077","79029366","33","47534992"
"chr4","126579936","126580241","chr16","15781566","15781876","39","110798370"
"chr4","126603740","126604019","chr6","114684547","114684859","68","11919193"
"chr4","126720041","126720361","chr1","121685453","121685763","40","5034588"
"chr4","126777337","126777636","chr1","946135","946434","31","125831202"
"chr4","126785288","126785588","chr13","32817425","32817728","30","93967863"
"chr4","126954894","126955192","chr1","127833040","127833336","38","878146"
"chr4","126956555","126956862","chr1","169200923","169201228","48","42244368"
"chr4","127016197","127016488","chr4","111697334","111697630","47","15318863"
"chr4","127173197","127173509","chr2","41438773","41439082","45","85734424"
"chr4","127228580","127228887","chr10","39490942","39491251","41","87737638"
"chr4","127406651","127406949","chr5","171657301","171657602","47","44250650"
"chr4","127414324","127414605","chr1","26306894","26307191","55","101107430"
"chr4","127446916","127447238","chr9","50750379","50750702","49","76696537"
"chr4","127492252","127492545","chr9","115152824","115153119","42","12339428"
"chr4","127493814","127494096","chr19","42487999","42488270","48","85005815"
"chr4","127534972","127535276","chr13","32817425","32817728","33","94717547"
"chr4","127653323","127653613","chr16","732453","732746","37","126920870"
"chr4","127758976","127759266","chr12","93339213","93339508","49","34419763"
"chr4","127825990","127826290","chr13","32817425","32817728","32","95008565"
"chr4","127893625","127893896","chr11","117230690","117230966","43","10662935"
"chr4","128149378","128149696","chr16","55569915","55570222","71","72579463"
"chr4","128209318","128209542","chr1","162440889","162441112","40","34231571"
"chr4","128225976","128226284","chr8","15776451","15776757","47","112449525"
"chr4","128251304","128251628","chr12","63820146","63820469","43","64431158"
"chr4","128521479","128521786","chr16","6949294","6949602","38","121572185"
"chr4","128559477","128559771","chr18","12240080","12240373","42","116319397"
"chr4","128561090","128561382","chr2","126433678","126433974","42","2127412"
"chr4","128673639","128673931","chr3","108412249","108412542","41","20261390"
"chr4","128786286","128786572","chr15","41303117","41303404","32","87483169"
"chr4","128856479","128856776","chr11","59744208","59744500","36","69112271"
"chr4","128931742","128932047","chr10","46007696","46008002","33","82924046"
"chr4","129017287","129017596","chr5","102914918","102915228","41","26102369"
"chr4","129043004","129043307","chr13","32817425","32817728","33","96225579"
"chr4","129068960","129069262","chr7","54988790","54989094","40","74080170"
"chr4","129166422","129166739","chr7","18829634","18829940","48","110336788"
"chr4","129309620","129309916","chr4","130615568","130615870","44","1305948"
"chr4","129355629","129355915","chr1","42476755","42477044","43","86878874"
"chr4","129430900","129431199","chrX","1011707","1012008","38","128419193"
"chr4","129495705","129495988","chr9","85498729","85499013","56","43996976"
"chr4","129596132","129596423","chr2","184580196","184580486","38","54984064"
"chr4","129636911","129637201","chr11","59744208","59744500","42","69892703"
"chr4","129649736","129650045","chr8","39831043","39831350","39","89818693"
"chr4","129877326","129877619","chr10","50949405","50949695","50","78927921"
"chr4","129879230","129879523","chr9","85248568","85248861","37","44630662"
"chr4","129880703","129880991","chr11","59744208","59744500","38","70136495"
"chr4","129912236","129912529","chr1","25933166","25933464","39","103979070"
"chr4","129944240","129944521","chr11","44329228","44329505","46","85615012"
"chr4","129945930","129946205","chr15","97132178","97132453","42","32813752"
"chr4","130015281","130015561","chr2","99535195","99535480","47","30480086"
"chr4","130146024","130146253","chr19","26063120","26063346","41","104082904"
"chr4","130185904","130186195","chr8","25582102","25582396","34","104603802"
"chr4","130197147","130197448","chr11","10098018","10098319","33","120099129"
"chr4","130252621","130252949","chrX","44962032","44962338","63","85290589"
"chr4","130264544","130264834","chr1","937523","937822","42","129327021"
"chr4","130270849","130271141","chr2","115894653","115894944","36","14376196"
"chr4","130302116","130302419","chr7","90971726","90972022","45","39330390"
"chr4","130492080","130492339","chr10","25924241","25924498","38","104567839"
"chr4","130510990","130511299","chr2","99926420","99926726","45","30584570"
"chr4","130559750","130560040","chr4","132233115","132233402","46","1673365"
"chr4","130560940","130561241","chrX","21565382","21565683","45","108995558"
"chr4","130570839","130571137","chr20","26717586","26717886","36","103853253"
"chr4","130716888","130717168","chr10","62315260","62315548","40","68401628"
"chr4","130961722","130962029","chr16","58102209","58102520","41","72859513"
"chr4","131172057","131172363","chr1","199749826","199750136","32","68577769"
"chr4","131235799","131236103","chr1","154447798","154448101","39","23211999"
"chr4","131278913","131279195","chr12","51506718","51507001","46","79772195"
"chr4","131346130","131346423","chr18","13623368","13623664","43","117722762"
"chr4","131380369","131380534","chr1","41538802","41538971","27","89841567"
"chr4","131482019","131482308","chr14","55307372","55307665","45","76174647"
"chr4","131483808","131484105","chr9","36433182","36433480","41","95050626"
"chr4","131505995","131506284","chr1","124250793","124251086","37","7255202"
"chr4","131508152","131508440","chr8","28825632","28825920","42","102682520"
"chr4","131535865","131536119","chr7","125141660","125141921","46","6394205"
"chr4","131537267","131537606","chr19","5447576","5447917","70","126089691"
"chr4","131592971","131593270","chr2","46682521","46682821","37","84910450"
"chr4","131628722","131629031","chr1","7993999","7994304","40","123634723"
"chr4","131654218","131654514","chrX","45487697","45487995","39","86166521"
"chr4","131655039","131655329","chr1","40659470","40659761","40","90995569"
"chr4","131715637","131715958","chr2","149558821","149559133","55","17843184"
"chr4","131741034","131741325","chr4","131138293","131138583","30","602741"
"chr4","131800341","131800642","chr8","9703553","9703856","38","122096788"
"chr4","131890070","131890362","chr2","178187197","178187490","34","46297127"
"chr4","131985043","131985345","chr19","3064712","3065012","32","128920331"
"chr4","132010833","132011147","chrX","6292568","6292871","46","125718265"
"chr4","132067464","132067770","chr1","27411607","27411914","41","104655857"
"chr4","132103744","132104034","chr19","37605371","37605662","41","94498373"
"chr4","132109751","132110046","chr10","76503642","76503939","39","55606109"
"chr4","132119192","132119507","chr13","41632260","41632569","50","90486932"
"chr4","132126751","132126936","chr14","55700546","55700729","27","76426205"
"chr4","132134794","132135115","chr6","121630847","121631152","49","10503947"
"chr4","132157505","132157778","chr16","50279212","50279487","37","81878293"
"chr4","132321512","132321784","chr15","26878649","26878926","46","105442863"
"chr4","132406886","132407181","chr7","133065043","133065330","50","658157"
"chr4","132417972","132418263","chr1","124250793","124251086","37","8167179"
"chr4","132516376","132516678","chr4","130359885","130360190","54","2156491"
"chr4","132621417","132621712","chr19","15668858","15669156","41","116952559"
"chr4","132735374","132735664","chr4","110946344","110946633","39","21789030"
"chr4","132872820","132873030","chr10","16963992","16964220","79","115908828"
"chr4","132995798","132996088","chr8","25582102","25582396","32","107413696"
"chr4","133113344","133113546","chr4","122208130","122208315","39","10905214"
"chr4","133116063","133116356","chr7","90971726","90972022","46","42144337"
"chr4","133164863","133165169","chr1","217989734","217990044","51","84824871"
"chr4","133177881","133178173","chr1","94365322","94365615","37","38812559"
"chr4","133185952","133186237","chr16","68364432","68364716","46","64821520"
"chr4","133193920","133194213","chr7","76889431","76889730","35","56304489"
"chr4","133197075","133197334","chr4","129739902","129740159","33","3457173"
"chr4","133201480","133201743","chr1","158576945","158577227","57","25375465"
"chr4","133202362","133202644","chr6","171557754","171558039","60","38355392"
"chr4","133222904","133223211","chrX","44962032","44962338","43","88260872"
"chr4","133232805","133233119","chr5","81950527","81950835","43","51282278"
"chr4","133279360","133279657","chr8","25582102","25582396","38","107697258"
"chr4","133343288","133343386","chr11","48662117","48662218","15","84681171"
"chr4","133369885","133370171","chr2","96514589","96514879","42","36855296"
"chr4","133399637","133399946","chr4","103942747","103943051","45","29456890"
"chr4","133643014","133643179","chr10","19661672","19661834","41","113981342"
"chr4","133654481","133654780","chr7","16206849","16207148","35","117447632"
"chr4","133664338","133664645","chr11","59744208","59744500","36","73920130"
"chr4","134075591","134075895","chr5","2577333","2577630","39","131498258"
"chr4","134210228","134210531","chr6","139676559","139676861","52","5466331"
"chr4","134249111","134249391","chr5","140871179","140871458","51","6622068"
"chr4","134267873","134268176","chr1","7993999","7994304","38","126273874"
"chr4","134288020","134288324","chr7","106663697","106664006","41","27624323"
"chr4","134364994","134365267","chrX","24379773","24380049","46","109985221"
"chr4","134442029","134442181","chr4","128485616","128485762","18","5956413"
"chr4","134448259","134448563","chr9","61160445","61160746","33","73287814"
"chr4","134452175","134452465","chr4","20045092","20045381","40","114407083"
"chr4","134495973","134496281","chr1","191232237","191232533","42","56736264"
"chr4","134509794","134509910","chrX","6094354","6094476","20","128415440"
"chr4","134517182","134517457","chr2","149059973","149060251","43","14542791"
"chr4","134544221","134544512","chr14","10784769","10785061","40","123759452"
"chr4","134555417","134555703","chr2","5758509","5758805","45","128796908"
"chr4","134595956","134596247","chrX","16426045","16426331","44","118169911"
"chr4","134617705","134618004","chr9","20941332","20941626","46","113676373"
"chr4","134644272","134644577","chr5","72034781","72035074","47","62609491"
"chr4","134660504","134660814","chr15","70442845","70443150","43","64217659"
"chr4","134667882","134668157","chr3","172748138","172748416","46","38080256"
"chr4","134675452","134675743","chr13","88006009","88006300","44","46669443"
"chr4","134687794","134688081","chr2","26883873","26884177","52","107803921"
"chr4","134688749","134689044","chr10","62315260","62315548","40","72373489"
"chr4","134690356","134690662","chr4","130615568","130615870","51","4074788"
"chr4","134722263","134722563","chr9","106672351","106672660","54","28049912"
"chr4","134745770","134746065","chr7","16206849","16207148","30","118538921"
"chr4","134793971","134794269","chr3","125389091","125389392","46","9404880"
"chr4","134815862","134816148","chr18","51047606","51047892","47","83768256"
"chr4","134852853","134853021","chr6","168710657","168710821","31","33857804"
"chr4","134964230","134964489","chr5","150963150","150963408","39","15998920"
"chr4","135077909","135078193","chrX","125410352","125410636","45","9667557"
"chr4","135198018","135198336","chr19","28776684","28776996","44","106421334"
"chr4","135200464","135200760","chr3","40516846","40517141","39","94683618"
"chr4","135217837","135218143","chr1","195161491","195161794","49","59943654"
"chr4","135218161","135218334","chr2","68527459","68527635","29","66690702"
"chr4","135220930","135221224","chr6","89880871","89881161","47","45340059"
"chr4","135248077","135248382","chr4","69347489","69347789","47","65900588"
"chr4","135391588","135391868","chr6","35603695","35603984","42","99787893"
"chr4","135499360","135499648","chr12","99896284","99896577","43","35603076"
"chr4","135531092","135531403","chr12","88742596","88742905","42","46788496"
"chr4","135539469","135539768","chr15","90208474","90208772","34","45330995"
"chr4","135581805","135582102","chr1","946135","946434","39","134635670"
"chr4","135606831","135607123","chr1","219677924","219678213","40","84071093"
"chr4","135633724","135634004","chr11","46126255","46126535","44","89507469"
"chr4","135673951","135674217","chr7","107937729","107937996","48","27736222"
"chr4","135721474","135721748","chr8","88869400","88869673","41","46852074"
"chr4","135726288","135726583","chr9","7025626","7025918","33","128700662"
"chr4","135733425","135733717","chr10","12740935","12741229","43","122992490"
"chr4","135734221","135734505","chr13","23735522","23735811","40","111998699"
"chr4","135755470","135755777","chr2","10503319","10503625","46","125252151"
"chr4","135782809","135783134","chr9","50750379","50750702","46","85032430"
"chr4","135829658","135829941","chr12","59161360","59161650","40","76668298"
"chr4","135899558","135899873","chr2","99631565","99631872","53","36267993"
"chr4","135901704","135901996","chr14","10957645","10957943","43","124944059"
"chr4","135926790","135926902","chr1","219334604","219334715","13","83407814"
"chr4","136137477","136137619","chr2","173035126","173035266","15","36897649"
"chr4","136137924","136138218","chr1","45153528","45153824","44","90984396"
"chr4","136293280","136293573","chr4","13663992","13664285","43","122629288"
"chr4","136336916","136337216","chr13","116647521","116647821","35","19689395"
"chr4","136516617","136516928","chr17","27643358","27643658","48","108873259"
"chr4","136629145","136629427","chr10","14842702","14842998","49","121786443"
"chr4","136687289","136687582","chr2","176963674","176963969","34","40276385"
"chr4","136880216","136880497","chrX","27848874","27849153","43","109031342"
"chr4","136881055","136881357","chr1","13865146","13865450","35","123015909"
"chr4","136905395","136905691","chr10","20549883","20550183","48","116355512"
"chr4","136916792","136917068","chr12","88414497","88414769","40","48502295"
"chr4","136977080","136977385","chr9","61900736","61901039","35","75076344"
"chr4","137030548","137030844","chr1","213070791","213071090","53","76040243"
"chr4","137178818","137179120","chr9","24176785","24177084","39","113002033"
"chr4","137201572","137201877","chrX","6292568","6292871","37","130909004"
"chr4","137256235","137256536","chr12","102263566","102263866","43","34992669"
"chr4","137297026","137297295","chr2","99632317","99632577","49","37664709"
"chr4","137299187","137299496","chr15","98914064","98914371","48","38385123"
"chr4","137323471","137323772","chr19","3064712","3065012","31","134258759"
"chr4","137384808","137385106","chr3","171382925","171383221","42","33998117"
"chr4","137469389","137469686","chr10","70335100","70335400","35","67134289"
"chr4","137517506","137517818","chr2","85511045","85511348","55","52006461"
"chr4","137657439","137657746","chr18","24005168","24005471","46","113652271"
"chr4","137706878","137707172","chr2","165757823","165758089","74","28050945"
"chr4","137774066","137774352","chr16","70075116","70075402","35","67698950"
"chr4","137974970","137975199","chr5","848416","848645","36","137126554"
"chr4","137993370","137993650","chr1","15074337","15074605","51","122919033"
"chr4","138061361","138061657","chr1","94365322","94365615","45","43696039"
"chr4","138073540","138073832","chr5","129730123","129730422","35","8343417"
"chr4","138109615","138109747","chr7","521552","521685","12","137588063"
"chr4","138364647","138364944","chr6","132771815","132772114","31","5592832"
"chr4","138366901","138367165","chr7","129084233","129084494","48","9282668"
"chr4","138530795","138531087","chr1","42476755","42477044","35","96054040"
"chr4","138567202","138567487","chr17","30611756","30612052","38","107955446"
"chr4","138611861","138612154","chr19","6480553","6480853","49","132131308"
"chr4","138780008","138780324","chr1","128791048","128791346","45","9988960"
"chr4","138812151","138812390","chr1","100959718","100959948","36","37852433"
"chr4","138840977","138841250","chr3","46191674","46191948","56","92649303"
"chr4","138904744","138905022","chr9","47047942","47048215","81","91856802"
"chr4","138905817","138906119","chr4","14949121","14949425","39","123956696"
"chr4","138950919","138951236","chr10","78929809","78930118","53","60021110"
"chr4","139045559","139045827","chr12","88908759","88909041","63","50136800"
"chr4","139091444","139091749","chr9","19850832","19851138","40","119240612"
"chr4","139118905","139119138","chr4","154590299","154590531","33","15471394"
"chr4","139194794","139195084","chr1","128231015","128231307","40","10963779"
"chr4","139279299","139279606","chrX","97857669","97857975","36","41421630"
"chr4","139293462","139293759","chr4","20045092","20045381","47","119248370"
"chr4","139342056","139342364","chr17","30611756","30612052","47","108730300"
"chr4","139375644","139375926","chr4","123701012","123701277","47","15674632"
"chr4","139391550","139391833","chr7","111089387","111089666","48","28302163"
"chr4","139427820","139428100","chr11","6336482","6336759","44","133091338"
"chr4","139428515","139428792","chr10","50882347","50882624","44","88546168"
"chr4","139453494","139453802","chr14","8928334","8928644","37","130525160"
"chr4","139454670","139454966","chr10","62315260","62315548","41","77139410"
"chr4","139467299","139467604","chr8","88676366","88676678","37","50790933"
"chr4","139480463","139480765","chrX","7215594","7215891","36","132264869"
"chr4","139542428","139542707","chr13","84381294","84381588","49","55161134"
"chr4","139546589","139546882","chr13","93129015","93129308","37","46417574"
"chr4","139548042","139548302","chr12","81690308","81690563","55","57857734"
"chr4","139567636","139567936","chr2","46682521","46682821","28","92885115"
"chr4","139828090","139828356","chr19","32590740","32591017","47","107237350"
"chr4","139848622","139848918","chr11","44597420","44597716","38","95251202"
"chr4","139857668","139857947","chr7","2555461","2555748","40","137302207"
"chr4","139858989","139859290","chr13","32325637","32325935","36","107533352"
"chr4","139865233","139865524","chr14","54868572","54868861","37","84996661"
"chr4","139874882","139875173","chr7","72707693","72707981","46","67167189"
"chr4","139960697","139960992","chr15","92835246","92835541","43","47125451"
"chr4","139969929","139970245","chr7","73560013","73560323","42","66409916"
"chr4","140025970","140026266","chr7","29612052","29612348","34","110413918"
"chr4","140089605","140089906","chr8","4572403","4572704","44","135517202"
"chr4","140116083","140116396","chr3","78122440","78122733","65","61993643"
"chr4","140187883","140188189","chr1","71641163","71641469","38","68546720"
"chr4","140209176","140209500","chr14","111209333","111209655","48","28999843"
"chr4","140219830","140220061","chr4","158526667","158526889","51","18306837"
"chr4","140242128","140242432","chr7","106426121","106426421","53","33816007"
"chr4","140248987","140249292","chr7","54988790","54989094","34","85260197"
"chr4","140370018","140370315","chr12","35031886","35032181","41","105338132"
"chr4","140420893","140421179","chr9","7025626","7025918","41","133395267"
"chr4","140566860","140567124","chr2","34315373","34315630","38","106251487"
"chr4","140593813","140593969","chr4","122522694","122522854","28","18071119"
"chr4","140616781","140617058","chr15","21464395","21464674","40","119152386"
"chr4","140775332","140775548","chr5","177115128","177115348","25","36339796"
"chr4","140775551","140775596","chr6","115440800","115440844","7","25334751"
"chr4","141014212","141014330","chr11","83048168","83048288","22","57966044"
"chr4","141030993","141031280","chrX","128068307","128068596","51","12962686"
"chr4","141087443","141087748","chr5","2577333","2577630","51","138510110"
"chr4","141101081","141101380","chr7","120232546","120232852","49","20868535"
"chr4","141135695","141135990","chr20","9121389","9121691","46","132014306"
"chr4","141296536","141296677","chr1","25714121","25714252","30","115582415"
"chr4","141489212","141489520","chr13","32817425","32817728","38","108671787"
"chr4","141540314","141540604","chr9","7025626","7025918","30","134514688"
"chr4","141550908","141551156","chr4","79455473","79455733","47","62095435"
"chr4","141613399","141613680","chr10","12554162","12554449","46","129059237"
"chr4","141699406","141699733","chr12","63820146","63820469","46","77879260"
"chr4","141731056","141731326","chr8","88869400","88869673","43","52861656"
"chr4","141902733","141903007","chr16","1389195","1389477","43","140513538"
"chr4","141989206","141989505","chr11","65336331","65336636","46","76652875"
"chr4","142040025","142040314","chr16","44203969","44204255","42","97836056"
"chr4","142086510","142086639","chr5","32952604","32952733","14","109133906"
"chr4","142256306","142256616","chr2","69598773","69599078","57","72657533"
"chr4","142265926","142266247","chrX","21565382","21565683","58","120700544"
"chr4","142346834","142347130","chr1","18852431","18852735","35","123494403"
"chr4","142395905","142396206","chr4","132287893","132288193","42","10108012"
"chr4","142698624","142698823","chr11","18967865","18968067","34","123730759"
"chr4","142787012","142787324","chr16","69128967","69129272","44","73658045"
"chr4","142834595","142834867","chr1","42476755","42477044","48","100357840"
"chr4","142862907","142863106","chr6","55833949","55834140","47","87028958"
"chr4","142922739","142923050","chrX","142505359","142505669","42","417380"
"chr4","142939633","142939934","chr10","46007696","46008002","36","96931937"
"chr4","143001736","143002031","chr4","41339689","41339993","49","101662047"
"chr4","143318114","143318405","chr1","116754803","116755099","40","26563311"
"chr4","143435111","143435416","chr7","64050007","64050313","50","79385104"
"chr4","143569863","143570158","chr2","186511571","186511867","46","42941708"
"chr4","143621714","143621999","chr3","46165413","46165699","36","97456301"
"chr4","143625405","143625700","chr11","59744208","59744500","36","83881197"
"chr4","143679113","143679417","chr1","160132474","160132775","32","16453361"
"chr4","144434467","144434764","chr16","21639667","21639964","35","122794800"
"chr4","144443077","144443358","chr3","34969388","34969689","53","109473689"
"chr4","144458792","144459081","chr13","107792315","107792606","48","36666477"
"chr4","144610906","144611220","chr7","37449373","37449676","43","107161533"
"chr4","144737448","144737700","chr2","165757823","165758089","48","21020375"
"chr4","144738879","144739159","chr15","21464395","21464674","38","123274484"
"chr4","144787269","144787578","chr8","121505496","121505808","44","23281773"
"chr4","144931591","144931900","chr5","142954882","142955186","40","1976709"
"chr4","144968752","144969043","chrX","21037301","21037595","49","123931451"
"chr4","144995165","144995454","chr9","7025626","7025918","45","137969539"
"chr4","145019852","145020144","chr9","7025626","7025918","30","137994226"
"chr4","145022028","145022232","chr9","34404783","34404992","36","110617245"
"chr4","145024581","145024852","chr6","10703058","10703335","35","134321523"
"chr4","145134920","145135214","chr6","142572268","142572563","37","2562652"
"chr4","145167858","145167998","chr2","177049440","177049581","28","31881582"
"chr4","145174435","145174737","chr3","170301209","170301514","45","25126774"
"chr4","145182275","145182580","chr14","5934954","5935260","38","139247321"
"chr4","145238707","145238959","chr4","118305946","118306203","35","26932761"
"chr4","145246404","145246702","chr7","16206849","16207148","31","129039555"
"chr4","145303732","145304018","chr14","98318663","98318962","53","46985069"
"chr4","145409101","145409408","chr2","163628461","163628763","41","18219360"
"chr4","145413285","145413599","chr1","27114755","27115061","51","118298530"
"chr4","145586903","145587202","chr14","111351614","111351914","45","34235289"
"chr4","145595962","145596240","chr7","148243602","148243877","42","2647640"
"chr4","145745296","145745626","chr9","54938602","54938917","80","90806694"
"chr4","145780506","145780809","chr14","85050410","85050708","36","60730096"
"chr4","145787792","145788088","chr4","131374689","131374976","42","14413103"
"chr4","145857502","145857789","chr7","90648323","90648607","34","55209179"
"chr4","145914976","145915270","chrX","118667144","118667435","43","27247832"
"chr4","145923311","145923606","chrX","20846410","20846706","38","125076901"
"chr4","146004083","146004378","chr8","16072919","16073217","43","129931164"
"chr4","146015354","146015657","chr6","151811996","151812301","51","5796642"
"chr4","146067881","146068180","chr5","158268376","158268674","43","12200495"
"chr4","146152660","146152900","chr12","64234795","64235038","40","81917865"
"chr4","146264972","146265274","chr6","124714488","124714790","37","21550484"
"chr4","146434001","146434299","chr8","111500920","111501220","45","34933081"
"chr4","146640109","146640406","chr3","86560035","86560333","45","60080074"
"chr4","146974391","146974677","chr3","152822996","152823281","48","5848605"
"chr4","146981279","146981571","chr5","143792097","143792385","46","3189182"
"chr4","147083831","147084121","chr1","114732101","114732396","45","32351730"
"chr4","147090632","147090936","chrX","68552000","68552299","39","78538632"
"chr4","147345491","147345761","chr11","44329228","44329505","45","103016263"
"chr4","147445096","147445384","chr1","45623411","45623699","41","101821685"
"chr4","147463568","147463862","chr1","179906619","179906914","49","32443051"
"chr4","147576333","147576635","chr13","32817425","32817728","34","114758908"
"chr4","147650041","147650354","chr10","81279911","81280220","49","66370130"
"chr4","147654039","147654161","chr16","30291379","30291506","19","117362660"
"chr4","147724567","147724861","chr15","22561456","22561749","37","125163111"
"chr4","147774633","147774911","chr6","125918513","125918796","51","21856120"
"chr4","147806150","147806453","chr9","52806874","52807175","45","94999276"
"chr4","148043831","148044135","chr13","32817425","32817728","39","115226406"
"chr4","148181883","148182173","chr1","72325727","72326015","50","75856156"
"chr4","148213900","148214198","chr15","48151534","48151833","45","100062366"
"chr4","148276394","148276640","chr3","7548115","7548365","46","140728279"
"chr4","148370404","148370708","chr15","101493605","101493896","54","46876799"
"chr4","148385761","148386070","chr13","10897092","10897389","63","137488669"
"chr4","148432399","148432693","chr11","59744208","59744500","36","88688191"
"chr4","148624119","148624421","chrX","63655983","63656282","45","84968136"
"chr4","148627722","148628013","chr1","213290516","213290811","36","64662794"
"chr4","148695448","148695546","chr3","161273467","161273562","12","12578019"
"chr4","148873908","148874167","chr14","14265647","14265901","40","134608261"
"chr4","148874763","148875065","chr13","10414734","10415034","44","138460029"
"chr4","148896903","148897203","chrX","122210526","122210830","55","26686377"
"chr4","148961507","148961816","chr2","136094234","136094542","41","12867273"
"chr4","149021229","149021535","chr1","18792684","18792991","36","130228545"
"chr4","149036038","149036319","chr6","132179472","132179753","39","16856566"
"chr4","149043609","149043911","chrX","135036357","135036656","36","14007252"
"chr4","149060409","149060708","chr10","35069618","35069913","41","113990791"
"chr4","149061499","149061793","chr4","30640773","30641070","46","118420726"
"chr4","149087606","149087898","chr1","29380917","29381213","45","119706689"
"chr4","149097866","149098176","chr7","121774853","121775163","42","27323013"
"chr4","149104299","149104584","chr19","32347284","32347572","39","116757015"
"chr4","149111786","149112069","chr16","45339014","45339298","51","103772772"
"chr4","149136286","149136576","chr2","184580196","184580486","47","35443910"
"chr4","149159099","149159422","chr20","52113432","52113742","54","97045667"
"chr4","149159983","149160208","chr18","1565436","1565660","34","147594547"
"chr4","149168857","149169129","chr16","10487157","10487432","38","138681700"
"chr4","149173364","149173672","chr13","100043599","100043905","42","49129765"
"chr4","149202357","149202621","chrX","122712517","122712780","39","26489840"
"chr4","149216733","149217027","chr2","158122025","158122318","43","8905292"
"chr4","149257263","149257527","chr14","85601211","85601476","44","63656052"
"chr4","149283580","149283874","chr4","114134642","114134925","38","35148938"
"chr4","149343262","149343567","chr8","21354878","21355187","48","127988384"
"chr4","149485119","149485390","chr2","146895116","146895388","56","2590003"
"chr4","149538265","149538574","chr3","98190129","98190426","42","51348136"
"chr4","149586256","149586554","chr1","44950004","44950301","34","104636252"
"chr4","149639335","149639638","chr1","67097369","67097671","39","82541966"
"chr4","149639640","149639946","chr6","128302615","128302924","42","21337025"
"chr4","149711446","149711708","chr13","91721655","91721915","37","57989791"
"chr4","149765405","149765701","chr19","3064712","3065012","33","146700693"
"chr4","149768997","149769264","chr5","167048952","167049219","50","17279955"
"chr4","149777882","149778174","chr2","186451766","186452061","42","36673884"
"chr4","149783450","149783708","chr6","131907094","131907355","48","17876356"
"chr4","149796390","149796708","chr19","5271393","5271715","51","144524997"
"chr4","149796713","149796987","chr13","90970128","90970408","35","58826585"
"chr4","149954620","149954918","chr3","51854376","51854674","43","98100244"
"chr4","149958952","149959223","chr8","26747262","26747531","39","123211690"
"chr4","150045659","150045967","chr1","7993999","7994304","38","142051660"
"chr4","150047232","150047530","chr4","10828530","10828827","42","139218702"
"chr4","150110737","150111023","chr16","11161826","11162107","44","138948911"
"chr4","150189971","150190270","chr4","28731569","28731869","43","121458402"
"chr4","150233452","150233757","chr13","125134336","125134638","41","25099116"
"chr4","150241897","150242205","chr6","128110448","128110754","33","22131449"
"chr4","150273298","150273610","chr18","51183412","51183721","40","99089886"
"chr4","150275748","150276043","chr3","150228925","150229224","36","46823"
"chr4","150279303","150279598","chr12","93339213","93339508","45","56940090"
"chr4","150281708","150282018","chr10","85616264","85616571","46","64665444"
"chr4","150347154","150347456","chr7","131341201","131341506","38","19005953"
"chr4","150383826","150384124","chr17","71950343","71950641","37","78433483"
"chr4","150472609","150472916","chr1","18852431","18852735","34","131620178"
"chr4","150478770","150479060","chr19","47662689","47662983","38","102816081"
"chr4","150486813","150487094","chr2","97434929","97435213","47","53051884"
"chr4","150491468","150491757","chr19","48620293","48620583","40","101871175"
"chr4","150527917","150528213","chr7","39676459","39676752","38","110851458"
"chr4","150547252","150547572","chr8","72015483","72015794","64","78531769"
"chr4","150577196","150577487","chr20","52007726","52008019","38","98569470"
"chr4","150580682","150580953","chr16","50279212","50279487","41","100301470"
"chr4","150593129","150593360","chr20","52039655","52039883","45","98553474"
"chr4","150660981","150661238","chr10","87259063","87259328","57","63401918"
"chr4","150756556","150756831","chr18","55122664","55122939","47","95633892"
"chr4","150827053","150827353","chr13","32817425","32817728","41","118009628"
"chr4","150857411","150857689","chr3","60342878","60343154","56","90514533"
"chr4","150919003","150919304","chr8","121505496","121505808","45","29413507"
"chr4","150927120","150927411","chr19","40170337","40170623","38","110756783"
"chr4","150928356","150928635","chr4","10593766","10594058","44","140334590"
"chr4","150991129","150991376","chr16","58972818","58973067","37","92018311"
"chr4","151105803","151106016","chr20","49267706","49267913","32","101838097"
"chr4","151166323","151166608","chr7","77017935","77018222","50","74148388"
"chr4","151185454","151185745","chrX","125717416","125717708","45","25468038"
"chr4","151194679","151194973","chr6","160339930","160340231","44","9145251"
"chr4","151204770","151205070","chrX","106955148","106955450","38","44249622"
"chr4","151341875","151341943","chr9","99777183","99777260","16","51564692"
"chr4","151342179","151342355","chr7","151002857","151002999","67","339322"
"chr4","151396788","151397065","chr3","173670201","173670489","44","22273413"
"chr4","151464701","151465005","chr6","124714488","124714790","35","26750213"
"chr4","151506257","151506550","chr6","83909264","83909556","41","67596993"
"chr4","151561149","151561449","chrX","75081914","75082213","34","76479235"
"chr4","151579429","151579726","chr4","33663349","33663650","40","117916080"
"chr4","151596912","151597204","chr4","160599897","160600192","45","9002985"
"chr4","151600606","151600906","chr10","64805632","64805934","43","86794974"
"chr4","151620727","151621006","chr11","92474742","92475024","48","59145985"
"chr4","151639334","151639630","chr18","48465782","48466081","35","103173552"
"chr4","151640708","151641002","chr12","69597135","69597433","37","82043573"
"chr4","151646275","151646566","chr12","58244299","58244591","34","93401976"
"chr4","151668213","151668510","chr3","34969388","34969689","39","116698825"
"chr4","151671309","151671603","chr1","48444023","48444319","38","103227286"
"chr4","151678053","151678340","chr4","101498241","101498544","46","50179812"
"chr4","151686850","151687052","chr1","54579002","54579197","29","97107848"
"chr4","151687352","151687466","chr3","84703027","84703139","21","66984325"
"chr4","151689521","151689833","chr4","3145119","3145426","52","148544402"
"chr4","151696367","151696515","chr5","118050451","118050595","24","33645916"
"chr4","151700218","151700507","chr19","30562445","30562736","52","121137773"
"chr4","151702857","151703169","chr2","144423348","144423659","40","7279509"
"chr4","151726368","151726654","chr7","77046533","77046816","54","74679835"
"chr4","151726655","151726912","chr13","109670592","109670849","50","42056063"
"chr4","151728149","151728432","chr2","155636216","155636491","46","3908067"
"chr4","151803688","151803968","chr7","18532501","18532788","48","133271187"
"chr4","151831919","151832204","chr6","88744720","88745008","47","63087199"
"chr4","151834888","151835190","chr6","124714488","124714790","41","27120400"
"chr4","151835815","151836122","chrX","33444881","33445180","56","118390934"
"chr4","151838444","151838746","chr7","90971726","90972022","41","60866718"
"chr4","151841496","151841742","chr11","43896322","43896565","40","107945174"
"chr4","151930126","151930390","chr13","121121069","121121324","46","30809057"
"chr4","151997064","151997312","chr13","125543810","125544055","45","26453254"
"chr4","152036307","152036467","chr4","7601812","7601968","28","144434495"
"chr4","152062021","152062304","chr3","14371522","14371805","37","137690499"
"chr4","152073304","152073607","chr13","127856958","127857258","38","24216346"
"chr4","152108332","152108657","chr17","68517293","68517606","62","83591039"
"chr4","152122501","152122785","chr1","56954077","56954369","38","95168424"
"chr4","152126991","152127283","chr17","5494384","5494685","41","146632607"
"chr4","152148618","152148909","chr1","19736141","19736436","40","132412477"
"chr4","152168832","152169141","chr2","144423348","144423659","38","7745484"
"chr4","152194795","152195102","chr1","208230438","208230739","40","56035643"
"chr4","152195305","152195561","chr14","31029509","31029771","59","121165796"
"chr4","152195776","152195833","chr6","89953631","89953688","11","62242145"
"chr4","152199405","152199671","chr1","12529331","12529609","61","139670074"
"chr4","152200791","152201083","chr1","94365322","94365615","42","57835469"
"chr4","152216676","152216983","chr2","101651204","101651504","49","50565472"
"chr4","152242521","152242644","chr4","14927908","14928029","16","137314613"
"chr4","152243127","152243214","chr7","87318081","87318162","19","64925046"
"chr4","152282752","152283048","chr2","44513923","44514220","47","107768829"
"chr4","152293486","152293741","chr4","79455473","79455733","42","72838013"
"chr4","152313586","152313893","chr15","48151534","48151833","35","104162052"
"chr4","152318485","152318768","chr14","119229630","119229918","38","33088855"
"chr4","152319673","152319965","chr4","10828530","10828827","39","141491143"
"chr4","152339355","152339653","chr8","111500920","111501220","44","40838435"
"chr4","152354817","152355115","chr16","59345872","59346168","38","93008945"
"chr4","152371447","152371758","chr9","29552692","29552995","48","122818755"
"chr4","152424224","152424528","chr11","11755747","11756048","42","140668477"
"chr4","152543794","152544079","chr11","104267729","104268018","43","48276065"
"chr4","152588076","152588389","chr5","100797424","100797733","45","51790652"
"chr4","152649313","152649601","chr4","125838247","125838531","38","26811066"
"chr4","152723939","152724205","chr1","179089774","179090010","60","26365835"
"chr4","152789522","152789818","chr7","116541236","116541527","38","36248286"
"chr4","152842301","152842611","chr10","78749019","78749318","43","74093282"
"chr4","152846645","152846847","chr6","55833949","55834140","50","97012696"
"chr4","152929813","152930109","chr15","39847712","39848003","36","113082101"
"chr4","152949292","152949594","chr3","178397880","178398180","48","25448588"
"chr4","153034962","153035245","chr4","149486451","149486733","38","3548511"
"chr4","153132057","153132361","chr11","108930163","108930465","42","44201894"
"chr4","153169245","153169535","chr19","7363271","7363562","45","145805974"
"chr4","153272131","153272397","chr1","40770988","40771266","47","112501143"
"chr4","153342264","153342559","JH682036","358126","358421","37","152984138"
"chr4","153360179","153360467","chr9","30302448","30302737","43","123057731"
"chr4","153429125","153429246","chr11","83048168","83048288","14","70380957"
"chr4","153528038","153528349","chr14","8712648","8712949","45","144815390"
"chr4","153571969","153572271","chr2","96826999","96827292","48","56744970"
"chr4","153700362","153700635","chr1","162422913","162423171","44","8722551"
"chr4","153720080","153720371","chr4","13002327","13002618","41","140717753"
"chr4","153760214","153760401","chr6","162120714","162120899","41","8360500"
"chr4","153760575","153760682","chr9","124771238","124771348","21","28989337"
"chr4","153801608","153801879","chr4","79455473","79455733","52","74346135"
"chr4","153832755","153833028","chr4","36743938","36744205","45","117088817"
"chr4","153866465","153866770","chr1","20012770","20013073","36","133853695"
"chr4","153911987","153912091","chr15","56902528","56902631","21","97009459"
"chr4","153915663","153915981","chr11","97834556","97834875","44","56081107"
"chr4","153920988","153921285","chr9","7025626","7025918","32","146895362"
"chr4","153924384","153924649","chrX","122712517","122712780","33","31211867"
"chr4","153944433","153944722","chr2","86526177","86526471","58","67418256"
"chr4","154167358","154167640","chr16","2686936","2687217","41","151480422"
"chr4","154193041","154193345","chr6","133004541","133004839","47","21188500"
"chr4","154213721","154213954","chr15","29611756","29611978","34","124601965"
"chr4","154338707","154339006","chr1","219225924","219226223","45","64887217"
"chr4","154418138","154418446","chr13","32817425","32817728","52","121600713"
"chr4","154441371","154441649","chrX","45987544","45987822","41","108453827"
"chr4","154463331","154463618","chr10","62315260","62315548","41","92148071"
"chr4","154469629","154469917","chr1","206447940","206448229","40","51978311"
"chr4","154633450","154633747","chr5","2577333","2577630","35","152056117"
"chr4","154664071","154664176","chr13","88838884","88838987","15","65825187"
"chr4","154738512","154738830","chr16","29492415","29492724","48","125246097"
"chr4","154878180","154878464","chr20","22160635","22160926","41","132717545"
"chr4","154889502","154889834","chr1","17610673","17611001","43","137278829"
"chr4","154946252","154946542","chr1","42476755","42477044","43","112469497"
"chr4","155022425","155022741","chr9","3805446","3805756","48","151216979"
"chr4","155032408","155032703","chr1","27049382","27049672","35","127983026"
"chr4","155051464","155051754","chr3","45207525","45207826","48","109843939"
"chr4","155073783","155074054","chr16","1419036","1419322","48","153654747"
"chr4","155085719","155086000","chr3","599816","600100","41","154485903"
"chr4","155154528","155154826","chr7","120310502","120310798","44","34844026"
"chr4","155167685","155167990","chr2","96826999","96827292","47","58340686"
"chr4","155183779","155184074","chr6","150586732","150587027","40","4597047"
"chr4","155308858","155309149","chr11","59744208","59744500","34","95564650"
"chr4","155330290","155330576","chr11","59744208","59744500","34","95586082"
"chr4","155342523","155342836","chr13","96588547","96588856","54","58753976"
"chr4","155357969","155358283","chr7","76889431","76889730","52","78468538"
"chr4","155397241","155397557","chr16","9403675","9403989","51","145993566"
"chr4","155418209","155418505","chr1","125312140","125312429","41","30106069"
"chr4","155431909","155432207","chr3","98190129","98190426","46","57241780"
"chr4","155460628","155460933","chrX","44962032","44962338","36","110498596"
"chr4","155484509","155484828","chr13","43327633","43327946","57","112156876"
"chr4","155548210","155548403","chr9","12902153","12902345","26","142646057"
"chr4","155554804","155555105","chr13","72884158","72884458","43","82670646"
"chr4","155560890","155561167","chr16","66408804","66409087","37","89152086"
"chr4","155587146","155587434","chr15","74058051","74058335","51","81529095"
"chr4","155597368","155597665","chr3","42382910","42383208","38","113214458"
"chr4","155644448","155644745","chr1","48059744","48060037","37","107584704"
"chr4","155654149","155654447","chr1","212841578","212841874","46","57187429"
"chr4","155661202","155661501","chr2","102989050","102989349","41","52672152"
"chr4","155663004","155663290","chr8","118107840","118108131","44","37555164"
"chr4","155724919","155725211","chr15","56067989","56068281","41","99656930"
"chr4","155795251","155795557","chr2","62500002","62500306","43","93295249"
"chr4","155803954","155804250","chr4","107442127","107442422","34","48361827"
"chr4","155826464","155826741","chr13","86676143","86676408","41","69150321"
"chr4","155839878","155840172","chr16","47869063","47869366","47","107970815"
"chr4","155840414","155840711","chr1","42476755","42477044","38","113363659"
"chr4","155858689","155858981","chr15","21464395","21464674","51","134394294"
"chr4","155864316","155864615","chr4","132287893","132288193","50","23576423"
"chr4","155869814","155870111","chrX","21565382","21565683","39","134304432"
"chr4","155883308","155883618","chr4","32401427","32401735","37","123481881"
"chr4","155897369","155897664","chr9","20941332","20941626","36","134956037"
"chr4","155905394","155905678","chrX","24932309","24932597","36","130973085"
"chr4","155915625","155915918","chr3","91655462","91655763","48","64260163"
"chr4","155921455","155921754","chr17","20945248","20945548","33","134976207"
"chr4","155939018","155939286","chr15","26878649","26878926","41","129060369"
"chr4","155951542","155951842","chr12","51845288","51845587","47","104106254"
"chr4","155963320","155963622","chr8","94310731","94311042","46","61652589"
"chr4","155997266","155997571","chr1","178931782","178932092","52","22934516"
"chr4","155998267","155998564","chr11","52332872","52333170","35","103665395"
"chr4","156005923","156006212","chr8","28825632","28825920","48","127180291"
"chr4","156010480","156010770","chr14","123149498","123149793","37","32860982"
"chr4","156089590","156089891","chr10","90780511","90780814","40","65309079"
"chr4","156098971","156099276","chr6","67765709","67766011","36","88333262"
"chr4","156113380","156113486","chr4","18435484","18435590","11","137677896"
"chr4","156149651","156149941","chr9","7025626","7025918","36","149124025"
"chr4","156151424","156151728","chrX","61187628","61187935","52","94963796"
"chr4","156153191","156153317","chr18","2815099","2815224","14","153338092"
"chr4","156206083","156206332","chr6","42726937","42727180","43","113479146"
"chr4","156291081","156291379","chr10","82135782","82136083","43","74155299"
"chr4","156417126","156417402","chr10","78838030","78838303","40","77579096"
"chr4","156424427","156424725","chr18","2855012","2855310","49","153569415"
"chr4","156480767","156481077","chr9","101100552","101100866","35","55380215"
"chr4","156603758","156603974","chr1","130247835","130248045","30","26355923"
"chr4","156689401","156689719","chrX","19437458","19437770","45","137251943"
"chr4","156718140","156718432","chr16","1651540","1651832","37","155066600"
"chr4","156846115","156846419","chr11","47924958","47925256","43","108921157"
"chr4","157019897","157020204","chr8","31649147","31649450","44","125370750"
"chr4","157070115","157070424","chr10","78317071","78317379","36","78753044"
"chr4","157157775","157158073","chr8","99548469","99548767","36","57609306"
"chr4","157168608","157168697","chr1","54171412","54171503","13","102997196"
"chr4","157380642","157380946","chr5","41791467","41791763","51","115589175"
"chr4","157460382","157460671","chr20","87623","87917","50","157372759"
"chr4","157489027","157489243","chr1","9513726","9513939","31","147975301"
"chr4","157537081","157537373","chr2","46893044","46893340","41","110644037"
"chr4","157539949","157540258","chr11","7017396","7017703","39","150522553"
"chr4","157634168","157634446","chr5","93017481","93017775","53","64616687"
"chr4","157728306","157728582","chr15","81608904","81609175","46","76119402"
"chr4","157755384","157755657","chr12","67334993","67335279","54","90420391"
"chr4","157772624","157772911","chr2","184580196","184580486","46","26807572"
"chr4","157780851","157781088","chr20","68379890","68380123","32","89400961"
"chr4","157806328","157806616","chr12","99756211","99756500","53","58050117"
"chr4","157873874","157874167","chr7","116541236","116541527","38","41332638"
"chr4","157910085","157910254","chr9","121645840","121646004","23","36264245"
"chr4","157954602","157954891","chr7","52736490","52736780","39","105218112"
"chr4","158001986","158002290","chr7","125954466","125954770","38","32047520"
"chr4","158126903","158127183","chr2","28624536","28624818","38","129502367"
"chr4","158296538","158296831","chr20","13516848","13517143","54","144779690"
"chr4","158298973","158299244","chr9","84372000","84372280","45","73926973"
"chr4","158301572","158301865","chr11","59744208","59744500","27","98557364"
"chr4","158302328","158302612","chr14","57816135","57816421","40","100486193"
"chr4","158342018","158342290","chr1","21844492","21844765","44","136497526"
"chr4","158352342","158352634","chr6","115604263","115604559","36","42748079"
"chr4","158365499","158365789","chr3","44207119","44207413","38","114158380"
"chr4","158445233","158445535","chrX","38891205","38891511","54","119554028"
"chr4","158489241","158489546","chr7","49324027","49324336","45","109165214"
"chr4","158540171","158540467","chr19","44795481","44795773","43","113744690"
"chr4","158580386","158580689","chr18","26757177","26757480","36","131823209"
"chr4","158592676","158592970","chr4","82945647","82945940","73","75647029"
"chr4","158619558","158619862","chr4","10828530","10828827","44","147791028"
"chr4","158675380","158675671","chr20","9170912","9171216","63","149504468"
"chr4","158722881","158723016","chr4","104609587","104609724","22","54113294"
"chr4","158960645","158960939","chr9","7025626","7025918","34","151935019"
"chr4","158982080","158982388","chr10","67405046","67405353","36","91577034"
"chr4","158984179","158984400","chr15","29611756","29611978","27","129372423"
"chr4","158994255","158994578","chr11","109777685","109778001","52","49216570"
"chr4","159037545","159037687","chr1","113961671","113961817","28","45075874"
"chr4","159097858","159098161","chr2","181253650","181253955","27","22155792"
"chr4","159099856","159100124","chr16","2090775","2091048","42","157009081"
"chr4","159195501","159195778","chr5","141228596","141228872","60","17966905"
"chr4","159211296","159211597","chr1","44950004","44950301","47","114261292"
"chr4","159222012","159222310","chrX","138944321","138944620","43","20277691"
"chr4","159270846","159271153","chr1","124050585","124050888","39","35220261"
"chr4","159336375","159336683","chr18","51183412","51183721","33","108152963"
"chr4","159386935","159387231","chr9","85066347","85066645","34","74320588"
"chr4","159457622","159457940","chr19","3064712","3065012","48","156392910"
"chr4","159483130","159483435","chr6","129769527","129769828","37","29713603"
"chr4","159493317","159493616","chrX","121834632","121834940","47","37658685"
"chr4","159513551","159513828","chr4","10337240","10337517","36","149176311"
"chr4","159563124","159563427","chr13","38134268","38134561","44","121428856"
"chr4","159567882","159568182","chr1","52291560","52291858","40","107276322"
"chr4","159606934","159607206","chr13","108552245","108552502","47","51054689"
"chr4","159650488","159650779","chr7","36979903","36980199","41","122670585"
"chr4","159651588","159651885","chr19","35482053","35482349","35","124169535"
"chr4","159699653","159699950","chrX","20846410","20846706","37","138853243"
"chr4","159719367","159719661","chr2","50328218","50328509","46","109391149"
"chr4","159729813","159730113","chr4","132287893","132288193","36","27441920"
"chr4","159731739","159732037","chr8","124808349","124808648","36","34923390"
"chr4","159734878","159735171","chr9","7025626","7025918","39","152709252"
"chr4","159789690","159789979","chr1","125312140","125312429","40","34477550"
"chr4","159801935","159802195","chr4","24804662","24804922","45","134997273"
"chr4","159806519","159806820","chrX","62948145","62948432","52","96858374"
"chr4","159881244","159881534","chr3","178721473","178721768","56","18840229"
"chr4","159901610","159901911","chr9","85132193","85132498","41","74769417"
"chr4","159905752","159906054","chrX","45487697","45487995","45","114418055"
"chr4","159916943","159917240","chr7","90971726","90972022","36","68945217"
"chr4","159950702","159950908","chr18","16642318","16642513","27","143308384"
"chr4","159965850","159966137","chr4","110946344","110946633","38","49019506"
"chr4","160003505","160003755","chr1","47626078","47626342","42","112377427"
"chr4","160008731","160009018","chr6","56372445","56372739","44","103636286"
"chr4","160053896","160054076","chr12","11354594","11354763","34","148699302"
"chr4","160064081","160064387","chr19","44121713","44121997","63","115942368"
"chr4","160119522","160119819","chr11","4016647","4016949","43","156102875"
"chr4","160146084","160146378","chr1","203640822","203641120","48","43494738"
"chr4","160149750","160150057","chr2","41645236","41645545","38","118504514"
"chr4","160238945","160239226","chr15","106012973","106013232","64","54225972"
"chr4","160341632","160341921","chr11","88966345","88966635","41","71375287"
"chr4","160343992","160344295","chr15","35190462","35190761","48","125153530"
"chr4","160407311","160407608","chr1","35610412","35610711","38","124796899"
"chr4","160409046","160409343","chr1","35610412","35610711","38","124798634"
"chr4","160469544","160469832","chr4","66247395","66247678","45","94222149"
"chr4","160602368","160602658","chr10","62613928","62614216","39","97988440"
"chr4","160637410","160637553","chr2","10290814","10290956","18","150346596"
"chr4","160646651","160646957","chr1","185101023","185101330","44","24454372"
"chr4","160699966","160700220","chr1","162194621","162194877","39","1494655"
"chr4","160717215","160717481","chr11","7911759","7912023","33","152805456"
"chr4","160848884","160849187","chr1","20012770","20013073","39","140836114"
"chr4","160877116","160877414","chr4","82945647","82945940","62","77931469"
"chr4","160881262","160881558","chr11","66160852","66161149","37","94720410"
"chr4","160901249","160901543","chr2","47583420","47583713","40","113317829"
"chr4","160937639","160937949","chrX","124869328","124869635","39","36068311"
"chr4","161074575","161074870","chr19","38513628","38513926","45","122560947"
"chr4","161190672","161190969","chr3","10482926","10483222","38","150707746"
"chr4","161264984","161265257","chr16","2090775","2091048","42","159174209"
"chr4","161570888","161571197","chr7","131327117","131327431","47","30243771"
"chr4","161626421","161626663","chr12","63756955","63757195","39","97869466"
"chr4","161714495","161714757","chr10","30085573","30085855","49","131628922"
"chr4","161736422","161736711","chr6","131196166","131196457","43","30540256"
"chr4","161751246","161751527","chr4","4553985","4554278","51","157197261"
"chr4","161765075","161765376","chr6","110356311","110356608","43","51408764"
"chr4","161814506","161814798","chr4","156210714","156211004","37","5603792"
"chr4","161955622","161955924","chr2","63903545","63903849","45","98052077"
"chr4","161964814","161965108","chr9","7025626","7025918","30","154939188"
"chr4","161968805","161969109","chr1","11912016","11912323","31","150056789"
"chr4","162016608","162016725","chr4","20894283","20894397","20","141122325"
"chr4","162055202","162055496","chr17","1103916","1104210","37","160951286"
"chr4","162062732","162063019","chr2","184580196","184580486","44","22517464"
"chr4","162091122","162091398","chr4","31083851","31084133","43","131007271"
"chr4","162143980","162144270","chr1","27049382","27049672","41","135094598"
"chr4","162159323","162159622","chr1","163318234","163318534","44","1158911"
"chr4","162189490","162189769","chr9","66366305","66366593","47","95823185"
"chr4","162190821","162191113","chr3","43678446","43678742","44","118512375"
"chr4","162204989","162205229","chr11","43896322","43896565","40","118308667"
"chr4","162217640","162217915","chr16","54181082","54181369","51","108036558"
"chr4","162238699","162238991","chr4","31928114","31928408","35","130310585"
"chr4","162239446","162239743","chr17","23859405","23859701","33","138380041"
"chr4","162240733","162241043","chr10","67405046","67405353","35","94835687"
"chr4","162328691","162328984","chr15","78953274","78953566","47","83375417"
"chr4","162340839","162341138","chr3","33506835","33507132","37","128834004"
"chr4","162399595","162399814","chr7","121329046","121329267","35","41070549"
"chr4","162551076","162551378","chr6","128302615","128302924","48","34248461"
"chr4","162570311","162570616","chr11","10098018","10098319","34","152472293"
"chr4","162589712","162590014","chr1","12498948","12499258","44","150090764"
"chr4","162676095","162676406","chr12","63712638","63712948","48","98963457"
"chr4","162727609","162727761","chr2","85726747","85726894","54","77000862"
"chr4","162791054","162791361","chr12","11131478","11131777","52","151659576"
"chr4","162846358","162846662","chr18","48465782","48466081","38","114380576"
"chr4","162859023","162859325","chr16","23063092","23063391","40","139795931"
"chr4","162864584","162864694","chr11","108713721","108713830","19","54150863"
"chr4","162865113","162865407","chr13","116647521","116647821","47","46217592"
"chr4","162941618","162941896","chr1","201935657","201935943","44","38994039"
"chr4","162952810","162953088","chr12","14522739","14523022","54","148430071"
"chr4","163076362","163076636","chr3","77923861","77924142","42","85152501"
"chr4","163102368","163102677","chr2","184494540","184494844","49","21392172"
"chr4","163136684","163136964","chr2","96514589","96514879","49","66622095"
"chr4","163155456","163155761","chr9","61749418","61749718","55","101406038"
"chr4","163179653","163179947","chr6","142572268","142572563","40","20607385"
"chr4","163188731","163189040","chr13","40807388","40807696","34","122381343"
"chr4","163269637","163269930","chr1","40659470","40659761","48","122610167"
"chr4","163272141","163272436","chr10","10378732","10379028","42","152893409"
"chr4","163326832","163327129","chr4","10828530","10828827","37","152498302"
"chr4","163341686","163341960","chr15","21789811","21790091","58","141551875"
"chr4","163375874","163376165","chr1","125312140","125312429","41","38063734"
"chr4","163409455","163409737","chr4","131374689","131374976","39","32034766"
"chr4","163422739","163423019","chr10","47330984","47331271","51","116091755"
"chr4","163424260","163424554","chr9","34818668","34818959","40","128605592"
"chr4","163430441","163430750","chr6","82921752","82922060","49","80508689"
"chr4","163571083","163571376","chr11","59744208","59744500","36","103826875"
"chr4","163616121","163616253","chr18","2814393","2814524","19","160801728"
"chr4","163700309","163700607","chrX","78139683","78139986","42","85560626"
"chr4","163869665","163869951","chrX","38680797","38681088","46","125188868"
"chr4","164020353","164020648","chr3","96495025","96495317","38","67525328"
"chr4","164110731","164111035","chr13","32817425","32817728","33","131293306"
"chr4","164172203","164172496","chr6","10983419","10983717","50","153188784"
"chr4","164193748","164194061","chr17","8929510","8929818","43","155264238"
"chr4","164210356","164210664","chr10","16049988","16050292","52","148160368"
"chr4","164224717","164225012","chr6","142572268","142572563","46","21652449"
"chr4","164273003","164273302","chr1","47942809","47943107","42","116330194"
"chr4","164275857","164276154","chr3","160772561","160772858","46","3503296"
"chr4","164315460","164315756","chr10","38262077","38262376","43","126053383"
"chr4","164450042","164450336","chrX","28734753","28735052","31","135715289"
"chr4","164515302","164515587","chr16","21639667","21639964","48","142875635"
"chr4","164562379","164562661","chr11","97924703","97924978","44","66637676"
"chr4","164612012","164612302","chrX","27694686","27694979","41","136917326"
"chr4","164712100","164712239","chr2","93317431","93317570","17","71394669"
"chr4","164731197","164731521","chr16","25575926","25576229","66","139155271"
"chr4","164785137","164785425","chr10","37576589","37576879","38","127208548"
"chr4","164812398","164812691","chr5","52449180","52449473","33","112363218"
"chr4","164906882","164907175","chrX","50284886","50285185","41","114621996"
"chr4","164997194","164997492","chr1","946135","946434","34","164051059"
"chr4","165292470","165292775","chr3","34969388","34969689","37","130323082"
"chr4","165315389","165315682","chrX","44799525","44799819","47","120515864"
"chr4","165526973","165527249","chr8","70343541","70343824","45","95183432"
"chr4","165531537","165531817","chr7","63563901","63564180","56","101967636"
"chr4","165600053","165600354","chr16","3687263","3687550","70","161912790"
"chr4","165644592","165644883","chr12","93723047","93723335","55","71921545"
"chr4","165711566","165711856","chr11","59744208","59744500","35","105967358"
"chr4","165776333","165776644","chr1","87626197","87626512","37","78150136"
"chr4","165848489","165848784","chr3","45626371","45626668","34","120222118"
"chr4","165935565","165935810","chr16","58972818","58973067","38","106962747"
"chr4","165950828","165951174","chr19","5447576","5447917","72","160503252"
"chr4","165986425","165986724","chr1","30009463","30009748","66","135976962"
"chr4","166018527","166018832","chr1","7993999","7994304","27","158024528"
"chr4","166018977","166019268","chrX","13622942","13623238","42","152396035"
"chr4","166093957","166094114","chr13","37809450","37809605","27","128284507"
"chr4","166094304","166094404","chr10","44664463","44664565","16","121429841"
"chr4","166189975","166190263","chr2","176963674","176963969","50","10773699"
"chr4","166220263","166220557","chr2","128279338","128279634","38","37940925"
"chr4","166320814","166321100","chr3","44207119","44207413","44","122113695"
"chr4","166433608","166433898","chr3","149312255","149312542","54","17121353"
"chr4","166468831","166469123","chr11","59744208","59744500","40","106724623"
"chr4","166503710","166504012","chr1","170967942","170968244","39","4464232"
"chr4","166574523","166574805","chr15","21464395","21464674","35","145110128"
"chr4","166712875","166713173","chr14","25551767","25552067","31","141161108"
"chr4","166866199","166866497","chr7","130020947","130021236","50","36845252"
"chr4","167040128","167040222","chr16","13328328","13328422","15","153711800"
"chr4","167057658","167057741","chr18","40943338","40943431","19","126114320"
"chr4","167117593","167117898","chr1","7993999","7994304","33","159123594"
"chr4","167119247","167119551","chr2","46682521","46682821","33","120436726"
"chr4","167189672","167189963","chr7","76890416","76890707","48","90299256"
"chr4","167258640","167258929","chr1","42476755","42477044","41","124781885"
"chr4","167301617","167301939","chr4","18420935","18421274","68","148880682"
"chr4","167317944","167318245","chr7","76889431","76889730","33","90428513"
"chr4","167353614","167353891","chr10","90525188","90525445","56","76828426"
"chr4","167420716","167421032","chr20","8485477","8485774","53","158935239"
"chr4","167456489","167456776","chr11","88966345","88966635","38","78490144"
"chr4","167476426","167476730","chr1","154447798","154448101","41","13028628"
"chr4","167540188","167540476","chr8","25582102","25582396","41","141958086"
"chr4","167623803","167624095","chr11","59744208","59744500","31","107879595"
"chr4","167628566","167628863","chr13","125137337","125137644","49","42491229"
"chr4","167664892","167665198","chr7","64675811","64676114","35","102989081"
"chr4","167667544","167667661","chr7","130657353","130657466","21","37010191"
"chr4","167667659","167667721","chr9","15155449","15155520","17","152512210"
"chr4","167667723","167667971","chr13","24533468","24533712","37","143134255"
"chr4","167776152","167776458","chr1","20012770","20013073","34","147763382"
"chr4","167882602","167882884","chr15","88437210","88437494","35","79445392"
"chr4","167894458","167894751","chr14","15577285","15577579","31","152317173"
"chr4","167983056","167983320","chr2","25492368","25492634","44","142490688"
"chr4","168051993","168052287","chr20","13516848","13517143","38","154535145"
"chr4","168064686","168064992","chr13","24508987","24509277","55","143555699"
"chr4","168108199","168108480","chr17","66830860","66831136","48","101277339"
"chr4","168132712","168133012","chr3","34969388","34969689","48","133163324"
"chr4","168186985","168187296","chr2","144423348","144423659","39","23763637"
"chr4","168187860","168188152","chr3","45626371","45626668","36","122561489"
"chr4","168202776","168203082","chr10","16049988","16050292","34","152152788"
"chr4","168242714","168243020","chr4","162267205","162267512","37","5975509"
"chr4","168303682","168303964","chr2","21956967","21957254","46","146346715"
"chr4","168482804","168483097","chr11","59744208","59744500","28","108738596"
"chr4","168542295","168542566","chr10","8157406","8157675","43","160384889"
"chr4","168559185","168559490","chr2","187111797","187112101","47","18552612"
"chr4","168631834","168632140","chr13","25298591","25298897","36","143333243"
"chr4","168714905","168715170","chrX","109077217","109077499","56","59637688"
"chr4","168719619","168719905","chr6","165724904","165725204","54","2994715"
"chr4","168841055","168841356","chr1","946135","946434","40","167894920"
"chr4","168842682","168842881","chr16","62512812","62513013","50","106329870"
"chr4","168892941","168893238","chr19","3064712","3065012","32","165828229"
"chr4","169032714","169033008","chr10","26878942","26879232","36","142153772"
"chr4","169174706","169175013","chr11","25987448","25987755","42","143187258"
"chr4","169413202","169413466","chr8","18469509","18469781","55","150943693"
"chr4","169556228","169556541","chr5","176287508","176287814","58","6731280"
"chr4","169600749","169601027","chr5","157705176","157705456","44","11895573"
"chr4","169634115","169634411","chr11","955569","955863","32","168678546"
"chr4","169647408","169647691","chr7","130020947","130021236","39","39626461"
"chr4","169665266","169665575","chr6","66149192","66149494","56","103516074"
"chr4","169829695","169829986","chr2","52915073","52915368","50","116914622"
"chr4","169844108","169844403","chr3","146493499","146493779","54","23350609"
"chr4","170089836","170090131","chr11","59744208","59744500","29","110345628"
"chr4","170166158","170166452","chr3","45626371","45626668","31","124539787"
"chr4","170255492","170255629","chr7","521552","521685","26","169733940"
"chr4","170317700","170317826","chr18","2815099","2815224","15","167502601"
"chr4","170332726","170332960","chr5","848416","848645","31","169484310"
"chr4","170621462","170621771","chr2","8326945","8327230","76","162294517"
"chr4","170647680","170647967","chr5","58328415","58328701","39","112319265"
"chr4","170665105","170665378","chr2","49059917","49060182","40","121605188"
"chr4","170802365","170802688","chr5","52449180","52449473","76","118353185"
"chr4","170813189","170813487","chr3","44128938","44129239","41","126684251"
"chr4","170858315","170858602","chr9","30302448","30302737","45","140555867"
"chr4","170860943","170861234","chr2","173392056","173392343","36","2531113"
"chr4","170872478","170872751","chr16","1419036","1419322","46","169453442"
"chr4","170904636","170904954","chr12","35925032","35925339","66","134979604"
"chr4","170936601","170936910","chr1","7993999","7994304","36","162942602"
"chr4","171141004","171141289","chr1","18691512","18691800","43","152449492"
"chr4","171204429","171204737","chr13","23501079","23501388","35","147703350"
"chr4","171281658","171281959","chr16","30771433","30771728","60","140510225"
"chr4","171349834","171350122","chr7","133065043","133065330","33","38284791"
"chr4","171406604","171406898","chr19","35482053","35482349","35","135924551"
"chr4","171412370","171412671","chr6","153729609","153729913","37","17682761"
"chr4","171509530","171509832","chr7","92315319","92315622","37","79194211"
"chr4","171514249","171514540","chr10","29960412","29960708","49","141553837"
"chr4","171570829","171571109","chr2","184580196","184580486","42","13009367"
"chr4","171571864","171572067","chr9","89395808","89396013","33","82176056"
"chr4","171581093","171581389","chr8","25582102","25582396","33","145998991"
"chr5","136314863","136315156","chr6","134019681","134019975","34","2295182"
"chr5","131049","131348","chr2","41849392","41849686","42","41718343"
"chr5","655119","655421","chr3","43548183","43548496","41","42893064"
"chr5","32898923","32899202","chr3","92856547","92856828","46","59957624"
"chr5","41025332","41025627","chr1","67368758","67369056","42","26343426"
"chr5","87818114","87818298","chr9","89206066","89206252","32","1387952"
"chr5","98172894","98173119","chr5","36715091","36715311","48","61457803"
"chr5","124518320","124518660","chr3","6816003","6816340","71","117702317"
"chr5","125697825","125698160","chr12","33052947","33053285","67","92644878"
"chr5","127401898","127402205","chr15","98914064","98914371","44","28487834"
"chr5","127663938","127664229","chr3","42609670","42609971","51","85054268"
"chr5","128319326","128319619","chr1","11366377","11366670","31","116952949"
"chr5","51260","51523","chr11","97924703","97924978","49","97873443"
"chr5","94916","95185","chr15","76799848","76800119","56","76704932"
"chr5","97500","97845","chr10","26645501","26645819","72","26548001"
"chr5","101056","101338","chr16","7789891","7790171","46","7688835"
"chr5","118314","118560","chr15","29611756","29611978","53","29493442"
"chr5","123792","124083","chr10","27117317","27117617","43","26993525"
"chr5","125290","125560","chr2","39029241","39029515","47","38903951"
"chr5","127688","127984","chr3","176830718","176831018","33","176703030"
"chr5","155618","155903","chr11","117230690","117230966","38","117075072"
"chr5","181068","181373","chr1","12498948","12499258","38","12317880"
"chr5","190763","191079","chr10","50403428","50403747","67","50212665"
"chr5","232191","232392","chr4","15723513","15723714","39","15491322"
"chr5","279022","279327","chr6","14389598","14389908","42","14110576"
"chr5","322132","322419","chr2","111532151","111532446","45","111210019"
"chr5","346042","346183","chr7","58691237","58691384","31","58345195"
"chr5","354982","355292","chr2","135458909","135459219","42","135103927"
"chr5","361710","362017","chr7","161253903","161254205","37","160892193"
"chr5","428919","429213","chr16","38427507","38427799","43","37998588"
"chr5","437047","437216","chr13","93249064","93249232","26","92812017"
"chr5","446640","446877","chr3","50901308","50901545","35","50454668"
"chr5","447471","447533","chr16","38161731","38161797","14","37714260"
"chr5","452318","452399","chr13","103188987","103189073","11","102736669"
"chr5","457232","457537","chr11","7017396","7017703","45","6560164"
"chr5","480228","480535","chr1","13865146","13865450","47","13384918"
"chr5","505239","505539","chr2","78566867","78567163","45","78061628"
"chr5","507129","507402","chr2","48632986","48633256","49","48125857"
"chr5","510686","510978","chr5","17304023","17304321","49","16793337"
"chr5","527398","527671","chr10","27509342","27509618","39","26981944"
"chr5","550168","550474","chr1","196573796","196574099","42","196023628"
"chr5","551608","551904","chr1","65662451","65662746","49","65110843"
"chr5","552339","552639","chr11","108930163","108930465","43","108377824"
"chr5","556118","556413","chr2","186451766","186452061","51","185895648"
"chr5","576507","576811","chr3","66701770","66702068","49","66125263"
"chr5","611474","611767","chr11","121687683","121687984","57","121076209"
"chr5","643280","643584","chr2","82850940","82851250","44","82207660"
"chr5","668164","668475","chr13","32817425","32817728","41","32149261"
"chr5","670410","670699","chr4","42866053","42866357","51","42195643"
"chr5","700750","700913","chr13","37809450","37809605","34","37108700"
"chr5","701549","701665","chr19","19008949","19009062","21","18307400"
"chr5","750957","751253","chr4","41922387","41922673","64","41171430"
"chr5","758788","758998","chr3","118945515","118945723","66","118186727"
"chr5","759386","759626","chr19","6706878","6707125","48","5947492"
"chr5","762575","762871","chr4","3145119","3145426","35","2382544"
"chr5","762876","763168","chr2","94343271","94343561","51","93580395"
"chr5","771086","771175","chr1","140851347","140851436","9","140080261"
"chr5","793830","794130","chr2","160294100","160294401","40","159500270"
"chr5","801054","801304","chr15","90273115","90273354","49","89472061"
"chr5","819266","819546","chrX","93015735","93016019","40","92196469"
"chr5","889916","890193","chr9","59368531","59368810","51","58478615"
"chr5","1058767","1059056","chr17","83808601","83808892","42","82749834"
"chr5","1080384","1080699","chr16","10879859","10880169","48","9799475"
"chr5","1117668","1117963","chrX","90854802","90855099","35","89737134"
"chr5","1123283","1123632","chr8","38131590","38131935","63","37008307"
"chr5","1127770","1128035","chr15","7909420","7909690","48","6781650"
"chr5","1142103","1142403","chr14","50817121","50817406","46","49675018"
"chr5","1176133","1176269","chr18","43383540","43383676","15","42207407"
"chr5","1177389","1177700","chr14","5934954","5935260","35","4757565"
"chr5","1183175","1183465","chr1","42476755","42477044","37","41293580"
"chr5","1186948","1187248","chr4","2534955","2535251","35","1348007"
"chr5","1192014","1192317","chr1","34912193","34912497","40","33720179"
"chr5","1192342","1192622","chr6","51475431","51475711","42","50283089"
"chr5","1203566","1203847","chr19","13881769","13882057","42","12678203"
"chr5","1206139","1206447","chrX","44962032","44962338","40","43755893"
"chr5","1212692","1212779","chr9","105893980","105894066","19","104681288"
"chr5","1218866","1219171","chr6","143658894","143659197","35","142440028"
"chr5","1274140","1274431","chr3","161066291","161066579","34","159792151"
"chr5","1293045","1293292","chr6","70584861","70585099","44","69291816"
"chr5","1308689","1308987","chr10","78749019","78749318","40","77440330"
"chr5","1329172","1329452","chr3","48298408","48298697","48","46969236"
"chr5","1334724","1335026","chr14","20055545","20055847","49","18720821"
"chr5","1353413","1353722","chr1","7993999","7994304","37","6640586"
"chr5","1373226","1373536","chrX","122095835","122096148","51","120722609"
"chr5","1375782","1375945","chr1","65033511","65033674","23","63657729"
"chr5","1377076","1377360","chr10","30085573","30085855","46","28708497"
"chr5","1380658","1380938","chr14","119229630","119229918","46","117848972"
"chr5","1393133","1393415","chr12","93282134","93282430","54","91889001"
"chr5","1402507","1402801","chr13","36087665","36087960","31","34685158"
"chr5","1412363","1412656","chr7","29116078","29116368","43","27703715"
"chr5","1417816","1418164","chr4","102517109","102517441","74","101099293"
"chr5","1423051","1423359","chr6","68762579","68762884","51","67339528"
"chr5","1441826","1442009","chr2","186518455","186518632","33","185076629"
"chr5","1442852","1443155","chr2","176866099","176866395","39","175423247"
"chr5","1455760","1456048","chr3","3535274","3535567","55","2079514"
"chr5","1466725","1466868","chr20","10775435","10775571","27","9308710"
"chr5","1466874","1467154","chr1","13186406","13186688","45","11719532"
"chr5","1471033","1471334","chr1","13865146","13865450","52","12394113"
"chr5","1489715","1489968","chr1","160539547","160539811","58","159049832"
"chr5","1502369","1502665","chr19","44136452","44136749","55","42634083"
"chr5","1521459","1521768","chr8","114426808","114427118","39","112905349"
"chr5","1524464","1524754","chr17","83808601","83808892","46","82284137"
"chr5","1544112","1544413","chr1","7993999","7994304","35","6449887"
"chr5","1554356","1554640","chr6","133809961","133810236","51","132255605"
"chr5","1554642","1554733","chr15","9503470","9503564","19","7948828"
"chr5","1593918","1594176","chr3","134362153","134362414","35","132768235"
"chr5","1627824","1628108","chr1","57946363","57946656","39","56318539"
"chr5","1628273","1628542","chr6","143287549","143287823","42","141659276"
"chr5","1633658","1633970","chr7","73560013","73560323","37","71926355"
"chr5","1660545","1660850","chr12","63712638","63712948","36","62052093"
"chr5","1671454","1671743","chr1","30080248","30080540","49","28408794"
"chr5","1687105","1687415","chr6","128110448","128110754","40","126423343"
"chr5","1758264","1758559","chr9","20941332","20941626","43","19183068"
"chr5","1787194","1787486","chr3","98190129","98190426","41","96402935"
"chr5","1799693","1799924","chr11","51463679","51463912","33","49663986"
"chr5","1800103","1800401","chr8","124808349","124808648","40","123008246"
"chr5","1806219","1806510","chr7","18532501","18532788","35","16726282"
"chr5","1835481","1835523","chr6","4892069","4892114","9","3056588"
"chr5","1835531","1835797","chr10","84527595","84527859","60","82692064"
"chr5","1842441","1842727","JH682036","358126","358421","45","1484315"
"chr5","2009249","2009544","chr2","96239962","96240258","38","94230713"
"chr5","2010875","2011181","chr19","35566142","35566447","43","33555267"
"chr5","2013826","2014120","chr3","125389091","125389392","35","123375265"
"chr5","2019971","2020270","chr2","55010925","55011223","40","52990954"
"chr5","2030622","2030930","chr19","16877989","16878294","44","14847367"
"chr5","2031899","2032203","chr13","29275176","29275477","50","27243277"
"chr5","2056425","2056706","chr12","51506718","51507001","38","49450293"
"chr5","2058909","2059202","chr11","31023704","31023997","49","28964795"
"chr5","2071838","2072136","chr16","47869063","47869366","45","45797225"
"chr5","2114696","2114993","chr2","42614689","42614986","41","40499993"
"chr5","2118110","2118404","chr2","102989050","102989349","52","100870940"
"chr5","2119533","2119819","chrX","20846410","20846706","37","18726877"
"chr5","2170993","2171304","chr5","32957233","32957543","32","30786240"
"chr5","2224640","2224824","chr6","93338412","93338592","33","91113772"
"chr5","2310172","2310459","chr13","73992590","73992885","40","71682418"
"chr5","2318123","2318433","chr1","7993999","7994304","33","5675876"
"chr5","2342080","2342353","chr17","30318493","30318771","47","27976413"
"chr5","2358074","2358198","chr9","95196165","95196297","15","92838091"
"chr5","2359336","2359622","chr2","104291060","104291346","44","101931724"
"chr5","2371973","2372268","chr19","12478851","12479151","44","10106878"
"chr5","2378345","2378641","chr2","47452536","47452831","39","45074191"
"chr5","2416422","2416733","chr1","26100752","26101063","44","23684330"
"chr5","2433085","2433381","chr2","184580196","184580486","35","182147111"
"chr5","2456697","2457010","chrX","45626684","45626995","38","43169987"
"chr5","2515024","2515320","chr11","59744208","59744500","34","57229184"
"chr5","2602486","2602737","chr10","37817455","37817721","52","35214969"
"chr5","2684634","2684896","chr4","85314799","85315055","45","82630165"
"chr5","2689397","2689732","chr3","75278151","75278478","66","72588754"
"chr5","2701320","2701596","chr1","37165011","37165294","53","34463691"
"chr5","2704657","2704982","chr14","97144510","97144821","52","94439853"
"chr5","2721337","2721613","chr2","39029241","39029515","36","36307904"
"chr5","2800118","2800399","chr10","29742378","29742662","55","26942260"
"chr5","2816783","2817064","chr6","35465687","35465957","48","32648904"
"chr5","2837632","2837922","chr9","7025626","7025918","29","4187994"
"chr5","2846570","2846857","chr2","72702249","72702540","43","69855679"
"chr5","2852721","2853009","chr1","124412807","124413097","40","121560086"
"chr5","2857116","2857276","chr9","61763170","61763330","42","58906054"
"chr5","2864839","2865127","chr12","93108642","93108929","46","90243803"
"chr5","2865621","2865888","chr2","48632986","48633256","49","45767365"
"chr5","2874751","2875045","chr8","95960003","95960299","37","93085252"
"chr5","2884414","2884702","chr6","146206774","146207067","41","143322360"
"chr5","2897994","2898293","chr1","18852431","18852735","43","15954437"
"chr5","2915473","2915773","chr13","110788062","110788365","39","107872589"
"chr5","2923244","2923546","chr10","29862012","29862320","38","26938768"
"chr5","2935478","2935781","chr3","51854376","51854674","42","48918898"
"chr5","2953675","2953981","chr19","24212554","24212862","37","21258879"
"chr5","2964116","2964424","chr1","7993999","7994304","34","5029883"
"chr5","2971601","2971803","chr7","132703782","132703982","30","129732181"
"chr5","2973572","2973877","chr1","13865146","13865450","36","10891574"
"chr5","2974205","2974506","chrX","45487697","45487995","36","42513492"
"chr5","2993713","2994018","chr3","143204397","143204702","42","140210684"
"chr5","3006783","3007032","chrX","13427697","13427949","40","10420914"
"chr5","3013030","3013377","chrX","129135364","129135718","80","126122334"
"chr5","3017817","3018029","chr7","26831792","26831996","43","23813975"
"chr5","3027182","3027491","chr2","172612092","172612398","32","169584910"
"chr5","3065031","3065340","chr1","7993999","7994304","36","4928968"
"chr5","3068001","3068294","chr2","38884008","38884302","36","35816007"
"chr5","3071688","3071969","chr7","47343968","47344251","37","44272280"
"chr5","3092906","3093196","chr12","98300764","98301051","39","95207858"
"chr5","3121721","3122006","chr15","21464395","21464674","49","18342674"
"chr5","3130003","3130296","chrX","128195634","128195926","30","125065631"
"chr5","3141641","3141914","chr1","167829406","167829687","45","164687765"
"chr5","3155180","3155477","chr17","76297747","76298049","47","73142567"
"chr5","3221430","3221724","chr10","78749019","78749318","40","75527589"
"chr5","3271830","3272143","chr3","9531529","9531830","49","6259699"
"chr5","3329625","3329914","chr15","79029077","79029366","46","75699452"
"chr5","3332712","3333022","chr6","157477970","157478279","47","154145258"
"chr5","3342477","3342787","chr9","95931722","95932032","36","92589245"
"chr5","3363578","3363864","chr9","11593823","11594109","41","8230245"
"chr5","3372416","3372572","chr1","65033511","65033674","31","61661095"
"chr5","3386610","3386906","chr3","160772561","160772858","31","157385951"
"chr5","3397475","3397777","chr2","31737235","31737528","55","28339760"
"chr5","3404831","3404944","chr7","130657353","130657466","20","127252522"
"chr5","3408815","3409124","chrX","93353646","93353951","39","89944831"
"chr5","3410930","3411221","chr11","17363902","17364188","55","13952972"
"chr5","3455000","3455310","chr8","124123467","124123779","34","120668467"
"chr5","3486484","3486783","chr4","17990287","17990576","44","14503803"
"chr5","3498743","3499038","chr15","27384560","27384858","41","23885817"
"chr5","3511116","3511404","chr9","23375918","23376206","47","19864802"
"chr5","3525638","3525948","chr1","200754133","200754443","42","197228495"
"chr5","3545897","3546190","chr14","118733966","118734257","40","115188069"
"chr5","3551350","3551637","chr17","25163682","25163972","49","21612332"
"chr5","3564224","3564528","chr14","53927134","53927436","37","50362910"
"chr5","3583243","3583523","chr7","64860856","64861140","34","61277613"
"chr5","3597304","3597533","chr12","58284409","58284644","37","54687105"
"chr5","3598570","3598854","chr5","132631825","132632108","42","129033255"
"chr5","3611334","3611597","chr16","40089","40353","37","3571245"
"chr5","3612648","3612947","chr15","96770877","96771181","43","93158229"
"chr5","3624419","3624718","chr11","4016647","4016949","30","392228"
"chr5","3674089","3674396","chr12","13891696","13891997","42","10217607"
"chr5","3717501","3717799","chr2","84844754","84845049","38","81127253"
"chr5","3723218","3723541","chr6","49313425","49313743","53","45590207"
"chr5","3732007","3732307","chrX","27694686","27694979","43","23962679"
"chr5","3783932","3784217","chrX","109077217","109077499","56","105293285"
"chr5","3805905","3806200","chr9","34818668","34818959","60","31012763"
"chr5","3813150","3813471","chr11","6563934","6564243","54","2750784"
"chr5","3837749","3838053","chr1","20012770","20013073","34","16175021"
"chr5","3841624","3841933","chr1","15552958","15553249","56","11711334"
"chr5","3852656","3852944","chr16","39535128","39535419","39","35682472"
"chr5","3929745","3930044","chr4","29322592","29322894","36","25392847"
"chr5","3931455","3931771","chrX","105763749","105764060","45","101832294"
"chr5","3935701","3936074","chr1","188682239","188682601","89","184746538"
"chr5","3937876","3938139","chr4","134157189","134157460","45","130219313"
"chr5","3944759","3944972","chr3","151807944","151808153","35","147863185"
"chr5","3964548","3964847","chr19","3064712","3065012","38","899836"
"chr5","4009864","4010156","chrX","96252990","96253282","34","92243126"
"chr5","4014914","4015205","chr7","158303441","158303733","46","154288527"
"chr5","4028268","4028572","chr11","49265130","49265433","37","45236862"
"chr5","4089581","4089860","chr2","85528226","85528500","32","81438645"
"chr5","4188120","4188383","chr7","31599682","31599941","40","27411562"
"chr5","4197498","4197793","chr12","69842458","69842741","46","65644960"
"chr5","4221334","4221634","chr10","72394915","72395215","35","68173581"
"chr5","4299998","4300298","chr10","47089595","47089902","44","42789597"
"chr5","4348832","4349129","chr1","946135","946434","31","3402697"
"chr5","4349924","4350220","chr6","55606851","55607147","40","51256927"
"chr5","4374200","4374509","chr15","96588502","96588809","39","92214302"
"chr5","4450554","4450867","chr16","8634399","8634709","38","4183845"
"chr5","4487844","4488141","chr11","46110133","46110427","44","41622289"
"chr5","4489737","4490042","chr13","32817425","32817728","38","28327688"
"chr5","4504100","4504305","chr1","4099269","4099482","38","404831"
"chr5","4519830","4520129","chr10","67405046","67405353","44","62885216"
"chr5","4521420","4521652","chrX","44321441","44321669","56","39800021"
"chr5","4529911","4530213","chr1","184288081","184288385","37","179758170"
"chr5","4534747","4535028","chrX","27848874","27849153","51","23314127"
"chr5","4553015","4553306","chr1","125312140","125312429","40","120759125"
"chr5","4562354","4562658","chr15","48284602","48284897","44","43722248"
"chr5","4565987","4566280","chr3","160772561","160772858","37","156206574"
"chr5","4568045","4568404","chr12","78661466","78661792","79","74093421"
"chr5","4627237","4627529","chr11","59744208","59744500","27","55116971"
"chr5","4689780","4690083","chr7","37449373","37449676","47","32759593"
"chr5","4789590","4789901","chr10","47089595","47089902","39","42300005"
"chr5","4807848","4808148","chr10","26504544","26504849","43","21696696"
"chr5","4874949","4875255","chr13","32817425","32817728","36","27942476"
"chr5","4878243","4878524","chr20","49701084","49701366","46","44822841"
"chr5","4882458","4882734","chr9","84466373","84466663","56","79583915"
"chr5","4886487","4886715","chr13","9951679","9951912","41","5065192"
"chr5","4892235","4892285","chr16","66606894","66606952","12","61714659"
"chr5","4899834","4900105","chr4","22785634","22785910","49","17885800"
"chr5","4966031","4966328","chr1","125312140","125312429","44","120346109"
"chr5","4968475","4968757","chr5","114121453","114121740","50","109152978"
"chr5","4977840","4978112","chr14","67997600","67997886","52","63019760"
"chr5","4982576","4982727","chr6","81296634","81296783","29","76314058"
"chr5","4984716","4985021","chrX","44962032","44962338","46","39977316"
"chr5","5010938","5011254","chr6","93473935","93474246","42","88462997"
"chr5","5029308","5029614","chr16","21958952","21959252","44","16929644"
"chr5","5043595","5043875","chr19","13590990","13591272","39","8547395"
"chr5","5049299","5049600","chr17","10691865","10692166","38","5642566"
"chr5","5079825","5080096","chr10","35780315","35780589","57","30700490"
"chr5","5112439","5112733","chr14","25551767","25552067","30","20439328"
"chr5","5113743","5114064","chr15","24747443","24747766","48","19633700"
"chr5","5118801","5119090","chr6","143561531","143561830","45","138442730"
"chr5","5159863","5160165","chr4","43897349","43897653","38","38737486"
"chr5","5189343","5189638","chr1","56207478","56207771","41","51018135"
"chr5","5192135","5192399","chrX","122712517","122712780","40","117520382"
"chr5","5197951","5198254","chr5","173702377","173702681","33","168504426"
"chr5","5242453","5242755","chr1","24094013","24094315","38","18851560"
"chr5","5251518","5251817","chrX","108065393","108065693","49","102813875"
"chr5","5280657","5280938","chr1","128202446","128202737","46","122921789"
"chr5","5295544","5295833","chr1","150396788","150397090","42","145101244"
"chr5","5365963","5366258","chr9","54404234","54404532","37","49038271"
"chr5","5377352","5377649","chr15","7561500","7561795","38","2184148"
"chr5","5403422","5403715","chr2","136790114","136790409","36","131386692"
"chr5","5422012","5422278","chr11","7911759","7912023","37","2489747"
"chr5","5429403","5429708","chr1","152625689","152625995","45","147196286"
"chr5","5547623","5547904","chr5","96598837","96599116","47","91051214"
"chr5","5548572","5548869","chr13","111049972","111050267","39","105501400"
"chr5","5560214","5560527","chrX","27758302","27758608","42","22198088"
"chr5","5575354","5575640","chrX","138328962","138329247","53","132753608"
"chr5","5580077","5580154","chr7","9086730","9086812","19","3506653"
"chr5","5605213","5605519","chr2","94218906","94219210","52","88613693"
"chr5","5626654","5626902","chr11","71045850","71046097","40","65419196"
"chr5","5630435","5630737","chr1","190824461","190824760","30","185194026"
"chr5","5650563","5650844","chr4","31083851","31084133","34","25433288"
"chr5","5670129","5670430","chr10","28184290","28184594","37","22514161"
"chr5","5677921","5678050","chr2","3265689","3265825","24","2412232"
"chr5","5678601","5678674","chr14","63821289","63821352","18","58142688"
"chr5","5690371","5690604","chr7","149648753","149648988","32","143958382"
"chr5","5695401","5695692","chr9","7025626","7025918","41","1330225"
"chr5","5696277","5696584","chr14","5934954","5935260","47","238677"
"chr5","5697553","5697856","chr1","20012770","20013073","37","14315217"
"chr5","5716263","5716529","chr19","7217532","7217800","98","1501269"
"chr5","5722973","5723083","chr7","120734073","120734177","26","115011100"
"chr5","5723390","5723414","chr3","44678625","44678636","15","38955235"
"chr5","5724257","5724430","chr2","186518455","186518632","31","180794198"
"chr5","5727518","5727828","chr7","134180480","134180790","56","128452962"
"chr5","5740615","5740928","chr13","61259817","61260123","49","55519202"
"chr5","5780376","5780653","chr19","14477659","14477939","45","8697283"
"chr5","5793044","5793339","chrX","108069512","108069807","43","102276468"
"chr5","5803060","5803355","chr3","160772561","160772858","38","154969501"
"chr5","5808877","5809178","chr19","3064712","3065012","35","2744165"
"chr5","5896860","5897167","chr1","129924466","129924761","61","124027606"
"chr5","6059488","6059769","chr4","117616854","117617134","39","111557366"
"chr5","6164662","6164949","chr1","57946363","57946656","42","51781701"
"chr5","6202813","6203123","chr1","113886598","113886907","40","107683785"
"chr5","6259258","6259558","chr7","37449373","37449676","39","31190115"
"chr5","6268830","6269109","chr5","162378514","162378792","48","156109684"
"chr5","6284107","6284407","chr13","59714691","59714991","44","53430584"
"chr5","6338423","6338730","chr18","51183412","51183721","38","44844989"
"chr5","6365768","6366071","chr10","85505123","85505424","51","79139355"
"chr5","6375730","6376035","chr10","33377964","33378271","44","27002234"
"chr5","6483106","6483412","chr5","32469834","32470141","38","25986728"
"chr5","6486657","6486948","chr4","34365154","34365445","33","27878497"
"chr5","6505774","6506085","chrX","93353646","93353951","45","86847872"
"chr5","6554984","6555278","chr7","90971726","90972022","35","84416742"
"chr5","6567968","6568090","chr4","18435484","18435590","24","11867516"
"chr5","6623939","6624152","chrX","44404357","44404557","41","37780418"
"chr5","6650690","6650808","chr3","15334660","15334776","22","8683970"
"chr5","6705237","6705420","chr2","186518455","186518632","36","179813218"
"chr5","6721087","6721388","chr7","16206849","16207148","40","9485762"
"chr5","6752340","6752555","chr1","7853206","7853431","43","1100866"
"chr5","6758655","6758901","chr16","40955770","40956015","35","34197115"
"chr5","6759207","6759364","chr20","59052808","59052967","21","52293601"
"chr5","6767049","6767364","chr14","97144510","97144821","44","90377461"
"chr5","6772141","6772447","chr15","94658662","94658971","38","87886521"
"chr5","6927271","6927527","chr5","90608237","90608485","45","83680966"
"chr5","6928622","6928908","chrX","44799525","44799819","40","37870903"
"chr5","6947115","6947410","chr2","184580196","184580486","40","177633081"
"chr5","6962048","6962347","chr6","124714488","124714790","32","117752440"
"chr5","7015348","7015642","chr11","48999226","48999522","40","41983878"
"chr5","7087997","7088311","chr3","116964086","116964394","46","109876089"
"chr5","7095936","7096245","chr10","47089595","47089902","38","39993659"
"chr5","7107176","7107470","chr11","59744208","59744500","30","52637032"
"chr5","7172007","7172312","chr6","143658894","143659197","44","136486887"
"chr5","7282682","7282982","chr1","20012770","20013073","46","12730088"
"chr5","7361168","7361461","chr6","124714488","124714790","39","117353320"
"chr5","7427835","7428121","chr9","37613139","37613425","39","30185304"
"chr5","7507313","7507599","chr16","23252894","23253181","35","15745581"
"chr5","7541535","7541844","chr2","104696785","104697093","43","97155250"
"chr5","7726574","7726872","chr10","16879064","16879363","42","9152490"
"chr5","7736044","7736333","chr3","10046397","10046685","55","2310353"
"chr5","7815144","7815445","chr4","21299526","21299828","44","13484382"
"chr5","7867129","7867421","chr3","48298408","48298697","41","40431279"
"chr5","7921708","7921998","chr9","7025626","7025918","34","896082"
"chr5","7980351","7980650","chr1","66971675","66971974","32","58991324"
"chr5","8011701","8012008","chr18","51183412","51183721","39","43171711"
"chr5","8039920","8040201","chr11","120216941","120217193","64","112177021"
"chr5","8058532","8058832","chr19","38513628","38513926","49","30455096"
"chr5","8074070","8074381","chr10","47089595","47089902","37","39015525"
"chr5","8075178","8075224","chr6","38024261","38024309","8","29949083"
"chr5","8091057","8091357","chr3","84693107","84693417","48","76602050"
"chr5","8118825","8119118","chr3","53222154","53222450","37","45103329"
"chr5","8135177","8135436","chr5","67309143","67309413","57","59173966"
"chr5","8147725","8148024","chr13","24815131","24815429","43","16667406"
"chr5","8207766","8208065","chr1","946135","946434","38","7261631"
"chr5","8233782","8234086","chr6","173068926","173069228","43","164835144"
"chr5","8319518","8319818","chr1","43639311","43639611","37","35319793"
"chr5","8333721","8333957","chr7","8539448","8539707","69","205727"
"chr5","8381832","8382144","chr1","7993999","7994304","39","387833"
"chr5","8383579","8383878","chr2","126433678","126433974","44","118050099"
"chr5","8440053","8440346","chr20","11238562","11238852","43","2798509"
"chr5","8552891","8553141","chr9","86410718","86410966","41","77857827"
"chr5","8571761","8572061","chr17","20945248","20945548","56","12373487"
"chr5","8580907","8581200","chr2","115894653","115894944","44","107313746"
"chr5","8593898","8594196","chr19","37295181","37295478","41","28701283"
"chr5","8594277","8594577","chr12","27592055","27592349","35","18997778"
"chr5","8616455","8616763","chrX","38891205","38891511","40","30274750"
"chr5","8634833","8635098","chr15","1488991","1489254","36","7145842"
"chr5","8635477","8635795","chr12","25823648","25823952","64","17188171"
"chr5","8666989","8667244","chr1","18086007","18086262","41","9419018"
"chr5","8689132","8689439","chr16","47080136","47080437","39","38391004"
"chr5","8708855","8709153","chr9","54404234","54404532","55","45695379"
"chr5","8728058","8728348","chr1","44950004","44950301","46","36221946"
"chr5","8758131","8758427","chr4","2534955","2535251","37","6223176"
"chr5","8777426","8777724","chr9","110366111","110366410","59","101588685"
"chr5","8778611","8778903","chr2","42614689","42614986","47","33836078"
"chr5","8838875","8839161","chr1","55214758","55215045","44","46375883"
"chr5","8840831","8841127","chr2","186451766","186452061","36","177610935"
"chr5","8846189","8846477","chr11","88966345","88966635","40","80120156"
"chr5","8847736","8847997","chr10","35841739","35841997","43","26994003"
"chr5","8859622","8859916","chr13","32817425","32817728","48","23957803"
"chr5","8861979","8862264","chr11","46124557","46124849","51","37262578"
"chr5","8929126","8929423","chr17","50740419","50740714","38","41811293"
"chr5","8932076","8932367","chr3","34016534","34016827","41","25084458"
"chr5","8970776","8971061","chr7","106626100","106626390","43","97655324"
"chr5","8996340","8996610","chr19","15854184","15854459","42","6857844"
"chr5","9001698","9001879","chr16","42753093","42753265","36","33751395"
"chr5","9107596","9107716","chr18","33375109","33375226","18","24267513"
"chr5","9107939","9108058","chr14","17517895","17518010","22","8409956"
"chr5","9109481","9109783","chr3","99184161","99184460","58","90074680"
"chr5","9142294","9142605","chr8","95962180","95962486","42","86819886"
"chr5","9144174","9144473","chr20","10958775","10959070","32","1814601"
"chr5","9157026","9157324","chr7","160252905","160253204","51","151095879"
"chr5","9186756","9187021","chrX","122712517","122712780","41","113525761"
"chr5","9231433","9231515","chr6","21477891","21477972","17","12246458"
"chr5","9231891","9232104","chrX","27900134","27900340","43","18668243"
"chr5","9252807","9253098","chr2","115894653","115894944","41","106641846"
"chr5","9255351","9255655","chr19","30423161","30423462","41","21167810"
"chr5","9274030","9274344","chr5","34541386","34541695","39","25267356"
"chr5","9275473","9275792","chrX","19437458","19437770","49","10161985"
"chr5","9299570","9299869","chr12","80362467","80362771","48","71062897"
"chr5","9382684","9382978","chrX","131253126","131253426","46","121870442"
"chr5","9385055","9385340","chr2","149808038","149808322","44","140422983"
"chr5","9459345","9459604","chr2","34315373","34315630","36","24856028"
"chr5","9481147","9481267","chr20","51495213","51495332","16","42014066"
"chr5","9481476","9481551","chr8","24285697","24285774","19","14804221"
"chr5","9518965","9519245","chr15","22561456","22561749","46","13042491"
"chr5","9536754","9537064","chr19","7733512","7733824","48","1803242"
"chr5","9546230","9546524","chr7","52736490","52736780","36","43190260"
"chr5","9586030","9586327","chr1","212690762","212691052","46","203104732"
"chr5","9657994","9658273","chr10","62315260","62315548","45","52657266"
"chr5","9663203","9663507","chrX","142505359","142505669","40","132842156"
"chr5","9663516","9663824","chrX","90798452","90798764","44","81134936"
"chr5","9664356","9664632","chr10","62613928","62614216","47","52949572"
"chr5","9668571","9668854","chr10","62315260","62315548","38","52646689"
"chr5","9719952","9720247","chr7","133510633","133510928","34","123790681"
"chr5","9722998","9723286","chr10","71196268","71196562","34","61473270"
"chr5","9724294","9724595","chrX","15713155","15713456","33","5988861"
"chr5","9778061","9778358","chr1","40659470","40659761","39","30881409"
"chr5","9783002","9783269","chr2","103785317","103785581","45","94002315"
"chr5","9805900","9806208","chr13","125134336","125134638","43","115328436"
"chr5","9807677","9807977","chr20","21076068","21076368","37","11268391"
"chr5","9812805","9813091","chr1","15150591","15150877","51","5337786"
"chr5","9842221","9842514","chr2","184580196","184580486","33","174737975"
"chr5","9858985","9859265","chr19","46800528","46800816","40","36941543"
"chr5","9943347","9943500","chr4","103459648","103459795","27","93516301"
"chr5","9944682","9944989","chr5","137146580","137146880","43","127201898"
"chr5","9945158","9945456","chr15","96770877","96771181","43","86825719"
"chr5","9948985","9949285","chr9","61900736","61901039","34","51951751"
"chr5","9971162","9971466","chr10","71767444","71767750","36","61796282"
"chr5","9976112","9976404","chr17","87565739","87566035","46","77589627"
"chr5","10019737","10020017","chr3","14371522","14371805","44","4351785"
"chr5","10029602","10029895","chrX","12740223","12740524","40","2710621"
"chr5","10032181","10032350","chr6","162120714","162120899","39","152088533"
"chr5","10032830","10033119","chrX","87140716","87140997","48","77107886"
"chr5","10036880","10037183","chr1","113917028","113917337","48","103880148"
"chr5","10042625","10042923","chr4","79217053","79217354","41","69174428"
"chr5","10055286","10055579","chr2","184494540","184494844","44","174439254"
"chr5","10154600","10154890","chrX","139283634","139283919","36","129129034"
"chr5","10224610","10224923","chr13","93168992","93169299","47","82944382"
"chr5","10250723","10251029","chr9","111691034","111691341","46","101440311"
"chr5","10393505","10393807","chr5","2577333","2577630","45","7816172"
"chr5","10441239","10441533","chr6","133004541","133004839","43","122563302"
"chr5","10475477","10475770","chr1","124250793","124251086","36","113775316"
"chr5","10494418","10494694","chr10","37529627","37529912","43","27035209"
"chr5","10536644","10536946","chr1","152528606","152528911","38","141991962"
"chr5","10592832","10593119","chr20","10958775","10959070","35","365943"
"chr5","10625909","10626189","chr3","13657117","13657396","39","3031208"
"chr5","10626817","10627117","chr10","17279417","17279720","42","6652600"
"chr5","10676198","10676487","chr7","101064413","101064711","58","90388215"
"chr5","10707447","10707743","chr3","33731910","33732211","39","23024463"
"chr5","10741874","10742174","chr6","143834762","143835068","46","133092888"
"chr5","10744020","10744291","chr2","48543356","48543628","48","37799336"
"chr5","10752151","10752332","chr13","63615611","63615789","32","52863460"
"chr5","10763495","10763806","chr3","42899950","42900256","43","32136455"
"chr5","10775727","10776040","chr1","123829563","123829868","41","113053836"
"chr5","10777822","10778118","chr4","103942747","103943051","44","93164925"
"chr5","10781969","10782265","chr1","52291560","52291858","42","41509591"
"chr5","10793099","10793335","chr5","100619906","100620147","39","89826807"
"chr5","10805244","10805539","chr4","31384902","31385196","38","20579658"
"chr5","10809067","10809215","chr6","118359953","118360098","22","107550886"
"chr5","10822798","10822977","chr16","68624822","68624983","39","57802024"
"chr5","10826049","10826350","chrX","21382000","21382304","39","10555951"
"chr5","10848084","10848377","chr13","68982542","68982833","40","58134458"
"chr5","10870529","10870822","chr7","116541236","116541527","38","105670707"
"chr5","10896090","10896371","chr16","70651394","70651678","54","59755304"
"chr5","10899998","10900280","chr19","7821204","7821487","41","3078794"
"chr5","10901943","10902237","chr2","71450909","71451205","31","60548966"
"chr5","10913187","10913491","chr1","124998618","124998915","36","114085431"
"chr5","10927264","10927557","chr6","146206774","146207067","39","135279510"
"chr5","11025302","11025596","chr10","27597202","27597502","39","16571900"
"chr5","11051601","11051901","chr8","91540919","91541218","33","80489318"
"chr5","11145152","11145445","chr10","23559809","23560103","38","12414657"
"chr5","11156799","11157101","chr1","13865146","13865450","31","2708347"
"chr5","11160904","11161204","chr15","104312349","104312651","44","93151445"
"chr5","11186589","11186888","chr16","21639667","21639964","29","10453078"
"chr5","11207158","11207387","chr1","159912954","159913180","35","148705796"
"chr5","11208738","11209034","chr13","73898921","73899213","47","62690183"
"chr5","11230210","11230481","chr3","178701270","178701546","79","167471060"
"chr5","11256518","11256809","chr11","69634429","69634716","39","58377911"
"chr5","11288720","11289023","chr13","32817425","32817728","36","21528705"
"chr5","11299156","11299197","chr5","34443585","34443617","11","23144429"
"chr5","11299537","11299669","chr8","51403248","51403379","25","40103711"
"chr5","11304330","11304628","chr10","13545220","13545515","38","2240890"
"chr5","11320773","11321069","chr4","25555537","25555833","44","14234764"
"chr5","11342322","11342615","chr2","33262645","33262946","48","21920323"
"chr5","11367741","11368049","chr1","41160582","41160892","46","29792841"
"chr5","11372526","11372713","chr6","162120714","162120899","32","150748188"
"chr5","11404591","11404891","chr16","21958952","21959252","37","10554361"
"chr5","11408113","11408408","chr8","102246628","102246931","49","90838515"
"chr5","11448817","11449113","chr7","155237414","155237714","45","143788597"
"chr5","11466045","11466340","chr4","111680762","111681055","43","100214717"
"chr5","11467326","11467620","chr15","38991290","38991585","37","27523964"
"chr5","11530831","11531119","chr4","109156693","109156986","45","97625862"
"chr5","11538086","11538390","chr13","32817425","32817728","32","21279339"
"chr5","11568818","11569108","chr15","39847712","39848003","50","28278894"
"chr5","11587912","11587997","chr7","9086730","9086812","12","2501182"
"chr5","11587998","11588264","chr9","20166452","20166727","50","8578454"
"chr5","11687734","11688036","chr6","124714488","124714790","33","113026754"
"chr5","11700683","11700934","chr1","157715263","157715514","39","146014580"
"chr5","11701927","11702234","chr4","14949121","14949425","38","3247194"
"chr5","11736349","11736640","chr2","42614689","42614986","46","30878340"
"chr5","11863567","11863867","chr2","46682521","46682821","38","34818954"
"chr5","11963344","11963648","chr18","12965449","12965751","38","1002105"
"chr5","12024363","12024578","chr6","101369939","101370158","35","89345576"
"chr5","12150565","12150873","chr6","73035365","73035668","41","60884800"
"chr5","12283399","12283703","chr1","219225924","219226223","45","206942525"
"chr5","12354508","12354784","chr1","23518652","23518919","46","11164144"
"chr5","12365522","12365613","chr3","150400681","150400772","13","138035159"
"chr5","12452896","12453144","chr1","16631898","16632152","56","4179002"
"chr5","12616656","12616952","chr3","103398952","103399243","45","90782296"
"chr5","12619757","12620026","chr3","105771797","105772067","58","93152040"
"chr5","12735027","12735328","chr9","25603269","25603573","35","12868242"
"chr5","12792580","12792864","chr12","63743778","63744078","44","50951198"
"chr5","12843507","12843799","chr8","25582102","25582396","31","12738595"
"chr5","12862812","12863098","chr20","2460044","2460327","50","10402768"
"chr5","12885832","12886138","chr6","157477970","157478279","34","144592138"
"chr5","12970306","12970601","chr9","79342653","79342946","37","66372347"
"chr5","12974646","12974944","chr10","70335100","70335400","34","57360454"
"chr5","13080566","13080877","chr12","64405958","64406270","54","51325392"
"chr5","13276038","13276208","chr6","32152353","32152518","28","18876315"
"chr5","13375283","13375571","chr16","3687263","3687550","37","9688020"
"chr5","13506413","13506705","chr9","14690494","14690788","36","1184081"
"chr5","13518310","13518450","chr4","18435769","18435906","29","4917459"
"chr5","13519199","13519355","chrX","25848795","25848947","20","12329596"
"chr5","13582674","13582964","chr6","57093643","57093937","42","43510969"
"chr5","13603606","13603904","chr17","83808601","83808892","52","70204995"
"chr5","13609789","13610078","chr10","63739291","63739578","36","50129502"
"chr5","13610980","13611218","chr1","14468200","14468440","35","857220"
"chr5","13861003","13861235","chr6","143514666","143514896","35","129653663"
"chr5","13871819","13872066","chr9","116735467","116735713","37","102863648"
"chr5","13992033","13992340","chr5","52291553","52291863","44","38299520"
"chr5","14064928","14065225","chr15","9873078","9873375","50","4191850"
"chr5","14115408","14115664","chr16","2148697","2148954","42","11966711"
"chr5","14155166","14155442","chr3","142471450","142471724","40","128316284"
"chr5","14214422","14214727","chrX","15713155","15713456","40","1498733"
"chr5","14220096","14220399","chr19","3064712","3065012","31","11155384"
"chr5","14248993","14249295","chr1","946135","946434","37","13302858"
"chr5","14254609","14254906","chr2","47452536","47452831","38","33197927"
"chr5","14276075","14276349","chr6","143287549","143287823","49","129011474"
"chr5","14379614","14379882","chr7","114849581","114849820","59","100469967"
"chr5","14397757","14398058","chr4","134157189","134157460","73","119759432"
"chr5","14431970","14432246","chrX","108338054","108338335","43","93906084"
"chr5","14512933","14513246","chr4","100335145","100335457","39","85822212"
"chr5","14539183","14539475","chr1","40137387","40137679","38","25598204"
"chr5","14549200","14549479","chr10","14082708","14082998","52","466492"
"chr5","14576578","14576870","chr1","219677924","219678213","45","205101346"
"chr5","14660871","14661187","chr4","3145119","3145426","37","11515752"
"chr5","14731828","14732125","chr4","31259177","31259468","51","16527349"
"chr5","14909817","14910052","chr7","93871767","93872001","43","78961950"
"chr5","14939236","14939407","chr10","6375060","6375233","30","8564176"
"chr5","15055573","15055871","chr10","36695300","36695594","38","21639727"
"chr5","15150515","15150809","chr2","101184261","101184554","55","86033746"
"chr5","15158437","15158716","chr3","43135407","43135692","50","27976970"
"chr5","15259103","15259400","chr8","99548469","99548767","39","84289366"
"chr5","15267901","15268180","chr4","37866301","37866583","44","22598400"
"chr5","15336453","15336747","JH682036","358126","358421","33","14978327"
"chr5","15351562","15351872","chr8","111500920","111501220","33","96149358"
"chr5","15538880","15539171","chr10","62315260","62315548","35","46776380"
"chr5","15598222","15598524","chr13","32817425","32817728","35","17219203"
"chr5","15621316","15621540","chr7","121329046","121329267","34","105707730"
"chr5","15927955","15928252","JH682036","358126","358421","33","15569829"
"chr5","15965827","15966119","chr1","94365322","94365615","31","78399495"
"chr5","15982803","15983097","chr1","152796524","152796818","48","136813721"
"chr5","15991395","15991704","chr10","46007696","46008002","44","30016301"
"chr5","16034430","16034736","chr1","20012770","20013073","40","3978340"
"chr5","16096483","16096777","chr8","90463712","90464008","38","74367229"
"chr5","16234198","16234505","chr13","32817425","32817728","35","16583227"
"chr5","16299254","16299555","chr4","14949121","14949425","53","1350133"
"chr5","16441323","16441620","chr9","15247736","15248032","39","1193587"
"chr5","16658450","16658743","chr1","45623411","45623699","39","28964961"
"chr5","16661639","16661942","chr16","59267602","59267895","60","42605963"
"chr5","16735920","16736212","chr6","128266238","128266531","40","111530318"
"chr5","16772594","16772900","chr10","67405046","67405353","40","50632452"
"chr5","16966540","16966646","chr17","9642303","9642407","10","7324237"
"chr5","17009433","17009742","chr1","7993999","7994304","35","9015434"
"chr5","17084828","17085100","chr11","47502132","47502410","44","30417304"
"chr5","17239635","17239857","chr7","116009929","116010144","54","98770294"
"chr5","17259394","17259482","chr1","207305653","207305745","17","190046259"
"chr5","17268402","17268695","chr14","50817121","50817406","45","33548719"
"chr5","17324215","17324487","chr9","33981991","33982274","46","16657776"
"chr5","17345602","17345737","chr18","24104552","24104687","10","6758950"
"chr5","17384134","17384435","chr1","20012770","20013073","38","2628636"
"chr5","17451278","17451576","chrX","21037301","21037595","40","3586023"
"chr5","17488565","17488856","chr4","69381243","69381542","48","51892678"
"chr5","17599617","17599909","chr2","135608752","135609046","43","118009135"
"chr5","17648209","17648501","chr8","22381843","22382135","31","4733634"
"chr5","17663404","17663702","chr15","90208474","90208772","31","72545070"
"chr5","18028432","18028662","chr10","76202595","76202819","38","58174163"
"chr5","18163023","18163326","chr10","82238305","82238605","46","64075282"
"chr5","18178685","18178988","chrX","107968837","107969145","48","89790152"
"chr5","18189136","18189435","chr15","9873078","9873375","42","8316058"
"chr5","18221505","18221758","chr5","133797177","133797424","33","115575672"
"chr5","18234017","18234313","chr7","90971726","90972022","46","72737709"
"chr5","18306389","18306680","chr11","59744208","59744500","33","41437819"
"chr5","18310743","18311027","chr14","15577285","15577579","36","2733458"
"chr5","18322333","18322638","chr13","32817425","32817728","36","14495092"
"chr5","18393021","18393296","chr1","12716391","12716670","36","5676630"
"chr5","18444275","18444571","chr8","36301779","36302076","37","17857504"
"chr5","18462942","18463138","chr10","79672783","79672981","37","61209841"
"chr5","18487211","18487458","chr10","35841739","35841997","57","17354528"
"chr5","18505558","18505849","chr5","52449180","52449473","44","33943622"
"chr5","18512135","18512350","chr13","71017466","71017686","45","52505331"
"chr5","18518507","18518783","chr14","21655489","21655772","52","3136982"
"chr5","18578729","18579038","chr19","3064712","3065012","51","15514017"
"chr5","18638241","18638539","chr4","130615568","130615870","46","111977327"
"chr5","18679876","18680183","chr1","20012770","20013073","39","1332894"
"chr5","18710233","18710543","chr1","7993999","7994304","38","10716234"
"chr5","18721400","18721698","chr6","67765709","67766011","37","49044309"
"chr5","18723789","18724000","chr1","9513726","9513939","30","9210063"
"chr5","18859768","18860056","chr20","1685141","1685428","28","17174627"
"chr5","18892785","18893077","chr1","94365322","94365615","37","75472537"
"chr5","18970447","18970742","chr1","125312140","125312429","38","106341693"
"chr5","19003710","19004005","chr3","38447004","38447303","38","19443294"
"chr5","19048353","19048648","chr16","18796729","18797022","35","251624"
"chr5","19139336","19139630","chr15","9765968","9766261","40","9373368"
"chr5","19178752","19179037","chr4","13663992","13664285","40","5514760"
"chr5","19189973","19190275","chr14","21158129","21158427","42","1968156"
"chr5","19195737","19195854","chr19","44352064","44352192","25","25156327"
"chr5","19196105","19196282","chr10","6375060","6375233","32","12821045"
"chr5","19208453","19208778","chr14","109223857","109224178","50","90015404"
"chr5","19216163","19216457","chr6","168849558","168849851","38","149633395"
"chr5","19258811","19259106","chr14","5197108","5197407","39","14061703"
"chr5","19275254","19275535","chr13","107989665","107989947","37","88714411"
"chr5","19281467","19281775","chr20","3848746","3849050","44","15432721"
"chr5","19329167","19329472","chr3","124597695","124597995","37","105268528"
"chr5","19397362","19397665","chr13","57089110","57089410","34","37691748"
"chr5","19409602","19409896","chr16","11126268","11126568","37","8283334"
"chr5","19454604","19454917","chrX","106635471","106635777","49","87180867"
"chr5","19471516","19471712","chr10","61676965","61677152","38","42205449"
"chr5","19480955","19481085","chr15","38116603","38116732","19","18635648"
"chr5","19536005","19536268","chrX","58120629","58120892","35","38584624"
"chr5","19554776","19555082","chr15","96588502","96588809","32","77033726"
"chr5","19567972","19568259","chr14","21655489","21655772","55","2087517"
"chr5","19587849","19588111","chr4","79455473","79455733","40","59867624"
"chr5","19611207","19611514","chr9","25603269","25603573","36","5992062"
"chr5","19651876","19652186","chr3","98185465","98185772","40","78533589"
"chr5","19658138","19658433","chr7","58737729","58738027","36","39079591"
"chr5","19701646","19701943","chr11","59744208","59744500","33","40042562"
"chr5","19742167","19742300","chr13","43588935","43589068","17","23846768"
"chr5","19889738","19890002","chr9","24560211","24560475","34","4670473"
"chr5","19943612","19943907","chr2","99912559","99912856","43","79968947"
"chr5","20028231","20028524","chr2","126433678","126433974","40","106405447"
"chr5","20072480","20072772","chr20","4922509","4922797","41","15149971"
"chr5","20078089","20078387","chr10","46007696","46008002","40","25929607"
"chr5","20109053","20109364","chr13","32817425","32817728","40","12708372"
"chr5","20183849","20184147","chr3","110049029","110049327","32","89865180"
"chr5","20213077","20213373","chr2","163396132","163396420","46","143183055"
"chr5","20217781","20218078","chr3","44998366","44998666","39","24780585"
"chr5","20230985","20231278","chr1","124250793","124251086","44","104019808"
"chr5","20282487","20282784","chr2","184580196","184580486","46","164297709"
"chr5","20400197","20400503","chr10","33030101","33030407","46","12629904"
"chr5","20449823","20450109","chr9","12389230","12389523","47","8060593"
"chr5","20467061","20467352","chr18","63173671","63173960","43","42706610"
"chr5","20483118","20483409","chr10","20861365","20861656","39","378247"
"chr5","20534084","20534379","chr11","48999226","48999522","47","28465142"
"chr5","20553250","20553482","chr6","125155662","125155895","36","104602412"
"chr5","20639862","20640159","chr3","176862289","176862581","43","156222427"
"chr5","20659927","20660222","chrX","20992308","20992606","41","332381"
"chr5","20692034","20692322","chr7","133065043","133065330","34","112373009"
"chr5","20722394","20722700","chr14","5934954","5935260","35","14787440"
"chr5","20740188","20740487","chr1","11912016","11912323","36","8828172"
"chr5","20831089","20831416","chr9","111101900","111102231","43","90270811"
"chr5","20885393","20885701","chr6","67765709","67766011","42","46880316"
"chr5","20895961","20896268","chr17","8929510","8929818","46","11966451"
"chr5","20941487","20941790","chr5","76012602","76012900","38","55071115"
"chr5","21009808","21010111","chr1","29380917","29381213","51","8371109"
"chr5","21042469","21042635","chr10","48227937","48228104","30","27185468"
"chr5","21055101","21055377","chr9","84610245","84610514","41","63555144"
"chr5","21159086","21159371","chr1","207393339","207393628","38","186234253"
"chr5","21174482","21174767","chr11","59744208","59744500","39","38569726"
"chr5","21251088","21251378","chr4","29662805","29663098","42","8411717"
"chr5","21263950","21264233","chr17","6617949","6618237","41","14646001"
"chr5","21281211","21281500","chr7","133065043","133065330","40","111783832"
"chr5","21327411","21327702","chr12","65329997","65330287","42","44002586"
"chr5","21432118","21432415","chr4","31017666","31017967","35","9585548"
"chr5","21566723","21567000","chr8","26747262","26747531","47","5180539"
"chr5","21633530","21633750","chr2","163237861","163238061","52","141604331"
"chr5","21656764","21657083","chrX","17430672","17430990","43","4226092"
"chr5","21679849","21680142","chr19","3064712","3065012","35","18615137"
"chr5","21743750","21744055","chr7","13474578","13474886","33","8269172"
"chr5","21783408","21783719","chr5","162378514","162378792","74","140595106"
"chr5","21820546","21820639","chr1","207305653","207305745","12","185485107"
"chr5","21850559","21850785","chr11","43896322","43896565","48","22045763"
"chr5","21914197","21914492","chr1","94365322","94365615","35","72451125"
"chr5","21995880","21996140","chr8","63379831","63380091","35","41383951"
"chr5","22016579","22016861","chr7","26788468","26788751","41","4771889"
"chr5","22021738","22022035","chr5","34488672","34488979","54","12466934"
"chr5","22170163","22170419","chr3","43954983","43955246","42","21784820"
"chr5","22178546","22178833","chr3","44490997","44491287","41","22312451"
"chr5","22185719","22185968","chr20","46484406","46484655","37","24298687"
"chr5","22324975","22325267","chr20","54767706","54767999","32","32442731"
"chr5","22367182","22367478","chr4","132287893","132288193","47","109920711"
"chr5","22389103","22389398","chr7","117030480","117030769","41","94641377"
"chr5","22494923","22495226","chr1","163969411","163969716","34","141474488"
"chr5","22668667","22668874","chr20","49267706","49267913","37","26599039"
"chr5","23042286","23042583","chr7","37381596","37381892","34","14339310"
"chr5","23136439","23136728","chr9","57023538","57023829","34","33887099"
"chr5","23141710","23142019","chrX","122386027","122386337","49","99244317"
"chr5","23178443","23178709","chr6","158948598","158948869","51","135770155"
"chr5","23178711","23178789","chr4","101499283","101499363","13","78320572"
"chr5","23192389","23192476","chr11","92902026","92902118","22","69709637"
"chr5","23202685","23202982","chr20","13516848","13517143","40","9685837"
"chr5","23316353","23316652","chr16","11126268","11126568","38","12190085"
"chr5","23321341","23321648","chr11","49265130","49265433","46","25943789"
"chr5","23369292","23369584","chrX","38693016","38693309","48","15323724"
"chr5","23422798","23423090","chr11","59744208","59744500","35","36321410"
"chr5","23515062","23515363","chr8","25582102","25582396","37","2067040"
"chr5","23522685","23522969","chr1","163039410","163039702","45","139516725"
"chr5","23531167","23531466","chr15","9873078","9873375","41","13658089"
"chr5","23574736","23574997","chr1","190360719","190360980","36","166785983"
"chr5","23588847","23589143","chr11","132200050","132200346","49","108611203"
"chr5","23608131","23608436","chr9","19850832","19851138","51","3757299"
"chr5","23649351","23649577","chr15","29611756","29611978","31","5962405"
"chr5","23683984","23684248","chr4","9971616","9971881","37","13712368"
"chr5","23696830","23697118","chr10","50882347","50882624","41","27185517"
"chr5","23710569","23710869","chr15","78953274","78953566","44","55242705"
"chr5","23715985","23716120","chr11","56765243","56765376","18","33049258"
"chr5","23716165","23716327","chr6","166559338","166559503","23","142843173"
"chr5","23738306","23738603","chr4","31017666","31017967","35","7279360"
"chr5","23763380","23763681","chr14","98318663","98318962","39","74555283"
"chr5","23807416","23807712","chr4","83157617","83157912","39","59350201"
"chr5","23859339","23859638","chr6","65924754","65925047","43","42065415"
"chr5","23941908","23942197","chr5","100102913","100103204","46","76161005"
"chr5","23973060","23973349","chr11","50333257","50333544","46","26360197"
"chr5","23979076","23979372","chr10","23559809","23560103","46","419267"
"chr5","24074321","24074626","chr10","47089595","47089902","46","23015274"
"chr5","24093834","24094126","chr10","18415650","18415939","36","5678184"
"chr5","24102352","24102649","chr11","59744208","59744500","28","35641856"
"chr5","24118478","24118603","chr10","62559066","62559182","30","38440588"
"chr5","24119256","24119547","chr11","104048482","104048778","49","79929226"
"chr5","24180477","24180772","chr5","26070798","26071096","39","1890321"
"chr5","24243216","24243523","chr7","37449373","37449676","44","13206157"
"chr5","24556260","24556568","chr17","78189511","78189816","40","53633251"
"chr5","24625467","24625774","chr13","43327633","43327946","52","18702166"
"chr5","24689094","24689408","chr16","54321303","54321613","51","29632209"
"chr5","24692525","24692818","chr2","154517673","154517962","43","129825148"
"chr5","24767053","24767168","chr7","110125456","110125571","15","85358403"
"chr5","24780022","24780305","chr20","17479050","17479338","39","7300972"
"chr5","24849232","24849528","chr8","25582102","25582396","33","732870"
"chr5","25038968","25039278","chr7","50677801","50678115","41","25638833"
"chr5","25238116","25238417","chr13","32817425","32817728","28","7579309"
"chr5","25294583","25294897","chr11","97834556","97834875","40","72539973"
"chr5","25332125","25332410","chr6","171557754","171558039","38","146225629"
"chr5","25545275","25545564","chr18","31946413","31946703","38","6401138"
"chr5","25569356","25569667","chr4","14949121","14949425","36","10620235"
"chr5","25596744","25596975","chr7","121329046","121329267","31","95732302"
"chr5","25675641","25675881","chr1","14468200","14468440","38","11207441"
"chr5","25728280","25728583","chr2","102989050","102989349","46","77260770"
"chr5","25739076","25739371","chr13","26909490","26909799","56","1170414"
"chr5","25804957","25805250","chr1","129199003","129199293","44","103394046"
"chr5","25808225","25808509","chr2","160248637","160248921","37","134440412"
"chr5","25878517","25878817","chr14","63676889","63677191","33","37798372"
"chr5","25959589","25959891","chr9","54884686","54884993","41","28925097"
"chr5","26000826","26001096","chr1","47037653","47037936","56","21036827"
"chr5","26034919","26035229","chr2","144423348","144423659","43","118388429"
"chr5","26054878","26055152","chr13","1738760","1739040","53","24316118"
"chr5","26177638","26177739","chr3","160368626","160368728","9","134190988"
"chr5","26243024","26243318","chr11","47924958","47925256","39","21681934"
"chr5","26317200","26317506","chr1","128155382","128155688","37","101838182"
"chr5","26364913","26365029","chr7","110125456","110125571","16","83760543"
"chr5","26441971","26442273","chr1","219468398","219468698","30","193026427"
"chr5","26461433","26461688","chrX","122712517","122712780","63","96251084"
"chr5","26462437","26462745","chr13","23862573","23862883","48","2599864"
"chr5","26483715","26484023","chr9","3805446","3805756","43","22678269"
"chr5","26505980","26506273","chr8","25582102","25582396","31","923878"
"chr5","26511236","26511530","chr11","59744208","59744500","31","33232972"
"chr5","26524648","26524804","chrX","25848795","25848947","23","675853"
"chr5","26785319","26785532","chr4","158526667","158526889","51","131741348"
"chr5","26792309","26792614","chr6","128110448","128110754","37","101318139"
"chr5","26883043","26883344","chrX","44962032","44962338","48","18078989"
"chr5","26953521","26953814","chr16","19463053","19463352","44","7490468"
"chr5","27017556","27017860","chr13","72001886","72002186","41","44984330"
"chr5","27167023","27167343","chr1","185101023","185101330","56","157934000"
"chr5","27284305","27284561","chr7","65273986","65274248","41","37989681"
"chr5","27289124","27289401","chr20","9200047","9200333","47","18089077"
"chr5","27312235","27312529","chr9","7025626","7025918","35","20286609"
"chr5","27316648","27316934","chr2","85831524","85831810","41","58514876"
"chr5","27341247","27341509","chr6","170528956","170529215","39","143187709"
"chr5","27411943","27412246","chr13","32817425","32817728","30","5405482"
"chr5","27495156","27495461","chr2","46682521","46682821","35","19187365"
"chr5","27524356","27524650","chr11","59744208","59744500","34","32219852"
"chr5","27703914","27704211","chr19","3064712","3065012","31","24639202"
"chr5","27955277","27955569","chr1","206447940","206448229","36","178492663"
"chr5","28031700","28032002","chr13","29692303","29692611","56","1660603"
"chr5","28148492","28148757","chr19","28826996","28827265","50","678504"
"chr5","28154071","28154356","chr15","74462624","74462912","46","46308553"
"chr5","28232975","28233109","chr1","129498511","129498647","15","101265536"
"chr5","28269523","28269808","chr1","42476755","42477044","37","14207232"
"chr5","28349936","28350231","chr11","59744208","59744500","27","31394272"
"chr5","28438491","28438788","chr6","110915539","110915839","42","82477048"
"chr5","28462930","28463226","chr10","55423800","55424084","51","26960870"
"chr5","28907728","28908015","chr1","28118329","28118620","44","789399"
"chr5","28966496","28966793","chr1","206447940","206448229","38","177481444"
"chr5","29029853","29030151","chrX","15713155","15713456","35","13316698"
"chr5","29071948","29072246","chr5","2577333","2577630","38","26494615"
"chr5","29072754","29073057","chr3","34969388","34969689","42","5896634"
"chr5","29115904","29116215","chr6","93473935","93474246","47","64358031"
"chr5","29145159","29145436","chr11","7911759","7912023","48","21233400"
"chr5","29172784","29173047","chrX","42950998","42951258","42","13778214"
"chr5","29180384","29180676","chr9","79342653","79342946","38","50162269"
"chr5","29206474","29206771","chr11","128077739","128078039","39","98871265"
"chr5","29379199","29379499","chr16","50298577","50298876","45","20919378"
"chr5","29587240","29587477","chrX","97752458","97752692","38","68165218"
"chr5","29667057","29667370","chr16","64691221","64691537","47","35024164"
"chr5","29668649","29668942","JH682036","358126","358421","33","29310523"
"chr5","29759964","29760215","chr19","32703204","32703447","47","2943240"
"chr5","29861680","29861977","chr16","69034579","69034877","43","39172899"
"chr5","30083184","30083483","chr7","9043063","9043359","52","21040121"
"chr5","30087837","30087981","chr16","7910692","7910837","16","22177145"
"chr5","30117784","30118067","chr6","164734182","164734462","44","134616398"
"chr5","30440314","30440620","chr4","56503347","56503657","35","26063033"
"chr5","30462236","30462532","chr11","59744208","59744500","36","29281972"
"chr5","30601741","30602038","chr3","45626371","45626668","33","15024630"
"chr5","30675409","30675703","chr11","59744208","59744500","31","29068799"
"chr5","30733525","30733763","chr10","56671204","56671448","37","25937679"
"chr5","30776561","30776850","chr7","58261873","58262160","41","27485312"
"chr5","30780272","30780582","chr11","36769212","36769521","47","5988940"
"chr5","30815889","30816182","chr9","84365169","84365461","45","53549280"
"chr5","30817880","30818138","chr2","25492368","25492634","40","5325512"
"chr5","30824268","30824560","chr11","111593205","111593495","43","80768937"
"chr5","30824576","30824871","chr8","99548469","99548767","40","68723893"
"chr5","30848303","30848604","chr1","946135","946434","39","29902168"
"chr5","30889487","30889796","chr19","38513628","38513926","54","7624141"
"chr5","30949891","30950177","chr6","135557319","135557608","38","104607428"
"chr5","30985221","30985525","chr7","26393548","26393855","36","4591673"
"chr5","30993828","30994126","chr7","90971726","90972022","46","59977898"
"chr5","31051787","31052099","chr20","51687068","51687378","41","20635281"
"chr5","31106894","31107207","chr11","39454827","39455131","47","8347933"
"chr5","31122867","31123151","chr7","117030480","117030769","46","85907613"
"chr5","31160403","31160682","chr9","84372000","84372280","42","53211597"
"chr5","31164893","31165192","chr17","12226558","12226855","40","18938335"
"chr5","31175949","31176233","chr10","30085573","30085855","44","1090376"
"chr5","31182807","31183101","chr11","59744208","59744500","31","28561401"
"chr5","31192686","31192994","chr20","9711981","9712286","40","21480705"
"chr5","31194043","31194263","chr6","124012894","124013127","44","92818851"
"chr5","31227572","31227861","chr7","117030480","117030769","37","85802908"
"chr5","31235565","31235847","chr3","63144094","63144379","39","31908529"
"chr5","31309883","31310192","chr6","162160403","162160715","42","130850520"
"chr5","31351076","31351385","chrX","45626684","45626995","33","14275608"
"chr5","31355396","31355697","chr10","26800974","26801277","35","4554422"
"chr5","31370174","31370491","chr9","60825092","60825400","48","29454918"
"chr5","31461330","31461633","chr2","144423348","144423659","50","112962018"
"chr5","31517859","31518153","chr5","71604977","71605269","50","40087118"
"chr5","31546589","31546888","chr3","98190129","98190426","37","66643540"
"chr5","31562288","31562578","chr1","19736141","19736436","40","11826147"
"chr5","31600827","31601094","chrX","50511140","50511404","55","18910313"
"chr5","31646524","31646827","chr8","25582102","25582396","52","6064422"
"chr5","31649384","31649698","chr13","61132328","61132637","40","29482944"
"chr5","31660609","31660909","chr2","55819634","55819932","35","24159025"
"chr5","31678034","31678321","chr15","31297636","31297924","37","380398"
"chr5","31679121","31679398","chrX","45685008","45685285","47","14005887"
"chr5","31768316","31768510","chr3","38604566","38604772","35","6836250"
"chr5","31831762","31832060","chr5","32347507","32347802","41","515745"
"chr5","31865600","31865864","chr10","26328387","26328644","31","5537213"
"chr5","31868554","31868855","chr4","69425921","69426221","38","37557367"
"chr5","31893957","31894233","chr2","154517673","154517962","48","122623716"
"chr5","31927865","31928158","chr7","17403617","17403911","44","14524248"
"chr5","31935789","31936092","chr1","185101023","185101330","46","153165234"
"chr5","31937873","31938139","chr2","88612634","88612907","50","56674761"
"chr5","31968996","31969305","chr10","47658303","47658606","43","15689307"
"chr5","31970401","31970675","chr4","131374689","131374976","42","99404288"
"chr5","31980576","31980882","chrX","122210526","122210830","47","90229950"
"chr5","31988627","31988929","chr15","103362570","103362871","30","71373943"
"chr5","32042649","32042946","chr4","2892469","2892769","51","29150180"
"chr5","32295384","32295670","chr2","149808038","149808322","45","117512654"
"chr5","32344147","32344428","chr7","111089387","111089666","40","78745240"
"chr5","32381457","32381758","chr1","124561171","124561469","47","92179714"
"chr5","32387586","32387899","chr13","32817425","32817728","37","429839"
"chr5","32391404","32391700","chr13","99722238","99722539","36","67330834"
"chr5","32393059","32393372","chr3","12603123","12603437","40","19789936"
"chr5","32402275","32402572","chrX","44799525","44799819","41","12397250"
"chr5","32435113","32435425","chrX","91154394","91154706","46","58719281"
"chr5","32440730","32441025","chr4","115966284","115966577","47","83525554"
"chr5","32444335","32444622","JH679691","247633","247916","70","32196702"
"chr5","32449140","32449336","chr3","38604566","38604772","58","6155426"
"chr5","32451016","32451325","chr19","29192715","29193022","52","3258301"
"chr5","32467055","32467366","chr10","67405046","67405353","35","34937991"
"chr5","32467959","32468092","chr4","103459648","103459795","21","70991689"
"chr5","32521188","32521470","chr11","66922986","66923269","39","34401798"
"chr5","32548448","32548709","chr10","25655388","25655639","51","6893060"
"chr5","32638177","32638470","chr12","54524749","54525044","40","21886572"
"chr5","32688264","32688542","chr13","101919472","101919753","42","69231208"
"chr5","32751942","32752249","chr18","50068641","50068944","37","17316699"
"chr5","32758141","32758318","JH681279","333","503","35","32757808"
"chr5","32758993","32759278","chr16","50677381","50677664","51","17918388"
"chr5","32772587","32772725","chr1","197772553","197772689","16","164999966"
"chr5","32800313","32800621","chr6","38696885","38697197","47","5896572"
"chr5","32827443","32827552","chr1","219334604","219334715","19","186507161"
"chr5","32842368","32842660","chr3","170786663","170786956","39","137944295"
"chr5","32872099","32872369","chr5","60258096","60258388","49","27385997"
"chr5","32873541","32873836","chr1","67368758","67369056","40","34495217"
"chr5","32891783","32892082","chrX","123457402","123457697","30","90565619"
"chr5","32934416","32934702","chr4","31365826","31366117","44","1568590"
"chr5","32951565","32951860","chr4","23536564","23536839","75","9415001"
"chr5","32996110","32996402","chr16","1419036","1419322","40","31577074"
"chr5","33017499","33017755","chr11","59745076","59745331","37","26727577"
"chr5","33088420","33088718","chr6","66149192","66149494","42","33060772"
"chr5","33283161","33283456","chr7","70273788","70274086","42","36990627"
"chr5","33375571","33375857","chr2","38884008","38884302","42","5508437"
"chr5","33457612","33457916","chrX","19170165","19170464","42","14287447"
"chr5","33560888","33561187","chr2","46682521","46682821","40","13121633"
"chr5","33568151","33568432","chr1","30080248","30080540","46","3487903"
"chr5","33682796","33683062","chr4","36743938","36744205","40","3061142"
"chr5","33732318","33732612","chr8","91437935","91438229","43","57705617"
"chr5","33733229","33733523","chr8","91437935","91438229","43","57704706"
"chr5","33903703","33904009","chr13","32817425","32817728","35","1086278"
"chr5","34080473","34080755","chr9","7025626","7025918","48","27054847"
"chr5","34088746","34088852","chr14","89113866","89113972","13","55025120"
"chr5","34380517","34380821","chr19","3378015","3378307","52","31002502"
"chr5","34385502","34385792","chr9","79342653","79342946","47","44957151"
"chr5","34427281","34427381","chr10","79957137","79957242","16","45529856"
"chr5","34427653","34427842","chr11","47791902","47792085","42","13364249"
"chr5","34430982","34431248","chr14","55623733","55623997","56","21192751"
"chr5","34453676","34454001","chr4","56503347","56503657","54","22049671"
"chr5","34653863","34654166","chr8","62689911","62690209","44","28036048"
"chr5","34847293","34847584","chr1","138489921","138490215","37","103642628"
"chr5","34908235","34908523","chr2","68809203","68809491","40","33900968"
"chr5","34974491","34974780","chr1","57946363","57946656","37","22971872"
"chr5","35003922","35004227","chr6","127514364","127514674","44","92510442"
"chr5","35021804","35022091","chr5","162378514","162378792","44","127356710"
"chr5","35060973","35061260","chr14","111877236","111877529","46","76816263"
"chr5","35145962","35146094","chr7","158155171","158155302","17","123009209"
"chr5","35147278","35147570","chr7","39676459","39676752","39","4529181"
"chr5","35213273","35213570","chr7","148791264","148791574","45","113577991"
"chr5","35213947","35214240","chr13","32817425","32817728","38","2396522"
"chr5","35267877","35268221","chr9","40193577","40193915","75","4925700"
"chr5","35300281","35300580","chr19","38513628","38513926","39","3213347"
"chr5","35345187","35345435","chr13","125572433","125572680","38","90227246"
"chr5","35369237","35369510","chr9","95365024","95365299","35","59995787"
"chr5","35390829","35391140","chr13","43982662","43982972","59","8591833"
"chr5","35479140","35479411","chr2","165757823","165758089","47","130278683"
"chr5","35501315","35501614","chr12","93924525","93924827","43","58423210"
"chr5","35580595","35580885","chr1","57946363","57946656","46","22365768"
"chr5","35642753","35643066","chr5","81950527","81950835","41","46307774"
"chr5","35656520","35656816","chr3","1418846","1419139","48","34237674"
"chr5","35676672","35676974","chr10","22586665","22586964","31","13090007"
"chr5","35730150","35730453","chr13","107030178","107030478","30","71300028"
"chr5","35823764","35823881","chr4","56640019","56640134","14","20816255"
"chr5","35966022","35966077","chr6","89953631","89953688","9","53987609"
"chr5","35966082","35966346","chrX","88088678","88088937","39","52122596"
"chr5","36000001","36000250","chr9","61384587","61384831","44","25384586"
"chr5","36083293","36083597","chr8","13291395","13291693","60","22791898"
"chr5","36247029","36247327","chr15","39862913","39863221","51","3615884"
"chr5","36255830","36256104","chr8","116551719","116551997","48","80295889"
"chr5","36322942","36323059","chr6","6230666","6230778","18","30092276"
"chr5","36431810","36431889","chr13","103188987","103189073","13","66757177"
"chr5","36461586","36461885","chr3","164913166","164913461","51","128451580"
"chr5","36506876","36507175","chr9","60542130","60542432","48","24035254"
"chr5","36529686","36529979","chr11","95813247","95813542","42","59283561"
"chr5","36563333","36563623","chr3","14371522","14371805","44","22191811"
"chr5","36569516","36569729","chr1","9513726","9513939","32","27055790"
"chr5","36569991","36570214","chr5","89625548","89625767","30","53055557"
"chr5","36622838","36623119","chr12","19288008","19288295","43","17334830"
"chr5","36777913","36778194","chr10","69580792","69581075","37","32802879"
"chr5","36793334","36793609","chr1","67286924","67287193","57","30493590"
"chr5","36900365","36900655","chr8","25582102","25582396","38","11318263"
"chr5","36912487","36912785","chr9","34536315","34536608","47","2376172"
"chr5","36920337","36920643","chr15","35614695","35615000","37","1305642"
"chr5","36942425","36942527","chr9","104090880","104090989","16","67148455"
"chr5","36967247","36967512","chr3","80828318","80828580","42","43861071"
"chr5","36996727","36997036","chr17","2325742","2326048","40","34670985"
"chr5","37050807","37051114","chr19","24212554","24212862","32","12838253"
"chr5","37087831","37088138","chr13","32817425","32817728","35","4270406"
"chr5","37194633","37194933","chr19","3064712","3065012","42","34129921"
"chr5","37215347","37215639","chrX","112314689","112314977","32","75099342"
"chr5","37223627","37223932","chrX","44962032","44962338","46","7738405"
"chr5","37257037","37257329","chr13","24508987","24509277","40","12748050"
"chr5","37273303","37273586","chr7","38372929","38373220","40","1099626"
"chr5","37369449","37369775","chr10","20974789","20975113","42","16394660"
"chr5","37387012","37387317","chr15","70442845","70443150","49","33055833"
"chr5","37409937","37410232","chr1","124250793","124251086","43","86840856"
"chr5","37441575","37441861","chr18","48465782","48466081","48","11024207"
"chr5","37480127","37480404","chr1","124250793","124251086","43","86770666"
"chr5","37503160","37503459","chr10","66278890","66279197","46","28775730"
"chr5","37506268","37506563","chr1","66971675","66971974","41","29465407"
"chr5","37530298","37530598","chr15","7561500","7561795","43","29968798"
"chr5","37559942","37560250","chr2","50899131","50899433","41","13339189"
"chr5","37568218","37568509","chr11","59744208","59744500","33","22175990"
"chr5","37574520","37574815","chr6","150107195","150107503","55","112532675"
"chr5","37575969","37576267","chr16","63276450","63276738","46","25700481"
"chr5","37584011","37584254","chr5","133797177","133797424","37","96213166"
"chr5","37585054","37585321","chr10","37627251","37627528","54","42197"
"chr5","37595948","37596252","chr14","63716116","63716415","46","26120168"
"chr5","37613879","37614186","chr12","64068852","64069156","35","26454973"
"chr5","37699247","37699546","chrX","22614567","22614866","43","15084680"
"chr5","37708368","37708668","chr5","157499561","157499861","49","119791193"
"chr5","37734276","37734560","chr10","4792335","4792610","47","32941941"
"chr5","37755715","37756006","chr6","120689604","120689900","42","82933889"
"chr5","37760585","37760884","chr15","7511435","7511732","35","30249150"
"chr5","37764347","37764480","chr15","585477","585608","27","37178870"
"chr5","37764934","37765069","chr13","43588935","43589068","23","5824001"
"chr5","37766426","37766728","chr13","32817425","32817728","33","4949001"
"chr5","37779754","37780044","chr9","14690494","14690788","42","23089260"
"chr5","37786898","37787186","chr20","4346618","4346904","48","33440280"
"chr5","37793202","37793475","chr3","27153425","27153701","62","10639777"
"chr5","37849508","37849789","chr2","154517673","154517962","53","116668165"
"chr5","37857839","37858131","chr16","2690755","2691046","33","35167084"
"chr5","37889852","37890135","chr6","165329904","165330188","38","127440052"
"chr5","37923745","37924052","chr9","37949992","37950301","39","26247"
"chr5","37956561","37956850","chr11","29875176","29875465","44","8081385"
"chr5","37979925","37980228","chr11","57311918","57312214","39","19331993"
"chr5","38038659","38038940","chr10","37627251","37627528","34","411408"
"chr5","38044353","38044645","chr10","32514528","32514825","40","5529825"
"chr5","38197900","38198194","chr9","11924703","11924994","36","26273197"
"chr5","38242816","38243119","chr1","7993999","7994304","38","30248817"
"chr5","38267354","38267668","chr7","108666092","108666400","42","70398738"
"chr5","38353610","38353909","chr14","110732544","110732843","36","72378934"
"chr5","38360647","38360941","chr7","117030480","117030769","44","78669833"
"chr5","38365145","38365453","chr2","77335609","77335918","40","38970464"
"chr5","38385916","38386216","chr19","3064712","3065012","36","35321204"
"chr5","38398529","38398811","chr6","36755187","36755470","46","1643342"
"chr5","38406274","38406521","chr6","143514666","143514896","54","105108392"
"chr5","38411922","38412213","chr16","9432797","9433079","57","28979125"
"chr5","38425116","38425278","chr2","97087214","97087378","25","58662098"
"chr5","38433588","38433889","chr11","47924958","47925256","35","9491370"
"chr5","38478157","38478451","chr9","45934293","45934601","53","7456136"
"chr5","38505122","38505296","chr19","30999378","30999547","26","7505744"
"chr5","38565862","38566155","chr9","108574972","108575264","46","70009110"
"chr5","38588761","38589067","chr10","46007696","46008002","54","7418935"
"chr5","38601308","38601627","chr18","39066869","39067188","49","465561"
"chr5","38605452","38605667","chr1","9513726","9513939","31","29091726"
"chr5","38612973","38613272","chr19","3064712","3065012","43","35548261"
"chr5","38621067","38621375","chr14","98318663","98318962","34","59697596"
"chr5","38624618","38624919","chr10","46007696","46008002","46","7383078"
"chr5","38633313","38633563","chr11","43896322","43896565","59","5263009"
"chr5","38665168","38665456","chr4","160599897","160600192","43","121934729"
"chr5","38666765","38667010","chr6","74752628","74752876","40","36085863"
"chr5","38685281","38685556","chrX","38603483","38603760","34","81798"
"chr5","38688894","38689175","chr10","30085573","30085855","34","8603321"
"chr5","38775203","38775473","chr7","59484844","59485107","53","20709641"
"chr5","38785630","38785932","chr1","7993999","7994304","34","30791631"
"chr5","38852410","38852691","chr8","122637963","122638251","40","83785553"
"chr5","38864463","38864742","chr8","6420607","6420883","55","32443856"
"chr5","38872366","38872511","chr11","121717039","121717180","20","82844673"
"chr5","38873578","38873889","chr3","34969388","34969689","48","3904190"
"chr5","38985765","38986061","chr1","123790962","123791258","37","84805197"
"chr5","39018557","39018857","chr3","34969388","34969689","37","4049169"
"chr5","39022304","39022440","chr18","24104552","24104687","22","14917752"
"chr5","39035009","39035315","chr7","67558873","67559178","39","28523864"
"chr5","39040208","39040501","chr11","59744208","59744500","28","20704000"
"chr5","39041562","39041844","chr10","19348593","19348881","39","19692969"
"chr5","39064846","39065090","chr2","99632317","99632577","55","60567471"
"chr5","39076811","39077105","chrX","90854802","90855099","37","51777991"
"chr5","39471399","39471523","chr16","69974379","69974504","17","30502980"
"chr5","39563971","39564266","chrX","118508904","118509203","42","78944933"
"chr5","39639425","39639713","chr8","118421988","118422286","40","78782563"
"chr5","39658571","39658805","chr16","40076793","40077035","52","418222"
"chr5","39718706","39718987","chr2","77287115","77287395","33","37568409"
"chr5","39725364","39725643","chr2","77287115","77287395","37","37561751"
"chr5","39784441","39784733","chr4","103422957","103423247","37","63638516"
"chr5","39799014","39799308","chr7","18741876","18742175","37","21057138"
"chr5","39809919","39810124","chr18","15685553","15685754","27","24124366"
"chr5","39820278","39820558","chr3","146493499","146493779","38","106673221"
"chr5","39822904","39823191","chr3","133866579","133866872","41","94043675"
"chr5","39828042","39828344","chr6","65513331","65513633","34","25685289"
"chr5","39837965","39838272","chr13","69700961","69701271","46","29862996"
"chr5","39871409","39871705","chr3","69228301","69228608","49","29356892"
"chr5","39872042","39872317","chr9","61231894","61232168","49","21359852"
"chr5","39874728","39875030","chr13","62991818","62992120","35","23117090"
"chr5","39907277","39907546","chr14","85601211","85601476","44","45693934"
"chr5","39951660","39951942","chr2","100059763","100060040","41","60108103"
"chr5","39968890","39969184","chr4","10828530","10828827","37","29140360"
"chr5","39973541","39973845","chr3","133866579","133866872","31","93893038"
"chr5","39979623","39979931","chr11","114432168","114432478","38","74452545"
"chr5","40028001","40028310","chr14","96547675","96547981","38","56519674"
"chr5","40044166","40044305","chr9","66645114","66645250","17","26600948"
"chr5","40044951","40045237","chr14","111869477","111869767","45","71824526"
"chr5","40047345","40047637","chr15","7561500","7561795","40","32485845"
"chr5","40052402","40052533","chr7","158155171","158155302","21","118102769"
"chr5","40095749","40095851","chr17","1344981","1345088","16","38750768"
"chr5","40103150","40103454","chr16","40188940","40189243","43","85790"
"chr5","40152724","40153026","chr13","28311307","28311612","43","11841417"
"chr5","40269742","40270055","chr4","131628783","131629094","47","91359041"
"chr5","40372205","40372496","chr1","45623411","45623699","40","5251206"
"chr5","40421664","40421972","chr12","92121220","92121529","40","51699556"
"chr5","40446531","40446825","chr10","17900466","17900767","38","22546065"
"chr5","40458125","40458430","chr7","13474578","13474886","42","26983547"
"chr5","40473403","40473704","chr3","34969388","34969689","45","5504015"
"chr5","40615295","40615560","chr15","9295989","9296251","41","31319306"
"chr5","40732441","40732730","chr2","72702249","72702540","34","31969808"
"chr5","40742936","40743230","chr5","117132026","117132307","59","76389090"
"chr5","40771073","40771354","chr11","109305457","109305739","48","68534384"
"chr5","40852345","40852639","chr1","94365322","94365615","35","53512977"
"chr5","40921567","40921858","chr1","27475449","27475738","53","13446118"
"chr5","40943055","40943367","chr4","14949121","14949425","53","25993934"
"chr5","41048863","41049163","chr5","166973789","166974095","39","125924926"
"chr5","41061227","41061527","chr1","178700095","178700390","46","137638868"
"chr5","41121384","41121665","chr16","3687263","3687550","41","37434121"
"chr5","41132956","41133255","chr1","67368758","67369056","42","26235802"
"chr5","41141303","41141600","chr7","151681977","151682272","45","110540674"
"chr5","41146433","41146729","chr1","144610509","144610802","47","103464076"
"chr5","41156796","41157086","chr15","68455886","68456181","36","27299090"
"chr5","41183228","41183524","chr1","86062869","86063177","47","44879641"
"chr5","41196833","41197134","chr15","59448252","59448548","48","18251419"
"chr5","41209827","41210127","chr1","105973248","105973548","36","64763421"
"chr5","41219236","41219307","chr16","48597933","48598008","19","7378697"
"chr5","41224257","41224553","chr1","130649516","130649818","41","89425259"
"chr5","41286339","41286646","chr1","11700834","11701140","33","29585505"
"chr5","41288832","41289113","chr10","69580792","69581075","37","28291960"
"chr5","41311939","41312219","chr6","173651187","173651465","43","132339248"
"chr5","41328632","41328935","chr10","29691322","29691619","36","11637310"
"chr5","41329670","41329969","chr16","15788944","15789248","50","25540726"
"chr5","41336074","41336373","chr1","44463448","44463743","53","3127374"
"chr5","41389938","41390237","chr16","21958952","21959252","38","19430986"
"chr5","41438365","41438661","chr1","124250793","124251086","42","82812428"
"chr5","41455265","41455492","chr3","66372752","66372986","40","24917487"
"chr5","41458302","41458591","chr3","46165413","46165699","49","4707111"
"chr5","41469097","41469198","chr10","44664463","44664565","13","3195366"
"chr5","41512093","41512397","chr11","10098018","10098319","32","31414075"
"chr5","41512737","41512996","chr1","129416815","129417073","57","87904078"
"chr5","41560121","41560414","chr3","46165413","46165699","40","4605292"
"chr5","41577430","41577720","chr10","62315260","62315548","34","20737830"
"chr5","41584968","41585044","chr9","99777183","99777260","16","58192215"
"chr5","41615742","41616048","chr2","185282534","185282837","47","143666792"
"chr5","41632627","41632923","chr20","32556971","32557267","34","9075656"
"chr5","41635669","41635976","chr8","31425380","31425680","48","10210289"
"chr5","41636607","41636908","chr20","39866933","39867229","41","1769674"
"chr5","41652300","41652610","chr10","16646913","16647222","41","25005387"
"chr5","41667694","41667982","chr10","16630964","16631256","42","25036730"
"chr5","41671096","41671395","chr2","187111797","187112101","49","145440701"
"chr5","41675509","41675742","chr11","55467235","55467457","54","13791726"
"chr5","41694745","41695054","chr8","134559715","134560014","64","92864970"
"chr5","41709851","41710131","chr9","33071522","33071797","52","8638329"
"chr5","41712596","41712757","chr8","110756774","110756940","29","69044178"
"chr5","41736077","41736155","chr4","20162471","20162552","10","21573606"
"chr5","41795649","41795950","chr19","45107811","45108107","39","3312162"
"chr5","41835367","41835666","chr19","30423161","30423462","39","11412206"
"chr5","41847966","41848261","chr11","46110133","46110427","40","4262167"
"chr5","41890581","41890879","chr1","53988770","53989067","39","12098189"
"chr5","41906188","41906489","chr9","89169355","89169655","36","47263167"
"chr5","42020320","42020451","chr1","141345002","141345130","18","99324682"
"chr5","42169010","42169318","chr20","9920744","9921054","35","32248266"
"chr5","42251094","42251395","chr6","143561531","143561830","44","101310437"
"chr5","42260173","42260466","chrX","12231162","12231460","40","30029011"
"chr5","42367150","42367452","chr13","32325637","32325935","35","10041513"
"chr5","42589007","42589295","chr5","162478601","162478895","42","119889594"
"chr5","42798589","42798894","chr1","3276074","3276382","45","39522515"
"chr5","42908307","42908613","chr13","125134336","125134638","49","82226029"
"chr5","42909079","42909381","chr10","15325102","15325413","49","27583977"
"chr5","42911659","42911970","chr20","66890566","66890872","44","23978907"
"chr5","42933872","42934187","chr5","46340312","46340632","48","3406440"
"chr5","42964657","42964950","chrX","68232208","68232502","35","25267551"
"chr5","42995040","42995306","chr1","41172748","41173008","59","1822292"
"chr5","43025189","43025266","chr16","48597933","48598008","18","5572744"
"chr5","43043458","43043573","chr10","70871244","70871358","29","27827786"
"chr5","43043868","43044040","chr4","42468336","42468506","30","575532"
"chr5","43058755","43059016","chr1","41172748","41173008","45","1886007"
"chr5","43075809","43076070","chr14","108589973","108590234","54","65514164"
"chr5","43081702","43081989","chr11","59744208","59744500","39","16662506"
"chr5","43089391","43089698","chr11","92858728","92859029","59","49769337"
"chr5","43094270","43094579","chrX","45906257","45906558","51","2811987"
"chr5","43133356","43133615","chr3","1997406","1997669","55","41135950"
"chr5","43145603","43145895","chr4","83157617","83157912","48","40012014"
"chr5","43170113","43170385","chr2","72796544","72796817","66","29626431"
"chr5","43217233","43217527","chr2","147922950","147923243","44","104705717"
"chr5","43219097","43219382","chr5","174278831","174279121","41","131059734"
"chr5","43219390","43219692","chr15","29361425","29361726","43","13857965"
"chr5","43234169","43234386","chr13","7850027","7850241","31","35384142"
"chr5","43234834","43235125","chr4","31083851","31084133","41","12150983"
"chr5","43238151","43238453","chr16","55230657","55230945","61","11992506"
"chr5","43254648","43254963","chr5","81950527","81950835","42","38695879"
"chr5","43275543","43275840","chr11","39454827","39455131","39","3820716"
"chr5","43290405","43290662","chrX","88088678","88088937","32","44798273"
"chr5","43295775","43296074","chr4","10828530","10828827","39","32467245"
"chr5","43313080","43313375","chr7","14430611","14430904","32","28882469"
"chr5","43315294","43315604","chrX","45626684","45626995","35","2311390"
"chr5","43339999","43340296","chr2","130844115","130844422","49","87504116"
"chr5","43346619","43346905","chr16","51527447","51527750","41","8180828"
"chr5","43393147","43393444","chr3","35657443","35657739","37","7735704"
"chr5","43395541","43395833","chr14","103204261","103204555","36","59808720"
"chr5","43411161","43411475","chr5","89929633","89929935","49","46518472"
"chr5","43420397","43420689","chr5","162378514","162378792","52","118958117"
"chr5","43452578","43452867","chr7","72707693","72707981","31","29255115"
"chr5","43512716","43513000","chr19","645039","645323","46","42867677"
"chr5","43523645","43523939","chr5","71231339","71231632","65","27707694"
"chr5","43536236","43536388","chr3","82623499","82623631","34","39087263"
"chr5","43540662","43540970","chr17","10114847","10115143","58","33425815"
"chr5","43579436","43579563","chr3","7261956","7262082","16","36317480"
"chr5","43595285","43595568","chr4","105579082","105579368","42","61983797"
"chr5","43596274","43596578","chr11","6516544","6516842","39","37079730"
"chr5","43597754","43598065","chr20","49204767","49205074","50","5607013"
"chr5","43599015","43599302","chr6","124714488","124714790","49","81115473"
"chr5","43607610","43607907","chr7","116541236","116541527","37","72933626"
"chr5","43616614","43616891","chr1","140006771","140007063","52","96390157"
"chr5","43633081","43633353","chr10","25924241","25924498","57","17708840"
"chr5","43640052","43640334","chrX","21016038","21016321","40","22624014"
"chr5","43647490","43647787","chr2","55010925","55011223","44","11363435"
"chr5","43658607","43658866","chr3","175969820","175970081","43","132311213"
"chr5","43676743","43677024","chr2","184580196","184580486","52","140903453"
"chr5","43682731","43683014","chr9","37613139","37613425","39","6069592"
"chr5","43690442","43690760","chrX","93353646","93353951","45","49663204"
"chr5","43772479","43772771","chr19","38323949","38324240","47","5448530"
"chr5","43778310","43778588","chr18","8977532","8977813","33","34800778"
"chr5","43800448","43800728","chr10","14279590","14279883","54","29520858"
"chr5","43817297","43817590","chr10","24839603","24839899","40","18977694"
"chr5","43822261","43822553","chr16","9266215","9266512","38","34556046"
"chr5","43896342","43896632","chr4","33663349","33663650","40","10232993"
"chr5","43920369","43920633","chr6","52055223","52055480","45","8134854"
"chr5","44002401","44002705","chr5","171657301","171657602","35","127654900"
"chr5","44030132","44030459","chr10","41589770","41590090","69","2440362"
"chr5","44053015","44053315","chr1","178931782","178932092","48","134878767"
"chr5","44065049","44065294","chr14","14265647","14265901","48","29799402"
"chr5","44104875","44105187","chr5","32469834","32470141","45","11635041"
"chr5","44132304","44132601","chr13","88408385","88408682","40","44276081"
"chr5","44257997","44258306","chr10","71328198","71328500","50","27070201"
"chr5","44262149","44262451","chr2","82586920","82587221","38","38324771"
"chr5","44271607","44271881","chr18","12832661","12832936","39","31438946"
"chr5","44354530","44354833","chr1","1866324","1866628","47","42488206"
"chr5","44383975","44384273","chrX","108069512","108069807","38","63685537"
"chr5","44384561","44384841","chr1","22629555","22629833","36","21755006"
"chr5","44392060","44392364","chr1","128155382","128155688","38","83763322"
"chr5","44404362","44404666","chr4","125474689","125474994","45","81070327"
"chr5","44475294","44475408","chr15","6817254","6817367","23","37658040"
"chr5","44477199","44477441","chr11","110847057","110847312","46","66369858"
"chr5","44513391","44513675","chr16","1419036","1419322","38","43094355"
"chr5","44532902","44533194","chr1","30080248","30080540","40","14452654"
"chr5","44545861","44546161","chrX","108417930","108418234","38","63872069"
"chr5","44561820","44562103","chr2","149808038","149808322","42","105246218"
"chr5","44574924","44575230","chr1","114716826","114717136","41","70141902"
"chr5","44582644","44582938","chr1","65662451","65662746","38","21079807"
"chr5","44584467","44584603","chr9","94901539","94901674","18","50317072"
"chr5","44585364","44585471","chrX","39939386","39939502","26","4645978"
"chr5","44588979","44589258","chr4","117616854","117617134","45","73027875"
"chr5","44597478","44597782","chr9","7025626","7025918","51","37571852"
"chr5","44600201","44600539","chr10","26964725","26965055","85","17635476"
"chr5","44608712","44609003","chr11","12230284","12230579","37","32378428"
"chr5","44629000","44629311","chr11","82935154","82935461","42","38306154"
"chr5","44682164","44682453","chr10","13545220","13545515","43","31136944"
"chr5","44689785","44690091","chrX","38891205","38891511","41","5798580"
"chr5","44694160","44694437","chr15","31074424","31074695","48","13619736"
"chr5","44696479","44696795","chr13","84107890","84108205","45","39411411"
"chr5","44713396","44713666","chr3","160601395","160601671","36","115887999"
"chr5","44718870","44719162","chr7","90971726","90972022","44","46252856"
"chr5","44729351","44729652","chr4","160599897","160600192","40","115870546"
"chr5","44829340","44829633","chr6","52480201","52480494","36","7650861"
"chr5","44832976","44833275","chr4","69347489","69347789","44","24514513"
"chr5","44835925","44836211","chr1","188695917","188696206","42","143859992"
"chr5","44869881","44870184","chr14","5934954","5935260","35","38934927"
"chr5","44892661","44892959","chr10","13207087","13207388","57","31685574"
"chr5","44895939","44896223","chr5","79158515","79158797","34","34262576"
"chr5","44896966","44897273","chr15","21520161","21520467","41","23376805"
"chr5","44906778","44907073","chr1","129877213","129877510","38","84970435"
"chr5","44934738","44935017","chr20","57463773","57464064","50","12529035"
"chr5","44966734","44967024","chr19","15097509","15097804","30","29869225"
"chr5","44971214","44971519","chrX","107968837","107969145","38","62997623"
"chr5","45011674","45011950","chr11","47502132","47502410","36","2490458"
"chr5","45039239","45039532","chr1","45623411","45623699","39","584172"
"chr5","45136861","45137139","chr5","141340524","141340814","50","96203663"
"chr5","45148220","45148489","chr10","7552442","7552706","51","37595778"
"chr5","45204022","45204323","chr5","111972616","111972918","50","66768594"
"chr5","45264853","45265160","chr7","79688233","79688542","39","34423380"
"chr5","45384052","45384344","chr3","10144361","10144653","37","35239691"
"chr5","45386854","45387133","chr6","14908506","14908785","45","30478348"
"chr5","45417220","45417508","chr20","25630985","25631275","40","19786235"
"chr5","45417693","45417959","chr6","161525268","161525536","36","116107575"
"chr5","45486545","45486834","chr3","13489445","13489734","36","31997100"
"chr5","45492178","45492470","chr10","34153051","34153344","48","11339127"
"chr5","45504630","45504738","chr1","139339815","139339911","34","93835185"
"chr5","45505002","45505083","chr13","103188987","103189073","14","57683985"
"chr5","45568884","45569177","chr1","127833040","127833336","36","82264156"
"chr5","45579213","45579505","chr7","17403617","17403911","42","28175596"
"chr5","45579756","45580055","chr13","42798368","42798666","34","2781388"
"chr5","45583911","45584193","chr10","12554162","12554449","41","33029749"
"chr5","45612564","45612741","chr15","42790613","42790798","39","2821951"
"chr5","45630854","45631172","chr2","156807836","156808149","53","111176982"
"chr5","45637947","45638242","chr8","50148245","50148535","44","4510298"
"chr5","45654237","45654523","chr3","134867637","134867930","42","89213400"
"chr5","45666553","45666843","chr13","68982542","68982833","35","23315989"
"chr5","45669018","45669285","chr20","12337704","12337979","45","33331314"
"chr5","45675522","45675821","chr1","42116494","42116795","44","3559028"
"chr5","45685425","45685724","chr14","63385367","63385659","53","17699942"
"chr5","45718562","45718848","chr10","46598202","46598490","47","879640"
"chr5","45738218","45738507","chr19","12882026","12882311","67","32856192"
"chr5","45764570","45764892","chr10","69915137","69915467","80","24150567"
"chr5","45764944","45765235","chr9","7025626","7025918","30","38739318"
"chr5","45825657","45825967","chr13","62636440","62636740","51","16810783"
"chr5","45838823","45839128","chr10","46007696","46008002","38","168873"
"chr5","45852040","45852337","chr3","10482926","10483222","47","35369114"
"chr5","45853706","45854007","chr4","112317198","112317500","44","66463492"
"chr5","45861322","45861620","chr2","101001011","101001311","44","55139689"
"chr5","45871022","45871109","chr14","31980171","31980258","17","13890851"
"chr5","45901076","45901358","chr12","23113369","23113655","43","22787707"
"chr5","45904298","45904599","chr16","19097444","19097742","44","26806854"
"chr5","45905866","45905985","chr7","148603228","148603359","31","102697362"
"chr5","45906139","45906353","chr5","89625548","89625767","33","43719409"
"chr5","45906903","45907029","chr10","79547082","79547211","18","33640179"
"chr5","45909670","45909979","chr19","25833738","25834053","48","20075932"
"chr5","45912078","45912352","chr2","135177745","135178021","49","89265667"
"chr5","45913859","45914148","chr4","7347107","7347397","45","38566752"
"chr5","45919435","45919732","chr18","47330497","47330793","45","1411062"
"chr5","45931622","45931921","chr4","2534955","2535251","34","43396667"
"chr5","45942187","45942482","chr13","107292591","107292884","30","61350404"
"chr5","45943611","45943910","chr11","111645299","111645599","32","65701688"
"chr5","45957002","45957300","chr7","42322916","42323215","41","3634086"
"chr5","45962448","45962730","chr7","133065043","133065330","36","87102595"
"chr5","45967594","45967676","chr16","39383102","39383185","12","6584492"
"chr5","45968191","45968416","chr1","160159276","160159496","33","114191085"
"chr5","46006827","46006985","chr6","168710657","168710821","19","122703830"
"chr5","46028326","46028636","chrX","45626684","45626995","40","401642"
"chr5","46061046","46061331","chr11","116479271","116479560","43","70418225"
"chr5","46091542","46091842","chr1","20012770","20013073","33","26078772"
"chr5","46112231","46112539","chr5","175774127","175774427","51","129661896"
"chr5","46146249","46146373","chr15","48428738","48428859","17","2282489"
"chr5","46250027","46250326","chr3","178463842","178464137","35","132213815"
"chr5","46396992","46397291","chr10","11737336","11737632","41","34659656"
"chr5","46465684","46466004","chr12","65809378","65809687","47","19343694"
"chr5","46536280","46536556","chr19","6248231","6248507","39","40288049"
"chr5","46616115","46616424","chr7","77417664","77417971","64","30801549"
"chr5","46811601","46811901","chr2","97063173","97063484","45","50251572"
"chr5","46922087","46922374","chr4","110946344","110946633","46","64024257"
"chr5","47397195","47397504","chr4","112817335","112817642","33","65420140"
"chr5","47411664","47411954","chr19","38513628","38513926","47","8898036"
"chr5","47446756","47447056","chr2","55819634","55819932","39","8372878"
"chr5","47520539","47520847","chr15","101571554","101571858","41","54051015"
"chr5","47526361","47526674","chr14","20866195","20866516","56","26660166"
"chr5","47528711","47528950","chr3","121231389","121231617","42","73702678"
"chr5","47544539","47544838","chr3","98190129","98190426","36","50645590"
"chr5","47549035","47549264","chr6","125155662","125155895","36","77606627"
"chr5","47566199","47566508","chr2","176865440","176865747","35","129299241"
"chr5","47569496","47569758","chr7","80887200","80887469","38","33317704"
"chr5","47576158","47576455","chr8","91540919","91541218","35","43964761"
"chr5","47586492","47586798","chr6","113414976","113415281","42","65828484"
"chr5","47589829","47590122","chrX","118633250","118633547","59","71043421"
"chr5","47603835","47604108","chr5","162378514","162378792","41","114774679"
"chr5","47630989","47631209","chr16","39597539","39597764","32","8033450"
"chr5","47637709","47638003","chr5","71880391","71880690","39","24242682"
"chr5","47651469","47651758","chr14","111869477","111869767","40","64218008"
"chr5","47660946","47661249","chr13","26909490","26909799","46","20751456"
"chr5","47680583","47680880","chr2","147922950","147923243","38","100242367"
"chr5","47698609","47698923","chr13","14952441","14952747","40","32746168"
"chr5","47700373","47700657","chr3","39004203","39004485","37","8696170"
"chr5","47704949","47705135","chr5","75812262","75812450","34","28107313"
"chr5","47705798","47705914","chr14","17517895","17518010","17","30187903"
"chr5","47709047","47709349","chr1","62441529","62441830","45","14732482"
"chr5","47715753","47716053","chr7","16206849","16207148","45","31508904"
"chr5","47721748","47722039","chr3","36848916","36849214","38","10872832"
"chr5","47732586","47732896","chr1","134086312","134086610","52","86353726"
"chr5","47740163","47740471","chr4","3145119","3145426","39","44595044"
"chr5","47751695","47751970","chr15","26878649","26878926","34","20873046"
"chr5","47769836","47770130","chr11","48999226","48999522","32","1229390"
"chr5","47780822","47781127","chr13","32817425","32817728","37","14963397"
"chr5","47834900","47835202","chr11","59744208","59744500","36","11909308"
"chr5","47874315","47874600","chrX","96252990","96253282","43","48378675"
"chr5","48178116","48178417","chr3","17627009","17627312","40","30551107"
"chr5","48388181","48388488","chrX","782229","782525","71","47605952"
"chr5","48422392","48422444","chr4","3829536","3829587","6","44592856"
"chr5","48422446","48422656","chr2","89593102","89593311","29","41170656"
"chr5","48430134","48430440","chr13","25298591","25298897","39","23131543"
"chr5","48434490","48434811","chr1","125442020","125442335","56","77007530"
"chr5","48462181","48462466","chr1","124250793","124251086","48","75788612"
"chr5","48465675","48465986","chr13","42173855","42174167","39","6291820"
"chr5","48530659","48530950","chr9","7025626","7025918","28","41505033"
"chr5","48536761","48537061","chr1","13865146","13865450","41","34671615"
"chr5","48548544","48548857","chr10","85325628","85325934","44","36777084"
"chr5","48588365","48588653","chr10","62315260","62315548","39","13726895"
"chr5","48591739","48592040","chr19","12557275","12557573","41","36034464"
"chr5","48602030","48602328","chr16","13554140","13554436","40","35047890"
"chr5","48703460","48703768","chr1","128155382","128155688","27","79451922"
"chr5","48897309","48897592","chr1","127633571","127633851","54","78736262"
"chr5","48913327","48913527","chr20","19297264","19297468","54","29616063"
"chr5","49041216","49041495","chr20","49701084","49701366","35","659868"
"chr5","49115025","49115308","chr16","63276450","63276738","39","14161425"
"chr5","49135452","49135607","chr16","28665139","28665295","29","20470313"
"chr5","49182218","49182515","chr13","23501079","23501388","44","25681139"
"chr5","49494163","49494462","chr6","83013953","83014251","48","33519790"
"chr5","49628650","49628945","chr6","151368944","151369238","36","101740294"
"chr5","49637356","49637658","chr4","13002327","13002618","53","36635029"
"chr5","49675708","49675989","chr6","135655274","135655568","40","85979566"
"chr5","49719085","49719374","chr17","23202455","23202744","39","26516630"
"chr5","49762650","49762930","chr9","11725191","11725472","35","38037459"
"chr5","50119214","50119544","chrX","50739827","50740141","63","620613"
"chr5","50126920","50127205","chr19","27133425","27133720","42","22993495"
"chr5","50437474","50437621","chr7","31081463","31081612","30","19356011"
"chr5","50452183","50452479","chr17","30611756","30612052","43","19840427"
"chr5","50472059","50472343","chr11","101209765","101210048","36","50737706"
"chr5","50552519","50552808","chr7","133065043","133065330","27","82512524"
"chr5","50555587","50555871","chr9","30302448","30302737","40","20253139"
"chr5","50590041","50590342","chrX","91292457","91292757","38","40702416"
"chr5","50595394","50595678","chr5","71706863","71707155","41","21111469"
"chr5","50596659","50596782","chr6","136071853","136071978","26","85475194"
"chr5","50597974","50598270","chr4","138375049","138375346","49","87777075"
"chr5","50613663","50613961","chr15","35190462","35190761","42","15423201"
"chr5","50620186","50620461","chrX","22096869","22097140","49","28523317"
"chr5","50640514","50640815","chr4","69425921","69426221","43","18785407"
"chr5","50678675","50678957","chr7","132975622","132975901","45","82296947"
"chr5","50684968","50685269","chr12","70142058","70142350","41","19457090"
"chr5","50749824","50750127","chr5","89929633","89929935","33","39179809"
"chr5","50753996","50754302","chr3","34969388","34969689","39","15784608"
"chr5","50816164","50816467","chr1","195161491","195161794","41","144345327"
"chr5","50817516","50817816","chrX","6292568","6292871","42","44524948"
"chr5","50872148","50872431","chr6","171557754","171558039","44","120685606"
"chr5","50889183","50889464","chr9","40820473","40820753","39","10068710"
"chr5","50913276","50913526","chr13","24533468","24533712","36","26379808"
"chr5","50914182","50914250","chr4","24383112","24383183","16","26531070"
"chr5","50967481","50967698","chr13","7850027","7850241","29","43117454"
"chr5","50968796","50969074","chr15","2641152","2641417","35","48327644"
"chr5","50994131","50994442","chr4","25316173","25316478","39","25677958"
"chr5","51081687","51081981","chr6","50786627","50786920","41","295060"
"chr5","51166804","51167086","chr10","27509342","27509618","51","23657462"
"chr5","51274022","51274310","chr17","86188673","86188966","36","34914651"
"chr5","51284093","51284397","chr9","25603269","25603573","37","25680824"
"chr5","51307498","51307758","chr20","113019","113276","46","51194479"
"chr5","51318785","51319070","chr4","107911095","107911379","42","56592310"
"chr5","51320417","51320711","chr16","18796729","18797022","32","32523688"
"chr5","51447672","51447977","chr13","125137337","125137644","36","73689665"
"chr5","51528591","51528893","chr3","171382925","171383221","42","119854334"
"chr5","51625709","51625984","chr5","158892033","158892319","37","107266324"
"chr5","51778863","51779169","chr19","14076239","14076542","41","37702624"
"chr5","51882351","51882649","chr4","33663349","33663650","30","18219002"
"chr5","51902213","51902503","chr7","133065043","133065330","32","81162830"
"chr5","52040301","52040590","chr10","6226429","6226719","45","45813872"
"chr5","52113361","52113662","chr6","124714488","124714790","42","72601127"
"chr5","52131829","52132125","chr16","40645513","40645807","45","11486316"
"chr5","52289824","52290148","chr13","43327633","43327946","58","8962191"
"chr5","52302986","52303272","chr6","91581047","91581336","41","39278061"
"chr5","52326730","52326978","chr4","124024667","124024910","52","71697937"
"chr5","52351776","52352072","chr3","38447004","38447303","35","13904772"
"chr5","52397689","52397999","chr15","84668435","84668743","39","32270746"
"chr5","52513424","52513720","chr1","29380917","29381213","38","23132507"
"chr5","52670403","52670671","chr9","124881966","124882242","42","72211563"
"chr5","52676071","52676352","chr5","141228596","141228872","39","88552525"
"chr5","52743745","52744025","chr15","83740001","83740291","45","30996256"
"chr5","52747910","52748203","chr2","94343271","94343561","36","41595361"
"chr5","52855361","52855640","chr2","38888499","38888782","36","13966862"
"chr5","52868984","52869310","chr19","16616273","16616597","41","36252711"
"chr5","52904586","52904878","chr6","132771815","132772114","45","79867229"
"chr5","52974712","52974999","chr9","34818668","34818959","48","18156044"
"chr5","53005866","53006152","chr7","50088085","50088380","41","2917781"
"chr5","53015356","53015599","chr1","14468200","14468440","47","38547156"
"chr5","53498282","53498544","chr2","49059917","49060182","42","4438365"
"chr5","53534695","53534994","chr15","76508645","76508945","37","22973950"
"chr5","53538510","53538848","chr14","115498753","115499071","69","61960243"
"chr5","53546770","53547072","chr19","12557275","12557573","42","40989495"
"chr5","53552545","53552860","chr10","26504544","26504849","42","27048001"
"chr5","53978225","53978513","chr1","45623411","45623699","35","8354814"
"chr5","54211548","54211823","chr15","21464395","21464674","43","32747153"
"chr5","54313824","54314098","chr10","35053601","35053885","56","19260223"
"chr5","54333725","54334024","chr6","75014960","75015252","57","20681235"
"chr5","54706434","54706716","chr16","3779527","3779821","56","50926907"
"chr5","54707310","54707583","chr2","101934667","101934948","44","47227357"
"chr5","54712090","54712373","chr10","62315260","62315548","50","7603170"
"chr5","54742229","54742524","chr3","169681448","169681744","49","114939219"
"chr5","54871916","54872159","chr5","35289040","35289286","39","19582876"
"chr5","55055607","55055907","chr12","20710479","20710784","49","34345128"
"chr5","55409640","55409933","chr7","116541236","116541527","35","61131596"
"chr5","55514555","55514832","chr18","9591635","9591916","47","45922920"
"chr5","55787382","55787624","chr3","173507444","173507689","43","117720062"
"chr5","55806915","55807019","chr13","76240752","76240854","16","20433837"
"chr5","55935822","55936113","chr1","94365322","94365615","53","38429500"
"chr5","56055094","56055386","chr6","126641819","126642115","53","70586725"
"chr5","56093107","56093407","chr1","52291560","52291858","42","3801547"
"chr5","56101470","56101767","chr4","113149897","113150194","36","57048427"
"chr5","56106461","56106727","chr15","34466396","34466670","48","21640065"
"chr5","56123356","56123635","chr10","2229969","2230226","59","53893387"
"chr5","56273832","56273959","chr7","43693641","43693766","33","12580191"
"chr5","56307812","56308118","chr6","124714488","124714790","38","68406676"
"chr5","56316621","56316929","chr10","38842735","38843045","39","17473886"
"chr5","56399990","56400276","chr7","77017935","77018222","41","20617945"
"chr5","56785289","56785574","chr7","90971726","90972022","38","34186437"
"chr5","56867581","56867838","chr4","162305040","162305294","49","105437459"
"chr5","56886558","56886864","chr16","21958952","21959252","37","34927606"
"chr5","57181939","57182207","chr9","84610245","84610514","35","27428306"
"chr5","57211016","57211319","chr3","34969388","34969689","32","22241628"
"chr5","57416065","57416229","chr6","165562719","165562880","24","108146654"
"chr5","57569528","57569816","chr11","95257281","95257563","65","37687753"
"chr5","57584232","57584431","chr7","155860210","155860412","34","98275978"
"chr5","57628866","57629151","chr10","62613928","62614216","31","4985062"
"chr5","57662853","57663139","chr6","144918364","144918646","37","87255511"
"chr5","57716564","57716862","chrX","63298655","63298958","37","5582091"
"chr5","57722330","57722622","chr4","41214634","41214928","39","16507696"
"chr5","57728733","57729005","chr16","2090775","2091048","42","55637958"
"chr5","57733118","57733412","chr2","38884008","38884302","45","18849110"
"chr5","57802865","57803168","chr1","20012770","20013073","37","37790095"
"chr5","57808415","57808704","chr13","123552925","123553215","47","65744510"
"chr5","57871553","57871703","chr1","199238407","199238559","28","141366854"
"chr5","57880718","57880934","chr1","24229017","24229233","28","33651701"
"chr5","57883083","57883365","chr19","43541082","43541373","41","14342001"
"chr5","57889735","57890040","chr1","128155382","128155688","38","70265647"
"chr5","57911225","57911498","chr9","46536807","46537072","47","11374418"
"chr5","57917265","57917552","chr5","34504261","34504542","37","23413004"
"chr5","57934945","57935238","chrX","96252990","96253282","33","38318045"
"chr5","57940161","57940465","chr6","65513331","65513633","33","7573170"
"chr5","57949780","57950047","chr13","73344445","73344710","50","15394665"
"chr5","57985628","57985917","chr2","184580196","184580486","42","126594568"
"chr5","58006052","58006345","chr2","96826999","96827292","49","38820947"
"chr5","58051426","58051727","chr9","85066347","85066645","44","27014921"
"chr5","58095685","58095958","chr7","132975622","132975901","48","74879937"
"chr5","58191097","58191407","chr1","36440897","36441200","38","21750200"
"chr5","59204993","59205301","chr9","59360623","59360932","41","155630"
"chr5","59228530","59228841","chr6","124714488","124714790","42","65485958"
"chr5","59248354","59248607","chr2","173196809","173197055","41","113948455"
"chr5","59254966","59255192","chr6","143514666","143514896","36","84259700"
"chr5","59326864","59327160","chr1","65658284","65658580","39","6331420"
"chr5","59346664","59346968","chr2","62500002","62500306","48","3153338"
"chr5","59391281","59391569","chr1","19736141","19736436","39","39655140"
"chr5","59402307","59402552","chr19","48045495","48045740","54","11356812"
"chr5","59410385","59410687","chr9","37659334","37659631","42","21751051"
"chr5","59421970","59422252","chr15","21464395","21464674","49","37957575"
"chr5","59430121","59430414","chr1","94365322","94365615","31","34935201"
"chr5","59445267","59445538","chr5","46268500","46268771","55","13176767"
"chr5","59459642","59459937","chr7","146889535","146889842","48","87429893"
"chr5","59481277","59481582","chr1","128155382","128155688","29","68674105"
"chr5","59486522","59486806","chr1","124250793","124251086","44","64764271"
"chr5","59490096","59490399","chr1","52291560","52291858","44","7198536"
"chr5","59491686","59491975","chrX","43975179","43975478","43","15516507"
"chr5","59496924","59497220","chr1","112727851","112728148","38","53230927"
"chr5","59560853","59561141","chr2","184580196","184580486","46","125019343"
"chr5","59567493","59567711","chr13","71017466","71017686","34","11449973"
"chr5","59588229","59588383","chr5","32447170","32447330","30","27141059"
"chr5","59589737","59590010","chr1","47939210","47939486","48","11650527"
"chr5","59620234","59620529","chrX","90854802","90855099","37","31234568"
"chr5","59636413","59636701","chr16","3687263","3687550","47","55949150"
"chr5","59641691","59641962","chr16","917282","917552","37","58724409"
"chr5","59651829","59652126","chr15","7561500","7561795","37","52090329"
"chr5","59677907","59678125","chr16","44736527","44736748","35","14941380"
"chr5","59679631","59679926","chr13","95619029","95619314","46","35939398"
"chr5","59685708","59685853","chr6","172225942","172226095","33","112540234"
"chr5","59690970","59691260","chr20","5343907","5344203","43","54347063"
"chr5","59702072","59702225","chr7","31081463","31081612","26","28620609"
"chr5","59718770","59718992","chr7","121329046","121329267","31","61610276"
"chr5","59719831","59719908","chr11","51815397","51815471","15","7904434"
"chr5","59721645","59721937","chr9","7025626","7025918","37","52696019"
"chr5","59727805","59728106","chr9","57835064","57835373","43","1892741"
"chr5","59745072","59745248","chr5","90176284","90176456","27","30431212"
"chr5","59765810","59766101","chr6","65398083","65398378","47","5632273"
"chr5","59885826","59886129","chr7","13125921","13126218","46","46759905"
"chr5","59908867","59909170","chr2","77233595","77233894","41","17324728"
"chr5","60109753","60110064","chr20","49204767","49205074","36","10904986"
"chr5","60132770","60133069","chr13","32817425","32817728","34","27315345"
"chr5","60176204","60176499","chr8","139422981","139423273","36","79246777"
"chr5","60201279","60201539","chr8","25856240","25856492","51","34345039"
"chr5","60207009","60207306","chr18","49838043","49838335","46","10368966"
"chr5","60269778","60270074","chr6","153686915","153687208","39","93417137"
"chr5","60331496","60331729","chr12","63756955","63757195","42","3425459"
"chr5","60354930","60355220","chr5","52449180","52449473","46","7905750"
"chr5","60355584","60355887","chr1","18100109","18100412","50","42255475"
"chr5","60384796","60385090","chr15","53785505","53785784","52","6599291"
"chr5","60390605","60390854","chr13","37703262","37703498","55","22687343"
"chr5","60417500","60417802","chr1","213070791","213071090","36","152653291"
"chr5","60419193","60419486","chr17","23202455","23202744","40","37216738"
"chr5","60433961","60434257","chr14","53927134","53927436","42","6506827"
"chr5","60440096","60440260","chr15","89569260","89569423","28","29129164"
"chr5","60440654","60440935","chr5","140871179","140871458","37","80430525"
"chr5","60449172","60449466","chr11","59536945","59537243","49","912227"
"chr5","60455868","60456158","chr11","13702068","13702363","44","46753800"
"chr5","60494006","60494206","chr18","15685553","15685754","43","44808453"
"chr5","60508798","60509041","chr13","24808150","24808395","31","35700648"
"chr5","60527157","60527439","chr7","64125286","64125577","48","3598129"
"chr5","60542747","60543012","chr6","171956247","171956509","35","111413500"
"chr5","60562264","60562547","chr7","109198523","109198802","47","48636259"
"chr5","60569886","60570183","chr3","160772561","160772858","41","100202675"
"chr5","60593540","60593845","chr15","53990850","53991154","35","6602690"
"chr5","60665303","60665547","chr19","48045495","48045740","48","12619808"
"chr5","60676754","60677050","chr17","83808601","83808892","37","23131847"
"chr5","60700583","60700880","chr1","213070791","213071090","38","152370208"
"chr5","60763436","60763746","chr6","132804415","132804726","37","72040979"
"chr5","60772995","60773298","chr4","74474905","74475205","42","13701910"
"chr5","60780133","60780184","chr4","3829536","3829587","5","56950597"
"chr5","60780384","60780603","chr6","142429991","142430206","30","81649607"
"chr5","60828870","60829163","chr19","40258313","40258606","40","20570557"
"chr5","60830461","60830721","chrX","88088678","88088937","37","27258217"
"chr5","60832767","60833076","chr5","34488672","34488979","41","26344095"
"chr5","60858836","60859131","chr3","45626371","45626668","34","15232465"
"chr5","60869132","60869417","chrX","21382000","21382304","51","39487132"
"chr5","60905366","60905664","chr10","72394915","72395215","35","11489549"
"chr5","60909528","60909822","chr10","76508131","76508425","37","15598603"
"chr5","60917850","60918148","chr10","78749019","78749318","33","17831169"
"chr5","60926507","60926809","chr13","32817425","32817728","40","28109082"
"chr5","60933065","60933362","chr5","89929633","89929935","46","28996568"
"chr5","60961639","60961937","chr9","54404234","54404532","38","6557405"
"chr5","60980809","60981116","chr10","62936704","62937010","37","1955895"
"chr5","60988911","60989181","chr5","101457421","101457692","45","40468510"
"chr5","60998160","60998450","chr9","113200398","113200692","43","52202238"
"chr5","60999247","60999546","chr11","4016647","4016949","35","56982600"
"chr5","61010733","61010989","chr3","7548115","7548365","40","53462618"
"chr5","61011343","61011630","chr1","158198823","158199105","52","97187480"
"chr5","61035972","61036255","chr18","15788387","15788669","45","45247585"
"chr5","61036301","61036586","chr10","62315260","62315548","45","1278959"
"chr5","61053335","61053637","chr4","101498241","101498544","36","40444906"
"chr5","61126053","61126342","chr1","14339353","14339646","39","46786700"
"chr5","61156558","61156862","chr13","32817425","32817728","34","28339133"
"chr5","61162383","61162669","chr3","178701270","178701546","45","117538887"
"chr5","61180745","61181047","chr1","114141291","114141594","34","52960546"
"chr5","61192158","61192432","chr6","131933443","131933716","56","70741285"
"chr5","61256835","61257145","chr4","18620345","18620655","45","42636490"
"chr5","61266774","61267066","chr9","87802414","87802708","48","26535640"
"chr5","61277497","61277787","chrX","44799525","44799819","35","16477972"
"chr5","61282581","61282878","chr9","15247736","15248032","39","46034845"
"chr5","61301123","61301474","chr1","151857699","151858039","62","90556576"
"chr5","61376086","61376333","chr19","9885154","9885405","58","51490932"
"chr5","61390535","61390843","chr15","29361425","29361726","41","32029110"
"chr5","61415524","61415827","chr18","48465782","48466081","43","12949742"
"chr5","61498716","61499009","chr7","91189505","91189803","51","29690789"
"chr5","61499016","61499315","chr8","99548469","99548767","43","38049453"
"chr5","61505523","61505835","chr2","94343271","94343561","52","32837748"
"chr5","61517378","61517688","chr7","108666092","108666400","49","47148714"
"chr5","61528033","61528331","chr2","38884008","38884302","41","22644025"
"chr5","61543776","61544023","chr10","15618900","15619153","50","45924876"
"chr5","61669704","61669865","chr14","118702603","118702766","27","57032899"
"chr5","61682176","61682444","chr15","68523955","68524227","43","6841779"
"chr5","61699126","61699427","chr7","67084574","67084870","47","5385448"
"chr5","61714124","61714420","chr3","176830718","176831018","35","115116594"
"chr5","61751281","61751595","chr13","43327633","43327946","47","18423648"
"chr5","61775648","61775731","chr9","15435353","15435439","14","46340295"
"chr5","61776027","61776242","chr1","139331880","139332099","36","77555853"
"chr5","61803211","61803508","chr11","59744208","59744500","36","2059003"
"chr5","61804610","61804905","chr16","21639667","21639964","36","40164943"
"chr5","61807722","61808002","chr9","16361760","16362040","54","45445962"
"chr5","61826141","61826466","chr16","30743029","30743353","51","31083112"
"chr5","61834714","61835005","chr8","118107840","118108131","36","56273126"
"chr5","61839594","61839901","chr13","117094301","117094612","47","55254707"
"chr5","61902631","61902782","chr6","52111046","52111199","29","9791585"
"chr5","61905266","61905466","chr6","55833949","55834140","46","6071317"
"chr5","61918378","61918671","chr18","51349475","51349767","48","10568903"
"chr5","61933005","61933285","chr16","1373403","1373693","43","60559602"
"chr5","61939163","61939449","chr14","118723719","118724011","45","56784556"
"chr5","61956584","61956826","chr16","40076793","40077035","36","21879791"
"chr5","61960092","61960393","chr10","16049988","16050292","51","45910104"
"chr5","61982065","61982239","chr3","45214781","45214954","32","16767284"
"chr5","62019515","62019803","chr4","10593766","10594058","40","51425749"
"chr5","62021513","62021803","chr3","45207525","45207826","45","16813988"
"chr5","62052069","62052364","chr11","59744208","59744500","38","2307861"
"chr5","62066514","62066815","chr1","158123433","158123731","42","96056919"
"chr5","62077688","62077983","chr1","19736141","19736436","41","42341547"
"chr5","62078472","62078728","chr2","125988970","125989217","57","63910498"
"chr5","62116581","62116864","chr2","99535195","99535480","48","37418614"
"chr5","62128215","62128464","JH682036","205258","205522","43","61922957"
"chr5","62150206","62150499","chr15","37980742","37981036","44","24169464"
"chr5","62165077","62165371","chr2","126433678","126433974","49","64268601"
"chr5","62166696","62166993","chr8","43952736","43953032","41","18213960"
"chr5","62181078","62181376","chr2","81991105","81991401","51","19810027"
"chr5","62225523","62225818","chr4","34747186","34747478","40","27478337"
"chr5","62248549","62248870","chr4","33925012","33925330","64","28323537"
"chr5","62310235","62310549","chr13","46894366","46894676","48","15415869"
"chr5","62330857","62331166","chrX","62748235","62748529","58","417378"
"chr5","62335631","62335930","chr6","65357727","65358016","58","3022096"
"chr5","62375494","62375784","chr4","24531882","24532184","45","37843612"
"chr5","62376188","62376426","chr2","152362006","152362254","50","89985818"
"chr5","62420709","62421022","chr20","49007291","49007596","49","13413418"
"chr5","62425688","62425999","chr4","24748062","24748372","40","37677626"
"chr5","62439826","62440134","chr3","8153448","8153759","37","54286378"
"chr5","62440884","62441184","chr11","83053494","83053794","35","20612610"
"chr5","62481954","62482240","chr1","158198823","158199105","57","95716869"
"chr5","62487944","62488236","chrX","20846410","20846706","37","41641534"
"chr5","62495536","62495751","chr1","130247835","130248045","35","67752299"
"chr5","62508849","62509140","chr4","150540961","150541258","39","88032112"
"chr5","62517860","62518140","chr8","15674655","15674944","44","46843205"
"chr5","62530731","62531023","chr2","168564679","168564973","54","106033948"
"chr5","62546011","62546325","chr11","121319694","121320003","40","58773683"
"chr5","62550014","62550318","chr1","27411607","27411914","34","35138407"
"chr5","62563265","62563530","chr8","94095648","94095927","57","31532383"
"chr5","62569291","62569506","chr20","29195665","29195876","31","33373626"
"chr5","62588540","62588834","chr16","9847791","9848074","42","52740749"
"chr5","62592352","62592630","chr18","50874536","50874793","48","11717816"
"chr5","62684916","62685126","chr1","100959718","100959948","42","38274802"
"chr5","62694456","62694749","chr1","94365322","94365615","41","31670866"
"chr5","62709587","62709880","chr9","85498729","85499013","44","22789142"
"chr5","62730137","62730441","chr4","139967759","139968069","50","77237622"
"chr5","62739281","62739574","chr5","36968561","36968860","41","25770720"
"chr5","62765367","62765666","chr3","129797709","129798006","35","67032342"
"chr5","62783134","62783438","chr1","144920099","144920401","43","82136965"
"chr5","62804595","62804878","chr1","167829406","167829687","60","105024811"
"chr5","62858758","62859057","chr14","98318663","98318962","35","35459905"
"chr5","62861917","62862193","chr20","49701084","49701366","50","13160833"
"chr5","62960964","62961267","chr3","124597695","124597995","40","61636731"
"chr5","62971245","62971548","chr19","47662689","47662983","49","15308556"
"chr5","62979835","62980085","chr7","91426149","91426415","64","28446314"
"chr5","63028285","63028572","chr1","11366377","11366670","35","51661908"
"chr5","63030191","63030484","chr11","59744208","59744500","33","3285983"
"chr5","63061595","63061874","chr16","1419036","1419322","45","61642559"
"chr5","63125763","63126069","chr13","61259817","61260123","38","1865946"
"chr5","63197611","63197816","chrX","22219853","22220056","37","40977758"
"chr5","63206625","63206797","chr11","63042219","63042395","40","164406"
"chr5","63211214","63211479","chr16","3148414","3148682","61","60062800"
"chr5","63216824","63217018","chr4","125293937","125294134","39","62077113"
"chr5","63220219","63220493","chr9","58853282","58853561","35","4366937"
"chr5","63226863","63227158","chr6","53239608","53239906","41","9987255"
"chr5","63229283","63229586","chr1","28770005","28770316","46","34459278"
"chr5","63233299","63233602","chr1","184600194","184600503","40","121366895"
"chr5","63234647","63234944","chr13","94201262","94201554","36","30966615"
"chr5","63244467","63244753","chr8","28825632","28825920","40","34418835"
"chr5","63247720","63247869","chr2","87235359","87235513","27","23987639"
"chr5","63254910","63255203","chr1","124250793","124251086","38","60995883"
"chr5","63256434","63256706","chr16","1630024","1630299","42","61626410"
"chr5","63264839","63265124","chr13","23010864","23011159","48","40253975"
"chr5","63275704","63276007","chr15","48151534","48151833","43","15124170"
"chr5","63280987","63281252","chr1","190360719","190360980","35","127079732"
"chr5","63299673","63299972","chr13","32817425","32817728","46","30482248"
"chr5","63310122","63310417","chr3","20343471","20343768","37","42966651"
"chr5","63332447","63332717","chr13","46225644","46225911","44","17106803"
"chr5","63343003","63343280","chr7","46203299","46203578","44","17139704"
"chr5","63394793","63395094","chr13","62636440","62636740","35","758353"
"chr5","63399323","63399624","chr2","95068228","95068528","43","31668905"
"chr5","63401320","63401597","chr3","160601395","160601671","41","97200075"
"chr5","63437682","63437986","chr10","78749019","78749318","42","15311337"
"chr5","63505743","63505816","chr16","4298277","4298349","8","59207466"
"chr5","63512270","63512573","chrX","107455610","107455920","37","43943340"
"chr5","63532382","63532638","chr15","29543321","29543580","48","33989061"
"chr5","63534018","63534316","chr6","143561531","143561830","35","80027513"
"chr5","63541483","63541776","chr19","32347284","32347572","36","31194199"
"chr5","63557507","63557732","chrX","44321441","44321669","55","19236066"
"chr5","63787738","63788041","chr1","46886299","46886601","45","16901439"
"chr5","63864140","63864437","chr3","44207119","44207413","45","19657021"
"chr5","63908733","63909024","chr9","7025626","7025918","33","56883107"
"chr5","63909231","63909522","chr2","96514589","96514879","43","32605358"
"chr5","63912416","63912726","chrX","90821322","90821629","40","26908906"
"chr5","63913290","63913532","chr7","114849581","114849820","44","50936291"
"chr5","63914343","63914659","chr5","137594364","137594675","43","73680021"
"chr5","63915404","63915710","chr18","51183412","51183721","36","12731992"
"chr5","63932172","63932500","chr1","184555199","184555532","52","120623027"
"chr5","63947292","63947581","chr2","178187197","178187490","48","114239905"
"chr5","64052618","64052927","chrX","44962032","44962338","39","19090586"
"chr5","64066990","64067134","chr14","119062806","119062947","29","54995816"
"chr5","64067589","64067664","chr11","51815397","51815471","12","12252192"
"chr5","64101550","64101852","chr5","46815378","46815679","49","17286172"
"chr5","64114231","64114510","chr9","54648789","54649077","58","9465442"
"chr5","64131887","64132184","chr20","26717586","26717886","38","37414301"
"chr5","64215093","64215261","chr9","61763170","61763330","34","2451923"
"chr5","64255092","64255237","chr4","128485616","128485762","29","64230524"
"chr5","64270482","64270611","chr13","43588935","43589068","20","20681547"
"chr5","64289009","64289070","chr16","40900645","40900707","9","23388364"
"chr5","64307466","64307750","chrX","102794545","102794841","39","38487079"
"chr5","64316113","64316405","chr16","1419036","1419322","36","62897077"
"chr5","64319312","64319613","chr2","66182928","66183228","37","1863616"
"chr5","64332218","64332509","chr2","184580196","184580486","33","120247978"
"chr5","64363948","64364260","chr6","128110448","128110754","39","63746500"
"chr5","64385081","64385371","chr11","51693478","51693758","40","12691603"
"chr5","64396767","64397067","chr17","20945248","20945548","37","43451519"
"chr5","64411848","64411966","chr6","91076334","91076448","22","26664486"
"chr5","64435894","64436186","chr4","32871781","32872078","34","31564113"
"chr5","64466455","64466741","chr8","25582102","25582396","39","38884353"
"chr5","64475498","64475797","chr6","157477970","157478279","48","93002472"
"chr5","64517653","64517935","chr10","62315260","62315548","37","2202393"
"chr5","64587650","64587929","chr2","155636216","155636491","53","91048566"
"chr5","64589762","64590053","chr1","94365322","94365615","35","29775560"
"chr5","64590430","64590704","chr8","88869400","88869673","35","24278970"
"chr5","64606986","64607291","chr10","33030101","33030407","41","31576885"
"chr5","64611799","64612009","chr14","67896526","67896746","44","3284727"
"chr5","64630619","64630927","chr13","24550040","24550347","41","40080579"
"chr5","64655849","64656151","chr1","20012770","20013073","32","44643079"
"chr5","64659874","64660114","chr5","106625263","106625493","36","41965389"
"chr5","64773842","64774106","chr3","39124509","39124771","58","25649333"
"chr5","64790143","64790444","chr12","48247451","48247755","37","16542692"
"chr5","64804141","64804446","chr10","16049988","16050292","33","48754153"
"chr5","64814855","64815133","chr19","6248231","6248507","33","58566624"
"chr5","64876765","64877056","chr3","10144361","10144653","38","54732404"
"chr5","64906190","64906292","chr13","88838884","88838987","14","23932694"
"chr5","64923380","64923682","chr13","32817425","32817728","31","32105955"
"chr5","64936532","64936809","chr12","52370542","52370823","45","12565990"
"chr5","64976205","64976495","chr7","145672812","145673103","44","80696607"
"chr5","64996510","64996823","chr9","56773709","56774021","42","8222801"
"chr5","65021870","65022179","chr11","6563934","6564243","42","58457936"
"chr5","65073928","65074234","chr20","26725185","26725483","44","38348743"
"chr5","65197650","65197956","chr13","23964717","23965024","42","41232933"
"chr5","65262216","65262528","chr2","10503319","10503625","40","54758897"
"chr5","65310420","65310717","chr7","16206849","16207148","40","49103571"
"chr5","65340562","65340855","chr17","83808601","83808892","42","18468039"
"chr5","65342200","65342520","chr10","46007696","46008002","54","19334504"
"chr5","65343025","65343334","chr4","30081251","30081550","45","35261774"
"chr5","65346985","65347294","chr7","108666092","108666400","43","43319107"
"chr5","65349598","65349878","chr3","60342878","60343154","45","5006720"
"chr5","65360602","65360903","chr20","32556971","32557267","41","32803631"
"chr5","65369328","65369639","chr7","73560013","73560323","44","8190685"
"chr5","65401335","65401640","chr1","150440547","150440847","46","85039212"
"chr5","65415964","65416259","chr4","18443620","18443915","40","46972344"
"chr5","65422630","65422935","chr2","73832418","73832717","34","8409788"
"chr5","65493750","65494049","chr12","62741269","62741568","39","2752481"
"chr5","65558490","65558742","chr7","107333554","107333796","44","41775064"
"chr5","65587629","65587845","chr13","7850027","7850241","44","57737602"
"chr5","65608981","65609329","chr11","33968956","33969265","76","31640025"
"chr5","65803896","65804199","chr3","34969388","34969689","42","30834508"
"chr5","65853825","65854127","chr6","128302615","128302924","45","62448790"
"chr5","65932394","65932681","chr3","48298408","48298697","44","17633986"
"chr5","65938883","65939172","chr1","125312140","125312429","36","59373257"
"chr5","65952714","65953032","chr6","143038397","143038711","43","77085683"
"chr5","66007059","66007369","chr8","118496159","118496467","46","52489100"
"chr5","66032745","66033028","chr9","83663072","83663363","43","17630327"
"chr5","66069082","66069386","chr15","51046164","51046466","38","15022918"
"chr5","66169014","66169319","chr4","81422799","81423107","41","15253785"
"chr5","66217095","66217371","chr12","69972996","69973280","38","3755901"
"chr5","66221973","66222271","chr13","42077821","42078120","39","24144152"
"chr5","66330943","66331240","chr11","108474262","108474559","42","42143319"
"chr5","66360423","66360576","chr7","117424070","117424225","27","51063647"
"chr5","66382127","66382428","chr6","136733017","136733318","48","70350890"
"chr5","66427711","66427953","chr1","108858750","108858984","47","42431039"
"chr5","66434222","66434499","chr7","18532501","18532788","41","47901721"
"chr5","66438882","66439098","chr5","89625548","89625767","32","23186666"
"chr5","66618228","66618540","chr19","32542177","32542468","52","34076051"
"chr5","66711474","66711772","chr11","11755747","11756048","38","54955727"
"chr5","66794528","66794816","chr6","64993372","64993659","43","1801156"
"chr5","66935371","66935689","chr14","17323048","17323366","61","49612323"
"chr5","66999689","66999978","chr3","46165413","46165699","34","20834276"
"chr5","67039331","67039605","chr20","26324160","26324436","45","40715171"
"chr5","67041976","67042273","chr10","38460992","38461286","38","28580984"
"chr5","67048608","67048905","chr10","38460992","38461286","39","28587616"
"chr5","67056053","67056359","chr4","43897349","43897653","34","23158704"
"chr5","67060785","67061056","chr9","51784847","51785122","49","15275938"
"chr5","67127078","67127399","chr3","39810411","39810728","61","27316667"
"chr5","67182611","67182902","chr2","101184261","101184554","47","34001650"
"chr5","67273264","67273519","chr4","162305040","162305294","33","95031776"
"chr5","67299677","67299985","chr1","71641163","71641469","46","4341486"
"chr5","67313310","67313607","chr1","52961864","52962162","43","14351446"
"chr5","67329616","67329808","chr9","61695943","61696134","37","5633673"
"chr5","67368377","67368465","chrX","52786172","52786262","17","14582205"
"chr5","67456145","67456442","chr18","48465782","48466081","39","18990363"
"chr5","67490382","67490662","chr6","49582375","49582657","41","17908007"
"chr5","67501047","67501345","chr3","38447004","38447303","39","29054043"
"chr5","67646358","67646454","chr12","53559230","53559327","17","14087128"
"chr5","67677927","67678189","chr4","135313924","135314188","39","67635997"
"chr5","67875783","67876089","chr2","46682521","46682821","38","21193262"
"chr5","67975712","67976014","chr2","163628461","163628763","36","95652749"
"chr5","68076651","68076934","chr2","72702249","72702540","42","4625598"
"chr5","68117654","68117953","chr9","55015940","55016236","39","13101714"
"chr5","68125315","68125598","chr10","43180325","43180616","45","24944990"
"chr5","68146431","68146727","chr2","186511571","186511867","45","118365140"
"chr5","68194143","68194277","chr15","78983417","78983543","29","10789274"
"chr5","68194531","68194697","chr6","166559338","166559503","34","98364807"
"chr5","68205478","68205746","chr8","131185465","131185729","41","62979987"
"chr5","68260491","68260786","chr1","40659470","40659761","42","27601021"
"chr5","68291283","68291578","chr9","14690494","14690788","46","53600789"
"chr5","68314145","68314429","chr11","120539159","120539434","40","52225014"
"chr5","68359454","68359745","chr16","63276450","63276738","34","5083004"
"chr5","68380488","68380798","chr5","32469834","32470141","37","35910654"
"chr5","68449855","68450149","chr11","4016647","4016949","36","64433208"
"chr5","68471146","68471445","chr18","4777561","4777864","36","63693585"
"chr5","68500527","68500825","chr7","16206849","16207148","41","52293678"
"chr5","68555658","68555957","chr7","124201000","124201294","43","55645342"
"chr5","68604170","68604447","chr8","39667979","39668243","50","28936191"
"chr5","68637998","68638275","chr6","171557754","171558039","42","102919756"
"chr5","68648942","68649224","chr15","21464395","21464674","40","47184547"
"chr5","68707582","68707887","chr7","114624792","114625094","35","45917210"
"chr5","68760952","68761241","chr5","118928307","118928607","46","50167355"
"chr5","68806026","68806314","chr12","59019486","59019778","40","9786540"
"chr5","68817523","68817811","chr12","89828990","89829278","34","21011467"
"chr5","68835414","68835714","chrX","49918697","49918997","42","18916717"
"chr5","68846512","68846805","chr3","46165413","46165699","45","22681099"
"chr5","68884698","68884990","chr3","34969388","34969689","41","33915310"
"chr5","68978606","68978878","chr11","115650545","115650825","51","46671939"
"chr5","69070752","69071044","chr1","94365322","94365615","36","25294570"
"chr5","69092928","69093228","chrX","87504592","87504892","44","18411664"
"chr5","69155909","69156223","chr10","78702324","78702636","53","9546415"
"chr5","69168973","69169266","chr15","98272685","98272981","40","29103712"
"chr5","69306241","69306545","chr7","50598138","50598445","38","18708103"
"chr5","69313083","69313397","chr16","63907576","63907892","46","5405507"
"chr5","69404912","69405181","chr6","62361917","62362202","57","7042995"
"chr5","69460329","69460640","chr2","83271537","83271849","40","13811208"
"chr5","69480188","69480481","chr15","35190462","35190761","40","34289726"
"chr5","69533138","69533443","chr13","32817425","32817728","31","36715713"
"chr5","69538036","69538341","chr15","48151534","48151833","48","21386502"
"chr5","69554832","69555124","chr2","94343271","94343561","34","24788439"
"chr5","69636636","69636914","chr3","12262798","12263090","47","57373838"
"chr5","69640573","69640850","chr10","15989401","15989689","46","53651172"
"chr5","69642454","69642762","chr9","61900736","61901039","38","7741718"
"chr5","69643237","69643540","chr7","37449373","37449676","40","32193864"
"chr5","69710497","69710666","chr4","144414204","144414371","29","74703707"
"chr5","69731266","69731548","chr1","158198823","158199105","50","88467557"
"chr5","69757127","69757311","chr7","148250610","148250792","33","78493483"
"chr5","69760249","69760553","chr13","62636440","62636740","47","7123809"
"chr5","69768194","69768497","chr1","114141291","114141594","40","44373097"
"chr5","69785242","69785548","chr2","5891008","5891312","42","63894234"
"chr5","69820612","69820902","chr3","40442931","40443220","41","29377681"
"chr5","69823385","69823686","chr8","118421988","118422286","42","48598603"
"chr5","69829524","69829822","chrX","21076235","21076538","47","48753289"
"chr5","69844786","69845076","chr6","83909264","83909556","47","14064478"
"chr5","69849294","69849577","chr12","30780270","30780560","44","39069024"
"chr5","69850414","69850679","chr3","40748856","40749132","44","29101558"
"chr5","69876653","69876747","chr1","190300587","190300682","18","120423934"
"chr5","69876818","69876988","chr15","7442388","7442563","32","62434430"
"chr5","69920692","69920988","chr9","20941332","20941626","35","48979360"
"chr5","69925044","69925355","chr3","61280488","61280798","34","8644556"
"chr5","69991282","69991547","chr2","49059917","49060182","34","20931365"
"chr5","70043153","70043452","chr3","45626371","45626668","36","24416782"
"chr5","70111074","70111207","chr18","31157087","31157222","21","38953987"
"chr5","70167596","70167900","chr1","7993999","7994304","32","62173597"
"chr5","70226857","70227168","chr1","9129050","9129354","43","61097807"
"chr5","70275031","70275303","chr18","38216282","38216553","48","32058749"
"chr5","70304260","70304574","chr3","61280488","61280798","42","9023772"
"chr5","70318159","70318461","chrX","122210526","122210830","35","51892367"
"chr5","70442901","70443174","chr20","49701084","49701366","46","20741817"
"chr5","70523557","70523870","chrX","9996778","9997082","44","60526779"
"chr5","70614939","70615248","chr2","50634219","50634525","40","19980720"
"chr5","70701412","70701675","chr14","28482811","28483074","42","42218601"
"chr5","70716165","70716470","chr6","67765709","67766011","46","2950456"
"chr5","70745959","70746259","chrX","96164388","96164681","46","25418429"
"chr5","70769656","70769952","chr18","26757177","26757480","51","44012479"
"chr5","70785045","70785345","chr4","69347489","69347789","32","1437556"
"chr5","70816712","70817017","chr7","146468521","146468830","44","75651809"
"chr5","70923748","70924034","chr19","31216109","31216397","39","39707639"
"chr5","70938581","70938719","chr2","93317431","93317570","19","22378850"
"chr5","70940646","70940803","chrX","16048631","16048785","25","54892015"
"chr5","70989163","70989476","chr16","20855632","20855942","44","50133531"
"chr5","71071768","71072072","chr17","20945248","20945548","38","50126520"
"chr5","71130779","71131077","chr2","153478676","153478972","51","82347897"
"chr5","71139537","71139830","chr6","52480201","52480494","36","18659336"
"chr5","71161742","71161970","chr8","82181433","82181665","35","11019691"
"chr5","71173927","71174207","chr7","37993091","37993372","36","33180836"
"chr5","71244348","71244640","chr13","44798030","44798324","34","26446318"
"chr5","71365143","71365425","chr14","119229630","119229918","46","47864487"
"chr5","71377553","71377851","chr13","32817425","32817728","32","38560128"
"chr5","71447626","71447907","chr4","117616854","117617134","36","46169228"
"chr5","71459773","71460076","chr1","114141291","114141594","45","42681518"
"chr5","71461343","71461612","chr1","184991672","184991954","57","113530329"
"chr5","71488135","71488402","chr16","1630024","1630299","38","69858111"
"chr5","71516494","71516779","chr7","40144205","40144467","59","31372289"
"chr5","71519802","71520100","chr14","102008032","102008328","45","30488230"
"chr5","71536924","71537225","chr4","132287893","132288193","32","60750969"
"chr5","71543807","71544104","chr8","99548469","99548767","36","28004662"
"chr5","71550213","71550509","chr7","52736490","52736780","43","18813723"
"chr5","71554445","71554693","chr14","65572006","65572253","38","5982439"
"chr5","71562902","71563019","chr11","83048168","83048288","14","11485266"
"chr5","71573623","71573748","chr15","38116603","38116732","20","33457020"
"chr5","71575675","71575965","chr3","134867637","134867930","44","63291962"
"chr5","71584054","71584379","chr1","17610673","17611001","49","53973381"
"chr5","71604366","71604666","chr16","32333647","32333948","54","39270719"
"chr5","71623821","71624060","chr5","106625263","106625493","54","35001442"
"chr5","71676141","71676425","chr8","39746050","39746340","44","31930091"
"chr5","71679439","71679745","chr1","124050585","124050888","41","52371146"
"chr5","71732705","71732961","chr15","22754123","22754386","40","48978582"
"chr5","71812102","71812396","chr1","203640822","203641120","46","131828720"
"chr5","71848800","71849070","chr20","32588981","32589255","40","39259819"
"chr5","71871752","71872035","chr15","21464395","21464674","39","50407357"
"chr5","71876447","71876743","chr5","135737154","135737450","38","63860707"
"chr5","71882035","71882335","chr10","39259048","39259349","37","32622987"
"chr5","71933105","71933404","chr5","12294728","12295021","50","59638377"
"chr5","71936420","71936716","chr7","48694397","48694696","42","23242023"
"chr5","71965304","71965596","chr7","91259277","91259574","42","19293973"
"chr5","71965869","71966177","chr15","70442845","70443150","40","1523024"
"chr5","72016008","72016314","chr20","52083432","52083734","41","19932576"
"chr5","72102207","72102522","chr5","32469834","32470141","45","39632373"
"chr5","72104810","72104970","chr16","28665139","28665295","26","43439671"
"chr5","72111522","72111814","chr13","107792315","107792606","51","35680793"
"chr5","72147926","72148226","chr1","25904320","25904629","43","46243606"
"chr5","72168163","72168441","chr1","218423009","218423286","44","146254846"
"chr5","72179661","72179948","chr1","91521758","91522057","46","19342097"
"chr5","72189858","72190144","chr13","101919472","101919753","39","29729614"
"chr5","72193646","72193949","chr3","130290294","130290595","33","58096648"
"chr5","72202578","72202863","chr2","99649631","99649925","44","27447053"
"chr5","72205702","72206008","chr19","28776684","28776996","39","43429018"
"chr5","72254115","72254387","chr9","85267162","85267442","40","13013047"
"chr5","72257805","72258065","chr3","43546186","43546444","34","28711619"
"chr5","72271115","72271410","chr4","13663992","13664285","32","58607123"
"chr5","72279687","72279966","chr8","31765165","31765448","45","40514522"
"chr5","72314269","72314550","chr9","30302448","30302737","46","42011821"
"chr5","72351787","72352054","chr19","32590740","32591017","61","39761047"
"chr5","72366881","72367148","chr2","165757823","165758089","33","93390942"
"chr5","72394612","72394909","chr2","81991105","81991401","43","9596493"
"chr5","72433392","72433681","chr3","93757874","93758163","42","21324482"
"chr5","72452505","72452785","chr13","92441785","92442065","44","19989280"
"chr5","72453346","72453651","chr12","20710479","20710784","40","51742867"
"chr5","72457504","72457794","chr11","94964179","94964469","40","22506675"
"chr5","72472439","72472741","chr12","14160828","14161134","45","58311611"
"chr5","72506462","72506756","chr6","31562095","31562390","49","40944367"
"chr5","72532891","72532959","chr9","15155449","15155520","15","57377442"
"chr5","72538114","72538420","chr10","46007696","46008002","44","26530418"
"chr5","72546365","72546683","chr13","124472957","124473258","61","51926592"
"chr5","72550832","72551155","chr14","53927134","53927436","52","18623698"
"chr5","72554415","72554717","chr16","47869063","47869366","33","24685352"
"chr5","72628271","72628574","chr6","124714488","124714790","33","52086217"
"chr5","72632536","72632835","chrX","15713155","15713456","32","56919381"
"chr5","72635095","72635375","chr3","108426558","108426841","39","35791463"
"chr5","72654613","72654906","chr12","98300764","98301051","44","25646151"
"chr5","72656606","72656713","chr14","31451076","31451185","15","41205530"
"chr5","72686813","72687095","chr1","23462198","23462478","40","49224615"
"chr5","72734224","72734459","chr13","85748563","85748784","42","13014339"
"chr5","72751586","72751882","chr20","38614683","38614982","41","34136903"
"chr5","72757590","72757867","chrX","27848874","27849153","42","44908716"
"chr5","72788666","72788981","chrX","98850355","98850663","46","26061689"
"chr5","72814514","72814805","chr10","13285322","13285614","39","59529192"
"chr5","72816748","72817050","chr13","25301779","25302077","42","47514969"
"chr5","72821063","72821350","chr3","150277680","150277966","52","77456617"
"chr5","72827414","72827555","chr4","103459648","103459795","20","30632234"
"chr5","72839984","72840286","chr7","114822770","114823069","43","41982786"
"chr5","72847326","72847605","chr8","94095648","94095927","38","21248322"
"chr5","72871247","72871554","chr16","49624348","49624657","36","23246899"
"chr5","72886151","72886447","chr13","40807388","40807696","44","32078763"
"chr5","72897859","72898166","chr1","3276074","3276382","45","69621785"
"chr5","72902226","72902530","chr14","5934954","5935260","36","66967272"
"chr5","72913787","72914084","chr1","53988770","53989067","35","18925017"
"chr5","72947989","72948286","chr16","21958952","21959252","39","50989037"
"chr5","72951360","72951645","chr15","41303117","41303404","37","31648243"
"chr5","72958937","72959201","chr6","161525268","161525536","45","88566331"
"chr5","73107922","73108218","chr7","129456939","129457235","37","56349017"
"chr5","73114310","73114582","chr13","90970128","90970408","40","17855818"
"chr5","73118642","73118931","chr19","32347284","32347572","39","40771358"
"chr5","73148676","73148956","chr11","123468792","123469074","35","50320116"
"chr5","73203717","73204016","chr4","10970448","10970744","41","62233269"
"chr5","73256537","73256684","chr4","103459648","103459795","19","30203111"
"chr5","73267889","73268197","chr13","32817425","32817728","36","40450464"
"chr5","73316751","73317017","chr16","1630024","1630299","46","71686727"
"chr5","73343227","73343530","chr12","34602886","34603184","38","38740341"
"chr5","73346701","73347004","chr2","149444745","149445052","38","76098044"
"chr5","73380092","73380387","chr2","84844754","84845049","40","11464662"
"chr5","73448388","73448671","chr7","18532501","18532788","43","54915887"
"chr5","73477358","73477661","chr9","10431929","10432229","39","63045429"
"chr5","73478359","73478541","chr18","28885018","28885196","36","44593341"
"chr5","73489982","73490272","chr3","103398952","103399243","33","29908970"
"chr5","73501785","73501902","chr5","103673334","103673452","15","30171549"
"chr5","73505319","73505613","chr4","13663992","13664285","35","59841327"
"chr5","73507251","73507547","chr8","91437935","91438229","36","17930684"
"chr5","73508749","73508911","chr19","33382506","33382663","31","40126243"
"chr5","73519736","73520032","chr3","173964513","173964818","59","100444777"
"chr5","73524610","73524909","chr8","62689911","62690209","46","10834699"
"chr5","73541220","73541512","chr13","74148211","74148505","37","606991"
"chr5","73546456","73546744","chr8","37062728","37063024","44","36483728"
"chr5","73549116","73549355","chr7","121329046","121329267","50","47779930"
"chr5","73558206","73558484","chr2","123712519","123712817","49","50154313"
"chr5","73576008","73576312","chr10","23559809","23560103","37","50016199"
"chr5","73614505","73614792","chr6","65924754","65925047","41","7689751"
"chr5","73678907","73679205","chr1","8167206","8167514","48","65511701"
"chr5","73705765","73706042","chr11","11942845","11943122","54","61762920"
"chr5","73760292","73760563","chr20","32588981","32589255","40","41171311"
"chr5","73856227","73856530","chr6","120492723","120493023","40","46636496"
"chr5","73863114","73863384","chr2","130457201","130457479","46","56594087"
"chr5","73867806","73868100","chr2","47452536","47452831","43","26415270"
"chr5","73869301","73869590","chr3","12262798","12263090","43","61606503"
"chr5","73869686","73869997","chr3","12603123","12603437","36","61266563"
"chr5","73907479","73907770","chr4","41597797","41598090","35","32309682"
"chr5","73936782","73937062","chr6","132179472","132179753","34","58242690"
"chr5","73956711","73956973","chr2","165757823","165758089","44","91801112"
"chr5","73958412","73958691","chr3","48298408","48298697","39","25660004"
"chr5","73969167","73969458","chr5","34428917","34429213","39","39540250"
"chr5","73974285","73974565","chr7","1797384","1797659","37","72176901"
"chr5","74040733","74041036","chr11","48688936","48689238","36","25351797"
"chr5","74083572","74083857","chr10","69580792","69581075","35","4502780"
"chr5","74092495","74092712","chr7","121329046","121329267","30","47236551"
"chr5","74104744","74105025","chr16","45339014","45339298","36","28765730"
"chr5","74155623","74155910","chr3","87759090","87759388","46","13603467"
"chr5","74178912","74179223","chr19","40571972","40572277","47","33606940"
"chr5","74191767","74192061","chr15","7511435","7511732","37","66680332"
"chr5","74193632","74193918","chr16","63276450","63276738","37","10917182"
"chr5","74197088","74197343","chr7","47228962","47229205","47","26968126"
"chr5","74198836","74199122","chr7","133065043","133065330","31","58866207"
"chr5","74199831","74200133","chr16","20356273","20356575","37","53843558"
"chr5","74221870","74222169","chrX","21565382","21565683","33","52656488"
"chr5","74227101","74227400","chr7","17565066","17565366","35","56662035"
"chr5","74241882","74242088","chr5","89567023","89567218","45","15325141"
"chr5","74242824","74243110","chr15","102270722","102271020","46","28027898"
"chr5","74250703","74250990","chr20","1685141","1685428","40","72565562"
"chr5","74272569","74272829","chr10","12611165","12611415","48","61661404"
"chr5","74281710","74282004","chr6","142572268","142572563","43","68290558"
"chr5","74295676","74295964","chr16","18796729","18797022","39","55498947"
"chr5","74306326","74306622","chr15","7561500","7561795","42","66744826"
"chr5","74307177","74307460","chr14","88134205","88134491","36","13827028"
"chr5","74329511","74329817","chr10","16049988","16050292","33","58279523"
"chr5","74331396","74331701","chr1","128155382","128155688","33","53823986"
"chr5","74336175","74336478","chr4","49636726","49637031","45","24699449"
"chr5","74339018","74339325","chr9","20271265","20271563","48","54067753"
"chr5","74357927","74358217","chr9","57023538","57023829","35","17334389"
"chr5","74380442","74380755","chr3","92918179","92918483","55","18537737"
"chr5","74386870","74386984","chr7","110125456","110125571","23","35738586"
"chr5","74387281","74387536","chr15","59383392","59383652","39","15003889"
"chr5","74387540","74387835","chr1","40659470","40659761","34","33728070"
"chr5","74411849","74412143","chr15","90210594","90210890","40","15798745"
"chr5","74413610","74413908","chr11","52332872","52333170","43","22080738"
"chr5","74438014","74438313","chr14","61662606","61662905","46","12775408"
"chr5","74439578","74439874","chr1","29380917","29381213","36","45058661"
"chr5","74475446","74475747","chr2","46682521","46682821","27","27792925"
"chr5","74481907","74482083","chr6","166441447","166441620","25","91959540"
"chr5","74489662","74489930","chr10","47330984","47331271","52","27158678"
"chr5","74502421","74502724","chr1","208474725","208475026","42","133972304"
"chr5","74528607","74528702","chr15","9503470","9503564","15","65025137"
"chr5","74528703","74528893","chr15","102439760","102439948","41","27911057"
"chr5","74548437","74548719","chr1","219677924","219678213","43","145129487"
"chr5","74568159","74568439","chr15","21464395","21464674","42","53103764"
"chr5","74593111","74593419","chr10","26504544","26504849","62","48088567"
"chr5","74600704","74601021","chr4","101850085","101850393","50","27249381"
"chr5","74604315","74604517","chr3","151807944","151808153","38","77203629"
"chr5","74641906","74642198","chr20","24668123","24668420","47","49973783"
"chr5","74652251","74652535","chrX","62948145","62948432","38","11704106"
"chr5","74684095","74684366","chr8","82026743","82027012","54","7342648"
"chr5","74688485","74688759","chr14","63190209","63190482","49","11498276"
"chr5","74696152","74696417","chr2","160744010","160744278","48","86047858"
"chr5","74702733","74703111","chr1","188682239","188682601","92","113979506"
"chr5","74726890","74727198","chrX","38891205","38891511","43","35835685"
"chr5","74738655","74738950","chr17","30419104","30419393","40","44319551"
"chr5","74747839","74748135","chr7","49208770","49209048","56","25539069"
"chr5","74768104","74768385","chrX","139100323","139100604","36","64332219"
"chr5","74773473","74773780","chr13","110788062","110788365","42","36014589"
"chr5","74782724","74783009","chr19","31216109","31216397","37","43566615"
"chr5","74809537","74809672","chr7","158155171","158155302","16","83345634"
"chr5","74821522","74821824","chr7","148821081","148821370","53","73999559"
"chr5","74829879","74830185","chr10","20549883","20550183","40","54279996"
"chr5","74831626","74831931","chrX","38891205","38891511","36","35940421"
"chr5","74838250","74838560","chr7","73560013","73560323","37","1278237"
"chr5","74902241","74902401","chrX","126022921","126023078","56","51120680"
"chr5","74906767","74907072","chr19","3064712","3065012","37","71842055"
"chr5","74935210","74935517","chr13","61132328","61132637","38","13802882"
"chr5","74997470","74997775","chr6","64722581","64722882","40","10274889"
"chr5","75007750","75007994","chr11","59745076","59745331","42","15262674"
"chr5","75033697","75033994","chr16","21639667","21639964","40","53394030"
"chr5","75070648","75070939","chr7","24696413","24696701","36","50374235"
"chr5","75072321","75072586","chr2","92865041","92865304","49","17792720"
"chr5","75083339","75083631","chr13","118319198","118319492","48","43235859"
"chr5","75083909","75084242","chr19","49216397","49216733","64","25867512"
"chr5","75104595","75104894","chr15","96983547","96983850","47","21878952"
"chr5","75190231","75190544","chr6","138646599","138646914","59","63456368"
"chr5","75213250","75213545","chr3","103398952","103399243","38","28185702"
"chr5","75214569","75214879","chrX","60259121","60259428","42","14955448"
"chr5","75216411","75216689","chr2","165757823","165758089","52","90541412"
"chr5","75260992","75261301","chr15","96770877","96771181","43","21509885"
"chr5","75295952","75296260","chrX","93343069","93343376","44","18047117"
"chr5","75334212","75334508","chr1","65658284","65658580","35","9675928"
"chr5","75338532","75338838","chr13","67015543","67015852","44","8322989"
"chr5","75343474","75343771","chr4","132287893","132288193","37","56944419"
"chr5","75368997","75369060","chr15","13404579","13404640","9","61964418"
"chr5","75374532","75374815","chr10","49321662","49321941","39","26052870"
"chr5","75374839","75375152","chr15","82560520","82560833","50","7185681"
"chr5","75393750","75394039","chr13","51699219","51699508","45","23694531"
"chr5","75408843","75409123","chr19","44121713","44121997","45","31287130"
"chr5","75427222","75427510","chr11","38090112","38090399","42","37337110"
"chr5","75427684","75427986","chr15","96983547","96983850","35","21555863"
"chr5","75433902","75434065","chr9","121645840","121646004","28","46211938"
"chr5","75436271","75436374","chr16","3400065","3400178","24","72036206"
"chr5","75437085","75437286","chr19","1353909","1354086","53","74083176"
"chr5","75482376","75482681","chrX","21774198","21774509","39","53708178"
"chr5","75497832","75498086","chr1","30765363","30765624","45","44732469"
"chr5","75519955","75520252","chr1","67368758","67369056","40","8151197"
"chr5","75521264","75521571","chr13","99722238","99722539","41","24200974"
"chr5","75529692","75529936","chr18","71908745","71908980","46","3620947"
"chr5","75538983","75539266","chr11","52850520","52850813","52","22688463"
"chr5","75601707","75601978","chr14","85601211","85601476","40","9999504"
"chr5","75621673","75621973","chrX","20551522","20551824","36","55070151"
"chr5","75640103","75640363","chr16","49859225","49859484","37","25780878"
"chr5","75677288","75677479","chr19","44351795","44351980","28","31325493"
"chr5","75731043","75731355","chr5","170875139","170875447","44","95144096"
"chr5","75753903","75754199","chrX","43914906","43915203","38","31838997"
"chr5","75764302","75764603","chr3","75361330","75361622","44","402972"
"chr5","75782417","75782679","chr10","14460462","14460719","44","61321955"
"chr5","75792851","75792998","chr4","103459648","103459795","28","27666797"
"chr5","75793867","75793996","chr8","118827722","118827853","22","43033855"
"chr5","75795228","75795460","chr6","124012894","124013127","41","48217666"
"chr5","75814304","75814589","chr10","62315260","62315548","32","13499044"
"chr5","75814650","75814928","chr7","73250785","73251065","41","2563865"
"chr5","75818896","75819208","chr3","171382925","171383221","51","95564029"
"chr5","75820208","75820471","chr4","79455473","79455733","49","3635265"
"chr5","75857972","75858266","chr2","38884008","38884302","36","36973964"
"chr5","75859547","75859827","chr10","30085573","30085855","39","45773974"
"chr5","75866359","75866644","chr19","47662689","47662983","44","28203670"
"chr5","75867385","75867667","chr4","30138836","30139124","46","45728549"
"chr5","75904380","75904675","chr1","212690762","212691052","50","136786382"
"chr5","75912061","75912359","chr2","44047045","44047343","42","31865016"
"chr5","75912629","75912927","chrX","15713155","15713456","33","60199474"
"chr5","75921788","75922095","chr2","104696785","104697093","53","28774997"
"chr5","75927395","75927707","chr5","142871651","142871960","45","66944256"
"chr5","75927875","75928199","chr1","1234974","1235297","41","74692901"
"chr5","75929247","75929542","chr11","59744208","59744500","33","16185039"
"chr5","75966265","75966564","chr20","19191326","19191624","31","56774939"
"chr5","75988628","75988915","chr20","1685141","1685428","39","74303487"
"chr5","76045302","76045600","chr1","20012770","20013073","39","56032532"
"chr5","76046465","76046750","chr5","141333408","141333693","40","65286943"
"chr5","76048806","76049099","chr4","114330673","114330964","46","38281867"
"chr5","76055711","76055987","chr16","50279212","50279487","39","25776499"
"chr5","76084161","76084451","chr7","116541236","116541527","39","40457075"
"chr5","76094881","76095138","chr10","28192604","28192861","46","47902277"
"chr5","76142076","76142215","chr13","46747819","46747958","16","29394257"
"chr5","76181278","76181575","chr10","78749019","78749318","36","2567741"
"chr5","76218210","76218508","chr7","18741876","18742175","40","57476334"
"chr5","76221042","76221343","chr6","124714488","124714790","45","48493446"
"chr5","76245284","76245569","chr11","24661575","24661861","43","51583709"
"chr5","76262727","76263024","chr1","124250793","124251086","40","47988066"
"chr5","76323453","76323674","chr3","121231389","121231617","50","44907936"
"chr5","76324267","76324494","chr19","7950294","7950525","39","68373973"
"chr5","76339903","76340216","chr10","77678903","77679208","53","1339000"
"chr5","76361682","76361951","chr6","161525268","161525536","44","85163586"
"chr5","76405268","76405531","chr7","111089387","111089666","46","34684119"
"chr5","76421203","76421488","chr15","8458538","8458829","51","67962665"
"chr5","76436999","76437307","chr1","204272248","204272555","43","127835249"
"chr5","76453772","76454072","chr9","3805446","3805756","41","72648326"
"chr5","76492810","76493092","chr6","14908506","14908785","44","61584304"
"chr5","76496637","76496919","chr4","155097910","155098188","50","78601273"
"chr5","76509491","76509794","chr1","115424164","115424468","38","38914673"
"chr5","76536862","76537115","chr9","66771776","66772036","45","9765086"
"chr5","76594176","76594381","chr7","155860210","155860412","30","79266034"
"chr5","76605491","76605791","chr10","82135782","82136083","32","5530291"
"chr5","76612624","76612911","chr1","42476755","42477044","44","34135869"
"chr5","76645456","76645755","chr8","99548469","99548767","36","22903013"
"chr5","76650406","76650693","chr12","96936786","96937074","54","20286380"
"chr5","76678093","76678180","chr1","96186735","96186821","23","19508642"
"chr5","76678499","76678649","chr3","52484080","52484224","29","24194419"
"chr5","76679841","76680144","chr5","76012602","76012900","41","667239"
"chr5","76697683","76697995","chr2","135982117","135982423","53","59284434"
"chr5","76699397","76699706","chr1","199749826","199750136","41","123050429"
"chr5","76709349","76709648","chr1","210726116","210726412","47","134016767"
"chr5","76709702","76709909","chr3","38604566","38604772","35","38105136"
"chr5","76717590","76717888","chr6","53239608","53239906","37","23477982"
"chr5","76743059","76743353","chrX","137662380","137662675","32","60919321"
"chr5","76821915","76822215","chr10","78749019","78749318","38","1927104"
"chr5","76827726","76828020","chr10","51131791","51132088","27","25695935"
"chr5","76831030","76831327","chr4","109455929","109456229","40","32624899"
"chr5","76832018","76832323","chr2","90799138","90799447","42","13967120"
"chr5","76867540","76867794","chr1","41172748","41173008","61","35694792"
"chr5","76873719","76873998","chrX","96252990","96253282","42","19379271"
"chr5","76898126","76898382","chr18","50874536","50874793","35","26023590"
"chr5","76911359","76911658","chr1","946135","946434","32","75965224"
"chr5","76922756","76923059","chr15","9873078","9873375","40","67049678"
"chr5","76976924","76977267","chr8","43871928","43872251","80","33104996"
"chr5","77078469","77078717","chr19","44750316","44750577","56","32328153"
"chr5","77096150","77096434","chr4","110946344","110946633","32","33850194"
"chr5","77104900","77105205","chr13","26816294","26816601","39","50288606"
"chr5","77122538","77122829","chr7","117030480","117030769","35","39907942"
"chr5","77203954","77204247","chr10","70855011","70855300","44","6348943"
"chr5","77245866","77246138","chr19","42487999","42488270","47","34757867"
"chr5","77247595","77247895","chr7","49431425","49431724","35","27816170"
"chr5","77253101","77253244","chr20","10775435","10775571","22","66477666"
"chr5","77299351","77299649","chr2","55010925","55011223","35","22288426"
"chr5","77303858","77304176","chr8","120051374","120051685","49","42747516"
"chr5","77331848","77332151","chr15","42637751","42638054","38","34694097"
"chr5","77362027","77362336","chr8","21641128","21641440","40","55720899"
"chr5","77408106","77408405","chrX","15713155","15713456","36","61694951"
"chr5","77412827","77413114","chr2","83711618","83711915","47","6298791"
"chr5","77431516","77431790","chr13","33944337","33944611","47","43487179"
"chr5","77433902","77434193","chr1","207393339","207393628","36","129959437"
"chr5","77445726","77445933","chr2","186858605","186858812","57","109412879"
"chr5","77446548","77446846","chr6","88594419","88594718","54","11147871"
"chr5","77464376","77464677","chrX","120074140","120074440","35","42609764"
"chr5","77553484","77553778","chr1","24377961","24378253","37","53175523"
"chr5","77554708","77555010","chr3","51854376","51854674","43","25700332"
"chr5","77595326","77595628","chr3","2946807","2947110","43","74648519"
"chr5","77607974","77608284","chr2","136518437","136518746","43","58910463"
"chr5","77753315","77753465","chr4","103459648","103459795","36","25706333"
"chr5","77791800","77792098","chr1","219468398","219468698","45","141676598"
"chr5","77795621","77795870","chrX","122712517","122712780","40","44916896"
"chr5","77805046","77805271","chr18","13846676","13846914","54","63958370"
"chr5","77819733","77820021","chr9","26199564","26199852","37","51620169"
"chr5","77822154","77822451","chr13","125134336","125134638","37","47312182"
"chr5","77823297","77823587","chrX","37796617","37796904","41","40026680"
"chr5","77825125","77825291","chr6","165562719","165562880","29","87737594"
"chr5","77826633","77826764","chr8","51403248","51403379","22","26423385"
"chr5","77827519","77827634","chrX","142417749","142417870","21","64590230"
"chr5","77837816","77838110","chr19","39690368","39690660","42","38147448"
"chr5","77843682","77843989","chr12","58244299","58244591","79","19599383"
"chr5","77849228","77849511","chr5","33844382","33844674","43","44004846"
"chr5","77861130","77861439","chr11","77050801","77051110","40","810329"
"chr5","77863614","77863916","chr10","58133998","58134305","45","19729616"
"chr5","77890854","77891135","chr11","95761683","95761964","38","17870829"
"chr5","77896263","77896558","chr8","134025560","134025857","41","56129297"
"chr5","77906630","77906913","chr16","44944350","44944628","43","32962280"
"chr5","77908618","77908918","chr8","97994163","97994466","29","20085545"
"chr5","77923221","77923513","chr1","207393339","207393628","30","129470118"
"chr5","77925882","77926176","chr18","12269702","12269996","41","65656180"
"chr5","77932860","77932996","chr6","153592160","153592297","39","75659300"
"chr5","77948860","77949161","chr9","7025626","7025918","46","70923234"
"chr5","77958841","77958979","chr9","66645114","66645250","24","11313727"
"chr5","77980503","77980801","chr7","146889535","146889842","43","68909032"
"chr5","77982532","77982820","chr7","133065043","133065330","33","55082511"
"chr5","77989501","77989802","chr3","125389091","125389392","45","47399590"
"chr5","78028809","78029092","chr20","69383615","69383902","43","8645194"
"chr5","78124418","78124708","chr7","72707693","72707981","36","5416725"
"chr5","78126771","78127042","chr9","57050080","57050359","49","21076691"
"chr5","78129648","78129949","chr1","33530919","33531225","42","44598729"
"chr5","78144456","78144747","chr11","96571238","96571531","44","18426782"
"chr5","78178764","78179053","chr10","47330984","47331271","52","30847780"
"chr5","78179502","78179790","chr2","94343271","94343561","44","16163769"
"chr5","78195939","78196247","chr4","157734130","157734435","39","79538191"
"chr5","78198023","78198335","chr2","41438773","41439082","50","36759250"
"chr5","78218016","78218285","chr2","39029241","39029515","39","39188775"
"chr5","78233748","78234038","chr2","172730375","172730668","45","94496627"
"chr5","78240674","78240953","chr20","59595966","59596249","56","18644708"
"chr5","78285911","78286224","chr6","143658894","143659197","46","65372983"
"chr5","78332700","78333008","chr4","40033128","40033435","44","38299572"
"chr5","78344108","78344400","chr3","169260164","169260459","36","90916056"
"chr5","78356092","78356342","chr7","151776343","151776597","55","73420251"
"chr5","78414999","78415247","chr3","77245465","77245715","33","1169534"
"chr5","78431643","78431954","chr13","37746295","37746606","46","40685348"
"chr5","78467938","78468153","chr8","97808132","97808346","29","19340194"
"chr5","78472095","78472393","chr5","171657301","171657602","40","93185206"
"chr5","78482851","78483152","chr2","46682521","46682821","39","31800330"
"chr5","78519840","78520138","chr15","7561500","7561795","40","70958340"
"chr5","78528451","78528568","chrX","33348734","33348848","15","45179717"
"chr5","78529351","78529561","chr17","51551181","51551390","41","26978170"
"chr5","78532624","78532919","chr14","111877236","111877529","48","33344612"
"chr5","78552504","78552807","chr19","3064712","3065012","38","75487792"
"chr5","78603022","78603320","chr11","114923633","114923926","45","36320611"
"chr5","78645427","78645667","chr3","44385037","44385288","42","34260390"
"chr5","78649365","78649654","chr16","18796729","18797022","37","59852636"
"chr5","78708266","78708556","chr1","219677924","219678213","42","140969658"
"chr5","78723366","78723670","chr16","21639667","21639964","44","57083699"
"chr5","78725849","78726138","chr1","15213458","15213741","53","63512391"
"chr5","78739969","78740312","chr2","101651204","101651504","85","22911235"
"chr5","78750053","78750359","chr6","127653775","127654079","41","48903722"
"chr5","78766989","78767280","chr10","13285322","13285614","39","65481667"
"chr5","78772977","78773282","chr9","38170178","38170483","40","40602799"
"chr5","78830236","78830546","chr13","52965573","52965882","34","25864663"
"chr5","78864770","78865030","chr16","40089","40353","41","78824681"
"chr5","78867042","78867343","JH682036","358126","358421","45","78508916"
"chr5","78897017","78897309","chr10","18415650","18415939","42","60481367"
"chr5","78913632","78913824","chr6","151104261","151104452","39","72190629"
"chr5","78917846","78918164","chrX","43179195","43179504","53","35738651"
"chr5","78977710","78978001","chr3","74390980","74391277","40","4586730"
"chr5","79022985","79023289","chr3","34969388","34969689","41","44053597"
"chr5","79167897","79168193","chr11","59744208","59744500","27","19423689"
"chr5","79218098","79218410","chr20","49466909","49467216","40","29751189"
"chr5","79289080","79289374","chr19","47662689","47662983","43","31626391"
"chr5","79349470","79349745","chr9","13974025","13974315","52","65375445"
"chr5","79350537","79350837","chr3","130290294","130290595","36","50939757"
"chr5","79363050","79363337","chrX","62378326","62378608","43","16984724"
"chr5","79426465","79426767","chrX","137765287","137765594","50","58338822"
"chr5","79432393","79432675","chr16","45339014","45339298","40","34093379"
"chr5","79462156","79462448","chr16","51038207","51038499","50","28423949"
"chr5","79539148","79539420","chr4","10337240","10337517","42","69201908"
"chr5","79564258","79564479","chr16","52469816","52470032","34","27094442"
"chr5","79578873","79579183","chr14","12000742","12001053","36","67578131"
"chr5","79619181","79619461","chr5","34504261","34504542","51","45114920"
"chr5","79686526","79686822","chr4","164474671","164474969","33","84788145"
"chr5","79689248","79689371","chr16","52408903","52409022","20","27280345"
"chr5","79753873","79754175","chr11","52287005","52287308","32","27466868"
"chr5","79783674","79783964","chr15","29838350","29838639","37","49945324"
"chr5","79787869","79788160","chr6","10235231","10235527","44","69552638"
"chr5","79818576","79818859","chr1","27475449","27475738","47","52343127"
"chr5","79821070","79821361","chr18","54954890","54955184","44","24866180"
"chr5","79838151","79838412","chr7","80887200","80887469","39","1049049"
"chr5","79845443","79845768","chr7","155237414","155237714","60","75391971"
"chr5","79868495","79868804","chr6","31393353","31393656","51","48475142"
"chr5","79913641","79913927","chr17","38645879","38646172","45","41267762"
"chr5","79955741","79956052","chr2","95068228","95068528","52","15112487"
"chr5","80020201","80020496","chr7","90971726","90972022","42","10951525"
"chr5","80075639","80075935","chr12","69597135","69597433","49","10478504"
"chr5","80124404","80124701","chr17","12723410","12723708","37","67400994"
"chr5","80129756","80130049","JH679634","11259","11552","45","80118497"
"chr5","80167931","80168269","chr9","87017794","87018116","82","6849863"
"chr5","80189216","80189515","chr11","124390354","124390650","37","44201138"
"chr5","80216188","80216490","chr12","34084117","34084423","42","46132071"
"chr5","80223197","80223496","chr2","46682521","46682821","35","33540676"
"chr5","80229851","80230147","chr4","160599897","160600192","37","80370046"
"chr5","80285391","80285689","chr5","154328647","154328948","50","74043256"
"chr5","80288561","80288873","chr6","156958752","156959063","46","76670191"
"chr5","80299759","80300051","chr4","110946344","110946633","43","30646585"
"chr5","80342918","80343225","chr11","102998104","102998407","42","22655186"
"chr5","80365285","80365545","chr7","147219267","147219530","41","66853982"
"chr5","80402417","80402674","chr18","15666626","15666889","40","64735791"
"chr5","80406395","80406677","chrX","16426045","16426331","37","63980350"
"chr5","80430918","80431248","chr11","13691517","13691834","64","66739401"
"chr5","80440261","80440553","chr19","12472544","12472839","39","67967717"
"chr5","80446920","80447195","chr5","101457421","101457692","48","21010501"
"chr5","80458977","80459056","chr4","20162471","20162552","14","60296506"
"chr5","80461628","80461931","chr1","162025435","162025737","52","81563807"
"chr5","80471575","80471747","chr8","28444640","28444796","37","52026935"
"chr5","80484679","80484981","chr11","12761858","12762157","46","67722821"
"chr5","80490348","80490621","chr19","9732034","9732309","39","70758314"
"chr5","80534379","80534672","chr1","153736131","153736423","49","73201752"
"chr5","80567330","80567626","chr5","103768433","103768725","39","23201103"
"chr5","80638579","80638872","chr2","38884008","38884302","41","41754571"
"chr5","80699388","80699673","chr4","34747186","34747478","41","45952202"
"chr5","80817160","80817448","chr1","163039410","163039702","43","82222250"
"chr5","80835876","80836122","chr9","116735467","116735713","37","35899591"
"chr5","80918188","80918492","chr13","32817425","32817728","36","48100763"
"chr5","80928341","80928635","chr2","39660204","39660504","42","41268137"
"chr5","80968825","80969113","chr12","93339213","93339508","44","12370388"
"chr5","81030535","81030815","chr16","1419036","1419322","42","79611499"
"chr5","81053858","81054155","chr3","103398952","103399243","43","22345094"
"chr5","81090545","81090835","chr1","54558848","54559134","51","26531697"
"chr5","81099896","81100189","chr1","163039410","163039702","39","81939514"
"chr5","81121134","81121415","chr11","46126255","46126535","35","34994879"
"chr5","81129400","81129694","chr3","152552247","152552547","37","71422847"
"chr5","81165346","81165643","chr16","70619220","70619515","40","10546126"
"chr5","81197364","81197684","chr16","21958952","21959252","55","59238412"
"chr5","81226356","81226662","chrX","122210526","122210830","38","40984170"
"chr5","81240161","81240463","chr4","13663992","13664285","40","67576169"
"chr5","81328107","81328407","chr2","46893044","46893340","38","34435063"
"chr5","81345637","81345930","chr19","7001372","7001665","38","74344265"
"chr5","81365585","81365879","chr2","83916097","83916394","46","2550512"
"chr5","81391431","81391716","chr9","20813240","20813526","57","60578191"
"chr5","81490003","81490293","chr15","22561456","22561749","36","58928547"
"chr5","81543579","81543894","chr5","102707372","102707683","44","21163793"
"chr5","81579255","81579573","chr16","54738310","54738614","47","26840945"
"chr5","81776876","81777191","chr8","114426808","114427118","45","32649932"
"chr5","81814781","81815081","chr13","60067141","60067439","30","21747640"
"chr5","81886776","81886984","chr3","175805682","175805890","24","93918906"
"chr5","81892516","81892812","chr2","44513923","44514220","44","37378593"
"chr5","81915078","81915386","chr7","93612219","93612525","45","11697141"
"chr5","82041251","82041525","chr7","139237535","139237811","48","57196284"
"chr5","82078500","82078815","chr9","60833212","60833524","57","21245288"
"chr5","82117245","82117545","chr7","16206849","16207148","37","65910396"
"chr5","82186672","82186981","chr15","96588502","96588809","42","14401830"
"chr5","82213431","82213733","chrX","15713155","15713456","40","66500276"
"chr5","82216011","82216318","chr12","63712638","63712948","32","18503373"
"chr5","82235589","82235885","JH682036","358126","358421","30","81877463"
"chr5","82299068","82299353","chr10","50949405","50949695","49","31349663"
"chr5","82309695","82309980","chr12","13511504","13511784","37","68798191"
"chr5","82332473","82332766","chr4","10912888","10913182","43","71419585"
"chr5","82334393","82334678","chr2","184580196","184580486","32","102245803"
"chr5","82346114","82346390","chr13","64416561","64416845","41","17929553"
"chr5","82459296","82459596","chr13","32817425","32817728","33","49641871"
"chr5","82468239","82468508","chr20","21505771","21506044","43","60962468"
"chr5","82483708","82483999","chr12","88908759","88909041","47","6425051"
"chr5","82487177","82487487","chr15","8010030","8010341","46","74477147"
"chr5","82494567","82494659","chr1","207305653","207305745","9","124811086"
"chr5","82509260","82509550","chr1","219677924","219678213","50","137168664"
"chr5","82529813","82530112","chr11","101334321","101334626","47","18804508"
"chr5","82587827","82588118","chr3","53651938","53652230","42","28935889"
"chr5","82608891","82609188","chr3","67640358","67640660","40","14968533"
"chr5","82614972","82615278","chr8","111500920","111501220","38","28885948"
"chr5","82666616","82666916","chr1","185101023","185101330","46","102434407"
"chr5","82669863","82670034","chr15","93934714","93934883","26","11264851"
"chr5","82713970","82714268","chr5","86230125","86230425","35","3516155"
"chr5","82738652","82738961","chr4","56503347","56503657","44","26235305"
"chr5","82767304","82767604","chr6","133004541","133004839","44","50237237"
"chr5","82854968","82855267","chr19","3064712","3065012","30","79790256"
"chr5","82859528","82859830","chr2","88357175","88357482","44","5497647"
"chr5","82861866","82862164","chr3","67941541","67941839","32","14920325"
"chr5","82888150","82888458","chr5","32469834","32470141","39","50418316"
"chr5","82895809","82896108","chr19","18282899","18283200","37","64612910"
"chr5","82911368","82911670","chr1","113972463","113972763","37","31061095"
"chr5","83057461","83057768","chr20","51687068","51687378","53","31370393"
"chr5","83061890","83062107","chr7","121329046","121329267","29","38267156"
"chr5","83062136","83062436","chr16","56170271","56170546","60","26891865"
"chr5","83062494","83062809","chr11","59744208","59744500","70","23318286"
"chr5","83083092","83083384","chr2","72702249","72702540","41","10380843"
"chr5","83093135","83093430","chr11","46110133","46110427","33","36983002"
"chr5","83108581","83108875","chr1","94365322","94365615","44","11256741"
"chr5","83111693","83111992","chr11","46110133","46110427","52","37001560"
"chr5","83128636","83128923","chr5","58082891","58083179","39","25045745"
"chr5","83155025","83155307","chrX","62948145","62948432","45","20206880"
"chr5","83194139","83194438","chr1","53988770","53989067","41","29205369"
"chr5","83208896","83209194","chr14","53927134","53927436","42","29281762"
"chr5","83225266","83225555","chr3","108412249","108412542","42","25186983"
"chr5","83253634","83253930","chr2","186511571","186511867","41","103257937"
"chr5","83278215","83278527","chr11","33968956","33969265","33","49309259"
"chr5","83281096","83281383","chr19","40474445","40474732","44","42806651"
"chr5","83292821","83293114","chr3","151167147","151167437","43","67874326"
"chr5","83326080","83326374","chr11","31591981","31592280","38","51734099"
"chr5","83352849","83353153","chrX","44962032","44962338","40","38390817"
"chr5","83356815","83357126","chr7","5728890","5729199","46","77627925"
"chr5","83389180","83389485","chr11","123129724","123130034","44","39740544"
"chr5","83401069","83401323","chr14","114184730","114184983","42","30783661"
"chr5","83423139","83423448","chr1","13985621","13985926","48","69437518"
"chr5","83450671","83450960","chr3","41188591","41188879","40","42262080"
"chr5","83466170","83466470","chr14","63716116","63716415","40","19750054"
"chr5","83470368","83470664","chr12","69597135","69597433","38","13873233"
"chr5","83519389","83519672","chr10","62315260","62315548","43","21204129"
"chr5","83526237","83526413","chr5","90176284","90176456","31","6650047"
"chr5","83543360","83543617","chr10","37817455","37817721","47","45725905"
"chr5","83545560","83545842","chr2","88801525","88801807","45","5255965"
"chr5","83571340","83571640","chr19","35482053","35482349","37","48089287"
"chr5","83575546","83575839","chr8","139618702","139619000","37","56043156"
"chr5","83583674","83583972","chr1","128791048","128791346","36","45207374"
"chr5","83595770","83596078","chr4","109388544","109388836","50","25792774"
"chr5","83600517","83600815","chr6","161763310","161763606","37","78162793"
"chr5","83607954","83608256","chr10","59879761","59880065","34","23728193"
"chr5","83611692","83611982","chr5","58082891","58083179","43","25528801"
"chr5","83628498","83628776","chr11","13532110","13532383","59","70096388"
"chr5","83633284","83633583","chr10","46007696","46008002","41","37625588"
"chr5","83647800","83648087","chr9","66366305","66366593","50","17281495"
"chr5","83648674","83648967","chr1","94365322","94365615","36","10716648"
"chr5","83649317","83649612","chr3","87860767","87861057","42","4211450"
"chr5","83657021","83657321","chr11","59744208","59744500","40","23912813"
"chr5","83658946","83659251","chr16","50298577","50298876","37","33360369"
"chr5","83667616","83667911","chr19","3064712","3065012","34","80602904"
"chr5","83684232","83684532","chr2","45415457","45415754","40","38268775"
"chr5","83710077","83710365","chr12","22795463","22795749","36","60914614"
"chr5","83765267","83765536","chr10","35780315","35780589","53","47984952"
"chr5","83794422","83794727","chr18","83609","83914","35","83710813"
"chr5","83796453","83796759","chrX","63576021","63576327","47","20220432"
"chr5","83814991","83815295","chr16","15788944","15789248","35","68026047"
"chr5","83829161","83829467","chr7","132955210","132955520","39","49126049"
"chr5","83831127","83831430","chr15","88475091","88475399","51","4643964"
"chr5","83841647","83841939","chr8","22381843","22382135","37","61459804"
"chr5","83844367","83844439","chr11","56764913","56764985","23","27079454"
"chr5","83857807","83858075","chr7","40144205","40144467","40","43713602"
"chr5","83873075","83873382","chr1","179416858","179417165","43","95543783"
"chr5","83904124","83904393","chr8","119618087","119618362","52","35713963"
"chr5","83945308","83945578","chr11","60614947","60615205","45","23330361"
"chr5","83973890","83974200","chr14","5934954","5935260","42","78038936"
"chr5","83976478","83976665","chr16","42613262","42613447","31","41363216"
"chr5","83977526","83977820","chr1","164105745","164106040","39","80128219"
"chr5","83986601","83986899","chr13","125352623","125352912","38","41366022"
"chr5","83995459","83995807","chr19","4616969","4617274","93","79378490"
"chr5","83998479","83998598","chr3","21978349","21978465","22","62020130"
"chr5","84007046","84007336","chr18","12989195","12989487","43","71017851"
"chr5","84009434","84009671","chr8","103243008","103243239","39","19233574"
"chr5","84016015","84016311","chr3","160772561","160772858","43","76756546"
"chr5","84029634","84029935","chr20","19191326","19191624","42","64838308"
"chr5","84032589","84032879","chr16","59456451","59456754","67","24576138"
"chr5","84036429","84036734","chr17","88324240","88324540","45","4287811"
"chr5","84038489","84038692","chr3","175805682","175805890","37","91767193"
"chr5","84078050","84078172","chr16","69974379","69974504","17","14103671"
"chr5","84087032","84087199","chr6","168710657","168710821","26","84623625"
"chr5","84121901","84122210","chr6","128110448","128110754","33","43988547"
"chr5","84134605","84134863","chr10","30538407","30538682","59","53596198"
"chr5","84162735","84163033","chr19","3064712","3065012","33","81098023"
"chr5","84171209","84171299","chrX","131890080","131890165","14","47718871"
"chr5","84175169","84175454","chr10","62315260","62315548","40","21859909"
"chr5","84177808","84178098","chr10","78793021","78793318","35","5384787"
"chr5","84209806","84210098","chr14","15577285","15577579","29","68632521"
"chr5","84233021","84233299","chr20","26324160","26324436","45","57908861"
"chr5","84238530","84238805","chr14","21655489","21655772","46","62583041"
"chr5","84272844","84273138","chr12","26221381","26221674","43","58051463"
"chr5","84279756","84280044","chr3","157031775","157032065","44","72752019"
"chr5","84286352","84286653","chr6","120492723","120493023","44","36206371"
"chr5","84289001","84289302","chr7","48694397","48694696","45","35594604"
"chr5","84310865","84310968","chr19","45833680","45833778","22","38477185"
"chr5","84311631","84311838","chr6","139423244","139423447","31","55111613"
"chr5","84315704","84315998","chr14","5934954","5935260","40","78380750"
"chr5","84325269","84325591","chr15","88794387","88794694","65","4469118"
"chr5","84331761","84332071","chr7","37449373","37449676","30","46882388"
"chr5","84334539","84334835","chr11","59744208","59744500","39","24590331"
"chr5","84350864","84351171","chr10","37288204","37288518","42","47062660"
"chr5","84412479","84412768","chr5","71706863","71707155","54","12705616"
"chr5","84431283","84431575","chr1","40137387","40137679","34","44293896"
"chr5","84431915","84432203","chr16","40645131","40645426","40","43786784"
"chr5","84432284","84432547","chr10","14460462","14460719","44","69971822"
"chr5","84461442","84461739","chr16","21639667","21639964","37","62821775"
"chr5","84461745","84461892","chr8","28444640","28444796","38","56017105"
"chr5","84483798","84483909","chr4","53194623","53194735","31","31289175"
"chr5","84486647","84486946","chrX","123457402","123457697","45","38970755"
"chr5","84510179","84510480","chr6","142572268","142572563","43","58062089"
"chr5","84517273","84517552","chr9","29856126","29856394","69","54661147"
"chr5","84519747","84520042","chr9","79342653","79342946","37","5177094"
"chr5","84547633","84547917","chr7","63563901","63564180","60","20983732"
"chr5","84559890","84559999","chr6","160341907","160342015","23","75782017"
"chr5","84560000","84560041","chr11","111282579","111282620","8","26722579"
"chr5","84562733","84563028","chr11","59744208","59744500","32","24818525"
"chr5","84580256","84580549","chr12","98300764","98301051","35","13720508"
"chr5","84580703","84581049","chr4","7574720","7575049","82","77005983"
"chr5","84583786","84584092","chr13","32817425","32817728","38","51766361"
"chr5","84593550","84593822","chr3","46191674","46191948","43","38401876"
"chr5","84616392","84616671","chr7","159874724","159875019","49","75258332"
"chr5","84629816","84630112","chr4","83473705","83474006","41","1156111"
"chr5","84640275","84640555","chr1","21494679","21494967","70","63145596"
"chr5","84641853","84642155","chr12","82042102","82042404","39","2599751"
"chr5","84652785","84653078","chr2","98400699","98400991","42","13747914"
"chr5","84682249","84682546","chr3","10482926","10483222","41","74199323"
"chr5","84696938","84697225","chr19","4119009","4119297","39","80577929"
"chr5","84699560","84699873","chr8","91437935","91438229","66","6738375"
"chr5","84701047","84701355","chr7","130799613","130799922","45","46098566"
"chr5","84702743","84703050","chr8","97994163","97994466","38","13291420"
"chr5","84706303","84706568","chr11","117081609","117081880","40","32375306"
"chr5","84714900","84715135","chr9","53458224","53458460","30","31256676"
"chr5","84752496","84752621","chr19","44622152","44622275","17","40130344"
"chr5","84753521","84753829","chr11","36769212","36769521","40","47984309"
"chr5","84757183","84757470","chrX","134515872","134516158","43","49758689"
"chr5","84757476","84757762","chr1","128477471","128477761","40","43719995"
"chr5","84772192","84772495","chr16","15885719","15886018","39","68886473"
"chr5","84787677","84787980","chr1","34678030","34678334","46","50109647"
"chr5","84802231","84802528","chr1","20012770","20013073","43","64789461"
"chr5","84805437","84805715","chr18","8977532","8977813","37","75827905"
"chr5","84832558","84832855","chr4","154002404","154002699","41","69169846"
"chr5","84837467","84837697","chr7","121329046","121329267","31","36491579"
"chr5","84844653","84844828","chr2","85362774","85362950","38","518121"
"chr5","84856951","84857253","chrX","45487697","45487995","37","39369254"
"chr5","84865185","84865492","chr6","157477970","157478279","46","72612785"
"chr5","84941478","84941719","chr5","106625263","106625493","45","21683785"
"chr5","84960812","84961089","chr19","13590990","13591272","47","71369822"
"chr5","84968021","84968313","chr18","54954890","54955184","41","30013131"
"chr5","84988227","84988392","chrX","44423448","44423613","27","40564779"
"chr5","84989292","84989587","chr19","28212317","28212613","48","56776975"
"chr5","84997190","84997497","chr1","129877213","129877510","50","44880023"
"chr5","85000125","85000425","chr1","39013788","39014096","39","45986337"
"chr5","85010664","85010947","chr2","135177745","135178021","52","50167081"
"chr5","85010997","85011300","chr14","17317458","17317768","38","67693539"
"chr5","85023520","85023824","chr1","212841578","212841874","51","127818058"
"chr5","85029117","85029398","chr6","70890964","70891249","46","14138153"
"chr5","85036769","85037066","chr1","124998618","124998915","31","39961849"
"chr5","85050102","85050402","chr1","11912016","11912323","39","73138086"
"chr5","85054635","85054919","chr6","125918513","125918796","37","40863878"
"chr5","85066752","85066996","chr4","42930490","42930739","48","42136262"
"chr5","85120617","85120919","chr17","8837526","8837825","38","76283091"
"chr5","85164525","85164815","chr9","19850832","19851138","49","65313693"
"chr5","85212082","85212363","chr20","22197334","22197625","45","63014748"
"chr5","85278141","85278404","chr2","43982650","43982906","55","41295491"
"chr5","85287394","85287689","chr7","9043063","9043359","33","76244331"
"chr5","85311473","85311766","chr1","48763142","48763429","42","36548331"
"chr5","85321453","85321740","chr1","121582432","121582715","48","36260979"
"chr5","85347591","85347891","chr1","25455048","25455352","52","59892543"
"chr5","85381382","85381661","chr15","21464395","21464674","41","63916987"
"chr5","85400023","85400198","chr11","132171694","132171867","26","46771671"
"chr5","85442706","85442986","chr19","12288111","12288395","48","73154595"
"chr5","85447510","85447739","chr8","76100671","76100906","33","9346839"
"chr5","85489142","85489460","chr10","16049988","16050292","49","69439154"
"chr5","85531523","85531824","chr16","8574082","8574382","50","76957441"
"chr5","85712460","85712738","chr16","66850428","66850712","46","18862032"
"chr5","85714405","85714689","chr2","184580196","184580486","41","98865791"
"chr5","85754897","85755196","chr3","160772561","160772858","39","75017664"
"chr5","85759383","85759694","chr8","28037586","28037897","46","57721797"
"chr5","85850848","85851150","chr3","34969388","34969689","36","50881460"
"chr5","85869913","85870167","chr4","118305946","118306203","41","32436033"
"chr5","85904392","85904713","chr16","3809440","3809753","83","82094952"
"chr5","86048873","86049167","chr1","42476755","42477044","34","43572118"
"chr5","86057863","86058165","chr13","32817425","32817728","36","53240438"
"chr5","86085382","86085673","chrX","121543158","121543461","45","35457776"
"chr5","86135716","86135938","chr1","22170164","22170392","53","63965552"
"chr5","86138237","86138536","chr1","946135","946434","34","85192102"
"chr5","86149032","86149319","chr4","110946344","110946633","36","24797312"
"chr5","86197465","86197747","chr1","158576945","158577227","54","72379480"
"chr5","86287325","86287583","chr2","48543356","48543628","71","37743969"
"chr5","86329669","86329977","chr10","46007696","46008002","41","40321973"
"chr5","86336808","86337134","chr16","22416921","22417252","84","63919887"
"chr5","86349124","86349382","chr5","353742","354000","41","85995382"
"chr5","86354573","86354885","chr2","41438773","41439082","40","44915800"
"chr5","86358845","86359143","chr14","63716116","63716415","44","22642729"
"chr5","86363092","86363389","chr3","43641513","43641809","37","42721579"
"chr5","86369188","86369464","chr1","9902896","9903189","52","76466292"
"chr5","86373369","86373661","chr15","90210594","90210890","36","3837225"
"chr5","86390875","86391167","chr10","78793021","78793318","34","7597854"
"chr5","86396602","86396926","chr8","137851042","137851346","83","51454440"
"chr5","86403720","86404022","chr1","7993999","7994304","31","78409721"
"chr5","86451927","86452233","chr1","129877213","129877510","47","43425286"
"chr5","86496630","86496928","chr2","147426415","147426718","33","60929785"
"chr5","86516200","86516489","chr11","49348057","49348353","42","37168143"
"chr5","86526948","86527247","chr16","439114","439409","36","86087834"
"chr5","86559583","86559751","chrX","44423448","44423613","21","42136135"
"chr5","86572727","86573020","chr13","85932569","85932862","40","640158"
"chr5","86594510","86594807","chr12","86662303","86662604","35","67793"
"chr5","86596440","86596698","chr16","24557015","24557276","48","62039425"
"chr5","86627087","86627390","chr3","143204397","143204702","50","56577310"
"chr5","86685446","86685744","chr19","3064712","3065012","33","83620734"
"chr5","86688385","86688685","chr4","69347489","69347789","38","17340896"
"chr5","86709590","86709894","chr6","148752882","148753187","45","62043292"
"chr5","86725311","86725612","chr7","160252905","160253204","57","73527594"
"chr5","86734593","86734887","chr12","62687165","62687465","52","24047428"
"chr5","86756805","86757060","chr14","14265647","14265901","39","72491158"
"chr5","86759938","86760236","chr1","121502010","121502313","45","34742072"
"chr5","86767116","86767397","chr11","131492005","131492296","44","44724889"
"chr5","86771973","86772138","chr13","93249064","93249232","28","6477091"
"chr5","86813093","86813387","chr7","91259277","91259574","39","4446184"
"chr5","86821560","86821858","chr15","90210594","90210890","28","3389034"
"chr5","86835697","86835980","chr15","57652318","57652603","45","29183379"
"chr5","86843257","86843549","chr3","103398952","103399243","35","16555695"
"chr5","86902463","86902770","chr14","121139781","121140089","46","34237318"
"chr5","86938251","86938473","chr16","44736527","44736748","35","42201724"
"chr5","86950915","86951218","chr13","32817425","32817728","39","54133490"
"chr5","86993371","86993678","chr6","124714488","124714790","40","37721117"
"chr5","87015571","87015875","chr11","92463562","92463865","47","5447991"
"chr5","87033820","87034083","chr1","64811514","64811776","45","22222306"
"chr5","87059058","87059339","chr15","29838350","29838639","48","57220708"
"chr5","87080998","87081248","chr8","102916371","102916625","38","15835373"
"chr5","87090016","87090307","chr7","17565066","17565366","43","69524950"
"chr5","87211577","87211858","chr1","159897609","159897902","54","72686032"
"chr5","87333266","87333548","chr1","138442910","138443191","48","51109644"
"chr5","87335324","87335611","chr7","52736490","52736780","43","34598834"
"chr5","87389188","87389488","chr11","108474262","108474559","41","21085074"
"chr5","87391690","87391990","chr3","97738231","97738531","40","10346541"
"chr5","87392859","87393137","chr4","10337240","10337517","42","77055619"
"chr5","87492594","87492694","chr13","60423183","60423282","16","27069411"
"chr5","87555247","87555346","chr3","161273467","161273562","18","73718220"
"chr5","87570114","87570395","chr8","50618249","50618537","45","36951865"
"chr5","87699361","87699573","chr3","130167583","130167798","33","42468222"
"chr5","87739915","87740186","chr16","50279212","50279487","34","37460703"
"chr5","87744387","87744682","chr8","85566036","85566332","34","2178351"
"chr5","87764065","87764359","chr11","103464317","103464610","37","15700252"
"chr5","87779609","87779926","chr4","51477395","51477703","65","36302214"
"chr5","87810409","87810711","chr6","143834762","143835068","32","56024353"
"chr5","87813133","87813432","chr5","2577333","2577630","36","85235800"
"chr5","87818322","87818670","chr19","11995413","11995744","71","75822909"
"chr5","87834139","87834437","chr10","62315260","62315548","49","25518879"
"chr5","87835634","87835939","chr1","157703197","157703497","38","69867563"
"chr5","87844906","87845212","chr13","32817425","32817728","37","55027481"
"chr5","87846913","87847148","chr19","6706878","6707125","47","81140035"
"chr5","87859058","87859361","chr6","124714488","124714790","39","36855430"
"chr5","87880096","87880400","chr20","66601699","66601991","53","21278397"
"chr5","87905580","87905870","chrX","28070009","28070301","40","59835571"
"chr5","87977880","87978179","chr2","95068228","95068528","40","7090348"
"chr5","87989635","87989944","chr3","40571214","40571519","47","47418421"
"chr5","87991223","87991511","chr2","43087474","43087766","41","44903749"
"chr5","87996497","87996670","chr3","14928431","14928603","34","73068066"
"chr5","88019354","88019659","chr4","42987581","42987889","38","45031773"
"chr5","88025033","88025085","chr16","42500001","42500051","6","45525032"
"chr5","88034967","88035253","chr2","113134591","113134882","44","25099624"
"chr5","88039187","88039484","chr12","81083439","81083742","46","6955748"
"chr5","88042380","88042655","chr12","93108642","93108929","40","5066262"
"chr5","88076382","88076672","chr6","142572268","142572563","43","54495886"
"chr5","88106289","88106593","chr3","38447004","38447303","36","49659285"
"chr5","88162204","88162508","chr6","124714488","124714790","28","36552284"
"chr5","88179847","88180147","chr19","8988494","8988802","42","79191353"
"chr5","88197465","88197769","chr1","130649516","130649818","48","42452051"
"chr5","88253021","88253155","chr1","129498511","129498647","21","41245490"
"chr5","88357301","88357594","chr10","29691322","29691619","53","58665979"
"chr5","88370039","88370351","chr2","130228273","130228581","48","41858234"
"chr5","88455299","88455604","chr1","128155382","128155688","35","39700083"
"chr5","88560067","88560190","chr17","48454444","48454566","16","40105623"
"chr5","88571324","88571639","chr1","7993999","7994304","44","80577325"
"chr5","88629660","88629957","chr10","78749019","78749318","41","9880641"
"chr5","88632026","88632276","chr19","1804810","1805065","55","86827216"
"chr5","88662983","88663277","chr4","111697334","111697630","33","23034351"
"chr5","88672080","88672340","chr10","78353356","78353619","49","10318724"
"chr5","88720696","88721004","chr10","46007696","46008002","47","42713000"
"chr5","88740900","88741189","chr10","62315260","62315548","39","26425640"
"chr5","88750111","88750390","chr10","62315260","62315548","46","26434851"
"chr5","88768575","88768874","chr16","71523340","71523633","45","17245235"
"chr5","88781930","88782229","chr13","54441045","54441338","47","34340885"
"chr5","88914736","88915052","chr17","53208555","53208865","55","35706181"
"chr5","88976623","88976916","chr11","59744208","59744500","34","29232415"
"chr5","88979693","88979987","chr13","3026078","3026372","33","85953615"
"chr5","88981114","88981406","chrX","112314689","112314977","50","23333575"
"chr5","88988434","88988745","chr4","79217053","79217354","40","9771381"
"chr5","88992063","88992373","chr19","26742010","26742323","44","62250053"
"chr5","88996188","88996491","chr18","48465782","48466081","36","40530406"
"chr5","89029788","89030079","chr2","184580196","184580486","40","95550408"
"chr5","89043135","89043418","chr2","28624536","28624818","41","60418599"
"chr5","89051009","89051321","chr2","101409694","101410001","44","12358685"
"chr5","89066462","89066762","chr16","28693108","28693411","48","60373354"
"chr5","89126702","89126994","chr2","184580196","184580486","32","95453494"
"chr5","89219234","89219533","chr1","219225924","219226223","37","130006690"
"chr5","89247099","89247397","chr8","39725066","39725361","40","49522033"
"chr5","89356457","89356676","chr1","160159276","160159496","33","70802819"
"chr5","89392657","89392950","chr13","32325637","32325935","44","57067020"
"chr5","89427944","89428266","chrX","11303309","11303608","71","78124635"
"chr5","89430176","89430474","chr11","94663191","94663491","43","5233015"
"chr5","89435824","89436126","chr6","64837065","64837367","50","24598759"
"chr5","89486856","89487003","chr7","117424070","117424225","28","27937214"
"chr5","89487007","89487202","chr7","47637268","47637458","35","41849739"
"chr5","89492032","89492318","chr1","56231804","56232091","41","33260228"
"chr5","89542348","89542642","chr6","71008872","71009167","41","18533476"
"chr5","89550122","89550426","chr2","62500002","62500306","35","27050120"
"chr5","89552747","89553043","chr2","84844754","84845049","41","4707993"
"chr5","89629004","89629319","chr10","67405046","67405353","44","22223958"
"chr5","89661439","89661731","chr1","181888418","181888704","40","92226979"
"chr5","89677101","89677407","chr10","70335100","70335400","44","19342001"
"chr5","89683010","89683297","chr10","62315260","62315548","32","27367750"
"chr5","90239542","90239832","chr9","31646265","31646560","39","58593277"
"chr5","90266595","90266908","chr2","116145289","116145600","55","25878694"
"chr5","90275202","90275499","chr3","178463842","178464137","38","88188640"
"chr5","90313472","90313767","chr2","171679128","171679430","42","81365656"
"chr5","90314459","90314743","chr1","160299203","160299488","44","69984744"
"chr5","90438976","90439290","chr2","102989050","102989349","51","12550074"
"chr5","90468049","90468357","chr15","39862913","39863221","42","50605136"
"chr5","90760037","90760293","chr20","37404718","37404983","41","53355319"
"chr5","90927065","90927357","chr1","42476755","42477044","37","48450310"
"chr5","90989809","90989961","chr16","53139091","53139242","21","37850718"
"chr5","91032476","91032770","chrX","27694686","27694979","39","63337790"
"chr5","91119626","91119898","chr18","38216282","38216553","44","52903344"
"chr5","91289786","91290087","chr4","10828530","10828827","35","80461256"
"chr5","91309767","91309979","chr16","26332076","26332302","31","64977691"
"chr5","91433051","91433358","chr5","34129012","34129323","34","57304039"
"chr5","91546417","91546720","chr15","95860102","95860409","43","4313685"
"chr5","91557840","91558137","chr15","9873078","9873375","32","81684762"
"chr5","91853800","91854098","chr7","18741876","18742175","39","73111924"
"chr5","91862007","91862317","chr1","115476955","115477262","50","23614948"
"chr5","91895784","91896078","chr8","99548469","99548767","34","7652685"
"chr5","91901328","91901627","chr7","29612052","29612348","40","62289276"
"chr5","91923064","91923351","chr16","3687263","3687550","46","88235801"
"chr5","91969838","91970134","chr1","12851632","12851928","28","79118206"
"chr5","91996551","91996846","chr1","158815913","158816209","40","66819362"
"chr5","92021252","92021548","chrX","16794626","16794922","49","75226626"
"chr5","92082521","92082816","chr8","25582102","25582396","35","66500419"
"chr5","92083467","92083754","chr1","124250793","124251086","42","32167326"
"chr5","92112364","92112657","chr1","140986013","140986310","43","48873649"
"chr5","92138823","92139114","chr10","18063347","18063639","40","74075476"
"chr5","92167234","92167526","chr2","184580196","184580486","40","92412962"
"chr5","92239575","92239733","chr20","51205147","51205307","28","41034428"
"chr5","92246092","92246401","chr7","93612219","93612525","40","1366127"
"chr5","92278860","92279150","chr16","66850428","66850712","38","25428432"
"chr5","92298142","92298507","chr12","62403234","62403560","76","29894908"
"chr5","92348709","92348887","chr10","64082869","64083044","23","28265840"
"chr5","92350440","92350682","chr5","136741649","136741884","37","44391209"
"chr5","92385789","92386036","chr11","71769544","71769794","44","20616245"
"chr5","92390538","92390830","chr10","62315260","62315548","34","30075278"
"chr5","92404041","92404331","chr16","61026508","61026803","38","31377533"
"chr5","92461246","92461510","chr15","105505769","105506028","44","13044523"
"chr5","92523782","92524074","chr1","128477471","128477761","48","35953689"
"chr5","92535832","92536137","chrX","6292568","6292871","41","86243264"
"chr5","92561814","92562104","chr1","127833040","127833336","35","35271226"
"chr5","92567064","92567343","chrX","139100323","139100604","35","46533259"
"chr5","92607615","92607917","chr2","46682521","46682821","38","45925094"
"chr5","92617606","92617788","chr15","22365872","22366057","35","70251734"
"chr5","92618427","92618549","chrX","33348734","33348848","24","59269693"
"chr5","92624471","92624711","chr18","71908745","71908980","41","20715726"
"chr5","92639496","92639789","chr16","11126268","11126568","46","81513228"
"chr5","92642278","92642584","chr8","21641128","21641440","42","71001150"
"chr5","92703030","92703334","chr16","21958952","21959252","36","70744078"
"chr5","92719222","92719506","chr1","206447940","206448229","43","113728718"
"chr5","92732579","92732868","chr6","135655274","135655568","34","42922695"
"chr5","92791081","92791380","chr2","73832418","73832717","37","18958663"
"chr5","92797777","92798083","chr16","54321303","54321613","36","38476474"
"chr5","92852200","92852494","chr11","75342336","75342628","42","17509864"
"chr5","92871901","92872205","chr8","82020062","82020372","37","10851839"
"chr5","92898833","92899127","chr20","24206298","24206597","44","68692535"
"chr5","92918699","92919003","chr9","85132193","85132498","42","7786506"
"chr5","92931142","92931435","chr7","52736490","52736780","45","40194652"
"chr5","92951612","92951707","chr2","88811777","88811874","17","4139835"
"chr5","92966531","92966833","chr16","21958952","21959252","38","71007579"
"chr5","92970664","92970953","chrX","20846410","20846706","41","72124254"
"chr5","93011942","93012229","chr10","78749019","78749318","49","14262923"
"chr5","93020980","93021223","chr11","43896322","43896565","35","49124658"
"chr5","93079339","93079621","chr9","40820473","40820753","36","52258866"
"chr5","93110657","93110960","chr14","5934954","5935260","46","87175703"
"chr5","93117045","93117339","chr6","56451711","56452003","45","36665334"
"chr5","93134184","93134478","chr1","124250793","124251086","38","31116609"
"chr5","93134730","93135024","chr1","124250793","124251086","43","31116063"
"chr5","93141548","93141855","chr20","273029","273329","43","92868519"
"chr5","93179571","93179863","chr8","25582102","25582396","31","67597469"
"chr5","93266191","93266391","chr7","155860210","155860412","28","62594019"
"chr5","93283775","93283947","chr3","45214781","45214954","29","48068994"
"chr5","93290743","93291039","chr16","24284023","24284322","39","69006720"
"chr5","93301665","93301932","chr11","122793644","122793912","46","29491979"
"chr5","93326074","93326365","chrX","117801295","117801592","47","24475221"
"chr5","93348039","93348285","chr4","12233374","12233622","35","81114665"
"chr5","93397815","93398057","chr16","24174487","24174735","43","69223328"
"chr5","93441848","93442135","chr15","83740001","83740291","41","9701847"
"chr5","93477272","93477558","chr12","69972996","69973280","47","23504276"
"chr5","93499004","93499215","chr2","89593102","89593311","29","3905902"
"chr5","93582644","93582952","chr12","83397023","83397331","35","10185621"
"chr5","93609310","93609613","chr15","21416937","21417235","45","72192373"
"chr5","93681781","93682058","chr10","30085573","30085855","35","63596208"
"chr5","93748515","93748776","chr1","145073568","145073824","36","51325053"
"chr5","93867148","93867449","chr1","946135","946434","32","92921013"
"chr5","93877425","93877721","chr6","83013953","83014251","47","10863472"
"chr5","93950024","93950306","chr10","82748968","82749254","45","11201056"
"chr5","93957105","93957409","chr1","24176731","24177032","44","69780374"
"chr5","93957883","93958185","chr1","128155382","128155688","36","34197499"
"chr5","93969483","93969772","chr6","162160403","162160715","52","68190920"
"chr5","93982345","93982648","chr12","20710479","20710784","34","73271866"
"chr5","93997222","93997514","chr16","4595173","4595473","30","89402049"
"chr5","94024368","94024663","chr4","14995792","14996090","38","79028576"
"chr5","94077293","94077594","chr3","130290294","130290595","42","36213001"
"chr5","94136931","94137215","chr11","94964179","94964469","35","827248"
"chr5","94177882","94178176","chr12","69597135","69597433","38","24580747"
"chr5","94193419","94193711","chr13","38134268","38134561","56","56059151"
"chr5","94204284","94204583","chr12","68470545","68470847","38","25733739"
"chr5","94271086","94271392","chr1","184288081","184288385","36","90016995"
"chr5","94276170","94276455","chr6","142572268","142572563","47","48296098"
"chr5","94286608","94286914","chr20","54640728","54641039","33","39645880"
"chr5","94288609","94288893","chr16","1419036","1419322","46","92869573"
"chr5","94296797","94297049","chr19","39470515","39470769","33","54826282"
"chr5","94298983","94299278","chr20","273029","273329","48","94025954"
"chr5","94329240","94329529","chr6","68873528","68873828","50","25455712"
"chr5","94392056","94392347","chr15","9867708","9868000","46","84524348"
"chr5","94415761","94416047","chr7","76702865","76703162","44","17712896"
"chr5","94493540","94493652","chr1","219334604","219334715","13","124841064"
"chr5","94528528","94528835","chr3","12603123","12603437","37","81925405"
"chr5","94535298","94535445","chr20","48810275","48810416","23","45725023"
"chr5","94559246","94559528","chr19","645039","645323","30","93914207"
"chr5","94568181","94568464","chr15","4675633","4675904","57","89892548"
"chr5","94575991","94576191","chr11","31022429","31022626","25","63553562"
"chr5","94602766","94603060","chr4","79217053","79217354","51","15385713"
"chr5","94631419","94631719","chr1","13865146","13865450","52","80766273"
"chr5","94636880","94637170","chr4","32871781","32872078","49","61765099"
"chr5","94644056","94644176","chr9","18275287","18275416","27","76368769"
"chr5","94679380","94679673","chrX","112314689","112314977","43","17635309"
"chr5","94703467","94703757","chr3","162545240","162545525","54","67841773"
"chr5","94709745","94710043","chr10","13545220","13545515","48","81164525"
"chr5","94723056","94723296","chr15","1694121","1694362","31","93028935"
"chr5","94747095","94747383","chr19","4015614","4015901","43","90731481"
"chr5","94778211","94778355","chr7","31081463","31081612","31","63696748"
"chr5","94784461","94784757","chr11","51783531","51783824","36","43000930"
"chr5","94788664","94788951","chr3","48298408","48298697","36","46490256"
"chr5","94792871","94793179","chr3","61280488","61280798","35","33512383"
"chr5","94805830","94806075","chr12","31618715","31618968","41","63187115"
"chr5","94812452","94812762","chr18","26757177","26757480","44","68055275"
"chr5","94849903","94850204","chrX","44962032","44962338","35","49887871"
"chr5","94854728","94855005","chr2","88612634","88612907","52","6242094"
"chr5","94862058","94862350","chr3","152552247","152552547","41","57690189"
"chr5","94863273","94863584","chr18","54869405","54869716","37","39993868"
"chr5","94863591","94863886","chr8","37167222","37167520","43","57696369"
"chr5","94882290","94882538","chr11","71045850","71046097","43","23836440"
"chr5","94920143","94920453","chr20","57880354","57880665","34","37039789"
"chr5","94945599","94945890","chr12","93050835","93051136","49","1894764"
"chr5","95013752","95014055","chr18","26846321","26846625","43","68167431"
"chr5","95018373","95018663","chr1","42476755","42477044","35","52541618"
"chr5","95026369","95026667","chr11","50119015","50119316","42","44907354"
"chr5","95052669","95052989","chr2","163396132","163396420","71","68343463"
"chr5","95096884","95097193","chr3","34969388","34969689","47","60127496"
"chr5","95158599","95158820","chr3","135575302","135575514","57","40416703"
"chr5","95171325","95171591","chr9","91999525","91999778","53","3171800"
"chr5","95194314","95194617","chr15","44118140","44118440","53","51076174"
"chr5","95210073","95210380","chr1","115385292","115385603","34","20175219"
"chr5","95227434","95227730","chr1","946135","946434","34","94281299"
"chr5","95242411","95242707","chr12","23354859","23355155","46","71887552"
"chr5","95271295","95271595","chr8","6038103","6038400","48","89233192"
"chr5","95276221","95276516","chr8","127022151","127022443","39","31745930"
"chr5","95280448","95280731","chr2","144084745","144085032","38","48804297"
"chr5","95281473","95281761","chr10","62315260","62315548","45","32966213"
"chr5","95282184","95282477","chr3","160772561","160772858","34","65490377"
"chr5","95288198","95288497","chr2","46682521","46682821","35","48605677"
"chr5","95297091","95297396","chr13","32817425","32817728","35","62479666"
"chr5","95304566","95304850","chr11","95024637","95024919","40","279929"
"chr5","95324994","95325290","chr20","57463773","57464064","48","37861221"
"chr5","95328061","95328255","chr1","41538802","41538971","45","53789259"
"chr5","95340403","95340703","chr10","72400856","72401155","47","22939547"
"chr5","95344979","95345242","chr5","129931710","129931977","38","34586731"
"chr5","95415594","95415871","chr3","126395810","126396091","37","30980216"
"chr5","95423629","95423950","chr9","26310907","26311221","58","69112722"
"chr5","95430675","95430958","chr9","92292916","92293201","47","3137759"
"chr5","95450085","95450382","chr3","176830718","176831018","33","81380633"
"chr5","95456349","95456624","chr3","126395810","126396091","39","30939461"
"chr5","95465199","95465489","chr2","184580196","184580486","33","89114997"
"chr5","95489432","95489727","chr1","212841578","212841874","34","117352146"
"chr5","95494126","95494413","chr6","128266238","128266531","37","32772112"
"chr5","95497415","95497719","chr16","20683074","20683376","44","74814341"
"chr5","95541296","95541586","chr3","103398952","103399243","37","7857656"
"chr5","95576828","95577131","chr5","32469834","32470141","40","63106994"
"chr5","95583080","95583370","chr9","30302448","30302737","36","65280632"
"chr5","95687636","95687954","chr4","3145119","3145426","48","92542517"
"chr5","95706955","95707243","chr12","89828990","89829278","41","5877965"
"chr5","95708317","95708627","chr13","92967376","92967678","45","2740941"
"chr5","95711132","95711427","chr2","71450909","71451205","39","24260223"
"chr5","95731024","95731315","chr1","219677924","219678213","35","123946900"
"chr5","95882812","95883101","chr3","35661567","35661859","39","60221245"
"chr5","95942110","95942407","chr5","99829726","99830013","49","3887616"
"chr5","95942576","95942873","chr8","25582102","25582396","33","70360474"
"chr5","95973064","95973366","chr20","273029","273329","45","95700035"
"chr5","96037572","96037840","chr16","1419036","1419322","46","94618536"
"chr5","96202497","96202782","chrX","45685008","45685285","39","50517489"
"chr5","96219755","96220067","chr14","5934954","5935260","34","90284801"
"chr5","96422547","96422842","chr3","35657443","35657739","45","60765104"
"chr5","96680778","96681077","chr1","124250793","124251086","51","27570015"
"chr5","96697241","96697625","chr1","188682239","188682601","90","91984998"
"chr5","96710408","96710691","chr11","109305457","109305739","43","12595049"
"chr5","96711138","96711442","chr12","20710479","20710784","39","76000659"
"chr5","96716235","96716523","chr3","63343532","63343825","42","33372703"
"chr5","96734836","96735110","chr7","44415165","44415436","51","52319671"
"chr5","96738468","96738688","chr16","20615728","20615956","38","76122740"
"chr5","96751066","96751373","chr14","5934954","5935260","37","90816112"
"chr5","96758996","96759299","chr9","57275753","57276061","40","39483243"
"chr5","96847279","96847464","chr4","10999818","10999998","30","85847461"
"chr5","96870002","96870309","chr1","124893534","124893832","43","28023532"
"chr5","96873998","96874304","chr9","3805446","3805756","29","93068552"
"chr5","96898009","96898284","chr8","65706432","65706700","37","31191577"
"chr5","96908205","96908496","chr6","151368944","151369238","36","54460739"
"chr5","96918194","96918493","chr1","54556109","54556409","40","42362085"
"chr5","96919059","96919346","chr19","40076148","40076442","37","56842911"
"chr5","96935237","96935545","chr14","5934954","5935260","32","91000283"
"chr5","96943010","96943153","chr2","93317431","93317570","26","3625579"
"chr5","96950875","96951166","chr7","41529459","41529754","45","55421416"
"chr5","96953532","96953664","chr1","129498511","129498647","17","32544979"
"chr5","96998274","96998564","chr3","70428561","70428857","49","26569713"
"chr5","97002236","97002514","chr9","124881966","124882242","41","27879730"
"chr5","97007609","97007901","chr1","124250793","124251086","44","27243184"
"chr5","97007913","97008139","chr1","100959718","100959948","31","3951805"
"chr5","97031317","97031614","chr6","135655274","135655568","29","38623957"
"chr5","97044737","97045009","chr14","64253785","64254058","56","32790952"
"chr5","97062961","97063261","chr4","33663349","33663650","33","63399612"
"chr5","97068935","97069185","chr5","90608237","90608485","48","6460698"
"chr5","97073131","97073451","chr11","36769212","36769521","40","60303919"
"chr5","97075141","97075379","chr20","52039655","52039883","38","45035486"
"chr5","97144332","97144631","chr7","64502121","64502425","43","32642211"
"chr5","97146311","97146603","chr7","40750157","40750451","43","56396154"
"chr5","97158330","97158631","chr7","130101529","130101827","55","32943199"
"chr5","97168248","97168465","chr7","121329046","121329267","29","24160798"
"chr5","97182447","97182734","chr3","78122440","78122733","45","19060007"
"chr5","97199784","97199871","chr11","121960742","121960828","15","24760958"
"chr5","97210932","97211187","chr17","58328256","58328521","46","38882676"
"chr5","97220371","97220657","chr11","120626708","120626998","44","23406337"
"chr5","97224213","97224281","chr19","702700","702766","15","96521513"
"chr5","97298485","97298775","chr16","47869063","47869366","43","49429422"
"chr5","97305242","97305545","chr12","63079032","63079340","44","34226210"
"chr5","97317780","97318092","chr4","9648127","9648436","46","87669653"
"chr5","97322089","97322346","chr7","125141660","125141921","44","27819571"
"chr5","97330169","97330460","chr16","63276450","63276738","30","34053719"
"chr5","97366632","97366894","chr2","13513865","13514140","47","83852767"
"chr5","97377376","97377659","chr14","10957645","10957943","44","86419731"
"chr5","97381676","97381970","chr7","147730826","147731127","47","50349150"
"chr5","97391456","97391592","chr11","121717039","121717180","23","24325583"
"chr5","97408994","97409291","chr8","99548469","99548767","38","2139475"
"chr5","97411013","97411321","chr4","51477395","51477703","61","45933618"
"chr5","97447973","97448244","chr8","17032525","17032804","46","80415448"
"chr5","97471668","97471964","chr7","150909055","150909346","30","53437387"
"chr5","97495765","97496084","chr4","56503347","56503657","49","40992418"
"chr5","97501815","97502115","chr6","67765709","67766011","42","29736106"
"chr5","97515248","97515527","chr9","92292916","92293201","51","5222332"
"chr5","97564104","97564347","chr16","9424600","9424848","61","88139504"
"chr5","97567990","97568278","chr9","92292916","92293201","49","5275074"
"chr5","97597001","97597292","chr16","31273411","31273700","40","66323590"
"chr5","97652575","97652813","chr19","6706878","6707125","41","90945697"
"chr5","97670316","97670606","chr6","133004541","133004839","45","35334225"
"chr5","97675024","97675317","chr1","210726116","210726412","43","113051092"
"chr5","97710786","97711090","chr9","55528849","55529154","46","42181937"
"chr5","97714753","97715044","chr4","85381659","85381958","47","12333094"
"chr5","97806348","97806645","chr10","83331290","83331585","43","14475058"
"chr5","97813497","97813785","chr3","179701033","179701322","34","81887536"
"chr5","97831420","97831710","chr3","93757874","93758163","45","4073546"
"chr5","97865377","97865449","chr15","51500416","51500470","33","46364961"
"chr5","97865844","97865962","chr6","148375288","148375408","20","50509444"
"chr5","97868393","97868685","chr2","87435713","87436003","34","10432680"
"chr5","97873118","97873418","chr16","11126268","11126568","36","86746850"
"chr5","97905290","97905557","chr12","22213320","22213593","46","75691970"
"chr5","97917536","97917836","chr2","55010925","55011223","50","42906611"
"chr5","97966884","97967191","chr3","34969388","34969689","48","62997496"
"chr5","98034108","98034374","chr15","26878649","26878926","51","71155459"
"chr5","98094019","98094332","chr2","73832418","73832717","58","24261601"
"chr5","98107254","98107553","chr6","133004541","133004839","32","34897287"
"chr5","98112374","98112547","chr3","160852282","160852454","32","62739908"
"chr5","98134368","98134495","chr1","138365800","138365928","14","40231432"
"chr5","98146003","98146264","chr3","42381510","42381765","50","55764493"
"chr5","98161972","98162262","chr3","161216608","161216899","45","63054636"
"chr5","98185155","98185438","chr3","17089313","17089596","47","81095842"
"chr5","98189145","98189445","chr4","2534955","2535251","44","95654190"
"chr5","98194830","98195107","chr2","38853619","38853892","42","59341211"
"chr5","98201016","98201309","chr7","52736490","52736780","46","45464526"
"chr5","98327834","98328123","chr1","184947402","184947687","47","86619568"
"chr5","98335549","98335838","chr19","48788709","48789002","46","49546840"
"chr5","98337365","98337671","chr6","31519165","31519471","49","66818200"
"chr5","98350708","98351011","chr10","85479297","85479596","48","12871411"
"chr5","98394370","98394663","chr6","147822924","147823209","39","49428554"
"chr5","98409188","98409480","chr2","85634916","85635215","43","12774272"
"chr5","98410326","98410520","chr19","1353909","1354086","39","97056417"
"chr5","98420243","98420524","chr2","108022617","108022898","48","9602374"
"chr5","98470187","98470500","chr19","16794959","16795271","41","81675228"
"chr5","98505594","98505899","chr19","8087515","8087822","34","90418079"
"chr5","98506908","98507201","chr7","16206849","16207148","37","82300059"
"chr5","98533859","98534153","chr1","11366377","11366670","34","87167482"
"chr5","98537414","98537718","chr5","173702377","173702681","42","75164963"
"chr5","98557210","98557491","chr7","132975622","132975901","44","34418412"
"chr5","98589389","98589683","chr4","103422957","103423247","39","4833568"
"chr5","98599373","98599674","chrX","68552000","68552299","44","30047373"
"chr5","98616277","98616553","chr1","216929363","216929640","47","118313086"
"chr5","98644688","98644826","chr9","66645114","66645250","20","31999574"
"chr5","98655475","98655779","chr13","32817425","32817728","55","65838050"
"chr5","98656601","98656892","chr2","178187197","178187490","44","79530596"
"chr5","98693359","98693652","chr1","94365322","94365615","42","4328037"
"chr5","98752463","98752757","chr15","35190462","35190761","37","63562001"
"chr5","98761340","98761647","chr1","201850998","201851304","47","103089658"
"chr5","98783245","98783540","chr6","124946544","124946841","33","26163299"
"chr5","98784539","98784845","chr2","172612092","172612398","40","73827553"
"chr5","98833553","98833867","chr20","16089901","16090219","50","82743652"
"chr5","98937887","98938189","chr11","36769212","36769521","49","62168675"
"chr5","98955772","98956060","chr9","7025626","7025918","31","91930146"
"chr5","98989348","98989652","chr13","32817425","32817728","31","66171923"
"chr5","99010547","99010839","chr8","28825632","28825920","41","70184915"
"chr5","99021852","99022129","JH682036","197486","197767","40","98824366"
"chr5","99094810","99095122","chr1","128155382","128155688","44","29060572"
"chr5","99114293","99114598","chr1","75250655","75250962","35","23863638"
"chr5","99115348","99115408","chr4","144707717","144707773","11","45592369"
"chr5","99130976","99131276","chr19","8988494","8988802","52","90142482"
"chr5","99132567","99132690","chr11","83048168","83048288","14","16084399"
"chr5","99133387","99133687","chr16","16831146","16831448","93","82302241"
"chr5","99143812","99144122","chr17","12723410","12723708","53","86420402"
"chr5","99151218","99151517","JH682036","358126","358421","41","98793092"
"chr5","99152198","99152489","chr2","184580196","184580486","32","85427998"
"chr5","99155845","99155963","chr11","83048168","83048288","16","16107677"
"chr5","99167242","99167546","chr14","6296890","6297193","36","92870352"
"chr5","99181171","99181457","chr2","38884008","38884302","46","60297163"
"chr5","99223592","99223884","chr10","35114803","35115093","48","64108789"
"chr5","99224439","99224716","chr2","129299048","129299336","45","30074609"
"chr5","99314754","99315050","chr16","39007202","39007500","42","60307552"
"chr5","99359214","99359494","chr11","13923018","13923298","42","85436196"
"chr5","99363475","99363779","chr6","46919342","46919647","45","52444133"
"chr5","99371685","99371974","chr4","31138390","31138684","50","68233295"
"chr5","99418758","99419051","chr15","78953274","78953566","39","20465484"
"chr5","99434026","99434317","chr7","151979566","151979860","39","52545540"
"chr5","99472396","99472684","chr5","174278831","174279121","41","74806435"
"chr5","99475323","99475623","chr17","19374053","19374353","38","80101270"
"chr5","99497263","99497565","chr10","58133069","58133375","43","41364194"
"chr5","99520388","99520698","chr11","36769212","36769521","38","62751176"
"chr5","99529064","99529363","chr16","23339562","23339859","38","76189502"
"chr5","99548683","99548965","chr7","46950134","46950423","55","52598549"
"chr5","99570965","99571271","chr5","158536001","158536306","41","58965036"
"chr5","99596223","99596527","chr19","35482053","35482349","41","64114170"
"chr5","99636439","99636742","chr11","10098018","10098319","35","89538421"
"chr5","99693349","99693645","chr16","70619220","70619515","36","29074129"
"chr5","99840242","99840560","chr1","203673466","203673767","54","103833224"
"chr5","99865063","99865350","chr15","7561500","7561795","35","92303563"
"chr5","99888570","99888862","chr7","52736490","52736780","39","47152080"
"chr5","99889570","99889867","chr14","57134784","57135076","34","42754786"
"chr5","99894881","99895190","chr14","5197108","5197407","45","94697773"
"chr5","99905937","99906233","chr2","38884008","38884302","40","61021929"
"chr5","99910423","99910773","chr7","85942086","85942437","71","13968337"
"chr5","99927591","99927900","chr1","115424164","115424468","38","15496573"
"chr5","99958065","99958360","chr12","69597135","69597433","35","30360930"
"chr5","99961623","99961944","chr6","138646599","138646914","54","38684976"
"chr5","99985772","99986070","chr8","22017351","22017655","51","77968421"
"chr5","99991004","99991091","chr1","76284381","76284466","18","23706623"
"chr5","99991699","99991993","chr11","59744208","59744500","32","40247491"
"chr5","99991994","99992129","chr4","18435769","18435906","20","81556225"
"chr5","100008306","100008597","chr16","59484249","59484536","45","40524057"
"chr5","100099102","100099191","chr1","140851347","140851436","11","40752245"
"chr5","100166587","100166892","chr10","84305980","84306291","38","15860607"
"chr5","100176214","100176515","chr19","3064712","3065012","39","97111502"
"chr5","100181204","100181514","chr3","127836231","127836530","66","27655027"
"chr5","100219436","100219764","chr6","31848911","31849235","67","68370525"
"chr5","100227053","100227346","chr3","40442931","40443220","38","59784122"
"chr5","100248725","100249015","chr16","72588781","72589070","47","27659944"
"chr5","100251076","100251369","chr5","34742306","34742606","46","65508770"
"chr5","100262803","100263103","chr11","47924958","47925256","32","52337845"
"chr5","100325055","100325341","chr8","28758314","28758602","43","71566741"
"chr5","100333697","100334002","chr7","73560013","73560323","35","26773684"
"chr5","100336253","100336555","chr1","13865146","13865450","47","86471107"
"chr5","100338074","100338183","chr2","118781843","118781952","17","18443769"
"chr5","100351009","100351296","chr5","143080974","143081273","46","42729965"
"chr5","100378000","100378298","chr2","102989050","102989349","38","2611050"
"chr5","100414877","100415175","chr4","150540961","150541258","36","50126084"
"chr5","100418000","100418280","chr1","12529331","12529609","38","87888669"
"chr5","100500001","100500293","chr4","20045092","20045381","42","80454909"
"chr5","100503804","100504082","chrX","139100323","139100604","40","38596519"
"chr5","100543768","100544074","chr10","46007696","46008002","37","54536072"
"chr5","100732844","100733136","chr11","112980869","112981164","40","12248025"
"chr5","100783620","100783916","chr3","127081090","127081386","41","26297470"
"chr5","100947620","100947921","chr12","51845288","51845587","33","49102332"
"chr5","100992269","100992563","chr11","47149897","47150190","47","53842372"
"chr5","101131799","101132066","chr2","146895116","146895388","47","45763317"
"chr5","101329104","101329391","chr10","69784355","69784650","46","31544749"
"chr5","101368356","101368655","chr3","173632707","173633003","47","72264351"
"chr5","101502555","101502860","chr3","173964513","173964818","49","72461958"
"chr5","101517433","101517706","chr12","93108642","93108929","45","8408791"
"chr5","101522936","101523230","chr3","160772561","160772858","47","59249625"
"chr5","101797691","101797972","chr9","55644411","55644695","39","46153280"
"chr5","101866423","101866690","chr2","49059917","49060182","44","52806506"
"chr5","101867776","101868066","chr12","11133878","11134169","51","90733898"
"chr5","101888297","101888592","chr3","45626371","45626668","35","56261926"
"chr5","101907932","101908230","chr9","60487945","60488236","37","41419987"
"chr5","101916674","101916992","chr4","49832283","49832589","51","52084391"
"chr5","101989196","101989506","chr9","59360623","59360932","42","42628573"
"chr5","102046120","102046427","chr14","55192639","55192938","38","46853481"
"chr5","102240885","102241179","chr16","18796729","18797022","41","83444156"
"chr5","102301450","102301763","chr11","6563934","6564243","43","95737516"
"chr5","102353150","102353454","chr2","181253650","181253955","48","78900500"
"chr5","102417168","102417450","chr3","103259893","103260176","42","842725"
"chr5","102579039","102579351","chr1","185101023","185101330","52","82521984"
"chr5","102817992","102818289","chr2","102989050","102989349","42","171058"
"chr5","103044513","103044787","chr6","165620960","165621235","42","62576447"
"chr5","103123320","103123617","chr13","32817425","32817728","43","70305895"
"chr5","103169734","103170030","chr13","23010864","23011159","40","80158870"
"chr5","103172351","103172650","chr6","156306365","156306665","50","53134014"
"chr5","103175226","103175542","chr1","206628747","206629060","56","103453521"
"chr5","103210784","103211078","chr1","185903042","185903338","39","82692258"
"chr5","103407508","103407803","chr11","47924958","47925256","37","55482550"
"chr5","103701959","103702216","chr5","133797177","133797424","33","30095218"
"chr5","103740786","103740913","chr11","119366299","119366427","17","15625513"
"chr5","103787392","103787698","chr15","53990850","53991154","53","49796542"
"chr5","103963707","103963987","chr19","44121713","44121997","43","59841994"
"chr5","104096379","104096662","chr7","5627046","5627330","48","98469333"
"chr5","104370723","104371003","chr4","84138262","84138543","43","20232461"
"chr5","104615855","104616140","chr12","51506718","51507001","49","53109137"
"chr5","104748565","104748862","chr1","29491945","29492246","43","75256620"
"chr5","104860009","104860306","chr13","73189729","73190025","51","31670280"
"chr5","105010570","105010842","chr2","49059917","49060182","39","55950653"
"chr5","105144604","105144900","chr7","158562964","158563263","42","53418360"
"chr5","105173950","105174254","chr2","50634219","50634525","42","54539731"
"chr5","105321587","105321893","chr15","53990850","53991154","43","51330737"
"chr5","105503238","105503529","chr1","19176727","19177017","39","86326511"
"chr5","105743971","105744201","chr5","117645521","117645753","37","11901550"
"chr5","105830345","105830654","chr5","81950527","81950835","44","23879818"
"chr5","105840198","105840477","chr16","2090775","2091048","38","103749423"
"chr5","106061187","106061489","chr6","124714488","124714790","38","18653301"
"chr5","106076783","106077067","chr6","114825704","114825984","46","8748921"
"chr5","106078173","106078474","chr18","12965449","12965751","44","93112724"
"chr5","106191284","106191586","chr2","50634219","50634525","41","55557065"
"chr5","106207019","106207311","chr14","55307372","55307665","39","50899647"
"chr5","106238605","106238911","chr15","96983547","96983850","37","9255058"
"chr5","106282495","106282804","chr11","64440364","64440673","46","41842131"
"chr5","106298244","106298540","chr17","1103916","1104210","43","105194328"
"chr5","106376962","106377182","chr19","6355602","6355822","40","100021360"
"chr5","106377498","106377810","chr13","43327633","43327946","41","63049865"
"chr5","106379044","106379277","chrX","21976749","21976980","33","84402295"
"chr5","106393251","106393507","chr4","118305946","118306203","39","11912695"
"chr5","106403964","106404276","chr7","114795060","114795360","50","8391096"
"chr5","106413699","106413804","chr3","160368626","160368728","24","53954927"
"chr5","106413899","106414199","chr2","126907946","126908248","39","20494047"
"chr5","106426372","106426674","chr13","32817425","32817728","33","73608947"
"chr5","106444584","106444879","chr13","96667562","96667859","45","9777022"
"chr5","106444972","106445258","chr15","44716875","44717160","51","61728097"
"chr5","106450399","106450595","chr10","52707508","52707705","39","53742891"
"chr5","106513644","106513919","chr6","14908506","14908785","46","91605138"
"chr5","106531013","106531304","chr6","128266238","128266531","47","21735225"
"chr5","106569849","106570143","chr4","69347489","69347789","34","37222360"
"chr5","106574820","106575114","chr2","45415457","45415754","41","61159363"
"chr5","106586996","106587292","chr12","69597135","69597433","39","36989861"
"chr5","106595666","106595957","chr2","184580196","184580486","39","77984530"
"chr5","106610822","106611115","chr1","42476755","42477044","33","64134067"
"chr5","106664649","106664936","chr3","134867637","134867930","36","28202988"
"chr5","106679230","106679524","chrX","43647638","43647934","37","63031592"
"chr5","106706858","106707139","chr4","103636993","103637283","58","3069865"
"chr5","106748677","106748981","chr17","11233722","11234024","35","95514955"
"chr5","106772840","106773133","chr7","116917341","116917634","38","10144501"
"chr5","106782061","106782346","chr5","140871179","140871458","42","34089118"
"chr5","106782995","106783273","chr12","52370542","52370823","41","54412453"
"chr5","106791423","106791728","chr11","94663191","94663491","42","12128232"
"chr5","106799307","106799602","chr18","16405974","16406267","42","90393333"
"chr5","106828236","106828538","chr2","149400171","149400466","63","42571935"
"chr5","106866801","106867095","chr14","8712648","8712949","38","98154153"
"chr5","106938489","106938810","chr20","26401661","26401973","44","80536828"
"chr5","107063944","107064250","chr4","69347489","69347789","39","37716455"
"chr5","107071520","107071807","chr3","87860767","87861057","42","19210753"
"chr5","107139066","107139370","chr14","61662606","61662905","46","45476460"
"chr5","107141581","107141884","chr3","12982654","12982954","40","94158927"
"chr5","107160754","107161055","chr11","13702068","13702363","38","93458686"
"chr5","107163244","107163537","chr1","124250793","124251086","40","17087549"
"chr5","107193008","107193283","chr7","132975622","132975901","45","25782614"
"chr5","107213466","107213775","chr20","54640728","54641039","36","52572738"
"chr5","107273114","107273418","chr6","67765709","67766011","44","39507405"
"chr5","107275608","107275808","chr6","101369939","101370158","42","5905669"
"chr5","107336360","107336444","chr20","16973202","16973289","14","90363158"
"chr5","107336493","107336698","chrX","27900134","27900340","37","79436359"
"chr5","107343958","107344250","chr2","165727429","165727730","37","58383471"
"chr5","107362557","107362870","chr2","87207712","87208016","53","20154845"
"chr5","107468990","107469290","chr1","129877213","129877510","38","22408223"
"chr5","107524546","107524866","chr14","70752631","70752941","48","36771915"
"chr5","107565457","107565765","chrX","60892215","60892525","36","46673242"
"chr5","107571105","107571413","chr8","28250911","28251217","43","79320194"
"chr5","107574206","107574504","chr13","46693746","46694046","44","60880460"
"chr5","107620152","107620444","chr4","40983514","40983792","48","66636638"
"chr5","107649986","107650295","chr16","31406309","31406608","52","76243677"
"chr5","107721383","107721675","chr4","13663992","13664285","36","94057391"
"chr5","107727848","107728151","chr18","51183412","51183721","43","56544436"
"chr5","107745712","107745931","chr6","101369939","101370158","36","6375773"
"chr5","107761052","107761326","chr6","158674232","158674511","37","50913180"
"chr5","107780189","107780489","chr3","48298408","48298697","45","59481781"
"chr5","107810496","107810719","chr5","137480638","137480863","35","29670142"
"chr5","107855792","107856063","chr3","13489445","13489734","44","94366347"
"chr5","107890135","107890399","chr9","41140613","41140887","51","66749522"
"chr5","107899965","107900258","chr7","90971726","90972022","39","16928239"
"chr5","107916051","107916350","chr1","143220195","143220493","40","35304144"
"chr5","107941250","107941535","chr1","204813267","204813556","44","96872017"
"chr5","108018496","108018796","chr14","108809734","108810035","39","791238"
"chr5","108087896","108088198","chr2","46682521","46682821","35","61405375"
"chr5","108118362","108118657","chr10","17291288","17291592","44","90827074"
"chr5","108133864","108134156","chr1","40659470","40659761","42","67474394"
"chr5","108165248","108165530","chr6","150717417","150717697","44","42552169"
"chr5","108201479","108201747","chr3","52295797","52296068","51","55905682"
"chr5","108207830","108208051","chr10","76202595","76202819","24","32005235"
"chr5","108230768","108231060","chrX","28070009","28070301","40","80160759"
"chr5","108256313","108256613","chr1","113632882","113633185","41","5376569"
"chr5","108269721","108269882","chr13","37809450","37809605","42","70460271"
"chr5","108270588","108270697","chr10","79957137","79957242","19","28313451"
"chr5","108273327","108273617","chr10","4308994","4309288","30","103964333"
"chr5","108278283","108278589","chr15","86129114","86129421","45","22149169"
"chr5","108306164","108306464","chr13","125335759","125336046","56","17029595"
"chr5","108334094","108334397","chr11","47924958","47925256","34","60409136"
"chr5","108364606","108364904","chr1","22767476","22767771","51","85597130"
"chr5","108385723","108386031","chr8","88676366","88676678","41","19709357"
"chr5","108386739","108387032","chr1","127833040","127833336","39","19446301"
"chr5","108425947","108426245","chr7","48694397","48694696","37","59731550"
"chr5","108459556","108459893","chr14","58571371","58571643","101","49888185"
"chr5","108468860","108469125","chr1","2064520","2064802","49","106404340"
"chr5","108470872","108471174","chr7","106426121","106426421","33","2044751"
"chr5","108476827","108477113","chr1","42476755","42477044","41","66000072"
"chr5","108487611","108487730","chr19","33246754","33246878","25","75240857"
"chr5","108540504","108540654","chr18","68135901","68136048","22","40404603"
"chr5","108541560","108541821","chr10","36946355","36946617","39","71595205"
"chr5","108573449","108573745","chr1","13865146","13865450","48","94708303"
"chr5","108610164","108610447","chr8","91312269","91312560","65","17297895"
"chr5","108613249","108613553","JH680086","150710","151017","46","108462539"
"chr5","108615812","108616117","chr1","152528606","152528911","47","43912794"
"chr5","108641333","108641625","chr10","13285322","13285614","41","95356011"
"chr5","108643553","108643882","chr16","30439065","30439362","84","78204488"
"chr5","108672616","108672900","chr2","184580196","184580486","47","75907580"
"chr5","108682773","108682949","chr1","92507019","92507191","28","16175754"
"chr5","108685838","108686176","chr17","17766910","17767236","84","90918928"
"chr5","108721607","108721919","chr15","96588502","96588809","36","12133105"
"chr5","108764325","108764617","chr17","4956245","4956539","47","103808080"
"chr5","108768180","108768352","chr4","31199292","31199462","31","77568888"
"chr5","108791728","108791971","chr8","87695866","87696111","34","21095862"
"chr5","108896620","108896912","chr11","59699985","59700283","45","49196635"
"chr5","109024875","109025106","chr1","7853206","7853431","41","101171669"
"chr5","109071546","109071818","chr12","88414497","88414769","33","20657049"
"chr5","109077202","109077489","chr5","174278831","174279121","40","65201629"
"chr5","109100126","109100434","chr17","30337456","30337753","42","78762670"
"chr5","109120255","109120544","chr10","62613928","62614216","39","46506327"
"chr5","109133541","109133829","chr8","25582102","25582396","42","83551439"
"chr5","109166599","109166891","chrX","136104661","136104951","44","26938062"
"chr5","109167572","109167867","chr7","76889431","76889730","30","32278141"
"chr5","109209771","109210063","chr16","9419490","9419785","35","99790281"
"chr5","109224628","109224928","chr1","69746523","69746821","37","39478105"
"chr5","109230889","109231187","chr15","5688693","5688993","43","103542196"
"chr5","109373591","109373897","chr7","13474578","13474886","42","95899013"
"chr5","109377668","109377969","chr6","124714488","124714790","33","15336820"
"chr5","109385199","109385510","chr11","101138765","101139071","43","8246434"
"chr5","109411444","109411744","chr13","1148032","1148331","40","108263412"
"chr5","109468094","109468374","chr2","38884008","38884302","44","70584086"
"chr5","109492913","109493185","chr1","41744223","41744494","38","67748690"
"chr5","109495249","109495533","chr5","135844774","135845069","56","26349525"
"chr5","109501751","109502038","chr4","131374689","131374976","40","21872938"
"chr5","109609456","109609709","chr16","29491434","29491684","38","80118022"
"chr5","109665856","109666164","chr10","29855917","29856225","36","79809939"
"chr5","109672214","109672309","chr9","54785159","54785251","23","54887055"
"chr5","109697141","109697204","chr1","139881170","139881236","9","30184029"
"chr5","109697547","109697681","chr8","30033336","30033468","20","79664211"
"chr5","109720827","109721120","chr10","43209588","43209881","32","66511239"
"chr5","109722476","109722817","chr12","64465706","64466036","77","45256770"
"chr5","109732023","109732307","chr6","47089969","47090257","50","62642054"
"chr5","109788406","109788706","chr4","59283084","59283385","40","50505322"
"chr5","109815414","109815708","chr17","87583600","87583894","37","22231814"
"chr5","109829766","109830077","chr2","90799138","90799447","39","19030628"
"chr5","109848590","109848897","chr10","47089595","47089902","38","62758995"
"chr5","109869675","109869967","chr14","7830508","7830805","41","102039167"
"chr5","109870090","109870410","chr2","71625234","71625546","43","38244856"
"chr5","109874544","109874844","chrX","108265263","108265568","48","1609281"
"chr5","109927137","109927439","chr2","73832418","73832717","41","36094719"
"chr5","109942025","109942285","chr19","14203770","14204043","54","95738255"
"chr5","109947304","109947594","chr11","126089966","126090263","56","16142662"
"chr5","109956931","109957236","chr15","103362570","103362871","38","6594361"
"chr5","109981250","109981548","chr1","67368758","67369056","40","42612492"
"chr5","109988945","109989262","chr1","27862319","27862631","43","82126626"
"chr5","109991558","109991810","chr16","15060799","15061050","46","94930759"
"chr5","109997433","109997721","chr19","15097509","15097804","39","94899924"
"chr5","110008301","110008587","chr1","27049382","27049672","42","82958919"
"chr5","110016803","110017096","chr14","113842513","113842806","45","3825710"
"chr5","110022519","110022820","chr3","45626371","45626668","38","64396148"
"chr5","110051918","110052068","chr4","103459648","103459795","14","6592270"
"chr5","110065704","110066008","chr7","13474578","13474886","42","96591126"
"chr5","110066970","110067177","chr20","29195665","29195876","31","80871305"
"chr5","110089308","110089622","chr2","83916097","83916394","54","26173211"
"chr5","110091084","110091390","chr14","70752631","70752941","47","39338453"
"chr5","110097129","110097189","chr13","37809866","37809935","19","72287263"
"chr5","110099184","110099383","chr3","127152016","127152212","42","17052832"
"chr5","110107077","110107368","chr4","105556557","105556854","39","4550520"
"chr5","110112985","110113274","chr7","133065043","133065330","35","22952058"
"chr5","110113399","110113692","chr1","14339353","14339646","45","95774046"
"chr5","110122827","110123131","chr13","85932569","85932862","44","24190258"
"chr5","110140488","110140767","chr10","50949405","50949695","49","59191083"
"chr5","110155712","110156011","chr4","31017666","31017967","34","79138046"
"chr5","110164387","110164685","chr7","48694397","48694696","45","61469990"
"chr5","110189220","110189499","chr17","23851581","23851871","42","86337639"
"chr5","110239005","110239302","chr7","90971726","90972022","47","19267279"
"chr5","110273711","110274005","chr2","84844754","84845049","48","25428957"
"chr5","110274914","110275221","chr1","124050585","124050888","39","13775671"
"chr5","110276564","110276862","chr8","99548469","99548767","46","10728095"
"chr5","110310342","110310642","chr17","27643358","27643658","36","82666984"
"chr5","110317919","110318220","chr13","125134336","125134638","35","14816417"
"chr5","110332814","110333114","chr13","125134336","125134638","37","14801522"
"chr5","110342009","110342153","chr4","103459648","103459795","14","6882361"
"chr5","110344140","110344435","chrX","43647638","43647934","35","66696502"
"chr5","110472998","110473247","chr4","14003814","14004059","45","96469184"
"chr5","110485472","110485765","chr19","23136114","23136409","44","87349358"
"chr5","110494545","110494833","chr10","72394915","72395215","37","38099630"
"chr5","110502372","110502669","chr6","142572268","142572563","32","32069896"
"chr5","110515896","110516205","chr7","77029098","77029406","40","33486798"
"chr5","110517068","110517363","chr18","12269702","12269996","44","98247366"
"chr5","110550650","110550948","chr2","134804552","134804849","40","24253902"
"chr5","110552208","110552493","chr1","128477471","128477761","41","17925263"
"chr5","110556995","110557304","chr16","45306987","45307294","49","65250008"
"chr5","110562051","110562336","chr2","184580196","184580486","41","74018145"
"chr5","110567094","110567392","chr3","150228925","150229224","42","39661831"
"chr5","110589058","110589345","chr7","130319214","130319503","39","19730156"
"chr5","110627386","110627660","chr3","142471450","142471724","41","31844064"
"chr5","110660374","110660642","chr5","101457421","101457692","43","9202953"
"chr5","110662149","110662444","chr7","37381596","37381892","38","73280553"
"chr5","110666199","110666488","chr16","63276450","63276738","36","47389749"
"chr5","110696182","110696480","chr4","4867746","4868041","53","105828436"
"chr5","110703583","110703873","chr6","142572268","142572563","42","31868685"
"chr5","110720521","110720712","chr11","31022429","31022626","38","79698092"
"chr5","110737862","110738168","chr16","44035327","44035634","48","66702535"
"chr5","110750213","110750522","chr3","12603123","12603437","33","98147090"
"chr5","110752877","110753069","chr16","46213772","46213962","36","64539105"
"chr5","110756284","110756586","chr13","32817425","32817728","38","77938859"
"chr5","110805477","110805769","chr7","65000618","65000912","45","45804859"
"chr5","110807238","110807551","chr9","101100552","101100866","45","9706686"
"chr5","110810363","110810651","chr1","21494679","21494967","46","89315684"
"chr5","110811783","110812088","chr14","18926645","18926950","42","91885138"
"chr5","110839602","110839910","chrX","38891205","38891511","41","71948397"
"chr5","110848004","110848284","chr1","1510148","1510425","44","109337856"
"chr5","110850026","110850335","chr1","94548945","94549247","46","16301081"
"chr5","110853682","110853976","chr19","47662689","47662983","36","63190993"
"chr5","110859289","110859421","chr11","122634923","122635055","33","11775634"
"chr5","110860202","110860279","chr20","41045680","41045765","16","69814522"
"chr5","110874710","110875005","chrX","43647638","43647934","32","67227072"
"chr5","110910171","110910433","chrX","122712517","122712780","32","11802346"
"chr5","110916848","110917025","chr6","93338412","93338592","32","17578436"
"chr5","110917038","110917326","chr10","62315260","62315548","31","48601778"
"chr5","110979621","110979873","chr10","19416042","19416290","45","91563579"
"chr5","110984680","110984982","chr4","2892469","2892769","39","108092211"
"chr5","110994816","110995097","chr15","68523955","68524227","52","42470861"
"chr5","111023187","111023474","chr5","143792097","143792385","40","32768910"
"chr5","111035547","111035855","chr13","52965573","52965882","44","58069974"
"chr5","111089953","111090265","chr6","161584396","161584699","36","50494443"
"chr5","111109482","111109557","chr8","26232844","26232929","16","84876638"
"chr5","111115243","111115498","chr1","129416815","129417073","38","18301572"
"chr5","111115518","111115793","chr4","145920935","145921214","39","34805417"
"chr5","111132045","111132338","chr1","85129851","85130148","36","26002194"
"chr5","111199130","111199418","chr1","17834502","17834788","46","93364628"
"chr5","111203936","111204238","chr1","191232237","191232533","45","80028301"
"chr5","111215443","111215721","chr1","12716391","12716670","36","98499052"
"chr5","111231209","111231503","chr13","117086671","117086971","46","5855462"
"chr5","111231504","111231799","chr3","3739621","3739925","50","107491883"
"chr5","111234431","111234711","chr7","90648323","90648607","42","20586108"
"chr5","111253588","111253882","chr11","59744208","59744500","30","51509380"
"chr5","111268915","111269206","chr3","103398952","103399243","26","7869963"
"chr5","111283230","111283513","chr10","62315260","62315548","43","48967970"
"chr5","111291690","111291992","chr2","46682521","46682821","32","64609169"
"chr5","111303339","111303635","chr2","101651204","101651504","40","9652135"
"chr5","111328924","111329210","chr7","151979566","151979860","56","40650642"
"chr5","111331531","111331825","chr9","24176785","24177084","59","87154746"
"chr5","111349780","111350077","chr14","58432227","58432524","39","52917553"
"chr5","111352211","111352513","chr1","13567502","13567801","47","97784709"
"chr5","111362954","111363209","chr5","155468059","155468301","55","44105105"
"chr5","111368599","111368877","chr10","32531481","32531740","53","78837118"
"chr5","111369413","111369688","chr1","130269492","130269771","45","18900079"
"chr5","111372750","111373049","chr15","1988979","1989274","49","109383771"
"chr5","111394625","111394920","chr9","92292916","92293201","43","19101709"
"chr5","111395227","111395503","chr2","38884008","38884302","54","72511219"
"chr5","111417995","111418283","chr4","29662805","29663098","54","81755190"
"chr5","111425269","111425578","chr8","29386987","29387291","37","82038282"
"chr5","111473442","111473719","chr11","54089311","54089590","41","57384131"
"chr5","111523678","111523970","chr4","32871781","32872078","37","78651897"
"chr5","111552328","111552638","chr1","117667634","117667945","38","6115306"
"chr5","111575390","111575678","chr10","62315260","62315548","35","49260130"
"chr5","111755411","111755721","chr3","173964513","173964818","42","62209102"
"chr5","111777714","111777986","chr7","5627046","5627330","52","106150668"
"chr5","111781414","111781713","chr15","35190462","35190761","38","76590952"
"chr5","111812837","111813133","chr11","59744208","59744500","32","52068629"
"chr5","111830647","111830772","chr19","33246754","33246878","20","78583893"
"chr5","111833254","111833556","chr7","73560013","73560323","44","38273241"
"chr5","111875099","111875410","chr7","73560013","73560323","39","38315086"
"chr5","111880905","111881263","chr8","75977606","75977959","75","35903299"
"chr5","111911561","111911835","chr8","17032525","17032804","50","94879036"
"chr5","111935924","111936220","chr1","114732101","114732396","40","2796177"
"chr5","111944879","111945152","chr7","120213273","120213565","53","8268394"
"chr5","111980204","111980438","chr5","166622797","166623027","53","54642593"
"chr5","112001007","112001280","chr9","94219176","94219453","54","17781831"
"chr5","112006539","112006702","chr6","168710657","168710821","28","56704118"
"chr5","112035430","112035709","chr3","13489445","13489734","50","98545985"
"chr5","112061825","112062133","chr11","113756516","113756819","44","1694691"
"chr5","112072196","112072501","chr1","124050585","124050888","39","11978389"
"chr5","112091167","112091458","chr3","45626371","45626668","40","66464796"
"chr5","112097516","112097823","chrX","44962032","44962338","39","67135484"
"chr5","112099953","112100243","chr9","7025626","7025918","29","105074327"
"chr5","112104230","112104531","chr19","13117274","13117575","40","98986956"
"chr5","112164567","112164873","chr13","24550040","24550347","46","87614527"
"chr5","112194516","112194814","chr16","51527447","51527750","38","60667069"
"chr5","112206719","112207020","chr7","129277499","129277801","39","17070780"
"chr5","112214728","112215009","chr1","946135","946434","63","111268593"
"chr5","112228771","112229076","chr19","28776684","28776996","45","83452087"
"chr5","112259424","112259716","chr1","124250793","124251086","39","11991369"
"chr5","112265494","112265791","chr3","45626371","45626668","33","66639123"
"chr5","112403575","112403646","chr19","702700","702766","15","111700875"
"chr5","112468432","112468734","chr1","208495775","208496077","44","96027343"
"chr5","112554745","112555056","chr14","51958398","51958700","42","60596347"
"chr5","112576458","112576754","chr2","46682521","46682821","37","65893937"
"chr5","112718960","112719195","chr6","73165956","73166206","45","39553004"
"chr5","112732430","112732726","chrX","49548164","49548465","43","63184266"
"chr5","112791631","112791920","chr11","59744208","59744500","34","53047423"
"chr5","113106037","113106339","chr18","26757177","26757480","40","86348860"
"chr5","113109917","113110042","chr6","148375288","148375408","22","35265371"
"chr5","113117932","113118234","chr16","48075705","48076022","50","65042227"
"chr5","113191667","113191962","chr11","114923633","114923926","38","1731966"
"chr5","113196257","113196552","chr4","26827578","26827875","41","86368679"
"chr5","113241422","113241712","chr11","955569","955863","45","112285853"
"chr5","113255627","113255919","chr2","102989050","102989349","42","10266577"
"chr5","113311210","113311450","chr9","66796462","66796707","35","46514748"
"chr5","113347069","113347350","chr15","13807586","13807872","46","99539483"
"chr5","113401324","113401633","chr1","200754133","200754443","49","87352809"
"chr5","113402008","113402289","chr15","90210594","90210890","37","23191414"
"chr5","113439705","113440008","chr9","25603269","25603573","38","87836436"
"chr5","113450605","113450908","chr13","32325637","32325935","38","81124968"
"chr5","113452487","113452639","chr2","179560773","179560944","50","66108286"
"chr5","113454169","113454470","chr3","173942179","173942475","54","60488010"
"chr5","113477444","113477743","chr9","79342653","79342946","43","34134791"
"chr5","113507134","113507445","chr1","128155382","128155688","37","14648248"
"chr5","113541096","113541264","chr2","149543187","149543361","26","36002091"
"chr5","113545217","113545480","chr7","120105838","120106111","50","6560621"
"chr5","113546655","113546966","chr19","40616478","40616789","42","72930177"
"chr5","113592067","113592383","chr6","124714488","124714790","53","11122421"
"chr5","113600708","113600985","chr1","163990019","163990298","53","50389311"
"chr5","113605168","113605462","chr3","160772561","160772858","39","47167393"
"chr5","113702529","113702839","chr7","79281302","79281613","37","34421227"
"chr5","113721829","113722117","chr1","42476755","42477044","35","71245074"
"chr5","113722157","113722452","chr1","94365322","94365615","42","19356835"
"chr5","113774237","113774535","chr4","132287893","132288193","41","18513656"
"chr5","113845504","113845638","chr9","12890266","12890398","34","100955238"
"chr5","113868668","113868929","chr6","171956247","171956509","41","58087579"
"chr5","113869980","113870277","chr1","94365322","94365615","35","19504658"
"chr5","113890911","113891208","chr3","46066285","46066580","38","67824626"
"chr5","113931093","113931388","chr11","50028965","50029264","42","63902128"
"chr5","113971473","113971684","chr1","9513726","9513939","34","104457747"
"chr5","113998751","113999055","chr4","14949121","14949425","41","99049630"
"chr5","114007022","114007327","chr1","79952767","79953067","44","34054255"
"chr5","114014867","114015171","chr6","173068926","173069228","42","59054059"
"chr5","114036739","114037046","chr1","128155382","128155688","37","14118643"
"chr5","114057878","114058150","chr6","161525268","161525536","44","47467390"
"chr5","114072979","114073148","chr8","110756774","110756940","22","3316205"
"chr5","114073336","114073466","chr8","118827722","118827853","18","4754386"
"chr5","114078953","114079245","chr16","18796729","18797022","36","95282224"
"chr5","114092829","114093128","chr3","124597695","124597995","41","10504866"
"chr5","114107100","114107436","chr4","55885288","55885612","65","58221812"
"chr5","114108341","114108630","chr15","95926887","95927178","55","18181454"
"chr5","114142989","114143293","chr13","125134336","125134638","35","10991347"
"chr5","114164540","114164842","chr3","34969388","34969689","28","79195152"
"chr5","114167095","114167386","chr16","9243640","9243933","44","104923455"
"chr5","114175722","114175861","chr1","197772553","197772689","18","83596831"
"chr5","114184547","114184857","chr10","67405046","67405353","41","46779501"
"chr5","114185580","114185871","chr1","42476755","42477044","36","71708825"
"chr5","114201274","114201529","chr5","89603137","89603398","44","24598137"
"chr5","114258036","114258325","chr11","72112916","72113210","42","42145120"
"chr5","114260536","114260662","chr7","43693641","43693766","19","70566895"
"chr5","114264092","114264359","chr2","155636216","155636491","46","41372124"
"chr5","114281297","114281607","chr1","34912193","34912497","48","79369104"
"chr5","114282192","114282487","chr11","59744208","59744500","32","54537984"
"chr5","114289924","114290220","chr2","102989050","102989349","38","11300874"
"chr5","114292018","114292297","chr7","119631235","119631529","56","5339217"
"chr5","114294997","114295276","chr7","119631235","119631529","56","5336238"
"chr5","114298890","114299187","chr16","21958952","21959252","39","92339938"
"chr5","114316666","114316969","chr12","53357494","53357791","41","60959172"
"chr5","114327245","114327537","chr13","25232626","25232918","36","89094619"
"chr5","114330698","114330986","chr5","136702579","136702867","43","22371881"
"chr5","114333375","114333615","chr11","71045850","71046097","45","43287525"
"chr5","114335066","114335360","chr14","10551853","10552148","41","103783213"
"chr5","114346184","114346483","chr13","125352623","125352912","42","11006439"
"chr5","114363332","114363660","chr4","55885288","55885612","64","58478044"
"chr5","114375086","114375372","chr5","174278831","174279121","37","59903745"
"chr5","114375448","114375738","chr1","219677924","219678213","42","105302476"
"chr5","114405372","114405663","chr1","124250793","124251086","40","9845421"
"chr5","114436736","114437048","chr1","30886272","30886580","43","83550464"
"chr5","114440632","114440932","chr4","100276562","100276859","34","14164070"
"chr5","114496836","114497132","chr1","187061400","187061692","41","72564564"
"chr5","114535781","114536082","chr6","124714488","124714790","35","10178707"
"chr5","114541168","114541449","chr19","32542177","32542468","46","81998991"
"chr5","114586014","114586296","chr4","13663992","13664285","40","100922022"
"chr5","114596770","114597085","chr5","86150704","86151015","44","28446066"
"chr5","114661169","114661462","chr8","100679378","100679681","52","13981791"
"chr5","114735430","114735718","chr12","63888908","63889203","45","50846522"
"chr5","114825587","114825880","chr1","11366377","11366670","33","103459210"
"chr5","114890227","114890506","chr5","96598837","96599116","40","18291390"
"chr5","114909954","114910243","chr1","150608607","150608895","43","35698653"
"chr5","114941567","114941879","chr11","64440364","64440673","40","50501203"
"chr5","115002704","115002961","chr17","50981326","50981584","36","64021378"
"chr5","115039277","115039584","chr7","127583222","127583528","45","12543945"
"chr5","115056223","115056524","chr14","25551767","25552067","36","89504456"
"chr5","115099906","115100198","chr3","13489445","13489734","39","101610461"
"chr5","115108797","115109085","chr15","26878649","26878926","55","88230148"
"chr5","115148117","115148410","chr7","18741876","18742175","45","96406241"
"chr5","115273567","115273852","chr4","117616854","117617134","32","2343287"
"chr5","115277844","115278145","chr3","34969388","34969689","40","80308456"
"chr5","115322415","115322677","chrX","58120629","58120892","38","57201786"
"chr5","115355183","115355482","chr4","69347489","69347789","40","46007694"
"chr5","115355610","115355899","chr5","86238609","86238898","39","29117001"
"chr5","115374298","115374591","chr3","10482926","10483222","37","104891372"
"chr5","115383644","115383921","chrX","19261854","19262133","38","96121790"
"chr5","115431829","115432123","chr7","9043063","9043359","32","106388766"
"chr5","115457155","115457470","chr11","64440364","64440673","43","51016791"
"chr5","115486951","115487219","chr6","161525268","161525536","37","46038317"
"chr5","115497468","115497749","chr7","24696413","24696701","48","90801055"
"chr5","115500781","115501079","chr1","135595744","135596042","43","20094963"
"chr5","115557588","115557888","chr11","51350454","51350764","44","64207134"
"chr5","115862823","115863143","chr1","41758868","41759176","44","74103955"
"chr5","115904109","115904405","chr6","101765362","101765658","35","14138747"
"chr5","115912579","115912826","chr1","18086007","18086262","39","97826572"
"chr5","115950144","115950442","chr1","129567144","129567444","40","13617000"
"chr5","115978993","115979283","chr2","102989050","102989349","49","12989943"
"chr5","115980525","115980630","chr15","10633100","10633205","19","105347425"
"chr5","116004934","116005196","chr9","43570379","43570642","41","72434555"
"chr5","116016374","116016678","chr17","5494384","5494685","42","110521990"
"chr5","116050752","116051059","chr18","26846321","26846625","41","89204431"
"chr5","116092649","116092949","chr1","52291560","52291858","40","63801089"
"chr5","116094626","116094930","chr1","20012770","20013073","36","96081856"
"chr5","116100741","116101040","chr7","91189505","91189803","50","24911236"
"chr5","116120686","116120974","chr4","131374689","131374976","44","15254003"
"chr5","116127140","116127292","chr5","118050451","118050595","40","1923311"
"chr5","116129908","116130149","chr9","61384587","61384831","44","54745321"
"chr5","116160278","116160557","chr1","42476755","42477044","45","73683523"
"chr5","116180052","116180354","chr3","35582609","35582914","34","80597443"
"chr5","116223418","116223697","chr16","68483486","68483773","41","47739932"
"chr5","116272342","116272614","chr12","20586755","20587031","43","95685587"
"chr5","116291047","116291312","chr1","16030313","16030572","44","100260734"
"chr5","116299510","116299743","chr1","1500185","1500409","49","114799325"
"chr5","116301210","116301505","chr6","142572268","142572563","36","26271058"
"chr5","116349250","116349542","chr2","96826999","96827292","30","19522251"
"chr5","116350184","116350458","chr10","37627251","37627528","40","78722933"
"chr5","116375830","116376129","chr2","184580196","184580486","47","68204366"
"chr5","116494420","116494722","chr13","32325637","32325935","37","84168783"
"chr5","116535779","116536009","chr12","58284409","58284644","36","58251370"
"chr5","116539770","116540035","chr15","2641152","2641417","40","113898618"
"chr5","116541854","116542142","chr1","45623411","45623699","33","70918443"
"chr5","116558788","116559061","chr15","21476942","21477211","52","95081846"
"chr5","116622466","116622632","chr3","160872851","160873018","27","44250385"
"chr5","116660707","116660996","chr14","91519076","91519367","35","25141631"
"chr5","116661471","116661787","chr1","21642415","21642734","56","95019056"
"chr5","116665033","116665325","chr16","59753339","59753624","51","56911694"
"chr5","116668568","116668865","chr18","38832355","38832654","39","77836213"
"chr5","116674018","116674307","chr7","117030480","117030769","27","356462"
"chr5","116704594","116704887","chr9","50566898","50567202","45","66137696"
"chr5","116712212","116712517","chr2","144423348","144423659","43","27711136"
"chr5","116749522","116749767","chr2","178680187","178680434","34","61930665"
"chr5","116749823","116749877","chr14","37204446","37204495","8","79545377"
"chr5","116759741","116760037","chr6","133004541","133004839","43","16244800"
"chr5","116786403","116786705","chr16","7530293","7530592","44","109256110"
"chr5","116886979","116887120","chr1","129498511","129498647","17","12611532"
"chr5","116888734","116889026","chr9","95162769","95163063","36","21725965"
"chr5","116942773","116943081","chr18","26757177","26757480","37","90185596"
"chr5","117021614","117021913","chr13","60734076","60734376","32","56287538"
"chr5","117165006","117165189","chr2","20763823","20763999","29","96401183"
"chr5","117187105","117187410","chr1","11912016","11912323","34","105275089"
"chr5","117205837","117206145","chr19","35566142","35566447","45","81639695"
"chr5","117417553","117417794","chr16","40076793","40077035","41","77340760"
"chr5","117536295","117536599","chr19","44000315","44000618","37","73535980"
"chr5","117568356","117568655","chr10","82135782","82136083","43","35432574"
"chr5","117628481","117628776","chr7","90971726","90972022","44","26656755"
"chr5","117685025","117685290","chr2","49059917","49060182","31","68625108"
"chr5","117688032","117688297","chr2","49059917","49060182","30","68628115"
"chr5","117717766","117718071","chr16","11126268","11126568","34","106591498"
"chr5","117719903","117720198","chr9","113481729","113482024","39","4238174"
"chr5","117722798","117723101","chr15","96770877","96771181","39","20951921"
"chr5","117747995","117748285","chr6","160166962","160167251","41","42418967"
"chr5","117776449","117776745","chr2","173931767","173932066","42","56155318"
"chr5","117786976","117787280","chr8","120051374","120051685","48","2264398"
"chr5","117802425","117802732","chr5","129901152","129901461","37","12098727"
"chr5","117848404","117848692","chr2","96514589","96514879","39","21333815"
"chr5","117857127","117857426","chr6","173068926","173069228","45","55211799"
"chr5","117899709","117900006","chr10","35692021","35692319","40","82207688"
"chr5","117933949","117934223","chrX","24379773","24380049","35","93554176"
"chr5","118132214","118132521","chr11","64440364","64440673","60","53691850"
"chr5","118178495","118178744","chr11","32973353","32973606","42","85205142"
"chr5","118190337","118190641","chr3","69228301","69228608","32","48962036"
"chr5","118260879","118261029","chr18","68135901","68136048","22","50124978"
"chr5","118335428","118335724","chr11","59744208","59744500","39","58591220"
"chr5","118411636","118411922","chr16","21639667","21639964","41","96771969"
"chr5","118459840","118460151","chrX","43179195","43179504","33","75280645"
"chr5","118736077","118736371","chr3","45626371","45626668","35","73109706"
"chr5","118799731","118800040","chr3","12603123","12603437","36","106196608"
"chr5","118898038","118898327","chr10","27475321","27475611","43","91422717"
"chr5","118956743","118956974","chr11","67174681","67174919","43","51782062"
"chr5","119086393","119086700","chr7","50598138","50598445","46","68488255"
"chr5","119111853","119112156","chr14","64214831","64215143","49","54897022"
"chr5","119138804","119139109","chr11","8649180","8649480","42","110489624"
"chr5","119237317","119237641","chr3","150902512","150902835","57","31665195"
"chr5","119285253","119285542","chr12","98300764","98301051","38","20984489"
"chr5","119308068","119308283","chr8","106753071","106753288","40","12554997"
"chr5","119421309","119421633","chr18","39066869","39067188","46","80354440"
"chr5","119431045","119431343","chr12","35031886","35032181","41","84399159"
"chr5","119593420","119593716","chr3","45626371","45626668","36","73967049"
"chr5","119617037","119617325","chr16","62639389","62639673","48","56977648"
"chr5","119770203","119770511","chr13","61259817","61260123","37","58510386"
"chr5","119775529","119775823","chr11","47924958","47925256","32","71850571"
"chr5","119776840","119777056","chr7","121329046","121329267","31","1552206"
"chr5","119878945","119879249","chr4","154100211","154100509","43","34221266"
"chr5","120005214","120005498","chr2","149808038","149808322","45","29802824"
"chr5","120029563","120029817","chr5","133797177","133797424","33","13767614"
"chr5","120112357","120112685","chr8","43871928","43872251","59","76240429"
"chr5","120151329","120151631","chr6","136733017","136733318","40","16581688"
"chr5","120219572","120219860","chr10","62315260","62315548","38","57904312"
"chr5","120266549","120266818","chr3","28632372","28632647","48","91634177"
"chr5","120273264","120273549","chr2","106476164","106476452","43","13797100"
"chr5","120434691","120434980","chr2","184580196","184580486","37","64145505"
"chr5","120553283","120553578","chr3","66701770","66702068","38","53851513"
"chr5","120575130","120575432","chr1","17653957","17654260","42","102921173"
"chr5","120575506","120575792","chr5","174278831","174279121","36","53703325"
"chr5","120588880","120589163","chr20","62773757","62774047","45","57815123"
"chr5","120616740","120616930","chr4","35696760","35696973","39","84919980"
"chr5","120618160","120618398","chr7","107374147","107374397","49","13244013"
"chr5","120619761","120620056","chr1","29380917","29381213","40","91238844"
"chr5","120623243","120623427","chr11","63042219","63042395","26","57581024"
"chr5","120624136","120624282","chr2","177049440","177049581","27","56425304"
"chr5","120667768","120668062","chr10","72394915","72395215","36","48272853"
"chr5","120671935","120672230","chr13","84986557","84986865","51","35685378"
"chr5","120686238","120686534","chr13","116647521","116647821","39","4038717"
"chr5","120698157","120698466","chr6","157477970","157478279","41","36779813"
"chr5","120717394","120717688","chr6","143561531","143561830","42","22844137"
"chr5","120727199","120727483","chr7","129456939","129457235","47","8729740"
"chr5","120730374","120730675","chr17","19374053","19374353","29","101356321"
"chr5","120739244","120739469","chrX","44321441","44321669","38","76417803"
"chr5","120763058","120763345","chr9","28186160","28186444","51","92576898"
"chr5","120771385","120771681","chr19","35482053","35482349","44","85289332"
"chr5","120778143","120778426","chr5","148256524","148256813","49","27478381"
"chr5","120809000","120809284","chr6","142572268","142572563","39","21763268"
"chr5","120814550","120814837","chr3","10482926","10483222","36","110331624"
"chr5","120911522","120911739","chr5","106625263","106625493","42","14286259"
"chr5","120929391","120929691","chrX","21565382","21565683","33","99364009"
"chr5","120930126","120930369","chr4","79455473","79455733","63","41474653"
"chr5","120959163","120959453","chr7","133065043","133065330","35","12105880"
"chr5","120986363","120986655","chr11","116100247","116100545","40","4886116"
"chr5","120993916","120994216","chr7","36408201","36408499","44","84585715"
"chr5","120996886","120997181","chr8","10102742","10103034","35","110894144"
"chr5","120998787","120999097","chr1","3276074","3276382","37","117722713"
"chr5","121007111","121007403","chr13","36289","36581","38","120970822"
"chr5","121007803","121008090","chr9","7025626","7025918","36","113982177"
"chr5","121028600","121028893","chrX","22003554","22003852","38","99025046"
"chr5","121058062","121058355","chr12","13812499","13812795","42","107245563"
"chr5","121078241","121078531","chr8","35747302","35747593","41","85330939"
"chr5","121086634","121086890","chr10","25924241","25924498","34","95162393"
"chr5","121088187","121088483","chr11","2786416","2786725","48","118301771"
"chr5","121092399","121092698","chrX","15713155","15713456","37","105379244"
"chr5","121171032","121171328","chr16","17660066","17660366","36","103510966"
"chr5","121206467","121206770","chr1","203640822","203641120","37","82434355"
"chr5","121212484","121212789","chr20","29027805","29028111","45","92184679"
"chr5","121233303","121233620","chrX","105763749","105764060","55","15469554"
"chr5","121248841","121249151","chr11","53078617","53078919","49","68170224"
"chr5","121249621","121249918","chr14","55307372","55307665","41","65942249"
"chr5","121280268","121280444","chr7","130187581","130187776","40","8907313"
"chr5","121306995","121307289","chr5","3516408","3516705","36","117790587"
"chr5","121307302","121307593","chr1","118016846","118017136","37","3290456"
"chr5","121317193","121317381","chr2","180424088","180424273","35","59106895"
"chr5","121318284","121318415","chr7","148603228","148603359","21","27284944"
"chr5","121325854","121326129","chr16","22674519","22674794","39","98651335"
"chr5","121418492","121418792","chr17","19374053","19374353","37","102044439"
"chr5","121425361","121425491","chr19","8509943","8510077","20","112915418"
"chr5","121434489","121434780","chr3","133866579","133866872","34","12432090"
"chr5","121477342","121477638","chr20","51745649","51745944","36","69731693"
"chr5","121524621","121524929","chr12","63079032","63079340","43","58445589"
"chr5","121550424","121550707","chr4","31083851","31084133","33","90466573"
"chr5","121626096","121626396","chrX","15713155","15713456","37","105912941"
"chr5","121649387","121649689","chr6","124714488","124714790","38","3065101"
"chr5","121655525","121655835","chrX","107455610","107455920","43","14199915"
"chr5","121692229","121692517","chr9","57318157","57318448","37","64374072"
"chr5","121694671","121694971","chr1","195161491","195161794","56","73466820"
"chr5","121733994","121734294","chr9","15247736","15248032","45","106486258"
"chr5","121761964","121762268","chr13","24550040","24550347","51","97211924"
"chr5","121779305","121779583","chr2","149059973","149060251","41","27280668"
"chr5","121799510","121799797","chr16","63996509","63996794","41","57803001"
"chr5","121958529","121958846","chr20","54640728","54641039","48","67317801"
"chr5","121972277","121972567","chr4","32103397","32103688","40","89868880"
"chr5","122033431","122033730","chr8","94958903","94959204","38","27074528"
"chr5","122035491","122035795","chr14","5934954","5935260","34","116100537"
"chr5","122059052","122059342","chr10","16256956","16257248","49","105802096"
"chr5","122088415","122088713","chr3","162690320","162690615","35","40601905"
"chr5","122106945","122107242","chr1","67368758","67369056","35","54738187"
"chr5","122171498","122171786","chr20","32453396","32453683","42","89718102"
"chr5","122207590","122207885","chr4","73377047","73377349","44","48830543"
"chr5","122247680","122247971","chr5","162478601","162478895","40","40230921"
"chr5","122249068","122249362","chr3","51854376","51854674","36","70394692"
"chr5","122252270","122252558","chr4","32701249","32701545","49","89551021"
"chr5","122274731","122275032","chr7","129658520","129658818","35","7383789"
"chr5","122317106","122317399","chr18","49838043","49838335","37","72479063"
"chr5","122343141","122343428","chr8","127022151","127022443","42","4679010"
"chr5","122351655","122351974","chr1","54556109","54556409","64","67795546"
"chr5","122362336","122362635","chr3","45626371","45626668","32","76735965"
"chr5","122364118","122364450","chr9","84308480","84308785","57","38055638"
"chr5","122373746","122374047","chrX","15713155","15713456","33","106660591"
"chr5","122449127","122449416","chr5","52449180","52449473","41","69999947"
"chr5","122454439","122454737","chr3","15132217","15132518","45","107322222"
"chr5","122462434","122462751","chr2","135982117","135982423","46","13519683"
"chr5","122480558","122480866","chr7","49389679","49389980","46","73090879"
"chr5","122498313","122498624","chr11","64440364","64440673","47","58057949"
"chr5","122508392","122508693","chr1","158815913","158816209","45","36307521"
"chr5","122515707","122516018","chr19","20417366","20417675","53","102098341"
"chr5","122536109","122536399","chr17","27643358","27643658","44","94892751"
"chr5","122551846","122552103","chr19","32590740","32591017","49","89961106"
"chr5","122573810","122574096","chr7","72707693","72707981","37","49866117"
"chr5","122616279","122616561","chr17","30318493","30318771","42","92297786"
"chr5","122618360","122618663","chr1","39013788","39014096","46","83604572"
"chr5","122622886","122623171","chr1","139209242","139209533","40","16586356"
"chr5","122645865","122646159","chr1","34075978","34076276","37","88569887"
"chr5","122652814","122653120","chr15","96588502","96588809","31","26064312"
"chr5","122793567","122793859","chr11","130887266","130887559","40","8093699"
"chr5","122888441","122888760","chr13","32817425","32817728","48","90071016"
"chr5","122965781","122965858","chr9","56007679","56007760","12","66958102"
"chr5","123196162","123196455","chr6","64989051","64989351","37","58207111"
"chr5","123398930","123399235","chr9","31509553","31509861","49","91889377"
"chr5","123411327","123411593","chr2","165757823","165758089","36","42346496"
"chr5","123413442","123413722","chr9","92292916","92293201","54","31120526"
"chr5","123424071","123424372","chr6","124714488","124714790","45","1290417"
"chr5","123434501","123434808","chr8","21354878","21355187","42","102079623"
"chr5","123500001","123500252","chr8","102916371","102916625","36","20583630"
"chr5","123503929","123504229","chr15","90210594","90210890","40","33293335"
"chr5","123521649","123521945","chr6","142572268","142572563","52","19050619"
"chr5","123523549","123523841","chr7","29612052","29612348","35","93911497"
"chr5","123535012","123535298","chr2","132800227","132800507","47","9265215"
"chr5","123539185","123539465","chr6","14908506","14908785","48","108630679"
"chr5","123544069","123544370","chr7","150944739","150945043","42","27400670"
"chr5","123551694","123551998","chr7","90971726","90972022","44","32579968"
"chr5","123554000","123554191","chr10","507146","507335","42","123046854"
"chr5","123613765","123614058","chr13","4335033","4335327","32","119278732"
"chr5","123627290","123627587","chr15","95926887","95927178","39","27700403"
"chr5","123637083","123637398","chr3","133130129","133130435","57","9493046"
"chr5","123648326","123648419","chr9","81123976","81124068","14","42524350"
"chr5","123654163","123654464","chr18","4934718","4935018","39","118719445"
"chr5","123710632","123710929","chr2","46893044","46893340","38","76817588"
"chr5","123717465","123717768","chr1","7993999","7994304","38","115723466"
"chr5","123735959","123736274","chr13","69700961","69701271","48","54034998"
"chr5","123831456","123831752","chr2","46893044","46893340","40","76938412"
"chr5","123843156","123843457","chr4","3145119","3145426","40","120698037"
"chr5","123867374","123867669","chr1","66509236","66509532","42","57358138"
"chr5","123875344","123875628","chr3","178746853","178747140","59","54871509"
"chr5","123882362","123882644","chr16","4758156","4758438","53","119124206"
"chr5","123953832","123954121","chr4","37990208","37990501","40","85963624"
"chr5","123991505","123991785","chr9","111519897","111520173","58","12471608"
"chr5","124004474","124004775","chr7","147730826","147731127","35","23726352"
"chr5","124119063","124119356","chr2","184580196","184580486","37","60461133"
"chr5","124134998","124135289","chr6","135655274","135655568","38","11520276"
"chr5","124145475","124145762","chr2","8148306","8148591","43","115997169"
"chr5","124162845","124163131","chr14","111877236","111877529","36","12285609"
"chr5","124164448","124164741","chr7","52736490","52736780","40","71427958"
"chr5","124166236","124166359","chr1","185763091","185763209","17","61596855"
"chr5","124181565","124181847","chr13","107792315","107792606","45","16389250"
"chr5","124200405","124200545","chr2","93317431","93317570","22","30882974"
"chr5","124242867","124243023","chr16","1551891","1552040","33","122690976"
"chr5","124258504","124258796","chr8","135146563","135146861","43","10888059"
"chr5","124260889","124261146","chr12","97727609","97727871","49","26533280"
"chr5","124273181","124273480","chr7","150086477","150086779","45","25813296"
"chr5","124285912","124286187","chr1","67286924","67287193","50","56998988"
"chr5","124286632","124286807","chr13","30956781","30956950","25","93329851"
"chr5","124287337","124287466","chr7","148603228","148603359","21","24315891"
"chr5","124294258","124294573","chr2","144423348","144423659","49","20129090"
"chr5","124296887","124297180","chr13","68982542","68982833","27","55314345"
"chr5","124332615","124332805","chr7","18489544","18489740","33","105843071"
"chr5","124334197","124334496","chr20","27594264","27594559","46","96739933"
"chr5","124368249","124368534","chr2","180186817","180187109","47","55818568"
"chr5","124386001","124386292","chr6","37372071","37372368","48","87013930"
"chr5","124400700","124400984","chr2","155636216","155636491","48","31235516"
"chr5","124411191","124411485","chr7","148821081","148821370","45","24409890"
"chr5","124422307","124422605","chr11","59744208","59744500","34","64678099"
"chr5","124437813","124438117","chr20","8175048","8175355","50","116262765"
"chr5","124444650","124444947","chr3","171382925","171383221","54","46938275"
"chr5","124451250","124451536","chr10","30085573","30085855","42","94365677"
"chr5","124457501","124457794","chr7","4375365","4375655","46","120082136"
"chr5","124463497","124463783","chr16","25072506","25072783","49","99390991"
"chr5","124528489","124528794","chr14","7612816","7613116","40","116915673"
"chr5","124543958","124544238","chr9","111708748","111709026","40","12835210"
"chr5","124548972","124549240","chr6","151709277","151709543","40","27160305"
"chr5","124552057","124552354","chr2","55239701","55239997","39","69312356"
"chr5","124568049","124568307","chr19","3865816","3866080","52","120702233"
"chr5","124570858","124571136","chr10","62315260","62315548","39","62255598"
"chr5","124600803","124601093","chr12","69972996","69973280","54","54627807"
"chr5","124601670","124601869","chr7","155860210","155860412","44","31258540"
"chr5","124610356","124610609","chr1","18086007","18086262","35","106524349"
"chr5","124610610","124610912","chr12","103713062","103713366","36","20897548"
"chr5","124612459","124612737","chr2","28624536","28624818","37","95987923"
"chr5","124613357","124613686","chr3","173748855","173749179","62","49135498"
"chr5","124619021","124619296","chr15","83740001","83740291","52","40879020"
"chr5","124649994","124650301","chr14","65098774","65099079","41","59551220"
"chr5","124657555","124657873","chr10","46911202","46911531","46","77746353"
"chr5","124658498","124658811","chr2","144423348","144423659","41","19764850"
"chr5","124663613","124663862","chr16","3441267","3441508","38","121222346"
"chr5","124684353","124684618","chr14","100917461","100917725","30","23766892"
"chr5","124768364","124768638","chr16","4550887","4551163","44","120217477"
"chr5","124782453","124782643","chr5","96049946","96050137","31","28732507"
"chr5","124829101","124829396","chr6","142572268","142572563","38","17743167"
"chr5","124968432","124968744","chr5","34541386","34541695","42","90427046"
"chr5","124972750","124973048","chr4","132287893","132288193","32","7315143"
"chr5","124974926","124975238","chr14","68266948","68267245","57","56707978"
"chr5","124989193","124989484","chr15","99326240","99326538","45","25662953"
"chr5","125016268","125016565","chr1","127893584","127893884","50","2877316"
"chr5","125018290","125018572","chr3","3812815","3813101","51","121205475"
"chr5","125052942","125053251","chr6","121630847","121631152","40","3422095"
"chr5","125088391","125088648","JH679593","6395","6656","71","125081996"
"chr5","125089789","125089889","chr3","161273467","161273562","20","36183678"
"chr5","125104858","125105152","chr13","54441045","54441338","40","70663813"
"chr5","125108828","125109131","chr3","160849351","160849651","49","35740523"
"chr5","125118590","125118849","chr5","150963150","150963408","40","25844560"
"chr5","125136381","125136674","chr8","18019156","18019453","51","107117225"
"chr5","125162615","125162907","chr17","83808601","83808892","37","41354014"
"chr5","125191940","125192237","chr2","178187197","178187490","45","52995257"
"chr5","125196080","125196356","chr9","93552709","93552987","62","31643371"
"chr5","125203521","125203822","chr1","163318234","163318534","44","38114713"
"chr5","125209904","125210187","chr5","166995048","166995338","49","41785144"
"chr5","125223095","125223390","chr8","44064468","44064767","36","81158627"
"chr5","125227238","125227546","chr2","46682521","46682821","52","78544717"
"chr5","125236724","125237030","chrX","15713155","15713456","37","109523569"
"chr5","125238283","125238587","chr6","36792438","36792730","52","88445845"
"chr5","125246725","125247020","chrX","41679338","41679632","42","83567387"
"chr5","125252909","125253212","chr16","48424959","48425259","53","76827950"
"chr5","125309546","125309840","chr1","37165011","37165294","47","88144535"
"chr5","125322635","125322935","chr11","12761858","12762157","47","112560777"
"chr5","125337014","125337307","chr10","69784355","69784650","46","55552659"
"chr5","125337426","125337713","chr7","64090993","64091284","46","61246433"
"chr5","125340470","125340769","chr7","90971726","90972022","43","34368744"
"chr5","125359579","125359887","chr20","39115753","39116063","43","86243826"
"chr5","125378065","125378360","chr8","85566036","85566332","41","39812029"
"chr5","125378365","125378656","chr7","133065043","133065330","30","7686678"
"chr5","125391312","125391408","chr14","55579045","55579149","25","69812267"
"chr5","125391827","125392105","chrX","65477408","65477681","39","59914419"
"chr5","125394525","125394854","chr2","39152487","39152798","63","86242038"
"chr5","125487106","125487402","chr3","34969388","34969689","45","90517718"
"chr5","125530685","125530987","chr13","32817425","32817728","38","92713260"
"chr5","125554539","125554844","chr17","20945248","20945548","36","104609291"
"chr5","125566573","125566866","chr4","34365154","34365445","42","91201419"
"chr5","125593588","125593886","chrX","43914906","43915203","38","81678682"
"chr5","125600556","125600861","chr6","121630847","121631152","37","3969709"
"chr5","125606668","125606972","chr3","34969388","34969689","42","90637280"
"chr5","125621940","125622222","chr13","107989665","107989947","32","17632275"
"chr5","125630802","125631099","chr3","152889572","152889861","48","27258770"
"chr5","125634241","125634527","chr2","96826999","96827292","48","28807242"
"chr5","125644866","125645163","chr12","99195239","99195531","49","26449627"
"chr5","125679828","125680128","chr19","3064712","3065012","30","122615116"
"chr5","125794403","125794691","chr14","15577285","15577579","34","110217118"
"chr5","125832825","125833133","chr8","22017351","22017655","45","103815474"
"chr5","125834813","125835096","chr4","14172166","14172453","46","111662647"
"chr5","125842244","125842439","chr5","69980681","69980871","44","55861563"
"chr5","125863928","125864216","chr4","33860712","33861004","38","92003216"
"chr5","125890480","125890778","chrX","128569263","128569566","30","2678783"
"chr5","125924080","125924242","chr1","204420577","204420740","25","78496497"
"chr5","125941537","125941841","chr11","48876076","48876372","36","77065461"
"chr5","125955845","125956121","chr4","155097910","155098188","39","29142065"
"chr5","125977420","125977726","chr6","157477970","157478279","35","31500550"
"chr5","125996849","125997156","chr19","41809608","41809908","47","84187241"
"chr5","126013452","126013740","chr13","101919472","101919753","36","24093980"
"chr5","126060056","126060269","chr14","96083585","96083801","33","29976471"
"chr5","126061053","126061144","chr9","81123976","81124068","21","44937077"
"chr5","126079362","126079661","chr16","21958952","21959252","53","104120410"
"chr5","126082471","126082742","chr1","47626078","47626342","36","78456393"
"chr5","126102571","126102869","chr1","12865060","12865361","35","113237511"
"chr5","126158401","126158695","chr13","88006009","88006300","37","38152392"
"chr5","126267083","126267373","chr6","128567979","128568280","48","2300896"
"chr5","126320355","126320664","chrX","38891205","38891511","46","87429150"
"chr5","126345725","126346005","chr18","24055020","24055300","40","102290705"
"chr5","126357522","126357778","chrX","88088678","88088937","33","38268844"
"chr5","126420262","126420572","chr13","61259817","61260123","37","65160445"
"chr5","126451289","126451545","chr3","71188614","71188861","44","55262675"
"chr5","126452977","126453283","chr6","133004541","133004839","45","6551564"
"chr5","126476281","126476584","chr10","38262077","38262376","37","88214204"
"chr5","126495045","126495320","chr3","160601395","160601671","45","34106350"
"chr5","126507122","126507415","chr2","184580196","184580486","40","58073074"
"chr5","126526429","126526719","chr1","219225924","219226223","40","92699495"
"chr5","126536561","126536712","chr6","52111046","52111199","32","74425515"
"chr5","126550713","126550990","chr13","92441785","92442065","37","34108928"
"chr5","126603447","126603746","chr1","67368758","67369056","38","59234689"
"chr5","126692462","126692760","chr3","176830718","176831018","32","50138256"
"chr5","126696349","126696641","chr17","12723410","12723708","39","113972939"
"chr5","126705679","126705978","chr3","35164529","35164835","38","91541150"
"chr5","126782634","126782939","chr5","173702377","173702681","37","46919743"
"chr5","126784465","126784741","chr11","51880793","51881061","59","74903672"
"chr5","126786976","126787267","chr2","96514589","96514879","39","30272387"
"chr5","126841815","126842113","chr2","46893044","46893340","42","79948771"
"chr5","126917349","126917657","chr19","47662689","47662983","53","79254660"
"chr5","126925775","126926082","chr5","170875139","170875447","44","43949364"
"chr5","127006259","127006349","chrX","52786172","52786262","17","74220087"
"chr5","127061064","127061377","chr13","43327633","43327946","37","83733431"
"chr5","127062576","127062889","chr1","163206582","163206863","64","36144006"
"chr5","127092954","127093255","chr14","5934954","5935260","42","121158000"
"chr5","127209531","127209832","chr1","195161491","195161794","43","67951960"
"chr5","127215736","127216036","chr8","118421988","118422286","42","8793748"
"chr5","127224996","127225089","chr10","52951295","52951397","17","74273701"
"chr5","127234321","127234633","chr11","36769212","36769521","46","90465109"
"chr5","127278744","127279056","chr5","32469834","32470141","47","94808910"
"chr5","127333051","127333320","chr14","8680117","8680387","42","118652934"
"chr5","127349324","127349622","chr1","29380917","29381213","36","97968407"
"chr5","127354741","127355027","chr8","118107840","118108131","57","9246901"
"chr5","127423727","127424012","chr5","174278831","174279121","32","46855104"
"chr5","127454935","127455224","chr1","48541016","48541306","53","78913919"
"chr5","127462177","127462481","chr15","9298129","9298436","38","118164048"
"chr5","127475209","127475519","chr20","53269750","53270057","42","74205459"
"chr5","127477288","127477586","chr3","127836231","127836530","44","358943"
"chr5","127517880","127518180","chr8","91540919","91541218","37","35976961"
"chr5","127546774","127547055","chr14","91519076","91519367","40","36027698"
"chr5","127557291","127557589","chr7","90971726","90972022","41","36585565"
"chr5","127593057","127593156","chr4","34787688","34787791","15","92805369"
"chr5","127629027","127629325","chr3","160772561","160772858","37","33143534"
"chr5","127635113","127635429","chr7","151764173","151764476","54","24129060"
"chr5","127651090","127651396","chr1","130649516","130649818","45","2998426"
"chr5","127666998","127667295","chr15","7561500","7561795","35","120105498"
"chr5","127671504","127671786","chr7","91577966","91578264","43","36093538"
"chr5","127697577","127697823","chr20","40663185","40663429","39","87034392"
"chr5","127748222","127748518","JH680466","16","313","48","127748206"
"chr5","127753914","127754205","chr2","52915073","52915368","47","74838841"
"chr5","127763524","127763819","chr3","150228925","150229224","34","22465401"
"chr5","127768383","127768677","chr11","83053494","83053794","48","44714889"
"chr5","127781171","127781466","chr9","21727686","21727969","55","106053485"
"chr5","127826346","127826649","chr2","172554797","172555106","45","44728451"
"chr5","127869078","127869374","chrX","20551522","20551824","46","107317556"
"chr5","127897237","127897481","chr7","151776343","151776597","42","23879106"
"chr5","127920170","127920428","chr16","64306700","64306961","36","63613470"
"chr5","127923780","127924085","chr6","127852909","127853211","40","70871"
"chr5","127978218","127978529","chr6","128110448","128110754","40","132230"
"chr5","127984100","127984398","chr1","67368758","67369056","42","60615342"
"chr5","128025617","128025921","chr9","1083958","1084261","45","126941659"
"chr5","128027947","128028242","chr7","159175394","159175689","35","31147447"
"chr5","128139392","128139686","chr11","88536600","88536893","41","39602792"
"chr5","128147055","128147344","chr15","10278613","10278903","52","117868442"
"chr5","128221141","128221440","chr19","3064712","3065012","32","125156429"
"chr5","128279948","128280245","chr13","117086671","117086971","39","11193277"
"chr5","128285978","128286280","chr6","121630847","121631152","39","6655131"
"chr5","128305646","128305946","chr19","3064712","3065012","32","125240934"
"chr5","128325285","128325581","chr16","21639667","21639964","33","106685618"
"chr5","128389476","128389751","chr16","2090775","2091048","33","126298701"
"chr5","128503836","128504160","chrX","41110032","41110356","42","87393804"
"chr5","128504988","128505276","chr20","62773757","62774047","37","65731231"
"chr5","128573165","128573455","chr1","219225924","219226223","43","90652759"
"chr5","128650286","128650532","chr1","7289153","7289418","52","121361133"
"chr5","128692739","128692823","chr10","80123708","80123791","16","48569031"
"chr5","128693190","128693388","chrX","125209340","125209537","30","3483850"
"chr5","128883739","128884040","chrX","68470020","68470315","40","60413719"
"chr5","128892324","128892613","chr19","28455142","28455426","36","100437182"
"chr5","128984142","128984457","chr1","138374356","138374660","42","9390214"
"chr5","129001994","129002263","chr6","53461928","53462198","36","75540066"
"chr5","129002594","129002906","chr14","62659082","62659389","44","66343512"
"chr5","129011668","129011964","chr19","26909098","26909401","47","102102570"
"chr5","129021958","129022114","chr6","132769822","132769981","26","3747864"
"chr5","129026845","129027131","chr1","19255420","19255708","33","109771425"
"chr5","129031110","129031413","chr7","37449373","37449676","43","91581737"
"chr5","129195126","129195414","chr10","29630735","29631028","51","99564391"
"chr5","129198532","129198753","chr6","101369939","101370158","30","27828593"
"chr5","129202718","129203026","chr8","75513008","75513315","37","53689710"
"chr5","129256671","129256969","chr4","103431771","103432066","39","25824900"
"chr5","129369172","129369473","chr17","63321064","63321363","43","66048108"
"chr5","129371225","129371331","chr16","42555693","42555801","23","86815532"
"chr5","129371776","129371951","chr5","85812520","85812698","26","43559256"
"chr5","129421517","129421820","chr4","3588537","3588838","41","125832980"
"chr5","129438970","129439285","chr17","10691865","10692166","50","118747105"
"chr5","129453403","129453711","chr20","63002066","63002368","48","66451337"
"chr5","129490962","129491183","chr1","159912954","159913180","42","30421992"
"chr5","129525943","129526234","chr10","62315260","62315548","38","67210683"
"chr5","129544871","129545144","chr2","8148306","8148591","51","121396565"
"chr5","129582048","129582363","chr17","11233722","11234024","47","118348326"
"chr5","129589024","129589314","chr9","7025626","7025918","29","122563398"
"chr5","129593362","129593660","chr1","129877213","129877510","41","283851"
"chr5","129611835","129612142","chr18","48465782","48466081","48","81146053"
"chr5","129720909","129721213","chr1","44509147","44509453","40","85211762"
"chr5","129753456","129753734","chr17","6682248","6682540","55","123071208"
"chr5","129821999","129822311","chr10","72987167","72987478","55","56834832"
"chr5","129853501","129853785","chr10","62315260","62315548","39","67538241"
"chr5","129908014","129908318","chr18","41637996","41638299","46","88270018"
"chr5","129925406","129925707","chr14","15794893","15795196","39","114130513"
"chr5","130003720","130004005","chr15","95489133","95489415","35","34514587"
"chr5","130098499","130098778","chr9","21727686","21727969","58","108370813"
"chr5","130283469","130283740","chr7","111089387","111089666","53","19194082"
"chr5","130317508","130317797","chr11","72837371","72837668","52","57480137"
"chr5","130485879","130486187","chr15","96983547","96983850","39","33502332"
"chr5","130538850","130539153","chr1","124893534","124893832","36","5645316"
"chr5","130587213","130587465","chr19","39470515","39470769","43","91116698"
"chr5","130634385","130634684","chr1","143220195","143220493","37","12585810"
"chr5","130646996","130647157","chr1","141075553","141075714","26","10428557"
"chr5","130647823","130647939","chr3","84703027","84703139","15","45944796"
"chr5","130746009","130746263","chr4","24804662","24804922","49","105941347"
"chr5","130754396","130754698","chr1","20012770","20013073","34","110741626"
"chr5","130772212","130772497","chr9","56856523","56856815","51","73915689"
"chr5","130837001","130837289","chr1","196495860","196496151","42","65658859"
"chr5","130883876","130884157","chr11","24661575","24661861","48","106222301"
"chr5","130900126","130900428","chr2","186852567","186852865","40","55952441"
"chr5","130907759","130908062","chr17","11233722","11234024","36","119674037"
"chr5","130956896","130957204","chr13","25298591","25298897","40","105658305"
"chr5","130996486","130996812","chr16","21220464","21220775","65","109776022"
"chr5","131077537","131077828","chr8","25582102","25582396","29","105495435"
"chr5","131077829","131078117","chr1","24136961","24137248","43","106940868"
"chr5","131117693","131117944","chr3","7548115","7548365","44","123569578"
"chr5","131123564","131123866","chrX","38891205","38891511","41","92232359"
"chr5","131123869","131124178","chrX","43179195","43179504","46","87944674"
"chr5","131133856","131134146","chr16","64244965","64245254","35","66888891"
"chr5","131197399","131197708","chr1","128155382","128155688","47","3042017"
"chr5","131198431","131198690","chr1","36888776","36889038","41","94309655"
"chr5","131235261","131235555","chr4","32871781","32872078","36","98363480"
"chr5","131236858","131237148","chr7","133065043","133065330","32","1828185"
"chr5","131240288","131240578","chr7","148303048","148303338","44","17062760"
"chr5","131270673","131270981","chr3","31567165","31567474","38","99703508"
"chr5","131304640","131304936","chr13","91781599","91781897","40","39523041"
"chr5","131309253","131309580","chr14","62659082","62659389","65","68650171"
"chr5","131354149","131354449","chr11","53078617","53078919","44","78275532"
"chr5","131387271","131387545","chrX","38603483","38603760","37","92783788"
"chr5","131406641","131406931","chr9","34536315","34536608","52","96870326"
"chr5","131414404","131414712","chrX","38891205","38891511","48","92523199"
"chr5","131613868","131614171","chr4","2534955","2535251","33","129078913"
"chr5","131632528","131632841","chr15","41336666","41336971","50","90295862"
"chr5","131661616","131661912","chr9","102554847","102555148","50","29106769"
"chr5","131672918","131673227","chr6","127514364","127514674","43","4158554"
"chr5","131728676","131728985","chr16","49625494","49625797","40","82103182"
"chr5","131730016","131730314","chr4","128262408","128262704","49","3467608"
"chr5","131742756","131743064","chr15","37754984","37755288","47","93987772"
"chr5","131745380","131745690","chr8","28250911","28251217","54","103494469"
"chr5","131751635","131751931","chr14","30544530","30544818","50","101207105"
"chr5","131777312","131777606","chr6","124714488","124714790","39","7062824"
"chr5","131786509","131786816","chr1","7993999","7994304","34","123792510"
"chr5","131812606","131812885","chr1","13186406","13186688","46","118626200"
"chr5","131820163","131820459","chr8","111500920","111501220","53","20319243"
"chr5","131850166","131850463","chr7","151979566","151979860","50","20129400"
"chr5","131874178","131874485","chr4","75388049","75388359","46","56486129"
"chr5","131894061","131894215","chr4","100962210","100962357","29","30931851"
"chr5","131903792","131904099","chr9","61900736","61901039","38","70003056"
"chr5","131906510","131906811","chr4","42866053","42866357","48","89040457"
"chr5","131908196","131908489","chr4","103431771","103432066","42","28476425"
"chr5","131913754","131914046","chr2","38884008","38884302","42","93029746"
"chr5","131921532","131921803","chr10","24656263","24656537","43","107265269"
"chr5","131929413","131929719","chr11","4016647","4016949","47","127912766"
"chr5","131944528","131944797","chr11","117081609","117081880","52","14862919"
"chr5","131955794","131956102","chrX","43179195","43179504","42","88776599"
"chr5","132160594","132160881","chr15","7561500","7561795","46","124599094"
"chr5","132212206","132212502","chr2","84844754","84845049","31","47367452"
"chr5","132243558","132243811","chr2","106270969","106271223","35","25972589"
"chr5","132369483","132369769","chr3","151336195","151336483","44","18966712"
"chr5","132457829","132458129","chr13","32817425","32817728","36","99640404"
"chr5","132520456","132520754","chr1","67368758","67369056","44","65151698"
"chr5","132701087","132701227","chr1","129498511","129498647","18","3202576"
"chr5","132818517","132818813","chr1","127833040","127833336","41","4985477"
"chr5","132832885","132833187","chr11","10098018","10098319","34","122734867"
"chr5","132849613","132849921","chr7","123688140","123688443","47","9161473"
"chr5","132864172","132864465","chr10","10378732","10379028","43","122485440"
"chr5","132913674","132913980","chr5","4118573","4118874","43","128795101"
"chr5","133035804","133036081","chr6","143287549","143287823","60","10251745"
"chr5","133046591","133046891","chr2","102989050","102989349","44","30057541"
"chr5","133052562","133052862","chr10","46007696","46008002","39","87044866"
"chr5","133059773","133060069","chr1","10700472","10700765","53","122359301"
"chr5","133075683","133075926","chr8","89378321","89378560","44","43697362"
"chr5","133079002","133079299","chr13","36274137","36274433","37","96804865"
"chr5","133094957","133095252","chr8","99548469","99548767","37","33546488"
"chr5","133102472","133102780","chr13","124472957","124473258","61","8629515"
"chr5","133114683","133114814","chr1","4534165","4534297","31","128580518"
"chr5","133115326","133115493","chr13","93249064","93249232","21","39866262"
"chr5","133116226","133116521","chr14","22179331","22179628","40","110936895"
"chr5","133137637","133137963","chr8","135621530","135621850","52","2483893"
"chr5","133187289","133187580","chr10","12740935","12741229","46","120446354"
"chr5","133209216","133209515","chr1","219225924","219226223","39","86016708"
"chr5","133209579","133209878","chr1","185101023","185101330","41","51891444"
"chr5","133220519","133220817","chr7","48694397","48694696","34","84526122"
"chr5","133227129","133227429","chr1","219225924","219226223","39","85998795"
"chr5","133227493","133227797","chr8","97994163","97994466","38","35233330"
"chr5","133236086","133236353","chr13","46225644","46225911","43","87010442"
"chr5","133239224","133239525","chr19","3064712","3065012","32","130174512"
"chr5","133245623","133245913","chr1","27049382","27049672","43","106196241"
"chr5","133249631","133249921","chr8","134515309","134515602","40","1265678"
"chr5","133262596","133262893","chr5","2577333","2577630","42","130685263"
"chr5","133272927","133273226","chr1","87517486","87517794","42","45755441"
"chr5","133276344","133276613","chr6","147731190","147731470","47","14454846"
"chr5","133287225","133287527","chr13","64681802","64682100","38","68605423"
"chr5","133304043","133304338","chr4","68980102","68980396","39","64323941"
"chr5","133305276","133305584","chr14","21158129","21158427","54","112147147"
"chr5","133309393","133309684","chr16","55230657","55230945","35","78078736"
"chr5","133336811","133337107","chr6","51642232","51642530","43","81694579"
"chr5","133398811","133399091","chr19","7821204","7821487","39","125577607"
"chr5","133465607","133465710","chr9","93388014","93388117","16","40077593"
"chr5","133468359","133468663","chr2","62500002","62500306","48","70968357"
"chr5","133544053","133544354","chr19","3064712","3065012","41","130479341"
"chr5","133618660","133618940","chr4","31083851","31084133","27","102534809"
"chr5","133631187","133631490","chr4","32871781","32872078","41","100759406"
"chr5","133726965","133727262","chr1","124998618","124998915","34","8728347"
"chr5","133748077","133748385","chr14","121139781","121140089","42","12608296"
"chr5","133776611","133776910","chr2","55010925","55011223","36","78765686"
"chr5","133797013","133797318","chr7","131341201","131341506","38","2455812"
"chr5","133797823","133798090","chr2","40995159","40995429","40","92802664"
"chr5","133804072","133804374","chr7","16206849","16207148","37","117597223"
"chr5","133835910","133836202","chr1","11366377","11366670","41","122469533"
"chr5","133884167","133884462","chr2","73070385","73070678","40","60813782"
"chr5","133906911","133907209","chr9","15264096","15264399","51","118642815"
"chr5","133936833","133936996","chr17","543645","543812","25","133393188"
"chr5","133980361","133980587","chrX","22219853","22220056","65","111760508"
"chr5","133985310","133985613","chr14","5934954","5935260","36","128050356"
"chr5","134026675","134026964","chr7","117030480","117030769","42","16996195"
"chr5","134046083","134046381","chr3","161066291","161066579","43","27020208"
"chr5","134097053","134097347","chr3","134867637","134867930","46","770584"
"chr5","134114191","134114493","chr1","134870452","134870755","41","756261"
"chr5","134202303","134202557","chr18","50874536","50874793","54","83327767"
"chr5","134214640","134214778","chr2","177049440","177049581","14","42834800"
"chr5","134217891","134218186","chr15","90210594","90210890","42","44007297"
"chr5","134234007","134234212","chr7","18489544","18489740","43","115744463"
"chr5","134249242","134249481","chr3","42975213","42975449","31","91274029"
"chr5","134260106","134260395","chr20","49701084","49701366","47","84559022"
"chr5","134288577","134288925","chr11","47025509","47025839","96","87263068"
"chr5","134360586","134360882","chr11","95105428","95105719","52","39255158"
"chr5","134362657","134362933","chr3","85864017","85864291","50","48498640"
"chr5","134370299","134370594","chr19","38513628","38513926","46","95856671"
"chr5","134372984","134373274","chr1","25537010","25537297","52","108835974"
"chr5","134381362","134381662","chr1","72484010","72484307","40","61897352"
"chr5","134421412","134421706","chr7","116541236","116541527","39","17880176"
"chr5","134439685","134439968","chr4","31083851","31084133","48","103355834"
"chr5","134448176","134448465","chr6","142572268","142572563","42","8124092"
"chr5","134480401","134480690","chr12","92539074","92539363","52","41941327"
"chr5","134523419","134523682","chr7","7572960","7573228","57","126950459"
"chr5","134523899","134524201","chr1","124050585","124050888","50","10473314"
"chr5","134541528","134541798","chr2","100062378","100062646","43","34479150"
"chr5","134545156","134545448","chr4","41079544","41079843","47","93465612"
"chr5","134549041","134549340","chr1","152625689","152625995","47","18076648"
"chr5","134577449","134577762","chrX","45626684","45626995","46","88950765"
"chr5","134599238","134599540","chr1","67368758","67369056","45","67230480"
"chr5","134601808","134602131","chr7","63023689","63024012","46","71578119"
"chr5","134614970","134615255","chr2","178818477","178818762","47","44203507"
"chr5","134622637","134622934","chr9","85575553","85575855","45","49047084"
"chr5","134657537","134657824","chr14","47770929","47771212","37","86886608"
"chr5","134659801","134660097","chr13","111049972","111050267","37","23609829"
"chr5","134660280","134660495","chr10","36059798","36060022","55","98600482"
"chr5","134671718","134672003","chr5","72034781","72035074","43","62636937"
"chr5","134676387","134676676","chr3","155408714","155409003","44","20732327"
"chr5","134699371","134699681","chr1","1234974","1235297","52","133464397"
"chr5","134746976","134747257","chr15","9279241","9279533","44","125467735"
"chr5","134795206","134795475","chr2","165757823","165758089","42","30962617"
"chr5","134804003","134804289","chr1","112727851","112728148","45","22076152"
"chr5","134805422","134805727","chr5","58207003","58207313","48","76598419"
"chr5","134840246","134840518","chr4","17528284","17528550","53","117311962"
"chr5","134932526","134932825","chr14","98318663","98318962","34","36613863"
"chr5","134947060","134947353","JH682036","358126","358421","32","134588934"
"chr5","135023073","135023365","chr4","32871781","32872078","47","102151292"
"chr5","135066915","135067083","chr4","32746771","32746938","29","102320144"
"chr5","135099157","135099449","chr16","9419490","9419785","41","125679667"
"chr5","135172711","135173007","chr1","44950004","44950301","39","90222707"
"chr5","135331821","135332111","chr3","170697964","170698262","44","35366143"
"chr5","135486719","135487021","chr15","51046164","51046466","43","84440555"
"chr5","135784854","135785101","chr1","127932247","127932497","39","7852607"
"chr5","135899237","135899524","chr6","143287549","143287823","47","7388312"
"chr5","135910376","135910643","chr2","49059917","49060182","32","86850459"
"chr5","135954912","135955224","chr10","67405046","67405353","37","68549866"
"chr5","135994234","135994534","chr3","44128938","44129239","35","91865296"
"chr5","136124667","136124961","chr16","49861297","49861598","39","86263370"
"chr5","136132436","136132732","chr17","1821628","1821919","47","134310808"
"chr5","136141283","136141561","chrX","61173730","61174015","43","74967553"
"chr5","136160262","136160567","chr9","25603269","25603573","36","110556993"
"chr5","136257576","136257874","chr6","166433505","166433808","48","30175929"
"chr5","136326512","136326799","chrX","13067010","13067306","41","123259502"
"chr5","136328855","136329164","chr6","50120248","50120558","49","86208607"
"chr5","136342600","136342924","chr1","152643716","152644019","58","16301116"
"chr5","136343776","136344067","chr8","96118479","96118774","45","40225297"
"chr5","136397985","136398287","chr3","173964513","173964818","45","37566528"
"chr5","136400551","136400826","chr12","88414497","88414769","36","47986054"
"chr5","136416003","136416284","chr9","28186160","28186444","47","108229843"
"chr5","136484062","136484363","chr16","49861297","49861598","45","86622765"
"chr5","136533998","136534285","chr6","142572268","142572563","33","6038270"
"chr5","136545682","136545987","chr1","128155382","128155688","33","8390300"
"chr5","136598093","136598400","chr17","7359555","7359858","39","129238538"
"chr5","136680740","136681042","chr13","32817425","32817728","67","103863315"
"chr5","136701219","136701514","chr7","72707693","72707981","36","63993526"
"chr5","136726294","136726602","chr7","13474578","13474886","46","123251716"
"chr5","136747956","136748258","chr7","45244558","45244857","49","91503398"
"chr5","136882458","136882681","chr16","28277063","28277289","37","108605395"
"chr5","136900193","136900502","chr11","42492058","42492383","55","94408135"
"chr5","136949683","136949986","chr9","32401914","32402221","50","104547769"
"chr5","136959680","136959970","chr2","184580196","184580486","33","47620516"
"chr5","137001695","137001819","chr20","51495213","51495332","25","85506482"
"chr5","137027383","137027606","chr9","18207388","18207612","37","118819995"
"chr5","137038879","137039170","chr20","55360475","55360773","54","81678404"
"chr5","137057366","137057660","chr20","39659316","39659610","36","97398050"
"chr5","137093668","137093967","chr6","162269485","162269783","48","25175817"
"chr5","137098358","137098630","chr11","7911759","7912023","41","129186599"
"chr5","137177358","137177663","chr4","35271785","35272086","45","101905573"
"chr5","137234134","137234435","chr12","58894080","58894384","32","78340054"
"chr5","137258571","137258847","chr13","66716123","66716398","38","70542448"
"chr5","137295044","137295334","chr1","45623411","45623699","46","91671633"
"chr5","137403990","137404296","chr1","946135","946434","39","136457855"
"chr5","137478903","137479198","chr10","53067595","53067886","40","84411308"
"chr5","137694002","137694293","chr3","161935984","161936283","45","24241982"
"chr5","137725949","137726198","chr1","127932247","127932497","37","9793702"
"chr5","137793886","137794168","chr4","30381840","30382132","51","107412046"
"chr5","137800351","137800491","chr8","76522039","76522178","25","61278312"
"chr5","137800659","137800793","chr8","51403248","51403379","26","86397411"
"chr5","137828682","137828977","chr7","133065043","133065330","42","4763639"
"chr5","137873069","137873173","chr2","74718977","74719088","18","63154092"
"chr5","137916029","137916254","chr5","137480638","137480863","27","435391"
"chr5","138043825","138044109","chr12","51506718","51507001","36","86537107"
"chr5","138124641","138124948","chr11","83053494","83053794","46","55071147"
"chr5","138131353","138131652","chr12","11131478","11131777","43","126999875"
"chr5","138208509","138208798","chr2","96514589","96514879","36","41693920"
"chr5","138237735","138238043","chr12","63712638","63712948","40","74525097"
"chr5","138245084","138245376","chr10","4308994","4309288","40","133936090"
"chr5","138288816","138289119","chr17","11233722","11234024","38","127055094"
"chr5","138296253","138296555","chr18","26757177","26757480","38","111539076"
"chr5","138335519","138335817","chr6","124714488","124714790","39","13621031"
"chr5","138395247","138395317","chr7","158275388","158275458","9","19880141"
"chr5","138397227","138397533","chr13","40807388","40807696","33","97589839"
"chr5","138437998","138438291","chr2","87900952","87901244","39","50537046"
"chr5","138571683","138571959","chr17","5094349","5094636","48","133477334"
"chr5","138615148","138615441","chr3","6672310","6672602","38","131942838"
"chr5","138773956","138774252","chr17","5264091","5264386","39","133509865"
"chr5","138829755","138830006","chr18","50874536","50874793","37","87955219"
"chr5","138844025","138844321","chr8","137011105","137011400","36","1832920"
"chr5","138874847","138875123","chr1","40770988","40771266","42","98103859"
"chr5","138875790","138875976","chr17","5355699","5355879","36","133520091"
"chr5","138882061","138882357","chr13","24815131","24815429","31","114066930"
"chr5","138910972","138911263","chr2","126433678","126433974","44","12477294"
"chr5","138917720","138918026","chr18","50068641","50068944","37","88849079"
"chr5","138996706","138997016","chr19","30662188","30662498","39","108334518"
"chr5","139014903","139015123","chr5","137480638","137480863","45","1534265"
"chr5","139015836","139016129","chr3","154218014","154218311","45","15202178"
"chr5","139016627","139016923","chr2","38884008","38884302","36","100132619"
"chr5","139086670","139086963","chr11","116100247","116100545","48","22986423"
"chr5","139088609","139088839","chr5","106625263","106625493","28","32463346"
"chr5","139117058","139117349","chr19","30700997","30701303","47","108416061"
"chr5","139153961","139154252","chr10","47330984","47331271","53","91822977"
"chr5","139185993","139186288","JH682036","358126","358421","44","138827867"
"chr5","139202216","139202518","chr11","10098018","10098319","35","129104198"
"chr5","139257512","139257811","chr8","97994163","97994466","46","41263349"
"chr5","139276647","139276955","chr13","61259817","61260123","36","78016830"
"chr5","139337762","139338044","chr19","44121713","44121997","44","95216049"
"chr5","139343825","139344130","chr16","47869063","47869366","33","91474762"
"chr5","139431459","139431751","chr7","116541236","116541527","40","22890223"
"chr5","139475031","139475340","chr14","47975560","47975869","41","91499471"
"chr5","139618959","139619265","chr1","44912861","44913162","43","94706098"
"chr5","139629357","139629649","chr16","49606486","49606780","38","90022871"
"chr5","139633259","139633563","chr8","25582102","25582396","43","114051157"
"chr5","139665288","139665572","chr2","85250207","85250498","45","54415081"
"chr5","139716902","139717175","chr3","12009801","12010073","41","127707101"
"chr5","139740187","139740365","chr10","36607453","36607638","41","103132734"
"chr5","139773127","139773413","chr7","24696413","24696701","43","115076714"
"chr5","139805798","139806108","chr3","12603123","12603437","34","127202675"
"chr5","139828055","139828362","chr18","26757177","26757480","42","113070878"
"chr5","139862766","139863102","chr12","18944986","18945321","55","120917780"
"chr5","139931988","139932290","chr2","38884008","38884302","51","101047980"
"chr5","139954174","139954473","chr2","101651204","101651504","39","38302970"
"chr5","139964545","139964844","chr18","40728618","40728910","42","99235927"
"chr5","140028771","140029071","chr2","156010591","156010892","37","15981820"
"chr5","140043760","140044052","chr1","181911696","181911993","41","41867936"
"chr5","140096612","140096908","chr3","78122440","78122733","44","61974172"
"chr5","140127764","140128078","chr12","92449439","92449749","51","47678325"
"chr5","140181807","140182102","chr4","152907258","152907556","51","12725451"
"chr5","140317854","140318127","chrX","46395488","46395763","40","93922366"
"chr5","140331597","140331861","chr1","190360719","190360980","34","50029122"
"chr5","140359400","140359673","chr3","13657117","13657396","41","126702283"
"chr5","140360024","140360312","chr10","62613928","62614216","32","77746096"
"chr5","140361613","140361881","chr14","102353882","102354158","52","38007731"
"chr5","140387310","140387608","chr12","11131478","11131777","41","129255832"
"chr5","140399551","140399841","chr4","111697334","111697630","43","28702217"
"chr5","140406923","140407218","chr8","95960003","95960299","50","44446920"
"chr5","140417257","140417544","chr10","46893774","46894064","31","93523483"
"chr5","140454512","140454813","chr9","52526814","52527115","48","87927698"
"chr5","140488490","140488805","chr1","29302115","29302413","51","111186375"
"chr5","140512819","140513038","chr1","24229017","24229233","28","116283802"
"chr5","140589903","140590206","chr15","41641300","41641603","52","98948603"
"chr5","140707627","140707904","chr3","152822996","152823281","43","12115369"
"chr5","140740888","140741019","chr2","88064380","88064508","27","52676508"
"chr5","140779829","140780124","chr11","47924958","47925256","49","92854871"
"chr5","140812813","140813121","chr11","53078617","53078919","40","87734196"
"chr5","140856723","140857015","chr1","124250793","124251086","32","16605930"
"chr5","140912250","140912333","chr9","56533210","56533286","18","84379040"
"chr5","140914728","140915030","chr3","124597695","124597995","41","16317033"
"chr5","140942272","140942547","chr20","4346618","4346904","48","136595654"
"chr5","140961710","140961773","chr16","40900645","40900707","12","100061065"
"chr5","140965081","140965381","chr6","143561531","143561830","45","2596450"
"chr5","140981135","140981426","chr15","101493605","101493896","32","39487530"
"chr5","141002174","141002479","chr5","154496569","154496874","36","13494395"
"chr5","141023292","141023587","chr3","48298408","48298697","38","92724884"
"chr5","141052571","141052868","chr15","35190462","35190761","43","105862109"
"chr5","141056489","141056770","chr14","50817121","50817406","36","90239368"
"chr5","141079771","141079825","chr9","15215839","15215892","11","125863932"
"chr5","141083588","141083889","chr6","169597076","169597378","45","28513488"
"chr5","141132222","141132507","chr5","10670482","10670773","53","130461740"
"chr5","141135124","141135409","chr14","89019070","89019353","52","52116054"
"chr5","141248930","141249156","chr8","28282237","28282471","41","112966693"
"chr5","141269073","141269368","chr11","59744208","59744500","32","81524865"
"chr5","141300328","141300616","chr7","133065043","133065330","36","8235285"
"chr5","141341755","141341899","chr7","68766471","68766618","17","72575284"
"chr5","141348084","141348379","chr1","1866324","1866628","54","139481760"
"chr5","141411872","141412165","chr6","142572268","142572563","41","1160396"
"chr5","141429523","141429821","chr3","38447004","38447303","42","102982519"
"chr5","141431026","141431322","chr11","59744208","59744500","33","81686818"
"chr5","141449825","141450090","chr14","34330958","34331231","52","107118867"
"chr5","141464105","141464401","chr17","19374053","19374353","37","122090052"
"chr5","141538054","141538355","chr6","132771815","132772114","33","8766239"
"chr5","141550836","141551135","chr6","139676559","139676861","33","1874277"
"chr5","141611546","141611839","chrX","118508904","118509203","45","23102642"
"chr5","141622429","141622724","chr10","33466010","33466313","42","108156419"
"chr5","141651546","141651837","chr7","38372929","38373220","44","103278617"
"chr5","141688233","141688536","chr15","21976666","21976965","49","119711567"
"chr5","141710450","141710761","chr17","1910030","1910341","40","139800420"
"chr5","141714984","141715279","chr9","7025626","7025918","37","134689358"
"chr5","141721637","141721911","chr14","6220739","6221028","52","135500898"
"chr5","141733050","141733325","chrX","87140716","87140997","51","54592334"
"chr5","141734019","141734302","chr7","18532501","18532788","45","123201518"
"chr5","141966575","141966874","chr10","20861365","20861656","42","121105210"
"chr5","142011321","142011591","chr1","33630999","33631279","48","108380322"
"chr5","142112983","142113289","chr13","32817425","32817728","33","109295558"
"chr5","142122411","142122699","chr1","42476755","42477044","35","99645656"
"chr5","142462045","142462344","chr1","90905213","90905512","50","51556832"
"chr5","142471170","142471487","chr17","8566150","8566475","51","133905020"
"chr5","142490724","142491018","chr10","43180325","43180616","38","99310399"
"chr5","142498863","142499134","chr12","52123362","52123630","41","90375501"
"chr5","142592528","142592815","chr5","89929633","89929935","44","52662895"
"chr5","142651969","142652253","chr17","22575074","22575360","44","120076895"
"chr5","142653083","142653379","chr14","53927134","53927436","42","88725949"
"chr5","142677438","142677741","chr7","26098437","26098733","46","116579001"
"chr5","142708520","142708816","chr7","9390314","9390610","47","133318206"
"chr5","142729400","142729699","chrX","43398930","43399230","39","99330470"
"chr5","142738551","142738844","chr11","59744208","59744500","38","82994343"
"chr5","142742659","142742957","chr18","48465782","48466081","49","94276877"
"chr5","142776865","142777179","chrX","42027137","42027454","54","100749728"
"chr5","142833938","142834228","chr16","31394227","31394519","48","111439711"
"chr5","142924745","142925045","chr8","99548469","99548767","41","43376276"
"chr5","142941749","142942098","chr3","22467860","22468187","88","120473889"
"chr5","142951410","142951703","chr10","78749019","78749318","36","64202391"
"chr5","142966156","142966463","chr2","24049704","24050010","42","118916452"
"chr5","143013712","143013999","chr6","165329904","165330188","39","22316192"
"chr5","143138131","143138427","chr11","59744208","59744500","29","83393923"
"chr5","143247155","143247495","chr17","88235800","88236138","77","55011355"
"chr5","143377489","143377785","chr19","3064712","3065012","37","140312777"
"chr5","143429718","143430004","chr3","48298408","48298697","32","95131310"
"chr5","143457930","143458178","chr18","65667406","65667652","48","77790524"
"chr5","143498381","143498672","chr11","114923633","114923926","37","28574748"
"chr5","143503939","143504222","chr4","100155600","100155881","49","43348339"
"chr5","143513255","143513553","chr13","125134336","125134638","34","18378919"
"chr5","143527434","143527752","chr20","8899181","8899506","47","134628253"
"chr5","143528350","143528674","chrX","105763749","105764060","55","37764601"
"chr5","143546102","143546407","chr2","46682521","46682821","40","96863581"
"chr5","143609307","143609618","chr14","12000742","12001053","41","131608565"
"chr5","143619687","143619995","chr12","63079032","63079340","41","80540655"
"chr5","143661535","143661635","chr7","129073434","129073538","17","14588101"
"chr5","143703961","143704265","chr8","135146563","135146861","43","8557398"
"chr5","143781401","143781528","chr18","2815099","2815224","13","140966302"
"chr5","143808321","143808614","chr4","20045092","20045381","45","123763229"
"chr5","143823208","143823503","chrX","28734753","28735052","42","115088455"
"chr5","143840083","143840383","chr13","32817425","32817728","31","111022658"
"chr5","143856247","143856545","chr16","21639667","21639964","41","122216580"
"chr5","143902962","143903226","chr5","147337562","147337836","59","3434600"
"chr5","143926900","143927205","chr5","154496569","154496874","42","10569669"
"chr5","143945686","143945979","chr9","79342653","79342946","36","64603033"
"chr5","143961922","143962255","chr19","7601300","7601611","61","136360622"
"chr5","143973605","143973902","chr9","110366111","110366410","39","33607494"
"chr5","144014972","144015190","chr1","24229017","24229233","27","119785955"
"chr5","144097219","144097450","chr11","117497350","117497587","39","26599869"
"chr5","144231521","144231817","chr4","7529452","7529750","44","136702069"
"chr5","144323203","144323334","chr7","521552","521685","18","143801651"
"chr5","144328898","144329204","chr19","29058377","29058683","45","115270521"
"chr5","144331696","144332008","chr16","44864469","44864782","46","99467227"
"chr5","144338644","144338930","chr13","64416561","64416845","43","79922083"
"chr5","144469057","144469359","chr6","148752882","148753187","53","4283825"
"chr5","144521647","144521946","chr17","10425667","10425967","41","134095980"
"chr5","144555376","144555645","chr8","26747262","26747531","42","117808114"
"chr5","144608048","144608347","chr7","121604679","121604987","46","23003369"
"chr5","144618113","144618408","chr2","126433678","126433974","37","18184435"
"chr5","144717727","144718037","chr13","23501079","23501388","42","121216648"
"chr5","144765182","144765471","chr15","10271583","10271879","52","134493599"
"chr5","144795580","144795881","chr16","4595173","4595473","39","140200407"
"chr5","144810392","144810538","chr4","103459648","103459795","21","41350744"
"chr5","144827860","144827951","chr20","35293413","35293504","16","109534447"
"chr5","144837229","144837529","chr2","94343271","94343561","40","50493958"
"chr5","144902588","144902791","chr7","155860210","155860412","23","10957622"
"chr5","144904556","144904844","chr14","82944051","82944331","44","61960505"
"chr5","144912901","144913185","chr5","885445","885739","48","144027456"
"chr5","144918827","144919111","chr3","103398952","103399243","46","41519875"
"chr5","144924024","144924144","chr20","23600106","23600226","15","121323918"
"chr5","144925809","144926060","chr16","2148697","2148954","38","142777112"
"chr5","144958215","144958508","chr1","147230260","147230554","42","2272045"
"chr5","144964098","144964374","chr12","25463038","25463312","34","119501060"
"chr5","145064170","145064450","chr3","134867637","134867930","50","10196533"
"chr5","145163486","145163781","chr1","28012705","28013004","40","117150781"
"chr5","145251164","145251460","chr5","58050703","58050997","39","87200461"
"chr5","145383269","145383558","chr11","120626708","120626998","37","24756561"
"chr5","145405956","145406234","chr1","158576945","158577227","44","13170989"
"chr5","145421336","145421628","chr11","131492005","131492296","40","13929331"
"chr5","145423144","145423426","chr10","49321662","49321941","45","96101482"
"chr5","145534666","145534960","chrX","102794545","102794841","33","42740121"
"chr5","145553152","145553450","chr15","90208474","90208772","36","55344678"
"chr5","145577896","145578173","chr15","68523955","68524227","49","77053941"
"chr5","145600099","145600393","chr1","196693141","196693428","42","51093042"
"chr5","145635868","145636179","chr1","94576857","94577167","37","51059011"
"chr5","145646294","145646594","chr4","43410637","43410938","40","102235657"
"chr5","145666743","145667047","chr7","79652641","79652943","39","66014102"
"chr5","145682551","145682840","JH682036","358126","358421","36","145324425"
"chr5","145693727","145694025","chr1","43639311","43639611","34","102054416"
"chr5","145745132","145745398","chr20","50742994","50743268","58","95002138"
"chr5","145752184","145752474","chr9","7025626","7025918","33","138726558"
"chr5","145759805","145760099","chr16","11126268","11126568","39","134633537"
"chr5","145783164","145783463","chr3","45626371","45626668","32","100156793"
"chr5","145799916","145800220","chr13","32817425","32817728","38","112982491"
"chr5","145837743","145838034","chr1","42476755","42477044","37","103360988"
"chr5","145886802","145887101","chr15","9873078","9873375","44","136013724"
"chr5","146011519","146011819","chr12","21454591","21454881","56","124556928"
"chr5","146012580","146012875","chr1","43483243","43483537","49","102529337"
"chr5","146014237","146014507","chr14","8680117","8680387","35","137334120"
"chr5","146038080","146038386","chr5","101316280","101316579","50","44721800"
"chr5","146065338","146065628","chr16","2090775","2091048","56","143974563"
"chr5","146100197","146100493","chr1","208230438","208230739","50","62130241"
"chr5","146136654","146136950","chr1","65662451","65662746","30","80474203"
"chr5","146252941","146253217","chr4","31083851","31084133","41","115169090"
"chr5","146330291","146330592","chr6","168299409","168299714","51","21969118"
"chr5","146368581","146368873","chr9","7025626","7025918","31","139342955"
"chr5","146513182","146513477","chr6","142572268","142572563","40","3940914"
"chr5","146520985","146521272","chr16","17223319","17223614","52","129297666"
"chr5","146550595","146550885","chr14","17062282","17062573","41","129488313"
"chr5","146552218","146552505","chr7","133065043","133065330","33","13487175"
"chr5","146607449","146607756","chr15","48151534","48151833","48","98455915"
"chr5","146706650","146706934","chr3","103259893","103260176","37","43446757"
"chr5","146774155","146774464","chr13","61259817","61260123","35","85514338"
"chr5","146777037","146777333","chr20","51745649","51745944","35","95031388"
"chr5","146843273","146843566","chr4","33860712","33861004","32","112982561"
"chr5","146870804","146871104","chr13","32817425","32817728","35","114053379"
"chr5","146891985","146892286","chr9","19850832","19851138","33","127041153"
"chr5","146937888","146938179","chr4","110946344","110946633","43","35991544"
"chr5","147030990","147031291","chr10","59288374","59288678","52","87742616"
"chr5","147049360","147049535","chr5","90176284","90176456","30","56873076"
"chr5","147183003","147183293","chr7","133065043","133065330","29","14117960"
"chr5","147196622","147196918","chr11","59744208","59744500","33","87452414"
"chr5","147212691","147212991","chr12","58894080","58894384","38","88318611"
"chr5","147458935","147459225","chr4","17766022","17766309","39","129692913"
"chr5","147493762","147494063","chr6","124714488","124714790","51","22779274"
"chr5","147619504","147619801","chr5","158268376","158268674","35","10648872"
"chr5","147926257","147926562","chr5","32469834","32470141","52","115456423"
"chr5","147971235","147971534","chr3","45626371","45626668","35","102344864"
"chr5","147980344","147980636","chr2","135425345","135425630","49","12554999"
"chr5","148054408","148054701","chr11","84515045","84515339","35","63539363"
"chr5","148068465","148068743","chr2","135177745","135178021","45","12890720"
"chr5","148075733","148075977","chr20","27256128","27256377","40","120819605"
"chr5","148159134","148159416","chr11","46126255","46126535","37","102032879"
"chr5","148241416","148241614","chr10","79672783","79672981","22","68568633"
"chr5","148336589","148336892","chr1","13865146","13865450","37","134471443"
"chr5","148375093","148375386","chr2","77735973","77736266","45","70639120"
"chr5","148409385","148409624","chr16","40076793","40077035","49","108332592"
"chr5","148463352","148463652","chr1","11366377","11366670","56","137096975"
"chr5","148517331","148517623","chr7","133065043","133065330","31","15452288"
"chr5","148628207","148628497","chr16","63970264","63970553","36","84657943"
"chr5","148728177","148728484","chr1","128155382","128155688","40","20572795"
"chr5","148764972","148765290","chr13","29664369","29664664","64","119100603"
"chr5","148852266","148852449","chr17","85170907","85171081","39","63681359"
"chr5","148855096","148855353","chr1","64515134","64515392","43","84339962"
"chr5","148875749","148876053","chr10","38592821","38593124","50","110282928"
"chr5","148921335","148921630","chr1","208495775","208496077","41","59574440"
"chr5","148972761","148973042","chr7","132975622","132975901","38","15997139"
"chr5","149000210","149000523","chr5","58207003","58207313","35","90793207"
"chr5","149105342","149105639","chr16","21639667","21639964","36","127465675"
"chr5","149118640","149118920","chr20","42229503","42229785","39","106889137"
"chr5","149185283","149185585","chr16","47080136","47080437","28","102105147"
"chr5","149209071","149209376","chr2","144423348","144423659","46","4785723"
"chr5","149218356","149218657","chr11","4016647","4016949","28","145201709"
"chr5","149239613","149239869","chr1","160539547","160539811","45","11299934"
"chr5","149267717","149267958","chr8","76100671","76100906","52","73167046"
"chr5","149286288","149286592","chr9","115152824","115153119","49","34133464"
"chr5","149471430","149471739","chr6","30988089","30988401","35","118483341"
"chr5","149497958","149498220","chr20","50045454","50045715","36","99452504"
"chr5","149523888","149524196","chrX","44962032","44962338","42","104561856"
"chr5","149593442","149593716","chr11","37936841","37937108","54","111656601"
"chr5","149638364","149638636","chr9","60832680","60832955","38","88805684"
"chr5","149659060","149659339","chr14","21655489","21655772","63","128003571"
"chr5","149700044","149700164","chr3","15334660","15334776","13","134365384"
"chr5","149716012","149716259","chr5","133797177","133797424","34","15918835"
"chr5","149736083","149736365","chr10","78793021","78793318","37","70943062"
"chr5","149898827","149899120","chr6","142572268","142572563","39","7326559"
"chr5","149919114","149919410","chr9","15247736","15248032","32","134671378"
"chr5","150008611","150008895","chr10","32125906","32126197","47","117882705"
"chr5","150052711","150053022","chrX","107455610","107455920","37","42597101"
"chr5","150056132","150056213","chr7","9086730","9086812","16","140969402"
"chr5","150056550","150056769","chr14","96083585","96083801","38","53972965"
"chr5","150068021","150068313","chr10","26225402","26225693","34","123842619"
"chr5","150071711","150072014","chr10","59879761","59880065","34","90191950"
"chr5","150079071","150079376","chr3","122782892","122783194","55","27296179"
"chr5","150091006","150091311","chr7","15386294","15386593","49","134704712"
"chr5","150146244","150146364","chr3","150421071","150421179","33","274827"
"chr5","150158297","150158588","chr3","44207119","44207413","42","105951178"
"chr5","150163501","150163806","chr2","24049704","24050010","47","126113797"
"chr5","150170484","150170551","chr10","82020402","82020474","16","68150082"
"chr5","150171223","150171337","chrX","39939386","39939502","25","110231837"
"chr5","150242347","150242652","chr4","2547922","2548232","44","147694425"
"chr5","150264470","150264774","chr6","124714488","124714790","43","25549982"
"chr5","150280435","150280734","chr15","34700948","34701248","50","115579487"
"chr5","150282566","150282732","chr15","93934714","93934883","37","56347852"
"chr5","150295087","150295380","chr15","38507243","38507542","49","111787844"
"chr5","150295525","150295834","chr3","34969388","34969689","50","115326137"
"chr5","150298029","150298321","chr9","7025626","7025918","31","143272403"
"chr5","150344556","150344863","chr6","89480157","89480448","62","60864399"
"chr5","150400508","150400785","chr2","39029241","39029515","39","111371267"
"chr5","150410057","150410358","chr13","32817425","32817728","31","117592632"
"chr5","150478325","150478626","chr1","43639311","43639611","38","106839014"
"chr5","150523799","150524064","chr1","12716391","12716670","49","137807408"
"chr5","150524773","150524888","chr13","60241928","60242049","24","90282845"
"chr5","150525666","150525969","chr11","4016647","4016949","36","146509019"
"chr5","150547860","150548068","chr10","10521218","10521426","37","140026642"
"chr5","150580939","150581247","chr11","7017396","7017703","36","143563543"
"chr5","150598262","150598562","chr17","16160776","16161077","44","134437486"
"chr5","150706632","150706938","chrX","50739827","50740141","61","99966805"
"chr5","150711409","150711707","chr5","158874327","158874623","42","8162918"
"chr5","150910658","150910959","chr1","48641891","48642189","48","102268767"
"chr5","150984573","150984870","chr5","34428917","34429213","37","116555656"
"chr5","150999496","150999762","chr20","37404718","37404983","55","113594778"
"chr5","151055061","151055345","chr4","131374689","131374976","39","19680372"
"chr5","151085188","151085496","chrX","108929173","108929481","38","42156015"
"chr5","151132527","151132834","chr3","42899950","42900256","42","108232577"
"chr5","151135238","151135461","chr15","29611756","29611978","30","121523482"
"chr5","151342589","151342894","chr1","2800885","2801189","50","148541704"
"chr5","151345274","151345571","chr3","160772561","160772858","32","9427287"
"chr5","151529173","151529485","chr5","157499561","157499861","54","5970388"
"chr5","151613207","151613518","chr15","39862913","39863221","40","111750294"
"chr5","151633418","151633699","chr2","184580196","184580486","37","32946778"
"chr5","151688190","151688497","chr1","34059946","34060256","43","117628244"
"chr5","151694953","151695249","chr3","96495025","96495317","46","55199928"
"chr5","151706414","151706692","chr10","37627251","37627528","46","114079163"
"chr5","151834575","151834880","chr13","32817425","32817728","35","119017150"
"chr5","151842603","151842895","chrX","27694686","27694979","35","124147917"
"chr5","151934620","151934781","chr19","45590997","45591157","30","106343623"
"chr5","151967246","151967552","chr3","42899950","42900256","52","109067296"
"chr5","152002475","152002759","chr13","25429301","25429585","39","126573174"
"chr5","152115991","152116286","chr4","2892469","2892769","42","149223522"
"chr5","152176646","152176951","chr6","124714488","124714790","35","27462158"
"chr5","152187324","152187567","chr17","17606555","17606797","44","134580769"
"chr5","152218153","152218461","chr7","12877917","12878207","58","139340236"
"chr5","152262530","152262833","chr13","32817425","32817728","31","119445105"
"chr5","152305758","152306059","chr4","21961332","21961633","40","130344426"
"chr5","152346505","152346795","chr8","28825632","28825920","39","123520873"
"chr5","152371929","152372223","chr4","10593766","10594058","45","141778163"
"chr5","152378457","152378763","chr1","20012770","20013073","49","132365687"
"chr5","152443925","152444227","chr7","132635404","132635707","38","19808521"
"chr5","152629903","152630185","chr1","57419896","57420182","42","95210007"
"chr5","152676581","152676866","chr9","28186160","28186444","43","124490421"
"chr5","152735244","152735502","chr4","79455473","79455733","32","73279771"
"chr5","152756996","152757289","chr20","30289339","30289632","48","122467657"
"chr5","152771430","152771730","JH680086","150710","151017","40","152620720"
"chr5","152834580","152834871","chr16","40645513","40645807","40","112189067"
"chr5","152849615","152849918","chr11","10098018","10098319","31","142751597"
"chr5","152896892","152897020","chr6","136071853","136071978","19","16825039"
"chr5","153040651","153040942","chr20","59612309","59612599","42","93428342"
"chr5","153259300","153259598","chr13","32817425","32817728","37","120441875"
"chr5","153266426","153266733","chr1","7993999","7994304","31","145272427"
"chr5","153274959","153275251","chr20","51188693","51188983","36","102086266"
"chr5","153292650","153292942","chr7","52736490","52736780","41","100556160"
"chr5","153344452","153344755","chr6","124714488","124714790","39","28629964"
"chr5","153367372","153367686","chr11","13691517","13691834","52","139675855"
"chr5","153419500","153419813","chrX","41964714","41965020","50","111454786"
"chr5","153477981","153478220","chr7","24936105","24936346","33","128541876"
"chr5","153540854","153541100","chr16","44892798","44893041","38","108648056"
"chr5","153637815","153638092","chr6","51475431","51475711","37","102162384"
"chr5","153681631","153681799","chr9","18020024","18020190","25","135661607"
"chr5","153793976","153794270","chr8","22381843","22382135","40","131412133"
"chr5","153872627","153872925","chr4","130615568","130615870","35","23257059"
"chr5","153879746","153880057","chr12","93462737","93463048","38","60417009"
"chr5","153917501","153917808","chr20","39876648","39876955","38","114040853"
"chr5","153921163","153921476","chr2","180717362","180717673","45","26796199"
"chr5","153924030","153924325","chr4","31017666","31017967","37","122906364"
"chr5","153924614","153924905","chr7","12877917","12878207","37","141046697"
"chr5","153932063","153932356","chr19","30406403","30406702","46","123525660"
"chr5","153933609","153933908","chr16","10263822","10264120","34","143669787"
"chr5","153939775","153939868","chr17","23541834","23541926","12","130397941"
"chr5","153941043","153941203","chr6","168710657","168710821","31","14769614"
"chr5","153968636","153968868","chr15","35980878","35981131","50","117987758"
"chr5","153971413","153971513","chr3","150302687","150302788","26","3668726"
"chr5","153974546","153974844","chr14","98318663","98318962","37","55655883"
"chr5","153976113","153976415","chr2","46682521","46682821","40","107293592"
"chr5","153982606","153982890","chr8","15059510","15059788","39","138923096"
"chr5","153989862","153990159","chr6","128266238","128266531","42","25723624"
"chr5","154030343","154030604","chr14","9098265","9098522","41","144932078"
"chr5","154034221","154034530","chr18","4777561","4777864","47","149256660"
"chr5","154069546","154069858","chr4","43897349","43897653","48","110172197"
"chr5","154099966","154100276","chr2","108203016","108203325","43","45896950"
"chr5","154141248","154141539","chr9","7025626","7025918","27","147115622"
"chr5","154182723","154183105","chr8","75977606","75977959","91","78205117"
"chr5","154197870","154197998","chr18","2814393","2814524","21","151383477"
"chr5","154234838","154235128","chr5","121651485","121651775","36","32583353"
"chr5","154293876","154294054","chr15","105997448","105997622","31","48296428"
"chr5","154309718","154310010","chr11","59744208","59744500","30","94565510"
"chr5","154334966","154335254","chr4","20045092","20045381","43","134289874"
"chr5","154338882","154339176","chr9","14690494","14690788","51","139648388"
"chr5","154357194","154357504","chr1","18792684","18792991","42","135564510"
"chr5","154364681","154364997","chr7","73560013","73560323","50","80804668"
"chr5","154378501","154378782","chr5","58082891","58083179","47","96295610"
"chr5","154382367","154382691","chr12","63712638","63712948","50","90669729"
"chr5","154415345","154415646","chr19","3064712","3065012","34","151350633"
"chr5","154456828","154457122","chr20","13516848","13517143","41","140939980"
"chr5","154494736","154495035","chr10","78793021","78793318","39","75701715"
"chr5","154499773","154500000","chr9","53458224","53458460","36","101041549"
"chr5","154532707","154533022","chr14","65723929","65724234","66","88808778"
"chr5","154547625","154547909","chr16","20167037","20167326","45","134380588"
"chr5","154581161","154581461","chr13","32817425","32817728","34","121763736"
"chr5","154668833","154669120","chr11","12597992","12598282","41","142070841"
"chr5","154767218","154767516","chr9","31499675","31499977","37","123267543"
"chr5","154950396","154950509","chr4","53194623","53194735","16","101755773"
"chr5","154954285","154954489","chr2","89593102","89593311","27","65361183"
"chr5","154986721","154987007","chr2","155636216","155636491","47","649495"
"chr5","155047283","155047584","chr14","21304583","21304882","39","133742700"
"chr5","155113281","155113588","chr4","36322977","36323284","45","118790304"
"chr5","155113590","155113884","chr1","94365322","94365615","33","60748268"
"chr5","155130049","155130349","chr1","124806148","124806445","33","30323901"
"chr5","155168543","155168834","chr10","62315260","62315548","41","92853283"
"chr5","155229105","155229401","chr18","28261602","28261895","54","126967503"
"chr5","155337516","155337823","chr19","28776684","28776996","41","126560832"
"chr5","155352243","155352535","chr8","25582102","25582396","33","129770141"
"chr5","155404163","155404452","chr7","133065043","133065330","30","22339120"
"chr5","155432213","155432529","chr1","79156873","79157177","51","76275340"
"chr5","155508205","155508486","chr20","42229503","42229785","43","113278702"
"chr5","155512227","155512521","chr11","103464317","103464610","37","52047910"
"chr5","155557656","155557954","chr4","103942747","103943051","38","51614909"
"chr5","155614270","155614549","chr3","78303544","78303823","40","77310726"
"chr5","155677315","155677603","chr14","111877236","111877529","37","43800079"
"chr5","155687655","155687940","chr1","42476755","42477044","36","113210900"
"chr5","155884604","155884901","chr12","13891696","13891997","38","141992908"
"chr5","155893699","155893967","chr1","190360719","190360980","40","34467020"
"chr5","155943093","155943399","chr1","128155382","128155688","35","27787711"
"chr5","156062978","156063260","chr8","52546605","52546870","45","103516373"
"chr5","156094438","156094728","chr11","59744208","59744500","40","96350230"
"chr5","156114484","156114793","chr9","60825092","60825400","44","95289392"
"chr5","156141108","156141402","chr2","168564679","168564973","28","12423571"
"chr5","156147405","156147691","chr11","59744208","59744500","38","96403197"
"chr5","156158489","156158780","chr10","81965097","81965387","44","74193392"
"chr5","156175557","156175845","chrX","128068307","128068596","39","28107250"
"chr5","156200290","156200570","chr9","40820473","40820753","36","115379817"
"chr5","156210615","156210795","chr11","84278767","84278947","29","71931848"
"chr5","156229480","156229783","chr6","120492723","120493023","44","35736757"
"chr5","156232956","156233253","chr8","25582102","25582396","41","130650854"
"chr5","156246837","156247141","chr10","47089595","47089902","32","109157242"
"chr5","156298968","156299275","chr13","23501079","23501388","31","132797889"
"chr5","156394658","156394945","chr10","87129663","87129949","41","69264995"
"chr5","156523121","156523367","chr1","17408928","17409169","45","139114193"
"chr5","156641557","156641861","chr13","69177625","69177922","50","87463932"
"chr5","156721913","156722217","chr12","93283340","93283647","39","63438573"
"chr5","156730562","156730854","chr9","7025626","7025918","28","149704936"
"chr5","156749161","156749470","chr13","32817425","32817728","33","123931736"
"chr5","156921321","156921621","chrX","50707455","50707757","41","106213866"
"chr5","156976125","156976420","chr2","99109730","99110024","37","57866395"
"chr5","156994446","156994753","chr3","34969388","34969689","40","122025058"
"chr5","157031962","157032265","chr9","7025626","7025918","40","150006336"
"chr5","157050600","157050907","chr15","96588502","96588809","42","60462098"
"chr5","157053298","157053540","chr19","6355602","6355822","50","150697696"
"chr5","157079214","157079519","chr1","94576857","94577167","34","62502357"
"chr5","157098134","157098424","chr3","48298408","48298697","36","108799726"
"chr5","157100561","157100846","chr1","163989460","163989738","55","6888899"
"chr5","157181879","157182170","chr3","46165413","46165699","40","111016466"
"chr5","157187461","157187755","chr16","70619220","70619515","37","86568241"
"chr5","157190025","157190299","chr7","132975622","132975901","42","24214403"
"chr5","157194521","157194775","chr14","114184730","114184983","39","43009791"
"chr5","157201760","157202071","chr19","13516740","13517046","47","143685020"
"chr5","157261620","157261887","chr6","161525268","161525536","35","4263648"
"chr5","157296390","157296684","chr12","58244299","58244591","33","99052091"
"chr5","157410519","157410810","chr7","116541236","116541527","44","40869283"
"chr5","157418850","157419154","chr9","61900736","61901039","33","95518114"
"chr5","157623105","157623359","chr14","79248205","79248464","47","78374900"
"chr5","157743078","157743375","chr17","19374053","19374353","39","138369025"
"chr5","157809149","157809417","chr16","41501626","41501896","44","116307523"
"chr5","157844544","157844862","chr14","22694921","22695238","53","135149623"
"chr5","157870513","157870828","chr11","71121511","71121834","68","86749002"
"chr5","157892629","157892910","chr14","111869477","111869767","43","46023152"
"chr5","157895001","157895304","chr4","41790642","41790955","49","116104359"
"chr5","157927084","157927376","chr13","32817425","32817728","37","125109659"
"chr5","157932154","157932453","chr16","42382208","42382507","30","115549946"
"chr5","157960161","157960466","chr7","93042977","93043283","48","64917184"
"chr5","157962005","157962320","chr17","23129192","23129527","68","134832813"
"chr5","157982208","157982509","chr13","125134336","125134638","35","32847872"
"chr5","158027172","158027482","chr12","86695829","86696139","40","71331343"
"chr5","158040465","158040759","chr14","9330813","9331108","34","148709652"
"chr5","158050452","158050678","chr20","39426127","39426355","33","118624325"
"chr5","158100597","158100849","chr1","190360719","190360980","55","32260122"
"chr5","158107879","158108187","chr1","163266341","163266647","39","5158462"
"chr5","158181181","158181490","chr1","208474725","208475026","53","50293544"
"chr5","158213785","158214012","chr5","175454576","175454801","36","17240791"
"chr5","158231856","158232145","chr3","44207119","44207413","39","114024737"
"chr5","158256387","158256701","chr9","104127669","104127981","53","54128718"
"chr5","158291174","158291459","chr9","108889025","108889312","34","49402149"
"chr5","158326450","158326733","chr16","64054855","64055135","41","94271595"
"chr5","158382885","158383175","chr9","7025626","7025918","33","151357259"
"chr5","158420232","158420517","chr2","38846653","38846940","37","119573579"
"chr5","158421054","158421343","chr2","52915073","52915368","38","105505981"
"chr5","158488559","158488851","chr1","21494679","21494967","49","136993880"
"chr5","158513152","158513446","chr7","52736490","52736780","35","105776662"
"chr5","158572934","158573237","chr1","11912016","11912323","36","146660918"
"chr5","158591683","158591992","chrX","142505359","142505669","37","16086324"
"chr5","158619847","158620152","chrX","38891205","38891511","41","119728642"
"chr5","158624687","158624968","chr7","132975622","132975901","54","25649065"
"chr5","158640732","158641010","chr5","172198318","172198604","59","13557586"
"chr5","158647577","158647849","chr14","47770929","47771212","49","110876648"
"chr5","158669713","158669977","chr2","97434929","97435213","52","61234784"
"chr5","158678485","158678796","chrX","90821322","90821629","39","67857163"
"chr5","158723606","158723910","chr2","50634219","50634525","43","108089387"
"chr5","158750494","158750788","chr1","158805545","158805840","35","55051"
"chr5","158926137","158926437","chr9","20941332","20941626","42","137984805"
"chr5","159001441","159001747","chr5","109476666","109476970","43","49524775"
"chr5","159028306","159028612","chr10","66278890","66279197","42","92749416"
"chr5","159084237","159084539","chr3","45626371","45626668","29","113457866"
"chr5","159142486","159142797","chrX","38891205","38891511","50","120251281"
"chr6","1441675","1441990","chr18","13289075","13289384","41","11847400"
"chr6","16645986","16646269","chr9","40820473","40820753","39","24174487"
"chr6","32112392","32112674","chr1","216516524","216516805","37","184404132"
"chr6","123862979","123863270","chr1","946135","946434","36","122916844"
"chr6","147586922","147587141","chr11","115662684","115662906","36","31924238"
"chr6","50714","50971","chr15","9295989","9296251","48","9245275"
"chr6","68223","68531","chrX","49664967","49665275","49","49596744"
"chr6","113876","114171","chr7","16206849","16207148","36","16092973"
"chr6","142698","143007","chr4","10728561","10728865","52","10585863"
"chr6","151427","151711","chr1","24136961","24137248","54","23985534"
"chr6","189552","189853","chr2","46682521","46682821","32","46492969"
"chr6","197215","197513","chr2","102343859","102344163","48","102146644"
"chr6","253073","253373","chr1","946135","946434","31","693062"
"chr6","258286","258569","chr19","32590740","32591017","49","32332454"
"chr6","268462","268755","chr11","59744208","59744500","25","59475746"
"chr6","269681","269972","chr12","88908759","88909041","55","88639078"
"chr6","295054","295347","chr11","59744208","59744500","25","59449154"
"chr6","350991","351105","chr1","219334604","219334715","16","218983613"
"chr6","354954","355260","chr4","32648321","32648629","45","32293367"
"chr6","363110","363399","chr1","30836490","30836784","40","30473380"
"chr6","383129","383363","chr20","39426127","39426355","36","39042998"
"chr6","402664","402961","chr16","1651540","1651832","44","1248876"
"chr6","481436","481782","chr11","124295589","124295933","60","123814153"
"chr6","583292","583601","chr1","7993999","7994304","33","7410707"
"chr6","585147","585439","chrX","127952408","127952701","40","127367261"
"chr6","589371","589676","chr10","80660330","80660630","42","80070959"
"chr6","664630","664914","chr6","142572268","142572563","41","141907638"
"chr6","680750","681042","chr1","155467303","155467597","44","154786553"
"chr6","693253","693544","chr6","83909264","83909556","44","83216011"
"chr6","714460","714745","chr12","91812245","91812535","39","91097785"
"chr6","849838","850118","chr12","13447800","13448082","45","12597962"
"chr6","853435","853737","chr13","32817425","32817728","41","31963990"
"chr6","860397","860640","chr13","62490389","62490632","46","61629992"
"chr6","874413","874705","chr13","3026078","3026372","30","2151665"
"chr6","877572","877843","chr2","23879717","23879987","41","23002145"
"chr6","880031","880309","chr14","111869477","111869767","39","110989446"
"chr6","927712","928022","chr2","46682521","46682821","37","45754809"
"chr6","954550","954843","chr1","195151064","195151362","46","194196514"
"chr6","960968","961261","chr1","195151064","195151362","45","194190096"
"chr6","970439","970702","chr4","79455473","79455733","41","78485034"
"chr6","985592","985879","chr3","82520633","82520910","56","81535041"
"chr6","996008","996321","chr11","97834556","97834875","42","96838548"
"chr6","998523","998817","chr1","116751810","116752108","49","115753287"
"chr6","1059280","1059543","chr8","25856240","25856492","65","24796960"
"chr6","1063385","1063662","chrX","43224571","43224857","50","42161186"
"chr6","1089410","1089610","chr12","57289824","57290026","27","56200414"
"chr6","1098810","1099073","chr4","135313924","135314188","36","134215114"
"chr6","1208839","1209072","chr14","72796514","72796745","36","71587675"
"chr6","1221097","1221394","chr11","66160852","66161149","34","64939755"
"chr6","1358700","1358988","chr11","59744208","59744500","39","58385508"
"chr6","1362626","1362933","chr4","13436869","13437164","58","12074243"
"chr6","1406071","1406400","chr14","20866195","20866516","53","19460124"
"chr6","1446613","1446817","chr7","155860210","155860412","26","154413597"
"chr6","1525486","1525793","chr3","61280488","61280798","41","59755002"
"chr6","1546962","1547249","chr11","88966345","88966635","46","87419383"
"chr6","1584087","1584392","chr5","86230125","86230425","46","84646038"
"chr6","1590756","1591056","chr6","53239608","53239906","44","51648852"
"chr6","1599860","1600163","chr17","30337456","30337753","36","28737596"
"chr6","1629551","1629738","chr2","185999811","185999997","40","184370260"
"chr6","1652792","1653087","chr16","1651540","1651832","37","1252"
"chr6","1683035","1683253","chr1","24229017","24229233","29","22545982"
"chr6","1734261","1734561","chr2","74934488","74934789","42","73200227"
"chr6","1785330","1785623","chr5","52449180","52449473","46","50663850"
"chr6","1793735","1794034","chr2","46682521","46682821","28","44888786"
"chr6","1833457","1833748","chr3","114083653","114083947","47","112250196"
"chr6","1900775","1901077","chr6","126581772","126582074","45","124680997"
"chr6","1904009","1904314","chr2","147203347","147203651","49","145299338"
"chr6","1963613","1963912","chrX","128868827","128869134","53","126905214"
"chr6","2011273","2011525","chr11","46291436","46291687","38","44280163"
"chr6","2019931","2020221","chr1","206447940","206448229","30","204428009"
"chr6","2039927","2040221","chrX","42184468","42184757","40","40144541"
"chr6","2043163","2043467","chr2","108323225","108323529","47","106280062"
"chr6","2064770","2065029","chr4","79455473","79455733","40","77390703"
"chr6","2148203","2148435","chr6","60093607","60093840","38","57945404"
"chr6","2149574","2149885","chr5","89929633","89929935","41","87780059"
"chr6","2171989","2172282","chr6","142572268","142572563","40","140400279"
"chr6","2174305","2174610","chr3","34969388","34969689","35","32795083"
"chr6","2219870","2220161","chr4","82862776","82863065","53","80642906"
"chr6","2225539","2225843","chr19","24212554","24212862","34","21987015"
"chr6","2334522","2334614","chrX","131890080","131890165","20","129555558"
"chr6","2337000","2337253","chr5","111968517","111968774","56","109631517"
"chr6","2374511","2374797","chr1","15150591","15150877","54","12776080"
"chr6","2466035","2466283","chr11","44650712","44650952","46","42184677"
"chr6","2518739","2519046","chr15","88425960","88426257","50","85907221"
"chr6","2549840","2550149","chr20","26401661","26401973","38","23851821"
"chr6","2573467","2573752","chr6","132179472","132179753","44","129606005"
"chr6","2638949","2639181","chr1","63637070","63637316","60","60998121"
"chr6","2639188","2639236","chr9","15215839","15215892","12","12576651"
"chr6","2639243","2639290","chr9","15215839","15215892","13","12576596"
"chr6","2639298","2639346","chr9","15215839","15215892","12","12576541"
"chr6","2639353","2639401","chr9","15215839","15215892","13","12576486"
"chr6","2639410","2639455","chr9","15215839","15215892","13","12576429"
"chr6","2639463","2639511","chr9","15215839","15215892","11","12576376"
"chr6","2639518","2639566","chr9","15215839","15215892","11","12576321"
"chr6","2640864","2641159","chr3","74390980","74391277","39","71750116"
"chr6","2654373","2654689","chr14","115498753","115499071","36","112844380"
"chr6","2693443","2693731","chr4","108800307","108800597","48","106106864"
"chr6","2724891","2725201","chr13","61132328","61132637","36","58407437"
"chr6","2780701","2780952","chr9","66292598","66292844","36","63511897"
"chr6","2915937","2916229","chr1","67368758","67369056","46","64452821"
"chr6","2959937","2960190","chr18","50874536","50874793","38","47914599"
"chr6","3074802","3075110","chr2","56649143","56649449","48","53574341"
"chr6","3104152","3104452","chr2","46682521","46682821","30","43578369"
"chr6","3127775","3128062","chr1","94365322","94365615","42","91237547"
"chr6","3174146","3174453","chr1","41160582","41160892","38","37986436"
"chr6","3185546","3185848","chr17","19731339","19731636","38","16545793"
"chr6","3276463","3276698","chr8","139459315","139459540","47","136182852"
"chr6","3302871","3303156","chr18","19177384","19177671","47","15874513"
"chr6","3344724","3345043","chr1","91721544","91721852","60","88376820"
"chr6","3510795","3511061","chr10","17026044","17026323","51","13515249"
"chr6","3633156","3633475","chr20","26401661","26401973","36","22768505"
"chr6","3671774","3672057","chr6","37807253","37807537","49","34135479"
"chr6","3696446","3696736","chr18","50953493","50953784","49","47257047"
"chr6","3743031","3743333","chr10","67405046","67405353","38","63662015"
"chr6","3866594","3866897","chr11","10098018","10098319","36","6231424"
"chr6","3870262","3870556","chr2","115894653","115894944","43","112024391"
"chr6","3926024","3926325","chr1","27536525","27536831","43","23610501"
"chr6","3957286","3957588","chrX","141461223","141461530","44","137503937"
"chr6","3970649","3970942","chr14","15577285","15577579","31","11606636"
"chr6","3991711","3992049","chr15","72869264","72869603","45","68877553"
"chr6","4030100","4030395","chr10","78317071","78317379","41","74286971"
"chr6","4055415","4055646","chr1","100959718","100959948","32","96904303"
"chr6","4056197","4056505","chr9","59360623","59360932","33","55304426"
"chr6","4057752","4058051","chr13","32817425","32817728","31","28759673"
"chr6","4095735","4096016","chr2","31465104","31465385","36","27369369"
"chr6","4254106","4254247","chr4","103459648","103459795","12","99205542"
"chr6","4287664","4287963","chr11","47924958","47925256","36","43637294"
"chr6","4309898","4310197","chr2","46682521","46682821","32","42372623"
"chr6","4370477","4370780","chr1","203673466","203673767","33","199302989"
"chr6","4409167","4409468","chr10","59879761","59880065","37","55470594"
"chr6","4533920","4534229","chr10","67405046","67405353","39","62871126"
"chr6","4540031","4540337","chr14","5934954","5935260","39","1394923"
"chr6","4547653","4547905","chr7","6208041","6208297","38","1660388"
"chr6","4589176","4589464","chr18","12989195","12989487","46","8400019"
"chr6","4623083","4623412","chr9","116006655","116006991","55","111383572"
"chr6","4675477","4675735","chr8","39070610","39070870","48","34395133"
"chr6","4801844","4802149","chr2","39329636","39329937","41","34527792"
"chr6","4829270","4829579","chr6","124714488","124714790","43","119885218"
"chr6","4874149","4874445","chr19","2086582","2086882","53","2787567"
"chr6","4882523","4882747","chr15","29611756","29611978","26","24729233"
"chr6","4913195","4913493","chr17","19374053","19374353","39","14460858"
"chr6","4934800","4935095","chr14","7453274","7453561","44","2518474"
"chr6","4982144","4982434","chr10","33156709","33157000","46","28174565"
"chr6","5000001","5000140","chr1","197772553","197772689","17","192772552"
"chr6","5021378","5021675","chr19","3064712","3065012","28","1956666"
"chr6","5061005","5061304","chr1","213696925","213697221","44","208635920"
"chr6","5061946","5062262","chr3","61280488","61280798","41","56218542"
"chr6","5187430","5187752","chr3","12603123","12603437","51","7415693"
"chr6","5268458","5268757","chr11","4016647","4016949","36","1251811"
"chr6","5389884","5390181","chr3","78122440","78122733","39","72732556"
"chr6","5395784","5396045","chrX","122712517","122712780","40","117316733"
"chr6","5430851","5431111","chr3","174640103","174640365","44","169209252"
"chr6","5433710","5434014","chr7","13474578","13474886","35","8040868"
"chr6","5445189","5445496","chr13","32817425","32817728","35","27372236"
"chr6","5471756","5472058","chr4","10828530","10828827","37","5356774"
"chr6","5475701","5475999","chr1","152643716","152644019","36","147168015"
"chr6","5486947","5487260","chr11","36769212","36769521","45","31282265"
"chr6","5598153","5598450","chr8","134025560","134025857","37","128427407"
"chr6","5746046","5746339","chr7","5174745","5175043","42","571301"
"chr6","5820402","5820688","chr5","100102913","100103204","42","94282511"
"chr6","5826689","5826997","chr10","46007696","46008002","36","40181007"
"chr6","5857533","5857823","chr12","98300764","98301051","43","92443231"
"chr6","5916244","5916547","chr16","4291302","4291614","38","1624942"
"chr6","5966657","5966911","chr15","55797771","55798021","51","49831114"
"chr6","6019360","6019663","chr1","65662451","65662746","40","59643091"
"chr6","6052908","6053190","chr4","109270465","109270744","36","103217557"
"chr6","6064403","6064710","chr13","127856958","127857258","46","121792555"
"chr6","6069311","6069564","chr9","27259920","27260172","43","21190609"
"chr6","6079552","6079858","chrX","38099288","38099585","36","32019736"
"chr6","6087900","6088199","chr2","46682521","46682821","32","40594621"
"chr6","6118549","6118844","chr4","141282637","141282933","40","135164088"
"chr6","6121971","6122232","chr17","50981326","50981584","49","44859355"
"chr6","6130556","6130850","chr3","164913166","164913461","36","158782610"
"chr6","6153467","6153763","chr8","92930070","92930367","36","86776603"
"chr6","6183429","6183740","chr4","2980253","2980562","35","3203176"
"chr6","6189069","6189371","chr5","5215833","5216129","45","973236"
"chr6","6257795","6258098","chr7","23122885","23123181","59","16865090"
"chr6","6283566","6283870","chr13","32817425","32817728","32","26533859"
"chr6","6318723","6319015","chr5","11157181","11157474","41","4838458"
"chr6","6341673","6341969","chr17","30337456","30337753","45","23995783"
"chr6","6346659","6346918","chr7","88999603","88999868","42","82652944"
"chr6","6358562","6358866","chr8","114971657","114971964","44","108613095"
"chr6","6359404","6359702","chr1","123986452","123986753","38","117627048"
"chr6","6417354","6417606","chr6","135223648","135223905","48","128806294"
"chr6","6424947","6425244","chr15","9873078","9873375","40","3448131"
"chr6","6482863","6483156","chr1","212841578","212841874","34","206358715"
"chr6","6522712","6522920","chr7","155860210","155860412","24","149337498"
"chr6","6590120","6590407","chr10","38545438","38545725","45","31955318"
"chr6","6626841","6627141","chr14","18439874","18440168","37","11813033"
"chr6","6662184","6662484","chr3","45626371","45626668","35","38964187"
"chr6","6731050","6731357","chr1","10481686","10481993","39","3750636"
"chr6","6811417","6811705","chr15","21464395","21464674","51","14652978"
"chr6","6833002","6833145","chr1","129498511","129498647","21","122665509"
"chr6","6891414","6891670","chr7","125141660","125141921","32","118250246"
"chr6","6910577","6910874","chr11","59744208","59744500","34","52833631"
"chr6","6934121","6934419","chr4","17685945","17686242","45","10751824"
"chr6","6954023","6954308","chr15","38763479","38763765","41","31809456"
"chr6","6969431","6969726","chr7","26098437","26098733","30","19129006"
"chr6","7011106","7011416","chr1","34059946","34060256","44","27048840"
"chr6","7096779","7097067","chrX","136104661","136104951","49","129007882"
"chr6","7150060","7150363","chr3","67856542","67856842","46","60706482"
"chr6","7212759","7213064","chr2","186451766","186452061","52","179239007"
"chr6","7280335","7280635","chr1","94365322","94365615","46","87084987"
"chr6","7312284","7312452","chr4","69026921","69027085","24","61714637"
"chr6","7327002","7327298","chr15","42721863","42722160","33","35394861"
"chr6","7362226","7362509","chr16","1419036","1419322","41","5943190"
"chr6","7396815","7397107","chr3","159912934","159913216","52","152516119"
"chr6","7436833","7437135","chr2","46682521","46682821","32","39245688"
"chr6","7465367","7465665","chr14","98318663","98318962","34","90853296"
"chr6","7498043","7498330","chr4","20301086","20301372","53","12803043"
"chr6","7505485","7505785","chr4","159596604","159596907","42","152091119"
"chr6","7534584","7534871","chr2","85528226","85528500","62","77993642"
"chr6","7627739","7628041","chr14","18926645","18926950","42","11298906"
"chr6","7643833","7644107","chr1","22629555","22629833","43","14985722"
"chr6","7652422","7652721","chr13","107030178","107030478","41","99377756"
"chr6","7720572","7720871","chr14","63716116","63716415","44","55995544"
"chr6","7919984","7920312","chr2","144423348","144423659","68","136503364"
"chr6","7964164","7964455","chr9","7025626","7025918","29","938538"
"chr6","8055508","8055767","chr3","80828318","80828580","57","72772810"
"chr6","8075081","8075369","chrX","38693016","38693309","52","30617935"
"chr6","8077736","8078027","chr15","29838350","29838639","46","21760614"
"chr6","8134721","8135007","chr13","72996114","72996414","59","64861393"
"chr6","8141491","8141789","chr11","59744208","59744500","33","51602717"
"chr6","8155021","8155250","chr17","53964881","53965113","39","45809860"
"chr6","8255238","8255531","chr17","23202455","23202744","36","14947217"
"chr6","8269429","8269726","chr13","64416561","64416845","59","56147132"
"chr6","8289265","8289545","chr20","20657700","20657976","46","12368435"
"chr6","8360824","8361124","chr16","21958952","21959252","36","13598128"
"chr6","8366917","8367078","chr6","166559338","166559503","26","158192421"
"chr6","8513842","8514156","chr1","18792684","18792991","39","10278842"
"chr6","8550383","8550520","chr18","2814393","2814524","22","5735990"
"chr6","8551771","8552064","chr15","7561500","7561795","34","990271"
"chr6","8562819","8563111","chr14","9026356","9026651","42","463537"
"chr6","8596955","8597248","chr6","151368944","151369238","36","142771989"
"chr6","8609103","8609405","chr4","3145119","3145426","44","5463984"
"chr6","8610233","8610534","JH682036","358126","358421","44","8252107"
"chr6","8642227","8642523","chr14","7830508","7830805","35","811719"
"chr6","8677005","8677313","chr2","185282534","185282837","41","176605529"
"chr6","8695557","8695731","chr1","24357142","24357318","30","15661585"
"chr6","8754890","8755184","chr4","114330673","114330964","34","105575783"
"chr6","8774640","8774923","chr9","7025626","7025918","40","1749014"
"chr6","8897939","8898239","chr15","7561500","7561795","36","1336439"
"chr6","8913986","8914245","chr4","129739902","129740159","38","120825916"
"chr6","8966053","8966336","chr7","24696413","24696701","46","15730360"
"chr6","8986756","8986965","chr13","7850027","7850241","29","1136729"
"chr6","8988646","8988944","chr6","16697883","16698181","34","7709237"
"chr6","9068488","9068790","chr19","30406403","30406702","41","21337915"
"chr6","9072533","9072830","chr20","69190302","69190600","36","60117769"
"chr6","9083391","9083626","chr20","25679081","25679344","69","16595690"
"chr6","9126100","9126398","chr9","66366305","66366593","50","57240205"
"chr6","9149533","9149818","chrX","7095749","7096037","48","2053784"
"chr6","9160631","9160935","chr5","148217995","148218291","45","139057364"
"chr6","9311199","9311490","chr7","72707693","72707981","33","63396494"
"chr6","9387603","9387889","chr19","50898678","50898974","44","41511075"
"chr6","9390261","9390561","chr11","59744208","59744500","37","50353947"
"chr6","9399294","9399592","chr19","31703737","31704037","44","22304443"
"chr6","9433601","9433901","chr2","81991105","81991401","42","72557504"
"chr6","9462680","9462981","chr7","54988790","54989094","40","45526110"
"chr6","9591920","9592216","chr15","103362570","103362871","40","93770650"
"chr6","9858228","9858527","chr4","113276993","113277288","44","103418765"
"chr6","9882250","9882334","chr7","37692874","37692959","11","27810624"
"chr6","9924941","9925207","chr16","50713759","50714028","56","40788818"
"chr6","9993971","9994244","chr4","40983514","40983792","62","30989543"
"chr6","9999506","9999809","chr2","46682521","46682821","37","36683015"
"chr6","10079208","10079437","chr5","117645521","117645753","34","107566313"
"chr6","10080758","10081036","chr9","51784847","51785122","44","41704089"
"chr6","10122691","10122992","chr19","30406403","30406702","42","20283712"
"chr6","10137736","10138019","chrX","62378326","62378608","31","52240590"
"chr6","10166672","10166823","chr13","3648511","3648659","17","6518161"
"chr6","10224868","10225173","chr1","7993999","7994304","36","2230869"
"chr6","10264089","10264364","chr3","160601395","160601671","42","150337306"
"chr6","10284204","10284466","chr6","89841228","89841489","43","79557024"
"chr6","10386503","10386811","chr1","185101023","185101330","33","174714520"
"chr6","10450437","10450726","chr20","54767706","54767999","37","44317269"
"chr6","10502953","10503248","chr2","102989050","102989349","35","92486097"
"chr6","10644858","10645135","chr6","143418690","143418972","40","132773832"
"chr6","10747312","10747601","chr11","109254012","109254304","42","98506700"
"chr6","10766099","10766400","chr11","59744208","59744500","34","48978109"
"chr6","10981075","10981371","chr11","105493776","105494065","49","94512701"
"chr6","11008967","11009269","chr14","110707155","110707459","50","99698188"
"chr6","11073947","11074040","chr12","32682005","32682096","12","21608058"
"chr6","11082322","11082639","chr9","102016481","102016794","55","90934159"
"chr6","11101895","11102199","chr3","67856542","67856842","48","56754647"
"chr6","11183443","11183745","chr19","3064712","3065012","34","8118731"
"chr6","11329744","11330051","chr16","44864469","44864782","58","33534725"
"chr6","11500412","11500716","chr3","125389091","125389392","46","113888679"
"chr6","11546891","11547200","chr13","92856314","92856619","49","81309423"
"chr6","11550962","11551266","chr4","59283084","59283385","52","47732122"
"chr6","11632277","11632587","chr11","6563934","6564243","51","5068343"
"chr6","11684465","11684771","chr4","10828530","10828827","53","855935"
"chr6","11693327","11693637","chr6","165618958","165619255","48","153925631"
"chr6","11764628","11764761","chr3","103180610","103180742","18","91415982"
"chr6","11793978","11794273","chr15","34700948","34701248","46","22906970"
"chr6","11880281","11880543","chr3","66231822","66232082","39","54351541"
"chr6","11997819","11998114","chr11","103555837","103556135","54","91558018"
"chr6","12028729","12028910","chr10","6375060","6375233","37","5653669"
"chr6","12075760","12076050","chr1","94631310","94631609","51","82555550"
"chr6","12094208","12094484","chr14","32342177","32342454","45","20247969"
"chr6","12097306","12097605","chr15","70442845","70443150","49","58345539"
"chr6","12141841","12142109","chr1","218423009","218423286","53","206281168"
"chr6","12339023","12339329","chr13","62636440","62636740","47","50297417"
"chr6","12412014","12412312","chr1","94365322","94365615","34","81953308"
"chr6","12492481","12492784","chr11","36769212","36769521","44","24276731"
"chr6","12570036","12570265","chr15","29611756","29611978","33","17041720"
"chr6","12602461","12602761","chr20","7777435","7777732","48","4825026"
"chr6","12750872","12751164","chr9","7025626","7025918","30","5725246"
"chr6","12889437","12889664","chr10","74721381","74721604","31","61831944"
"chr6","13038644","13038919","chr5","102179159","102179434","42","89140515"
"chr6","13108360","13108656","chr5","34428917","34429213","38","21320557"
"chr6","13120476","13120770","chr11","59744208","59744500","37","46623732"
"chr6","13150324","13150630","chr13","32817425","32817728","50","19667101"
"chr6","13261949","13262229","chr2","28624536","28624818","40","15362587"
"chr6","13321290","13321581","chr7","133065043","133065330","33","119743753"
"chr6","13352450","13352745","chr20","56022784","56023081","45","42670334"
"chr6","13427765","13428075","chrX","62679372","62679680","37","49251607"
"chr6","13429092","13429385","chr13","25232626","25232918","36","11803534"
"chr6","13491321","13491633","chr8","21641128","21641440","42","8149807"
"chr6","13542076","13542377","chr15","103362570","103362871","41","89820494"
"chr6","13689180","13689481","chr1","7993999","7994304","40","5695181"
"chr6","13707663","13707925","chr2","49059917","49060182","34","35352254"
"chr6","13890519","13890800","chr9","85267162","85267442","45","71376643"
"chr6","13902689","13902988","chr2","46682521","46682821","35","32779832"
"chr6","13961619","13961937","chr2","141725865","141726176","57","127764246"
"chr6","14028425","14028722","chr1","42476755","42477044","57","28448330"
"chr6","14031868","14032168","chrX","15713155","15713456","38","1681287"
"chr6","14113093","14113340","chr3","50901308","50901545","36","36788215"
"chr6","14153043","14153354","chr11","36769212","36769521","39","22616169"
"chr6","14179973","14180266","chr13","43181707","43181996","50","29001734"
"chr6","14287231","14287535","chr17","10746794","10747094","39","3540437"
"chr6","14330037","14330331","chr8","134515309","134515602","39","120185272"
"chr6","14334392","14334656","chr19","44750316","44750577","34","30415924"
"chr6","14352049","14352324","chr9","62293833","62294115","47","47941784"
"chr6","14357092","14357402","chr9","57835064","57835373","39","43477972"
"chr6","14382323","14382583","chr3","42381510","42381765","43","27999187"
"chr6","14386042","14386306","chr3","42381510","42381765","47","27995468"
"chr6","14392049","14392342","chr10","29691322","29691619","36","15299273"
"chr6","14495030","14495327","chr1","65658284","65658580","37","51163254"
"chr6","14568330","14568612","chr4","111697334","111697630","51","97129004"
"chr6","14591945","14592249","chr6","124714488","124714790","41","110122543"
"chr6","14611372","14611478","chr1","219334604","219334715","22","204723232"
"chr6","14621551","14621844","chr7","75548412","75548705","42","60926861"
"chr6","14624121","14624416","chr7","90971726","90972022","41","76347605"
"chr6","14650776","14651075","chr14","97063613","97063911","41","82412837"
"chr6","14668686","14668979","chr11","59744208","59744500","33","45075522"
"chr6","14683863","14684143","chr3","13657117","13657396","35","1026746"
"chr6","14727504","14727783","chr11","93641943","93642225","37","78914439"
"chr6","14738130","14738432","chr1","164085258","164085565","46","149347128"
"chr6","14750026","14750300","chrX","65477408","65477681","44","50727382"
"chr6","14808289","14808569","chrX","16426045","16426331","42","1617756"
"chr6","14832330","14832621","chr9","26133784","26134073","45","11301454"
"chr6","14921112","14921375","chr7","80887200","80887469","36","65966088"
"chr6","14924078","14924165","chr18","42413180","42413271","11","27489102"
"chr6","14977722","14977976","chr7","66733276","66733528","32","51755554"
"chr6","15036571","15036869","chr6","69418543","69418840","46","54381972"
"chr6","15144165","15144473","chr5","81950527","81950835","45","66806362"
"chr6","15177430","15177727","chr4","51477395","51477703","59","36299965"
"chr6","15371075","15371399","chr4","95730071","95730374","64","80358996"
"chr6","15490447","15490752","chr3","34969388","34969689","40","19478941"
"chr6","15549898","15550138","chr7","24936105","24936346","34","9386207"
"chr6","15587466","15587760","chr6","142572268","142572563","43","126984802"
"chr6","15620109","15620365","chr15","55558246","55558501","37","39938137"
"chr6","15650588","15650872","chr20","49701084","49701366","35","34050496"
"chr6","15657438","15657739","chr1","7993999","7994304","40","7663439"
"chr6","15676746","15677031","chr1","204813267","204813556","32","189136521"
"chr6","15713014","15713312","chr7","76889431","76889730","34","61176417"
"chr6","15731048","15731358","chr4","42381703","42382011","51","26650655"
"chr6","15865785","15866092","chr13","32817425","32817728","39","16951640"
"chr6","15932191","15932485","chr11","59744208","59744500","31","43812017"
"chr6","15943861","15944144","chr13","42976081","42976362","42","27032220"
"chr6","15967362","15967667","chr1","11912016","11912323","40","4055346"
"chr6","15976731","15977020","chr7","133065043","133065330","26","117088312"
"chr6","15994896","15995189","chr9","7025626","7025918","33","8969270"
"chr6","16015633","16015758","chrX","83846365","83846489","13","67830732"
"chr6","16274828","16275091","chr6","89841228","89841489","33","73566400"
"chr6","16296312","16296580","chr2","165757823","165758089","40","149461511"
"chr6","16348550","16348842","chr4","104215514","104215807","34","87866964"
"chr6","16492131","16492430","chr1","20012770","20013073","33","3520639"
"chr6","16493820","16493985","chr15","89569260","89569423","23","73075440"
"chr6","16494293","16494592","chr11","59744208","59744500","32","43249915"
"chr6","16507234","16507565","chr4","12373908","12374240","69","4133326"
"chr6","16510819","16511114","chr2","100059763","100060040","55","83548944"
"chr6","16542456","16542742","chr3","103106589","103106872","46","86564133"
"chr6","16549522","16549791","chr11","124795659","124795934","49","108246137"
"chr6","16588830","16589136","chr4","24813218","24813528","48","8224388"
"chr6","16592724","16593032","chr18","51183412","51183721","36","34590688"
"chr6","16599463","16599757","chr2","96826999","96827292","36","80227536"
"chr6","16652236","16652535","chr4","33526464","33526759","44","16874228"
"chr6","16653853","16654164","chr12","20799786","20800090","50","4145933"
"chr6","16687388","16687701","chr20","26401661","26401973","34","9714273"
"chr6","16693332","16693591","chr6","135223648","135223905","52","118530316"
"chr6","16729397","16729694","chr11","8138169","8138470","33","8591228"
"chr6","16763137","16763422","chr15","21464395","21464674","47","4701258"
"chr6","16797829","16798111","chr4","13663992","13664285","38","3133837"
"chr6","16826772","16827076","chr14","5934954","5935260","38","10891818"
"chr6","16827886","16828194","chr16","15788944","15789248","39","1038942"
"chr6","16858797","16859095","chr11","59744208","59744500","39","42885411"
"chr6","16863993","16864286","chr2","134804552","134804849","37","117940559"
"chr6","16877074","16877371","chr3","45626371","45626668","35","28749297"
"chr6","16886292","16886583","chr9","7025626","7025918","35","9860666"
"chr6","16951835","16952126","chr3","164913166","164913461","40","147961331"
"chr6","16961785","16962091","chr1","7993999","7994304","32","8967786"
"chr6","16981395","16981687","chr9","34420241","34420538","40","17438846"
"chr6","17028205","17028512","chr15","103362570","103362871","38","86334365"
"chr6","17055703","17055989","chr2","167849273","167849577","52","150793570"
"chr6","17087180","17087483","chr1","1866324","1866628","42","15220856"
"chr6","17089639","17089966","chr6","33207700","33208018","71","16118061"
"chr6","17144389","17144686","chr15","21536183","21536483","48","4391794"
"chr6","17192961","17193264","chr13","125134336","125134638","52","107941375"
"chr6","17195807","17196113","chr12","20710479","20710784","38","3514672"
"chr6","17251840","17252126","chr11","29875176","29875465","38","12623336"
"chr6","17311475","17311771","chr4","14949121","14949425","40","2362354"
"chr6","17314503","17314806","chr16","50298577","50298876","41","32984074"
"chr6","17325399","17325614","chr1","196870466","196870678","34","179545067"
"chr6","17335020","17335318","chr6","53239608","53239906","36","35904588"
"chr6","17338961","17339253","chr11","59744208","59744500","37","42405247"
"chr6","17345621","17345895","chr1","218423009","218423286","35","201077388"
"chr6","17417157","17417458","chr20","29399508","29399807","36","11982351"
"chr6","17419977","17420255","chrX","62378326","62378608","41","44958349"
"chr6","17445745","17446043","chr10","85228704","85229000","37","67782959"
"chr6","17459458","17459717","chr1","160539547","160539811","41","143080089"
"chr6","17472535","17472792","chr10","44830298","44830556","43","27357763"
"chr6","17498790","17499085","chr2","48967662","48967954","37","31468872"
"chr6","17527601","17527852","chr11","7911759","7912023","53","9615842"
"chr6","17533691","17533996","chr19","35566142","35566447","37","18032451"
"chr6","17545337","17545607","chr14","11529591","11529859","49","6015746"
"chr6","17570575","17570870","chr1","127833040","127833336","35","110262465"
"chr6","17589808","17590101","chr14","123149498","123149793","35","105559690"
"chr6","17591920","17592242","chr2","47900521","47900828","57","30308601"
"chr6","17622531","17622817","chr10","90490043","90490326","45","72867512"
"chr6","17626988","17627285","chr18","13623368","13623664","39","4003620"
"chr6","17653194","17653489","chr10","89578508","89578807","37","71925314"
"chr6","17661997","17662290","chr3","75361330","75361622","40","57699333"
"chr6","17664876","17665170","chr15","7561500","7561795","40","10103376"
"chr6","17709725","17710019","chr2","84844754","84845049","46","67135029"
"chr6","17728048","17728350","chr1","946135","946434","38","16781913"
"chr6","17816491","17816711","chr13","71017466","71017686","24","53200975"
"chr6","17821181","17821462","chr2","47762774","47763066","42","29941593"
"chr6","17831413","17831707","chr15","7561500","7561795","37","10269913"
"chr6","17833445","17833741","chr1","152796524","152796818","42","134963079"
"chr6","17959090","17959363","chr15","21464395","21464674","39","3505305"
"chr6","17973314","17973426","chr6","60773998","60774109","33","42800684"
"chr6","18103470","18103764","chr3","160772561","160772858","31","142669091"
"chr6","18116660","18116974","chr1","100848719","100849029","53","82732059"
"chr6","18125429","18125724","chr2","38884008","38884302","33","20758579"
"chr6","18138537","18138836","chr19","44094599","44094902","46","25956062"
"chr6","18143904","18144174","chr7","63723171","63723432","44","45579267"
"chr6","18158695","18158988","chr4","41214634","41214928","44","23055939"
"chr6","18162077","18162380","chr19","3064712","3065012","34","15097365"
"chr6","18187960","18188262","chr2","185573293","185573595","45","167385333"
"chr6","18196096","18196390","chr4","160599897","160600192","37","142403801"
"chr6","18204567","18204838","chr9","24560211","24560475","42","6355644"
"chr6","18247046","18247350","chr16","7663410","7663717","42","10583636"
"chr6","18289734","18290032","chr7","41138138","41138436","41","22848404"
"chr6","18339065","18339370","chr7","118267343","118267653","42","99928278"
"chr6","18475456","18475557","chr3","160368626","160368728","12","141893170"
"chr6","18478783","18479079","chr7","8686944","8687235","37","9791839"
"chr6","18496941","18497221","chr7","79232767","79233057","44","60735826"
"chr6","18566907","18567190","chr7","107252270","107252560","38","88685363"
"chr6","18587452","18587613","chr18","62640427","62640589","26","44052975"
"chr6","18633458","18633761","chr12","58998827","58999127","40","40365369"
"chr6","18656168","18656430","chr1","11925049","11925314","45","6731119"
"chr6","18677620","18677925","chr1","146815747","146816057","48","128138127"
"chr6","18690666","18690962","chr19","35482053","35482349","40","16791387"
"chr6","18729673","18729958","chr10","62315260","62315548","46","43585587"
"chr6","18731622","18731919","chr1","946135","946434","35","17785487"
"chr6","18764879","18765181","chr3","12715366","12715672","40","6049513"
"chr6","18795160","18795448","chr11","59744208","59744500","36","40949048"
"chr6","18797876","18798044","chr4","42468336","42468506","25","23670460"
"chr6","18807698","18807969","chr12","93108642","93108929","45","74300944"
"chr6","18821080","18821375","chr8","134515309","134515602","39","115694229"
"chr6","18878824","18879126","chr11","4016647","4016949","32","14862177"
"chr6","18939340","18939625","chr10","62315260","62315548","42","43375920"
"chr6","18963825","18964123","chr17","23859405","23859701","39","4895580"
"chr6","18974872","18975163","chr9","7025626","7025918","33","11949246"
"chr6","18981755","18982055","chr3","152980030","152980331","71","133998275"
"chr6","19006765","19007068","chr2","186451766","186452061","44","167445001"
"chr6","19074061","19074374","chr7","116541236","116541527","59","97467175"
"chr6","19136885","19137111","chr7","121329046","121329267","35","102192161"
"chr6","19225205","19225501","chr5","99976373","99976675","41","80751168"
"chr6","19287611","19287922","chr16","6949294","6949602","35","12338317"
"chr6","19290701","19291015","chrX","21382000","21382304","47","2091299"
"chr6","19448725","19449028","chr2","46682521","46682821","38","27233796"
"chr6","19506862","19507170","chr1","1866324","1866628","48","17640538"
"chr6","19615594","19615895","chr1","946135","946434","30","18669459"
"chr6","19642886","19643182","chr3","33506835","33507132","44","13863949"
"chr6","19671419","19671707","chr5","172198318","172198604","40","152526899"
"chr6","19754147","19754451","chr16","7416970","7417271","38","12337177"
"chr6","19767555","19767856","chr4","132287893","132288193","37","112520338"
"chr6","19778184","19778477","chr2","94343271","94343561","51","74565087"
"chr6","19812180","19812492","chr1","57048138","57048448","46","37235958"
"chr6","19838392","19838675","chr14","15577285","15577579","38","4261107"
"chr6","19877680","19877989","chr3","20381181","20381491","39","503501"
"chr6","19985838","19986105","chr16","71174078","71174350","50","51188240"
"chr6","20001295","20001572","chr10","37627251","37627528","34","17625956"
"chr6","20028707","20028911","chr18","15685553","15685754","27","4343154"
"chr6","20093642","20093830","chr5","75812262","75812450","33","55718620"
"chr6","20194647","20194943","JH682036","358126","358421","29","19836521"
"chr6","20216336","20216635","chr11","8138169","8138470","45","12078167"
"chr6","20237617","20237893","chr7","61524821","61525101","37","41287204"
"chr6","20281463","20281633","chr15","93934714","93934883","22","73653251"
"chr6","20282630","20282757","chr11","122634923","122635055","25","102352293"
"chr6","20445004","20445244","chr5","35289040","35289286","40","14844036"
"chr6","20463471","20463741","chr8","26747262","26747531","37","6283791"
"chr6","20568385","20568640","chr10","14460462","14460719","50","6107923"
"chr6","20569159","20569466","chr1","7993999","7994304","36","12575160"
"chr6","20570646","20570735","chrX","131890080","131890165","17","111319434"
"chr6","20575424","20575732","chrX","45626684","45626995","34","25051260"
"chr6","20634745","20635033","chr9","108889025","108889312","44","88254280"
"chr6","20687872","20688172","chr4","160599897","160600192","50","139912025"
"chr6","20734801","20735079","chr15","22561456","22561749","47","1826655"
"chr6","20761952","20762250","chr5","34428917","34429213","33","13666965"
"chr6","20763766","20764066","chr13","73189729","73190025","42","52425963"
"chr6","20895310","20895563","chr11","37027473","37027730","62","16132163"
"chr6","20910728","20910979","chr20","10818837","10819097","54","10091891"
"chr6","20966941","20967245","chr2","46682521","46682821","38","25715580"
"chr6","21035979","21036260","chr4","30656456","30656736","40","9620477"
"chr6","21080311","21080610","chrX","50284886","50285185","55","29204575"
"chr6","21090043","21090216","chr10","64082869","64083044","30","42992826"
"chr6","21159720","21159831","chr1","159494881","159494989","15","138335161"
"chr6","21350898","21351201","chr4","49832283","49832589","53","28481385"
"chr6","21361364","21361656","chr6","65357727","65358016","45","43996363"
"chr6","21378338","21378631","chr9","31646265","31646560","37","10267927"
"chr6","21382570","21382850","chr1","130489015","130489299","44","109106445"
"chr6","21400196","21400497","chr6","135545495","135545800","38","114145299"
"chr6","21413998","21414161","chr1","16448499","16448666","24","4965499"
"chr6","21419484","21419733","chr14","63936002","63936248","42","42516518"
"chr6","21474132","21474399","chr8","88869400","88869673","48","67395268"
"chr6","21487622","21487927","chr1","128155382","128155688","36","106667760"
"chr6","21506028","21506277","chr1","100959718","100959948","49","79453690"
"chr6","21522475","21522767","chr15","25883762","25884058","34","4361287"
"chr6","21540643","21540927","chr2","29139086","29139365","46","7598443"
"chr6","21555507","21555801","chr11","59744208","59744500","32","38188701"
"chr6","21556424","21556727","chrX","41827308","41827612","51","20270884"
"chr6","21572771","21572981","chr8","139479012","139479213","33","117906241"
"chr6","21678975","21679275","chr3","142912886","142913184","42","121233911"
"chr6","21762327","21762605","chr16","22674519","22674794","43","912192"
"chr6","21822298","21822604","chr6","133869535","133869843","36","112047237"
"chr6","21858809","21859118","chr2","97063173","97063484","40","75204364"
"chr6","21880249","21880508","chr10","85305068","85305322","37","63424819"
"chr6","21955953","21956262","chr4","29691778","29692076","50","7735825"
"chr6","21994223","21994516","chr2","90241387","90241681","54","68247164"
"chr6","22040843","22041135","chr4","106051864","106052151","35","84011021"
"chr6","22055344","22055666","chr19","28776684","28776996","55","6721340"
"chr6","22074065","22074337","chr1","190360719","190360980","57","168286654"
"chr6","22080158","22080457","chr11","83053494","83053794","45","60973336"
"chr6","22102979","22103150","chr8","98675375","98675543","27","76572396"
"chr6","22117522","22117816","chr7","18741876","18742175","42","3375646"
"chr6","22123937","22124227","chr3","12713884","12714173","48","9410053"
"chr6","22141174","22141463","chr7","161536249","161536543","40","139395075"
"chr6","22151341","22151506","chr2","149543187","149543361","23","127391846"
"chr6","22365840","22366133","chr16","31394227","31394519","38","9028387"
"chr6","22374952","22375254","chrX","38891205","38891511","31","16516253"
"chr6","22406287","22406582","chr19","3064712","3065012","35","19341575"
"chr6","22429417","22429710","chr14","9330813","9331108","40","13098604"
"chr6","22432792","22432987","chr9","12902153","12902345","31","9530639"
"chr6","22460126","22460423","chr7","58737729","58738027","43","36277603"
"chr6","22478307","22478595","chr13","32817425","32817728","40","10339118"
"chr6","22499448","22499754","chr13","32817425","32817728","34","10317977"
"chr6","22508995","22509301","chr7","77029098","77029406","31","54520103"
"chr6","22543541","22543849","chr4","14758226","14758535","33","7785315"
"chr6","22546873","22547169","chr11","59744208","59744500","34","37197335"
"chr6","22664293","22664562","chr6","161525268","161525536","30","138860975"
"chr6","22681438","22681731","chr1","36345703","36345996","34","13664265"
"chr6","22692724","22693010","chr9","51818934","51819231","49","29126210"
"chr6","22725094","22725389","chr16","2275855","2276150","39","20449239"
"chr6","22769029","22769320","chr1","219763140","219763429","40","196994111"
"chr6","22775336","22775629","chr1","11366377","11366670","36","11408959"
"chr6","22781577","22781879","chr11","10098018","10098319","34","12683559"
"chr6","22784341","22784645","chr8","26489805","26490111","41","3705464"
"chr6","22786477","22786636","chr14","9667615","9667777","29","13118862"
"chr6","22814400","22814664","chr10","12554162","12554449","62","10260238"
"chr6","22878316","22878453","chr1","113745865","113746002","25","90867549"
"chr6","22890122","22890431","chr11","108474262","108474559","47","85584140"
"chr6","22906594","22906895","chr11","25987448","25987755","40","3080854"
"chr6","23040634","23040929","chr1","30413019","30413314","38","7372385"
"chr6","23068326","23068623","chr2","123712519","123712817","40","100644193"
"chr6","23119865","23120162","chr9","7025626","7025918","43","16094239"
"chr6","23132282","23132581","chr7","129277499","129277801","31","106145217"
"chr6","23280875","23281078","chr10","32105022","32105222","25","8824147"
"chr6","23376405","23376705","chr10","22798976","22799275","45","577429"
"chr6","23447432","23447677","chr11","71045850","71046097","41","47598418"
"chr6","23461173","23461487","chr13","125134336","125134638","53","101673163"
"chr6","23484480","23484774","chr8","25582102","25582396","35","2097622"
"chr6","23774251","23774565","chr19","3064712","3065012","46","20709539"
"chr6","23861521","23861816","chr9","14690494","14690788","40","9171027"
"chr6","23921893","23922181","chr1","124250793","124251086","42","100328900"
"chr6","23922238","23922490","chr1","70311191","70311436","41","46388953"
"chr6","23961583","23961888","chr3","69228301","69228608","33","45266718"
"chr6","24009881","24010156","chr9","84610245","84610514","43","60600364"
"chr6","24013314","24013609","chr1","91521758","91522057","44","67508444"
"chr6","24185456","24185761","chr10","33030101","33030407","46","8844645"
"chr6","24296280","24296549","chr16","2090775","2091048","41","22205505"
"chr6","24426626","24426938","chr9","57835064","57835373","45","33408438"
"chr6","24457118","24457405","chr3","146493499","146493779","45","122036381"
"chr6","24461022","24461313","chr7","56091296","56091595","48","31630274"
"chr6","24492996","24493286","chr2","82948155","82948448","41","58455159"
"chr6","24504187","24504496","chr1","11912016","11912323","43","12592171"
"chr6","24533874","24534147","chr19","32515288","32515561","28","7981414"
"chr6","24595068","24595359","chr2","186511571","186511867","45","161916503"
"chr6","24614935","24615240","chr8","40690878","40691181","43","16075943"
"chr6","24665810","24666119","chr7","73560013","73560323","40","48894203"
"chr6","24698561","24698826","chr2","48921809","48922082","52","24223248"
"chr6","24707683","24707971","chr14","50817121","50817406","44","26109438"
"chr6","24767671","24767950","chr2","88612634","88612907","46","63844963"
"chr6","24785777","24786076","chr9","77560054","77560357","45","52774277"
"chr6","24822290","24822590","chr15","103362570","103362871","33","78540280"
"chr6","25033792","25034077","chr1","1866324","1866628","50","23167468"
"chr6","25084927","25085221","chr4","13663992","13664285","43","11420935"
"chr6","25146682","25146966","chr3","38769202","38769496","37","13622520"
"chr6","25330188","25330476","chr2","184580196","184580486","33","159250008"
"chr6","25456708","25457007","chr13","53585722","53586022","43","28129014"
"chr6","25496227","25496533","chr13","32817425","32817728","40","7321198"
"chr6","25591919","25592180","chr4","79455473","79455733","35","53863554"
"chr6","25805653","25805943","chr8","10102742","10103034","30","15702911"
"chr6","25905884","25906164","chr3","178701270","178701546","47","152795386"
"chr6","25912090","25912385","chr10","87129663","87129949","53","61217573"
"chr6","25940462","25940759","chr4","160599897","160600192","43","134659435"
"chr6","25944072","25944297","chr4","28584782","28585005","41","2640710"
"chr6","26002489","26002790","chr5","2577333","2577630","42","23425156"
"chr6","26007101","26007376","chr5","46268500","46268771","45","20261399"
"chr6","26017428","26017729","chrX","15713155","15713456","36","10304273"
"chr6","26021039","26021326","chr15","22561456","22561749","40","3459583"
"chr6","26035262","26035354","chr1","76284381","76284466","20","50249119"
"chr6","26041376","26041639","chr2","25492368","25492634","35","549008"
"chr6","26051588","26051875","chr4","20045092","20045381","37","6006496"
"chr6","26053527","26053816","chr1","124250793","124251086","40","98197266"
"chr6","26060596","26060893","chr3","160772561","160772858","39","134711965"
"chr6","26154243","26154376","chr15","38116603","38116732","20","11962360"
"chr6","26154603","26154905","chr2","39748782","39749084","47","13594179"
"chr6","26245893","26246142","chr2","170736845","170737093","41","144490952"
"chr6","26361968","26362267","chr1","30413019","30413314","38","4051051"
"chr6","26368010","26368304","chr11","59744208","59744500","34","33376198"
"chr6","26541472","26541760","chr6","143479573","143479857","42","116938101"
"chr6","26696307","26696604","chr10","72394915","72395215","36","45698608"
"chr6","26803715","26804010","chr13","32325637","32325935","32","5521922"
"chr6","26883362","26883642","chr5","174494652","174494935","57","147611290"
"chr6","26891736","26892028","chr11","59744208","59744500","37","32852472"
"chr6","28219082","28219371","chr3","103398952","103399243","37","75179870"
"chr6","28240662","28240961","chr1","191232237","191232533","37","162991575"
"chr6","28376066","28376234","chr9","61763170","61763330","42","33387104"
"chr6","28408385","28408674","chr3","46165413","46165699","46","17757028"
"chr6","28504098","28504409","chr10","47089595","47089902","35","18585497"
"chr6","28506136","28506442","chr1","128155382","128155688","36","99649246"
"chr6","28523612","28523905","chr9","7025626","7025918","30","21497986"
"chr6","28529586","28529885","chr7","76889431","76889730","37","48359845"
"chr6","28538489","28538769","chr8","7627177","7627468","48","20911312"
"chr6","28539140","28539434","chr1","124250793","124251086","39","95711653"
"chr6","28549493","28549683","chr11","22017238","22017431","31","6532255"
"chr6","28582399","28582704","chr5","89929633","89929935","41","61347234"
"chr6","28669071","28669212","chr3","10008224","10008365","26","18660847"
"chr6","28669429","28669584","chr11","109403285","109403436","35","80733856"
"chr6","28669947","28670240","chrX","128898114","128898399","41","100228167"
"chr6","28685477","28685792","chr7","73560013","73560323","48","44874536"
"chr6","28702875","28703124","chr19","6979901","6980160","54","21722974"
"chr6","28735514","28735776","chr19","18341184","18341444","51","10394330"
"chr6","28802089","28802380","chr20","54767706","54767999","38","25965617"
"chr6","28805670","28805955","chr1","219677924","219678213","40","190872254"
"chr6","28847887","28848179","chr11","122104113","122104409","39","93256226"
"chr6","28896762","28897030","chr1","47626078","47626342","32","18729316"
"chr6","28949475","28949776","chr8","99548469","99548767","39","70598994"
"chr6","28952054","28952137","chr1","140851347","140851436","18","111899293"
"chr6","28963392","28963696","chr9","105707783","105708086","54","76744391"
"chr6","28972686","28972986","chr6","124714488","124714790","43","95741802"
"chr6","28989471","28989767","chr1","44950004","44950301","49","15960533"
"chr6","29027667","29027965","chr7","101853697","101853997","45","72826030"
"chr6","29035074","29035345","chr11","104543888","104544165","40","75508814"
"chr6","29312022","29312331","chr1","94548945","94549247","42","65236923"
"chr6","29330694","29331005","chr1","7993999","7994304","34","21336695"
"chr6","29605773","29606094","chr16","70619220","70619515","59","41013447"
"chr6","29662412","29662702","chr9","7025626","7025918","32","22636786"
"chr6","29689196","29689453","chr7","125141660","125141921","40","95452464"
"chr6","29899715","29900014","chr11","3653031","3653328","35","26246684"
"chr6","29949506","29949810","chr1","128155382","128155688","34","98205876"
"chr6","29979301","29979577","chr19","4280996","4281270","45","25698305"
"chr6","30017763","30018059","chr12","35031886","35032181","34","5014123"
"chr6","30057619","30057866","chr16","26332076","26332302","54","3725543"
"chr6","30294258","30294541","chr11","104267729","104268018","41","73973471"
"chr6","30302428","30302702","chr7","90648323","90648607","49","60345895"
"chr6","30334689","30334988","chr4","31017666","31017967","37","682977"
"chr6","30347466","30347737","chr2","100062378","100062646","36","69714912"
"chr6","30386708","30387006","chr8","94958903","94959204","40","64572195"
"chr6","30408980","30409283","chr9","19850832","19851138","40","10558148"
"chr6","30416843","30417133","chr1","42476755","42477044","34","12059912"
"chr6","30462409","30462705","chr5","34428917","34429213","34","3966508"
"chr6","30535176","30535480","chr5","34488672","34488979","45","3953496"
"chr6","30585736","30586018","chr13","42970808","42971080","41","12385072"
"chr6","30620711","30621010","chr4","154100211","154100509","43","123479500"
"chr6","30666973","30667275","chr1","217431297","217431601","45","186764324"
"chr6","30776151","30776447","chr5","119168172","119168471","36","88392021"
"chr6","30807582","30807896","chr3","7182760","7183070","52","23624822"
"chr6","30811539","30811844","chr1","62441529","62441830","44","31629990"
"chr6","30857345","30857647","chr9","61749418","61749718","36","30892073"
"chr6","30873925","30874215","chr4","34578990","34579285","33","3705065"
"chr6","30878665","30878924","chr9","111519897","111520173","57","80641232"
"chr6","30953146","30953441","chr1","179906619","179906914","35","148953473"
"chr6","30957310","30957624","chr10","78702324","78702636","49","47745014"
"chr6","30964945","30965243","chr13","73042271","73042559","55","42077326"
"chr6","30970163","30970455","chr19","24730884","24731177","37","6239279"
"chr6","30987185","30987453","chr7","130654165","130654431","46","99666980"
"chr6","30996934","30997214","chr2","33260489","33260772","42","2263555"
"chr6","31018844","31019137","chr7","90971726","90972022","39","59952882"
"chr6","31081480","31081768","chr6","128266238","128266531","46","97184758"
"chr6","31084964","31085253","chr13","125352623","125352912","38","94267659"
"chr6","31104513","31104803","chr13","54441045","54441338","40","23336532"
"chr6","31109436","31109723","chr11","10083047","10083334","43","21026389"
"chr6","31114650","31114943","chr10","20861365","20861656","36","10253285"
"chr6","31144231","31144542","chr6","93473935","93474246","41","62329704"
"chr6","31180287","31180641","chr3","22467860","22468187","93","8712427"
"chr6","31209694","31209991","chr1","124250793","124251086","40","93041099"
"chr6","31315541","31315830","chr1","204813267","204813556","43","173497726"
"chr6","31318503","31318800","chr10","59288374","59288678","48","27969871"
"chr6","31320897","31320994","chrX","91207046","91207144","15","59886149"
"chr6","31324719","31325021","chr1","219225924","219226223","42","187901205"
"chr6","31396484","31396765","chr11","111822045","111822327","50","80425561"
"chr6","31435772","31436065","chrX","20846410","20846706","34","10589362"
"chr6","31437132","31437337","chr12","57289824","57290026","54","25852692"
"chr6","31448875","31449168","chr1","124898326","124898628","62","93449451"
"chr6","31455173","31455467","chr1","30080248","30080540","45","1374925"
"chr6","31500477","31500779","chr16","11126268","11126568","51","20374209"
"chr6","31545738","31545855","chr6","148375288","148375408","21","116829550"
"chr6","31647471","31647763","chr8","25582102","25582396","39","6065369"
"chr6","31654148","31654444","chr1","49657247","49657546","45","18003099"
"chr6","31725419","31725699","chr5","136702579","136702867","47","104977160"
"chr6","31731139","31731433","chr7","8686944","8687235","38","23044195"
"chr6","31813730","31814022","chr9","7025626","7025918","34","24788104"
"chr6","31834088","31834382","chr16","22651766","22652063","33","9182322"
"chr6","31951320","31951518","chr20","69092877","69093074","43","37141557"
"chr6","31951949","31952019","chr4","24383112","24383183","15","7568837"
"chr6","31969727","31970024","chr14","11111331","11111627","44","20858396"
"chr6","32077613","32077922","chr16","2584390","2584693","45","29493223"
"chr6","32116422","32116712","chr5","72034781","72035074","40","39918359"
"chr6","32140344","32140651","chrX","9996778","9997082","39","22143566"
"chr6","32165040","32165344","chr7","17403617","17403911","45","14761423"
"chr6","32196783","32196967","chr16","42613262","42613447","35","10416479"
"chr6","32352954","32353253","chr12","62741269","62741568","41","30388315"
"chr6","32354118","32354413","chr11","109083337","109083632","47","76729219"
"chr6","32414045","32414300","chr7","12513172","12513420","41","19900873"
"chr6","32479036","32479259","chr4","68925665","68925885","45","36446629"
"chr6","32479653","32479728","chr1","98017179","98017254","21","65537526"
"chr6","32758111","32758418","chr8","15776451","15776757","44","16981660"
"chr6","33018502","33018808","chr7","113082177","113082480","57","80063675"
"chr6","33345087","33345368","chr1","13186406","13186688","39","20158681"
"chr6","33417029","33417309","chr3","12713884","12714173","46","20703145"
"chr6","33530607","33530835","chr10","76202595","76202819","42","42671988"
"chr6","33881453","33881754","chr15","2858269","2858566","41","31023184"
"chr6","34374983","34375213","chr18","51009583","51009809","38","16634600"
"chr6","34485165","34485446","chr6","150478906","150479188","47","115993741"
"chr6","34554680","34554965","chr8","118107840","118108131","47","83553160"
"chr6","35237484","35237752","chr8","39667979","39668243","50","4430495"
"chr6","35398004","35398305","chr7","113735901","113736194","59","78337897"
"chr6","35405801","35406016","chr1","203757635","203757854","46","168351834"
"chr6","35415889","35416154","chr9","56336829","56337090","37","20920940"
"chr6","35491026","35491323","chrX","16095102","16095398","44","19395924"
"chr6","35513995","35514285","chr10","18415650","18415939","37","17098345"
"chr6","35561208","35561510","chr2","184499371","184499669","44","148938163"
"chr6","35634897","35635205","chr3","84677359","84677660","44","49042462"
"chr6","35694913","35695206","chr4","13663992","13664285","35","22030921"
"chr6","35774537","35774824","chr13","85861626","85861891","63","50087089"
"chr6","35872441","35872732","chr6","31562095","31562390","45","4310346"
"chr6","35891355","35891654","chr11","47924958","47925256","33","12033603"
"chr6","36205353","36205497","chr1","113961671","113961817","28","77756318"
"chr6","36205506","36205701","chr18","16642318","16642513","35","19563188"
"chr6","36342922","36343223","chr8","41075596","41075887","43","4732674"
"chr6","36379590","36379847","chrX","88088678","88088937","34","51709088"
"chr6","36383004","36383254","chr2","38875098","38875341","53","2492094"
"chr6","36385046","36385326","chr16","63276450","63276738","47","26891404"
"chr6","36502524","36502818","chr16","18796729","18797022","34","17705795"
"chr6","36683527","36683825","chr7","13474578","13474886","41","23208949"
"chr6","36796137","36796399","chr18","24197775","24198042","49","12598362"
"chr6","36832261","36832554","chr13","73189729","73190025","38","36357468"
"chr6","36928526","36928808","chr7","133065043","133065330","35","96136517"
"chr6","37018390","37018685","chr5","34428917","34429213","38","2589473"
"chr6","37042292","37042576","chr4","13002327","13002618","40","24039965"
"chr6","37139269","37139566","chr11","59744208","59744500","31","22604939"
"chr6","37257500","37257784","chr4","131374689","131374976","46","94117189"
"chr6","37534697","37534839","chr11","121717039","121717180","15","84182342"
"chr6","37626367","37626670","chr9","61900736","61901039","32","24274369"
"chr6","37634698","37634995","chr3","160772561","160772858","33","123137863"
"chr6","37656448","37656758","chr1","128155382","128155688","45","90498934"
"chr6","37723805","37724102","chr15","10026482","10026780","58","27697323"
"chr6","37743901","37744118","chr12","96150290","96150505","35","58406389"
"chr6","37746000","37746302","chr4","10828530","10828827","44","26917470"
"chr6","37855264","37855398","chr7","521552","521685","18","37333712"
"chr6","37964828","37965138","chr8","119505085","119505380","49","81540257"
"chr6","37977108","37977390","chr2","131043402","131043679","53","93066294"
"chr6","38005512","38005814","chr9","42973645","42973955","52","4968133"
"chr6","38031996","38032275","chr4","131374689","131374976","48","93342693"
"chr6","38151233","38151545","chr16","15781566","15781876","44","22369667"
"chr6","38151709","38151941","chr4","124247170","124247383","49","86095461"
"chr6","38223727","38224030","chr2","99631565","99631872","46","61407838"
"chr6","38311947","38312239","chr9","113200398","113200692","36","74888451"
"chr6","38368888","38369182","chr7","76889431","76889730","33","38520543"
"chr6","38543201","38543496","chr11","59744208","59744500","31","21201007"
"chr6","38690904","38691192","chr4","107911095","107911379","54","69220191"
"chr6","38735190","38735488","chr1","213070791","213071090","46","174335601"
"chr6","38760885","38761116","chr15","29611756","29611978","38","9149129"
"chr6","38907608","38907842","chr8","76100671","76100906","41","37193063"
"chr6","39043857","39044150","chr11","88536600","88536893","42","49492743"
"chr6","39058280","39058576","chr3","160772561","160772858","49","121714281"
"chr6","39274363","39274669","chr13","32817425","32817728","33","6456938"
"chr6","39379802","39380008","chr3","175805682","175805890","28","136425880"
"chr6","39454530","39454825","chr11","25936478","25936784","45","13518052"
"chr6","39457116","39457432","chr6","50026868","50027173","69","10569752"
"chr6","39473589","39473882","chr11","108474262","108474559","48","69000673"
"chr6","39605833","39606134","chr11","4016647","4016949","35","35589186"
"chr6","39932971","39933270","chr14","98318663","98318962","33","58385692"
"chr6","39960597","39960892","chr9","31646265","31646560","34","8314332"
"chr6","39996596","39996899","chr8","21641128","21641440","53","18355468"
"chr6","40002571","40002867","chr16","42090122","42090419","38","2087551"
"chr6","40022863","40023144","chr14","99626032","99626313","43","59603169"
"chr6","40081752","40082055","chr1","40659470","40659761","41","577718"
"chr6","40118168","40118462","chr10","57825748","57826039","49","17707580"
"chr6","40136248","40136548","chr1","203640822","203641120","47","163504574"
"chr6","40190822","40191122","chr19","3064712","3065012","41","37126110"
"chr6","40195401","40195702","chr19","3064712","3065012","36","37130689"
"chr6","40225182","40225487","chr1","11912016","11912323","38","28313166"
"chr6","40271675","40271980","chr16","4461395","4461701","39","35810280"
"chr6","40286099","40286413","chr16","6949294","6949602","38","33336805"
"chr6","40355803","40355978","chr6","113354999","113355166","60","72999196"
"chr6","40478314","40478606","chr3","7127601","7127889","40","33350713"
"chr6","40562210","40562504","chr11","46070151","46070446","39","5507941"
"chr6","40571059","40571353","chr4","33526464","33526759","39","7044595"
"chr6","40620723","40621027","chr1","184288081","184288385","39","143667358"
"chr6","40635312","40635602","chr11","46110133","46110427","37","5474821"
"chr6","40641112","40641190","chr6","66775587","66775666","14","26134475"
"chr6","40678273","40678567","chr1","110480458","110480752","45","69802185"
"chr6","40734372","40734600","chr5","117645521","117645753","30","76911149"
"chr6","40917824","40918129","chr5","34488672","34488979","38","6429152"
"chr6","40970973","40971258","chr6","159897588","159897865","45","118926615"
"chr6","41065972","41066251","chr1","91541910","91542202","48","50475938"
"chr6","41106824","41107101","chr1","42476755","42477044","50","1369931"
"chr6","41121086","41121371","chr1","7460034","7460321","46","33661052"
"chr6","41164449","41164739","chr6","63224446","63224732","39","22059997"
"chr6","41291794","41292106","chr13","107030178","107030478","44","65738384"
"chr6","41325796","41326083","chr3","51077247","51077539","53","9751451"
"chr6","41520536","41520842","chr19","24212554","24212862","43","17307982"
"chr6","41590586","41590880","chrX","123457402","123457697","36","81866816"
"chr6","41598283","41598575","chr4","13663992","13664285","37","27934291"
"chr6","41653600","41653893","chr17","63071543","63071839","41","21417943"
"chr6","41886374","41886639","chr9","66771776","66772036","40","24885402"
"chr6","42069336","42069505","chr12","11354594","11354763","21","30714742"
"chr6","42122310","42122553","chr13","24808150","24808395","48","17314160"
"chr6","42132156","42132448","chr11","112980869","112981164","43","70848713"
"chr6","42284447","42284757","chr2","50272353","50272660","43","7987906"
"chr6","42291951","42292197","chr15","94994855","94995100","43","52702904"
"chr6","42380066","42380361","chr2","4375925","4376221","33","38004141"
"chr6","42425642","42425922","chr1","184158370","184158651","34","141732728"
"chr6","42480101","42480405","chr2","95068228","95068528","43","52588127"
"chr6","42504762","42505071","chr1","7993999","7994304","32","34510763"
"chr6","42805480","42805774","chrX","98567349","98567648","46","55761869"
"chr6","42845449","42845742","chr19","27694771","27695061","39","15150678"
"chr6","42888791","42889086","chr18","48465782","48466081","41","5576991"
"chr6","43047970","43048103","chr18","24104552","24104687","17","18943418"
"chr6","43070218","43070520","chr7","54988790","54989094","43","11918572"
"chr6","43124149","43124435","chr4","13663992","13664285","42","29460157"
"chr6","43168698","43169006","chr3","4970731","4971042","44","38197967"
"chr6","43211928","43212175","chr14","17051617","17051879","46","26160311"
"chr6","43273930","43274239","chr4","69347489","69347789","55","26073559"
"chr6","43319733","43320044","chr11","33968956","33969265","42","9350777"
"chr6","43413283","43413585","chr2","114227807","114228107","37","70814524"
"chr6","43466723","43466994","chr20","49701084","49701366","50","6234361"
"chr6","43503863","43504163","chr2","123712519","123712817","43","80208656"
"chr6","43517523","43517804","chr5","79158515","79158797","36","35640992"
"chr6","43564322","43564604","chr4","151356116","151356391","50","107791794"
"chr6","43585620","43585917","chr8","18019156","18019453","36","25566464"
"chr6","43597763","43598056","chr7","133065043","133065330","31","89467280"
"chr6","43691883","43692186","chr2","176865440","176865747","40","133173557"
"chr6","43811646","43811937","chr10","13545220","13545515","45","30266426"
"chr6","43911624","43911889","chr18","50874536","50874793","48","6962912"
"chr6","43939296","43939587","chr20","4922509","4922797","42","39016787"
"chr6","43992106","43992346","chr10","32414416","32414650","42","11577690"
"chr6","44004972","44005254","chr16","2686936","2687217","49","41318036"
"chr6","44005973","44006249","chrX","118400711","118401003","39","74394738"
"chr6","44030989","44031286","chr17","20945248","20945548","38","23085741"
"chr6","44043776","44044081","chr19","4616969","4617274","53","39426807"
"chr6","44047674","44047964","chr7","133065043","133065330","36","89017369"
"chr6","44058257","44058554","chr2","42614689","42614986","37","1443568"
"chr6","44110917","44111195","chr1","2064520","2064802","59","42046397"
"chr6","44119795","44120091","chr14","10957645","10957943","37","33162150"
"chr6","44120863","44121170","chr15","96983547","96983850","42","52862684"
"chr6","44137799","44138097","chr3","45626371","45626668","36","1488572"
"chr6","44146189","44146412","chr10","74721381","74721604","30","30575192"
"chr6","44169216","44169293","chr4","20162471","20162552","16","24006745"
"chr6","44282495","44282768","chr1","127703616","127703888","46","83421121"
"chr6","44303792","44304085","JH682036","358126","358421","36","43945666"
"chr6","44324153","44324461","chrX","142505359","142505669","55","98181206"
"chr6","44338333","44338597","chr2","49059917","49060182","35","4721584"
"chr6","44342651","44342943","chr2","72702249","72702540","49","28359598"
"chr6","44393786","44394079","chr9","7025626","7025918","31","37368160"
"chr6","44434737","44435042","chr19","30423161","30423462","43","14011576"
"chr6","44439403","44439706","chr3","87725787","87726087","34","43286384"
"chr6","44454956","44455265","chr10","16049988","16050292","48","28404968"
"chr6","44463727","44464023","chrX","38305357","38305649","37","6158370"
"chr6","44481333","44481637","chr6","124714488","124714790","38","80233155"
"chr6","44495889","44496191","chr18","13598100","13598394","48","30897789"
"chr6","44623514","44623794","chrX","62503975","62504255","44","17880461"
"chr6","44775855","44776144","chr9","7025626","7025918","35","37750229"
"chr6","44781019","44781303","chr9","7025626","7025918","42","37755393"
"chr6","44921020","44921187","chr13","30956781","30956950","27","13964239"
"chr6","44935393","44935692","chr16","30293287","30293590","40","14642106"
"chr6","44937385","44937673","chr16","51149232","51149520","48","6211847"
"chr6","44997816","44998118","chr4","10828530","10828827","41","34169286"
"chr6","45043858","45044143","chr12","69972996","69973280","30","24929138"
"chr6","45047424","45047722","chr16","50298577","50298876","32","5251153"
"chr6","45061226","45061522","chr11","59744208","59744500","36","14682982"
"chr6","45105444","45105728","chr16","45339014","45339298","47","233570"
"chr6","45139570","45139858","chr10","78815993","78816282","39","33676423"
"chr6","45172545","45172776","chr18","51009583","51009809","34","5837038"
"chr6","45184828","45185134","chr6","124714488","124714790","36","79529660"
"chr6","45192100","45192395","chr7","29612052","29612348","34","15580048"
"chr6","45203215","45203495","chr1","15291446","15291730","48","29911769"
"chr6","45318991","45319276","chr6","165329904","165330188","37","120010913"
"chr6","45340606","45340901","chr4","32871781","32872078","43","12468825"
"chr6","45341118","45341424","chr7","150944739","150945043","43","105603621"
"chr6","45376151","45376447","chr10","90861195","90861497","44","45485044"
"chr6","45402127","45402380","chr19","35270753","35270997","38","10131374"
"chr6","45501061","45501368","chr1","208230438","208230739","40","162729377"
"chr6","45528831","45529139","chr11","64440364","64440673","40","18911533"
"chr6","45709493","45709786","chr3","151314064","151314363","47","105604571"
"chr6","45710776","45711027","chr11","110847057","110847312","42","65136281"
"chr6","45866312","45866420","chr18","9205897","9206007","19","36660415"
"chr6","45891947","45892220","chr5","129356668","129356952","56","83464721"
"chr6","45898909","45899208","chr1","113722216","113722513","32","67823307"
"chr6","45906315","45906602","chr2","81270293","81270586","43","35363978"
"chr6","46020061","46020336","chr11","123468792","123469074","41","77448731"
"chr6","46063617","46063916","chr5","177558861","177559162","42","131495244"
"chr6","46066500","46066807","chr9","85132193","85132498","42","39065693"
"chr6","46167892","46168064","chr19","30999378","30999547","25","15168514"
"chr6","46191568","46191870","chr1","25933166","25933464","40","20258402"
"chr6","46311378","46311591","chr8","106753071","106753288","35","60441693"
"chr6","46313804","46314069","chr2","135177745","135178021","45","88863941"
"chr6","46371718","46372026","chr3","45369493","45369802","46","1002225"
"chr6","46416015","46416303","chr3","63144094","63144379","54","16728079"
"chr6","46427403","46427691","chr1","64473474","64473765","44","18046071"
"chr6","46552528","46552760","chr6","143514666","143514896","31","96962138"
"chr6","46575839","46576139","chrX","108442229","108442527","35","61866390"
"chr6","46600495","46600782","chr19","39690368","39690660","37","6910127"
"chr6","46652175","46652462","chr4","13663992","13664285","38","32988183"
"chr6","46674837","46675134","chr6","53239608","53239906","34","6564771"
"chr6","46677593","46677889","chr20","39659316","39659610","42","7018277"
"chr6","46705574","46705802","chr1","63894420","63894652","41","17188846"
"chr6","46715635","46715927","chr1","94365322","94365615","37","47649687"
"chr6","46719946","46720206","chr8","30301781","30302048","54","16418165"
"chr6","46812900","46813217","chr9","19850832","19851138","47","26962068"
"chr6","46820517","46820797","chr1","92768929","92769210","47","45948412"
"chr6","46842813","46843106","chr3","45626371","45626668","34","1216442"
"chr6","47026443","47026732","chr10","16049988","16050292","46","30976455"
"chr6","47048792","47049086","chr5","165582031","165582327","40","118533239"
"chr6","47189023","47189314","chr8","25582102","25582396","35","21606921"
"chr6","47230169","47230471","chr1","22838590","22838890","54","24391579"
"chr6","47232280","47232568","chr13","64416561","64416845","40","17184281"
"chr6","47236505","47236802","chr19","38513628","38513926","45","8722877"
"chr6","47240468","47240782","chr19","35658502","35658813","47","11581966"
"chr6","47260390","47260757","chr6","153629786","153630128","76","106369396"
"chr6","47263989","47264283","chr2","45415457","45415754","44","1848532"
"chr6","47281903","47282198","chr16","1651540","1651832","35","45630363"
"chr6","47300015","47300320","chr10","46007696","46008002","34","1292319"
"chr6","47318225","47318518","chr2","96826999","96827292","44","49508774"
"chr6","47320260","47320554","chr6","126641819","126642115","30","79321559"
"chr6","47374029","47374330","chr15","35190462","35190761","52","12183567"
"chr6","47509650","47509925","chr10","46433103","46433376","50","1076547"
"chr6","47607737","47608006","chr7","30022642","30022913","42","17585095"
"chr6","47613597","47613889","chr8","22381843","22382135","32","25231754"
"chr6","47657189","47657475","chr8","125553163","125553457","41","77895974"
"chr6","47756322","47756621","chr13","32817425","32817728","34","14938897"
"chr6","47797430","47797699","chr9","36910957","36911223","52","10886473"
"chr6","47800557","47800664","chr1","148479661","148479762","19","100679104"
"chr6","47801703","47802008","chr13","62991818","62992120","41","15190115"
"chr6","47823987","47824283","chr2","135524663","135524959","48","87700676"
"chr6","47859993","47860172","chr11","84278767","84278947","49","36418774"
"chr6","47936472","47936751","chr9","40820473","40820753","32","7115999"
"chr6","47961136","47961440","chr13","32817425","32817728","36","15143711"
"chr6","48057792","48058091","chr5","86230125","86230425","37","38172333"
"chr6","48104363","48104660","chr1","11366377","11366670","47","36737986"
"chr6","48123852","48124148","chr3","1368884","1369176","43","46754968"
"chr6","48138521","48138813","chr11","59744208","59744500","33","11605687"
"chr6","48150188","48150497","chr9","56773709","56774021","43","8623521"
"chr6","48211377","48211690","chr10","26504544","26504849","44","21706833"
"chr6","48218270","48218558","chr11","59744208","59744500","34","11525938"
"chr6","48258432","48258658","chr16","28277063","28277289","31","19981369"
"chr6","48260348","48260652","chr4","42381703","42382011","45","5878645"
"chr6","48410956","48411234","chr14","7453274","7453561","45","40957682"
"chr6","48423519","48423812","chr2","178187197","178187490","46","129763678"
"chr6","48518987","48519284","chr6","16697883","16698181","42","31821104"
"chr6","48535890","48536198","chr13","32817425","32817728","39","15718465"
"chr6","48555712","48555966","chr7","37934436","37934684","55","10621276"
"chr6","48578549","48578847","chr3","87759090","87759388","35","39180541"
"chr6","48720614","48720922","chr2","31732500","31732813","36","16988114"
"chr6","48775151","48775439","chr2","102989050","102989349","41","54213899"
"chr6","48846994","48847296","chr19","35482053","35482349","41","13364941"
"chr6","48901235","48901513","chr1","10273687","10273957","46","38627548"
"chr6","48908405","48908678","chr7","1797384","1797659","38","47111021"
"chr6","48958318","48958617","chr5","32469834","32470141","55","16488484"
"chr6","48976306","48976567","chr15","26878649","26878926","62","22097657"
"chr6","49013646","49013926","chr1","139209242","139209533","49","90195596"
"chr6","49016111","49016391","chr20","42229503","42229785","30","6786608"
"chr6","49025883","49026164","chr7","159597267","159597555","43","110571384"
"chr6","49042065","49042364","chr20","26717586","26717886","36","22324479"
"chr6","49091217","49091521","chr7","13474578","13474886","40","35616639"
"chr6","49104484","49104775","chrX","27694686","27694979","34","21409798"
"chr6","49118626","49118767","chr3","44250626","44250781","30","4868000"
"chr6","49138637","49138939","chr10","62936704","62937010","45","13798067"
"chr6","49198025","49198310","chr2","69190125","69190410","39","19992100"
"chr6","49252395","49252707","chrX","38891205","38891511","43","10361190"
"chr6","49542649","49542961","chr1","154447798","154448101","38","104905149"
"chr6","49569254","49569395","chr11","121717039","121717180","26","72147785"
"chr6","49788805","49789093","chr2","52915073","52915368","43","3126268"
"chr6","49803503","49803800","chr15","9867708","9868000","41","39935795"
"chr6","49984126","49984420","chr12","30579940","30580243","41","19404186"
"chr6","50222010","50222294","chr8","92855461","92855758","50","42633451"
"chr6","50302655","50302951","chr18","4155432","4155726","48","46147223"
"chr6","50358624","50358782","chr3","145583197","145583363","29","95224573"
"chr6","50361460","50361770","chr4","13415707","13416017","40","36945753"
"chr6","50433895","50434199","chr7","37449373","37449676","48","12984522"
"chr6","50486498","50486811","chr1","12498948","12499258","36","37987550"
"chr6","50488535","50488828","chr7","16206849","16207148","42","34281686"
"chr6","50510018","50510299","chr6","143418690","143418972","45","92908672"
"chr6","50521443","50521732","chr7","34213746","34214034","43","16307697"
"chr6","50559485","50559795","chr10","72975605","72975917","45","22416120"
"chr6","50650484","50650749","chr1","202707884","202708154","36","152057400"
"chr6","50651774","50652073","chr13","32817425","32817728","33","17834349"
"chr6","50687725","50688009","chr14","100974953","100975236","49","50287228"
"chr6","50716001","50716301","chr1","216020767","216021074","41","165304766"
"chr6","50877134","50877430","chr1","212841578","212841874","44","161964444"
"chr6","50985845","50986141","chr15","1313201","1313497","32","49672644"
"chr6","51066454","51066582","chr20","56302059","56302190","25","5235605"
"chr6","51387180","51387479","chr9","52526814","52527115","46","1139634"
"chr6","51627726","51627976","chr12","27826445","27826701","51","23801281"
"chr6","51647386","51647737","chr13","77656294","77656644","56","26008908"
"chr6","52286729","52287050","chr11","40791675","40791991","52","11495054"
"chr6","52338837","52339133","chr10","53774976","53775279","46","1436139"
"chr6","52483308","52483613","chr2","106418670","106418975","40","53935362"
"chr6","52784960","52785254","chr7","120310502","120310798","37","67525542"
"chr6","52857369","52857657","chr8","25582102","25582396","45","27275267"
"chr6","53047588","53047885","chr4","32498080","32498379","39","20549508"
"chr6","53451988","53452269","chr8","70343541","70343824","45","16891553"
"chr6","53484266","53484547","chr13","125314062","125314345","40","71829796"
"chr6","53599153","53599432","chr1","33058869","33059151","47","20540284"
"chr6","53652671","53652970","chr4","42101884","42102172","51","11550787"
"chr6","53681856","53682107","chr13","52937536","52937794","49","744320"
"chr6","53767232","53767524","chr1","124250793","124251086","40","70483561"
"chr6","54016624","54016896","chr17","45151249","45151529","48","8865375"
"chr6","54138779","54139072","chr2","77735973","77736266","40","23597194"
"chr6","54179127","54179429","chr5","129730123","129730422","42","75550996"
"chr6","54183797","54184115","chr3","67391671","67391981","73","13207874"
"chr6","54365335","54365650","chr2","41438773","41439082","54","12926562"
"chr6","54379567","54379871","chr3","42609670","42609971","46","11769897"
"chr6","54441988","54442272","chr7","72707693","72707981","41","18265705"
"chr6","54558932","54559217","chr10","22601456","22601738","37","31957476"
"chr6","54690310","54690607","chr19","3064712","3065012","31","51625598"
"chr6","54709003","54709264","chr12","25941403","25941675","42","28767600"
"chr6","54861391","54861695","chr3","33731910","33732211","39","21129481"
"chr6","54948409","54948707","chr6","150565896","150566187","50","95617487"
"chr6","55173654","55173962","chr15","11907458","11907765","39","43266196"
"chr6","55181733","55182035","chr9","110990408","110990707","44","55808675"
"chr6","55215345","55215556","chr3","130167583","130167798","32","74952238"
"chr6","55231679","55231907","chr10","76202595","76202819","29","20970916"
"chr6","55293514","55293813","chr14","11709958","11710252","47","43583556"
"chr6","55361064","55361354","chr14","72823236","72823521","64","17462172"
"chr6","55466233","55466535","chr13","32817425","32817728","37","22648808"
"chr6","55604210","55604524","chr1","94576857","94577167","44","38972647"
"chr6","55645190","55645523","chr12","63820146","63820469","51","8174956"
"chr6","55794622","55794875","chr1","13308750","13309002","45","42485872"
"chr6","55939783","55940082","chr1","946135","946434","36","54993648"
"chr6","56072199","56072491","chr4","110946344","110946633","44","54874145"
"chr6","56097615","56097909","chr1","124250793","124251086","45","68153178"
"chr6","56400240","56400542","chr10","36138793","36139095","45","20261447"
"chr6","56650004","56650301","chrX","12740223","12740524","42","43909781"
"chr6","56673124","56673428","chr4","21961332","21961633","49","34711792"
"chr6","56679411","56679708","chr12","30780270","30780560","54","25899141"
"chr6","56682274","56682567","chr13","32325637","32325935","42","24356637"
"chr6","56704513","56704802","chr1","128202446","128202737","33","71497933"
"chr6","56778287","56778584","chr11","48999226","48999522","95","7779061"
"chr6","56924570","56924864","chr11","59744208","59744500","32","2819638"
"chr6","57096397","57096683","chr3","157031775","157032065","44","99935378"
"chr6","57098615","57098891","chr9","60832680","60832955","40","3734065"
"chr6","57146355","57146669","chr14","108516657","108516959","45","51370302"
"chr6","57369695","57369989","chr11","59744208","59744500","29","2374513"
"chr6","57381302","57381563","chr16","67971422","67971685","52","10590120"
"chr6","57431405","57431684","chr1","207393339","207393628","48","149961934"
"chr6","57448562","57448875","chr16","18913306","18913612","43","38535256"
"chr6","57481877","57482159","chr2","41138574","41138855","47","16343303"
"chr6","57622711","57623009","chr1","67368758","67369056","37","9746047"
"chr6","57657285","57657570","chr8","39746050","39746340","44","17911235"
"chr6","57662946","57663207","chr3","43459546","43459809","40","14203400"
"chr6","57712661","57712851","chr2","30000272","30000464","32","27712389"
"chr6","57717878","57718154","chr1","7460034","7460321","50","50257844"
"chr6","57723326","57723637","chr16","29492415","29492724","39","28230911"
"chr6","57746075","57746369","chr7","114975915","114976207","33","57229840"
"chr6","57795341","57795625","chr1","94365322","94365615","45","36569981"
"chr6","57951852","57952145","chrX","13595567","13595865","46","44356285"
"chr6","58080572","58080865","chr20","27594264","27594559","53","30486308"
"chr6","58084683","58084990","chr2","46682521","46682821","43","11402162"
"chr6","58202280","58202609","chr12","63820146","63820469","47","5617866"
"chr6","58360189","58360485","chr19","34660730","34661028","39","23699459"
"chr6","58426365","58426656","chr16","32422732","32423021","33","26003633"
"chr6","58476889","58477184","chr12","53066560","53066855","47","5410329"
"chr6","58529744","58530052","chr4","42173049","42173352","45","16356695"
"chr6","58534456","58534724","chr10","50862741","50863007","48","7671715"
"chr6","58597264","58597552","chr6","148199210","148199500","49","89601946"
"chr6","58646475","58646809","chr15","55243286","55243606","61","3403189"
"chr6","58892676","58892943","chr11","124795659","124795934","45","65902983"
"chr6","58938095","58938368","chr2","3037105","3037377","39","55900990"
"chr6","59052823","59053113","chr9","54851874","54852161","40","4200949"
"chr6","59112347","59112650","chr1","1866324","1866628","39","57246023"
"chr6","59182512","59182818","chr10","33030101","33030407","49","26152411"
"chr6","59188822","59189123","chr17","10691865","10692166","39","48496957"
"chr6","59256909","59257157","chr10","25924241","25924498","51","33332668"
"chr6","59274785","59275089","chr4","26827578","26827875","52","32447207"
"chr6","59351105","59351340","chr7","114849581","114849820","53","55498476"
"chr6","59380861","59381157","chr1","53988770","53989067","44","5392091"
"chr6","59386829","59387124","chr1","39680927","39681223","38","19705902"
"chr6","59399494","59399781","chr1","124250793","124251086","43","64851299"
"chr6","59400654","59400955","chr6","143834762","143835068","39","84434108"
"chr6","59401162","59401420","chr7","147555164","147555415","46","88154002"
"chr6","59409490","59409777","chr7","63503555","63503839","37","4094065"
"chr6","59434111","59434434","chr13","62991818","62992120","62","3557707"
"chr6","59442328","59442390","chr1","204140407","204140472","13","144698079"
"chr6","59535164","59535469","chr10","16049988","16050292","36","43485176"
"chr6","59570873","59571168","chr6","126641819","126642115","37","67070946"
"chr6","59667679","59667790","chr1","159494881","159494989","13","99827202"
"chr6","59764411","59764662","chr3","7548115","7548365","38","52216296"
"chr6","59796683","59796979","chr19","47662689","47662983","36","12133994"
"chr6","59820620","59820915","chr15","7561500","7561795","40","52259120"
"chr6","59914352","59914610","chr15","105505769","105506028","43","45591417"
"chr6","59943491","59943800","chr1","117667634","117667945","40","57724143"
"chr6","60015514","60015789","chr11","120539159","120539434","44","60523645"
"chr6","60134449","60134727","chr15","26878649","26878926","50","33255800"
"chr6","60237480","60237777","chr5","35486465","35486760","43","24751015"
"chr6","60498307","60498468","chr20","59052808","59052967","24","1445499"
"chr6","60719075","60719348","chr16","50279212","50279487","38","10439863"
"chr6","60798676","60798944","chr9","84610245","84610514","35","23811569"
"chr6","60879847","60880142","chr4","31017666","31017967","33","29862181"
"chr6","61088332","61088629","chr1","44950004","44950301","47","16138328"
"chr6","61126073","61126383","chr11","64440364","64440673","47","3314291"
"chr6","61139891","61140178","chr12","65329997","65330287","44","4190106"
"chr6","61158893","61159188","chr10","29691322","29691619","35","31467571"
"chr6","61220366","61220656","chr9","7025626","7025918","39","54194740"
"chr6","61221601","61221905","chr13","32817425","32817728","36","28404176"
"chr6","61239430","61239742","chr3","12603123","12603437","37","48636307"
"chr6","61240946","61241240","chr9","7025626","7025918","31","54215320"
"chr6","61276489","61276790","chr7","16206849","16207148","45","45069640"
"chr6","61388080","61388396","chr6","93473935","93474246","45","32085855"
"chr6","61411457","61411577","chr18","1456281","1456396","18","59955176"
"chr6","61459012","61459312","chrX","128569263","128569566","32","67110251"
"chr6","61591688","61591808","chr14","66910279","66910408","24","5318591"
"chr6","61593376","61593675","chr3","160772561","160772858","49","99179185"
"chr6","61785077","61785381","chr13","61259817","61260123","34","525260"
"chr6","61851078","61851374","chr14","61662606","61662905","49","188472"
"chr6","61957885","61958190","chr11","101334321","101334626","54","39376436"
"chr6","62103641","62103930","chr11","14273032","14273320","61","47830609"
"chr6","62182056","62182320","chr1","47626078","47626342","46","14555978"
"chr6","62235472","62235783","chr15","21520161","21520467","47","40715311"
"chr6","62322988","62323277","chr6","142572268","142572563","41","80249280"
"chr6","62389850","62390144","chr3","35715700","35716002","45","26674150"
"chr6","62519459","62519766","chr8","29386987","29387291","25","33132472"
"chr6","62587892","62588186","chr11","9310201","9310496","36","53277691"
"chr6","62712857","62713142","chr4","109156693","109156986","41","46443836"
"chr6","62716165","62716472","chrX","137765287","137765594","51","75049122"
"chr6","62723306","62723606","chr2","46682521","46682821","39","16040785"
"chr6","62788702","62789007","chrX","128569263","128569566","37","65780561"
"chr6","62824591","62824894","chr2","55010925","55011223","40","7813666"
"chr6","62922202","62922463","chr5","141228596","141228872","48","78306394"
"chr6","63292450","63292742","chr16","31549329","31549628","58","31743121"
"chr6","63321298","63321605","chr7","54988790","54989094","41","8332508"
"chr6","63413265","63413560","chr1","124998618","124998915","36","61585353"
"chr6","63545405","63545696","chr2","178187197","178187490","56","114641792"
"chr6","63569959","63570252","chr12","98300764","98301051","42","34730805"
"chr6","63876264","63876545","chr10","30085573","30085855","47","33790691"
"chr6","64210182","64210496","chr3","173964513","173964818","51","109754331"
"chr6","64292687","64292974","chr1","45623411","45623699","43","18669276"
"chr6","64424724","64425050","chr4","30138404","30138739","55","34286320"
"chr6","64547214","64547504","chr9","19349035","19349330","46","45198179"
"chr6","64648129","64648370","chr2","26741364","26741602","51","37906765"
"chr6","64684937","64685224","chr9","91434480","91434769","36","26749543"
"chr6","64733003","64733343","chr18","51183412","51183721","75","13549591"
"chr6","64827628","64827868","chr11","10762524","10762764","38","54065104"
"chr6","64862129","64862424","chr13","23501079","23501388","40","41361050"
"chr6","64892763","64893061","chr10","46007696","46008002","47","18885067"
"chr6","64962149","64962451","chr3","151759904","151760206","44","86797755"
"chr6","65176917","65177199","chr17","53026294","53026578","48","12150623"
"chr6","65241371","65241668","chr4","13663992","13664285","50","51577379"
"chr6","65398401","65398715","chr20","65204748","65205068","49","193653"
"chr6","65406118","65406368","chr11","60614947","60615205","44","4791171"
"chr6","65647241","65647330","chrX","52786172","52786262","10","12861069"
"chr6","65777864","65778136","chr16","66408804","66409087","47","630940"
"chr6","65783272","65783572","chr7","26098437","26098733","49","39684835"
"chr6","65815775","65816101","chr14","91621355","91621658","75","25805580"
"chr6","65837873","65838182","chr2","41438773","41439082","38","24399100"
"chr6","65877037","65877347","chr3","34969388","34969689","53","30907649"
"chr6","66043998","66044207","chr20","29195665","29195876","31","36848333"
"chr6","66190952","66191255","chr13","32817425","32817728","31","33373527"
"chr6","66192713","66192948","chr13","24533468","24533712","47","41659245"
"chr6","66292399","66292699","chr16","55057274","55057581","52","11235125"
"chr6","66360029","66360327","chr8","99548469","99548767","45","33188440"
"chr6","66382784","66383078","chr9","87792069","87792362","46","21409285"
"chr6","66457536","66457829","chr1","11366377","11366670","37","55091159"
"chr6","66503318","66503600","chr7","29612052","29612348","42","36891266"
"chr6","66545965","66546265","chr2","82640518","82640817","38","16094553"
"chr6","66559726","66560028","chr1","219225924","219226223","50","152666198"
"chr6","66719521","66719817","chr1","13865146","13865450","50","52854375"
"chr6","66784158","66784477","chrX","44962032","44962338","56","21822126"
"chr6","66874856","66875155","chr15","7561500","7561795","47","59313356"
"chr6","66915170","66915477","chr15","70442845","70443150","42","3527675"
"chr6","67006226","67006508","chr16","9432797","9433079","39","57573429"
"chr6","67081469","67081763","chr1","124250793","124251086","45","57169324"
"chr6","67102880","67103109","chr7","106517904","106518135","41","39415024"
"chr6","67166580","67166846","chr9","24560211","24560475","44","42606369"
"chr6","67234902","67235206","chr17","74938878","74939186","53","7703976"
"chr6","67288240","67288535","chr7","90971726","90972022","37","23683486"
"chr6","67348588","67348879","chr7","48694397","48694696","50","18654191"
"chr6","67361940","67362167","chr7","121329046","121329267","26","53967106"
"chr6","67364959","67365255","chr9","79342653","79342946","30","11977694"
"chr6","67372107","67372333","chr7","73251066","73251287","42","5878959"
"chr6","67399419","67399711","chr8","91312269","91312560","38","23912850"
"chr6","67469142","67469447","chr7","49324027","49324336","41","18145115"
"chr6","67493882","67494186","chr7","69709683","69709988","31","2215801"
"chr6","67500483","67500786","chr15","74841385","74841687","36","7340902"
"chr6","67555954","67556257","chr15","53990850","53991154","51","13565104"
"chr6","67639658","67639937","chr2","28624536","28624818","44","39015122"
"chr6","67660547","67660677","chr18","28851968","28852097","38","38808579"
"chr6","67704262","67704561","chr13","24508987","24509277","36","43195275"
"chr6","67738854","67739145","chr9","7025626","7025918","31","60713228"
"chr6","67740173","67740459","chr7","133510633","133510928","42","65770460"
"chr6","67812407","67812696","chr1","42476755","42477044","31","25335652"
"chr6","67822892","67823198","chr4","113912759","113913065","38","46089867"
"chr6","67823959","67824246","chr2","163396132","163396420","39","95572173"
"chr6","67831202","67831499","chr13","118319198","118319492","57","50487996"
"chr6","67851308","67851612","chr1","157703197","157703497","44","89851889"
"chr6","67886119","67886410","chr8","99548469","99548767","35","31662350"
"chr6","67985083","67985367","chr17","79414793","79415076","52","11429710"
"chr6","67986995","67987273","chr6","143287549","143287823","48","75300554"
"chr6","68005795","68006077","chr14","32277297","32277589","53","35728498"
"chr6","68015838","68016105","chr4","145559343","145559605","49","77543505"
"chr6","68080667","68080959","chr1","42476755","42477044","34","25603912"
"chr6","68131696","68132009","chr19","25833738","25834053","46","42297958"
"chr6","68166588","68166768","chr19","13620199","13620380","32","54546389"
"chr6","68224835","68225015","chr11","71648480","71648657","24","3423645"
"chr6","68389060","68389352","chr7","74553058","74553350","33","6163998"
"chr6","68511776","68512045","chr19","7821204","7821487","50","60690572"
"chr6","68590487","68590779","chr15","9867708","9868000","37","58722779"
"chr6","68665066","68665366","chr10","26504544","26504849","40","42160522"
"chr6","68752773","68753029","chr12","84776065","84776321","45","16023292"
"chr6","68924957","68925239","chr16","917282","917552","49","68007675"
"chr6","69068935","69069249","chr3","26506775","26507089","42","42562160"
"chr6","69120794","69121095","chr11","92684491","92684793","44","23563697"
"chr6","69172040","69172358","chr3","16802594","16802910","55","52369446"
"chr6","69366116","69366411","chr12","12376175","12376473","47","56989941"
"chr6","69412312","69412548","chr3","50901308","50901545","40","18511004"
"chr6","69446498","69446675","chr3","151252705","151252876","29","81806207"
"chr6","69581567","69581855","chr16","18877109","18877397","49","50704458"
"chr6","69738002","69738298","chr19","47662689","47662983","40","22075313"
"chr6","69895453","69895713","chr13","109670592","109670849","37","39775139"
"chr6","69951761","69952060","chr2","146254274","146254570","51","76302513"
"chr6","70032333","70032630","chr5","34428917","34429213","36","35603416"
"chr6","70410704","70411008","chr12","101621572","101621879","44","31210868"
"chr6","70443987","70444285","chr1","208230438","208230739","48","137786451"
"chr6","70491486","70491774","chr10","62315260","62315548","38","8176226"
"chr6","70619534","70619826","chr12","35031886","35032181","40","35587648"
"chr6","70631706","70632012","chr15","1988979","1989274","44","68642727"
"chr6","70670222","70670522","chr16","59345872","59346168","42","11324350"
"chr6","70705172","70705448","chr1","85588514","85588789","57","14883342"
"chr6","70756960","70757104","chr8","76522039","76522178","17","5765079"
"chr6","70789226","70789532","chr16","15788944","15789248","35","55000282"
"chr6","70858159","70858451","chr1","128477471","128477761","51","57619312"
"chr6","70914161","70914447","chr3","63144094","63144379","40","7770067"
"chr6","70933925","70934206","chr10","62315260","62315548","38","8618665"
"chr6","70996694","70996981","chr4","125838247","125838531","41","54841553"
"chr6","71200833","71201129","chr1","48942325","48942622","41","22258508"
"chr6","71225777","71226077","chr11","3693184","3693488","48","67532593"
"chr6","71251644","71251940","chr8","91312269","91312560","41","20060625"
"chr6","71325966","71326234","chr13","84635853","84636114","35","13309887"
"chr6","71387840","71388137","chr2","58033019","58033319","40","13354821"
"chr6","71444714","71444995","chr7","72707693","72707981","45","1262979"
"chr6","71497327","71497573","chr16","44892798","44893041","31","26604529"
"chr6","71674385","71674666","chr16","63276450","63276738","40","8397935"
"chr6","71761484","71761773","chrX","45541576","45541868","38","26219908"
"chr6","71946843","71947136","chr1","94365322","94365615","40","22418479"
"chr6","71962357","71962659","chr13","32817425","32817728","33","39144932"
"chr6","71974688","71974965","chr2","122409650","122409928","39","50434962"
"chr6","71988616","71988919","chr11","65336331","65336636","45","6652285"
"chr6","72052030","72052342","chr7","73560013","73560323","40","1507983"
"chr6","72637870","72638164","chr3","35657443","35657739","33","36980427"
"chr6","72764202","72764496","chr6","65398083","65398378","40","7366119"
"chr6","72942435","72942731","chr8","135146563","135146861","51","62204128"
"chr6","72963916","72964223","chr4","103846144","103846452","49","30882228"
"chr6","73091922","73092234","chr2","184494540","184494844","52","111402618"
"chr6","73339135","73339255","chr20","51495213","51495332","16","21843922"
"chr6","73437767","73437994","chr15","29611756","29611978","25","43826011"
"chr6","73438442","73438731","chr9","104648950","104649250","50","31210508"
"chr6","73562962","73563271","chrX","91270332","91270642","33","17707370"
"chr6","73731170","73731466","chr5","2641267","2641568","47","71089903"
"chr6","73741972","73742266","chr11","59744208","59744500","34","13997764"
"chr6","74102065","74102361","chr8","77571193","77571492","33","3469128"
"chr6","74104141","74104441","chr9","30120372","30120674","40","43983769"
"chr6","74238313","74238618","chr6","124714488","124714790","39","50476175"
"chr6","74308031","74308338","chrX","122095835","122096148","35","47787804"
"chr6","74580471","74580782","chr11","6563934","6564243","44","68016537"
"chr6","74869189","74869497","chr3","132821684","132821990","45","57952495"
"chr6","74998279","74998564","chr5","43234085","43234369","37","31764194"
"chr6","75194927","75195229","chr12","48247451","48247755","38","26947476"
"chr6","75228495","75228801","chr4","14949121","14949425","44","60279374"
"chr6","75336215","75336488","chr4","134157189","134157460","44","58820974"
"chr6","75453099","75453414","chr10","5265436","5265740","51","70187663"
"chr6","75490324","75490593","chr4","123701012","123701277","43","48210688"
"chr6","75572980","75573279","chr3","150228925","150229224","35","74655945"
"chr6","75590179","75590477","chr1","124998618","124998915","33","49408439"
"chr6","75644663","75644958","chr1","113722216","113722513","40","38077553"
"chr6","75747259","75747583","chr4","92753761","92754079","64","17006502"
"chr6","75810060","75810355","chr2","96826999","96827292","43","21016939"
"chr6","75824342","75824635","chr12","33290039","33290333","38","42534303"
"chr6","75911376","75911435","chr1","196904697","196904756","15","120993321"
"chr6","76071922","76072227","chr3","34969388","34969689","40","41102534"
"chr6","76100824","76101110","chr9","7025626","7025918","38","69075198"
"chr6","76116582","76116928","chr7","73463030","73463339","68","2653552"
"chr6","76289313","76289576","chr19","45440497","45440766","62","30848816"
"chr6","76352664","76352918","chr3","1997406","1997669","53","74355258"
"chr6","76396143","76396451","chr7","65109677","65109988","37","11286466"
"chr6","76530775","76531053","chr12","5372173","5372452","46","71158602"
"chr6","76733895","76734160","chr2","88096430","88096710","54","11362535"
"chr6","76866563","76866866","chr15","28870778","28871078","44","47995785"
"chr6","76986285","76986573","chr7","133065043","133065330","44","56078758"
"chr6","77055314","77055614","chr11","13702068","13702363","44","63353246"
"chr6","77099275","77099552","chr15","41829481","41829769","47","35269794"
"chr6","77413450","77413735","chr18","48465782","48466081","49","28947668"
"chr6","77574045","77574279","chr6","91216456","91216692","39","13642411"
"chr6","77586946","77587251","chr8","136668057","136668356","50","59081111"
"chr6","77985951","77986230","chr9","93552709","93552987","53","15566758"
"chr6","78068579","78068864","chr10","62613928","62614216","41","15454651"
"chr6","78090455","78090753","chr1","29984577","29984876","50","48105878"
"chr6","78116357","78116651","chr1","94365322","94365615","41","16248965"
"chr6","78206650","78206932","chr8","90235960","90236242","43","12029310"
"chr6","78261419","78261718","chr16","17660066","17660366","44","60601353"
"chr6","78280110","78280388","chr10","33229182","33229457","46","45050928"
"chr6","78373948","78374244","chr8","17073075","17073383","51","61300873"
"chr6","78433216","78433501","chr20","35264020","35264301","50","43169196"
"chr6","78494219","78494446","chr10","76202595","76202819","32","2291624"
"chr6","78572057","78572357","chr6","53239608","53239906","36","25332449"
"chr6","78627686","78627969","chr7","5939235","5939518","39","72688451"
"chr6","78702272","78702536","chr2","46852193","46852465","53","31850079"
"chr6","78829355","78829396","chr9","98160945","98160985","8","19331590"
"chr6","78948266","78948562","chr16","69034579","69034877","42","9913687"
"chr6","78952048","78952318","chr4","134157189","134157460","49","55205141"
"chr6","79099373","79099685","chr4","34099360","34099670","53","45000013"
"chr6","79185210","79185525","chr1","121685453","121685763","42","42500243"
"chr6","79203181","79203479","chr16","7431918","7432211","45","71771263"
"chr6","79257213","79257513","chr4","132287893","132288193","43","53030680"
"chr6","79312568","79312858","chr2","99109730","99110024","43","19797162"
"chr6","79336885","79337187","chr14","107587832","107588130","44","28250947"
"chr6","79360516","79360803","chr1","45623411","45623699","41","33737105"
"chr6","79521115","79521415","chr12","53357494","53357791","47","26163621"
"chr6","79866699","79867015","chr2","147017903","147018205","53","67151204"
"chr6","79968350","79968648","chr10","78749019","78749318","42","1219331"
"chr6","80184846","80185151","chr1","11912016","11912323","34","68272830"
"chr6","80193375","80193671","chr5","117416626","117416917","46","37223251"
"chr6","80446147","80446431","chr17","62858596","62858878","34","17587551"
"chr6","80773576","80773881","chr4","3872146","3872447","35","76901430"
"chr6","80777819","80778131","chr16","57320246","57320555","46","23457573"
"chr6","80792145","80792403","chr13","109670592","109670849","38","28878447"
"chr6","80820204","80820512","chr1","7993999","7994304","39","72826205"
"chr6","80912268","80912566","chr18","29686031","29686328","44","51226237"
"chr6","81021632","81021920","chr9","30302448","30302737","36","50719184"
"chr6","81038172","81038469","chr3","154218014","154218311","48","73179842"
"chr6","81150188","81150479","chr11","114923633","114923926","47","33773445"
"chr6","81208937","81209222","chr1","158198823","158199105","53","76989886"
"chr6","81266667","81266954","chr19","4119009","4119297","45","77147658"
"chr6","81398461","81398764","chr9","25603269","25603573","38","55795192"
"chr6","81402592","81402895","chr1","79952767","79953067","48","1449825"
"chr6","81919290","81919584","chr2","96826999","96827292","40","14907709"
"chr6","82008034","82008331","chr16","70619220","70619515","41","11388814"
"chr6","82068028","82068319","chr10","82072119","82072412","41","4091"
"chr6","82089471","82089731","chr19","32590740","32591017","56","49498731"
"chr6","82096877","82097163","chr8","76439046","76439334","32","5657831"
"chr6","82179828","82180133","chr2","99109730","99110024","53","16929902"
"chr6","82215719","82216020","chr3","69228301","69228608","48","12987418"
"chr6","82351820","82352085","chr5","129931710","129931977","37","47579890"
"chr6","82367037","82367341","chr14","110707155","110707459","48","28340118"
"chr6","82465424","82465723","chr11","10098018","10098319","37","72367406"
"chr6","82518467","82518771","chr4","108005099","108005405","46","25486632"
"chr6","82534680","82534967","chr15","107409260","107409549","48","24874580"
"chr6","82623670","82623971","chr11","10098018","10098319","34","72525652"
"chr6","82728645","82728948","chr4","3145119","3145426","38","79583526"
"chr6","82789124","82789421","chr2","55819634","55819932","33","26969490"
"chr6","82976211","82976517","chr13","106173450","106173751","34","23197239"
"chr6","83143816","83144126","chr4","3145119","3145426","67","79998697"
"chr6","83259635","83259940","chr5","827139","827438","43","82432496"
"chr6","83326319","83326606","chr4","90792066","90792356","41","7465747"
"chr6","83402682","83402978","chr18","50068641","50068944","42","33334041"
"chr6","83454742","83455036","chr12","62828013","62828306","48","20626729"
"chr6","83487384","83487671","chr10","62315260","62315548","28","21172124"
"chr6","83511055","83511348","chr4","20453718","20454013","52","63057337"
"chr6","83684795","83685097","chr1","11912016","11912323","36","71772779"
"chr6","83806862","83806984","chr11","83048168","83048288","15","758694"
"chr6","83808951","83809242","chr1","91720982","91721273","36","7912031"
"chr6","83818289","83818563","chr14","11275192","11275473","41","72543097"
"chr6","83855344","83855626","chr2","68809203","68809491","43","15046141"
"chr6","83860775","83861082","chr1","219225924","219226223","48","135365149"
"chr6","83868424","83868621","chr11","99737204","99737405","36","15868780"
"chr6","83887993","83888257","chrX","122712517","122712780","37","38824524"
"chr6","83931131","83931288","chr20","51205147","51205307","26","32725984"
"chr6","83932735","83933012","chr10","37627251","37627528","40","46305484"
"chr6","83986866","83987173","chr5","173702377","173702681","41","89715511"
"chr6","83988938","83989232","chr2","104291060","104291346","47","20302122"
"chr6","84005037","84005338","chr10","70335100","70335400","44","13669937"
"chr6","84094799","84095102","chr13","93168992","93169299","35","9074193"
"chr6","84101982","84102301","chr12","13891696","13891997","72","70210286"
"chr6","84107011","84107308","chr3","10482926","10483222","38","73624085"
"chr6","84107673","84107951","chr1","91760043","91760318","42","7652370"
"chr6","84109220","84109502","chr20","49701084","49701366","46","34408136"
"chr6","84116107","84116406","chr8","99548469","99548767","38","15432362"
"chr6","84121638","84121911","chr8","29391934","29392213","51","54729704"
"chr6","84150135","84150443","chr10","26225402","26225693","50","57924733"
"chr6","84156968","84157270","chr10","46007696","46008002","34","38149272"
"chr6","84182550","84182851","chr12","35031886","35032181","40","49150664"
"chr6","84192234","84192530","chr1","152909746","152910050","44","68717512"
"chr6","84231628","84231902","chr12","81748604","81748887","40","2483024"
"chr6","84254200","84254406","chr15","75870510","75870707","38","8383690"
"chr6","84266975","84267238","chr20","37404718","37404983","43","46862257"
"chr6","84286172","84286456","chr2","98227356","98227649","47","13941184"
"chr6","84297429","84297705","chr2","48921809","48922082","38","35375620"
"chr6","84299361","84299643","chr4","31083851","31084133","42","53215510"
"chr6","84306321","84306618","chr12","30141680","30141977","47","54164641"
"chr6","84349486","84349766","chr1","37199016","37199296","44","47150470"
"chr6","84355823","84356109","chr4","33526464","33526759","48","50829359"
"chr6","84390293","84390590","chr18","23762985","23763286","33","60627308"
"chr6","84397449","84397712","chr9","24560211","24560475","37","59837238"
"chr6","84422657","84422948","chr2","38884008","38884302","51","45538649"
"chr6","84437643","84437943","chr9","52526814","52527115","42","31910829"
"chr6","84485647","84485882","chr7","106355540","106355793","60","21869893"
"chr6","84511569","84511860","chr15","7561500","7561795","53","76950069"
"chr6","84527186","84527478","chrX","107451184","107451474","43","22923998"
"chr6","84532107","84532408","chr10","78793021","78793318","40","5739086"
"chr6","84551763","84552076","chr3","12603123","12603437","39","71948640"
"chr6","84558126","84558375","chr10","49361494","49361744","52","35196632"
"chr6","84605567","84605863","chr4","10828530","10828827","43","73777037"
"chr6","84623018","84623316","chr7","76889431","76889730","31","7733587"
"chr6","84628579","84628877","chr4","2534955","2535251","35","82093624"
"chr6","84631574","84631845","chr18","48879710","48879982","50","35751864"
"chr6","84666436","84666741","chr13","7569072","7569377","47","77097364"
"chr6","84726887","84727189","chr9","84473646","84473946","41","253241"
"chr6","84746358","84746648","chr10","77690801","77691096","43","7055557"
"chr6","84747369","84747670","chr2","46682521","46682821","38","38064848"
"chr6","84801569","84801867","chr18","47330497","47330793","42","37471072"
"chr6","84929385","84929673","chr4","34365154","34365445","32","50564231"
"chr6","84936630","84936928","chr12","11131478","11131777","34","73805152"
"chr6","84958796","84959100","chr13","24550040","24550347","39","60408756"
"chr6","84976137","84976434","chrX","20846410","20846706","43","64129727"
"chr6","85015787","85016086","chr1","179906619","179906914","39","94890832"
"chr6","85062421","85062716","chr1","126731662","126731958","40","41669241"
"chr6","85104005","85104295","chr3","41188591","41188879","39","43915414"
"chr6","85153387","85153686","chr1","52291560","52291858","41","32861827"
"chr6","85282657","85282951","chr9","14690494","14690788","44","70592163"
"chr6","85300995","85301263","chr3","177583438","177583720","50","92282443"
"chr6","85318798","85319095","chr1","1866324","1866628","34","83452474"
"chr6","85323178","85323477","chr4","31017666","31017967","34","54305512"
"chr6","85335671","85335769","chr3","78022612","78022705","11","7313059"
"chr6","85370904","85371190","chr16","4208436","4208729","40","81162468"
"chr6","85382414","85382701","chr9","7025626","7025918","35","78356788"
"chr6","85396974","85397095","chr3","46646723","46646847","29","38750251"
"chr6","85482560","85482859","chrX","75081914","75082213","38","10400646"
"chr6","85530594","85530880","chr17","79254878","79255163","43","6275716"
"chr6","85765899","85766205","chr3","67856542","67856842","48","17909357"
"chr6","85840252","85840539","chr7","117030480","117030769","35","31190228"
"chr6","85893351","85893656","chr1","128155382","128155688","35","42262031"
"chr6","85920671","85920950","chr5","52449180","52449473","57","33471491"
"chr6","85926234","85926483","chr9","66292598","66292844","44","19633636"
"chr6","85968082","85968379","chr19","3064712","3065012","40","82903370"
"chr6","86126547","86126826","chr16","50677381","50677664","43","35449166"
"chr6","86198488","86198794","chr4","9648127","9648436","41","76550361"
"chr6","86218843","86219099","chr15","13690450","13690713","41","72528393"
"chr6","86298397","86298683","chr3","151950537","151950826","39","65652140"
"chr6","86405607","86405896","chr7","117030480","117030769","37","30624873"
"chr6","86407335","86407614","chr4","111349620","111349900","47","24942285"
"chr6","86419257","86419374","chr12","21255452","21255567","17","65163805"
"chr6","86433408","86433707","chr6","73202551","73202854","36","13230857"
"chr6","86683917","86684209","chr1","14339353","14339646","37","72344564"
"chr6","86703781","86704086","chr9","55528849","55529154","36","31174932"
"chr6","86754911","86755219","chr13","23501079","23501388","38","63253832"
"chr6","86807721","86808018","chr12","81332806","81333105","45","5474915"
"chr6","86832671","86832964","chr11","59744208","59744500","33","27088463"
"chr6","86998526","86998826","chr15","48151534","48151833","39","38846992"
"chr6","87052522","87052823","chr3","45626371","45626668","36","41426151"
"chr6","87425502","87425815","chr1","115385292","115385603","39","27959790"
"chr6","87460047","87460344","chr9","113926102","113926402","47","26466055"
"chr6","87503305","87503611","chr9","61900736","61901039","37","25602569"
"chr6","87610258","87610554","chr11","132020081","132020383","40","44409823"
"chr6","87641915","87642227","chr1","41160582","41160892","43","46481333"
"chr6","87719559","87719747","chr5","89567023","89567218","35","1847464"
"chr6","87731905","87732214","chr1","7993999","7994304","36","79737906"
"chr6","87797342","87797638","chr3","74390980","74391277","43","13406362"
"chr6","87817844","87818136","chr7","16206849","16207148","45","71610995"
"chr6","87828182","87828407","chr6","125155662","125155895","43","37327480"
"chr6","87849457","87849730","chr19","30423161","30423462","55","57426296"
"chr6","87868297","87868437","chr1","197772553","197772689","17","109904256"
"chr6","87908610","87908884","chr1","65109674","65109948","44","22798936"
"chr6","87944537","87944834","chr1","44950004","44950301","46","42994533"
"chr6","88008428","88008721","chr12","58244299","58244591","45","29764129"
"chr6","88050162","88050475","chr13","72948254","72948560","36","15101908"
"chr6","88121537","88121838","chr6","126641819","126642115","49","38520282"
"chr6","88144395","88144669","chr3","13657117","13657396","45","74487278"
"chr6","88347921","88348209","chr4","110946344","110946633","35","22598423"
"chr6","88393348","88393617","chr12","84954554","84954828","48","3438794"
"chr6","88405748","88406044","chr11","11755747","11756048","42","76650001"
"chr6","88467716","88468019","chr11","10098018","10098319","34","78369698"
"chr6","88590804","88591108","chr1","7993999","7994304","34","80596805"
"chr6","88862165","88862478","chr6","102619077","102619380","50","13756912"
"chr6","88904387","88904693","chr1","114112648","114112955","52","25208261"
"chr6","89037408","89037702","chr10","23559809","23560103","43","65477599"
"chr6","89141426","89141736","chr9","19850832","19851138","44","69290594"
"chr6","89146271","89146577","chr4","32871781","32872078","61","56274490"
"chr6","89160568","89160873","chr16","38744726","38745028","58","50415842"
"chr6","89354297","89354610","chr6","100603107","100603420","46","11248810"
"chr6","89393139","89393450","chr2","33086890","33087198","62","56306249"
"chr6","89462770","89463064","chr8","25582102","25582396","37","63880668"
"chr6","89550553","89550841","chr4","13663992","13664285","42","75886561"
"chr6","89569612","89569907","chr10","10378732","10379028","33","79190880"
"chr6","89629289","89629588","chr10","38262077","38262376","48","51367212"
"chr6","89809768","89810061","chr1","47942809","47943107","40","41866959"
"chr6","89834027","89834324","chr1","79952767","79953067","46","9881260"
"chr6","90035389","90035690","chr6","124714488","124714790","33","34679099"
"chr6","90078327","90078606","chr7","111089387","111089666","41","21011060"
"chr6","90150133","90150365","chr11","44650712","44650952","41","45499421"
"chr6","90334390","90334684","chr8","96118479","96118774","40","5784089"
"chr6","90338674","90338961","chr2","149520746","149521031","47","59182072"
"chr6","90424765","90425049","chr15","22561456","22561749","54","67863309"
"chr6","90441379","90441673","chr3","24783656","24783946","44","65657723"
"chr6","90479307","90479552","chr1","190360719","190360980","53","99881412"
"chr6","90481669","90481964","chr8","95960003","95960299","40","5478334"
"chr6","90603036","90603336","chr1","162025435","162025737","49","71422399"
"chr6","90643246","90643543","chr3","110049029","110049327","33","19405783"
"chr6","90665954","90666211","chr1","51807891","51808147","43","38858063"
"chr6","90728841","90729009","chr8","110756774","110756940","28","20027933"
"chr6","90742529","90742837","chr10","20549883","20550183","52","70192646"
"chr6","90839369","90839662","chr17","18816361","18816654","51","72023008"
"chr6","90956878","90957147","chr2","34315373","34315630","49","56641505"
"chr6","90995227","90995519","chr11","59744208","59744500","33","31251019"
"chr6","91017071","91017369","chr1","946135","946434","36","90070936"
"chr6","91063529","91063835","chr19","26743357","26743663","41","64320172"
"chr6","91089606","91089913","chr9","50750379","50750702","58","40339227"
"chr6","91580318","91580623","chr6","124714488","124714790","59","33134170"
"chr6","91617197","91617496","chr16","13941396","13941705","42","77675801"
"chr6","91751890","91752131","chr1","14468200","14468440","35","77283690"
"chr6","91768598","91768895","chr1","213070791","213071090","49","121302193"
"chr6","91804679","91804975","chr2","55010925","55011223","38","36793754"
"chr6","91888882","91889173","chr13","107030178","107030478","47","15141296"
"chr6","91891687","91891989","chr1","1866324","1866628","40","90025363"
"chr6","91948769","91949076","chrX","43179195","43179504","43","48769574"
"chr6","92332995","92333281","chr14","111877236","111877529","35","19544241"
"chr6","92381907","92382195","chr5","35236627","35236905","49","57145280"
"chr6","92605061","92605364","chr9","23884684","23884991","44","68720377"
"chr6","92694278","92694559","chr1","56954077","56954369","47","35740201"
"chr6","93262709","93263011","chr11","53078617","53078919","40","40184092"
"chr6","93265578","93265865","chr2","186511571","186511867","48","93245993"
"chr6","93399250","93399549","chr4","69425921","69426221","44","23973329"
"chr6","93411344","93411641","chr7","48694397","48694696","35","44716947"
"chr6","93528085","93528396","chr13","24550040","24550347","41","68978045"
"chr6","93550443","93550744","chr13","127856958","127857258","39","34306515"
"chr6","93551207","93551516","chr8","91282300","91282607","42","2268907"
"chr6","93614555","93614844","chrX","37796617","37796904","40","55817938"
"chr6","93849972","93850254","chr18","37655506","37655790","48","56194466"
"chr6","93872141","93872437","chr11","59744208","59744500","32","34127933"
"chr6","93969527","93969789","chr18","41017814","41018083","47","52951713"
"chr6","94027847","94028152","chr4","41971978","41972281","38","52055869"
"chr6","94034451","94034740","chr7","116541236","116541527","29","22506785"
"chr6","94084351","94084638","chr16","1419036","1419322","47","92665315"
"chr6","94100542","94100823","chr11","92474742","92475024","40","1625800"
"chr6","94130415","94130698","chr1","1510148","1510425","41","92620267"
"chr6","94282917","94283216","chr7","114795060","114795360","33","20512143"
"chr6","94293407","94293698","chr2","184580196","184580486","43","90286789"
"chr6","94349451","94349741","chr7","72707693","72707981","35","21641758"
"chr6","94349929","94350170","chr2","185447023","185447269","58","91097094"
"chr6","94366564","94366879","chrX","59946011","59946324","53","34420553"
"chr6","94380763","94381051","chr2","144084745","144085032","37","49703982"
"chr6","94391430","94391725","chr16","49586323","49586622","38","44805107"
"chr6","94548222","94548505","chr10","62315260","62315548","35","32232962"
"chr6","94637144","94637460","chr1","161907383","161907696","50","67270239"
"chr6","94799496","94799759","chr4","85314799","85315055","40","9484697"
"chr6","94802917","94803219","chr2","101906055","101906355","41","7103138"
"chr6","94935566","94935865","chr13","88006009","88006300","45","6929557"
"chr6","95239198","95239505","chr3","66332072","66332374","46","28907126"
"chr6","95258428","95258724","chr11","95297421","95297719","38","38993"
"chr6","95358708","95359029","chr18","37799855","37800179","50","57558853"
"chr6","95395331","95395618","chr5","2577333","2577630","49","92817998"
"chr6","95427926","95428223","chr3","67941541","67941839","45","27486385"
"chr6","95443682","95443981","chrX","8910011","8910309","41","86533671"
"chr6","95511120","95511405","chr6","63224446","63224732","40","32286674"
"chr6","95554818","95555126","chr6","128302615","128302924","37","32747797"
"chr6","95560255","95560563","chr1","56071435","56071746","42","39488820"
"chr6","95729915","95730221","chr2","102989050","102989349","45","7259135"
"chr6","95731972","95732278","chr5","53255691","53255996","42","42476281"
"chr6","95774975","95775308","chr1","110540983","110541312","47","14766008"
"chr6","95777954","95778255","chr2","26314517","26314821","41","69463437"
"chr6","95790412","95790711","chr16","25489422","25489726","40","70300990"
"chr6","95866807","95867111","chr5","34488672","34488979","40","61378135"
"chr6","95877311","95877443","chr9","12890266","12890398","19","82987045"
"chr6","95877792","95877960","chr7","151002857","151002999","56","55125065"
"chr6","95974240","95974534","chr2","55016948","55017242","40","40957292"
"chr6","96022813","96023113","chr1","11995969","11996267","41","84026844"
"chr6","96068165","96068469","chr1","102411863","102412176","49","6343698"
"chr6","96139354","96139674","chrX","44962032","44962338","56","51177322"
"chr6","96176751","96177045","chr2","168564679","168564973","40","72387928"
"chr6","96319160","96319487","chr9","56097647","56097972","63","40221513"
"chr6","96494862","96495161","chr11","13702068","13702363","39","82792794"
"chr6","96533049","96533321","chr1","202707884","202708154","43","106174835"
"chr6","96590441","96590726","chr2","92704027","92704304","57","3886414"
"chr6","96686422","96686715","chr9","20941332","20941626","38","75745090"
"chr6","96742615","96742905","chr1","124250793","124251086","42","27508178"
"chr6","96792411","96792703","chr2","84844754","84845049","43","11947657"
"chr6","96959087","96959367","chr8","50233400","50233679","50","46725687"
"chr6","97040241","97040535","chr16","3687263","3687550","37","93352978"
"chr6","97042347","97042664","chr10","37832345","37832660","63","59210002"
"chr6","97115231","97115538","chr6","128302615","128302924","43","31187384"
"chr6","97183041","97183328","chr1","15213458","15213741","53","81969583"
"chr6","97290542","97290863","chr1","1234974","1235297","58","96055568"
"chr6","97301585","97301816","chr3","13737292","13737527","54","83564293"
"chr6","97330047","97330354","chr14","5934954","5935260","40","91395093"
"chr6","97352555","97352768","chr6","142429991","142430206","41","45077436"
"chr6","97426527","97426825","chr7","130049195","130049488","65","32622668"
"chr6","97531546","97531857","chr7","73560013","73560323","36","23971533"
"chr6","97562797","97563095","chr1","40659470","40659761","45","56903327"
"chr6","97679900","97680203","chr9","45429109","45429407","42","52250791"
"chr6","97682730","97682940","chr15","79383285","79383495","26","18299445"
"chr6","97721613","97721911","chr16","11126268","11126568","43","86595345"
"chr6","97765774","97766038","chr12","34697698","34697958","68","63068076"
"chr6","97989145","97989352","chr7","155860210","155860412","23","57871065"
"chr6","98040181","98040404","chr7","121329046","121329267","32","23288865"
"chr6","98055167","98055366","chr1","96186231","96186430","39","1868936"
"chr6","98111484","98111809","chr11","58787709","58788034","40","39323775"
"chr6","98355024","98355330","chr10","66278890","66279197","45","32076134"
"chr6","98517230","98517523","chr4","31928114","31928408","37","66589116"
"chr6","98636534","98636848","chr2","26314517","26314821","48","72322017"
"chr6","98656333","98656640","chr11","36769212","36769521","41","61887121"
"chr6","98728350","98728650","chr16","54362036","54362339","47","44366314"
"chr6","98820240","98820547","chr11","11755747","11756048","51","87064493"
"chr6","98866688","98866996","chr1","56811374","56811685","44","42055314"
"chr6","98884157","98884453","chr2","55819634","55819932","37","43064523"
"chr6","98905618","98905907","chr13","68982542","68982833","40","29923076"
"chr6","98957973","98958249","chr2","66130433","66130716","48","32827540"
"chr6","99153572","99153840","chr1","47626078","47626342","38","51527494"
"chr6","99180083","99180359","chr16","1630024","1630299","43","97550059"
"chr6","99194889","99195176","chr2","173017663","173017955","47","73822774"
"chr6","99216312","99216618","chr13","32817425","32817728","40","66398887"
"chr6","99483900","99484145","chr10","85305068","85305322","48","14178832"
"chr6","99616468","99616768","chr13","32817425","32817728","35","66799043"
"chr6","99637326","99637617","chr3","83424701","83424995","48","16212625"
"chr6","99658133","99658436","chr1","25455048","25455352","41","74203085"
"chr6","99822568","99822876","chr18","12965449","12965751","49","86857119"
"chr6","99910515","99910680","chr7","36815097","36815263","28","63095418"
"chr6","99992041","99992207","chr13","93249064","93249232","26","6742977"
"chr6","100036340","100036630","chr4","30656456","30656736","57","69379884"
"chr6","100191152","100191427","chr4","23536564","23536839","45","76654588"
"chr6","100220963","100221248","chr10","62315260","62315548","44","37905703"
"chr6","100282852","100283140","chr20","51745649","51745944","43","48537203"
"chr6","100338608","100338880","chr2","183405082","183405365","51","83066474"
"chr6","100446777","100447068","chr13","88006009","88006300","34","12440768"
"chr6","100656909","100657193","chr14","76888871","76889163","39","23768038"
"chr6","100746167","100746461","chr1","2148369","2148657","44","98597798"
"chr6","100805559","100805684","chr5","63344356","63344486","16","37461203"
"chr6","100872488","100872760","chr13","54891092","54891359","54","45981396"
"chr6","101171212","101171301","chr3","150400681","150400772","11","49229469"
"chr6","101210448","101210757","chr1","184288081","184288385","40","83077633"
"chr6","101322118","101322397","chr2","101514466","101514754","47","192348"
"chr6","101343771","101344029","chr6","52055223","52055480","53","49288548"
"chr6","101406605","101406887","chr10","30488935","30489224","41","70917670"
"chr6","101527645","101527952","chr11","89115091","89115391","38","12412554"
"chr6","101745993","101746281","chr10","62315260","62315548","45","39430733"
"chr6","101764473","101764785","chr5","174599280","174599592","51","72834807"
"chr6","101984806","101985102","chr19","38513628","38513926","49","63471178"
"chr6","102058549","102058842","chr1","94365322","94365615","41","7693227"
"chr6","102063968","102064268","chr19","37295181","37295478","50","64768787"
"chr6","102065843","102066148","chr2","130228273","130228581","40","28162430"
"chr6","102073986","102074261","chr3","60342878","60343154","48","41731108"
"chr6","102075629","102075921","chr4","40983514","40983792","77","61092115"
"chr6","102632606","102632903","chr2","81991105","81991401","43","20641501"
"chr6","102663638","102663933","chr4","36282813","36283093","56","66380825"
"chr6","102714992","102715181","chr2","128514925","128515105","41","25799933"
"chr6","102831015","102831310","chr7","120310502","120310798","32","17479487"
"chr6","102841819","102842117","chr4","82945647","82945940","44","19896172"
"chr6","103086117","103086419","chr11","101334321","101334626","40","1751796"
"chr6","103313753","103314047","chr7","133065043","133065330","40","29751290"
"chr6","103340224","103340470","chr13","83867030","83867279","43","19473194"
"chr6","103393034","103393322","chr20","10958775","10959070","47","92434259"
"chr6","103487430","103487727","chr16","59029351","59029645","34","44458079"
"chr6","103728033","103728328","chr5","144046123","144046419","40","40318090"
"chr6","103850029","103850320","chr9","7025626","7025918","32","96824403"
"chr6","103931832","103932034","chr10","32105022","32105222","28","71826810"
"chr6","104008008","104008246","chr16","48808877","48809118","34","55199131"
"chr6","104043885","104044151","chr2","25492368","25492634","57","78551517"
"chr6","104088688","104088944","chr13","109670592","109670849","35","5581904"
"chr6","104202378","104202688","chr18","51183412","51183721","34","53018966"
"chr6","104297409","104297668","chr15","83179815","83180060","51","21117594"
"chr6","104337938","104338245","chr4","94815998","94816302","39","9521940"
"chr6","104349577","104349872","chr5","91304919","91305216","40","13044658"
"chr6","104397286","104397559","chr19","3865816","3866080","51","100531470"
"chr6","104436784","104437078","chr2","184580196","184580486","37","80143412"
"chr6","104816386","104816685","chr1","164085258","164085565","56","59268872"
"chr6","104909445","104909744","chr6","122044038","122044332","47","17134593"
"chr6","104932181","104932458","chr11","111822045","111822327","42","6889864"
"chr6","105068158","105068456","chr1","213070791","213071090","39","108002633"
"chr6","105085924","105086218","chr13","85075735","85076030","40","20010189"
"chr6","105221380","105221681","chr2","77233595","77233894","37","27987785"
"chr6","105445500","105445768","chr7","80887200","80887469","36","24558300"
"chr6","105462780","105463087","chr1","11912016","11912323","38","93550764"
"chr6","105470831","105471138","chr10","46007696","46008002","39","59463135"
"chr6","105491006","105491312","chr4","10828530","10828827","49","94662476"
"chr6","105516844","105517143","chr15","5224495","5224803","49","100292349"
"chr6","105552705","105552999","chr12","93339213","93339508","34","12213492"
"chr6","105574510","105574807","chr19","35482053","35482349","34","70092457"
"chr6","105608521","105608818","chr3","34969388","34969689","35","70639133"
"chr6","105609818","105610075","chr1","28821782","28822047","43","76788036"
"chr6","105843694","105843992","chr1","94365322","94365615","37","11478372"
"chr6","106033370","106033683","chr3","69228301","69228608","51","36805069"
"chr6","106379647","106379923","chr1","10273687","10273957","45","96105960"
"chr6","106448469","106448783","chr1","213891359","213891672","47","107442890"
"chr6","106489654","106489968","chr8","88676366","88676678","47","17813288"
"chr6","106677530","106677825","JH682036","358126","358421","31","106319404"
"chr6","106682841","106683151","chr7","73560013","73560323","32","33122828"
"chr6","106739749","106740053","chr1","138374356","138374660","46","31634607"
"chr6","106784556","106784851","chr3","110049029","110049327","36","3264473"
"chr6","106791445","106791712","chr16","59652053","59652318","46","47139392"
"chr6","106809459","106809730","chr7","8621594","8621869","47","98187865"
"chr6","106843565","106843861","chr6","142572268","142572563","32","35728703"
"chr6","106886747","106887044","chr3","130290294","130290595","47","23403547"
"chr6","106892825","106893141","chr2","36900823","36901136","40","69992002"
"chr6","106944020","106944313","chr19","3064712","3065012","39","103879308"
"chr6","106944699","106944997","chr15","7561500","7561795","37","99383199"
"chr6","106963416","106963705","chr4","13002327","13002618","46","93961089"
"chr6","106963855","106964143","chr14","82944051","82944331","41","24019804"
"chr6","106996978","106997163","chr11","53043496","53043681","37","53953482"
"chr6","107070915","107071005","chr15","49507708","49507798","14","57563207"
"chr6","107148906","107149203","chr16","23339562","23339859","39","83809344"
"chr6","107419284","107419581","chr10","10440840","10441147","41","96978444"
"chr6","107702467","107702746","chr3","177583438","177583720","47","69880971"
"chr6","107726334","107726642","chr12","614728","615036","40","107111606"
"chr6","107792300","107792596","chr3","45626371","45626668","34","62165929"
"chr6","107887272","107887541","chr1","202707884","202708154","37","94820612"
"chr6","107912326","107912621","chr11","59699985","59700283","50","48212341"
"chr6","107959332","107959632","chr8","25582102","25582396","35","82377230"
"chr6","107978637","107978929","chr10","1474075","1474368","47","106504562"
"chr6","108067528","108067823","chr3","169260164","169260459","39","61192636"
"chr6","108080335","108080628","chr3","96495025","96495317","40","11585310"
"chr6","108178309","108178610","chr7","79688233","79688542","59","28490076"
"chr6","108533267","108533481","chr7","142141210","142141422","51","33607943"
"chr6","108657244","108657557","chr1","7993999","7994304","38","100663245"
"chr6","108681001","108681296","chr20","21460034","21460330","51","87220967"
"chr6","108875666","108875964","chr1","53988770","53989067","41","54886896"
"chr6","108916811","108917072","chr7","40144205","40144467","51","68772606"
"chr6","108944814","108945098","chr12","88908759","88909041","68","20036055"
"chr6","109056028","109056308","chr1","56954077","56954369","47","52101951"
"chr6","109159650","109159938","chr5","143792097","143792385","44","34632447"
"chr6","109398762","109399043","chr4","30887523","30887805","45","78511239"
"chr6","109465173","109465484","chr13","117446139","117446449","45","7980966"
"chr6","109497235","109497543","chr13","23501079","23501388","33","85996156"
"chr6","109766880","109767184","chr3","45626371","45626668","42","64140509"
"chr6","110134177","110134472","chr9","31646265","31646560","39","78487912"
"chr6","110415257","110415590","chr10","50403428","50403747","57","60011829"
"chr6","110542565","110542873","chr19","24212554","24212862","36","86330011"
"chr6","110568065","110568342","chr20","49701084","49701366","40","60866981"
"chr6","110660173","110660435","chr4","135313924","135314188","43","24653751"
"chr6","110704867","110705156","chr3","179701033","179701322","33","68996166"
"chr6","110842664","110842962","chr17","30611756","30612052","42","80230908"
"chr6","110862920","110863216","chr16","44203969","44204255","48","66658951"
"chr6","110915666","110915965","chr10","35692021","35692319","41","75223645"
"chr6","110995357","110995657","chr11","4016647","4016949","31","106978710"
"chr6","111002600","111002900","chr1","127833040","127833336","39","16830440"
"chr6","111197119","111197423","chr6","53239608","53239906","38","57957511"
"chr6","111207300","111207603","chr6","124714488","124714790","40","13507188"
"chr6","111321176","111321490","chr14","21391759","21392069","45","89929417"
"chr6","111405117","111405439","chr3","17089313","17089596","70","94315804"
"chr6","111431567","111431869","chr10","38262077","38262376","36","73169490"
"chr6","111481529","111481835","chr7","119285546","119285859","49","7804017"
"chr6","111481976","111482280","chr13","43327633","43327946","48","68154343"
"chr6","111545852","111546157","chrX","128569263","128569566","37","17023411"
"chr6","111600113","111600423","chr18","12432850","12433158","41","99167263"
"chr6","111649764","111650056","chr6","52480201","52480494","37","59169563"
"chr6","111709650","111709945","chr8","25582102","25582396","31","86127548"
"chr6","111794975","111795235","chr7","120133029","120133293","41","8338054"
"chr6","111860564","111860827","chr8","88869400","88869673","36","22991164"
"chr6","111878679","111878974","chr10","78749019","78749318","36","33129660"
"chr6","112107028","112107266","chr6","143514666","143514896","47","31407638"
"chr6","112169216","112169505","chr11","114923633","114923926","39","2754417"
"chr6","112241332","112241634","chr16","49861297","49861598","34","62380035"
"chr6","112253521","112253682","chr7","120733169","120733328","30","8479648"
"chr6","112253683","112253990","chrX","15713155","15713456","44","96540528"
"chr6","112356964","112357266","chr1","138644217","138644512","45","26287253"
"chr6","112362137","112362418","chr6","14908506","14908785","42","97453631"
"chr6","112439145","112439451","chrX","43883084","43883389","40","68556061"
"chr6","112504917","112505192","chr16","63276450","63276738","48","49228467"
"chr6","112610881","112611195","chr16","58102209","58102520","37","54508672"
"chr6","112657424","112657725","chr19","43776158","43776465","52","68881266"
"chr6","112667309","112667610","chr1","67368758","67369056","35","45298551"
"chr6","112685879","112686186","chr6","10349423","10349732","39","102336456"
"chr6","112705085","112705379","chr17","83808601","83808892","41","28896484"
"chr6","112737005","112737250","chr6","124012894","124013127","50","11275889"
"chr6","112743647","112743941","chr2","46682521","46682821","43","66061126"
"chr6","112773618","112773909","chr13","85381776","85382074","44","27391842"
"chr6","112817037","112817343","chr1","7993999","7994304","31","104823038"
"chr6","112823482","112823785","chr20","55596369","55596666","37","57227113"
"chr6","112862415","112862535","chr5","152733114","152733235","16","39870699"
"chr6","112909375","112909673","chr1","117448336","117448626","53","4538961"
"chr6","112925060","112925363","chr6","157477970","157478279","43","44552910"
"chr6","112942502","112942707","chr18","15685553","15685754","31","97256949"
"chr6","112956007","112956315","chr3","107766832","107767139","35","5189175"
"chr6","113234823","113235129","chr1","7993999","7994304","37","105240824"
"chr6","113236686","113236992","chr6","173068926","173069228","44","59832240"
"chr6","113265091","113265401","chr1","7993999","7994304","39","105271092"
"chr6","113493157","113493438","chr1","204583138","204583421","45","91089981"
"chr6","113578237","113578546","chr10","67405046","67405353","36","46173191"
"chr6","113600325","113600597","chr16","56555614","56555891","57","57044711"
"chr6","113600647","113600946","chr17","50740419","50740714","36","62860228"
"chr6","113825999","113826291","chrX","65039128","65039420","41","48786871"
"chr6","114013566","114013844","chr6","150717417","150717697","39","36703851"
"chr6","114248288","114248588","chr2","101651204","101651504","34","12597084"
"chr6","114257093","114257385","chr7","133510633","133510928","38","19253540"
"chr6","114314150","114314450","chr9","88756829","88757132","48","25557321"
"chr6","114432182","114432491","chrX","19437458","19437770","46","94994724"
"chr6","114635369","114635664","chr6","55606851","55607147","42","59028518"
"chr6","114869696","114869996","chr10","46007696","46008002","51","68862000"
"chr6","114921967","114922245","chr15","22810755","22811036","42","92111212"
"chr6","114964840","114965117","chr20","26324160","26324436","46","88640680"
"chr6","114980488","114980765","chr19","42487999","42488270","47","72492489"
"chr6","114982351","114982528","chrX","138596933","138597116","28","23614582"
"chr6","115117257","115117558","chr12","86662303","86662604","36","28454954"
"chr6","115129157","115129449","chr4","13663992","13664285","35","101465165"
"chr6","115216712","115217008","chr7","120310502","120310798","37","5093790"
"chr6","115377185","115377489","chr1","181477297","181477603","52","66100112"
"chr6","115513691","115513977","chr12","61855023","61855318","44","53658668"
"chr6","115517841","115518137","chrX","43647638","43647934","39","71870203"
"chr6","115542909","115543207","chr8","91540919","91541218","46","24001990"
"chr6","115689938","115690235","chr10","68774929","68775228","38","46915009"
"chr6","115794846","115795123","chr12","59828640","59828924","38","55966206"
"chr6","115874252","115874551","chr10","78749019","78749318","39","37125233"
"chr6","115880503","115880767","chr1","115404557","115404821","53","475946"
"chr6","115972985","115973284","chr4","156905731","156906035","43","40932746"
"chr6","115973291","115973583","chr14","15577285","15577579","35","100396006"
"chr6","116098311","116098610","chr7","114624792","114625094","39","1473519"
"chr6","116105690","116105986","chr15","7561500","7561795","29","108544190"
"chr6","116110418","116110707","chr1","128477471","128477761","37","12367053"
"chr6","116151158","116151396","chr12","62436518","62436758","29","53714640"
"chr6","116174833","116175143","chr4","83375242","83375557","44","32799591"
"chr6","116177069","116177346","chr2","28624536","28624818","39","87552533"
"chr6","116253687","116253990","chr16","5199421","5199724","35","111054266"
"chr6","116269167","116269460","chr11","66160852","66161149","43","50108315"
"chr6","116337705","116337980","chr17","45151249","45151529","35","71186456"
"chr6","116341474","116341766","chr4","34747186","34747478","34","81594288"
"chr6","116349123","116349415","chr1","1866324","1866628","52","114482799"
"chr6","116379408","116379700","chr19","50898678","50898974","35","65480730"
"chr6","116393396","116393682","chr7","72707693","72707981","47","43685703"
"chr6","116394115","116394411","chr8","90326092","90326387","39","26068023"
"chr6","116449524","116449827","chr12","62741269","62741568","44","53708255"
"chr6","116487385","116487645","chr1","115404557","115404821","39","1082828"
"chr6","116491231","116491514","chr19","7821204","7821487","34","108670027"
"chr6","116493057","116493364","chr3","173964513","173964818","40","57471456"
"chr6","116508280","116508576","chr8","25582102","25582396","33","90926178"
"chr6","116513445","116513740","chr9","112745915","112746210","44","3767530"
"chr6","116563021","116563261","chr18","65667406","65667652","36","50895615"
"chr6","116572264","116572553","chr6","65357727","65358016","38","51214537"
"chr6","116599759","116599850","chr20","41045680","41045765","14","75554079"
"chr6","116604357","116604618","chr15","2641152","2641417","39","113963205"
"chr6","116648819","116649118","chr5","157533897","157534193","43","40885078"
"chr6","116652482","116652768","chr1","14143915","14144209","53","102508567"
"chr6","116672300","116672430","chr3","82623499","82623631","17","34048801"
"chr6","116682076","116682384","chrX","143121938","143122244","45","26439862"
"chr6","116691748","116692043","chr8","91437935","91438229","38","25253813"
"chr6","116698581","116698825","chr9","116735467","116735713","38","36886"
"chr6","116699200","116699499","chr9","61900736","61901039","45","54798464"
"chr6","116701282","116701563","chr5","79158515","79158797","40","37542767"
"chr6","116708767","116709063","chr9","92635229","92635527","39","24073538"
"chr6","116715304","116715608","chrX","50854497","50854801","35","65860807"
"chr6","116757764","116758056","chr17","15630764","15631058","39","101127000"
"chr6","116844417","116844699","chr9","108889025","108889312","38","7955392"
"chr6","116920251","116920383","chr20","17234109","17234242","21","99686142"
"chr6","117009044","117009268","chr13","71017466","71017686","28","45991578"
"chr6","117036860","117037170","chr10","26504544","26504849","47","90532316"
"chr6","117126641","117126931","chr11","59744208","59744500","28","57382433"
"chr6","117246916","117247208","chr4","69347489","69347789","43","47899427"
"chr6","117254218","117254517","chr12","51845288","51845587","41","65408930"
"chr6","117302876","117303177","chr3","130290294","130290595","41","12987418"
"chr6","117329610","117329905","chr4","33526464","33526759","47","83803146"
"chr6","117341003","117341292","chrX","75081914","75082213","46","42259089"
"chr6","117362408","117362698","chr10","62315260","62315548","35","55047148"
"chr6","117386598","117386901","chr3","68106397","68106706","48","49280201"
"chr6","117442381","117442668","chr7","133065043","133065330","35","15622662"
"chr6","117477477","117477763","chr20","47816140","47816429","48","69661337"
"chr6","117549335","117549631","chr11","109254012","109254304","33","8295323"
"chr6","117592108","117592411","chr15","90208474","90208772","47","27383634"
"chr6","117601700","117601996","chrX","132290757","132291052","55","14689057"
"chr6","117622254","117622528","chr19","6248231","6248507","39","111374023"
"chr6","117673591","117673906","chr2","108323225","108323529","45","9350366"
"chr6","117728037","117728314","chr11","44329228","44329505","52","73398809"
"chr6","117737610","117737906","chr4","33942864","33943168","46","83794746"
"chr6","117745328","117745640","chr8","20246060","20246369","46","97499268"
"chr6","117747934","117748231","chr8","25839930","25840231","45","91908004"
"chr6","117783604","117783879","chr1","188472214","188472490","46","70688610"
"chr6","117804216","117804500","chr2","135177745","135178021","44","17373529"
"chr6","117806398","117806685","chrX","128898114","128898399","40","11091716"
"chr6","117821033","117821321","chr14","7453274","7453561","39","110367759"
"chr6","117826822","117827116","chr4","109156693","109156986","51","8670129"
"chr6","117829004","117829322","chr4","46766925","46767234","47","71062079"
"chr6","117841456","117841783","chr14","64214831","64215143","62","53626625"
"chr6","117894347","117894650","chr9","31858939","31859247","46","86035408"
"chr6","117899477","117899783","chrX","44605832","44606142","32","73293645"
"chr6","117902378","117902672","chr6","56451711","56452003","39","61450667"
"chr6","117905033","117905315","chr1","47939210","47939486","46","69965823"
"chr6","117914499","117914742","chr6","42726937","42727180","47","75187562"
"chr6","117925392","117925696","chr13","125134336","125134638","37","7208944"
"chr6","117934999","117935283","chr2","149808038","149808322","55","31873039"
"chr6","117951175","117951275","chr7","86475740","86475844","24","31475435"
"chr6","117951457","117951575","chrX","33348734","33348848","18","84602723"
"chr6","117958168","117958458","chr1","94365322","94365615","31","23592846"
"chr6","117961346","117961644","chr15","5688693","5688993","39","112272653"
"chr6","117967425","117967727","chr15","7561500","7561795","47","110405925"
"chr6","117974537","117974853","chr6","157477970","157478279","52","39503433"
"chr6","118003567","118003862","chrX","90854802","90855099","38","27148765"
"chr6","118004883","118005160","chr1","11098310","11098593","39","106906573"
"chr6","118022071","118022342","chr20","49494631","49494915","44","68527440"
"chr6","118026360","118026607","chr16","40955770","40956015","38","77070590"
"chr6","118068817","118069124","chr7","19552904","19553209","44","98515913"
"chr6","118079564","118079693","chr8","51403248","51403379","37","66676316"
"chr6","118079825","118079909","chr1","10701620","10701697","24","107378205"
"chr6","118098062","118098359","chr3","45626371","45626668","34","72471691"
"chr6","118129430","118129728","chr13","42186498","42186798","48","75942932"
"chr6","118187494","118187773","chr3","156857065","156857346","45","38669571"
"chr6","118234824","118235115","chr12","94463096","94463392","45","23771728"
"chr6","118249463","118249758","chr6","148752882","148753187","42","30503419"
"chr6","118285887","118286184","chr4","2534955","2535251","32","115750932"
"chr6","118346196","118346431","chr13","64464320","64464560","34","53881876"
"chr6","118346763","118346827","chr1","139881170","139881236","20","21534407"
"chr6","118354014","118354323","chr1","175314801","175315107","38","56960787"
"chr6","118374191","118374479","chr10","12554162","12554449","30","105820029"
"chr6","118375999","118376297","chr1","160132474","160132775","37","41756475"
"chr6","118378552","118378837","chr16","50279212","50279487","50","68099340"
"chr6","118457133","118457441","chr3","12603123","12603437","59","105854010"
"chr6","118472726","118473018","chr15","1988979","1989274","45","116483747"
"chr6","118515832","118515993","chr11","71648480","71648657","35","46867352"
"chr6","118522513","118522804","chr1","11366377","11366670","54","107156136"
"chr6","118537755","118538051","chr17","19374053","19374353","49","99163702"
"chr6","118551816","118552109","chr1","11366377","11366670","38","107185439"
"chr6","118561403","118561712","chr7","125954466","125954770","31","7393063"
"chr6","118564310","118564609","chr18","19257215","19257514","38","99307095"
"chr6","118587246","118587528","chr16","42947160","42947443","30","75640086"
"chr6","118587935","118588246","chr9","101100552","101100866","36","17487383"
"chr6","118672468","118672731","chrX","122712517","122712780","42","4040049"
"chr6","118710379","118710649","chrX","62082325","62082604","39","56628054"
"chr6","118717772","118718066","chr10","23559809","23560103","36","95157963"
"chr6","118732978","118733260","chr3","103259893","103260176","34","15473085"
"chr6","118745390","118745689","chr12","62741269","62741568","35","56004121"
"chr6","118770825","118771118","chr1","128477471","128477761","40","9706646"
"chr6","118807906","118808163","chr1","212042694","212042951","40","93234788"
"chr6","118844845","118845125","chr1","103257746","103258032","42","15587099"
"chr6","118854069","118854337","chr6","161525268","161525536","46","42671199"
"chr6","118877526","118877813","chr2","38884008","38884302","51","79993518"
"chr6","118883026","118883316","chr4","160599897","160600192","46","41716871"
"chr6","118885383","118885679","chr5","135892746","135893042","49","17007363"
"chr6","118889210","118889515","chr11","48997787","48998085","47","69891423"
"chr6","118920117","118920409","chr5","154585575","154585865","45","35665458"
"chr6","118922809","118923096","chr12","31837904","31838202","46","87084905"
"chr6","119015764","119016062","chr3","34969388","34969689","42","84046376"
"chr6","119022375","119022665","chr6","122082817","122083108","44","3060442"
"chr6","119031086","119031388","chr3","34969388","34969689","34","84061698"
"chr6","119051667","119051950","chr11","123468792","123469074","47","4417125"
"chr6","119064690","119064960","chr7","65273986","65274248","49","53790704"
"chr6","119081312","119081591","chr2","135177745","135178021","37","16096433"
"chr6","119093566","119093866","chr16","21958952","21959252","46","97134614"
"chr6","119104325","119104633","chr12","95160524","95160826","49","23943801"
"chr6","119106277","119106555","chrX","87140716","87140997","46","31965561"
"chr6","119108087","119108387","chrX","36019791","36020090","41","83088296"
"chr6","119108579","119108838","chr9","66292598","66292844","56","52815981"
"chr6","119115263","119115558","chr14","111877236","111877529","39","7238027"
"chr6","119129758","119130056","chr1","28053017","28053319","45","91076741"
"chr6","119130089","119130353","chr1","115404557","115404821","40","3725532"
"chr6","119163716","119163966","chr4","69040830","69041080","45","50122886"
"chr6","119167402","119167569","chr11","50101895","50102056","29","69065507"
"chr6","119173424","119173722","chr11","8138169","8138470","38","111035255"
"chr6","119248444","119248714","chr9","84610245","84610514","46","34638199"
"chr6","119267126","119267417","chr1","40659470","40659761","35","78607656"
"chr6","119278041","119278338","chrX","128569263","128569566","44","9291222"
"chr6","119290058","119290365","chrX","122095835","122096148","41","2805777"
"chr6","119324312","119324614","chr3","98190129","98190426","39","21134183"
"chr6","119325521","119325831","chr4","153602789","153603096","44","34277268"
"chr6","119339822","119340080","chrX","88088678","88088937","36","31251144"
"chr6","119375246","119375539","chr2","96826999","96827292","39","22548247"
"chr6","119376355","119376650","chr15","1988979","1989274","46","117387376"
"chr6","119380769","119381023","chr6","1541360","1541616","46","117839409"
"chr6","119381306","119381599","chr11","117547831","117548126","32","1833475"
"chr6","119457382","119457473","chr3","35447060","35447155","17","84010322"
"chr6","119461486","119461766","chr7","53343362","53343649","41","66118124"
"chr6","119543649","119543944","chr7","25060372","25060670","38","94483277"
"chr6","119580057","119580357","chrX","45487697","45487995","31","74092360"
"chr6","119591712","119591996","chr4","140485686","140485967","52","20893974"
"chr6","119626791","119627102","chrX","118514080","118514390","40","1112711"
"chr6","119898508","119898809","JH681151","3788","4084","46","119894720"
"chr6","119904441","119904741","chrX","1011707","1012008","45","118892734"
"chr6","119944118","119944361","chr14","63936002","63936248","45","56008116"
"chr6","120043425","120043737","chrX","19437458","19437770","36","100605967"
"chr6","120249093","120249382","chrX","112705567","112705858","60","7543526"
"chr6","120293703","120293964","chr4","79455473","79455733","35","40838230"
"chr6","120556528","120556796","chr11","7911759","7912023","61","112644769"
"chr6","120662331","120662622","chr3","45626371","45626668","39","75035960"
"chr6","120706051","120706346","chr13","32817425","32817728","35","87888626"
"chr6","120782398","120782730","chr11","58787709","58788034","43","61994689"
"chr6","120836861","120837158","chr6","142572268","142572563","38","21735407"
"chr6","120973039","120973349","chr1","128155382","128155688","45","7182343"
"chr6","120999403","120999688","chr12","51506718","51507001","40","69492685"
"chr6","121132554","121132853","chr3","46066285","46066580","36","75066269"
"chr6","121203374","121203663","chr17","23202455","23202744","34","98000919"
"chr6","121239103","121239405","chr2","106418670","106418975","33","14820433"
"chr6","121250696","121250980","chr2","137606000","137606284","41","16355304"
"chr6","121348081","121348390","chr18","51183412","51183721","34","70164669"
"chr6","121617528","121617825","chr1","219225924","219226223","37","97608396"
"chr6","121861126","121861402","chr15","94642685","94642959","53","27218441"
"chr6","121888064","121888359","chr1","208334209","208334505","44","86446145"
"chr6","121893179","121893475","chr1","45623411","45623699","36","76269768"
"chr6","121900807","121901093","chr7","151203849","151204133","41","29303042"
"chr6","121911229","121911515","chr7","133065043","133065330","35","11153814"
"chr6","121913297","121913432","chr18","24104552","24104687","17","97808745"
"chr6","121936202","121936496","chr7","124974541","124974834","39","3038339"
"chr6","121973052","121973348","chr15","35190462","35190761","36","86782590"
"chr6","122004394","122004686","chr3","169260164","169260459","42","47255770"
"chr6","122010977","122011254","chr3","60342878","60343154","45","61668099"
"chr6","122028855","122029137","chrX","128898114","128898399","37","6869259"
"chr6","122029138","122029410","chr7","120105838","120106111","52","1923300"
"chr6","122054981","122055268","chr1","211735408","211735702","43","89680427"
"chr6","122056775","122057046","chr7","80887200","80887469","37","41169575"
"chr6","122109027","122109321","chr11","106890418","106890709","46","15218609"
"chr6","122110691","122110992","chr16","23339562","23339859","46","98771129"
"chr6","122112209","122112502","chr1","11995969","11996267","42","110116240"
"chr6","122151708","122151984","chr2","23879717","23879987","39","98271991"
"chr6","122156400","122156704","chr4","125219652","125219950","43","3063252"
"chr6","122162881","122163175","chr3","83665612","83665903","44","38497269"
"chr6","122235215","122235508","chr12","33290039","33290333","31","88945176"
"chr6","122249024","122249317","chr12","33290039","33290333","31","88958985"
"chr6","122290316","122290576","chr19","28826996","28827265","50","93463320"
"chr6","122579403","122579705","chr6","124714488","124714790","32","2135085"
"chr6","122596954","122597245","chr14","88252008","88252300","41","34344946"
"chr6","122748521","122748813","chr2","52915073","52915368","45","69833448"
"chr6","122964283","122964570","chr9","7713596","7713889","40","115250687"
"chr6","123150927","123151219","chr13","106718197","106718493","41","16432730"
"chr6","123361140","123361435","chr7","25060372","25060670","42","98300768"
"chr6","123375240","123375544","chr3","43359844","43360154","51","80015396"
"chr6","123444834","123445134","chr3","110049029","110049327","30","13395805"
"chr6","123487531","123487826","chr6","55606851","55607147","34","67880680"
"chr6","123498003","123498282","chr16","64054855","64055135","41","59443148"
"chr6","123569674","123569951","chr19","32590740","32591017","52","90978934"
"chr6","123590905","123591173","chr15","21464395","21464674","64","102126510"
"chr6","123610903","123611139","chr1","14468200","14468440","33","109142703"
"chr6","123618603","123618901","chr5","79158515","79158797","55","44460088"
"chr6","123619181","123619467","chr7","18532501","18532788","43","105086680"
"chr6","123621076","123621356","chr10","37627251","37627528","44","85993825"
"chr6","123625351","123625640","chr3","48298408","48298697","41","75326943"
"chr6","123632279","123632556","chr6","152011620","152011903","47","28379341"
"chr6","123636804","123637120","chr10","50771654","50771964","47","72865150"
"chr6","123639679","123639974","chrX","28070009","28070301","39","95569670"
"chr6","123646603","123646734","chr7","117063691","117063831","36","6582912"
"chr6","123647484","123647604","chr1","103853132","103853251","21","19794352"
"chr6","123651642","123651940","chr10","46007696","46008002","40","77643946"
"chr6","123652416","123652737","chr10","26504544","26504849","47","97147872"
"chr6","123666402","123666727","chr11","40791675","40791991","47","82874727"
"chr6","123668405","123668696","chr15","78953274","78953566","43","44715131"
"chr6","123687170","123687450","chrX","91106612","91106893","44","32580558"
"chr6","123703133","123703435","chr4","19757773","19758068","44","103945360"
"chr6","123704398","123704527","chr7","148178713","148178841","22","24474315"
"chr6","123715805","123716100","chr2","46682521","46682821","38","77033284"
"chr6","123717201","123717486","chr13","19017988","19018284","47","104699213"
"chr6","123727205","123727504","chr1","52291560","52291858","32","71435645"
"chr6","123754752","123755045","chr17","27815793","27816090","42","95938959"
"chr6","123765099","123765376","chr3","13657117","13657396","35","110107982"
"chr6","123767116","123767407","chr4","82945647","82945940","39","40821469"
"chr6","123770714","123771012","chr10","61788742","61789036","40","61981972"
"chr6","123784306","123784592","chr1","185903042","185903338","46","62118736"
"chr6","123800745","123801031","chr10","87129663","87129949","39","36671082"
"chr6","123940214","123940507","chr3","45626371","45626668","35","78313843"
"chr6","123992750","123992991","chr7","24936105","24936346","35","99056645"
"chr6","124005517","124005730","chrX","62997434","62997645","27","61008083"
"chr6","124006057","124006121","chr16","38161731","38161797","12","85844326"
"chr6","124008387","124008675","chr7","133065043","133065330","36","9056656"
"chr6","124019239","124019534","chr7","79757540","79757836","33","44261699"
"chr6","124020989","124021298","chr4","32648321","32648629","43","91372668"
"chr6","124029293","124029571","chr4","21639394","21639688","48","102389899"
"chr6","124098565","124098655","chr1","140851347","140851436","10","16752782"
"chr6","124106906","124107205","chr12","69541642","69541940","40","54565264"
"chr6","124140545","124140862","chr16","44864469","44864782","41","79276076"
"chr6","124145277","124145586","chr9","49904912","49905219","38","74240365"
"chr6","124158199","124158498","chr13","32817425","32817728","31","91340774"
"chr6","124181388","124181695","chr16","7996956","7997261","42","116184432"
"chr6","124271599","124271889","chr19","37605371","37605662","33","86666228"
"chr6","124558962","124559269","chr20","26593096","26593395","48","97965866"
"chr6","124683950","124684244","chr6","56451711","56452003","34","68232239"
"chr6","124783397","124783676","chr11","12513096","12513383","51","112270301"
"chr6","125253073","125253371","chrX","38693016","38693309","43","86560057"
"chr6","125413584","125413888","chr15","92368829","92369125","80","33044755"
"chr6","125525477","125525776","chr14","7830508","7830805","39","117694969"
"chr6","125666132","125666367","chr9","43536784","43537018","45","82129348"
"chr6","125720622","125720921","chr7","76889431","76889730","33","48831191"
"chr6","125747804","125748107","chr10","46007696","46008002","43","79740108"
"chr6","125750756","125751049","chr9","37613139","37613425","45","88137617"
"chr6","125773666","125773968","chr2","46682521","46682821","34","79091145"
"chr6","126060151","126060335","chr15","22365872","22366057","29","103694279"
"chr6","126071621","126071887","chr9","55834700","55834971","47","70236921"
"chr6","126165108","126165406","chr13","32817425","32817728","34","93347683"
"chr6","126197566","126197859","chr1","94365322","94365615","38","31832244"
"chr6","126221924","126222213","JH682036","358126","358421","39","125863798"
"chr6","126263297","126263575","chr20","30927517","30927809","50","95335780"
"chr6","126352086","126352374","chr10","62315260","62315548","45","64036826"
"chr6","126354200","126354540","chr4","18420935","18421274","70","107933265"
"chr6","126479322","126479608","chr15","21050720","21051007","41","105428602"
"chr6","126488615","126488929","chr8","79495865","79496163","53","46992750"
"chr6","126515191","126515485","chr18","54954890","54955184","40","71560301"
"chr6","126534267","126534520","chr1","157715263","157715514","45","31180996"
"chr6","126539846","126539942","chr4","123463679","123463771","11","3076167"
"chr6","126563817","126564112","chr18","48176114","48176407","38","78387703"
"chr6","126566077","126566383","chr9","84391388","84391695","44","42174689"
"chr6","126692340","126692641","chr2","46682521","46682821","33","80009819"
"chr6","126693111","126693417","chr1","18204033","18204340","49","108489078"
"chr6","126936301","126936614","chr11","39454827","39455131","48","87481474"
"chr6","127263047","127263350","chr7","77029098","77029406","38","50233949"
"chr6","127505409","127505487","chr13","125454879","125454959","18","2050530"
"chr6","127559478","127559744","chr11","7911759","7912023","39","119647719"
"chr6","127613203","127613514","chr13","93587324","93587632","43","34025879"
"chr6","127708535","127708811","chr11","44329228","44329505","46","83379307"
"chr6","127739527","127739827","chr13","32817425","32817728","34","94922102"
"chr6","127797467","127797772","chr1","216020767","216021074","49","88223300"
"chr6","127826042","127826328","chr16","18796729","18797022","39","109029313"
"chr6","127831718","127832008","chr9","34818668","34818959","43","93013050"
"chr6","127882974","127883281","chr1","7993999","7994304","42","119888975"
"chr6","128009793","128010089","chr1","94365322","94365615","45","33644471"
"chr6","128015530","128015791","chrX","107855721","107855986","45","20159809"
"chr6","128028034","128028273","chr13","36012746","36012995","44","92015288"
"chr6","128036751","128037073","chr15","84668435","84668743","56","43368316"
"chr6","128058281","128058581","chr1","11940593","11940894","40","116117688"
"chr6","128097136","128097371","chr10","85305068","85305322","62","42792068"
"chr6","128139125","128139240","chr18","33375109","33375226","23","94764016"
"chr6","128156067","128156380","chr12","20406534","20406859","52","107749533"
"chr6","128445254","128445546","chr7","107449701","107449997","43","20995553"
"chr6","128612687","128612984","chr7","36644864","36645163","42","91967823"
"chr6","128935275","128935565","chr10","62315260","62315548","35","66620015"
"chr6","129432363","129432649","chr20","69383615","69383902","35","60048748"
"chr6","129618268","129618568","chr19","12690725","12691027","41","116927543"
"chr6","129663796","129664101","chr1","41758868","41759176","54","87904928"
"chr6","129678674","129678981","chr13","32817425","32817728","34","96861249"
"chr6","129746745","129747009","chr20","8871219","8871485","36","120875526"
"chr6","129818532","129818747","chr5","118666113","118666328","36","11152419"
"chr6","129833970","129834257","chr15","95926887","95927178","37","33907083"
"chr6","130089032","130089141","chr18","33375109","33375226","21","96713923"
"chr6","130089578","130089746","chr19","49895550","49895720","37","80194028"
"chr6","130130586","130130896","chr19","5271393","5271715","48","124859193"
"chr6","130192910","130193208","chr11","59744208","59744500","33","70448702"
"chr6","130212841","130213137","chr5","46114330","46114640","54","84098511"
"chr6","130504832","130505125","chr19","39103625","39103923","52","91401207"
"chr6","130553911","130554198","chr1","30732385","30732672","50","99821526"
"chr6","130595935","130596229","chr8","25582102","25582396","33","105013833"
"chr6","130609305","130609609","chr2","147203347","147203651","42","16594042"
"chr6","130685787","130686064","chr13","26338117","26338407","65","104347670"
"chr6","130782346","130782633","chr17","83808601","83808892","46","46973745"
"chr6","130943865","130944160","chr10","78793021","78793318","29","52150844"
"chr6","131001376","131001665","chr15","41303117","41303404","48","89698259"
"chr6","131021760","131022059","chr11","112980869","112981164","36","18040891"
"chr6","131138307","131138611","chr1","7993999","7994304","40","123144308"
"chr6","131170639","131170943","chr9","61900736","61901039","27","69269903"
"chr6","131206988","131207290","chr6","120492723","120493023","39","10714265"
"chr6","131208306","131208643","chrX","82229190","82229524","53","48979116"
"chr6","131242287","131242586","chr7","30998788","30999083","40","100243499"
"chr6","131289539","131289841","chr7","131334219","131334518","39","44680"
"chr6","131312354","131312664","chr13","61132328","61132637","39","70180026"
"chr6","131324030","131324327","chr18","29686031","29686328","43","101637999"
"chr6","131334868","131335169","chr7","16206849","16207148","38","115128019"
"chr6","131436194","131436498","chr6","124714488","124714790","39","6721706"
"chr6","131478477","131478730","chr7","130654165","130654431","60","824312"
"chr6","131500971","131501256","chr7","116541236","116541527","43","14959735"
"chr6","131558647","131558950","chr1","20012770","20013073","34","111545877"
"chr6","131600223","131600508","chr16","3687263","3687550","47","127912960"
"chr6","131608307","131608610","chr1","124050585","124050888","44","7557722"
"chr6","131629597","131629876","chr5","79158515","79158797","38","52471082"
"chr6","131641520","131641819","chr13","32817425","32817728","35","98824095"
"chr6","131659917","131660233","chr3","38447004","38447303","68","93212913"
"chr6","131666209","131666507","chr2","38884008","38884302","36","92782201"
"chr6","131668731","131669037","chr1","124984061","124984370","47","6684670"
"chr6","131691442","131691734","chr15","7561500","7561795","35","124129942"
"chr6","131692202","131692508","chr13","85910338","85910643","32","45781864"
"chr6","131700166","131700466","chrX","76190587","76190885","43","55509579"
"chr6","131745170","131745468","chr3","110049029","110049327","37","21696141"
"chr6","131782431","131782729","chr19","3064712","3065012","34","128717719"
"chr6","131782991","131783303","chr1","83385711","83386020","47","48397280"
"chr6","131927906","131928208","chr1","208495775","208496077","42","76567869"
"chr6","132000401","132000676","chr8","62758903","62759179","40","69241498"
"chr6","132072977","132073266","chr3","26409691","26409983","36","105663286"
"chr6","132194817","132195131","chr7","132934009","132934320","39","739192"
"chr6","132223705","132224009","chr10","32514528","32514825","47","99709177"
"chr6","132289036","132289299","chr7","130654165","130654431","35","1634871"
"chr6","132387782","132388081","chr1","128477471","128477761","45","3910311"
"chr6","132388269","132388578","chr11","101334321","101334626","40","31053948"
"chr6","132407529","132407824","chr1","206447940","206448229","47","74040411"
"chr6","132420028","132420337","chr17","8929510","8929818","46","123490518"
"chr6","132422268","132422556","chr3","103398952","103399243","39","29023316"
"chr6","132436851","132437148","chr1","946135","946434","43","131490716"
"chr6","132470170","132470471","chr11","4016647","4016949","33","128453523"
"chr6","132477718","132478018","chrX","68552000","68552299","36","63925718"
"chr6","132507358","132507661","chr7","16206849","16207148","46","116300509"
"chr6","132539908","132540209","chr4","30081251","30081550","42","102458657"
"chr6","132616350","132616658","chr6","16697883","16698181","49","115918467"
"chr6","132618096","132618396","chr1","194910525","194910833","40","62292429"
"chr6","132642145","132642439","chr1","19736141","19736436","38","112906004"
"chr6","132759739","132760022","chr7","18532501","18532788","40","114227238"
"chr6","132772753","132773049","chr3","33506835","33507132","35","99265918"
"chr6","132801575","132801866","chrX","38680797","38681088","45","94120778"
"chr6","132809072","132809379","chr13","38352863","38353165","46","94456209"
"chr6","132915367","132915641","chr15","78590602","78590883","45","54324765"
"chr6","132922619","132922915","chr1","124250793","124251086","32","8671826"
"chr6","132950288","132950595","chr10","90780511","90780814","42","42169777"
"chr6","132971499","132971791","chr11","114923633","114923926","41","18047866"
"chr6","132973759","132974071","chr19","30662188","30662498","36","102311571"
"chr6","133038874","133039164","chr7","18741876","18742175","42","114296998"
"chr6","133061364","133061668","chr11","128830974","128831281","59","4230390"
"chr6","133062512","133062784","chr2","104378878","104379150","35","28683634"
"chr6","133071577","133071884","chr6","124714488","124714790","37","8357089"
"chr6","133077520","133077811","chr19","31216109","31216397","33","101861411"
"chr6","133103276","133103569","chr11","114923633","114923926","44","18179643"
"chr6","133319161","133319456","chr19","45011971","45012271","49","88307190"
"chr6","133392466","133392754","chr1","44728040","44728327","44","88664426"
"chr6","133397243","133397530","chr11","44692287","44692577","51","88704956"
"chr6","133561718","133562004","chr3","75155573","75155858","42","58406145"
"chr6","133980273","133980559","chr14","112793064","112793355","38","21187209"
"chr6","133989593","133989897","chr15","36493056","36493358","43","97496537"
"chr6","134002735","134003036","chr1","185101023","185101330","50","51098288"
"chr6","134440025","134440324","chr4","30246614","30246914","37","104193411"
"chr6","134466194","134466491","chr10","82945265","82945562","37","51520929"
"chr6","134498985","134499278","chr9","7025626","7025918","36","127473359"
"chr6","134515371","134515676","chr7","77029098","77029406","43","57486273"
"chr6","134521862","134522130","chr2","155636216","155636491","45","21114354"
"chr6","134545417","134545594","chr8","98675375","98675543","33","35870042"
"chr6","134611315","134611594","chr8","69745254","69745541","53","64866061"
"chr6","134616756","134617047","chr6","126641819","126642115","46","7974937"
"chr6","134664716","134665020","chr1","152528606","152528911","62","17863890"
"chr6","134671200","134671427","chr13","71017466","71017686","31","63653734"
"chr6","134691388","134691689","chr4","101558698","101559007","42","33132690"
"chr6","134730924","134731217","chr10","36135529","36135827","46","98595395"
"chr6","134738809","134739108","chrX","19170165","19170464","45","115568644"
"chr6","134800258","134800552","chr1","159897609","159897902","40","25097351"
"chr6","134813308","134813625","chrX","46916777","46917073","69","87896531"
"chr6","134839731","134840027","chr14","57134784","57135076","42","77704947"
"chr6","134844479","134844786","chr2","186451766","186452061","47","51607287"
"chr6","134852860","134853153","chr12","89381664","89381963","38","45471196"
"chr6","134942783","134943043","chr1","212042694","212042951","40","77099911"
"chr6","134969415","134969708","chr3","34969388","34969689","49","100000027"
"chr6","134978994","134979080","chr7","87318081","87318162","15","47660913"
"chr6","134983030","134983332","chr14","63716116","63716415","34","71266914"
"chr6","134990123","134990414","chr15","78953274","78953566","48","56036849"
"chr6","134995008","134995300","chr3","14033237","14033531","38","120961771"
"chr6","135008217","135008508","chr16","64244965","64245254","37","70763252"
"chr6","135060259","135060513","chr11","7911759","7912023","48","127148500"
"chr6","135079802","135080081","chr4","102263344","102263623","36","32816458"
"chr6","135100734","135101004","chr4","155097910","155098188","50","19997176"
"chr6","135114197","135114508","chr1","123829563","123829868","42","11284634"
"chr6","135116319","135116613","chrX","125063482","125063775","37","10052837"
"chr6","135133265","135133564","chr2","82586920","82587221","47","52546345"
"chr6","135187090","135187390","chr7","158562964","158563263","36","23375874"
"chr6","135304973","135305268","chr1","124250793","124251086","43","11054180"
"chr6","135322492","135322796","chr1","152625689","152625995","43","17303197"
"chr6","135437792","135438077","chrX","45987544","45987822","44","89450248"
"chr6","135505375","135505664","chr10","36399480","36399772","45","99105895"
"chr6","135512241","135512528","chr7","121587178","121587464","49","13925063"
"chr6","135538043","135538235","chr10","64082869","64083044","34","71455174"
"chr6","135541401","135541695","chr3","46066285","46066580","40","89475116"
"chr6","135560782","135561083","chr12","32096686","32096984","40","103464096"
"chr6","135573161","135573452","chr10","76508131","76508425","44","59065030"
"chr6","135665982","135666244","chrX","122712517","122712780","32","12953465"
"chr6","135674629","135674916","chr16","56231923","56232210","42","79442706"
"chr6","135680535","135680787","chr2","106270969","106271223","39","29409566"
"chr6","135682607","135682924","chr1","57048138","57048448","50","78634469"
"chr6","135707013","135707311","chr2","185084723","185085016","37","49377710"
"chr6","135708700","135708984","chr9","92292916","92293201","34","43415784"
"chr6","135771400","135771707","chr10","81279911","81280220","45","54491489"
"chr6","135806008","135806294","chr9","23375918","23376206","43","112430090"
"chr6","135808350","135808642","chr6","52480201","52480494","40","83328149"
"chr6","135816295","135816599","chr2","167667238","167667538","43","31850943"
"chr6","135819143","135819449","chr3","42609670","42609971","38","93209473"
"chr6","135821175","135821508","chrX","122095835","122096148","53","13725340"
"chr6","135830548","135830846","chr3","63632269","63632570","37","72198279"
"chr6","135887319","135887615","chr6","142572268","142572563","33","6684949"
"chr6","135943212","135943505","chr11","130887266","130887559","31","5055946"
"chr6","135978351","135978651","chr19","14076239","14076542","32","121902112"
"chr6","135994132","135994369","chr8","62834652","62834885","43","73159480"
"chr6","136010870","136011161","chr6","57093643","57093937","35","78917227"
"chr6","136028288","136028588","chrX","20846410","20846706","35","115181878"
"chr6","136083526","136083816","chr7","133065043","133065330","33","3018483"
"chr6","136187411","136187698","chr16","67682465","67682754","43","68504946"
"chr6","136265628","136265728","chr20","28898916","28899015","23","107366712"
"chr6","136267687","136267770","chr20","24154697","24154783","19","112112990"
"chr6","136575378","136575668","chr4","109156693","109156986","38","27418685"
"chr6","136580390","136580694","chr1","31126706","31127002","53","105453684"
"chr6","136759578","136759865","chr15","24580072","24580360","36","112179506"
"chr6","137011740","137012024","chr1","129877213","129877510","51","7134527"
"chr6","137115462","137115772","chr8","121505496","121505808","42","15609966"
"chr6","137178547","137178836","chr9","79342653","79342946","40","57835894"
"chr6","137428782","137429083","chr13","32817425","32817728","34","104611357"
"chr6","137486977","137487269","chr6","142572268","142572563","38","5085291"
"chr6","137548272","137548508","chr1","69123291","69123524","49","68424981"
"chr6","137617660","137617981","chr4","27305802","27306107","58","110311858"
"chr6","137646079","137646358","chr20","22742871","22743155","38","114903208"
"chr6","137808372","137808655","chr13","84381294","84381588","50","53427078"
"chr6","137901979","137902282","chr1","13865146","13865450","47","124036833"
"chr6","137961101","137961425","chr16","11126268","11126568","56","126834833"
"chr6","137964258","137964559","chr16","11126268","11126568","44","126837990"
"chr6","138005208","138005512","chr1","203640822","203641120","42","65635614"
"chr6","138182190","138182498","chr13","29920876","29921187","46","108261314"
"chr6","138184209","138184506","chr20","51745649","51745944","32","86438560"
"chr6","138204307","138204595","chr3","152822996","152823281","42","14618689"
"chr6","138411430","138411733","chr9","61749418","61749718","41","76662012"
"chr6","138431300","138431604","chr3","69228301","69228608","44","69202999"
"chr6","138434406","138434708","chr1","20321278","20321579","50","118113128"
"chr6","138458832","138459097","chr5","162143227","162143492","36","23684395"
"chr6","138490290","138490585","chr5","86238609","86238898","34","52251681"
"chr6","138617049","138617350","chr14","111877236","111877529","53","26739813"
"chr6","138629157","138629454","chr2","89804824","89805123","38","48824333"
"chr6","138629720","138629899","chr15","105997448","105997622","42","32632272"
"chr6","138630643","138630697","chr6","49281215","49281267","8","89349428"
"chr6","138765252","138765544","chr1","124250793","124251086","35","14514459"
"chr6","138861288","138861584","chr9","36433182","36433480","34","102428106"
"chr6","139005253","139005529","chr7","64860856","64861140","36","74144397"
"chr6","139028920","139029231","chr2","83271537","83271849","35","55757383"
"chr6","139088826","139089126","chr17","5494384","5494685","36","133594442"
"chr6","139163142","139163394","chr11","98301504","98301776","53","40861638"
"chr6","139174390","139174676","chrX","16426045","16426331","47","122748345"
"chr6","139176509","139176808","chr12","84577848","84578146","50","54598661"
"chr6","139205586","139205894","chr14","33150976","33151284","43","106054610"
"chr6","139233883","139234188","chr7","16206849","16207148","45","123027034"
"chr6","139265305","139265599","chr11","59744208","59744500","34","79521097"
"chr6","139271305","139271567","chrX","46395488","46395763","61","92875817"
"chr6","139281759","139282049","chr10","62315260","62315548","42","76966499"
"chr6","139292648","139292947","chr14","58065921","58066220","51","81226727"
"chr6","139295325","139295632","chr12","84700107","84700427","57","54595218"
"chr6","139295633","139295930","chr2","135608752","135609046","36","3686881"
"chr6","139348349","139348642","chr7","90971726","90972022","36","48376623"
"chr6","139357650","139357894","chr3","44476893","44477138","38","94880757"
"chr6","139363961","139364257","chr2","55010925","55011223","39","84353036"
"chr6","139395516","139395822","chr6","128110448","128110754","40","11285068"
"chr6","139397845","139398125","chr6","51475431","51475711","40","87922414"
"chr6","139467201","139467416","chr7","121329046","121329267","26","18138155"
"chr6","139535201","139535485","chr10","62315260","62315548","35","77219941"
"chr6","139569797","139570078","chr19","7821204","7821487","38","131748593"
"chr6","139576214","139576496","chr20","49701084","49701366","38","89875130"
"chr6","139603872","139604166","chr3","169260164","169260459","33","29656292"
"chr6","139719959","139720251","chr7","116541236","116541527","40","23178723"
"chr6","139748072","139748371","chr2","26314517","26314821","42","113433555"
"chr6","139770756","139771048","chr1","45623411","45623699","44","94147345"
"chr6","139779108","139779420","chr7","73560013","73560323","32","66219095"
"chr6","139841868","139842167","chr11","92663140","92663435","42","47178728"
"chr6","139938741","139939045","chr3","164913166","164913461","40","24974425"
"chr6","139944361","139944431","chr7","15720162","15720230","15","124224199"
"chr6","140171156","140171426","chr11","95257281","95257563","59","44913875"
"chr6","140184874","140185194","chr14","111209333","111209655","45","28975541"
"chr6","140203588","140203877","chr3","41188591","41188879","43","99014997"
"chr6","140209249","140209468","chr6","142429991","142430206","32","2220742"
"chr6","140217683","140217978","chr1","31509198","31509484","50","108708485"
"chr6","140223432","140223750","chr19","17753335","17753638","60","122470097"
"chr6","140227329","140227490","chr8","81051177","81051337","24","59176152"
"chr6","140264618","140264915","chr1","152909746","152910050","42","12645128"
"chr6","140265493","140265791","chr2","136790114","136790409","42","3475379"
"chr6","140286041","140286340","JH682036","358126","358421","40","139927915"
"chr6","140304256","140304563","chr10","9719546","9719855","41","130584710"
"chr6","140308330","140308609","chr2","165757823","165758089","44","25449493"
"chr6","140319189","140319452","chr10","78353356","78353619","54","61965833"
"chr6","140329806","140330112","chr15","3441108","3441410","35","136888698"
"chr6","140341161","140341410","chr7","123386234","123386495","56","16954927"
"chr6","140345660","140345954","chrX","127952408","127952701","36","12393252"
"chr6","140374875","140375171","chr15","9873078","9873375","44","130501797"
"chr6","140380144","140380412","chr3","172748138","172748416","47","32367994"
"chr6","140393829","140394129","chr1","52291560","52291858","44","88102269"
"chr6","140396458","140396764","chr14","30842186","30842487","45","109554272"
"chr6","140415498","140415795","chr8","37167222","37167520","39","103248276"
"chr6","140441019","140441314","chr4","103431771","103432066","33","37009248"
"chr6","140446540","140446819","chr2","183911446","183911726","45","43464906"
"chr6","140529638","140529931","chr3","160772561","160772858","33","20242923"
"chr6","140604474","140604766","chr1","42476755","42477044","38","98127719"
"chr6","140619585","140619888","chr2","46682521","46682821","35","93937064"
"chr6","140699944","140700263","chrX","90934692","90935009","46","49765252"
"chr6","140761558","140761666","chr16","46214697","46214803","18","94546861"
"chr6","140762122","140762224","chr8","62645473","62645572","15","78116649"
"chr6","140854057","140854357","chr1","127833040","127833336","47","13021017"
"chr6","140989443","140989742","chr11","59744208","59744500","35","81245235"
"chr6","141137957","141138175","chr5","120353828","120354045","48","20784129"
"chr6","141146601","141146902","chr15","48151534","48151833","39","92995067"
"chr6","141166023","141166324","chr3","127836231","127836530","41","13329792"
"chr6","141181985","141182290","chr2","114227807","114228107","45","26954178"
"chr6","141194956","141195263","chr3","55877612","55877917","36","85317344"
"chr6","141218990","141219294","chr5","171657301","171657602","51","30438311"
"chr6","141231573","141231879","chr3","34969388","34969689","42","106262185"
"chr6","141292457","141292748","chr7","151681977","151682272","46","10389520"
"chr6","141314202","141314499","chr15","21416937","21417235","35","119897265"
"chr6","141351256","141351550","chr13","60024122","60024411","38","81327134"
"chr6","141357542","141357809","chr1","163301634","163301903","53","21944092"
"chr6","141406583","141406871","chr1","15291446","15291730","59","126115137"
"chr6","141439563","141439840","chr2","28624536","28624818","43","112815027"
"chr6","141551966","141552265","chr3","45626371","45626668","31","95925595"
"chr6","141552838","141552931","chr18","36196636","36196732","19","105356202"
"chr6","141558028","141558304","chr5","34504261","34504542","51","107053767"
"chr6","141585473","141585722","chr7","33727430","33727671","50","107858043"
"chr6","141585908","141586192","chr10","35692021","35692319","47","105893887"
"chr6","141671196","141671511","chr19","33269032","33269342","49","108402164"
"chr6","141798008","141798287","chr7","80887200","80887469","54","60910808"
"chr6","141835054","141835359","chr1","124050585","124050888","33","17784469"
"chr6","141838265","141838520","chr4","79455473","79455733","33","62382792"
"chr6","141839469","141839561","chr9","81123976","81124068","17","60715493"
"chr6","141839875","141839958","chr1","122935788","122935857","26","18904087"
"chr6","141990256","141990527","chr1","202707884","202708154","44","60717628"
"chr6","142075947","142076207","chr9","24560211","24560475","38","117515736"
"chr6","142118020","142118328","chr12","83397023","83397331","34","58720997"
"chr6","142122288","142122575","chr4","20045092","20045381","57","122077196"
"chr6","142151857","142152161","chr1","219225924","219226223","41","77074067"
"chr6","142161053","142161348","chr19","13251889","13252177","56","128909164"
"chr6","142350286","142350499","chr12","91954166","91954387","49","50396120"
"chr6","142510473","142510648","chr5","139578027","139578202","31","2932446"
"chr6","142529966","142530258","chr19","28967572","28967864","37","113562394"
"chr6","142538814","142539107","chr10","27735809","27736105","45","114803005"
"chr6","142554876","142555174","chr6","126641819","126642115","42","15913057"
"chr6","142590078","142590387","chr15","42637751","42638054","45","99952327"
"chr6","142600597","142600896","chr16","66033560","66033858","72","76567037"
"chr6","142621589","142621885","chr2","46682521","46682821","42","95939068"
"chr6","142710754","142711026","chr2","155636216","155636491","39","12925462"
"chr6","142731477","142731767","chr1","123513621","123513907","44","19217856"
"chr6","142774452","142774741","chr4","11940361","11940653","56","130834091"
"chr6","143010361","143010670","chr15","104312349","104312651","42","38698012"
"chr6","143073224","143073473","chr1","17408928","17409169","42","125664296"
"chr6","143079984","143080249","chr7","145607147","145607409","57","2527163"
"chr6","143185620","143185910","chr11","59744208","59744500","36","83441412"
"chr6","143207439","143207737","chr6","143561531","143561830","33","354092"
"chr6","143271873","143272153","chr1","124377384","124377676","46","18894489"
"chr6","143295836","143296135","chrX","141186576","141186868","46","2109260"
"chr6","143367329","143367622","chr3","44207119","44207413","40","99160210"
"chr6","143373223","143373525","chr5","2577333","2577630","47","140795890"
"chr6","143420379","143420684","chr1","20012770","20013073","47","123407609"
"chr6","143583365","143583644","chr10","37627251","37627528","42","105956114"
"chr6","143607747","143608035","chr7","90971726","90972022","38","52636021"
"chr6","143610230","143610516","chr6","73406565","73406852","47","70203665"
"chr6","143620160","143620461","chr9","102157988","102158284","36","41462172"
"chr6","143628484","143628777","chr11","59744208","59744500","35","83884276"
"chr6","143633935","143634232","chr14","122909160","122909453","44","20724775"
"chr6","143660451","143660759","chr2","39329636","39329937","42","104330815"
"chr6","143730367","143730653","chr6","37807253","37807537","46","105923114"
"chr6","143743739","143744027","chr1","129199003","129199293","41","14544736"
"chr6","143760045","143760345","chr11","53078617","53078919","42","90681428"
"chr6","143844880","143845179","chr7","54416006","54416293","51","89428874"
"chr6","143868000","143868303","chr1","7993999","7994304","44","135874001"
"chr6","143879642","143879951","chr1","18204033","18204340","35","125675609"
"chr6","143896296","143896344","chr14","107854283","107854331","11","36042013"
"chr6","143896487","143896687","chrX","125209340","125209537","30","18687147"
"chr6","143912633","143912895","chrX","88088678","88088937","34","55823955"
"chr6","143925951","143926229","chrX","93015735","93016019","43","50910216"
"chr6","143952000","143952303","chr10","5565357","5565660","41","138386643"
"chr6","143953878","143954191","chr2","47452536","47452831","62","96501342"
"chr6","143955869","143956180","chrX","104518395","104518700","38","39437474"
"chr6","143959508","143959766","chr6","52055223","52055480","53","91904285"
"chr6","143967884","143968180","chr4","103456160","103456455","42","40511724"
"chr6","143980766","143981077","chr9","97828622","97828929","51","46152144"
"chr6","144035545","144035847","chr10","59405325","59405624","39","84630220"
"chr6","144095314","144095600","chr19","48620293","48620583","35","95475021"
"chr6","144107509","144107774","chr8","14237621","14237892","51","129869888"
"chr6","144143920","144144221","chr12","34602886","34603184","33","109541034"
"chr6","144196737","144197048","chr8","43871928","43872251","67","100324809"
"chr6","144224659","144224963","chr2","50402806","50403111","40","93821853"
"chr6","144268107","144268417","chr3","12603123","12603437","38","131664984"
"chr6","144302844","144303101","chr12","21913995","21914257","44","122388849"
"chr6","144305533","144305838","chr18","30948386","30948697","47","113357147"
"chr6","144331245","144331532","chrX","37739475","37739771","41","106591770"
"chr6","144358348","144358638","chr9","57318157","57318448","43","87040191"
"chr6","144361475","144361679","chr7","155860210","155860412","24","11498735"
"chr6","144362416","144362753","chr10","16744931","16745269","103","127617485"
"chr6","144369450","144369593","chr20","2251964","2252111","25","142117486"
"chr6","144414270","144414570","chr11","104267729","104268018","56","40146541"
"chr6","144491998","144492306","chr6","124714488","124714790","42","19777510"
"chr6","144579930","144580189","chrX","105425938","105426197","35","39153992"
"chr6","144614308","144614607","chr7","130087848","130088142","45","14526460"
"chr6","144666084","144666365","chr14","61707554","61707836","54","82958530"
"chr6","144677868","144678172","chr7","43187169","43187479","46","101490699"
"chr6","144688287","144688566","chr16","1419036","1419322","42","143269251"
"chr6","144695229","144695532","chr1","44275417","44275723","52","100419812"
"chr6","144799203","144799505","chr9","25603269","25603573","38","119195934"
"chr6","144801547","144801841","chr16","50298577","50298876","45","94502970"
"chr6","144804676","144804955","chr11","104543888","104544165","45","40260788"
"chr6","144886954","144887265","chr1","140916805","140917112","54","3970149"
"chr6","144915038","144915359","chr11","13691517","13691834","45","131223521"
"chr6","145010912","145011217","chr4","146940122","146940426","46","1929210"
"chr6","145077040","145077297","chr6","120498617","120498871","47","24578423"
"chr6","145081739","145082034","chr7","16206849","16207148","35","128874890"
"chr6","145107330","145107635","chr11","25987448","25987755","54","119119882"
"chr6","145142165","145142466","chr14","52593998","52594298","45","92548167"
"chr6","145147037","145147329","chr9","7025626","7025918","35","138121411"
"chr6","145162839","145162951","chr4","53194623","53194735","14","91968216"
"chr6","145209083","145209371","chr11","48999226","48999522","46","96209857"
"chr6","145244181","145244485","chr1","128155382","128155688","30","17088799"
"chr6","145286373","145286676","chr11","10098018","10098319","39","135188355"
"chr6","145425781","145426054","chr10","37627251","37627528","46","107798530"
"chr6","145457588","145457893","chr16","37830553","37830853","34","107627035"
"chr6","145612307","145612613","chr13","32817425","32817728","39","112794882"
"chr6","145614668","145614975","chr8","77571193","77571492","48","68043475"
"chr6","145727637","145727939","chr11","4016647","4016949","33","141710990"
"chr6","145758810","145759119","chr14","5934954","5935260","44","139823856"
"chr6","145853343","145853649","chr4","3145119","3145426","45","142708224"
"chr6","145898733","145899028","chr3","110049029","110049327","32","35849704"
"chr6","145919220","145919514","chr11","92705019","92705312","49","53214201"
"chr6","145983539","145983808","chr3","160601395","160601671","47","14617856"
"chr6","146068675","146068967","chr10","29691322","29691619","45","116377353"
"chr6","146104331","146104620","chr1","196693141","196693428","49","50588810"
"chr6","146221636","146221924","chr1","85129851","85130148","34","61091785"
"chr6","146222790","146223092","chr1","195161491","195161794","43","48938701"
"chr6","146293714","146293992","chr8","1577400","1577677","50","144716314"
"chr6","146312971","146313259","chr5","86238609","86238898","47","60074362"
"chr6","146326790","146327041","chr20","21214525","21214775","47","125112265"
"chr6","146417514","146417800","chr16","63970264","63970553","41","82447250"
"chr6","146423669","146423975","chr14","5934954","5935260","41","140488715"
"chr6","146433061","146433344","chr1","162486669","162486944","51","16053608"
"chr6","146438061","146438318","chr14","114184730","114184983","46","32253331"
"chr6","146439103","146439411","chr8","31319768","31320071","43","115119335"
"chr6","146483344","146483632","chr12","98300764","98301051","36","48182580"
"chr6","146492549","146492847","chr4","69347489","69347789","46","77145060"
"chr6","146511452","146511733","chr8","70343541","70343824","52","76167911"
"chr6","146522977","146523280","chr4","3145119","3145426","39","143377858"
"chr6","146526560","146526843","chr16","1419036","1419322","37","145107524"
"chr6","146527239","146527534","chr4","32871781","32872078","44","113655458"
"chr6","146848744","146848979","chr14","44901168","44901397","42","101947576"
"chr6","146849652","146849728","chr1","158208662","158208738","11","11359010"
"chr6","146864496","146864724","chr20","68379890","68380123","38","78484606"
"chr6","146935192","146935487","chr7","90971726","90972022","37","55963466"
"chr6","147013014","147013295","chr19","7363271","7363562","49","139649743"
"chr6","147045143","147045448","chr11","93956303","93956606","45","53088840"
"chr6","147065046","147065341","chr6","103002074","103002374","40","44062972"
"chr6","147093617","147093925","chr1","54448544","54448853","33","92645073"
"chr6","147109189","147109360","chr2","149543187","149543361","25","2433998"
"chr6","147109363","147109647","chr12","93625017","93625302","36","53484346"
"chr6","147114334","147114634","chr4","109455929","109456229","42","37658405"
"chr6","147172549","147172857","chrX","108265263","108265568","60","38907286"
"chr6","147192900","147193166","chr7","25066517","25066778","45","122126383"
"chr6","147225286","147225558","chr15","34667812","34668080","43","112557474"
"chr6","147293637","147293934","chr1","94365322","94365615","38","52928315"
"chr6","147337413","147337713","chr18","48465782","48466081","34","98871631"
"chr6","147387025","147387317","chr1","12498948","12499258","35","134888077"
"chr6","147418705","147418993","chr1","27049382","27049672","41","120369323"
"chr6","147441998","147442288","chr10","62315260","62315548","38","85126738"
"chr6","147500425","147500738","chr16","10710573","10710882","51","136789852"
"chr6","147537490","147537776","chr20","4922509","4922797","36","142614981"
"chr6","147539115","147539436","chr7","54988790","54989094","54","92550325"
"chr6","147544426","147544738","chr6","127875365","127875677","42","19669061"
"chr6","147587863","147588159","chr2","66182928","66183228","50","81404935"
"chr6","147593270","147593580","chr3","67789309","67789612","46","79803961"
"chr6","147595901","147596196","chr18","12269702","12269996","45","135326199"
"chr6","147603834","147604133","chr7","133510633","133510928","33","14093201"
"chr6","147628046","147628349","chr10","62550782","62551081","40","85077264"
"chr6","147636212","147636508","chr4","4867746","4868041","37","142768466"
"chr6","147639195","147639491","chr11","64177104","64177402","46","83462091"
"chr6","147665311","147665604","chr18","12240080","12240373","37","135425231"
"chr6","147674028","147674308","chr4","31083851","31084133","41","116590177"
"chr6","147681788","147682083","chr9","26771722","26772016","38","120910066"
"chr6","147709725","147710019","chr15","31297636","31297924","54","116412089"
"chr6","147731406","147731698","chr15","1988979","1989274","38","145742427"
"chr6","147751933","147752230","chr7","133065043","133065330","37","14686890"
"chr6","147782542","147782836","chr11","59744208","59744500","36","88038334"
"chr6","147787886","147788180","chr16","21639667","21639964","39","126148219"
"chr6","147788846","147789137","chr9","5785812","5786106","49","142003034"
"chr6","147795564","147795857","chr8","22381843","22382135","33","125413721"
"chr6","147814552","147814823","chr15","2641152","2641417","51","145173400"
"chr6","147842197","147842489","chr2","184572052","184572344","34","36729855"
"chr6","147851396","147851695","chr19","17249651","17249949","28","130601745"
"chr6","147876712","147877013","chr6","124714488","124714790","37","23162224"
"chr6","147879518","147879810","chr1","53655178","53655473","45","94224340"
"chr6","147890260","147890552","chr19","30423161","30423462","43","117467099"
"chr6","147916519","147916793","chr15","57652318","57652603","45","90264201"
"chr6","147918895","147919176","chr7","57880382","57880656","45","90038513"
"chr6","147921311","147921483","chr7","132043011","132043183","27","15878300"
"chr6","147932671","147932959","chr2","38884008","38884302","43","109048663"
"chr6","147941552","147941850","chr13","32325637","32325935","37","115615915"
"chr6","147969242","147969539","chr15","98419576","98419874","42","49549666"
"chr6","147990534","147990817","chr20","30664634","30664923","41","117325900"
"chr6","147993023","147993325","chr5","9919693","9919985","44","138073330"
"chr6","147999153","147999435","chr1","15291446","15291730","43","132707707"
"chr6","148003906","148004201","chr10","88651338","88651634","34","59352568"
"chr6","148029896","148030208","chr17","19374053","19374353","43","128655843"
"chr6","148049486","148049779","chr13","73992590","73992885","41","74056896"
"chr6","148094186","148094483","chrX","43398930","43399230","40","104695256"
"chr6","148097235","148097529","chr8","90463712","90464008","49","57633523"
"chr6","148100896","148101197","chr13","125134336","125134638","34","22966560"
"chr6","148109623","148109917","chr11","3653031","3653328","36","144456592"
"chr6","148149691","148149997","chr9","56232549","56232853","41","91917142"
"chr6","148183307","148183600","chrX","38190147","38190439","33","109993160"
"chr6","148187750","148188065","chr13","125134336","125134638","49","23053414"
"chr6","148200605","148200920","chr13","125134336","125134638","38","23066269"
"chr6","148201604","148201916","chr16","54321303","54321613","39","93880301"
"chr6","148211633","148211921","chr17","3541078","3541367","34","144670555"
"chr6","148224783","148225079","chr1","124250793","124251086","41","23973990"
"chr6","148243009","148243297","chr3","103398952","103399243","38","44844057"
"chr6","148253981","148254248","chr17","78068546","78068824","50","70185435"
"chr6","148294559","148294644","chr13","125454879","125454959","22","22839680"
"chr6","148320520","148320814","chr2","96239962","96240258","46","52080558"
"chr6","148348275","148348582","chr6","148752882","148753187","40","404607"
"chr6","148350087","148350395","chr19","3064712","3065012","36","145285375"
"chr6","148351305","148351613","chr19","7601300","7601611","46","140750005"
"chr6","148362123","148362411","chr7","151875230","151875517","44","3513107"
"chr6","148382695","148382939","chr9","116735467","116735713","38","31647228"
"chr6","148416609","148416870","chr4","24804662","24804922","53","123611947"
"chr6","148420429","148420715","chr16","18796729","18797022","34","129623700"
"chr6","148427839","148428137","chr2","90488784","90489082","42","57939055"
"chr6","148478306","148478612","chr13","32817425","32817728","38","115660881"
"chr6","148502914","148503208","chr3","133866579","133866872","40","14636335"
"chr6","148514561","148514861","chr13","32817425","32817728","34","115697136"
"chr6","148601394","148601689","chr1","163039410","163039702","36","14438016"
"chr6","148698827","148699111","chr6","82686809","82687091","43","66012018"
"chr6","148754760","148755062","chr8","62670842","62671146","52","86083918"
"chr6","148755434","148755682","chr9","61384587","61384831","35","87370847"
"chr6","148804542","148804841","chr8","118421988","118422286","37","30382554"
"chr6","148828313","148828387","chr7","16068443","16068515","16","132759870"
"chr6","148828463","148828641","chr11","63042219","63042395","38","85786244"
"chr6","148885149","148885447","chr16","30464465","30464761","53","118420684"
"chr6","148891669","148891969","chr18","16367811","16368110","38","132523858"
"chr6","148912659","148912942","chr1","91720982","91721273","45","57191677"
"chr6","148931398","148931655","chr1","69823138","69823413","63","79108260"
"chr6","148931663","148931957","chr5","45431915","45432209","35","103499748"
"chr6","148956665","148956968","chr13","125134336","125134638","39","23822329"
"chr6","148992048","148992345","chr3","35715700","35716002","45","113276348"
"chr6","149032804","149033119","chrX","45626684","45626995","42","103406120"
"chr6","149041382","149041687","chr5","34129012","34129323","51","114912370"
"chr6","149047408","149047695","chr1","42476755","42477044","36","106570653"
"chr6","149061212","149061478","chr1","47626078","47626342","46","101435134"
"chr6","149144394","149144682","chr7","13118073","13118369","47","136026321"
"chr6","149173842","149174153","chr15","7561500","7561795","52","141612342"
"chr6","149344093","149344389","chr6","142572268","142572563","33","6771825"
"chr6","149398655","149398953","chr12","52039679","52039973","45","97358976"
"chr6","149405958","149406247","chr6","88744720","88745008","38","60661238"
"chr6","149455335","149455634","chr8","111500920","111501220","48","37954415"
"chr6","149471292","149471596","chr7","37449373","37449676","41","112021919"
"chr6","149473185","149473479","chr14","15577285","15577579","31","133895900"
"chr6","149511886","149512189","chr6","124714488","124714790","47","24797398"
"chr6","149525365","149525675","chr4","32401427","32401735","32","117123938"
"chr6","149530969","149531104","chr9","66645114","66645250","19","82885855"
"chr6","149531798","149531936","chr2","3265689","3265825","22","146266109"
"chr6","149540735","149541041","chr2","29153751","29154055","42","120386984"
"chr6","149559264","149559562","chr1","67368758","67369056","38","82190506"
"chr6","149581206","149581462","chr15","26878649","26878926","53","122702557"
"chr6","149599544","149599804","chr14","85601211","85601476","52","63998333"
"chr6","149665740","149666059","chr15","96588502","96588809","46","53077238"
"chr6","149671244","149671561","chr6","128110448","128110754","45","21560796"
"chr6","149684455","149684745","chr1","55214758","55215045","39","94469697"
"chr6","149769431","149769724","chr12","86662303","86662604","31","63107128"
"chr6","149803764","149804060","chr2","84844754","84845049","32","64959010"
"chr6","149825667","149825977","chr2","130228273","130228581","39","19597394"
"chr6","149976258","149976575","chr10","29691322","29691619","55","120284936"
"chr6","150111709","150112012","chr1","128155382","128155688","26","21956327"
"chr6","150128979","150129238","chr3","119014122","119014388","40","31114857"
"chr6","150176785","150177072","chr3","7775890","7776172","49","142400895"
"chr6","150223753","150224043","chr7","133065043","133065330","36","17158710"
"chr6","150226341","150226615","chr16","1630024","1630299","42","148596317"
"chr6","150249971","150250272","chr10","78749019","78749318","33","71500952"
"chr6","150282216","150282527","chr3","35657443","35657739","55","114624773"
"chr6","150368079","150368377","chr19","3064712","3065012","31","147303367"
"chr6","150437773","150438038","chr2","165757823","165758089","44","15320050"
"chr6","150481131","150481439","chr13","23501079","23501388","30","126980052"
"chr6","150490888","150491151","chr5","6300845","6301111","49","144190043"
"chr6","150550297","150550599","chr15","10129508","10129805","34","140420789"
"chr6","150591317","150591605","chr7","114624792","114625094","55","35966525"
"chr6","150671063","150671304","chr13","36012746","36012995","48","114658317"
"chr6","150697734","150698014","chr1","202707884","202708154","43","52010150"
"chr6","150765723","150766023","chr20","21076068","21076368","34","129689655"
"chr6","150790001","150790294","chr4","4553985","4554278","46","146236016"
"chr6","150806903","150807204","chr10","27732332","27732642","51","123074571"
"chr6","150929552","150929861","chr8","122806810","122807120","35","28122742"
"chr6","150993185","150993470","chr1","57946363","57946656","43","93046822"
"chr6","150996633","150996942","chr11","119329543","119329850","37","31667090"
"chr6","151088291","151088601","chr11","52332872","52333170","47","98755419"
"chr6","151132443","151132751","chr10","76505400","76505703","46","74627043"
"chr6","151236914","151237221","chr7","13474578","13474886","36","137762336"
"chr6","151244020","151244223","chr8","56570363","56570574","34","94673657"
"chr6","151304041","151304339","chrX","118508904","118509203","42","32795137"
"chr6","151335183","151335485","chr1","219225924","219226223","40","67890741"
"chr6","151362680","151362973","chr11","52332872","52333170","36","99029808"
"chr6","151383645","151383934","chr1","147230260","147230554","40","4153385"
"chr6","151482106","151482399","chr7","133065043","133065330","30","18417063"
"chr6","151487725","151488015","chr14","15577285","15577579","33","135910440"
"chr6","151552764","151553050","chr19","7821204","7821487","38","143731560"
"chr6","151626038","151626304","chr7","57880382","57880656","53","93745656"
"chr6","151658988","151659281","chr10","80661519","80661813","43","70997469"
"chr6","151686189","151686414","chrX","108263142","108263360","36","43423047"
"chr6","151695655","151695937","chr8","15674655","15674944","43","136021000"
"chr6","151755551","151755737","chr16","42613262","42613447","24","109142289"
"chr6","151823489","151823795","chr2","176865440","176865747","34","25041951"
"chr6","151858211","151858319","chr18","33375109","33375226","19","118483102"
"chr6","151858682","151858975","chr5","159154245","159154541","48","7295563"
"chr6","151862288","151862583","chr1","49354618","49354914","37","102507670"
"chr6","151972094","151972389","chr10","20861365","20861656","40","131110729"
"chr6","151973646","151973954","chrX","93353646","93353951","47","58620000"
"chr6","152018331","152018460","chr7","48591240","48591369","23","103427091"
"chr6","152028910","152029214","chr3","34969388","34969689","45","117059522"
"chr6","152030652","152030951","chr19","3064712","3065012","38","148965940"
"chr6","152042060","152042341","chr12","63510718","63510999","43","88531342"
"chr6","152154925","152155223","chr19","3064712","3065012","28","149090213"
"chr6","152293987","152294296","chr1","7993999","7994304","35","144299988"
"chr6","152304822","152305105","chr11","101209765","101210048","35","51095057"
"chr6","152327512","152327801","chr7","133065043","133065330","29","19262469"
"chr6","152379557","152379866","chr19","24212554","24212862","33","128167003"
"chr6","152389717","152389973","chr9","57236955","57237212","45","95152762"
"chr6","152437247","152437534","chr13","27876019","27876307","44","124561228"
"chr6","152535800","152536109","chr11","36769212","36769521","38","115766588"
"chr6","152793602","152793912","chr7","73560013","73560323","37","79233589"
"chr6","152798254","152798541","chr4","40983514","40983792","51","111814740"
"chr6","152804629","152804907","chr11","120539159","120539434","41","32265470"
"chr6","152934788","152935081","chr12","98300764","98301051","46","54634024"
"chr6","152943033","152943315","chr2","39029241","39029515","31","113913792"
"chr6","152994515","152994815","chr13","32817425","32817728","31","120177090"
"chr6","153333794","153334056","chr1","67286924","67287193","55","86046870"
"chr6","153373102","153373404","chr6","113414976","113415281","34","39958126"
"chr6","153399377","153399681","chr1","11912016","11912323","30","141487361"
"chr6","153415918","153416196","chrX","123138025","123138308","43","30277893"
"chr6","153467215","153467291","chr4","161092112","161092188","14","7624897"
"chr6","153530554","153530846","chr4","150540961","150541258","37","2989593"
"chr6","153628989","153629226","chr19","48926373","48926609","46","104702616"
"chr6","153650493","153650795","chr7","151979566","151979860","51","1670927"
"chr6","153701090","153701252","chr1","204420577","204420740","27","50719487"
"chr6","153722151","153722407","chr3","134362153","134362414","37","19359998"
"chr6","153863921","153864203","chr11","92474742","92475024","32","61389179"
"chr6","153895142","153895396","chr3","66658496","66658752","40","87236646"
"chr6","153985045","153985346","chr19","3064712","3065012","35","150920333"
"chr6","154050222","154050512","chr10","73837427","73837714","45","80212795"
"chr6","154172244","154172538","chr1","43483243","43483537","40","110689001"
"chr6","154259317","154259583","chr1","28692071","28692332","48","125567246"
"chr6","154294785","154295055","chr11","124795659","124795934","51","29499126"
"chr6","154322016","154322307","chr8","20299121","20299409","40","134022895"
"chr6","154326414","154326716","chr13","32817425","32817728","35","121508989"
"chr6","154342256","154342557","chr11","49129427","49129728","48","105212829"
"chr6","154376274","154376549","chr19","32515288","32515561","35","121860986"
"chr6","154483848","154484135","chr1","124250793","124251086","42","30233055"
"chr6","154506084","154506372","chr9","7025626","7025918","33","147480458"
"chr6","154527234","154527440","chr20","19297264","19297468","26","135229970"
"chr6","154534256","154534555","chr1","43053184","43053487","36","111481072"
"chr6","154549653","154549832","chr2","186518455","186518632","28","31968802"
"chr6","154555162","154555448","chr5","174512128","174512415","43","19956966"
"chr6","154574064","154574367","chr1","124998618","124998915","35","29575446"
"chr6","154708976","154709260","chr19","2985633","2985912","40","151723343"
"chr6","154770166","154770454","chr10","78383135","78383429","52","76387031"
"chr6","155024839","155025121","chr16","22674519","22674794","42","132350320"
"chr6","155045475","155045781","chr16","4461395","4461701","42","150584080"
"chr6","155079158","155079458","chr6","126641819","126642115","52","28437339"
"chr6","155154739","155155035","chr2","102989050","102989349","32","52165689"
"chr6","155166419","155166710","chr19","50898678","50898974","45","104267741"
"chr6","155180825","155181121","chr2","186451766","186452061","31","31270941"
"chr6","155197302","155197575","chr3","13657117","13657396","41","141540185"
"chr6","155230485","155230788","chr13","32817425","32817728","32","122413060"
"chr6","155261582","155261896","chrX","38891205","38891511","42","116370377"
"chr6","155282051","155282320","chr19","31815662","31815929","45","123466389"
"chr6","155288936","155289229","chr7","116541236","116541527","39","38747700"
"chr6","155386835","155387127","chr14","55307372","55307665","38","100079463"
"chr6","155533477","155533787","chr4","32401427","32401735","39","123132050"
"chr6","155540922","155541082","chr15","4199355","4199519","26","151341567"
"chr6","155594250","155594343","chr1","207305653","207305745","18","51711403"
"chr6","155609360","155609670","chr6","124714488","124714790","47","30894872"
"chr6","155960523","155960818","chrX","140504704","140505005","26","15455819"
"chr6","156176390","156176689","chr11","50028965","50029264","39","106147425"
"chr6","156179187","156179316","chr11","109951877","109952002","18","46227310"
"chr6","156180032","156180179","chr4","18435769","18435906","59","137744263"
"chr6","156193480","156193770","chr7","141847588","141847876","48","14345892"
"chr6","156424787","156425056","chr15","21464395","21464674","51","134960392"
"chr6","156427020","156427334","chr5","52449180","52449473","57","103977840"
"chr6","156580520","156580811","chr9","7025626","7025918","33","149554894"
"chr6","156818991","156819286","chr11","10098018","10098319","37","146720973"
"chr6","156849585","156849877","chr7","159175394","159175689","42","2325809"
"chr6","156897474","156897785","chr2","171679128","171679430","49","14781654"
"chr6","156906002","156906319","chr5","32469834","32470141","47","124436168"
"chr6","156926143","156926421","chr3","60342878","60343154","47","96583265"
"chr6","157072126","157072346","chr1","139331880","139332099","35","17740246"
"chr6","157085485","157085773","chr7","56172709","56173003","52","100912776"
"chr6","157175001","157175257","chr12","81690308","81690563","51","75484693"
"chr6","157217059","157217353","chr14","21158129","21158427","32","136058930"
"chr6","157237520","157237827","chr17","30931897","30932205","42","126305623"
"chr6","157414338","157414628","chr19","4119009","4119297","38","153295329"
"chr6","157548057","157548358","chr18","48465782","48466081","33","109082275"
"chr6","157715519","157715824","chr7","148791264","148791574","50","8924255"
"chr6","157716179","157716467","chr16","18796729","18797022","38","138919450"
"chr6","157822087","157822382","chr8","29778757","29779049","51","128043330"
"chr6","157855717","157856008","chr4","111697334","111697630","42","46158383"
"chr6","157865497","157865559","chr9","15215839","15215892","15","142649658"
"chr6","157866820","157867114","chr3","83665612","83665903","43","74201208"
"chr6","157873030","157873313","chr1","64249789","64250080","44","93623241"
"chr6","157885061","157885341","chr16","6848176","6848462","48","151036885"
"chr6","157949462","157949769","chr19","14076239","14076542","48","143873223"
"chr6","157955016","157955313","chr1","14143915","14144209","53","143811101"
"chr6","157981951","157982253","chr12","103221004","103221303","46","54760947"
"chr6","157984009","157984267","chr1","47626078","47626342","42","110357931"
"chr6","157995304","157995578","chr1","162182616","162182896","50","4187312"
"chr6","158010308","158010600","chr10","47330984","47331271","48","110679324"
"chr6","158063686","158063987","chr9","89577552","89577845","44","68486134"
"chr6","158078176","158078469","chr4","33860712","33861004","31","124217464"
"chr6","158092802","158093094","chr11","59744208","59744500","36","98348594"
"chr6","158124830","158125110","chr2","130457201","130457479","55","27667629"
"chr6","158172040","158172343","chr11","122984595","122984894","44","35187445"
"chr6","158195587","158195876","chr15","78953274","78953566","42","79242313"
"chr6","158235517","158235800","chr1","11366377","11366670","45","146869140"
"chr6","158265779","158266078","chr6","169597076","169597378","54","11331297"
"chr6","158292532","158292811","chr3","164913166","164913461","47","6620634"
"chr6","158306966","158307256","chr8","10102742","10103034","39","148204224"
"chr6","158341655","158341951","chr4","160599897","160600192","37","2258242"
"chr6","158346308","158346602","chr6","135655274","135655568","49","22691034"
"chr6","158347987","158348295","chr7","111289591","111289900","52","47058396"
"chr6","158351885","158352189","chr2","102989050","102989349","50","55362835"
"chr7","13107020","13107334","chr3","110437369","110437675","53","97330349"
"chr7","33423232","33423535","chr3","137161683","137161990","40","103738451"
"chr7","57933606","57933908","chr15","96588502","96588809","41","38654896"
"chr7","58457962","58458272","chr7","5728890","5729199","50","52729072"
"chr7","74841882","74842159","chr3","92150802","92151074","37","17308920"
"chr7","80347127","80347432","chr5","142954882","142955186","43","62607755"
"chr7","89784084","89784378","chr1","19736141","19736436","41","70047943"
"chr7","144965583","144965844","chrX","58120629","58120892","38","86844954"
"chr7","47756","48048","chr8","25582102","25582396","34","25534346"
"chr7","70285","70584","chr2","55010925","55011223","38","54940640"
"chr7","80146","80435","chr16","70619220","70619515","52","70539074"
"chr7","89503","89811","chr16","47869063","47869366","40","47779560"
"chr7","104209","104488","chr9","30302448","30302737","38","30198239"
"chr7","111945","112251","chr1","1866324","1866628","37","1754379"
"chr7","124293","124588","chr2","81270293","81270586","45","81146000"
"chr7","152344","152637","chr3","13489445","13489734","41","13337101"
"chr7","161332","161612","chr13","26338117","26338407","50","26176785"
"chr7","181551","181838","chrX","139283634","139283919","40","139102083"
"chr7","204285","204594","chr7","73560013","73560323","37","73355728"
"chr7","216069","216355","chr1","196693141","196693428","39","196477072"
"chr7","319457","319735","chr3","13489445","13489734","43","13169988"
"chr7","515521","515764","chr9","1461049","1461289","39","945528"
"chr7","588612","588908","chr14","15353922","15354222","40","14765310"
"chr7","646446","646754","chr18","12965449","12965751","41","12319003"
"chr7","883456","883728","chr7","80887200","80887469","41","80003744"
"chr7","1207332","1207624","chr4","145991571","145991864","44","144784239"
"chr7","1210992","1211288","chr1","53988770","53989067","30","52777778"
"chr7","1295240","1295399","chr2","130098324","130098486","25","128803084"
"chr7","1372078","1372372","chr1","66971675","66971974","44","65599597"
"chr7","1403990","1404285","chr3","38447004","38447303","39","37043014"
"chr7","1428198","1428485","chr5","143792097","143792385","39","142363899"
"chr7","1525956","1526233","chr16","45339014","45339298","39","43813058"
"chr7","1540693","1540983","chr1","11366377","11366670","40","9825684"
"chr7","1622445","1622725","chr14","50817121","50817406","36","49194676"
"chr7","1669360","1669651","chr7","74553058","74553350","38","72883698"
"chr7","1684909","1685212","chr6","66149192","66149494","41","64464283"
"chr7","1887802","1888114","chrX","105763749","105764060","43","103875947"
"chr7","1967752","1968032","chr2","112151878","112152164","41","110184126"
"chr7","2121436","2121722","chr2","39631073","39631360","49","37509637"
"chr7","2160832","2161180","chr19","5447576","5447917","92","3286744"
"chr7","2299071","2299395","chr9","50750379","50750702","39","48451308"
"chr7","2366280","2366581","chr3","52229547","52229849","46","49863267"
"chr7","2424127","2424424","chr1","143220195","143220493","38","140796068"
"chr7","2478993","2479287","chr7","129456939","129457235","38","126977946"
"chr7","2494327","2494622","chr7","111271425","111271717","50","108777098"
"chr7","2511289","2511574","chr4","13663992","13664285","39","11152703"
"chr7","2675514","2675809","chr7","137319036","137319338","46","134643522"
"chr7","2718797","2719107","chr10","29691322","29691619","50","26972525"
"chr7","2738187","2738380","chr8","50476021","50476227","50","47737834"
"chr7","2746352","2746656","chr2","55010925","55011223","44","52264573"
"chr7","2779841","2780153","chr8","29386987","29387291","54","26607146"
"chr7","2792244","2792546","chr2","46682521","46682821","34","43890277"
"chr7","2848208","2848496","chr2","184580196","184580486","36","181731988"
"chr7","2991659","2991964","chr11","4016647","4016949","35","1024988"
"chr7","3066202","3066494","chr17","10114847","10115143","50","7048645"
"chr7","3128294","3128609","chr11","36769212","36769521","54","33640918"
"chr7","3271493","3271782","chr3","44207119","44207413","40","40935626"
"chr7","3317339","3317627","chr8","70343541","70343824","53","67026202"
"chr7","3385532","3385834","chr1","946135","946434","34","2439397"
"chr7","3508627","3508925","chr2","93411052","93411345","48","89902425"
"chr7","3527719","3528017","chr19","3064712","3065012","30","463007"
"chr7","3548810","3549104","chr4","10970448","10970744","44","7421638"
"chr7","3549841","3550115","chr5","136702579","136702867","50","133152738"
"chr7","3606290","3606569","chr20","42229503","42229785","35","38623213"
"chr7","3686051","3686354","chr3","61280488","61280798","47","57594437"
"chr7","3864091","3864379","chr2","41138574","41138855","41","37274483"
"chr7","3881300","3881602","chr20","41843762","41844061","36","37962462"
"chr7","3921197","3921499","chr11","64177104","64177402","39","60255907"
"chr7","3923090","3923381","chr5","140981015","140981312","41","137057925"
"chr7","3959997","3960273","chr11","92598734","92599020","58","88638737"
"chr7","3983061","3983354","chr1","124377384","124377676","42","120394323"
"chr7","4009130","4009425","chr7","17509919","17510217","40","13500789"
"chr7","4118220","4118523","chr15","9873078","9873375","44","5754858"
"chr7","4213866","4214189","chr3","88231731","88232052","38","84017865"
"chr7","4343168","4343459","chr3","103398952","103399243","42","99055784"
"chr7","4344213","4344500","chr19","16419500","16419780","57","12075287"
"chr7","4358616","4358911","chr6","146206774","146207067","36","141848158"
"chr7","4374806","4375090","chr3","159912934","159913216","47","155538128"
"chr7","4389384","4389536","chr15","98284087","98284237","28","93894703"
"chr7","4390799","4391091","chr8","91312269","91312560","44","86921470"
"chr7","4419169","4419471","chrX","122210526","122210830","49","117791357"
"chr7","4421102","4421403","chr6","120689604","120689900","54","116268502"
"chr7","4565039","4565328","chrX","20846410","20846706","45","16281371"
"chr7","4599961","4600275","chr6","128302615","128302924","45","123702654"
"chr7","4607346","4607643","chr7","151979566","151979860","41","147372220"
"chr7","4634676","4634975","chr8","94958903","94959204","38","90324227"
"chr7","4666921","4667225","chr6","36915579","36915887","52","32248658"
"chr7","4674108","4674419","chrX","45626684","45626995","41","40952576"
"chr7","4718767","4719062","chr5","177558861","177559162","42","172840094"
"chr7","4734337","4734628","chr11","92705019","92705312","42","87970682"
"chr7","4757496","4757797","chr2","55010925","55011223","48","50253429"
"chr7","4761808","4762077","chr5","141228596","141228872","37","136466788"
"chr7","4815615","4815917","chr1","13159797","13160094","47","8344182"
"chr7","4818145","4818428","chr14","47770929","47771212","46","42952784"
"chr7","4926357","4926651","chr13","36338632","36338934","45","31412275"
"chr7","4978731","4979024","chrX","118502219","118502511","57","113523488"
"chr7","5042559","5042869","chr14","5934954","5935260","41","892395"
"chr7","5055912","5056211","chr3","34969388","34969689","31","29913476"
"chr7","5079368","5079668","chr2","62500002","62500306","40","57420634"
"chr7","5084686","5084978","chr3","108412249","108412542","38","103327563"
"chr7","5106170","5106443","chr20","26324160","26324436","42","21217990"
"chr7","5130890","5131180","chr9","52806874","52807175","36","47675984"
"chr7","5133524","5133834","chr1","11912016","11912323","36","6778492"
"chr7","5225578","5225896","chr1","213891359","213891672","54","208665781"
"chr7","5231518","5231800","chr6","36107632","36107916","46","30876114"
"chr7","5257133","5257455","chr1","1234974","1235297","43","4022159"
"chr7","5319482","5319788","chrX","38891205","38891511","45","33571723"
"chr7","5331547","5331843","chr4","32871781","32872078","34","27540234"
"chr7","5361710","5361973","chr15","76799848","76800119","41","71438138"
"chr7","5365865","5366168","chr1","18792684","18792991","36","13426819"
"chr7","5382357","5382637","chr20","62981238","62981518","36","57598881"
"chr7","5394893","5395107","chr15","39576266","39576471","49","34181373"
"chr7","5461520","5461822","chr13","32817425","32817728","34","27355905"
"chr7","5482478","5482773","chr1","29380917","29381213","30","23898439"
"chr7","5520114","5520465","chr1","66993650","66993978","75","61473536"
"chr7","5548792","5549096","chr10","16049988","16050292","60","10501196"
"chr7","5562782","5563074","chr12","93339213","93339508","42","87776431"
"chr7","5655202","5655481","chr1","4730398","4730679","55","924804"
"chr7","5661068","5661360","chr5","5939702","5939985","54","278634"
"chr7","5714514","5714780","chr20","69861641","69861906","45","64147127"
"chr7","5776358","5776663","chr16","47869063","47869366","37","42092705"
"chr7","5856812","5857103","chrX","62082325","62082604","48","56225513"
"chr7","5894740","5895047","chr1","204863577","204863870","48","198968837"
"chr7","5935340","5935657","chr18","39066869","39067188","53","33131529"
"chr7","5968034","5968322","chrX","139283634","139283919","34","133315600"
"chr7","6000984","6001280","chr12","51845288","51845587","34","45844304"
"chr7","6035490","6035787","chr11","59744208","59744500","34","53708718"
"chr7","6064797","6065090","chr8","138498782","138499073","38","132433985"
"chr7","6069673","6069966","chr16","51527447","51527750","41","45457774"
"chr7","6145149","6145455","chr1","178931782","178932092","44","172786633"
"chr7","6264352","6264525","chr16","47452754","47452925","20","41188402"
"chr7","6586186","6586466","chr3","121765371","121765654","42","115179185"
"chr7","6597602","6597898","chr1","29380917","29381213","41","22783315"
"chr7","6639946","6640236","chr1","44950004","44950301","39","38310058"
"chr7","6690025","6690311","chr12","89828990","89829278","40","83138965"
"chr7","6698825","6699115","chr3","15460078","15460370","38","8761253"
"chr7","6875575","6875883","chr4","79217053","79217354","63","72341478"
"chr7","6877848","6878131","chr3","3535274","3535567","50","3342574"
"chr7","6899502","6899781","chr5","128960234","128960515","44","122060732"
"chr7","6941815","6942114","chr19","35482053","35482349","40","28540238"
"chr7","6982363","6982641","chr8","96528890","96529171","40","89546527"
"chr7","7131582","7131878","chr10","90361835","90362131","29","83230253"
"chr7","7135161","7135473","chr1","57048138","57048448","49","49912977"
"chr7","7151929","7152207","chr16","1389195","1389477","41","5762734"
"chr7","7187491","7187639","chr6","81296634","81296783","25","74109143"
"chr7","7238409","7238719","chr2","56649143","56649449","46","49410734"
"chr7","7288655","7288948","chr16","1651540","1651832","33","5637115"
"chr7","7308677","7308962","chrX","42356","42633","47","7266321"
"chr7","7380185","7380430","chr16","40955770","40956015","40","33575585"
"chr7","7381214","7381513","chr10","35069618","35069913","33","27688404"
"chr7","7406389","7406683","chr14","15577285","15577579","36","8170896"
"chr7","7439529","7439812","chr9","104538853","104539135","53","97099324"
"chr7","7452941","7453230","chr9","7025626","7025918","28","427315"
"chr7","7470697","7470990","chr1","94365322","94365615","42","86894625"
"chr7","7624913","7625227","chr5","102707372","102707683","49","95082459"
"chr7","7656667","7656977","chr2","130228273","130228581","44","122571606"
"chr7","7725203","7725302","chr3","160368626","160368728","17","152643423"
"chr7","7743005","7743298","chr9","9482778","9483076","55","1739773"
"chr7","7762435","7762738","chr18","55519864","55520166","40","47757429"
"chr7","7801947","7802255","chr11","39454827","39455131","38","31652880"
"chr7","7848897","7849186","chrX","27848874","27849153","46","19999977"
"chr7","7927836","7928145","chr5","117244487","117244793","72","109316651"
"chr7","8029271","8029566","chr2","184572052","184572344","39","176542781"
"chr7","8267407","8267721","chr8","118063941","118064263","54","109796534"
"chr7","8271518","8271824","chr5","114656430","114656736","43","106384912"
"chr7","8408378","8408659","chr6","144918364","144918646","41","136509986"
"chr7","8540659","8540958","chr2","46682521","46682821","32","38141862"
"chr7","8574971","8575261","chr2","184580196","184580486","31","176005225"
"chr7","8587039","8587332","chr5","45431915","45432209","34","36844876"
"chr7","8645053","8645360","chr8","111500920","111501220","48","102855867"
"chr7","8645487","8645797","chr1","85077124","85077421","51","76431637"
"chr7","8666956","8667244","chr16","32814556","32814856","39","24147600"
"chr7","8680759","8681040","chr16","53231193","53231458","54","44550434"
"chr7","8802124","8802412","chr10","20861365","20861656","42","12059241"
"chr7","8925325","8925606","chr6","128266238","128266531","51","119340913"
"chr7","8938531","8938824","chr1","191232237","191232533","37","182293706"
"chr7","8957178","8957479","chr9","84466373","84466663","45","75509195"
"chr7","8969884","8970172","chr12","98300764","98301051","53","89330880"
"chr7","8982575","8982867","chr3","45626371","45626668","32","36643796"
"chr7","9011649","9011950","chr11","10098018","10098319","34","1086369"
"chr7","9029232","9029532","chrX","20846410","20846706","43","11817178"
"chr7","9053063","9053356","chr11","114923633","114923926","32","105870570"
"chr7","9249521","9249814","chr1","127833040","127833336","35","118583519"
"chr7","9482623","9482932","chr10","67405046","67405353","32","57922423"
"chr7","9621951","9622237","chr1","54481421","54481716","59","44859470"
"chr7","9752211","9752500","chr20","87623","87917","46","9664588"
"chr7","9791546","9791834","chr16","13554140","13554436","44","3762594"
"chr7","9961889","9962184","chr7","90971726","90972022","36","81009837"
"chr7","9985138","9985428","chr9","7025626","7025918","39","2959512"
"chr7","10024825","10025132","chrX","49664967","49665275","39","39640142"
"chr7","10044832","10045099","chr1","91760043","91760318","50","81715211"
"chr7","10089656","10089964","chr7","78032371","78032678","58","67942715"
"chr7","10156866","10157167","chr1","184288081","184288385","34","174131215"
"chr7","10160512","10160767","chr20","46484406","46484655","46","36323894"
"chr7","10174643","10174947","chr7","147730826","147731127","48","137556183"
"chr7","10203345","10203653","chr3","45369493","45369802","34","35166148"
"chr7","10250806","10251116","chr20","37112520","37112827","44","26861714"
"chr7","10252368","10252665","chr1","213070791","213071090","37","202818423"
"chr7","10270239","10270514","chr1","127703616","127703888","42","117433377"
"chr7","10281746","10282050","chr13","32817425","32817728","32","22535679"
"chr7","10332217","10332354","chr1","197772553","197772689","22","187440336"
"chr7","10343848","10344124","chr3","47408821","47409099","48","37064973"
"chr7","10352474","10352750","chr5","6300845","6301111","53","4051629"
"chr7","10362498","10362771","chr15","81608904","81609175","35","71246406"
"chr7","10368297","10368588","chr6","142572268","142572563","34","132203971"
"chr7","10436902","10437191","chr10","62315260","62315548","35","51878358"
"chr7","10461470","10461773","chr9","15829566","15829866","44","5368096"
"chr7","10494905","10495165","chr10","86700232","86700500","49","76205327"
"chr7","10520668","10520964","chr5","34428917","34429213","26","23908249"
"chr7","10527226","10527529","chr10","36695300","36695594","46","26168074"
"chr7","10578241","10578525","chr6","10376516","10376804","42","201725"
"chr7","10592147","10592259","chr1","219334604","219334715","13","208742457"
"chr7","10606567","10606865","chr20","54767706","54767999","49","44161139"
"chr7","10671791","10671916","chr9","12890266","12890398","22","2218475"
"chr7","10695979","10696281","chr4","56503347","56503657","35","45807368"
"chr7","10737165","10737454","chr2","184580196","184580486","35","173843031"
"chr7","10741844","10742137","chr6","142572268","142572563","46","131830424"
"chr7","10762322","10762629","chr16","59456451","59456754","46","48694129"
"chr7","10774144","10774447","chr16","20683074","20683376","43","9908930"
"chr7","10811614","10811906","chr19","35482053","35482349","40","24670439"
"chr7","10815679","10815961","chr14","34330958","34331231","50","23515279"
"chr7","10830055","10830352","chr9","93670741","93671037","33","82840686"
"chr7","10835634","10835937","chr1","94576857","94577167","39","83741223"
"chr7","10934390","10934696","chr6","124714488","124714790","41","113780098"
"chr7","10942284","10942514","chr15","1694121","1694362","38","9248163"
"chr7","10948884","10949194","chr3","69228301","69228608","40","58279417"
"chr7","10968802","10969092","chr1","124561171","124561469","52","113592369"
"chr7","10986667","10986978","chr13","117446139","117446449","42","106459472"
"chr7","11007156","11007447","chr1","206447940","206448229","32","195440784"
"chr7","11055421","11055727","chr18","12432850","12433158","37","1377429"
"chr7","11056012","11056289","chr4","10337240","10337517","42","718772"
"chr7","11070688","11070978","chr1","125312140","125312429","32","114241452"
"chr7","11075708","11075991","chrX","123138025","123138308","45","112062317"
"chr7","11138289","11138593","chr2","81270293","81270586","39","70132004"
"chr7","11139408","11139653","chr10","46278325","46278580","86","35138917"
"chr7","11173705","11174020","chr1","51888735","51889039","56","40715030"
"chr7","11187869","11188161","chr14","6220739","6221028","45","4967130"
"chr7","11200399","11200636","chr6","66931234","66931474","46","55730835"
"chr7","11233023","11233310","chr2","87435713","87436003","35","76202690"
"chr7","11324155","11324455","chr2","96239962","96240258","35","84915807"
"chr7","11343272","11343568","chr20","273029","273329","36","11070243"
"chr7","11347077","11347363","chr9","55644411","55644695","37","44297334"
"chr7","11372108","11372406","chr8","25582102","25582396","40","14209994"
"chr7","11395601","11395911","chr12","58894080","58894384","42","47498479"
"chr7","11401291","11401589","chr5","34428917","34429213","34","23027626"
"chr7","11435393","11435683","chr4","33942864","33943168","42","22507471"
"chr7","11460703","11461008","chr3","35164529","35164835","43","23703826"
"chr7","11555884","11556101","chr13","92208595","92208827","59","80652711"
"chr7","11585739","11586038","chr3","34969388","34969689","40","23383649"
"chr7","11761944","11762256","chr8","91192605","91192914","37","79430661"
"chr7","11771500","11771804","chr16","21958952","21959252","36","10187452"
"chr7","11775434","11775728","chr18","16405974","16406267","38","4630540"
"chr7","11777750","11778037","chr6","167583282","167583575","37","155805532"
"chr7","11837100","11837250","chr17","18744378","18744526","19","6907278"
"chr7","11859724","11859978","chr14","66011174","66011430","41","54151450"
"chr7","11876627","11876935","chr4","103846144","103846452","40","91969517"
"chr7","11900449","11900699","chr18","71908745","71908980","49","60008296"
"chr7","12007650","12007936","chr9","92292916","92293201","42","80285266"
"chr7","12070923","12071222","chr17","19374053","19374353","46","7303130"
"chr7","12324430","12324739","chr4","3145119","3145426","39","9179311"
"chr7","12332758","12333065","chr10","67405046","67405353","32","55072288"
"chr7","12363357","12363642","chr7","123132998","123133284","51","110769641"
"chr7","12371367","12371673","chr13","23501079","23501388","33","11129712"
"chr7","12438088","12438384","chr1","29491945","29492246","48","17053857"
"chr7","12450800","12451077","chr4","79455473","79455733","59","67004673"
"chr7","12495497","12495810","chr6","93473935","93474246","45","80978438"
"chr7","12521390","12521656","chr5","55932074","55932326","54","43410684"
"chr7","12561373","12561654","chr11","13702068","13702363","48","1140695"
"chr7","12622626","12622897","chr14","28482811","28483074","39","15860185"
"chr7","12668048","12668350","chr14","113574211","113574512","36","100906163"
"chr7","12675175","12675482","chr5","32469834","32470141","40","19794659"
"chr7","12689795","12690094","chr19","35482053","35482349","34","22792258"
"chr7","12768963","12769256","chr11","131492005","131492296","47","118723042"
"chr7","12780674","12780989","chr4","56503347","56503657","54","43722673"
"chr7","12810528","12810825","chr1","47833974","47834275","42","35023446"
"chr7","12816351","12816634","chrX","62378326","62378608","43","49561975"
"chr7","12894338","12894638","chrX","118508904","118509203","43","105614566"
"chr7","12895725","12896008","chr10","19863380","19863662","44","6967655"
"chr7","12912397","12912493","chr7","123655830","123655928","14","110743433"
"chr7","12913463","12913762","chr16","21958952","21959252","33","9045489"
"chr7","12915969","12916254","chr1","19736141","19736436","39","6820172"
"chr7","12926846","12927141","chr11","92705019","92705312","28","79778173"
"chr7","12928632","12928941","chr19","8087515","8087822","58","4841117"
"chr7","12930426","12930734","chr18","12432850","12433158","31","497576"
"chr7","12970278","12970482","chr10","70641735","70641937","29","57671457"
"chr7","12971739","12972024","chr8","1577400","1577677","55","11394339"
"chr7","12981291","12981579","chr3","13489445","13489734","44","508154"
"chr7","13021348","13021654","chrX","50590903","50591201","42","37569555"
"chr7","13027105","13027402","chr8","25582102","25582396","31","12554997"
"chr7","13057826","13058067","chr1","93009406","93009650","44","79951580"
"chr7","13058672","13058829","chr14","9667615","9667777","22","3391057"
"chr7","13059031","13059153","chr11","122472110","122472234","20","109413079"
"chr7","13086318","13086598","chr5","128960234","128960515","39","115873916"
"chr7","13102379","13102683","chr1","219225924","219226223","39","206123545"
"chr7","13108188","13108476","chr4","131374689","131374976","40","118266501"
"chr7","13132493","13132793","chr19","30406403","30406702","34","17273910"
"chr7","13153939","13154185","chr14","97932997","97933239","39","84779058"
"chr7","13184921","13185232","chrX","38444159","38444471","43","25259238"
"chr7","13201749","13202005","chr8","102916371","102916625","45","89714622"
"chr7","13203848","13204126","chr9","84610245","84610514","40","71406397"
"chr7","13281502","13281791","chr10","78749019","78749318","41","65467517"
"chr7","13343234","13343529","chr2","39160986","39161280","36","25817752"
"chr7","13343654","13343949","chr11","114923633","114923926","37","101579979"
"chr7","13348243","13348540","chr9","36433182","36433480","37","23084939"
"chr7","13372673","13372969","chr2","94343271","94343561","33","80970598"
"chr7","13465746","13465930","chr18","22141320","22141507","28","8675574"
"chr7","13621459","13621712","chr15","81658137","81658411","47","68036678"
"chr7","13663364","13663663","chr14","56957821","56958117","43","43294457"
"chr7","13786580","13786868","chr4","13002327","13002618","39","784253"
"chr7","13787768","13788061","JH682036","358126","358421","34","13429642"
"chr7","13879944","13880244","chr19","38513628","38513926","42","24633684"
"chr7","13921521","13921781","chr14","28482811","28483074","43","14561290"
"chr7","13940031","13940349","chr11","13691517","13691834","38","248514"
"chr7","13946438","13946727","chr7","120310502","120310798","38","106364064"
"chr7","13978298","13978599","chr7","16206849","16207148","46","2228551"
"chr7","14015256","14015530","chr9","16361760","16362040","39","2346504"
"chr7","14126516","14126825","chr9","30120372","30120674","45","15993856"
"chr7","14132833","14133125","chr8","22381843","22382135","36","8249010"
"chr7","14171630","14171923","chr4","21986143","21986438","36","7814513"
"chr7","14231588","14231879","chr1","124250793","124251086","37","110019205"
"chr7","14251741","14252022","chr19","7821204","7821487","41","6430537"
"chr7","14424630","14424894","chr13","109670592","109670849","36","95245962"
"chr7","14428277","14428559","chr11","59744208","59744500","39","45315931"
"chr7","14435694","14435986","chr12","58244299","58244591","39","43808605"
"chr7","14537702","14537985","chr20","49701084","49701366","35","35163382"
"chr7","14589308","14589535","chr16","49718170","49718388","34","35128862"
"chr7","14594987","14595285","chr3","74390980","74391277","48","59795993"
"chr7","14597538","14597838","chr11","10098018","10098319","30","4499520"
"chr7","14598328","14598614","chr14","12533962","12534250","35","2064366"
"chr7","14640807","14641102","chr10","73837427","73837714","47","59196620"
"chr7","14657086","14657393","chr1","185101023","185101330","48","170443937"
"chr7","14737711","14738006","chr11","59744208","59744500","33","45006497"
"chr7","14835325","14835615","chr1","42476755","42477044","46","27641430"
"chr7","14970153","14970447","chr2","178187197","178187490","41","163217044"
"chr7","14973126","14973407","chr6","150478906","150479188","46","135505780"
"chr7","14980659","14980941","chr7","120980563","120980844","41","105999904"
"chr7","14986824","14987114","chr4","10828530","10828827","46","4158294"
"chr7","15034777","15035077","chr6","124714488","124714790","33","109679711"
"chr7","15052626","15052931","chr1","113632882","113633185","44","98580256"
"chr7","15054789","15055055","chr10","52840410","52840667","53","37785621"
"chr7","15060103","15060410","chrX","38891205","38891511","47","23831102"
"chr7","15067393","15067677","chr10","62315260","62315548","42","47247867"
"chr7","15074895","15075185","chr15","101493605","101493896","45","86418710"
"chr7","15094766","15095056","chr1","85450489","85450784","45","70355723"
"chr7","15104240","15104456","chr15","68432231","68432453","35","53327991"
"chr7","15120643","15120942","chr17","20945248","20945548","39","5824605"
"chr7","15242536","15242824","chr20","47816140","47816429","40","32573604"
"chr7","15311797","15312099","chr19","3064712","3065012","34","12247085"
"chr7","15332882","15333158","chrX","139100323","139100604","44","123767441"
"chr7","15345073","15345240","chr6","166441447","166441620","25","151096374"
"chr7","15364745","15364878","chr20","51170480","51170610","30","35805735"
"chr7","15365028","15365208","chr19","30285492","30285673","31","14920464"
"chr7","15369739","15370027","chr10","62315260","62315548","38","46945521"
"chr7","15419819","15420117","chr3","34969388","34969689","41","19549569"
"chr7","15438814","15439118","chr16","21958952","21959252","42","6520138"
"chr7","15458062","15458357","chr9","79342653","79342946","31","63884591"
"chr7","15541216","15541520","chr5","72034781","72035074","62","56493565"
"chr7","15547175","15547469","chr9","17379778","17380067","35","1832603"
"chr7","15611378","15611672","chr13","29616638","29616939","47","14005260"
"chr7","15619449","15619553","chr15","10633100","10633205","17","4986349"
"chr7","15650396","15650650","chr14","101104167","101104435","52","85453771"
"chr7","15675295","15675578","chr10","38831187","38831470","41","23155892"
"chr7","15687812","15688109","chr4","132287893","132288193","40","116600081"
"chr7","15696564","15696848","chr13","116595069","116595348","61","100898505"
"chr7","15729640","15729924","chr8","10102742","10103034","41","5626898"
"chr7","15735026","15735291","chr10","58020966","58021239","48","42285940"
"chr7","15745166","15745439","chr5","141228596","141228872","42","125483430"
"chr7","15750100","15750411","chr4","3145119","3145426","55","12604981"
"chr7","15782965","15783253","chr11","12718595","12718887","43","3064370"
"chr7","15846163","15846456","chr3","3535274","3535567","51","12310889"
"chr7","15868451","15868723","chrX","121689872","121690146","50","105821421"
"chr7","15941517","15941779","chr1","129416815","129417073","54","113475298"
"chr7","15981759","15982066","chr7","77029098","77029406","38","61047339"
"chr7","16010264","16010569","chr6","34265679","34265986","55","18255415"
"chr7","16049415","16049716","chr14","8712648","8712949","42","7336767"
"chr7","16067662","16067989","chr19","30420441","30420757","61","14352779"
"chr7","16116215","16116460","chr3","160101342","160101603","48","143985127"
"chr7","16138139","16138430","chr16","44203969","44204255","29","28065830"
"chr7","16185044","16185342","chr17","78189511","78189816","40","62004467"
"chr7","16198778","16199090","chr9","17994179","17994484","48","1795401"
"chr7","16201035","16201248","chr3","38604566","38604772","43","22403531"
"chr7","16208505","16208795","chr2","147375567","147375858","44","131167062"
"chr7","16221280","16221580","chr1","16307020","16307321","35","85740"
"chr7","16244923","16245208","chr10","34490252","34490540","41","18245329"
"chr7","16253979","16254230","chr11","60614947","60615205","45","44360968"
"chr7","16259577","16259876","chr6","142572268","142572563","48","126312691"
"chr7","16277045","16277372","chr6","124714488","124714790","71","108437443"
"chr7","16287450","16287764","chr2","83240394","83240702","53","66952944"
"chr7","16320224","16320526","chr19","47017298","47017600","42","30697074"
"chr7","16328843","16329138","chr1","213070791","213071090","36","196741948"
"chr7","16330514","16330809","chr6","56372445","56372739","43","40041931"
"chr7","16401676","16401985","chr10","46007696","46008002","37","29606020"
"chr7","16437000","16437287","chr11","105493776","105494065","38","89056776"
"chr7","16486469","16486770","chr7","33668477","33668774","39","17182008"
"chr7","16499264","16499545","chr1","204665680","204665968","49","188166416"
"chr7","16511011","16511302","chr3","10482926","10483222","44","6028085"
"chr7","16522972","16523270","chr9","88566306","88566605","44","72043334"
"chr7","16529302","16529554","chr18","16905667","16905920","41","376365"
"chr7","16662657","16662973","chr14","44270571","44270881","63","27607914"
"chr7","16732519","16732806","chr19","48788709","48789002","46","32056190"
"chr7","16811309","16811600","chr3","133866579","133866872","37","117055270"
"chr7","16863356","16863625","chr2","8148306","8148591","57","8715050"
"chr7","16877066","16877365","chr12","57707503","57707789","54","40830437"
"chr7","16979800","16980082","chr11","92474742","92475024","44","75494942"
"chr7","16996440","16996696","chrX","122712517","122712780","45","105716077"
"chr7","17002531","17002844","chr13","27945131","27945441","42","10942600"
"chr7","17021141","17021435","chr13","66843403","66843704","46","49822262"
"chr7","17042702","17043003","chr9","7025626","7025918","40","10017076"
"chr7","17061139","17061452","chr7","13474578","13474886","46","3586561"
"chr7","17158712","17158998","chr10","62315260","62315548","35","45156548"
"chr7","17228924","17229215","chr11","88966345","88966635","31","71737421"
"chr7","17239938","17240232","chr3","75361330","75361622","65","58121392"
"chr7","17243542","17243821","chr6","132179472","132179753","38","114935930"
"chr7","17262208","17262524","chr3","39810411","39810728","69","22548203"
"chr7","17359233","17359523","chr1","11366377","11366670","31","5992856"
"chr7","17364817","17365115","chr16","70227258","70227557","47","52862441"
"chr7","17408546","17408843","chr10","78749019","78749318","36","61340473"
"chr7","17451884","17452179","chr11","92705019","92705312","39","75253135"
"chr7","17520092","17520357","chr16","2724828","2725075","58","14795264"
"chr7","17563897","17564202","chr5","158268376","158268674","55","140704479"
"chr7","17639300","17639602","chr2","46682521","46682821","30","29043221"
"chr7","17667427","17667728","chr2","102989050","102989349","38","85321623"
"chr7","17777576","17777885","chr11","13691517","13691834","41","4086059"
"chr7","17805975","17806274","chr3","45626371","45626668","34","27820396"
"chr7","17967184","17967493","chr18","12432850","12433158","36","5534334"
"chr7","17971217","17971476","chr4","79455473","79455733","37","61484256"
"chr7","18013562","18013869","chr7","77029098","77029406","30","59015536"
"chr7","18044948","18045250","chr7","48694397","48694696","40","30649449"
"chr7","18112852","18113118","chr2","165757823","165758089","46","147644971"
"chr7","18147831","18148108","chrX","38603483","38603760","43","20455652"
"chr7","18186061","18186338","chr7","144373071","144373352","55","126187010"
"chr7","18207014","18207303","chr7","18532501","18532788","47","325487"
"chr7","18279138","18279443","chr4","56503347","56503657","52","38224209"
"chr7","18341723","18342032","chr5","56973726","56974023","59","38632003"
"chr7","18352675","18352966","chr14","15577285","15577579","28","2775390"
"chr7","18369207","18369432","chr5","106625263","106625493","39","88256056"
"chr7","18375437","18375745","chr10","67405046","67405353","34","49029609"
"chr7","18452015","18452314","chr7","17384833","17385125","39","1067182"
"chr7","18475791","18476084","chr2","130011511","130011804","37","111535720"
"chr7","18509637","18509915","chr19","36535876","36536165","49","18026239"
"chr7","18662181","18662470","chr2","155636216","155636491","65","136974035"
"chr7","18784991","18785255","chr8","114529536","114529803","45","95744545"
"chr7","18798049","18798348","chr8","31425380","31425680","38","12627331"
"chr7","18823982","18824269","chr1","219677924","219678213","45","200853942"
"chr7","18839662","18839974","chr8","28037586","28037897","48","9197924"
"chr7","18877590","18877806","chr4","42490862","42491078","38","23613272"
"chr7","18885087","18885367","chr15","68523955","68524227","43","49638868"
"chr7","18885892","18886181","chr7","133065043","133065330","33","114179151"
"chr7","18887414","18887688","chr4","79518406","79518698","53","60630992"
"chr7","18923290","18923498","chr7","45666920","45667136","36","26743630"
"chr7","18923977","18924073","chr1","33323919","33324017","18","14399942"
"chr7","18965633","18965922","chr6","14673710","14674004","41","4291923"
"chr7","18969548","18969835","chr2","72702249","72702540","40","53732701"
"chr7","18976906","18977207","chr12","11131478","11131777","38","7845428"
"chr7","18995571","18995859","chr11","50333257","50333544","46","31337686"
"chr7","19003048","19003346","chr11","59699985","59700283","38","40696937"
"chr7","19003484","19003787","chr8","10508652","10508956","43","8494832"
"chr7","19041799","19042108","chr7","134180480","134180790","36","115138681"
"chr7","19072821","19073128","chr3","3739621","3739925","40","15333200"
"chr7","19081288","19081574","chr10","66712021","66712309","40","47630733"
"chr7","19085123","19085433","chr5","81950527","81950835","41","62865404"
"chr7","19107066","19107382","chr15","7561500","7561795","50","11545566"
"chr7","19138971","19139290","chr10","69915137","69915467","70","50776166"
"chr7","19147715","19148010","chr7","133510633","133510928","52","114362918"
"chr7","19153941","19154234","chr9","54404234","54404532","36","35250293"
"chr7","19199177","19199412","chr16","44892798","44893041","39","25693621"
"chr7","19201771","19202064","chr7","133065043","133065330","36","113863272"
"chr7","19214827","19215122","chr2","46682521","46682821","40","27467694"
"chr7","19224532","19224822","chr18","63173671","63173960","42","43949139"
"chr7","19238865","19239161","chr3","34969388","34969689","41","15730523"
"chr7","19245425","19245723","chr16","45046495","45046794","37","25801070"
"chr7","19253544","19253712","chr3","14928431","14928603","32","4325113"
"chr7","19255070","19255352","chr10","76781839","76782121","49","57526769"
"chr7","19276433","19276667","chr11","71045850","71046097","49","51769417"
"chr7","19284950","19285256","chr13","32817425","32817728","38","13532475"
"chr7","19326802","19327077","chr10","71963229","71963497","45","52636427"
"chr7","19354224","19354511","chr10","62315260","62315548","44","42961036"
"chr7","19390402","19390699","chr2","84844754","84845049","37","65454352"
"chr7","19463655","19463939","chr7","17403617","17403911","45","2060038"
"chr7","19468856","19469103","chr16","44892798","44893041","41","25423942"
"chr7","19521374","19521671","chr10","84356756","84357050","44","64835382"
"chr7","19552456","19552742","chr10","62315260","62315548","38","42762804"
"chr7","19596579","19596884","chr13","125134336","125134638","37","105537757"
"chr7","19629661","19629924","chrX","122712517","122712780","30","103082856"
"chr7","19636764","19637042","chr1","19255420","19255708","49","381344"
"chr7","19809481","19809771","chr7","141847588","141847876","35","122038107"
"chr7","19817390","19817684","chr10","38262077","38262376","37","18444687"
"chr7","19853826","19854110","chr7","117030480","117030769","42","97176654"
"chr7","19871628","19871915","chr7","116541236","116541527","37","96669608"
"chr7","20455795","20456109","chr6","128302615","128302924","47","107846820"
"chr7","20482756","20483023","chr19","19002839","19003105","44","1479917"
"chr7","20507513","20507822","chr6","53239608","53239906","42","32732095"
"chr7","20682539","20682823","chr1","139277047","139277336","41","118594508"
"chr7","20685734","20686042","chr19","43542076","43542380","43","22856342"
"chr7","20791895","20792113","chr7","121329046","121329267","35","100537151"
"chr7","20856005","20856292","chr19","7821204","7821487","41","13034801"
"chr7","20871451","20871737","chr7","133065043","133065330","33","112193592"
"chr7","20900601","20900894","chr7","133065043","133065330","39","112164442"
"chr7","20964505","20964816","chr7","30530730","30531038","52","9566225"
"chr7","20973504","20973794","chr15","22561456","22561749","50","1587952"
"chr7","20985873","20986154","chr14","53927134","53927436","56","32941261"
"chr7","20999175","20999472","chr2","123712519","123712817","49","102713344"
"chr7","21016667","21016977","chr1","12965274","12965583","42","8051393"
"chr7","21030265","21030576","chr9","3805446","3805756","40","17224819"
"chr7","21062285","21062554","chr1","159444944","159445218","58","138382659"
"chr7","21081396","21081694","chr14","98318663","98318962","36","77237267"
"chr7","21248489","21248787","chr1","20012770","20013073","55","1235719"
"chr7","21248788","21248849","chr9","12251499","12251561","18","8997289"
"chr7","21353889","21354141","chr4","85314799","85315055","42","63960910"
"chr7","21368032","21368328","chr9","20941332","20941626","38","426700"
"chr7","21372801","21373081","chrX","24932309","24932597","39","3559508"
"chr7","21432082","21432352","chr11","129504977","129505253","41","108072895"
"chr7","21525582","21525879","chrX","68646400","68646699","34","47120818"
"chr7","21550540","21550741","chr4","20596325","20596527","46","954215"
"chr7","21550955","21551027","chr9","99777183","99777260","12","78226228"
"chr7","21559054","21559365","chr4","92243710","92244017","53","70684656"
"chr7","21625297","21625595","chrX","15713155","15713456","37","5912142"
"chr7","21662660","21662968","chr3","12603123","12603437","32","9059537"
"chr7","21721861","21722161","chrX","97220748","97221054","48","75498887"
"chr7","21865113","21865402","chr1","42476755","42477044","35","20611642"
"chr7","21907824","21908148","chr18","54869405","54869716","63","32961581"
"chr7","21957305","21957617","chrX","19437458","19437770","41","2519847"
"chr7","21963076","21963366","chr10","85882072","85882365","46","63918996"
"chr7","22008101","22008395","chr15","25696400","25696692","50","3688299"
"chr7","22223989","22224286","chr7","91259277","91259574","49","69035288"
"chr7","22256193","22256459","chr2","49059917","49060182","33","26803724"
"chr7","22271189","22271493","chr13","32817425","32817728","30","10546236"
"chr7","22284266","22284400","chr11","49192697","49192830","12","26908431"
"chr7","22307530","22307835","chr9","20166452","20166727","72","2141078"
"chr7","22309125","22309377","chr14","114184730","114184983","42","91875605"
"chr7","22314339","22314444","chr3","78022612","78022705","21","55708273"
"chr7","22391020","22391262","chr8","39759905","39760146","46","17368885"
"chr7","22486727","22487013","chr16","23252894","23253181","52","766167"
"chr7","22488452","22488707","chr5","33954559","33954811","40","11466107"
"chr7","22497233","22497527","chr4","69425921","69426221","43","46928688"
"chr7","22525299","22525594","chr8","31649147","31649450","58","9123848"
"chr7","22605613","22605708","chr3","150400681","150400772","17","127795068"
"chr7","22621284","22621574","chr3","44293169","44293462","49","21671885"
"chr7","22683479","22683617","chr7","91068326","91068467","18","68384847"
"chr7","22688079","22688379","chr6","53239608","53239906","33","30551529"
"chr7","22806166","22806460","chr19","48788709","48789002","50","25982543"
"chr7","22932964","22933258","chr3","160772561","160772858","36","137839597"
"chr7","23040721","23041020","chrX","15713155","15713456","31","7327566"
"chr7","23092515","23092770","chrX","88088678","88088937","48","64996163"
"chr7","23150665","23150966","chr7","38013110","38013409","31","14862445"
"chr7","23164427","23164686","chr11","71045850","71046097","38","47881423"
"chr7","23218691","23218986","chr20","21076068","21076368","31","2142623"
"chr7","23308484","23308776","chr12","31594155","31594447","49","8285671"
"chr7","23328088","23328365","chr11","97924703","97924978","43","74596615"
"chr7","23331839","23332148","chr3","34969388","34969689","45","11637549"
"chr7","23391011","23391317","chr12","23354859","23355155","51","36152"
"chr7","23410436","23410740","chr2","44602315","44602620","36","21191879"
"chr7","23471427","23471715","chr13","116647521","116647821","35","93176094"
"chr7","23475686","23475970","chr1","181888418","181888704","50","158412732"
"chr7","23560945","23561205","chr18","50874536","50874793","33","27313591"
"chr7","23742853","23743165","chr5","132391377","132391683","45","108648524"
"chr7","23805685","23805991","chr8","88676366","88676678","45","64870681"
"chr7","23813805","23814098","chr11","88536600","88536893","36","64722795"
"chr7","23846224","23846522","chr3","53222154","53222450","37","29375930"
"chr7","23867525","23867830","chr11","39454827","39455131","34","15587302"
"chr7","23995937","23996230","chr1","94365322","94365615","43","70369385"
"chr7","24043235","24043532","chr8","25582102","25582396","32","1538867"
"chr7","24080508","24080814","chr9","25603269","25603573","34","1522761"
"chr7","24083611","24083920","chr20","54640728","54641039","36","30557117"
"chr7","24088370","24088680","chr7","93612219","93612525","35","69523849"
"chr7","24107673","24107978","chr19","16877989","16878294","48","7229684"
"chr7","24140580","24140869","chr2","98233357","98233645","60","74092777"
"chr7","24165294","24165606","chr4","111170928","111171236","52","87005634"
"chr7","24201190","24201474","chr12","97490116","97490404","44","73288926"
"chr7","24219008","24219306","chr8","97994163","97994466","42","73775155"
"chr7","24229942","24230236","chr11","46070151","46070446","29","21840209"
"chr7","24256067","24256361","chr7","72707693","72707981","42","48451626"
"chr7","24292524","24292811","chr7","48694397","48694696","46","24401873"
"chr7","24348225","24348513","chrX","62378326","62378608","47","38030101"
"chr7","24372896","24373191","chr14","98318663","98318962","41","73945767"
"chr7","24431122","24431415","chr4","114330673","114330964","44","89899551"
"chr7","24452041","24452337","chr16","63276450","63276738","45","38824409"
"chr7","24469300","24469592","chr19","15605786","15606081","39","8863514"
"chr7","24474908","24475032","chr6","61545407","61545532","18","37070499"
"chr7","24498778","24499055","chr1","124250793","124251086","50","99752015"
"chr7","24516631","24516934","chr1","45114584","45114888","42","20597953"
"chr7","24575525","24575814","chr2","184580196","184580486","29","160004671"
"chr7","24580027","24580350","chr5","11907172","11907493","54","12672855"
"chr7","24603701","24603992","chr10","62315260","62315548","51","37711559"
"chr7","24625419","24625722","chr10","60800132","60800438","37","36174713"
"chr7","24634011","24634307","chr3","45626371","45626668","32","20992360"
"chr7","24704016","24704308","chrX","22447381","22447672","51","2256635"
"chr7","24763428","24763684","chr1","162194621","162194877","39","137431193"
"chr7","24786774","24787074","chr7","36624711","36625010","41","11837937"
"chr7","24787730","24788036","chr9","60825092","60825400","35","36037362"
"chr7","24795868","24796171","chrX","44962032","44962338","36","20166164"
"chr7","24890924","24891212","chr16","44203969","44204255","33","19313045"
"chr7","24908650","24908942","chr6","142572268","142572563","34","117663618"
"chr7","24920148","24920460","chr1","123829563","123829868","45","98909415"
"chr7","24924987","24925268","chr4","54627779","54628062","47","29702792"
"chr7","25041976","25042277","chr2","46682521","46682821","33","21640545"
"chr7","25161439","25161652","chr9","27234781","27235004","39","2073342"
"chr7","25205933","25206217","chr5","132631825","132632108","40","107425892"
"chr7","25261473","25261796","chr19","16616273","16616597","51","8645200"
"chr7","25432027","25432329","chr11","10098018","10098319","40","15334009"
"chr7","25523088","25523387","chr1","946135","946434","31","24576953"
"chr7","25555324","25555608","chr1","158198823","158199105","45","132643499"
"chr7","25641959","25642259","chr10","6154582","6154884","36","19487377"
"chr7","25658104","25658406","chr15","96588502","96588809","39","70930398"
"chr7","25664073","25664364","chr17","23859405","23859701","36","1804668"
"chr7","25680840","25681149","chr1","7993999","7994304","38","17686841"
"chr7","25758560","25758853","chr2","176866099","176866395","44","151107539"
"chr7","25788164","25788464","chr14","13854446","13854743","36","11933718"
"chr7","25790479","25790766","chr1","54930754","54931049","41","29140275"
"chr7","25795311","25795415","chr14","31451076","31451185","12","5655765"
"chr7","25862769","25862999","chr13","31069584","31069824","42","5206815"
"chr7","25922579","25922665","chr1","140851347","140851436","11","114928768"
"chr7","25929297","25929514","chr10","81276777","81276976","58","55347480"
"chr7","25931388","25931696","chr10","17893865","17894156","55","8037523"
"chr7","25941631","25941864","chr5","137480638","137480863","38","111539007"
"chr7","26022718","26023013","chr8","25582102","25582396","34","440616"
"chr7","26025999","26026310","chr1","192928162","192928470","46","166902163"
"chr7","26039677","26039947","chr3","40442931","40443220","47","14403254"
"chr7","26089765","26090074","chr11","19171818","19172127","48","6917947"
"chr7","26109839","26110142","chr3","52229547","52229849","42","26119708"
"chr7","26139159","26139444","chr1","3749039","3749324","43","22390120"
"chr7","26144579","26144813","chr7","106517904","106518135","34","80373325"
"chr7","26154863","26155148","chr14","7453274","7453561","42","18701589"
"chr7","26158075","26158337","chr9","84610245","84610514","43","58452170"
"chr7","26171383","26171571","chr3","111632596","111632778","35","85461213"
"chr7","26188358","26188650","chr18","12269702","12269996","41","13918656"
"chr7","26203745","26204037","chr7","26041579","26041878","44","162166"
"chr7","26247184","26247453","chr7","130654165","130654431","41","104406981"
"chr7","26294265","26294441","chr1","141179856","141180035","39","114885591"
"chr7","26294532","26294783","chrX","122712517","122712780","39","96417985"
"chr7","26300367","26300625","chr7","21849826","21850084","43","4450541"
"chr7","26341406","26341703","chr3","45626371","45626668","32","19284965"
"chr7","26366813","26367116","chr1","67368758","67369056","49","41001945"
"chr7","26372991","26373265","chr12","13447800","13448082","42","12925191"
"chr7","26373278","26373568","chr15","25883762","25884058","55","489516"
"chr7","26374468","26374773","chr16","55510477","55510777","42","29136009"
"chr7","26402838","26402931","chr8","117947537","117947637","18","91544699"
"chr7","26403549","26403729","chr11","47791902","47792085","32","21388353"
"chr7","26453019","26453317","chr3","172190489","172190787","43","145737470"
"chr7","26481580","26481888","chr10","46007696","46008002","47","19526116"
"chr7","26482929","26483230","chr8","118421988","118422286","42","91939059"
"chr7","26547931","26548240","chr16","6949294","6949602","38","19598637"
"chr7","26598398","26598690","chr3","170678284","170678580","41","144079886"
"chr7","26600217","26600527","chr13","61259817","61260123","35","34659600"
"chr7","26683321","26683632","chr1","18792684","18792991","34","7890637"
"chr7","26686648","26686920","chr15","21464395","21464674","38","5222253"
"chr7","26724187","26724475","chr1","140602621","140602899","47","113878434"
"chr7","26726281","26726516","chr6","8707096","8707333","43","18019185"
"chr7","26743246","26743546","chr9","90202578","90202887","39","63459332"
"chr7","26793042","26793349","chr1","52291560","52291858","44","25498518"
"chr7","26894529","26894613","chr11","51631135","51631217","17","24736606"
"chr7","26925298","26925587","chrX","98842198","98842496","47","71916900"
"chr7","26934237","26934545","chr10","47089595","47089902","46","20155358"
"chr7","26952483","26952774","chr18","54954890","54955184","42","28002407"
"chr7","26961588","26961893","chr4","13663992","13664285","44","13297596"
"chr7","27029293","27029598","chr2","39160986","39161280","47","12131693"
"chr7","27043416","27043711","chr6","122044038","122044332","51","95000622"
"chr7","27044334","27044596","chr15","9295989","9296251","48","17748345"
"chr7","27127974","27128266","chr16","65663872","65664161","33","38535898"
"chr7","27173910","27174212","chr8","13033762","13034066","43","14140148"
"chr7","27201654","27201948","chr7","36979903","36980199","36","9778249"
"chr7","27222376","27222681","chr4","2892469","2892769","40","24329907"
"chr7","27230738","27231041","chr15","39862913","39863221","55","12632175"
"chr7","27248827","27249114","chr1","116754803","116755099","41","89505976"
"chr7","27278475","27278780","chr6","136206452","136206761","47","108927977"
"chr7","27310054","27310343","chr6","73118187","73118475","40","45808133"
"chr7","27416024","27416132","chr9","104090880","104090989","16","76674856"
"chr7","27417918","27418223","chrX","44962032","44962338","41","17544114"
"chr7","27439577","27439880","chr19","3064712","3065012","34","24374865"
"chr7","27472376","27472689","chr3","43245554","43245862","49","15773178"
"chr7","27480962","27481233","chr9","84372000","84372280","44","56891038"
"chr7","27496333","27496637","chr2","41438773","41439082","46","13942440"
"chr7","27543746","27544043","chr6","151368944","151369238","36","123825198"
"chr7","27562299","27562592","chr1","179029493","179029788","49","151467194"
"chr7","27575016","27575311","chr6","161763310","161763606","34","134188294"
"chr7","27583466","27583773","chr12","64068852","64069156","44","36485386"
"chr7","27687978","27688275","chr10","23559809","23560103","37","4128169"
"chr7","27756568","27756881","chr1","41160582","41160892","41","13404014"
"chr7","27786849","27787081","chr3","50901308","50901545","36","23114459"
"chr7","27836049","27836346","chr3","44998366","44998666","46","17162317"
"chr7","27884790","27885093","chr1","2800885","2801189","40","25083905"
"chr7","27915470","27915778","chr7","73560013","73560323","37","45644543"
"chr7","28034844","28035111","chr3","162219994","162220257","40","134185150"
"chr7","28163030","28163327","chr7","17509919","17510217","36","10653111"
"chr7","28170302","28170605","chr10","66373059","66373360","42","38202757"
"chr7","28190735","28191037","chr1","130649516","130649818","44","102458781"
"chr7","28249201","28249509","chrX","111931424","111931726","47","83682223"
"chr7","28309735","28310028","chr9","7025626","7025918","50","21284109"
"chr7","28488899","28489163","chr6","143287549","143287823","64","114798650"
"chr7","28568883","28569119","chr16","40076793","40077035","37","11507910"
"chr7","28680137","28680430","chr7","130319214","130319503","47","101639077"
"chr7","28681049","28681356","chr1","34059946","34060256","42","5378897"
"chr7","28690751","28691054","chr15","8677904","8678207","37","20012847"
"chr7","28693735","28694036","chr6","124714488","124714790","36","96020753"
"chr7","28845882","28846165","chr20","45538309","45538588","41","16692427"
"chr7","28889992","28890273","chr8","8824885","8825174","41","20065107"
"chr7","28890649","28890945","chr16","69034579","69034877","38","40143930"
"chr7","28897812","28898105","chr9","7025626","7025918","38","21872186"
"chr7","28899178","28899462","chr8","10859295","10859575","42","18039883"
"chr7","28938719","28939014","chr1","94365322","94365615","28","65426603"
"chr7","28981705","28981977","chr3","61177348","61177613","42","32195643"
"chr7","28999269","28999562","chr9","79342653","79342946","41","50343384"
"chr7","29050280","29050560","chr14","115562411","115562676","59","86512131"
"chr7","29056166","29056370","chr7","155860210","155860412","28","126804044"
"chr7","29085996","29086208","chr2","89593102","89593311","31","60507106"
"chr7","29131993","29132287","chr8","25582102","25582396","38","3549891"
"chr7","29162690","29162982","chr2","102989050","102989349","44","73826360"
"chr7","29206627","29206899","chr3","126395810","126396091","56","97189183"
"chr7","29274738","29275042","chr16","9278875","9279173","40","19995863"
"chr7","29287535","29287799","chr3","29074508","29074774","59","213027"
"chr7","29375354","29375649","chr11","59744208","59744500","31","30368854"
"chr7","29414921","29415172","chr2","38875098","38875341","60","9460177"
"chr7","29635645","29635927","chr16","44203969","44204255","33","14568324"
"chr7","29774848","29775133","chr1","91720982","91721273","44","61946134"
"chr7","29808047","29808260","chr12","36948541","36948760","43","7140494"
"chr7","29811033","29811321","chr14","55192639","55192938","43","25381606"
"chr7","29827594","29827890","chr8","119709664","119709957","43","89882070"
"chr7","29836814","29837083","chr4","79455473","79455733","36","49618659"
"chr7","29972704","29972970","chr3","48152313","48152575","35","18179609"
"chr7","30017854","30018160","chr5","89929633","89929935","42","59911779"
"chr7","30050785","30051084","chr2","39660204","39660504","36","9609419"
"chr7","30089898","30090198","chr19","3064712","3065012","35","27025186"
"chr7","30231142","30231408","chr7","81067314","81067577","44","50836172"
"chr7","30264118","30264411","chr2","95068228","95068528","46","64804110"
"chr7","30307335","30307601","chr11","124795659","124795934","53","94488324"
"chr7","30309041","30309326","chr4","126165396","126165679","38","95856355"
"chr7","30323837","30324146","chrX","12173496","12173805","44","18150341"
"chr7","30382265","30382568","chr12","35173636","35173941","41","4791371"
"chr7","30389789","30390078","chr11","12718595","12718887","38","17671194"
"chr7","30423185","30423475","chr4","13663992","13664285","43","16759193"
"chr7","30440679","30440944","chr15","34667812","34668080","52","4227133"
"chr7","30445061","30445359","chr6","171592504","171592804","36","141147443"
"chr7","30447649","30447935","chr1","124250793","124251086","46","93803144"
"chr7","30457497","30457793","chr2","80635291","80635588","60","50177794"
"chr7","30461228","30461517","chr7","133065043","133065330","29","102603815"
"chr7","30472177","30472446","chr2","165757823","165758089","43","135285646"
"chr7","30500121","30500407","chr11","4776903","4777182","47","25723218"
"chr7","30551825","30552083","chr3","42381510","42381765","53","11829685"
"chr7","30555717","30556019","chr19","35687624","35687928","39","5131907"
"chr7","30559622","30559925","chr13","125134336","125134638","46","94574714"
"chr7","30601771","30602085","chr3","51065520","51065823","49","20463749"
"chr7","30676781","30676903","chr6","172763233","172763357","14","142086452"
"chr7","30706171","30706467","chr1","42847845","42848144","61","12141674"
"chr7","30717003","30717304","chr1","54802244","54802543","46","24085241"
"chr7","30725791","30726101","chr1","115385292","115385603","34","84659501"
"chr7","30760702","30761000","chr8","101199317","101199614","40","70438615"
"chr7","30773880","30774185","chr14","53927134","53927436","48","23153254"
"chr7","30812483","30812779","chr17","50740419","50740714","42","19927936"
"chr7","30837130","30837421","chr9","14690494","14690788","39","16146636"
"chr7","30939021","30939325","chr1","11912016","11912323","33","19027005"
"chr7","30982036","30982261","chr10","35642296","35642518","28","4660260"
"chr7","31117051","31117348","chr10","10378732","10379028","45","20738319"
"chr7","31185101","31185402","JH682036","175786","176086","53","31009315"
"chr7","31209600","31209903","chr1","185392780","185393084","44","154183180"
"chr7","31235767","31236061","chr11","107752748","107753049","48","76516981"
"chr7","31291264","31291560","chr13","85381776","85382074","41","54090512"
"chr7","31292608","31292897","chr2","38884008","38884302","55","7591400"
"chr7","31311281","31311575","chr2","46682521","46682821","39","15371240"
"chr7","31350448","31350751","chr15","78953274","78953566","58","47602826"
"chr7","31355758","31356053","chr1","91720982","91721273","36","60365224"
"chr7","31369546","31369841","chr13","84381294","84381588","42","53011748"
"chr7","31374367","31374628","chrX","21072348","21072614","46","10302019"
"chr7","31521268","31521563","chr5","162478601","162478895","43","130957333"
"chr7","31587060","31587358","chr2","165076345","165076646","51","133489285"
"chr7","31600008","31600297","chr9","31646265","31646560","30","46257"
"chr7","31604139","31604444","chr6","124714488","124714790","48","93110349"
"chr7","31629859","31630141","chr1","127460773","127461051","46","95830914"
"chr7","31661491","31661760","chr2","48921809","48922082","39","17260318"
"chr7","31681752","31682031","chr8","96528890","96529171","36","64847138"
"chr7","31686211","31686499","chr13","79506188","79506474","39","47819977"
"chr7","31695026","31695328","chr3","44128938","44129239","38","12433912"
"chr7","31701305","31701622","chr11","128954114","128954425","51","97252809"
"chr7","31707800","31708097","chr20","19288330","19288626","47","12419470"
"chr7","31710537","31710830","chr4","33689425","33689718","37","1978888"
"chr7","31731079","31731375","chr14","10784769","10785061","33","20946310"
"chr7","31740123","31740416","chr15","90210594","90210890","33","58470471"
"chr7","31744556","31744854","chr1","94365322","94365615","45","62620766"
"chr7","31751702","31751996","chr9","20941332","20941626","33","10810370"
"chr7","31757308","31757612","chr17","8929510","8929818","47","22827798"
"chr7","31776225","31776540","chr1","34059946","34060256","45","2283721"
"chr7","31805274","31805562","chr15","76508645","76508945","50","44703371"
"chr7","31806269","31806557","chr1","27049382","27049672","34","4756887"
"chr7","31810060","31810364","chr1","72368930","72369231","49","40558870"
"chr7","31822902","31823201","chr20","273029","273329","47","31549873"
"chr7","31825630","31825941","chr14","53927134","53927436","51","22101504"
"chr7","31829036","31829324","chr13","54441045","54441338","33","22612009"
"chr7","31838548","31838846","chr1","65662451","65662746","42","33823903"
"chr7","31847932","31848229","chr7","37381596","37381892","43","5533664"
"chr7","31857848","31858147","chr1","124998618","124998915","34","93140770"
"chr7","31870827","31871130","chr8","111500920","111501220","40","79630093"
"chr7","31877751","31878035","chr6","14908506","14908785","58","16969245"
"chr7","31912594","31912892","chr6","143561531","143561830","43","111648937"
"chr7","31917138","31917415","chr10","49321662","49321941","44","17404524"
"chr7","31922625","31922895","chr18","14910441","14910719","53","17012184"
"chr7","31996004","31996302","chr1","12375948","12376243","49","19620056"
"chr7","32017331","32017628","chr16","21639667","21639964","41","10377664"
"chr7","32035444","32035738","chr16","4595173","4595473","33","27440271"
"chr7","32056775","32057055","chr16","6770900","6771189","53","25285875"
"chr7","32087475","32087632","chr5","154483751","154483906","31","122396276"
"chr7","32093344","32093604","chr2","29465351","29465623","50","2627993"
"chr7","32121232","32121520","chr1","141050509","141050803","41","108929277"
"chr7","32136213","32136522","chr3","61280488","61280798","38","29144275"
"chr7","32269164","32269464","chr2","46682521","46682821","35","14413357"
"chr7","32399593","32399896","chr13","32817425","32817728","35","417832"
"chr7","32422647","32422833","chr10","28393888","28394071","26","4028759"
"chr7","32493422","32493692","chr10","8157406","8157675","37","24336016"
"chr7","32494807","32495108","chr8","40690878","40691181","37","8196071"
"chr7","32608686","32608969","chr2","85831524","85831810","45","53222838"
"chr7","32646437","32646739","chr10","16049988","16050292","40","16596449"
"chr7","32714869","32715145","chr9","66823107","66823382","45","34108238"
"chr7","32783871","32784055","chr5","139578027","139578202","28","106794156"
"chr7","32794455","32794744","chr17","38293773","38294062","42","5499318"
"chr7","32868630","32868931","chr6","166367885","166368189","36","133499255"
"chr7","32887194","32887496","chr16","19097444","19097742","44","13789750"
"chr7","33055236","33055544","chr3","98190129","98190426","46","65134893"
"chr7","33147179","33147472","chr16","2872632","2872932","48","30274547"
"chr7","33240696","33240980","chr4","11123588","11123874","49","22117108"
"chr7","33273363","33273679","chr14","3163492","3163817","53","30109871"
"chr7","33321474","33321789","chr8","121505496","121505808","46","88184022"
"chr7","33436065","33436373","chr12","64925528","64925830","42","31489463"
"chr7","33458531","33458832","chr18","12965449","12965751","37","20493082"
"chr7","33486875","33487153","chr14","6832285","6832563","42","26654590"
"chr7","33503091","33503402","chr11","95857639","95857951","38","62354548"
"chr7","33504238","33504538","chrX","15713155","15713456","36","17791083"
"chr7","33510918","33511227","chr11","128830974","128831281","40","95320056"
"chr7","33511229","33511553","chr3","170778833","170779151","48","137267604"
"chr7","33524443","33524749","chr19","5036420","5036718","50","28488023"
"chr7","33545629","33545914","chr20","47816140","47816429","44","14270511"
"chr7","33585924","33586161","chr16","44892798","44893041","42","11306874"
"chr7","33612731","33613024","chr19","24690776","24691069","52","8921955"
"chr7","33613707","33614019","chr13","32817425","32817728","41","796282"
"chr7","33650311","33650603","chr10","62550782","62551081","41","28900471"
"chr7","33700563","33700850","chr9","92292916","92293201","48","58592353"
"chr7","33872166","33872458","chr11","94930190","94930485","44","61058024"
"chr7","33872628","33872921","chr16","68525309","68525601","51","34652681"
"chr7","33924841","33925130","chr8","28825632","28825920","39","5099209"
"chr7","34024348","34024513","chr6","10269778","10269934","34","23754570"
"chr7","34037708","34038011","chr6","124714488","124714790","45","90676780"
"chr7","34046449","34046749","chr9","34329679","34329979","46","283230"
"chr7","34047067","34047370","chr16","11126268","11126568","45","22920799"
"chr7","34076311","34076571","chr3","52295797","52296068","65","18219486"
"chr7","34077232","34077500","chr6","144918364","144918646","55","110841132"
"chr7","34095211","34095506","chr3","38765154","38765450","40","4669943"
"chr7","34107661","34107969","chr8","5873904","5874213","50","28233757"
"chr7","34145156","34145455","chr16","70619220","70619515","38","36474064"
"chr7","34154661","34154943","chr19","14477659","14477939","47","19677002"
"chr7","34158551","34158854","chr1","128155382","128155688","39","93996831"
"chr7","34168063","34168353","chr10","44683283","44683575","46","10515220"
"chr7","35236018","35236226","chr9","61372922","61373124","62","26136904"
"chr7","35236407","35236693","chr7","52736490","52736780","52","17500083"
"chr7","35238445","35238755","chr1","194910525","194910833","52","159672080"
"chr7","35240149","35240426","chr5","162478601","162478895","65","127238452"
"chr7","35253000","35253223","chr13","85748563","85748784","55","50495563"
"chr7","35253813","35254106","chr7","116917341","116917634","54","81663528"
"chr7","35361175","35361388","chr4","125293937","125294134","37","89932762"
"chr7","35366214","35366351","chr7","3074172","3074302","20","32292042"
"chr7","35421401","35421690","chr18","12269702","12269996","47","23151699"
"chr7","35619700","35619995","chrX","118502219","118502511","40","82882519"
"chr7","35622472","35622762","chr1","212690762","212691052","44","177068290"
"chr7","35644114","35644401","chr3","43135407","43135692","47","7491293"
"chr7","35829637","35829936","chr11","11755747","11756048","38","24073890"
"chr7","35900858","35901142","chr3","35657443","35657739","48","243415"
"chr7","35945193","35945476","chr14","57816135","57816421","45","21870942"
"chr7","35951201","35951487","chr1","19837329","19837614","55","16113872"
"chr7","36014621","36014740","chr14","352982","353094","20","35661639"
"chr7","36042001","36042302","chr14","64406746","64407047","48","28364745"
"chr7","36052906","36053181","chr19","29594900","29595177","48","6458006"
"chr7","36115074","36115357","chr3","98190129","98190426","52","62075055"
"chr7","36135013","36135295","chr1","191232237","191232533","67","155097224"
"chr7","36135428","36135722","chr5","52449180","52449473","41","16313752"
"chr7","36162752","36163032","chr15","21464395","21464674","52","14698357"
"chr7","36186664","36186943","chr1","181687377","181687666","54","145500713"
"chr7","36188034","36188322","chr15","101493605","101493896","40","65305571"
"chr7","36210689","36210989","chr9","102554847","102555148","42","66344158"
"chr7","36218239","36218507","chr18","48879710","48879982","46","12661471"
"chr7","36222725","36223014","chr3","160849351","160849651","51","124626626"
"chr7","36244738","36245048","chrX","6292568","6292871","44","29952170"
"chr7","36324595","36324770","chr19","1353909","1354086","29","34970686"
"chr7","36356817","36357054","chr3","50901308","50901545","32","14544491"
"chr7","36422328","36422741","chr1","4937088","4937516","70","31485240"
"chr7","36444349","36444430","chr8","97793898","97793981","19","61349549"
"chr7","36484933","36485219","chr20","49701084","49701366","41","13216151"
"chr7","36627676","36627968","chr2","98233357","98233645","52","61605681"
"chr7","36656239","36656422","chr6","84893084","84893274","32","48236845"
"chr7","36684729","36685022","chr1","53873835","53874134","38","17189106"
"chr7","36797516","36797759","chr9","116735467","116735713","34","79937951"
"chr7","36830467","36830770","chr16","49625494","49625797","35","12795027"
"chr7","37036408","37036716","chr13","117446139","117446449","39","80409731"
"chr7","37305921","37306231","chr4","49832283","49832589","48","12526362"
"chr7","37640724","37641007","chr1","45623411","45623699","52","7982687"
"chr7","37917993","37918303","chr7","90903203","90903515","55","52985210"
"chr7","38049810","38049981","chr20","25211356","25211531","21","12838454"
"chr7","38329210","38329515","chr1","1866324","1866628","34","36462886"
"chr7","38392770","38393059","chr1","19176727","19177017","38","19216043"
"chr7","38716449","38716764","chr16","39507549","39507851","48","791100"
"chr7","38718775","38719022","chr16","58972818","58973067","36","20254043"
"chr7","38724813","38725102","chr8","28825632","28825920","37","9899181"
"chr7","38836870","38837165","chr6","142572268","142572563","42","103735398"
"chr7","38847883","38848186","chr11","111650237","111650541","38","72802354"
"chr7","38878529","38878805","chr1","56243113","56243384","47","17364584"
"chr7","38904717","38905019","chr7","70273788","70274086","46","31369071"
"chr7","39109508","39109819","chr1","18792684","18792991","38","20316824"
"chr7","39279183","39279476","chr6","161763310","161763606","39","122484127"
"chr7","39378130","39378437","chr4","103942747","103943051","48","64564617"
"chr7","39396908","39397222","chr17","7359555","7359858","43","32037353"
"chr7","39559137","39559455","chr1","201827343","201827669","56","162268206"
"chr7","39636088","39636354","chr4","134157189","134157460","40","94521101"
"chr7","39683013","39683258","chr3","58642900","58643153","47","18959887"
"chr7","39715498","39715804","chr11","36769212","36769521","38","2946286"
"chr7","39820534","39820844","chr1","7993999","7994304","39","31826535"
"chr7","39896816","39897122","chr8","27551933","27552238","47","12344883"
"chr7","40141056","40141332","chr5","72367596","72367873","34","32226540"
"chr7","40175504","40175797","chr3","6672310","6672602","40","33503194"
"chr7","40240807","40241096","chr16","56231923","56232210","41","15991116"
"chr7","40250792","40251014","chr1","24229017","24229233","33","16021775"
"chr7","40351683","40351977","chr6","142572268","142572563","30","102220585"
"chr7","40370832","40371129","chrX","20846410","20846706","40","19524422"
"chr7","40440050","40440350","chr11","12761858","12762157","48","27678192"
"chr7","40471153","40471451","chr6","133004541","133004839","43","92533388"
"chr7","40475086","40475384","chr17","12723410","12723708","33","27751676"
"chr7","40537145","40537445","chr2","46682521","46682821","36","6145376"
"chr7","40537657","40537963","chrX","62734353","62734660","36","22196696"
"chr7","40580930","40581214","chr1","11995969","11996267","46","28584961"
"chr7","40607331","40607628","chr6","73786751","73787050","41","33179420"
"chr7","40608634","40608934","chr2","84844754","84845049","40","44236120"
"chr7","40633700","40634008","chr13","85064557","85064873","50","44430857"
"chr7","40665617","40665870","chr4","79455473","79455733","45","38789856"
"chr7","40676419","40676716","chr19","3064712","3065012","37","37611707"
"chr7","40699600","40699888","chr3","3535274","3535567","56","37164326"
"chr7","40726825","40727093","chr1","47626078","47626342","45","6899253"
"chr7","40747010","40747303","chr5","2577333","2577630","35","38169677"
"chr7","40795828","40795974","chr6","15014026","15014171","20","25781802"
"chr7","40806110","40806414","chr1","9274805","9275106","49","31531305"
"chr7","40842193","40842487","chr3","45626371","45626668","34","4784178"
"chr7","40846863","40847151","chr15","79029077","79029366","38","38182214"
"chr7","40897483","40897787","chr4","10687261","10687563","45","30210222"
"chr7","40917808","40917989","chr6","27183263","27183450","42","13734545"
"chr7","40936907","40937144","chr1","22170164","22170392","56","18766743"
"chr7","40937145","40937443","chrX","128569263","128569566","52","87632118"
"chr7","40939438","40939676","chr13","14568198","14568406","65","26371240"
"chr7","40997120","40997420","chrX","128569263","128569566","51","87572143"
"chr7","41004120","41004420","chr1","35583154","35583459","50","5420966"
"chr7","41066276","41066492","chr1","9513726","9513939","26","31552550"
"chr7","41076570","41076868","chr1","30413019","30413314","45","10663551"
"chr7","41105188","41105466","chr16","22674519","22674794","47","18430669"
"chr7","41126980","41127266","chr20","26324160","26324436","39","14802820"
"chr7","41131988","41132052","chr20","26326682","26326744","16","14805306"
"chr7","41132778","41133058","chr16","63276450","63276738","46","22143672"
"chr7","41173622","41173912","chr7","18532501","18532788","43","22641121"
"chr7","41214870","41215179","chr17","8929510","8929818","44","32285360"
"chr7","41216314","41216611","chr7","116337652","116337950","42","75121338"
"chr7","41249890","41250185","chr9","62119023","62119317","49","20869133"
"chr7","41289939","41290227","chr9","7025626","7025918","43","34264313"
"chr7","41325949","41326240","chr7","106578061","106578354","37","65252112"
"chr7","41392619","41392922","chr14","37294731","37295036","40","4097888"
"chr7","41437493","41437788","chr14","98318663","98318962","40","56881170"
"chr7","41443611","41443921","chr7","73463030","73463339","51","32019419"
"chr7","41454640","41454936","chr6","148752882","148753187","38","107298242"
"chr7","41456675","41456988","chr16","4494056","4494366","42","36962619"
"chr7","41461416","41461704","chr1","9902896","9903189","36","31558520"
"chr7","41544210","41544498","chr2","144084745","144085032","42","102540535"
"chr7","41548915","41549210","chrX","14617637","14617929","38","26931278"
"chr7","41604559","41604874","chr10","74063117","74063431","43","32458558"
"chr7","41611301","41611600","chr13","62636440","62636740","45","21025139"
"chr7","41612069","41612297","chr10","76202595","76202819","33","34590526"
"chr7","41617190","41617498","chr4","3145119","3145426","31","38472071"
"chr7","41690773","41691052","chr4","17990287","17990576","51","23700486"
"chr7","41700056","41700343","chr1","10131920","10132210","42","31568136"
"chr7","41706957","41707179","chr8","56570363","56570574","32","14863406"
"chr7","41751458","41751735","chr10","78838030","78838303","44","37086572"
"chr7","41780165","41780464","chrX","17153216","17153514","39","24626949"
"chr7","41831280","41831593","chr11","38174962","38175269","48","3656318"
"chr7","41845707","41845996","chr9","7025626","7025918","34","34820081"
"chr7","41917314","41917599","chr2","96514589","96514879","41","54597275"
"chr7","41960867","41961169","chr20","51687068","51687378","41","9726201"
"chr7","42019407","42019702","JH682036","358126","358421","36","41661281"
"chr7","42057321","42057626","chr1","154447798","154448101","34","112390477"
"chr7","42090527","42090808","chr1","53519541","53519821","42","11429014"
"chr7","42097457","42097746","chr6","70866624","70866915","49","28769167"
"chr7","42119445","42119739","chr1","124250793","124251086","37","82131348"
"chr7","42120329","42120643","chr13","71530254","71530561","38","29409925"
"chr7","42129584","42129868","chr9","20732129","20732413","46","21397455"
"chr7","42219339","42219632","chrX","125717416","125717708","43","83498077"
"chr7","42258631","42258930","chr4","31384902","31385196","43","10873729"
"chr7","42296693","42296982","chr7","26788468","26788751","46","15508225"
"chr7","42304557","42304791","chr20","68379890","68380123","34","26075333"
"chr7","42309316","42309624","chr10","67405046","67405353","35","25095730"
"chr7","42330459","42330743","chr12","89828990","89829278","46","47498531"
"chr7","42354263","42354550","chr20","11757637","11757924","34","30596626"
"chr7","42369044","42369348","chr1","11940593","11940894","46","30428451"
"chr7","42388760","42389061","chrX","128569263","128569566","33","86180503"
"chr7","42433142","42433427","chr7","90971726","90972022","42","48538584"
"chr7","42475734","42476024","chr2","186451766","186452061","48","143976032"
"chr7","42498043","42498349","chr3","17627009","17627312","42","24871034"
"chr7","42525214","42525502","chr1","42476755","42477044","45","48459"
"chr7","42528805","42529099","chr4","103422957","103423247","42","60894152"
"chr7","42537865","42538168","chr11","10098018","10098319","35","32439847"
"chr7","42544824","42545104","chr4","146002444","146002724","52","103457620"
"chr7","42560951","42561255","chr12","69597135","69597433","37","27036184"
"chr7","42567090","42567396","chr6","157576494","157576801","34","115009404"
"chr7","42620342","42620638","chr13","116647521","116647821","34","74027179"
"chr7","42624644","42624929","chr16","45339014","45339298","41","2714370"
"chr7","42634072","42634373","chr8","39831043","39831350","46","2803029"
"chr7","42681747","42682034","chr15","44716875","44717160","49","2035128"
"chr7","42685593","42685878","chr3","161066291","161066579","49","118380698"
"chr7","42699798","42700106","chr10","16049988","16050292","38","26649810"
"chr7","42703724","42703998","chr8","88869400","88869673","39","46165676"
"chr7","42706233","42706535","chr13","32817425","32817728","44","9888808"
"chr7","42716048","42716341","chr17","83808601","83808892","33","41092553"
"chr7","42728929","42729119","chr4","41818287","41818476","43","910642"
"chr7","42731125","42731422","chr1","154447798","154448101","46","111716673"
"chr7","42737302","42737603","chr1","208474725","208475026","51","165737423"
"chr7","42742398","42742693","chr2","94343271","94343561","36","51600873"
"chr7","42756862","42757178","chr11","13691517","13691834","40","29065345"
"chr7","42762172","42762463","chr6","124714488","124714790","41","81952316"
"chr7","42781311","42781617","chr11","11755747","11756048","42","31025564"
"chr7","42794212","42794498","chr1","207117126","207117405","43","164322914"
"chr7","42794956","42795252","chr17","10114847","10115143","42","32680109"
"chr7","42873888","42874190","chr1","146815747","146816057","41","103941859"
"chr7","42944622","42944922","chr4","102433082","102433377","49","59488460"
"chr7","42977325","42977614","chr4","20045092","20045381","41","22932233"
"chr7","42986354","42986654","chr2","44513923","44514220","42","1527569"
"chr7","43041388","43041691","chr13","53585722","53586022","35","10544334"
"chr7","43060825","43061134","chr1","7993999","7994304","42","35066826"
"chr7","43086752","43087052","chr1","28344032","28344331","41","14742720"
"chr7","43112156","43112448","chr11","59744208","59744500","36","16632052"
"chr7","43131900","43132173","chr3","63784314","63784591","42","20652414"
"chr7","43132815","43133121","chr15","75990953","75991258","39","32858138"
"chr7","43136227","43136513","chr5","82823133","82823418","39","39686906"
"chr7","43146596","43146886","chr5","162478601","162478895","46","119332005"
"chr7","43185875","43186176","chr3","134867637","134867930","43","91681762"
"chr7","43220851","43221086","chr9","66292598","66292844","52","23071747"
"chr7","43231773","43232070","chr4","160599897","160600192","37","117368124"
"chr7","43236506","43236808","chr1","1833083","1833386","53","41403423"
"chr7","43280777","43281086","chr14","70752631","70752941","44","27471854"
"chr7","43290667","43290950","chr4","32440631","32440924","41","10850036"
"chr7","43292424","43292709","chr9","7025626","7025918","35","36266798"
"chr7","43292870","43293168","chr6","71714754","71715057","33","28421884"
"chr7","43322210","43322334","chr12","32861427","32861552","21","10460783"
"chr7","43325631","43325913","chr18","1527502","1527787","35","41798129"
"chr7","43326663","43326970","chr4","151432154","151432460","46","108105491"
"chr7","43349456","43349738","chr3","133462312","133462603","44","90112856"
"chr7","43355477","43355751","chr1","30009463","30009748","53","13346014"
"chr7","43382195","43382504","chr3","69228301","69228608","39","25846106"
"chr7","43386513","43386812","chr6","143561531","143561830","51","100175018"
"chr7","43398951","43399262","chr13","69700961","69701271","38","26302010"
"chr7","43409008","43409278","chr9","111708748","111709026","49","68299740"
"chr7","43419788","43420076","chr20","17770859","17771148","46","25648929"
"chr7","43446552","43446839","chr3","48298408","48298697","45","4851856"
"chr7","43459438","43459742","chr1","218468434","218468737","52","175008996"
"chr7","43520665","43520877","chrX","23005096","23005307","44","20515569"
"chr7","43568651","43568936","chr16","3999111","3999404","45","39569540"
"chr7","43588931","43589230","chr1","67368758","67369056","46","23779827"
"chr7","43609753","43610047","chr11","114923633","114923926","37","71313880"
"chr7","43612606","43612851","chr12","64234795","64235038","74","20622189"
"chr7","43616959","43617260","chr12","51845288","51845587","35","8228329"
"chr7","43628389","43628718","chr16","46632271","46632582","53","3003882"
"chr7","43630188","43630505","chrX","18369355","18369664","48","25260833"
"chr7","43636551","43636848","chr16","18796729","18797022","39","24839822"
"chr7","43661281","43661566","chr3","51649403","51649694","43","7988122"
"chr7","43844749","43845043","chr17","3684224","3684520","39","40160525"
"chr7","43957911","43958161","chr4","26675935","26676185","38","17281976"
"chr7","43977487","43977779","chr10","29691322","29691619","45","14286165"
"chr7","44002298","44002587","chr9","84466373","84466663","44","40464075"
"chr7","44005505","44005799","chr1","124250793","124251086","30","80245288"
"chr7","44012468","44012773","chr13","32817425","32817728","35","11195043"
"chr7","44021451","44021757","chr13","72948254","72948560","37","28926803"
"chr7","44029861","44030136","chr5","79158515","79158797","48","35128654"
"chr7","44043990","44044290","chr14","84147591","84147888","43","40103601"
"chr7","44067963","44068263","chr1","946135","946434","33","43121828"
"chr7","44083220","44083506","chr7","7183152","7183444","63","36900068"
"chr7","44083524","44083791","chr1","124602805","124603099","53","80519281"
"chr7","44087557","44087868","chr12","20710479","20710784","39","23377078"
"chr7","44121405","44121698","chr15","23363597","23363899","43","20757808"
"chr7","44126974","44127258","chr2","81270293","81270586","47","37143319"
"chr7","44150630","44150938","chr1","7993999","7994304","36","36156631"
"chr7","44150939","44151232","chr16","51038207","51038499","48","6887268"
"chr7","44152802","44153074","chr10","37817455","37817721","52","6335347"
"chr7","44157713","44157878","chr2","155770165","155770331","21","111612452"
"chr7","44168658","44168949","chr6","9388050","9388343","40","34780608"
"chr7","44203523","44203818","chr4","104215514","104215807","47","60011991"
"chr7","44207298","44207604","chr16","54321303","54321613","34","10114005"
"chr7","44219864","44220160","chr3","157645060","157645361","40","113425196"
"chr7","44225394","44225691","chr1","129567144","129567444","32","85341750"
"chr7","44227004","44227311","chr1","91521758","91522057","47","47294754"
"chr7","44280621","44280891","chr15","57652318","57652603","51","13371697"
"chr7","44295612","44295709","chr15","74858054","74858146","19","30562442"
"chr7","44383838","44384134","chr1","67368758","67369056","45","22984920"
"chr7","44421026","44421324","chr7","92151302","92151599","41","47730276"
"chr7","44424981","44425225","chr5","133797177","133797424","38","89372196"
"chr7","44431339","44431548","chr20","29195665","29195876","36","15235674"
"chr7","44455504","44455716","chr12","61883879","61884095","26","17428375"
"chr7","44470572","44470729","chr6","10269778","10269934","29","34200794"
"chr7","44482122","44482433","chr3","51990532","51990830","60","7508410"
"chr7","44503512","44503805","chr6","142572268","142572563","33","98068756"
"chr7","44505887","44506183","chr17","30611756","30612052","31","13894131"
"chr7","44513248","44513523","chr16","21928511","21928799","63","22584737"
"chr7","44520867","44521154","chr11","114923633","114923926","38","70402766"
"chr7","44524371","44524633","chr2","39029241","39029515","49","5495130"
"chr7","44539805","44540086","chr8","62758903","62759179","38","18219098"
"chr7","44540941","44541248","chr7","77029098","77029406","41","32488157"
"chr7","44560416","44560714","chr2","96239962","96240258","39","51679546"
"chr7","44563191","44563447","chr7","31599682","31599941","38","12963509"
"chr7","44569693","44569998","chr4","101558698","101559007","43","56989005"
"chr7","44573704","44574013","chr4","41339689","41339993","40","3234015"
"chr7","44575168","44575461","chr1","129199003","129199293","47","84623835"
"chr7","44577415","44577731","chr7","37449373","37449676","53","7128042"
"chr7","44582782","44583011","chr7","72781286","72781517","33","28198504"
"chr7","44589383","44589692","chr9","25603269","25603573","46","18986114"
"chr7","44594859","44595146","chr5","2577333","2577630","44","42017526"
"chr7","44620129","44620239","chr4","18435484","18435590","16","26184645"
"chr7","44626118","44626382","chr3","55040817","55041099","63","10414699"
"chr7","44639025","44639320","chr6","127852909","127853211","41","83213884"
"chr7","44640719","44641016","chr3","44998366","44998666","38","357647"
"chr7","44646904","44647168","chr9","66771776","66772036","47","22124872"
"chr7","44647201","44647482","chr9","108889025","108889312","50","64241824"
"chr7","44671047","44671287","chr13","62490389","62490632","39","17819342"
"chr7","44673586","44673711","chr11","83048168","83048288","15","38374582"
"chr7","44673994","44674088","chr13","118454756","118454849","15","73780762"
"chr7","44682126","44682418","chr1","124250793","124251086","43","79568667"
"chr7","44695768","44696053","chr16","3687263","3687550","43","41008505"
"chr7","44709825","44710127","chr20","26717586","26717886","36","17992239"
"chr7","44759913","44760197","chr1","7460034","7460321","43","37299879"
"chr7","44783119","44783413","chr6","128266238","128266531","32","83483119"
"chr7","44803619","44803915","chr1","219225924","219226223","47","174422305"
"chr7","44817336","44817618","chr2","28624536","28624818","42","16192800"
"chr7","44826625","44826916","chr6","142572268","142572563","46","97745643"
"chr7","44838560","44838850","chr1","115458211","115458508","40","70619651"
"chr7","44870297","44870544","chr7","151126393","151126631","45","106256096"
"chr7","44892215","44892481","chr5","141228596","141228872","42","96336381"
"chr7","44893012","44893294","chrX","123138025","123138308","56","78245013"
"chr7","44904870","44905167","chr3","43641513","43641809","47","1263357"
"chr7","44916384","44916680","chr17","83808601","83808892","42","38892217"
"chr7","44928072","44928365","chr4","2939963","2940262","38","41988109"
"chr7","44938994","44939275","chr7","52736490","52736780","36","7797496"
"chr7","44940454","44940758","chr2","46682521","46682821","35","1742067"
"chr7","44949857","44950139","chr16","31394227","31394519","55","13555630"
"chr7","44953700","44953997","chrX","20846410","20846706","31","24107290"
"chr7","44963073","44963377","chr17","20945248","20945548","42","24017825"
"chr7","44972451","44972737","chr10","47330984","47331271","43","2358533"
"chr7","44974172","44974436","chr6","116600933","116601179","63","71626761"
"chr7","44976466","44976783","chrX","123194482","123194796","49","78218016"
"chr7","44990747","44990952","chr3","38604566","38604772","28","6386181"
"chr7","44991446","44991523","chr14","16326731","16326813","12","28664715"
"chr7","44994050","44994337","chr2","178187197","178187490","43","133193147"
"chr7","45034985","45035282","chr15","90208474","90208772","31","45173489"
"chr7","45041852","45042149","chr3","48298408","48298697","51","3256556"
"chr7","45042604","45042887","chr3","13489445","13489734","43","31553159"
"chr7","45157031","45157173","chr2","130991032","130991175","20","85834001"
"chr7","45160723","45161008","chr12","65329997","65330287","39","20169274"
"chr7","45448937","45449062","chr10","46433495","46433626","19","984558"
"chr7","45452350","45452669","chr1","114732101","114732396","71","69279751"
"chr7","45481637","45481935","chr7","51613254","51613546","47","6131617"
"chr7","45488110","45488401","chr9","7025626","7025918","38","38462484"
"chr7","45488617","45488904","chr15","21464395","21464674","63","24024222"
"chr7","45497329","45497624","chr11","13702068","13702363","36","31795261"
"chr7","45501204","45501497","chr11","48999226","48999522","42","3498022"
"chr7","45587541","45587833","chr16","11126268","11126568","43","34461273"
"chr7","45612598","45612905","chr10","16049988","16050292","41","29562610"
"chr7","45617870","45618180","chr20","65957382","65957690","62","20339512"
"chr7","45636569","45636857","chr17","38293773","38294062","39","7342796"
"chr7","45666724","45667015","chr9","7713596","7713889","48","37953128"
"chr7","45679832","45680117","chr16","62639389","62639673","40","16959557"
"chr7","45687891","45688185","chr9","7025626","7025918","32","38662265"
"chr7","45705585","45705872","chr15","29838350","29838639","43","15867235"
"chr7","45713127","45713439","chr19","24212554","24212862","43","21500573"
"chr7","45719481","45719780","chr12","58998827","58999127","40","13279346"
"chr7","45725241","45725536","chr7","37449373","37449676","38","8275868"
"chr7","45735879","45736183","chr1","219225924","219226223","38","173490045"
"chr7","45736862","45737152","chr7","79462230","79462520","36","33725368"
"chr7","45759243","45759530","chr9","57023538","57023829","36","11264295"
"chr7","45803267","45803560","chr1","94365322","94365615","35","48562055"
"chr7","45910626","45910894","chr9","24560211","24560475","39","21350415"
"chr7","45911134","45911423","chr5","56973726","56974023","38","11062592"
"chr7","45918629","45918840","chr1","130247835","130248045","28","84329206"
"chr7","45953578","45953871","chr11","46110133","46110427","34","156555"
"chr7","45954739","45954819","chr15","9441803","9441887","17","36512936"
"chr7","45985649","45985959","chr1","185101023","185101330","39","139115374"
"chr7","46030356","46030456","chr14","7137887","7137992","16","38892469"
"chr7","46054148","46054454","chr4","34010443","34010750","43","12043705"
"chr7","46080355","46080651","chr3","159359916","159360216","42","113279561"
"chr7","46284092","46284383","chr7","26098437","26098733","37","20185655"
"chr7","46314642","46314814","chr3","14928431","14928603","28","31386211"
"chr7","46314962","46315001","chr1","25345860","25345900","18","20969102"
"chr7","46358448","46358712","chr6","171956247","171956509","34","125597799"
"chr7","46372434","46372744","chr6","143658894","143659197","38","97286460"
"chr7","46381989","46382239","chr7","47228962","47229205","37","846973"
"chr7","46394277","46394571","chr5","72034781","72035074","41","25640504"
"chr7","46402762","46403052","chrX","112314689","112314977","37","65911927"
"chr7","46413152","46413452","chr15","103362570","103362871","45","56949418"
"chr7","46416879","46417125","chr1","17408928","17409169","40","29007951"
"chr7","46437454","46437731","chr18","6455943","6456224","56","39981511"
"chr7","46439193","46439489","chr1","28791042","28791334","54","17648151"
"chr7","46448910","46449211","chr12","71090723","71091026","45","24641813"
"chr7","46466138","46466434","chr10","20830175","20830469","34","25635963"
"chr7","46471099","46471462","chr14","8928334","8928644","83","37542765"
"chr7","46489235","46489404","chr19","9946015","9946183","31","36543220"
"chr7","46490069","46490200","chr8","51403248","51403379","19","4913179"
"chr7","46519577","46519886","chr6","121630847","121631152","42","75111270"
"chr7","46522451","46522739","chr1","22767476","22767771","42","23754975"
"chr7","46532929","46533232","chr16","21958952","21959252","43","24573977"
"chr7","46559648","46559960","chr3","9531529","9531830","48","37028119"
"chr7","46594095","46594391","chr11","66160852","66161149","43","19566757"
"chr7","46634290","46634595","chr13","32817425","32817728","31","13816865"
"chr7","46647318","46647630","chrX","108310730","108311029","43","61663412"
"chr7","46651809","46652106","chr1","31003818","31004115","36","15647991"
"chr7","46676099","46676398","chr6","32241507","32241808","41","14434592"
"chr7","46681692","46682001","chr14","100590936","100591235","51","53909244"
"chr7","46697333","46697610","chr16","59872510","59872781","48","13175177"
"chr7","46743126","46743407","chr10","49321662","49321941","48","2578536"
"chr7","46768315","46768643","chr1","17610673","17611001","52","29157642"
"chr7","46770051","46770357","chrX","61797652","61797946","45","15027601"
"chr7","46796286","46796587","chr1","67368758","67369056","37","20572472"
"chr7","46796598","46796906","chrX","44962032","44962338","36","1834566"
"chr7","46819614","46819907","chr11","64561431","64561723","36","17741817"
"chr7","46837082","46837391","chr9","110664227","110664535","52","63827145"
"chr7","46860742","46861042","chr11","114923633","114923926","42","68062891"
"chr7","46895730","46896035","chr1","128155382","128155688","38","81259652"
"chr7","46897714","46898009","chr8","91437935","91438229","35","44540221"
"chr7","46908921","46909222","chr7","17889128","17889425","34","29019793"
"chr7","46992596","46992883","chr12","60773072","60773357","45","13780476"
"chr7","47057897","47058155","chr5","46839337","46839607","47","218560"
"chr7","47140894","47141189","chr3","151336195","151336483","37","104195301"
"chr7","47142293","47142598","chr6","129769527","129769828","44","82627234"
"chr7","47150579","47150885","chr1","20012770","20013073","44","27137809"
"chr7","47170061","47170373","chr15","15442198","15442512","43","31727863"
"chr7","47170555","47170845","chr3","13489445","13489734","36","33681110"
"chr7","47174851","47175145","chr10","14082708","14082998","45","33092143"
"chr7","47218074","47218366","chr11","59744208","59744500","29","12526134"
"chr7","47222021","47222317","chr3","110049029","110049327","27","62827008"
"chr7","47277446","47277731","chr5","43234085","43234369","36","4043361"
"chr7","47323412","47323680","chr7","37509507","37509777","50","9813905"
"chr7","47371768","47372055","chr18","12269702","12269996","45","35102066"
"chr7","47372322","47372613","chr4","10828530","10828827","45","36543792"
"chr7","47431215","47431524","chr2","99926420","99926726","57","52495205"
"chr7","47444099","47444403","chr6","124714488","124714790","34","77270389"
"chr7","47453173","47453425","chr13","108552245","108552502","36","61099072"
"chr7","47464579","47464880","chr1","44950004","44950301","34","2514575"
"chr7","47465511","47465820","chr10","67405046","67405353","41","19939535"
"chr7","47493645","47493940","chr9","26801457","26801755","38","20692188"
"chr7","47535110","47535390","chr7","52736490","52736780","40","5201380"
"chr7","47625070","47625367","chr10","16049988","16050292","45","31575082"
"chr7","47630797","47631029","chr17","1837342","1837561","63","45793455"
"chr7","47632570","47632867","chr2","92086530","92086829","50","44453960"
"chr7","47644167","47644453","chr7","90971726","90972022","49","43327559"
"chr7","47661714","47661995","chr11","104267729","104268018","35","56606015"
"chr7","47686952","47687261","chr6","162160403","162160715","38","114473451"
"chr7","47712868","47713154","chr5","143792097","143792385","41","96079229"
"chr7","47761507","47761808","chr13","32817425","32817728","39","14944082"
"chr7","47803576","47803852","chr13","1738760","1739040","54","46064816"
"chr7","47826812","47827102","chr10","37576589","37576879","44","10250223"
"chr7","47837899","47838190","chr1","42476755","42477044","34","5361144"
"chr7","47849368","47849641","chr2","73070385","73070678","55","25221017"
"chr7","48018003","48018300","chr3","103398952","103399243","38","55380949"
"chr7","48064957","48065256","chrX","23239826","23240124","45","24825131"
"chr7","48105062","48105361","chr8","34976656","34976956","40","13128406"
"chr7","48116975","48117276","chr14","98318663","98318962","40","50201688"
"chr7","48150295","48150438","chr6","52111046","52111199","29","3960751"
"chr7","48168225","48168512","chr1","196693141","196693428","38","148524916"
"chr7","48172760","48173069","chr16","54321303","54321613","32","6148543"
"chr7","48190104","48190396","chr12","35031886","35032181","36","13158218"
"chr7","48376814","48377116","chr1","7993999","7994304","43","40382815"
"chr7","48381199","48381501","chrX","128569263","128569566","36","80188064"
"chr7","48448859","48449160","chr12","34602886","34603184","41","13845973"
"chr7","48577887","48578177","chr10","62315260","62315548","34","13737373"
"chr7","48636919","48637229","chr1","128155382","128155688","38","79518463"
"chr7","48790330","48790629","chr5","129730123","129730422","40","80939793"
"chr7","48839444","48839716","chr16","50279212","50279487","36","1439768"
"chr7","48847288","48847588","chr16","47869063","47869366","38","978225"
"chr7","48911720","48912014","chr19","35482053","35482349","40","13429667"
"chr7","48932106","48932382","chr18","48879710","48879982","49","52396"
"chr7","49008071","49008370","chr15","7561500","7561795","38","41446571"
"chr7","49038109","49038413","chr13","63983390","63983688","44","14945281"
"chr7","49109953","49110244","chr7","130049195","130049488","51","80939242"
"chr7","49123085","49123397","chr11","6673783","6674089","40","42449302"
"chr7","49195242","49195520","chr1","140602621","140602899","64","91407379"
"chr7","49197602","49197900","chr11","59744208","59744500","29","10546606"
"chr7","49199966","49200262","chr1","11366377","11366670","34","37833589"
"chr7","49226738","49227039","chrX","43914906","43915203","46","5311832"
"chr7","49240006","49240308","chr7","77029098","77029406","47","27789092"
"chr7","49257848","49258141","chr16","732453","732746","34","48525395"
"chr7","49292695","49292987","chr10","37627251","37627528","44","11665444"
"chr7","49303418","49303713","chr10","78793021","78793318","34","29489603"
"chr7","49315721","49316025","chrX","60892215","60892525","42","11576494"
"chr7","49346563","49346780","chr12","36948541","36948760","31","12398022"
"chr7","49359766","49360080","chr14","5934954","5935260","53","43424812"
"chr7","49395049","49395336","chr4","20045092","20045381","42","29349957"
"chr7","49438622","49438779","chr7","117424070","117424225","31","67985448"
"chr7","49479885","49480173","chr10","62315260","62315548","35","12835375"
"chr7","49480942","49481238","chr3","83075642","83075936","41","33594700"
"chr7","49490699","49490826","chr1","91126979","91127104","15","41636280"
"chr7","49496917","49497226","chr9","55580035","55580342","33","6083118"
"chr7","49542523","49542826","chr4","565688","565998","54","48976835"
"chr7","49606773","49607069","chr3","45626371","45626668","34","3980402"
"chr7","49674790","49675076","chr7","117030480","117030769","38","67355690"
"chr7","49684103","49684379","chr6","126038364","126038641","49","76354261"
"chr7","49705690","49705992","chr2","96826999","96827292","49","47121309"
"chr7","49710714","49711007","chr13","41693762","41694054","35","8016952"
"chr7","49746968","49747250","chr2","184580196","184580486","48","134833228"
"chr7","49747521","49747817","chr6","142572268","142572563","38","92824747"
"chr7","49766634","49766690","chr14","37204446","37204495","14","12562188"
"chr7","49795295","49795593","chr11","59744208","59744500","34","9948913"
"chr7","49812575","49812872","chr1","94365322","94365615","37","44552747"
"chr7","49818740","49819028","chr9","36433182","36433480","39","13385558"
"chr7","49844237","49844536","chr1","185903042","185903338","36","136058805"
"chr7","49853288","49853580","chr1","18020234","18020526","38","31833054"
"chr7","49871320","49871371","chr14","37204446","37204495","7","12666874"
"chr7","49871375","49871459","chr13","103188987","103189073","11","53317612"
"chr7","49871483","49871724","chr10","49361494","49361744","47","509989"
"chr7","49874541","49874844","chr14","8385371","8385676","35","41489170"
"chr7","49875268","49875575","chr10","33030101","33030407","33","16845167"
"chr7","49898113","49898411","chrX","13622942","13623238","36","36275171"
"chr7","49908231","49908535","chr13","125134336","125134638","42","75226105"
"chr7","49913892","49914187","chr15","7561500","7561795","40","42352392"
"chr7","49917090","49917406","chr3","45626371","45626668","60","4290719"
"chr7","49931525","49931820","chr3","160772561","160772858","33","110841036"
"chr7","49952571","49952868","chr1","207301958","207302256","42","157349387"
"chr7","50007314","50007405","chr3","78022612","78022705","10","28015298"
"chr7","50007580","50007904","chr1","132015855","132016175","67","82008275"
"chr7","50019357","50019642","chr8","54063976","54064257","36","4044619"
"chr7","50026521","50026800","chr19","8631049","8631337","40","41395472"
"chr7","50111331","50111637","chr10","62936704","62937010","29","12825373"
"chr7","50111790","50112096","chrX","122676915","122677209","53","72565125"
"chr7","50135242","50135579","chrX","17430672","17430990","62","32704570"
"chr7","50137873","50138189","chr5","34541386","34541695","43","15596487"
"chr7","50141602","50141917","chr5","173702377","173702681","54","123560775"
"chr7","50143370","50143740","chr14","61619216","61619564","106","11475846"
"chr7","50206877","50207159","chr6","147822924","147823209","49","97616047"
"chr7","50234848","50235156","chr8","39831043","39831350","42","10403805"
"chr7","50248159","50248463","chr10","16049988","16050292","38","34198171"
"chr7","50249490","50249788","chrX","125717416","125717708","44","75467926"
"chr7","50294613","50294907","chr10","78161594","78161885","38","27866981"
"chr7","50320467","50320767","chr2","46682521","46682821","35","3637946"
"chr7","50328619","50328879","chr1","190360719","190360980","36","140032100"
"chr7","50336427","50336725","chr1","946135","946434","26","49390292"
"chr7","50420653","50420946","chr11","131492005","131492296","47","81071352"
"chr7","50450278","50450570","chr20","10958775","10959070","36","39491503"
"chr7","50455707","50456011","chr13","57089110","57089410","35","6633403"
"chr7","50465586","50465908","chr1","124898326","124898628","63","74432740"
"chr7","50500541","50500825","chr13","125352623","125352912","58","74852082"
"chr7","50542125","50542430","chr4","112817335","112817642","38","62275210"
"chr7","50600488","50600761","chr2","119369028","119369307","47","68768540"
"chr7","50626462","50626745","chr1","212841578","212841874","35","162215116"
"chr7","50635560","50635835","chr2","181327467","181327738","44","130691907"
"chr7","50647303","50647599","chr11","36769212","36769521","52","13878091"
"chr7","50659330","50659568","chr6","125155662","125155895","41","74496332"
"chr7","50661690","50661985","chr10","62550782","62551081","42","11889092"
"chr7","50719704","50720006","chr3","41659431","41659734","51","9060273"
"chr7","50725994","50726273","chr19","44121713","44121997","48","6604281"
"chr7","50761037","50761321","chr3","3812815","3813101","38","46948222"
"chr7","50766039","50766342","chr10","12739460","12739760","31","38026579"
"chr7","50785305","50785609","chr3","125389091","125389392","44","74603786"
"chr7","50810005","50810166","chr6","32152353","32152518","24","18657652"
"chr7","50815711","50816013","chr1","170967942","170968244","43","120152231"
"chr7","50818307","50818605","chr16","59553765","59554068","41","8735458"
"chr7","50821749","50822039","chr2","102989050","102989349","39","52167301"
"chr7","50824736","50825031","chr13","32325637","32325935","43","18499099"
"chr7","50860049","50860339","chrX","27694686","27694979","42","23165363"
"chr7","50869424","50869725","chr10","69465986","69466286","43","18596562"
"chr7","50871412","50871685","chr19","42487999","42488270","64","8383413"
"chr7","50873780","50874079","chr2","114227807","114228107","38","63354027"
"chr7","50930435","50930717","chr3","163365708","163365992","50","112435273"
"chr7","50967425","50967716","chr7","133132041","133132331","32","82164616"
"chr7","51000894","51001191","chr7","90971726","90972022","36","39970832"
"chr7","51185272","51185578","chr6","128110448","128110754","40","76925176"
"chr7","51196323","51196602","chr1","33058869","33059151","39","18137454"
"chr7","51198450","51198653","chr7","155860210","155860412","28","104661760"
"chr7","51256020","51256314","chr10","81343577","81343876","42","30087557"
"chr7","51267871","51268163","chr8","7627177","7627468","46","43640694"
"chr7","51270541","51270763","chr7","121329046","121329267","35","70058505"
"chr7","51332521","51332803","chr16","18796729","18797022","39","32535792"
"chr7","51346220","51346511","chr13","47422831","47423120","47","3923389"
"chr7","51357902","51358002","chr2","87853506","87853603","21","36495604"
"chr7","51360136","51360436","chr10","78749019","78749318","39","27388883"
"chr7","51367192","51367486","chr7","54422703","54422998","46","3055511"
"chr7","51376221","51376508","chr10","17893865","17894156","41","33482356"
"chr7","51387864","51388166","chr12","65189939","65190243","44","13802075"
"chr7","51391458","51391757","chr8","25582102","25582396","32","25809356"
"chr7","51400496","51400793","chr18","54954890","54955184","44","3554394"
"chr7","51452176","51452469","chr1","19830890","19831182","44","31621286"
"chr7","51698981","51699281","chr4","33663349","33663650","43","18035632"
"chr7","51702461","51702771","chr6","124714488","124714790","38","73012027"
"chr7","51709041","51709338","chr7","42322916","42323215","43","9386125"
"chr7","51742999","51743153","chr8","14813280","14813432","45","36929719"
"chr7","51789490","51789781","chr1","14270475","14270766","37","37519015"
"chr7","51809452","51809751","chr7","106942061","106942360","40","55132609"
"chr7","51957473","51957761","chr7","133065043","133065330","29","81107570"
"chr7","51979885","51980188","chr7","17509919","17510217","40","34469966"
"chr7","52032847","52033147","chr3","34969388","34969689","44","17063459"
"chr7","52369248","52369550","chr2","114227807","114228107","51","61858559"
"chr7","52465412","52465696","chr7","90648323","90648607","37","38182911"
"chr7","52586032","52586340","chr6","153729609","153729913","41","101143577"
"chr7","52588580","52588877","chr6","124714488","124714790","33","72125908"
"chr7","52600777","52601092","chrX","121412638","121412962","66","68811861"
"chr7","52672422","52672725","chr1","18852431","18852735","37","33819991"
"chr7","52744226","52744526","chr3","45626371","45626668","39","7117855"
"chr7","52884470","52884770","chr10","20480186","20480483","43","32404284"
"chr7","52998107","52998412","chr10","71767444","71767750","66","18769337"
"chr7","53014971","53015253","chr3","160601395","160601671","44","107586424"
"chr7","53065535","53065841","chr12","12028812","12029126","52","41036723"
"chr7","53096577","53096886","chrX","43179195","43179504","43","9917382"
"chr7","53102089","53102391","chr1","67368758","67369056","47","14266669"
"chr7","53204404","53204706","chr19","33818524","33818817","39","19385880"
"chr7","53249189","53249493","chr11","60659295","60659600","45","7410106"
"chr7","53307178","53307475","chr7","76702865","76703162","57","23395687"
"chr7","53316528","53316834","chr1","124050585","124050888","39","70734057"
"chr7","53348879","53349173","chr11","88966345","88966635","45","35617466"
"chr7","53356430","53356731","chr7","150909055","150909346","51","97552625"
"chr7","53379763","53380073","chr7","43187169","43187479","46","10192594"
"chr7","53441687","53441988","chr7","18741876","18742175","44","34699811"
"chr7","53480259","53480560","chrX","21313625","21313931","50","32166634"
"chr7","53516272","53516472","chrX","44404357","44404557","32","9111915"
"chr7","53540479","53540761","chr5","136702579","136702867","48","83162100"
"chr7","53571858","53572150","chr11","12718595","12718887","34","40853263"
"chr7","53659161","53659452","chr17","30611756","30612052","38","23047405"
"chr7","53690437","53690735","chr9","56856523","56856815","38","3166086"
"chr7","53690745","53691035","chr1","44950004","44950301","34","8740741"
"chr7","53712644","53712810","chr15","13902304","13902471","25","39810340"
"chr7","53725878","53726147","chr14","61655077","61655336","48","7929199"
"chr7","53727635","53727924","chr11","92838784","92839071","31","39111149"
"chr7","53771272","53771569","chrX","38099288","38099585","28","15671984"
"chr7","53803482","53803787","chr16","59456451","59456754","40","5652969"
"chr7","53805932","53806228","chr11","51758883","51759177","42","2047049"
"chr7","53809994","53810290","chr15","7561500","7561795","37","46248494"
"chr7","53833244","53833537","chr9","79342653","79342946","43","25509409"
"chr7","53859142","53859447","chr16","15788944","15789248","48","38070198"
"chr7","53867805","53868096","chr3","75155573","75155858","42","21287768"
"chr7","53881658","53881964","chr5","162688511","162688813","46","108806853"
"chr7","53885775","53885989","chr13","83629797","83630022","44","29744022"
"chr7","53888850","53889145","chr4","3360381","3360669","52","50528469"
"chr7","53891012","53891315","chr4","12276390","12276690","43","41614622"
"chr7","53952725","53952995","chr3","142471450","142471724","38","88518725"
"chr7","53956814","53957084","chr3","142471450","142471724","42","88514636"
"chr7","53960304","53960601","chr1","94365322","94365615","38","40405018"
"chr7","53995861","53996170","chr3","134514556","134514862","51","80518695"
"chr7","54211334","54211615","chr1","204813267","204813556","38","150601933"
"chr7","54229097","54229399","chr16","16996819","16997118","41","37232278"
"chr7","54264417","54264711","chr3","103398952","103399243","35","49134535"
"chr7","54386381","54386614","chr18","51009583","51009809","35","3376798"
"chr7","54468543","54468842","chr9","118804453","118804764","50","64335910"
"chr7","54483591","54483894","chr13","32817425","32817728","34","21666166"
"chr7","54484161","54484432","chr6","153464607","153464879","48","98980446"
"chr7","54509163","54509440","chrX","21400918","21401194","46","33108245"
"chr7","54531044","54531352","chr8","138498782","138499073","50","83967738"
"chr7","54539606","54539909","chr2","56649143","56649449","44","2109537"
"chr7","54551232","54551528","chr2","98227356","98227649","50","43676124"
"chr7","54562885","54563184","chr10","62229956","62230249","37","7667071"
"chr7","54615222","54615519","chr1","35181671","35181970","35","19433551"
"chr7","54631495","54631782","chr20","69383615","69383902","42","14752120"
"chr7","54641959","54642263","chr13","62636440","62636740","35","7994481"
"chr7","54672678","54672961","chr8","41075596","41075887","44","13597082"
"chr7","54707892","54708188","chr20","5343907","5344203","35","49363985"
"chr7","54717002","54717306","chr1","170967942","170968244","38","116250940"
"chr7","54760835","54761091","chr16","48626955","48627219","42","6133880"
"chr7","54774590","54774900","chrX","38891205","38891511","46","15883385"
"chr7","54780216","54780521","chr2","50899131","50899433","51","3881085"
"chr7","54788321","54788495","chr12","34802726","34802900","28","19985595"
"chr7","54788843","54789138","chr6","150412121","150412414","44","95623278"
"chr7","54810190","54810484","chr15","78953274","78953566","33","24143084"
"chr7","54821192","54821423","chr5","34481238","34481473","63","20339954"
"chr7","54828646","54828942","chrX","95854941","95855233","41","41026295"
"chr7","54861183","54861493","chr12","52370542","52370823","62","2490641"
"chr7","54896623","54896927","chr2","50899131","50899433","49","3997492"
"chr7","54975023","54975322","chr16","49586323","49586622","41","5388700"
"chr7","55033684","55033984","chr12","58998827","58999127","48","3965143"
"chr7","55053165","55053455","chr7","133065043","133065330","33","78011878"
"chr7","55092606","55092896","chr10","80661519","80661813","40","25568913"
"chr7","55098502","55098787","chr1","125312140","125312429","45","70213638"
"chr7","55134206","55134492","chr1","31509198","31509484","51","23625008"
"chr7","55150650","55150951","chr2","184580196","184580486","48","129429546"
"chr7","55158023","55158308","chr20","26324160","26324436","50","28833863"
"chr7","55185130","55185426","chr16","49861297","49861598","42","5323833"
"chr7","55187517","55187783","chr1","203926301","203926552","55","148738784"
"chr7","55190207","55190508","chr16","11126268","11126568","40","44063939"
"chr7","55194972","55195276","chr20","21076068","21076368","39","34118904"
"chr7","55203853","55204156","chr4","111697334","111697630","51","56493481"
"chr7","55224892","55225189","chrX","21565382","21565683","40","33659510"
"chr7","55231002","55231303","chr7","73560013","73560323","38","18329011"
"chr7","55244742","55245058","chr5","32469834","32470141","42","22774908"
"chr7","55269111","55269414","chr10","16049988","16050292","30","39219123"
"chr7","55327000","55327295","chr15","7511435","7511732","29","47815565"
"chr7","55327709","55328000","chr3","103398952","103399243","45","48071243"
"chr7","55355068","55355373","chr1","44950004","44950301","45","10405064"
"chr7","55374613","55374911","chr4","111697334","111697630","42","56322721"
"chr7","55388345","55388632","chr12","65089310","65089598","46","9700965"
"chr7","55404823","55405112","chr1","41910514","41910802","43","13494309"
"chr7","55419828","55420118","chr7","38216502","38216800","44","17203326"
"chr7","55427590","55427860","chr18","55122664","55122939","39","304926"
"chr7","55463235","55463536","chr7","38216502","38216800","43","17246733"
"chr7","55503402","55503691","chr12","93108642","93108929","45","37605240"
"chr7","55505780","55506070","chr5","154328647","154328948","51","98822867"
"chr7","55518297","55518597","chr2","101651204","101651504","34","46132907"
"chr7","55659292","55659584","chr13","26338117","26338407","39","29321175"
"chr7","55687911","55688213","chr2","94645313","94645611","50","38957402"
"chr7","55710127","55710425","chr2","102989050","102989349","48","47278923"
"chr7","55720542","55720850","chr4","3145119","3145426","34","52575423"
"chr7","55738072","55738370","chr1","154447798","154448101","42","98709726"
"chr7","55755844","55756135","chr4","20045092","20045381","40","35710752"
"chr7","55762237","55762549","chr9","113584757","113585065","37","57822520"
"chr7","55773219","55773498","chr19","32515288","32515561","40","23257931"
"chr7","55788175","55788461","chr1","129199003","129199293","41","73410828"
"chr7","55791608","55791892","chrX","909664","909953","54","54881944"
"chr7","55816955","55817272","chr11","40791675","40791991","42","15025280"
"chr7","55817633","55817897","chrX","122712517","122712780","38","66894884"
"chr7","55853766","55854045","chrX","45987544","45987822","42","9866222"
"chr7","55858769","55859067","chr18","12240080","12240373","41","43618689"
"chr7","55974928","55975225","chr1","937523","937822","44","55037405"
"chr7","55987009","55987161","chr1","67055872","67056012","37","11068863"
"chr7","55987368","55987615","chr7","151776343","151776597","49","95788975"
"chr7","56000877","56001156","chr11","54089311","54089590","51","1911566"
"chr7","56001181","56001383","chr7","155860210","155860412","33","99859029"
"chr7","56012662","56012939","chr4","107911095","107911379","44","51898433"
"chr7","56030450","56030764","chr4","32871781","32872078","50","23158669"
"chr7","56030767","56031053","chr1","163206582","163206863","60","107175815"
"chr7","56124230","56124400","chr13","93249064","93249232","23","37124834"
"chr7","56147456","56147755","chr10","29691322","29691619","38","26456134"
"chr7","56199515","56199808","chr17","88324240","88324540","49","32124725"
"chr7","56363182","56363472","chr7","119631235","119631529","39","63268053"
"chr7","56369307","56369613","chr6","124714488","124714790","36","68345181"
"chr7","56427004","56427296","chr4","82945647","82945940","49","26518643"
"chr7","56443505","56443826","chr6","14686456","14686765","48","41757049"
"chr7","56558929","56559236","chr10","47089595","47089902","32","9469334"
"chr7","56559270","56559583","chr2","47900521","47900828","50","8658749"
"chr7","56578154","56578468","chrX","45626684","45626995","44","10951470"
"chr7","56624243","56624546","chr1","24830287","24830588","40","31793956"
"chr7","56634924","56635240","chr7","37449373","37449676","47","19185551"
"chr7","56642762","56643056","chr4","10912888","10913182","35","45729874"
"chr7","56695193","56695462","chr1","58524450","58524717","40","1829257"
"chr7","56698750","56699038","chr19","17724596","17724885","48","38974154"
"chr7","56780882","56781089","chr16","62316742","62316946","29","5535860"
"chr7","56880264","56880562","chr10","29691322","29691619","38","27188942"
"chr7","56896475","56896773","chr2","123712519","123712817","38","66816044"
"chr7","56902478","56902778","chr3","160772561","160772858","37","103870083"
"chr7","56908879","56909186","chr3","157211367","157211673","40","100302488"
"chr7","56912089","56912378","chr1","204813267","204813556","45","147901178"
"chr7","56922419","56922701","chr7","117030480","117030769","44","60108061"
"chr7","56971331","56971624","chr15","48151534","48151833","33","8819797"
"chr7","57005161","57005449","chr6","152011620","152011903","39","95006459"
"chr7","57008553","57008842","chr16","44203969","44204255","32","12804584"
"chr7","57009711","57010004","chr1","40659470","40659761","32","16350241"
"chr7","57045304","57045581","chr20","10818837","10819097","56","46226467"
"chr7","57068446","57068758","chr3","34969388","34969689","44","22099058"
"chr7","57128447","57128746","chr19","3064712","3065012","42","54063735"
"chr7","57135329","57135628","chr17","9813772","9814068","38","47321557"
"chr7","57140403","57140710","chr14","5934954","5935260","39","51205449"
"chr7","57143087","57143387","chr9","30414536","30414834","42","26728551"
"chr7","57171795","57172103","chr8","35800735","35801044","39","21371060"
"chr7","57174753","57175016","chr14","31029509","31029771","52","26145244"
"chr7","57189110","57189354","chr19","25649682","25649924","55","31539428"
"chr7","57198798","57199094","chr11","111324200","111324504","41","54125402"
"chr7","57204613","57204922","chr1","11912016","11912323","37","45292597"
"chr7","57215651","57215904","chr19","13733028","13733284","34","43482623"
"chr7","57240748","57241038","chr9","14690494","14690788","44","42550254"
"chr7","57261703","57261954","chr11","71045850","71046097","33","13784147"
"chr7","57302469","57302761","chr2","90167138","90167438","48","32864669"
"chr7","57323673","57323976","chr9","25603269","25603573","34","31720404"
"chr7","57353791","57354083","chr3","78122440","78122733","39","20768649"
"chr7","57386117","57386400","chr16","23252894","23253181","44","34133223"
"chr7","57399840","57400133","chr1","206447940","206448229","37","149048100"
"chr7","57405979","57406150","chr3","160872851","160873018","27","103466872"
"chr7","57416305","57416597","chr1","25933166","25933464","36","31483139"
"chr7","57435152","57435463","chr3","107368374","107368683","36","49933222"
"chr7","57476412","57476700","chr6","150565896","150566187","38","93089484"
"chr7","57500604","57500909","chr2","187111797","187112101","36","129611193"
"chr7","57542045","57542341","chr17","19731339","19731636","43","37810706"
"chr7","57561332","57561587","chr1","41713973","41714231","42","15847359"
"chr7","57599250","57599425","chr5","85812520","85812698","18","28213270"
"chr7","57625568","57625880","chr6","52354618","52354928","42","5270950"
"chr7","57666305","57666604","chr10","72394915","72395215","42","14728610"
"chr7","57677400","57677697","chr2","81991105","81991401","39","24313705"
"chr7","57685454","57685730","chr13","90970128","90970408","27","33284674"
"chr7","57690567","57690870","chr14","26187595","26187897","42","31502972"
"chr7","57703303","57703610","chr1","67092638","67092945","38","9389335"
"chr7","57707860","57708152","chr8","18019156","18019453","41","39688704"
"chr7","57729208","57729481","chr11","123468792","123469074","44","65739584"
"chr7","57731686","57731987","chr1","53988770","53989067","31","3742916"
"chr7","57740279","57740577","chr5","89929633","89929935","38","32189354"
"chr7","57765013","57765307","chr6","142572268","142572563","37","84807255"
"chr7","57768626","57768928","chrX","128569263","128569566","34","70800637"
"chr7","57775232","57775523","chr7","36408201","36408499","41","21367031"
"chr7","57782976","57783258","chr3","46066285","46066580","53","11716691"
"chr7","57789402","57789691","chr16","70075116","70075402","43","12285714"
"chr7","57832421","57832721","chr19","34660730","34661028","35","23171691"
"chr7","57866956","57867133","chr4","41818287","41818476","41","16048669"
"chr7","57891258","57891561","chr10","82135782","82136083","33","24244524"
"chr7","57896913","57897232","chr1","21642415","21642734","49","36254498"
"chr7","57908905","57909205","chr18","26757177","26757480","40","31151728"
"chr7","57942875","57943044","chr2","155770165","155770331","34","97827290"
"chr7","57944381","57944679","chr7","148791264","148791574","50","90846883"
"chr7","57948664","57948951","chr20","21505771","21506044","49","36442893"
"chr7","57968309","57968462","chr11","109403285","109403436","27","51434976"
"chr7","57968658","57968810","chr16","38160991","38161142","16","19807667"
"chr7","57982359","57982613","chr17","38904036","38904306","59","19078323"
"chr7","57989088","57989353","chr4","79455473","79455733","49","21466385"
"chr7","57991134","57991420","chr1","203636978","203637275","47","145645844"
"chr7","58009457","58009743","chr6","89880871","89881161","44","31871414"
"chr7","58020835","58021119","chr5","128960234","128960515","42","70939399"
"chr7","58036618","58036947","chrX","41110032","41110356","58","16926586"
"chr7","58047606","58047905","chr11","77566992","77567297","40","19519386"
"chr7","58069559","58069853","chr10","71196268","71196562","40","13126709"
"chr7","58091147","58091411","chr13","46225644","46225911","43","11865503"
"chr7","58092151","58092292","chr8","93420249","93420391","23","35328098"
"chr7","58092380","58092533","chr13","37809450","37809605","26","20282930"
"chr7","58113634","58113926","chr7","52736490","52736780","36","5377144"
"chr7","58212584","58212875","chr18","15264140","15264438","39","42948444"
"chr7","58247478","58247787","chr15","101571554","101571858","41","43324076"
"chr7","58256370","58256606","chr4","83172079","83172320","46","24915709"
"chr7","58416808","58417113","chr5","89929633","89929935","37","31512825"
"chr7","58420208","58420510","chr18","26757177","26757480","33","31663031"
"chr7","58446346","58446620","chr9","66366305","66366593","39","7919959"
"chr7","58490454","58490738","chrX","24932309","24932597","44","33558145"
"chr7","58492552","58492790","chr11","44650712","44650952","41","13841840"
"chr7","58495768","58496073","chr12","13891696","13891997","37","44604072"
"chr7","58571260","58571543","chr1","123829563","123829868","60","65258303"
"chr7","58601339","58601634","chr10","29691322","29691619","37","28910017"
"chr7","58640852","58641117","chr1","41704263","41704524","47","16936589"
"chr7","58659814","58660102","chr1","26847418","26847706","51","31812396"
"chr7","58663469","58663765","chr13","26816294","26816601","48","31847175"
"chr7","58664859","58665153","chr19","37136455","37136749","41","21528404"
"chr7","58672447","58672754","chr10","35485096","35485398","42","23187351"
"chr7","58725424","58725718","chr3","160772561","160772858","34","102047137"
"chr7","58757286","58757509","chr2","26527444","26527669","73","32229842"
"chr7","58757939","58758031","chr3","42186711","42186803","18","16571228"
"chr7","58762832","58763113","chr2","135177745","135178021","50","76414913"
"chr7","58764775","58764954","chr11","94606710","94606888","29","35841935"
"chr7","58768907","58769031","chr6","148375288","148375408","21","89606381"
"chr7","58775141","58775429","chr5","132631825","132632108","37","73856684"
"chr7","58778583","58778834","chrX","88088678","88088937","39","29310095"
"chr7","58781361","58781642","chr9","92292916","92293201","40","33511555"
"chr7","58794599","58794661","chr8","25038437","25038491","15","33756162"
"chr7","58801462","58801748","chr5","161632092","161632373","37","102830630"
"chr7","58819149","58819419","chr11","7911759","7912023","55","50907390"
"chr7","58829614","58829916","chr12","48247451","48247755","35","10582163"
"chr7","58839688","58839960","chr20","49701084","49701366","40","9138604"
"chr7","58861881","58862174","chr1","124250793","124251086","33","65388912"
"chr7","58875417","58875494","chr14","18407692","18407768","16","40467725"
"chr7","58896062","58896353","chr7","39446414","39446707","39","19449648"
"chr7","58904251","58904550","chr8","2817861","2818159","42","56086390"
"chr7","58929872","58930131","chr7","125141660","125141921","32","66211788"
"chr7","59141793","59142055","chr7","65273986","65274248","33","6132193"
"chr7","59243554","59243867","chr14","64214831","64215143","53","4971277"
"chr7","59302182","59302493","chr4","72786681","72786992","58","13484499"
"chr7","59304762","59305054","chr10","62315260","62315548","41","3010498"
"chr7","59349539","59349666","chr7","148602709","148602842","23","89253170"
"chr7","59364894","59365167","chr16","50677381","50677664","45","8687513"
"chr7","59385615","59385911","chr15","48151534","48151833","40","11234081"
"chr7","59386562","59386860","chr7","29612052","29612348","36","29774510"
"chr7","59402075","59402360","chr9","37613139","37613425","37","21788936"
"chr7","59418003","59418304","chr1","19736141","19736436","40","39681862"
"chr7","59432247","59432534","chrX","112314689","112314977","42","52882442"
"chr7","59434574","59434853","chrX","139100323","139100604","32","79665749"
"chr7","59474085","59474386","chr11","105000380","105000678","48","45526295"
"chr7","59520534","59520814","chr2","13368422","13368711","52","46152112"
"chr7","59537472","59537780","chr4","21053517","21053824","38","38483955"
"chr7","59578203","59578513","chrX","44962032","44962338","42","14616171"
"chr7","59640520","59640823","chr16","44035327","44035634","52","15605193"
"chr7","59707332","59707624","chr11","95105428","95105719","39","35398096"
"chr7","59719938","59720227","chr2","176866099","176866395","43","117146161"
"chr7","59745676","59745983","chr6","113414976","113415281","32","53669300"
"chr7","59785033","59785322","chr3","40442931","40443220","45","19342102"
"chr7","59851189","59851485","chr4","33586433","33586727","36","26264756"
"chr7","59876341","59876640","chr1","44912861","44913162","37","14963480"
"chr7","59876684","59876990","chr10","71767444","71767750","40","11890760"
"chr7","59892011","59892291","chr7","111089387","111089666","39","51197376"
"chr7","59911137","59911260","chr9","43999038","43999162","16","15912099"
"chr7","59912842","59913153","chr2","24049704","24050010","49","35863138"
"chr7","59922781","59923085","chr15","10779701","10779996","49","49143080"
"chr7","59952732","59953021","chr6","12014381","12014673","45","47938351"
"chr7","60014824","60015134","chr19","39103625","39103923","80","20911199"
"chr7","60017776","60018087","chr3","34969388","34969689","45","25048388"
"chr7","60024038","60024344","chr1","946135","946434","40","59077903"
"chr7","60055346","60055628","chr2","30675117","30675402","45","29380229"
"chr7","60070601","60070900","chr16","69046043","69046343","43","8975442"
"chr7","60094416","60094718","chr17","73227366","73227676","38","13132950"
"chr7","60095862","60096163","chr10","10378732","10379028","41","49717130"
"chr7","60102174","60102485","chr2","144129559","144129867","39","84027385"
"chr7","60129089","60129381","chr5","52449180","52449473","44","7679909"
"chr7","60222603","60222861","chr2","34315373","34315630","40","25907230"
"chr7","60309854","60310117","chr9","24560211","24560475","42","35749643"
"chr7","60313589","60313900","chr11","36769212","36769521","35","23544377"
"chr7","60334923","60335232","chr11","115044272","115044575","44","54709349"
"chr7","60351544","60351826","chr10","49321662","49321941","50","11029882"
"chr7","60354756","60355062","chr1","154447798","154448101","36","94093042"
"chr7","60357269","60357582","chr15","9873078","9873375","51","50484191"
"chr7","60382282","60382578","chr2","81991105","81991401","36","21608823"
"chr7","60415589","60415884","chr15","8303485","8303786","40","52112104"
"chr7","60417017","60417331","chr8","99548469","99548767","46","39131452"
"chr7","60418538","60418834","chr1","12826801","12827100","35","47591737"
"chr7","60423481","60423790","chr10","81279911","81280220","35","20856430"
"chr7","60425561","60425873","chr5","81950527","81950835","39","21524966"
"chr7","60438860","60439158","chr3","154866725","154867019","37","94427865"
"chr7","60487269","60487564","chr2","96826999","96827292","43","36339730"
"chr7","60510875","60511167","chr1","128477471","128477761","37","67966596"
"chr7","60524279","60524581","chr7","90971726","90972022","46","30447447"
"chr7","60542294","60542582","chr20","13114140","13114430","38","47428154"
"chr7","60590312","60590601","chr9","54648789","54649077","55","5941523"
"chr7","60591763","60592071","chr10","29855917","29856225","48","30735846"
"chr7","60596598","60596900","chr13","32817425","32817728","31","27779173"
"chr7","60614123","60614426","chr8","4572403","4572704","50","56041720"
"chr7","60653516","60653823","chrX","105763749","105764060","40","45110233"
"chr7","60673648","60673928","chr11","94605132","94605405","59","33931484"
"chr7","60692135","60692442","chr2","84986602","84986907","35","24294467"
"chr7","60708193","60708467","chr14","7830508","7830805","48","52877685"
"chr7","60732831","60733126","chr2","81991105","81991401","36","21258274"
"chr7","60737993","60738292","chr11","48614639","48614937","42","12123354"
"chr7","60743982","60744261","chr1","103829299","103829581","45","43085317"
"chr7","60758461","60758758","chrX","43647638","43647934","45","17110823"
"chr7","60762061","60762361","chr1","67368758","67369056","32","6606697"
"chr7","60774522","60774816","JH682036","358126","358421","32","60416396"
"chr7","60797529","60797833","chr10","82238305","82238605","46","21440776"
"chr7","60799630","60799917","chr1","42476755","42477044","39","18322875"
"chr7","60837402","60837695","chr4","32871781","32872078","44","27965621"
"chr7","60903944","60904219","chr16","68364432","68364716","54","7460488"
"chr7","60909089","60909210","chr5","130734246","130734368","32","69825157"
"chr7","60910169","60910291","chr16","6379392","6379511","24","54530777"
"chr7","60922123","60922413","chr1","42476755","42477044","40","18445368"
"chr7","60930883","60931138","chr16","40955770","40956015","48","19975113"
"chr7","60935012","60935310","chr10","70335100","70335400","46","9400088"
"chr7","60953454","60953770","chrX","62138072","62138382","55","1184618"
"chr7","60973062","60973379","chr12","93289737","93290045","54","32316675"
"chr7","60982033","60982330","chr3","160849351","160849651","42","99867318"
"chr7","60983453","60983727","chr1","15074337","15074605","39","45909116"
"chr7","61004435","61004730","chr7","25060372","25060670","29","35944063"
"chr7","61019371","61019625","chr6","171956247","171956509","50","110936876"
"chr7","61023604","61023885","chr17","23202455","23202744","44","37821149"
"chr7","61050298","61050591","chr16","1419036","1419322","39","59631262"
"chr7","61059486","61059619","chr2","147186002","147186130","27","86126516"
"chr7","61061969","61062261","chr3","78122440","78122733","36","17060471"
"chr7","61063366","61063675","chr1","8167206","8167514","49","52896160"
"chr7","61078177","61078459","chr11","24661575","24661861","44","36416602"
"chr7","61080121","61080407","chr9","22795677","22795968","40","38284444"
"chr7","61124976","61125278","chr5","143077499","143077790","56","81952523"
"chr7","61130501","61130803","chr16","21958952","21959252","33","39171549"
"chr7","61134098","61134359","chr5","129931710","129931977","49","68797612"
"chr7","61141270","61141548","chr8","40987832","40988114","50","20153438"
"chr7","61159766","61160077","chr8","120051374","120051685","38","58891608"
"chr7","61179853","61180144","chr20","26725185","26725483","51","34454668"
"chr7","61186619","61186915","chr1","219225924","219226223","44","158039305"
"chr7","61188260","61188548","chr3","40442931","40443220","40","20745329"
"chr7","61198153","61198437","chr7","13118073","13118369","53","48080080"
"chr7","61212148","61212438","chr11","120626708","120626998","35","59414560"
"chr7","61257640","61257958","chr2","135097917","135098238","53","73840277"
"chr7","61262393","61262676","chr1","31479476","31479756","40","29782917"
"chr7","61269403","61269701","chr1","49657247","49657546","41","11612156"
"chr7","61276329","61276623","chr2","184580196","184580486","48","123303867"
"chr7","61282266","61282537","chr4","10337240","10337517","41","50945026"
"chr7","61292374","61292659","chr16","21487653","21487941","41","39804721"
"chr7","61315615","61315904","chr2","184580196","184580486","42","123264581"
"chr7","61323327","61323611","chr19","1531777","1532064","60","59791550"
"chr7","61332108","61332205","chr6","174338072","174338169","15","113005964"
"chr7","61332549","61332771","chr15","29611756","29611978","37","31720793"
"chr7","61334924","61335227","chr13","32325637","32325935","54","29009287"
"chr7","61342798","61343096","chr2","123712519","123712817","37","62369721"
"chr7","61371248","61371550","chr3","17627009","17627312","47","43744239"
"chr7","61376576","61376876","chr7","123255911","123256206","39","61879335"
"chr7","61464871","61465190","chr1","199749826","199750136","53","138284955"
"chr7","61507912","61508229","chr1","124250793","124251086","66","62742881"
"chr7","61512550","61512837","chr9","108889025","108889312","44","47376475"
"chr7","61561986","61562245","chrX","105425938","105426197","45","43863952"
"chr7","61579360","61579655","chr2","184580196","184580486","41","123000836"
"chr7","61585234","61585543","chr7","77029098","77029406","36","15443864"
"chr7","61595275","61595571","chr2","38884008","38884302","39","22711267"
"chr7","61600076","61600374","chr2","99109730","99110024","37","37509654"
"chr7","61607392","61607687","chr3","45626371","45626668","33","15981021"
"chr7","61613846","61614129","chr9","41140613","41140887","60","20473233"
"chr7","61669655","61669958","chr11","108474262","108474559","37","46804607"
"chr7","61681813","61682112","chr4","74474905","74475205","34","12793092"
"chr7","61775248","61775538","chr5","170890007","170890294","47","109114759"
"chr7","61809210","61809510","JH682036","358126","358421","45","61451084"
"chr7","61840644","61840946","chr11","59744208","59744500","38","2096436"
"chr7","61843807","61843943","chr1","197772553","197772689","15","135928746"
"chr7","61860972","61861280","chr19","24212554","24212862","37","37648418"
"chr7","61870831","61871121","chr6","47089969","47090257","52","14780862"
"chr7","61872112","61872415","chr16","42090122","42090419","50","19781990"
"chr7","61918209","61918503","chr2","81270293","81270586","38","19352084"
"chr7","61919050","61919329","chr1","1510148","1510425","50","60408902"
"chr7","61922716","61923014","chr3","34969388","34969689","31","26953328"
"chr7","61937587","61937881","chrX","17634746","17635046","38","44302841"
"chr7","61971060","61971355","chr1","30035179","30035474","37","31935881"
"chr7","61983446","61983695","chr16","64612752","64612992","38","2629306"
"chr7","62015692","62015984","chr9","34818668","34818959","33","27197024"
"chr7","62055688","62055982","chr6","135655274","135655568","43","73599586"
"chr7","62059464","62059753","chr4","56627212","56627501","39","5432252"
"chr7","62066970","62067233","chrX","122712517","122712780","30","60645547"
"chr7","62072080","62072378","chr2","186451766","186452061","39","124379686"
"chr7","62079540","62079801","chr11","124795659","124795934","59","62716119"
"chr7","62084140","62084422","chr13","42976618","42976916","50","19107522"
"chr7","62092238","62092381","chr4","103459648","103459795","20","41367410"
"chr7","62109992","62110298","chr1","185101023","185101330","39","122991031"
"chr7","62196984","62197287","chr1","154447798","154448101","46","92250814"
"chr7","62218943","62219263","chr1","7460034","7460321","75","54758909"
"chr7","62226060","62226362","chr2","46682521","46682821","38","15543539"
"chr7","62244419","62244630","chr2","83100572","83100782","36","20856153"
"chr7","62264987","62265270","chr3","103259893","103260176","45","40994906"
"chr7","62266845","62267156","chr13","32817425","32817728","38","29449420"
"chr7","62273563","62273859","chr19","3064712","3065012","36","59208851"
"chr7","62310360","62310657","chr7","40750157","40750451","39","21560203"
"chr7","62343326","62343579","chr15","35980878","35981131","35","26362448"
"chr7","62346251","62346545","chr1","44950004","44950301","42","17396247"
"chr7","62373968","62374264","chr2","126433678","126433974","35","64059710"
"chr7","62388408","62388531","chr14","59616901","59617021","27","2771507"
"chr7","62388555","62388852","chr7","161475947","161476247","32","99087392"
"chr7","62389148","62389243","chr18","40943338","40943431","12","21445810"
"chr7","62406817","62407088","chr4","131374689","131374976","52","68967872"
"chr7","62438394","62438594","chr6","139423244","139423447","25","76984850"
"chr7","62438705","62438995","chr1","66971675","66971974","43","4532970"
"chr7","62444854","62445163","chr3","12603123","12603437","39","49841731"
"chr7","62467495","62467794","chr8","10295077","10295376","41","52172418"
"chr7","62480078","62480368","chr3","86560035","86560333","50","24079957"
"chr7","62489573","62489875","chr2","58033019","58033319","45","4456554"
"chr7","62494525","62494831","chr7","110431421","110431723","42","47936896"
"chr7","62502594","62502862","chr12","33478445","33478716","49","29024149"
"chr7","62516384","62516684","chr9","7025626","7025918","43","55490758"
"chr7","62520269","62520565","chr3","166368711","166369004","39","103848442"
"chr7","62530989","62531290","chr15","23363597","23363899","40","39167392"
"chr7","62534222","62534489","chr1","202707884","202708154","42","140173662"
"chr7","62548052","62548349","chr2","29153751","29154055","50","33394301"
"chr7","62550373","62550674","chr1","28118329","28118620","55","34432044"
"chr7","62551902","62552191","chr6","133004541","133004839","46","70452639"
"chr7","62557341","62557623","chr7","3933352","3933643","46","58623989"
"chr7","62560263","62560564","chr2","55010925","55011223","46","7549338"
"chr7","62571808","62572106","chr6","110676745","110677047","54","48104937"
"chr7","62577310","62577612","chr1","170967942","170968244","42","108390632"
"chr7","62580810","62580988","chr10","6375060","6375233","45","56205750"
"chr7","62584852","62585143","chr9","79342653","79342946","41","16757801"
"chr7","62603081","62603393","chrX","44002403","44002705","51","18600678"
"chr7","62613892","62614202","chr13","26382702","26383010","37","36231190"
"chr7","62618641","62618936","chr12","31837904","31838202","52","30780737"
"chr7","62620908","62621198","chr2","104291060","104291346","52","41670152"
"chr7","62637234","62637539","chr19","26909098","26909401","48","35728136"
"chr7","62642872","62643164","chr2","96826999","96827292","39","34184127"
"chr7","62653587","62653885","chr2","102989050","102989349","43","40335463"
"chr7","62657149","62657443","chr10","35069618","35069913","44","27587531"
"chr7","62666572","62666851","chr13","107989665","107989947","36","45323093"
"chr7","62678317","62678471","chr15","38135583","38135739","26","24542734"
"chr7","62706325","62706622","chr10","35692021","35692319","40","27014304"
"chr7","62731625","62731915","chr6","40350374","40350663","46","22381251"
"chr7","62750542","62750833","chr1","42476755","42477044","41","20273787"
"chr7","62752494","62752708","chr20","2258212","2258437","40","60494282"
"chr7","62762051","62762352","chr10","46007696","46008002","37","16754355"
"chr7","62769232","62769527","chr16","38954257","38954553","41","23814975"
"chr7","62777925","62778216","chr16","18796729","18797022","30","43981196"
"chr7","62799197","62799353","chr7","36815097","36815263","39","25984100"
"chr7","62804461","62804765","chr13","125134336","125134638","37","62329875"
"chr7","62805743","62806035","chr3","10482926","10483222","40","52322817"
"chr7","62806552","62806854","chr4","34703447","34703756","46","28103105"
"chr7","62813679","62813967","chr11","59744208","59744500","38","3069471"
"chr7","62839881","62840182","chr13","92596641","92596941","39","29756760"
"chr7","62857475","62857779","chr1","128155382","128155688","41","65297907"
"chr7","62859395","62859505","chr3","160368626","160368728","19","97509231"
"chr7","62865344","62865552","chr13","14568198","14568406","36","48297146"
"chr7","62866450","62866754","chrX","6292568","6292871","38","56573882"
"chr7","62872733","62873027","chr3","34792625","34792919","43","28080108"
"chr7","62879769","62879921","chr8","77287389","77287544","23","14407620"
"chr7","62882964","62883263","chr4","8673116","8673416","39","54209848"
"chr7","62907480","62907781","chr1","20012770","20013073","34","42894710"
"chr7","62915169","62915347","chr2","20763823","20763999","27","42151346"
"chr7","62928543","62928855","chr11","117310381","117310682","47","54381838"
"chr7","62938445","62938734","chrX","112314689","112314977","42","49376244"
"chr7","62941297","62941585","chr9","55644411","55644695","40","7296886"
"chr7","62958846","62959141","chr2","98940531","98940828","33","35981685"
"chr7","62961686","62961942","chr20","69861641","69861906","51","6899955"
"chr7","62972839","62973110","chr2","39029241","39029515","46","23943598"
"chr7","62977135","62977424","chr1","19176727","19177017","39","43800408"
"chr7","62984917","62985207","chr3","41188591","41188879","44","21796326"
"chr7","63080244","63080508","chr6","171956247","171956509","35","108876003"
"chr7","63097547","63097824","chrX","6649596","6649874","43","56447951"
"chr7","63135489","63135778","chr10","62315260","62315548","35","820229"
"chr7","63150555","63150848","chr11","59744208","59744500","35","3406347"
"chr7","63168203","63168495","chr1","11366377","11366670","37","51801826"
"chr7","63216428","63216722","chr3","114083653","114083947","41","50867225"
"chr7","63243919","63244222","chr12","96889677","96889982","38","33645758"
"chr7","63293263","63293552","chr19","47662689","47662983","43","15630574"
"chr7","63293866","63294176","chr16","58102209","58102520","46","5191657"
"chr7","63302690","63302739","chr16","42500001","42500051","10","20802689"
"chr7","63316660","63316967","chr6","128110448","128110754","45","64793788"
"chr7","63318482","63318744","chr12","21913995","21914257","43","41404487"
"chr7","63341716","63342000","chr7","133065043","133065330","32","69723327"
"chr7","63344948","63345240","chr4","42101884","42102172","50","21243064"
"chr7","63360061","63360351","chrX","20846410","20846706","45","42513651"
"chr7","63362972","63363257","chr2","113176615","113176906","43","49813643"
"chr7","63397082","63397382","chr12","93108642","93108929","57","29711560"
"chr7","63402760","63402892","chr16","44049998","44050130","15","19352762"
"chr7","63407886","63408171","chr3","55248645","55248932","39","8159241"
"chr7","63418391","63418692","chr14","101467082","101467382","39","38048691"
"chr7","63425294","63425584","chr5","124585312","124585602","39","61160018"
"chr7","63493271","63493586","chr14","10150082","10150392","57","53343189"
"chr7","63622748","63622885","chr11","60385781","60385916","25","3236967"
"chr7","63796799","63797093","chr10","27475321","27475611","41","36321478"
"chr7","63801528","63801695","chrX","90882706","90882878","22","27081178"
"chr7","63864957","63865253","chr11","88536600","88536893","46","24671643"
"chr7","63984285","63984566","chrX","139100323","139100604","40","75116038"
"chr7","64061079","64061380","chr2","24049704","24050010","52","40011375"
"chr7","64119232","64119557","chr12","63820146","63820469","43","299086"
"chr7","64153922","64154234","chr1","32178858","32179172","54","31975064"
"chr7","64265902","64266210","chr15","96588502","96588809","39","32322600"
"chr7","64419237","64419530","chr1","67368758","67369056","48","2949521"
"chr7","64424836","64425110","chr11","94605132","94605405","51","30180296"
"chr7","64454888","64455179","chr14","46214166","46214451","65","18240722"
"chr7","64460480","64460778","chr3","66701770","66702068","35","2241290"
"chr7","64743316","64743591","chr9","6093385","6093664","50","58649931"
"chr7","64976940","64977242","chr20","48541939","48542243","41","16435001"
"chr7","65045532","65045831","chr10","78749019","78749318","34","13703487"
"chr7","65063285","65063583","chr3","72042090","72042384","45","6978805"
"chr7","65072223","65072519","chr19","35482053","35482349","33","29590170"
"chr7","65145126","65145422","chr5","89929633","89929935","38","24784507"
"chr7","65145828","65145956","chr7","148602709","148602842","26","83456881"
"chr7","65150428","65150723","chr14","21158129","21158427","37","43992299"
"chr7","65204187","65204483","chr2","183405082","183405365","54","118200895"
"chr7","65210479","65210761","chr14","1773153","1773437","38","63437326"
"chr7","65244541","65244847","chr4","161348442","161348744","47","96103901"
"chr7","65254807","65255103","chr5","36968561","36968860","41","28286246"
"chr7","65256230","65256541","chr2","58033019","58033319","54","7223211"
"chr7","65281822","65282121","chr1","18100109","18100412","41","47181713"
"chr7","65298524","65298839","chr6","157477970","157478279","40","92179446"
"chr7","65307568","65307858","chr1","85450489","85450784","42","20142921"
"chr7","65318356","65318644","chr3","134867637","134867930","38","69549281"
"chr7","65321116","65321415","chr19","13105146","13105440","36","52215970"
"chr7","65323410","65323722","chr16","6940147","6940453","47","58383263"
"chr7","65331553","65331843","chr10","53067595","53067886","46","12263958"
"chr7","65335419","65335726","chr14","55474367","55474673","40","9861052"
"chr7","65356765","65357053","chr11","116479271","116479560","42","51122506"
"chr7","65369017","65369320","chr2","66292805","66293106","39","923788"
"chr7","65408512","65408632","chr8","75401438","75401550","18","9992926"
"chr7","65411407","65411708","chr8","25880010","25880309","41","39531397"
"chr7","65434172","65434481","chr18","26757177","26757480","30","38676995"
"chr7","65435255","65435562","chr12","83397023","83397331","42","17961768"
"chr7","65444746","65445031","chr1","206447940","206448229","41","141003194"
"chr7","65460733","65461031","chr1","206654681","206654988","39","141193948"
"chr7","65463469","65463760","chrX","7215594","7215891","43","58247875"
"chr7","65475791","65476084","chr1","24377961","24378253","35","41097830"
"chr7","65502706","65502946","chr3","173507444","173507689","42","108004738"
"chr7","65508739","65509043","chr12","82042102","82042404","38","16533363"
"chr7","65516897","65517224","chr1","110540983","110541312","46","45024086"
"chr7","65525207","65525518","chr3","139457691","139458000","37","73932484"
"chr7","65539622","65539921","chr3","170044311","170044609","45","104504689"
"chr7","65624708","65624913","chr7","155860210","155860412","32","90235502"
"chr7","65625253","65625553","chr7","128738576","128738870","42","63113323"
"chr7","65625857","65625998","chr3","10008224","10008365","17","55617633"
"chr7","65674593","65674899","chr10","46007696","46008002","32","19666897"
"chr7","65716470","65716752","chr13","25429301","25429585","35","40287169"
"chr7","65721788","65722059","chr16","1630024","1630299","41","64091764"
"chr7","65824766","65825044","chr1","33829544","33829823","34","31995222"
"chr7","65924571","65924866","chr1","213696925","213697221","36","147772354"
"chr7","65927212","65927528","chr11","103506852","103507170","47","37579640"
"chr7","65983993","65984289","chr1","213070791","213071090","31","147086798"
"chr7","65989046","65989357","chr10","67405046","67405353","34","1416000"
"chr7","66060395","66060680","chr9","96665611","96665895","38","30605216"
"chr7","66072445","66072731","chr7","52736490","52736780","36","13335955"
"chr7","66078509","66078819","chr10","29065380","29065690","38","37013129"
"chr7","66090894","66091178","chr12","44820258","44820548","46","21270636"
"chr7","66103186","66103485","chr16","21958952","21959252","40","44144234"
"chr7","66104493","66104796","chr11","4016647","4016949","32","62087846"
"chr7","66107614","66107865","chr3","1997406","1997669","57","64110208"
"chr7","66126696","66126841","chr8","110695573","110695720","27","44568877"
"chr7","66152712","66152935","chr4","68925665","68925885","53","2772953"
"chr7","66153123","66153174","chr3","31864991","31865040","6","34288132"
"chr7","66160553","66160848","chr13","117120627","117120921","31","50960074"
"chr7","66166383","66166683","chr1","147230260","147230554","51","81063877"
"chr7","66180553","66180824","chr2","39029241","39029515","59","27151312"
"chr7","66181307","66181597","chr10","87880515","87880812","48","21699208"
"chr7","66181675","66181930","chr13","108552245","108552502","44","42370570"
"chr7","66191456","66191760","chr15","96983547","96983850","34","30792091"
"chr7","66209438","66209736","chr2","44047045","44047343","47","22162393"
"chr7","66219587","66219901","chr7","77029098","77029406","48","10809511"
"chr7","66227835","66228124","chr2","184580196","184580486","31","118352361"
"chr7","66234962","66235271","chr9","93246072","93246385","38","27011110"
"chr7","66241743","66242023","chr6","160950382","160950664","50","94708639"
"chr7","66245532","66245799","chr13","46225644","46225911","46","20019888"
"chr7","66248000","66248303","chr13","32817425","32817728","35","33430575"
"chr7","66278265","66278549","chr11","109254012","109254304","42","42975747"
"chr7","66282994","66283283","chr9","57023538","57023829","43","9259456"
"chr7","66289398","66289711","chr13","64681802","64682100","55","1607596"
"chr7","66299923","66300221","chr16","36387848","36388149","47","29912075"
"chr7","66318537","66318845","chr13","23501079","23501388","33","42817458"
"chr7","66332326","66332623","chr10","32212628","32212940","47","34119698"
"chr7","66338136","66338427","chr10","69884013","69884300","49","3545877"
"chr7","66339573","66339878","chrX","90821322","90821629","34","24481749"
"chr7","66349487","66349787","chr16","10263822","10264120","39","56085665"
"chr7","66352322","66352609","chr19","38513628","38513926","48","27838694"
"chr7","66372178","66372392","chr16","49718170","49718388","34","16654008"
"chr7","66374548","66374847","chr3","179701033","179701322","49","113326485"
"chr7","66396427","66396715","chr1","125312140","125312429","46","58915713"
"chr7","66431669","66431976","chr9","61900736","61901039","36","4530933"
"chr7","66443747","66444056","chr4","10828530","10828827","45","55615217"
"chr7","66452716","66453026","chr19","43703663","43703967","53","22749053"
"chr7","66455343","66455635","chr2","42375373","42375675","48","24079970"
"chr7","66470320","66470624","chr11","4016647","4016949","37","62453673"
"chr7","66477682","66477983","chr3","174103998","174104302","51","107626316"
"chr7","66480882","66481153","chr3","41731990","41732269","47","24748892"
"chr7","66491733","66492026","chr3","133866579","133866872","42","67374846"
"chr7","66520644","66520941","chr9","84466373","84466663","40","17945729"
"chr7","66525751","66525915","chr2","97087214","97087378","25","30561463"
"chr7","66540564","66540881","chr16","10263822","10264120","57","56276742"
"chr7","66579065","66579342","chr1","204813267","204813556","48","138234202"
"chr7","66583555","66583849","chr20","21460034","21460330","47","45123521"
"chr7","66618012","66618276","chrX","122712517","122712780","35","56094505"
"chr7","66654381","66654673","chrX","21037301","21037595","36","45617080"
"chr7","66656635","66656922","chr17","30611756","30612052","45","36044879"
"chr7","66667316","66667616","chr1","18852431","18852735","41","47814885"
"chr7","66671406","66671703","chr1","127833040","127833336","41","61161634"
"chr7","66707429","66707723","chr6","142572268","142572563","37","75864839"
"chr7","66717840","66718136","chr15","90210594","90210890","34","23492754"
"chr7","66722440","66722745","chr2","100800229","100800536","40","34077789"
"chr7","66738045","66738337","chrX","118508904","118509203","38","51770859"
"chr7","66753238","66753541","chr16","47869063","47869366","40","18884175"
"chr7","66760899","66761187","chr7","79462230","79462520","44","12701331"
"chr7","66763397","66763650","chr10","17090334","17090586","45","49673063"
"chr7","66775658","66775984","chr12","94864566","94864878","56","28088908"
"chr7","66782098","66782442","chr17","88235800","88236138","68","21453702"
"chr7","66811097","66811278","chr1","171158646","171158829","31","104347549"
"chr7","66834340","66834658","chr1","30886272","30886580","47","35948068"
"chr7","66846071","66846363","chr6","126513888","126514183","42","59667817"
"chr7","66882179","66882482","chr1","7993999","7994304","41","58888180"
"chr7","66891005","66891288","chr7","132975622","132975901","39","66084617"
"chr7","66894903","66895210","chr13","61259817","61260123","35","5635086"
"chr7","66915367","66915663","chr17","27815793","27816090","44","39099574"
"chr7","66929767","66930064","chr3","20343471","20343768","41","46586296"
"chr7","66930839","66931128","chr8","10102742","10103034","45","56828097"
"chr7","66931399","66931695","chr9","54404234","54404532","42","12527165"
"chr7","66936833","66937118","chr1","124250793","124251086","42","57313960"
"chr7","66942341","66942638","chrX","68470020","68470315","41","1527679"
"chr7","66952002","66952305","chr7","42005009","42005314","51","24946993"
"chr7","66961828","66962119","chr11","13923018","13923298","46","53038810"
"chr7","66969104","66969399","chr2","160294100","160294401","45","93324996"
"chr7","66972848","66973156","chr19","33453255","33453551","51","33519593"
"chr7","66974216","66974514","chr14","105889694","105889996","45","38915478"
"chr7","66990915","66991192","chr1","34973312","34973595","47","32017603"
"chr7","66998023","66998324","chr3","130290294","130290595","36","63292271"
"chr7","67016257","67016556","chr4","43410637","43410938","37","23605620"
"chr7","67022782","67023081","chr10","71007147","71007444","60","3984365"
"chr7","67023861","67024165","chr1","25904320","25904629","41","41119541"
"chr7","67033152","67033454","chr1","195993908","195994215","41","128960756"
"chr7","67039463","67039747","chr10","62599315","62599597","55","4440148"
"chr7","67044467","67044712","chr6","116600933","116601179","32","49556466"
"chr7","67068969","67069263","chr5","45761871","45762171","44","21307098"
"chr7","67072845","67073140","chr1","91541910","91542202","40","24469065"
"chr7","67090849","67091138","chr3","127858081","127858376","37","60767232"
"chr7","67156799","67157079","chr2","83033645","83033931","55","15876846"
"chr7","67191242","67191535","chr1","116754803","116755099","38","49563561"
"chr7","67191795","67191856","chr1","139881170","139881236","13","72689375"
"chr7","67191945","67192149","chr2","29177277","29177485","32","38014668"
"chr7","67201624","67201915","chr10","71007147","71007444","44","3805523"
"chr7","67228754","67229042","chr6","116662162","116662454","42","49433408"
"chr7","67262554","67262852","chr3","45626371","45626668","36","21636183"
"chr7","67285916","67286193","chr16","1630024","1630299","27","65655892"
"chr7","67287448","67287747","chr7","158562964","158563263","31","91275516"
"chr7","67306651","67306875","chr1","98017364","98017581","35","30710713"
"chr7","67307352","67307417","chr10","73999930","74000000","15","6692578"
"chr7","67314973","67315248","chr3","178701270","178701546","47","111386297"
"chr7","67349826","67350133","chr4","69347489","69347789","33","1997663"
"chr7","67384422","67384737","chr1","199749826","199750136","50","132365404"
"chr7","67396150","67396453","chr3","34969388","34969689","33","32426762"
"chr7","67399881","67400198","chr14","67997600","67997886","64","597719"
"chr7","67606124","67606430","chr16","24435726","24436025","39","43170398"
"chr7","67634311","67634621","chr1","128155382","128155688","39","60521071"
"chr7","67752300","67752593","chr1","11366377","11366670","39","56385923"
"chr7","67781424","67781738","chr10","67405046","67405353","38","376378"
"chr7","67783497","67783788","chr6","142572268","142572563","33","74788771"
"chr7","67844115","67844415","chr10","72394915","72395215","39","4550800"
"chr7","68157678","68157982","chr19","24212554","24212862","43","43945124"
"chr7","68204223","68204516","chr7","133065043","133065330","32","64860820"
"chr7","68244471","68244778","chr1","13865146","13865450","44","54379325"
"chr7","68444949","68445241","chr2","163717069","163717363","38","95272120"
"chr7","68450217","68450517","chr4","69347489","69347789","35","897272"
"chr7","68549620","68549927","chr15","88475091","88475399","36","19925471"
"chr7","68582454","68582767","chr9","37660178","37660477","68","30922276"
"chr7","68606887","68607071","chr11","22017238","22017431","39","46589649"
"chr7","68757207","68757525","chrX","105763749","105764060","44","37006542"
"chr7","68934458","68934758","chr11","119675540","119675836","56","50741082"
"chr7","68951842","68952136","chr7","133742608","133742902","36","64790766"
"chr7","68973749","68974038","chr7","116541236","116541527","41","47567487"
"chr7","69119303","69119555","chr2","3958664","3958927","49","65160639"
"chr7","69258483","69258778","chr2","41849392","41849686","42","27409091"
"chr7","69275245","69275526","chr19","44121713","44121997","34","25153532"
"chr7","69292634","69292935","chr12","69639852","69640145","60","347218"
"chr7","69295810","69296118","chr16","2639048","2639357","45","66656762"
"chr7","69297371","69297678","chr20","48541939","48542243","43","20755432"
"chr7","69299057","69299348","chr9","15247736","15248032","40","54051321"
"chr7","69309318","69309608","chr7","72707693","72707981","40","3398375"
"chr7","69314406","69314710","chr1","37240837","37241146","50","32073569"
"chr7","69324040","69324311","chr6","133906036","133906320","57","64581996"
"chr7","69330937","69331223","chr10","62315260","62315548","35","7015677"
"chr7","69361084","69361358","chr2","39029241","39029515","36","30331843"
"chr7","69383502","69383806","chr11","39454827","39455131","38","29928675"
"chr7","69390396","69390524","chr4","12846401","12846518","21","56543995"
"chr7","69392665","69392848","chr9","61695943","61696134","37","7696722"
"chr7","69401303","69401590","chr2","43865771","43866050","55","25535532"
"chr7","69428740","69429016","chr15","22704808","22705082","47","46723932"
"chr7","69445578","69445860","chr15","78953274","78953566","53","9507696"
"chr7","69464916","69465212","chr19","3064712","3065012","34","66400204"
"chr7","69475500","69475781","chr1","40659470","40659761","46","28816030"
"chr7","69485782","69486071","chr7","90971726","90972022","58","21485944"
"chr7","69492567","69492857","chr15","103362570","103362871","48","33870003"
"chr7","69517068","69517369","chr2","90167138","90167438","46","20650070"
"chr7","69531903","69532201","chr14","63716116","63716415","40","5815787"
"chr7","69539618","69539906","chr7","160252905","160253204","41","90713287"
"chr7","69545818","69546128","chr12","20710479","20710784","34","48835339"
"chr7","69553501","69553791","chr10","78749019","78749318","41","9195518"
"chr7","69594564","69594870","chr1","7993999","7994304","40","61600565"
"chr7","69602486","69602746","chr2","99632317","99632577","49","30029831"
"chr7","69613676","69613966","chr16","18796729","18797022","47","50816947"
"chr7","69619952","69620238","chr4","23536564","23536839","52","46083388"
"chr7","69629125","69629435","chr14","5934954","5935260","45","63694171"
"chr7","69629703","69629975","chr16","1630024","1630299","45","67999679"
"chr7","69635047","69635343","chr8","118421988","118422286","47","48786941"
"chr7","69649828","69650101","chr3","151380668","151380942","52","81730840"
"chr7","69657354","69657640","chr9","92292916","92293201","41","22635562"
"chr7","69664994","69665300","chr4","100335145","100335457","41","30670151"
"chr7","69667377","69667666","chr1","56954077","56954369","58","12713300"
"chr7","69671598","69671921","chr9","59360623","59360932","46","10310975"
"chr7","69673009","69673288","chr3","121063814","121064094","44","51390805"
"chr7","69707066","69707355","chr7","117030480","117030769","39","47323414"
"chr7","69749406","69749682","chr11","130887266","130887559","51","61137860"
"chr7","69953701","69954004","chr19","5036420","5036718","46","64917281"
"chr7","69964831","69965142","chr20","26401661","26401973","33","43563170"
"chr7","70017859","70017952","chr1","54171412","54171503","13","15846447"
"chr7","70022648","70022934","chr7","129456939","129457235","42","59434291"
"chr7","70037600","70037933","chr9","56097647","56097972","68","13939953"
"chr7","70065784","70066022","chr3","87423234","87423477","39","17357450"
"chr7","70092819","70093125","chr15","98914064","98914371","31","28821245"
"chr7","70094891","70095179","chr14","57816135","57816421","35","12278756"
"chr7","70107259","70107559","chr7","16206849","16207148","39","53900410"
"chr7","70173265","70173531","chr11","104543888","104544165","45","34370623"
"chr7","70196366","70196620","chr7","151776343","151776597","50","81579977"
"chr7","70202658","70202852","chr1","54579002","54579197","41","15623656"
"chr7","70224564","70224864","chr11","64232477","64232772","48","5992087"
"chr7","70246980","70247272","chr20","21076068","21076368","42","49170912"
"chr7","70257965","70258252","chr7","90971726","90972022","35","20713761"
"chr7","70307976","70308288","chr19","4404930","4405233","43","65903046"
"chr7","70350034","70350325","chr7","64149462","64149753","38","6200572"
"chr7","70365260","70365563","chr13","85381776","85382074","54","15016516"
"chr7","70370351","70370654","chr2","28680570","28680867","47","41689781"
"chr7","70394543","70394850","chr19","33269032","33269342","44","37125511"
"chr7","70399317","70399614","chr18","12240080","12240373","40","58159237"
"chr7","70414483","70414801","chr4","139967759","139968069","52","69553276"
"chr7","70414953","70415253","chr6","124714488","124714790","40","54299535"
"chr7","70431648","70431938","chr7","4263661","4263952","40","66167987"
"chr7","70438753","70439045","chr1","43483243","43483537","41","26955510"
"chr7","70479056","70479236","chr14","46205210","46205405","43","24273846"
"chr7","70479324","70479595","chr2","100062378","100062646","50","29583054"
"chr7","70509248","70509540","chr6","56451711","56452003","35","14057537"
"chr7","70510021","70510305","chr10","67086596","67086885","48","3423425"
"chr7","70521122","70521373","chr20","46484406","46484655","40","24036716"
"chr7","70572273","70572567","chr7","36979903","36980199","34","33592370"
"chr7","70578159","70578279","chr16","3400065","3400178","22","67178094"
"chr7","70578523","70578622","chr2","88811777","88811874","15","18233254"
"chr7","70581359","70581479","chr16","3400065","3400178","22","67181294"
"chr7","70582349","70582448","chr2","88811777","88811874","15","18229428"
"chr7","70586367","70586501","chr15","84843929","84844065","22","14257562"
"chr7","70599745","70600021","chr4","42488516","42488797","46","28111229"
"chr7","70604507","70604800","chr1","35610412","35610711","43","34994095"
"chr7","70624225","70624502","chr11","13923018","13923298","36","56701207"
"chr7","70643029","70643236","chr7","26831792","26831996","48","43811237"
"chr7","70678166","70678469","chr3","44128938","44129239","39","26549228"
"chr7","70685914","70685998","chr1","212665284","212665369","11","141979370"
"chr7","70686251","70686374","chr14","59616901","59617021","17","11069350"
"chr7","70731516","70731822","chr11","64440364","64440673","53","6291152"
"chr7","70736978","70737288","chr3","41659431","41659734","60","29077547"
"chr7","70747529","70747814","chr8","76439046","76439334","46","5691517"
"chr7","70748592","70748876","chr9","69299863","69300137","49","1448729"
"chr7","70753593","70753811","chr15","689751","689962","53","70063842"
"chr7","70832566","70832845","chr16","45339014","45339298","37","25493552"
"chr7","70854617","70854904","chr2","98233357","98233645","46","27378740"
"chr7","70855813","70856123","chr5","46323000","46323312","36","24532813"
"chr7","70860341","70860650","chr1","7993999","7994304","38","62866342"
"chr7","70865466","70865766","chr1","178931782","178932092","50","108066316"
"chr7","70912946","70913248","chr15","96588502","96588809","39","25675556"
"chr7","70928083","70928390","chr9","115186336","115186643","39","44258253"
"chr7","70934062","70934349","chr3","160772561","160772858","46","89838499"
"chr7","71031330","71031621","chr2","184580196","184580486","34","113548866"
"chr7","71064034","71064305","chr18","38185873","38186149","41","32878161"
"chr7","71118283","71118581","chr3","9531529","9531830","46","61586754"
"chr7","71150754","71151043","chr12","62741269","62741568","42","8409485"
"chr7","71275715","71276019","chr7","131136176","131136477","45","59860461"
"chr7","71484931","71485220","chr1","181791465","181791753","38","110306534"
"chr7","71615249","71615510","chr2","69190125","69190410","49","2425124"
"chr7","71780463","71780766","chr6","58369168","58369471","46","13411295"
"chr7","71851113","71851395","chr16","44203969","44204255","39","27647144"
"chr7","71852594","71852896","chr14","53927134","53927436","41","17925460"
"chr7","71856332","71856619","chr11","9310201","9310496","41","62546131"
"chr7","71883767","71884069","chr11","88966345","88966635","50","17082578"
"chr7","71894653","71894862","chr1","130247835","130248045","33","58353182"
"chr7","71902844","71903096","chr11","80632503","80632762","54","8729659"
"chr7","71905304","71905576","chr19","32590740","32591017","55","39314564"
"chr7","71906620","71906905","chr4","103711473","103711761","47","31804853"
"chr7","71908463","71908764","chr2","40743330","40743631","40","31165133"
"chr7","71911378","71911672","chr1","39791375","39791670","41","32120003"
"chr7","71913290","71913585","chr16","55715676","55715976","36","16197614"
"chr7","71952671","71952949","chr1","191687899","191688176","33","119735228"
"chr7","71986006","71986337","chr16","9309800","9310141","80","62676206"
"chr7","72018777","72019082","chr8","9182425","9182723","36","62836352"
"chr7","72062885","72063196","chr9","13451067","13451375","39","58611818"
"chr7","72083574","72083864","chr8","50618249","50618537","47","21465325"
"chr7","72147354","72147664","chr13","41103921","41104227","35","31043433"
"chr7","72169821","72170129","chr5","153230421","153230728","40","81060600"
"chr7","72183747","72184034","chr12","31594155","31594447","44","40589592"
"chr7","72232889","72233181","chr1","179029493","179029788","45","106796604"
"chr7","72237664","72237958","chr10","16049988","16050292","46","56187676"
"chr7","72247710","72248028","chr18","45527299","45527604","49","26720411"
"chr7","72251683","72251971","chr6","142572268","142572563","34","70320585"
"chr7","72276212","72276513","chr14","10052509","10052814","43","62223703"
"chr7","72282738","72283025","chr2","77554990","77555284","45","5272252"
"chr7","72297522","72297817","chr15","1988979","1989274","36","70308543"
"chr7","72301180","72301478","chr11","59744208","59744500","35","12556972"
"chr7","72339297","72339602","chr15","59941487","59941783","42","12397810"
"chr7","72357084","72357383","chr16","11126268","11126568","41","61230816"
"chr7","72384520","72384796","chr1","33829544","33829823","49","38554976"
"chr7","72385026","72385338","chr12","39433555","39433866","48","32951471"
"chr7","72395152","72395453","chr3","127836231","127836530","43","55441079"
"chr7","72404202","72404496","chr9","12401759","12402054","40","60002443"
"chr7","72489553","72489846","chr3","127836231","127836530","50","55346678"
"chr7","72529239","72529546","chr1","134870452","134870755","38","62341213"
"chr7","72593215","72593461","chr9","1461049","1461289","48","71132166"
"chr7","72634235","72634515","chr13","101919472","101919753","39","29285237"
"chr7","72636234","72636524","chr9","92951223","92951525","52","20314989"
"chr7","72741297","72741590","chr3","44207119","44207413","44","28534178"
"chr7","72763851","72764137","chr2","41138574","41138855","46","31625277"
"chr7","72803769","72804064","chrX","68552000","68552299","35","4251769"
"chr7","72811476","72811767","chr2","186451766","186452061","40","113640290"
"chr7","72915382","72915672","chr16","56231923","56232210","40","16683459"
"chr7","72951005","72951300","chr3","162160688","162160978","61","89209683"
"chr7","72955893","72956150","chr4","85314799","85315055","42","12358906"
"chr7","72980387","72980686","chr5","2577333","2577630","39","70403054"
"chr7","72988113","72988393","chr13","64416561","64416845","36","8571552"
"chr7","73054486","73054781","chr1","67097369","67097671","45","5957117"
"chr7","73121409","73121708","chr11","8138169","8138470","35","64983240"
"chr7","73242496","73242794","chr5","35637455","35637751","35","37605041"
"chr7","73300752","73301028","chr16","50677381","50677664","48","22623371"
"chr7","73305245","73305538","chr2","144084745","144085032","34","70779500"
"chr7","73319575","73319888","chr1","181477297","181477603","39","108157722"
"chr7","73327077","73327354","chr8","120281248","120281528","48","46954171"
"chr7","73327997","73328286","chr15","73066833","73067123","38","261164"
"chr7","73334550","73334862","chr4","3145119","3145426","41","70189431"
"chr7","73336504","73336808","chr14","30842186","30842487","38","42494318"
"chr7","73350059","73350364","chr1","154447798","154448101","40","81097739"
"chr7","73352905","73353195","chr5","100102913","100103204","42","26750008"
"chr7","73402276","73402396","chr7","125149149","125149268","23","51746873"
"chr7","73402728","73402832","chr2","158182064","158182167","19","84779336"
"chr7","73405537","73405847","chr2","87207712","87208016","49","13802175"
"chr7","73406481","73406757","chr11","44329228","44329505","44","29077253"
"chr7","73412388","73412486","chr12","69723014","69723114","21","3689374"
"chr7","73421964","73422257","chr16","3687263","3687550","56","69734701"
"chr7","73423895","73424148","chr3","7548115","7548365","33","65875780"
"chr7","73433497","73433792","chr3","96495025","96495317","36","23061528"
"chr7","73433973","73434208","chr16","44892798","44893041","32","28541175"
"chr7","73448616","73448918","chr1","128733150","128733452","34","55284534"
"chr7","73451601","73451725","chr16","44049998","44050130","26","29401603"
"chr7","73461640","73461738","chr3","78022612","78022705","21","4560972"
"chr7","73472419","73472703","chr10","78749019","78749318","49","5276600"
"chr7","73477499","73477805","chr7","77029098","77029406","33","3551599"
"chr7","73487976","73488269","chr6","31393353","31393656","46","42094623"
"chr7","73513736","73514055","chr1","1234974","1235297","52","72278762"
"chr7","73519003","73519311","chr3","107368374","107368683","42","33849371"
"chr7","73523841","73524154","chr1","26306894","26307191","60","47216947"
"chr7","73526387","73526659","chr9","7025626","7025918","37","66500761"
"chr7","73574028","73574325","chr4","13663992","13664285","41","59910036"
"chr7","73589223","73589492","chr2","135177745","135178021","44","61588522"
"chr7","73591793","73592075","chr10","37627251","37627528","42","35964542"
"chr7","73615540","73615850","chr2","95278102","95278398","52","21662562"
"chr7","73655617","73655786","chr1","3897321","3897496","34","69758296"
"chr7","73736495","73736792","chr9","20941332","20941626","34","52795163"
"chr7","73739784","73740086","chr1","219225924","219226223","41","145486140"
"chr7","73767504","73767785","chr5","86238609","86238898","51","12471105"
"chr7","73784587","73784879","chrX","117850486","117850774","41","44065899"
"chr7","73792249","73792399","chr8","11059270","11059426","38","62732979"
"chr7","73817401","73817712","chr1","135866682","135866990","38","62049281"
"chr7","73862459","73862755","chr6","66149192","66149494","48","7713267"
"chr7","73910523","73910822","chr9","7025626","7025918","41","66884897"
"chr7","73912020","73912284","chr4","131374689","131374976","51","57462669"
"chr7","73923656","73923959","chr10","46007696","46008002","37","27915960"
"chr7","73943783","73944033","chr1","63894420","63894652","58","10049363"
"chr7","73954459","73954728","chr9","84610245","84610514","32","10655786"
"chr7","73968491","73968783","chr9","54879708","54880003","38","19088783"
"chr7","73996456","73996758","chr3","69228301","69228608","50","4768155"
"chr7","74024383","74024660","chr7","63503555","63503839","43","10520828"
"chr7","74103768","74104074","chr11","119329543","119329850","35","45225775"
"chr7","74168409","74168687","chr2","137606000","137606284","42","63437591"
"chr7","74174110","74174399","chr12","89828990","89829278","27","15654880"
"chr7","74194063","74194334","chr8","19778239","19778513","38","54415824"
"chr7","74206027","74206288","chr12","13511504","13511784","60","60694523"
"chr7","74216954","74217255","chr1","41946592","41946883","40","32270362"
"chr7","74290789","74291095","chr5","159154245","159154541","37","84863456"
"chr7","74342146","74342287","chr15","41427035","41427176","19","32915111"
"chr7","74343377","74343666","chr4","19757773","19758068","39","54585604"
"chr7","74364038","74364328","chr16","3687263","3687550","43","70676775"
"chr7","74398940","74399185","chr11","10762524","10762764","46","63636416"
"chr7","74412976","74413072","chr20","8524021","8524119","20","65888955"
"chr7","74415554","74415811","chr1","47626078","47626342","39","26789476"
"chr7","74421580","74421883","chr16","50298577","50298876","37","24123003"
"chr7","74456357","74456657","chr8","111500920","111501220","38","37044563"
"chr7","74484827","74485117","chr6","101163533","101163826","42","26678706"
"chr7","74491449","74491749","chr3","74390980","74391277","38","100469"
"chr7","74503287","74503555","chr3","39281112","39281388","47","35222175"
"chr7","74507817","74507921","chrX","33348734","33348848","22","41159083"
"chr7","74508031","74508223","chr5","89567023","89567218","32","15058992"
"chr7","74542213","74542500","chr1","94365322","94365615","45","19823109"
"chr7","74544946","74545083","chr13","41574633","41574770","22","32970313"
"chr7","74547549","74547843","chr6","56451711","56452003","36","18095838"
"chr7","74553690","74553986","chrX","20846410","20846706","35","53707280"
"chr7","74560197","74560492","chr2","5000035","5000319","66","69560162"
"chr7","74564996","74565302","chr6","124714488","124714790","42","50149492"
"chr7","74580335","74580626","chr2","96826999","96827292","37","22246664"
"chr7","74616279","74616583","chrX","28734753","28735052","41","45881526"
"chr7","74722820","74723123","chr15","29522390","29522690","47","45200430"
"chr7","74726479","74726785","chr4","132287893","132288193","48","57561414"
"chr7","74755454","74755766","chr8","90489504","90489817","47","15734050"
"chr7","74788268","74788543","chr9","51784847","51785122","41","23003421"
"chr7","74797244","74797489","chr1","217371309","217371564","49","142574065"
"chr7","74826355","74826643","chr10","69580792","69581075","39","5245563"
"chr7","74844715","74845023","chrX","43179195","43179504","39","31665520"
"chr7","74873852","74874145","chr4","36748568","36748868","44","38125284"
"chr7","74890498","74890834","chr11","71293684","71294011","64","3596814"
"chr7","74900604","74900897","chr19","50898678","50898974","42","24001926"
"chr7","74902807","74903113","chr11","36769212","36769521","38","38133595"
"chr7","74903515","74903612","chr10","79299764","79299863","19","4396249"
"chr7","74909607","74909914","chr1","123829563","123829868","45","48919956"
"chr7","74912258","74912531","chr2","155636216","155636491","41","80723958"
"chr7","74932060","74932369","chr7","77417664","77417971","34","2485604"
"chr7","74935383","74935690","chrX","128569263","128569566","42","53633880"
"chr7","74990972","74991287","chr2","180065275","180065586","45","105074303"
"chr7","75027106","75027414","chrX","3300129","3300424","56","71726977"
"chr7","75049196","75049493","chr2","38884008","38884302","42","36165188"
"chr7","75074292","75074583","chr3","12713884","12714173","38","62360408"
"chr7","75109943","75110229","chr20","19191326","19191624","46","55918617"
"chr7","75125602","75125911","chr2","101651204","101651504","39","26525602"
"chr7","75160310","75160608","chr1","134751031","134751328","35","59590721"
"chr7","75226114","75226420","chr11","2786416","2786725","47","72439698"
"chr7","75344243","75344538","chr11","59744208","59744500","37","15600035"
"chr7","75363696","75363981","chr3","13489445","13489734","38","61874251"
"chr7","75386809","75387089","chr10","35053601","35053885","41","40333208"
"chr7","75387561","75387862","chr8","31649147","31649450","45","43738414"
"chr7","75482439","75482735","chr9","3805446","3805756","49","71676993"
"chr7","75510007","75510220","chr8","114964293","114964505","22","39454286"
"chr7","75516569","75516845","chr16","41501626","41501896","63","34014943"
"chr7","75589192","75589489","chr3","45626371","45626668","34","29962821"
"chr7","75652874","75653178","chr16","12565059","12565364","39","63087815"
"chr7","75718083","75718219","chr13","46747819","46747958","18","28970264"
"chr7","75793585","75793841","chr1","212678739","212678991","37","136885154"
"chr7","75830704","75831001","chr17","30611756","30612052","33","45218948"
"chr7","75864036","75864332","chr15","78953274","78953566","37","3089238"
"chr7","76189910","76190201","chr7","52790744","52791034","47","23399166"
"chr7","76231786","76232095","chr7","111568211","111568517","37","35336425"
"chr7","76368706","76368985","chr1","4836670","4836950","40","71532036"
"chr7","76537114","76537408","chr11","59744208","59744500","28","16792906"
"chr7","76697640","76697937","chr16","3292540","3292833","43","73405100"
"chr7","76710290","76710514","chr7","121329046","121329267","29","44618756"
"chr7","76818707","76818997","chr2","184580196","184580486","39","107761489"
"chr7","76924836","76925146","chr1","11912016","11912323","46","65012820"
"chr7","76946464","76946763","chr1","44467311","44467608","37","32479153"
"chr7","76991590","76991925","chr8","43871928","43872251","78","33119662"
"chr7","77022247","77022314","chr19","5312213","5312269","21","71710034"
"chr7","77032310","77032618","chr9","32401914","32402221","40","44630396"
"chr7","77047110","77047400","chrX","118502219","118502511","44","41455109"
"chr7","77130989","77131267","chr1","30623551","30623836","52","46507438"
"chr7","77152980","77153277","chr3","45626371","45626668","34","31526609"
"chr7","77178378","77178666","chr6","142572268","142572563","42","65393890"
"chr7","77245288","77245598","chr13","84749688","84749992","65","7504400"
"chr7","77299761","77300071","chr14","90336936","90337245","44","13037175"
"chr7","77316266","77316566","chr12","86662303","86662604","34","9346037"
"chr7","77337185","77337487","chr4","75723216","75723521","44","1613969"
"chr7","77391595","77391886","chr3","135013668","135013964","39","57622073"
"chr7","77401669","77401944","chr16","10487157","10487432","38","66914512"
"chr7","77423968","77424262","chr6","135655274","135655568","42","58231306"
"chr7","77452317","77452615","chr12","58244299","58244591","43","19208018"
"chr7","77522242","77522552","chr5","52449180","52449473","53","25073062"
"chr7","77527043","77527344","chr1","208495775","208496077","49","130968732"
"chr7","77646573","77646848","chr1","201871139","201871415","39","124224566"
"chr7","77664035","77664332","chr12","69597135","69597433","43","8066900"
"chr7","77667408","77667721","chr11","12392177","12392484","41","65275231"
"chr7","77669119","77669424","chr15","7511435","7511732","48","70157684"
"chr7","77679362","77679664","chr3","170298095","170298394","47","92618733"
"chr7","77756671","77756963","chr15","78953274","78953566","44","1196603"
"chr7","77770922","77771214","chr6","151368944","151369238","44","73598022"
"chr7","77820270","77820560","chr7","133065043","133065330","26","55244773"
"chr7","77828469","77828764","chr11","59744208","59744500","42","18084261"
"chr7","77848739","77849036","chr1","45408270","45408578","46","32440469"
"chr7","77886407","77886705","chr7","16686663","16686967","35","61199744"
"chr7","77933435","77933736","chr15","9873078","9873375","44","68060357"
"chr7","77969202","77969504","chr2","46682521","46682821","35","31286681"
"chr7","78000459","78000759","chr10","34953248","34953546","40","43047211"
"chr7","78050516","78050819","chr20","41281745","41282048","38","36768771"
"chr7","78089798","78090093","chr14","55307372","55307665","36","22782426"
"chr7","78092308","78092600","chr20","21076068","21076368","44","57016240"
"chr7","78117731","78118046","chr10","12328165","12328474","58","65789566"
"chr7","78123847","78124137","chr1","94365322","94365615","34","16241475"
"chr7","78221425","78221718","chr20","20382567","20382868","50","57838858"
"chr7","78229896","78230189","chr7","116917341","116917634","41","38687445"
"chr7","78248859","78249099","chr3","50901308","50901545","31","27347551"
"chr7","78319120","78319432","chr5","129385621","129385931","49","51066501"
"chr7","78336764","78337041","chr11","46126255","46126535","45","32210509"
"chr7","78355060","78355350","chr2","92827254","92827547","38","14472194"
"chr7","78365690","78365994","chr1","35583154","35583459","40","42782536"
"chr7","78368652","78368951","chr3","34969388","34969689","46","43399264"
"chr7","78378984","78379279","chr6","85305680","85305977","43","6926696"
"chr7","78442509","78442826","chr16","58102209","58102520","48","20340300"
"chr7","78449324","78449626","chr1","123829563","123829868","40","45380239"
"chr7","78482266","78482557","chr1","212841578","212841874","38","134359312"
"chr7","78510713","78511015","chr20","51426494","51426803","44","27084219"
"chr7","78520940","78521247","chr14","48109028","48109330","45","30411912"
"chr7","78570188","78570489","chr19","3064712","3065012","34","75505476"
"chr7","78579013","78579301","chr7","133065043","133065330","30","54486030"
"chr7","78587981","78588285","chr8","29386987","29387291","38","49200994"
"chr7","78604093","78604394","chr2","102989050","102989349","43","24384957"
"chr7","78635236","78635544","chr9","57835064","57835373","30","20800172"
"chr7","78637872","78638170","chr18","15788387","15788669","48","62849485"
"chr7","78661352","78661638","chr6","150717417","150717697","43","72056065"
"chr7","78677986","78678288","chr8","97954664","97954965","33","19276678"
"chr7","78743295","78743590","chr1","185536349","185536645","35","106793054"
"chr7","78765994","78766298","chr1","11912016","11912323","37","66853978"
"chr7","78767802","78768103","chr16","17660066","17660366","36","61107736"
"chr7","78803746","78803972","chr13","71017466","71017686","29","7786280"
"chr7","78835873","78836179","chr2","50634219","50634525","40","28201654"
"chr7","78838150","78838418","chr8","39070610","39070870","48","39767540"
"chr7","78842590","78842886","chr11","108474262","108474559","39","29631672"
"chr7","78876714","78877007","chr1","128202446","128202737","40","49325732"
"chr7","78892562","78892872","chr3","137161683","137161990","46","58269121"
"chr7","79095618","79095894","chr1","33754909","33755189","34","45340709"
"chr7","79107664","79107965","chr6","113414976","113415281","35","34307312"
"chr7","79114199","79114497","chr3","173977091","173977395","34","94862892"
"chr7","79212211","79212504","chr5","162478601","162478895","38","83266390"
"chr7","79233533","79233829","chr1","47942809","47943107","37","31290724"
"chr7","79258740","79259037","chr7","90971726","90972022","34","11712986"
"chr7","79295348","79295410","chr20","26326682","26326744","11","52968666"
"chr7","79296973","79297266","chr16","18796729","18797022","32","60500244"
"chr7","79301713","79302052","chr7","161770952","161771277","61","82469239"
"chr7","79324082","79324375","chr7","75548412","75548705","61","3775670"
"chr7","79324709","79324862","chr8","113485040","113485194","21","34160331"
"chr7","79343810","79344113","chr1","55023211","55023521","44","24320599"
"chr7","79349460","79349759","chr2","46682521","46682821","32","32666939"
"chr7","79372568","79372866","chr12","93282134","93282430","31","13909566"
"chr7","79435457","79435750","JH682036","358126","358421","29","79077331"
"chr7","79456408","79456716","chr1","7993999","7994304","42","71462409"
"chr7","79475842","79476127","chr1","158198823","158199105","41","78722981"
"chr7","79483493","79483771","chr3","83075642","83075936","54","3592149"
"chr7","79506610","79506915","chr1","30886272","30886580","36","48620338"
"chr7","79521193","79521504","chr9","60077328","60077642","40","19443865"
"chr7","79532707","79533026","chr9","50750379","50750702","55","28782328"
"chr7","79534519","79534812","chrX","108069512","108069807","39","28534993"
"chr7","79536498","79536793","chr15","5688693","5688993","41","73847805"
"chr7","79546563","79546663","chr10","79957137","79957242","17","410574"
"chr7","79561645","79561952","chr15","42174254","42174563","31","37387391"
"chr7","79562435","79562732","chr16","19916877","19917169","45","59645558"
"chr7","79585373","79585606","chr13","24533468","24533712","43","55051905"
"chr7","79608176","79608442","chr1","190360719","190360980","41","110752543"
"chr7","79621767","79622056","chr16","1419036","1419322","30","78202731"
"chr7","79685345","79685524","chr15","42790613","42790798","34","36894732"
"chr7","79697516","79697815","chr12","86662303","86662604","33","6964787"
"chr7","79706769","79707068","chr13","90441242","90441551","38","10734473"
"chr7","79717621","79717929","chr4","2892469","2892769","37","76825152"
"chr7","79729724","79730049","chr5","58328415","58328701","71","21401309"
"chr7","79752005","79752292","chr1","19255420","19255708","38","60496585"
"chr7","79789405","79789730","chr13","67015543","67015852","55","12773862"
"chr7","79839538","79839822","chr4","20308358","20308649","38","59531180"
"chr7","79876430","79876735","chr9","61900736","61901039","33","17975694"
"chr7","79931744","79932031","chr10","81444150","81444452","48","1512406"
"chr7","79947753","79948035","chr6","147822924","147823209","45","67875171"
"chr7","79952704","79953002","chr3","8737956","8738254","43","71214748"
"chr7","79975844","79976065","chr10","21523974","21524196","37","58451870"
"chr7","80007715","80007798","chr19","19137044","19137126","12","60870671"
"chr7","80007859","80008136","chr14","64253785","64254058","39","15754074"
"chr7","80024846","80025125","chr10","49321662","49321941","47","30703184"
"chr7","80062410","80062711","chr16","66084794","66085093","38","13977616"
"chr7","80062713","80063009","chr6","142572268","142572563","33","62509555"
"chr7","80100041","80100348","chr1","39680927","39681223","49","40419114"
"chr7","80106447","80106681","chr12","58284409","58284644","35","21822038"
"chr7","80132898","80133188","chr1","124250793","124251086","37","44117895"
"chr7","80146373","80146737","chr8","75977606","75977959","82","4168767"
"chr7","80174374","80174674","chr12","98300764","98301051","41","18126390"
"chr7","80178502","80178799","chr9","79342653","79342946","35","835849"
"chr7","80180848","80181111","chr3","162219994","162220257","42","82039146"
"chr7","80181343","80181647","chrX","143121938","143122244","39","62940595"
"chr7","80191862","80192176","chr4","48802560","48802866","61","31389302"
"chr7","80192248","80192565","chr1","11912016","11912323","50","68280232"
"chr7","80200460","80200755","chr1","19176727","19177017","38","61023733"
"chr7","80208833","80209141","chrX","122095835","122096148","35","41887002"
"chr7","80219692","80219778","chr13","108438760","108438842","31","28219068"
"chr7","80219951","80220117","chr3","14928431","14928603","27","65291520"
"chr7","80230861","80231176","chr7","19552904","19553209","47","60677957"
"chr7","80241390","80241685","chr1","159897609","159897902","37","79656219"
"chr7","80248115","80248423","chrX","139012808","139013115","40","58764693"
"chr7","80251084","80251352","chr16","18796729","18797022","50","61454355"
"chr7","80277183","80277465","chr2","149808038","149808322","46","69530855"
"chr7","80279036","80279330","chr9","7025626","7025918","33","73253410"
"chr7","80300022","80300318","chr1","184665952","184666245","44","104365930"
"chr7","80306741","80307061","chr20","26488046","26488362","44","53818695"
"chr7","80311354","80311652","chr5","118229608","118229908","33","37918254"
"chr7","80313277","80313571","chr11","59744208","59744500","33","20569069"
"chr7","80334912","80335222","chr1","30908569","30908875","47","49426343"
"chr7","80349510","80349800","chr14","55307372","55307665","41","25042138"
"chr7","80356262","80356571","chr10","33030101","33030407","46","47326161"
"chr7","80362616","80362910","chr1","29380917","29381213","46","50981699"
"chr7","80366499","80366797","chr10","78749019","78749318","35","1617480"
"chr7","80375156","80375470","chr10","16049988","16050292","50","64325168"
"chr7","80380916","80381214","chrX","15713155","15713456","30","64667761"
"chr7","80384188","80384480","chr11","123398296","123398589","42","43014108"
"chr7","80389614","80389909","chr1","67368758","67369056","37","13020856"
"chr7","80391345","80391642","chr16","66426944","66427243","31","13964401"
"chr7","80473654","80473927","chrX","62378326","62378608","47","18095328"
"chr7","80499562","80499703","chr4","103459648","103459795","23","22960086"
"chr7","80552224","80552443","chr1","24229017","24229233","34","56323207"
"chr7","80563665","80563936","chr9","84372000","84372280","45","3808335"
"chr7","80587437","80587706","chr14","119229630","119229918","53","38642193"
"chr7","80594486","80594806","chr14","53927134","53927436","56","26667352"
"chr7","80621177","80621461","chr13","54441045","54441338","42","26180132"
"chr7","80630196","80630485","chr1","124412807","124413097","38","43782611"
"chr7","80658853","80659168","chr2","76933163","76933470","49","3725690"
"chr7","80664788","80665092","chr1","11025106","11025413","44","69639682"
"chr7","80701876","80702133","chr10","90525188","90525445","57","9823312"
"chr7","80718500","80718792","chr11","30626689","30626995","46","50091811"
"chr7","80748926","80749237","chr2","145808942","145809254","36","65060016"
"chr7","80752767","80753059","chr6","128266238","128266531","40","47513471"
"chr7","80811369","80811680","chr9","93246072","93246385","45","12434703"
"chr7","80950318","80950610","chr7","133065043","133065330","32","52114725"
"chr7","81010094","81010372","chr12","29804770","29805052","44","51205324"
"chr7","81026315","81026618","chr1","48444023","48444319","52","32582292"
"chr7","81056003","81056295","chr5","175774127","175774427","49","94718124"
"chr7","81057915","81058223","chr11","7017396","7017703","38","74040519"
"chr7","81062996","81063299","chr3","17627009","17627312","50","63435987"
"chr7","81085418","81085720","chr1","91521758","91522057","30","10436340"
"chr7","81118750","81119045","chr1","94365322","94365615","43","13246572"
"chr7","81159642","81159775","chr6","153592160","153592297","31","72432518"
"chr7","81167552","81167663","chr4","18435484","18435590","15","62732068"
"chr7","81192842","81192973","chr13","24992214","24992341","22","56200628"
"chr7","81194654","81194946","chr16","18796729","18797022","41","62397925"
"chr7","81216996","81217288","chrX","20846410","20846706","35","60370586"
"chr7","81283974","81284278","chr11","10098018","10098319","36","71185956"
"chr7","81343732","81344000","chr2","39029241","39029515","41","42314491"
"chr7","81356203","81356489","chr16","23339562","23339859","40","58016641"
"chr7","81373667","81373893","chr5","106625263","106625493","37","25251596"
"chr7","81392554","81392851","chr1","1866324","1866628","37","79526230"
"chr7","81411843","81412136","chr7","39150647","39150942","47","42261196"
"chr7","81419669","81419962","chr17","83808601","83808892","31","2388932"
"chr7","81488455","81488756","chr3","41659431","41659734","33","39829024"
"chr7","81488947","81489255","chr10","26504544","26504849","39","54984403"
"chr7","81504302","81504602","chr17","88324240","88324540","41","6819938"
"chr7","81538534","81538936","chr7","15157809","15158184","108","66380725"
"chr7","81554561","81554845","chrX","21721183","21721477","57","59833378"
"chr7","81564459","81564756","chr1","170967942","170968244","45","89403483"
"chr7","81610830","81611126","chrX","22446081","22446369","43","59164749"
"chr7","82064799","82064980","chr1","91637131","91637317","53","9572332"
"chr7","82091262","82091600","chr1","30728747","30729074","68","51362515"
"chr7","82102493","82102803","chrX","44962032","44962338","38","37140461"
"chr7","82140153","82140450","chr8","111500920","111501220","34","29360767"
"chr7","82188714","82189013","chr5","45376537","45376837","43","36812177"
"chr7","82191421","82191561","chr1","80937785","80937929","20","1253636"
"chr7","82210216","82210500","chr7","151875230","151875517","51","69665014"
"chr7","82225847","82226150","chr16","20356273","20356575","36","61869574"
"chr7","82233400","82233709","chr1","208230438","208230739","39","125997038"
"chr7","82247397","82247661","chr4","135313924","135314188","44","53066527"
"chr7","82270568","82270859","chr3","164913166","164913461","40","82642598"
"chr7","82365769","82366068","chr4","3588537","3588838","41","78777232"
"chr7","82404018","82404313","chr6","83909264","83909556","37","1505246"
"chr7","82404628","82404915","chr10","43180325","43180616","43","39224303"
"chr7","82801142","82801320","chr2","128514925","128515105","25","45713783"
"chr7","83372210","83372516","chr15","96588502","96588809","39","13216292"
"chr7","83374183","83374273","chr20","41045680","41045765","16","42328503"
"chr7","83439477","83439786","chr5","34129012","34129323","37","49310465"
"chr7","83454434","83454697","chr12","45247219","45247487","53","38207215"
"chr7","83553629","83553909","chr5","11046593","11046883","44","72507036"
"chr7","83715019","83715277","chr7","119271785","119272047","40","35556766"
"chr7","84011281","84011576","chr11","59744208","59744500","36","24267073"
"chr7","84054650","84054945","chr3","45626371","45626668","32","38428279"
"chr7","84521501","84521796","chr2","34315373","34315630","78","50206128"
"chr7","85029874","85030170","chr3","8737956","8738254","41","76291918"
"chr7","85241073","85241360","chr1","124250793","124251086","39","39009720"
"chr7","85295474","85295700","chr19","4770869","4771091","31","80524605"
"chr7","85407501","85407790","chr7","145672812","145673103","52","60265311"
"chr7","85502915","85503213","chr15","48151534","48151833","51","37351381"
"chr7","85577374","85577677","chr18","6455943","6456224","63","79121431"
"chr7","85584388","85584691","chr3","178044286","178044587","43","92459898"
"chr7","85592612","85592906","chr10","78749019","78749318","40","6843593"
"chr7","85595124","85595410","chr12","93108642","93108929","41","7513518"
"chr7","85596184","85596487","chr7","150944739","150945043","38","65348555"
"chr7","85611378","85611692","chr3","151759904","151760206","61","66148526"
"chr7","85621959","85622255","chr1","26306894","26307191","65","59315065"
"chr7","85635760","85636045","chr1","47942809","47943107","56","37692951"
"chr7","85653237","85653488","chr3","1571396","1571645","58","84081841"
"chr7","85705528","85705819","chr17","10114847","10115143","43","75590681"
"chr7","85735911","85736174","chr7","130654165","130654431","40","44918254"
"chr7","85760849","85761136","chr3","48298408","48298697","32","37462441"
"chr7","85818626","85818930","chr1","7993999","7994304","33","77824627"
"chr7","85891748","85892041","chr4","30081251","30081550","44","55810497"
"chr7","85896365","85896657","chr12","70142058","70142350","39","15754307"
"chr7","85896658","85896893","chr7","121329046","121329267","42","35432388"
"chr7","86104294","86104610","chr1","114716826","114717136","56","28612532"
"chr7","86143751","86144050","chr19","35482053","35482349","37","50661698"
"chr7","86145325","86145603","chr9","84372000","84372280","41","1773325"
"chr7","86152379","86152683","chr13","19017988","19018284","44","67134391"
"chr7","86157084","86157320","chr2","125505641","125505883","41","39348557"
"chr7","86178098","86178401","chr11","53969320","53969619","47","32208778"
"chr7","86186088","86186388","chr6","53239608","53239906","37","32946480"
"chr7","86203140","86203442","chr2","50634219","50634525","47","35568921"
"chr7","86247683","86247973","chr12","81748604","81748887","45","4499079"
"chr7","86357019","86357329","chr4","32648321","32648629","40","53708698"
"chr7","86357946","86358242","chr15","22561456","22561749","35","63796490"
"chr7","86377695","86377973","chr3","43954713","43954980","55","42422982"
"chr7","86452779","86453068","chr13","68982542","68982833","38","17470237"
"chr7","86462430","86462715","chr2","97434929","97435213","55","10972499"
"chr7","86471678","86471984","chr10","53774976","53775279","39","32696702"
"chr7","86478115","86478413","chr2","45035995","45036280","59","41442120"
"chr7","86500016","86500304","chr6","165724904","165725204","51","79224888"
"chr7","86533275","86533581","chr11","132079042","132079342","43","45545767"
"chr7","86552752","86553035","chr15","26878649","26878926","41","59674103"
"chr7","86557216","86557502","chr5","10106110","10106402","37","76451106"
"chr7","86559160","86559467","chr3","45563980","45564290","35","40995180"
"chr7","86593010","86593303","chr2","81270293","81270586","51","5322717"
"chr7","86623731","86624030","chr5","2577333","2577630","35","84046398"
"chr7","86663970","86664276","chr18","12432850","12433158","37","74231120"
"chr7","86711693","86711992","chr3","150776280","150776586","43","64064587"
"chr7","86718493","86718695","chr15","36541759","36541954","32","50176734"
"chr7","86747949","86748240","chr20","40802367","40802664","40","45945582"
"chr7","86810673","86810970","chr3","179974885","179975175","43","93164212"
"chr7","86850284","86850591","chr9","88756829","88757132","46","1906545"
"chr7","86910471","86910690","chr2","20276839","20277056","48","66633632"
"chr7","86938540","86938826","chr6","144918364","144918646","44","57979824"
"chr7","86999008","86999303","chr1","15291446","15291730","59","71707562"
"chr7","87096706","87096925","chr7","31179275","31179478","47","55917431"
"chr7","87107265","87107548","chr4","20045092","20045381","41","67062173"
"chr7","87171313","87171614","chr5","19387061","19387364","41","67784252"
"chr7","87171692","87171982","chr9","7025626","7025918","32","80146066"
"chr7","87200271","87200577","chr1","11912016","11912323","42","75288255"
"chr7","87203851","87204137","chr16","10263822","10264120","46","76940029"
"chr7","87206772","87207076","chr12","13891696","13891997","35","73315076"
"chr7","87217605","87217899","chr5","89929633","89929935","46","2712028"
"chr7","87244681","87244968","chr2","149310638","149310924","33","62065957"
"chr7","87253955","87254260","chr4","103942747","103943051","47","16688792"
"chr7","87263155","87263443","chr11","9953399","9953685","40","77309756"
"chr7","87264211","87264498","chr14","15577285","15577579","36","71686926"
"chr7","87271751","87272054","chr4","132287893","132288193","33","45016142"
"chr7","87287802","87288094","chr13","36087665","36087960","40","51200137"
"chr7","87301058","87301357","chr2","46682521","46682821","34","40618537"
"chr7","87314772","87315070","chr2","55010925","55011223","33","32303847"
"chr7","87335380","87335664","chr20","9467886","9468170","35","77867494"
"chr7","87337022","87337309","chr3","164913166","164913461","41","77576144"
"chr7","87345715","87346010","chr7","90971726","90972022","39","3626011"
"chr7","87355416","87355705","chr4","14816982","14817275","49","72538434"
"chr7","87356136","87356436","chr7","39676459","39676752","45","47679677"
"chr7","87359481","87359692","chr13","85748563","85748784","57","1610918"
"chr7","87367688","87367980","chr2","184580196","184580486","39","97212508"
"chr7","87375988","87376259","chr3","37000011","37000289","38","50375977"
"chr7","87380799","87381017","chr11","46280344","46280564","53","41100455"
"chr7","87382655","87382942","chr6","147822924","147823209","46","60440269"
"chr7","87417132","87417428","chr11","59744208","59744500","31","27672924"
"chr7","87425602","87425876","chr1","127703616","127703888","40","40278014"
"chr7","87447901","87448173","chr17","6973240","6973514","44","80474661"
"chr7","87495821","87495958","chr3","82623499","82623631","20","4872322"
"chr7","87500001","87500123","chr13","72094154","72094276","15","15405847"
"chr7","87529162","87529457","chr10","50949405","50949695","44","36579757"
"chr7","87567044","87567273","chr3","159234507","159234735","40","71667463"
"chr7","87596822","87597119","chr14","76942381","76942684","42","10654441"
"chr7","87604416","87604719","chr6","148752882","148753187","35","61148466"
"chr7","87618555","87618845","chr3","14906033","14906330","46","72712522"
"chr7","87658030","87658097","chr7","158275388","158275458","13","70617358"
"chr7","87660706","87660838","chr20","10775435","10775571","22","76885271"
"chr7","87661259","87661343","chr14","16326731","16326813","13","71334528"
"chr7","87676934","87677233","chr10","29691322","29691619","41","57985612"
"chr7","87705369","87705647","chr12","52370542","52370823","40","35334827"
"chr7","87743065","87743357","chr14","21158129","21158427","37","66584936"
"chr7","87752929","87753225","chr3","160772561","160772858","47","73019632"
"chr7","87756350","87756602","chr1","22858271","22858537","51","64898079"
"chr7","87760310","87760606","chr15","60145560","60145856","38","27614750"
"chr7","87775126","87775287","chr7","120733169","120733328","27","32958043"
"chr7","87780574","87780872","chr10","29691322","29691619","43","58089252"
"chr7","87785479","87785778","chr6","143561531","143561830","37","55776052"
"chr7","87789960","87790259","chrX","135036357","135036656","53","47246397"
"chr7","87791353","87791471","chr18","33375109","33375226","23","54416244"
"chr7","87803198","87803497","chr2","126907946","126908248","45","39104748"
"chr7","87816126","87816436","chr3","12603123","12603437","41","75213003"
"chr7","87836204","87836510","chr4","34099360","34099670","52","53736844"
"chr7","87856243","87856544","chr16","47869063","47869366","40","39987180"
"chr7","87917082","87917378","chr2","95278102","95278398","32","7361020"
"chr7","87922629","87922925","chr15","7561500","7561795","31","80361129"
"chr7","87946600","87946865","chr10","72017946","72018211","48","15928654"
"chr7","87969973","87970055","chr5","32121453","32121538","8","55848520"
"chr7","87975385","87975673","chr13","54441045","54441338","40","33534340"
"chr7","87984269","87984535","chr9","118961614","118961886","53","30977345"
"chr7","87986887","87987052","chr13","93249064","93249232","30","5262177"
"chr7","87993902","87994195","chr16","1419036","1419322","39","86574866"
"chr7","88010807","88011102","chr19","3064712","3065012","29","84946095"
"chr7","88012880","88013171","chr7","40750157","40750451","42","47262723"
"chr7","88014660","88014778","chr4","53194623","53194735","15","34820037"
"chr7","88027893","88028195","chr13","116647521","116647821","42","28619628"
"chr7","88038825","88039119","chr11","48999226","48999522","39","39039599"
"chr7","88044876","88045183","chr1","7993999","7994304","32","80050877"
"chr7","88048053","88048354","chrX","13595567","13595865","34","74452486"
"chr7","88062050","88062342","chr7","46326954","46327244","42","41735096"
"chr7","88098509","88098677","chr2","149543187","149543361","30","61444678"
"chr7","88103177","88103479","chr19","47662689","47662983","40","40440488"
"chr7","88122946","88123051","chr7","112310329","112310436","17","24187383"
"chr7","88127035","88127161","chr16","6379392","6379511","24","81747643"
"chr7","88146324","88146633","chr9","17279474","17279774","48","70866850"
"chr7","88240440","88240714","chr16","1630024","1630299","38","86610416"
"chr7","88272769","88273067","chr3","71169706","71170006","31","17103063"
"chr7","88356067","88356358","chr7","129456939","129457235","36","41100872"
"chr7","88964726","88965014","chr8","31655877","31656171","44","57308849"
"chr7","89028146","89028447","chr1","12965274","12965583","53","76062872"
"chr7","89144055","89144312","chr10","25924241","25924498","35","63219814"
"chr7","89151628","89151920","chr6","142572268","142572563","48","53420640"
"chr7","89198072","89198318","chr1","110833043","110833288","38","21634971"
"chr7","89207521","89207817","chr4","10828530","10828827","36","78378991"
"chr7","89302140","89302438","chr9","49799137","49799434","44","39503003"
"chr7","89411139","89411447","chr6","52354618","52354928","43","37056521"
"chr7","89533315","89533605","chr4","131374689","131374976","39","41841374"
"chr7","89561548","89561860","chr4","123240582","123240888","38","33679034"
"chr7","89596641","89596736","chr1","109969377","109969468","12","20372736"
"chr7","89703276","89703607","chr1","185086227","185086535","69","95382951"
"chr7","89706132","89706434","chr3","40741506","40741809","33","48964626"
"chr7","89711285","89711574","chr8","18019156","18019453","38","71692129"
"chr7","89715944","89716119","chr4","123075658","123075832","35","33359714"
"chr7","89731934","89732229","chr3","43678446","43678742","43","46053488"
"chr7","89732713","89732850","chr8","18228205","18228343","22","71504508"
"chr7","89745373","89745657","chrX","46297435","46297717","44","43447938"
"chr7","89753634","89753934","chr14","114488858","114489164","34","24735224"
"chr7","89777272","89777552","chr12","52370542","52370823","44","37406730"
"chr7","89976536","89976837","chr1","55023211","55023521","41","34953325"
"chr7","89983562","89983876","chr4","32177484","32177794","45","57806078"
"chr7","90009568","90009879","chr1","11912016","11912323","41","78097552"
"chr7","90026095","90026376","chr7","77017935","77018222","47","13008160"
"chr7","90031557","90031862","chr13","72948254","72948560","33","17083303"
"chr7","90140691","90140825","chr2","88064380","88064508","20","2076311"
"chr7","90148582","90148875","chr11","52916576","52916870","45","37232006"
"chr7","90164051","90164349","chr1","67368758","67369056","32","22795293"
"chr7","90254131","90254450","chr8","117922863","117923179","54","27668732"
"chr7","90262765","90263065","chr2","126433678","126433974","39","36170913"
"chr7","90284537","90284856","chr5","58207003","58207313","45","32077534"
"chr7","90436797","90437077","chr6","12014381","12014673","42","78422416"
"chr7","90475965","90476134","chr13","93249064","93249232","35","2773099"
"chr7","90476548","90476680","chr7","148603228","148603359","14","58126680"
"chr7","90479786","90480077","chr1","48444023","48444319","43","42035763"
"chr7","90488356","90488656","chr9","102157988","102158284","46","11669632"
"chr7","90518075","90518384","chr4","35717411","35717718","44","54800664"
"chr7","90748830","90749124","chr11","59744208","59744500","39","31004622"
"chr7","90883970","90884266","chr12","39078021","39078314","44","51805949"
"chr7","90960898","90961196","chr6","143561531","143561830","39","52600633"
"chr7","91014914","91015210","chr7","96230630","96230924","56","5215716"
"chr7","91108263","91108580","chr1","58098099","58098419","57","33010164"
"chr7","91326497","91326775","chr3","34094779","34095057","45","57231718"
"chr7","91341824","91342117","chr4","13663992","13664285","39","77677832"
"chr7","91427573","91427866","chr7","51447613","51447905","52","39979960"
"chr7","91471492","91471795","chr2","46682521","46682821","30","44788971"
"chr7","91551316","91551609","chr9","26771722","26772016","42","64779594"
"chr7","91811806","91812087","chr4","31083851","31084133","48","60727955"
"chr7","91877363","91877659","chr8","118107840","118108131","45","26230477"
"chr7","91972243","91972547","chr13","32817425","32817728","34","59154818"
"chr7","92223318","92223619","chr19","38513628","38513926","50","53709690"
"chr7","92224738","92225032","chr8","77571193","77571492","34","14653545"
"chr7","92442127","92442411","chr13","25429301","25429585","36","67012826"
"chr7","92527885","92528173","chr15","7511435","7511732","45","85016450"
"chr7","92736136","92736431","chr10","11737336","11737632","48","80998800"
"chr7","92829100","92829305","chr7","155860210","155860412","36","63031110"
"chr7","92901302","92901388","chr9","105893980","105894066","13","12992678"
"chr7","92952330","92952620","chr20","49701084","49701366","42","43251246"
"chr7","92956557","92956855","chr1","134086312","134086610","36","41129755"
"chr7","93177642","93177911","chr20","37408817","37409088","40","55768825"
"chr7","93390220","93390518","chr4","132783025","132783328","40","39392805"
"chr7","93481702","93481983","chr11","31253990","31254272","45","62227712"
"chr7","93626501","93626728","chr5","848416","848645","37","92778085"
"chr7","93627748","93628001","chrX","12259299","12259550","37","81368449"
"chr7","93890654","93890970","chr20","26471082","26471399","48","67419572"
"chr7","93907922","93908213","chr11","114923633","114923926","36","21015711"
"chr7","93938374","93938683","chr1","123829563","123829868","37","29891189"
"chr7","93942810","93943091","chr7","120064812","120065107","46","26122002"
"chr7","93977296","93977598","chr6","142572268","142572563","43","48594972"
"chr7","93990652","93990957","chr11","89115091","89115391","45","4875561"
"chr7","94045818","94046126","chr1","35583154","35583459","43","58462664"
"chr7","94066419","94066725","chr1","12498948","12499258","41","81567471"
"chr7","94090766","94091061","chr9","37613139","37613425","47","56477627"
"chr7","94169264","94169571","chr1","11912016","11912323","43","82257248"
"chr7","94352482","94352785","chr18","1444539","1444838","43","92907943"
"chr7","94440349","94440674","chr14","64214831","64215143","65","30225518"
"chr7","94608234","94608523","chr2","38884008","38884302","49","55724226"
"chr7","94666785","94667081","chr4","31928114","31928408","37","62738671"
"chr7","94710463","94710763","chr13","32817425","32817728","32","61893038"
"chr7","94807006","94807311","chr10","69521934","69522237","40","25285072"
"chr7","94820306","94820614","chrX","63576021","63576327","38","31244285"
"chr7","94890133","94890401","chr10","37817455","37817721","42","57072678"
"chr7","94919791","94920089","chr8","29386987","29387291","37","65532804"
"chr7","95008082","95008332","chr11","46291436","46291687","40","48716646"
"chr7","95152022","95152209","chr11","47791902","47792085","28","47360120"
"chr7","95152383","95152470","chr3","36838091","36838180","12","58314292"
"chr7","95184669","95184977","chr2","33086890","33087198","59","62097779"
"chr7","95385674","95385983","chr3","124597695","124597995","50","29212021"
"chr7","95604202","95604512","chr10","78317071","78317379","32","17287131"
"chr7","95620265","95620401","chr1","214125828","214125956","25","118505563"
"chr7","95644258","95644559","chr15","93971010","93971304","48","1673248"
"chr7","95670013","95670299","chr1","94365322","94365615","38","1304691"
"chr7","95740133","95740261","chr1","141345002","141345130","25","45604869"
"chr7","95879232","95879362","chr15","21096731","21096859","12","74782501"
"chr7","96021506","96021801","chr14","103204261","103204555","35","7182755"
"chr7","96093897","96094203","chr2","106418670","106418975","37","10324773"
"chr7","96133723","96134021","chr7","41529459","41529754","37","54604264"
"chr7","96165999","96166312","chr13","36338632","36338934","39","59827367"
"chr7","96171621","96171912","chr11","11882112","11882403","42","84289509"
"chr7","96232464","96232775","chr17","8929510","8929818","42","87302954"
"chr7","96333069","96333364","chr5","33844382","33844674","41","62488687"
"chr7","96349561","96349705","chr1","117677472","117677613","18","21327911"
"chr7","96439278","96439577","chr5","139991933","139992239","53","43552655"
"chr7","96524755","96525031","chr11","5462763","5463041","53","91061992"
"chr7","96545774","96546082","chrX","43179195","43179504","49","53366579"
"chr7","96592404","96592701","chr13","85339849","85340150","49","11252555"
"chr7","96695390","96695685","chr19","2435439","2435734","49","94259951"
"chr7","96806166","96806461","chr4","25555537","25555833","39","71250629"
"chr7","96887608","96887897","chr4","127965555","127965842","47","31077947"
"chr7","96946408","96946683","chr9","51784847","51785122","31","45161561"
"chr7","97021120","97021418","chr10","16049988","16050292","51","80971132"
"chr7","97038549","97038802","chr20","31015154","31015396","60","66023395"
"chr7","97098785","97099078","chr16","29987230","29987529","39","67111555"
"chr7","97202464","97202757","chr8","118107840","118108131","33","20905376"
"chr7","97203605","97203894","chr11","59744208","59744500","36","37459397"
"chr7","97231722","97232019","chr4","83157617","83157912","41","14074105"
"chr7","97248916","97249210","chr6","15401300","15401592","33","81847616"
"chr7","97274416","97274713","chr3","63552234","63552532","38","33722182"
"chr7","97314969","97315268","chrX","45487697","45487995","34","51827272"
"chr7","97323043","97323329","chr9","7025626","7025918","32","90297417"
"chr7","97351162","97351449","chr2","163396132","163396420","46","66044970"
"chr7","97374742","97375045","chr18","26757177","26757480","42","70617565"
"chr7","97376215","97376509","chr1","30080248","30080540","47","67295967"
"chr7","97414000","97414289","chr10","80301195","80301492","44","17112805"
"chr7","97419930","97420236","chr3","151247948","151248258","45","53828018"
"chr7","97426955","97427245","chr13","85932569","85932862","45","11494386"
"chr7","97438931","97439215","chr14","7576266","7576559","45","89862665"
"chr7","97453319","97453593","chr8","88869400","88869673","37","8583919"
"chr7","97462249","97462557","chr10","79660049","79660362","45","17802200"
"chr7","97481227","97481510","chr15","8335450","8335743","49","89145777"
"chr7","97482885","97483185","chr2","46682521","46682821","35","50800364"
"chr7","97499095","97499245","chr20","2251964","2252111","22","95247131"
"chr7","97499786","97500000","chr2","115384221","115384444","58","17884435"
"chr7","97503132","97503425","chr11","59744208","59744500","32","37758924"
"chr7","97505328","97505621","chr10","87129663","87129949","54","10375665"
"chr7","97506802","97507101","chr12","28487306","28487605","34","69019496"
"chr7","97511392","97511701","chr10","12214596","12214905","46","85296796"
"chr7","97512250","97512548","chr10","29691322","29691619","33","67820928"
"chr7","97520382","97520685","chr6","143561531","143561830","35","46041149"
"chr7","97676919","97677210","chr2","163443790","163444081","45","65766871"
"chr7","97708464","97708620","chr5","138328500","138328648","25","40620036"
"chr7","97722556","97722843","chrX","134515872","134516158","39","36793316"
"chr7","97805087","97805373","chr15","61029368","61029660","45","36775719"
"chr7","97868910","97869205","chrX","122676915","122677209","38","24808005"
"chr7","97879614","97879919","chr4","152907258","152907556","43","55027644"
"chr7","97975564","97975869","chr11","30830523","30830826","43","67145041"
"chr7","97981237","97981540","chr6","124714488","124714790","36","26733251"
"chr7","97999140","97999388","chr3","50901308","50901545","53","47097832"
"chr7","98118943","98119236","chr10","70855011","70855300","31","27263932"
"chr7","98139664","98139936","chr10","32091928","32092200","43","66047736"
"chr7","98140130","98140423","chr2","129299048","129299336","48","31158918"
"chr7","98178079","98178374","chr16","6848176","6848462","60","91329903"
"chr7","98210775","98211072","chr9","31646265","31646560","43","66564510"
"chr7","98221920","98222218","chr3","45626371","45626668","42","52595549"
"chr7","98321434","98321738","chr10","26965735","26966037","37","71355699"
"chr7","98330169","98330470","chr11","119520425","119520728","42","21190256"
"chr7","98339209","98339519","chr13","85064881","85065192","39","13274328"
"chr7","98405882","98406181","chr5","136194331","136194628","41","37788449"
"chr7","98429405","98429724","chr9","95701438","95701734","62","2727967"
"chr7","98638901","98639199","chr5","2577333","2577630","46","96061568"
"chr7","98685295","98685553","chr2","100327921","100328182","45","1642626"
"chr7","98688924","98689212","chr3","134867637","134867930","46","36178713"
"chr7","98692718","98693009","chr14","88134205","88134491","38","10558513"
"chr7","98700999","98701290","chr7","159175394","159175689","44","60474395"
"chr7","98703461","98703757","chr10","78749019","78749318","34","19954442"
"chr7","98712859","98713159","chr1","100688510","100688806","41","1975651"
"chr7","98752334","98752646","chr7","124693268","124693576","57","25940934"
"chr7","98769100","98769400","chr3","176830718","176831018","33","78061618"
"chr7","98792480","98792773","chr11","59744208","59744500","29","39048272"
"chr7","98796304","98796612","chr9","61900736","61901039","38","36895568"
"chr7","98799088","98799386","chr6","120689604","120689900","40","21890516"
"chr7","98799833","98800126","chr9","111114268","111114561","42","12314435"
"chr7","98803074","98803367","chr1","65473718","65474013","35","33329356"
"chr7","98818118","98818415","chr15","34700948","34701248","41","64117170"
"chr7","98827414","98827702","chrX","123457402","123457697","40","24629988"
"chr7","98945893","98946199","chr19","38513628","38513926","51","60432265"
"chr7","99001230","99001523","chr20","11238562","11238852","37","87762668"
"chr7","99011102","99011418","chr18","24005168","24005471","53","75005934"
"chr7","99069554","99069855","chr11","121687683","121687984","44","22618129"
"chr7","99121859","99122170","chr8","55379030","55379338","36","43742829"
"chr7","99131032","99131343","chr2","172554797","172555106","41","73423765"
"chr7","99135137","99135430","chr9","83562806","83563081","55","15572331"
"chr7","99360119","99360420","chr4","31017666","31017967","35","68342453"
"chr7","99516970","99517273","chr13","32817425","32817728","38","66699545"
"chr7","99775428","99775727","chr19","3064712","3065012","30","96710716"
"chr7","99864773","99865057","chr5","34137620","34137907","49","65727153"
"chr7","99945784","99946092","chr6","145229685","145229996","41","45283901"
"chr7","99972839","99973137","chr1","66532770","66533073","46","33440069"
"chr7","100116912","100117189","chr3","146493499","146493779","36","46376587"
"chr7","100154547","100154839","chr16","1419036","1419322","41","98735511"
"chr7","100175962","100176263","chr19","6166123","6166423","43","94009839"
"chr7","100208537","100208627","chrX","75553968","75554057","17","24654569"
"chr7","100235146","100235447","chr11","30830523","30830826","41","69404623"
"chr7","100305951","100306238","chr1","66838726","66839012","41","33467225"
"chr7","100346526","100346755","chr19","6355602","6355822","43","93990924"
"chr7","100541188","100541422","chr16","28277063","28277289","47","72264125"
"chr7","100551713","100552008","chr1","129877213","129877510","33","29325500"
"chr7","100582210","100582492","chr6","147822924","147823209","41","47240714"
"chr7","100587690","100587951","chr4","118305946","118306203","49","17718256"
"chr7","100620025","100620315","chr10","62315260","62315548","40","38304765"
"chr7","100659467","100659759","chr12","62828013","62828306","43","37831454"
"chr7","100691603","100691898","chr1","94365322","94365615","34","6326281"
"chr7","100693299","100693614","chr5","170875139","170875447","56","70181840"
"chr7","100764498","100764768","chr6","143287549","143287823","45","42523051"
"chr7","100795104","100795399","chr15","9867708","9868000","40","90927396"
"chr7","100845968","100846057","chr3","150400681","150400772","12","49554713"
"chr7","100865216","100865512","chrX","65137484","65137780","33","35727732"
"chr7","100890217","100890512","chr1","65658284","65658580","41","35231933"
"chr7","100897290","100897604","chr5","32469834","32470141","49","68427456"
"chr7","100920746","100921045","chr16","3267552","3267853","35","97653194"
"chr7","101068132","101068430","chr9","95162769","95163063","36","5905363"
"chr7","101091266","101091567","chr13","32817425","32817728","32","68273841"
"chr7","101100120","101100414","chr8","25582102","25582396","34","75518018"
"chr7","101148449","101148741","chr10","53067595","53067886","40","48080854"
"chr7","101578233","101578529","chr9","31646265","31646560","40","69931968"
"chr7","101650423","101650691","chr7","46642053","46642320","50","55008370"
"chr7","101655458","101655754","chr11","59744208","59744500","34","41911250"
"chr7","101683925","101684224","chr11","122608626","122608924","37","20924701"
"chr7","101760876","101761167","chr11","120626708","120626998","41","18865832"
"chr7","101813515","101813807","chr11","59744208","59744500","43","42069307"
"chr7","101890023","101890318","chr1","127833040","127833336","31","25943017"
"chr7","101963113","101963405","chr4","131374689","131374976","41","29411576"
"chr7","101982316","101982604","chr1","160296428","160296719","45","58314112"
"chr7","102238607","102238913","chrX","60892215","60892525","42","41346392"
"chr7","102318155","102318477","chr7","73560013","73560323","52","28758142"
"chr7","102468296","102468582","chr16","73287225","73287503","55","29181071"
"chr7","102500966","102501261","chr13","107030178","107030478","44","4529212"
"chr7","102583787","102584062","chr1","218423009","218423286","39","115839222"
"chr7","102668913","102669122","chr7","159598049","159598248","59","56929136"
"chr7","102693027","102693330","chr13","103869934","103870244","38","1176907"
"chr7","102712567","102712837","chr2","165757823","165758089","39","63045256"
"chr7","102777353","102777654","chr13","32817425","32817728","34","69959928"
"chr7","102859038","102859341","chr13","32817425","32817728","47","70041613"
"chr7","102919508","102919794","chr15","79364461","79364759","50","23555047"
"chr7","103001209","103001490","chr15","101493605","101493896","44","1507604"
"chr7","103005319","103005610","chr2","104954396","104954687","48","1949077"
"chr7","103052298","103052578","chr19","27945600","27945892","46","75106698"
"chr7","103061958","103062248","chr1","124377384","124377676","47","21315426"
"chr7","103295894","103296204","chr9","43568635","43568942","53","59727259"
"chr7","103371796","103372098","chr7","129456939","129457235","36","26085143"
"chr7","103487271","103487535","chr7","49208770","49209048","51","54278501"
"chr7","103491167","103491471","chr5","166713339","166713644","36","63222172"
"chr7","103498301","103498602","chr1","946135","946434","35","102552166"
"chr7","103545074","103545376","chr13","32817425","32817728","38","70727649"
"chr7","103547868","103548174","chr4","103846144","103846452","45","298276"
"chr7","103858225","103858538","chr3","34969388","34969689","48","68888837"
"chr7","103879142","103879408","chr1","22858271","22858537","44","81020871"
"chr7","103959249","103959533","chr20","49701084","49701366","35","54258165"
"chr7","103994380","103994711","chr10","82765575","82765898","60","21228805"
"chr7","104162196","104162488","chr7","39150647","39150942","59","65011549"
"chr7","104196332","104196602","chr3","78303544","78303823","56","25892788"
"chr7","104253031","104253328","chr2","102989050","102989349","39","1263981"
"chr7","104436062","104436339","chr6","155494350","155494633","50","51058288"
"chr7","104635579","104635853","chr1","201871139","201871415","46","97235560"
"chr7","105062722","105063023","chr8","51982899","51983200","43","53079823"
"chr7","105164671","105164978","chr5","173702377","173702681","51","68537706"
"chr7","105191312","105191624","chr8","65787843","65788164","71","39403469"
"chr7","105216552","105216841","chr2","112353176","112353468","46","7136624"
"chr7","105608403","105608668","chr4","135313924","135314188","39","29705521"
"chr7","105613543","105613842","chr15","103362570","103362871","35","2250973"
"chr7","105951803","105951952","chr1","7665332","7665475","39","98286471"
"chr7","105952043","105952161","chrX","33348734","33348848","25","72603309"
"chr7","106052168","106052455","chr1","25089117","25089401","46","80963051"
"chr7","106078986","106079285","chr7","26718463","26718762","35","79360523"
"chr7","106088858","106089139","chr11","48999226","48999522","44","57089632"
"chr7","106097490","106097790","chr7","19552904","19553209","40","86544586"
"chr7","106101263","106101555","chr2","184572052","184572344","43","78470789"
"chr7","106105268","106105564","chr18","49838043","49838335","55","56267225"
"chr7","106108221","106108481","chr11","7911759","7912023","37","98196462"
"chr7","106135282","106135565","chr19","7821204","7821487","48","98314078"
"chr7","106139148","106139428","chr18","55301930","55302215","48","50837218"
"chr7","106143481","106143822","chr7","37449373","37449676","67","68694108"
"chr7","106148296","106148597","chr19","3064712","3065012","33","103083584"
"chr7","106162009","106162298","chr1","124250793","124251086","34","18088784"
"chr7","106197556","106197763","chr20","29195665","29195876","33","77001891"
"chr7","106355644","106355739","chr3","78022612","78022705","8","28333032"
"chr7","106691694","106691994","chr16","6949294","6949602","41","99742400"
"chr7","106839141","106839438","chr7","15880327","15880625","43","90958814"
"chr7","106900287","106900575","chr4","7529452","7529750","45","99370835"
"chr7","107011457","107011753","chr6","142572268","142572563","38","35560811"
"chr7","107075628","107075908","chr20","38731505","38731786","68","68344123"
"chr7","107253390","107253683","chr18","12240080","12240373","42","95013310"
"chr7","107375481","107375772","chr4","26011438","26011737","46","81364043"
"chr7","107384620","107384908","chr11","131492005","131492296","41","24107385"
"chr7","107399674","107399948","chr1","124567798","124568069","47","17168124"
"chr7","107700169","107700473","chr9","25603269","25603573","38","82096900"
"chr7","107725754","107726050","chr20","62773757","62774047","47","44951997"
"chr7","107894964","107895260","chr14","111877236","111877529","44","3982272"
"chr7","107975382","107975684","chr9","61051096","61051398","45","46924286"
"chr7","108004491","108004782","chr18","6531332","6531627","44","101473159"
"chr7","108114108","108114410","chr13","32817425","32817728","31","75296683"
"chr7","108146971","108147262","chr3","6672310","6672602","46","101474661"
"chr7","108234910","108235022","chr4","20894283","20894397","21","87340627"
"chr7","108607553","108607842","chr5","70798041","70798334","48","37809512"
"chr7","108684230","108684519","chr7","16206849","16207148","40","92477381"
"chr7","108742584","108742702","chr6","148375288","148375408","14","39632704"
"chr7","109053637","109053932","chr8","18779780","18780079","55","90273857"
"chr7","109066231","109066527","chr14","21158129","21158427","48","87908102"
"chr7","109236104","109236331","chr5","106625263","106625493","45","2610841"
"chr7","109255209","109255505","chr4","21639394","21639688","45","87615815"
"chr7","109438030","109438314","chr6","150565896","150566187","46","41127866"
"chr7","109594801","109595069","chr14","28482811","28483074","59","81111990"
"chr7","109719953","109720229","chr5","72367596","72367873","47","37352357"
"chr7","109757253","109757563","chr7","111289591","111289900","40","1532338"
"chr7","109869143","109869416","chr4","24187061","24187345","50","85682082"
"chr7","109872562","109872873","chr10","35721750","35722053","55","74150812"
"chr7","109899668","109899955","chr9","37613139","37613425","39","72286529"
"chr7","110090752","110090997","chr16","58972818","58973067","49","51117934"
"chr7","110203268","110203575","chr3","164913166","164913461","47","54709898"
"chr7","110247640","110247937","chr1","124998618","124998915","34","14750978"
"chr7","110402227","110402526","chr2","46682521","46682821","33","63719706"
"chr7","110403488","110403715","chr5","106625263","106625493","32","3778225"
"chr7","110426259","110426571","chr18","51183412","51183721","33","59242847"
"chr7","110550409","110550495","chr1","76820796","76820882","10","33729613"
"chr7","111155543","111155834","chr9","7025626","7025918","38","104129917"
"chr7","111316940","111317235","JH682036","358126","358421","29","110958814"
"chr7","111344230","111344494","chr1","163301634","163301903","48","51957404"
"chr7","111367974","111368272","chr5","34428917","34429213","31","76939057"
"chr7","111491376","111491691","chr19","41674995","41675312","40","69816381"
"chr7","111507474","111507792","chr7","113654807","113655117","51","2147333"
"chr7","111523073","111523356","chr8","95960003","95960299","44","15563070"
"chr7","111545942","111546230","chr1","57946363","57946656","45","53599579"
"chr7","111576059","111576206","chr6","113054997","113055139","34","1478938"
"chr7","111604289","111604593","chr3","63138918","63139226","54","48465371"
"chr7","111739957","111740274","chr6","128302615","128302924","41","16562658"
"chr7","111771763","111772072","chr1","11912016","11912323","35","99859747"
"chr7","111790860","111791017","chr15","83193629","83193784","30","28597231"
"chr7","111867951","111868260","chr5","173702377","173702681","46","61834426"
"chr7","111945775","111946057","chr1","41910514","41910802","50","70035261"
"chr7","112165416","112165722","chr2","73070385","73070678","42","39095031"
"chr7","112197141","112197438","chr12","62741269","62741568","46","49455872"
"chr7","112210308","112210616","chr1","129567144","129567444","65","17356836"
"chr7","112564543","112564838","chr1","113722216","113722513","33","1157673"
"chr7","112613890","112614183","chr3","43400531","43400826","39","69213359"
"chr7","112738248","112738552","chrX","93343069","93343376","50","19395179"
"chr7","112868083","112868393","chr11","4016647","4016949","44","108851436"
"chr7","112889497","112889785","chr10","26225402","26225693","46","86664095"
"chr7","113145326","113145513","chr14","67965961","67966143","46","45179365"
"chr7","113145758","113145837","chr14","16326731","16326813","12","96819027"
"chr7","113282296","113282605","chr3","35164529","35164835","52","78117767"
"chr7","113287026","113287328","chr3","125389091","125389392","37","12102065"
"chr7","113297549","113297850","chr13","62991818","62992120","44","50305731"
"chr7","113334222","113334464","chr18","65667406","65667652","35","47666816"
"chr7","113417542","113417841","chr3","160772561","160772858","36","47355019"
"chr7","113433343","113433634","chr7","147648063","147648359","41","34214720"
"chr7","113440246","113440518","chr4","79455473","79455733","61","33984773"
"chr7","113476319","113476610","chr7","51613254","51613546","37","61863065"
"chr7","113486881","113487172","chr9","95162769","95163063","44","18324112"
"chr7","113501809","113502107","chr1","69746523","69746821","47","43755286"
"chr7","113504274","113504584","chrX","19148176","19148472","53","94356098"
"chr7","113525719","113526033","chr1","109599074","109599380","47","3926645"
"chr7","113532433","113532733","chr1","34161538","34161840","43","79370895"
"chr7","113541223","113541517","chr18","9647518","9647810","39","103893705"
"chr7","113550396","113550674","chr17","28303178","28303464","42","85247218"
"chr7","113609717","113610026","chr3","20381181","20381491","44","93228536"
"chr7","113610347","113610657","chr13","10893078","10893379","53","102717269"
"chr7","113639813","113640073","chr3","71188614","71188861","53","42451199"
"chr7","113669706","113670009","chr3","66332072","66332374","53","47337634"
"chr7","113678292","113678590","chr1","207075081","207075375","44","93396789"
"chr7","113686013","113686284","chr9","18328797","18329066","39","95357216"
"chr7","113686700","113686998","chr2","46682521","46682821","32","67004179"
"chr7","113691514","113691806","chr6","142572268","142572563","39","28880754"
"chr7","113711384","113711666","chr5","132631825","132632108","40","18920441"
"chr7","113717892","113718136","chr2","173196809","173197055","32","59478917"
"chr7","113734108","113734403","chr15","7511435","7511732","35","106222673"
"chr7","113793203","113793500","JH682036","358126","358421","41","113435077"
"chr7","113833752","113834053","chr2","102989050","102989349","44","10844702"
"chr7","113997503","113997764","chr4","79455473","79455733","35","34542030"
"chr7","114034930","114035236","chr1","20012770","20013073","38","94022160"
"chr7","114042256","114042533","chr3","43135407","43135692","58","70906849"
"chr7","114395337","114395592","chr1","41713973","41714231","51","72681364"
"chr7","114457382","114457682","chr12","68470545","68470847","51","45986837"
"chr7","114482296","114482599","chr11","6673783","6674089","52","107808513"
"chr7","114647003","114647284","chrX","21336133","21336417","46","93310870"
"chr7","114701579","114701721","chr1","80937785","80937929","18","33763794"
"chr7","114704915","114705084","chr2","97087214","97087378","26","17617701"
"chr7","114705176","114705464","chrX","62378326","62378608","44","52326850"
"chr7","114803814","114804131","chr3","180137945","180138265","68","65334131"
"chr7","114806853","114807141","chr15","8335450","8335743","40","106471403"
"chr7","114866405","114866693","chr16","31273411","31273700","43","83592994"
"chr7","114971654","114971894","chr3","66372752","66372986","37","48598902"
"chr7","114987139","114987432","chr3","151976518","151976819","53","36989379"
"chr7","115021427","115021733","chr3","126212106","126212413","50","11190679"
"chr7","115023150","115023450","chr2","55010925","55011223","37","60012225"
"chr7","115174617","115174920","chr9","61749418","61749718","34","53425199"
"chr7","115255824","115256116","chr10","79434294","79434590","49","35821530"
"chr7","115799314","115799590","chrX","93370410","93370689","42","22428904"
"chr7","116077864","116078142","chr11","47502132","47502410","41","68575732"
"chr7","116379518","116379848","chr4","51477395","51477703","67","64902123"
"chr7","116465923","116466213","chr2","115894653","115894944","40","571270"
"chr7","116545940","116546234","chr11","59744208","59744500","35","56801732"
"chr7","116759176","116759324","chr4","103459648","103459795","15","13299528"
"chr7","116797033","116797331","chr3","69228301","69228608","40","47568732"
"chr7","116928833","116929117","chr9","96665611","96665895","44","20263222"
"chr7","117282153","117282444","chr1","12638916","12639211","41","104643237"
"chr7","117362494","117362764","chr2","56396477","56396751","45","60966017"
"chr7","117475889","117476172","chr8","81721172","81721452","56","35754717"
"chr7","117485082","117485388","chr16","49861297","49861598","37","67623785"
"chr7","117539021","117539324","chr11","8138169","8138470","36","109400852"
"chr7","117624200","117624503","chr3","178397880","178398180","34","60773680"
"chr7","117648783","117649084","chr6","16697883","16698181","29","100950900"
"chr7","117704390","117704692","chr1","29491945","29492246","35","88212445"
"chr7","117729136","117729427","chr16","18796729","18797022","40","98932407"
"chr7","117773863","117774162","chr1","67368758","67369056","56","50405105"
"chr7","117830527","117830784","chr12","84916740","84916997","44","32913787"
"chr7","117832311","117832615","chr13","60734076","60734376","53","57098235"
"chr7","117834006","117834302","chr7","155237414","155237714","64","37403408"
"chr7","118045519","118045686","chr5","32447170","32447330","26","85598349"
"chr7","118069915","118070208","chr4","33860712","33861004","36","84209203"
"chr7","118137566","118137835","chr13","96327520","96327799","42","21810046"
"chr7","118385152","118385383","chr7","106517904","106518135","39","11867248"
"chr7","118486624","118486927","chr3","124597695","124597995","50","6111071"
"chr7","118570179","118570440","chr4","26675935","26676185","63","91894244"
"chr7","118591382","118591473","chr1","140851347","140851436","10","22259965"
"chr7","118666705","118667007","chr19","3064712","3065012","34","115601993"
"chr7","118723665","118723977","chr3","69228301","69228608","60","49495364"
"chr7","118757716","118758027","chr1","7993999","7994304","38","110763717"
"chr7","118976536","118976823","chr11","127403216","127403511","44","8426680"
"chr7","119048177","119048474","chr16","21639667","21639964","33","97408510"
"chr7","119049402","119049671","chr10","86243035","86243304","39","32806367"
"chr7","119337176","119337463","chr20","49701084","49701366","54","69636092"
"chr7","119377661","119377970","chr1","7993999","7994304","40","111383662"
"chr7","119424142","119424238","chr1","207305653","207305745","21","87881511"
"chr7","119494033","119494312","chr12","52370542","52370823","37","67123491"
"chr7","119593312","119593617","chr7","148791264","148791574","42","29197952"
"chr7","119796862","119797163","chr2","49218877","49219187","49","70577985"
"chr7","119944229","119944527","chr10","78749019","78749318","37","41195210"
"chr7","120012422","120012733","chr12","83397023","83397331","48","36615399"
"chr7","120132542","120132847","chr11","36769212","36769521","38","83363330"
"chr7","120137619","120137917","chr11","59744208","59744500","32","60393411"
"chr7","120177902","120178112","chr15","41121522","41121731","41","79056380"
"chr7","120217005","120217299","chr1","13957293","13957592","40","106259712"
"chr7","120306072","120306320","chr7","151776343","151776597","36","31470271"
"chr7","120432378","120432681","chr13","32817425","32817728","36","87614953"
"chr7","120452595","120452900","chr19","30423161","30423462","41","90029434"
"chr7","120471156","120471461","chr13","36338632","36338934","43","84132524"
"chr7","120510287","120510590","chr1","57946363","57946656","42","62563924"
"chr7","120548696","120548778","chr13","31730957","31731045","17","88817739"
"chr7","120611947","120612253","chr6","124714488","124714790","34","4102541"
"chr7","120632851","120633124","chr10","37817455","37817721","57","82815396"
"chr7","120683447","120683749","chr19","36815059","36815363","35","83868388"
"chr7","120834961","120835280","chr1","1234974","1235297","44","119599987"
"chr7","121051763","121052059","chr3","110049029","110049327","33","11002734"
"chr7","121137576","121137906","chr1","42445812","42446117","67","78691764"
"chr7","121150427","121150698","chr13","99894600","99894886","53","21255827"
"chr7","121194063","121194372","chr5","20116310","20116620","57","101077753"
"chr7","121200519","121200808","chr1","219677924","219678213","40","98477405"
"chr7","121237749","121238041","chr11","59744208","59744500","33","61493541"
"chr7","121238723","121239024","chr2","46682521","46682821","35","74556202"
"chr7","121263095","121263390","chr9","7025626","7025918","34","114237469"
"chr7","121273403","121273699","chr8","10295077","10295376","47","110978326"
"chr7","121274045","121274339","chr9","7025626","7025918","32","114248419"
"chr7","121338769","121339101","chr7","49945822","49946125","67","71392947"
"chr7","121367354","121367624","chr10","8157406","8157675","35","113209948"
"chr7","121422526","121422790","chr1","86344165","86344433","34","35078361"
"chr7","121461432","121461729","chr1","946135","946434","33","120515297"
"chr7","121500552","121500838","chr9","7025626","7025918","35","114474926"
"chr7","121505087","121505225","chr1","197772553","197772689","18","76267466"
"chr7","121634209","121634326","chr6","148375288","148375408","14","26741079"
"chr7","121783697","121783993","chr2","101420626","101420922","46","20363071"
"chr7","122045905","122046200","chr8","37167222","37167520","38","84878683"
"chr7","122142475","122142760","chrX","43650401","43650690","37","78492074"
"chr7","122233058","122233352","chr11","59744208","59744500","30","62488850"
"chr7","122254980","122255277","chr10","62550782","62551081","41","59704198"
"chr7","122282540","122282876","chr10","22864589","22864926","45","99417951"
"chr7","122291028","122291324","chr2","38884008","38884302","32","83407020"
"chr7","122321076","122321381","chr18","23762985","23763286","36","98558091"
"chr7","122403282","122403591","chrX","18369355","18369664","46","104033927"
"chr7","122431832","122432109","chr3","162545240","162545525","58","40113408"
"chr7","122535980","122536128","chr15","24875659","24875811","27","97660321"
"chr7","122619075","122619335","chr17","55676940","55677197","47","66942135"
"chr7","122620246","122620535","chr10","20590808","20591093","43","102029438"
"chr7","122704914","122705216","chr19","12557275","12557573","45","110147639"
"chr7","122731364","122731659","chr12","13583646","13583944","44","109147718"
"chr7","122737702","122737998","chr4","10828530","10828827","49","111909172"
"chr7","122746403","122746696","chr7","116541236","116541527","35","6205167"
"chr7","122768641","122768932","chr1","48444023","48444319","43","74324618"
"chr7","122769700","122770000","chrX","90854802","90855099","37","31914898"
"chr7","122819173","122819443","chr2","165757823","165758089","43","42938650"
"chr7","122834064","122834356","chr16","18796729","18797022","33","104037335"
"chr7","122874142","122874405","chr7","125141660","125141921","39","2267518"
"chr7","122874506","122874792","chr7","49208770","49209048","51","73665736"
"chr7","122911340","122911642","chrX","6292568","6292871","44","116618772"
"chr7","122924945","122925240","chr5","32469834","32470141","53","90455111"
"chr7","122943686","122943776","chr14","65766055","65766144","15","57177631"
"chr7","122974214","122974433","chr11","14184781","14184995","34","108789433"
"chr7","123120822","123121109","chr1","42476755","42477044","40","80644067"
"chr7","123185681","123185970","chr9","37613139","37613425","39","85572542"
"chr7","123231648","123231919","chr4","35149771","35150034","59","88081877"
"chr7","123297126","123297306","chr11","84278767","84278947","28","39018359"
"chr7","123345300","123345597","chr3","45626371","45626668","34","77718929"
"chr7","123388910","123389197","chr1","205682687","205682975","38","82293777"
"chr7","123549784","123550085","chr2","96239962","96240258","35","27309822"
"chr7","123570902","123571200","chr7","13474578","13474886","47","110096324"
"chr7","123699569","123699872","chr5","174304373","174304675","50","50604804"
"chr7","123843612","123843914","chr2","103636690","103636999","41","20206922"
"chr7","124173649","124173779","chr9","12890266","12890398","19","111283383"
"chr7","124334250","124334484","chr1","89221195","89221432","34","35113055"
"chr7","124351600","124351929","chr9","79342653","79342946","67","45008947"
"chr7","124391156","124391450","chr10","35069618","35069913","48","89321538"
"chr7","124397413","124397700","chr10","62315260","62315548","45","62082153"
"chr7","124550070","124550383","chr3","35164529","35164835","38","89385541"
"chr7","124624161","124624460","chrX","106944464","106944762","48","17679697"
"chr7","124762980","124763283","chr1","1866324","1866628","31","122896656"
"chr7","124780116","124780453","chr8","118063941","118064263","66","6716175"
"chr7","124824406","124824700","chr3","160772561","160772858","41","35948155"
"chr7","124833467","124833766","chr3","45626371","45626668","35","79207096"
"chr7","124840466","124840757","chr11","114923633","114923926","37","9916833"
"chr7","124865309","124865622","chr7","16206849","16207148","56","108658460"
"chr7","124889043","124889339","chr7","159175394","159175689","36","34286351"
"chr7","124910517","124910807","chr15","48284602","48284897","41","76625915"
"chr7","124941579","124941888","chr13","32817425","32817728","40","92124154"
"chr7","124943157","124943446","chr7","133065043","133065330","37","8121886"
"chr7","125022730","125023034","chr10","59879761","59880065","39","65142969"
"chr7","125044050","125044344","chr6","142572268","142572563","39","17528218"
"chr7","125554165","125554464","chr13","32817425","32817728","31","92736740"
"chr7","125588527","125588804","chr15","39833640","39833918","44","85754887"
"chr7","125696908","125697209","chr11","8138169","8138470","36","117558739"
"chr7","125766889","125767078","chr16","22196832","22197018","29","103570057"
"chr7","125785319","125785631","chr19","29058377","29058683","46","96726942"
"chr7","125870858","125871152","chr8","99548469","99548767","35","26322389"
"chr7","125956068","125956321","chr16","28205620","28205871","39","97750448"
"chr7","125967586","125967887","chr12","31837904","31838202","42","94129682"
"chr7","125988834","125989118","chr6","165329904","165330188","37","39341070"
"chr7","126014222","126014512","chr9","66366305","66366593","39","59647917"
"chr7","126210901","126211176","chr1","101699440","101699709","50","24511461"
"chr7","126307657","126307964","chrX","142505359","142505669","49","16197702"
"chr7","126319679","126319953","chr1","130489015","130489299","48","4169336"
"chr7","126441605","126441697","chr3","150400681","150400772","14","23959076"
"chr7","126588826","126589061","chr1","14468200","14468440","41","112120626"
"chr7","126644832","126645093","chr7","40144205","40144467","53","86500627"
"chr7","126767569","126767864","chr1","85129851","85130148","44","41637718"
"chr7","126769572","126769878","chr7","77029098","77029406","38","49740474"
"chr7","126805331","126805580","chr16","44892798","44893041","40","81912533"
"chr7","126834075","126834383","chr4","75388049","75388359","37","51446026"
"chr7","126922487","126922723","chr1","9949597","9949824","38","116972890"
"chr7","127050775","127051067","chr1","91503217","91503513","34","35547558"
"chr7","127090062","127090341","chr10","30085573","30085855","35","97004489"
"chr7","127092017","127092200","chr16","42613262","42613447","32","84478755"
"chr7","127100433","127100729","chr2","102989050","102989349","40","24111383"
"chr7","127105317","127105606","chr7","133065043","133065330","32","5959726"
"chr7","127181673","127181974","chr20","9121389","9121691","39","118060284"
"chr7","127183507","127183728","chr9","44058022","44058252","46","83125485"
"chr7","127207301","127207619","chr3","134867637","134867930","69","7660336"
"chr7","127213582","127213876","chr7","16922933","16923228","50","110290649"
"chr7","127221143","127221372","chr4","154590299","154590531","35","27369156"
"chr7","127281242","127281533","chr3","103398952","103399243","36","23882290"
"chr7","127289748","127290051","chr15","96588502","96588809","36","30701246"
"chr7","127313783","127314089","chr5","173702377","173702681","38","46388594"
"chr7","127315135","127315430","chr4","20045092","20045381","41","107270043"
"chr7","127360021","127360329","chr2","144423348","144423659","35","17063327"
"chr7","127407427","127407721","chr10","62229956","62230249","39","65177471"
"chr7","127627280","127627577","chr10","48828469","48828768","43","78798811"
"chr7","127660887","127661201","chr6","124714488","124714790","47","2946399"
"chr7","127676600","127676768","chr1","92507019","92507191","26","35169581"
"chr7","127685900","127686195","chr3","35657443","35657739","34","92028457"
"chr7","127704327","127704629","chr2","186451766","186452061","38","58747439"
"chr7","127756337","127756645","chr11","36769212","36769521","34","90987125"
"chr7","127763322","127763581","chr10","25924241","25924498","36","101839081"
"chr7","127791462","127791757","chr6","124714488","124714790","37","3076974"
"chr7","127896946","127897217","chr19","10085854","10086129","47","117811092"
"chr7","127935615","127935933","chr17","8929510","8929818","55","119006105"
"chr7","128008082","128008305","chr5","54843171","54843398","37","73164911"
"chr7","128043057","128043359","chrX","27758302","27758608","41","100284755"
"chr7","128062469","128062765","chr11","59744208","59744500","32","68318261"
"chr7","128065381","128065711","chr12","35925032","35925339","81","92140349"
"chr7","128120730","128121034","chr20","61416903","61417208","45","66703827"
"chr7","128124139","128124429","chr8","76439046","76439334","37","51685093"
"chr7","128183808","128184094","chr2","168564679","168564973","49","40380871"
"chr7","128207877","128208109","chrX","44321441","44321669","35","83886436"
"chr7","128232231","128232521","chr7","129456939","129457235","38","1224708"
"chr7","128266332","128266589","chr18","50874536","50874793","45","77391796"
"chr7","128281510","128281807","chr11","31591981","31592280","35","96689529"
"chr7","128333621","128333923","chr11","50028965","50029264","31","78304656"
"chr7","128375835","128376142","chr13","23501079","23501388","35","104874756"
"chr7","128379445","128379736","chr2","96826999","96827292","45","31552446"
"chr7","128588411","128588704","chr11","31591981","31592280","42","96996430"
"chr7","128599828","128600111","chr2","184580196","184580486","50","55980368"
"chr7","128698526","128698777","chr7","46486517","46486770","47","82212009"
"chr7","128780831","128781117","chr10","62315260","62315548","30","66465571"
"chr7","128914622","128914927","chr1","67097369","67097671","40","61817253"
"chr7","129275951","129276220","chr16","24557015","24557276","50","104718936"
"chr7","129298016","129298299","chr16","11161826","11162107","43","118136190"
"chr7","129318054","129318343","chr12","93108642","93108929","37","36209412"
"chr7","129328034","129328327","chr11","4016647","4016949","37","125311387"
"chr7","129345037","129345323","chr6","32106975","32107261","54","97238062"
"chr7","129369501","129369796","chr4","14949121","14949425","41","114420380"
"chr7","129485260","129485491","chr15","90273115","90273354","50","39212145"
"chr7","129568792","129569076","chr20","50597547","50597833","45","78971245"
"chr7","129575717","129575990","chr1","163301634","163301903","48","33725917"
"chr7","129624772","129625073","chr9","85132193","85132498","34","44492579"
"chr7","129773772","129774057","chrX","62948145","62948432","44","66825627"
"chr7","129775190","129775492","chrX","15713155","15713456","41","114062035"
"chr7","129789415","129789692","chr16","39713988","39714268","39","90075427"
"chr7","129800134","129800438","chr5","34428917","34429213","41","95371217"
"chr7","129875474","129875795","chr11","94271683","94272001","44","35603791"
"chr7","129891320","129891630","chr17","8929510","8929818","41","120961810"
"chr7","130009118","130009424","chr2","95068228","95068528","48","34940890"
"chr7","130025229","130025533","chr2","56649143","56649449","38","73376086"
"chr7","130074711","130075006","chr3","169260164","169260459","36","39185453"
"chr7","130082645","130082902","chr9","20166452","20166727","49","109916193"
"chr7","130105453","130105712","chr14","36963811","36964073","40","93141642"
"chr7","130152525","130152811","chr9","57023538","57023829","38","73128987"
"chr7","130165299","130165587","chr5","57882317","57882608","40","72282982"
"chr7","130198557","130198894","chr1","94679803","94680159","69","35518754"
"chr7","130205452","130205754","chrX","21565382","21565683","46","108640070"
"chr7","130264134","130264417","chr3","81595520","81595808","40","48668614"
"chr7","130348985","130349281","chr1","48444023","48444319","52","81904962"
"chr7","130358351","130358656","chr5","132391377","132391683","47","2033026"
"chr7","130382148","130382433","chrX","123457402","123457697","43","6924746"
"chr7","130400855","130401149","chr10","62613928","62614216","34","67786927"
"chr7","130412356","130412500","chr4","103459648","103459795","13","26952708"
"chr7","130434957","130435226","chr2","165757823","165758089","55","35322866"
"chr7","130435797","130436098","chr9","25603269","25603573","34","104832528"
"chr7","130436856","130437160","chr6","124714488","124714790","38","5722368"
"chr7","130471388","130471693","chr4","3872146","3872447","36","126599242"
"chr7","130520444","130520739","chr7","16206849","16207148","38","114313595"
"chr7","130573139","130573431","chr3","1368884","1369176","31","129204255"
"chr7","130644838","130645147","chr18","36700162","36700474","37","93944676"
"chr7","130665191","130665475","chr2","45035995","45036280","38","85629196"
"chr7","130704935","130705228","chr7","133065043","133065330","33","2360108"
"chr7","130731708","130732004","chr19","35482053","35482349","44","95249655"
"chr7","131046663","131046956","chr1","19736141","19736436","38","111310522"
"chr7","131135881","131136175","chr3","44998366","44998666","53","86137515"
"chr7","131206867","131207170","chr1","937523","937822","45","130269344"
"chr7","131385687","131385949","chr10","60510552","60510824","44","70875135"
"chr7","131433078","131433368","chr11","114923633","114923926","42","16509445"
"chr7","131473131","131473433","chr6","124714488","124714790","47","6758643"
"chr7","131475442","131475732","chr7","133065043","133065330","35","1589601"
"chr7","131493267","131493570","chr1","95886582","95886886","34","35606685"
"chr7","131508299","131508609","chr1","18371867","18372176","41","113136432"
"chr7","131534409","131534711","chr2","46682521","46682821","36","84851888"
"chr7","131542026","131542320","chr7","64889391","64889684","53","66652635"
"chr7","131547364","131547642","chr2","41138574","41138855","41","90408790"
"chr7","131599526","131599829","chr11","52287005","52287308","37","79312521"
"chr7","131666219","131666496","chr1","12716391","12716670","42","118949828"
"chr7","131694289","131694593","chr14","64460254","64460553","41","67234035"
"chr7","131799800","131800005","chr2","101005336","101005559","46","30794464"
"chr7","131866800","131867081","chr4","108800307","108800597","42","23066493"
"chr7","132173364","132173658","chr3","45626371","45626668","32","86546993"
"chr7","132178563","132178869","chr16","47869063","47869366","44","84309500"
"chr7","132312303","132312603","chr7","91209706","91210005","40","41102597"
"chr7","132492267","132492563","chr4","25862188","25862463","59","106630079"
"chr7","132525864","132526161","chrX","113774987","113775282","41","18750877"
"chr7","132529985","132530264","chr5","148172410","148172693","34","15642425"
"chr7","132530869","132531156","chr12","93108642","93108929","35","39422227"
"chr7","132618718","132619006","chr12","35879319","35879611","39","96739399"
"chr7","132658849","132659110","chr5","142498060","142498319","49","9839211"
"chr7","132678287","132678597","chr5","2577333","2577630","41","130100954"
"chr7","132788201","132788473","chr20","26324160","26324436","41","106464041"
"chr7","133012814","133013124","chr3","127876014","127876324","36","5136800"
"chr7","133147453","133147767","chr2","163628461","163628763","44","30481008"
"chr7","133252969","133253261","chr19","33482990","33483282","42","99769979"
"chr7","133318700","133319003","chr6","128302615","128302924","38","5016085"
"chr7","133357770","133358055","chr1","134268423","134268712","39","910653"
"chr7","133465041","133465329","chr5","174512128","174512415","35","41047087"
"chr7","133512761","133513050","chr7","52736490","52736780","43","80776271"
"chr7","133876392","133876718","chr16","5594340","5594654","59","128282052"
"chr7","133951265","133951563","chr14","107437850","107438147","45","26513415"
"chr7","134071230","134071517","chr3","103398952","103399243","39","30672278"
"chr7","134178852","134179145","chr7","117030480","117030769","55","17148372"
"chr7","134243510","134243799","chr4","4064474","4064764","43","130179036"
"chr7","134478109","134478376","chr20","62623542","62623812","47","71854567"
"chr7","134789658","134789974","chr5","138199171","138199479","58","3409513"
"chr7","134889078","134889375","chr19","3064712","3065012","35","131824366"
"chr7","135122694","135122981","chr11","111564544","111564839","43","23558150"
"chr7","135184311","135184614","chrX","44962032","44962338","32","90222279"
"chr7","135450728","135451033","chr7","101118814","101119107","44","34331914"
"chr7","135468452","135468747","chr11","59744208","59744500","29","75724244"
"chr7","135504906","135505184","chr8","70343541","70343824","45","65161365"
"chr7","135505195","135505441","chr20","27256128","27256377","45","108249067"
"chr7","135605549","135605841","chr6","57093643","57093937","48","78511906"
"chr7","135665666","135665951","chr9","59353036","59353321","50","76312630"
"chr7","135851416","135851697","chr10","9923562","9923850","52","125927854"
"chr7","135867037","135867338","chr1","7993999","7994304","41","127873038"
"chr7","136227412","136227702","chr4","10912888","10913182","42","125314524"
"chr7","136535791","136536109","chr11","33968956","33969265","49","102566835"
"chr7","136669101","136669408","chrX","21382000","21382304","40","115287101"
"chr7","136722295","136722618","chr19","39729373","39729700","51","96992922"
"chr7","136754925","136755199","chr2","100062378","100062646","42","36692547"
"chr7","136799183","136799490","chr2","103636690","103636999","36","33162493"
"chr7","136971186","136971472","chr2","62282442","62282729","53","74688744"
"chr7","136975432","136975711","chr13","60843222","60843504","47","76132210"
"chr7","137330228","137330502","chr3","61412148","61412430","41","75918080"
"chr7","137585003","137585107","chr3","121610351","121610458","19","15974652"
"chr7","137669360","137669650","chr16","1419036","1419322","46","136250324"
"chr7","137679049","137679345","chr3","45626371","45626668","31","92052678"
"chr7","137716082","137716380","chr14","110732544","110732843","42","26983538"
"chr7","137961240","137961545","chr2","10503319","10503625","46","127457921"
"chr7","138008358","138008655","chr20","49007291","49007596","52","89001067"
"chr7","138401161","138401454","chr6","115604263","115604559","54","22796898"
"chr7","138404696","138404925","chr2","88599150","88599386","49","49805546"
"chr7","138437548","138437850","chr1","19239298","19239569","74","119198250"
"chr7","138469581","138469884","chr9","61900736","61901039","32","76568845"
"chr7","138519324","138519603","chr6","132179472","132179753","28","6339852"
"chr7","138655971","138656250","chr3","12262798","12263090","59","126393173"
"chr7","138701589","138701879","chr5","178660168","178660460","35","39958579"
"chr7","138743502","138743792","chr13","32817425","32817728","45","105926077"
"chr7","138811134","138811423","chr8","21516887","21517176","60","117294247"
"chr7","138821526","138821824","chr3","14186327","14186631","50","124635199"
"chr7","138829237","138829534","chr9","52806874","52807175","34","86022363"
"chr7","138937430","138937752","chr13","108004077","108004380","69","30933353"
"chr7","139010262","139010553","chr17","85837958","85838261","52","53172304"
"chr7","139066656","139066955","chr12","35162072","35162373","30","103904584"
"chr7","139227228","139227532","chr13","110788062","110788365","34","28439166"
"chr7","139266309","139266610","chr7","16206849","16207148","53","123059460"
"chr7","139283744","139284055","chr11","36769212","36769521","48","102514532"
"chr7","139308071","139308382","chr2","141725865","141726176","46","2417794"
"chr7","139447238","139447526","chr19","37605371","37605662","46","101841867"
"chr7","139686559","139686869","chr7","77029098","77029406","37","62657461"
"chr7","139725015","139725322","chr6","139676559","139676861","45","48456"
"chr7","139830287","139830438","chrX","25848795","25848947","18","113981492"
"chr7","139898769","139899061","chr1","52961864","52962162","48","86936905"
"chr7","139900890","139901167","chr2","96826999","96827292","53","43073891"
"chr7","139907142","139907435","chr1","52961864","52962162","50","86945278"
"chr7","139938430","139938724","chr2","95068228","95068528","48","44870202"
"chr7","140050587","140050886","chr3","45626371","45626668","39","94424216"
"chr7","140123645","140123948","chr15","107358584","107358891","50","32765061"
"chr7","140202744","140203042","chr1","22767476","22767771","48","117435268"
"chr7","140235320","140235637","chr4","51477395","51477703","61","88757925"
"chr7","140252229","140252530","chr19","3064712","3065012","32","137187517"
"chr7","140303489","140303717","chr11","53363977","53364195","34","86939512"
"chr7","140428715","140428976","chr7","125141660","125141921","39","15287055"
"chr7","140449292","140449544","chr11","71045850","71046097","41","69403442"
"chr7","140567783","140568068","chr7","40585620","40585912","56","99982163"
"chr7","140662751","140663045","chr6","110356311","110356608","45","30306440"
"chr7","140696171","140696490","chr8","118063941","118064263","48","22632230"
"chr7","140745698","140745966","chr2","49059917","49060182","45","91685781"
"chr7","140889535","140889832","chr4","130615568","130615870","37","10273967"
"chr7","140898040","140898341","chr19","3064712","3065012","31","137833328"
"chr7","140946913","140947205","chr10","16049988","16050292","45","124896925"
"chr7","140963176","140963486","chr4","14949121","14949425","44","126014055"
"chr7","141045104","141045357","chr14","14265647","14265901","42","126779457"
"chr7","141097207","141097419","chr4","35696760","35696973","35","105400447"
"chr7","141211420","141211728","chr2","156021941","156022254","46","14810521"
"chr7","141224118","141224419","chr7","96230630","96230924","48","44993488"
"chr7","141264199","141264462","chr2","185436449","185436704","48","44172250"
"chr7","141272684","141272941","chr10","25924241","25924498","59","115348443"
"chr7","141316556","141316819","chr4","36743938","36744205","47","104572618"
"chr7","141579673","141579939","chr19","18341184","18341444","41","123238489"
"chr7","141683009","141683308","chr2","106342948","106343248","45","35340061"
"chr7","141698643","141698932","chrX","115646933","115647204","62","26051710"
"chr7","141786059","141786365","chr16","20356273","20356575","37","121429786"
"chr7","141797658","141797949","chr14","11844210","11844506","53","129953448"
"chr7","141815046","141815344","chr1","213696925","213697221","52","71881879"
"chr7","141817749","141818041","chr1","190840737","190841024","57","49022988"
"chr7","141859318","141859609","chr1","152479919","152480213","48","10620601"
"chr7","141903100","141903392","chr1","64473474","64473765","47","77429626"
"chr7","142035557","142035877","chrX","15713155","15713456","58","126322402"
"chr7","142072248","142072550","chr20","49582789","49583091","35","92489459"
"chr7","142094880","142095173","chr7","36979903","36980199","44","105114977"
"chr7","142120730","142121041","chr10","67405046","67405353","33","74715684"
"chr7","142165021","142165331","chr20","26401661","26401973","40","115763360"
"chr7","142262189","142262491","chr12","103407958","103408258","48","38854231"
"chr7","142435639","142435905","chr1","127703616","127703888","44","14732023"
"chr7","142535313","142535571","chr5","31753931","31754194","51","110781382"
"chr7","142556671","142556959","chr8","36323871","36324159","34","106232800"
"chr7","142575905","142576214","chr1","53873835","53874134","53","88702070"
"chr7","142633474","142633730","chr4","162305040","162305294","42","19671566"
"chr7","142648747","142649051","chr8","37167587","37167888","49","105481160"
"chr7","143124664","143124963","chrX","91292457","91292757","36","51832207"
"chr7","143168751","143169046","chr11","112667792","112668088","38","30500959"
"chr7","143175295","143175592","chrX","27694686","27694979","49","115480609"
"chr7","143255929","143256224","chr16","4595173","4595473","35","138660756"
"chr7","143308192","143308490","chr16","70227258","70227557","52","73080934"
"chr7","143419231","143419496","chr4","134157189","134157460","42","9262042"
"chr7","143605721","143605988","chrX","122712517","122712780","43","20893204"
"chr7","143633021","143633296","chr1","108450990","108451265","50","35182031"
"chr7","143663959","143664239","chr13","8424569","8424855","48","135239390"
"chr7","143715370","143715612","chr16","44892798","44893041","43","98822572"
"chr7","143923416","143923709","chr9","7025626","7025918","31","136897790"
"chr7","143962886","143963172","chr17","10114847","10115143","47","133848039"
"chr7","143977400","143977698","chr13","107030178","107030478","41","36947222"
"chr7","143994443","143994735","chr4","13002327","13002618","45","130992116"
"chr7","144021518","144021823","chr6","124714488","124714790","43","19307030"
"chr7","144091795","144092110","chr2","144423348","144423659","44","331553"
"chr7","144092950","144093262","chr3","44152346","44152653","40","99940604"
"chr7","144267973","144268233","chr6","63882731","63882989","40","80385242"
"chr7","144348855","144349106","chr15","90883671","90883921","48","53465184"
"chr7","144411309","144411619","chr3","12603123","12603437","37","131808186"
"chr7","144446014","144446304","chr16","37325751","37326046","42","107120263"
"chr7","144491291","144491589","chr11","108474262","108474559","39","36017029"
"chr7","144555460","144555757","chr7","38013110","38013409","32","106542350"
"chr7","144567737","144568035","chrX","68646400","68646699","32","75921337"
"chr7","144631969","144632257","chrX","42585837","42586121","40","102046132"
"chr7","144654762","144655055","chr1","79952767","79953067","37","64701995"
"chr7","144734218","144734375","chr7","120733169","120733328","27","24001049"
"chr7","144740821","144741104","chr12","81748604","81748887","35","62992217"
"chr7","144805224","144805513","chr20","21460034","21460330","42","123345190"
"chr7","144839177","144839323","chr4","103459648","103459795","28","41379529"
"chr7","144881653","144881947","chr8","85566036","85566332","38","59315617"
"chr7","144911752","144912044","chr7","133065043","133065330","32","11846709"
"chr7","144914016","144914232","chr3","151807944","151808153","37","6893928"
"chr7","144914973","144915268","chrX","15713155","15713456","40","129201818"
"chr7","144934937","144935233","chr13","32817425","32817728","70","112117512"
"chr7","145068150","145068444","chr17","4956245","4956539","38","140111905"
"chr7","145107927","145108216","chr1","94365322","94365615","59","50742605"
"chr7","145166889","145167192","chr9","61900736","61901039","37","83266153"
"chr7","145214385","145214677","chr3","10482926","10483222","44","134731459"
"chr7","145217127","145217435","chr4","125474689","125474994","39","19742438"
"chr7","145254654","145254947","chr4","31928114","31928408","36","113326540"
"chr7","145339631","145339922","chr9","84365169","84365461","44","60974462"
"chr7","145464188","145464480","chr2","184580196","184580486","46","39116008"
"chr7","145475949","145476248","chr17","88324240","88324540","32","57151709"
"chr7","145698194","145698488","chr7","116917341","116917634","37","28780853"
"chr7","145705195","145705496","chr4","2892469","2892769","37","142812726"
"chr7","145744851","145745121","chr9","84610245","84610514","44","61134606"
"chr7","145823674","145823973","chr2","43296629","43296936","37","102527045"
"chr7","145842496","145842794","chr2","184572052","184572344","39","38729556"
"chr7","145872395","145872673","chr8","28825632","28825920","46","117046763"
"chr7","145907873","145908175","chr7","38216502","38216800","44","107691371"
"chr7","146159559","146159858","chr3","29819099","29819400","44","116340460"
"chr7","146219449","146219751","chr4","16559617","16559925","49","129659832"
"chr7","146239826","146240131","chr2","46682521","46682821","36","99557305"
"chr7","146251989","146252288","chr2","171679128","171679430","40","25427139"
"chr7","146261910","146262199","chrX","24932309","24932597","39","121329601"
"chr7","146361659","146361962","chr19","3064712","3065012","34","143296947"
"chr7","146363419","146363711","chr20","41238880","41239173","42","105124539"
"chr7","146403837","146404140","chr13","107030178","107030478","45","39373659"
"chr7","146603000","146603305","chr9","110990408","110990707","38","35612592"
"chr7","146697162","146697461","chr11","59744208","59744500","34","86952954"
"chr7","146714094","146714396","chr2","46682521","46682821","36","100031573"
"chr7","146736328","146736618","chr19","645039","645323","38","146091289"
"chr7","146959091","146959363","chr16","50279212","50279487","36","96679879"
"chr7","147053746","147054052","chr13","32817425","32817728","38","114236321"
"chr7","147100997","147101299","chr12","87487181","87487483","47","59613816"
"chr7","147157991","147158283","chr4","104548625","104548926","47","42609366"
"chr7","147177995","147178288","chr9","7025626","7025918","43","140152369"
"chr7","147188262","147188562","chr4","31017666","31017967","28","116170596"
"chr7","147281489","147281784","chr1","213070791","213071090","36","65789302"
"chr7","147305074","147305369","chr2","99109730","99110024","44","48195344"
"chr7","147341034","147341311","chr1","171838239","171838516","50","24497205"
"chr7","147393612","147393899","chr1","94365322","94365615","51","53028290"
"chr7","147395749","147396048","chr11","59744208","59744500","37","87651541"
"chr7","147396505","147396752","chr18","65667406","65667652","34","81729099"
"chr7","147416120","147416195","chr13","108438760","108438842","16","38977360"
"chr7","147432888","147433163","chr15","21464395","21464674","43","125968493"
"chr7","147666142","147666439","chr4","10828530","10828827","48","136837612"
"chr7","147735561","147735845","chr9","15247736","15248032","45","132487825"
"chr7","147865661","147865774","chr1","9878458","9878574","17","137987203"
"chr7","147878878","147879185","chrX","63576021","63576327","36","84302857"
"chr7","147892193","147892493","chr13","32817425","32817728","29","115074768"
"chr7","147950684","147950975","chr2","38786448","38786745","47","109164236"
"chr7","148101925","148102183","chr2","49059917","49060182","39","99042008"
"chr7","148179663","148179887","chr6","84525818","84526042","45","63653845"
"chr7","148241386","148241686","chr3","103130117","103130419","46","45111269"
"chr7","148287319","148287536","chrX","62997434","62997645","41","85289885"
"chr7","148343120","148343418","chr14","101467082","101467382","35","46876038"
"chr7","148360482","148360780","chr13","32817425","32817728","32","115543057"
"chr7","148395135","148395280","chr13","113529053","113529190","30","34866082"
"chr7","148404552","148404852","chr15","29522390","29522690","37","118882162"
"chr7","148408208","148408500","chr1","57946363","57946656","36","90461845"
"chr7","148427998","148428290","chr7","116541236","116541527","29","31886762"
"chr7","148434093","148434405","chr11","10098018","10098319","37","138336075"
"chr7","148453839","148454138","chr18","29686031","29686328","37","118767808"
"chr7","148471554","148471842","chr5","138323417","138323711","41","10148137"
"chr7","148487063","148487360","chr19","3064712","3065012","37","145422351"
"chr7","148491176","148491476","chr1","67368758","67369056","35","81122418"
"chr7","148545829","148546123","chr1","94365322","94365615","35","54180507"
"chr7","148550213","148550506","chr10","72862379","72862672","41","75687834"
"chr7","148560451","148560747","chr17","12455539","12455836","46","136104912"
"chr7","148578367","148578655","chr7","152625402","152625693","47","4047035"
"chr7","148595337","148595628","chr6","124714488","124714790","49","23880849"
"chr7","148597910","148598174","chr9","24560211","24560475","50","124037699"
"chr7","148598459","148598513","chr5","43625277","43625333","9","104973182"
"chr7","148601391","148601649","chr19","18341184","18341444","35","130260207"
"chr7","148620592","148620884","chr8","25582102","25582396","37","123038490"
"chr7","148643584","148643882","chr11","13702068","13702363","38","134941516"
"chr7","148652349","148652628","chr8","31481786","31482065","53","117170563"
"chr7","148658087","148658389","chr9","61900736","61901039","30","86757351"
"chr7","148717980","148718279","chr11","59744208","59744500","37","88973772"
"chr7","148787146","148787436","chr16","65663872","65664161","32","83123274"
"chr7","148801411","148801686","chr6","147008721","147008992","46","1792690"
"chr7","148813619","148813808","chr16","22196832","22197018","41","126616787"
"chr7","148814412","148814711","chr4","31017666","31017967","37","117796746"
"chr7","148905262","148905331","chr15","13404579","13404640","13","135500683"
"chr7","148911254","148911546","chr13","44802037","44802330","46","104109217"
"chr7","148927780","148928094","chrX","45626684","45626995","38","103301096"
"chr7","148932934","148933225","chr15","92973400","92973692","35","55959534"
"chr7","148950192","148950491","chr10","20549883","20550183","39","128400309"
"chr7","148950531","148950827","chr3","33506835","33507132","35","115443696"
"chr7","148972899","148973175","chr2","48632986","48633256","48","100339913"
"chr7","148973304","148973606","chr4","48612622","48612924","40","100360682"
"chr7","148982428","148982722","chr3","171647874","171648172","38","22665446"
"chr7","148988178","148988460","chr1","115610934","115611221","48","33377244"
"chr7","149001092","149001398","chr16","4494056","4494366","37","144507036"
"chr7","149018839","149019131","chr2","126433678","126433974","34","22585161"
"chr7","149045855","149046175","chr3","150902512","150902835","62","1856657"
"chr7","149053850","149054157","chr1","7993999","7994304","37","141059851"
"chr7","149062521","149062814","chr5","827139","827438","41","148235382"
"chr7","149079526","149079817","chr1","64035542","64035836","50","85043984"
"chr7","149080584","149080886","chr1","113917028","113917337","58","35163556"
"chr7","149088623","149088917","chr3","135859971","135860273","48","13228652"
"chr7","149107918","149108181","chr12","52123362","52123630","53","96984556"
"chr7","149225636","149225940","chr13","32817425","32817728","38","116408211"
"chr7","149231873","149232177","chr9","19850832","19851138","37","129381041"
"chr7","149246296","149246584","chr14","9330813","9331108","37","139915483"
"chr7","149273658","149273961","chr3","35715700","35716002","36","113557958"
"chr7","149372864","149373145","chr8","70343541","70343824","57","79029323"
"chr7","149382611","149382905","chr20","52007726","52008019","49","97374885"
"chr7","149386047","149386346","chr2","46682521","46682821","36","102703526"
"chr7","149537862","149538147","chr9","57023538","57023829","37","92514324"
"chr7","149753353","149753647","JH682036","358126","358421","33","149395227"
"chr7","149757664","149757965","chr20","40771336","40771636","47","108986328"
"chr7","149760378","149760684","chr4","92243710","92244017","38","57516668"
"chr7","149764121","149764410","chr1","204813267","204813556","45","55049146"
"chr7","149778163","149778422","chr18","16905667","16905920","43","132872496"
"chr7","149800181","149800476","chr1","114588504","114588799","56","35211677"
"chr7","149837478","149837773","chr14","111877236","111877529","37","37960242"
"chr7","149876622","149876876","chr1","124420303","124420554","36","25456319"
"chr7","149878504","149878809","chr1","128155382","128155688","30","21723122"
"chr7","149880099","149880413","chr13","32817425","32817728","38","117062674"
"chr7","149892462","149892577","chr6","148375288","148375408","22","1517174"
"chr7","149893407","149893640","chr4","148703870","148704079","56","1189537"
"chr7","149897491","149897778","chr3","48298408","48298697","42","101599083"
"chr7","149898081","149898366","chr6","128266238","128266531","39","21631843"
"chr7","149907627","149907926","chr5","56973726","56974023","43","92933901"
"chr7","149937488","149937788","chr20","66406767","66407064","40","83530721"
"chr7","149938597","149938890","chr13","60024122","60024411","34","89914475"
"chr7","150109729","150109952","chr16","49718170","49718388","30","100391559"
"chr7","150125540","150125839","chr6","31393353","31393656","37","118732187"
"chr7","150127642","150127956","chrX","46077400","46077706","47","104050242"
"chr7","150333420","150333660","chr7","24936105","24936346","33","125397315"
"chr7","150380342","150380580","chr7","24936105","24936346","30","125444237"
"chr7","150489066","150489368","chr3","14906033","14906330","39","135583033"
"chr7","150540448","150540744","chr16","37780600","37780889","39","112759848"
"chr7","150570520","150570817","chr4","3588537","3588838","40","146981983"
"chr7","150573441","150573729","chr19","32833953","32834244","55","117739488"
"chr7","150674674","150674876","chr1","54579002","54579197","33","96095672"
"chr7","150702866","150703174","chr1","11912016","11912323","43","138790850"
"chr7","150705250","150705545","chr6","126641819","126642115","40","24063431"
"chr7","150719582","150719858","chr1","115488600","115488886","56","35230982"
"chr7","150750990","150751294","chr6","53239608","53239906","35","97511382"
"chr7","150806113","150806415","chr6","71876031","71876327","51","78930082"
"chr7","150812049","150812346","chr2","38884008","38884302","40","111928041"
"chr7","150891973","150892266","chr1","65662451","65662746","40","85229522"
"chr7","150930643","150930934","chr2","28624536","28624818","45","122306107"
"chr7","150936150","150936464","chr15","22076086","22076397","47","128860064"
"chr7","150982301","150982594","chr4","33663349","33663650","35","117318952"
"chr7","151011644","151011941","chr1","185903042","185903338","31","34891398"
"chr7","151083797","151084093","chr6","163489747","163490043","47","12405950"
"chr7","151239542","151239719","chr11","53043496","53043681","34","98196046"
"chr7","151250850","151251114","chrX","37763597","37763857","45","113487253"
"chr7","151475478","151475774","chr13","36289","36581","44","151439189"
"chr7","151541320","151541617","chr18","28711939","28712231","46","122829381"
"chr7","151681226","151681529","chr12","64068852","64069156","48","87612374"
"chr7","151696792","151697100","chr4","3145119","3145426","41","148551673"
"chr7","151713137","151713348","chr3","175805682","175805890","27","24092545"
"chr7","151739752","151740064","chr3","61280488","61280798","34","90459264"
"chr7","151774265","151774563","chr14","21304583","21304882","35","130469682"
"chr7","151961838","151962147","chr6","162160403","162160715","35","10198565"
"chr7","151995256","151995546","chr16","56231923","56232210","47","95763333"
"chr7","152037152","152037459","chr13","125134336","125134638","36","26902816"
"chr7","152057330","152057637","chr1","150440547","150440847","43","1616783"
"chr7","152063936","152064238","chr1","152643716","152644019","45","579780"
"chr7","152137126","152137448","chr3","150413649","150413956","55","1723477"
"chr7","152277266","152277557","chr2","43087474","43087766","47","109189792"
"chr7","152455235","152455494","chr20","23378215","23378467","51","129077020"
"chr7","152486723","152487014","chr11","59744208","59744500","44","92742515"
"chr7","152622336","152622638","chr10","72394915","72395215","37","80227421"
"chr7","152628816","152629100","chrX","65477408","65477681","44","87151408"
"chr7","152661634","152661725","chr18","42413180","42413271","14","110248454"
"chr7","152699503","152699790","chr19","12557275","12557573","40","140142228"
"chr7","152780487","152780800","chr20","21298658","21298956","52","131481829"
"chr7","152969206","152969501","chr5","111972616","111972918","50","40996590"
"chr7","152996419","152996694","chr6","34328807","34329088","36","118667612"
"chr7","152999363","152999610","chr16","29714805","29715052","44","123284558"
"chr7","153012865","153013153","chr1","118003993","118004283","42","35008872"
"chr7","153145459","153145760","chr4","12276390","12276690","40","140869069"
"chr7","153188335","153188636","chr20","62869782","62870081","74","90318553"
"chr7","153261019","153261284","chr2","49059917","49060182","37","104201102"
"chr7","153270809","153271102","chr1","117921771","117922068","36","35349038"
"chr7","153328584","153328866","chr10","59202967","59203245","48","94125617"
"chr7","153357066","153357361","chr17","45095928","45096223","35","108261138"
"chr7","153474008","153474320","chr5","81950527","81950835","41","71523481"
"chr7","153476443","153476698","chr1","118138612","118138857","41","35337831"
"chr7","153517384","153517679","chr4","10912888","10913182","33","142604496"
"chr7","153561769","153562064","chr13","32817425","32817728","33","120744344"
"chr7","153584784","153585084","chr9","88756829","88757132","37","64827955"
"chr7","153624873","153625117","chr1","203926301","203926552","35","50301428"
"chr7","153729013","153729298","chr7","90648323","90648607","34","63080690"
"chr7","153940093","153940343","chrX","88088678","88088937","57","65851415"
"chr7","154020844","154021152","chr1","152625689","152625995","45","1395155"
"chr7","154159017","154159237","chr6","61779025","61779240","58","92379992"
"chr7","154276544","154276848","chr11","10098018","10098319","32","144178526"
"chr7","154360159","154360461","chr12","39530707","39531012","43","114829452"
"chr7","154371422","154371723","chr13","32817425","32817728","34","121553997"
"chr7","154445952","154446252","chr13","32817425","32817728","33","121628527"
"chr7","154519388","154519686","chr13","32817425","32817728","39","121701963"
"chr7","154606883","154607182","chr1","43053184","43053487","44","111553699"
"chr7","154635757","154636056","chr1","13865146","13865450","54","140770611"
"chr7","154689830","154690126","chr3","160772561","160772858","47","6082731"
"chr7","154693819","154694107","chr9","7025626","7025918","33","147668193"
"chr7","154790791","154791008","chr7","121329046","121329267","27","33461745"
"chr7","154939841","154940141","chr13","32817425","32817728","32","122122416"
"chr7","155002537","155002831","chr11","59744208","59744500","34","95258329"
"chr7","155031014","155031258","chr7","151126393","151126631","56","3904621"
"chr7","155052691","155053001","chr8","124123467","124123779","31","30929224"
"chr7","155114175","155114478","chr16","49624348","49624657","45","105489827"
"chr7","155126191","155126487","chr4","150540961","150541258","40","4585230"
"chr7","155239093","155239378","chr7","54586760","54587050","42","100652333"
"chr7","155335907","155336206","chr2","55010925","55011223","34","100324982"
"chr7","155363486","155363775","chr15","39847712","39848003","40","115515774"
"chr7","155438346","155438584","chr5","74349697","74349942","41","81088649"
"chr7","155446259","155446560","chr7","52736490","52736780","39","102709769"
"chr7","155457354","155457655","chr3","45626371","45626668","37","109830983"
"chr7","155477308","155477610","chr10","72394915","72395215","44","83082393"
"chr7","155508379","155508657","chr1","190242284","190242563","48","34733905"
"chr7","155660070","155660361","chr4","13346653","13346950","42","142313417"
"chr7","155786831","155787126","chr11","59744208","59744500","37","96042623"
"chr7","155800324","155800460","chr7","158155171","158155302","19","2354847"
"chr7","155800965","155801080","chrX","39939386","39939502","18","115861579"
"chr7","155809340","155809644","chr2","102989050","102989349","47","52820290"
"chr7","155810419","155810721","chr11","10098018","10098319","36","145712401"
"chr7","155812018","155812317","chr8","35693901","35694206","31","120118117"
"chr7","155823116","155823370","chr11","60614947","60615205","35","95208169"
"chr8","41418715","41419022","chr1","18346698","18347011","46","23072017"
"chr8","110736","111035","chr11","46110133","46110427","45","45999397"
"chr8","232852","233132","chr14","21655489","21655772","50","21422637"
"chr8","236790","237092","chr13","32817425","32817728","32","32580635"
"chr8","246801","247087","chr2","68809203","68809491","36","68562402"
"chr8","374384","374684","chr14","118847978","118848275","46","118473594"
"chr8","382631","382929","chr1","43639311","43639611","29","43256680"
"chr8","515753","516058","chr19","41721053","41721360","36","41205300"
"chr8","573970","574264","chr2","149808038","149808322","54","149234068"
"chr8","614490","614764","chr19","27711850","27712121","38","27097360"
"chr8","687313","687534","chr16","28277063","28277289","51","27589750"
"chr8","763293","763585","chr1","24067345","24067639","56","23304052"
"chr8","823339","823643","chr1","67368758","67369056","61","66545419"
"chr8","828271","828558","chr16","3687263","3687550","42","2858992"
"chr8","851077","851375","chr3","151761120","151761415","35","150910043"
"chr8","931045","931364","chr2","144423348","144423659","52","143492303"
"chr8","993932","994180","chr6","52055223","52055480","56","51061291"
"chr8","1024172","1024467","chr19","35482053","35482349","35","34457881"
"chr8","1024798","1025105","chr13","32817425","32817728","37","31792627"
"chr8","1122475","1122764","chr5","45431915","45432209","46","44309440"
"chr8","1174543","1174837","chr1","40137387","40137679","32","38962844"
"chr8","1177712","1178023","chr3","12603123","12603437","33","11425411"
"chr8","1221713","1222005","chr5","10961340","10961637","43","9739627"
"chr8","1230563","1230857","chr8","25582102","25582396","32","24351539"
"chr8","1249077","1249359","chr3","48298408","48298697","34","47049331"
"chr8","1317022","1317344","chr12","62403234","62403560","51","61086212"
"chr8","1407577","1407875","chr7","16206849","16207148","45","14799272"
"chr8","1475842","1476156","chr10","82547474","82547785","44","81071632"
"chr8","1701044","1701143","chr2","88811777","88811874","19","87110733"
"chr8","1755893","1756198","chr1","152643716","152644019","45","150887823"
"chr8","1830450","1830758","chrX","45626684","45626995","38","43796234"
"chr8","1856018","1856311","chr2","5758509","5758805","37","3902491"
"chr8","1874133","1874414","chr1","212988528","212988810","37","211114395"
"chr8","1911784","1911988","chr10","15846685","15846900","48","13934901"
"chr8","1926504","1926809","chr14","108178404","108178706","41","106251900"
"chr8","1956125","1956435","chr4","35717411","35717718","35","33761286"
"chr8","1959643","1959961","chr1","7993999","7994304","47","6034356"
"chr8","1998500","1998749","chr18","50874536","50874793","36","48876036"
"chr8","2018150","2018460","chr1","11912016","11912323","32","9893866"
"chr8","2171087","2171389","chr11","59744208","59744500","45","57573121"
"chr8","2217297","2217586","chr6","150565896","150566187","36","148348599"
"chr8","2301960","2302263","chr1","128155382","128155688","32","125853422"
"chr8","2459318","2459603","chr7","133065043","133065330","37","130605725"
"chr8","2513641","2513928","chr11","49301504","49301791","38","46787863"
"chr8","2612478","2612787","chr6","150107195","150107503","40","147494717"
"chr8","2668682","2668871","chr11","22017238","22017431","28","19348556"
"chr8","2761024","2761304","chr10","10711324","10711609","42","7950300"
"chr8","2807099","2807401","chr10","12739460","12739760","45","9932361"
"chr8","2843519","2843819","chr16","25396308","25396611","38","22552789"
"chr8","2891754","2891868","chr1","219334604","219334715","12","216442850"
"chr8","2919389","2919684","chr11","59744208","59744500","29","56824819"
"chr8","2940024","2940321","chr11","59744208","59744500","34","56804184"
"chr8","3357883","3358142","chr17","67746059","67746319","44","64388176"
"chr8","3411458","3411767","chr1","39013788","39014096","36","35602330"
"chr8","3440402","3440698","chrX","90705933","90706231","38","87265531"
"chr8","3460048","3460340","chr4","13663992","13664285","30","10203944"
"chr8","3479508","3479754","chr18","24980621","24980881","53","21501113"
"chr8","3568928","3569213","chr7","129444751","129445037","46","125875823"
"chr8","3577716","3578001","chr7","129444751","129445037","45","125867035"
"chr8","3643139","3643394","chr8","20408013","20408271","34","16764874"
"chr8","3786451","3786755","chr15","96983547","96983850","35","93197096"
"chr8","3802267","3802404","chr1","129498511","129498647","25","125696244"
"chr8","3821739","3822029","chr2","172730375","172730668","48","168908636"
"chr8","3980906","3981202","chr6","161763310","161763606","34","157782404"
"chr8","4053894","4054193","chr11","103464317","103464610","46","99410423"
"chr8","4276597","4276751","chr16","53139091","53139242","28","48862494"
"chr8","4289327","4289671","chr8","75977606","75977959","77","71688279"
"chr8","4302086","4302399","chrX","123194482","123194796","47","118892396"
"chr8","4312740","4312986","chr19","48045495","48045740","39","43732755"
"chr8","4338620","4338924","chr13","32817425","32817728","33","28478805"
"chr8","4352563","4352871","chr1","20012770","20013073","39","15660207"
"chr8","4436282","4436582","chr3","34969388","34969689","33","30533106"
"chr8","4447407","4447704","chr6","143561531","143561830","50","139114124"
"chr8","4468345","4468624","chr1","171573327","171573608","38","167104982"
"chr8","4477990","4478281","chrX","1011707","1012008","43","3466283"
"chr8","4505615","4505911","chr11","46070151","46070446","37","41564536"
"chr8","4572559","4572839","chr4","105579082","105579368","42","101006523"
"chr8","4607957","4608206","chr14","114184730","114184983","39","109576773"
"chr8","4666425","4666709","chr13","42976081","42976362","34","38309656"
"chr8","4688129","4688422","chr15","101493605","101493896","34","96805476"
"chr8","4774512","4774786","chr2","135177745","135178021","51","130403233"
"chr8","4925369","4925532","chr3","105784903","105785056","32","100859534"
"chr8","4973613","4973925","chr5","32469834","32470141","50","27496221"
"chr8","4983063","4983338","chr12","84954554","84954828","55","79971491"
"chr8","5069678","5069965","chr1","130205296","130205578","48","125135618"
"chr8","5149696","5149931","chr3","107454905","107455141","30","102305209"
"chr8","5259175","5259473","chr11","108474262","108474559","40","103215087"
"chr8","5413342","5413633","chr7","120310502","120310798","41","114897160"
"chr8","5431162","5431461","chr3","130290294","130290595","38","124859132"
"chr8","5437282","5437549","chr2","49059917","49060182","35","43622635"
"chr8","5449896","5450175","chr2","83033645","83033931","54","77583749"
"chr8","5522339","5522577","chr7","24936105","24936346","30","19413766"
"chr8","5533980","5534274","chrX","16794626","16794922","37","11260646"
"chr8","5560126","5560426","chr16","21958952","21959252","36","16398826"
"chr8","5579938","5580235","chrX","3300129","3300424","48","2279809"
"chr8","5606167","5606292","chr12","32861427","32861552","22","27255260"
"chr8","5606634","5606884","chr9","116735467","116735713","38","111128833"
"chr8","5650471","5650711","chr16","19178075","19178322","49","13527604"
"chr8","5685795","5686103","chr1","7993999","7994304","31","2308204"
"chr8","5787182","5787475","chr8","25582102","25582396","33","19794920"
"chr8","5881118","5881411","chr10","72394915","72395215","49","66513797"
"chr8","5948501","5948804","chr6","124714488","124714790","34","118765987"
"chr8","6073245","6073537","chr8","118107840","118108131","41","112034595"
"chr8","6191756","6192010","chr4","79455473","79455733","34","73263717"
"chr8","6266047","6266334","chr7","64860856","64861140","48","58594809"
"chr8","6279031","6279362","chr4","7574720","7575049","68","1295689"
"chr8","6370593","6370883","chr15","7561500","7561795","48","1190907"
"chr8","6384758","6385048","chr20","37861914","37862202","43","31477156"
"chr8","6425093","6425376","chr1","137722192","137722470","51","131297099"
"chr8","6452490","6452782","chr19","8738914","8739218","48","2286424"
"chr8","6591388","6591697","chr1","128155382","128155688","36","121563994"
"chr8","6608612","6608873","chr7","125141660","125141921","35","118533048"
"chr8","6664422","6664736","chr3","12603123","12603437","42","5938701"
"chr8","6671368","6671645","chr15","95537102","95537383","59","88865734"
"chr8","6717831","6718120","chr7","18532501","18532788","43","11814670"
"chr8","6747683","6747813","chr5","63344356","63344486","16","56596673"
"chr8","6853530","6853828","chr2","55010925","55011223","51","48157395"
"chr8","7202718","7203021","chrX","36019791","36020090","41","28817073"
"chr8","7270476","7270762","chr3","71644947","71645243","43","64374471"
"chr8","7364921","7365232","chr3","124535829","124536136","51","117170908"
"chr8","7373751","7374030","chr6","144918364","144918646","39","137544613"
"chr8","7382079","7382390","chr16","64824650","64824962","46","57442571"
"chr8","7518150","7518442","chr7","133065043","133065330","30","125546893"
"chr8","7523870","7524120","chr7","65636682","65636931","42","58112812"
"chr8","7550235","7550529","chr1","11366377","11366670","39","3816142"
"chr8","7552667","7552962","chr8","90463712","90464008","45","82911045"
"chr8","7558040","7558337","chrX","112226407","112226706","40","104668367"
"chr8","7559757","7560009","chr1","203926301","203926552","37","196366544"
"chr8","7568759","7569041","chr5","79158515","79158797","36","71589756"
"chr8","7580793","7581059","chr15","97132178","97132453","48","89551385"
"chr8","7597590","7597897","chr10","32212628","32212940","57","24615038"
"chr8","7658022","7658314","chr3","45626371","45626668","33","37968349"
"chr8","7690857","7691161","chr2","90167138","90167438","35","82476281"
"chr8","7768027","7768298","chr8","111567951","111568217","43","103799924"
"chr8","7787484","7787776","chr6","14063069","14063355","45","6275585"
"chr8","7797930","7798216","chrX","128898114","128898399","35","121100184"
"chr8","7838934","7839231","chr13","26338117","26338407","49","18499183"
"chr8","7992417","7992601","chr6","135092565","135092751","24","127100148"
"chr8","7992950","7993256","chr11","33968956","33969265","34","25976006"
"chr8","8109845","8110140","chr9","23884684","23884991","55","15774839"
"chr8","8127581","8127880","chr6","57093643","57093937","47","48966062"
"chr8","8183197","8183377","chr2","97087214","97087378","43","88904017"
"chr8","8192577","8192846","chr3","160601395","160601671","36","152408818"
"chr8","8229154","8229426","chr15","94642685","94642959","38","86413531"
"chr8","8230252","8230568","chr4","46766925","46767234","57","38536673"
"chr8","8283763","8284064","chr15","53990850","53991154","49","45707087"
"chr8","8291101","8291396","chr4","9919759","9920055","36","1628658"
"chr8","8583829","8584128","chr19","3064712","3065012","37","5519117"
"chr8","8695701","8695990","chr9","7025626","7025918","37","1670075"
"chr8","8713158","8713464","chr14","5934954","5935260","38","2778204"
"chr8","8889620","8889875","chr2","186833010","186833263","52","177943390"
"chr8","8988526","8988833","chr3","12603123","12603437","34","3614597"
"chr8","9045707","9045990","chr16","44203969","44204255","46","35158262"
"chr8","9103130","9103434","chr1","124050585","124050888","37","114947455"
"chr8","9146154","9146450","chr17","45095928","45096223","48","35949774"
"chr8","9244442","9244762","chr12","63820146","63820469","47","54575704"
"chr8","9393818","9394123","chr1","28220528","28220830","39","18826710"
"chr8","9428926","9429215","chr1","219677924","219678213","37","210248998"
"chr8","9482033","9482338","chr14","21158129","21158427","41","11676096"
"chr8","9577417","9577714","chr6","142572268","142572563","37","132994851"
"chr8","9646578","9646877","chr1","128202446","128202737","45","118555868"
"chr8","9757808","9758115","chr13","72948254","72948560","45","63190446"
"chr8","9765381","9765665","chr2","184580196","184580486","39","174814815"
"chr8","9766229","9766523","chr12","39078021","39078314","41","29311792"
"chr8","9771408","9771710","chr1","7993999","7994304","32","1777409"
"chr8","9799411","9799719","chr2","98527629","98527936","51","88728218"
"chr8","9806261","9806571","chr4","3145119","3145426","35","6661142"
"chr8","9810780","9811063","chr14","1773153","1773437","41","8037627"
"chr8","10021651","10021953","chrX","68552000","68552299","43","58530349"
"chr8","10111749","10112024","chr3","34094779","34095057","39","23983030"
"chr8","10166568","10166658","chr18","36196636","36196732","17","26030068"
"chr8","10435160","10435484","chr5","170875139","170875447","55","160439979"
"chr8","10464775","10465074","chr3","40099974","40100274","33","29635199"
"chr8","10470399","10470693","chrX","17634746","17635046","36","7164347"
"chr8","10473048","10473334","chr2","69190125","69190410","41","58717077"
"chr8","10494373","10494674","chr11","4016647","4016949","34","6477726"
"chr8","10558656","10558980","chr4","29662805","29663098","64","19104149"
"chr8","10596204","10596507","chr11","49265130","49265433","40","38668926"
"chr8","10621759","10622065","chr13","32817425","32817728","30","22195666"
"chr8","10648047","10648366","chr12","63820146","63820469","39","53172099"
"chr8","10659045","10659326","chr15","102648962","102649243","61","91989917"
"chr8","10754391","10754696","chr4","10828530","10828827","37","74139"
"chr8","10815637","10815931","chr3","45416850","45417144","38","34601213"
"chr8","10818136","10818435","chr9","7025626","7025918","43","3792510"
"chr8","10866468","10866769","chr5","159154245","159154541","47","148287777"
"chr8","10894196","10894481","chr1","24136961","24137248","44","13242765"
"chr8","10948671","10948974","chr16","59154742","59155036","42","48206071"
"chr8","10965068","10965344","chr6","158948598","158948869","34","147983530"
"chr8","10998487","10998783","chr12","62741269","62741568","32","51742782"
"chr8","11000891","11001182","chr1","128477471","128477761","35","117476580"
"chr8","11032506","11032802","chr6","128266238","128266531","41","117233732"
"chr8","11105422","11105712","chr6","142572268","142572563","32","131466846"
"chr8","11106834","11107134","chr3","67638954","67639244","42","56532120"
"chr8","11121808","11122074","chr9","46536807","46537072","38","35414999"
"chr8","11138719","11138938","chr7","121329046","121329267","26","110190327"
"chr8","11172624","11172952","chr9","56097647","56097972","58","44925023"
"chr8","11181177","11181474","chr15","22250243","22250543","44","11069066"
"chr8","11182018","11182304","chr15","95537102","95537383","35","84355084"
"chr8","11251999","11252279","chr1","12716391","12716670","44","1464392"
"chr8","11269655","11269965","chr7","73560013","73560323","47","62290358"
"chr8","11340487","11340774","chr7","34213746","34214034","43","22873259"
"chr8","11373584","11373903","chr10","46007696","46008002","42","34634112"
"chr8","11383470","11383769","chr3","98190129","98190426","40","86806659"
"chr8","11434901","11435203","chrX","90705933","90706231","47","79271032"
"chr8","11441795","11442104","chr5","102707372","102707683","42","91265577"
"chr8","11469306","11469429","chr11","122472110","122472234","22","111002804"
"chr8","11469575","11469739","chr8","40541209","40541373","31","29071634"
"chr8","11516032","11516331","chr8","25582102","25582396","41","14066070"
"chr8","11557039","11557307","chrX","37188355","37188617","47","25631316"
"chr8","11636567","11636867","chr6","53239608","53239906","34","41603041"
"chr8","11932591","11932890","chr1","208474725","208475026","41","196542134"
"chr8","12016054","12016354","chr13","36019976","36020271","41","24003922"
"chr8","12017911","12018203","chr7","133065043","133065330","42","121047132"
"chr8","12037330","12037577","chr1","93009406","93009650","47","80972076"
"chr8","12066787","12067091","chrX","21565382","21565683","43","9498595"
"chr8","12069822","12070097","chr3","162097966","162098243","47","150028144"
"chr8","12097700","12097972","chr11","95761683","95761964","46","83663983"
"chr8","12120161","12120424","chr3","66658496","66658752","36","54538335"
"chr8","12141494","12141791","chr2","44513923","44514220","34","32372429"
"chr8","12196698","12196992","chr8","22381843","22382135","36","10185145"
"chr8","12249571","12249819","chr5","106833528","106833775","52","94583957"
"chr8","12264575","12264878","chr9","46059408","46059708","44","33794833"
"chr8","12264887","12265183","chr1","92711937","92712231","42","80447050"
"chr8","12272673","12272990","chr20","2347082","2347394","59","9925591"
"chr8","12283787","12283935","chr9","12890266","12890398","38","606479"
"chr8","12326853","12327141","chr6","151368944","151369238","52","139042091"
"chr8","12331252","12331560","chr16","12565059","12565364","40","233807"
"chr8","12348731","12349013","chr2","172730375","172730668","55","160381644"
"chr8","12356667","12356944","chr8","124874335","124874618","46","112517668"
"chr8","12368148","12368441","chr2","146811059","146811354","44","134442911"
"chr8","12395899","12396192","chr2","83844115","83844420","40","71448216"
"chr8","12441349","12441631","chr9","39098387","39098682","52","26657038"
"chr8","12448575","12448872","chr13","116647521","116647821","32","104198946"
"chr8","12454682","12454994","chr12","59731561","59731865","70","47276879"
"chr8","12461319","12461617","chr9","7025626","7025918","32","5435693"
"chr8","12463170","12463505","chr4","30138404","30138739","52","17675234"
"chr8","12464704","12465017","chrX","43398930","43399230","45","30934226"
"chr8","12468784","12468993","chr3","38604566","38604772","26","26135782"
"chr8","12530208","12530502","chr16","66084794","66085093","33","53554586"
"chr8","12550893","12551174","chr1","22629555","22629833","39","10078662"
"chr8","12561917","12562222","chr16","4246777","4247086","44","8315140"
"chr8","12572913","12573199","chr4","32103397","32103688","39","19530484"
"chr8","12578707","12578992","chr16","66850428","66850712","45","54271721"
"chr8","12640361","12640667","chr1","64114361","64114663","49","51474000"
"chr8","12706706","12706997","chr7","37381596","37381892","35","24674890"
"chr8","12743259","12743544","chrX","112370652","112370937","44","99627393"
"chr8","12817376","12817692","chr13","32817425","32817728","48","20000049"
"chr8","12979782","12980075","chr7","116541236","116541527","50","103561454"
"chr8","13098086","13098298","chr2","115384221","115384444","47","102286135"
"chr8","13260583","13260819","chr18","71908745","71908980","31","58648162"
"chr8","13402355","13402653","chr13","107077974","107078263","49","93675619"
"chr8","13462500","13462810","chr1","200754133","200754443","40","187291633"
"chr8","13528104","13528402","chr13","72996114","72996414","50","59468010"
"chr8","13603224","13603524","chrX","27757534","27757837","38","14154310"
"chr8","13710018","13710113","chr12","69723014","69723114","14","56012996"
"chr8","13732151","13732459","chr1","128155382","128155688","37","114423231"
"chr8","13838593","13838885","chr15","22561456","22561749","27","8722863"
"chr8","13885355","13885568","chr6","142429991","142430206","37","128544636"
"chr8","13935155","13935451","chr7","133065043","133065330","32","119129888"
"chr8","13937194","13937492","chr13","36338632","36338934","49","22401438"
"chr8","14043645","14043943","chr8","99548469","99548767","44","85504824"
"chr8","14063396","14063700","chr10","71007147","71007444","63","56943751"
"chr8","14156802","14156949","chr1","30465853","30466003","28","16309051"
"chr8","14158972","14159265","chr11","114923633","114923926","43","100764661"
"chr8","14189180","14189474","chr9","113200398","113200692","36","99011218"
"chr8","14213262","14213561","chr10","46007696","46008002","40","31794434"
"chr8","14220729","14221020","chr16","18796729","18797022","32","4576000"
"chr8","14288771","14289081","chr2","5891008","5891312","50","8397763"
"chr8","14386335","14386418","chr1","140851347","140851436","16","126465012"
"chr8","14459507","14459816","chr6","124714488","124714790","47","110254981"
"chr8","14536989","14537278","chr16","1419036","1419322","32","13117953"
"chr8","14608738","14609023","chr12","89828990","89829278","42","75220252"
"chr8","14646130","14646386","chr18","50874536","50874793","32","36228406"
"chr8","14676108","14676420","chr19","24212554","24212862","37","9536446"
"chr8","14744593","14744889","chr2","38884008","38884302","36","24139415"
"chr8","14816889","14817001","chr10","79957137","79957242","17","65140248"
"chr8","14817219","14817506","chr7","152625402","152625693","49","137808183"
"chr8","14825229","14825538","chr4","56503347","56503657","35","41678118"
"chr8","14840667","14840929","chr1","115404557","115404821","52","100563890"
"chr8","14842598","14842906","chr9","61900736","61901039","38","47058138"
"chr8","14865791","14866100","chr19","24212554","24212862","36","9346763"
"chr8","14886677","14886993","chr5","75820182","75820494","49","60933505"
"chr8","15089084","15089380","JH682036","358126","358421","42","14730958"
"chr8","15101145","15101444","chr1","30080248","30080540","45","14979103"
"chr8","15105660","15105959","chr3","160772561","160772858","41","145666901"
"chr8","15107166","15107439","chr1","212648663","212648933","40","197541497"
"chr8","15256730","15257068","chrX","59946011","59946324","67","44689281"
"chr8","15264469","15264792","chr8","36009170","36009493","66","20744701"
"chr8","15280156","15280451","chr1","94365322","94365615","37","79085166"
"chr8","15480991","15481216","chr2","141085405","141085626","28","125604414"
"chr8","15564572","15564904","chrX","11280666","11280997","48","4283906"
"chr8","15638059","15638355","chr3","160772561","160772858","44","145134502"
"chr8","15691064","15691368","chr13","125678907","125679206","50","109987843"
"chr8","15829536","15829809","chr10","32091928","32092200","37","16262392"
"chr8","15988986","15989300","chr12","73832561","73832828","88","57843575"
"chr8","16023392","16023684","chr11","59744208","59744500","35","43720816"
"chr8","16024275","16024570","chr10","78749019","78749318","35","62724744"
"chr8","16189059","16189360","chr3","151167147","151167437","55","134978088"
"chr8","16220346","16220645","chr2","172701987","172702286","40","156481641"
"chr8","16222241","16222537","chr1","158563972","158564268","54","142341731"
"chr8","16261763","16262074","chr3","29819099","29819400","65","13557336"
"chr8","16366934","16367156","chr7","121329046","121329267","26","104962112"
"chr8","16448733","16449020","chr1","30623551","30623836","44","14174818"
"chr8","16472262","16472514","chr11","34080255","34080508","39","17607993"
"chr8","16635417","16635691","chr18","30658121","30658401","39","14022704"
"chr8","16712164","16712423","chr4","79455473","79455733","37","62743309"
"chr8","16759457","16759734","chr3","178701270","178701546","52","161941813"
"chr8","16877115","16877401","chr4","131374689","131374976","38","114497574"
"chr8","17044005","17044262","chr2","155636216","155636491","49","138592211"
"chr8","17147339","17147644","chr11","48688936","48689238","46","31541597"
"chr8","17198893","17199201","chr3","88868330","88868636","55","71669437"
"chr8","17246248","17246508","chrX","88088678","88088937","39","70842430"
"chr8","17429212","17429505","chr12","89828990","89829278","38","72399778"
"chr8","17455281","17455518","chr6","60093607","60093840","37","42638326"
"chr8","17540982","17541283","chr7","109060370","109060675","53","91519388"
"chr8","17693539","17693836","chr6","128487941","128488242","42","110794402"
"chr8","17707682","17707976","chr16","49861297","49861598","37","32153615"
"chr8","17871450","17871761","chr8","28037586","28037897","48","10166136"
"chr8","17926039","17926327","chr1","125312140","125312429","43","107386101"
"chr8","18062200","18062504","chr13","72996114","72996414","54","54933914"
"chr8","18084195","18084485","chr4","9919759","9920055","43","8164436"
"chr8","18138572","18138876","chr1","35181671","35181970","49","17043099"
"chr8","18173766","18174055","chr11","131492005","131492296","34","113318239"
"chr8","18211615","18211903","chr4","56627212","56627501","42","38415597"
"chr8","18218039","18218342","chr15","94650465","94650758","53","76432426"
"chr8","18259593","18259851","chr3","42147387","42147654","49","23887794"
"chr8","18260430","18260516","chr9","89486251","89486341","18","71225821"
"chr8","18269439","18269692","chr14","14265647","14265901","39","4003792"
"chr8","18271055","18271361","chr7","41138138","41138436","47","22867083"
"chr8","18310490","18310559","chr19","702700","702766","12","17607790"
"chr8","18324295","18324531","chr9","43536784","43537018","52","25212489"
"chr8","18424052","18424351","chr11","25987448","25987755","43","7563396"
"chr8","18430694","18430987","chr2","146254274","146254570","50","127823580"
"chr8","18671846","18672054","chrX","44404357","44404557","44","25732511"
"chr8","18753202","18753481","chr11","122514166","122514437","52","103760964"
"chr8","18826496","18826792","chr9","7025626","7025918","35","11800870"
"chr8","18868424","18868727","chr3","45626371","45626668","33","26757947"
"chr8","18988802","18989080","chr8","118107840","118108131","48","99119038"
"chr8","18990274","18990573","chr1","184544379","184544677","42","165554105"
"chr8","19215123","19215409","chr13","25429301","25429585","36","6214178"
"chr8","19327679","19327953","chr4","17766022","17766309","46","1561657"
"chr8","19419829","19420132","chr14","5934954","5935260","54","13484875"
"chr8","19424912","19425183","chr10","25306613","25306889","45","5881701"
"chr8","19471681","19471963","chr7","52736490","52736780","50","33264809"
"chr8","19619120","19619420","chr5","143077499","143077790","54","123458379"
"chr8","19638634","19638930","chr8","134025560","134025857","36","114386926"
"chr8","19708290","19708556","chr3","145289807","145290072","54","125581517"
"chr8","19760468","19760778","chr7","18829634","18829940","38","930834"
"chr8","19900046","19900344","chr1","20012770","20013073","34","112724"
"chr8","20013998","20014297","chr2","96826999","96827292","59","76813001"
"chr8","20033423","20033723","chr13","32817425","32817728","32","12784002"
"chr8","20045065","20045365","chr2","46682521","46682821","32","26637456"
"chr8","20202647","20202951","chr13","61132328","61132637","49","40929681"
"chr8","20259215","20259450","chr16","58972818","58973067","60","38713603"
"chr8","20488799","20489059","chr6","37539523","37539787","35","17050724"
"chr8","20491636","20491950","chr11","3693184","3693488","53","16798452"
"chr8","20510079","20510338","chr15","102602762","102603024","40","82092683"
"chr8","20632230","20632531","chr16","44035327","44035634","68","23403097"
"chr8","20809605","20809914","chr9","19850832","19851138","35","958773"
"chr8","20891843","20892136","chr1","219225924","219226223","51","198334081"
"chr8","20949968","20950241","chr2","48921809","48922082","38","27971841"
"chr8","20979718","20980019","chr2","55010925","55011223","41","34031207"
"chr8","21002972","21003268","chr3","103398952","103399243","45","82395980"
"chr8","21229656","21229890","chr3","50901308","50901545","37","29671652"
"chr8","21244986","21245292","chr1","128155382","128155688","32","106910396"
"chr8","21255501","21255789","chr19","27364045","27364339","43","6108544"
"chr8","21530619","21530914","chr6","57093643","57093937","43","35563024"
"chr8","21532616","21532875","chr1","17408928","17409169","53","4123688"
"chr8","21542905","21543042","chr20","10775435","10775571","19","10767470"
"chr8","21551400","21551693","chr17","83808601","83808892","29","62257201"
"chr8","21649572","21649861","chr11","59744208","59744500","35","38094636"
"chr8","21713197","21713457","chr2","185436449","185436704","44","163723252"
"chr8","21764413","21764627","chr10","29534911","29535129","30","7770498"
"chr8","21764732","21765027","chr2","77735973","77736266","41","55971241"
"chr8","21779377","21779667","chr2","88612634","88612907","61","66833257"
"chr8","21857300","21857593","chr9","7025626","7025918","31","14831674"
"chr8","21874916","21875119","chr16","62512812","62513013","24","40637896"
"chr8","21988895","21989196","chr4","35271785","35272086","43","13282890"
"chr8","22042368","22042657","chrX","13030972","13031267","44","9011396"
"chr8","22083814","22084102","chr16","45919427","45919715","34","23835613"
"chr8","22085927","22086166","chr7","121329046","121329267","52","99243119"
"chr8","22156198","22156495","chr19","38513628","38513926","38","16357430"
"chr8","22173656","22173923","chr20","60612325","60612606","48","38438669"
"chr8","22284827","22285128","chrX","44309286","44309587","40","22024459"
"chr8","22336292","22336585","chr1","27049382","27049672","42","4713090"
"chr8","22336751","22337028","chr11","100899412","100899688","49","78562661"
"chr8","22347990","22348217","chr5","136741649","136741884","56","114393659"
"chr8","22357425","22357730","chr1","7993999","7994304","33","14363426"
"chr8","22395256","22395554","JH682036","358126","358421","44","22037130"
"chr8","22533636","22533940","chr11","123024325","123024629","40","100490689"
"chr8","22582047","22582296","chr11","13567270","13567520","47","9014777"
"chr8","22636961","22637240","chr7","28572569","28572848","53","5935608"
"chr8","22698817","22699109","chr1","191232237","191232533","39","168533420"
"chr8","22699360","22699581","chr8","114964293","114964505","44","92264933"
"chr8","22762416","22762717","chr13","36019976","36020271","40","13257560"
"chr8","22769310","22769598","chr6","142572268","142572563","44","119802958"
"chr8","22787040","22787248","chr9","61372922","61373124","60","38585882"
"chr8","22787429","22787715","chr7","52736490","52736780","48","29949061"
"chr8","22789462","22789772","chr1","3276074","3276382","52","19513388"
"chr8","22791160","22791438","chr5","162478601","162478895","63","139687441"
"chr8","22794235","22794474","chr2","152362006","152362254","50","129567771"
"chr8","22813626","22813881","chr12","84916740","84916997","53","62103114"
"chr8","23912728","23913016","chr9","92292916","92293201","48","68380188"
"chr8","23919530","23919743","chr15","107132209","107132415","41","83212679"
"chr8","23921724","23921917","chr1","38488560","38488754","37","14566836"
"chr8","23936643","23936938","chr1","213070791","213071090","43","189134148"
"chr8","24008836","24009142","chr1","123956046","123956346","58","99947210"
"chr8","24028568","24028869","chrX","143121938","143122244","51","119093370"
"chr8","24454361","24454670","chr3","12603123","12603437","36","11851238"
"chr8","24530415","24530707","chr1","124250793","124251086","46","99720378"
"chr8","24652252","24652509","chr19","9732034","9732309","57","14920218"
"chr8","24808405","24808695","chr4","31017666","31017967","53","6209261"
"chr8","25194009","25194330","chr13","32817425","32817728","54","7623416"
"chr8","25268474","25268770","chr4","82945647","82945940","32","57677173"
"chr8","25313535","25313834","chr1","208474725","208475026","40","183161190"
"chr8","25336703","25336976","chr6","109129926","109130207","47","83793223"
"chr8","25435286","25435579","chr11","72112916","72113210","39","46677630"
"chr8","25457337","25457598","chr1","218423009","218423286","39","192965672"
"chr8","25558204","25558508","chr3","178044286","178044587","43","152486082"
"chr8","25586344","25586456","chr15","6817254","6817367","11","18769090"
"chr8","25649702","25650016","chr12","63820146","63820469","53","38170444"
"chr8","25770609","25770885","chr4","56627212","56627501","41","30856603"
"chr8","25856370","25856623","chr4","79455473","79455733","38","53599103"
"chr8","25904370","25904669","chr5","4538583","4538883","43","21365787"
"chr8","25954270","25954518","chr7","12513172","12513420","34","13441098"
"chr8","26032832","26033132","chr16","11126268","11126568","38","14906564"
"chr8","26057488","26057782","chr15","36760666","36760962","37","10703178"
"chr8","26322049","26322327","chr7","26274364","26274637","48","47685"
"chr8","26456746","26457044","chr18","2855012","2855310","36","23601734"
"chr8","26473404","26473686","chr17","72702417","72702710","47","46229013"
"chr8","26499190","26499489","chr3","87661749","87662047","39","61162559"
"chr8","26502963","26503248","chr11","109254012","109254304","40","82751049"
"chr8","26562914","26563188","chr15","22704808","22705082","37","3858106"
"chr8","26742165","26742458","chr1","101220293","101220583","43","74478128"
"chr8","26779397","26779673","chr3","46191674","46191948","44","19412277"
"chr8","26781929","26782175","chr16","40955770","40956015","39","14173841"
"chr8","26813868","26814174","chr1","204272248","204272555","40","177458380"
"chr8","26922970","26923252","chr9","37869088","37869367","42","10946118"
"chr8","26969548","26969859","chr1","28838579","28838890","44","1869031"
"chr8","27182036","27182333","chr1","7993999","7994304","43","19188037"
"chr8","27190557","27190854","chr1","14575267","14575578","45","12615290"
"chr8","27413102","27413384","chr20","42229503","42229785","42","14816401"
"chr8","27483745","27484051","chr5","34541386","34541695","38","7057641"
"chr8","27535146","27535262","chr6","148375288","148375408","20","120840142"
"chr8","27575022","27575318","chr11","59744208","59744500","39","32169186"
"chr8","27621054","27621355","chr6","73786751","73787050","43","46165697"
"chr8","27747963","27748274","chr3","12603123","12603437","36","15144840"
"chr8","27982023","27982311","chr12","98300764","98301051","33","70318741"
"chr8","28009357","28009657","chr13","32817425","32817728","31","4808068"
"chr8","28027620","28027917","chrX","44799525","44799819","36","16771905"
"chr8","28028192","28028496","chr1","35583154","35583459","52","7554962"
"chr8","28031146","28031433","chr2","149808038","149808322","53","121776892"
"chr8","28120080","28120380","chrX","15713155","15713456","35","12406925"
"chr8","28143436","28143738","chr1","30901102","30901402","49","2757666"
"chr8","28169318","28169625","chr14","97345918","97346220","43","69176600"
"chr8","28193359","28193661","chr3","35164529","35164835","40","6971170"
"chr8","28204840","28205126","chr3","103259893","103260176","43","75055053"
"chr8","28283622","28283913","chr3","83519048","83519341","43","55235426"
"chr8","28321710","28321991","chr16","64763433","64763711","50","36441723"
"chr8","28327564","28327873","chr5","34488672","34488979","42","6161108"
"chr8","28351861","28352171","chr15","20166394","20166703","41","8185467"
"chr8","28358839","28359133","chr7","52736490","52736780","39","24377651"
"chr8","28380783","28381073","chr2","94343271","94343561","43","65962488"
"chr8","28386125","28386459","chr18","38973042","38973367","60","10586917"
"chr8","28399510","28399817","chr18","51183412","51183721","33","22783902"
"chr8","28401215","28401507","chr9","7025626","7025918","33","21375589"
"chr8","28458181","28458474","chr11","59744208","59744500","36","31286027"
"chr8","28459214","28459482","chr16","32173131","32173398","45","3713917"
"chr8","28622198","28622486","chr1","18691512","18691800","53","9930686"
"chr8","28623194","28623489","chr14","101211156","101211450","34","72587962"
"chr8","28651645","28651932","chr1","42476755","42477044","32","13825110"
"chr8","28735702","28735985","chr20","2460044","2460327","38","26275658"
"chr8","28803692","28803965","chr12","80141841","80142115","42","51338149"
"chr8","28812806","28813098","chr3","133866579","133866872","36","105053773"
"chr8","28817405","28817697","chr16","18796729","18797022","42","10020676"
"chr8","28831387","28831581","chr7","159598049","159598248","39","130766662"
"chr8","28987534","28987826","chr9","7025626","7025918","28","21961908"
"chr8","29014854","29015123","chr4","40983514","40983792","59","11968660"
"chr8","29034731","29034948","chr13","85748563","85748784","46","56713832"
"chr8","29078718","29079018","chr18","48465782","48466081","33","19387064"
"chr8","29306139","29306431","chr14","98318663","98318962","52","69012524"
"chr8","29325611","29325900","chr13","68982542","68982833","42","39656931"
"chr8","29375953","29376251","chrX","113774987","113775282","40","84399034"
"chr8","29434936","29435043","chr2","127183112","127183221","16","97748176"
"chr8","29443199","29443505","chr7","77029098","77029406","34","47585899"
"chr8","29452086","29452374","chr10","20861365","20861656","42","8590721"
"chr8","29454360","29454660","chr2","101420626","101420922","45","71966266"
"chr8","29456394","29456669","chr10","50949405","50949695","60","21493011"
"chr8","29459767","29460057","chr3","10482926","10483222","39","18976841"
"chr8","29465386","29465682","chr17","15593542","15593839","44","13871844"
"chr8","29469227","29469537","chr9","3805446","3805756","36","25663781"
"chr8","29474998","29475286","chr11","15678542","15678837","44","13796456"
"chr8","29494573","29494857","chr5","86238609","86238898","42","56744036"
"chr8","29555694","29556006","chr5","38973943","38974261","65","9418249"
"chr8","29582528","29582813","chr6","165329904","165330188","33","135747376"
"chr8","29603247","29603478","chr5","106625263","106625493","29","77022016"
"chr8","29606844","29607140","chr1","94365322","94365615","40","64758478"
"chr8","29715736","29716030","chr7","90971726","90972022","32","61255990"
"chr8","29745498","29745646","chr17","21226647","21226789","26","8518851"
"chr8","29772106","29772380","chr19","32590740","32591017","48","2818634"
"chr8","29827580","29827881","chrX","49664967","49665275","42","19837387"
"chr8","30168072","30168383","chr1","194910525","194910833","40","164742453"
"chr8","30507553","30507849","chr11","116001254","116001551","43","85493701"
"chr8","30526907","30527158","chr16","58972818","58973067","36","28445911"
"chr8","30656592","30656868","chr5","52242678","52242959","45","21586086"
"chr8","30695765","30696047","chr4","105579082","105579368","49","74883317"
"chr8","30874437","30874711","chrX","42184468","42184757","49","11310031"
"chr8","30906728","30907016","chr4","25555537","25555833","42","5351191"
"chr8","30918814","30919107","chr2","38884008","38884302","34","7965194"
"chr8","30938738","30939015","chr14","102353882","102354158","42","71415144"
"chr8","31029927","31030227","chr4","32871781","32872078","38","1841854"
"chr8","31072275","31072566","chr6","116662162","116662454","39","85589887"
"chr8","31189887","31190207","chr1","164085258","164085565","56","132895371"
"chr8","31255207","31255513","chr9","34557573","34557881","48","3302366"
"chr8","31309870","31310163","chr4","17766022","17766309","39","13543848"
"chr8","31343258","31343548","chr10","78749019","78749318","44","47405761"
"chr8","31446877","31447156","chr6","143418690","143418972","45","111971813"
"chr8","31621457","31621752","chr13","68982542","68982833","44","37361085"
"chr8","31628856","31629167","chr14","103496537","103496841","41","71867681"
"chr8","31749882","31750162","chr2","182502755","182503050","46","150752873"
"chr8","31850530","31850830","chr3","34970739","34971038","48","3120209"
"chr8","31985426","31985669","chr3","87195613","87195852","42","55210187"
"chr8","32069012","32069303","chr11","122769492","122769790","34","90700480"
"chr8","32091407","32091707","chr3","63552234","63552532","47","31460827"
"chr8","32092900","32093174","chr5","63221908","63222183","39","31129008"
"chr8","32157218","32157516","chr1","154447798","154448101","40","122290580"
"chr8","32160068","32160373","chr2","114227807","114228107","43","82067739"
"chr8","32165048","32165336","chr1","45623411","45623699","38","13458363"
"chr8","32204487","32204785","chr1","67368758","67369056","36","35164271"
"chr8","32225454","32225749","chr3","10482926","10483222","37","21742528"
"chr8","32235882","32236191","chr10","82690030","82690337","45","50454148"
"chr8","32238043","32238311","chr14","8680117","8680387","44","23557926"
"chr8","32254432","32254657","chr12","36948541","36948760","37","4694109"
"chr8","32272834","32273109","chr16","45339014","45339298","50","13066180"
"chr8","32278796","32278962","chr7","36815097","36815263","27","4536301"
"chr8","32294986","32295291","chr1","188267548","188267852","41","155972562"
"chr8","32301108","32301399","chrX","118514080","118514390","58","86212972"
"chr8","32302421","32302718","chr2","41438773","41439082","51","9136352"
"chr8","32312880","32313184","chr1","946135","946434","41","31366745"
"chr8","32318478","32318777","chr6","139676559","139676861","41","107358081"
"chr8","32356430","32356725","chr8","91312269","91312560","44","58955839"
"chr8","32409710","32409836","chr3","87578373","87578502","12","55168663"
"chr8","32442296","32442582","chr2","99587005","99587294","47","67144709"
"chr8","32491418","32491691","chr1","52894716","52894966","54","20403298"
"chr8","32569302","32569479","chr15","22365872","22366057","24","10203430"
"chr8","32570878","32571187","chr1","7993999","7994304","31","24576879"
"chr8","32701366","32701669","chrX","38891205","38891511","38","6189839"
"chr8","32705658","32705946","chr1","125312140","125312429","40","92606482"
"chr8","32821342","32821554","chr15","79383285","79383495","35","46561943"
"chr8","32840110","32840386","chr10","24875409","24875687","36","7964701"
"chr8","32873617","32873918","chr6","148752882","148753187","36","115879265"
"chr8","32879942","32880239","chr1","41248067","41248366","30","8368125"
"chr8","32930218","32930505","chr7","31367480","31367774","42","1562738"
"chr8","32963356","32963662","chr2","176865440","176865747","40","143902084"
"chr8","32967262","32967546","chr1","38119369","38119658","47","5152107"
"chr8","33047295","33047593","chr1","219225924","219226223","39","186178629"
"chr8","33110909","33111212","chr7","42634036","42634339","49","9523127"
"chr8","33157646","33157948","chr10","70161664","70161965","44","37004018"
"chr8","33458599","33458890","chr6","18283612","18283902","38","15174987"
"chr8","33474009","33474263","chr4","162305040","162305294","36","128831031"
"chr8","33557361","33557613","chr3","42381510","42381765","46","8824149"
"chr8","33718535","33718824","chrX","27926317","27926609","41","5792218"
"chr8","33742543","33742843","chr15","34521387","34521693","37","778844"
"chr8","33788916","33789212","chr9","115152824","115153119","40","81363908"
"chr8","33820973","33821269","chr7","161536249","161536543","45","127715276"
"chr8","33825170","33825456","chr11","31023704","31023997","45","2801466"
"chr8","33850863","33851143","chr2","181327467","181327738","47","147476604"
"chr8","33933611","33933898","chr16","1419036","1419322","34","32514575"
"chr8","34049056","34049327","chr10","17969741","17970009","49","16079315"
"chr8","34069515","34069855","chr4","55885288","55885612","58","21815773"
"chr8","34071823","34072113","chr1","19830222","19830511","49","14241601"
"chr8","34163545","34163837","chr6","142572268","142572563","38","108408723"
"chr8","34312985","34313254","chr16","2046031","2046304","47","32266954"
"chr8","34446907","34447205","chr15","85043790","85044084","42","50596883"
"chr8","34494620","34494918","chr13","32817425","32817728","34","1677195"
"chr8","34592109","34592379","chrX","65477408","65477681","40","30885299"
"chr8","34610928","34611228","chr7","16206849","16207148","44","18404079"
"chr8","34739453","34739746","chr3","45626371","45626668","53","10886918"
"chr8","34854859","34855172","chr11","13702068","13702363","54","21152791"
"chr8","34884920","34885223","chr2","74341346","74341647","49","39456426"
"chr8","35112958","35113252","chr8","25582102","25582396","32","9530856"
"chr8","35119584","35119869","chr3","17089313","17089596","41","18030271"
"chr8","35125517","35125819","chrX","6292568","6292871","42","28832949"
"chr8","35150107","35150392","chr4","31083851","31084133","35","4066256"
"chr8","35195625","35195911","chr7","130020947","130021236","42","94825322"
"chr8","35228345","35228653","chr2","106418670","106418975","36","71190325"
"chr8","35241585","35241877","chr7","42322916","42323215","38","7081331"
"chr8","35260343","35260624","chr5","141228596","141228872","43","105968253"
"chr8","35261878","35262179","chr15","99317016","99317309","51","64055138"
"chr8","35423653","35423942","chr1","42476755","42477044","34","7053102"
"chr8","35518147","35518456","chr7","15880327","15880625","52","19637820"
"chr8","35529105","35529406","chrX","17374431","17374730","43","18154674"
"chr8","35533181","35533490","chr4","56503347","56503657","45","20970166"
"chr8","35534350","35534644","chr7","90971726","90972022","39","55437376"
"chr8","35585492","35585786","chr6","43129343","43129636","42","7543851"
"chr8","35659693","35659980","chr1","125312140","125312429","46","89652447"
"chr8","35698770","35699078","chr11","664803","665109","60","35033967"
"chr8","35820786","35821094","chr1","199749826","199750136","31","163929040"
"chr8","35923292","35923603","chr6","128302615","128302924","40","92379323"
"chr8","35951487","35951789","chr11","59744208","59744500","39","23792721"
"chr8","35976269","35976538","chr15","57652318","57652603","39","21676049"
"chr8","36132287","36132595","chr14","55474367","55474673","43","19342080"
"chr8","36271787","36272092","chr19","1309468","1309776","59","34962319"
"chr8","36348718","36349018","chr7","37449373","37449676","43","1100655"
"chr8","36401852","36402129","chrX","46395488","46395763","43","9993636"
"chr8","36413182","36413433","chr14","10861302","10861554","42","25551880"
"chr8","36430364","36430669","chr3","42899950","42900256","40","6469586"
"chr8","36432314","36432572","chr5","43661249","43661512","48","7228935"
"chr8","36433663","36433937","chr6","139236164","139236445","48","102802501"
"chr8","36437536","36437821","chr5","154585575","154585865","45","118148039"
"chr8","36454152","36454446","chr3","179701033","179701322","45","143246881"
"chr8","36454468","36454780","chr11","97834556","97834875","42","61380088"
"chr8","36525941","36526142","chr5","89567023","89567218","40","53041082"
"chr8","36551471","36551762","chr9","7025626","7025918","29","29525845"
"chr8","36598254","36598546","chr15","48151534","48151833","41","11553280"
"chr8","36612420","36612713","chr18","2244562","2244860","41","34367858"
"chr8","36637817","36638119","chr1","203636978","203637275","57","166999161"
"chr8","36703107","36703389","chr12","69972996","69973280","42","33269889"
"chr8","36726810","36727101","chr12","59307839","59308134","39","22581029"
"chr8","36872545","36872834","chr2","13368422","13368711","42","23504123"
"chr8","37035788","37035908","chr1","185763091","185763209","25","148727303"
"chr8","37036191","37036329","chr10","13190514","13190657","43","23845677"
"chr8","37053557","37053784","chr15","29611756","29611978","32","7441801"
"chr8","37224082","37224390","chr7","37449373","37449676","41","225291"
"chr8","37244635","37244936","chr2","46682521","46682821","37","9437886"
"chr8","37391591","37391682","chr13","103188987","103189073","10","65797396"
"chr8","37562897","37563019","chr1","185763091","185763209","22","148200194"
"chr8","37563027","37563280","chr1","190360719","190360980","38","152797692"
"chr8","37693057","37693349","chr11","59744208","59744500","31","22051151"
"chr8","37698518","37698827","chr16","15788944","15789248","45","21909574"
"chr8","37756650","37756944","chr8","25582102","25582396","37","12174548"
"chr8","37804103","37804401","chr1","124998618","124998915","30","87194515"
"chr8","37965994","37966283","chr6","83909264","83909556","41","45943270"
"chr8","38151102","38151354","chr11","59745076","59745331","47","21593974"
"chr8","38184391","38184685","chrX","38693016","38693309","45","508625"
"chr8","38208494","38208791","chr3","160772561","160772858","34","122564067"
"chr8","38291266","38291563","chr8","25582102","25582396","38","12709164"
"chr8","38392553","38392814","chr3","3986347","3986610","41","34406206"
"chr8","38483027","38483289","chr6","53461928","53462198","44","14978901"
"chr8","38494346","38494618","chr2","39029241","39029515","42","534895"
"chr8","38511527","38511816","chr11","11755747","11756048","47","26755780"
"chr8","38669014","38669182","chr13","93249064","93249232","22","54580050"
"chr8","38681988","38682304","chr10","78702324","78702636","49","40020336"
"chr8","39073425","39073718","chr1","57946363","57946656","40","18872938"
"chr8","39146002","39146293","chr11","88966345","88966635","34","49820343"
"chr8","39247358","39247641","chr9","93552709","93552987","43","54305351"
"chr8","39298746","39298982","chr18","71908745","71908980","43","32609999"
"chr8","39316264","39316563","chr10","26965735","26966037","38","12350529"
"chr8","39371049","39371379","chr7","63023689","63024012","60","23652640"
"chr8","39422686","39423001","chr4","24772066","24772375","41","14650620"
"chr8","39432202","39432496","chr2","96826999","96827292","38","57394797"
"chr8","39433538","39433830","chr9","34818668","34818959","36","4614870"
"chr8","39488767","39489027","chr12","84916740","84916997","42","45427973"
"chr8","39508973","39509275","chr2","18622662","18622964","42","20886311"
"chr8","39519880","39520165","chr3","161216608","161216899","44","121696728"
"chr8","39530569","39530857","chr12","37263083","37263372","43","2267486"
"chr8","39541089","39541351","chr14","61655077","61655336","51","22113988"
"chr8","39587106","39587401","chr17","27643358","27643658","47","11943748"
"chr8","39613808","39614143","chr1","78645856","78646190","76","39032048"
"chr8","39644542","39644838","chr9","14690494","14690788","37","24954048"
"chr8","39779588","39779805","chr5","36715091","36715311","30","3064497"
"chr8","39812251","39812530","chr17","10814902","10815183","53","28997349"
"chr8","39819729","39820025","chr7","158562964","158563263","44","118743235"
"chr8","39893695","39893956","chrX","122712517","122712780","50","82818822"
"chr8","40017190","40017478","chr7","72707693","72707981","35","32690503"
"chr8","40023192","40023410","chr7","121329046","121329267","29","81305854"
"chr8","40048693","40048988","chr11","59744208","59744500","33","19695515"
"chr8","40074560","40074851","chr1","124250793","124251086","30","84176233"
"chr8","40078306","40078596","chr3","169260164","169260459","45","129181858"
"chr8","40379770","40380063","chr9","7025626","7025918","33","33354144"
"chr8","40392504","40392815","chr6","127875365","127875677","45","87482861"
"chr8","40447497","40447800","chr7","15385759","15386064","55","25061738"
"chr8","40495866","40496178","chr11","36769212","36769521","37","3726654"
"chr8","40635476","40635758","chr2","135177745","135178021","43","94542269"
"chr8","40829776","40829981","chr8","49479447","49479653","28","8649671"
"chr8","40857724","40857996","chr4","24002352","24002627","41","16855372"
"chr8","40867726","40868024","chr1","185536349","185536645","39","144668623"
"chr8","40893545","40893833","chr3","91045497","91045788","59","50151952"
"chr8","41099203","41099479","chrX","99309409","99309686","42","58210206"
"chr8","41216287","41216574","chr10","62315260","62315548","46","21098973"
"chr8","41480398","41480693","chr2","99649631","99649925","45","58169233"
"chr8","41492680","41492968","chr3","96107626","96107926","48","54614946"
"chr8","41745149","41745421","chr20","21505771","21506044","44","20239378"
"chr8","41765177","41765388","chr8","56570363","56570574","39","14805186"
"chr8","41787217","41787331","chr2","90012852","90012963","18","48225635"
"chr8","41927845","41928141","chr17","20945248","20945548","42","20982597"
"chr8","41954218","41954510","chr12","93108642","93108929","43","51154424"
"chr8","42048557","42048855","chr7","37381596","37381892","47","4666961"
"chr8","42163601","42163913","chr7","73560013","73560323","41","31396412"
"chr8","42208528","42208834","chr6","124714488","124714790","74","82505960"
"chr8","42319245","42319551","chr6","124714488","124714790","46","82395243"
"chr8","42348410","42348692","chr3","10308541","10308818","41","32039869"
"chr8","42387973","42388275","chr15","55817524","55817828","55","13429551"
"chr8","42405390","42405699","chr3","97013723","97014032","42","54608333"
"chr8","42463791","42464094","chr6","40346304","40346603","50","2117487"
"chr8","42692767","42693041","chr3","151380668","151380942","39","108687901"
"chr8","42706012","42706299","chr16","45339014","45339298","60","2633002"
"chr8","42734088","42734387","chr13","102630168","102630466","44","59896080"
"chr8","42790971","42791267","chr3","169260164","169260459","33","126469193"
"chr8","42825264","42825390","chr7","43693641","43693766","15","868377"
"chr8","43285140","43285297","chr14","99077029","99077186","21","55791889"
"chr8","43330742","43331008","chr15","92687333","92687599","53","49356591"
"chr8","43362466","43362757","chr3","157031775","157032065","45","113669309"
"chr8","43415849","43416151","chr11","59744208","59744500","39","16328359"
"chr8","43514671","43514978","chr1","185101023","185101330","39","141586352"
"chr8","43525058","43525354","chr3","98190129","98190426","33","54665071"
"chr8","43532301","43532594","chr2","184580196","184580486","42","141047895"
"chr8","43543295","43543518","chr13","71017466","71017686","35","27474171"
"chr8","43615558","43615868","chr2","183442132","183442443","39","139826574"
"chr8","43644340","43644653","chr1","7993999","7994304","40","35650341"
"chr8","43644922","43645222","chr15","38507243","38507542","41","5137679"
"chr8","43709408","43709703","chr6","67758730","67759029","54","24049322"
"chr8","44059632","44059936","chr15","41336666","41336971","46","2722966"
"chr8","44338932","44339160","chr7","121329046","121329267","39","76990114"
"chr8","44349818","44349945","chr2","88064380","88064508","25","43714562"
"chr8","44655614","44655911","chr2","46874057","46874362","55","2218443"
"chr8","44668899","44669209","chr2","31732500","31732813","46","12936399"
"chr8","44896848","44896930","chr13","103188987","103189073","11","58292139"
"chr8","44900221","44900528","chr3","31567165","31567474","36","13333056"
"chr8","44959376","44959664","chr10","14016220","14016509","53","30943156"
"chr8","45044112","45044401","chr9","7025626","7025918","40","38018486"
"chr8","45098052","45098139","chr18","42413180","42413271","14","2684872"
"chr8","45117330","45117623","chr9","7713596","7713889","48","37403734"
"chr8","45144408","45144714","chrX","14617637","14617929","56","30526771"
"chr8","45200320","45200615","chr4","32871781","32872078","34","12328539"
"chr8","45228077","45228211","chr13","104582983","104583118","28","59354906"
"chr8","45300750","45301048","chr10","29691322","29691619","45","15609428"
"chr8","45381786","45382098","chr6","157477970","157478279","41","112096184"
"chr8","45388743","45389056","chr2","87149785","87150096","49","41761042"
"chr8","45431323","45431590","chr7","127242796","127243071","51","81811473"
"chr8","45434395","45434694","chr1","125312140","125312429","62","79877745"
"chr8","45460276","45460542","chr1","162422913","162423171","58","116962637"
"chr8","45498251","45498524","chr5","101457421","101457692","42","55959170"
"chr8","45503051","45503342","chrX","44799525","44799819","40","703526"
"chr8","45513966","45514263","chr6","148752882","148753187","50","103238916"
"chr8","45546147","45546462","chr1","27862319","27862631","52","17683828"
"chr8","45670405","45670710","chr18","31157945","31158248","43","14512460"
"chr8","45842673","45842963","chr3","100489003","100489296","44","54646330"
"chr8","46238095","46238388","chr7","124974541","124974834","46","78736446"
"chr8","46290850","46291141","chr1","14339353","14339646","48","31951497"
"chr8","46291612","46291884","chr16","2046031","2046304","43","44245581"
"chr8","46470914","46471184","chr3","60342878","60343154","53","13871964"
"chr8","46510332","46510612","chr15","23323090","23323377","49","23187242"
"chr8","46813275","46813569","chr11","44597420","44597716","39","2215855"
"chr8","46984586","46984840","chr2","23879717","23879987","47","23104869"
"chr8","47083468","47083778","chr13","32817425","32817728","40","14266043"
"chr8","47143928","47144228","chr14","98318663","98318962","53","51174735"
"chr8","47359654","47359958","chr9","61900736","61901039","40","14541082"
"chr8","47439599","47439752","chr14","108255262","108255413","38","60815663"
"chr8","47497161","47497464","chr12","1937986","1938288","44","45559175"
"chr8","47671539","47671802","chr19","42487999","42488270","56","5183540"
"chr8","47791316","47791625","chr7","73560013","73560323","36","25768697"
"chr8","47796508","47796808","chr5","13244981","13245281","40","34551527"
"chr8","48116695","48116925","chr20","4304468","4304705","31","43812227"
"chr8","48199027","48199249","chr15","29611756","29611978","29","18587271"
"chr8","48250414","48250719","chr6","124714488","124714790","41","76464074"
"chr8","48289162","48289460","chr2","84844754","84845049","39","36555592"
"chr8","48331780","48332082","chr4","31017666","31017967","38","17314114"
"chr8","48431825","48432121","JH682036","358126","358421","42","48073699"
"chr8","48567751","48568056","chr1","128155382","128155688","37","79587631"
"chr8","48577775","48578067","chr7","133065043","133065330","40","84487268"
"chr8","48598620","48598909","chr16","9432797","9433079","47","39165823"
"chr8","48626322","48626598","chr15","26878649","26878926","46","21747673"
"chr8","48680631","48680930","chr10","29691322","29691619","43","18989309"
"chr8","48701498","48701776","chr7","133525467","133525745","42","84823969"
"chr8","48707681","48707966","chr13","68982542","68982833","49","20274861"
"chr8","48754199","48754313","chr9","92278833","92278944","18","43524634"
"chr8","48853115","48853415","chr13","88124598","88124894","43","39271483"
"chr8","48946041","48946339","chr19","3064712","3065012","30","45881329"
"chr8","48951157","48951445","chr18","54954890","54955184","49","6003733"
"chr8","48989630","48989928","chr20","26717586","26717886","33","22272044"
"chr8","49141601","49141858","chr3","66231822","66232082","37","17090221"
"chr8","49194422","49194569","chr8","77287389","77287544","28","28092967"
"chr8","49566917","49567205","chr1","204813267","204813556","40","155246350"
"chr8","49602088","49602372","chr15","68523955","68524227","64","18921867"
"chr8","49908399","49908722","chr3","104436432","104436740","51","54528033"
"chr8","49961154","49961448","chr3","63552234","63552532","39","13591080"
"chr8","49983621","49983926","chr10","20480186","20480483","61","29503435"
"chr8","50000001","50000253","chrX","12259299","12259550","36","37740702"
"chr8","50131604","50131797","chr9","12902153","12902345","27","37229451"
"chr8","50150866","50151134","chr7","80887200","80887469","39","30736334"
"chr8","50190486","50190797","chr13","43327633","43327946","41","6862853"
"chr8","50395929","50396226","chr2","123712519","123712817","39","73316590"
"chr8","50526073","50526381","chr15","88475091","88475399","36","37949018"
"chr8","50692525","50692770","chr3","1997406","1997669","59","48695119"
"chr8","50914403","50914651","chr6","116600933","116601179","37","65686530"
"chr8","51035697","51035980","chr9","57318157","57318448","44","6282460"
"chr8","51152454","51152753","chr1","208474725","208475026","37","157322271"
"chr8","51217172","51217471","chr3","105709284","105709587","41","54492112"
"chr8","51218290","51218564","chr11","45189926","45190198","38","6028364"
"chr8","51221435","51221736","chr14","53927134","53927436","35","2705699"
"chr8","51269857","51270138","chr3","53755287","53755578","40","2485430"
"chr8","51283040","51283338","chr1","212841578","212841874","50","161558538"
"chr8","51294909","51295217","chr10","46007696","46008002","39","5287213"
"chr8","51313223","51313514","chr3","44293169","44293462","34","7020054"
"chr8","51327063","51327359","chr1","153736131","153736423","44","102409068"
"chr8","51407623","51407923","chr2","95278102","95278398","49","43870479"
"chr8","51530393","51530686","chr5","455474","455761","53","51074919"
"chr8","51882174","51882475","chr6","10983419","10983717","41","40898755"
"chr8","51927631","51927936","chr12","21471553","21471853","38","30456078"
"chr8","51944828","51945064","chr12","18575236","18575452","45","33369592"
"chr8","51962833","51963138","chr7","37449373","37449676","43","14513460"
"chr8","52165939","52166225","chr3","103398952","103399243","47","51233013"
"chr8","52230559","52230765","chr2","89593102","89593311","32","37362543"
"chr8","52310614","52310907","chr10","78749019","78749318","45","26438405"
"chr8","52310935","52310988","chr13","93595632","93595684","11","41284697"
"chr8","52422765","52423045","chrX","45555463","45555741","38","6867302"
"chr8","52537747","52538060","chr4","56503347","56503657","43","3965600"
"chr8","52643427","52643711","chr2","184580196","184580486","40","131936769"
"chr8","52647915","52648214","chr5","36968561","36968860","38","15679354"
"chr8","52653764","52654059","chr3","107125661","107125958","48","54471897"
"chr8","52654662","52654858","chr7","18489544","18489740","47","34165118"
"chr8","52685259","52685557","chr11","13702068","13702363","44","38983191"
"chr8","52690490","52690752","chr3","169098172","169098437","53","116407682"
"chr8","52719501","52719795","chr16","21639667","21639964","54","31079834"
"chr8","52740885","52741176","chr1","127833040","127833336","47","75092155"
"chr8","52839259","52839550","chr7","72707693","72707981","43","19868434"
"chr8","52865923","52866225","chr3","43678446","43678742","46","9187477"
"chr8","52940157","52940369","chr15","41121522","41121731","37","11818635"
"chr8","52941601","52941844","chr7","143999568","143999824","46","91057967"
"chr8","52948896","52949139","chr1","190360719","190360980","42","137411823"
"chr8","52949439","52949721","chr5","100102913","100103204","45","47153474"
"chr8","52989165","52989427","chr4","79455473","79455733","34","26466308"
"chr8","53023774","53024045","chr11","44329228","44329505","40","8694546"
"chr8","53024628","53024934","chr1","130649516","130649818","46","77624888"
"chr8","53027389","53027666","chr12","20586755","20587031","47","32440634"
"chr8","53029568","53029868","chr3","63343532","63343825","46","10313964"
"chr8","53124150","53124456","chr18","83609","83914","48","53040541"
"chr8","53239036","53239331","chr3","176830718","176831018","47","123591682"
"chr8","53295769","53296065","chr2","38884008","38884302","33","14411761"
"chr8","53540231","53540537","chr13","32817425","32817728","38","20722806"
"chr8","53623765","53624076","chr8","13291395","13291693","57","40332370"
"chr8","53639207","53639479","chr2","100062378","100062646","47","46423171"
"chr8","53773798","53774094","chr1","185226060","185226358","41","131452262"
"chr8","53922403","53922692","chr16","18796729","18797022","35","35125674"
"chr8","53937516","53937801","chr14","119229630","119229918","47","65292114"
"chr8","54062318","54062628","chr20","26401661","26401973","38","27660657"
"chr8","54267639","54267941","chr1","43639311","43639611","32","10628328"
"chr8","54630865","54631147","chr15","78590602","78590883","59","23959737"
"chr8","54683346","54683630","chr7","72707693","72707981","42","18024347"
"chr8","54774727","54775026","chrX","68646400","68646699","32","13871673"
"chr8","54814878","54814973","chr11","48662117","48662218","19","6152761"
"chr8","54815374","54815668","chr3","172190489","172190787","40","117375115"
"chr8","54997855","54998177","chrX","59946011","59946324","43","4948156"
"chr8","55058416","55058729","chr17","10114847","10115143","52","44943569"
"chr8","55071919","55072222","chr1","128155382","128155688","35","73083463"
"chr8","55091503","55091800","chr2","81991105","81991401","35","26899602"
"chr8","55095610","55095913","chr5","172306399","172306706","38","117210789"
"chr8","55133862","55134159","chr14","63716116","63716415","38","8582254"
"chr8","55190952","55191027","chr7","16068443","16068515","18","39122509"
"chr8","55191196","55191409","chr14","96083585","96083801","34","40892389"
"chr8","55203530","55203828","chr4","59264095","59264393","30","4060565"
"chr8","55215943","55216179","chr3","50901308","50901545","30","4314635"
"chr8","55224389","55224696","chr13","25298591","25298897","36","29925798"
"chr8","55230039","55230337","chr2","135608752","135609046","46","80378713"
"chr8","55244485","55244787","chr14","53927134","53927436","33","1317351"
"chr8","55350062","55350361","chr1","210726116","210726412","35","155376054"
"chr8","55354310","55354572","chr1","160539547","160539811","33","105185237"
"chr8","55387236","55387366","chr14","93753704","93753834","15","38366468"
"chr8","55416536","55416819","chr16","1419036","1419322","37","53997500"
"chr8","55423316","55423614","chr9","1107459","1107764","41","54315857"
"chr8","55498374","55498647","chr11","109305457","109305739","44","53807083"
"chr8","55544351","55544619","chr1","127703616","127703888","59","72159265"
"chr8","55597703","55597982","chr7","159789667","159789951","45","104191964"
"chr8","55655583","55655882","chr6","148752882","148753187","35","93097299"
"chr8","55669269","55669587","chr19","24909937","24910254","48","30759332"
"chr8","55723845","55724135","chr9","34341703","34341997","39","21382142"
"chr8","55797090","55797383","chr1","129924466","129924761","42","74127376"
"chr8","55898584","55898878","chr14","111877236","111877529","38","55978652"
"chr8","56017163","56017417","chr20","312397","312638","62","55704766"
"chr8","56346008","56346315","chr13","87769038","87769348","35","31423030"
"chr8","56426191","56426491","chr5","34428917","34429213","33","21997274"
"chr8","56454676","56454968","chr11","59744208","59744500","34","3289532"
"chr8","56479502","56479793","chr12","98300764","98301051","45","41821262"
"chr8","56533928","56534233","chr1","128155382","128155688","35","71621454"
"chr8","56623467","56623758","chr9","7025626","7025918","32","49597841"
"chr8","56897615","56897888","chr6","82686809","82687091","53","25789194"
"chr8","56968701","56969003","chr9","45479155","45479461","40","11489546"
"chr8","56993242","56993458","chr8","83356817","83357031","43","26363575"
"chr8","57047139","57047441","chr15","103362570","103362871","45","46315431"
"chr8","57057619","57057893","chr1","4836670","4836950","51","52220949"
"chr8","57106131","57106442","chr13","69700961","69701271","44","12594830"
"chr8","57157045","57157271","chr10","74721381","74721604","34","17564336"
"chr8","57231746","57232044","chr2","102989050","102989349","35","45757304"
"chr8","57483433","57483688","chr10","10683025","10683288","49","46800408"
"chr8","57721319","57721619","chr7","37449373","37449676","42","20271946"
"chr8","57872039","57872340","chr10","79656616","79656920","47","21784577"
"chr8","58301923","58302224","chr13","32911447","32911743","52","25390476"
"chr8","58304356","58304658","chr20","29027805","29028111","44","29276551"
"chr8","58452903","58453167","chr6","58171306","58171571","40","281597"
"chr8","58497171","58497437","chrX","122712517","122712780","34","64215346"
"chr8","58678527","58678839","chr1","53988770","53989067","42","4689757"
"chr8","58960691","58960953","chrX","88088678","88088937","39","29127987"
"chr8","58979612","58979916","chr1","128155382","128155688","32","69175770"
"chr8","59013865","59014166","chr1","946135","946434","34","58067730"
"chr8","59170179","59170452","chr13","101919472","101919753","55","42749293"
"chr8","59227349","59227648","chr10","31338743","31339047","42","27888606"
"chr8","59289546","59289848","chr1","113886598","113886907","54","54597052"
"chr8","59450835","59451125","chr1","204813267","204813556","55","145362432"
"chr8","59474740","59474959","chr20","29195665","29195876","28","30279075"
"chr8","59514344","59514637","chr20","5343907","5344203","34","54170437"
"chr8","59644268","59644573","chr13","32817425","32817728","35","26826843"
"chr8","59670756","59671051","chr17","30611756","30612052","43","29059000"
"chr8","59674097","59674391","chr2","77735973","77736266","34","18061876"
"chr8","59705721","59705969","chr1","162194621","162194877","42","102488900"
"chr8","59791989","59792208","chr6","33135250","33135469","29","26656739"
"chr8","59814604","59814914","chrX","44962032","44962338","48","14852572"
"chr8","59848325","59848609","chr11","92048022","92048312","46","32199697"
"chr8","59850323","59850626","chr3","114083653","114083947","48","54233330"
"chr8","59976145","59976447","chr4","31017666","31017967","35","28958479"
"chr8","60091398","60091709","chr7","41923258","41923567","44","18168140"
"chr8","60094598","60094895","chr3","125389091","125389392","56","65294493"
"chr8","60114342","60114641","chr7","135403085","135403387","43","75288743"
"chr8","60128386","60128683","chr1","946135","946434","35","59182251"
"chr8","60179434","60179711","chr3","142471450","142471724","43","82292016"
"chr8","60439192","60439308","chr4","56640019","56640134","14","3799173"
"chr8","60653229","60653531","chr6","143658894","143659197","58","83005665"
"chr8","60670252","60670507","chr7","125141660","125141921","33","64471408"
"chr8","60835898","60836208","chr7","39810356","39810662","45","21025542"
"chr8","61001011","61001316","chrX","93343069","93343376","47","32342058"
"chr8","61013475","61013769","chr4","41104071","41104369","48","19909404"
"chr8","61017889","61018189","chr1","219225924","219226223","37","158208035"
"chr8","61038232","61038532","chr19","3064712","3065012","43","57973520"
"chr8","61097503","61097781","chrX","139100323","139100604","37","78002820"
"chr8","61099938","61100256","chr11","33968956","33969265","46","27130982"
"chr8","61215747","61216053","chr3","69228301","69228608","43","8012554"
"chr8","61219823","61220125","chr1","128155382","128155688","35","66935559"
"chr8","61309780","61310044","chr14","28482811","28483074","42","32826969"
"chr8","61473558","61473849","chr2","55624552","55624843","44","5849006"
"chr8","61576711","61577005","chr1","143220195","143220493","52","81643484"
"chr8","61866325","61866651","chr10","38241667","38241982","48","23624658"
"chr8","62027336","62027586","chr18","65667406","65667652","38","3640070"
"chr8","62454511","62454814","chr13","62845083","62845387","37","390572"
"chr8","62585193","62585451","chr15","8408386","8408643","41","54176807"
"chr8","62600457","62600746","chr20","4346618","4346904","42","58253839"
"chr8","62610321","62610620","chr8","128615459","128615756","45","66005138"
"chr8","62884490","62884797","chr10","3156585","3156894","50","59727905"
"chr8","63029114","63029383","chr12","88414497","88414769","45","25385383"
"chr8","63407644","63407937","chr10","72862379","72862672","41","9454735"
"chr8","63462461","63462766","chr15","10025016","10025320","35","53437445"
"chr8","63480506","63480812","chr11","517489","517791","39","62963017"
"chr8","63586265","63586546","chr7","87091192","87091485","54","23504927"
"chr8","63596116","63596395","chr3","173261737","173262020","48","109665621"
"chr8","63598943","63599219","chr13","42970808","42971080","54","20628135"
"chr8","63630528","63630835","chr7","106942061","106942360","70","43311533"
"chr8","63669213","63669507","chr17","30337456","30337753","44","33331757"
"chr8","63676637","63676927","chr11","59744208","59744500","35","3932429"
"chr8","63679404","63679676","chr6","161525268","161525536","45","97845864"
"chr8","63689733","63690023","chr6","165329904","165330188","52","101640171"
"chr8","63752891","63753168","chr2","183911446","183911726","41","120158555"
"chr8","63755367","63755434","chr3","176257806","176257868","21","112502439"
"chr8","63915820","63916137","chrX","98850355","98850663","52","34934535"
"chr8","64041154","64041464","chr10","73092112","73092421","52","9050958"
"chr8","64123671","64123966","chr11","88536600","88536893","43","24412929"
"chr8","64160478","64160754","chr6","170565209","170565492","52","106404731"
"chr8","64257330","64257635","chr4","42381703","42382011","41","21875627"
"chr8","64315662","64315972","chr18","51183412","51183721","34","13132250"
"chr8","64365639","64365952","chr6","138646599","138646914","53","74280960"
"chr8","64376383","64376662","chr6","152011620","152011903","38","87635237"
"chr8","64410687","64410957","chr3","1997406","1997669","47","62413281"
"chr8","64475686","64475897","chr4","164016142","164016357","36","99540456"
"chr8","64519765","64520054","chr4","153679022","153679305","52","89159257"
"chr8","64631002","64631291","chr7","141847588","141847876","51","77216586"
"chr8","65106842","65107126","chr5","121651485","121651775","41","56544643"
"chr8","65218132","65218415","chr7","112179935","112180216","43","46961803"
"chr8","65220912","65221206","chr13","32325637","32325935","38","32895275"
"chr8","65273429","65273730","chr6","67765709","67766011","46","2492280"
"chr8","65424647","65424923","chr15","26878649","26878926","39","38545998"
"chr8","65536047","65536326","chr3","3812815","3813101","41","61723232"
"chr8","65576503","65576704","chr1","177742033","177742235","34","112165530"
"chr8","65582608","65582904","chr4","105556557","105556854","48","39973949"
"chr8","65692094","65692375","chr6","144918364","144918646","37","79226270"
"chr8","65752223","65752532","chr3","41783516","41783827","45","23968707"
"chr8","65793335","65793649","chr13","23501079","23501388","40","42292256"
"chr8","65819312","65819617","chr3","34969388","34969689","38","30849924"
"chr8","65832398","65832697","chr13","23501079","23501388","42","42331319"
"chr8","65844253","65844549","chr3","10482926","10483222","37","55361327"
"chr8","65985139","65985464","chr2","130431339","130431660","69","64446200"
"chr8","66069351","66069571","chr3","12799150","12799366","49","53270201"
"chr8","66136173","66136484","chrX","59946011","59946324","57","6190162"
"chr8","66162349","66162662","chr1","151903000","151903311","52","85740651"
"chr8","66294939","66295232","chr7","52736490","52736780","46","13558449"
"chr8","66312040","66312339","chr6","33455642","33455953","57","32856398"
"chr8","66326673","66326991","chr9","34692372","34692685","52","31634301"
"chr8","66775640","66775938","chr3","35657443","35657739","47","31118197"
"chr8","66875899","66876211","chr1","25019020","25019326","48","41856879"
"chr8","66966380","66966670","chr14","8712648","8712949","45","58253732"
"chr8","66970069","66970368","chr7","73652040","73652338","42","6681971"
"chr8","67259698","67259980","chr1","206447940","206448229","44","139188242"
"chr8","67380973","67381269","chr7","152625402","152625693","47","85244429"
"chr8","67532744","67533025","chr10","32091928","32092200","39","35440816"
"chr8","67549311","67549555","chr11","44650712","44650952","42","22898599"
"chr8","67679961","67680258","chr14","10784769","10785061","46","56895192"
"chr8","67745099","67745401","chr1","94576857","94577167","34","26831758"
"chr8","67804605","67804916","chr5","32957233","32957543","42","34847372"
"chr8","67828838","67829124","chr4","116885143","116885426","46","49056305"
"chr8","68401122","68401432","chr14","118733966","118734257","61","50332844"
"chr8","68436984","68437096","chr9","92278833","92278944","21","23841849"
"chr8","68503911","68504211","chr4","30234459","30234758","48","38269452"
"chr8","68681854","68682158","chr2","102989050","102989349","39","34307196"
"chr8","68724417","68724723","chr12","22687834","22688144","50","46036583"
"chr8","68745742","68746025","chr6","32346564","32346850","42","36399178"
"chr8","68850137","68850241","chrX","108297279","108297383","19","39447142"
"chr8","69051314","69051606","chr16","20167037","20167326","39","48884277"
"chr8","69063222","69063520","chr3","66701770","66702068","38","2361452"
"chr8","69236774","69237063","chr19","32347284","32347572","43","36889490"
"chr8","69474019","69474326","chr3","159836020","159836308","72","90362001"
"chr8","69504485","69504748","chr7","137577468","137577739","48","68072983"
"chr8","69690335","69690623","chr7","106626100","106626390","39","36935765"
"chr8","69859470","69859775","chr12","103713062","103713366","42","33853592"
"chr8","69876632","69876935","chr15","21520161","21520467","31","48356471"
"chr8","69977236","69977537","chr6","124714488","124714790","34","54737252"
"chr8","70150154","70150335","chr6","165780370","165780553","21","95630216"
"chr8","70185262","70185554","chr7","90978698","90978997","46","20793436"
"chr8","70315245","70315536","chr7","16206849","16207148","42","54108396"
"chr8","70320052","70320343","chr2","147426415","147426718","40","77106363"
"chr8","70322240","70322512","chr7","46748896","46749151","66","23573344"
"chr8","70322859","70323150","chr4","56627212","56627501","45","13695647"
"chr8","70331122","70331403","chr3","142471450","142471724","44","72140328"
"chr8","70336512","70336790","chr10","29793641","29793929","54","40542871"
"chr8","70344516","70344826","chr3","34969388","34969689","41","35375128"
"chr8","70383974","70384283","chr6","157477970","157478279","47","87093996"
"chr8","70398110","70398392","chr14","88134205","88134491","36","17736095"
"chr8","70419676","70419954","chrX","38603483","38603760","41","31816193"
"chr8","70435218","70435470","chr7","42231932","42232192","53","28203286"
"chr8","70463926","70464218","chr9","30302448","30302737","49","40161478"
"chr8","70499002","70499270","chr1","47626078","47626342","36","22872924"
"chr8","70503208","70503417","chr7","155860210","155860412","24","85357002"
"chr8","70511442","70511736","chr12","69597135","69597433","42","914307"
"chr8","70519958","70520081","chr3","124402528","124402652","12","53882570"
"chr8","70542969","70543179","chr9","7322095","7322297","38","63220874"
"chr8","70550511","70550802","chr17","23202455","23202744","57","47348056"
"chr8","70570856","70571145","chr2","72702249","72702540","40","2131393"
"chr8","70572594","70572889","chr6","126641819","126642115","47","56069225"
"chr8","70615506","70615800","chr7","133065043","133065330","34","62449537"
"chr8","70640708","70640998","chr11","59744208","59744500","35","10896500"
"chr8","70709973","70710262","chr2","104415292","104415583","51","33705319"
"chr8","70711922","70712023","chr15","6588871","6588970","17","64123051"
"chr8","70712438","70712573","chr8","65857982","65858117","28","4854456"
"chr8","70766003","70766298","chr13","32325637","32325935","41","38440366"
"chr8","71032156","71032419","chr4","79455473","79455733","38","8423317"
"chr8","71037187","71037482","chr9","15247736","15248032","29","55789451"
"chr8","71211077","71211341","chr14","85601211","85601476","39","14390134"
"chr8","71279265","71279549","chr9","55834700","55834971","47","15444565"
"chr8","71365760","71366054","chr6","70927142","70927438","47","438618"
"chr8","71391109","71391412","chr3","17627009","17627312","41","53764100"
"chr8","71409213","71409505","chr3","103130117","103130419","51","31720904"
"chr8","71459268","71459569","chr18","16367811","16368110","44","55091457"
"chr8","71465221","71465518","chr19","9685397","9685694","46","61779824"
"chr8","71467699","71467996","chr2","71450909","71451205","44","16790"
"chr8","71496450","71496748","chr9","93676922","93677220","38","22180472"
"chr8","71582441","71582715","chr11","124795659","124795934","46","53213218"
"chr8","71593930","71594238","chr15","86129114","86129421","47","14535184"
"chr8","71668356","71668682","chr6","20496105","20496432","55","51172251"
"chr8","71669749","71670055","chr10","46007696","46008002","39","25662053"
"chr8","71707619","71707905","chr17","77071485","77071773","38","5363866"
"chr8","71719178","71719468","chr13","64416561","64416845","45","7302617"
"chr8","71720632","71720934","chr6","124714488","124714790","44","52993856"
"chr8","71731994","71732293","chr8","25582102","25582396","39","46149892"
"chr8","71742993","71743294","chr6","124714488","124714790","34","52971495"
"chr8","71761628","71761920","chr10","35692021","35692319","45","36069607"
"chr8","71808231","71808526","chr16","18796729","18797022","49","53011502"
"chr8","71882449","71882739","chr3","103398952","103399243","40","31516503"
"chr8","72009886","72010182","chr16","59345872","59346168","37","12664014"
"chr8","72013891","72014000","chr5","113496333","113496438","24","41482442"
"chr8","72208107","72208413","chr17","8929510","8929818","44","63278597"
"chr8","72278068","72278342","chr16","39948450","39948732","41","32329618"
"chr8","72409226","72409502","chr6","51475431","51475711","40","20933795"
"chr8","72439575","72439857","chr20","26324160","26324436","43","46115415"
"chr8","72481513","72481811","chr4","164474671","164474969","43","91993158"
"chr8","72488653","72488925","chr16","50279212","50279487","37","22209441"
"chr8","72528063","72528332","chr2","56396477","56396751","41","16131586"
"chr8","72606746","72607036","chr4","13663992","13664285","35","58942754"
"chr8","72724182","72724503","chrX","61269646","61269958","63","11454536"
"chr8","72737597","72737890","chr13","19017988","19018284","62","53719609"
"chr8","72786477","72786773","chr6","67758730","67759029","48","5027747"
"chr8","72807602","72807907","chr10","33030101","33030407","44","39777501"
"chr8","72809543","72809844","chr10","62315260","62315548","49","10494283"
"chr8","72820603","72820912","chr3","45369493","45369802","37","27451110"
"chr8","72828744","72829006","chr6","58171306","58171571","40","14657438"
"chr8","72835086","72835336","chr4","79455473","79455733","33","6620387"
"chr8","72843478","72843773","chr14","13854446","13854743","42","58989032"
"chr8","72845931","72846237","chr7","77029098","77029406","43","4183167"
"chr8","72875711","72876015","chr11","517489","517791","37","72358222"
"chr8","72876548","72876779","chr7","106517904","106518135","49","33641356"
"chr8","72966394","72966689","chr4","142471695","142471992","39","69505301"
"chr8","73018520","73018853","chr3","61280488","61280798","58","11738032"
"chr8","73188740","73189033","chrX","128569263","128569566","46","55380523"
"chr8","73274980","73275253","chrX","65477408","65477681","35","7797572"
"chr8","73293938","73294233","chr9","61781017","61781309","43","11512921"
"chr8","73331814","73332116","chr6","169905679","169905979","34","96573865"
"chr8","73349940","73350210","chr2","165757823","165758089","43","92407883"
"chr8","73368680","73368977","chr3","127081090","127081386","46","53712410"
"chr8","73370767","73371084","chr1","1234974","1235297","42","72135793"
"chr8","73381393","73381694","chr17","27643358","27643658","35","45738035"
"chr8","73391626","73391892","chr3","1997406","1997669","44","71394220"
"chr8","73432713","73433010","chr3","127149095","127149380","53","53716382"
"chr8","73443550","73443835","chr19","44121713","44121997","45","29321837"
"chr8","73443953","73444243","chr13","72884158","72884458","45","559795"
"chr8","73473050","73473320","chr14","8680117","8680387","39","64792933"
"chr8","73483799","73484107","chr2","24049704","24050010","41","49434095"
"chr8","73499791","73500000","chr16","62316742","62316946","28","11183049"
"chr8","73553232","73553534","chr3","12603123","12603437","46","60950109"
"chr8","73599230","73599539","chr7","77029098","77029406","43","3429868"
"chr8","73636974","73637184","chr7","14702283","14702491","43","58934691"
"chr8","73700384","73700667","chr2","66130433","66130716","48","7569951"
"chr8","73733885","73734144","chr12","21913995","21914257","45","51819890"
"chr8","73751636","73751935","chrX","15713155","15713456","35","58038481"
"chr8","73754872","73755164","chr6","128266238","128266531","48","54511366"
"chr8","73771777","73772076","chr7","158562964","158563263","40","84791187"
"chr8","73796169","73796434","chr7","59484844","59485107","50","14311325"
"chr8","73797828","73798077","chr13","109670592","109670849","39","35872764"
"chr8","73802085","73802360","chr5","141228596","141228872","51","67426511"
"chr8","73817661","73817974","chr1","40137387","40137679","51","33680274"
"chr8","73831150","73831458","chr7","42515253","42515558","50","31315897"
"chr8","73901503","73901780","chr11","7911759","7912023","51","65989744"
"chr8","73913206","73913478","chr11","124795659","124795934","50","50882453"
"chr8","73921712","73922005","chr2","99109730","99110024","32","25188018"
"chr8","73935122","73935395","chr1","218423009","218423286","35","144487887"
"chr8","73949438","73949731","chr9","7025626","7025918","33","66923812"
"chr8","73963687","73963976","chr10","62315260","62315548","36","11648427"
"chr8","73981651","73981877","chrX","19954362","19954577","41","54027289"
"chr8","73983381","73983610","chr6","143514666","143514896","37","69531285"
"chr8","73989558","73989869","chr20","26401661","26401973","33","47587897"
"chr8","73996447","73996740","chr4","128222177","128222467","41","54225730"
"chr8","74003109","74003365","chr11","7911759","7912023","53","66091350"
"chr8","74008085","74008315","chr13","52858746","52858978","46","21149339"
"chr8","74019470","74019776","chr7","131418663","131418968","47","57399193"
"chr8","74021784","74022089","chr2","167957288","167957590","67","93935504"
"chr8","74026821","74027122","chr9","34607830","34608139","49","39418991"
"chr8","74027619","74027885","chrX","122712517","122712780","50","48684898"
"chr8","74040625","74040915","chr16","39535128","39535419","38","34505497"
"chr8","74093912","74094205","chr8","138498782","138499073","35","64404870"
"chr8","74105917","74106223","chr17","11233722","11234024","46","62872195"
"chr8","74160922","74161238","chr3","164913166","164913461","62","90752244"
"chr8","74178900","74179205","chr9","3805446","3805756","49","70373454"
"chr8","74320766","74321058","chr3","169260164","169260459","36","94939398"
"chr8","74335315","74335612","chr3","38447004","38447303","35","35888311"
"chr8","74442438","74442733","chr15","90210594","90210890","34","15768156"
"chr8","74512525","74512824","chr19","3064712","3065012","34","71447813"
"chr8","74552438","74552689","chr3","42147387","42147654","49","32405051"
"chr8","74553610","74553888","chr15","26878649","26878926","39","47674961"
"chr8","74573388","74573683","chr5","36968561","36968860","34","37604827"
"chr8","74621865","74622173","chr8","29386987","29387291","33","45234878"
"chr8","74638492","74638655","chr6","168710657","168710821","22","94072165"
"chr8","74755828","74756124","chr1","42476755","42477044","46","32279073"
"chr8","74784328","74784625","chr9","15247736","15248032","39","59536592"
"chr8","74916903","74917199","chr7","77417664","77417971","48","2500761"
"chr8","74963836","74964149","chr13","43327633","43327946","43","31636203"
"chr8","74992880","74993185","chr1","152625689","152625995","41","77632809"
"chr8","75095339","75095642","chr11","6563934","6564243","52","68531405"
"chr8","75107522","75107815","chr8","25582102","25582396","29","49525420"
"chr8","75107869","75108150","chr1","207327088","207327379","48","132219219"
"chr8","75207158","75207286","chr12","21606965","21607094","20","53600193"
"chr8","75329276","75329573","chrX","15713155","15713456","33","59616121"
"chr8","75527937","75528242","chr5","81950527","81950835","37","6422590"
"chr8","75553062","75553154","chr4","21914050","21914134","18","53639012"
"chr8","75582779","75583082","chr4","41971978","41972281","45","33610801"
"chr8","75642162","75642286","chr1","136209672","136209795","15","60567510"
"chr8","75642417","75642594","chr15","7442388","7442563","40","68200029"
"chr8","75711778","75712087","chr4","101850085","101850393","43","26138307"
"chr8","75740345","75740650","chr1","7993999","7994304","37","67746346"
"chr8","75921890","75922196","chr3","87860767","87861057","58","11938877"
"chr8","76103825","76104117","chr10","18063347","18063639","37","58040478"
"chr8","76104429","76104719","chr9","57023538","57023829","32","19080891"
"chr8","76133554","76133834","chr14","50817121","50817406","42","25316433"
"chr8","76173193","76173499","chr15","103362570","103362871","37","27189377"
"chr8","76185669","76185983","chrX","24937275","24937585","44","51248394"
"chr8","76226601","76226899","chr16","11126268","11126568","38","65100333"
"chr8","76250671","76250922","chr7","147219267","147219530","64","70968596"
"chr8","76265250","76265550","chr4","31017666","31017967","35","45247584"
"chr8","76404374","76404585","chr8","56570363","56570574","34","19834011"
"chr8","76416375","76416660","chr7","16206849","16207148","41","60209526"
"chr8","76433159","76433443","chr10","22601456","22601738","44","53831703"
"chr8","76549910","76550204","chr3","164913166","164913461","43","88363256"
"chr8","76572588","76572881","chr4","132287893","132288193","46","55715305"
"chr8","76629621","76629905","chr19","645039","645323","32","75984582"
"chr8","76663177","76663375","chr3","130167583","130167798","38","53504406"
"chr8","76708452","76708740","chr6","147822924","147823209","41","71114472"
"chr8","76723548","76723833","chr7","26611031","26611323","48","50112517"
"chr8","76803732","76804031","chr1","39807793","39808103","43","36995939"
"chr8","76857466","76857763","chr3","33506835","33507132","37","43350631"
"chr8","77018277","77018583","chr6","124714488","124714790","38","47696211"
"chr8","77053858","77054150","chr1","11366377","11366670","40","65687481"
"chr8","77081970","77082288","chrX","43179195","43179504","46","33902775"
"chr8","77098129","77098419","chr1","139209242","139209533","47","62111113"
"chr8","77121376","77121685","chr9","25603269","25603573","36","51518107"
"chr8","77142226","77142533","chr10","62936704","62937010","35","14205522"
"chr8","77175180","77175477","chr10","79434294","79434590","46","2259114"
"chr8","77217920","77218213","chr7","40750157","40750451","35","36467763"
"chr8","77223483","77223760","chr1","45623411","45623699","45","31600072"
"chr8","77225924","77226233","chr20","54640728","54641039","48","22585196"
"chr8","77251051","77251343","chr8","41075596","41075887","42","36175455"
"chr8","77254295","77254564","chr1","22858271","22858537","55","54396024"
"chr8","77255910","77256226","chr9","3805446","3805756","38","73450464"
"chr8","77392448","77392750","chr3","130830181","130830485","41","53437733"
"chr8","77444680","77444973","chr1","94365322","94365615","37","16920642"
"chr8","77446412","77446708","chrX","10056899","10057196","41","67389513"
"chr8","77479977","77480022","chr10","33186818","33186864","5","44293159"
"chr8","77687890","77688185","chr17","30611756","30612052","37","47076134"
"chr8","77743888","77744195","chrX","44962032","44962338","37","32781856"
"chr8","77870446","77870743","chr11","104267729","104268018","47","26397283"
"chr8","77969089","77969389","chr1","11940593","11940894","40","66028496"
"chr8","78151593","78151832","chr3","170009933","170010171","47","91858340"
"chr8","78156776","78157071","chr8","118421988","118422286","55","40265212"
"chr8","78314314","78314609","chr1","94365322","94365615","43","16051008"
"chr8","78730938","78731236","chr3","83892331","83892628","46","5161393"
"chr8","78792869","78793180","chr9","61900736","61901039","37","16892133"
"chr8","78876933","78877238","chr7","13474578","13474886","37","65402355"
"chr8","78915797","78916081","chr16","31273411","31273700","54","47642386"
"chr8","78951080","78951383","chr5","9919693","9919985","56","69031387"
"chr8","78975055","78975360","chr1","134086312","134086610","48","55111257"
"chr8","78989730","78990026","chr12","35031886","35032181","35","43957844"
"chr8","79088598","79088843","chr4","83172079","83172320","46","4083481"
"chr8","79261343","79261650","chr10","16049988","16050292","41","63211355"
"chr8","79354766","79355012","chr2","125505641","125505883","39","46150875"
"chr8","79500190","79500484","chr13","62991818","62992120","44","16508372"
"chr8","79551209","79551503","chr9","7025626","7025918","33","72525583"
"chr8","79580255","79580562","chr2","180717362","180717673","44","101137107"
"chr8","79671033","79671328","chr1","53988770","53989067","46","25682263"
"chr8","79678810","79679117","chr13","110788062","110788365","51","31109252"
"chr8","79786845","79787142","chr6","142572268","142572563","53","62785423"
"chr8","79805358","79805664","chr11","36769212","36769521","38","43036146"
"chr8","80097600","80097906","chr13","32817425","32817728","39","47280175"
"chr8","80100846","80101053","chr8","114964293","114964505","26","34863447"
"chr8","80118486","80118777","chr3","133462312","133462603","39","53343826"
"chr8","80204895","80205189","chr6","142572268","142572563","37","62367373"
"chr8","80254925","80255059","chr2","147186002","147186130","29","66931077"
"chr8","80372020","80372299","chr5","132631825","132632108","42","52259805"
"chr8","80376096","80376391","chr18","10087354","10087651","37","70288742"
"chr8","80397171","80397277","chr2","158182064","158182167","13","77784893"
"chr8","80417718","80418010","chr6","142572268","142572563","33","62154550"
"chr8","80600363","80600640","chr2","96514589","96514879","46","15914226"
"chr8","80659991","80660277","chr11","12718595","12718887","42","67941396"
"chr8","80810930","80811223","chr20","69234001","69234293","38","11576929"
"chr8","81038652","81038946","chr10","62315260","62315548","46","18723392"
"chr8","81068594","81068860","chr13","46225644","46225911","44","34842950"
"chr8","81170921","81171175","chr3","955290","955546","57","80215631"
"chr8","81248331","81248619","chr2","184580196","184580486","48","103331865"
"chr8","81269129","81269421","chr17","23859405","23859701","35","57409724"
"chr8","81418028","81418319","chr20","16016113","16016401","54","65401915"
"chr8","81591163","81591452","chr11","109254012","109254304","38","27662849"
"chr8","81612242","81612518","chr19","41847030","41847308","33","39765212"
"chr8","81706274","81706553","chr18","15788387","15788669","41","65917887"
"chr8","81713761","81714041","chr5","174458682","174458960","51","92744921"
"chr8","81906222","81906477","chr5","150963150","150963408","40","69056928"
"chr8","81914651","81914956","chr3","67789309","67789612","41","14125342"
"chr8","82119342","82119632","chr9","57023538","57023829","32","25095804"
"chr8","82247927","82248157","chr20","68379890","68380123","33","13868037"
"chr8","82297744","82298047","chr2","84986602","84986907","39","2688858"
"chr8","82359692","82359967","chr10","32091928","32092200","32","50267764"
"chr8","82365630","82365844","chr13","7850027","7850241","30","74515603"
"chr8","82769320","82769551","chr18","71908745","71908980","38","10860575"
"chr8","82899992","82900239","chr2","185482859","185483105","36","102582867"
"chr8","83036670","83036933","chr4","135313924","135314188","40","52277254"
"chr8","83079219","83079513","chr4","103431771","103432066","41","20352552"
"chr8","83321894","83322202","chr16","7804673","7804980","40","75517221"
"chr8","83332036","83332342","chr12","93289737","93290045","40","9957701"
"chr8","83442382","83442686","chr1","163969411","163969716","37","80527029"
"chr8","83518191","83518480","chr3","74563963","74564251","46","8954228"
"chr8","83639130","83639428","chrX","118502219","118502511","41","34863089"
"chr8","83928807","83929055","chr6","161525268","161525536","54","77596461"
"chr8","83966105","83966402","chr13","32325637","32325935","42","51640468"
"chr8","83967083","83967357","chr5","140347209","140347487","58","56380126"
"chr8","84059603","84059848","chr7","24936105","24936346","33","59123498"
"chr8","84061910","84062185","chr20","26979491","26979774","54","57082419"
"chr8","84077868","84078162","chr1","53988770","53989067","50","30089098"
"chr8","84136942","84137243","chr3","10482926","10483222","48","73654016"
"chr8","84165127","84165430","chr2","46682521","46682821","36","37482606"
"chr8","84568631","84568923","chr11","3653031","3653328","45","80915600"
"chr8","84648423","84648719","chr5","2577333","2577630","40","82071090"
"chr8","84659452","84659779","chr1","30616752","30617074","50","54042700"
"chr8","84662865","84663110","chr11","30653238","30653490","41","54009627"
"chr8","84663594","84663668","chr13","37809866","37809935","12","46853728"
"chr8","84758536","84758833","chr8","99548469","99548767","45","14789933"
"chr8","84861898","84862156","chr5","48935404","48935666","45","35926494"
"chr8","85062350","85062646","chr9","20271265","20271563","42","64791085"
"chr8","85083357","85083666","chr3","26506775","26507089","45","58576582"
"chr8","85095736","85096030","chr17","83808601","83808892","33","1287135"
"chr8","85123452","85123710","chr19","39470515","39470769","47","45652937"
"chr8","85125050","85125362","chr12","58894080","58894384","38","26230970"
"chr8","85148303","85148588","chr1","115610934","115611221","43","30462631"
"chr8","85178026","85178331","chr1","128155382","128155688","34","42977356"
"chr8","85194061","85194337","chr2","41138574","41138855","38","44055487"
"chr8","85211458","85211705","chrX","41778129","41778385","46","43433329"
"chr8","85231858","85232149","chr14","100413403","100413696","49","15181545"
"chr8","85406656","85406959","chr11","101334321","101334626","44","15927665"
"chr8","85421002","85421317","chrX","137765287","137765594","51","52344285"
"chr8","85427668","85427955","chr2","94343271","94343561","36","8915603"
"chr8","85490743","85491063","chr6","67765709","67766011","55","17725034"
"chr8","85495387","85495673","chr14","119229630","119229918","49","33734243"
"chr8","85699992","85700291","chr9","54404234","54404532","42","31295758"
"chr8","85712026","85712317","chr1","45623411","45623699","37","40088615"
"chr8","85834926","85835223","chr9","15247736","15248032","39","70587190"
"chr8","85862061","85862332","chr7","65037501","65037778","48","20824560"
"chr8","85863005","85863127","chr11","84394073","84394189","34","1468932"
"chr8","85885498","85885801","chr7","72809354","72809654","40","13076144"
"chr8","85973594","85973870","chr6","147822924","147823209","52","61849330"
"chr8","86068241","86068534","chr4","3588537","3588838","44","82479704"
"chr8","86185350","86185642","chr3","78122440","78122733","40","8062910"
"chr8","86218331","86218627","chr2","186511571","186511867","40","100293240"
"chr8","86311765","86312061","chr10","78793021","78793318","33","7518744"
"chr8","86381309","86381598","chr13","36289","36581","48","86345020"
"chr8","86544193","86544473","chr4","52805264","52805547","39","33738929"
"chr8","86683658","86683767","chr15","58128772","58128880","21","28554886"
"chr8","86764627","86764918","chr4","82797469","82797759","56","3967158"
"chr8","86770576","86770805","chr7","121329046","121329267","25","34558470"
"chr8","86842006","86842314","chr8","40530076","40530386","47","46311930"
"chr8","86890596","86890880","chr8","91437935","91438229","52","4547339"
"chr8","86892209","86892335","chr19","44622152","44622275","21","42270057"
"chr8","86985670","86985828","chr14","118702603","118702766","35","31716933"
"chr8","87128196","87128360","chr16","1519262","1519432","34","85608934"
"chr8","87137499","87137799","chr17","30611756","30612052","49","56525743"
"chr8","87139409","87139707","chr14","65345324","65345610","64","21794085"
"chr8","87250300","87250595","chr15","48151534","48151833","42","39098766"
"chr8","87470042","87470344","chr15","96588502","96588809","36","9118460"
"chr8","87550844","87551142","chr11","47924958","47925256","33","39625886"
"chr8","87731084","87731379","chr2","102989050","102989349","37","15257966"
"chr8","87734226","87734520","chr16","71524282","71524578","38","16209944"
"chr8","87746620","87746907","chr17","10114847","10115143","48","77631773"
"chr8","87772922","87773214","chr7","133065043","133065330","32","45292121"
"chr8","87773266","87773569","chr4","17901217","17901519","47","69872049"
"chr8","87782736","87783035","chr2","46682521","46682821","38","41100215"
"chr8","87797406","87797704","chr3","169260164","169260459","36","81462758"
"chr8","87843108","87843222","chr11","108713721","108713830","24","20870613"
"chr8","87871559","87871862","chr10","12739460","12739760","40","75132099"
"chr8","87889384","87889677","chr7","150909055","150909346","38","63019671"
"chr8","87890889","87891183","chr16","18796729","18797022","35","69094160"
"chr8","87991060","87991361","chr2","49218877","49219187","38","38772183"
"chr8","87996881","87997167","chr14","15577285","15577579","36","72419596"
"chr8","88038053","88038346","chr6","56451711","56452003","42","31586342"
"chr8","88120435","88120738","chr13","32817425","32817728","29","55303010"
"chr8","88233459","88233763","chrX","1011707","1012008","42","87221752"
"chr8","88335989","88336295","chr1","29258432","29258727","42","59077557"
"chr8","88378342","88378652","chr11","123129724","123130034","37","34751382"
"chr8","88387843","88388134","chr3","10482926","10483222","36","77904917"
"chr8","88434030","88434322","chr11","59744208","59744500","36","28689822"
"chr8","88436265","88436510","chr2","173196809","173197055","38","84760544"
"chr8","88613243","88613541","chr20","26717586","26717886","32","61895657"
"chr8","88762361","88762634","chr2","135177745","135178021","42","46415384"
"chr8","88783248","88783546","chr20","51745649","51745944","30","37037599"
"chr8","88948330","88948584","chr6","143287549","143287823","51","54339219"
"chr8","89007290","89007594","chr11","52287005","52287308","42","36720285"
"chr8","89014193","89014443","chr4","24804662","24804922","46","64209531"
"chr8","89026004","89026294","chr1","12529331","12529609","42","76496673"
"chr8","89176297","89176428","chr4","123591832","123591957","23","34415535"
"chr8","89214539","89214833","chr7","106626100","106626390","70","17411561"
"chr8","89286957","89287088","chr8","116516398","116516528","21","27229441"
"chr8","89287616","89287792","chr11","132171694","132171867","36","42884078"
"chr8","89292457","89292729","chr7","54026881","54027156","54","35265576"
"chr8","89299508","89299805","chr1","29380917","29381213","39","59918591"
"chr8","89315017","89315178","chr7","24916113","24916278","37","64398904"
"chr8","89322564","89322860","chr14","15577285","15577579","33","73745279"
"chr8","89329446","89329741","chr3","71169706","71170006","45","18159740"
"chr8","89366290","89366571","chr10","73837427","73837714","47","15528863"
"chr8","89445216","89445497","chr10","71963229","71963497","48","17481987"
"chr8","89503005","89503288","chr2","64067123","64067404","53","25435882"
"chr8","89532781","89533083","chr11","59744208","59744500","39","29788573"
"chr8","89542160","89542286","chr16","44049998","44050130","24","45492162"
"chr8","89558268","89558557","chr2","66299519","66299811","41","23258749"
"chr8","89564488","89564789","chr2","101729881","101730183","37","12165393"
"chr8","89663497","89663765","chr15","94642685","94642959","53","4979188"
"chr8","89679707","89679999","chr18","12269702","12269996","38","77410005"
"chr8","89819061","89819353","chr6","52480201","52480494","36","37338860"
"chr8","89871422","89871682","chr11","46291436","46291687","47","43579986"
"chr8","89917407","89917699","chr5","162478601","162478895","39","72561194"
"chr8","89962158","89962448","chr2","47583420","47583713","41","42378738"
"chr8","90015052","90015331","chr11","95761683","95761964","38","5746631"
"chr8","90023644","90023949","chr10","46007696","46008002","33","44015948"
"chr8","90223396","90223683","chr6","51475431","51475711","43","38747965"
"chr8","90565780","90566051","chr11","37936841","37937108","38","52628939"
"chr8","90664372","90664682","chr2","56649143","56649449","36","34015229"
"chr8","90665375","90665675","chr1","116751810","116752108","34","26086435"
"chr8","90680571","90680842","chr20","28738202","28738471","37","61942369"
"chr8","90750990","90751302","chr13","117094301","117094612","46","26343311"
"chr8","91073990","91074271","chr1","127833040","127833336","44","36759050"
"chr8","91108441","91108730","chr19","42103817","42104095","47","49004624"
"chr8","91139314","91139608","chr15","90210594","90210890","50","928720"
"chr8","91157014","91157168","chr3","176758777","176758928","26","85601763"
"chr8","91329416","91329705","chr3","48298408","48298697","40","43031008"
"chr8","91379506","91379770","chr1","35658608","35658879","48","55720898"
"chr8","91397173","91397435","chr1","22858271","22858537","40","68538902"
"chr8","91463682","91463982","chr11","4016647","4016949","31","87447035"
"chr8","91497032","91497324","chr7","91441414","91441708","48","55618"
"chr8","91519203","91519424","chr7","73251066","73251287","38","18268137"
"chr8","91521373","91521669","chr3","10482926","10483222","37","81038447"
"chr8","91558656","91558934","chr12","98300764","98301051","42","6742108"
"chr8","91562877","91563158","chr12","93108642","93108929","43","1545765"
"chr8","91587371","91587680","chr6","157477970","157478279","42","65890599"
"chr8","91724771","91725053","chr2","184580196","184580486","43","92855425"
"chr8","91779549","91779847","chr14","6163227","6163523","46","85616322"
"chr8","91792580","91792877","chr4","33663349","33663650","39","58129231"
"chr8","91797844","91798142","chr14","107177928","107178228","32","15380084"
"chr8","91802872","91803163","chrX","118400711","118401003","41","26597839"
"chr8","91894202","91894457","chr1","115404557","115404821","40","23510355"
"chr8","91895882","91896179","chr17","30611756","30612052","44","61284126"
"chr8","91913807","91914097","chr4","118976132","118976426","45","27062325"
"chr8","91939641","91939935","chr2","102077322","102077613","40","10137681"
"chr8","91996608","91996901","chr11","59744208","59744500","30","32252400"
"chr8","91999012","91999289","chr1","158576945","158577227","39","66577933"
"chr8","92027324","92027620","chr19","50898678","50898974","40","41128646"
"chr8","92066297","92066507","chr1","54579002","54579197","42","37487295"
"chr8","92068740","92069038","chr3","45626371","45626668","33","46442369"
"chr8","92082288","92082587","chr19","30423161","30423462","38","61659127"
"chr8","92194598","92194908","chr2","84986602","84986907","39","7207996"
"chr8","92217592","92217892","chr1","114141291","114141594","40","21923699"
"chr8","92245579","92245860","chr1","91760043","91760318","42","485536"
"chr8","92259215","92259505","chr3","151336195","151336483","40","59076980"
"chr8","92317969","92318231","chr1","47939210","47939486","47","44378759"
"chr8","92347518","92347643","chr11","83048168","83048288","15","9299350"
"chr8","92352639","92352932","chr7","29672771","29673060","60","62679868"
"chr8","92641758","92642080","chr11","43397080","43397397","51","49244678"
"chr8","92660098","92660197","chrX","91207046","91207144","15","1453052"
"chr8","92751274","92751442","chr13","24989308","24989477","21","67761966"
"chr8","92774076","92774366","chr10","10378732","10379028","35","82395344"
"chr8","92852701","92852972","chr16","1630024","1630299","44","91222677"
"chr8","92918731","92919035","chr1","67368758","67369056","60","25549973"
"chr8","92983948","92984233","chr4","4553985","4554278","43","88429963"
"chr8","92995188","92995495","chr7","77029098","77029406","35","15966090"
"chr8","93045594","93045892","chr7","90971726","90972022","43","2073868"
"chr8","93057959","93058187","chr15","29611756","29611978","39","63446203"
"chr8","93070808","93071094","chr4","21639394","21639688","39","71431414"
"chr8","93081492","93081761","chr2","184580196","184580486","52","91498704"
"chr8","93163494","93163788","chr5","52449180","52449473","40","40714314"
"chr8","93164666","93164985","chr1","113215004","113215318","47","20050338"
"chr8","93174299","93174586","chr8","25582102","25582396","39","67592197"
"chr8","93180069","93180368","chr1","153132122","153132405","56","59952053"
"chr8","93266714","93266971","chr16","69679023","69679277","45","23587691"
"chr8","93290449","93290754","chr18","26757177","26757480","38","66533272"
"chr8","93344498","93344643","chr7","68766471","68766618","23","24578027"
"chr8","93437921","93438217","chr14","63716116","63716415","33","29721805"
"chr8","93481994","93482070","chr1","123108875","123108951","9","29626881"
"chr8","93669721","93670020","chr1","11940593","11940894","43","81729128"
"chr8","93670223","93670529","chr1","194910525","194910833","40","101240302"
"chr8","93680258","93680530","chr19","42487999","42488270","53","51192259"
"chr8","93840816","93841101","chr9","23375918","23376206","45","70464898"
"chr8","93843448","93843747","chr1","124250793","124251086","43","30407345"
"chr8","93868550","93868849","chr1","13865146","13865450","48","80003404"
"chr8","93952407","93952708","chr10","81286323","81286626","40","12666084"
"chr8","93952739","93953036","chr1","85129851","85130148","36","8822888"
"chr8","93986967","93987177","chr20","29195665","29195876","24","64791302"
"chr8","93993348","93993655","chr3","34969388","34969689","41","59023960"
"chr8","94007029","94007330","chr7","13474578","13474886","40","80532451"
"chr8","94007631","94007914","chr1","25089117","25089401","40","68918514"
"chr8","94016882","94017189","chr1","128155382","128155688","37","34138500"
"chr8","94017388","94017626","chr8","25856240","25856492","48","68161148"
"chr8","94017703","94017796","chr6","127861011","127861101","15","33843308"
"chr8","94046948","94047246","chr1","128791048","128791346","51","34744100"
"chr8","94062961","94063252","chr7","90971726","90972022","39","3091235"
"chr8","94078325","94078613","chr1","206447940","206448229","37","112369615"
"chr8","94093860","94094141","chr4","105579082","105579368","35","11485222"
"chr8","94095510","94095658","chr8","65998403","65998545","23","28097107"
"chr8","94106631","94106916","chr18","6455943","6456224","53","87650688"
"chr8","94112880","94113197","chrX","59946011","59946324","50","34166869"
"chr8","94118881","94119189","chr4","103942747","103943051","42","9823866"
"chr8","94120591","94120863","chr9","51784847","51785122","40","42335744"
"chr8","94122722","94123010","chr6","142572268","142572563","43","48449546"
"chr8","94129528","94129820","chr3","35715700","35716002","40","58413828"
"chr8","94166812","94167112","chr10","46007696","46008002","39","48159116"
"chr8","94168898","94169191","chr2","81991105","81991401","39","12177793"
"chr8","94185557","94185870","chr1","11912016","11912323","38","82273541"
"chr8","94185874","94186179","chr5","137146580","137146880","48","42960706"
"chr8","94192831","94192955","chr11","83048168","83048288","15","11144663"
"chr8","94195499","94195801","chr10","72394915","72395215","42","21800584"
"chr8","94205430","94205503","chr1","158208662","158208738","15","64003232"
"chr8","94205556","94205749","chr6","55833949","55834140","52","38371607"
"chr8","94220544","94220793","chr3","43546186","43546444","52","50674358"
"chr8","94221011","94221313","chr7","54988790","54989094","48","39232221"
"chr8","94227085","94227366","chr3","152822996","152823281","40","58595911"
"chr8","94236586","94236873","chr13","118543000","118543289","36","24306414"
"chr8","94248382","94248688","chr1","67368758","67369056","46","26879624"
"chr8","94276344","94276645","chr13","32817425","32817728","29","61458919"
"chr8","94279362","94279657","chr4","141088500","141088796","39","46809138"
"chr8","94288140","94288448","chr4","42381703","42382011","47","51906437"
"chr8","94299883","94300187","chr9","55132557","55132857","45","39167326"
"chr8","94301438","94301727","chr20","40802367","40802664","41","53499071"
"chr8","94317923","94318200","chr1","12529331","12529609","57","81788592"
"chr8","94331384","94331657","chr3","38943933","38944205","76","55387451"
"chr8","94348660","94348962","chr13","32817425","32817728","38","61531235"
"chr8","94349958","94350203","chr4","42930490","42930739","38","51419468"
"chr8","94355640","94355784","chrX","68470318","68470461","14","25885322"
"chr8","94363765","94364065","chr3","34969388","34969689","36","59394377"
"chr8","94388837","94389116","chr7","35401132","35401418","63","58987705"
"chr8","94437468","94437764","chr9","45429109","45429407","36","49008359"
"chr8","94484302","94484614","chr11","78380062","78380385","59","16104240"
"chr8","94487606","94487857","chr7","67057279","67057531","32","27430327"
"chr8","94487867","94488173","chr1","13865146","13865450","43","80622721"
"chr8","94552971","94553267","chr19","3064712","3065012","36","91488259"
"chr8","94572345","94572652","chr10","46688307","46688610","45","47884038"
"chr8","94607151","94607436","chr7","117030480","117030769","39","22423329"
"chr8","94609604","94609886","chr16","3687263","3687550","35","90922341"
"chr8","94675543","94675865","chr14","109223857","109224178","39","14548314"
"chr8","94683426","94683718","chr15","22561456","22561749","40","72121970"
"chr8","94688831","94689127","chr13","103386364","103386663","36","8697533"
"chr8","94723114","94723419","chr19","30120607","30120908","44","64602507"
"chr8","94748879","94748997","chr11","83048168","83048288","15","11700711"
"chr8","94805443","94805734","chr4","4867746","4868041","48","89937697"
"chr8","94831808","94832111","chr12","64705715","64706018","43","30126093"
"chr8","94934351","94934646","chr4","32871781","32872078","43","62062570"
"chr8","95054974","95055218","chr7","15595605","15595847","37","79459369"
"chr8","95062800","95063084","chr13","24508987","24509277","42","70553813"
"chr8","95075167","95075463","chr4","150540961","150541258","40","55465794"
"chr8","95086554","95086850","chr5","44482138","44482437","37","50604416"
"chr8","95100747","95101053","chr12","32597656","32597965","46","62503091"
"chr8","95131944","95132193","chr3","44476893","44477138","39","50655051"
"chr8","95246512","95246807","chr15","7561500","7561795","47","87685012"
"chr8","95248515","95248801","chr2","38884008","38884302","46","56364507"
"chr8","95315218","95315505","chr6","62361917","62362202","44","32953301"
"chr8","95317113","95317405","chr10","76959186","76959476","40","18357927"
"chr8","95330535","95330794","chr19","32515288","32515561","43","62815247"
"chr8","95436561","95436855","chr11","59744208","59744500","34","35692353"
"chr8","95477393","95477698","chr9","19850832","19851138","35","75626561"
"chr8","95540815","95541122","chr7","73560013","73560323","39","21980802"
"chr8","95571210","95571503","chr18","48176114","48176407","36","47395096"
"chr8","95571934","95572239","chr4","32401427","32401735","38","63170507"
"chr8","95633517","95633826","chr2","50899131","50899433","45","44734386"
"chr8","95634813","95635110","chr3","74390980","74391277","30","21243833"
"chr8","95701991","95702289","chr6","151368944","151369238","47","55666953"
"chr8","95780682","95780774","chr13","103188987","103189073","16","7408305"
"chr8","95789157","95789448","chr6","144112193","144112489","40","48323036"
"chr8","95823602","95823741","chr1","80937785","80937929","21","14885817"
"chr8","95887281","95887569","chr3","172232151","172232441","41","76344870"
"chr8","95964540","95964713","chr5","103852359","103852534","25","7887819"
"chr8","96074193","96074464","chr3","43954983","43955246","48","52119210"
"chr8","96325284","96325558","chr2","135177745","135178021","32","38852461"
"chr8","96378513","96378818","chr5","128637768","128638068","45","32259255"
"chr8","96457481","96457778","chr15","7561500","7561795","35","88895981"
"chr8","96472520","96472794","chr2","135177745","135178021","31","38705225"
"chr8","96598525","96598803","chr16","6848176","6848462","47","89750349"
"chr8","96603091","96603403","chr2","56649143","56649449","48","39953948"
"chr8","96625933","96626099","chr6","113354999","113355166","27","16729066"
"chr8","96822849","96823157","chr15","42637751","42638054","47","54185098"
"chr8","96885642","96885944","chr9","91449675","91449976","47","5435967"
"chr8","96909255","96909550","chr10","53067595","53067886","41","43841660"
"chr8","96918620","96918910","chr4","24412272","24412573","56","72506348"
"chr8","96937121","96937408","chr7","96230630","96230924","39","706491"
"chr8","96957335","96957639","chr13","107030178","107030478","40","10072843"
"chr8","96979427","96979713","chr13","107077974","107078263","40","10098547"
"chr8","97000001","97000242","chr1","15074337","15074605","54","81925664"
"chr8","97000937","97001247","chr7","131418663","131418968","42","34417726"
"chr8","97052232","97052510","chrX","45685008","45685285","39","51367224"
"chr8","97062946","97063253","chrX","44962032","44962338","30","52100914"
"chr8","97094715","97095018","chr15","9900702","9901002","45","87194013"
"chr8","97099305","97099578","chr16","2090775","2091048","37","95008530"
"chr8","97103839","97104138","chr10","78749019","78749318","36","18354820"
"chr8","97106333","97106625","chr13","36274137","36274433","40","60832196"
"chr8","97114536","97114874","chr3","79150110","79150441","62","17964426"
"chr8","97145830","97146132","chr10","72400856","72401155","59","24744974"
"chr8","97158828","97159092","chrX","122712517","122712780","40","25553689"
"chr8","97166644","97166897","chr19","18341184","18341444","43","78825460"
"chr8","97188829","97189114","chr10","83843135","83843419","56","13345694"
"chr8","97189399","97189693","chr5","103768433","103768725","35","6579034"
"chr8","97213204","97213510","chr8","137851042","137851346","49","40637838"
"chr8","97225076","97225322","chr1","16030313","16030572","47","81194763"
"chr8","97266350","97266658","chr4","13663992","13664285","51","83602358"
"chr8","97310972","97311268","chrX","111931424","111931726","33","14620452"
"chr8","97311415","97311712","chr17","20945248","20945548","38","76366167"
"chr8","97314520","97314827","chr1","67368758","67369056","50","29945762"
"chr8","97318588","97318876","chr7","79232767","79233057","43","18085821"
"chr8","97332249","97332547","chr4","35271785","35272086","43","62060464"
"chr8","97354087","97354391","chr3","34969388","34969689","36","62384699"
"chr8","97358568","97358853","chr1","92711937","92712231","44","4646631"
"chr8","97385735","97385998","chr7","130654165","130654431","47","33268430"
"chr8","97424489","97424764","chr2","135177745","135178021","40","37753256"
"chr8","97488635","97488909","chr1","216929363","216929640","47","119440728"
"chr8","97546532","97546851","chrX","123194482","123194796","61","25647950"
"chr8","97582236","97582534","chr12","89381664","89381963","40","8200572"
"chr8","97582832","97583133","chr2","150695858","150696161","42","53113026"
"chr8","97593029","97593346","chrX","50494731","50495049","63","47098298"
"chr8","97605582","97605881","chr14","21158129","21158427","38","76447453"
"chr8","97614386","97614681","chr1","12826801","12827100","37","84787585"
"chr8","97645941","97646257","chrX","43179195","43179504","52","54466746"
"chr8","97648332","97648632","chr10","72394915","72395215","38","25253417"
"chr8","97687389","97687687","chr2","96239962","96240258","42","1447427"
"chr8","97704440","97704723","chr4","52805264","52805547","42","44899176"
"chr8","97705232","97705536","chr3","8153448","8153759","44","89551784"
"chr8","97732774","97733070","chr6","68851185","68851482","43","28881589"
"chr8","97778488","97778789","chr10","72400856","72401155","44","25377632"
"chr8","97790332","97790633","chr18","54954890","54955184","42","42835442"
"chr8","97799269","97799559","chr5","86238609","86238898","40","11560660"
"chr8","97822606","97822908","chr1","29491945","29492246","42","68330661"
"chr8","97842906","97843199","chr7","14430611","14430904","43","83412295"
"chr8","97867305","97867596","chr7","129090868","129091160","53","31223563"
"chr8","97950714","97951009","chr11","47924958","47925256","37","50025756"
"chr8","97986015","97986223","chr5","120353828","120354045","47","22367813"
"chr8","98040634","98040921","chr9","7025626","7025918","33","91015008"
"chr8","98069539","98069841","chr11","4016647","4016949","34","94052892"
"chr8","98071010","98071312","chr20","13516848","13517143","43","84554162"
"chr8","98086548","98086839","chr17","83808601","83808892","39","14277947"
"chr8","98108571","98108807","chr7","24936105","24936346","33","73172466"
"chr8","98131740","98132016","chr6","72426508","72426782","46","25705232"
"chr8","98154543","98154623","chr16","18818112","18818192","13","79336431"
"chr8","98170728","98171008","chr9","66492557","66492838","56","31678171"
"chr8","98272104","98272385","chr14","88252008","88252300","48","10020096"
"chr8","98289909","98290205","chr10","36399480","36399772","44","61890429"
"chr8","98298798","98299101","chr1","128114394","128114695","53","29815596"
"chr8","98327520","98327824","chr16","21639667","21639964","38","76687853"
"chr8","98401047","98401332","chr11","116479271","116479560","41","18078224"
"chr8","98466638","98466885","chr10","52840410","52840667","38","45626228"
"chr8","98469552","98469847","chr1","203640822","203641120","40","105171270"
"chr8","98800528","98800817","chr16","45919427","45919715","43","52881101"
"chr8","98889941","98890237","chr11","131492005","131492296","42","32602064"
"chr8","98896293","98896596","chr1","54556109","54556409","44","44340184"
"chr8","98908360","98908661","chr13","32817425","32817728","33","66090935"
"chr8","99062220","99062508","chr10","62613928","62614216","40","36448292"
"chr8","99094545","99094773","chr7","121329046","121329267","31","22234501"
"chr8","99109052","99109352","chr12","48247451","48247755","39","50861601"
"chr8","99175472","99175725","chrX","13427697","13427949","40","85747775"
"chr8","99181912","99182044","chr20","10775435","10775571","17","88406477"
"chr8","99240384","99240678","chr2","184580196","184580486","54","85339812"
"chr8","99342644","99342938","chr3","35657443","35657739","31","63685201"
"chr8","99399748","99400049","chr6","128110448","128110754","44","28710700"
"chr8","99459068","99459372","chr13","32817425","32817728","35","66641643"
"chr8","99532033","99532331","chr7","91259277","91259574","46","8272756"
"chr8","99552387","99552663","chrX","62082325","62082604","39","37470062"
"chr8","99781432","99781731","chr8","34976656","34976956","47","64804776"
"chr8","99813139","99813438","chr2","46682521","46682821","33","53130618"
"chr8","99825044","99825351","chr12","34084117","34084423","36","65740927"
"chr8","99880772","99881082","chr1","128155382","128155688","39","28274610"
"chr8","99924100","99924400","chr1","53988770","53989067","53","45935330"
"chr8","100126885","100127185","chr19","17249651","17249949","34","82877234"
"chr8","100313806","100314102","chr6","68873528","68873828","55","31440278"
"chr8","100318354","100318646","chr7","116541236","116541527","39","16222882"
"chr8","100331705","100331978","chr7","46642053","46642320","44","53689652"
"chr8","100490332","100490425","chr3","150400681","150400772","15","49910349"
"chr8","100570624","100570866","chr11","67174681","67174919","42","33395943"
"chr8","100678357","100678663","chrX","38891205","38891511","44","61787152"
"chr8","100813574","100813862","chr14","15577285","15577579","34","85236289"
"chr8","100815669","100815970","chr1","1866324","1866628","41","98949345"
"chr8","100875979","100876281","chrX","122210526","122210830","35","21334547"
"chr8","100952982","100953282","chr11","8138169","8138470","38","92814813"
"chr8","100985900","100986207","chr7","133861008","133861309","38","32875108"
"chr8","101025695","101025941","chr7","24936105","24936346","36","76089590"
"chr8","101091491","101091789","chrX","16095102","16095398","50","84996389"
"chr8","101208250","101208547","chr4","2968205","2968507","37","98240045"
"chr8","101231632","101231941","chr3","107368374","107368683","47","6136742"
"chr8","101428426","101428691","chr9","24560211","24560475","36","76868215"
"chr8","101464154","101464433","chr8","3359590","3359872","50","98104564"
"chr8","101494546","101494834","chr7","151979566","151979860","46","50485020"
"chr8","101754294","101754588","chr5","140981015","140981312","42","39226721"
"chr8","102050198","102050503","chr1","152909746","152910050","41","50859548"
"chr8","102185121","102185404","chr10","69884013","69884300","46","32301108"
"chr8","102228069","102228365","chr11","59744208","59744500","38","42483861"
"chr8","102238773","102239019","chr16","44892798","44893041","38","57345975"
"chr8","102293275","102293568","chr4","82945647","82945940","46","19347628"
"chr8","102498865","102499148","chrX","123138025","123138308","49","20639160"
"chr8","102633650","102633942","chr6","57093643","57093937","42","45540007"
"chr8","102677064","102677372","chr13","61259817","61260123","36","41417247"
"chr8","102767105","102767276","chr3","34771304","34771466","39","67995801"
"chr8","102846192","102846497","chr13","25756455","25756761","37","77089737"
"chr8","102880790","102881076","chr11","62339608","62339898","51","40541182"
"chr8","103068754","103068924","chr4","42468336","42468506","25","60600418"
"chr8","103187014","103187331","chr3","85980662","85980973","45","17206352"
"chr8","103203247","103203513","chr19","32590740","32591017","56","70612507"
"chr8","103224283","103224587","chr15","41336666","41336971","36","61887617"
"chr8","103240488","103240781","chr8","19831971","19832268","38","83408517"
"chr8","103255233","103255540","chr4","56503347","56503657","36","46751886"
"chr8","103341234","103341536","chr16","55715676","55715976","42","47625558"
"chr8","103490056","103490352","chr19","3064712","3065012","33","100425344"
"chr8","103611700","103612022","chr11","94271683","94272001","42","9340017"
"chr8","103980059","103980363","chr16","39876723","39877030","45","64103336"
"chr8","103991792","103992067","chr2","39029241","39029515","42","64962551"
"chr8","104136350","104136666","chr19","12875665","12875962","49","91260685"
"chr8","104196404","104196672","chr2","165757823","165758089","41","61561419"
"chr8","104257474","104257773","chr4","2534955","2535251","35","101722519"
"chr8","104324208","104324518","chr1","178931782","178932092","37","74607574"
"chr8","104482538","104482844","chrX","91154394","91154706","42","13328144"
"chr8","104695676","104695931","chr16","1870952","1871205","37","102824724"
"chr8","104708335","104708634","chr10","50949405","50949695","50","53758930"
"chr8","104734366","104734676","chr19","28776684","28776996","41","75957682"
"chr8","104842305","104842613","chr19","43542076","43542380","35","61300229"
"chr8","105059374","105059657","chr10","62315260","62315548","43","42744114"
"chr8","105093348","105093642","chr10","74665457","74665756","41","30427891"
"chr8","105110688","105110979","chr3","164913166","164913461","51","59802478"
"chr8","105111030","105111315","chr18","51047606","51047892","44","54063424"
"chr8","105216724","105216823","chr17","44497606","44497708","23","60719118"
"chr8","105231769","105232052","chrX","43224571","43224857","39","62007198"
"chr8","105286997","105287283","chr5","11182627","11182922","50","94104370"
"chr8","105287752","105288046","chr2","186492108","186492405","41","81204356"
"chr8","105349612","105349905","chr1","11366377","11366670","36","93983235"
"chr8","105401444","105401719","chr1","202707884","202708154","40","97306440"
"chr8","105418929","105419213","chr9","37613139","37613425","40","67805790"
"chr8","105430301","105430603","chr6","133869535","133869843","39","28439234"
"chr8","105456989","105457268","chr12","93108642","93108929","54","12348347"
"chr8","105460877","105461189","chrX","142505359","142505669","43","37044482"
"chr8","105497204","105497493","chr15","21464395","21464674","51","84032809"
"chr8","105504966","105505272","chr18","28111310","28111612","30","77393656"
"chr8","105517083","105517360","chr16","50279212","50279487","38","55237871"
"chr8","105551528","105551827","chr2","123712519","123712817","47","18160991"
"chr8","105564017","105564310","chr1","14339353","14339646","48","91224664"
"chr8","105564314","105564608","chr9","79342653","79342946","40","26221661"
"chr8","105570402","105570690","chr9","7025626","7025918","45","98544776"
"chr8","105570703","105570991","chr2","39160986","39161280","45","66409717"
"chr8","105570997","105571259","chr18","15760514","15760779","51","89810483"
"chr8","105578916","105579211","chr15","7561500","7561795","41","98017416"
"chr8","105595981","105596279","chr4","69425921","69426221","45","36170060"
"chr8","105614021","105614250","chr2","142703519","142703755","63","37089498"
"chr8","105618261","105618545","chr11","72292514","72292797","56","33325747"
"chr8","105625267","105625538","chr15","21464395","21464674","47","84160872"
"chr8","105644166","105644436","chr14","8680117","8680387","42","96964049"
"chr8","105662202","105662487","chr18","12240080","12240373","40","93422122"
"chr8","105666565","105666878","chr11","60130583","60130897","41","45535982"
"chr8","105668053","105668343","chr14","57134784","57135076","50","48533269"
"chr8","105676657","105676940","chr10","62315260","62315548","41","43361397"
"chr8","105697988","105698279","chr7","8686944","8687235","43","97011044"
"chr8","105705292","105705582","chr4","20045092","20045381","35","85660200"
"chr8","105712504","105712798","chr11","59744208","59744500","30","45968296"
"chr8","105713238","105713534","chr1","94365322","94365615","36","11347916"
"chr8","105728376","105728686","chr4","32871781","32872078","52","72856595"
"chr8","105783100","105783395","chr8","25582102","25582396","28","80200998"
"chr8","105783686","105783991","chr4","132287893","132288193","46","26504207"
"chr8","105799642","105799943","chr7","150563402","150563704","40","44763760"
"chr8","105835748","105836031","chr7","117030480","117030769","42","11194732"
"chr8","105853412","105853713","chr8","25582102","25582396","41","80271310"
"chr8","105855457","105855763","chr3","48298408","48298697","51","57557049"
"chr8","105873506","105873808","chr11","6563934","6564243","47","99309572"
"chr8","105893389","105893682","chr14","98318663","98318962","44","7574726"
"chr8","105913848","105914144","chr15","37998944","37999241","39","67914904"
"chr8","105935987","105936253","chr7","49208770","49209048","52","56727217"
"chr8","105946576","105946773","chr7","155860210","155860412","23","49913634"
"chr8","105988021","105988327","chr2","99926420","99926726","46","6061601"
"chr8","106074772","106075070","chr2","84844754","84845049","24","21230018"
"chr8","106094161","106094453","chr12","91566288","91566580","35","14527873"
"chr8","106157492","106157772","chr7","153865121","153865404","44","47707629"
"chr8","106186446","106186713","chr15","97132178","97132453","39","9054268"
"chr8","106200803","106201083","chr10","33673628","33673921","46","72527175"
"chr8","106425484","106425783","chr12","82042102","82042404","47","24383382"
"chr8","106478713","106479008","chr16","18796729","18797022","39","87681984"
"chr8","106495120","106495361","chr18","65667406","65667652","44","40827714"
"chr8","106506568","106506863","JH682036","358126","358421","31","106148442"
"chr8","106578917","106579200","chr2","104291060","104291346","55","2287857"
"chr8","106619971","106620281","chr4","125474689","125474994","36","18854718"
"chr8","106639577","106639886","chr9","56773709","56774021","38","49865868"
"chr8","106651683","106651773","chr3","36838091","36838180","14","69813592"
"chr8","106657278","106657387","chr4","34787688","34787791","20","71869590"
"chr8","106718815","106719108","chr1","124250793","124251086","37","17531978"
"chr8","106788822","106789115","chr7","133510633","133510928","35","26721811"
"chr8","106790956","106791250","chr18","54954890","54955184","44","51836066"
"chr8","106797861","106798091","chr1","100959718","100959948","36","5838143"
"chr8","106801442","106801713","chr15","21464395","21464674","36","85337047"
"chr8","106809925","106810214","chr16","45339014","45339298","44","61470911"
"chr8","106850470","106850762","chr3","161066291","161066579","40","54215821"
"chr8","106856827","106857125","chr6","148752882","148753187","50","41896055"
"chr8","106901850","106902114","chr7","147219267","147219530","29","40317417"
"chr8","106911407","106911687","chr2","99954395","99954676","57","6957012"
"chr8","106932804","106933102","chr7","70273788","70274086","34","36659016"
"chr8","106978990","106979299","chrX","38891205","38891511","49","68087785"
"chr8","107030012","107030310","chr3","34969388","34969689","34","72060624"
"chr8","107075548","107075849","chr1","59715826","59716126","33","47359722"
"chr8","107143816","107144125","chr15","86129114","86129421","41","21014702"
"chr8","107145137","107145434","chr3","66701770","66702068","57","40443367"
"chr8","107231183","107231476","chr9","7025626","7025918","39","100205557"
"chr8","107364135","107364429","chr12","69597135","69597433","33","37767000"
"chr8","107368448","107368748","chr2","84844754","84845049","45","22523694"
"chr8","107381509","107381797","chr7","90971726","90972022","45","16409783"
"chr8","107399511","107399808","chrX","90821322","90821629","48","16578189"
"chr8","107410064","107410356","chr1","40659470","40659761","44","66750594"
"chr8","107433193","107433516","chr7","145357739","145358042","55","37924546"
"chr8","107434999","107435161","chr1","209070258","209070396","43","101635259"
"chr8","107439064","107439356","chr6","168849558","168849851","32","61410494"
"chr8","107443723","107444055","chr1","17610673","17611001","39","89833050"
"chr8","107452548","107452853","chr1","13865146","13865450","35","93587402"
"chr8","107453838","107454137","chr2","43087474","43087766","43","64366364"
"chr8","107458718","107458969","chr10","50862741","50863007","53","56595977"
"chr8","107464960","107465264","chr1","20012770","20013073","39","87452190"
"chr8","107467401","107467695","chr10","13285322","13285614","42","94182079"
"chr8","107475227","107475522","chr7","119955025","119955322","37","12479798"
"chr8","107480978","107481267","chr1","204813267","204813556","46","97332289"
"chr8","107481430","107481723","chr16","56231923","56232210","35","51249507"
"chr8","107576991","107577292","chr16","44035327","44035634","51","63541664"
"chr8","107629003","107629184","chr9","49327216","49327391","34","58301787"
"chr8","107641042","107641352","chr3","12603123","12603437","45","95037919"
"chr8","107646362","107646663","chr19","35482053","35482349","43","72164309"
"chr8","107653223","107653491","chr13","1738760","1739040","49","105914463"
"chr8","107664463","107664783","chr6","128110448","128110754","56","20445985"
"chr8","107673718","107674006","chr2","8148306","8148591","46","99525412"
"chr8","107707401","107707711","chr1","94548945","94549247","41","13158456"
"chr8","107716160","107716468","chrX","90821322","90821629","36","16894838"
"chr8","107721686","107721963","chr20","42229503","42229785","37","65492183"
"chr8","107756104","107756398","chr2","77570141","77570429","46","30185963"
"chr8","107762802","107763100","chr2","46682521","46682821","33","61080281"
"chr8","107776970","107777262","chr1","94365322","94365615","32","13411648"
"chr8","107790537","107790834","chr12","98300764","98301051","42","9489773"
"chr8","107791317","107791619","chr1","35583154","35583459","45","72208163"
"chr8","107817253","107817548","chr1","124250793","124251086","41","16433540"
"chr8","107823266","107823562","chr16","47080136","47080437","44","60743130"
"chr8","107830060","107830348","chr16","2090775","2091048","53","105739285"
"chr8","107837196","107837495","chr10","90842658","90842955","43","16994538"
"chr8","107841701","107841997","chr3","90568502","90568796","45","17273199"
"chr8","107857402","107857649","chr11","46291436","46291687","37","61565966"
"chr8","107859514","107859806","chr11","116100247","116100545","41","8240733"
"chr8","107867159","107867466","chrX","93343069","93343376","41","14524090"
"chr8","107888746","107889030","chr2","28624536","28624818","38","79264210"
"chr8","107919396","107919678","chr7","19157028","19157312","48","88762368"
"chr8","107936469","107936729","chr16","67971422","67971685","48","39965047"
"chr8","107941386","107941684","chr5","56973726","56974023","57","50967660"
"chr8","107946000","107946303","chr10","18176609","18176909","41","89769391"
"chr8","107946497","107946795","chr8","94412888","94413177","40","13533609"
"chr8","107963686","107963977","chr19","35393021","35393316","39","72570665"
"chr8","107982873","107983166","chr3","87759090","87759388","47","20223783"
"chr8","107988942","107989223","chr1","171838239","171838516","55","63849297"
"chr8","108039166","108039466","chr5","56973726","56974023","31","51065440"
"chr8","108046647","108046926","chr5","79158515","79158797","37","28888132"
"chr8","108123361","108123622","chr10","44830298","44830556","33","63293063"
"chr8","108149179","108149477","chrX","13595567","13595865","33","94553612"
"chr8","108175817","108176058","chr7","24936105","24936346","30","83239712"
"chr8","108195691","108195959","chr7","80887200","80887469","42","27308491"
"chr8","108233357","108233666","chr1","164085258","164085565","44","55851901"
"chr8","108435868","108436001","chr13","43588935","43589068","19","64846933"
"chr8","108438017","108438143","chr10","19499881","19500000","22","88938136"
"chr8","108466516","108466828","chr1","14575267","14575578","47","93891249"
"chr8","108508793","108509084","chr3","179701033","179701322","39","71192240"
"chr8","108564355","108564643","chr1","42476755","42477044","38","66087600"
"chr8","108635172","108635488","chr7","132955210","132955520","46","24320038"
"chr8","108637207","108637497","chr10","78793021","78793318","41","29844186"
"chr8","108719487","108719791","chr11","6563934","6564243","41","102155553"
"chr8","108737189","108737486","chr4","10828530","10828827","42","97908659"
"chr8","109032473","109032771","chr3","160772561","160772858","37","51740088"
"chr8","109318162","109318460","chr1","946135","946434","34","108372027"
"chr8","109355475","109355774","chr11","59744208","59744500","36","49611267"
"chr8","109568026","109568321","chrX","20846410","20846706","31","88721616"
"chr8","109706531","109706753","chr1","24229017","24229233","29","85477514"
"chr8","109808909","109809216","chr13","23501079","23501388","42","86307830"
"chr8","109932970","109933268","chr8","99548469","99548767","41","10384501"
"chr8","109996687","109996967","chr8","70343541","70343824","41","39653146"
"chr8","110023979","110024272","chr9","7025626","7025918","31","102998353"
"chr8","110040833","110040960","chr1","191044564","191044686","19","81003731"
"chr8","110041060","110041264","chr4","67692555","67692757","27","42348505"
"chr8","110048320","110048626","chr6","142572268","142572563","46","32523948"
"chr8","110061764","110062014","chr4","156041273","156041522","41","45979509"
"chr8","110146099","110146394","chr11","93362828","93363126","33","16783271"
"chr8","110212110","110212414","chr7","148821081","148821370","47","38608971"
"chr8","110255575","110255885","chr11","128830974","128831281","39","18575399"
"chr8","110300288","110300582","chr8","36984410","36984705","44","73315878"
"chr8","110348652","110348919","chr6","52055223","52055480","43","58293429"
"chr8","110429394","110429705","chr15","96588502","96588809","39","13840892"
"chr8","110440788","110441071","chr14","99122241","99122530","36","11318547"
"chr8","110528665","110528884","chr15","31070695","31070915","27","79457970"
"chr8","110566770","110567058","chr2","123712519","123712817","50","13145749"
"chr8","110616932","110617224","chr11","114923633","114923926","43","4306701"
"chr8","110618151","110618415","chr18","50874536","50874793","51","59743615"
"chr8","110636160","110636463","chr10","31338743","31339047","45","79297417"
"chr8","110656445","110656740","chr16","32814556","32814856","43","77841889"
"chr8","110657148","110657458","chr13","127856958","127857258","42","17199810"
"chr8","110674195","110674496","chr5","162378514","162378792","60","51704319"
"chr8","110693246","110693530","chr3","41262066","41262353","46","69431180"
"chr8","110757784","110758075","chr4","154135592","154135882","45","43377808"
"chr8","110830827","110831127","chr4","137949425","137949715","42","27118598"
"chr8","110907297","110907597","chr13","32817425","32817728","41","78089872"
"chr8","110921865","110922206","chr8","22703874","22704224","84","88217991"
"chr8","110923117","110923217","chr3","121093","121198","21","110802024"
"chr8","110930194","110930498","chr13","61259817","61260123","36","49670377"
"chr8","110942160","110942445","chr1","31509198","31509484","42","79432962"
"chr8","110957835","110958125","chr5","101303488","101303777","40","9654347"
"chr8","111009925","111010226","chr2","101651204","101651504","43","9358721"
"chr8","111052159","111052459","chr14","98318663","98318962","43","12733496"
"chr8","111110703","111110951","chr3","44476893","44477138","36","66633810"
"chr8","111186766","111187071","chr1","26180237","26180542","39","85006529"
"chr8","111205860","111206131","chr16","2090775","2091048","38","109115085"
"chr8","111211277","111211411","chr18","2814393","2814524","24","108396884"
"chr8","111255728","111256010","chr20","62950024","62950309","51","48305704"
"chr8","111263540","111263836","chr14","7830508","7830805","37","103433032"
"chr8","111274422","111274701","chr2","165476002","165476287","49","54201580"
"chr8","111275794","111275958","chr6","168710657","168710821","24","57434863"
"chr8","111301436","111301724","chr9","87363787","87364080","38","23937649"
"chr8","111318353","111318646","chr7","90971726","90972022","41","20346627"
"chr8","111372267","111372576","chr10","46007696","46008002","42","65364571"
"chr8","111392572","111392865","JH682036","358126","358421","26","111034446"
"chr8","111431944","111432241","chr8","10535992","10536285","40","100895952"
"chr8","111493555","111493756","chrX","125209340","125209537","38","13715785"
"chr8","111493811","111493922","chr7","130657353","130657466","20","19163542"
"chr8","111518633","111518930","JH682036","358126","358421","29","111160507"
"chr8","111657487","111657782","chr3","45626371","45626668","32","66031116"
"chr8","111668395","111668660","chr6","58171306","58171571","44","53497089"
"chr8","111704180","111704489","chrX","142505359","142505669","32","30801179"
"chr8","111731192","111731443","chr15","96500143","96500407","48","15231049"
"chr8","111808451","111808736","chr10","62315260","62315548","34","49493191"
"chr8","111824648","111824945","chr1","124250793","124251086","58","12426145"
"chr8","112012458","112012753","chr10","27117317","27117617","45","84895141"
"chr8","112058874","112059155","chr15","26878649","26878926","47","85180225"
"chr8","112061439","112061733","chr5","32347507","32347802","36","79713932"
"chr8","112241764","112242059","chr11","103541011","103541302","39","8700753"
"chr8","112285675","112285988","chr2","185657492","185657793","54","73371817"
"chr8","112300050","112300344","chr4","111680762","111681055","44","619288"
"chr8","112342894","112343196","chr5","34428917","34429213","36","77913977"
"chr8","112434058","112434330","chrX","91106612","91106893","43","21327446"
"chr8","112569502","112569784","chr7","49208770","49209048","41","63360732"
"chr8","112576799","112577085","chr10","62613928","62614216","52","49962871"
"chr8","112643251","112643540","chr1","42476755","42477044","46","70166496"
"chr8","112648841","112649142","chr13","32817425","32817728","35","79831416"
"chr8","112675696","112675946","chr3","39304161","39304414","33","73371535"
"chr8","112680169","112680464","chr13","54441045","54441338","44","58239124"
"chr8","112705597","112705898","chr13","32325637","32325935","34","80379960"
"chr8","112781060","112781362","chrX","28734753","28735052","36","84046307"
"chr8","112897240","112897404","chr6","168710657","168710821","26","55813417"
"chr8","112928038","112928367","chr12","18944986","18945321","66","93983052"
"chr8","112933367","112933685","chr2","82361800","82362120","54","30571567"
"chr8","112960683","112960991","chr3","155021820","155022129","39","42061137"
"chr8","112972990","112973285","chr17","26680521","26680825","48","86292469"
"chr8","113030352","113030613","chr1","52894716","52894966","47","60135636"
"chr8","113031751","113031822","chr5","13661840","13661915","19","99369911"
"chr8","113043056","113043351","chr11","59744208","59744500","35","53298848"
"chr8","113069341","113069648","chr3","41737602","41737912","49","71331739"
"chr8","113089269","113089572","chr16","70382574","70382877","50","42706695"
"chr8","113170597","113170880","chr15","78590602","78590883","62","34579995"
"chr8","113309668","113309949","chr1","124250793","124251086","48","10941125"
"chr8","113317010","113317308","chr2","102989050","102989349","36","10327960"
"chr8","113409191","113409490","chr19","3064712","3065012","34","110344479"
"chr8","113562785","113563074","chr11","106964325","106964616","42","6598460"
"chr8","113678677","113678944","chr3","66231822","66232082","44","47446855"
"chr8","113680461","113680723","chr3","66231822","66232082","37","47448639"
"chr8","113721039","113721326","chrX","134539670","134539953","44","20818631"
"chr8","113799223","113799525","chr1","214769531","214769835","41","100970308"
"chr8","113811059","113811366","chr2","106418670","106418975","39","7392389"
"chr8","113908523","113908822","chr1","946135","946434","43","112962388"
"chr8","113980733","113981020","chr9","57023538","57023829","40","56957195"
"chr8","113985891","113986121","chr2","4522425","4522657","29","109463466"
"chr8","114227418","114227704","chr9","22795677","22795968","43","91431741"
"chr8","114252847","114253135","chr17","53026294","53026578","46","61226553"
"chr8","114365236","114365465","chr18","51009583","51009809","34","63355653"
"chr8","114505530","114505827","chr19","35482053","35482349","38","79023477"
"chr8","114578618","114578899","chr1","19837329","19837614","59","94741289"
"chr8","114582924","114583223","chr16","49305255","49305552","42","65277669"
"chr8","114604673","114604966","chr2","101906055","101906355","38","12698618"
"chr8","114625163","114625494","chr2","66092772","66093108","51","48532391"
"chr8","114641522","114641798","chr12","11146323","11146596","50","103495199"
"chr8","114650766","114651061","chr1","112727851","112728148","38","1922915"
"chr8","114651583","114651878","chr3","46554409","46554708","39","68097174"
"chr8","114695053","114695339","chr4","4553985","4554278","53","110141068"
"chr8","114701743","114702043","chr4","82945647","82945940","34","31756096"
"chr8","114702382","114702685","chr16","732453","732746","45","113969929"
"chr8","114711267","114711547","chr2","21601249","21601529","41","93110018"
"chr8","114790725","114791024","chr11","47924958","47925256","43","66865767"
"chr8","114882125","114882237","chr2","74718977","74719088","24","40163148"
"chr8","114953803","114954092","chr9","7025626","7025918","41","107928177"
"chr8","114955316","114955414","chr15","6588871","6588970","13","108366445"
"chr8","114957310","114957605","chr4","16912106","16912399","43","98045204"
"chr8","114980319","114980623","chr13","32817425","32817728","46","82162894"
"chr8","114989858","114989993","chr8","76522039","76522178","16","38467819"
"chr8","114992573","114992874","chr1","114112648","114112955","43","879925"
"chr8","115051767","115052065","chr10","73823269","73823565","44","41228498"
"chr8","115081778","115082068","chr2","38884008","38884302","41","76197770"
"chr8","115087471","115087798","chr6","171327642","171327964","64","56240171"
"chr8","115098836","115099139","chr8","29386987","29387291","31","85711849"
"chr8","115110367","115110681","chrX","49664967","49665275","46","65445400"
"chr8","115140245","115140544","chr3","84677359","84677660","38","30462886"
"chr8","115145451","115145759","chr20","36330213","36330513","43","78815238"
"chr8","115149660","115149951","chr9","30302448","30302737","41","84847212"
"chr8","115160189","115160484","chr3","45626371","45626668","31","69533818"
"chr8","115183597","115183897","chr9","85132193","85132498","52","30051404"
"chr8","115191935","115192083","chr16","38160991","38161142","30","77030944"
"chr8","115205954","115206246","chr3","40442931","40443220","37","74763023"
"chr8","115211583","115211876","chr3","40442931","40443220","40","74768652"
"chr8","115236753","115237044","chr10","29691322","29691619","43","85545431"
"chr8","115264628","115264911","chr3","152822996","152823281","29","37558368"
"chr8","115303229","115303540","chr9","91449675","91449976","47","23853554"
"chr8","115361365","115361627","chr4","135313924","135314188","34","19952559"
"chr8","115378681","115378980","chr5","82536994","82537292","32","32841687"
"chr8","115383434","115383724","chr1","26847418","26847706","42","88536016"
"chr8","115476001","115476307","chr3","151107884","151108181","51","35631883"
"chr8","115534245","115534553","chr3","44274942","44275250","36","71259303"
"chr8","115548544","115548848","chr11","101138765","101139071","40","14409779"
"chr8","115614713","115614954","chr16","40076793","40077035","34","75537920"
"chr8","115664430","115664725","chr1","163944623","163944919","51","48280193"
"chr8","115741883","115742183","chr2","85634916","85635215","43","30106967"
"chr8","115806374","115806645","chrX","41494260","41494547","54","74312114"
"chr8","115910617","115910904","chr1","85129851","85130148","38","30780766"
"chr8","115942998","115943287","chr10","50949405","50949695","35","64993593"
"chr8","115946007","115946291","chr4","34137491","34137783","43","81808516"
"chr8","115994121","115994426","chr19","36815059","36815363","40","79179062"
"chr8","116005940","116006162","chr7","121329046","121329267","36","5323106"
"chr8","116025791","116026098","chrX","98850355","98850663","39","17175436"
"chr8","116037495","116037783","chr7","133065043","133065330","28","17027548"
"chr8","116089501","116089781","chr1","206447940","206448229","42","90358439"
"chr8","116109260","116109540","chr3","103259893","103260176","34","12849367"
"chr8","116132674","116132974","chr8","99548469","99548767","38","16584205"
"chr8","116140075","116140355","chr16","2686936","2687217","41","113453139"
"chr8","116156934","116157228","chr11","59744208","59744500","29","56412726"
"chr8","116191921","116192205","chr1","33754909","33755189","43","82437012"
"chr8","116200160","116200420","chr7","46486517","46486770","49","69713643"
"chr8","116201401","116201710","chr7","158562964","158563263","53","42361563"
"chr8","116206854","116207147","chr18","48176114","48176407","36","68030740"
"chr8","116219129","116219351","chr17","27671123","27671348","37","88548006"
"chr8","116246187","116246370","chr2","98767818","98767998","33","17478369"
"chr8","116246577","116246693","chrX","33348734","33348848","16","82897843"
"chr8","116258973","116259275","chr12","13891696","13891997","33","102367277"
"chr8","116262261","116262545","chr1","184035521","184035808","44","67773260"
"chr8","116262702","116262909","chrX","23005096","23005307","42","93257606"
"chr8","116262910","116263211","chr18","1209488","1209795","52","115053422"
"chr8","116275044","116275307","chrX","122712517","122712780","33","6437473"
"chr8","116275362","116275655","chr17","83808601","83808892","41","32466761"
"chr8","116293241","116293327","chr13","103188987","103189073","10","13104254"
"chr8","116299028","116299205","chr8","38593904","38594094","40","77705124"
"chr8","116301766","116302061","chr1","11366377","11366670","32","104935389"
"chr8","116302073","116302374","chr4","153743062","153743351","49","37440989"
"chr8","116305920","116306231","chr4","34099360","34099670","41","82206560"
"chr8","116322456","116322737","chr7","111089387","111089666","47","5233069"
"chr8","116330073","116330155","chr8","97793898","97793981","11","18536175"
"chr8","116341966","116342254","chr10","20861365","20861656","36","95480601"
"chr8","116360888","116361180","chr4","110946344","110946633","37","5414544"
"chr8","116370100","116370387","chr1","42476755","42477044","44","73893345"
"chr8","116498571","116498840","chr8","135570795","135571074","48","19072224"
"chr8","116575422","116575619","chr7","155860210","155860412","43","39284788"
"chr8","116575718","116576022","chr3","51065520","51065823","50","65510198"
"chr8","116583537","116583888","chr2","155746830","155747150","76","39163293"
"chr8","116665281","116665583","chr1","64114361","64114663","46","52550920"
"chr8","116665587","116665870","chr1","42476755","42477044","43","74188832"
"chr8","116667274","116667551","chr13","122004895","122005183","54","5337621"
"chr8","116709064","116709355","chr3","46603061","46603354","37","70106003"
"chr8","116710426","116710682","chr13","32421188","32421452","48","84289238"
"chr8","116737165","116737462","chr10","78793021","78793318","59","37944144"
"chr8","116740150","116740438","chr3","151306969","151307267","45","34566819"
"chr8","116742193","116742491","chr19","3064712","3065012","28","113677481"
"chr8","116750770","116751079","chr5","34488672","34488979","45","82262098"
"chr8","116768905","116769161","chr7","64681162","64681428","71","52087743"
"chr8","116786272","116786572","chr3","160772561","160772858","38","43986289"
"chr8","116803235","116803525","chr1","124250793","124251086","40","7447558"
"chr8","116856048","116856344","JH682036","358126","358421","32","116497922"
"chr8","116857533","116857806","chr10","37817455","37817721","51","79040078"
"chr8","116858330","116858637","chr8","35800735","35801044","45","81057595"
"chr8","116902910","116903215","chr2","33667031","33667336","45","83235879"
"chr8","116911174","116911469","chr14","111869477","111869767","41","5041697"
"chr8","116920859","116921077","chr20","29195665","29195876","44","87725194"
"chr8","116922914","116923200","chr14","111877236","111877529","43","5045678"
"chr8","116923951","116924244","chr19","32542177","32542468","47","84381774"
"chr8","116940331","116940628","chr9","20271265","20271563","31","96669066"
"chr8","116996559","116996857","chr9","57318157","57318448","43","59678402"
"chr8","117000290","117000595","chr1","36440897","36441200","48","80559393"
"chr8","117013068","117013362","chr14","18772479","18772776","43","98240589"
"chr8","117036133","117036445","chr13","32817425","32817728","40","84218708"
"chr8","117037655","117037952","chr2","102989050","102989349","38","14048605"
"chr8","117058291","117058568","chr3","146493499","146493779","43","29435208"
"chr8","117073610","117073955","chr12","64465706","64466036","64","52607904"
"chr8","117124077","117124358","chr11","91596618","91596903","46","25527459"
"chr8","117180816","117181112","chr6","142572268","142572563","43","25391452"
"chr8","117198515","117198805","chr13","107792315","107792606","53","9406200"
"chr8","117206574","117206871","chr1","34703092","34703391","47","82503482"
"chr8","117249101","117249380","chr11","131943882","131944175","48","14694781"
"chr8","117254214","117254522","chr1","1866324","1866628","44","115387890"
"chr8","117270981","117271275","chr8","99548469","99548767","42","17722512"
"chr8","117289011","117289312","chr12","70103153","70103445","47","47185858"
"chr8","117310410","117310699","chr1","94365322","94365615","40","22945088"
"chr8","117363503","117363802","chrX","16095102","16095398","37","101268401"
"chr8","117391070","117391361","chr10","10378732","10379028","29","107012338"
"chr8","117455806","117456122","chr9","61304926","61305233","49","56150880"
"chr8","117577249","117577539","chr7","38372929","38373220","37","79204320"
"chr8","117598185","117598507","chr10","34376525","34376831","73","83221660"
"chr8","117627031","117627312","chr7","46203299","46203578","47","71423732"
"chr8","117637050","117637220","chr2","77393612","77393779","27","40243438"
"chr8","117653844","117654132","chr16","44203969","44204255","36","73449875"
"chr8","117749571","117749852","chr16","11161826","11162107","49","106587745"
"chr8","117761372","117761673","chr19","35482053","35482349","35","82279319"
"chr8","117778237","117778531","chr5","4538583","4538883","34","113239654"
"chr8","117789989","117790252","chr1","36888776","36889038","64","80901213"
"chr8","117830358","117830649","chr9","79342653","79342946","37","38487705"
"chr8","117837222","117837515","chr11","84515045","84515339","38","33322177"
"chr8","117877024","117877310","chr10","7839744","7840032","40","110037280"
"chr8","117895801","117896031","chr15","29611756","29611978","35","88284045"
"chr8","117946422","117946719","chr2","83240394","83240702","47","34706028"
"chr8","118151625","118151936","chr11","30553928","30554234","43","87597697"
"chr8","118342616","118342926","chr4","103846144","103846452","45","14496472"
"chr8","118343595","118343881","chr1","42476755","42477044","40","75866840"
"chr8","118368116","118368339","chr10","74721381","74721604","36","43646735"
"chr8","118410122","118410418","chrX","124308228","124308516","45","5898106"
"chr8","118522020","118522317","chr6","142572268","142572563","46","24050248"
"chr8","118577325","118577638","chrX","38891205","38891511","43","79686120"
"chr8","118619825","118620128","chr8","6096533","6096837","55","112523292"
"chr8","118777761","118778059","chrX","43914906","43915203","41","74862855"
"chr8","119268125","119268410","chr20","42229503","42229785","40","77038622"
"chr8","119368238","119368532","chr9","7025626","7025918","29","112342612"
"chr8","119378318","119378615","chr1","124998618","124998915","35","5620300"
"chr8","119506416","119506710","chr14","5637621","5637921","46","113868795"
"chr8","119554138","119554447","chr7","118267343","118267653","47","1286795"
"chr8","119615040","119615324","chr3","14371522","14371805","37","105243518"
"chr8","120030906","120031150","chr17","50981326","50981584","44","69049580"
"chr8","120158651","120158940","chr15","9867708","9868000","44","110290943"
"chr8","120254342","120254630","chr1","94365322","94365615","42","25889020"
"chr8","120477213","120477522","chr1","11912016","11912323","48","108565197"
"chr8","120748579","120748870","chr6","126641819","126642115","51","5893240"
"chr8","120957244","120957550","chr7","73560013","73560323","41","47397231"
"chr8","120994528","120994818","chr7","133065043","133065330","36","12070515"
"chr8","121025458","121025762","chr13","61259817","61260123","29","59765641"
"chr8","121031128","121031376","chr8","102916371","102916625","46","18114757"
"chr8","121200636","121200920","chr2","39631073","39631360","43","81569563"
"chr8","121224923","121225142","chr7","121329046","121329267","34","104123"
"chr8","121322390","121322684","chr19","6166123","6166423","43","115156267"
"chr8","121529866","121530158","chr8","22381843","22382135","29","99148023"
"chr8","121531864","121532166","chr1","219225924","219226223","46","97694060"
"chr8","121614538","121614818","chr15","21464395","21464674","31","100150143"
"chr8","121621933","121622226","chr4","100155600","100155881","46","21466333"
"chr8","121903194","121903438","chr7","24936105","24936346","32","96967089"
"chr8","122109835","122110134","chr16","69128967","69129272","41","52980868"
"chr8","122116157","122116475","chrX","82304140","82304444","57","39812017"
"chr8","122280403","122280708","chr1","7993999","7994304","31","114286404"
"chr8","122319137","122319386","chrX","40167563","40167811","55","82151574"
"chr8","122346371","122346668","chr3","160772561","160772858","29","38426190"
"chr8","122351152","122351453","chr1","13865146","13865450","38","108486006"
"chr8","122395269","122395381","chr7","47418754","47418866","26","74976515"
"chr8","122410721","122411024","chr6","124714488","124714790","36","2303767"
"chr8","122417869","122418169","chr12","6943075","6943376","41","115474794"
"chr8","122470589","122470718","chr7","158155171","158155302","17","35684582"
"chr8","122472470","122472762","chr9","7025626","7025918","27","115446844"
"chr8","122513414","122513698","chr12","33900333","33900627","50","88613081"
"chr8","122586817","122587113","chr3","127707998","127708293","46","5121181"
"chr8","122632906","122633200","chr3","45626371","45626668","33","77006535"
"chr8","122659887","122660200","chr4","77776489","77776798","45","44883398"
"chr8","122707259","122707388","chr15","7441971","7442100","13","115265288"
"chr8","122852096","122852387","chr3","40442931","40443220","37","82409165"
"chr8","123082129","123082401","chr2","49059917","49060182","43","74022212"
"chr8","123098917","123099170","chr20","23378215","23378467","42","99720702"
"chr8","123218259","123218576","chr15","96588502","96588809","51","26629757"
"chr8","123281354","123281649","chr15","42183752","42184044","46","81097602"
"chr8","123516617","123516920","chr1","152909746","152910050","56","29393129"
"chr8","123611208","123611489","chr16","63697659","63697932","55","59913549"
"chr8","123688398","123688689","chr7","116541236","116541527","43","7147162"
"chr8","123715124","123715401","chr6","140999415","140999694","46","17284291"
"chr8","123812326","123812591","chr2","103785317","103785581","56","20027009"
"chr8","123812951","123813143","chr15","4911066","4911250","32","118901885"
"chr8","123864881","123865158","chr16","23321065","23321334","45","100543816"
"chr8","123920696","123920951","chr8","25856240","25856492","50","98064456"
"chr8","123947489","123947734","chr3","50901308","50901545","41","73046181"
"chr8","123982873","123983159","chr3","144473886","144474178","54","20491013"
"chr8","124027780","124028085","chr6","148752882","148753187","52","24725102"
"chr8","124126615","124126915","chr12","94758294","94758592","63","29368321"
"chr8","124162895","124163202","chr2","187111797","187112101","49","62948902"
"chr8","124214528","124214814","chr13","95619029","95619314","42","28595499"
"chr8","124399237","124399519","chr3","3812815","3813101","42","120586422"
"chr8","124841905","124842155","chr3","143667050","143667322","58","18825145"
"chr8","124891124","124891434","chr3","69228301","69228608","43","55662823"
"chr8","124898178","124898495","chr7","92230033","92230333","74","32668145"
"chr8","124900988","124901279","chr6","12014381","12014673","44","112886607"
"chr8","124939775","124940074","chr1","124998618","124998915","34","58843"
"chr8","125050260","125050454","chr5","75812262","75812450","36","49237998"
"chr8","125415809","125416113","chrX","108908616","108908924","41","16507193"
"chr8","125465544","125465836","chr14","111877236","111877529","40","13588308"
"chr8","125614532","125614816","chrX","62378326","62378608","36","63236206"
"chr8","125637481","125637794","chr8","14515198","14515509","39","111122283"
"chr8","125819441","125819755","chr20","64348256","64348561","45","61471185"
"chr8","125990611","125990939","chr14","48112903","48113226","74","77877708"
"chr8","126052356","126052611","chr10","17090334","17090586","46","108962022"
"chr8","126074115","126074387","chr15","76799848","76800119","49","49274267"
"chr8","126175305","126175583","chr7","16973425","16973705","53","109201880"
"chr8","126425600","126425895","chr11","59744208","59744500","35","66681392"
"chr8","126456460","126456736","chr10","37817455","37817721","60","88639005"
"chr8","126646832","126647135","chr4","3872146","3872447","44","122774686"
"chr8","126696811","126697118","chr10","67405046","67405353","30","59291765"
"chr8","126721614","126721872","chr1","64811514","64811776","59","61910100"
"chr8","126860120","126860412","chr8","25582102","25582396","35","101278018"
"chr8","126940098","126940405","chr20","26401661","26401973","38","100538437"
"chr8","127079566","127079854","chr1","42476755","42477044","50","84602811"
"chr8","127150126","127150424","chr8","125553163","125553457","40","1596963"
"chr8","127152192","127152489","chr8","125553163","125553457","40","1599029"
"chr8","127436189","127436419","chr7","121329046","121329267","31","6107143"
"chr8","127632967","127633260","chr11","62671059","62671353","43","64961908"
"chr8","127748282","127748584","chr12","48247451","48247755","39","79500831"
"chr8","127961147","127961457","chr1","11912016","11912323","42","116049131"
"chr8","128020867","128021166","chr11","114923633","114923926","51","13097234"
"chr8","128128763","128129044","chr19","42487999","42488270","57","85640764"
"chr8","128148027","128148322","chr11","92705019","92705312","42","35443008"
"chr9","12320530","12320818","chr1","206447940","206448229","38","194127410"
"chr9","20184987","20185287","chr2","46682521","46682821","42","26497534"
"chr9","40763387","40763692","chr3","45369493","45369802","38","4606106"
"chr9","59244430","59244723","chr17","11233722","11234024","43","48010708"
"chr9","86114021","86114311","chr6","142572268","142572563","39","56458247"
"chr9","95158120","95158325","chr11","104343562","104343755","40","9185442"
"chr9","107741184","107741471","chr2","112151878","112152164","41","4410694"
"chr9","110886653","110886918","chr5","96393659","96393920","45","14492994"
"chr9","112251","112528","chr1","15291446","15291730","59","15179195"
"chr9","224039","224343","chr3","63343532","63343825","42","63119493"
"chr9","258231","258546","chr1","39013788","39014096","44","38755557"
"chr9","297022","297312","chr2","113134591","113134882","32","112837569"
"chr9","355609","355690","chr4","20162471","20162552","14","19806862"
"chr9","413476","413707","chr5","848416","848645","27","434940"
"chr9","445702","445995","chr7","133065043","133065330","40","132619341"
"chr9","450527","450815","chr13","32325637","32325935","43","31875110"
"chr9","462798","463103","chr3","48309183","48309489","50","47846385"
"chr9","495281","495578","chr16","21639667","21639964","41","21144386"
"chr9","497165","497426","chr2","165757823","165758089","41","165260658"
"chr9","560698","560986","chr16","18796729","18797022","34","18236031"
"chr9","568483","568789","chr1","124898326","124898628","56","124329843"
"chr9","614192","614448","chr4","24804662","24804922","40","24190470"
"chr9","635211","635514","chr13","32817425","32817728","29","32182214"
"chr9","882330","882603","chr16","50279212","50279487","35","49396882"
"chr9","924528","924829","chr9","25603269","25603573","30","24678741"
"chr9","1010761","1011057","chr5","2577333","2577630","38","1566572"
"chr9","1041907","1042206","chr8","13291395","13291693","37","12249488"
"chr9","1082342","1082597","chr20","48557459","48557715","42","47475117"
"chr9","1191811","1192083","chr1","216929363","216929640","46","215737552"
"chr9","1426045","1426353","chr15","75836552","75836860","35","74410507"
"chr9","1440454","1440765","chr8","65228605","65228915","45","63788151"
"chr9","1463185","1463485","chr1","185903042","185903338","44","184439857"
"chr9","1500001","1500287","chr4","21707920","21708208","42","20207919"
"chr9","1506709","1507016","chr13","32817425","32817728","39","31310716"
"chr9","1517586","1517737","chr8","76522039","76522178","40","75004453"
"chr9","1633123","1633423","chr11","4016647","4016949","29","2383524"
"chr9","1647619","1647911","chr4","66020231","66020526","48","64372612"
"chr9","1725447","1725747","chr2","177445868","177446176","40","175720421"
"chr9","1817555","1817829","chr14","82944051","82944331","35","81126496"
"chr9","1852618","1852914","chr9","20941332","20941626","33","19088714"
"chr9","1933250","1933476","chr7","121329046","121329267","30","119395796"
"chr9","1950718","1950958","chr3","87423234","87423477","40","85472516"
"chr9","1984768","1985061","chr8","95960003","95960299","43","93975235"
"chr9","2049097","2049370","chr1","41402164","41402445","53","39353067"
"chr9","2109076","2109326","chr20","23378215","23378467","51","21269139"
"chr9","2115201","2115500","chr5","175774127","175774427","39","173658926"
"chr9","2116705","2117017","chr11","40791675","40791991","46","38674970"
"chr9","2119114","2119396","chr4","20045092","20045381","48","17925978"
"chr9","2142688","2142984","chr13","107030178","107030478","39","104887490"
"chr9","2167553","2167848","chr13","25422586","25422880","32","23255033"
"chr9","2172428","2172725","chr19","12557275","12557573","46","10384847"
"chr9","2182398","2182661","chr11","46291436","46291687","43","44109038"
"chr9","2203536","2203821","chr1","130910105","130910397","52","128706569"
"chr9","2218639","2218931","chr1","25272103","25272391","40","23053464"
"chr9","2233887","2234200","chr15","88475091","88475399","46","86241204"
"chr9","2254754","2254966","chr14","19820883","19821094","42","17566129"
"chr9","2257661","2257936","chr15","97132178","97132453","45","94874517"
"chr9","2302274","2302564","chr9","57318157","57318448","35","55015883"
"chr9","2311626","2311897","chr16","18796729","18797022","49","16485103"
"chr9","2321862","2322165","chr13","32817425","32817728","33","30495563"
"chr9","2429638","2429915","chr10","78147617","78147892","43","75717979"
"chr9","2453087","2453381","chrX","44799525","44799819","42","42346438"
"chr9","2557342","2557648","chr13","62636440","62636740","38","60079098"
"chr9","2673140","2673436","chr11","10098018","10098319","35","7424878"
"chr9","2760004","2760308","chr7","150944739","150945043","47","148184735"
"chr9","3030968","3031117","chr2","85726747","85726894","39","82695779"
"chr9","3035264","3035489","chr10","74721381","74721604","30","71686117"
"chr9","3065658","3065907","chr6","160074090","160074338","52","157008432"
"chr9","3069939","3070190","chr6","160074090","160074338","47","157004151"
"chr9","3095769","3096065","chr1","65662451","65662746","45","62566682"
"chr9","3151783","3152076","chrX","20846410","20846706","41","17694627"
"chr9","3296599","3296896","chr3","45626371","45626668","34","42329772"
"chr9","3302805","3303108","chr1","94548945","94549247","40","91246140"
"chr9","3474830","3474971","chr1","80937785","80937929","22","77462955"
"chr9","3615545","3615851","chr1","18792684","18792991","33","15177139"
"chr9","3650877","3651172","chr3","10482926","10483222","39","6832049"
"chr9","3809399","3809706","chr12","84984564","84984874","34","81175165"
"chr9","4042749","4043064","chr15","35590404","35590716","57","31547655"
"chr9","4072341","4072481","chr2","924253","924395","28","3148088"
"chr9","4152105","4152387","chr4","154390817","154391102","48","150238712"
"chr9","4169201","4169463","chr3","42381510","42381765","47","38212309"
"chr9","4172828","4172950","chr11","83048168","83048288","13","78875340"
"chr9","4227948","4228241","chr1","127833040","127833336","37","123605092"
"chr9","4257167","4257474","chrX","90821322","90821629","37","86564155"
"chr9","4305402","4305709","chr1","124898326","124898628","49","120592924"
"chr9","4386873","4387155","chr19","645039","645323","35","3741834"
"chr9","4454089","4454384","chr7","133065043","133065330","37","128610954"
"chr9","4796443","4796749","chr10","67405046","67405353","42","62608603"
"chr9","4808087","4808389","chr19","35482053","35482349","44","30673966"
"chr9","4815053","4815364","chr16","58102209","58102520","46","53287156"
"chr9","4858979","4859275","chr19","14076239","14076542","38","9217260"
"chr9","4928248","4928460","chr1","24229017","24229233","47","19300769"
"chr9","4931842","4932142","chr13","32817425","32817728","26","27885583"
"chr9","5034812","5035105","chr15","103796774","103797067","40","98761962"
"chr9","5040745","5041022","chr7","63563901","63564180","47","58523156"
"chr9","5063731","5064016","chr13","74148211","74148505","37","69084480"
"chr9","5064019","5064325","chr13","32817425","32817728","38","27753406"
"chr9","5148997","5149295","chr12","99594984","99595284","41","94445987"
"chr9","5252560","5252867","chr2","29122415","29122720","44","23869855"
"chr9","5389556","5389856","chr7","9043063","9043359","44","3653507"
"chr9","5420186","5420471","chr3","103259893","103260176","44","97839707"
"chr9","5495174","5495481","chr18","23762985","23763286","38","18267811"
"chr9","5510312","5510538","chr18","51009583","51009809","30","45499271"
"chr9","5548753","5549035","chrX","81681150","81681434","45","76132397"
"chr9","5576539","5576827","chr8","28825632","28825920","49","23249093"
"chr9","5821545","5821830","chr13","73042271","73042559","44","67220726"
"chr9","5832888","5833173","chr15","59504540","59504827","44","53671652"
"chr9","5981199","5981497","chr8","2817861","2818159","31","3163338"
"chr9","6026306","6026597","chr17","87565739","87566035","47","81539433"
"chr9","6128664","6128973","chr1","7993999","7994304","30","1865335"
"chr9","6162813","6163097","chr10","78495717","78496000","39","72332904"
"chr9","6167835","6168127","chr3","130290294","130290595","51","124122459"
"chr9","6307168","6307464","chr4","111697334","111697630","49","105390166"
"chr9","6385580","6385877","chr1","124998618","124998915","32","118613038"
"chr9","6441661","6441955","chr2","77735973","77736266","35","71294312"
"chr9","6547199","6547503","chr1","11700834","11701140","41","5153635"
"chr9","6548135","6548242","chr17","1344981","1345088","11","5203154"
"chr9","6558762","6559056","chr6","52078602","52078898","42","45519840"
"chr9","6660677","6660759","chr13","103188987","103189073","13","96528310"
"chr9","6663644","6663689","chr8","20010260","20010305","8","13346616"
"chr9","6706015","6706310","chr15","26613546","26613841","39","19907531"
"chr9","6709461","6709673","chr15","35441323","35441535","47","28731862"
"chr9","6776252","6776543","chr2","126433678","126433974","44","119657426"
"chr9","6816316","6816633","chr6","142572268","142572563","54","135755952"
"chr9","6826213","6826472","chr3","140589781","140590051","46","133763568"
"chr9","6840653","6840964","chr7","90903203","90903515","48","84062550"
"chr9","6876935","6877266","chr18","26821348","26821670","62","19944413"
"chr9","6890654","6890876","chr11","44650712","44650952","52","37760058"
"chr9","6915608","6915912","chr6","124714488","124714790","39","117798880"
"chr9","6920568","6920878","chr1","34059946","34060256","51","27139378"
"chr9","6960605","6960908","chr2","76933163","76933470","45","69972558"
"chr9","6965073","6965232","chr8","118828248","118828407","32","111863175"
"chr9","6965754","6966040","chr7","106443028","106443322","41","99477274"
"chr9","7064403","7064714","chr7","37449373","37449676","42","30384970"
"chr9","7106633","7106941","chr10","16049988","16050292","50","8943355"
"chr9","7123299","7123464","chr4","31199292","31199462","33","24075993"
"chr9","7128422","7128764","chr6","153629786","153630128","78","146501364"
"chr9","7129442","7129609","chr8","98675375","98675543","25","91545933"
"chr9","7131852","7132139","chr12","30780270","30780560","35","23648418"
"chr9","7145988","7146283","chr15","90210594","90210890","33","83064606"
"chr9","7162687","7162982","chr12","30780270","30780560","48","23617583"
"chr9","7203068","7203346","chr17","83808601","83808892","44","76605533"
"chr9","7232769","7233080","chrX","28734753","28735052","50","21501984"
"chr9","7234797","7235098","chr1","130649516","130649818","45","123414719"
"chr9","7241909","7242213","chr7","55027067","55027370","43","47785158"
"chr9","7318810","7319096","chr10","62315260","62315548","44","54996450"
"chr9","7424671","7424964","chr11","13702068","13702363","35","6277397"
"chr9","7430482","7430777","chr2","75273912","75274199","54","67843430"
"chr9","7506627","7506921","chr8","25582102","25582396","31","18075475"
"chr9","7575911","7576169","chr4","79455473","79455733","38","71879562"
"chr9","7585891","7586186","chr1","65662451","65662746","48","58076560"
"chr9","7604667","7604971","chr2","62500002","62500306","39","54895335"
"chr9","7628075","7628228","chr4","103459648","103459795","19","95831573"
"chr9","7629281","7629401","chr11","83048168","83048288","12","75418887"
"chr9","7649987","7650304","chr12","62403234","62403560","51","54753247"
"chr9","7652784","7653013","chr5","137480638","137480863","28","129827854"
"chr9","7708464","7708754","chr8","22381843","22382135","39","14673379"
"chr9","7760712","7761004","chr6","11115581","11115864","49","3354869"
"chr9","7837160","7837458","chr3","35657443","35657739","45","27820283"
"chr9","7912930","7913192","chr2","155636216","155636491","40","147723286"
"chr9","8006913","8007170","chr2","34315373","34315630","39","26308460"
"chr9","8007499","8007795","chr2","101651204","101651504","44","93643705"
"chr9","8088590","8088883","chr3","161216608","161216899","42","153128018"
"chr9","8101021","8101207","chr15","22365872","22366057","31","14264851"
"chr9","8324181","8324472","chr11","64561431","64561723","34","56237250"
"chr9","8436912","8437211","chr16","53294404","53294710","51","44857492"
"chr9","8486673","8486966","chr11","120626708","120626998","41","112140035"
"chr9","8512786","8512960","chr19","4975318","4975490","17","3537468"
"chr9","8513656","8513783","chr8","103559796","103559930","28","95046140"
"chr9","8516451","8516758","chr1","128155382","128155688","30","119638931"
"chr9","8544003","8544283","chr2","45415457","45415754","49","36871454"
"chr9","8553184","8553490","chr5","73166135","73166439","34","64612951"
"chr9","8572759","8573067","chr3","34969388","34969689","40","26396629"
"chr9","8586506","8586776","chr2","100062378","100062646","36","91475872"
"chr9","8626603","8626891","chr7","133065043","133065330","30","124438440"
"chr9","8675527","8675696","chr17","543645","543812","26","8131882"
"chr9","8680757","8681057","chr1","937523","937822","42","7743234"
"chr9","8682240","8682540","chr1","937523","937822","39","7744717"
"chr9","8701580","8701751","chr11","12512044","12512211","26","3810464"
"chr9","8705701","8706010","chr6","128110448","128110754","41","119404747"
"chr9","8754790","8755091","chr15","3441108","3441410","40","5313682"
"chr9","8765597","8765906","chr4","9648127","9648436","34","882530"
"chr9","8858086","8858351","chr1","47626078","47626342","39","38767992"
"chr9","8940151","8940457","chr16","20356273","20356575","32","11416122"
"chr9","8951339","8951582","chr16","44892798","44893041","45","35941459"
"chr9","8973543","8973841","chr1","208230438","208230739","42","199256895"
"chr9","8981006","8981311","chr1","195161491","195161794","49","186180485"
"chr9","8988162","8988470","chr20","42795095","42795400","45","33806933"
"chr9","8993416","8993702","chr20","49701084","49701366","40","40707668"
"chr9","9029257","9029561","chr10","29691322","29691619","48","20662065"
"chr9","9053095","9053388","chr13","115449648","115449937","41","106396553"
"chr9","9147792","9148083","chr12","38645893","38646186","41","29498101"
"chr9","9149515","9149807","chr11","59744208","59744500","31","50594693"
"chr9","9165885","9166184","chr1","46911670","46911967","38","37745785"
"chr9","9182060","9182345","chr5","170890007","170890294","50","161707947"
"chr9","9189546","9189832","chr3","1368884","1369176","51","7820662"
"chr9","9191680","9191979","chr3","130290294","130290595","41","121098614"
"chr9","9193053","9193332","chr2","97434929","97435213","60","88241876"
"chr9","9220340","9220644","chr1","7993999","7994304","33","1226341"
"chr9","9229696","9229906","chr5","172592101","172592313","35","163362405"
"chr9","9306874","9307162","chr14","47770929","47771212","42","38464055"
"chr9","9315016","9315303","chr13","127785452","127785742","52","118470436"
"chr9","9339824","9340105","chr3","171382925","171383221","49","162043101"
"chr9","9349400","9349703","chr6","30889459","30889767","44","21540059"
"chr9","9355636","9355917","chr1","7460034","7460321","41","1895602"
"chr9","9368041","9368338","chr1","85129851","85130148","43","75761810"
"chr9","9384539","9384856","chr4","56503347","56503657","48","47118808"
"chr9","9430691","9430987","chr1","67368758","67369056","48","57938067"
"chr9","9442970","9443260","chr7","147431496","147431787","42","137988526"
"chr9","9479909","9480042","chr8","30033336","30033468","21","20553427"
"chr9","9480540","9480705","chr13","37809450","37809605","38","28328910"
"chr9","9484007","9484300","chr7","78423568","78423862","36","68939561"
"chr9","9509060","9509350","chr13","88006009","88006300","33","78496949"
"chr9","9522608","9522918","chr19","28776684","28776996","43","19254076"
"chr9","9525762","9526051","chr10","62315260","62315548","34","52789498"
"chr9","9534204","9534515","chr1","13865146","13865450","42","4330942"
"chr9","9554426","9554703","chr2","100059763","100060040","44","90505337"
"chr9","9581503","9581812","chr5","101210540","101210851","39","91629037"
"chr9","9625853","9626137","chr1","161851733","161852013","43","152225880"
"chr9","9656231","9656538","chr9","107799245","107799554","43","98143014"
"chr9","9741815","9742102","chr7","72707693","72707981","38","62965878"
"chr9","9766470","9766688","chr7","121329046","121329267","22","111562576"
"chr9","9838488","9838786","chr19","3064712","3065012","35","6773776"
"chr9","9848591","9848889","chr10","36220081","36220385","45","26371490"
"chr9","9936298","9936599","chr15","38457834","38458135","43","28521536"
"chr9","9950456","9950766","chr1","11912016","11912323","36","1961560"
"chr9","10147681","10147963","chr4","56627212","56627501","46","46479531"
"chr9","10185217","10185503","chr3","12713884","12714173","45","2528667"
"chr9","10192534","10192826","chr1","94365322","94365615","44","84172788"
"chr9","10196542","10196839","chr1","124998618","124998915","37","114802076"
"chr9","10199925","10200224","chrX","20846410","20846706","35","10646485"
"chr9","10274441","10274735","chr2","38884008","38884302","43","28609567"
"chr9","10283636","10283926","chr2","173017663","173017955","38","162734027"
"chr9","10298347","10298654","chr7","131418663","131418968","45","121120316"
"chr9","10599511","10599822","chr7","77029098","77029406","30","66429587"
"chr9","10692901","10693215","chr11","13691517","13691834","38","2998616"
"chr9","10701853","10702156","chr13","23501079","23501388","29","12799226"
"chr9","10729239","10729537","chr2","82586920","82587221","44","71857681"
"chr9","10743469","10743774","chr2","46682521","46682821","36","35939052"
"chr9","10745788","10746076","chr7","49966133","49966421","57","39220345"
"chr9","10823645","10823946","chr11","108474262","108474559","31","97650617"
"chr9","10826681","10826817","chr18","24104552","24104687","13","13277871"
"chr9","10892470","10892760","chr15","78953274","78953566","37","68060804"
"chr9","10930119","10930406","chr4","32871781","32872078","40","21941662"
"chr9","10944733","10945037","chrX","38891205","38891511","46","27946472"
"chr9","10977523","10977733","chr3","38604566","38604772","34","27627043"
"chr9","11003412","11003703","chr12","31837904","31838202","42","20834492"
"chr9","11009108","11009407","chr7","129975763","129976062","34","118966655"
"chr9","11025639","11025927","chr6","83909264","83909556","45","72883625"
"chr9","11027230","11027517","chr12","81748604","81748887","39","70721374"
"chr9","11029385","11029675","chr1","42476755","42477044","48","31447370"
"chr9","11032982","11033269","chr4","143853919","143854212","44","132820937"
"chr9","11038421","11038664","chr10","56671204","56671448","36","45632783"
"chr9","11039106","11039255","chr3","39713991","39714138","18","28674885"
"chr9","11046191","11046498","chr1","44445986","44446289","44","33399795"
"chr9","11049750","11050041","chr3","10482926","10483222","49","566824"
"chr9","11052573","11052878","chrX","50707455","50707757","45","39654882"
"chr9","11055849","11056149","chr8","85566036","85566332","34","74510187"
"chr9","11061717","11062018","chr8","85566036","85566332","29","74504319"
"chr9","11083543","11083836","chr1","124602805","124603099","45","113519262"
"chr9","11112357","11112644","chr6","126038364","126038641","50","114926007"
"chr9","11123446","11123697","chr10","85305068","85305322","46","74181622"
"chr9","11144227","11144326","chr1","190300587","190300682","29","179156360"
"chr9","11145227","11145380","chr2","182046129","182046277","17","170900902"
"chr9","11151405","11151517","chr5","141886011","141886125","13","130734606"
"chr9","11193585","11193896","chr7","121774853","121775163","46","110581268"
"chr9","11207565","11207856","chr7","133065043","133065330","32","121857478"
"chr9","11418066","11418331","chr8","14237621","14237892","58","2819555"
"chr9","11463389","11463682","chrX","91176145","91176441","41","79712756"
"chr9","11522122","11522438","chr19","15220518","15220821","47","3698396"
"chr9","11643499","11643661","chr8","77287389","77287544","25","65643890"
"chr9","11643663","11643967","chr4","31017666","31017967","28","19374003"
"chr9","11785308","11785613","chr5","34488672","34488979","40","22703364"
"chr9","11841488","11841769","chr1","17450730","17451024","47","5609242"
"chr9","11901690","11901985","chr17","87710486","87710785","38","75808796"
"chr9","11913573","11913823","chr16","7445726","7445973","31","4467847"
"chr9","12009150","12009448","chr9","88566306","88566605","34","76557156"
"chr9","12068919","12069204","chr1","13186406","13186688","38","1117487"
"chr9","12098166","12098479","chr6","128302615","128302924","37","116204449"
"chr9","12152225","12152526","chr2","126504151","126504457","44","114351926"
"chr9","12160985","12161291","chr11","51914381","51914692","42","39753396"
"chr9","12165980","12166270","chr13","23010864","23011159","33","10844884"
"chr9","12167222","12167520","chr3","47435033","47435323","58","35267811"
"chr9","12172394","12172698","chr1","1833083","1833386","45","10339311"
"chr9","12178095","12178388","chr15","78953274","78953566","42","66775179"
"chr9","12189789","12190082","chr9","36921875","36922172","38","24732086"
"chr9","12192080","12192376","chr7","52736490","52736780","30","40544410"
"chr9","12208382","12208682","chr5","2577333","2577630","34","9631049"
"chr9","12210726","12211010","chr9","21883053","21883330","49","9672327"
"chr9","12228905","12229195","chr3","133866579","133866872","33","121637674"
"chr9","12336585","12336881","chr7","76889431","76889730","30","64552846"
"chr9","12409129","12409412","chr18","51047606","51047892","45","38638477"
"chr9","12424802","12425089","chr11","47924958","47925256","35","35500156"
"chr9","12429075","12429362","chr16","45339014","45339298","45","32909939"
"chr9","12448961","12449246","chr15","59504540","59504827","46","47055579"
"chr9","12452008","12452295","chr7","72707693","72707981","41","60255685"
"chr9","12467294","12467591","chr1","208474725","208475026","37","196007431"
"chr9","12474107","12474426","chr2","130228273","130228581","46","117754166"
"chr9","12476420","12476710","chr9","79342653","79342946","44","66866233"
"chr9","12504509","12504809","chr16","39105659","39105958","41","26601150"
"chr9","12511666","12511961","chr2","102989050","102989349","41","90477384"
"chr9","12514309","12514601","chrX","38190147","38190439","31","25675838"
"chr9","12558199","12558497","chr16","21639667","21639964","33","9081468"
"chr9","12561202","12561495","chr12","37981160","37981457","47","25419958"
"chr9","12623279","12623584","chr6","128302615","128302924","38","115679336"
"chr9","12633268","12633559","chr1","208315987","208316282","49","195682719"
"chr9","12655217","12655512","chr14","98318663","98318962","39","85663446"
"chr9","12689684","12689976","chr4","2534955","2535251","35","10154729"
"chr9","12701957","12702265","chr13","32817425","32817728","36","20115468"
"chr9","12706075","12706381","chr11","92463562","92463865","40","79757487"
"chr9","12709003","12709307","chr6","150519750","150520044","48","137810747"
"chr9","12739776","12740080","chr4","132287893","132288193","50","119548117"
"chr9","12754707","12755011","chr5","109355847","109356148","46","96601140"
"chr9","12832796","12833095","chr2","102989050","102989349","38","90156254"
"chr9","12871935","12872244","chr19","13117274","13117575","56","245339"
"chr9","12915420","12915720","chr2","41438773","41439082","37","28523353"
"chr9","13034448","13034750","chr5","86230125","86230425","36","73195677"
"chr9","13143652","13143955","chr16","13554140","13554436","38","410488"
"chr9","13177147","13177439","chr9","66366305","66366593","34","53189158"
"chr9","13229612","13229923","chr11","1675607","1675917","42","11554005"
"chr9","13246103","13246401","JH682036","358126","358421","31","12887977"
"chr9","13246661","13246957","chr18","48465782","48466081","42","35219121"
"chr9","13250054","13250343","chr1","124250793","124251086","41","111000739"
"chr9","13267988","13268260","chr20","26324160","26324436","41","13056172"
"chr9","13278959","13279239","chr12","12024515","12024792","36","1254444"
"chr9","13302075","13302365","chr5","174278831","174279121","49","160976756"
"chr9","13311613","13311921","chr1","20012770","20013073","42","6701157"
"chr9","13337546","13337867","chr9","60825092","60825400","61","47487546"
"chr9","13344133","13344429","chr12","30780270","30780560","41","17436137"
"chr9","13344803","13345018","chr1","9513726","9513939","38","3831077"
"chr9","13350238","13350547","chr16","6949294","6949602","32","6400944"
"chr9","13369874","13370172","chr11","59744208","59744500","36","46374334"
"chr9","13507343","13507651","chrX","6292568","6292871","42","7214775"
"chr9","13555699","13555990","chr9","79342653","79342946","40","65786954"
"chr9","13573778","13574092","chr3","122782892","122783194","59","109209114"
"chr9","13605404","13605625","chr15","29611756","29611978","25","16006352"
"chr9","13612294","13612590","chr8","118421988","118422286","42","104809694"
"chr9","13618056","13618363","chr10","16049988","16050292","41","2431932"
"chr9","13779543","13779844","chr8","77571193","77571492","33","63791650"
"chr9","13818419","13818736","chr13","32817425","32817728","54","18999006"
"chr9","14046231","14046528","chr11","2501517","2501810","31","11544714"
"chr9","14076596","14076880","chr12","93108642","93108929","30","79032046"
"chr9","14363031","14363335","chr5","34488672","34488979","40","20125641"
"chr9","14381885","14382185","chr7","125954466","125954770","41","111572581"
"chr9","14446169","14446478","chr4","102745293","102745598","46","88299124"
"chr9","14457744","14458047","chrX","143121938","143122244","46","128664194"
"chr9","14468771","14469061","chr15","96588502","96588809","45","82119731"
"chr9","14481043","14481346","chr3","137161683","137161990","41","122680640"
"chr9","14483395","14483702","chr16","47869063","47869366","37","33385668"
"chr9","14486553","14486871","chr19","8988494","8988802","58","5498059"
"chr9","14487176","14487503","chr3","22467860","22468187","56","7980684"
"chr9","14499427","14499720","chr19","11193722","11194017","49","3305705"
"chr9","14507093","14507392","chr7","16206849","16207148","44","1699756"
"chr9","14514541","14514825","chr10","36399480","36399772","37","21884939"
"chr9","14516816","14517101","chr1","18222268","18222557","43","3705452"
"chr9","14518367","14518653","chr11","59744208","59744500","39","45225841"
"chr9","14518660","14518959","chr14","75998710","75999010","43","61480050"
"chr9","14543456","14543764","chr7","70273788","70274086","54","55730332"
"chr9","14545320","14545617","chr7","129930994","129931292","37","115385674"
"chr9","14547627","14547907","chr8","1577400","1577677","53","12970227"
"chr9","14608566","14608862","chr19","38630844","38631148","44","24022278"
"chr9","14638208","14638500","chr19","3064712","3065012","44","11573496"
"chr9","14674567","14674869","chr14","53927134","53927436","40","39252567"
"chr9","14683841","14684041","chr9","7322095","7322297","33","7361746"
"chr9","14721837","14722147","chr11","33968956","33969265","38","19247119"
"chr9","14863012","14863305","chr15","9765968","9766261","47","5097044"
"chr9","14936450","14936776","chr17","9501280","9501587","66","5435170"
"chr9","15113870","15114099","chr10","32414416","32414650","37","17300546"
"chr9","15153675","15153965","chr1","24136961","24137248","42","8983286"
"chr9","15300532","15300832","chr13","32817425","32817728","31","17516893"
"chr9","15333564","15333823","chr1","47626078","47626342","37","32292514"
"chr9","15430310","15430572","chr1","36888776","36889038","40","21458466"
"chr9","15440179","15440459","chr3","134867637","134867930","58","119427458"
"chr9","15491340","15491637","chr15","21416937","21417235","44","5925597"
"chr9","15520227","15520507","chr2","92704027","92704304","55","77183800"
"chr9","15618873","15619169","chr18","29686031","29686328","36","14067158"
"chr9","15639986","15640263","chr16","22674519","22674794","40","7034533"
"chr9","15641205","15641501","chr6","142572268","142572563","37","126931063"
"chr9","15766971","15767277","chr8","136014867","136015169","45","120247896"
"chr9","15796347","15796617","chr1","127703616","127703888","41","111907269"
"chr9","15825244","15825545","chr4","150540961","150541258","40","134715717"
"chr9","15829959","15830247","chr8","95960003","95960299","40","80130044"
"chr9","15849856","15850153","chr2","123712519","123712817","39","107862663"
"chr9","15872615","15872932","chr12","83397023","83397331","47","67524408"
"chr9","15873264","15873566","chr10","78749019","78749318","37","62875755"
"chr9","16192840","16193125","chr9","92292916","92293201","39","76100076"
"chr9","16195937","16196227","chr7","133065043","133065330","33","116869106"
"chr9","16377641","16377950","chr3","61280488","61280798","37","44902847"
"chr9","16480780","16481067","chr2","96826999","96827292","41","80346219"
"chr9","16495444","16495748","chr13","43327633","43327946","46","26832189"
"chr9","16498459","16498763","chr13","32817425","32817728","34","16318966"
"chr9","16579836","16580096","chr7","147219267","147219530","42","130639431"
"chr9","16625539","16625844","chr10","7892827","7893134","42","8732712"
"chr9","16647023","16647332","chr6","30988089","30988401","40","14341066"
"chr9","16685268","16685569","chr2","90488784","90489082","41","73803516"
"chr9","16767501","16767830","chr2","66092772","66093108","49","49325271"
"chr9","16878041","16878347","chr2","62500002","62500306","37","45621961"
"chr9","16966873","16967174","chr10","6154582","6154884","37","10812291"
"chr9","17056656","17056930","chr1","202707884","202708154","39","185651228"
"chr9","17103236","17103542","chr4","30299781","30300089","47","13196545"
"chr9","17109063","17109191","chr4","1002980","1003111","18","16106083"
"chr9","17433452","17433720","chr15","96639374","96639644","43","79205922"
"chr9","17601132","17601248","chr3","21978349","21978465","22","4377217"
"chr9","17842636","17842920","chr2","186984271","186984558","42","169141635"
"chr9","17872233","17872528","chr2","136790114","136790409","39","118917881"
"chr9","17904030","17904334","chr11","25936478","25936784","40","8032448"
"chr9","17915170","17915300","chr10","81857320","81857445","24","63942150"
"chr9","17915984","17916276","chrX","127952408","127952701","38","110036424"
"chr9","17921754","17922041","chr17","86265623","86265912","47","68343869"
"chr9","17986556","17986855","chr3","133866579","133866872","44","115880023"
"chr9","17991786","17992070","chr1","158576945","158577227","48","140585159"
"chr9","17998797","17999097","chr15","7561500","7561795","34","10437297"
"chr9","18000827","18001130","chr4","101558698","101559007","42","83557871"
"chr9","18013165","18013265","chr3","160368626","160368728","14","142355461"
"chr9","18013469","18013610","chr15","1852599","1852748","36","16160870"
"chr9","18128467","18128761","chr15","7561500","7561795","33","10566967"
"chr9","18148395","18148691","chr8","99548469","99548767","38","81400074"
"chr9","18153999","18154298","chr9","7219099","7219401","42","10934900"
"chr9","18162831","18163128","chr2","106418670","106418975","45","88255839"
"chr9","18164901","18165157","chr4","14003814","14004059","44","4161087"
"chr9","18183383","18183692","chr2","99631565","99631872","48","81448182"
"chr9","18213162","18213457","chr4","13663992","13664285","36","4549170"
"chr9","18232791","18233089","chr19","3064712","3065012","40","15168079"
"chr9","18235254","18235537","chr4","110946344","110946633","46","92711090"
"chr9","18238888","18239192","chr12","70277663","70277977","45","52038775"
"chr9","18268606","18268913","chr15","7561500","7561795","37","10707106"
"chr9","18275411","18275701","chr12","93108642","93108929","32","74833231"
"chr9","18335967","18336252","chr7","52736490","52736780","47","34400523"
"chr9","18362766","18363057","chr5","174278831","174279121","38","155916065"
"chr9","18392760","18392868","chr7","120734073","120734177","23","102341313"
"chr9","18393215","18393333","chr16","52408903","52409022","18","34015688"
"chr9","18429265","18429523","chr7","123386234","123386495","58","104956969"
"chr9","18450881","18451170","chr14","7898151","7898449","45","10552730"
"chr9","18451568","18451801","chr16","44892798","44893041","44","26441230"
"chr9","18471398","18471695","chr3","124597695","124597995","41","106126297"
"chr9","18479942","18480229","chr7","129456939","129457235","42","110976997"
"chr9","18481828","18482116","chrX","108424409","108424705","41","89942581"
"chr9","18483166","18483475","chr1","184288081","184288385","41","165804915"
"chr9","18496964","18497166","chr2","121075055","121075259","40","102578091"
"chr9","18510608","18510878","chr15","78403474","78403750","47","59892866"
"chr9","18510969","18511185","chr7","121329046","121329267","25","102818077"
"chr9","18591914","18592226","chr4","71638831","71639140","49","53046917"
"chr9","18599298","18599371","chr4","136676224","136676294","14","118076926"
"chr9","18601648","18601946","chr10","85479297","85479596","50","66877649"
"chr9","18634173","18634413","chr3","121231389","121231617","41","102597216"
"chr9","18654733","18655026","chr16","42090122","42090419","40","23435389"
"chr9","18706579","18706908","chr6","142572268","142572563","61","123865689"
"chr9","18791411","18791708","chr9","22636719","22637014","33","3845308"
"chr9","18839410","18839702","chr1","124250793","124251086","42","105411383"
"chr9","18840134","18840423","chr2","186451766","186452061","38","167611632"
"chr9","18884155","18884455","chr8","39262767","39263062","53","20378612"
"chr9","18909399","18909691","chr4","33526464","33526759","40","14617065"
"chr9","19024494","19024791","chrX","96966237","96966533","45","77941743"
"chr9","19100752","19101044","chr1","25411347","25411640","33","6310595"
"chr9","19109596","19109883","chr1","213575383","213575672","40","194465787"
"chr9","19147947","19148251","chr11","4016647","4016949","35","15131300"
"chr9","19268745","19269026","chr20","62981238","62981518","43","43712493"
"chr9","19547694","19547999","chr13","32817425","32817728","30","13269731"
"chr9","19554350","19554658","chr1","117667634","117667945","44","98113284"
"chr9","19708160","19708455","chr1","57946363","57946656","40","38238203"
"chr9","19723378","19723666","chr19","645039","645323","46","19078339"
"chr9","19825254","19825564","chr3","61280488","61280798","38","41455234"
"chr9","19977686","19977991","chr6","166367885","166368189","40","146390199"
"chr9","20001846","20002140","chr8","18019156","18019453","34","1982690"
"chr9","20017467","20017768","chr16","69034579","69034877","36","49017112"
"chr9","20051105","20051400","chr15","9873078","9873375","49","10178027"
"chr9","20057923","20058212","chr5","52449180","52449473","50","32391257"
"chr9","20098520","20098823","chr12","20710479","20710784","42","611959"
"chr9","20109104","20109388","chr1","202357782","202358073","52","182248678"
"chr9","20112077","20112364","chr4","117935962","117936252","52","97823885"
"chr9","20114225","20114364","chr7","117063691","117063831","24","96949466"
"chr9","20130916","20131035","chr11","56765243","56765376","34","36634327"
"chr9","20131217","20131385","chr4","31199292","31199462","28","11068075"
"chr9","20133490","20133780","chr8","10102742","10103034","46","10030748"
"chr9","20142474","20142729","chr2","173196809","173197055","49","153054335"
"chr9","20158063","20158341","chr7","8864595","8864883","48","11293468"
"chr9","20162528","20162770","chr10","19416042","19416290","40","746486"
"chr9","20171109","20171416","chr16","18913306","18913612","42","1257803"
"chr9","20173430","20173548","chr7","148603228","148603359","30","128429798"
"chr9","20173876","20174034","chr8","81051177","81051337","32","60877301"
"chr9","20183109","20183375","chr1","67286924","67287193","46","47103815"
"chr9","20184004","20184283","chr9","57050080","57050359","49","36866076"
"chr9","20196005","20196314","chr4","13663992","13664285","54","6532013"
"chr9","20216567","20216860","chr5","32347507","32347802","40","12130940"
"chr9","20217767","20218063","chr1","113972463","113972763","41","93754696"
"chr9","20224344","20224648","chr12","83397023","83397331","40","63172679"
"chr9","20226385","20226468","chr4","114692113","114692200","17","94465728"
"chr9","20238791","20239092","chr6","143561531","143561830","46","123322740"
"chr9","20261402","20261698","chr5","32347507","32347802","39","12086105"
"chr9","20262502","20262800","chr18","48465782","48466081","42","28203280"
"chr9","20267916","20268239","chr12","64465706","64466036","60","44197790"
"chr9","20280132","20280419","chr11","131492005","131492296","52","111211873"
"chr9","20285651","20285947","chr16","11126268","11126568","47","9159383"
"chr9","20335050","20335303","chr7","67057279","67057531","47","46722229"
"chr9","20337684","20337989","chr2","106418670","106418975","51","86080986"
"chr9","20367113","20367421","chr10","67405046","67405353","34","47037933"
"chr9","20372423","20372728","chr16","70382574","70382877","43","50010151"
"chr9","20388505","20388806","chr4","2534955","2535251","36","17853550"
"chr9","20391739","20392035","chr2","144135076","144135371","46","123743337"
"chr9","20418634","20418927","chr11","120626708","120626998","34","100208074"
"chr9","20431574","20431885","chr3","87860767","87861057","71","67429193"
"chr9","20437908","20438177","chr18","48879710","48879982","40","28441802"
"chr9","20449234","20449454","chr13","85748563","85748784","37","65299329"
"chr9","20481596","20481865","chr11","37936841","37937108","40","17455245"
"chr9","20500188","20500472","chr16","44203969","44204255","33","23703781"
"chr9","20515561","20515855","chr6","89638340","89638632","42","69122779"
"chr9","20532325","20532576","chr14","63936002","63936248","42","43403677"
"chr9","20543026","20543327","chr14","21304583","21304882","37","761557"
"chr9","20560334","20560579","chr7","25099748","25099993","41","4539414"
"chr9","20585252","20585545","chr11","59744208","59744500","33","39158956"
"chr9","20597764","20598068","chr16","4461395","4461701","42","16136369"
"chr9","20778862","20779137","chr16","1419036","1419322","40","19359826"
"chr9","20797718","20797923","chr16","62512812","62513013","34","41715094"
"chr9","20810357","20810662","chr11","4016647","4016949","35","16793710"
"chr9","20811418","20811722","chr1","35583154","35583459","37","14771736"
"chr9","20827050","20827110","chr16","42500001","42500051","19","21672951"
"chr9","20827631","20827724","chr15","49507708","49507798","20","28680077"
"chr9","20834048","20834351","chr2","108006618","108006923","38","87172570"
"chr9","20844056","20844358","chr2","46542666","46542969","39","25698610"
"chr9","20851409","20851707","chr3","169260164","169260459","33","148408755"
"chr9","20854110","20854230","chr3","15334660","15334776","24","5519450"
"chr9","20867380","20867678","chr2","46682521","46682821","36","25815141"
"chr9","20878220","20878529","chr4","59283084","59283385","41","38404864"
"chr9","20882665","20882977","chr16","3408124","3408425","50","17474541"
"chr9","20884770","20885058","chr13","15278429","15278716","56","5606341"
"chr9","20894089","20894383","chr6","134019681","134019975","39","113125592"
"chr9","20907580","20907881","chr10","16049988","16050292","52","4857592"
"chr9","20913663","20913862","chr15","78983766","78983957","34","58070103"
"chr9","20914343","20914627","chr6","116662162","116662454","62","95747819"
"chr9","20921113","20921402","chr9","22636719","22637014","42","1715606"
"chr9","20934601","20934890","chr20","22160635","22160926","40","1226034"
"chr9","20949802","20950103","chr7","114822770","114823069","55","93872968"
"chr9","20989983","20990269","chr10","7712234","7712527","39","13277749"
"chr9","21018750","21019097","chr19","39729373","39729700","71","18710623"
"chr9","21038158","21038448","chr9","7025626","7025918","36","14012532"
"chr9","21052355","21052639","chr7","133065043","133065330","32","112012688"
"chr9","21079786","21080084","chr1","171443299","171443600","47","150363513"
"chr9","21107147","21107474","chr1","113215004","113215318","59","92107857"
"chr9","21122609","21122913","chr13","32325637","32325935","43","11203028"
"chr9","21124502","21124800","chr7","33668477","33668774","41","12543975"
"chr9","21152521","21152801","chr3","48298408","48298697","48","27145887"
"chr9","21169231","21169514","chr1","103257746","103258032","44","82088515"
"chr9","21199970","21200272","chr13","117086671","117086971","52","95886701"
"chr9","21236486","21236783","chr18","47330497","47330793","39","26094011"
"chr9","21264908","21265031","chr12","21255452","21255567","20","9456"
"chr9","21559434","21559735","chr19","34660730","34661028","42","13101296"
"chr9","21750825","21751115","chr2","178187197","178187490","39","156436372"
"chr9","21765617","21765903","chr2","97434929","97435213","42","75669312"
"chr9","21832102","21832401","chr2","46682521","46682821","40","24850419"
"chr9","21957141","21957447","chr6","124714488","124714790","36","102757347"
"chr9","22061633","22061927","chr6","12014381","12014673","46","10047252"
"chr9","22074010","22074314","chrX","44962032","44962338","34","22888022"
"chr9","22104910","22105206","chr14","21158129","21158427","45","946781"
"chr9","23224610","23224930","chr11","39454827","39455131","63","16230217"
"chr9","23232581","23232875","chr2","157921224","157921519","39","134688643"
"chr9","23388232","23388540","chrX","128569263","128569566","52","105181031"
"chr9","23571039","23571293","chr1","16030313","16030572","43","7540726"
"chr9","23579593","23579902","chr1","7993999","7994304","33","15585594"
"chr9","23622682","23622987","chr4","130615568","130615870","45","106992886"
"chr9","23648463","23648773","chr17","73810656","73810965","46","50162193"
"chr9","23650550","23650837","chr1","56231804","56232091","39","32581254"
"chr9","23657096","23657382","chr16","1419036","1419322","39","22238060"
"chr9","23698793","23699088","chr9","54879708","54880003","44","31180915"
"chr9","23711489","23711764","chr8","88869400","88869673","39","65157911"
"chr9","23731791","23732092","chr3","160772561","160772858","50","137040770"
"chr9","23861992","23862280","chr9","37613139","37613425","46","13751147"
"chr9","24208036","24208329","chr16","70619220","70619515","41","46411184"
"chr9","24361898","24362187","chr9","46059408","46059708","46","21697510"
"chr9","24577823","24578130","chr10","47089595","47089902","37","22511772"
"chr9","24628942","24629230","chr7","25749480","25749772","42","1120538"
"chr9","24635648","24635924","chr13","37436580","37436865","47","12800932"
"chr9","24663275","24663562","chr2","55010925","55011223","43","30347650"
"chr9","24678137","24678384","chr13","24808150","24808395","44","130013"
"chr9","24713481","24713726","chr9","7273930","7274169","52","17439551"
"chr9","24886198","24886510","chr2","11730280","11730589","42","13155918"
"chr9","24954908","24955161","chr3","39216407","39216662","43","14261499"
"chr9","25164263","25164567","chr10","85616264","85616571","43","60452001"
"chr9","25180176","25180466","chr7","38372929","38373220","42","13192753"
"chr9","25221251","25221547","chr6","126641819","126642115","38","101420568"
"chr9","25324836","25325130","chr5","136702579","136702867","53","111377743"
"chr9","25384364","25384678","chr12","83397023","83397331","39","58012659"
"chr9","25428958","25429257","chr1","128791048","128791346","36","103362090"
"chr9","25453123","25453285","chr6","168710657","168710821","22","143257534"
"chr9","25466406","25466714","chr5","32469834","32470141","41","7003428"
"chr9","25543097","25543371","chr2","56396477","56396751","43","30853380"
"chr9","25700361","25700660","chr3","44998366","44998666","38","19298005"
"chr9","25816707","25817011","chr8","137851042","137851346","49","112034335"
"chr9","26020737","26021012","chr15","26878649","26878926","39","857912"
"chr9","26124088","26124390","chr20","41843762","41844061","48","15719674"
"chr9","26140428","26140711","chr11","47473792","47474076","39","21333364"
"chr9","26277289","26277593","chr13","72996114","72996414","41","46718825"
"chr9","26518484","26518778","chr2","184580196","184580486","50","158061712"
"chr9","26626520","26626820","chr19","3064712","3065012","47","23561808"
"chr9","26763342","26763646","chr13","32817425","32817728","30","6054083"
"chr9","27058004","27058296","chr3","134867637","134867930","51","107809633"
"chr9","27297255","27297371","chr6","148375288","148375408","19","121078033"
"chr9","27313265","27313533","chr1","108450990","108451265","51","81137725"
"chr9","27410157","27410409","chr17","50981326","50981584","41","23571169"
"chr9","27419565","27419859","chr13","92596641","92596941","55","65177076"
"chr9","27508214","27508513","chr10","82072119","82072412","49","54563905"
"chr9","27533265","27533525","chr10","50862741","50863007","48","23329476"
"chr9","27559841","27560136","chr6","129769527","129769828","41","102209686"
"chr9","27647520","27647818","chrX","15713155","15713456","35","11934365"
"chr9","27746895","27747208","chr15","38229980","38230284","55","10483085"
"chr9","27832453","27832746","chr1","94365322","94365615","43","66532869"
"chr9","27922168","27922467","chr6","53239608","53239906","33","25317440"
"chr9","27969147","27969437","chr1","94365322","94365615","47","66396175"
"chr9","27997734","27998023","chr14","111877236","111877529","44","83879502"
"chr9","28100146","28100405","chr15","105505769","105506028","36","77405623"
"chr9","28370429","28370733","chr5","2577333","2577630","47","25793096"
"chr9","28678735","28678985","chr8","20408013","20408271","44","8270722"
"chr9","28825634","28825936","chr5","4538583","4538883","45","24287051"
"chr9","28887645","28887949","chr13","7569072","7569377","42","21318573"
"chr9","28900359","28900643","chr13","64669043","64669327","37","35768684"
"chr9","28914031","28914332","chr7","75889392","75889691","37","46975361"
"chr9","28937725","28937888","chr1","65033511","65033674","32","36095786"
"chr9","28939536","28939854","chr11","12392177","12392484","49","16547359"
"chr9","28953008","28953288","chr2","184580196","184580486","42","155627188"
"chr9","28960096","28960330","chr19","31809647","31809883","46","2849551"
"chr9","28969212","28969507","chr12","11133878","11134169","42","17835334"
"chr9","28972336","28972645","chr16","49305255","49305552","51","20332919"
"chr9","28978198","28978457","chr4","135313924","135314188","33","106335726"
"chr9","28989033","28989323","chr8","118107840","118108131","35","89118807"
"chr9","28996463","28996772","chrX","106989163","106989471","37","77992700"
"chr9","29023097","29023368","chr1","184991672","184991954","55","155968575"
"chr9","29029423","29029730","chr14","30329746","30330053","34","1300323"
"chr9","29033193","29033479","chr15","36766274","36766564","44","7733081"
"chr9","29053993","29054283","chr7","51613254","51613546","46","22559261"
"chr9","29072452","29072748","chr5","56973726","56974023","37","27901274"
"chr9","29111560","29111863","chr14","98318663","98318962","40","69207103"
"chr9","29127615","29127914","chr9","15247736","15248032","39","13879879"
"chr9","29143054","29143359","chr11","44597420","44597716","44","15454366"
"chr9","29173021","29173323","chr8","25582102","25582396","49","3590919"
"chr9","29196922","29197198","chr5","174278831","174279121","40","145081909"
"chr9","29232231","29232482","chrX","108014686","108014948","39","78782455"
"chr9","29250855","29251157","chr8","135146563","135146861","44","105895708"
"chr9","29268131","29268440","chr3","175463997","175464306","48","146195866"
"chr9","29312229","29312514","chr3","151374179","151374464","50","122061950"
"chr9","29338524","29338810","chr7","52736490","52736780","41","23397966"
"chr9","29376102","29376367","chr2","100062378","100062646","37","70686276"
"chr9","29419183","29419483","chr13","107030178","107030478","38","77610995"
"chr9","29419914","29420213","chr7","60205496","60205797","35","30785582"
"chr9","29437970","29438274","chr12","63712638","63712948","43","34274668"
"chr9","29594784","29595020","chr7","24936105","24936346","36","4658679"
"chr9","29727125","29727426","chr3","34969388","34969689","39","5242263"
"chr9","29768587","29768861","chr3","28632372","28632647","52","1136215"
"chr9","29858207","29858489","chr11","59744208","59744500","38","29886001"
"chr9","29879013","29879308","chr2","184580196","184580486","38","154701183"
"chr9","30023780","30024058","chr1","15291446","15291730","47","14732334"
"chr9","30034513","30034805","chr12","35031886","35032181","29","4997373"
"chr9","30048321","30048630","chr13","40964843","40965152","48","10916522"
"chr9","30107716","30108027","chr15","96588502","96588809","37","66480786"
"chr9","30117570","30117853","chr7","133065043","133065330","43","102947473"
"chr9","30150315","30150611","chr6","166059230","166059528","39","135908915"
"chr9","30188758","30189072","chr6","33207700","33208018","83","3018942"
"chr9","30343958","30344082","chr20","23600106","23600226","26","6743852"
"chr9","30353781","30354048","chr2","100062378","100062646","46","69708597"
"chr9","30400805","30401118","chrX","45626684","45626995","41","15225879"
"chr9","30693468","30693759","chr1","27049382","27049672","46","3644086"
"chr9","30788353","30788642","chr4","33860712","33861004","52","3072359"
"chr9","30806236","30806544","chr11","78250809","78251118","35","47444573"
"chr9","30859406","30859717","chr6","55648515","55648825","42","24789109"
"chr9","31135826","31136123","chr4","31017666","31017967","34","118160"
"chr9","31167058","31167366","chr15","96588502","96588809","42","65421444"
"chr9","31326966","31327271","chr4","83143439","83143745","42","51816473"
"chr9","31344398","31344707","chr16","6949294","6949602","35","24395104"
"chr9","31346146","31346447","chrX","15713155","15713456","35","15632991"
"chr9","31353684","31353963","chrX","65477408","65477681","38","34123724"
"chr9","31376687","31376982","chr1","11366377","11366670","37","20010310"
"chr9","31574578","31574875","chr11","59744208","59744500","28","28169630"
"chr9","31629868","31630158","chr1","57946363","57946656","45","26316495"
"chr9","31632855","31632979","chr11","83048168","83048288","18","51415313"
"chr9","31719738","31720008","chr14","97175669","97175932","47","65455931"
"chr9","31775347","31775630","chr6","65924754","65925047","54","34149407"
"chr9","31967722","31968029","chr16","18880569","18880867","50","13087153"
"chr9","32128291","32128593","chr4","132287893","132288193","58","100159602"
"chr9","32152597","32152892","chr3","3535274","3535567","45","28617323"
"chr9","32211873","32212180","chrX","6292568","6292871","43","25919305"
"chr9","32226986","32227290","chr1","219677924","219678213","49","187450938"
"chr9","32278601","32278895","chr16","63276450","63276738","55","30997849"
"chr9","32530890","32531183","chrX","20846410","20846706","38","11684480"
"chr9","32670407","32670691","chr16","54704987","54705277","48","22034580"
"chr9","32694830","32694933","chr3","160368626","160368728","21","127673796"
"chr9","32707340","32707633","chr13","44798030","44798324","51","12090690"
"chr9","32788881","32789176","chr15","1988979","1989274","42","30799902"
"chr9","32818878","32819184","chr13","62991818","62992120","44","30172940"
"chr9","32882787","32883077","chr4","13663992","13664285","34","19218795"
"chr9","32966845","32967150","chr1","219225924","219226223","40","186259079"
"chr9","33479823","33480151","chr1","1234974","1235297","42","32244849"
"chr9","33667589","33667832","chr13","125572433","125572680","50","91904844"
"chr9","33878827","33879147","chr15","53990850","53991154","62","20112023"
"chr9","34381483","34381771","chr1","204813267","204813556","42","170431784"
"chr9","34407549","34407847","chr7","18741876","18742175","37","15665673"
"chr9","34408979","34409285","chr1","154447798","154448101","38","120038819"
"chr9","34413415","34413684","chrX","65477408","65477681","55","31063993"
"chr9","34423527","34423832","chr2","90177231","90177535","43","55753704"
"chr9","34424396","34424689","chr4","82945647","82945940","40","48521251"
"chr9","34434352","34434667","chr10","61375285","61375586","57","26940933"
"chr9","34446914","34447202","chr16","47869063","47869366","44","13422149"
"chr9","34456680","34456979","chrX","15713155","15713456","36","18743525"
"chr9","34465935","34466222","chr6","85164852","85165135","38","50698917"
"chr9","34468338","34468615","chr12","44820258","44820548","42","10351920"
"chr9","34525055","34525340","chr6","172029787","172030076","40","137504732"
"chr9","34536832","34537131","chr2","102989050","102989349","41","68452218"
"chr9","34587549","34587859","chr8","94310731","94311042","38","59723182"
"chr9","34600099","34600397","chr3","151763633","151763933","41","117163534"
"chr9","34649172","34649433","chr3","43722156","43722416","36","9072984"
"chr9","34701364","34701655","chr3","63343532","63343825","55","28642168"
"chr9","34704072","34704378","chr10","16049988","16050292","35","18654084"
"chr9","34709278","34709578","chr8","51991801","51992098","46","17282523"
"chr9","34736650","34736954","chr18","24019696","24020000","47","10716954"
"chr9","34763362","34763670","chr6","157477970","157478279","38","122714608"
"chr9","34765569","34765868","chr5","171657301","171657602","38","136891732"
"chr9","34766435","34766573","chr6","27330115","27330260","29","7436320"
"chr9","34829858","34830167","chr6","170751354","170751666","42","135921496"
"chr9","34833486","34833736","chr16","44892798","44893041","41","10059312"
"chr9","34986396","34986596","chr7","14702283","14702491","44","20284113"
"chr9","34995926","34996210","chr7","161253446","161253734","46","126257520"
"chr9","34998074","34998377","chr16","47869063","47869366","50","12870989"
"chr9","35001189","35001462","chr18","5551612","5551893","47","29449577"
"chr9","35003849","35004151","chr7","30014282","30014584","47","4989567"
"chr9","35016055","35016359","chr2","61852498","61852806","46","26836443"
"chr9","35024812","35025102","chr3","12713884","12714173","46","22310928"
"chr9","35033111","35033426","chr4","21961332","21961633","48","13071779"
"chr9","35041990","35042281","chr7","52736490","52736780","45","17694500"
"chr9","35043017","35043320","chr6","71714754","71715057","41","36671737"
"chr9","35060190","35060462","chr15","13544842","13545119","38","21515348"
"chr9","35090641","35090973","chrX","122095835","122096148","48","87005194"
"chr9","35140338","35140642","chr6","116662162","116662454","45","81521824"
"chr9","35142304","35142612","chr1","48372735","48373035","38","13230431"
"chr9","35191285","35191592","chr9","3805446","3805756","42","31385839"
"chr9","35207283","35207538","chr6","166194239","166194474","55","130986956"
"chr9","35278959","35279269","chr14","55474367","55474673","41","20195408"
"chr9","35315289","35315585","chr19","47662689","47662983","48","12347400"
"chr9","35333150","35333412","chr20","57439045","57439316","39","22105895"
"chr9","35360188","35360479","chr15","93971010","93971304","49","58610822"
"chr9","35375057","35375367","chr12","32597656","32597965","42","2777401"
"chr9","35390271","35390510","chr19","32506429","32506672","33","2883842"
"chr9","35396982","35397056","chr16","24443487","24443559","12","10953495"
"chr9","35422971","35423268","chr17","10691865","10692166","35","24731106"
"chr9","35425918","35426212","chr5","34428917","34429213","31","997001"
"chr9","35429552","35429844","chr7","25060372","25060670","54","10369180"
"chr9","35463313","35463521","chr15","75870510","75870707","38","40407197"
"chr9","35469803","35470083","chr16","63970264","63970553","42","28500461"
"chr9","35473409","35473672","chrX","105425938","105426197","39","69952529"
"chr9","35505710","35505988","chr12","13511504","13511784","51","21994206"
"chr9","35557350","35557638","chr5","174494652","174494935","45","138937302"
"chr9","35561313","35561589","chr1","171838239","171838516","49","136276926"
"chr9","35583047","35583357","chr2","50402806","50403111","44","14819759"
"chr9","35588548","35588850","chr3","176830718","176831018","50","141242170"
"chr9","35594105","35594398","chrX","117801295","117801592","36","82207190"
"chr9","35605951","35606156","chr2","89593102","89593311","33","53987151"
"chr9","35617478","35617784","chr10","71007147","71007444","47","35389669"
"chr9","35631386","35631685","chr2","102989050","102989349","44","67357664"
"chr9","35634039","35634177","chr2","93317431","93317570","17","57683392"
"chr9","35640876","35640982","chr10","62559066","62559182","29","26918190"
"chr9","35673441","35673745","chr1","17450730","17451024","55","18222711"
"chr9","35722312","35722438","chr16","69974379","69974504","21","34252067"
"chr9","35733383","35733685","chr2","50899131","50899433","39","15165748"
"chr9","35737088","35737393","chr12","99594984","99595284","42","63857896"
"chr9","35738069","35738142","chr9","99777183","99777260","16","64039114"
"chr9","35743641","35743933","chr5","93017481","93017775","46","57273840"
"chr9","35748046","35748214","chr16","1519262","1519432","32","34228784"
"chr9","35776823","35777101","chr6","144918364","144918646","46","109141541"
"chr9","35789239","35789502","chrX","19320681","19320956","43","16468558"
"chr9","35796913","35797208","chr8","90463712","90464008","38","54666799"
"chr9","35801984","35802273","chr12","89828990","89829278","34","54027006"
"chr9","35836323","35836634","chr10","16049988","16050292","44","19786335"
"chr9","35836812","35837139","chr2","184514373","184514697","43","148677561"
"chr9","35854907","35855216","chr11","6563934","6564243","35","29290973"
"chr9","35914576","35914881","chr13","69700961","69701271","43","33786385"
"chr9","35959288","35959590","chr11","30672053","30672353","42","5287235"
"chr9","35983440","35983603","chr4","157056096","157056260","27","121072656"
"chr9","36006226","36006519","chr13","88006009","88006300","45","51999783"
"chr9","36011183","36011464","chrX","62378326","62378608","33","26367143"
"chr9","36061312","36061637","chr13","24550040","24550347","50","11511272"
"chr9","36069209","36069352","chr19","1776347","1776502","32","34292862"
"chr9","36083216","36083523","chr8","91540919","91541218","38","55457703"
"chr9","36084148","36084429","chr6","51475431","51475711","39","15391283"
"chr9","36094409","36094694","chr2","172679157","172679445","36","136584748"
"chr9","36127637","36127946","chr10","81279911","81280220","33","45152274"
"chr9","36153478","36153653","chr20","66073387","66073571","29","29919909"
"chr9","36154019","36154106","chr4","114692113","114692200","12","78538094"
"chr9","36156730","36157021","chr6","65362733","65363030","38","29206003"
"chr9","36159774","36160073","chr3","45626371","45626668","36","9466597"
"chr9","36224107","36224396","chr1","45623411","45623699","36","9399304"
"chr9","36233743","36234023","chr15","21464395","21464674","43","14769348"
"chr9","36236125","36236416","chr19","31216109","31216397","41","5020016"
"chr9","36244287","36244525","chr13","64464320","64464560","32","28220033"
"chr9","36285618","36285889","chr12","61078328","61078599","39","24792710"
"chr9","36404575","36404872","chr1","44950004","44950301","38","8545429"
"chr9","36454297","36454482","chr17","85170907","85171081","36","48716610"
"chr9","36486971","36487265","chr11","6610677","6610972","51","29876294"
"chr9","36535595","36535888","chr19","45993421","45993713","37","9457826"
"chr9","36608266","36608574","chrX","18369355","18369664","51","18238911"
"chr9","36625426","36625736","chr16","15781566","15781876","44","20843860"
"chr9","36671507","36671798","chr2","123712519","123712817","41","87041012"
"chr9","36812822","36813131","chrX","137765287","137765594","49","100952465"
"chr9","36888772","36889066","chr3","24783656","24783946","38","12105116"
"chr9","37017509","37017814","chr8","94310731","94311042","50","57293222"
"chr9","37111799","37112088","chr6","12014381","12014673","51","25097418"
"chr9","37221720","37222026","chr14","109223857","109224178","55","72002137"
"chr9","37291330","37291637","chr4","151432154","151432460","43","114140824"
"chr9","37295183","37295484","chr4","30081251","30081550","43","7213932"
"chr9","37300830","37301125","chr4","33526464","33526759","38","3774366"
"chr9","37308645","37308881","chr9","53458224","53458460","37","16149579"
"chr9","37325398","37325698","chrX","112226407","112226706","45","74901009"
"chr9","37326985","37327281","chr17","27643358","27643658","49","9683627"
"chr9","37329280","37329574","chr20","40820245","40820541","38","3490965"
"chr9","37345010","37345318","chr1","152568329","152568637","55","115223319"
"chr9","37365372","37365657","chr3","103398952","103399243","47","66033580"
"chr9","37380720","37380870","chr3","151747443","151747601","31","114366723"
"chr9","37387997","37388100","chr4","76790770","76790870","16","39402773"
"chr9","37388354","37388486","chr2","17178834","17178981","57","20209520"
"chr9","37391845","37392135","chr16","32422732","32423021","40","4969113"
"chr9","37402302","37402594","chr6","57093643","57093937","36","19691341"
"chr9","37416007","37416299","chr16","59345872","59346168","39","21929865"
"chr9","37424127","37424425","chr1","179906619","179906914","47","142482492"
"chr9","37437175","37437457","chrX","65477408","65477681","39","28040233"
"chr9","37456186","37456489","chr11","65336331","65336636","37","27880145"
"chr9","37459374","37459674","chr1","42799787","42800087","60","5340413"
"chr9","37460918","37461211","chr11","95813247","95813542","47","58352329"
"chr9","37466351","37466643","chr7","72707693","72707981","47","35241342"
"chr9","37473571","37473877","chr1","194910525","194910833","42","157436954"
"chr9","37483833","37484123","chr1","124250793","124251086","38","86766960"
"chr9","37489562","37489867","chr1","20012770","20013073","43","17476792"
"chr9","37503786","37504083","chr4","10828530","10828827","48","26675256"
"chr9","37552720","37553004","chr1","158198823","158199105","43","120646103"
"chr9","37604684","37604998","chr2","88357175","88357482","48","50752491"
"chr9","37639878","37640162","chr6","144918364","144918646","42","107278486"
"chr9","37640688","37640957","chr3","178761705","178761998","58","141121017"
"chr9","37694864","37695156","chr1","11076175","11076471","42","26618689"
"chr9","37715080","37715376","chr10","78749019","78749318","39","41033939"
"chr9","37719356","37719466","chr10","62559066","62559182","25","24839710"
"chr9","37720137","37720147","chr3","44678625","44678636","6","6958488"
"chr9","37720148","37720272","chr11","122472110","122472234","21","84751962"
"chr9","37723219","37723529","chr6","131588453","131588764","51","93865234"
"chr9","37734689","37734955","chr2","99632317","99632577","40","61897628"
"chr9","37738044","37738341","chr12","69597135","69597433","33","31859091"
"chr9","37764166","37764464","chr8","139618702","139619000","31","101854536"
"chr9","37782965","37783233","chr14","85601211","85601476","38","47818246"
"chr9","37812834","37813129","chr9","15247736","15248032","41","22565098"
"chr9","37824022","37824329","chr18","26846321","26846625","48","10977701"
"chr9","37839862","37840167","chr2","106418670","106418975","38","68578808"
"chr9","37840527","37840824","chr14","7830508","7830805","34","30010019"
"chr9","37847509","37847813","chr6","131775835","131776144","35","93928326"
"chr9","37893347","37893488","chr7","31081463","31081612","27","6811884"
"chr9","37917862","37918154","chr13","43241667","43241960","41","5323805"
"chr9","37942453","37942753","chr9","57062532","57062835","39","19120079"
"chr9","37957181","37957478","chr17","10114847","10115143","43","27842334"
"chr9","37973350","37973646","chr11","44992796","44993092","37","7019446"
"chr9","37973772","37974058","chr4","131374689","131374976","36","93400917"
"chr9","37976636","37976746","chr4","18435484","18435590","20","19541152"
"chr9","37979389","37979692","chr7","24990763","24991066","47","12988626"
"chr9","37987727","37988006","chr15","22704808","22705082","42","15282919"
"chr9","37994055","37994346","chr2","41849392","41849686","42","3855337"
"chr9","37994347","37994631","chr14","83372009","83372286","47","45377662"
"chr9","38001271","38001591","chr7","43826633","43826947","45","5825362"
"chr9","38021315","38021617","chr11","59744208","59744500","30","21722893"
"chr9","38025232","38025423","chr2","149196364","149196561","38","111171132"
"chr9","38030927","38031218","chr1","129567144","129567444","43","91536217"
"chr9","38032683","38032966","chr7","132975622","132975901","45","94942939"
"chr9","38100551","38100857","chr2","181253650","181253955","34","143153099"
"chr9","38121029","38121329","chr2","82640518","82640817","44","44519489"
"chr9","38134656","38134819","chr13","93249064","93249232","21","55114408"
"chr9","38134984","38135116","chr8","51403248","51403379","19","13268264"
"chr9","38165399","38165676","chr2","63872110","63872370","50","25706711"
"chr9","38170308","38170606","chr14","98318663","98318962","38","60148355"
"chr9","38172318","38172614","chr7","26393548","26393855","45","11778770"
"chr9","38181030","38181314","chr10","19348593","19348881","45","18832437"
"chr9","38212707","38213014","chr4","107049748","107050054","37","68837041"
"chr9","38225955","38226250","chr4","118976132","118976426","44","80750177"
"chr9","38227121","38227425","chr14","102838534","102838843","44","64611413"
"chr9","38235062","38235352","chr16","45919427","45919715","40","7684365"
"chr9","38242352","38242648","chr1","67368758","67369056","44","29126406"
"chr9","38275416","38275727","chr6","30988089","30988401","37","7287327"
"chr9","38320889","38321196","chr4","56503347","56503657","33","18182458"
"chr9","38349397","38349686","chr16","51038207","51038499","47","12688810"
"chr9","38384393","38384682","chr7","125891671","125891962","42","87507278"
"chr9","38395839","38396148","chr4","14949121","14949425","40","23446718"
"chr9","38463257","38463461","chr20","19297264","19297468","32","19165993"
"chr9","38476970","38477262","chr9","7025626","7025918","31","31451344"
"chr9","38495606","38495810","chr7","155860210","155860412","29","117364604"
"chr9","38526490","38526792","chr5","72034781","72035074","35","33508291"
"chr9","38538180","38538485","chr1","20012770","20013073","39","18525410"
"chr9","38546638","38546923","chr4","59428196","59428480","38","20881558"
"chr9","38592542","38592850","chr6","139850247","139850548","52","101257705"
"chr9","38616095","38616414","chrX","37933997","37934309","49","682098"
"chr9","38627797","38628082","chr2","72023356","72023637","55","33395559"
"chr9","38649842","38650125","chr1","212988528","212988810","35","174338686"
"chr9","38679930","38680221","chrX","95854941","95855233","46","57175011"
"chr9","38707747","38708052","chr15","17864026","17864330","48","20843721"
"chr9","38778679","38778980","chr7","133218952","133219257","38","94440273"
"chr9","38784160","38784463","chrX","15713155","15713456","48","23071005"
"chr9","38794380","38794578","chr5","163448676","163448876","35","124654296"
"chr9","38795036","38795293","chr1","219758544","219758798","45","180963508"
"chr9","38819253","38819553","chr1","157703197","157703497","40","118883944"
"chr9","38844393","38844681","chr1","41910514","41910802","37","3066121"
"chr9","38887340","38887643","chr13","32817425","32817728","32","6069915"
"chr9","38957164","38957472","chr7","37449373","37449676","46","1507791"
"chr9","38996217","38996493","chr10","30085573","30085855","46","8910644"
"chr9","39006357","39006667","chrX","89048659","89048969","43","50042302"
"chr9","39009388","39009674","chr10","62315260","62315548","38","23305872"
"chr9","39016687","39016995","chr4","3145119","3145426","39","35871568"
"chr9","39040096","39040393","chr9","958875","959174","38","38081221"
"chr9","39058720","39058989","chr19","32590740","32591017","53","6467980"
"chr9","39103842","39104136","chr4","21639394","21639688","44","17464448"
"chr9","39113326","39113634","chr7","77029098","77029406","36","37915772"
"chr9","39117608","39117901","chr7","116541236","116541527","39","77423628"
"chr9","39121932","39122224","chr1","18212609","18212901","50","20909323"
"chr9","39126699","39127002","chr11","6563934","6564243","40","32562765"
"chr9","39132244","39132498","chr14","17535227","17535481","34","21597017"
"chr9","39134053","39134305","chr1","127703616","127703888","46","88569563"
"chr9","39158060","39158367","chr10","53774976","53775279","40","14616916"
"chr9","39183082","39183382","chr9","14690494","14690788","38","24492588"
"chr9","39198405","39198702","chr1","128131448","128131746","51","88933043"
"chr9","39200964","39201278","chr4","125474689","125474994","36","86273725"
"chr9","39203197","39203496","chr11","10098018","10098319","42","29105179"
"chr9","39212747","39213042","chr15","78953274","78953566","40","39740527"
"chr9","39214822","39215122","chr16","7267846","7268151","47","31946976"
"chr9","39216575","39216853","chr1","70366523","70366814","42","31149948"
"chr9","39217588","39217693","chr3","150302687","150302788","17","111085099"
"chr9","39254059","39254322","chr2","49059917","49060182","44","9805858"
"chr9","39285665","39285943","chr3","37000011","37000289","37","2285654"
"chr9","39287957","39288236","chr20","42229503","42229785","54","2941546"
"chr9","39325326","39325625","chr10","72394915","72395215","36","33069589"
"chr9","39361775","39362001","chr1","19712922","19713142","50","19648853"
"chr9","39392155","39392434","chr6","132179472","132179753","34","92787317"
"chr9","39394295","39394597","chr8","23506773","23507065","53","15887522"
"chr9","39419375","39419675","chrX","45487697","45487995","41","6068322"
"chr9","39433096","39433337","chr11","44650712","44650952","37","5217616"
"chr9","39488964","39489262","chr1","129877213","129877510","40","90388249"
"chr9","39530683","39530988","chr7","108666092","108666400","35","69135409"
"chr9","39561091","39561395","chr1","35583154","35583459","41","3977937"
"chr9","39592091","39592402","chr3","8153448","8153759","39","31438643"
"chr9","39623741","39624012","chr7","31599682","31599941","58","8024059"
"chr9","39747210","39747490","chr10","47330984","47331271","47","7583774"
"chr9","39783171","39783475","chr1","170967942","170968244","60","131184771"
"chr9","39784822","39784926","chr5","156457972","156458083","20","116673150"
"chr9","39785115","39785292","chrX","38423800","38423980","31","1361315"
"chr9","39801146","39801450","chr1","192928162","192928470","48","153127016"
"chr9","39825400","39825594","chr13","118454231","118454419","43","78628831"
"chr9","39843425","39843642","chr2","94938699","94938913","34","55095274"
"chr9","39861391","39861539","chr8","6000387","6000524","37","33861004"
"chr9","39863154","39863451","chr1","946135","946434","33","38917019"
"chr9","39878287","39878593","chr7","134793411","134793718","54","94915124"
"chr9","39888343","39888647","chr5","34488672","34488979","31","5399671"
"chr9","39909942","39910250","chr13","32817425","32817728","37","7092517"
"chr9","39912270","39912565","chr6","135655274","135655568","30","95743004"
"chr9","39947790","39948098","chr9","104127669","104127981","41","64179879"
"chr9","39971094","39971387","chr7","47464300","47464599","48","7493206"
"chr9","39996250","39996499","chr1","13308750","13309002","46","26687500"
"chr9","40006866","40007178","chr6","113542673","113542975","64","73535807"
"chr9","40015265","40015563","chr1","41512366","41512663","44","1497101"
"chr9","40020480","40020756","chr16","59360129","59360408","40","19339649"
"chr9","40041060","40041368","chr2","102989050","102989349","44","62947990"
"chr9","40064406","40064694","chr10","62613928","62614216","42","22549522"
"chr9","40080887","40081055","chr8","40541209","40541373","25","460322"
"chr9","40096750","40097056","chr3","3739621","3739925","33","36357129"
"chr9","40099626","40099926","chr19","34660730","34661028","35","5438896"
"chr9","40104024","40104327","chr3","15132217","15132518","51","24971807"
"chr9","40118161","40118475","chr3","13929450","13929758","45","26188711"
"chr9","40122725","40123069","chr15","61528778","61529110","79","21406053"
"chr9","40148915","40149191","chr1","127703616","127703888","47","87554701"
"chr9","40149840","40150130","chr15","9895680","9895973","41","30254160"
"chr9","40211468","40211767","chr12","98300764","98301051","40","58089296"
"chr9","40222682","40222879","chr2","89593102","89593311","41","49370420"
"chr9","40256510","40256801","chr6","70927142","70927438","39","30670632"
"chr9","40273989","40274251","chr9","13795736","13796012","43","26478253"
"chr9","40403890","40404161","chr13","101919472","101919753","39","61515582"
"chr9","40460435","40460721","chr2","98233357","98233645","57","57772922"
"chr9","40463879","40464176","chr19","3064712","3065012","39","37399167"
"chr9","40483151","40483433","chr19","7821204","7821487","39","32661947"
"chr9","40509022","40509322","chr14","13854446","13854743","34","26654576"
"chr9","40543650","40543945","chr7","111089387","111089666","48","70545737"
"chr9","40591203","40591514","chr16","54321303","54321613","42","13730100"
"chr9","40604343","40604573","chr19","28994062","28994295","43","11610281"
"chr9","40660728","40660990","chr18","50874536","50874793","41","10213808"
"chr9","40683402","40683698","chr2","132683539","132683834","37","92000137"
"chr9","40717027","40717323","chr5","154300109","154300405","41","113583082"
"chr9","40742827","40742926","chr6","174338072","174338169","16","133595245"
"chr9","40743115","40743296","chr4","10999818","10999998","30","29743297"
"chr9","40744117","40744406","chr19","15605786","15606081","41","25138331"
"chr9","40765915","40766119","chr13","7850027","7850241","38","32915888"
"chr9","40773760","40774061","chr2","102989050","102989349","41","62215290"
"chr9","40803057","40803353","chr1","94365322","94365615","33","53562265"
"chr9","40861845","40862116","chr1","12716391","12716670","45","28145454"
"chr9","40869941","40870215","chrX","45685008","45685285","32","4815067"
"chr9","40900231","40900538","chr19","28776684","28776996","34","12123547"
"chr9","41088954","41089044","chr13","103188987","103189073","16","62100033"
"chr9","41093771","41094069","chr13","107030178","107030478","42","65936407"
"chr9","41111043","41111364","chr4","86868769","86869090","45","45757726"
"chr9","41128411","41128503","chr3","150400681","150400772","11","109272270"
"chr9","41137451","41137759","chr8","102246628","102246931","33","61109177"
"chr9","41196462","41196573","chr2","127183112","127183221","20","85986650"
"chr9","41340672","41340974","chr1","128155382","128155688","41","86814710"
"chr9","41545120","41545415","chr10","70403053","70403349","36","28857933"
"chr9","41697645","41697950","chr3","34969388","34969689","44","6728257"
"chr9","41720844","41721095","chr19","43112278","43112533","49","1391434"
"chr9","41737311","41737604","chr6","128266238","128266531","38","86528927"
"chr9","41785995","41786304","chr3","39626400","39626705","47","2159595"
"chr9","41790681","41790986","chr11","4016647","4016949","43","37774034"
"chr9","41807008","41807286","chr1","158198823","158199105","51","116391815"
"chr9","41831967","41832257","chr20","4922509","4922797","44","36909458"
"chr9","41850914","41851212","chr11","48735323","48735620","39","6884409"
"chr9","41862536","41862830","chr2","90167138","90167438","44","48304602"
"chr9","41865023","41865316","chr15","26613546","26613841","45","15251477"
"chr9","41871491","41871795","chr13","32817425","32817728","35","9054066"
"chr9","41884352","41884514","chr14","9667615","9667777","25","32216737"
"chr9","41938139","41938411","chr12","84954554","84954828","50","43016415"
"chr9","41991995","41992292","chr8","25582102","25582396","33","16409893"
"chr9","42035225","42035510","chr4","117616854","117617134","44","75581629"
"chr9","42036816","42037124","chr10","33030101","33030407","45","9006715"
"chr9","42063088","42063394","chr14","53927134","53927436","44","11864046"
"chr9","42070093","42070220","chr12","32861427","32861552","21","9208666"
"chr9","42105718","42106030","chr11","48970053","48970360","44","6864335"
"chr9","42125977","42126281","chr2","138704580","138704882","35","96578603"
"chr9","42133003","42133297","chr1","90905213","90905512","48","48772210"
"chr9","42140060","42140375","chr9","19850832","19851138","46","22289228"
"chr9","42149161","42149461","chr13","26331755","26332053","44","15817406"
"chr9","42151609","42151894","chr1","154447798","154448101","51","112296189"
"chr9","42182676","42182740","chr9","19692702","19692767","18","22489974"
"chr9","42227081","42227364","chr9","28186160","28186444","38","14040921"
"chr9","42254661","42254949","chrX","45987544","45987822","56","3732883"
"chr9","42266457","42266558","chr6","63419170","63419273","23","21152713"
"chr9","42287149","42287439","chr12","58244299","58244591","35","15957150"
"chr9","42312424","42312713","chr3","67941541","67941839","43","25629117"
"chr9","42338573","42338851","chr1","202111459","202111740","59","159772886"
"chr9","42342079","42342377","chr13","92856314","92856619","48","50514235"
"chr9","42354175","42354467","chr6","126513888","126514183","38","84159713"
"chr9","42413456","42413731","chr1","94365322","94365615","42","51951866"
"chr9","42422658","42422958","chr1","143220195","143220493","36","100797537"
"chr9","42437477","42437702","chr6","101369939","101370158","37","58932462"
"chr9","42447099","42447365","chr4","67500333","67500596","44","25053234"
"chr9","42448991","42449274","chr10","62315260","62315548","35","19866269"
"chr9","42450115","42450422","chr8","96177461","96177769","45","53727346"
"chr9","42523426","42523716","chr7","90971726","90972022","37","48448300"
"chr9","42535448","42535748","chr16","51527447","51527750","40","8991999"
"chr9","42536359","42536642","chr7","120980563","120980844","49","78444204"
"chr9","42570759","42571049","chr19","11118423","11118714","40","31452336"
"chr9","42671234","42671509","chr2","28624536","28624818","44","14046698"
"chr9","42683202","42683491","chr14","65968328","65968624","32","23285126"
"chr9","42782154","42782454","chr14","97345918","97346220","43","54563764"
"chr9","42831646","42831948","chr6","124714488","124714790","38","81882842"
"chr9","42994717","42995010","chr1","57946363","57946656","36","14951646"
"chr9","43025718","43025979","chr11","7911759","7912023","48","35113959"
"chr9","43044246","43044488","chr18","50874536","50874793","41","7830290"
"chr9","43050799","43051046","chr7","125678060","125678306","38","82627261"
"chr9","43066795","43067098","chrX","15713155","15713456","35","27353640"
"chr9","43070311","43070615","chr6","71714754","71715057","41","28644443"
"chr9","43124078","43124377","chr7","91209706","91210005","37","48085628"
"chr9","43134337","43134646","chr5","32834443","32834754","44","10299894"
"chr9","43163832","43164198","chr2","83821335","83821689","100","40657503"
"chr9","43191017","43191326","chr3","34969388","34969689","41","8221629"
"chr9","43191559","43191841","chr15","26878649","26878926","50","16312910"
"chr9","43252587","43252863","chr19","20438507","20438780","31","22814080"
"chr9","43255259","43255555","chr9","93676922","93677220","43","50421663"
"chr9","43257454","43257760","chr14","5934954","5935260","39","37322500"
"chr9","43274490","43274783","chr1","17450730","17451024","45","25823760"
"chr9","43286538","43286834","chr15","59941487","59941783","29","16654949"
"chr9","43370303","43370602","chr7","92151302","92151599","42","48780999"
"chr9","43448906","43449213","chr10","28321341","28321644","47","15127565"
"chr9","43478498","43478784","chr11","50230563","50230853","50","6752065"
"chr9","43523051","43523352","chr5","51788463","51788766","39","8265412"
"chr9","43582552","43582846","chr10","79434294","79434590","36","35851742"
"chr9","43689846","43690134","chr1","42476755","42477044","43","1213091"
"chr9","43826636","43826944","chr8","91282300","91282607","42","47455664"
"chr9","43886734","43886874","chr9","94901539","94901674","18","51014805"
"chr9","43887701","43887815","chr14","17517895","17518010","15","26369806"
"chr9","43890683","43890982","chr15","7561500","7561795","46","36329183"
"chr9","43905410","43905669","chrX","45766658","45766913","45","1861248"
"chr9","44390221","44390493","chr9","125139377","125139658","49","80749156"
"chr9","44439836","44440120","chr19","7821204","7821487","39","36618632"
"chr9","44455824","44456121","chr7","29116078","29116368","53","15339746"
"chr9","44471671","44471944","chr18","38216282","38216553","51","6255389"
"chr9","44491406","44491707","chr9","113094006","113094309","39","68602600"
"chr9","44571059","44571180","chr1","185763091","185763209","17","141192032"
"chr9","44572002","44572267","chr19","28826996","28827265","60","15745006"
"chr9","44579781","44579939","chr8","38124522","38124680","26","6455259"
"chr9","44599706","44600015","chrX","105763749","105764060","43","61164043"
"chr9","44615282","44615568","chr7","17509919","17510217","42","27105363"
"chr9","44670512","44670819","chr9","35465619","35465924","43","9204893"
"chr9","44672339","44672557","chr10","69378378","69378593","42","24706039"
"chr9","44680007","44680311","chr15","9900702","9901002","36","34779305"
"chr9","44687803","44688093","chr1","11366377","11366670","43","33321426"
"chr9","44691905","44692203","chr7","16206849","16207148","40","28485056"
"chr9","44697318","44697618","chr15","5688693","5688993","41","39008625"
"chr9","44697781","44698058","chr12","88414497","88414769","36","43716716"
"chr9","44699036","44699334","chr2","102989050","102989349","41","58290014"
"chr9","44730328","44730622","chr13","15261386","15261687","59","29468942"
"chr9","44732261","44732560","chr3","169260164","169260459","36","124527903"
"chr9","44767668","44767947","chr14","82944051","82944331","38","38176383"
"chr9","44779652","44779949","chr15","7561500","7561795","36","37218152"
"chr9","44800608","44800903","chr11","59744208","59744500","33","14943600"
"chr9","44808927","44809034","chr5","156457972","156458083","23","111649045"
"chr9","44838370","44838664","chr1","48942325","48942622","46","4103955"
"chr9","44846169","44846478","chrX","60259121","60259428","49","15412952"
"chr9","44885008","44885287","chr3","78122440","78122733","47","33237432"
"chr9","44935889","44936171","chr5","23250340","23250628","43","21685549"
"chr9","44950881","44951166","chr14","50817121","50817406","40","5866240"
"chr9","44960989","44961272","chr9","57023538","57023829","39","12062549"
"chr9","45004079","45004384","chr10","16049988","16050292","45","28954091"
"chr9","45063935","45064231","chr16","71396331","71396626","37","26332396"
"chr9","45094036","45094290","chr6","161525268","161525536","54","116431232"
"chr9","45135923","45136220","chr5","34488672","34488979","38","10647251"
"chr9","45142306","45142605","chr14","55307372","55307665","41","10165066"
"chr9","45145891","45145997","chr17","1344981","1345088","13","43800910"
"chr9","45163110","45163411","chr4","10828530","10828827","55","34334580"
"chr9","45198177","45198471","chr8","25582102","25582396","31","19616075"
"chr9","45202248","45202543","chr7","34314811","34315097","40","10887437"
"chr9","45233172","45233489","chr14","5934954","5935260","46","39298218"
"chr9","45257768","45258067","chr1","129877213","129877510","42","84619445"
"chr9","45311000","45311166","chr2","97087214","97087378","26","51776214"
"chr9","45333662","45333964","chr8","97994163","97994466","39","52660501"
"chr9","45346127","45346421","chr7","72707693","72707981","42","27361566"
"chr9","45354758","45355043","chr11","88536600","88536893","45","43181842"
"chr9","45368116","45368414","chr4","13663992","13664285","53","31704124"
"chr9","45372743","45373034","chr14","55761517","55761805","38","10388774"
"chr9","45387384","45387674","chr11","105493776","105494065","35","60106392"
"chr9","45414461","45414757","chr2","96239962","96240258","33","50825501"
"chr9","45444589","45444873","chr15","26878649","26878926","38","18565940"
"chr9","45446986","45447251","chrX","122712517","122712780","34","77265531"
"chr9","45475612","45475883","chr6","153464607","153464879","58","107988995"
"chr9","45480288","45480549","chr19","44750316","44750577","40","729972"
"chr9","45480979","45481292","chr1","34912193","34912497","46","10568786"
"chr9","45504271","45504546","chr18","50874536","50874793","55","5370265"
"chr9","45516162","45516295","chr7","148602709","148602842","34","103086547"
"chr9","45526245","45526514","chr1","47626078","47626342","51","2099833"
"chr9","45527518","45527799","chr17","78068546","78068824","55","32541028"
"chr9","45547087","45547397","chr10","14597196","14597506","46","30949891"
"chr9","45563175","45563485","chr7","108666092","108666400","56","63102917"
"chr9","45563878","45564101","chr4","158526667","158526889","39","112962789"
"chr9","45568285","45568572","chr2","38884008","38884302","41","6684277"
"chr9","45579603","45579903","chr4","3872146","3872447","42","41707457"
"chr9","45615882","45616110","chr7","106517904","106518135","35","60902022"
"chr9","45619825","45620114","chr3","13489445","13489734","40","32130380"
"chr9","45638364","45638646","chr10","62315260","62315548","48","16676896"
"chr9","45666191","45666488","chr8","95960003","95960299","41","50293812"
"chr9","45667582","45667879","chr3","45626371","45626668","37","41211"
"chr9","45819517","45819829","chr11","52599657","52599968","55","6780140"
"chr9","45837160","45837429","chr2","72796544","72796817","61","26959384"
"chr9","45860363","45860660","chr12","86662303","86662604","46","40801940"
"chr9","45861914","45862082","chr19","9946015","9946183","27","35915899"
"chr9","45868212","45868362","chr11","52649860","52649998","38","6781648"
"chr9","45922677","45922987","chr11","128830974","128831281","45","82908297"
"chr9","45943323","45943610","chr3","48298408","48298697","33","2355085"
"chr9","46005296","46005580","chr3","78303544","78303823","44","32298248"
"chr9","46010709","46011017","chr1","52291560","52291858","81","6280851"
"chr9","46058320","46058619","chr2","55010925","55011223","43","8952605"
"chr9","46065641","46065959","chr19","39729373","39729700","50","6336268"
"chr9","46080740","46081017","chr13","25429301","25429585","47","20651439"
"chr9","46094913","46095066","chr5","159253702","159253862","24","113158789"
"chr9","46099000","46099293","chr2","96239962","96240258","45","50140962"
"chr9","46114920","46115209","chr9","54648789","54649077","56","8533869"
"chr9","46121516","46121823","chr5","79691262","79691564","58","33569746"
"chr9","46133973","46134273","chr1","65932733","65933039","48","19798760"
"chr9","46144360","46144653","chr3","143204397","143204702","43","97060037"
"chr9","46146790","46147075","chr20","26945721","26946013","46","19201069"
"chr9","46161570","46161882","chrX","60892215","60892525","33","14730645"
"chr9","46192431","46192734","chr15","28015285","28015588","43","18177146"
"chr9","46197366","46197669","chr5","52860467","52860771","45","6663101"
"chr9","46199181","46199487","chr11","52959989","52960306","53","6760808"
"chr9","46225655","46225951","chrX","20846410","20846706","38","25379245"
"chr9","46227885","46228170","chr1","44950004","44950301","45","1277881"
"chr9","46229236","46229510","chr4","155097910","155098188","45","108868674"
"chr9","46241216","46241514","chr13","48846650","48846946","57","2605434"
"chr9","46249323","46249628","chr16","5978442","5978742","48","40270881"
"chr9","46280186","46280461","chr8","88869400","88869673","33","42589214"
"chr9","46289154","46289453","chr10","78749019","78749318","38","32459865"
"chr9","46317042","46317284","chr7","27627214","27627455","39","18689828"
"chr9","46323158","46323376","chr20","52039655","52039883","49","5716497"
"chr9","46328762","46329016","chr8","102916371","102916625","36","56587609"
"chr9","46331677","46331978","chr13","46894366","46894676","47","562689"
"chr9","46381276","46381578","chr13","61259817","61260123","32","14878541"
"chr9","46439407","46439699","chr4","111697334","111697630","39","65257927"
"chr9","46470443","46470721","chrX","62948145","62948432","49","16477702"
"chr9","46511579","46511822","chr16","7445726","7445973","35","39065853"
"chr9","46538264","46538562","chr1","43639311","43639611","34","2898953"
"chr9","46603916","46604218","chr13","99722238","99722539","47","53118322"
"chr9","46605082","46605386","chr7","108666092","108666400","46","62061010"
"chr9","46631209","46631500","chr1","49657247","49657546","37","3026038"
"chr9","46702110","46702414","chr2","66182928","66183228","44","19480818"
"chr9","46705084","46705380","chr12","13891696","13891997","36","32813388"
"chr9","46748025","46748090","chr1","122935788","122935857","25","76187763"
"chr9","46748342","46748513","chr16","47452754","47452925","39","704412"
"chr9","46822553","46822819","chr3","1997406","1997669","42","44825147"
"chr9","47276230","47276498","chr7","70325580","70325851","42","23049350"
"chr9","47355218","47355518","chr13","32817425","32817728","33","14537793"
"chr9","47457811","47458024","chr13","112980932","112981146","28","65523121"
"chr9","47469194","47469490","chr15","35190462","35190761","45","12278732"
"chr9","47478772","47479068","chr1","143220195","143220493","44","95741423"
"chr9","47564609","47564907","chr4","130615568","130615870","51","83050959"
"chr9","47729218","47729421","chr10","79672783","79672981","35","31943565"
"chr9","47849195","47849499","chr3","43457155","43457456","54","4392040"
"chr9","47996095","47996385","chr11","108474262","108474559","40","60478167"
"chr9","48135121","48135413","chr14","46346403","46346694","35","1788718"
"chr9","48347827","48347901","chr10","82020402","82020474","14","33672575"
"chr9","48388030","48388201","chr3","161217715","161217881","45","112829685"
"chr9","48526290","48526588","chr20","19820242","19820537","40","28706048"
"chr9","48529286","48529584","chrX","90854802","90855099","40","42325516"
"chr9","48533158","48533468","chr10","62936704","62937010","31","14403546"
"chr9","48707340","48707656","chr3","75954074","75954381","53","27246734"
"chr9","48712909","48713200","chr1","45623411","45623699","42","3089498"
"chr9","48839715","48840024","chr14","53927134","53927436","52","5087419"
"chr9","48944784","48945082","chr11","108474262","108474559","43","59529478"
"chr9","49009628","49009938","chr13","23501079","23501388","35","25508549"
"chr9","49021699","49021987","chrX","112314689","112314977","47","63292990"
"chr9","49195049","49195253","chr7","155860210","155860412","38","106665161"
"chr9","49347027","49347335","chr14","21204475","21204787","51","28142552"
"chr9","49396480","49396768","chr4","154135592","154135882","45","104739112"
"chr9","49530007","49530288","chr6","85164852","85165135","54","35634845"
"chr9","49944912","49945188","chr7","132975622","132975901","50","83030710"
"chr9","49989279","49989560","chr14","121154975","121155256","54","71165696"
"chr9","50129950","50130224","chr6","132179472","132179753","36","82049522"
"chr9","50131127","50131423","chr10","62550782","62551081","38","12419655"
"chr9","50266320","50266598","chr12","58244299","58244591","56","7977979"
"chr9","50332229","50332460","chr13","109955343","109955573","31","59623114"
"chr9","50407188","50407464","chr11","117230690","117230966","37","66823502"
"chr9","50444103","50444298","chr14","37492406","37492609","36","12951697"
"chr9","50553571","50553878","chr7","79281302","79281613","47","28727731"
"chr9","50611230","50611490","chr4","79455473","79455733","38","28844243"
"chr9","50670118","50670389","chr13","24987399","24987671","48","25682719"
"chr9","50760665","50760964","chr8","135212901","135213200","46","84452236"
"chr9","50885551","50885842","chr15","29838350","29838639","44","21047201"
"chr9","51156182","51156404","chr10","76202595","76202819","30","25046413"
"chr9","51448080","51448376","chr3","46329604","46329904","47","5118476"
"chr9","51544238","51544520","chr1","42476755","42477044","44","9067483"
"chr9","51587296","51587439","chr7","58691237","58691384","23","7103941"
"chr9","51607145","51607443","chr16","21639667","21639964","39","29967478"
"chr9","51645200","51645467","chr5","35236627","35236905","62","16408573"
"chr9","51711114","51711425","chr1","115424164","115424468","42","63713050"
"chr9","51802173","51802470","chrX","15713155","15713456","34","36089018"
"chr9","51860868","51861163","chr10","47330984","47331271","44","4529884"
"chr9","51899569","51899862","chrX","125063482","125063775","42","73163913"
"chr9","51926270","51926566","chr18","48465782","48466081","32","3460488"
"chr9","52040687","52040992","chr2","50899131","50899433","44","1141556"
"chr9","52229901","52230186","chr8","122637963","122638251","44","70408062"
"chr9","52257263","52257558","chr10","78749019","78749318","33","26491756"
"chr9","52285091","52285396","chr15","104312349","104312651","42","52027258"
"chr9","52321873","52322154","chr20","49701084","49701366","39","2620789"
"chr9","52356335","52356628","chr7","48694397","48694696","26","3661938"
"chr9","52379060","52379361","chr1","124998618","124998915","35","72619558"
"chr9","52446926","52447219","chr4","13663992","13664285","41","38782934"
"chr9","52463642","52463940","chr3","164913166","164913461","45","112449524"
"chr9","52602494","52602786","chr16","18796729","18797022","39","33805765"
"chr9","52686809","52687101","chr1","42476755","42477044","37","10210054"
"chr9","52772012","52772309","chrX","28734753","28735052","50","24037259"
"chr9","52790987","52791294","chr8","128439563","128439869","37","75648576"
"chr9","52793097","52793392","JH682036","358126","358421","35","52434971"
"chr9","52839212","52839501","chr3","125496584","125496876","48","72657372"
"chr9","52851340","52851648","chr1","203531342","203531647","56","150680002"
"chr9","52891447","52891748","chr6","53239608","53239906","34","348161"
"chr9","52899950","52900241","chr15","8335450","8335743","47","44564500"
"chr9","52900877","52901152","chr15","97132178","97132453","38","44231301"
"chr9","52913868","52914178","chr5","32469834","32470141","45","20444034"
"chr9","52922542","52922851","chr13","23501079","23501388","38","29421463"
"chr9","52934496","52934785","chr1","124250793","124251086","37","71316297"
"chr9","52968573","52968879","chrX","140504704","140505005","46","87536131"
"chr9","53016530","53016826","chr17","45095928","45096223","32","7920602"
"chr9","53036896","53037198","chr16","21958952","21959252","43","31077944"
"chr9","53123047","53123347","chr16","49586323","49586622","38","3536724"
"chr9","53151215","53151515","chr2","108323225","108323529","43","55172010"
"chr9","53206594","53206891","chr1","124998618","124998915","33","71792024"
"chr9","53212646","53212950","chr16","24435726","24436025","38","28776920"
"chr9","53247523","53247806","chr4","34365154","34365445","50","18882369"
"chr9","53276160","53276449","chr6","142572268","142572563","39","89296108"
"chr9","53347022","53347344","chr11","43397080","43397397","59","9949942"
"chr9","53360876","53361180","chrX","15713155","15713456","47","37647721"
"chr9","53367978","53368273","chr1","143220195","143220493","42","89852217"
"chr9","53368829","53369087","chr13","40107661","40107916","40","13261168"
"chr9","53412589","53412867","chr2","149808038","149808322","40","96395449"
"chr9","53413080","53413326","chr1","93009406","93009650","53","39596326"
"chr9","53422234","53422534","chr2","102989050","102989349","37","49566816"
"chr9","53456721","53457015","chr9","7025626","7025918","36","46431095"
"chr9","53484836","53485085","chrX","13427697","13427949","40","40057139"
"chr9","53487088","53487394","chr16","66033560","66033858","42","12546472"
"chr9","53540579","53540865","chr4","13663992","13664285","37","39876587"
"chr9","53550976","53551262","chr1","42476755","42477044","33","11074221"
"chr9","53556493","53556778","chr14","1773153","1773437","43","51783340"
"chr9","53560752","53561046","chr20","13516848","13517143","36","40043904"
"chr9","53565861","53566159","chr11","85499396","85499692","44","31933535"
"chr9","53595241","53595528","chr11","12718595","12718887","34","40876646"
"chr9","53621990","53622307","chr15","96983547","96983850","44","43361557"
"chr9","53643700","53644042","chr19","11995413","11995744","69","41648287"
"chr9","53648228","53648527","chr1","91521758","91522057","37","37873530"
"chr9","53649542","53649827","chr9","108889025","108889312","39","55239483"
"chr9","53661197","53661498","chr13","32817425","32817728","29","20843772"
"chr9","53686738","53687015","chr12","26443444","26443730","47","27243294"
"chr9","53687262","53687563","chr7","40750157","40750451","44","12937105"
"chr9","53730312","53730477","chr4","31199292","31199462","23","22531020"
"chr9","53731397","53731690","chr4","102294705","102295001","52","48563308"
"chr9","53756205","53756467","chr2","103785317","103785581","56","50029112"
"chr9","53775488","53775786","chr10","29691322","29691619","37","24084166"
"chr9","53793711","53794011","chr2","102989050","102989349","39","49195339"
"chr9","53796869","53796981","chr3","98090890","98091001","14","44294021"
"chr9","53798203","53798500","chr16","70619220","70619515","40","16821017"
"chr9","53812243","53812536","chr9","7025626","7025918","30","46786617"
"chr9","53852521","53852812","chr1","30836490","30836784","38","23016031"
"chr9","53854024","53854337","chr3","107368374","107368683","46","53514350"
"chr9","53855197","53855502","chr13","125137337","125137644","41","71282140"
"chr9","53871627","53871894","chr2","49059917","49060182","38","4811710"
"chr9","53903120","53903357","chr16","44892798","44893041","35","9010322"
"chr9","53988892","53989178","chr2","68809203","68809491","38","14820311"
"chr9","54079374","54079671","chr11","8049564","8049863","48","46029810"
"chr9","54135331","54135544","chr8","114964293","114964505","36","60828962"
"chr9","54166326","54166619","chr16","732453","732746","46","53433873"
"chr9","54212365","54212671","chr10","81444150","81444452","39","27231785"
"chr9","54323415","54323700","chr15","21464395","21464674","50","32859020"
"chr9","54545919","54546214","chr7","72707693","72707981","46","18161774"
"chr9","54854316","54854622","chr19","28485522","28485832","38","26368794"
"chr9","54974070","54974379","chr11","36769212","36769521","45","18204858"
"chr9","55030770","55031067","chr11","61293438","61293738","35","6262668"
"chr9","55076513","55076806","chr19","11193722","11194017","47","43882791"
"chr9","55312497","55312754","chr1","47626078","47626342","43","7686419"
"chr9","55327236","55327544","chr5","81950527","81950835","39","26623291"
"chr9","55385857","55386166","chr3","125404419","125404726","43","70018562"
"chr9","55479810","55480101","chr12","93108642","93108929","42","37628832"
"chr9","55531691","55531992","chr10","62315260","62315548","50","6783569"
"chr9","55541529","55541804","chr7","8621594","8621869","48","46919935"
"chr9","55553832","55554129","chr4","104215514","104215807","39","48661682"
"chr9","55650709","55650971","chr2","149989427","149989693","50","94338718"
"chr9","55655475","55655775","chr12","62828013","62828306","44","7172538"
"chr9","55657570","55657863","chr16","39491454","39491747","42","16166116"
"chr9","55808197","55808504","chr13","32325637","32325935","50","23482560"
"chr9","55825281","55825557","chr1","23462198","23462478","43","32363083"
"chr9","56049560","56049805","chr14","28482811","28483074","55","27566749"
"chr9","56164898","56165185","JH682036","358126","358421","42","55806772"
"chr9","56203043","56203089","chr3","73547209","73547258","9","17344166"
"chr9","56271747","56272027","chr11","109305457","109305739","46","53033710"
"chr9","56305408","56305717","chr1","34059946","34060256","44","22245462"
"chr9","56379918","56380197","chr12","44820258","44820548","46","11559660"
"chr9","56503327","56503640","chr6","157477970","157478279","41","100974643"
"chr9","56507076","56507283","chr11","62675517","62675732","38","6168441"
"chr9","56654329","56654613","chr3","103259893","103260176","37","46605564"
"chr9","56872197","56872503","chr3","34969388","34969689","39","21902809"
"chr9","56932806","56933099","chr6","126641819","126642115","42","69709013"
"chr9","56933399","56933699","chr16","50298577","50298876","37","6634822"
"chr9","56955537","56955808","chr11","122514166","122514437","38","65558629"
"chr9","57074608","57074897","chr1","124250793","124251086","40","67176185"
"chr9","57255420","57255728","chr9","56232549","56232853","40","1022871"
"chr9","57524438","57524732","chr7","37381596","37381892","34","20142842"
"chr9","57569529","57569824","chr3","160772561","160772858","32","103203032"
"chr9","57603257","57603512","chr13","108552245","108552502","43","50948988"
"chr9","57655297","57655592","chr1","127833040","127833336","40","70177743"
"chr9","57810625","57810937","chr1","44509147","44509453","46","13301478"
"chr9","57833746","57834008","chr2","49059917","49060182","40","8773829"
"chr9","57853949","57854239","chr13","4335033","4335327","44","53518916"
"chr9","57898080","57898352","chr8","88869400","88869673","36","30971320"
"chr9","57899752","57900051","chr6","34306873","34307172","57","23592879"
"chr9","57900326","57900623","chr2","95593917","95594214","44","37693591"
"chr9","57915618","57915929","chr1","3276074","3276382","34","54639544"
"chr9","57948415","57948705","chr12","93108642","93108929","35","35160227"
"chr9","57994788","57995073","chr9","48839891","48840176","55","9154897"
"chr9","58011840","58012137","chr7","90971726","90972022","37","32959886"
"chr9","58050061","58050372","chr11","95853169","95853481","41","37803108"
"chr9","58070006","58070287","chr9","48839891","48840176","42","9230115"
"chr9","58071276","58071574","chr15","7511435","7511732","38","50559841"
"chr9","58076821","58077101","chr6","143418690","143418972","40","85341869"
"chr9","58094027","58094320","chr11","59699985","59700283","43","1605958"
"chr9","58098130","58098410","chr2","83374572","83374861","38","25276442"
"chr9","58118048","58118347","chr15","48151534","48151833","33","9966514"
"chr9","58121502","58121768","chr3","162219994","162220257","41","104098492"
"chr9","58191212","58191487","chr2","90241387","90241681","55","32050175"
"chr9","58208958","58209080","chr11","122472110","122472234","23","64263152"
"chr9","58209096","58209177","chrX","131890080","131890165","22","73680984"
"chr9","58258062","58258354","chr4","20045092","20045381","41","38212970"
"chr9","58364411","58364710","chr5","101316280","101316579","43","42951869"
"chr9","58381124","58381416","chr11","64335334","64335631","46","5954210"
"chr9","58432466","58432722","chrX","12259299","12259550","43","46173167"
"chr9","58440756","58441051","chr15","94826677","94826975","43","36385921"
"chr9","58518788","58519081","chr14","55307372","55307665","34","3211416"
"chr9","58528207","58528505","chr2","126433678","126433974","47","67905471"
"chr9","58580967","58581284","chr8","97004650","97004945","62","38423683"
"chr9","58605312","58605562","chr7","151776343","151776597","40","93171031"
"chr9","58626246","58626498","chr3","39304161","39304414","35","19322085"
"chr9","58627092","58627152","chr16","38161731","38161797","12","20465361"
"chr9","58676354","58676631","chr2","41138574","41138855","36","17537780"
"chr9","58743736","58744029","chr5","11157181","11157474","31","47586555"
"chr9","58841654","58841943","chr4","10828530","10828827","37","48013124"
"chr9","58846791","58847025","chr7","106517904","106518135","39","47671113"
"chr9","58865921","58866215","chr17","23859405","23859701","30","35006516"
"chr9","59008197","59008490","chr7","41235397","41235697","48","17772800"
"chr9","59122382","59122680","chr11","119520425","119520728","48","60398043"
"chr9","59137957","59138255","chr7","59735870","59736169","39","597913"
"chr9","59147226","59147525","chr1","79952767","79953067","31","20805541"
"chr9","59206879","59207183","chr3","42609670","42609971","42","16597209"
"chr9","59214398","59214696","chr10","36138793","36139095","33","23075605"
"chr9","59231572","59231826","chr4","135313924","135314188","42","76082352"
"chr9","59260329","59260541","chr7","121329046","121329267","36","62068717"
"chr9","59290629","59290905","chr3","13374713","13375000","53","45915916"
"chr9","59491187","59491303","chr3","15334660","15334776","12","44156527"
"chr9","59608013","59608211","chr20","19297264","19297468","50","40310749"
"chr9","59841888","59842187","chr2","165727429","165727730","43","105885541"
"chr9","59864952","59865019","chr19","7415046","7415116","13","52449906"
"chr9","60067131","60067437","chr1","54699335","54699636","35","5367796"
"chr9","60164801","60165089","chr1","213575383","213575672","37","153410582"
"chr9","60275469","60275760","chr1","128477471","128477761","44","68202002"
"chr9","60314543","60314840","chr2","149144897","149145195","41","88830354"
"chr9","60346896","60347116","chr7","121329046","121329267","20","60982150"
"chr9","60401114","60401390","chr5","124585312","124585602","53","64184198"
"chr9","60595505","60595774","chr12","88414497","88414769","46","27818992"
"chr9","60841323","60841620","chr8","25582102","25582396","31","35259221"
"chr9","60975033","60975341","chr1","7993999","7994304","35","52981034"
"chr9","61093206","61093498","chr2","178187197","178187490","35","117093991"
"chr9","61100233","61100533","chr1","42476755","42477044","39","18623478"
"chr9","61244618","61244918","chr10","72394915","72395215","35","11150297"
"chr9","61270510","61270798","chr2","41138574","41138855","43","20131936"
"chr9","61366222","61366437","chr11","51815936","51816145","37","9550286"
"chr9","61420754","61421026","chr15","37076023","37076297","44","24344731"
"chr9","61492029","61492337","chr12","63712638","63712948","35","2220609"
"chr9","61502291","61502590","chrX","44962032","44962338","48","16540259"
"chr9","61607700","61608001","chr2","39329636","39329937","42","22278064"
"chr9","61622229","61622489","chr12","21913995","21914257","41","39708234"
"chr9","61641538","61641823","chr10","62315260","62315548","39","673722"
"chr9","62201150","62201457","chr6","50120248","50120558","50","12080902"
"chr9","62230373","62230669","chr4","7681488","7681787","43","54548885"
"chr9","62422496","62422783","chr7","8401212","8401505","41","54021284"
"chr9","62441098","62441396","chr13","62636440","62636740","45","195342"
"chr9","62485336","62485622","chr10","26225402","26225693","37","36259934"
"chr9","62526975","62527251","chr3","48298408","48298697","44","14228567"
"chr9","62561052","62561354","chr12","74616661","74616965","49","12055609"
"chr9","62655321","62655600","chr16","45339014","45339298","38","17316307"
"chr9","62754552","62754849","chr17","8837526","8837825","39","53917026"
"chr9","62768411","62768641","chr1","24229017","24229233","35","38539394"
"chr9","63106686","63106992","chr6","171592504","171592804","52","108485818"
"chr9","63273179","63273478","chr17","30611756","30612052","47","32661423"
"chr9","63300088","63300395","chr6","127514364","127514674","51","64214276"
"chr9","63457269","63457552","chr15","3209266","3209566","48","60248003"
"chr9","63463802","63464101","chr7","46320166","46320470","44","17143636"
"chr9","63467861","63468148","chr3","63552234","63552532","38","84373"
"chr9","63696863","63697164","chr2","149808038","149808322","57","86111175"
"chr9","63744545","63744834","chr10","62315260","62315548","42","1429285"
"chr9","63761595","63761891","chr1","11366377","11366670","49","52395218"
"chr9","63889333","63889637","chr14","5934954","5935260","42","57954379"
"chr9","63948379","63948667","chr8","95960003","95960299","44","32011624"
"chr9","63990187","63990485","chr13","32325637","32325935","33","31664550"
"chr9","64114144","64114440","chr1","36440897","36441200","50","27673247"
"chr9","64527555","64527890","chr17","24586272","24586568","80","39941283"
"chr9","64851815","64852113","chr19","12557275","12557573","42","52294540"
"chr9","64985373","64985665","chr11","114923633","114923926","46","49938260"
"chr9","64992150","64992246","chr3","66417143","66417238","13","1424993"
"chr9","65165563","65165863","chr3","48298408","48298697","47","16867155"
"chr9","65295855","65295977","chr11","119366299","119366427","17","54070444"
"chr9","65354054","65354335","chr5","171810402","171810687","51","106456348"
"chr9","65366541","65366770","chr7","106517904","106518135","39","41151363"
"chr9","65379572","65379870","chr7","9043063","9043359","42","56336509"
"chr9","65432614","65432917","chr10","70335100","70335400","32","4902486"
"chr9","65440509","65440802","chr1","219677924","219678213","40","154237415"
"chr9","65441944","65442261","chrX","44962032","44962338","51","20479912"
"chr9","65449526","65449822","chr6","142572268","142572563","37","77122742"
"chr9","65460835","65461130","chr7","52736490","52736780","35","12724345"
"chr9","65547873","65548163","chr4","160599897","160600192","48","95052024"
"chr9","65676462","65676762","chr11","119520425","119520728","46","53843963"
"chr9","65691407","65691662","chr2","138725394","138725648","37","73033987"
"chr9","65757098","65757392","chr2","48796370","48796661","59","16960728"
"chr9","65772151","65772421","chrX","19261854","19262133","46","46510297"
"chr9","65775069","65775362","chr6","56372445","56372739","39","9402624"
"chr9","65868878","65869180","chrX","49589595","49589887","52","16279283"
"chr9","65921507","65921796","chr1","27049382","27049672","37","38872125"
"chr9","65929965","65930143","chr11","71648480","71648657","25","5718515"
"chr9","65932700","65932982","chr4","20045092","20045381","51","45887608"
"chr9","66119844","66120152","chr8","18779780","18780079","51","47340064"
"chr9","66235788","66236090","chr14","5934954","5935260","39","60300834"
"chr9","66239364","66239666","chr1","18852431","18852735","40","47386933"
"chr9","66239746","66239977","chr6","143514666","143514896","38","77274920"
"chr9","66301873","66302111","chr3","50901308","50901545","31","15400565"
"chr9","66313864","66314163","chr7","131334219","131334518","38","65020355"
"chr9","66318178","66318457","chr20","17770859","17771148","53","48547319"
"chr9","66386883","66387167","chr11","72112916","72113210","40","5726033"
"chr9","66432036","66432333","chr17","88324240","88324540","41","21892204"
"chr9","66442776","66443065","chr10","20830175","20830469","34","45612601"
"chr9","66448200","66448487","chr7","133065043","133065330","33","66616843"
"chr9","66457962","66458263","chrX","15713155","15713456","45","50744807"
"chr9","66528171","66528466","JH682036","358126","358421","36","66170045"
"chr9","66669666","66669950","chr2","149520746","149521031","40","82851080"
"chr9","66678441","66678751","chr4","3145119","3145426","38","63533322"
"chr9","66695986","66696280","chr8","125553163","125553457","44","58857177"
"chr9","66732680","66732976","chr6","142572268","142572563","40","75839588"
"chr9","66935362","66935594","chr7","106517904","106518135","34","39582542"
"chr9","67085211","67085511","chr5","140981015","140981312","37","73895804"
"chr9","67129450","67129712","chr6","89841228","89841489","44","22711778"
"chr9","67294522","67294622","chr11","48662117","48662218","17","18632405"
"chr9","67372388","67372531","chr4","103459648","103459795","17","36087260"
"chr9","67392236","67392543","chr7","77029098","77029406","34","9636862"
"chr9","67461799","67462067","chr15","76799848","76800119","44","9338049"
"chr9","67553348","67553657","chr1","54556109","54556409","52","12997239"
"chr9","67554851","67555140","chr1","27049382","27049672","43","40505469"
"chr9","67667554","67667832","chr11","73303063","73303347","44","5635509"
"chr9","67770551","67770681","chr6","136071853","136071978","19","68301302"
"chr9","67808001","67808299","chr2","55010925","55011223","35","12797076"
"chr9","67829249","67829553","chr7","120031071","120031377","44","52201822"
"chr9","67832703","67833006","chr14","21158129","21158427","41","46674574"
"chr9","68234068","68234364","chr3","110049029","110049327","32","41814961"
"chr9","68412562","68412858","chr4","10828530","10828827","36","57584032"
"chr9","68437011","68437291","chr20","69383615","69383902","42","946604"
"chr9","68468254","68468563","chr18","51183412","51183721","33","17284842"
"chr9","68494990","68495294","chr14","53927134","53927436","44","14567856"
"chr9","68497346","68497646","chr10","87880515","87880812","52","19383169"
"chr9","68555181","68555465","chr4","105579082","105579368","32","37023901"
"chr9","68753370","68753655","chr6","20588969","20589248","60","48164401"
"chr9","68794750","68795010","chr1","58524450","58524717","39","10270300"
"chr9","68960502","68960800","chr9","84091228","84091523","46","15130726"
"chr9","68966083","68966383","chr13","32817425","32817728","30","36148658"
"chr9","69260231","69260535","chr1","18852431","18852735","41","50407800"
"chr9","69333816","69334123","chrX","60892215","60892525","43","8441601"
"chr9","69355217","69355475","chr3","160601395","160601671","49","91246178"
"chr9","69361617","69361913","chr11","59744208","59744500","31","9617409"
"chr9","69378810","69379109","chr3","48175609","48175913","38","21203201"
"chr9","69385472","69385770","chr2","96826999","96827292","40","27441527"
"chr9","69395197","69395325","chr11","8521508","8521634","21","60873689"
"chr9","69448483","69448748","chrX","108014686","108014948","44","38566203"
"chr9","69468230","69468534","chr2","46682521","46682821","39","22785709"
"chr9","69527830","69528122","chr6","131382388","131382676","44","61854558"
"chr9","69536875","69537152","chr10","30085573","30085855","36","39451302"
"chr9","69566623","69566894","chr2","165757823","165758089","50","96191200"
"chr9","69629110","69629399","chr6","57093643","57093937","45","12535467"
"chr9","69677600","69677892","chrX","62948145","62948432","63","6729455"
"chr9","69697844","69698169","chr7","133301512","133301834","52","63603668"
"chr9","69796468","69796730","chr13","46225644","46225911","50","23570824"
"chr9","70050171","70050469","chr19","47662689","47662983","44","22387482"
"chr9","70092211","70092510","chr20","51745649","51745944","34","18346562"
"chr9","70240341","70240644","chr8","100679378","100679681","53","30439037"
"chr9","70283185","70283476","chr16","63970264","63970553","40","6312921"
"chr9","70339946","70340227","chr5","158892033","158892319","35","88552087"
"chr9","70370657","70370932","chr1","58524450","58524717","51","11846207"
"chr9","70404015","70404291","chr9","92292916","92293201","48","21888901"
"chr9","70475661","70475968","chr1","1866324","1866628","45","68609337"
"chr9","70481046","70481343","chr8","66000432","66000726","39","4480614"
"chr9","70697755","70698028","chr12","84954554","84954828","45","14256799"
"chr9","70837833","70838140","chr7","125833914","125834223","51","54996081"
"chr9","71033956","71034254","chr8","25582102","25582396","35","45451854"
"chr9","71130858","71131155","chr2","101651204","101651504","32","30520346"
"chr9","71306618","71306892","chr16","50279212","50279487","37","21027406"
"chr9","71337321","71337620","chr11","10098018","10098319","36","61239303"
"chr9","71363584","71363881","chr19","3064712","3065012","35","68298872"
"chr9","71667746","71668038","chr7","23122885","23123181","53","48544861"
"chr9","71700971","71701259","chr8","10102742","10103034","47","61598229"
"chr9","72178033","72178327","chr14","25420751","25421041","37","46757282"
"chr9","72186112","72186390","chr19","42103817","42104095","41","30082295"
"chr9","72202611","72202909","chr9","20941332","20941626","42","51261279"
"chr9","72236909","72237182","chr3","160601395","160601671","44","88364486"
"chr9","72240441","72240730","chr10","45873884","45874177","47","26366557"
"chr9","72318961","72319226","chr16","25072506","25072783","56","47246455"
"chr9","72351047","72351353","chr16","52173025","52173334","49","20178022"
"chr9","72381591","72381849","chr17","55676940","55677197","43","16704651"
"chr9","72470085","72470205","chr1","185763091","185763209","16","113293006"
"chr9","72480758","72481055","chr11","110871088","110871381","52","38390330"
"chr9","72561799","72562002","chr7","155860210","155860412","30","83298411"
"chr9","72563552","72563844","chr4","103431771","103432066","42","30868219"
"chr9","72594949","72595235","chr19","19582804","19583088","48","53012145"
"chr9","72666471","72666750","chr17","45151249","45151529","48","27515222"
"chr9","72668972","72669274","chr1","204272248","204272555","40","131603276"
"chr9","72743497","72743752","chr4","79455473","79455733","39","6711976"
"chr9","72835292","72835600","chr11","25987448","25987755","56","46847844"
"chr9","72843336","72843632","chr20","51745649","51745944","31","21097687"
"chr9","72857634","72857939","chr3","63552234","63552532","46","9305400"
"chr9","72931389","72931632","chr7","151126393","151126631","52","78195004"
"chr9","73019629","73019921","chr5","51703641","51703934","37","21315988"
"chr9","73071222","73071516","chr6","142572268","142572563","46","69501046"
"chr9","73116430","73116518","chr20","41045680","41045765","15","32070750"
"chr9","73272565","73272861","chr6","101765362","101765658","43","28492797"
"chr9","73384152","73384457","chr3","61280488","61280798","37","12103664"
"chr9","73500103","73500392","chr7","133065043","133065330","33","59564940"
"chr9","74018487","74018729","chr13","124467472","124467721","53","50448985"
"chr9","74026594","74026868","chr15","78590602","78590883","61","4564008"
"chr9","74424195","74424468","chr2","46852193","46852465","59","27572002"
"chr9","74525171","74525500","chr6","114684547","114684859","59","40159376"
"chr9","74634361","74634496","chr18","2814393","2814524","20","71819968"
"chr9","74685979","74686272","chr3","160772561","160772858","46","86086582"
"chr9","74766328","74766630","chr1","94576857","94577167","42","19810529"
"chr9","75007620","75007914","chr8","22381843","22382135","32","52625777"
"chr9","75091686","75091993","chr7","131327117","131327431","51","56235431"
"chr9","75289987","75290290","chr1","25933166","25933464","36","49356821"
"chr9","75318772","75319066","chr12","99896284","99896577","50","24577512"
"chr9","75360441","75360667","chr13","71017466","71017686","36","4342975"
"chr9","75362959","75363255","chrX","38190147","38190439","36","37172812"
"chr9","75364197","75364498","chr7","24990763","24991066","39","50373434"
"chr9","75384665","75384958","chr11","59699985","59700283","36","15684680"
"chr9","75455039","75455330","chr16","38954257","38954553","37","36500782"
"chr9","75560030","75560247","chr7","139490585","139490796","37","63930555"
"chr9","75599669","75599964","chrX","123457402","123457697","39","47857733"
"chr9","75644291","75644583","chr4","124099641","124099931","41","48455350"
"chr9","75754861","75755158","chrX","68470020","68470315","44","7284841"
"chr9","75919809","75920039","chr5","137480638","137480863","42","61560829"
"chr9","76003036","76003338","chr20","25946663","25946962","41","50056373"
"chr9","76050946","76051245","chrX","50341638","50341941","44","25709308"
"chr9","76327516","76327810","chr2","38884008","38884302","42","37443508"
"chr9","76330679","76330989","chr1","41160582","41160892","36","35170097"
"chr9","76366191","76366487","chr4","4867746","4868041","45","71498445"
"chr9","76378702","76379003","chr3","160849351","160849651","50","84470649"
"chr9","76388833","76389133","chr20","41843762","41844061","44","34545071"
"chr9","76581960","76582271","chr9","1107459","1107764","45","75474501"
"chr9","76640206","76640482","chr13","96327520","96327799","37","19687314"
"chr9","76642616","76642750","chr1","197772553","197772689","15","121129937"
"chr9","76674275","76674546","chr15","21464395","21464674","39","55209880"
"chr9","76692183","76692485","chr9","56320093","56320392","52","20372090"
"chr9","76725327","76725626","chr7","40750157","40750451","45","35975170"
"chr9","76771112","76771353","chr2","56473415","56473657","57","20297697"
"chr9","76786099","76786387","chr2","144623769","144624056","45","67837670"
"chr9","77283744","77284037","JH682036","358126","358421","31","76925618"
"chr9","77651517","77651804","chr1","38935715","38936004","49","38715802"
"chr9","77862471","77862791","chr9","57318157","57318448","72","20544314"
"chr9","78220848","78221143","chr3","67245572","67245865","42","10975276"
"chr9","78413892","78414183","chr1","42476755","42477044","39","35937137"
"chr9","78424523","78424823","chr15","9873078","9873375","38","68551445"
"chr9","78565764","78566030","chr7","46642053","46642320","38","31923711"
"chr9","78570627","78570923","chr4","82945647","82945940","38","4375020"
"chr9","78762179","78762430","chr1","145073568","145073824","43","66311389"
"chr9","78796845","78797127","chr11","88859359","88859643","38","10062514"
"chr9","78831806","78832096","chr7","133065043","133065330","38","54233237"
"chr9","78945801","78946094","chr7","90971726","90972022","37","12025925"
"chr9","78972093","78972376","chr11","88674306","88674589","39","9702213"
"chr9","78991167","78991476","chr4","34790234","34790542","39","44200933"
"chr9","79261417","79261715","chr1","20012770","20013073","36","59248647"
"chr9","79312891","79313193","chr13","54441045","54441338","41","24871846"
"chr9","79515115","79515414","chr14","98318663","98318962","44","18803548"
"chr9","79631393","79631657","chr16","2090775","2091048","44","77540618"
"chr9","79658948","79659255","chr13","32817425","32817728","34","46841523"
"chr9","79733982","79734292","chr13","23501079","23501388","35","56232903"
"chr9","79772238","79772511","chr5","163453028","163453300","60","83680790"
"chr9","80001140","80001433","chr8","91437935","91438229","46","11436795"
"chr9","80067410","80067517","chr2","158182064","158182167","25","78114654"
"chr9","80087202","80087501","chr3","83261345","83261638","45","3174143"
"chr9","80234903","80235204","chr10","46007696","46008002","38","34227207"
"chr9","80247140","80247436","chr1","124898326","124898628","48","44651186"
"chr9","80278638","80278925","chr16","51038207","51038499","45","29240431"
"chr9","80283202","80283502","chr2","90488784","90489082","43","10205582"
"chr9","80434678","80434961","chr16","45339014","45339298","35","35095664"
"chr9","80571028","80571333","chr14","108286777","108287072","39","27715749"
"chr9","80798168","80798469","chr2","62500002","62500306","51","18298166"
"chr9","81113339","81113627","chr7","77046533","77046816","45","4066806"
"chr9","81143588","81143885","chr7","53299836","53300136","32","27843752"
"chr9","81190544","81190816","chr3","153414719","153414996","43","72224175"
"chr9","81257475","81257775","chr3","34969388","34969689","47","46288087"
"chr9","81402692","81402995","chr5","52449180","52449473","50","28953512"
"chr9","81453867","81453984","chr6","148375288","148375408","16","66921421"
"chr9","81501163","81501445","chr3","37000011","37000289","42","44501152"
"chr9","81510336","81510599","chr1","30765363","30765624","43","50744973"
"chr9","82330258","82330574","chr11","51914381","51914692","45","30415877"
"chr9","82521844","82522143","chr2","102989050","102989349","36","20467206"
"chr9","82845633","82845933","chr2","146254274","146254570","61","63408641"
"chr9","83023712","83024020","chr3","51065520","51065823","40","31958192"
"chr9","83208778","83209075","chr4","34365154","34365445","40","48843624"
"chr9","83223350","83223656","chr12","13879798","13880102","41","69343552"
"chr9","83228949","83229244","chr4","13002327","13002618","43","70226622"
"chr9","83234035","83234346","chr7","37449373","37449676","38","45784662"
"chr9","83235277","83235578","chr14","84147591","84147888","33","912314"
"chr9","83236009","83236285","chr2","154517673","154517962","48","71281664"
"chr9","83276046","83276322","chr19","1343491","1343766","50","81932555"
"chr9","83286916","83287204","chr11","101209765","101210048","37","17922849"
"chr9","83302889","83303073","chr2","186518455","186518632","37","103215566"
"chr9","83313950","83314238","chr2","154517673","154517962","43","71203723"
"chr9","83314715","83315010","chr4","118976132","118976426","40","35661417"
"chr9","83421524","83421680","chr3","44250626","44250781","35","39170898"
"chr9","83454483","83454770","chr16","9432797","9433079","43","74021686"
"chr9","83476114","83476404","chr4","69347489","69347789","45","14128625"
"chr9","83477828","83477914","chr10","11992589","11992674","18","71485239"
"chr9","83490809","83490945","chr11","121717039","121717180","24","38226230"
"chr9","83493184","83493483","chr6","16748520","16748817","42","66744664"
"chr9","83505485","83505786","chrX","127952408","127952701","50","44446923"
"chr9","83562144","83562445","chr2","100800229","100800536","42","17238085"
"chr9","83639745","83640037","chr1","94365322","94365615","42","10725577"
"chr9","83667715","83668004","chr13","74148211","74148505","49","9519504"
"chr9","83705460","83705751","chr1","94631310","94631609","46","10925850"
"chr9","83747875","83748176","chr9","57023538","57023829","40","26724337"
"chr9","83767347","83767652","chr13","32817425","32817728","36","50949922"
"chr9","83947325","83947576","chrX","40167563","40167811","38","43779762"
"chr9","83972021","83972328","chr7","133065043","133065330","52","49093022"
"chr9","84094853","84094985","chr20","26057234","26057363","24","58037619"
"chr9","84189844","84190138","chr17","23859405","23859701","38","60330439"
"chr9","84190964","84191263","chr1","34195210","34195506","37","49995754"
"chr9","84333875","84334194","chr7","64125286","64125577","82","20208589"
"chr9","84355611","84355889","chr8","26682504","26682785","53","57673107"
"chr9","84451259","84451357","chr5","121367145","121367239","24","36915886"
"chr9","84451358","84451586","chr7","121329046","121329267","38","36877688"
"chr9","84476507","84476838","chr9","79938690","79939025","70","4537817"
"chr9","84524912","84525215","chr10","46007696","46008002","41","38517216"
"chr9","84528734","84529001","chr14","115562411","115562676","38","31033677"
"chr9","84550298","84550598","chr3","34969388","34969689","42","49580910"
"chr9","84563496","84563788","chr19","38513628","38513926","55","46049868"
"chr9","84706126","84706428","chr3","63552234","63552532","44","21153892"
"chr9","84771987","84772286","chr11","8138169","8138470","31","76633818"
"chr9","84790766","84791060","chr4","10912888","10913182","43","73877878"
"chr9","84855781","84856082","chr4","10828530","10828827","40","74027251"
"chr9","84869490","84869782","chr2","96826999","96827292","34","11957509"
"chr9","84898770","84899067","chr2","186451766","186452061","41","101552996"
"chr9","84918886","84919182","chr4","83157617","83157912","40","1761269"
"chr9","84928968","84929265","chr11","94305057","94305354","36","9376089"
"chr9","84931326","84931598","chr16","2090775","2091048","40","82840551"
"chr9","84940498","84940800","chr8","26740153","26740449","51","58200345"
"chr9","84965136","84965441","chr1","180167317","180167629","41","95202181"
"chr9","84969521","84969839","chr15","96588502","96588809","49","11618981"
"chr9","84992208","84992535","chr7","133301512","133301834","44","48309304"
"chr9","85091698","85091889","chr2","166677225","166677416","32","81585527"
"chr9","85097657","85097945","chr4","20045092","20045381","48","65052565"
"chr9","85118081","85118292","chr20","69530408","69530621","32","15587673"
"chr9","85134508","85134808","chr20","49534951","49535246","45","35599557"
"chr9","85205055","85205362","chr4","75388049","75388359","39","9817006"
"chr9","85211086","85211419","chr7","52736490","52736780","72","32474596"
"chr9","85235164","85235427","chr2","39029241","39029515","55","46205923"
"chr9","85245217","85245527","chr18","12965449","12965751","40","72279768"
"chr9","85272240","85272555","chr14","5197108","5197407","58","80075132"
"chr9","85275772","85276066","chr7","25204384","25204678","46","60071388"
"chr9","85289841","85290127","chr14","1773153","1773437","46","83516688"
"chr9","85298676","85298967","chr9","24176785","24177084","49","61121891"
"chr9","85300332","85300641","chr1","41160582","41160892","40","44139750"
"chr9","85323613","85323905","chr4","111697334","111697630","41","26373721"
"chr9","85351208","85351525","chr14","10252074","10252392","41","75099134"
"chr9","85400735","85401026","chr12","93108642","93108929","29","7707907"
"chr9","85405742","85406042","chr16","49586323","49586622","34","35819419"
"chr9","85500395","85500703","chr20","54640728","54641039","43","30859667"
"chr9","85505113","85505414","chr1","195161491","195161794","49","109656378"
"chr9","85510983","85511277","chr16","56231923","56232210","42","29279060"
"chr9","85568421","85568706","chr1","42476755","42477044","43","43091666"
"chr9","85576080","85576373","chr20","50446868","50447167","39","35129212"
"chr9","85623710","85624000","chr1","119985308","119985602","44","34361598"
"chr9","85630845","85631144","chr7","76702865","76703162","38","8927980"
"chr9","85644862","85645152","chr4","135165862","135166156","45","49521000"
"chr9","85655957","85656261","chr15","98914064","98914371","41","13258107"
"chr9","85658398","85658691","chr10","29491028","29491323","38","56167370"
"chr9","85668040","85668350","chr1","114701443","114701751","46","29033403"
"chr9","85707109","85707400","chr1","42476755","42477044","40","43230354"
"chr9","85711635","85711887","chr10","12259118","12259370","38","73452517"
"chr9","85721352","85721664","chr1","11912016","11912323","48","73809336"
"chr9","85731290","85731594","chr13","107030178","107030478","45","21298888"
"chr9","85775030","85775331","chr13","32817425","32817728","30","52957605"
"chr9","85810941","85811235","chr5","174278831","174279121","40","88467890"
"chr9","85820521","85820817","chr2","178187197","178187490","40","92366676"
"chr9","85839278","85839541","chr7","91627057","91627317","42","5787779"
"chr9","85880550","85880847","chr13","29616638","29616939","38","56263912"
"chr9","85932615","85932907","chr9","85265611","85265903","41","667004"
"chr9","86093366","86093661","chr6","142572268","142572563","44","56478902"
"chr9","86102625","86102901","chr2","39029241","39029515","37","47073384"
"chr9","86118327","86118614","chr11","95475193","95475482","43","9356866"
"chr9","86124050","86124353","chr16","24435726","24436025","35","61688324"
"chr9","86152603","86152869","chr16","67962059","67962333","45","18190544"
"chr9","86163955","86164247","chr3","63343532","63343825","35","22820423"
"chr9","86185437","86185723","chr1","23517339","23517621","54","62668098"
"chr9","86189759","86190051","chr3","70012695","70012990","41","16177064"
"chr9","86229326","86229624","chr15","19782836","19783133","37","66446490"
"chr9","86230882","86231226","chr15","1678176","1678501","65","84552706"
"chr9","86240329","86240637","chr10","67405046","67405353","41","18835283"
"chr9","86281745","86282054","chr16","47869063","47869366","34","38412682"
"chr9","86349334","86349618","chrX","87140716","87140997","50","791382"
"chr9","86350547","86350846","chr11","95689521","95689816","52","9338974"
"chr9","86366735","86367036","chr1","11700834","11701140","41","74665901"
"chr9","86416134","86416427","chr9","37613139","37613425","40","48802995"
"chr9","86430958","86431268","chr1","3276074","3276382","51","83154884"
"chr9","86432910","86433188","chr11","95761683","95761964","40","9328773"
"chr9","86485671","86485934","chrX","122712517","122712780","38","36226846"
"chr9","86488498","86488799","chr12","63888908","63889203","47","22599590"
"chr9","86495381","86495462","chr10","80123708","80123791","11","6371673"
"chr9","86503114","86503406","chr10","13285322","13285614","39","73217792"
"chr9","86515193","86515463","chr1","40770988","40771266","46","45744205"
"chr9","86526225","86526550","chr14","98680391","98680724","42","12154166"
"chr9","86537247","86537540","chr6","57093643","57093937","43","29443604"
"chr9","86538033","86538308","chrX","97704052","97704327","53","11166019"
"chr9","86548103","86548394","chr12","103407958","103408258","52","16859855"
"chr9","86554640","86554938","chr20","49007291","49007596","42","37547349"
"chr9","86571714","86572024","chr1","213070791","213071090","47","126499077"
"chr9","86583188","86583493","chrX","96818634","96818935","38","10235446"
"chr9","86587548","86587816","chr11","95916037","95916317","42","9328489"
"chr9","86596718","86597008","chr13","36289","36581","42","86560429"
"chr9","86606484","86606780","chr15","9873078","9873375","39","76733406"
"chr9","86696512","86696806","chr13","117417087","117417382","36","30720575"
"chr9","86703877","86703969","chr18","40943338","40943431","14","45760539"
"chr9","86714766","86715057","chr4","20341936","20342226","36","66372830"
"chr9","86715205","86715317","chr18","33375109","33375226","19","53340096"
"chr9","86808645","86808967","chr8","34244854","34245171","53","52563791"
"chr9","86857708","86857959","chr9","27259920","27260172","44","59597788"
"chr9","86881769","86882079","chr16","15781566","15781876","39","71100203"
"chr9","86895916","86895989","chr7","16068443","16068515","15","70827473"
"chr9","86970453","86970745","chr2","52915073","52915368","45","34055380"
"chr9","86980870","86981115","chr8","87695866","87696111","37","714996"
"chr9","87015835","87016136","chr11","31474490","31474785","50","55541345"
"chr9","87022632","87022956","chr1","1234974","1235297","42","85787658"
"chr9","87136848","87137156","chr3","34969388","34969689","45","52167460"
"chr9","87207036","87207310","chr15","97132178","97132453","39","9925142"
"chr9","87214472","87214718","chr1","14468200","14468440","32","72746272"
"chr9","87242912","87243209","chr2","123712519","123712817","40","36469607"
"chr9","87294488","87294783","chr2","186451766","186452061","32","99157278"
"chr9","87299415","87299556","chr2","93317431","93317570","18","6018016"
"chr9","87425993","87426164","chrX","50981451","50981623","29","36444542"
"chr9","87429981","87430302","chr12","58894080","58894384","54","28535901"
"chr9","87458989","87459291","chr3","173226126","173226430","46","85767137"
"chr9","87504810","87505061","chrX","45766658","45766913","39","41738152"
"chr9","87557974","87558260","chrX","38305357","38305649","45","49252617"
"chr9","87787434","87787735","chr9","56773709","56774021","54","31013725"
"chr9","87862567","87862868","chr9","89235257","89235565","47","1372690"
"chr9","87969250","87969536","chr11","123468792","123469074","55","35499542"
"chr9","88327958","88328256","chr11","30807148","30807446","37","57520810"
"chr9","88351144","88351430","chr1","1510148","1510425","44","86840996"
"chr9","88362997","88363293","chr11","59744208","59744500","32","28618789"
"chr9","88371129","88371429","chr12","65544312","65544615","33","22826817"
"chr9","88417694","88417956","chr13","40107661","40107916","47","48310033"
"chr9","88451715","88452028","chr10","71296986","71297295","37","17154729"
"chr9","88490815","88491117","chr10","36806418","36806718","42","51684397"
"chr9","88514916","88515205","chr1","57946363","57946656","38","30568553"
"chr9","88518586","88518856","chr4","84429524","84429798","51","4089062"
"chr9","88556594","88556888","chr2","96826999","96827292","40","8270405"
"chr9","88558502","88558789","chr3","3812815","3813101","47","84745687"
"chr9","88583587","88583907","chr3","12603123","12603437","56","75980464"
"chr9","88600678","88600971","chrX","108069512","108069807","46","19468834"
"chr9","88617270","88617590","chrX","122095835","122096148","60","33478565"
"chr9","88633059","88633338","chr5","124585312","124585602","48","35952253"
"chr9","88635734","88636024","chr17","20945248","20945548","47","67690486"
"chr9","88644633","88644930","chr10","79154399","79154691","42","9490234"
"chr9","88649769","88650062","chr1","212719154","212719446","39","124069385"
"chr9","88665005","88665288","chr1","38935715","38936004","56","49729290"
"chr9","88742179","88742476","chr10","70335100","70335400","43","18407079"
"chr9","88886199","88886281","chr9","81123976","81124068","20","7762223"
"chr9","88890392","88890690","chr2","62500002","62500306","37","26390390"
"chr9","88983784","88984079","chr4","101596515","101596810","59","12612731"
"chr9","88996993","88997276","chr7","133065043","133065330","32","44068050"
"chr9","89045150","89045456","chr1","39013788","39014096","45","50031362"
"chr9","89191246","89191547","chr4","3145119","3145426","40","86046127"
"chr9","89640858","89641142","chr9","47248375","47248655","52","42392483"
"chr9","89726580","89726869","chrX","62948145","62948432","50","26778435"
"chr9","89923995","89924295","chr7","38013110","38013409","42","51910885"
"chr9","89943318","89943618","chr11","4016647","4016949","31","85926671"
"chr9","89949078","89949372","chr16","70619220","70619515","32","19329858"
"chr9","90085052","90085345","chr9","108574972","108575264","44","18489920"
"chr9","90172409","90172711","chr10","46007696","46008002","45","44164713"
"chr9","90188654","90188949","chr2","46682521","46682821","39","43506133"
"chr9","90202081","90202380","chr1","129877213","129877510","41","39675132"
"chr9","90223339","90223646","chrX","38891205","38891511","41","51332134"
"chr9","90231038","90231345","chr1","18204033","18204340","51","72027005"
"chr9","90287574","90287857","chr11","102137001","102137288","46","11849427"
"chr9","90296719","90296997","chr19","33221894","33222184","43","57074825"
"chr9","90297042","90297331","chr1","204813267","204813556","38","114516225"
"chr9","90334635","90334838","chr18","15685553","15685754","29","74649082"
"chr9","90358132","90358425","chr8","95960003","95960299","32","5601871"
"chr9","90403069","90403364","chr17","23859405","23859701","35","66543664"
"chr9","90404488","90404776","chr2","184580196","184580486","36","94175708"
"chr9","90530700","90530999","chr14","12565482","12565778","38","77965218"
"chr9","90586221","90586522","chr8","94958903","94959204","40","4372682"
"chr9","90621019","90621324","chr7","131341201","131341506","35","40720182"
"chr9","90690645","90690950","chr1","128114394","128114695","45","37423749"
"chr9","90724248","90724533","chr14","119229630","119229918","41","28505382"
"chr9","90880951","90881029","chr7","91008395","91008476","14","127444"
"chr9","90897048","90897188","chr1","129498511","129498647","27","38601463"
"chr9","91090583","91090873","chr14","111869477","111869767","34","20778894"
"chr9","91153106","91153415","chr19","7733512","7733824","41","83419594"
"chr9","91270006","91270299","chr20","66601699","66601991","46","24668307"
"chr9","91282838","91283129","chr14","108809734","108810035","38","17526896"
"chr9","91314113","91314369","chr11","7911759","7912023","50","83402354"
"chr9","91317989","91318286","chr13","32817425","32817728","28","58500564"
"chr9","91474493","91474777","chr10","28546528","28546812","58","62927965"
"chr9","91505746","91506037","chr1","94365322","94365615","46","2859576"
"chr9","91513496","91513809","chr2","172554797","172555106","40","81041301"
"chr9","91514835","91515145","chr1","128155382","128155688","33","36640547"
"chr9","91585933","91586231","chr10","46893774","46894064","48","44692159"
"chr9","91598926","91599223","chr18","48176114","48176407","38","43422812"
"chr9","91629672","91629956","chr9","93552709","93552987","54","1923037"
"chr9","91742846","91743105","chr7","107333554","107333796","63","15590708"
"chr9","91755470","91755759","chr1","27049382","27049672","35","64706088"
"chr9","91826835","91827141","chr10","64805632","64805934","44","27021203"
"chr9","91897948","91898186","chr4","26677198","26677429","42","65220750"
"chr9","91936508","91936775","chr2","100062378","100062646","39","8125870"
"chr9","91954926","91955222","chr1","11912016","11912323","38","80042910"
"chr9","91976241","91976544","chr4","96657965","96658269","44","4681724"
"chr9","91992224","91992504","chr7","111089387","111089666","54","19097163"
"chr9","92007732","92008018","chr1","196495860","196496151","45","104488128"
"chr9","92025856","92026146","chr3","44207119","44207413","41","47818737"
"chr9","92047269","92047561","chr15","35190462","35190761","34","56856807"
"chr9","92112881","92113172","chr16","16814507","16814801","40","75298374"
"chr9","92450533","92450824","chr7","117030480","117030769","40","24579947"
"chr9","92489133","92489351","chr7","121329046","121329267","34","28839913"
"chr9","92585181","92585474","chr7","33668477","33668774","43","58916704"
"chr9","92587662","92587908","chr8","27292776","27293017","47","65294886"
"chr9","92692709","92693011","chr14","7612816","7613116","40","85079893"
"chr9","92729907","92730208","chr15","53990850","53991154","40","38739057"
"chr9","92783434","92783741","chr4","100335145","100335457","40","7551711"
"chr9","92913250","92913536","chr16","51038207","51038499","39","41875043"
"chr9","93169872","93170163","chr1","212725556","212725849","41","119555684"
"chr9","93331875","93332174","chr8","31425380","31425680","44","61906495"
"chr9","93418551","93418844","chr16","73103748","73104042","36","20314803"
"chr9","93440464","93440748","chr1","16030313","16030572","63","77410151"
"chr9","93456027","93456341","chr2","86023611","86023917","47","7432416"
"chr9","93635456","93635739","chr4","10337240","10337517","52","83298216"
"chr9","93646215","93646505","chr19","31681104","31681401","59","61965111"
"chr9","93721935","93722215","chrX","139100323","139100604","43","45378388"
"chr9","93759071","93759268","chr2","128514925","128515105","44","34755854"
"chr9","93870551","93870848","chr7","25060372","25060670","42","68810179"
"chr9","93915198","93915495","chr4","130615568","130615870","36","36700370"
"chr9","93925638","93925948","chr3","12603123","12603437","41","81322515"
"chr9","94007003","94007300","chr6","142572268","142572563","35","48565265"
"chr9","94029065","94029352","chr6","165329904","165330188","35","71300839"
"chr9","94052476","94052770","JH682036","358126","358421","29","93694350"
"chr9","94068796","94069065","chr9","18328797","18329066","34","75739999"
"chr9","94096272","94096557","chr12","93108642","93108929","45","987630"
"chr9","94111216","94111496","chr3","55468324","55468603","42","38642892"
"chr9","94144816","94145118","chr16","25489422","25489726","43","68655394"
"chr9","94151149","94151436","chr1","42476755","42477044","38","51674394"
"chr9","94162422","94162729","chr13","99744879","99745185","44","5582457"
"chr9","94173762","94173892","chr20","26057234","26057363","24","68116528"
"chr9","94174080","94174233","chr10","13190514","13190657","32","80983566"
"chr9","94191080","94191367","chr1","85450489","85450784","39","8740591"
"chr9","94198690","94199001","chr11","11755747","11756048","45","82442943"
"chr9","94236109","94236405","chr7","90971726","90972022","36","3264383"
"chr9","94267471","94267578","chr1","48431450","48431560","27","45836021"
"chr9","94268041","94268116","chr8","111543246","111543316","27","17275205"
"chr9","94268425","94268562","chr2","3265689","3265825","25","91002736"
"chr9","94269852","94270144","chr4","103711473","103711761","43","9441621"
"chr9","94271527","94271797","chr11","7911759","7912023","42","86359768"
"chr9","94320260","94320554","chr4","13663992","13664285","39","80656268"
"chr9","94320574","94320883","chr4","104321238","104321544","41","10000664"
"chr9","94357682","94357762","chr3","124467467","124467551","15","30109785"
"chr9","94358667","94358799","chr19","44352064","44352192","16","50006603"
"chr9","94359905","94360190","chr10","62315260","62315548","30","32044645"
"chr9","94391220","94391586","chr2","83821335","83821689","83","10569885"
"chr9","94486076","94486378","chr1","20012770","20013073","32","74473306"
"chr9","94490290","94490584","chr10","51131791","51132088","42","43358499"
"chr9","94558914","94559088","chr4","41818287","41818476","50","52740627"
"chr9","94562716","94562807","chr13","118454756","118454849","17","23892040"
"chr9","94563010","94563189","chr3","33323683","33323864","36","61239327"
"chr9","94696697","94697007","chr9","57835064","57835373","47","36861633"
"chr9","94819276","94819574","chr3","46329604","46329904","47","48489672"
"chr9","94854565","94854861","chr4","34843462","34843768","46","60011103"
"chr9","94953047","94953344","chr3","41462864","41463159","44","53490183"
"chr9","94962505","94962791","chr17","1103916","1104210","49","93858589"
"chr9","94981014","94981106","chr9","81123976","81124068","14","13857038"
"chr9","95003685","95004003","chr14","70752631","70752941","47","24251054"
"chr9","95076837","95077134","chr19","3064712","3065012","40","92012125"
"chr9","95081362","95081645","chr2","78566867","78567163","46","16514495"
"chr9","95137587","95137868","chrX","139100323","139100604","35","43962736"
"chr9","95188056","95188350","chrX","12231162","12231460","33","82956894"
"chr9","95233954","95234253","chr9","110752806","110753103","43","15518852"
"chr9","95281305","95281614","chr11","33968956","33969265","37","61312349"
"chr9","95289861","95290173","chr3","176270327","176270634","48","80980466"
"chr9","95307543","95307854","chr19","30662188","30662498","34","64645355"
"chr9","95496892","95497181","chr10","62613928","62614216","34","32882964"
"chr9","95649490","95649781","chr10","62613928","62614216","34","33035562"
"chr9","95730533","95730832","chr11","44597420","44597716","35","51133113"
"chr9","95752751","95753059","chr6","147461402","147461710","48","51708651"
"chr9","96180549","96180849","chr7","90971726","90972022","40","5208823"
"chr9","96269767","96270066","chr19","3064712","3065012","30","93205055"
"chr9","96283563","96283867","chr2","46682521","46682821","39","49601042"
"chr9","96314639","96314934","chr6","120240611","120240904","41","23925972"
"chr9","96320644","96320953","chr16","29545554","29545857","42","66775090"
"chr9","96349271","96349563","chr14","112793064","112793355","37","16443793"
"chr9","96362765","96363048","chr9","66802776","66803056","45","29559989"
"chr9","96402726","96403015","chrX","38693016","38693309","39","57709710"
"chr9","96500701","96500999","chr7","90971726","90972022","45","5528975"
"chr9","96556778","96557004","chr7","72781286","72781517","39","23775492"
"chr9","96599126","96599420","chr1","19736141","19736436","33","76862985"
"chr9","96634465","96634620","chr1","123784024","123784177","30","27149559"
"chr9","96643897","96644147","chr11","105810630","105810876","33","9166733"
"chr9","96710063","96710358","chr19","48788709","48789002","50","47921354"
"chr9","96926342","96926642","chr9","89169355","89169655","38","7756987"
"chr9","97049087","97049379","chr15","1988979","1989274","36","95060108"
"chr9","97089135","97089365","chr7","121329046","121329267","31","24239911"
"chr9","97095021","97095330","chr1","138374356","138374660","43","41279335"
"chr9","97152273","97152565","chr7","120310502","120310798","29","23158229"
"chr9","97191432","97191700","chr3","39281112","39281388","38","57910320"
"chr9","97192009","97192308","chr4","3588537","3588838","34","93603472"
"chr9","97259885","97260183","chr2","84844754","84845049","44","12415131"
"chr9","97358396","97358713","chr5","170875139","170875447","58","73516743"
"chr9","97373543","97373826","chr4","31083851","31084133","40","66289692"
"chr9","97435039","97435341","chr11","114923633","114923926","44","17488594"
"chr9","97484799","97485100","chr7","18741876","18742175","45","78742923"
"chr9","97509068","97509358","chr4","79217053","79217354","51","18292015"
"chr9","97552645","97552944","chr15","7561500","7561795","44","89991145"
"chr9","97699311","97699619","chr1","208230438","208230739","46","110531127"
"chr9","97713898","97714178","chr10","50865507","50865792","49","46848391"
"chr9","97727019","97727331","chr10","16049988","16050292","39","81677031"
"chr9","97747659","97747962","chr2","96239962","96240258","46","1507697"
"chr9","97749912","97750220","chr5","81950527","81950835","40","15799385"
"chr9","97785718","97786005","chr13","23010864","23011159","52","74774854"
"chr9","97977034","97977333","chr8","137011105","137011400","45","39034071"
"chr9","98196993","98197272","chr11","95761683","95761964","36","2435310"
"chr9","98486653","98486945","chr7","48694397","48694696","46","49792256"
"chr9","98509832","98510136","chr3","151172944","151173250","55","52663112"
"chr9","98545397","98545699","chr10","20549883","20550183","48","77995514"
"chr9","98587676","98587965","chr6","128266238","128266531","47","29678562"
"chr9","98607949","98608173","chr7","121329046","121329267","39","22721097"
"chr9","98633610","98633892","chr10","27509342","27509618","47","71124268"
"chr9","98780134","98780431","chr6","124714488","124714790","40","25934354"
"chr9","98802133","98802433","chr2","44513923","44514220","31","54288210"
"chr9","98806090","98806347","chr9","8166421","8166686","55","90639669"
"chr9","98846886","98847181","chr19","30423161","30423462","43","68423725"
"chr9","98968223","98968518","chr18","54954890","54955184","37","44013333"
"chr9","98979167","98979462","chr1","19736141","19736436","40","79243026"
"chr9","98982418","98982721","chr10","29691322","29691619","41","69291096"
"chr9","99020877","99021044","chr13","30956781","30956950","23","68064096"
"chr9","99026801","99027089","chr12","63888908","63889203","50","35137893"
"chr9","99032413","99032707","chr7","90971726","90972022","42","8060687"
"chr9","99113462","99113763","chr12","33900333","33900627","36","65213129"
"chr9","99249529","99249835","chr1","79156873","79157177","42","20092656"
"chr9","99333037","99333345","chr1","185101023","185101330","33","85767986"
"chr9","99416176","99416443","chr4","79455473","79455733","39","19960703"
"chr9","99490638","99490951","chr9","7025626","7025918","58","92465012"
"chr9","99546092","99546382","chr5","52449180","52449473","34","47096912"
"chr9","99611427","99611715","chr12","11131478","11131777","51","88479949"
"chr9","99647469","99647765","chr15","104640995","104641295","34","4993526"
"chr9","99831509","99831590","chr8","97793898","97793981","16","2037611"
"chr9","99832028","99832090","chr6","49281215","49281267","25","50550813"
"chr9","99832377","99832525","chr10","13190514","13190657","34","86641863"
"chr9","99916862","99917168","chr2","126433678","126433974","48","26516816"
"chr9","99938194","99938510","chr5","34541386","34541695","47","65396808"
"chr9","99997091","99997396","chr7","150944739","150945043","36","50947648"
"chr9","100024897","100025184","chr11","123468792","123469074","38","23443895"
"chr9","100028450","100028736","chr7","116541236","116541527","43","16512786"
"chr9","100050179","100050476","chr17","50740419","50740714","32","49309760"
"chr9","100056329","100056581","chr6","161525268","161525536","44","61468939"
"chr9","100082408","100082700","chr17","86188673","86188966","42","13893735"
"chr9","100109000","100109297","chr6","142572268","142572563","34","42463268"
"chr9","100117266","100117552","chr7","18532501","18532788","45","81584765"
"chr9","100127850","100128163","chrX","38891205","38891511","39","61236645"
"chr9","100186444","100186741","chr3","46066285","46066580","36","54120159"
"chr9","100187145","100187451","chr1","114141291","114141594","36","13954146"
"chr9","100198619","100198910","chr6","167583282","167583575","49","67384663"
"chr9","100210976","100211104","chr3","82623499","82623631","24","17587477"
"chr9","100219158","100219457","chr2","44513923","44514220","40","55705235"
"chr9","100240599","100240904","chr7","52736490","52736780","50","47504109"
"chr9","100259559","100259856","chr19","46819355","46819658","50","53440204"
"chr9","100299361","100299659","chr6","124946544","124946841","36","24647183"
"chr9","100301798","100302088","chr11","88966345","88966635","35","11335453"
"chr9","100303690","100303999","chr1","123829563","123829868","36","23525873"
"chr9","100318182","100318482","chr4","82945647","82945940","39","17372535"
"chr9","100332310","100332616","chr2","143365330","143365630","40","43033020"
"chr9","100363470","100363764","chr1","164035243","164035540","45","63671773"
"chr9","100374259","100374526","chr11","95257281","95257563","45","5116978"
"chr9","100427008","100427288","chr6","51475431","51475711","41","48951577"
"chr9","100453003","100453298","chr4","36454653","36454949","44","63998350"
"chr9","100462916","100463203","chr7","133065043","133065330","31","32602127"
"chr9","100468287","100468580","chr11","59744208","59744500","34","40724079"
"chr9","100477324","100477624","chr4","31928114","31928408","46","68549210"
"chr9","100499356","100499662","chr15","88475091","88475399","46","12024265"
"chr9","100528030","100528290","chr11","59745076","59745331","44","40782954"
"chr9","100552300","100552604","chrX","138944321","138944620","55","38392021"
"chr9","100558466","100558758","chr6","171557754","171558039","50","70999288"
"chr9","100568340","100568646","chr1","7993999","7994304","34","92574341"
"chr9","100584739","100585041","chr13","32817425","32817728","33","67767314"
"chr9","100586007","100586300","chr9","7025626","7025918","36","93560381"
"chr9","100587572","100587867","chr9","94359763","94360052","44","6227809"
"chr9","100588140","100588445","chr1","30886272","30886580","54","69701868"
"chr9","100635607","100635913","chr1","39680927","39681223","34","60954680"
"chr9","100638382","100638657","chr2","135177745","135178021","44","34539363"
"chr9","100654494","100654756","chr2","138111438","138111703","35","37456944"
"chr9","100664129","100664435","chr16","15788944","15789248","39","84875185"
"chr9","100673917","100674143","chr15","29611756","29611978","30","71062161"
"chr9","100688904","100689025","chr5","154301516","154301636","15","53612612"
"chr9","100692520","100692816","chr16","40654045","40654340","36","60038475"
"chr9","100713942","100714226","chr1","2024037","2024322","44","98689905"
"chr9","100752016","100752314","chr3","8737956","8738254","51","92014060"
"chr9","100765801","100766105","chr15","39862913","39863221","43","60902888"
"chr9","100780173","100780465","chr11","84441205","84441494","46","16338968"
"chr9","100807148","100807398","chr4","162305040","162305294","41","61497892"
"chr9","100823812","100824117","chr13","99722238","99722539","37","1101574"
"chr9","100849227","100849510","chr7","151203849","151204133","46","50354622"
"chr9","100862367","100862672","chr16","11126268","11126568","37","89736099"
"chr9","100901273","100901483","chr2","89593102","89593311","35","11308171"
"chr9","100925472","100925734","chr19","15854184","15854459","47","85071288"
"chr9","100940824","100941126","chr5","89929633","89929935","48","11011191"
"chr9","100948068","100948376","chr13","23501079","23501388","32","77446989"
"chr9","101002916","101003213","chr1","67368758","67369056","42","33634158"
"chr9","101007077","101007155","chr4","161092112","161092188","20","60085035"
"chr9","101015964","101016268","chr8","94958903","94959204","34","6057061"
"chr9","101019682","101019985","chr11","98975431","98975741","48","2044251"
"chr9","101132554","101132842","chr9","7025626","7025918","40","94106928"
"chr9","101145397","101145674","chr1","190242284","190242563","51","89096887"
"chr9","101288747","101289043","chr10","59879761","59880065","41","41408986"
"chr9","101469688","101469985","chr17","4485337","4485633","43","96984351"
"chr9","101520378","101520493","chr5","90175505","90175623","30","11344873"
"chr9","101521133","101521215","chr7","37692874","37692959","8","63828259"
"chr9","101553742","101554048","chr2","102989050","102989349","40","1435308"
"chr9","101563126","101563291","chr3","160475378","160475553","30","58912252"
"chr9","101570252","101570553","chr4","132287893","132288193","42","30717641"
"chr9","101572273","101572571","chr2","46682521","46682821","46","54889752"
"chr9","101596745","101597028","chr6","165329904","165330188","43","63733159"
"chr9","101624479","101624761","chr10","87129663","87129949","43","14494816"
"chr9","101660742","101661026","chr1","163039410","163039702","35","61378668"
"chr9","101709703","101709991","chr14","111869477","111869767","36","10159774"
"chr9","101762604","101762904","chrX","9996778","9997082","42","91765826"
"chr9","101781696","101781994","chr1","53988770","53989067","33","47792926"
"chr9","101797160","101797442","chr1","56231804","56232091","43","45565356"
"chr9","101803087","101803395","chr7","66532750","66533055","52","35270337"
"chr9","101807321","101807579","chr7","125141660","125141921","41","23334339"
"chr9","101831418","101831582","chr6","165562719","165562880","34","63731301"
"chr9","101845766","101846119","chr13","26187058","26187394","74","75658708"
"chr9","101852206","101852504","chr4","75723216","75723521","42","26128990"
"chr9","101860632","101860886","chr18","50874536","50874793","44","50986096"
"chr9","101895380","101895667","chr12","98300764","98301051","41","3594616"
"chr9","101897787","101898083","chr3","3739621","3739925","49","98158166"
"chr9","101915581","101915873","chr4","154002404","154002699","41","52086823"
"chr9","101919630","101919762","chr12","35183459","35183592","27","66736171"
"chr9","101920268","101920428","chrX","25848795","25848947","26","76071473"
"chr9","101920470","101920745","chr16","2090775","2091048","43","99829695"
"chr9","102013757","102013853","chr3","78022612","78022705","14","23991145"
"chr9","102016458","102016748","chr11","124599573","124599865","41","22583115"
"chr9","102093845","102094124","chr2","149510146","149510426","50","47416301"
"chr9","102095114","102095400","chr6","150565896","150566187","53","48470782"
"chr9","102199181","102199477","chr13","32817425","32817728","32","69381756"
"chr9","102201756","102202050","chr13","32325637","32325935","33","69876119"
"chr9","102266494","102266787","chr1","11366377","11366670","40","90900117"
"chr9","102273110","102273272","chr14","9667615","9667777","26","92605495"
"chr9","102273407","102273717","chr14","32004749","32005058","30","70268658"
"chr9","102278993","102279280","chr1","42476755","42477044","36","59802238"
"chr9","102319880","102320176","chr15","7561500","7561795","38","94758380"
"chr9","102323864","102324138","chr16","1630024","1630299","33","100693840"
"chr9","102344042","102344337","chr8","134025560","134025857","45","31681518"
"chr9","102346266","102346506","chr18","71908745","71908980","27","30437521"
"chr9","102348607","102348894","chr9","7025626","7025918","35","95322981"
"chr9","102373149","102373446","chr4","25555537","25555833","49","76817612"
"chr9","102382685","102382983","chrX","127952408","127952701","46","25569723"
"chr9","102416576","102416903","chr10","32712928","32713226","79","69703648"
"chr9","102417968","102418262","chr20","54767706","54767999","45","47650262"
"chr9","102425590","102425885","chr4","32871781","32872078","39","69553809"
"chr9","102435102","102435392","chr4","31017666","31017967","43","71417436"
"chr9","102436522","102436826","chr2","129299048","129299336","60","26862526"
"chr9","102459596","102459889","chr9","7025626","7025918","30","95433970"
"chr9","102559375","102559681","chr13","32817425","32817728","32","69741950"
"chr9","102565883","102566205","chr1","178931782","178932092","51","76365899"
"chr9","102569019","102569328","chr3","69228301","69228608","46","33340718"
"chr9","102602742","102603038","chr1","65662451","65662746","37","36940291"
"chr9","102631314","102631617","chr12","51845288","51845587","36","50786026"
"chr9","102641150","102641455","chrX","51053803","51054107","43","51587347"
"chr9","102649315","102649556","chr17","86152646","86152902","56","16496669"
"chr9","102662599","102662898","chr1","124250793","124251086","42","21588194"
"chr9","102665277","102665558","chr2","130457201","130457479","53","27791924"
"chr9","102674843","102675129","chr7","76702865","76703162","48","25971978"
"chr9","102683743","102684033","chr2","178187197","178187490","39","75503454"
"chr9","102685930","102686224","chr12","44683851","44684154","44","58002079"
"chr9","102690707","102690984","chr6","65357727","65358016","53","37332980"
"chr9","102698343","102698643","chr19","3064712","3065012","38","99633631"
"chr9","102702027","102702324","chr15","96580345","96580648","49","6121682"
"chr9","102705771","102706058","chr18","48879710","48879982","58","53826061"
"chr9","102708823","102709120","chr12","35031886","35032181","32","67676937"
"chr9","102711422","102711787","chrX","129135364","129135718","94","26423942"
"chr9","102722549","102722854","chr13","32817425","32817728","35","69905124"
"chr9","102747410","102747745","chr15","38122470","38122781","59","64624940"
"chr9","102754027","102754313","chr16","21639667","21639964","51","81114360"
"chr9","102790430","102790717","chr12","98300764","98301051","35","4489666"
"chr9","102802656","102802991","chr6","132404710","132405031","70","29602054"
"chr9","102964111","102964403","chr1","158815913","158816209","43","55851802"
"chr9","103044967","103045274","chr2","50272353","50272660","50","52772614"
"chr9","103142663","103142956","chr6","120377655","120377955","41","17234992"
"chr9","103263558","103263845","chr20","54767706","54767999","38","48495852"
"chr9","103299429","103299719","chr9","7025626","7025918","35","96273803"
"chr9","103384482","103384779","chr1","212841578","212841874","35","109457096"
"chr9","103430990","103431264","chr7","42231932","42232192","57","61199058"
"chr9","103445265","103445549","chr2","104291060","104291346","39","845795"
"chr9","103496936","103497204","chr1","161851733","161852013","43","58354797"
"chr9","103503552","103503862","chr13","87769038","87769348","39","15734514"
"chr9","103587775","103588071","chr3","43641513","43641809","42","59946262"
"chr9","103669529","103669812","chr6","120240611","120240904","45","16571082"
"chr9","103675513","103675575","chr20","26326682","26326744","21","77348831"
"chr9","103714452","103714763","chr8","28037586","28037897","40","75676866"
"chr9","103729696","103729994","chr3","171382925","171383221","40","67653229"
"chr9","103750808","103751103","chr11","4016647","4016949","35","99734161"
"chr9","104031132","104031463","chr2","187337684","187338002","56","83306552"
"chr9","104053558","104053859","chr1","158717246","158717547","35","54663688"
"chr9","104172894","104173216","chr13","102959633","102959942","44","1213261"
"chr9","104446166","104446507","chr15","29147160","29147500","68","75299006"
"chr9","104843265","104843481","chr11","14184781","14184995","36","90658484"
"chr9","105025826","105026103","chr3","60342878","60343154","42","44682948"
"chr9","105041437","105041657","chr5","89625548","89625767","51","15415889"
"chr9","105048624","105048918","chrX","20846410","20846706","35","84202214"
"chr9","105054074","105054380","chr1","7993999","7994304","34","97060075"
"chr9","105100806","105101105","chr17","11233722","11234024","36","93867084"
"chr9","105103755","105104045","chr16","3687263","3687550","44","101416492"
"chr9","105229949","105230262","chr6","31848911","31849235","69","73381038"
"chr9","105232794","105233084","chr7","151875230","151875517","46","46642436"
"chr9","105260306","105260557","chr20","23378215","23378467","47","81882091"
"chr9","105285267","105285575","chr3","139457691","139458000","44","34172424"
"chr9","105498848","105499146","chr3","45626371","45626668","32","59872477"
"chr9","105793015","105793241","chr8","76100671","76100906","52","29692344"
"chr9","105837224","105837511","chr6","142572268","142572563","36","36735044"
"chr9","105886191","105886496","chr7","79162591","79162900","38","26723600"
"chr9","105942368","105942681","chr11","33968956","33969265","41","71973412"
"chr9","105992615","105992915","chr13","125134336","125134638","40","19141721"
"chr9","106037268","106037530","chr2","48632986","48633256","48","57404282"
"chr9","106170481","106170745","chr16","61976090","61976357","35","44194391"
"chr9","106412044","106412327","chr6","144918364","144918646","38","38506320"
"chr9","106425572","106425855","chr7","52736490","52736780","43","53689082"
"chr9","106459575","106459724","chr7","68766471","68766618","14","37693104"
"chr9","106553547","106553838","chr9","7025626","7025918","42","99527921"
"chr9","106618184","106618481","chrX","124913837","124914132","43","18295653"
"chr9","106621672","106621959","chr11","59744208","59744500","39","46877464"
"chr9","106662481","106662782","chr15","41670290","41670593","46","64992191"
"chr9","106668136","106668428","chr11","111381412","111381705","35","4713276"
"chr9","106697404","106697694","chr6","52480201","52480494","42","54217203"
"chr9","106699251","106699545","chr15","38991290","38991585","42","67707961"
"chr9","106762925","106763230","chr20","15902608","15902911","36","90860317"
"chr9","106768429","106768721","chr6","142572268","142572563","44","35803839"
"chr9","106778053","106778356","chr5","56973726","56974023","46","49804327"
"chr9","106811727","106812010","chr14","119229630","119229918","51","12417903"
"chr9","106823856","106824155","chr4","102546701","102547003","43","4277155"
"chr9","106950990","106951300","chr3","125003232","125003535","39","18052242"
"chr9","106979600","106979886","chr3","152822996","152823281","39","45843396"
"chr9","107006556","107006852","chr8","118421988","118422286","44","11415432"
"chr9","107014564","107014880","chr17","8929510","8929818","51","98085054"
"chr9","107018941","107019239","chr1","946135","946434","31","106072806"
"chr9","107021526","107021822","chr20","19191326","19191624","44","87830200"
"chr9","107031286","107031591","chr1","7993999","7994304","37","99037287"
"chr9","107043932","107044231","chr16","21639667","21639964","41","85404265"
"chr9","107045791","107046080","chrX","112314689","112314977","42","5268898"
"chr9","107049928","107050233","chrX","90821322","90821629","33","16228606"
"chr9","107050769","107051068","chr4","25555537","25555833","39","81495232"
"chr9","107079009","107079301","chr16","45919427","45919715","42","61159582"
"chr9","107123552","107123855","chr16","20855632","20855942","53","86267920"
"chr9","107146003","107146312","chr9","61900736","61901039","42","45245267"
"chr9","107151286","107151566","chr11","46126255","46126535","38","61025031"
"chr9","107185351","107185652","chr6","124714488","124714790","41","17529137"
"chr9","107187381","107187683","chr10","19896335","19896635","44","87291046"
"chr9","107211549","107211775","chr5","117645521","117645753","33","10433972"
"chr9","107287499","107287786","chr4","107911095","107911379","51","623596"
"chr9","107288230","107288350","chr3","98090890","98091001","22","9197340"
"chr9","107340234","107340534","chr2","99203385","99203688","49","8136849"
"chr9","107348578","107348854","chr4","134157189","134157460","45","26808611"
"chr9","107354634","107354918","chr4","20045092","20045381","41","87309542"
"chr9","107360918","107361104","chr16","42555933","42556119","34","64804985"
"chr9","107376619","107376918","chr2","74341346","74341647","52","33035273"
"chr9","107398802","107399066","chr1","101699440","101699709","44","5699362"
"chr9","107454123","107454416","chr11","116100247","116100545","36","8646124"
"chr9","107454602","107454890","chr7","125891671","125891962","40","18437069"
"chr9","107485865","107486173","chr11","60659295","60659600","41","46826570"
"chr9","107507529","107507759","chr13","22875183","22875410","37","84632346"
"chr9","107551830","107552132","chr13","127667327","127667627","38","20115497"
"chr9","107574208","107574478","chrX","62948145","62948432","55","44626063"
"chr9","107586637","107586944","chr2","29153751","29154055","39","78432886"
"chr9","107724734","107725025","chr7","151979566","151979860","47","44254832"
"chr9","107760196","107760455","chr2","82319059","82319320","51","25441137"
"chr9","107789274","107789571","chr8","133745207","133745502","41","25955933"
"chr9","107793796","107794095","chr12","92550398","92550707","44","15243398"
"chr9","107809481","107809773","chr20","5343907","5344203","38","102465574"
"chr9","107817996","107818294","chr11","120626708","120626998","41","12808712"
"chr9","107823007","107823306","chr7","16206849","16207148","34","91616158"
"chr9","107833425","107833736","chr4","56503347","56503657","38","51330078"
"chr9","107836400","107836708","chr1","55023211","55023521","39","52813189"
"chr9","107854088","107854389","chr3","124597695","124597995","40","16743607"
"chr9","107860869","107861126","chr11","117381875","117382141","42","9521006"
"chr9","107864512","107864812","chr5","56973726","56974023","40","50890786"
"chr9","107871223","107871517","chr3","98190129","98190426","33","9681094"
"chr9","108058970","108059276","chr14","53927134","53927436","39","54131836"
"chr9","108155829","108156107","chr12","69842458","69842741","44","38313371"
"chr9","108220741","108221114","chr12","9073090","9073431","93","99147651"
"chr9","108280869","108281001","chr7","158766504","158766640","20","50485635"
"chr9","108402565","108402877","chr10","71767444","71767750","45","36635121"
"chr9","108408154","108408452","chr20","47840345","47840639","39","60567809"
"chr9","108414183","108414486","chr2","165076345","165076646","41","56662162"
"chr9","108430609","108430908","chr6","10235231","10235527","38","98195378"
"chr9","108475290","108475593","chr15","35190462","35190761","50","73284828"
"chr9","108477629","108477908","chr7","146845387","146845677","54","38367758"
"chr9","108503008","108503240","chr1","100959718","100959948","40","7543290"
"chr9","108544590","108544871","chr12","22795463","22795749","50","85749127"
"chr9","108552864","108553170","chr14","15767758","15768063","39","92785106"
"chr9","108553182","108553417","chr6","60093607","60093840","43","48459575"
"chr9","108636736","108637042","chr5","34488672","34488979","34","74148064"
"chr9","108637991","108638290","chr17","20945248","20945548","30","87692743"
"chr9","108651443","108651728","chr16","39535128","39535419","35","69116315"
"chr9","108656208","108656514","chr6","124714488","124714790","38","16058280"
"chr9","108673419","108673701","chr4","79455473","79455733","64","29217946"
"chr9","108740329","108740636","chrX","108265263","108265568","53","475066"
"chr9","108740839","108741139","chr11","3653031","3653328","38","105087808"
"chr9","108743354","108743644","chr6","58782342","58782632","44","49961012"
"chr9","108756519","108756828","chr9","104127669","104127981","44","4628850"
"chr9","108759990","108760294","chr4","132287893","132288193","33","23527903"
"chr9","108763006","108763312","chr19","38380685","38380981","42","70382321"
"chr9","108773994","108774318","chr1","1234974","1235297","43","107539020"
"chr9","108780049","108780345","chr1","184288081","184288385","38","75508032"
"chr9","108792632","108792924","chr11","59744208","59744500","30","49048424"
"chr9","108818709","108818983","chr16","3687263","3687550","53","105131446"
"chr9","108826828","108827114","chr12","69972996","69973280","39","38853832"
"chr9","108831368","108831668","chr18","12269702","12269996","31","96561666"
"chr9","108843626","108843932","chr10","16049988","16050292","35","92793638"
"chr9","108845469","108845772","chr14","55814418","55814719","41","53031051"
"chr9","108902734","108903031","chr4","111697334","111697630","44","2794600"
"chr9","108974340","108974653","chr16","57176682","57176993","32","51797658"
"chr9","108977012","108977320","chr2","106418670","106418975","46","2558342"
"chr9","108983592","108983906","chr4","103942747","103943051","47","5040845"
"chr9","109003701","109004016","chr11","83855357","83855661","53","25148344"
"chr9","109101159","109101450","chr1","161441521","161441811","40","52340362"
"chr9","109115303","109115619","chr10","72400856","72401155","53","36714447"
"chr9","109116635","109116939","chr14","53927134","53927436","42","55189501"
"chr9","109136215","109136493","chr15","98436053","98436336","41","10700162"
"chr9","109238332","109238632","chrX","112226407","112226706","37","2988075"
"chr9","109244681","109244951","chr7","51484585","51484848","51","57760096"
"chr9","109368654","109368945","chr17","86188673","86188966","32","23179981"
"chr9","109373083","109373363","chr18","5551612","5551893","39","103821471"
"chr9","109397655","109397933","chr10","78161594","78161885","49","31236061"
"chr9","109399733","109399977","chr14","108589973","108590234","50","809760"
"chr9","109442192","109442508","chr5","81950527","81950835","45","27491665"
"chr9","109475255","109475567","chr1","123960970","123961279","43","14485715"
"chr9","109511433","109511733","chr6","173068926","173069228","35","63557493"
"chr9","109802617","109802918","chr9","88996125","88996429","38","20806492"
"chr9","109937279","109937591","chrX","30611846","30612153","38","79325433"
"chr9","110040489","110040802","chr7","49324027","49324336","46","60716462"
"chr9","110098674","110098916","chr16","58972818","58973067","40","51125856"
"chr9","110106463","110106763","chr11","58035977","58036271","43","52070486"
"chr9","110113177","110113494","chr14","100354114","100354437","51","9759063"
"chr9","110269819","110270121","chr16","2639048","2639357","43","107630771"
"chr9","110287389","110287654","chr3","11956640","11956890","50","98330749"
"chr9","110351098","110351391","chr15","95537102","95537383","49","14813996"
"chr9","110421650","110421918","chr6","14908506","14908785","51","95513144"
"chr9","110491973","110492268","chr4","10828530","10828827","44","99663443"
"chr9","110499622","110499912","chr3","67840688","67840977","44","42658934"
"chr9","110605214","110605514","chr4","66020231","66020526","50","44584983"
"chr9","110681407","110681704","chr11","49348057","49348353","37","61333350"
"chr9","110683181","110683249","chr10","82020402","82020474","13","28662779"
"chr9","110694915","110695211","chr1","129877213","129877510","44","19182298"
"chr9","110702320","110702629","chr6","124714488","124714790","40","14012168"
"chr9","110728848","110729017","chr5","139578027","139578202","22","28849179"
"chr9","110741253","110741549","chr15","1988979","1989274","41","108752274"
"chr9","110784573","110784874","chr1","124840482","124840785","57","14055909"
"chr9","110834208","110834555","chr19","34684746","34685074","60","76149462"
"chr9","110884811","110885094","chr11","12597992","12598282","45","98286819"
"chr9","110899097","110899394","chr3","151336195","151336483","48","40437098"
"chr9","110909274","110909565","chr6","160166962","160167251","38","49257688"
"chr9","110940794","110941091","chr1","143220195","143220493","38","32279401"
"chr9","110944827","110944954","chr3","82623499","82623631","18","28321328"
"chr9","111010797","111011092","chr6","153533586","153533879","45","42522789"
"chr9","111052047","111052213","chr11","50101895","50102056","26","60950152"
"chr9","111074311","111074607","chr4","82945647","82945940","34","28128664"
"chr9","111097872","111098158","chr19","48620293","48620583","43","62477579"
"chr9","111105298","111105604","chr3","171433882","171434189","38","60328584"
"chr9","111130140","111130429","chr6","84506535","84506829","51","26623605"
"chr9","111149114","111149409","chr7","18532501","18532788","44","92616613"
"chr9","111151201","111151491","chr3","120264577","120264869","44","9113376"
"chr9","111167125","111167414","chrX","134515872","134516158","38","23348747"
"chr9","111174042","111174335","chr6","132771815","132772114","42","21597773"
"chr9","111174341","111174604","chr1","160539547","160539811","39","49365206"
"chr9","111224138","111224438","chr1","20012770","20013073","37","91211368"
"chr9","111229266","111229441","chr2","147157565","147157723","49","35928299"
"chr9","111229786","111230035","chr14","114184730","114184983","35","2954944"
"chr9","111251705","111251837","chr4","18435769","18435906","29","92815936"
"chr9","111251839","111252014","chr6","36561576","36561750","37","74690263"
"chr9","111252119","111252209","chr6","87719322","87719409","19","23532797"
"chr9","111252213","111252390","chr6","93338412","93338592","31","17913801"
"chr9","111263905","111264030","chr7","151002857","151002999","43","39738952"
"chr9","111264135","111264221","chr4","161092112","161092188","18","49827977"
"chr9","111264229","111264412","chr2","128514925","128515105","27","17250696"
"chr9","111294366","111294648","chr11","119697974","119698260","36","8403608"
"chr9","111326285","111326578","chr1","7993999","7994304","38","103332286"
"chr9","111330899","111331106","chr1","130247835","130248045","32","18916936"
"chr9","111362892","111363189","chr3","46329604","46329904","43","65033288"
"chr9","111402904","111403212","chr5","171657301","171657602","50","60254397"
"chr9","111422664","111422894","chr5","113985586","113985812","38","2562922"
"chr9","111436898","111437196","chrX","108417930","108418234","49","3018968"
"chr9","111459978","111460318","chr3","39810411","39810728","81","71649567"
"chr9","111491575","111491711","chr4","30326591","30326725","19","81164984"
"chr9","111500953","111501229","chr6","143287549","143287823","46","31786596"
"chr9","111546000","111546293","chr11","132020081","132020383","37","20474081"
"chr9","111556046","111556327","chr14","21655489","21655772","41","89900557"
"chr9","111581371","111581676","chr2","56649143","56649449","32","54932228"
"chr9","111592252","111592441","chr7","11755482","11755669","32","99836770"
"chr9","111592499","111592623","chr15","78983417","78983543","22","32609082"
"chr9","111646597","111646908","JH682036","245846","246154","51","111400751"
"chr9","111685403","111685689","chr10","62315260","62315548","36","49370143"
"chr9","111708099","111708393","chr1","53376316","53376616","38","58331783"
"chr9","111734725","111735028","chr12","6943075","6943376","50","104791650"
"chr9","111743088","111743366","chr5","128960234","128960515","36","17217146"
"chr9","111749583","111749877","chr4","10828530","10828827","50","100921053"
"chr9","111757909","111758211","chr5","142954882","142955186","40","31196973"
"chr9","111762985","111763305","chrX","122095835","122096148","49","10332850"
"chr9","111763435","111763735","chr10","78814374","78814666","40","32949061"
"chr9","111773219","111773497","chr11","97924703","97924978","42","13848516"
"chr9","111782295","111782524","chr12","58284409","58284644","30","53497886"
"chr9","111788925","111789237","chr1","11025106","11025413","47","100763819"
"chr9","111791956","111792265","chr14","109223857","109224178","62","2568099"
"chr9","111799998","111800275","chr1","42476755","42477044","36","69323243"
"chr9","111824175","111824465","chrX","104277747","104278041","41","7546428"
"chr9","111841099","111841373","chr1","42476755","42477044","53","69364344"
"chr9","111864124","111864424","chr2","82586920","82587221","37","29277204"
"chr9","111889866","111890119","chr1","218251721","218251990","52","106361855"
"chr9","111898646","111898953","chr13","90441242","90441551","30","21457404"
"chr9","111992216","111992478","chr8","82026743","82027012","49","29965473"
"chr9","112017376","112017663","chr1","150983368","150983662","45","38965992"
"chr9","112060182","112060473","chr17","83808601","83808892","40","28251581"
"chr9","112126734","112126897","chr8","81051177","81051337","31","31075557"
"chr9","112142751","112143053","chr16","21958952","21959252","35","90183799"
"chr9","112145557","112145854","chr1","53988770","53989067","46","58156787"
"chr9","112146722","112147018","chr4","69347489","69347789","42","42799233"
"chr9","112147593","112147891","chr15","90437259","90437557","35","21710334"
"chr9","112149372","112149671","chr9","30302448","30302737","46","81846924"
"chr9","112170958","112171096","chr2","177049440","177049581","21","64878482"
"chr9","112179044","112179342","chr2","82586920","82587221","41","29592124"
"chr9","112187495","112187783","chr17","12226558","12226855","47","99960937"
"chr9","112225542","112225830","chr16","63276450","63276738","40","48949092"
"chr9","112245208","112245510","chr1","154447798","154448101","49","42202590"
"chr9","112259168","112259450","chr1","7460034","7460321","37","104799134"
"chr9","112270636","112270930","chr15","5688693","5688993","50","106581943"
"chr9","112297345","112297638","chr6","150717417","150717697","52","38420072"
"chr9","112322980","112323225","chr2","88599150","88599386","49","23723830"
"chr9","112345567","112345860","chr7","74553058","74553350","44","37792509"
"chr9","112352794","112353083","chr9","48158010","48158299","40","64194784"
"chr9","112379522","112379813","chr1","17338913","17339200","39","95040609"
"chr9","112385492","112385802","chr3","34969388","34969689","43","77416104"
"chr9","112393942","112394047","chr5","45923770","45923872","21","66470172"
"chr9","112395760","112396042","chr7","130020947","130021236","51","17625187"
"chr9","112401069","112401342","chr16","2090775","2091048","51","110310294"
"chr9","112409091","112409374","chr20","16830266","16830542","45","95578825"
"chr9","112415888","112416185","chr3","38447004","38447303","36","73968884"
"chr9","112449780","112450100","chrX","98850355","98850663","49","13599425"
"chr9","112471432","112471683","chr15","35980878","35981131","40","76490554"
"chr9","112485105","112485356","chr15","35980878","35981131","43","76504227"
"chr9","112486346","112486655","chr1","7993999","7994304","35","104492347"
"chr9","112510575","112510874","chr2","73832418","73832717","42","38678157"
"chr9","112528733","112529021","chr18","12240080","12240373","48","100288653"
"chr9","112545658","112545960","chr15","25883762","25884058","46","86661896"
"chr9","112563387","112563689","chr8","63274877","63275175","48","49288510"
"chr9","112577018","112577301","chr10","82748968","82749254","36","29828050"
"chr9","112579022","112579270","chr9","66292598","66292844","48","46286424"
"chr9","112599860","112600143","chr6","150478906","150479188","36","37879046"
"chr9","112608010","112608325","chr3","43694869","43695184","42","68913141"
"chr9","112610664","112610964","chr14","10551853","10552148","47","102058811"
"chr9","112612978","112613148","chr9","89074309","89074482","29","23538669"
"chr9","112630885","112631173","chr16","52653846","52654133","38","59977039"
"chr9","112633141","112633442","chr15","98914064","98914371","34","13719077"
"chr9","112659045","112659353","chr5","89929633","89929935","45","22729412"
"chr9","112697077","112697370","chr1","213946708","213947001","42","101249631"
"chr9","112734203","112734453","chr9","86410718","86410966","56","26323485"
"chr9","112767096","112767397","chr6","124714488","124714790","40","11947392"
"chr9","112768516","112768813","chr3","48298408","48298697","46","64470108"
"chr9","112782842","112783141","chr11","47924958","47925256","40","64857884"
"chr9","112791640","112791824","chr15","22365872","22366057","30","90425768"
"chr9","112795789","112796074","chr16","66850428","66850712","38","45945361"
"chr9","112805484","112805793","chr9","116907430","116907734","54","4101946"
"chr9","112806177","112806412","chr18","51009583","51009809","43","61796594"
"chr9","112820700","112821003","chr10","82852679","82853009","75","29968021"
"chr9","112829476","112829659","chr4","148721347","148721526","34","35891871"
"chr9","112831610","112831897","chr1","116754803","116755099","54","3923193"
"chr9","112832267","112832549","chr15","21464395","21464674","31","91367872"
"chr9","112835512","112835740","chr7","106517904","106518135","41","6317608"
"chr9","112837844","112838152","chr15","42637751","42638054","36","70200093"
"chr9","112842331","112842637","chr3","12603123","12603437","41","100239208"
"chr9","112846079","112846364","chr13","27690117","27690403","51","85155962"
"chr9","112847283","112847552","chr2","39029241","39029515","40","73818042"
"chr9","112849588","112849885","chr7","120310502","120310798","36","7460914"
"chr9","112885234","112885540","chr16","59553765","59554068","40","53331469"
"chr9","112916683","112916984","chr18","12989195","12989487","63","99927488"
"chr9","112924094","112924385","chr11","130887266","130887559","48","17963172"
"chr9","112930091","112930388","chr19","34660730","34661028","42","78269361"
"chr9","112933515","112933799","chr4","101392136","101392420","50","11541379"
"chr9","112944219","112944453","chr5","46053826","46054066","46","66890393"
"chr9","112947676","112947975","chr20","51745649","51745944","38","61202027"
"chr9","112948800","112949049","chr10","59588563","59588820","48","53360237"
"chr9","112958045","112958341","chr10","72400856","72401155","31","40557189"
"chr9","112992788","112993059","chr16","6939643","6939916","48","106053145"
"chr9","113007890","113008192","chr9","104638201","104638502","39","8369689"
"chr9","113024248","113024497","chr8","28282237","28282471","53","84742011"
"chr9","113025205","113025475","chrX","65477408","65477681","45","47547797"
"chr9","113031688","113031983","chr7","90971726","90972022","34","22059962"
"chr9","113064382","113064679","chr19","31374080","31374376","59","81690302"
"chr9","113077076","113077380","chr3","173964513","173964818","44","60887437"
"chr9","113094456","113094762","chr1","128155382","128155688","40","15060926"
"chr9","113127305","113127599","chrX","108424409","108424705","34","4702896"
"chr9","113133152","113133428","chr2","39029241","39029515","35","74103911"
"chr9","113170585","113170878","chr2","90241387","90241681","49","22929198"
"chr9","113193145","113193293","chr20","2251964","2252111","16","110941181"
"chr9","113234088","113234386","chr4","164956402","164956699","56","51722314"
"chr9","113254955","113255258","chr10","29306821","29307129","45","83948134"
"chr9","113256309","113256603","chr7","114822770","114823069","38","1566461"
"chr9","113258706","113258991","chrX","6681605","6681889","40","106577101"
"chr9","113263355","113263657","chr1","18852431","18852735","41","94410924"
"chr9","113279128","113279432","chr4","109455929","109456229","44","3823199"
"chr9","113289123","113289424","chr2","46682521","46682821","48","66606602"
"chr9","113313295","113313535","chr16","7079023","7079249","52","106234272"
"chr9","113316059","113316352","chr8","10102742","10103034","47","103213317"
"chr9","113329594","113329902","chr1","128155382","128155688","37","14825788"
"chr9","113365165","113365455","chr1","204813267","204813556","37","91448102"
"chr9","113374898","113375188","chr9","7025626","7025918","36","106349272"
"chr9","113380006","113380289","chr20","59595966","59596249","56","53784040"
"chr9","113395785","113396064","chr16","63276450","63276738","46","50119335"
"chr9","113396364","113396658","chr1","94365322","94365615","47","19031042"
"chr9","113398747","113399050","chr1","152528606","152528911","44","39129859"
"chr9","113407689","113407736","chr3","55457063","55457110","6","57950626"
"chr9","113409183","113409323","chr19","2125414","2125567","38","111283769"
"chr9","113445226","113445518","chr14","111877236","111877529","37","1567990"
"chr9","113451499","113451829","chr10","28184290","28184594","62","85267209"
"chr9","113451866","113452158","chr16","18796729","18797022","45","94655137"
"chr9","113468418","113468723","chr11","33968956","33969265","50","79499462"
"chr9","113484010","113484195","chr10","64082869","64083044","30","49401141"
"chr9","113486888","113487178","chr20","54767706","54767999","42","58719182"
"chr9","113507493","113507753","chr3","1997406","1997669","53","111510087"
"chr9","113531293","113531571","chr3","177583438","177583720","38","64052145"
"chr9","113540161","113540448","chr6","52480201","52480494","55","61059960"
"chr9","113544329","113544611","chr7","127242796","127243071","46","13698467"
"chr9","113560043","113560342","chr7","155237414","155237714","50","41677371"
"chr9","113566540","113566714","chr14","100823265","100823438","25","12743275"
"chr9","113575834","113576129","chr11","59744208","59744500","30","53831626"
"chr9","113595728","113596032","chr4","72786681","72786992","38","40809047"
"chr9","113625480","113625770","chr7","43191038","43191325","50","70434442"
"chr9","113630960","113631255","chr2","182502755","182503050","41","68871795"
"chr9","113640738","113641046","chr1","12504594","12504898","42","101136144"
"chr9","113648232","113648531","chr4","132287893","132288193","40","18639661"
"chr9","113674325","113674631","chr1","195161491","195161794","47","81487166"
"chr9","113684470","113684765","chr5","124585312","124585602","34","10900842"
"chr9","113690117","113690427","chr5","81950527","81950835","47","31739590"
"chr9","113694452","113694731","chr4","31083851","31084133","39","82610601"
"chr9","113708216","113708396","chr17","27682874","27683049","54","86025342"
"chr9","113708497","113708797","chr2","46682521","46682821","33","67025976"
"chr9","113756433","113756753","chr2","180065275","180065586","49","66308842"
"chr9","113817946","113818239","chr3","84953581","84953878","42","28864365"
"chr9","113818263","113818344","chr15","73356708","73356791","17","40461555"
"chr9","113819445","113819749","chr2","103636690","103636999","50","10182755"
"chr9","113826101","113826403","chr19","3064712","3065012","43","110761389"
"chr9","113829482","113829762","chr6","144918364","144918646","43","31088882"
"chr9","113875573","113875878","chr8","135220138","135220438","37","21344565"
"chr9","113939101","113939418","chr1","113917028","113917337","50","22073"
"chr9","113952975","113953267","chr1","57946363","57946656","50","56006612"
"chr9","113972025","113972340","chr11","36769212","36769521","40","77202813"
"chr9","113985793","113986069","chr3","103398952","103399243","45","10586841"
"chr9","114012131","114012421","chr16","70075116","70075402","33","43937015"
"chr9","114050809","114051101","chr9","31646265","31646560","36","82404544"
"chr9","114088713","114088990","chr8","70343541","70343824","42","43745172"
"chr9","114094625","114094924","chr10","14842702","14842998","49","99251923"
"chr9","114102325","114102633","chr1","114141291","114141594","46","38966"
"chr9","114102715","114103026","chr6","10144758","10145059","48","103957957"
"chr9","114108435","114108738","chr10","34284816","34285119","42","79823619"
"chr9","114109676","114109948","chr15","81658137","81658411","43","32451539"
"chr9","114136583","114136869","chr10","19348593","19348881","40","94787990"
"chr9","114144538","114144821","chr14","89019070","89019353","41","25125468"
"chr9","114165050","114165347","chr3","45626371","45626668","32","68538679"
"chr9","114166755","114167046","chr2","184580196","184580486","40","70413441"
"chr9","114175710","114175999","chr10","81177555","81177850","42","32998155"
"chr9","114193912","114194216","chr13","46894366","46894676","44","67299546"
"chr9","114220451","114220739","chr3","98190129","98190426","43","16030322"
"chr9","114236002","114236303","chr16","56574071","56574373","51","57661931"
"chr9","114243601","114243885","chr3","87609616","87609918","59","26633985"
"chr9","114245476","114245766","chr16","63276450","63276738","49","50969026"
"chr9","114261130","114261417","chr18","51047606","51047892","43","63213524"
"chr9","114266272","114266491","chr13","112980932","112981146","30","1285340"
"chr9","114274117","114274403","chr20","12900328","12900614","33","101373789"
"chr9","114288427","114288708","chrX","62948145","62948432","57","51340282"
"chr9","114305133","114305289","chr8","38124522","38124680","25","76180611"
"chr9","114307952","114308081","chr8","51403248","51403379","25","62904704"
"chr9","114308710","114308852","chr4","103459648","103459795","17","10849062"
"chr9","114315227","114315523","chr13","8424569","8424855","54","105890658"
"chr9","114318896","114319193","chr20","20150034","20150343","52","94168862"
"chr9","114322136","114322421","chr2","165476002","165476287","47","51153866"
"chr9","114323002","114323141","chr2","3265689","3265825","28","111057313"
"chr9","114323173","114323365","chr5","72115790","72115980","38","42207383"
"chr9","114333610","114333911","chr17","8837526","8837825","36","105496084"
"chr9","114339683","114339993","chr13","61259817","61260123","39","53079866"
"chr9","114349701","114349972","chr7","130654165","130654431","52","16304464"
"chr9","114385646","114385937","chr3","48298408","48298697","40","66087238"
"chr9","114387098","114387338","chr7","24936105","24936346","35","89450993"
"chr9","114393354","114393630","chr3","142471450","142471724","34","28078096"
"chr9","114407361","114407656","chr7","17403617","17403911","37","97003744"
"chr9","114441704","114442001","chr1","124250793","124251086","50","9809089"
"chr9","114442053","114442360","chr1","1833083","1833386","48","112608970"
"chr9","114487749","114488057","chr4","30351777","30352087","46","84135972"
"chr9","114495443","114495520","chr18","42413180","42413271","22","72082263"
"chr9","114535941","114536238","chr2","81991105","81991401","43","32544836"
"chr9","114546890","114547152","chr2","165757823","165758089","41","51210933"
"chr9","114562452","114562729","chrX","20846410","20846706","41","93716042"
"chr9","114569001","114569298","chr6","142572268","142572563","32","28003267"
"chr9","114570961","114571211","chr10","78888113","78888364","48","35682848"
"chr9","114571531","114571842","chr8","94310731","94311042","45","20260800"
"chr9","114571936","114572257","chr1","116751810","116752108","67","2179874"
"chr9","114581026","114581304","chr2","41138574","41138855","37","73442452"
"chr9","114601553","114601847","chr13","54656519","54656821","53","59945034"
"chr9","114655843","114656141","chr2","126433678","126433974","35","11777835"
"chr9","114669805","114670091","chr15","78590602","78590883","51","36079203"
"chr9","114681836","114682127","chr6","43129343","43129636","41","71552493"
"chr9","114710814","114711102","chr1","42476755","42477044","31","72234059"
"chr9","114718110","114718412","chr3","42899950","42900256","38","71818160"
"chr9","114736150","114736446","chr4","17506988","17507286","50","97229162"
"chr9","114775428","114775713","chr4","131374689","131374976","37","16599261"
"chr9","114814497","114814779","chr5","75767838","75768125","52","39046659"
"chr9","114829522","114829809","chr9","84466373","84466663","46","30363149"
"chr9","114945041","114945341","chr2","101278895","101279193","45","13666146"
"chr9","114967970","114968287","chr3","166154248","166154555","39","51186278"
"chr9","115000656","115000923","chr9","89349067","89349343","55","25651589"
"chr9","115003785","115004088","chr10","46007696","46008002","35","68996089"
"chr9","115009862","115010159","chr7","123255911","123256206","36","8246049"
"chr9","115050488","115050772","chr7","18532501","18532788","44","96517987"
"chr9","115099880","115100183","chr20","10362958","10363260","41","104736922"
"chr9","115122611","115122918","chr4","51477395","51477703","42","63645216"
"chr9","115129162","115129289","chr13","43588935","43589068","22","71540227"
"chr9","115276821","115277117","chr9","14690494","14690788","32","100586327"
"chr9","115560223","115560511","chr2","39631073","39631360","42","75929150"
"chr9","115686827","115687127","chr14","5934954","5935260","45","109751873"
"chr9","115704584","115704855","chrX","20846410","20846706","59","94858174"
"chr9","115751325","115751617","chr15","8982290","8982590","44","106769035"
"chr9","115791066","115791360","chr11","59744208","59744500","29","56046858"
"chr9","115815715","115816015","chrX","15964082","15964380","43","99851633"
"chr9","115834257","115834419","chr6","168710657","168710821","29","52876400"
"chr9","115898054","115898342","chr9","34818668","34818959","43","81079386"
"chr9","115902096","115902245","chr13","3648511","3648659","24","112253585"
"chr9","115920503","115920819","chr8","28809013","28809319","47","87111490"
"chr9","115935298","115935575","chr7","72707693","72707981","46","43227605"
"chr9","115937966","115938173","chr3","175805682","175805890","37","59867716"
"chr9","115938334","115938430","chr19","45833680","45833778","18","70104654"
"chr9","115940777","115941008","chr13","92208595","92208827","56","23732182"
"chr9","115976367","115976656","chr10","18491186","18491474","38","97485181"
"chr9","115983332","115983616","chr20","42229503","42229785","30","73753829"
"chr9","116012227","116012469","chr6","153391424","153391658","54","37379197"
"chr9","116016292","116016586","chr16","30015721","30016013","35","86000571"
"chr9","116018631","116018937","chr1","44950004","44950301","43","71068627"
"chr9","116022475","116022775","chr16","70619220","70619515","47","45403255"
"chr9","116038295","116038599","chr1","128155382","128155688","25","12117087"
"chr9","116073203","116073504","chr1","213070791","213071090","41","96997588"
"chr9","116086193","116086494","chr1","66971675","66971974","43","49114518"
"chr9","116172622","116172907","chr9","7713596","7713889","44","108459026"
"chr9","116189454","116189659","chrX","44404357","44404557","31","71785097"
"chr9","116232690","116232987","chr1","158815913","158816209","33","42583223"
"chr9","116305020","116305275","chr14","14265647","14265901","34","102039373"
"chr9","116368941","116369202","chr7","125141660","125141921","40","8772719"
"chr9","116418651","116418953","chr13","32817425","32817728","36","83601226"
"chr9","116428063","116428352","chr3","48298408","48298697","33","68129655"
"chr9","116478085","116478379","chr4","10912888","10913182","43","105565197"
"chr9","116536160","116536454","chr16","49606486","49606780","38","66929674"
"chr9","116691345","116691633","chr7","133065043","133065330","30","16373698"
"chr9","116701008","116701309","chr1","67368758","67369056","33","49332250"
"chr9","116719318","116719610","chr14","5197108","5197407","35","111522210"
"chr9","116813303","116813607","chr11","44977853","44978151","43","71835450"
"chr9","116822267","116822514","chr20","21214525","21214775","37","95607742"
"chr9","116847481","116847790","chr4","2980253","2980562","38","113867228"
"chr9","116882108","116882389","chr11","88966345","88966635","37","27915763"
"chr9","116911137","116911435","chr10","20480186","20480483","44","96430951"
"chr9","116912829","116913099","chr11","60614947","60615205","49","56297882"
"chr9","116993858","116994145","chr15","79029077","79029366","41","37964781"
"chr9","117018567","117018859","chr8","125553163","125553457","39","8534596"
"chr9","117045109","117045413","chr3","143204397","143204702","47","26159288"
"chr9","117218450","117218569","chr5","103673334","103673452","19","13545116"
"chr9","117344070","117344371","chr1","1866324","1866628","36","115477746"
"chr9","117415085","117415382","chr4","20045092","20045381","48","97369993"
"chr9","117457132","117457428","chr8","25582102","25582396","36","91875030"
"chr9","117488329","117488620","chr1","212841578","212841874","41","95353249"
"chr9","117574194","117574473","chrX","62378326","62378608","43","55195868"
"chr9","117577199","117577298","chr12","69723014","69723114","17","47854185"
"chr9","117629009","117629294","chr7","133065043","133065330","32","15436034"
"chr9","117759190","117759458","chrX","37763597","37763857","48","79995593"
"chr9","117804838","117805127","chr2","184580196","184580486","38","66775358"
"chr9","117805730","117806023","chr7","133065043","133065330","29","15259313"
"chr9","117827134","117827435","chr2","138704580","138704882","42","20877446"
"chr9","117834877","117835129","chr14","66011174","66011430","42","51823703"
"chr9","117905745","117905885","chr18","24104552","24104687","19","93801193"
"chr9","117908138","117908422","chr8","21352446","21352732","54","96555692"
"chr9","118062965","118063257","chr4","13663992","13664285","35","104398973"
"chr9","118129874","118130157","chr11","126386037","126386321","45","8256163"
"chr9","118147836","118148083","chr15","55797771","55798021","41","62350065"
"chr9","118534423","118534667","chr7","24936105","24936346","38","93598318"
"chr9","118542008","118542316","chr18","51183412","51183721","37","67358596"
"chr9","118597887","118598148","chr19","36065048","36065308","37","82532839"
"chr9","118648524","118648818","chr11","72112916","72113210","41","46535608"
"chr9","118714032","118714312","chr16","71913635","71913919","48","46800397"
"chr9","118731542","118731830","chr11","88966345","88966635","35","29765197"
"chr9","118865944","118866234","chr8","23121504","23121791","48","95744440"
"chr9","118882855","118883175","chr13","43327633","43327946","50","75555222"
"chr9","118913188","118913485","chr7","17509919","17510217","32","101403269"
"chr9","118933461","118933752","chr2","184580196","184580486","40","65646735"
"chr9","118946673","118946925","chr13","70597861","70598117","36","48348812"
"chr9","118981595","118981714","chr11","83048168","83048288","15","35933427"
"chr9","118988795","118989084","chr7","133065043","133065330","32","14076248"
"chr9","118999019","118999329","chr1","115424164","115424468","45","3574855"
"chr9","119031366","119031665","chr16","690443","690740","58","118340923"
"chr9","119053498","119053807","chr1","194910525","194910833","40","75857027"
"chr9","119270109","119270402","chr8","25582102","25582396","34","93688007"
"chr9","119273991","119274283","chr16","18796729","18797022","33","100477262"
"chr9","119314179","119314470","chr9","34818668","34818959","34","84495511"
"chr9","119315388","119315688","chr7","16206849","16207148","38","103108539"
"chr9","119360536","119360818","chr3","20817958","20818245","49","98542578"
"chr9","119418074","119418384","chr13","61259817","61260123","36","58158257"
"chr9","119461141","119461460","chr2","52288178","52288495","49","67172963"
"chr9","119481509","119481793","chr14","30544530","30544818","38","88936979"
"chr9","119486664","119486943","JH681881","40831","41115","37","119445833"
"chr9","119678950","119679256","chr5","89929633","89929935","44","29749317"
"chr9","119753391","119753504","chr11","83048168","83048288","18","36705223"
"chr9","119755784","119756063","chr11","2089239","2089518","37","117666545"
"chr9","119788809","119789045","chr3","52223124","52223361","42","67565685"
"chr9","119822819","119823095","chr1","12716391","12716670","38","107106428"
"chr9","119836107","119836200","chr3","71895966","71896061","20","47940141"
"chr9","119838696","119838999","chr10","29691322","29691619","38","90147374"
"chr9","119865671","119865981","chr14","55474367","55474673","38","64391304"
"chr9","119870570","119870818","chr7","91890034","91890281","37","27980536"
"chr9","119879354","119879643","chr4","150540961","150541258","50","30661607"
"chr9","119925769","119926084","chr19","3064712","3065012","53","116861057"
"chr9","120040396","120040619","chr1","7853206","7853431","44","112187190"
"chr9","120059205","120059513","chr3","45369493","45369802","32","74689712"
"chr9","120089598","120089894","chr3","14906033","14906330","48","105183565"
"chr9","120122466","120122631","chr6","125201964","125202117","46","5079498"
"chr9","120192140","120192401","chr2","49059917","49060182","31","71132223"
"chr9","120243110","120243421","chr4","125474689","125474994","40","5231579"
"chr9","120390165","120390466","chr10","16049988","16050292","43","104340177"
"chr9","120458887","120459171","chr1","7460034","7460321","44","112998853"
"chr9","120502829","120503132","chr11","121687683","121687984","51","1184854"
"chr9","120554558","120554728","chr4","42468336","42468506","30","78086222"
"chr9","120595359","120595667","chr4","33942864","33943168","49","86652495"
"chr9","120633390","120633670","chr9","92292916","92293201","35","28340474"
"chr9","120647887","120648181","chr11","59744208","59744500","31","60903679"
"chr9","120673301","120673610","chr13","32817425","32817728","35","87855876"
"chr9","120736369","120736678","chr1","128155382","128155688","33","7419013"
"chr9","120739073","120739366","chr20","10958775","10959070","29","109780298"
"chr9","120755841","120756149","chr2","41438773","41439082","45","79317068"
"chr9","120764306","120764612","chr10","47089595","47089902","40","73674711"
"chr9","120981915","120982207","chr16","21958952","21959252","50","99022963"
"chr9","121079693","121080003","chr8","91192605","91192914","45","29887088"
"chr9","121105169","121105390","chr3","11189079","11189317","49","109916090"
"chr9","121232265","121232527","chr19","18341184","18341444","51","102891081"
"chr9","121245179","121245434","chr7","151776343","151776597","54","30531164"
"chr9","121344897","121345200","chr5","154328647","154328948","35","32983750"
"chr9","121352655","121352965","chrX","45626684","45626995","31","75725971"
"chr9","121367834","121368108","chr1","202707884","202708154","42","81340050"
"chr9","121535958","121536198","chr12","63756955","63757195","33","57779003"
"chr9","121597671","121597946","chr11","124795659","124795934","41","3197988"
"chr9","121692244","121692532","chr6","68639776","68640068","34","53052468"
"chr9","121704329","121704628","JH682236","136089","136386","34","121568240"
"chr9","121801979","121802255","chr11","129923771","129924017","58","8121792"
"chr9","121855771","121856068","chr2","186511571","186511867","42","64655800"
"chr9","121865679","121865974","chr19","35482053","35482349","48","86383626"
"chr9","121877243","121877541","chr15","90210594","90210890","42","31666649"
"chr9","122044980","122045278","chrX","15713155","15713456","38","106331825"
"chr9","122744431","122744746","chr10","72336914","72337223","42","50407517"
"chr9","122819203","122819455","chr18","50874536","50874793","42","71944667"
"chr9","122872069","122872298","chr6","143514666","143514896","29","20642597"
"chr9","122877713","122877994","chr13","107792315","107792606","48","15085398"
"chr9","122908372","122908490","chr15","97282412","97282527","30","25625960"
"chr9","122929368","122929672","chr13","32817425","32817728","39","90111943"
"chr9","122938025","122938316","chr6","116662162","116662454","38","6275863"
"chr9","122945136","122945436","chrX","38891205","38891511","42","84053931"
"chr9","122946375","122946673","chr15","7065621","7065920","37","115880754"
"chr9","122952222","122952508","chr11","88966345","88966635","43","33985877"
"chr9","122999213","122999522","chr2","10503319","10503625","45","112495894"
"chr9","123018374","123018641","chr10","87259063","87259328","53","35759311"
"chr9","123026066","123026362","chr17","83808601","83808892","50","39217465"
"chr9","123087702","123088009","chr14","62966266","62966575","48","60121436"
"chr9","123101378","123101690","chr7","131327117","131327431","47","8225739"
"chr9","123115450","123115758","chr1","27040122","27040426","40","96075328"
"chr9","123146444","123146625","chr14","84701804","84701995","50","38444640"
"chr9","123180342","123180652","chr15","13852993","13853297","49","109327349"
"chr9","123181809","123182108","chr3","69228301","69228608","45","53953508"
"chr9","123183694","123183992","chr10","10378732","10379028","42","112804962"
"chr9","123624266","123624365","chr8","3096267","3096364","17","120527999"
"chr9","123686681","123686873","chr14","67965961","67966143","50","55720720"
"chr9","123726023","123726149","chr11","30636402","30636523","20","93089621"
"chr9","123793238","123793543","chr11","10098018","10098319","38","113695220"
"chr9","123813665","123813969","chr6","124714488","124714790","42","900823"
"chr9","123814604","123814896","chr1","56859876","56860169","46","66954728"
"chr9","123816964","123817226","chr8","91159685","91159945","54","32657279"
"chr9","123870628","123870924","chr3","92646855","92647152","49","31223773"
"chr9","123893089","123893358","chr7","49208770","49209048","46","74684319"
"chr9","123913214","123913510","chr11","3044067","3044364","42","120869147"
"chr9","123914366","123914501","chr3","94246726","94246859","38","29667640"
"chr9","123914867","123915040","chr10","27544714","27544887","26","96370153"
"chr9","123938683","123938956","chr6","147822924","147823209","54","23884241"
"chr9","123948116","123948405","chr5","142954882","142955186","44","19006766"
"chr9","123960387","123960688","chr11","122608626","122608924","40","1351761"
"chr9","123967571","123967858","chr6","83909264","83909556","48","40058307"
"chr9","123992879","123993171","chr1","124250793","124251086","33","257914"
"chr9","124010651","124010963","chr12","39433555","39433866","36","84577096"
"chr9","124014512","124014807","chrX","43914906","43915203","39","80099606"
"chr9","124061064","124061334","chr20","32588981","32589255","48","91472083"
"chr9","124073959","124074223","chrX","122712517","122712780","36","1361442"
"chr9","124081494","124081785","chr5","32347507","32347802","43","91733987"
"chr9","124121332","124121614","chr9","16361760","16362040","56","107759572"
"chr9","124124521","124124810","chr9","92292916","92293201","42","31831605"
"chr9","124130107","124130399","chr14","111877236","111877529","35","12252871"
"chr9","124152070","124152337","chr3","52295797","52296068","47","71856273"
"chr9","124164588","124164885","chr13","88006009","88006300","41","36158579"
"chr9","124172892","124173187","chr4","160599897","160600192","39","36427005"
"chr9","124191253","124191557","chr1","185101023","185101330","42","60909770"
"chr9","124211910","124212201","chr20","54958133","54958426","38","69253777"
"chrX","51380036","51380372","chr12","20406534","20406859","57","30973502"
"chrX","20053732","20054027","chr1","212841578","212841874","30","192787846"
"chrX","40238845","40239146","chr8","2817861","2818159","44","37420984"
"chrX","57409389","57409696","chrX","44962032","44962338","40","12447357"
"chrX","67239821","67240113","chr7","133065043","133065330","38","65825222"
"chrX","112328559","112328880","chr9","104127669","104127981","50","8200890"
"chrX","17010","17309","chr11","66160852","66161149","47","66143842"
"chrX","27757","28054","chr19","15097509","15097804","57","15069752"
"chrX","28285","28578","chrX","108069512","108069807","61","108041227"
"chrX","46184","46453","chr15","26878649","26878926","61","26832465"
"chrX","60483","60765","chr15","21464395","21464674","42","21403912"
"chrX","129062","129383","chr1","87624229","87624565","85","87495167"
"chrX","136952","137260","chr16","68364432","68364716","87","68227480"
"chrX","138638","138877","chr1","17408928","17409169","45","17270290"
"chrX","176180","176328","chr3","10008224","10008365","19","9832044"
"chrX","177473","177762","chr16","1419036","1419322","45","1241563"
"chrX","184823","185027","chr2","89593102","89593311","39","89408279"
"chrX","187591","187895","chrX","38891205","38891511","38","38703614"
"chrX","189462","189750","chr15","21464395","21464674","46","21274933"
"chrX","209134","209225","chr3","160368626","160368728","24","160159492"
"chrX","223300","223547","chr7","107374147","107374397","52","107150847"
"chrX","245834","245998","chr1","65033511","65033674","42","64787677"
"chrX","268250","268529","chr8","96528890","96529171","30","96260640"
"chrX","285068","285351","chr3","599816","600100","47","314748"
"chrX","291190","291476","chr1","45623411","45623699","45","45332221"
"chrX","299292","299559","chr7","46642053","46642320","52","46342761"
"chrX","310604","310891","chr1","117448336","117448626","46","117137732"
"chrX","335919","336183","chr7","46642053","46642320","44","46306134"
"chrX","336516","336812","chr4","161348442","161348744","43","161011926"
"chrX","357756","358055","chr14","53927134","53927436","51","53569378"
"chrX","374880","375166","chr16","1419036","1419322","33","1044156"
"chrX","382533","382832","chr13","107030178","107030478","43","106647645"
"chrX","443776","444072","chr7","41138138","41138436","48","40694362"
"chrX","472531","472836","chr11","7017396","7017703","37","6544865"
"chrX","474880","475149","chrX","42356","42633","40","432524"
"chrX","480096","480399","chr11","61293438","61293738","46","60813342"
"chrX","480463","480764","chr2","123712519","123712817","51","123232056"
"chrX","488402","488708","chr17","8929510","8929818","43","8441108"
"chrX","501907","502206","chr1","124998618","124998915","41","124496711"
"chrX","523299","523547","chr11","95866423","95866671","39","95343124"
"chrX","530355","530662","chr7","58104879","58105176","62","57574524"
"chrX","530729","531014","chr1","204583138","204583421","35","204052409"
"chrX","532202","532509","chr14","11223234","11223545","34","10691032"
"chrX","551097","551382","chr16","44203969","44204255","34","43652872"
"chrX","566175","566468","chr9","92292916","92293201","40","91726741"
"chrX","579628","579751","chr11","83048168","83048288","24","82468540"
"chrX","604242","604553","chr9","85132193","85132498","42","84527951"
"chrX","627857","628120","chr1","36888776","36889038","39","36260919"
"chrX","628885","629184","chr11","8138169","8138470","33","7509284"
"chrX","661777","662095","chr2","187111797","187112101","54","186450020"
"chrX","744853","745145","chr1","124250793","124251086","41","123505940"
"chrX","765767","766064","chr3","45626371","45626668","29","44860604"
"chrX","771134","771430","chr1","29380917","29381213","36","28609783"
"chrX","780812","781112","chr1","14763322","14763620","44","13982510"
"chrX","786575","786882","chr5","81950527","81950835","41","81163952"
"chrX","802076","802384","chr16","11126268","11126568","44","10324192"
"chrX","933729","934024","chr8","25582102","25582396","36","24648373"
"chrX","936547","936839","chr1","124250793","124251086","42","123314246"
"chrX","1003073","1003355","chr9","22795677","22795968","46","21792604"
"chrX","1097822","1098118","chr11","97825051","97825352","43","96727229"
"chrX","1100892","1101184","JH682036","358126","358421","37","742766"
"chrX","1222303","1222608","chr4","43410637","43410938","41","42188334"
"chrX","1303486","1303621","chr11","39495381","39495516","21","38191895"
"chrX","1515960","1516258","chr6","142572268","142572563","28","141056308"
"chrX","1525344","1525635","chr16","32422732","32423021","43","30897388"
"chrX","1558059","1558331","chr15","21464395","21464674","47","19906336"
"chrX","1620421","1620744","chr1","1234974","1235297","40","385447"
"chrX","1646067","1646174","chr2","74718977","74719088","18","73072910"
"chrX","1646306","1646588","chr6","165329904","165330188","38","163683598"
"chrX","1681249","1681501","chr11","46291436","46291687","34","44610187"
"chrX","1724395","1724716","chr2","130228273","130228581","50","128503878"
"chrX","1819032","1819327","chr7","63594770","63595064","42","61775738"
"chrX","1907462","1907756","chr4","108800307","108800597","42","106892845"
"chrX","2110690","2110997","chr6","67765709","67766011","39","65655019"
"chrX","2275142","2275439","chr1","216020767","216021074","39","213745625"
"chrX","2506038","2506296","chr2","138725394","138725648","40","136219356"
"chrX","2524720","2525025","chr3","34969388","34969689","41","32444668"
"chrX","2844915","2845213","chr11","64440364","64440673","46","61595449"
"chrX","3152597","3152900","chr10","20549883","20550183","47","17397286"
"chrX","3190468","3190784","chr1","8929721","8930036","51","5739253"
"chrX","3222777","3223076","chr1","40137387","40137679","39","36914610"
"chrX","3224910","3225197","chr14","17713267","17713556","40","14488357"
"chrX","3272536","3272827","chr1","11366377","11366670","38","8093841"
"chrX","3325870","3326148","chr14","23762392","23762674","41","20436522"
"chrX","3459760","3460070","chr8","41090914","41091218","44","37631154"
"chrX","3650837","3651149","chr9","84261595","84261898","53","80610758"
"chrX","3844264","3844556","chr9","7025626","7025918","33","3181362"
"chrX","3954463","3954755","chr3","87661749","87662047","45","83707286"
"chrX","4072099","4072381","chr16","44203969","44204255","33","40131870"
"chrX","4097868","4098173","chr1","11912016","11912323","34","7814148"
"chrX","4119105","4119357","chr10","25924241","25924498","55","21805136"
"chrX","4188738","4188993","chr18","50874536","50874793","35","46685798"
"chrX","4300699","4301001","chr1","115424164","115424468","51","111123465"
"chrX","4310762","4311055","chr2","38884008","38884302","48","34573246"
"chrX","4352684","4352980","chr6","16776303","16776597","57","12423619"
"chrX","4518287","4518577","chr11","120626708","120626998","34","116108421"
"chrX","4795461","4795752","chr2","13368422","13368711","42","8572961"
"chrX","4945736","4945972","chrX","4424158","4424406","36","521578"
"chrX","5152964","5153257","chr7","116541236","116541527","32","111388272"
"chrX","5276817","5277085","chr10","90525188","90525445","42","85248371"
"chrX","5386298","5386605","chr18","45527299","45527604","47","40141001"
"chrX","5733935","5734245","chr10","46007696","46008002","43","40273761"
"chrX","5850106","5850405","chr7","114876967","114877269","46","109026861"
"chrX","5856244","5856539","chr20","46211595","46211894","49","40355351"
"chrX","6002333","6002605","chr4","35149771","35150034","47","29147438"
"chrX","6029667","6029963","chr3","51854376","51854674","36","45824709"
"chrX","6397517","6397818","chr3","162690320","162690615","56","156292803"
"chrX","6484275","6484572","chr3","10106974","10107268","49","3622699"
"chrX","6535789","6536095","chr9","3805446","3805756","40","2730343"
"chrX","6545432","6545716","chr17","30318493","30318771","45","23773061"
"chrX","6721597","6721724","chr12","32861427","32861552","22","26139830"
"chrX","6735138","6735452","chr4","28540427","28540742","41","21805289"
"chrX","6928831","6929126","chr7","71414389","71414681","47","64485558"
"chrX","6939184","6939342","chr3","151747443","151747601","25","144808259"
"chrX","7010860","7011005","chr4","103459648","103459795","17","96448788"
"chrX","7032810","7033104","chr13","44798030","44798324","48","37765220"
"chrX","7172477","7172742","chr2","49059917","49060182","41","41887440"
"chrX","7207865","7208163","chr6","128034260","128034555","48","120826395"
"chrX","7236480","7236725","chr5","13265181","13265421","46","6028701"
"chrX","7237258","7237536","chr17","14151882","14152161","40","6914624"
"chrX","7314816","7315112","chr1","48541016","48541306","40","41226200"
"chrX","7319150","7319435","chr4","31083851","31084133","46","23764701"
"chrX","7386150","7386449","chr10","70335100","70335400","38","62948950"
"chrX","7400079","7400366","chrX","112314689","112314977","33","104914610"
"chrX","7417800","7418093","chr1","94365322","94365615","36","86947522"
"chrX","7418393","7418680","chr13","107792315","107792606","41","100373922"
"chrX","7470469","7470765","chr2","73832418","73832717","45","66361949"
"chrX","7512027","7512306","chr4","110946344","110946633","43","103434317"
"chrX","7589959","7590248","chr19","32542177","32542468","44","24952218"
"chrX","7591794","7592100","chr4","30081251","30081550","49","22489457"
"chrX","7628250","7628521","chr5","56393923","56394202","47","48765673"
"chrX","7674597","7674905","chr2","144423348","144423659","36","136748751"
"chrX","7739890","7740198","chr14","53927134","53927436","50","46187244"
"chrX","7756163","7756476","chr6","75000702","75001013","36","67244539"
"chrX","7760055","7760364","chrX","85466361","85466670","45","77706306"
"chrX","7872208","7872507","chr3","67640358","67640660","45","59768150"
"chrX","7904907","7905189","chr1","130269492","130269771","45","122364585"
"chrX","7998104","7998403","chr4","2534955","2535251","39","5463149"
"chrX","8072455","8072748","chr12","93108642","93108929","42","85036187"
"chrX","8227180","8227488","chr7","54988790","54989094","39","46761610"
"chrX","8312595","8312895","chr6","110356311","110356608","38","102043716"
"chrX","8452238","8452548","chr3","60107534","60107845","38","51655296"
"chrX","8507911","8508209","chr10","78749019","78749318","37","70241108"
"chrX","8612765","8613060","chr10","20861365","20861656","41","12248600"
"chrX","8642685","8642999","chr1","3276074","3276382","49","5366611"
"chrX","8890554","8890865","chr3","48204640","48204946","63","39314086"
"chrX","9250735","9250974","chr11","44650712","44650952","47","35399977"
"chrX","9251933","9252236","chr4","25555537","25555833","48","16303604"
"chrX","9468755","9468877","chr16","42834581","42834701","13","33365826"
"chrX","9685645","9685921","chr7","111089387","111089666","44","101403742"
"chrX","9702874","9703175","chr19","3064712","3065012","35","6638162"
"chrX","9759325","9759634","chr3","44274942","44275250","40","34515617"
"chrX","9963440","9963716","chr19","645039","645323","37","9318401"
"chrX","9991821","9992109","chr9","57023538","57023829","37","47031717"
"chrX","10260018","10260358","chr13","43327633","43327946","62","33067615"
"chrX","10527787","10528082","chr1","124250793","124251086","35","113723006"
"chrX","10608617","10608912","chr5","34428917","34429213","35","23820300"
"chrX","10640794","10641087","chr12","58244299","58244591","28","47603505"
"chrX","10691228","10691518","chr10","32395746","32396035","39","21704518"
"chrX","10795453","10795745","chr2","184580196","184580486","36","173784743"
"chrX","10834675","10834971","chr19","36732496","36732799","51","25897821"
"chrX","10856328","10856624","chr1","160578902","160579198","33","149722574"
"chrX","10894909","10895203","chr6","133004541","133004839","40","122109632"
"chrX","10933647","10933955","chr11","51914381","51914692","36","40980734"
"chrX","11047549","11047837","chrX","97490132","97490423","48","86442583"
"chrX","11181577","11181881","chrX","10503039","10503347","34","678538"
"chrX","11283687","11283996","chr2","108203016","108203325","46","96919329"
"chrX","11397983","11398276","chr9","20941332","20941626","43","9543349"
"chrX","11465854","11465984","chr7","158155171","158155302","18","146689317"
"chrX","11475394","11475699","chr1","11700834","11701140","37","225440"
"chrX","11666503","11666795","chr16","67764036","67764329","38","56097533"
"chrX","11725227","11725560","chr4","111697334","111697630","79","99972107"
"chrX","11855493","11855775","chr1","12342768","12343056","52","487275"
"chrX","11902561","11902801","chr5","133797177","133797424","32","121894616"
"chrX","11905087","11905412","chr4","56503347","56503657","56","44598260"
"chrX","11973685","11973997","chrX","131253126","131253426","42","119279441"
"chrX","11990792","11990946","chr3","8110316","8110465","18","3880476"
"chrX","12120686","12120984","chr1","94365322","94365615","40","82244636"
"chrX","12522515","12522812","chr4","31017666","31017967","41","18495151"
"chrX","12788463","12788754","chr11","84515045","84515339","45","71726582"
"chrX","12873971","12874281","chr2","100800229","100800536","34","87926258"
"chrX","12990424","12990720","chrX","12231162","12231460","41","759262"
"chrX","13017859","13018209","chr11","124295589","124295933","63","111277730"
"chrX","13029783","13030057","chr8","88869400","88869673","33","75839617"
"chrX","13213469","13213753","chr4","111437438","111437719","36","98223969"
"chrX","13241804","13242097","chr15","7511435","7511732","40","5730369"
"chrX","13262313","13262609","chr4","130615568","130615870","37","117353255"
"chrX","13367329","13367615","chr10","72394915","72395215","44","59027586"
"chrX","13383226","13383542","chr19","16794959","16795271","44","3411733"
"chrX","13400197","13400493","chr18","26846321","26846625","34","13446124"
"chrX","13409485","13409754","chr1","22858271","22858537","30","9448786"
"chrX","13435816","13436111","chr4","33526464","33526759","32","20090648"
"chrX","13489349","13489640","chr3","10482926","10483222","31","3006423"
"chrX","13550976","13551267","chr1","212841578","212841874","34","199290602"
"chrX","13564219","13564493","chr12","52370542","52370823","58","38806323"
"chrX","13606497","13606794","chr3","9531529","9531830","36","4074968"
"chrX","13672092","13672389","chr16","49861297","49861598","40","36189205"
"chrX","13743227","13743536","chrX","45626684","45626995","35","31883457"
"chrX","13772325","13772621","chr14","62979218","62979514","37","49206893"
"chrX","13853376","13853668","chr2","38884008","38884302","39","25030632"
"chrX","13886689","13886998","chr2","149564515","149564816","67","135677826"
"chrX","13893922","13894227","chr19","29192715","29193022","41","15298793"
"chrX","13896886","13897182","chr10","72394915","72395215","53","58498029"
"chrX","13919488","13919786","chrX","139100323","139100604","51","125180835"
"chrX","13920690","13920999","chr10","78749019","78749318","42","64828329"
"chrX","13933972","13934264","chr10","78749019","78749318","33","64815047"
"chrX","13939139","13939388","chrX","40167563","40167811","34","26228424"
"chrX","13954510","13954821","chr4","8896186","8896498","50","5058324"
"chrX","13971476","13971653","chr5","85812520","85812698","26","71841044"
"chrX","13978922","13979007","chr1","140851347","140851436","10","126872425"
"chrX","13993836","13994125","chr10","62315260","62315548","36","48321424"
"chrX","14020153","14020456","chr3","43245554","43245862","39","29225401"
"chrX","14020679","14021000","chr13","117086671","117086971","52","103065992"
"chrX","14084733","14085017","chr18","15788387","15788669","41","1703654"
"chrX","14140453","14140760","chr4","94815998","94816302","42","80675545"
"chrX","14574417","14574710","chr6","127969918","127970208","49","113395501"
"chrX","14592028","14592329","chr7","16206849","16207148","45","1614821"
"chrX","14748687","14748978","chr2","96239962","96240258","38","81491275"
"chrX","14762932","14763222","chr1","190840737","190841024","35","176077805"
"chrX","14817448","14817743","chr14","111877236","111877529","34","97059788"
"chrX","14824118","14824385","chr11","4368599","4368865","40","10455519"
"chrX","14828864","14829160","chrX","96252990","96253282","35","81424126"
"chrX","14856959","14857255","chr3","51854376","51854674","51","36997417"
"chrX","14871452","14871734","chr7","16096876","16097159","45","1225424"
"chrX","14873848","14874144","chr6","127969918","127970208","36","113096070"
"chrX","14874833","14875133","chr4","3145119","3145426","40","11729714"
"chrX","14923137","14923433","chr8","25582102","25582396","31","10658965"
"chrX","14929693","14929984","chr11","59744208","59744500","33","44814515"
"chrX","14964119","14964415","chr3","45626371","45626668","34","30662252"
"chrX","15007690","15007836","chr20","2251964","2252111","22","12755726"
"chrX","15045598","15045797","chr10","32105022","32105222","29","17059424"
"chrX","15066118","15066408","chr16","30440344","30440637","38","15374226"
"chrX","15100593","15100826","chr8","128643593","128643816","59","113543000"
"chrX","15124100","15124229","chr9","12890266","12890398","20","2233834"
"chrX","15213174","15213461","chr8","13291395","13291693","45","1921779"
"chrX","15502718","15502998","chrX","62378326","62378608","39","46875608"
"chrX","15590585","15590895","chr1","41160582","41160892","42","25569997"
"chrX","15617631","15617917","chr15","90210594","90210890","40","74592963"
"chrX","15668139","15668433","chr2","135177745","135178021","51","119509606"
"chrX","15824496","15824726","chr6","143514666","143514896","31","127690170"
"chrX","16004562","16004816","chr14","14265647","14265901","41","1738915"
"chrX","16384534","16384845","chr13","23501079","23501388","43","7116545"
"chrX","16605166","16605452","chr8","28825632","28825920","35","12220466"
"chrX","16614574","16614865","chr1","14339353","14339646","41","2275221"
"chrX","16621032","16621330","chr12","86662303","86662604","39","70041271"
"chrX","16632326","16632598","chr1","56243113","56243384","51","39610787"
"chrX","16637475","16637770","chr4","31928114","31928408","41","15290639"
"chrX","16643525","16643834","chr2","144423348","144423659","32","127779823"
"chrX","16662196","16662485","chr19","45993421","45993713","38","29331225"
"chrX","16663057","16663363","chr7","131418663","131418968","39","114755606"
"chrX","16695876","16696185","chr2","144428051","144428352","47","127732175"
"chrX","16720128","16720422","chr11","114923633","114923926","36","98203505"
"chrX","16768590","16768884","chr8","113144292","113144587","40","96375702"
"chrX","16781994","16782294","chr14","98318663","98318962","34","81536669"
"chrX","16784696","16784990","chr7","16206849","16207148","36","577847"
"chrX","16811440","16811747","chr7","57906128","57906432","36","41094688"
"chrX","16909323","16909618","chr20","48060156","48060453","37","31150833"
"chrX","16923582","16923865","chr6","128266238","128266531","37","111342656"
"chrX","16934321","16934628","chrX","49942612","49942916","36","33008291"
"chrX","16971453","16971746","chr1","152643716","152644019","38","135672263"
"chrX","16999881","16999998","chr15","7683592","7683711","16","9316289"
"chrX","17032181","17032490","chr8","88676366","88676678","40","71644185"
"chrX","17061545","17061819","chr10","24656263","24656537","43","7594718"
"chrX","17069838","17070145","chr5","86230125","86230425","55","69160287"
"chrX","17098680","17099006","chr8","118063941","118064263","56","100965261"
"chrX","17162650","17162785","chr13","46747819","46747958","16","29585169"
"chrX","17275624","17275913","chr20","59612309","59612599","39","42336685"
"chrX","17304275","17304570","chr8","118421988","118422286","38","101117713"
"chrX","17364958","17365250","chr3","55635386","55635672","56","38270428"
"chrX","17404512","17404798","chr3","46165413","46165699","44","28760901"
"chrX","17417466","17417793","chrX","11280666","11280997","70","6136800"
"chrX","17450518","17450784","chrX","122712517","122712780","37","105261999"
"chrX","17458610","17458901","chr2","96514589","96514879","34","79055979"
"chrX","17516023","17516312","chr1","124250793","124251086","28","106734770"
"chrX","17518265","17518527","chr16","48626955","48627219","47","31108690"
"chrX","17636862","17637155","chr7","51613254","51613546","38","33976392"
"chrX","17640932","17641132","chrX","41692254","41692444","33","24051322"
"chrX","17660162","17660462","chr15","70059797","70060100","50","52399635"
"chrX","17703895","17704183","chr14","92244796","92245092","47","74540901"
"chrX","17746432","17746729","chr3","46329604","46329904","38","28583172"
"chrX","17762943","17763251","chr6","128110448","128110754","35","110347505"
"chrX","17833202","17833501","chr13","93032283","93032577","48","75199081"
"chrX","17834413","17834658","chr9","116735467","116735713","44","98901054"
"chrX","17892648","17892930","chr3","17089313","17089596","42","803335"
"chrX","17973844","17974138","chr8","25582102","25582396","33","7608258"
"chrX","18016808","18017108","chr13","32817425","32817728","38","14800617"
"chrX","18072506","18072573","chr19","702700","702766","14","17369806"
"chrX","18104897","18105192","chr2","81991105","81991401","39","63886208"
"chrX","18241948","18242255","chr18","51183412","51183721","34","32941464"
"chrX","18341818","18342099","chr7","120751921","120752204","33","102410103"
"chrX","18419515","18419814","chr13","32817425","32817728","29","14397910"
"chrX","18429794","18430113","chr11","111527407","111527720","55","93097613"
"chrX","18443675","18443984","chr4","103942747","103943051","42","85499072"
"chrX","18447977","18448265","chr9","30302448","30302737","39","11854471"
"chrX","18452936","18453242","chr8","56930396","56930703","32","38477460"
"chrX","18546241","18546546","chrX","105853714","105854022","34","87307473"
"chrX","18547598","18547890","chr10","18415650","18415939","40","131948"
"chrX","18555431","18555722","chr3","103398952","103399243","38","84843521"
"chrX","18568547","18568859","chr3","170270347","170270653","39","151701800"
"chrX","18600426","18600732","chr5","112285458","112285758","38","93685032"
"chrX","18635583","18635875","chr9","113200398","113200692","40","94564815"
"chrX","18678753","18679075","chrX","44962032","44962338","46","26283279"
"chrX","18754465","18754756","chr10","79154399","79154691","41","60399934"
"chrX","18770590","18770899","chrX","17620199","17620501","39","1150391"
"chrX","18816440","18816729","chr12","89381664","89381963","39","70565224"
"chrX","19548972","19549273","chr2","102989050","102989349","33","83440078"
"chrX","19828670","19828941","chr10","25306613","25306889","52","5477943"
"chrX","19875642","19875917","chr19","4435815","4436091","45","15439827"
"chrX","20265508","20265798","chr16","11591797","11592089","40","8673711"
"chrX","20282720","20283012","chrX","19132745","19133018","51","1149975"
"chrX","20311270","20311566","chr11","114923633","114923926","39","94612363"
"chrX","20320907","20321208","chr1","43639311","43639611","36","23318404"
"chrX","20382630","20382923","chr2","71450909","71451205","34","51068279"
"chrX","20423649","20423942","chr10","70855011","70855300","43","50431362"
"chrX","20424640","20424938","chr3","36848916","36849214","34","16424276"
"chrX","20494920","20495221","chr5","129540548","129540844","41","109045628"
"chrX","20495400","20495695","chr12","69807997","69808295","42","49312597"
"chrX","20664122","20664422","chr1","18792684","18792991","36","1871438"
"chrX","20947383","20947637","chr14","85601211","85601476","51","64653828"
"chrX","20964308","20964617","chr3","124597695","124597995","44","103633387"
"chrX","21000221","21000499","chr5","174278831","174279121","63","153278610"
"chrX","21178611","21178916","chr11","121438701","121439000","36","100260090"
"chrX","21375470","21375720","chr10","17090334","17090586","40","4285136"
"chrX","21607520","21607811","chrX","62948145","62948432","46","41340625"
"chrX","21648876","21649181","chr1","64051762","64052063","46","42402886"
"chrX","21652249","21652538","chr16","45339014","45339298","40","23686765"
"chrX","21812852","21813161","chr1","7993999","7994304","33","13818853"
"chrX","21823076","21823376","chr7","37449373","37449676","39","15626297"
"chrX","21897499","21897798","chr10","14842702","14842998","42","7054797"
"chrX","22230339","22230625","chr15","18305069","18305357","47","3925270"
"chrX","22242230","22242507","chr1","127703616","127703888","43","105461386"
"chrX","22271286","22271589","chr1","20012770","20013073","35","2258516"
"chrX","22274119","22274430","chrX","105763749","105764060","43","83489630"
"chrX","22298102","22298402","chr4","69347489","69347789","31","47049387"
"chrX","22313167","22313460","chrX","21037301","21037595","29","1275866"
"chrX","22320481","22320793","chr4","40995678","40995988","47","18675197"
"chrX","22351051","22351306","chr18","12569544","12569800","40","9781507"
"chrX","22370546","22370852","chr12","51845288","51845587","33","29474742"
"chrX","22378309","22378580","chr9","47047942","47048215","42","24669633"
"chrX","22379782","22380069","chr15","98436053","98436336","49","76056271"
"chrX","22382098","22382372","chr13","96327520","96327799","40","73945422"
"chrX","22400881","22401178","chr11","4016647","4016949","36","18384234"
"chrX","22410934","22411217","chr7","113613137","113613417","54","91202203"
"chrX","22412663","22412938","chr7","1797384","1797659","42","20615279"
"chrX","22439470","22439760","chr17","38293773","38294062","33","15854303"
"chrX","22452362","22452663","chr15","77704231","77704533","39","55251869"
"chrX","22473124","22473424","chr7","51683183","51683481","42","29210059"
"chrX","22474344","22474645","chr9","26524878","26525177","40","4050534"
"chrX","22503521","22503829","chr4","56503347","56503657","30","33999826"
"chrX","22509481","22509756","chr16","71174078","71174350","46","48664597"
"chrX","22528270","22528550","chr15","21464395","21464674","37","1063875"
"chrX","22539195","22539489","chrX","21721183","21721477","46","818012"
"chrX","22545498","22545786","chr1","112796504","112796791","41","90251006"
"chrX","22566419","22566719","chr1","18852431","18852735","36","3713988"
"chrX","22588216","22588508","chr4","111038350","111038648","36","88450134"
"chrX","22596251","22596559","chr6","133869535","133869843","36","111273284"
"chrX","22597157","22597464","chr11","94271683","94272001","43","71674526"
"chrX","22611411","22611687","chrX","45685008","45685285","33","23073597"
"chrX","22637384","22637678","chr10","20861365","20861656","36","1776019"
"chrX","22644714","22645010","chr9","20941332","20941626","32","1703382"
"chrX","22694589","22694892","chr4","30351777","30352087","48","7657188"
"chrX","22697712","22698026","chr5","118586096","118586412","45","95888384"
"chrX","22703861","22704166","chr6","128110448","128110754","42","105406587"
"chrX","22707544","22707842","chr17","12723410","12723708","41","9984134"
"chrX","22709412","22709710","chr3","66701770","66702068","43","43992358"
"chrX","22735424","22735716","chr4","138375049","138375346","42","115639625"
"chrX","22751841","22752108","chr11","37936841","37937108","39","15185000"
"chrX","22754976","22755271","chrX","15964082","15964380","41","6790894"
"chrX","22813961","22814265","chr16","21958952","21959252","44","855009"
"chrX","22820814","22821124","chr10","67405046","67405353","38","44584232"
"chrX","22859792","22859925","chr8","118071709","118071836","27","95211917"
"chrX","22893032","22893318","chr16","56231923","56232210","39","33338891"
"chrX","22927581","22927873","chr1","94365322","94365615","40","71437741"
"chrX","22990430","22990690","chr1","32467561","32467829","58","9477131"
"chrX","23079323","23079629","chr11","30830523","30830826","39","7751200"
"chrX","23095496","23095598","chr10","79957137","79957242","12","56861641"
"chrX","23123881","23124151","chr9","101875274","101875543","49","78751393"
"chrX","23195156","23195450","chr1","55214758","55215045","38","32019602"
"chrX","23217426","23217562","chr3","82623499","82623631","19","59406073"
"chrX","23245963","23246263","chrX","43883084","43883389","36","20637121"
"chrX","23275214","23275499","chr13","36289","36581","43","23238925"
"chrX","23277199","23277460","chrX","21960566","21960826","40","1316633"
"chrX","23281967","23282254","chr8","134515309","134515602","38","111233342"
"chrX","23292301","23292586","chr6","144918364","144918646","44","121626063"
"chrX","23328236","23328527","chr2","38884008","38884302","39","15555772"
"chrX","23416382","23416652","chrX","22096869","22097140","37","1319513"
"chrX","23541812","23542103","chr11","114923633","114923926","42","91381821"
"chrX","23588145","23588470","chr1","208230438","208230739","56","184642293"
"chrX","23669121","23669401","chr1","171838239","171838516","49","148169118"
"chrX","23673239","23673546","chr15","37754984","37755288","43","14081745"
"chrX","23762086","23762367","chr7","50029502","50029782","40","26267416"
"chrX","23959330","23959644","chrX","22639265","22639575","46","1320065"
"chrX","24037692","24037983","chr11","114923633","114923926","44","90885941"
"chrX","24118012","24118262","chr19","11306784","11307035","37","12811228"
"chrX","24328241","24328457","chrX","23005096","23005307","27","1323145"
"chrX","24409215","24409512","chr5","52449180","52449473","45","28039965"
"chrX","24432430","24432741","chr17","8929510","8929818","46","15502920"
"chrX","24567770","24568066","chr7","90971726","90972022","37","66403956"
"chrX","24585917","24586218","chr3","34969388","34969689","40","10383471"
"chrX","24775454","24775741","chr7","12877917","12878207","40","11897537"
"chrX","24932786","24933085","chr12","35031886","35032181","46","10099100"
"chrX","24991405","24991651","chr11","110847057","110847312","45","85855652"
"chrX","25147610","25147907","chr7","36979903","36980199","46","11832293"
"chrX","25319084","25319364","chr15","88437210","88437494","43","63118126"
"chrX","25452737","25452947","chr7","40103440","40103645","55","14650703"
"chrX","25453048","25453355","chr9","61900736","61901039","39","36447688"
"chrX","25553365","25553657","chr3","24783656","24783946","41","769709"
"chrX","25618788","25618991","chr16","62512812","62513013","27","36894024"
"chrX","25662974","25663269","chr1","94365322","94365615","40","68702348"
"chrX","25822465","25822752","chr4","79455473","79455733","63","53633008"
"chrX","26089260","26089559","chr5","2577333","2577630","38","23511927"
"chrX","26223536","26223797","chr6","164769454","164769719","44","138545918"
"chrX","26288585","26288746","chrX","44562035","44562194","24","18273450"
"chrX","26340969","26341273","chr14","101415607","101415906","44","75074638"
"chrX","26356944","26357238","chr2","55819634","55819932","38","29462690"
"chrX","26465737","26466023","chr20","37507575","37507860","37","11041838"
"chrX","26909336","26909534","chr13","53254844","53255047","41","26345508"
"chrX","26940213","26940498","chr7","5627046","5627330","40","21313167"
"chrX","26967581","26967880","chr1","13865146","13865450","54","13102435"
"chrX","27024337","27024619","chrX","25595320","25595608","39","1429017"
"chrX","27055211","27055502","chr4","66020231","66020526","44","38965020"
"chrX","27154063","27154359","chr15","101493605","101493896","41","74339542"
"chrX","27186737","27187028","chr1","94365322","94365615","35","67178585"
"chrX","27258856","27259167","chrX","43179195","43179504","37","15920339"
"chrX","27278293","27278579","chrX","25862804","25863085","37","1415489"
"chrX","27297646","27297945","chr15","90208474","90208772","39","62910828"
"chrX","27325786","27326090","chrX","90798452","90798764","46","63472666"
"chrX","27386254","27386540","chr3","41169477","41169767","46","13783223"
"chrX","27419416","27419720","chr10","74963862","74964162","41","47544446"
"chrX","27627211","27627510","chr14","17983121","17983420","43","9644090"
"chrX","27708252","27708535","chr16","66408804","66409087","40","38700552"
"chrX","27746282","27746567","chr6","89880871","89881161","41","62134589"
"chrX","27779303","27779598","chr12","38645893","38646186","29","10866590"
"chrX","27798530","27798810","chr3","177583438","177583720","44","149784908"
"chrX","27802586","27802896","chr7","130592341","130592641","59","102789755"
"chrX","27819202","27819494","chr2","71450909","71451205","47","43631707"
"chrX","27850327","27850625","chr17","30611756","30612052","32","2761429"
"chrX","27880936","27881233","chr4","10912888","10913182","43","16968048"
"chrX","27909583","27909867","chr16","63276450","63276738","41","35366867"
"chrX","27913778","27914060","chr16","2686936","2687217","43","25226842"
"chrX","27946355","27946646","chr16","50840979","50841269","42","22894624"
"chrX","27949663","27949966","chr10","14597196","14597506","39","13352467"
"chrX","28033545","28033836","chr1","205682687","205682975","41","177649142"
"chrX","28112309","28112591","chr16","39948450","39948732","44","11836141"
"chrX","28139360","28139663","chr6","157477970","157478279","37","129338610"
"chrX","28147553","28147839","chr1","124250793","124251086","48","96103240"
"chrX","28318020","28318327","chr3","61280488","61280798","31","32962468"
"chrX","28458460","28458748","chr14","7453274","7453561","53","21005186"
"chrX","28503339","28503640","chr6","136733017","136733318","34","108229678"
"chrX","28520769","28521084","chr16","44905159","44905467","54","16384390"
"chrX","28544651","28544948","chr8","35956765","35957060","38","7412114"
"chrX","28634843","28635095","chr19","36065048","36065308","35","7430205"
"chrX","28748605","28748894","chr1","163039410","163039702","39","134290805"
"chrX","28907644","28907950","chr16","17896801","17897110","49","11010843"
"chrX","29036222","29036504","chr10","62315260","62315548","37","33279038"
"chrX","29151282","29151414","chr2","37679475","37679607","19","8528193"
"chrX","29171740","29172047","chr4","3588537","3588838","36","25583203"
"chrX","29182188","29182498","chr1","47596774","47597083","53","18414586"
"chrX","29185988","29186286","chr1","946135","946434","43","28239853"
"chrX","29221554","29221839","chr1","54558848","54559134","44","25337294"
"chrX","29233093","29233383","chr9","84466373","84466663","44","55233280"
"chrX","29252896","29253205","chr19","35631401","35631709","36","6378505"
"chrX","29259414","29259699","chr6","150478906","150479188","41","121219492"
"chrX","29263374","29263665","chr11","75342336","75342628","44","46078962"
"chrX","29326028","29326326","chr13","107030178","107030478","40","77704150"
"chrX","29327589","29327879","chr13","68982542","68982833","41","39654953"
"chrX","29388171","29388469","chr4","41014077","41014379","42","11625906"
"chrX","29399607","29399913","chr2","78269127","78269429","37","48869520"
"chrX","29414098","29414415","chr18","39066869","39067188","48","9652771"
"chrX","29465267","29465350","chr1","139339573","139339655","26","109874306"
"chrX","29470591","29470888","chr1","67368758","67369056","40","37898167"
"chrX","29550219","29550518","JH682036","358126","358421","31","29192093"
"chrX","29601470","29601763","chr9","7025626","7025918","30","22575844"
"chrX","29701345","29701578","chr16","44892798","44893041","38","15191453"
"chrX","29928998","29929304","chr2","39160986","39161280","52","9231988"
"chrX","29958169","29958477","chr9","87395374","87395673","51","57437205"
"chrX","30121889","30122180","chr7","116541236","116541527","36","86419347"
"chrX","30180134","30180436","chr7","37449373","37449676","37","7269239"
"chrX","30182295","30182594","chr3","17627009","17627312","46","12555286"
"chrX","30201179","30201470","chr10","62315260","62315548","49","32114081"
"chrX","30246403","30246688","chr6","37807253","37807537","31","7560850"
"chrX","30285037","30285322","chr3","37045217","37045509","53","6760180"
"chrX","30454584","30454890","chr2","1221160","1221466","46","29233424"
"chrX","30564592","30564880","chr10","76959186","76959476","52","46394594"
"chrX","30577569","30577880","chr16","32176074","32176385","38","1598505"
"chrX","30625064","30625290","chr13","71017466","71017686","32","40392402"
"chrX","30703392","30703704","chr10","85616264","85616571","39","54912872"
"chrX","30793536","30793827","chr2","126433678","126433974","43","95640142"
"chrX","30984402","30984678","chr7","71414389","71414681","54","40429987"
"chrX","31061980","31062242","chr8","94095648","94095927","56","63033668"
"chrX","31343686","31343973","chr10","11660818","11661104","44","19682868"
"chrX","31364746","31364983","chr4","25060244","25060502","52","6304502"
"chrX","31480535","31480829","chr11","3653031","3653328","41","27827504"
"chrX","31819873","31820157","chr4","11123588","11123874","40","20696285"
"chrX","31839448","31839750","chr13","127856958","127857258","49","96017510"
"chrX","31848748","31849056","chr19","16794959","16795271","40","15053789"
"chrX","31905736","31906030","chr1","124250793","124251086","48","92345057"
"chrX","31920353","31920657","chr2","143668089","143668393","51","111747736"
"chrX","31934340","31934640","chr7","79652641","79652943","35","47718301"
"chrX","31945612","31945899","chrX","134515872","134516158","44","102570260"
"chrX","31949322","31949608","chr1","158198823","158199105","48","126249501"
"chrX","31956452","31956729","chr1","23518652","23518919","54","8437800"
"chrX","31959495","31959755","chr7","130654165","130654431","49","98694670"
"chrX","31960917","31961223","chr4","151432154","151432460","42","119471237"
"chrX","31988426","31988530","chr17","44497606","44497708","19","12509180"
"chrX","31991515","31991830","chr4","34365154","34365445","65","2373639"
"chrX","32009082","32009383","chr7","147165636","147165932","54","115156554"
"chrX","32035209","32035508","chr18","14005741","14006037","43","18029468"
"chrX","32038361","32038642","chr7","117030480","117030769","43","84992119"
"chrX","32101901","32102195","chr15","78953274","78953566","42","46851373"
"chrX","32152858","32153181","chrX","44962032","44962338","50","12809174"
"chrX","32192546","32192831","chr6","89880871","89881161","37","57688325"
"chrX","32331864","32332161","chr15","7511435","7511732","51","24820429"
"chrX","32422713","32423013","chr13","32817425","32817728","36","394712"
"chrX","32611544","32611842","chr11","6947237","6947530","44","25664307"
"chrX","32633222","32633509","chr16","18796729","18797022","46","13836493"
"chrX","32853748","32854033","chrX","128898114","128898399","41","96044366"
"chrX","33023007","33023227","chr7","121329046","121329267","30","88306039"
"chrX","33090032","33090340","chr2","81270293","81270586","47","48180261"
"chrX","33306377","33306650","chr17","83612278","83612557","50","50305901"
"chrX","33432877","33433168","chrX","31832174","31832481","52","1600703"
"chrX","33576855","33577108","chr15","55558246","55558501","49","21981391"
"chrX","33710583","33710879","chr6","165724904","165725204","53","132014321"
"chrX","33764569","33764865","chr3","45626371","45626668","36","11861802"
"chrX","33801405","33801715","chr7","73560013","73560323","41","39758608"
"chrX","33974959","33975241","chr13","25429301","25429585","39","8545658"
"chrX","34009606","34009912","chr6","157477970","157478279","47","123468364"
"chrX","34071241","34071531","chr17","64527484","64527786","47","30456243"
"chrX","34175269","34175575","chr6","99791815","99792122","43","65616546"
"chrX","34500070","34500205","chr6","163810058","163810199","19","129309988"
"chrX","34527629","34527922","chr19","45993421","45993713","39","11465792"
"chrX","34559625","34559915","chr4","85212855","85213140","44","50653230"
"chrX","34579144","34579449","chr13","32817425","32817728","35","1761719"
"chrX","34612172","34612474","chr12","39093410","39093701","45","4481238"
"chrX","34618250","34618335","chr13","125454879","125454959","14","90836629"
"chrX","34729819","34730100","chr6","36792438","36792730","51","2062619"
"chrX","34784996","34785293","chr4","13346653","13346950","37","21438343"
"chrX","34797551","34797836","chr7","9640118","9640406","41","25157433"
"chrX","34817201","34817506","chr6","65513331","65513633","38","30696130"
"chrX","34833419","34833655","chr1","100959718","100959948","53","66126299"
"chrX","34921087","34921384","chr1","91521758","91522057","47","56600671"
"chrX","34977301","34977532","chr10","76202595","76202819","33","41225294"
"chrX","35046357","35046617","chr10","12259118","12259370","42","22787239"
"chrX","35193504","35193788","chrX","33586954","33587237","37","1606550"
"chrX","35227664","35227968","chr16","70227258","70227557","50","34999594"
"chrX","35372261","35372545","chrX","62378326","62378608","39","27006065"
"chrX","35384128","35384407","chr1","42849336","42849610","45","7465208"
"chrX","35487490","35487643","chrX","25848795","25848947","32","9638695"
"chrX","35589191","35589489","chr1","185536349","185536645","46","149947158"
"chrX","35617711","35618003","chr11","130887266","130887559","39","95269555"
"chrX","35725999","35726295","chr9","15247736","15248032","37","20478263"
"chrX","35857742","35858056","chr6","64837065","64837367","64","28979323"
"chrX","35923505","35923812","chr13","23501079","23501388","32","12422426"
"chrX","36019187","36019304","chr13","13692390","13692506","18","22326797"
"chrX","36035090","36035379","chr6","142572268","142572563","42","106537178"
"chrX","36061560","36061845","chr14","50817121","50817406","45","14755561"
"chrX","36111798","36112104","chr10","16049988","16050292","41","20061810"
"chrX","36130995","36131299","chr16","21958952","21959252","43","14172043"
"chrX","36491057","36491359","chr14","25551767","25552067","35","10939290"
"chrX","36592237","36592516","chr12","67948525","67948805","43","31356288"
"chrX","36767732","36768033","chr1","213070791","213071090","34","176303059"
"chrX","37004515","37004797","chr4","131374689","131374976","36","94370174"
"chrX","37027023","37027314","chr1","128231015","128231307","39","91203992"
"chrX","37068580","37068885","chr6","121630847","121631152","42","84562267"
"chrX","37079634","37079941","chr7","77029098","77029406","46","39949464"
"chrX","37132807","37132946","chrX","25617458","25617595","21","11515349"
"chrX","37145001","37145296","chr13","29664369","29664664","42","7480632"
"chrX","37185549","37185823","chr19","32515288","32515561","32","4670261"
"chrX","37218567","37218862","chr12","80362467","80362771","46","43143900"
"chrX","37587197","37587500","chr8","28037586","28037897","47","9549611"
"chrX","37647878","37648138","chr7","147219267","147219530","36","109571389"
"chrX","37658481","37658613","chr18","24104552","24104687","16","13553929"
"chrX","37661028","37661325","chr3","45626371","45626668","30","7965343"
"chrX","37695288","37695561","chr2","39029241","39029515","33","1333953"
"chrX","37938425","37938726","chr11","47109922","47110224","35","9171497"
"chrX","38328207","38328496","chr15","41303117","41303404","42","2974910"
"chrX","38622937","38623237","chr2","184580196","184580486","49","145957259"
"chrX","38644550","38644848","chr3","124597695","124597995","41","85953145"
"chrX","38662608","38662913","chr13","94206422","94206724","34","55543814"
"chrX","38698862","38699160","chr3","171382925","171383221","56","132684063"
"chrX","38743269","38743571","chr11","7017396","7017703","42","31725873"
"chrX","38793619","38793914","chr6","142572268","142572563","38","103778649"
"chrX","38827359","38827645","chr16","45339014","45339298","43","6511655"
"chrX","38850517","38850809","chr2","131177751","131178039","41","92327234"
"chrX","38863039","38863337","chr3","34969388","34969689","40","3893651"
"chrX","38883177","38883478","chr8","111500920","111501220","38","72617743"
"chrX","38965790","38966065","chr6","132179472","132179753","48","93213682"
"chrX","39023552","39023831","chr1","31479476","31479756","45","7544076"
"chrX","39026228","39026511","chr3","178746853","178747140","36","139720625"
"chrX","39054247","39054494","chr15","105505769","105506028","45","66451522"
"chrX","39063609","39063935","chr18","37799855","37800179","43","1263754"
"chrX","39080634","39080911","chr2","39029241","39029515","47","51393"
"chrX","39111440","39111741","chr14","53927134","53927436","38","14815694"
"chrX","39117580","39117893","chrX","44962032","44962338","44","5844452"
"chrX","39225609","39225916","chr5","89929633","89929935","39","50704024"
"chrX","39250478","39250786","chr14","10791324","10791635","44","28459154"
"chrX","39264609","39264905","chr7","119318898","119319190","39","80054289"
"chrX","39289032","39289311","chr19","7821204","7821487","38","31467828"
"chrX","39331188","39331481","chrX","20846410","20846706","38","18484778"
"chrX","39379280","39379578","chr10","29691322","29691619","42","9687958"
"chrX","39424522","39424777","chr7","67057279","67057531","33","27632757"
"chrX","39428193","39428486","chr5","52449180","52449473","38","13020987"
"chrX","39434279","39434574","chr15","22561456","22561749","38","16872823"
"chrX","39443333","39443636","chr13","32817425","32817728","34","6625908"
"chrX","39496717","39496967","chr10","71599258","71599505","43","32102541"
"chrX","39547495","39547793","chr9","20271265","20271563","39","19276230"
"chrX","39628254","39628569","chr5","52067156","52067469","39","12438902"
"chrX","39747026","39747330","chr12","48247451","48247755","39","8500425"
"chrX","39772169","39772468","chr20","5343907","5344203","36","34428262"
"chrX","39793397","39793695","chr11","31591981","31592280","39","8201416"
"chrX","39800559","39800852","chr4","34747186","34747478","42","5053373"
"chrX","39812940","39813205","chr2","49059917","49060182","33","9246977"
"chrX","39825581","39825880","chrX","20846410","20846706","34","18979171"
"chrX","39929155","39929465","chr16","58102209","58102520","36","18173054"
"chrX","39931008","39931306","chr20","39659316","39659610","46","271692"
"chrX","39973271","39973564","chr1","94365322","94365615","35","54392051"
"chrX","39974068","39974375","chr5","32469834","32470141","35","7504234"
"chrX","39987007","39987308","chr2","46682521","46682821","34","6695514"
"chrX","39990177","39990482","chr16","47869063","47869366","44","7878886"
"chrX","39996109","39996341","chr11","71045850","71046097","45","31049741"
"chrX","40028410","40028697","chr7","117030480","117030769","41","77002070"
"chrX","40036602","40036910","chr10","85442324","85442631","44","45405722"
"chrX","40094585","40094872","chr4","21639394","21639688","38","18455191"
"chrX","40132902","40133157","chr4","69040830","69041080","46","28907928"
"chrX","40160964","40161267","chr2","76967266","76967577","42","36806302"
"chrX","40162620","40162741","chr8","51403248","51403379","31","11240628"
"chrX","40162996","40163202","chr8","41454467","41454670","63","1291471"
"chrX","40182816","40183108","chr6","142572268","142572563","33","102389452"
"chrX","40191311","40191619","chr1","65760806","65761108","38","25569495"
"chrX","40196902","40197203","chr13","32817425","32817728","27","7379477"
"chrX","40199295","40199582","chrX","16650814","16651100","32","23548481"
"chrX","40218453","40218754","chr1","41160582","41160892","43","942129"
"chrX","40233812","40234099","chr10","20861365","20861656","37","19372447"
"chrX","40260838","40261140","chr3","124597695","124597995","35","84336857"
"chrX","40268398","40268693","chr20","19191326","19191624","41","21077072"
"chrX","40269408","40269714","chr6","124714488","124714790","41","84445080"
"chrX","40278681","40278971","chrX","112314689","112314977","42","72036008"
"chrX","40310848","40311154","chrX","38651233","38651534","38","1659615"
"chrX","40314321","40314622","chr16","50298577","50298876","39","9984256"
"chrX","40316292","40316399","chr5","62110163","62110265","19","21793871"
"chrX","40320694","40321003","chr2","24049704","24050010","41","16270990"
"chrX","40331983","40332250","chr14","8680117","8680387","34","31651866"
"chrX","40337136","40337441","chr1","128155382","128155688","33","87818246"
"chrX","40343646","40343953","chr9","111691034","111691341","45","71347388"
"chrX","40347537","40347796","chr6","37539523","37539787","44","2808014"
"chrX","40360040","40360334","chrX","38693016","38693309","37","1667024"
"chrX","40363957","40364264","chr1","18346698","18347011","43","22017259"
"chrX","40379929","40380202","chr9","92292916","92293201","41","51912987"
"chrX","40521666","40521885","chrX","38858528","38858745","32","1663138"
"chrX","40530521","40530808","chr7","133065043","133065330","33","92534522"
"chrX","40556695","40556998","chr8","99548469","99548767","37","58991774"
"chrX","40648702","40649004","chr6","132771815","132772114","38","92123113"
"chrX","40745754","40746047","chr10","78814374","78814666","42","38068620"
"chrX","40844089","40844277","chr7","157131466","157131661","33","116287377"
"chrX","40937190","40937463","chr2","39029241","39029515","41","1907949"
"chrX","41147638","41147920","chr9","21727686","21727969","53","19419952"
"chrX","41304159","41304435","chr6","165620960","165621235","51","124316801"
"chrX","41596816","41597103","chr15","67814308","67814596","50","26217492"
"chrX","41680426","41680728","chr9","11046146","11046452","38","30634280"
"chrX","41761806","41762055","chr1","124420303","124420554","38","82658497"
"chrX","41886869","41887126","chr4","79455473","79455733","42","37568604"
"chrX","41963912","41964213","chr7","16206849","16207148","46","25757063"
"chrX","41964855","41965127","chr19","32542177","32542468","55","9422678"
"chrX","42127118","42127427","chr3","173964513","173964818","38","131837395"
"chrX","42225365","42225700","chr3","39810411","39810728","79","2414954"
"chrX","42271527","42271802","chr9","60832680","60832955","46","18561153"
"chrX","42363866","42364157","chr8","90463712","90464008","36","48099846"
"chrX","42415968","42416348","chr19","11995413","11995744","101","30420555"
"chrX","42476894","42477184","chrX","43224571","43224857","42","747677"
"chrX","42512818","42513128","chr12","84984564","84984874","51","42471746"
"chrX","42580666","42580970","chr13","99722238","99722539","35","57141572"
"chrX","42583363","42583655","chr19","38513628","38513926","47","4069735"
"chrX","42590453","42590749","chr1","124250793","124251086","31","81660340"
"chrX","42593379","42593652","chr8","10859295","10859575","42","31734084"
"chrX","42594914","42595214","chrX","40871019","40871321","37","1723895"
"chrX","42634373","42634658","chr4","42978083","42978371","39","343710"
"chrX","42648749","42649054","chr1","11912016","11912323","36","30736733"
"chrX","42650392","42650678","chr7","119005570","119005858","50","76355178"
"chrX","42837336","42837641","chr3","53057520","53057824","46","10220184"
"chrX","42985052","42985174","chr7","43693641","43693766","17","708589"
"chrX","43014652","43014947","chr15","78953274","78953566","40","35938622"
"chrX","43040968","43041273","chr2","186451766","186452061","46","143410798"
"chrX","43085986","43086291","chr4","35271785","35272086","40","7814201"
"chrX","43094958","43095248","chr2","50899131","50899433","43","7804173"
"chrX","43251589","43251884","chr1","40137387","40137679","42","3114202"
"chrX","43254129","43254431","chr19","3064712","3065012","37","40189417"
"chrX","43262995","43263309","chr6","114684547","114684859","45","71421552"
"chrX","43272634","43272933","chr4","107911095","107911379","47","64638461"
"chrX","43293793","43294086","chr9","7025626","7025918","33","36268167"
"chrX","43298352","43298652","chrX","128569263","128569566","35","85270911"
"chrX","43316263","43316581","chr6","148752882","148753187","47","105436619"
"chrX","43325879","43326179","chr3","87661749","87662047","41","44335870"
"chrX","43332668","43332936","chr1","47626078","47626342","45","4293410"
"chrX","43391299","43391595","chr3","33506835","33507132","32","9884464"
"chrX","43458040","43458128","chr7","9086730","9086812","15","34371310"
"chrX","43471104","43471404","chr20","41843762","41844061","30","1627342"
"chrX","43491367","43491656","chr10","18063347","18063639","41","25428020"
"chrX","43494158","43494464","chr4","111170928","111171236","36","67676770"
"chrX","43502973","43503261","chr2","55010925","55011223","43","11507952"
"chrX","43505760","43506045","chr6","85164852","85165135","37","41659092"
"chrX","43514942","43515189","chr16","58972818","58973067","37","15457876"
"chrX","43519749","43520041","chr14","106845031","106845323","41","63325282"
"chrX","43559305","43559602","chrX","65137484","65137780","42","21578179"
"chrX","43560881","43561175","chr7","161112919","161113213","39","117552038"
"chrX","43563845","43564125","chr16","45339014","45339298","48","1775169"
"chrX","43572877","43573133","chrX","122712517","122712780","38","79139640"
"chrX","43578027","43578286","chr1","38289599","38289859","45","5288428"
"chrX","43579268","43579570","chr1","19736141","19736436","47","23843127"
"chrX","43581451","43581745","chr17","30611756","30612052","45","12969695"
"chrX","43629268","43629571","chr4","104321238","104321544","33","60691970"
"chrX","43632534","43632845","chr1","7993999","7994304","43","35638535"
"chrX","43635730","43636022","chr13","70390537","70390830","38","26754807"
"chrX","43656672","43656978","chr8","120051374","120051685","43","76394702"
"chrX","43682126","43682436","chrX","122766989","122767301","36","79084863"
"chrX","43682443","43682730","chrX","41743755","41744064","60","1938688"
"chrX","43702761","43703062","chr13","32817425","32817728","34","10885336"
"chrX","43707600","43707911","chr3","43245554","43245862","46","462046"
"chrX","43719361","43719655","chr6","57093643","57093937","39","13374282"
"chrX","43745515","43745824","chr7","16645587","16645893","52","27099928"
"chrX","43767147","43767449","chr1","152625689","152625995","39","108858542"
"chrX","43783403","43783700","chr13","32817425","32817728","41","10965978"
"chrX","43786946","43787236","chr4","103431771","103432066","39","59644825"
"chrX","43788810","43789098","chr3","109460308","109460601","51","65671498"
"chrX","43809139","43809418","chr10","81912095","81912379","54","38102956"
"chrX","43814712","43814999","chr5","96598837","96599116","52","52784125"
"chrX","43829517","43829824","chr2","83271537","83271849","33","39442020"
"chrX","43836605","43836899","chr12","51845288","51845587","40","8008683"
"chrX","43852278","43852568","chr1","43483243","43483537","44","369035"
"chrX","43867738","43868039","chr1","67368758","67369056","37","23501020"
"chrX","43931926","43932209","chr5","23250340","23250628","39","20681586"
"chrX","43941841","43942136","chr1","185903042","185903338","31","141961201"
"chrX","44039824","44040122","chr17","83808601","83808892","46","39768777"
"chrX","44068662","44068962","chr8","22017351","22017655","27","22051311"
"chrX","44375101","44375404","chr15","53990850","53991154","42","9615749"
"chrX","44442715","44442991","chr10","34187353","34187638","47","10255362"
"chrX","44478557","44478842","chr5","132631825","132632108","52","88153268"
"chrX","44543878","44544190","chr3","55917536","55917836","54","11373658"
"chrX","44753750","44754042","chr6","151368944","151369238","38","106615194"
"chrX","44770520","44770835","chr10","25243153","25243464","45","19527367"
"chrX","44784345","44784613","chr3","55468324","55468603","52","10683979"
"chrX","44791107","44791347","chr3","87423234","87423477","35","42632127"
"chrX","44817599","44817897","chr1","124998618","124998915","30","80181019"
"chrX","44838765","44838891","chrX","42897299","42897427","14","1941466"
"chrX","44852696","44852997","chr6","157477970","157478279","46","112625274"
"chrX","44871333","44871623","chr1","208996955","208997260","42","164125622"
"chrX","44995432","44995708","chr14","8680117","8680387","39","36315315"
"chrX","45132219","45132517","chr19","35482053","35482349","39","9650166"
"chrX","45198920","45199223","chr20","22067435","22067735","33","23131485"
"chrX","45204292","45204592","chr13","23010864","23011159","34","22193428"
"chrX","45271936","45272230","chr1","124840482","124840785","48","79568546"
"chrX","45328208","45328495","chr9","92292916","92293201","42","46964708"
"chrX","45329203","45329485","chr3","47554571","47554851","38","2225368"
"chrX","45366024","45366326","chr13","107030178","107030478","38","61664154"
"chrX","45426852","45427146","chr1","94365322","94365615","41","48938470"
"chrX","45436145","45436481","chr4","16782782","16783092","62","28653363"
"chrX","45440519","45440834","chr3","10482926","10483222","45","34957593"
"chrX","45440881","45441108","chrX","64477699","64477938","50","19036818"
"chrX","45444064","45444363","chr16","47869063","47869366","35","2424999"
"chrX","45487348","45487648","chr3","38447004","38447303","37","7040344"
"chrX","45487683","45487970","chr4","14138385","14138664","48","31349298"
"chrX","45492361","45492636","chr6","132179472","132179753","38","86687111"
"chrX","45557816","45558113","chr1","65662451","65662746","43","20104635"
"chrX","45604532","45604821","chr19","48620293","48620583","38","3015761"
"chrX","45724966","45725258","chr5","135892746","135893042","50","90167780"
"chrX","45726019","45726325","chr13","43982662","43982972","48","1743357"
"chrX","45747705","45747978","chr9","3972630","3972899","48","41775075"
"chrX","45767134","45767423","chrX","120449710","120449993","43","74682576"
"chrX","45777513","45777803","chr1","128477471","128477761","44","82699958"
"chrX","45801378","45801680","chr13","7569072","7569377","48","38232306"
"chrX","45804301","45804594","JH682036","358126","358421","36","45446175"
"chrX","45807257","45807549","chr16","44747687","44747978","38","1059570"
"chrX","45825379","45825657","chr7","65037501","65037778","43","19212122"
"chrX","45840853","45841156","chr2","55010925","55011223","34","9170072"
"chrX","45849107","45849396","chr17","59897635","59897909","52","14048528"
"chrX","45925403","45925709","chrX","45487697","45487995","47","437706"
"chrX","45926961","45927272","chr7","73560013","73560323","39","27633052"
"chrX","46010635","46010911","chrX","115646933","115647204","34","69636298"
"chrX","46102739","46103045","chr15","86129114","86129421","43","40026375"
"chrX","46114263","46114562","chr15","35190462","35190761","36","10923801"
"chrX","46147214","46147495","chr2","96514589","96514879","50","50367375"
"chrX","46150965","46151254","chr20","4922509","4922797","58","41228456"
"chrX","46151586","46151789","chr12","57289824","57290026","29","11138238"
"chrX","46156606","46156893","chr7","49208770","49209048","41","3052164"
"chrX","46157133","46157465","chr14","10173516","10173832","51","35983617"
"chrX","46178183","46178325","chr7","117424070","117424225","33","71245887"
"chrX","46219402","46219704","chr11","10098018","10098319","32","36121384"
"chrX","46228177","46228488","chr1","183262651","183262960","45","137034474"
"chrX","46235328","46235631","chrX","44295113","44295418","37","1940215"
"chrX","46249121","46249435","chr1","18627156","18627466","39","27621965"
"chrX","46269940","46270174","chr6","125155662","125155895","33","78885722"
"chrX","46271764","46271902","chr13","43588935","43589068","36","2682829"
"chrX","46277075","46277366","chr11","59744208","59744500","32","13467133"
"chrX","46288116","46288417","chr2","65047960","65048267","57","18759844"
"chrX","46288886","46289180","chr2","115894653","115894944","43","69605767"
"chrX","46289840","46290144","chr4","151432154","151432460","41","105142314"
"chrX","46328352","46328636","chr10","84356756","84357050","50","38028404"
"chrX","46342668","46342971","chr16","15788944","15789248","36","30553724"
"chrX","46352764","46353075","chr2","144423348","144423659","32","98070584"
"chrX","46358739","46359009","chr7","129217963","129218233","46","82859224"
"chrX","46365353","46365656","chr6","120492723","120493023","36","74127370"
"chrX","46388861","46389162","chr13","32817425","32817728","27","13571436"
"chrX","46393784","46393945","chr16","3400533","3400694","22","42993251"
"chrX","46402606","46402901","chr1","25933166","25933464","42","20469440"
"chrX","46405219","46405523","chr2","126907946","126908248","64","80502727"
"chrX","46428197","46428299","chr7","129073434","129073538","13","82645237"
"chrX","46429243","46429539","chr7","76889431","76889730","29","30460188"
"chrX","46499127","46499417","chr3","125065364","125065656","37","78566237"
"chrX","46525640","46525938","chr3","48298408","48298697","40","1772768"
"chrX","46532936","46533247","chr10","46007696","46008002","50","525240"
"chrX","46534109","46534235","chr11","109951877","109952002","17","63417768"
"chrX","46551267","46551430","chr10","37802057","37802226","28","8749210"
"chrX","46594581","46594864","chr19","44121713","44121997","39","2472868"
"chrX","46606141","46606431","chr2","178187197","178187490","36","131581056"
"chrX","46784689","46784973","chr6","147822924","147823209","35","101038235"
"chrX","46826739","46827028","chr3","48298408","48298697","37","1471669"
"chrX","46890548","46890841","chr4","156392167","156392463","40","109501619"
"chrX","46895572","46895760","chr1","160301052","160301228","32","113405480"
"chrX","46993075","46993366","chr3","10482926","10483222","31","36510149"
"chrX","47005725","47006027","chr7","136280249","136280555","56","89274524"
"chrX","47036688","47036978","chr1","204813267","204813556","33","157776579"
"chrX","47041548","47041843","chr5","2577333","2577630","36","44464215"
"chrX","47056319","47056627","chr12","10181124","10181434","43","36875195"
"chrX","47063234","47063517","chr16","51149232","51149520","42","4085998"
"chrX","47081216","47081519","chr1","11912016","11912323","37","35169200"
"chrX","47092282","47092561","chr3","15132217","15132518","51","31960065"
"chrX","47093985","47094299","chr4","13415707","13416017","50","33678278"
"chrX","47146486","47146786","chr1","124250793","124251086","41","77104307"
"chrX","47154465","47154758","chrX","45548452","45548745","40","1606013"
"chrX","47209547","47209834","chr3","152822996","152823281","33","105613449"
"chrX","47260069","47260228","chr15","89569260","89569423","24","42309191"
"chrX","47266575","47266872","chr9","92635229","92635527","39","45368654"
"chrX","47302813","47303121","chr7","77029098","77029406","37","29726285"
"chrX","47375491","47375761","chr1","24202794","24203071","54","23172697"
"chrX","47396735","47397035","chr17","5494384","5494685","43","41902351"
"chrX","47449231","47449524","chr4","33860712","33861004","44","13588519"
"chrX","47487714","47488003","chr3","40442931","40443220","35","7044783"
"chrX","47495474","47495771","chr10","28852976","28853273","35","18642498"
"chrX","47517521","47517797","chr9","40820473","40820753","42","6697048"
"chrX","47543719","47544013","chr11","114923633","114923926","37","67379914"
"chrX","47544026","47544312","chr10","62315260","62315548","32","14771234"
"chrX","47563760","47563892","chr7","158155171","158155302","18","110591411"
"chrX","47644017","47644268","chr11","120216941","120217193","36","72572924"
"chrX","47645810","47646105","chr6","47089969","47090257","47","555841"
"chrX","47652894","47653045","chr1","113961671","113961817","25","66308777"
"chrX","47654117","47654250","chr4","18435769","18435906","20","29218348"
"chrX","47667093","47667387","chr16","732453","732746","36","46934640"
"chrX","47699541","47699822","chr7","132975622","132975901","52","85276081"
"chrX","47720262","47720549","chr11","12597992","12598282","52","35122270"
"chrX","47726697","47726858","chr5","34570857","34571020","25","13155840"
"chrX","47746571","47746858","chr2","69261395","69261686","31","21514824"
"chrX","47756950","47757241","chr7","52736490","52736780","39","4979540"
"chrX","47760390","47760691","chr18","26757177","26757480","40","21003213"
"chrX","47790835","47791116","chr3","152822996","152823281","40","105032161"
"chrX","47850928","47851138","chr7","155860210","155860412","30","108009282"
"chrX","47865828","47866037","chr3","87393042","87393245","40","39527214"
"chrX","47928295","47928585","chr3","42609670","42609971","50","5318625"
"chrX","47947660","47947965","chr15","74462624","74462912","56","26514964"
"chrX","47969004","47969287","chr2","94343271","94343561","46","46374267"
"chrX","47984146","47984441","chr1","219225924","219226223","44","171241778"
"chrX","48019955","48020223","chrX","122712517","122712780","39","74692562"
"chrX","48105185","48105484","chr15","7561500","7561795","34","40543685"
"chrX","48272839","48273133","chr4","102294705","102295001","44","54021866"
"chrX","48396482","48396762","chrX","139100323","139100604","33","90703841"
"chrX","48441014","48441311","chr7","120310502","120310798","33","71869488"
"chrX","48477819","48478166","chr20","4317920","4318277","84","44159899"
"chrX","48503725","48504016","JH682036","358126","358421","34","48145599"
"chrX","48508314","48508602","chr20","13516848","13517143","48","34991466"
"chrX","48531330","48531629","chr3","43678446","43678742","41","4852884"
"chrX","48695863","48696171","chr5","81950527","81950835","41","33254664"
"chrX","48987971","48988270","chrX","47407441","47407733","50","1580530"
"chrX","49103836","49104148","chr5","52067156","52067469","38","2963320"
"chrX","49140650","49140911","chr10","90525188","90525445","44","41384538"
"chrX","49181922","49182226","chr7","46320166","46320470","41","2861756"
"chrX","49554620","49554911","chr10","27475321","27475611","47","22079299"
"chrX","49670284","49670569","chr9","115152824","115153119","40","65482540"
"chrX","49827379","49827679","chr6","126641819","126642115","37","76814440"
"chrX","49860018","49860270","chr5","48279463","48279707","45","1580555"
"chrX","49885730","49886025","chr15","39654240","39654536","39","10231490"
"chrX","49921996","49922326","chr19","11995413","11995744","64","37926583"
"chrX","49978516","49978812","chr8","111500920","111501220","36","61522404"
"chrX","50007964","50008223","chr11","78455357","78455620","42","28447393"
"chrX","50025120","50025428","chr16","30782425","30782736","48","19242695"
"chrX","50037574","50037696","chr19","20587455","20587573","19","29450119"
"chrX","50040477","50040774","chr2","46682521","46682821","34","3357956"
"chrX","50062714","50063000","chr9","57023538","57023829","34","6960824"
"chrX","50098611","50098903","chr7","90971726","90972022","34","40873115"
"chrX","50114074","50114373","chr10","33466010","33466313","47","16648064"
"chrX","50172350","50172653","chr3","130290294","130290595","40","80117944"
"chrX","50173923","50174213","chr12","93108642","93108929","34","42934719"
"chrX","50178010","50178314","chrX","90854802","90855099","27","40676792"
"chrX","50215800","50216066","chr1","47626078","47626342","46","2589722"
"chrX","50464312","50464598","chr2","28624536","28624818","36","21839776"
"chrX","50658046","50658338","chr13","125134336","125134638","39","74476290"
"chrX","50796269","50796557","chr13","89034995","89035283","42","38238726"
"chrX","50838051","50838154","chr16","74197444","74197552","19","23359393"
"chrX","50849366","50849659","chr12","31837904","31838202","31","19011462"
"chrX","50850383","50850676","chr12","31837904","31838202","30","19012479"
"chrX","50871124","50871402","chr1","31479476","31479756","39","19391648"
"chrX","50921141","50921449","chrX","38891205","38891511","33","12029936"
"chrX","50973868","50974179","chr16","36561895","36562198","40","14411973"
"chrX","50980058","50980368","chrX","9996778","9997082","49","40983280"
"chrX","51044340","51044456","chr9","92278833","92278944","16","41234493"
"chrX","51044859","51044988","chr8","118827722","118827853","24","67782863"
"chrX","51060867","51061159","chr15","9867708","9868000","40","41193159"
"chrX","51126472","51126599","chr8","51403248","51403379","18","276776"
"chrX","51126976","51127111","chr11","49192697","49192830","25","1934279"
"chrX","51165406","51165702","chr8","95960003","95960299","38","44794597"
"chrX","51181286","51181585","chr12","103407958","103408258","37","52226672"
"chrX","51182491","51182769","chr2","98859117","98859394","47","47676626"
"chrX","51218034","51218212","chr6","166559338","166559503","37","115341304"
"chrX","51221889","51222176","chrX","109211107","109211398","47","57989218"
"chrX","51230774","51231082","chr9","54884686","54884993","44","3653912"
"chrX","51235831","51236097","chr18","50874536","50874793","31","361295"
"chrX","51299945","51300197","chrX","88088678","88088937","32","36788733"
"chrX","51301781","51301968","chr7","26831792","26831996","44","24469989"
"chrX","51305286","51305486","chr7","26831792","26831996","28","24473494"
"chrX","51325656","51325955","chr11","11755747","11756048","48","39569909"
"chrX","51342009","51342301","chr15","9765968","9766261","37","41576041"
"chrX","51475019","51475326","chr9","87446936","87447238","43","35971917"
"chrX","51483925","51484233","chr13","88408385","88408682","40","36924460"
"chrX","51519883","51520178","chr6","126513888","126514183","33","74994005"
"chrX","51544238","51544543","chr20","51687068","51687378","49","142830"
"chrX","51544549","51544842","chr7","25060372","25060670","42","26484177"
"chrX","51556190","51556396","chr8","50476021","50476227","42","1080169"
"chrX","51559420","51559730","chr1","128155382","128155688","39","76595962"
"chrX","51580328","51580614","chr1","124250793","124251086","47","72670465"
"chrX","51607271","51607554","chrX","50347761","50348041","41","1259510"
"chrX","51609573","51609866","chr4","33860712","33861004","40","17748861"
"chrX","51703298","51703599","chr1","213070791","213071090","40","161367493"
"chrX","51712318","51712613","chr8","90463712","90464008","36","38751394"
"chrX","51715519","51715829","chr12","25823648","25823952","36","25891871"
"chrX","51726895","51727197","chr8","91437935","91438229","36","39711040"
"chrX","51727614","51727926","chrX","44962032","44962338","35","6765582"
"chrX","51734801","51735103","chr1","158815913","158816209","42","107081112"
"chrX","51753970","51754266","chr2","50634219","50634525","48","1119751"
"chrX","51780623","51780928","chrX","13149848","13150156","34","38630775"
"chrX","51782182","51782483","chr4","21810213","21810509","46","29971969"
"chrX","51799746","51800041","chr5","50264557","50264852","27","1535189"
"chrX","51808102","51808392","chr6","56451711","56452003","39","4643609"
"chrX","51809029","51809315","chr10","14443056","14443342","40","37365973"
"chrX","51826595","51826890","chr3","45626371","45626668","36","6200224"
"chrX","51827082","51827373","chr7","16206849","16207148","37","35620233"
"chrX","51831724","51832023","chr3","160849351","160849651","38","109017627"
"chrX","51835021","51835319","chr14","57134784","57135076","50","5299763"
"chrX","51861280","51861554","chr18","50874536","50874793","44","986744"
"chrX","51885437","51885736","chr6","142572268","142572563","31","90686831"
"chrX","51898859","51899161","chr1","20012770","20013073","36","31886089"
"chrX","51907755","51907982","chr7","121329046","121329267","33","69421291"
"chrX","51917859","51918157","chr19","15097509","15097804","35","36820350"
"chrX","51927561","51927866","chr1","161622443","161622747","43","109694882"
"chrX","51944238","51944511","chr10","25924241","25924498","51","26019997"
"chrX","51957375","51957664","chr3","44207119","44207413","36","7750256"
"chrX","51960122","51960410","chr1","204813267","204813556","40","152853145"
"chrX","51963158","51963447","chr16","1419036","1419322","36","50544122"
"chrX","51968217","51968514","chr1","116751810","116752108","43","64783593"
"chrX","51994069","51994365","chr1","65658284","65658580","46","13664215"
"chrX","52011418","52011721","chr11","8138169","8138470","33","43873249"
"chrX","52050307","52050623","chr5","32834443","32834754","43","19215864"
"chrX","52060017","52060294","chr16","64763433","64763711","44","12703416"
"chrX","52060633","52060928","chr4","31928114","31928408","40","20132519"
"chrX","52066004","52066297","chr16","18796729","18797022","31","33269275"
"chrX","52067705","52067989","chr1","1510148","1510425","39","50557557"
"chrX","52070069","52070376","chrX","78139683","78139986","39","26069614"
"chrX","52075718","52076012","chr7","106578061","106578354","34","54502343"
"chrX","52134780","52135082","chr3","49759164","49759467","36","2375616"
"chrX","52260275","52260571","chr4","114330673","114330964","44","62070398"
"chrX","52263796","52264104","chr3","13780941","13781251","35","38482855"
"chrX","52278843","52279152","chrX","90798452","90798764","37","38519609"
"chrX","52286198","52286494","chr4","32871781","32872078","39","19414417"
"chrX","52312546","52312837","chr15","22561456","22561749","36","29751090"
"chrX","52337738","52338032","chr7","72707693","72707981","36","20369955"
"chrX","52384734","52385049","chr1","219225924","219226223","49","166841190"
"chrX","52402865","52403087","chr5","34967690","34967906","37","17435175"
"chrX","52406307","52406482","chr13","93249064","93249232","23","40842757"
"chrX","52410536","52410845","chr10","69114593","69114903","42","16704057"
"chrX","52448016","52448312","chr5","172742013","172742310","38","120293997"
"chrX","52480746","52481009","chr3","114313665","114313940","50","61832919"
"chrX","52495556","52495730","chr4","42468336","42468506","37","10027220"
"chrX","52527198","52527297","chr13","71491778","71491877","15","18964580"
"chrX","52562363","52562669","chr19","24212554","24212862","31","28349809"
"chrX","52679525","52679819","chr19","10690981","10691270","31","41988544"
"chrX","52698034","52698311","chr1","127703616","127703888","36","75005582"
"chrX","52708839","52709140","chr10","62787053","62787351","39","10078214"
"chrX","52756850","52757142","chr9","7025626","7025918","37","45731224"
"chrX","52849455","52849765","chr1","123829563","123829868","45","70980108"
"chrX","53148900","53149031","chr4","123591832","123591957","23","70442932"
"chrX","53167417","53167724","chr1","124050585","124050888","41","70883168"
"chrX","53338716","53338996","chr11","123468792","123469074","37","70130076"
"chrX","53714476","53714769","chr10","26878942","26879232","40","26835534"
"chrX","53775715","53775990","chr5","101291542","101291828","71","47515827"
"chrX","53969108","53969412","chr11","46110133","46110427","45","7858975"
"chrX","53994500","53994862","chr1","133010274","133010608","86","79015774"
"chrX","53996808","53997106","chr4","31017666","31017967","34","22979142"
"chrX","54207662","54207955","chr1","40137387","40137679","32","14070275"
"chrX","54297880","54298173","chr2","186511571","186511867","49","132213691"
"chrX","54319896","54320190","chr4","110946344","110946633","39","56626448"
"chrX","54321629","54321733","chr14","7137887","7137992","23","47183742"
"chrX","54407332","54407640","chr16","15788944","15789248","39","38618388"
"chrX","54578347","54578649","chr4","42987581","42987889","42","11590766"
"chrX","55747873","55748162","chr9","37613139","37613425","49","18134734"
"chrX","55792035","55792148","chr2","90012852","90012963","20","34220817"
"chrX","55977243","55977456","chr8","114964293","114964505","27","58987050"
"chrX","56143354","56143636","chr11","59744208","59744500","37","3600854"
"chrX","56290436","56290725","chrX","55382770","55383057","39","907666"
"chrX","56734842","56735127","chr2","41138574","41138855","42","15596268"
"chrX","56749799","56750099","chr8","111500920","111501220","37","54751121"
"chrX","57513954","57514170","chr12","18575236","18575452","50","38938718"
"chrX","57520586","57520874","chr11","31109982","31110267","50","26410604"
"chrX","57537528","57537665","chr1","197772553","197772689","17","140235025"
"chrX","57549003","57549301","chr5","2577333","2577630","38","54971670"
"chrX","57570026","57570342","chr10","67405046","67405353","47","9835020"
"chrX","57596777","57597087","chr1","163580629","163580938","41","105983852"
"chrX","57640079","57640381","chr7","158562964","158563263","50","100922885"
"chrX","57641214","57641471","chr14","118731872","118732135","51","61090658"
"chrX","57694898","57695221","chr19","15101206","15101497","67","42593692"
"chrX","57998286","57998590","chr3","86725001","86725308","45","28726715"
"chrX","58095784","58096069","chr19","44121713","44121997","34","13974071"
"chrX","58336992","58337302","chr7","49324027","49324336","53","9012965"
"chrX","58459780","58460090","chr1","7993999","7994304","34","50465781"
"chrX","58573327","58573605","chr1","79917904","79918177","64","21344577"
"chrX","58702645","58702769","chr4","123591832","123591957","25","64889187"
"chrX","58906094","58906368","chr2","155636216","155636491","37","96730122"
"chrX","59051662","59051947","chr4","149674322","149674616","60","90622660"
"chrX","59190090","59190386","chr11","114923633","114923926","41","55733543"
"chrX","59193214","59193516","chr13","73992590","73992885","44","14799376"
"chrX","59353842","59354133","chr2","184580196","184580486","36","125226354"
"chrX","59404363","59404646","chr6","133939425","133939717","42","74535062"
"chrX","59664524","59664820","chr19","3064712","3065012","37","56599812"
"chrX","59799779","59800003","chr7","121329046","121329267","26","61529267"
"chrX","59939308","59939616","chr5","99351320","99351625","43","39412012"
"chrX","59971561","59971846","chr10","62315260","62315548","42","2343699"
"chrX","59982186","59982300","chr2","74718977","74719088","15","14736791"
"chrX","60008187","60008469","chr14","30544530","30544818","45","29463657"
"chrX","60013345","60013657","chr4","101850085","101850393","49","41836740"
"chrX","60041169","60041452","chrX","125717416","125717708","44","65676247"
"chrX","60072868","60073158","chr3","173670201","173670489","47","113597333"
"chrX","60076559","60076871","chrX","90858027","90858329","52","30781468"
"chrX","60091826","60092070","chr1","36888776","36889038","36","23203050"
"chrX","60105065","60105366","chr17","5494384","5494685","37","54610681"
"chrX","60118113","60118421","chr3","26506775","26507089","48","33611338"
"chrX","60122717","60122984","chr2","49059917","49060182","47","11062800"
"chrX","60175009","60175303","chr2","126433678","126433974","40","66258669"
"chrX","60219480","60219778","chr2","101123324","101123620","44","40903844"
"chrX","60231209","60231497","chr11","131492005","131492296","36","71260796"
"chrX","60235218","60235528","chr4","35271785","35272086","57","24963433"
"chrX","60258555","60258861","chr11","7017396","7017703","38","53241159"
"chrX","60261345","60261552","chr4","78421702","78421912","38","18160357"
"chrX","60274514","60274808","chr6","128266238","128266531","42","67991724"
"chrX","60276611","60276910","chr1","67368758","67369056","38","7092147"
"chrX","60314459","60314759","chr10","70335100","70335400","34","10020641"
"chrX","60391521","60391840","chr16","50569311","50569620","50","9822210"
"chrX","60421735","60422000","chr4","134157189","134157460","35","73735454"
"chrX","61038340","61038618","chrX","24932309","24932597","34","36106031"
"chrX","61140412","61140706","chr6","16697883","16698181","34","44442529"
"chrX","61323573","61323843","chr8","33027538","33027806","40","28296035"
"chrX","61502405","61502535","chr11","49192697","49192830","25","12309708"
"chrX","61629087","61629384","chr1","48444023","48444319","37","13185064"
"chrX","61677667","61677955","chr6","173197497","173197797","45","111519830"
"chrX","61902972","61903286","chr1","117667634","117667945","43","55764662"
"chrX","62008637","62008935","chr16","39885699","39885993","48","22122938"
"chrX","62030419","62030713","chr4","10687261","10687563","33","51343158"
"chrX","62041665","62041972","chr17","8929510","8929818","49","53112155"
"chrX","62078948","62079253","chr6","124714488","124714790","40","62635540"
"chrX","62081576","62081882","chr1","20012770","20013073","38","42068806"
"chrX","62084783","62085002","chr3","151807944","151808153","31","89723161"
"chrX","62161973","62162278","chr4","35221763","35222063","38","26940210"
"chrX","62252922","62253227","chr10","46007696","46008002","33","16245226"
"chrX","62344329","62344628","chr2","82586920","82587221","31","20242591"
"chrX","62417014","62417315","chr1","185101023","185101330","40","122684009"
"chrX","62461376","62461673","chr19","12433251","12433546","45","50028125"
"chrX","62531675","62531986","chr2","102244788","102245100","34","39713113"
"chrX","62564199","62564490","chr5","34812840","34813132","34","27751359"
"chrX","62728529","62728819","chr1","14339353","14339646","36","48389176"
"chrX","62775119","62775416","chr7","76889431","76889730","34","14114312"
"chrX","62778371","62778645","chrX","62378326","62378608","41","400045"
"chrX","62869832","62870138","chr7","55027067","55027370","39","7842765"
"chrX","62876547","62876645","chr2","158182064","158182167","14","95305517"
"chrX","62909907","62910150","chr13","83867030","83867279","62","20957123"
"chrX","62933476","62933781","chr2","185573293","185573595","38","122639817"
"chrX","62959597","62959885","chr16","63276450","63276738","37","316853"
"chrX","63013237","63013513","chrX","62644733","62645009","38","368504"
"chrX","63047648","63047897","chr18","71908745","71908980","50","8861097"
"chrX","63064556","63064848","chr11","114923633","114923926","32","51859077"
"chrX","63067381","63067672","chr1","30009463","30009748","45","33057918"
"chrX","63082316","63082613","chr11","48876076","48876372","43","14206240"
"chrX","63156452","63156766","chr15","20193998","20194317","54","42962454"
"chrX","63158305","63158605","chr1","1866324","1866628","37","61291981"
"chrX","63159881","63160179","chr10","20549883","20550183","48","42609998"
"chrX","63167794","63168106","chr12","93462737","93463048","42","30294943"
"chrX","63189577","63189868","chr1","75250655","75250962","51","12061078"
"chrX","63240124","63240410","chr10","62315260","62315548","28","924864"
"chrX","63248393","63248691","chr1","127833040","127833336","51","64584647"
"chrX","63272437","63272743","chr6","17252380","17252685","43","46020057"
"chrX","63273515","63273797","chr4","31083851","31084133","33","32189664"
"chrX","63274790","63275079","chr5","132631825","132632108","36","69357035"
"chrX","63280233","63280505","chr12","26443444","26443730","43","36836789"
"chrX","63300052","63300331","chr20","57439045","57439316","86","5861007"
"chrX","63303684","63303943","chr10","59588563","59588820","42","3715121"
"chrX","63325829","63326085","chr6","143287549","143287823","52","79961720"
"chrX","63331550","63331789","chr20","62999763","63000000","35","331787"
"chrX","63336155","63336442","chr1","11791129","11791415","42","51545026"
"chrX","63344852","63345129","chr5","174512128","174512415","40","111167276"
"chrX","63396531","63396798","chr6","37588481","37588751","40","25808050"
"chrX","63408768","63408903","chr2","93317431","93317570","21","29908663"
"chrX","63415435","63415743","chr4","108005099","108005405","45","44589664"
"chrX","63423293","63423567","chrX","38603483","38603760","42","24819810"
"chrX","63431602","63431902","chr19","3064712","3065012","31","60366890"
"chrX","63459986","63460283","chr9","17180920","17181214","44","46279066"
"chrX","63472634","63472922","chr8","40271131","40271421","39","23201503"
"chrX","63476548","63476842","chr5","10961340","10961637","38","52515208"
"chrX","63502762","63503056","chr4","110946344","110946633","38","47443582"
"chrX","63524175","63524429","chr19","36065048","36065308","64","27459127"
"chrX","63526135","63526309","chr4","123075658","123075832","28","59549523"
"chrX","63550137","63550422","chr14","92700971","92701262","42","29150834"
"chrX","63595475","63595780","chr1","31351635","31351942","38","32243840"
"chrX","63724654","63724786","chr2","100294050","100294184","34","36569396"
"chrX","63886910","63887198","chr14","46442618","46442912","32","17444292"
"chrX","63980388","63980681","chrX","63544126","63544431","39","436262"
"chrX","63986170","63986415","chr16","40076793","40077035","32","23909377"
"chrX","64038713","64039005","chr6","14673710","14674004","42","49365003"
"chrX","64063496","64063791","chr6","136733017","136733318","33","72669521"
"chrX","64071000","64071272","chr5","141228596","141228872","53","77157596"
"chrX","64189631","64189929","chr11","108474262","108474559","49","44284631"
"chrX","64196800","64197092","chr6","124714488","124714790","46","60517688"
"chrX","64377238","64377544","chr5","132391377","132391683","48","68014139"
"chrX","64422913","64423084","chr6","168710657","168710821","40","104287744"
"chrX","64567234","64567518","chr9","37613139","37613425","41","26954095"
"chrX","64609280","64609590","chr9","19850832","19851138","35","44758448"
"chrX","64925435","64925715","chr11","123468792","123469074","42","58543357"
"chrX","65081855","65082149","chr1","11366377","11366670","48","53715478"
"chrX","65156254","65156359","chr1","159494881","159494989","17","94338627"
"chrX","65424051","65424360","chr11","33968956","33969265","40","31455095"
"chrX","65481639","65481737","chr3","78022612","78022705","17","12540973"
"chrX","65482568","65482774","chrX","27900134","27900340","39","37582434"
"chrX","65492722","65492864","chr20","48810275","48810416","16","16682447"
"chrX","65542237","65542544","chr15","36479709","36480016","39","29062528"
"chrX","65546353","65546641","chr9","57023538","57023829","41","8522815"
"chrX","65548597","65548717","chr16","6379392","6379511","22","59169205"
"chrX","65556246","65556532","chr10","62315260","62315548","40","3240986"
"chrX","65571007","65571318","chr1","13865146","13865450","42","51705861"
"chrX","65573116","65573415","chr16","17660066","17660366","31","47913050"
"chrX","65592618","65592911","chr16","4461395","4461701","48","61131223"
"chrX","65716783","65717093","chr20","54640728","54641039","40","11076055"
"chrX","65839655","65839959","chrX","60892215","60892525","45","4947440"
"chrX","65854449","65854725","chr16","59652053","59652318","60","6202396"
"chrX","65934719","65935016","chr16","38427507","38427799","40","27507212"
"chrX","66040246","66040537","chr14","101211156","101211450","38","35170910"
"chrX","66212934","66213227","chr6","135655274","135655568","33","69442340"
"chrX","66231069","66231363","chr3","38769202","38769496","34","27461867"
"chrX","66268644","66268738","chr15","9503470","9503564","10","56765174"
"chrX","66298627","66298929","chrX","17153216","17153514","39","49145411"
"chrX","66380799","66381097","chr2","102989050","102989349","41","36608251"
"chrX","66426610","66426903","chr4","131374689","131374976","47","64948079"
"chrX","66446840","66447149","chr7","73560013","73560323","38","7113173"
"chrX","67656766","67657065","chr11","4016647","4016949","35","63640119"
"chrX","67825129","67825415","chr13","23536046","23536331","48","44289083"
"chrX","67888406","67888707","chr16","16996819","16997118","42","50891587"
"chrX","67952652","67952936","chr2","94343271","94343561","54","26390619"
"chrX","68212090","68212387","chr5","5215833","5216129","46","62996257"
"chrX","68212801","68213105","chr11","38669879","38670181","53","29542922"
"chrX","68301115","68301407","chr2","184580196","184580486","34","116279081"
"chrX","68509373","68509619","chr8","139527274","139527522","32","71017901"
"chrX","68644989","68645291","chr12","70277663","70277977","43","1632674"
"chrX","68790412","68790721","chr10","33030101","33030407","42","35760311"
"chrX","68827141","68827422","chr19","19582804","19583088","41","49244337"
"chrX","68848706","68848991","chr8","8824885","8825174","52","60023821"
"chrX","68877570","68877872","chr19","3064712","3065012","38","65812858"
"chrX","68907555","68907835","chr1","40770988","40771266","47","28136567"
"chrX","68925399","68925683","chrX","24932309","24932597","38","43993090"
"chrX","68998525","68998829","chr14","19280071","19280383","34","49718454"
"chrX","69012314","69012618","chr1","11912016","11912323","32","57100298"
"chrX","69028236","69028542","chr1","18100109","18100412","40","50928127"
"chrX","69041345","69041635","chr3","38769202","38769496","36","30272143"
"chrX","69061218","69061510","chr6","126641819","126642115","41","57580601"
"chrX","69088536","69088826","chr7","46558252","46558547","41","22530284"
"chrX","69111943","69112235","chr20","51188693","51188983","34","17923250"
"chrX","69130873","69131188","chr11","121319694","121320003","44","52188821"
"chrX","69164319","69164615","chr2","81270293","81270586","36","12105974"
"chrX","69195874","69196177","chr7","48694397","48694696","38","20501477"
"chrX","69206613","69206918","chr4","101498241","101498544","49","32291628"
"chrX","69218469","69218767","chr19","7342238","7342540","32","61876231"
"chrX","69260764","69261035","chr16","2090775","2091048","43","67169989"
"chrX","69273532","69273802","chr2","155636216","155636491","48","86362684"
"chrX","69350855","69351139","chr4","107911095","107911379","41","38560240"
"chrX","69399954","69400240","chr10","70335100","70335400","46","935146"
"chrX","69823977","69824264","chr8","28825632","28825920","52","40998345"
"chrX","69953700","69954007","chr1","162524810","162525120","50","92571110"
"chrX","70160072","70160319","chr2","170736845","170737093","55","100576773"
"chrX","70164374","70164659","chr2","184580196","184580486","42","114415822"
"chrX","70311483","70311790","chr16","24739012","24739317","50","45572471"
"chrX","70327090","70327350","chr4","79455473","79455733","38","9128383"
"chrX","70688461","70688758","chr9","14690494","14690788","36","55997967"
"chrX","70727424","70727726","chr10","72394915","72395215","35","1667491"
"chrX","70799641","70799948","chr7","73560013","73560323","36","2760372"
"chrX","70875477","70875820","chr1","217431297","217431601","82","146555820"
"chrX","70879563","70879849","chr1","14339353","14339646","42","56540210"
"chrX","70894130","70894403","chr9","108889025","108889312","46","37994895"
"chrX","70944489","70944790","chrX","108424409","108424705","55","37479920"
"chrX","71106606","71106911","chr2","95068228","95068528","41","23961622"
"chrX","71186522","71186661","chr2","177049440","177049581","21","105862918"
"chrX","71203645","71203947","chr3","176830718","176831018","37","105627073"
"chrX","71273991","71274108","chr3","15334660","15334776","24","55939331"
"chrX","71494681","71494980","chr17","9813772","9814068","48","61680909"
"chrX","71503749","71503999","chr1","52894716","52894966","43","18609033"
"chrX","71538460","71538755","chr16","18796729","18797022","42","52741731"
"chrX","71608911","71609213","chr5","2577333","2577630","37","69031578"
"chrX","71626749","71627048","chr11","10098018","10098319","35","61528731"
"chrX","71669314","71669605","chr1","42476755","42477044","42","29192559"
"chrX","71960423","71960724","chr3","15132217","15132518","45","56828206"
"chrX","71963866","71964169","chr4","31017666","31017967","35","40946200"
"chrX","72155576","72155890","chr15","41336666","41336971","52","30818910"
"chrX","72615625","72615912","chrX","72218454","72218742","44","397171"
"chrX","72745237","72745532","chr3","45626371","45626668","34","27118866"
"chrX","72751935","72752228","chr9","7025626","7025918","39","65726309"
"chrX","72946782","72947085","chr13","107030178","107030478","42","34083396"
"chrX","73017741","73017955","chr12","36948541","36948760","33","36069200"
"chrX","73118535","73118811","chr20","29163433","29163704","56","43955102"
"chrX","73395071","73395362","chr8","26740153","26740449","54","46654918"
"chrX","73422850","73423142","chr17","1103916","1104210","44","72318934"
"chrX","73475548","73475809","chr2","25492368","25492634","52","47983180"
"chrX","74118871","74119177","chr15","53990850","53991154","37","20128021"
"chrX","74407983","74408284","chr12","81192795","81193085","54","6784812"
"chrX","74778512","74778812","chr11","4016647","4016949","31","70761865"
"chrX","74779475","74779763","chr1","57860396","57860687","49","16919079"
"chrX","75037273","75037561","chr4","115966284","115966577","48","40929011"
"chrX","75162725","75162850","chr3","45752216","45752331","20","29410509"
"chrX","75232671","75232956","chr3","46165413","46165699","37","29067258"
"chrX","75263054","75263251","chr7","18489544","18489740","35","56773510"
"chrX","75407547","75407694","chr2","182046129","182046277","17","106638582"
"chrX","75530842","75531070","chr7","107333554","107333796","53","31802712"
"chrX","75563887","75564176","chr7","34213746","34214034","35","41350141"
"chrX","75614426","75614700","chr16","2090775","2091048","36","73523651"
"chrX","75673204","75673492","chr10","87129663","87129949","47","11456459"
"chrX","75735181","75735261","chr10","80123708","80123791","20","4388527"
"chrX","75963431","75963745","chr10","46007696","46008002","39","29955735"
"chrX","76045256","76045548","chr5","121651485","121651775","35","45606229"
"chrX","76066108","76066393","chr7","133065043","133065330","45","56998935"
"chrX","76175923","76176171","chr2","173196809","173197055","37","97020886"
"chrX","76199050","76199361","chrX","49664967","49665275","41","26534083"
"chrX","76272020","76272267","chr5","133797177","133797424","37","57525157"
"chrX","76425059","76425362","chr9","20941332","20941626","46","55483727"
"chrX","76440876","76441174","chr6","53239608","53239906","29","23201268"
"chrX","76492089","76492377","chr10","62315260","62315548","36","14176829"
"chrX","76658923","76659203","chr7","72707693","72707981","41","3951230"
"chrX","76668680","76668778","chr13","71491778","71491877","15","5176902"
"chrX","77040738","77041044","chr1","7993999","7994304","38","69046739"
"chrX","77071911","77072206","chr4","128853801","128854096","44","51781890"
"chrX","77116501","77116795","chr4","151339637","151339930","36","74223136"
"chrX","77126103","77126369","chr10","8157406","8157675","32","68968697"
"chrX","77190765","77191052","chr9","7025626","7025918","41","70165139"
"chrX","77430890","77431184","chr11","59744208","59744500","33","17686682"
"chrX","77450358","77450659","chr13","32817425","32817728","30","44632933"
"chrX","77452140","77452448","chr1","13865146","13865450","54","63586994"
"chrX","77471161","77471442","chr2","144084745","144085032","46","66613584"
"chrX","77530194","77530493","chr6","162269485","162269783","58","84739291"
"chrX","77568743","77569049","chrX","77428201","77428502","51","140542"
"chrX","77736643","77736932","chr1","42476755","42477044","41","35259888"
"chrX","77898871","77899164","chr4","32871781","32872078","37","45027090"
"chrX","78110278","78110563","chr20","54767706","54767999","49","23342572"
"chrX","78127910","78128202","chr4","130615568","130615870","36","52487658"
"chrX","78339632","78339926","chr1","18236391","18236689","32","60103241"
"chrX","78409005","78409295","chr7","128738576","128738870","46","50329571"
"chrX","78419551","78419839","chr20","49701084","49701366","40","28718467"
"chrX","78471682","78471825","chr8","76522039","76522178","21","1949643"
"chrX","78544450","78544747","chr7","17403617","17403911","39","61140833"
"chrX","78558848","78559137","chr6","150565896","150566187","44","72007048"
"chrX","78656986","78657258","chr1","127833040","127833336","55","49176054"
"chrX","78946491","78946761","chr19","44121713","44121997","52","34824778"
"chrX","79017982","79018281","chr14","17983121","17983420","37","61034861"
"chrX","79097017","79097321","chr16","7431918","7432211","48","71665099"
"chrX","79122070","79122371","chr1","67368758","67369056","55","11753312"
"chrX","79358484","79358789","chr16","17660066","17660366","53","61698418"
"chrX","79383383","79383673","chr1","219677924","219678213","42","140294541"
"chrX","79402832","79403067","chr13","62490389","62490632","33","16912443"
"chrX","79756977","79757074","chr13","103188987","103189073","19","23432010"
"chrX","79824348","79824656","chr3","34969388","34969689","42","44854960"
"chrX","79848966","79849269","chr3","12603123","12603437","43","67245843"
"chrX","79974875","79975069","chr5","89567023","89567218","31","9592148"
"chrX","80083105","80083405","chr13","32817425","32817728","32","47265680"
"chrX","80203802","80204101","chr17","19374053","19374353","33","60829749"
"chrX","80420469","80420682","chr11","53264970","53265190","40","27155499"
"chrX","80598146","80598239","chr5","34344566","34344658","15","46253580"
"chrX","80598785","80598824","chr3","20573385","20573421","15","60025400"
"chrX","80598859","80599030","chr11","132171694","132171867","28","51572835"
"chrX","80600289","80600543","chr16","44892798","44893041","38","35707491"
"chrX","80766952","80767256","chr2","44047045","44047343","51","36719907"
"chrX","80787299","80787591","chr1","94365322","94365615","47","13578023"
"chrX","80999502","80999804","chr3","45626371","45626668","40","35373131"
"chrX","81188432","81188730","chr14","53927134","53927436","39","27261298"
"chrX","81193549","81193837","chr16","31273411","31273700","52","49920138"
"chrX","81278326","81278460","chr6","115215704","115215835","19","33937378"
"chrX","81442449","81442744","chr5","52449180","52449473","38","28993269"
"chrX","81564403","81564695","chr2","178187197","178187490","46","96622794"
"chrX","81718931","81719055","chr16","69974379","69974504","13","11744552"
"chrX","81721491","81721805","chr2","55010925","55011223","56","26710566"
"chrX","81778689","81778984","chr14","9330813","9331108","39","72447876"
"chrX","81787887","81788174","chr2","38846653","38846940","43","42941234"
"chrX","81795659","81795952","chr5","47376137","47376430","38","34419522"
"chrX","81815217","81815510","chr8","94412888","94413177","44","12597671"
"chrX","81852311","81852632","chr2","102244788","102245100","42","20392477"
"chrX","81888059","81888358","chr12","35031886","35032181","38","46856173"
"chrX","82087715","82088003","chr15","78953274","78953566","41","3134441"
"chrX","82228780","82229092","chr7","154477978","154478289","37","72249198"
"chrX","82251978","82252198","chr3","130167583","130167798","33","47915605"
"chrX","82333829","82334131","chr1","28012705","28013004","49","54321124"
"chrX","82614034","82614279","chr6","58157701","58157943","46","24456333"
"chrX","82681339","82681541","chr11","18967865","18968067","46","63713474"
"chrX","82845499","82845758","chr18","50874536","50874793","38","31970963"
"chrX","82895577","82895867","chr13","88006009","88006300","39","5110432"
"chrX","83077687","83078000","chr14","5934954","5935260","39","77142733"
"chrX","83168076","83168369","chr11","88966345","88966635","43","5798269"
"chrX","83304188","83304316","chr15","21096731","21096859","14","62207457"
"chrX","83413970","83414256","chr12","97146310","97146598","45","13732340"
"chrX","83440676","83440983","chr12","92121220","92121529","60","8680544"
"chrX","83527759","83528068","chr1","7993999","7994304","40","75533760"
"chrX","83655958","83656271","chr11","94271683","94272001","53","10615725"
"chrX","83686412","83686712","chr3","74390980","74391277","38","9295432"
"chrX","83693299","83693441","chr2","93317431","93317570","19","9624132"
"chrX","83839457","83839678","chr7","121329046","121329267","39","37489589"
"chrX","83890236","83890541","chr11","3693184","3693488","45","80197052"
"chrX","83909189","83909430","chr15","100064334","100064573","32","16155145"
"chrX","84077089","84077376","chr2","13368422","13368711","41","70708667"
"chrX","84097482","84097769","chr11","105493776","105494065","34","21396294"
"chrX","84098180","84098473","chr13","73992590","73992885","35","10105590"
"chrX","84288367","84288598","chr20","27256128","27256377","49","57032239"
"chrX","84359789","84360077","chr18","1183569","1183859","35","83176220"
"chrX","84637700","84637991","chr2","42614689","42614986","44","42023011"
"chrX","84695994","84696275","chrX","120449710","120449993","38","35753716"
"chrX","84827121","84827410","chr14","112793064","112793355","32","27965943"
"chrX","84871161","84871465","chr5","34488672","34488979","36","50382489"
"chrX","85132337","85132634","chr2","97063173","97063484","43","11930836"
"chrX","85156337","85156630","chr1","92711937","92712231","36","7555600"
"chrX","85171207","85171503","chrX","85878071","85878374","47","706864"
"chrX","85229436","85229740","chr9","61900736","61901039","36","23328700"
"chrX","85275613","85275911","chr9","15247736","15248032","37","70027877"
"chrX","85495218","85495489","chrX","42356","42633","45","85452862"
"chrX","85512846","85513133","chr4","131374689","131374976","45","45861843"
"chrX","85603896","85604201","chr11","33968956","33969265","37","51634940"
"chrX","85628768","85629056","chr19","17724596","17724885","42","67904172"
"chrX","85816243","85816489","chrX","86575677","86575918","48","759434"
"chrX","85860625","85860927","chr5","154328647","154328948","42","68468022"
"chrX","85881231","85881517","chr10","84985343","84985630","52","895888"
"chrX","85893088","85893386","chr16","50298577","50298876","31","35594511"
"chrX","85983959","85984245","chr10","47330984","47331271","50","38652975"
"chrX","86197884","86198179","chr19","31216109","31216397","57","54981775"
"chrX","86311490","86311788","JH682236","136089","136386","44","86175401"
"chrX","86326455","86326739","chr4","79057990","79058276","40","7268465"
"chrX","86398862","86399157","chr10","29691322","29691619","48","56707540"
"chrX","86421716","86422022","chr7","37449373","37449676","41","48972343"
"chrX","86480306","86480582","chr3","78303544","78303823","40","8176762"
"chrX","86508047","86508354","chr6","138646599","138646914","48","52138552"
"chrX","86527306","86527617","chrX","87246165","87246475","43","718859"
"chrX","86536883","86537183","chr9","94343965","94344269","33","7807082"
"chrX","86539820","86540106","chr4","10828530","10828827","52","75711290"
"chrX","86550299","86550596","chr14","21158129","21158427","37","65392170"
"chrX","86568214","86568505","chr12","58244299","58244591","37","28323915"
"chrX","86595713","86596006","chr17","63815722","63816029","57","22779991"
"chrX","86615698","86615995","chr2","4375925","4376221","36","82239773"
"chrX","86746024","86746317","chr4","10828530","10828827","40","75917494"
"chrX","86796705","86797012","chr14","5934954","5935260","50","80861751"
"chrX","86804985","86805293","chr7","118267343","118267653","39","31462358"
"chrX","86818180","86818478","chr2","102989050","102989349","30","16170870"
"chrX","86955899","86956192","chr9","14690494","14690788","40","72265405"
"chrX","86961406","86961695","chr13","107792315","107792606","35","20830909"
"chrX","86985860","86986157","chr1","124250793","124251086","40","37264933"
"chrX","86996689","86996991","chr11","10098018","10098319","37","76898671"
"chrX","87032908","87033043","chr1","25714121","25714252","18","61318787"
"chrX","87033488","87033596","chrX","33348734","33348848","27","53684754"
"chrX","87094841","87095135","chr12","51845288","51845587","37","35249553"
"chrX","87122129","87122415","chr10","62315260","62315548","45","24806869"
"chrX","87249358","87249648","chr3","103398952","103399243","37","16149594"
"chrX","87422144","87422208","chr16","38161731","38161797","17","49260413"
"chrX","87422330","87422553","chrX","44321441","44321669","33","43100889"
"chrX","87436744","87436857","chr1","219334604","219334715","11","131897860"
"chrX","87622689","87622993","chr13","32817425","32817728","38","54805264"
"chrX","88064760","88065035","chr15","76799848","76800119","38","11264912"
"chrX","88314085","88314387","chr7","91259277","91259574","49","2945192"
"chrX","88767107","88767393","chr4","151430791","151431074","54","62663684"
"chrX","89215472","89215761","chr7","133065043","133065330","40","43849571"
"chrX","89217774","89218049","chr9","111708748","111709026","45","22490974"
"chrX","89243494","89243716","chr10","76202595","76202819","29","13040899"
"chrX","89251131","89251414","chr15","18305069","18305357","42","70946062"
"chrX","89463954","89464187","chr2","88599150","88599386","42","864804"
"chrX","89679386","89679696","chrX","27758302","27758608","40","61921084"
"chrX","89793607","89793743","chr18","24104552","24104687","13","65689055"
"chrX","89846771","89847082","chr6","128110448","128110754","35","38263677"
"chrX","89851960","89852248","chr3","103398952","103399243","48","13546992"
"chrX","89861102","89861357","chr20","23378215","23378467","42","66482887"
"chrX","89882653","89882950","chrX","90486070","90486364","33","603417"
"chrX","89895994","89896292","chr9","54404234","54404532","38","35491760"
"chrX","89993503","89993795","chr7","25060372","25060670","36","64933131"
"chrX","90063861","90064131","chr20","26324160","26324436","36","63739701"
"chrX","90112830","90113133","chr3","143204397","143204702","39","53091567"
"chrX","90165647","90165835","chrX","125209340","125209537","39","35043693"
"chrX","90165889","90165962","chr16","24443487","24443559","16","65722402"
"chrX","90179061","90179344","chr19","7821204","7821487","31","82357857"
"chrX","90185243","90185534","chr9","79342653","79342946","39","10842590"
"chrX","90186201","90186512","chrX","90800029","90800336","32","613828"
"chrX","90200946","90201080","chr18","2814393","2814524","25","87386553"
"chrX","90214944","90215255","chr13","43327633","43327946","49","46887311"
"chrX","90234416","90234718","chr1","67368758","67369056","48","22865658"
"chrX","90235714","90236017","chr14","25551767","25552067","34","64683947"
"chrX","90238038","90238353","chr1","7993999","7994304","40","82244039"
"chrX","90241641","90241938","chr13","54441045","54441338","41","35800596"
"chrX","90252223","90252525","chr16","21958952","21959252","39","68293271"
"chrX","90264095","90264374","chr5","132631825","132632108","35","42367730"
"chrX","90268540","90268851","chr3","69228301","69228608","43","21040239"
"chrX","90268862","90269217","chr12","20406534","20406859","70","69862328"
"chrX","90272194","90272490","chr12","64925528","64925830","45","25346666"
"chrX","90290639","90290940","chr15","7561500","7561795","34","82729139"
"chrX","90347124","90347422","chrX","27848874","27849153","54","62498250"
"chrX","90347435","90347741","chr3","164913166","164913461","40","74565731"
"chrX","90360021","90360321","chrX","90854802","90855099","40","494781"
"chrX","90384492","90384748","chr20","47863804","47864065","57","42520688"
"chrX","90395094","90395391","chr2","55010925","55011223","39","35384169"
"chrX","90408227","90408500","chr11","7911759","7912023","45","82496468"
"chrX","90414340","90414626","chr1","219677924","219678213","40","129263584"
"chrX","90430733","90431015","chr8","70343541","70343824","36","20087192"
"chrX","90432716","90433026","chr4","3145119","3145426","40","87287597"
"chrX","90465687","90465990","chr3","164913166","164913461","41","74447479"
"chrX","90547433","90547720","chr2","144623769","144624056","41","54076336"
"chrX","90548528","90548708","chr8","110756774","110756940","32","20208246"
"chrX","90578581","90578875","chr10","29491028","29491323","44","61087553"
"chrX","90578908","90579195","chrX","112226407","112226706","39","21647499"
"chrX","90581827","90582069","chr19","4770869","4771091","50","85810958"
"chrX","90583531","90583829","chr2","186451766","186452061","42","95868235"
"chrX","90606676","90606976","chr5","118928307","118928607","45","28321631"
"chrX","90619187","90619486","chr10","78749019","78749318","31","11870168"
"chrX","90632881","90633174","chrX","21565382","21565683","46","69067499"
"chrX","90637171","90637462","chr7","133065043","133065330","34","42427872"
"chrX","90637507","90637810","chr18","51183412","51183721","42","39454095"
"chrX","90646168","90646465","chr3","34969388","34969689","46","55676780"
"chrX","90723441","90723726","chr15","59504540","59504827","47","31218901"
"chrX","90754395","90754688","chr10","46830914","46831206","44","43923481"
"chrX","90900610","90900866","chr4","28540913","28541175","44","62359697"
"chrX","90914046","90914356","chr13","69700961","69701271","45","21213085"
"chrX","90961095","90961402","chr6","128110448","128110754","44","37149353"
"chrX","91005644","91005935","chr3","6672310","6672602","38","84333334"
"chrX","91100274","91100589","chr7","49324027","49324336","45","41776247"
"chrX","91109210","91109509","chr10","10378732","10379028","40","80730478"
"chrX","91466241","91466534","chr10","13285322","13285614","37","78180919"
"chrX","91466944","91467236","chr8","26852548","26852842","35","64614396"
"chrX","91483810","91484109","chr19","35482053","35482349","45","56001757"
"chrX","91841081","91841375","chr8","85566036","85566332","35","6275045"
"chrX","91845120","91845418","chr11","97875784","97876083","37","6030664"
"chrX","91866407","91866649","chr18","71908745","71908980","36","19957662"
"chrX","91910574","91910889","chr10","16049988","16050292","49","75860586"
"chrX","91935248","91935543","chr11","46070151","46070446","43","45865097"
"chrX","91970388","91970696","chr4","34099360","34099670","38","57871028"
"chrX","92023612","92023905","chr18","54366044","54366345","48","37657568"
"chrX","92218602","92218919","chr6","114684547","114684859","48","22465945"
"chrX","92230458","92230758","chr16","23060176","23060469","41","69170282"
"chrX","92255185","92255502","chr14","21158129","21158427","52","71097056"
"chrX","92265580","92265885","chr19","33269032","33269342","34","58996548"
"chrX","92295550","92295831","chr1","7460034","7460321","42","84835516"
"chrX","92297827","92298133","chr4","3145119","3145426","45","89152708"
"chrX","92357575","92357871","chr16","51038207","51038499","45","41319368"
"chrX","92390216","92390511","chr14","98318663","98318962","36","5928447"
"chrX","92410909","92411211","chr16","51527447","51527750","38","40883462"
"chrX","92455191","92455500","chr1","128155382","128155688","39","35700191"
"chrX","92484104","92484400","chr7","76889431","76889730","33","15594673"
"chrX","92492781","92493080","chr11","108474262","108474559","41","15981481"
"chrX","92493672","92493976","chrX","50854497","50854801","38","41639175"
"chrX","92537007","92537333","chr7","145979096","145979417","50","53442089"
"chrX","92542765","92543057","chr18","12269702","12269996","36","80273063"
"chrX","92550257","92550520","chrX","122712517","122712780","40","30162260"
"chrX","92577509","92577813","chr8","117934907","117935207","44","25357398"
"chrX","92783623","92783929","chr3","39626400","39626705","39","53157223"
"chrX","92861520","92861808","chr5","148256524","148256813","42","55395004"
"chrX","92923397","92923698","chrX","62656251","62656552","41","30267146"
"chrX","92927633","92927917","chr14","50817121","50817406","36","42110512"
"chrX","92932644","92932941","chr7","151979566","151979860","33","59046922"
"chrX","92939013","92939309","chr11","59744208","59744500","33","33194805"
"chrX","92959546","92959838","chr2","38884008","38884302","42","54075538"
"chrX","93026207","93026489","chr1","190242284","190242563","47","97216077"
"chrX","93038126","93038273","chr1","30465853","30466003","25","62572273"
"chrX","93038714","93038848","chr1","4534165","4534297","23","88504549"
"chrX","93040397","93040523","chr8","44502639","44502765","17","48537758"
"chrX","93188754","93188881","chr5","32952604","32952733","15","60236150"
"chrX","93301585","93301871","chr5","101303488","101303777","40","8001903"
"chrX","93631821","93632120","chr11","61293438","61293738","47","32338383"
"chrX","93877736","93878029","chr11","3044067","3044364","46","90833669"
"chrX","94085165","94085463","chr15","42721863","42722160","47","51363302"
"chrX","94092900","94093192","chr15","22561456","22561749","49","71531444"
"chrX","94151977","94152108","chr16","44049998","44050130","13","50101979"
"chrX","94387376","94387566","chr10","61676965","61677152","49","32710411"
"chrX","94458959","94459252","chr18","12269702","12269996","34","82189257"
"chrX","94767281","94767569","chr18","12269702","12269996","49","82497579"
"chrX","94778780","94779080","chr3","45626371","45626668","40","49152409"
"chrX","94789908","94790216","chr2","11730280","11730589","43","83059628"
"chrX","95515178","95515474","chr4","111697334","111697630","35","16182156"
"chrX","95575311","95575600","chr6","151368944","151369238","47","55793633"
"chrX","95613915","95614185","chr1","127703616","127703888","50","32089701"
"chrX","95655360","95655673","chrX","38891205","38891511","43","56764155"
"chrX","95673555","95673849","chr1","152741834","152742136","38","57068279"
"chrX","95678766","95679082","chr6","157477970","157478279","42","61799204"
"chrX","95685178","95685469","chr9","7025626","7025918","44","88659552"
"chrX","95700690","95700985","chr2","99912559","99912856","40","4211869"
"chrX","95764273","95764579","chr13","60067141","60067439","47","35697132"
"chrX","95821480","95821770","chr2","184580196","184580486","34","88758716"
"chrX","95842388","95842690","chr16","46632271","46632582","46","49210117"
"chrX","95889749","95890040","chrX","96367544","96367829","45","477795"
"chrX","95893243","95893559","chr2","100781376","100781687","47","4888133"
"chrX","95898093","95898410","chr3","170778833","170779151","46","74880740"
"chrX","96017135","96017425","chr1","45623411","45623699","49","50393724"
"chrX","96038040","96038317","chr2","31465104","31465385","48","64572936"
"chrX","96163478","96163758","chrX","96656121","96656409","27","492643"
"chrX","96205569","96205870","chr2","87207712","87208016","49","8997857"
"chrX","96227255","96227543","chr10","70855011","70855300","38","25372244"
"chrX","96235132","96235425","chr10","71196268","71196562","42","25038864"
"chrX","96267873","96268171","chr13","64312623","64312915","42","31955250"
"chrX","96271646","96271883","chr13","6943242","6943497","53","89328404"
"chrX","96276769","96277063","chr20","13516848","13517143","35","82759921"
"chrX","96289217","96289459","chr13","37703262","37703498","51","58585955"
"chrX","96314617","96314893","chr19","32515288","32515561","34","63799329"
"chrX","96332732","96333028","chr19","35482053","35482349","33","60850679"
"chrX","96412804","96413105","chr14","5934954","5935260","50","90477850"
"chrX","96414655","96414945","chr3","41188591","41188879","41","55226064"
"chrX","96502865","96503123","chr10","33229182","33229457","52","63273683"
"chrX","96970895","96971187","chr4","13356747","13357040","43","83614148"
"chrX","97034874","97034984","chr17","5369615","5369726","21","91665259"
"chrX","97047499","97047799","chr10","73657052","73657354","39","23390447"
"chrX","97104945","97105262","chr6","49313425","49313743","40","47791520"
"chrX","97115868","97116136","chr20","21505771","21506044","54","75610097"
"chrX","97226112","97226394","chr7","64860856","64861140","41","32365256"
"chrX","97262939","97263244","chr11","111645299","111645599","35","14382360"
"chrX","97372255","97372567","chr19","4113635","4113944","51","93258620"
"chrX","97496184","97496488","chr11","59744208","59744500","40","37751976"
"chrX","97615541","97615838","JH682036","358126","358421","38","97257415"
"chrX","97626121","97626367","chrX","128911024","128911273","36","31284903"
"chrX","97798742","97798880","chr8","76522039","76522178","28","21276703"
"chrX","97991774","97992072","chr9","69824146","69824444","33","28167628"
"chrX","98194954","98195109","chrX","25848795","25848947","21","72346159"
"chrX","98215066","98215358","chr14","106302092","106302385","33","8087026"
"chrX","98268609","98268897","chr7","141847588","141847876","43","43578979"
"chrX","98277810","98278107","chr16","59345872","59346168","38","38931938"
"chrX","98295329","98295626","chr7","107449701","107449997","39","9154372"
"chrX","98322458","98322761","chr20","19191326","19191624","45","79131132"
"chrX","98326476","98326702","chr16","26332076","26332302","37","71994400"
"chrX","98335746","98336047","chr15","20869080","20869390","44","77466666"
"chrX","98385831","98386126","chr9","88566306","88566605","40","9819525"
"chrX","98390266","98390560","chrX","38099288","38099585","41","60290978"
"chrX","98391029","98391328","chr13","46693746","46694046","36","51697283"
"chrX","98396140","98396441","chr8","135354481","135354781","41","36958341"
"chrX","98437849","98438152","chr7","131418663","131418968","36","32980814"
"chrX","98608177","98608470","chr1","191232237","191232533","42","92624060"
"chrX","98609772","98610056","chr7","133065043","133065330","35","34455271"
"chrX","98615485","98615794","chr12","13891696","13891997","44","84723789"
"chrX","98664771","98665019","chr9","116735467","116735713","30","18070696"
"chrX","98727905","98728202","chr1","122375735","122376034","41","23647830"
"chrX","98781873","98782137","chr16","40453218","40453487","56","58328655"
"chrX","98836745","98836992","chr20","40663185","40663429","38","58173560"
"chrX","99264498","99264797","chr13","72996114","72996414","52","26268384"
"chrX","99294659","99294967","chr10","67405046","67405353","36","31889613"
"chrX","99367694","99367986","chr2","146254274","146254570","47","46886580"
"chrX","99376233","99376513","chr13","64416561","64416845","35","34959672"
"chrX","99378530","99378827","chr10","46481054","46481350","37","52897476"
"chrX","99420914","99421206","chr10","78749019","78749318","42","20671895"
"chrX","99884437","99884741","chr1","128155382","128155688","33","28270945"
"chrX","99905431","99905549","chr4","18435484","18435590","19","81469947"
"chrX","99947437","99947732","chr16","74197777","74198084","45","25749660"
"chrX","99977078","99977371","chr1","94365322","94365615","35","5611756"
"chrX","100111901","100112158","chr6","164769454","164769719","50","64657553"
"chrX","100256402","100256691","chr2","92827254","92827547","36","7429148"
"chrX","100544673","100544970","chr4","43897349","43897653","43","56647324"
"chrX","100649872","100650168","chr16","21958952","21959252","36","78690920"
"chrX","100684365","100684630","chr9","84610245","84610514","36","16074120"
"chrX","100741631","100741912","chr2","112151878","112152164","42","11410247"
"chrX","100886790","100887006","chr7","155860210","155860412","41","54973420"
"chrX","101069238","101069557","chr1","121685453","121685763","40","20616215"
"chrX","101077623","101077894","chr1","202707884","202708154","39","101630261"
"chrX","101206226","101206527","chr6","53239608","53239906","38","47966618"
"chrX","101240557","101240867","chr6","127514364","127514674","41","26273807"
"chrX","101255935","101256228","JH682036","358126","358421","34","100897809"
"chrX","101322488","101322792","chr3","143204397","143204702","39","41881909"
"chrX","101349423","101349721","chr1","946135","946434","34","100403288"
"chrX","101409551","101409828","chr3","28632372","28632647","57","72777179"
"chrX","101432723","101433033","chr1","208495775","208496077","44","107063052"
"chrX","101500302","101500581","chr8","10859295","10859575","42","90641007"
"chrX","101502097","101502369","chr14","94960118","94960395","53","6541979"
"chrX","101648419","101648728","chr4","111038350","111038648","68","9389931"
"chrX","101782468","101782759","chr11","59744208","59744500","35","42038260"
"chrX","101788930","101789226","chr19","3064712","3065012","47","98724218"
"chrX","102002920","102003213","JH682036","358126","358421","31","101644794"
"chrX","102054833","102055080","chr13","71321320","71321556","56","30733513"
"chrX","102098562","102098871","chrX","142505359","142505669","44","40406797"
"chrX","102141162","102141469","chr13","32817425","32817728","32","69323737"
"chrX","102150480","102150774","chr11","57311918","57312214","43","44838562"
"chrX","102274032","102274330","chr6","56372445","56372739","47","45901587"
"chrX","102386634","102386935","chr15","15009395","15009697","50","87377239"
"chrX","102463158","102463448","chr4","57400251","57400542","41","45062907"
"chrX","102464257","102464553","chr7","90971726","90972022","38","11492531"
"chrX","102522373","102522673","chr6","169597076","169597378","43","67074703"
"chrX","102554204","102554497","chr10","62315260","62315548","34","40238944"
"chrX","102556651","102556943","chr1","54481421","54481716","49","48075230"
"chrX","102566810","102567096","chr3","48298408","48298697","36","54268402"
"chrX","102569697","102570016","chr9","50750379","50750702","48","51819318"
"chrX","102593256","102593553","chrX","45487697","45487995","37","57105559"
"chrX","102598347","102598639","chr9","7025626","7025918","33","95572721"
"chrX","102684034","102684328","chr20","10958775","10959070","45","91725259"
"chrX","102707875","102708187","chrX","49664967","49665275","45","53042908"
"chrX","102764866","102765174","chr15","8852110","8852417","43","93912756"
"chrX","102796006","102796304","chr3","45626371","45626668","34","57169635"
"chrX","102828394","102828669","chr6","152714147","152714429","41","49885753"
"chrX","102949031","102949322","chr17","11566262","11566554","36","91382769"
"chrX","103018426","103018712","chr16","1419036","1419322","31","101599390"
"chrX","103196738","103197040","chr13","32817425","32817728","37","70379313"
"chrX","103281263","103281540","chr6","165620960","165621235","40","62339697"
"chrX","103406185","103406479","chr7","90971726","90972022","41","12434459"
"chrX","103727143","103727444","chr1","208474725","208475026","39","104747582"
"chrX","103803252","103803528","chr17","72408225","72408502","35","31395027"
"chrX","103821247","103821556","chr3","68106397","68106706","41","35714850"
"chrX","103977174","103977471","chr6","160339930","160340231","40","56362756"
"chrX","103982020","103982305","chr1","103257746","103258032","39","724274"
"chrX","104014722","104015007","chr13","125134336","125134638","49","21119614"
"chrX","104065664","104065975","chr14","54656644","54656944","52","49409020"
"chrX","104092213","104092509","chr16","21958952","21959252","33","82133261"
"chrX","104102567","104102879","chrX","21313625","21313931","51","82788942"
"chrX","104114404","104114701","chr20","50117025","50117331","52","53997379"
"chrX","104115897","104116184","chr6","88744720","88745008","45","15371177"
"chrX","104324297","104324536","chr8","28282237","28282471","47","76042060"
"chrX","104584923","104585223","chr2","46682521","46682821","37","57902402"
"chrX","104585812","104586128","chr14","117913454","117913761","44","13327642"
"chrX","104655324","104655549","chr7","106517904","106518135","36","1862580"
"chrX","104811558","104811858","chr20","9121389","9121691","39","95690169"
"chrX","104965312","104965599","chr14","21158129","21158427","49","83807183"
"chrX","104966075","104966372","chr11","83053494","83053794","47","21912581"
"chrX","104995762","104996011","chr11","71045850","71046097","40","33949912"
"chrX","105200314","105200610","chr19","3064712","3065012","31","102135602"
"chrX","105264250","105264456","chr1","132797883","132798081","41","27533633"
"chrX","105279790","105280088","chr9","34341703","34341997","45","70938087"
"chrX","105327336","105327634","chr5","2577333","2577630","38","102750003"
"chrX","105433321","105433388","chr7","16068443","16068515","17","89364878"
"chrX","105705207","105705512","chr15","74841385","74841687","37","30863822"
"chrX","105842040","105842308","chr4","70082159","70082430","53","35759881"
"chrX","106129813","106130101","chr4","5391440","5391730","45","100738373"
"chrX","106175147","106175449","chr1","219225924","219226223","37","113050777"
"chrX","106272377","106272676","chr1","7993999","7994304","37","98278378"
"chrX","106369174","106369464","chr9","56023804","56024099","40","50345370"
"chrX","106405183","106405477","chr7","51613254","51613546","41","54791929"
"chrX","106413063","106413356","chr10","78814374","78814666","35","27598689"
"chrX","106438761","106439054","chr12","35031886","35032181","37","71406875"
"chrX","106456009","106456315","chr13","32817425","32817728","37","73638584"
"chrX","106466645","106466933","chr2","96514589","96514879","43","9952056"
"chrX","106472827","106473092","chrX","106923495","106923771","46","450668"
"chrX","106482325","106482607","chr3","108426558","108426841","32","1944233"
"chrX","106508168","106508477","chr8","43871928","43872251","54","62636240"
"chrX","106512505","106512795","chr17","1103916","1104210","38","105408589"
"chrX","106535410","106535695","chr15","99699686","99699971","37","6835724"
"chrX","106537491","106537789","chr6","129769527","129769828","34","23232036"
"chrX","106548514","106548806","chr7","106124881","106125180","40","423633"
"chrX","106579281","106579569","chr2","87435713","87436003","31","19143568"
"chrX","106586012","106586310","chr4","35289826","35290137","47","71296186"
"chrX","106622844","106623133","chr14","43542070","43542357","40","63080774"
"chrX","106653989","106654279","chr16","43554455","43554749","44","63099534"
"chrX","106711103","106711401","chr19","3064712","3065012","31","103646391"
"chrX","106752133","106752426","chr6","128266238","128266531","38","21514105"
"chrX","106757016","106757310","chr11","13702068","13702363","32","93054948"
"chrX","106758246","106758527","chr5","79158515","79158797","40","27599731"
"chrX","106838582","106838861","chr20","12900328","12900614","48","93938254"
"chrX","106842959","106843208","chr9","5480861","5481116","46","101362098"
"chrX","106855072","106855377","chr1","121502010","121502313","43","14646938"
"chrX","106889762","106890042","chr9","83562806","83563081","44","23326956"
"chrX","106897189","106897476","chr4","41283847","41284130","38","65613342"
"chrX","106985137","106985428","chr7","4375365","4375655","42","102609772"
"chrX","106992171","106992463","chr2","184580196","184580486","34","77588025"
"chrX","107014288","107014582","chr5","18950781","18951074","34","88063507"
"chrX","107038206","107038485","chr6","43129343","43129636","44","63908863"
"chrX","107057585","107057818","chr8","103243008","103243239","32","3814577"
"chrX","107058452","107058541","chr3","151171935","151172019","23","44113483"
"chrX","107084958","107085087","chr4","18435769","18435906","21","88649189"
"chrX","107085208","107085365","chr18","39602152","39602315","24","67483056"
"chrX","107092505","107092581","chr6","21477891","21477972","17","85614614"
"chrX","107108871","107109165","chr3","84549220","84549514","37","22559651"
"chrX","107159764","107160067","chr10","78749019","78749318","41","28410745"
"chrX","107241142","107241447","chr1","219225924","219226223","35","111984782"
"chrX","107275884","107276126","chr5","100619906","100620147","52","6655978"
"chrX","107394906","107395180","chr6","10703058","10703335","39","96691848"
"chrX","107406965","107407265","chr14","98318663","98318962","41","9088302"
"chrX","107424961","107425251","chr11","120626708","120626998","55","13201747"
"chrX","107464714","107464986","chr4","20301086","20301372","58","87163628"
"chrX","107482455","107482755","chr12","74616661","74616965","38","32865794"
"chrX","107496283","107496581","chr8","10295077","10295376","34","97201206"
"chrX","107504631","107504906","chrX","107962161","107962446","46","457530"
"chrX","107507682","107507982","chr11","10098018","10098319","35","97409664"
"chrX","107512144","107512443","chr10","87129663","87129949","38","20382481"
"chrX","107537339","107537636","chr4","10828530","10828827","39","96708809"
"chrX","107559160","107559281","chr6","148375288","148375408","15","40816128"
"chrX","107563329","107563601","chr11","116011919","116012187","32","8448590"
"chrX","107564735","107564975","chr16","2724828","2725075","52","104839907"
"chrX","107588950","107589241","chr7","106626100","106626390","35","962850"
"chrX","107591316","107591615","chr2","39329636","39329937","34","68261680"
"chrX","107649566","107649855","chrX","108085498","108085784","40","435932"
"chrX","107653405","107653706","chr11","4016647","4016949","31","103636758"
"chrX","107661333","107661635","chr1","66707541","66707842","40","40953792"
"chrX","107671625","107671905","chr2","160248637","160248921","40","52577012"
"chrX","107686874","107687177","chr1","1866324","1866628","40","105820550"
"chrX","107697497","107697792","chr9","101142619","101142915","35","6554878"
"chrX","107732418","107732705","chr15","73066833","73067123","32","34665585"
"chrX","107736172","107736293","chr13","72094154","72094276","16","35642018"
"chrX","107740024","107740314","chr20","5343907","5344203","36","102396117"
"chrX","107773035","107773306","chr1","10273687","10273957","49","97499348"
"chrX","107834423","107834641","chrX","108263142","108263360","29","428719"
"chrX","107859949","107860256","chr15","96983547","96983850","38","10876402"
"chrX","107863753","107864063","chr20","54640728","54641039","36","53223025"
"chrX","107876733","107877030","chr9","30302448","30302737","56","77574285"
"chrX","107924595","107924907","chr7","73560013","73560323","35","34364582"
"chrX","107943123","107943405","chrX","108338054","108338335","41","394931"
"chrX","107945416","107945718","chr11","47141245","47141548","37","60804171"
"chrX","107948784","107948952","chr6","69503937","69504107","26","38444847"
"chrX","107981423","107981719","chr1","29984577","29984876","42","77996846"
"chrX","107990148","107990458","chr1","54448544","54448853","47","53541604"
"chrX","107995029","107995289","chr8","25856240","25856492","42","82138789"
"chrX","108009380","108009535","chr3","84702351","84702506","28","23307029"
"chrX","108019435","108019729","chr3","45626371","45626668","35","62393064"
"chrX","108023993","108024129","chrX","126022921","126023078","37","17998928"
"chrX","108029891","108030097","chr15","41121522","41121731","27","66908369"
"chrX","108038502","108038802","chr1","44496211","44496506","41","63542291"
"chrX","108057911","108058209","chr17","30611756","30612052","36","77446155"
"chrX","108060580","108060879","chr2","96239962","96240258","35","11820618"
"chrX","108061991","108062298","chrX","38891205","38891511","43","69170786"
"chrX","108074963","108075270","chr16","21958952","21959252","44","86116011"
"chrX","108165115","108165329","chr7","121329046","121329267","33","13163931"
"chrX","108294618","108294918","chr1","946135","946434","34","107348483"
"chrX","108433475","108433784","chr13","28311307","28311612","41","80122168"
"chrX","108434588","108434859","chr1","19239298","19239569","35","89195290"
"chrX","108455993","108456253","chr20","8871219","8871485","33","99584774"
"chrX","108467418","108467736","chrX","108890702","108891012","61","423284"
"chrX","108487400","108487663","chr4","37095874","37096153","50","71391526"
"chrX","108495328","108495605","chr7","130654165","130654431","43","22158837"
"chrX","108505874","108506177","chr13","106718197","106718493","42","1787677"
"chrX","108562776","108563078","chr12","51845288","51845587","38","56717488"
"chrX","108627918","108628236","chr7","90903203","90903515","47","17724715"
"chrX","108645687","108645968","chr19","44121713","44121997","34","64523974"
"chrX","108646543","108646848","chr19","36441430","36441734","38","72205113"
"chrX","108648322","108648610","chr16","9432797","9433079","50","99215525"
"chrX","108721869","108722131","chr6","10703058","10703335","43","98018811"
"chrX","108797005","108797295","chr10","62315260","62315548","43","46481745"
"chrX","108825454","108825752","chr8","10102742","10103034","37","98722712"
"chrX","109008408","109008703","chr9","92292916","92293201","44","16715492"
"chrX","109068164","109068471","chr15","35190462","35190761","50","73877702"
"chrX","109247768","109248059","chr6","128266238","128266531","48","19018470"
"chrX","109283254","109283548","chr2","184580196","184580486","38","75296942"
"chrX","109990452","109990739","chr10","62315260","62315548","49","47675192"
"chrX","110063704","110064009","chr14","54656644","54656944","50","55407060"
"chrX","110236870","110237180","chr12","63712638","63712948","34","46524232"
"chrX","110614611","110614911","chr19","50898678","50898974","48","59715933"
"chrX","110683327","110683625","chr2","181253650","181253955","39","70570323"
"chrX","111301909","111302201","chr7","72707693","72707981","35","38594216"
"chrX","111505300","111505543","chr7","12513172","12513420","46","98992128"
"chrX","111529514","111529812","chr10","82748968","82749254","49","28780546"
"chrX","111534545","111534837","chr11","114923633","114923926","36","3389088"
"chrX","111542841","111543108","chr16","64054855","64055135","38","47487986"
"chrX","111544543","111544836","chr7","130037381","130037668","44","18492838"
"chrX","111636878","111637184","chr1","19844467","19844774","47","91792411"
"chrX","111637461","111637734","chr2","99535195","99535480","48","12102266"
"chrX","111639603","111639909","chrX","91292457","91292757","43","20347146"
"chrX","111670885","111671189","chr1","1866324","1866628","40","109804561"
"chrX","111676175","111676476","chr13","62991818","62992120","33","48684357"
"chrX","111690659","111690942","chr15","21464395","21464674","42","90226264"
"chrX","111714997","111715295","chrX","45487697","45487995","34","66227300"
"chrX","111716232","111716527","chr8","31655877","31656171","31","80060355"
"chrX","111721075","111721382","chr1","123829563","123829868","40","12108488"
"chrX","111725725","111726018","chr1","113722216","113722513","39","1996491"
"chrX","111731696","111731994","chr17","27643358","27643658","38","84088338"
"chrX","111745526","111745819","chr11","114923633","114923926","38","3178107"
"chrX","111750113","111750382","chr12","45247219","45247487","36","66502894"
"chrX","111762727","111763020","chr13","36338632","36338934","49","75424095"
"chrX","111767296","111767590","chr8","25582102","25582396","34","86185194"
"chrX","111769341","111769606","chr2","25492368","25492634","39","86276973"
"chrX","111777722","111778023","chr17","30337456","30337753","42","81440266"
"chrX","111780207","111780313","chr10","79957137","79957242","14","31823070"
"chrX","111787049","111787340","chr7","77046533","77046816","48","34740516"
"chrX","111790499","111790784","chr15","83740001","83740291","45","28050498"
"chrX","111791471","111791759","chr2","81991105","81991401","46","29800366"
"chrX","111817817","111818110","chr9","14690494","14690788","36","97127323"
"chrX","111871459","111871682","chr7","121329046","121329267","31","9457587"
"chrX","111920294","111920595","chr3","48298408","48298697","50","63621886"
"chrX","111920754","111921060","chr3","63138918","63139226","51","48781836"
"chrX","111950236","111950537","chr9","104638201","104638502","45","7312035"
"chrX","111964836","111965117","chr1","219677924","219678213","41","107713088"
"chrX","112029155","112029454","chr13","116647521","116647821","30","4618366"
"chrX","112032696","112033009","chr11","40791675","40791991","47","71241021"
"chrX","112040302","112040591","chr2","184580196","184580486","34","72539894"
"chrX","112080399","112080712","chr11","36769212","36769521","40","75311187"
"chrX","112095553","112095848","chr15","101493605","101493896","41","10601948"
"chrX","112142467","112142769","chr1","219225924","219226223","35","107083457"
"chrX","112351350","112351650","chr14","106898195","106898495","42","5453155"
"chrX","112387316","112387623","chr16","10879859","10880169","43","101507457"
"chrX","112485007","112485276","chr13","127258673","127258948","43","14773666"
"chrX","112754579","112754871","chr4","33860712","33861004","42","78893867"
"chrX","112820593","112820899","chr6","148101535","148101843","38","35280942"
"chrX","112908265","112908484","chr5","137480638","137480863","27","24572373"
"chrX","112948575","112948866","chr7","72707693","72707981","46","40240882"
"chrX","113034484","113034770","chr10","62315260","62315548","43","50719224"
"chrX","113152434","113152714","chr1","33754909","33755189","41","79397525"
"chrX","113542666","113542941","chr1","189024306","189024584","53","75481640"
"chrX","113771720","113772033","chrX","90798452","90798764","45","22973268"
"chrX","113968390","113968668","chr17","78068546","78068824","49","35899844"
"chrX","114103703","114104010","chr9","49904912","49905219","55","64198791"
"chrX","114133778","114134043","chr3","61177348","61177613","35","52956430"
"chrX","114215806","114215896","chr1","54171412","54171503","17","60044394"
"chrX","114331675","114331971","chr15","8677904","8678207","53","105653771"
"chrX","114417146","114417269","chr11","109951877","109952002","20","4465269"
"chrX","114438104","114438362","chr4","123311126","123311385","60","8873022"
"chrX","114606000","114606281","chr15","21464395","21464674","43","93141605"
"chrX","114756676","114756942","chr2","23879717","23879987","55","90876959"
"chrX","114845626","114845929","chr9","36433182","36433480","44","78412444"
"chrX","114922513","114922826","chr18","25061209","25061518","48","89861304"
"chrX","115326012","115326315","chr19","3064712","3065012","30","112261300"
"chrX","115572910","115573124","chr8","98989299","98989512","39","16583611"
"chrX","115720416","115720558","chr8","65998403","65998545","17","49722013"
"chrX","115775568","115775853","chr6","88744720","88745008","44","27030848"
"chrX","115789657","115789957","chr15","53990850","53991154","35","61798807"
"chrX","115791132","115791435","chr1","213070791","213071090","41","97279659"
"chrX","116014883","116015169","chr19","32347284","32347572","51","83667599"
"chrX","116085075","116085338","chr2","25492368","25492634","57","90592707"
"chrX","116453231","116453516","chr16","1419036","1419322","35","115034195"
"chrX","116822968","116823262","chr13","88006009","88006300","37","28816959"
"chrX","116850492","116850788","chr3","160772561","160772858","34","43922069"
"chrX","117044619","117044914","chr1","48541016","48541306","38","68503603"
"chrX","117305634","117305938","chr1","7993999","7994304","31","109311635"
"chrX","117318482","117318788","chr6","124714488","124714790","39","7396006"
"chrX","117356807","117357098","chr6","52480201","52480494","41","64876606"
"chrX","117407785","117408066","chr2","45035995","45036280","58","72371790"
"chrX","117537634","117537895","chr19","39470515","39470769","45","78067119"
"chrX","117596850","117597142","chr2","102989050","102989349","43","14607800"
"chrX","117615920","117616206","chr16","11126268","11126568","45","106489652"
"chrX","117668193","117668499","chrX","44962032","44962338","39","72706161"
"chrX","117701019","117701332","chr1","164085258","164085565","42","46384239"
"chrX","117747784","117748091","chr9","92266304","92266607","46","25481480"
"chrX","117791555","117791856","chr11","36769212","36769521","44","81022343"
"chrX","117801929","117802212","chr4","21707920","21708208","37","96094009"
"chrX","117816182","117816465","chr12","98300764","98301051","37","19515418"
"chrX","117824547","117824858","JH681151","1462","1770","41","117823085"
"chrX","117851620","117851912","chr1","94365322","94365615","48","23486298"
"chrX","117857455","117857754","chr3","160772561","160772858","38","42915106"
"chrX","117865977","117866256","chr19","14477659","14477939","34","103388318"
"chrX","117866446","117866747","chr11","111650237","111650541","43","6216209"
"chrX","117872124","117872426","chr12","20710479","20710784","45","97161645"
"chrX","117877785","117878079","chr3","67646726","67647021","40","50231059"
"chrX","117894493","117894806","chr11","33968956","33969265","45","83925537"
"chrX","117899071","117899357","chr8","21218964","21219248","54","96680107"
"chrX","117935785","117936076","chrX","65137484","65137780","39","52798301"
"chrX","117940207","117940510","chr15","29522390","29522690","37","88417817"
"chrX","117943541","117943775","chrX","13427697","13427949","51","104515844"
"chrX","117949528","117949797","chr2","152202700","152202973","43","34253172"
"chrX","117985452","117985742","chr3","40442931","40443220","40","77542521"
"chrX","117994754","117995052","chr9","36433182","36433480","33","81561572"
"chrX","117995412","117995530","chr5","103673334","103673452","20","14322078"
"chrX","117997717","117997995","chr7","111089387","111089666","50","6908330"
"chrX","118032159","118032330","chr6","168710657","168710821","23","50678498"
"chrX","118051057","118051359","chr4","122739212","122739513","35","4688155"
"chrX","118071043","118071345","chr5","45376537","45376837","44","72694506"
"chrX","118096945","118097249","chr18","12432850","12433158","38","105664095"
"chrX","118098996","118099087","chr3","78022612","78022705","14","40076384"
"chrX","118141886","118142175","chr7","75548412","75548705","40","42593474"
"chrX","118164370","118164659","chr3","39281112","39281388","51","78883258"
"chrX","118197482","118197577","chr3","161273467","161273562","11","43075985"
"chrX","118220352","118220636","chr4","107911095","107911379","39","10309257"
"chrX","118292295","118292604","chr1","192928162","192928470","40","74635867"
"chrX","118308495","118308791","chrX","38190147","38190439","37","80118348"
"chrX","118406009","118406224","chr1","38488560","38488754","53","79917449"
"chrX","118433098","118433398","chr4","56503347","56503657","47","61929751"
"chrX","118450111","118450406","chr1","207075081","207075375","35","88624970"
"chrX","118539247","118539536","chr15","69020144","69020428","31","49519103"
"chrX","118554984","118555276","chr1","124250793","124251086","34","5695809"
"chrX","118598030","118598272","chr6","166194239","166194474","45","47596209"
"chrX","118737674","118737836","chr7","120733169","120733328","23","1995495"
"chrX","118749157","118749438","chr3","43135407","43135692","51","75613750"
"chrX","118796638","118796942","chr6","143658894","143659197","40","24862256"
"chrX","118824222","118824515","chr13","126420990","126421283","44","7596768"
"chrX","118904408","118904717","chr1","7993999","7994304","37","110910409"
"chrX","119053848","119054158","chr2","100781376","100781687","39","18272472"
"chrX","119097751","119098051","chr8","22381843","22382135","47","96715908"
"chrX","119104444","119104748","chr11","59744208","59744500","40","59360236"
"chrX","119209984","119210278","chr13","117417087","117417382","47","1792897"
"chrX","119264381","119264679","chr1","946135","946434","34","118318246"
"chrX","119294003","119294287","chr11","106890418","106890709","43","12403585"
"chrX","119516507","119516796","chr11","46110133","46110427","44","73406374"
"chrX","119546764","119547055","chr15","90210594","90210890","32","29336170"
"chrX","119624042","119624355","chr11","94271683","94272001","43","25352359"
"chrX","119624842","119625143","chr5","46114330","46114640","52","73510512"
"chrX","119635634","119635941","chr10","16049988","16050292","39","103585646"
"chrX","119646166","119646450","chr11","118940207","118940502","53","705959"
"chrX","119663092","119663398","chr16","47869063","47869366","43","71794029"
"chrX","119708246","119708550","chr12","103713062","103713366","49","15995184"
"chrX","119749730","119750033","chr1","123829563","123829868","30","4079833"
"chrX","120156445","120156734","chr19","44121713","44121997","48","76034732"
"chrX","120246455","120246766","chr2","102201769","102202079","43","18044686"
"chrX","120501080","120501381","chr14","110707155","110707459","42","9793925"
"chrX","120560656","120560964","chr3","109638929","109639229","42","10921727"
"chrX","120583665","120583969","chr7","90971726","90972022","53","29611939"
"chrX","120768266","120768548","chr3","156857065","156857346","46","36088799"
"chrX","120841925","120842218","chr4","10828530","10828827","41","110013395"
"chrX","120929192","120929485","chr12","23354859","23355155","48","97574333"
"chrX","120947039","120947180","chr4","103459648","103459795","20","17487391"
"chrX","120975077","120975357","chr16","1389195","1389477","36","119585882"
"chrX","121008314","121008624","chr10","67405046","67405353","38","53603268"
"chrX","121011912","121012013","chr8","117947537","117947637","15","3064375"
"chrX","121100042","121100328","chr20","37507575","37507860","35","83592467"
"chrX","121152818","121153119","chr20","26717586","26717886","30","94435232"
"chrX","121297434","121297729","chr10","48342638","48342927","39","72954796"
"chrX","121304119","121304338","chr6","61779025","61779240","36","59525094"
"chrX","121305348","121305647","chr20","17193353","17193651","47","104111995"
"chrX","121330907","121331199","chr2","184580196","184580486","37","63249289"
"chrX","121388355","121388661","chr12","69597135","69597433","47","51791220"
"chrX","121423514","121423822","chr3","98185465","98185772","47","23238049"
"chrX","121454698","121454991","chr4","7347107","7347397","39","114107591"
"chrX","121459165","121459438","chr12","69842458","69842741","46","51616707"
"chrX","121588350","121588654","chr9","25603269","25603573","34","95985081"
"chrX","121642448","121642749","chr6","142572268","142572563","47","20929820"
"chrX","121691640","121691841","chrX","122065113","122065310","28","373473"
"chrX","121704812","121705101","chr11","102058539","102058820","46","19646273"
"chrX","121895487","121895794","chr9","34692372","34692685","63","87203115"
"chrX","121902822","121903119","chr4","160599897","160600192","36","38697075"
"chrX","121925946","121926270","chr17","73227366","73227676","52","48698580"
"chrX","121970585","121970875","chr8","7627177","7627468","47","114343408"
"chrX","122032796","122033099","chr10","29691322","29691619","33","92341474"
"chrX","122132921","122133233","chrX","44962032","44962338","41","77170889"
"chrX","122137307","122137581","chr7","49208770","49209048","43","72928537"
"chrX","122143310","122143617","chr2","156021941","156022254","53","33878631"
"chrX","122246556","122246834","chr16","9063234","9063515","38","113183322"
"chrX","122247998","122248320","chr3","107368374","107368683","54","14879624"
"chrX","122267240","122267525","chr3","68363356","68363621","57","53903884"
"chrX","122270945","122271248","chr16","68248618","68248915","46","54022327"
"chrX","122283629","122283914","chr3","599816","600100","41","121683813"
"chrX","122309799","122310082","chr3","92856547","92856828","44","29453252"
"chrX","122310569","122310871","chrX","93343069","93343376","40","28967500"
"chrX","122321104","122321400","chr1","65662451","65662746","35","56658653"
"chrX","122409528","122409810","chr16","66408804","66409087","41","56000724"
"chrX","122522155","122522463","chr10","67405046","67405353","50","55117109"
"chrX","122609662","122609945","chr11","59744208","59744500","41","62865454"
"chrX","122642344","122642633","chr16","54181082","54181369","33","68461262"
"chrX","122659126","122659401","chr16","1630024","1630299","41","121029102"
"chrX","122695156","122695445","chr5","95637760","95638046","38","27057396"
"chrX","122792773","122793086","chr6","34265679","34265986","48","88527094"
"chrX","122807823","122808122","chr17","9923912","9924219","45","112883911"
"chrX","122817904","122818205","chr1","56876430","56876729","38","65941474"
"chrX","122832087","122832354","chr6","15644274","15644547","48","107187813"
"chrX","122861443","122861719","chr11","129504977","129505253","42","6643534"
"chrX","122866257","122866557","chr1","128131448","128131746","37","5265191"
"chrX","123067331","123067628","chr11","95297421","95297719","34","27769910"
"chrX","123158383","123158688","chr5","118928307","118928607","49","4230076"
"chrX","123461780","123462087","chr16","9091368","9091671","48","114370412"
"chrX","123585152","123585238","chr5","32121453","32121538","12","91463699"
"chrX","123643960","123644198","chr3","107454905","107455141","41","16189055"
"chrX","123663328","123663619","chr1","48541016","48541306","43","75122312"
"chrX","123676735","123676897","chr10","85626594","85626755","27","38050141"
"chrX","123678075","123678365","chr1","219677924","219678213","41","95999849"
"chrX","123688502","123688733","chr13","109955343","109955573","37","13733159"
"chrX","123691510","123691824","chrX","124170024","124170327","55","478514"
"chrX","123722738","123723034","chr6","126641819","126642115","40","2919081"
"chrX","123733391","123733716","chr1","139882805","139883114","52","16149414"
"chrX","123760851","123761099","chr18","50874536","50874793","46","72886315"
"chrX","123780057","123780349","chr9","13974025","13974315","43","109806032"
"chrX","123781531","123781832","chr7","65109677","65109988","49","58671854"
"chrX","123783300","123783600","chr10","90861195","90861497","48","32922105"
"chrX","123800310","123800604","chr7","40750157","40750451","42","83050153"
"chrX","123807181","123807476","chr2","96826999","96827292","32","26980182"
"chrX","123837609","123837834","chr9","115325038","115325246","51","8512571"
"chrX","123846958","123847255","chr10","70022753","70023049","48","53824205"
"chrX","123858209","123858509","chr20","65988551","65988858","42","57869658"
"chrX","123882502","123882774","chr19","39198529","39198809","46","84683973"
"chrX","123916095","123916399","chr10","67405046","67405353","41","56511049"
"chrX","123954717","123955020","chr1","114716826","114717136","44","9237891"
"chrX","123983499","123983816","chr14","70752631","70752941","49","53230868"
"chrX","123992568","123992866","chr1","105973248","105973548","38","18019320"
"chrX","123994147","123994446","chr6","132771815","132772114","37","8777668"
"chrX","124038905","124039212","chr7","30530730","30531038","39","93508175"
"chrX","124194915","124195189","chr13","78539098","78539377","36","45655817"
"chrX","124196156","124196436","chr2","165476002","165476287","51","41279846"
"chrX","124260888","124261177","chr1","42476755","42477044","30","81784133"
"chrX","124301336","124301633","chr6","150412121","150412414","36","26110785"
"chrX","124304767","124305040","chr2","56396477","56396751","37","67908290"
"chrX","124334667","124334968","chr5","36968561","36968860","44","87366106"
"chrX","124386289","124386593","chr18","71745606","71745910","41","52640683"
"chrX","124462705","124462982","chr1","40770988","40771266","46","83691717"
"chrX","124530760","124531052","chr7","72707693","72707981","36","51823067"
"chrX","124555184","124555475","chr2","69261395","69261686","32","55293789"
"chrX","124571310","124571620","chr13","42080801","42081107","48","82490509"
"chrX","124574725","124575005","chr3","55267384","55267666","48","69307341"
"chrX","124582544","124582657","chr18","12700031","12700142","14","111882513"
"chrX","124587823","124588138","chr1","164085258","164085565","51","39497435"
"chrX","124588789","124589061","chr2","100062378","100062646","35","24526411"
"chrX","124593056","124593353","chr18","72136405","72136701","45","52456651"
"chrX","124614270","124614581","chr13","61132328","61132637","43","63481942"
"chrX","124621494","124621803","chr6","157477970","157478279","37","32856476"
"chrX","124625155","124625441","chr4","42101884","42102172","46","82523271"
"chrX","124639564","124639867","chrX","141461223","141461530","39","16821659"
"chrX","124644025","124644327","chr3","38447004","38447303","38","86197021"
"chrX","124718628","124718916","chr1","204583138","204583421","43","79864510"
"chrX","124908464","124908748","chr11","109704352","109704638","41","15204112"
"chrX","124989586","124989881","chr15","92368829","92369125","40","32620757"
"chrX","125157906","125158211","chr2","178187197","178187490","47","53029291"
"chrX","125174067","125174363","chr1","42476755","42477044","41","82697312"
"chrX","125182507","125182811","chr12","13891696","13891997","45","111290811"
"chrX","125186285","125186594","chr20","29027805","29028111","34","96158480"
"chrX","125196213","125196346","chr6","115215704","115215835","24","9980509"
"chrX","125229546","125229851","chr3","34969388","34969689","37","90260158"
"chrX","125233603","125233907","chr12","31651684","31651987","38","93581919"
"chrX","125273381","125273655","chr19","32590740","32591017","44","92682641"
"chrX","125353353","125353658","chr1","123829563","123829868","41","1523790"
"chrX","125360597","125360890","chr11","49348057","49348353","40","76012540"
"chrX","125412452","125412752","chr2","46682521","46682821","38","78729931"
"chrX","125415886","125416225","chr13","43327633","43327946","68","82088253"
"chrX","125423481","125423759","chr1","13186406","13186688","48","112237075"
"chrX","125455638","125455946","chr7","18741876","18742175","53","106713762"
"chrX","125462833","125463121","chr2","84844754","84845049","41","40618079"
"chrX","125466436","125466723","chr19","44121713","44121997","49","81344723"
"chrX","125491029","125491314","chr5","132631825","132632108","44","7140796"
"chrX","125867444","125867738","chr8","95960003","95960299","38","29907441"
"chrX","126112595","126112732","chr8","76522039","76522178","18","49590556"
"chrX","126220234","126220537","chr14","61978573","61978866","49","64241661"
"chrX","126243587","126243885","chr17","75499592","75499899","53","50743995"
"chrX","126366097","126366343","chr5","133797177","133797424","32","7431080"
"chrX","126654399","126654701","chr1","128155382","128155688","35","1500983"
"chrX","127252975","127253268","chr12","35031886","35032181","36","92221089"
"chrX","127447548","127447849","chr18","38831544","38831845","33","88616004"
"chrX","127483683","127483914","chr11","44650712","44650952","40","82832971"
"chrX","127571529","127571832","chr3","66332072","66332374","43","61239457"
"chrX","127628627","127628915","chr10","62613928","62614216","33","65014699"
"chrX","127648041","127648344","chr14","98318663","98318962","43","29329378"
"chrX","127676225","127676515","chr2","147375567","147375858","42","19699342"
"chrX","127706438","127706741","chr5","86230125","86230425","35","41476313"
"chrX","127709634","127709930","chr4","31928114","31928408","38","95781520"
"chrX","127718014","127718288","chrX","86349753","86350031","44","41368261"
"chrX","127731864","127732157","chr1","129567144","129567444","32","1835280"
"chrX","127733675","127733963","chr17","3541078","3541367","36","124192597"
"chrX","127763044","127763337","chr4","131151963","131152268","42","3388919"
"chrX","127771700","127772008","chr3","124597695","124597995","44","3174005"
"chrX","127823501","127823764","chr2","49059917","49060182","35","78763584"
"chrX","127826104","127826226","chr7","15728016","15728136","22","112098088"
"chrX","127865982","127866292","chr10","33030101","33030407","37","94835881"
"chrX","127877893","127878195","JH680086","150710","151017","51","127727183"
"chrX","127892336","127892475","chr2","177049440","177049581","19","49157104"
"chrX","127892489","127892794","chr9","61900736","61901039","46","65991753"
"chrX","127896916","127897200","chr2","98233357","98233645","45","29663559"
"chrX","128047169","128047467","chr18","2008539","2008838","49","126038630"
"chrX","128178658","128178754","chr1","140851347","140851436","17","12672689"
"chrX","128199004","128199298","chr3","160772561","160772858","36","32573557"
"chrX","128298657","128298964","chr4","46766925","46767234","44","81531732"
"chrX","128347671","128347965","chr1","127833040","127833336","41","514631"
"chrX","128371525","128371834","chrX","21382000","21382304","42","106989525"
"chrX","128471784","128472072","chr11","88966345","88966635","35","39505439"
"chrX","128474583","128474874","chr1","42476755","42477044","40","85997828"
"chrX","128562752","128563048","chr9","7025626","7025918","30","121537126"
"chrX","128590058","128590367","chr15","9064210","9064516","35","119525848"
"chrX","128604823","128605070","chrX","128911024","128911273","35","306201"
"chrX","128812110","128812407","chr10","36399480","36399772","52","92412630"
"chrX","129059519","129059820","chr5","171657301","171657602","43","42597782"
"chrX","129077317","129077596","chr8","95960003","95960299","38","33117314"
"chrX","129102403","129102581","chr1","160301052","160301228","29","31198649"
"chrX","129151215","129151520","chr7","37449373","37449676","39","91701842"
"chrX","129170701","129170990","chr2","72702249","72702540","43","56468452"
"chrX","129183481","129183807","chr13","107937859","107938184","59","21245622"
"chrX","129189764","129190055","chrX","107407306","107407593","33","21782458"
"chrX","129320885","129321214","chr20","51934662","51934968","60","77386223"
"chrX","129460716","129461004","chr2","184580196","184580486","43","55119480"
"chrX","129524932","129525157","chr18","51009583","51009809","34","78515349"
"chrX","129824118","129824378","chr16","49291396","49291674","57","80532722"
"chrX","129923489","129923789","chr5","99829726","99830013","52","30093763"
"chrX","130154089","130154379","chr9","60487945","60488236","45","69666144"
"chrX","130258390","130258679","chr4","131374689","131374976","51","1116299"
"chrX","130620363","130620658","chr19","12557275","12557573","37","118063088"
"chrX","130685344","130685641","chr1","53988770","53989067","37","76696574"
"chrX","130719080","130719370","chr7","129975763","129976062","44","743317"
"chrX","130723272","130723559","chr3","163365708","163365992","45","32642436"
"chrX","130893337","130893646","chr18","26846321","26846625","51","104047016"
"chrX","130942150","130942441","chrX","20846410","20846706","34","110095740"
"chrX","131141803","131142082","chr16","50279212","50279487","41","80862591"
"chrX","131188945","131189249","chr20","19191326","19191624","51","111997619"
"chrX","131347385","131347644","chr2","49059917","49060182","32","82287468"
"chrX","131727900","131728195","chr18","28094682","28094983","49","103633218"
"chrX","131766379","131766659","chr2","67526534","67526825","53","64239845"
"chrX","132019533","132019831","chr12","62998160","62998458","45","69021373"
"chrX","132040059","132040359","chr1","214626969","214627263","55","82586910"
"chrX","132042967","132043263","chr2","146254274","146254570","50","14211307"
"chrX","132347734","132348032","chr4","81827100","81827397","54","50520634"
"chrX","132387151","132387410","chr10","90525188","90525445","57","41861963"
"chrX","132437151","132437454","chr12","27592055","27592349","48","104845096"
"chrX","132588453","132588743","chr12","93108642","93108929","50","39479811"
"chrX","132617871","132618187","chr16","6949294","6949602","44","125668577"
"chrX","132628371","132628679","chr10","46007696","46008002","35","86620675"
"chrX","132635515","132635688","chr5","90176284","90176456","26","42459231"
"chrX","132663477","132663777","chr6","165724904","165725204","40","33061427"
"chrX","132752091","132752393","chr2","38884008","38884302","51","93868083"
"chrX","132796895","132797179","chr4","1289468","1289756","39","131507427"
"chrX","132812003","132812302","chr11","59744208","59744500","47","73067795"
"chrX","132937964","132938264","chr10","70403053","70403349","54","62534911"
"chrX","132996072","132996314","chr7","24936105","24936346","31","108059967"
"chrX","133016000","133016302","chr11","108474262","108474559","42","24541738"
"chrX","133109983","133110282","chr7","17565066","17565366","46","115544917"
"chrX","133183884","133184193","chr6","128302615","128302924","39","4881269"
"chrX","133267457","133267760","chr20","57880354","57880665","59","75387103"
"chrX","133346987","133347248","chr12","84916740","84916997","46","48430247"
"chrX","133348494","133348799","chr15","15063330","15063629","50","118285164"
"chrX","133534083","133534394","chr11","33968956","33969265","40","99565127"
"chrX","133590218","133590516","chr4","69347489","69347789","35","64242729"
"chrX","133610710","133611015","chr3","130290294","130290595","56","3320416"
"chrX","133727419","133727716","chr11","8138169","8138470","29","125589250"
"chrX","133932800","133933089","chr11","120626708","120626998","35","13306092"
"chrX","133969719","133970003","chr14","111869477","111869767","39","22100242"
"chrX","134011359","134011637","chr11","62671059","62671353","46","71340300"
"chrX","134104608","134104903","chr11","59744208","59744500","31","74360400"
"chrX","134173418","134173604","chr18","16642318","16642513","36","117531100"
"chrX","134226838","134227138","chr2","46682521","46682821","33","87544317"
"chrX","134303500","134303714","chr6","61580546","61580758","33","72722954"
"chrX","134311726","134311921","chr11","18967865","18968067","43","115343861"
"chrX","134452382","134452638","chr5","10805787","10806051","43","123646595"
"chrX","134704551","134704848","chr5","89929633","89929935","42","44774918"
"chrX","134984522","134984823","chr3","174598277","174598584","44","39613755"
"chrX","135027615","135027896","chr3","172748138","172748416","37","37720523"
"chrX","135188158","135188460","chr16","70619220","70619515","36","64568938"
"chrX","135224532","135224839","chr1","213070791","213071090","41","77846259"
"chrX","135507256","135507565","chr1","128155382","128155688","38","7351874"
"chrX","135537397","135537637","chr20","12637147","12637382","52","122900250"
"chrX","135838981","135839290","chr12","80362467","80362771","40","55476514"
"chrX","135937785","135938055","chr9","21883053","21883330","48","114054732"
"chrX","135946922","135947206","chr19","28455142","28455426","35","107491780"
"chrX","135978298","135978484","chr16","42613262","42613447","24","93365036"
"chrX","136274736","136275041","chr10","85616264","85616571","39","50658472"
"chrX","136596852","136597131","chr11","95761683","95761964","44","40835169"
"chrX","136719641","136719919","chr3","3812815","3813101","42","132906826"
"chrX","136786923","136787223","chr1","150440547","150440847","50","13653624"
"chrX","136986240","136986537","chr2","102989050","102989349","36","33997190"
"chrX","137474497","137474651","chr15","89569260","89569423","29","47905237"
"chrX","137519832","137520123","chr11","114923633","114923926","34","22596199"
"chrX","137564822","137565101","chr3","176663524","176663817","63","39098702"
"chrX","137612143","137612438","chr1","14339353","14339646","41","123272790"
"chrX","137701927","137702237","chr1","30886272","30886580","43","106815655"
"chrX","137785359","137785661","chrX","111931424","111931726","32","25853935"
"chrX","137863329","137863633","chr10","20574113","20574419","39","117289216"
"chrX","137882384","137882648","chrX","99309409","99309686","52","38572975"
"chrX","137885378","137885663","chr3","152822996","152823281","33","14937618"
"chrX","137911241","137911452","chr19","6355602","6355822","45","131555639"
"chrX","137937297","137937587","chr10","64926952","64927240","46","73010345"
"chrX","138073674","138073972","chr14","60670708","60671010","34","77402966"
"chrX","138317198","138317509","chr13","40807388","40807696","34","97509810"
"chrX","138319425","138319725","chr13","32817425","32817728","37","105502000"
"chrX","138378304","138378589","chr20","26324160","26324436","41","112054144"
"chrX","138394047","138394283","chr1","100959718","100959948","39","37434329"
"chrX","138456405","138456709","chrX","44962032","44962338","33","93494373"
"chrX","138503707","138504017","chr7","79577620","79577931","52","58926087"
"chrX","138953537","138953848","chrX","139656939","139657246","50","703402"
"chrX","139136071","139136306","chr6","143514666","143514896","43","4378595"
"chrX","139246581","139246884","chr14","63716116","63716415","48","75530465"
"chrX","139360551","139360840","chr4","13002327","13002618","38","126358224"
"chrX","139447944","139448232","chr12","93108642","93108929","41","46339302"
"chrX","139571961","139572257","chr11","59744208","59744500","39","79827753"
"chrX","139576367","139576406","chr15","23556986","23557025","6","116019381"
"chrX","139658285","139658531","chr1","28502551","28502789","36","111155734"
"chrX","139667721","139668006","chrX","140564014","140564300","35","896293"
"chrX","139683596","139683881","chr4","66020231","66020526","48","73663365"
"chrX","139845309","139845603","chr9","22636719","22637014","33","117208590"
"chrX","139963751","139964053","chr2","102989050","102989349","44","36974701"
"chrX","140133929","140134238","chr1","117918653","117918960","43","22215276"
"chrX","140195597","140195866","chr7","133525467","133525745","55","6670130"
"chrX","140241332","140241613","chr12","63510718","63510999","35","76730614"
"chrX","140248919","140249224","chr7","144645259","144645561","45","4396340"
"chrX","140250118","140250423","chr13","125134336","125134638","35","15115782"
"chrX","140283010","140283310","chr1","213070791","213071090","35","72787781"
"chrX","140372862","140373094","chr10","32414416","32414650","53","107958446"
"chrX","140381036","140381315","chr5","36251595","36251881","44","104129441"
"chrX","140382307","140382613","chrX","96115610","96115910","41","44266697"
"chrX","140428097","140428384","chr4","4867746","4868041","42","135560351"
"chrX","140452950","140453102","chr7","117424070","117424225","28","23028880"
"chrX","140475805","140476102","chr11","48999226","48999522","40","91476579"
"chrX","140529487","140529777","chr3","48298408","48298697","37","92231079"
"chrX","140533770","140534066","chr5","34488672","34488979","38","106045098"
"chrX","140558605","140558853","chr7","76362259","76362516","60","64196346"
"chrX","140564017","140564307","chr1","57946363","57946656","38","82617654"
"chrX","140601696","140601802","chr1","159494881","159494989","16","18893185"
"chrX","140611736","140611867","chr1","211563043","211563175","14","70951307"
"chrX","140614328","140614623","chr14","98318663","98318962","35","42295665"
"chrX","140630090","140630399","chr2","130228273","130228581","35","10401817"
"chrX","140662918","140663222","chrX","21565382","21565683","35","119097536"
"chrX","140681434","140681715","chr10","63739291","63739578","46","76942143"
"chrX","140730988","140731296","chr4","7285473","7285775","50","133445515"
"chrX","140838157","140838411","chr20","312397","312638","53","140525760"
"chrX","140880872","140881037","chr16","71352359","71352526","34","69528513"
"chrX","140881684","140881988","chr3","63552234","63552532","45","77329450"
"chrX","140908671","140908957","chrX","22446081","22446369","36","118462590"
"chrX","140929666","140929972","chr11","95179050","95179348","46","45750616"
"chrX","140940382","140940682","chr12","20710479","20710784","37","120229903"
"chrX","140959307","140959606","chr13","116647521","116647821","47","24311786"
"chrX","140966277","140966577","chr7","15880327","15880625","35","125085950"
"chrX","140974358","140974614","chr16","917282","917552","59","140057076"
"chrX","140983993","140984148","chrX","25848795","25848947","17","115135198"
"chrX","140991849","140992139","chr7","117030480","117030769","47","23961369"
"chrX","140994271","140994567","chr15","72365200","72365500","36","68629071"
"chrX","141131513","141131802","chr4","131374689","131374976","47","9756824"
"chrX","141139874","141140176","chr7","13474578","13474886","40","127665296"
"chrX","141211615","141211906","chr11","121702607","121702903","48","19509008"
"chrX","141394486","141394789","chr8","40690878","40691181","35","100703608"
"chrX","141453083","141453348","chr1","1394528","1394796","46","140058555"
"chrX","141461508","141461808","chr16","70227258","70227557","36","71234250"
"chrX","141462989","141463301","chr7","42515253","42515558","43","98947736"
"chrX","141473535","141473859","chrX","60892215","60892525","54","80581320"
"chrX","141566992","141567285","chr9","15247736","15248032","42","126319256"
"chrX","141586886","141587115","chr6","143514666","143514896","33","1927780"
"chrX","141598614","141598905","chr11","88966345","88966635","36","52632269"
"chrX","141657129","141657433","chr4","3872146","3872447","35","137784983"
"chrX","141673507","141673784","chr11","37621825","37622110","44","104051682"
"chrX","141775722","141776022","chr12","97473240","97473538","41","44302482"
"chrX","141829832","141830116","chr9","57023538","57023829","38","84806294"
"chrX","141860042","141860168","chr12","32861427","32861552","11","108998615"
"chrX","141945571","141945862","chr7","133065043","133065330","30","8880528"
"chrX","141962520","141962806","chr16","6788258","6788542","34","135174262"
"chrX","141983420","141983725","chr2","46682521","46682821","40","95300899"
"chrX","141985154","141985434","chr15","21464395","21464674","40","120520759"
"chrX","142041739","142042044","chr10","62315260","62315548","53","79726479"
"chrY","13556","13867","chr13","117446139","117446449","50","117432583"
"chrY","50592","50717","chr16","6379392","6379511","19","6328800"
"chrY","57344","57583","chr9","84587691","84587935","46","84530347"
"chrY","141881","142183","chr19","3064712","3065012","34","2922831"
"chrY","239487","239775","chr9","54851874","54852161","69","54612387"
"chrY","291030","291329","chr14","53927134","53927436","74","53636104"
"chrY","303629","303841","chr4","124247170","124247383","51","123943541"
"chrY","401555","401751","chr11","22017238","22017431","37","21615683"
"chrY","425522","425821","chr4","3588537","3588838","40","3163015"
"chrY","550685","550802","chr5","130734246","130734368","37","130183561"
"chrY","551196","551343","chr4","103459648","103459795","20","102908452"
"chrY","615614","615907","chr15","35190462","35190761","41","34574848"
"chrY","910132","910228","chr2","88811777","88811874","8","87901645"
"chrY","930794","931097","chr11","104267729","104268018","51","103336935"
"chrY","1180430","1180702","chr2","39029241","39029515","46","37848811"
"chrY","1196365","1196659","chr11","47394749","47395043","38","46198384"
"chrY","1308415","1308716","chr3","44128938","44129239","31","42820523"
"chrY","1309099","1309270","chr4","42468336","42468506","32","41159237"
"chrY","1330991","1331298","chr16","7267846","7268151","49","5936855"
"chrY","1392754","1393043","chr1","42476755","42477044","39","41084001"
"chrY","1407152","1407460","chr9","53480794","53481105","37","52073642"
"chrY","1428040","1428344","chr13","32817425","32817728","39","31389385"
"chrY","1465486","1465778","chr11","59744208","59744500","27","58278722"
"chrY","1474457","1474763","chr19","8087515","8087822","45","6613058"
"chrY","1481511","1481815","chr1","55444172","55444472","37","53962661"
"chrY","1495071","1495354","chr3","33365641","33365932","54","31870570"
"chrY","1505836","1506137","chr1","110705862","110706158","36","109200026"
"chrY","1561718","1561949","chr3","50901308","50901545","40","49339590"
"chrY","1614504","1614796","chr7","51433194","51433486","44","49818690"
"chrY","1626206","1626506","chr8","31425380","31425680","33","29799174"
"chrY","1628402","1628701","chr8","25582102","25582396","40","23953700"
"chrY","1642341","1642642","chr11","53078617","53078919","46","51436276"
"chrY","1701661","1701965","chr1","41160582","41160892","42","39458921"
"chrY","1759969","1760253","chr17","23202455","23202744","41","21442486"
"chrY","1877530","1877814","chr4","14172166","14172453","63","12294636"
"chrY","1984561","1984827","chrX","122712517","122712780","44","120727956"
"chrY","1986361","1986664","chr13","61259817","61260123","34","59273456"
"chrY","2012682","2013001","chr4","56503347","56503657","48","54490665"
"chrY","2088971","2089275","chr5","171657301","171657602","45","169568330"
"chrY","2105576","2105805","chr7","149648753","149648988","34","147543177"
"chrY","2142003","2142249","chr18","65667406","65667652","40","63525403"
"chrY","2208932","2209228","chr1","143220195","143220493","34","141011263"
"chrY","2297970","2298213","chr3","87423234","87423477","37","85125264"
"chrY","2298526","2298778","chr7","125678060","125678306","45","123379534"
"chrY","2302212","2302506","chr19","13105146","13105440","36","10802934"
"chrY","2335637","2335945","chr7","73560013","73560323","35","71224376"
"chrY","2453505","2453808","chr10","18176609","18176909","38","15723104"
"chrY","2455476","2455772","chr7","50596154","50596456","33","48140678"
"chrY","2479732","2480036","chr18","45527299","45527604","39","43047567"
"chrY","2497550","2497730","chr20","13673337","13673517","33","11175787"
"chrY","2511375","2511646","chr14","101672906","101673190","52","99161531"
"chrY","2518328","2518646","chr18","39066869","39067188","45","36548541"
"chrY","2662232","2662524","chr1","128202446","128202737","33","125540214"
"chrY","2699115","2699234","chr16","3400065","3400178","29","700950"
"chrY","2699687","2699848","chr8","110756774","110756940","28","108057087"
"chrY","2702466","2702780","chr16","6949294","6949602","36","4246828"
"chrY","2714245","2714539","chr4","31017666","31017967","45","28303421"
"chrY","2741263","2741576","chr11","59744208","59744500","48","57002945"
"chrY","2752115","2752407","chr2","96826999","96827292","37","94074884"
"chrY","2806973","2807271","chr13","32817425","32817728","33","30010452"
"chr10","73006813","73007108","chr8","125553163","125553457","39","52546350"
"chr10","84541214","84541460","chr1","127932247","127932497","34","43391033"
"chr10","89259967","89260262","chr7","90971726","90972022","49","1711759"
"chr10","20776","21076","chr3","69053558","69053857","49","69032782"
"chr10","25598","25882","chrX","120449710","120449993","35","120424112"
"chr10","209769","210055","chr11","120626708","120626998","64","120416939"
"chr10","217497","217793","chr17","19374053","19374353","46","19156556"
"chr10","301544","301840","chr11","59744208","59744500","44","59442664"
"chr10","323165","323472","chr12","103713062","103713366","35","103389897"
"chr10","444746","445052","chr12","63079032","63079340","33","62634286"
"chr10","466393","466679","chr10","62315260","62315548","29","61848867"
"chr10","468470","468772","chr13","32817425","32817728","34","32348955"
"chr10","474003","474301","chr20","51745649","51745944","36","51271646"
"chr10","516982","517279","chr19","50898678","50898974","44","50381696"
"chr10","648254","648537","chr2","84844754","84845049","54","84196500"
"chr10","681252","681551","chr5","56973726","56974023","39","56292474"
"chr10","691498","691620","chr6","136071853","136071978","26","135380355"
"chr10","711027","711167","chr7","91068326","91068467","26","90357299"
"chr10","801917","802216","chr11","10098018","10098319","32","9296101"
"chr10","856339","856603","chr10","90525188","90525445","46","89668849"
"chr10","861526","861822","chr4","10593766","10594058","39","9732240"
"chr10","960119","960234","chr11","22597713","22597825","27","21637594"
"chr10","980121","980419","chr12","58998827","58999127","45","58018706"
"chr10","981032","981306","chr5","101457421","101457692","41","100476389"
"chr10","985690","985976","chr3","156544295","156544592","52","155558605"
"chr10","999721","1000000","chr4","105579082","105579368","45","104579361"
"chr10","1076528","1076818","chr1","30413019","30413314","47","29336491"
"chr10","1078480","1078614","chr8","51403248","51403379","24","50324768"
"chr10","1078879","1079003","chr7","148178713","148178841","21","147099834"
"chr10","1086723","1087015","chr16","21958952","21959252","43","20872229"
"chr10","1090468","1090750","chr2","78601855","78602139","50","77511387"
"chr10","1093924","1094228","chr1","20012770","20013073","33","18918846"
"chr10","1103929","1104237","chr6","50120248","50120558","43","49016319"
"chr10","1105405","1105703","chr11","46110133","46110427","49","45004728"
"chr10","1112178","1112474","chr1","94365322","94365615","32","93253144"
"chr10","1122620","1122927","chr4","3872146","3872447","31","2749526"
"chr10","1143921","1144141","chr15","29611756","29611978","32","28467835"
"chr10","1144634","1144703","chr1","52854514","52854589","15","51709880"
"chr10","1159734","1160020","chr5","101303488","101303777","44","100143754"
"chr10","1211785","1212085","chr20","36330213","36330513","35","35118428"
"chr10","1221476","1221780","chr1","163928040","163928344","41","162706564"
"chr10","1240637","1240935","chr1","152859352","152859656","43","151618715"
"chr10","1241323","1241443","chr20","51495213","51495332","14","50253890"
"chr10","1384325","1384611","chr14","22776270","22776551","38","21391945"
"chr10","1460889","1461171","chr9","59368531","59368810","49","57907642"
"chr10","1466837","1467134","chr11","47924958","47925256","28","46458121"
"chr10","1487191","1487482","chr3","42179419","42179714","44","40692228"
"chr10","1513916","1514189","chr9","84610245","84610514","36","83096329"
"chr10","1529814","1530121","chr14","98318663","98318962","41","96788849"
"chr10","1533998","1534289","chr11","16421872","16422163","41","14887874"
"chr10","1581874","1582170","chr6","102271212","102271509","45","100689338"
"chr10","1594571","1594712","chr18","2814393","2814524","28","1219822"
"chr10","1595941","1596229","chr13","119314012","119314299","45","117718071"
"chr10","1615218","1615523","chr15","96588502","96588809","50","94973284"
"chr10","1637559","1637856","chr1","213290516","213290811","41","211652957"
"chr10","1642039","1642281","chr8","27292776","27293017","36","25650737"
"chr10","1644296","1644486","chr6","165780370","165780553","36","164136074"
"chr10","1710973","1711131","chr3","51054665","51054829","33","49343692"
"chr10","1722593","1722890","chr1","219225924","219226223","44","217503331"
"chr10","1800619","1800912","chr9","51841988","51842282","44","50041369"
"chr10","1858406","1858703","chr11","59744208","59744500","38","57885802"
"chr10","1940003","1940294","chr7","133065043","133065330","30","131125040"
"chr10","1942125","1942391","chr2","49059917","49060182","38","47117792"
"chr10","1942819","1943095","chr16","1389195","1389477","45","553624"
"chr10","1945361","1945645","chr19","7821204","7821487","33","5875843"
"chr10","1951432","1951741","chr18","51183412","51183721","30","49231980"
"chr10","1965367","1965641","chr11","123468792","123469074","46","121503425"
"chr10","1968397","1968697","chr13","32817425","32817728","31","30849028"
"chr10","1998061","1998370","chr7","77029098","77029406","33","75031037"
"chr10","2030505","2030774","chr2","165757823","165758089","40","163727318"
"chr10","2088970","2089272","chr6","143834762","143835068","40","141745792"
"chr10","2117247","2117552","chr18","51183412","51183721","36","49066165"
"chr10","2136397","2136703","chr7","77029098","77029406","32","74892701"
"chr10","2287398","2287705","chrX","6292568","6292871","50","4005170"
"chr10","2288555","2288770","chr13","7850027","7850241","31","5561472"
"chr10","2289366","2289663","chr1","170967942","170968244","38","168678576"
"chr10","2302341","2302634","chr1","128202446","128202737","35","125900105"
"chr10","2303057","2303353","chr8","77571193","77571492","31","75268136"
"chr10","2323976","2324257","chr7","34229751","34230036","60","31905775"
"chr10","2354051","2354344","chr8","25582102","25582396","27","23228051"
"chr10","2365744","2366029","chr1","15291446","15291730","47","12925702"
"chr10","2393391","2393672","chr7","120751921","120752204","35","118358530"
"chr10","2423503","2423802","chr7","76889431","76889730","34","74465928"
"chr10","2428398","2428692","chr11","59744208","59744500","29","57315810"
"chr10","2451558","2451840","chr4","52805264","52805547","42","50353706"
"chr10","2508420","2508730","chr9","56773709","56774021","39","54265289"
"chr10","2520969","2521091","chr11","83048168","83048288","13","80527199"
"chr10","2589361","2589564","chr10","83368953","83369164","39","80779592"
"chr10","2728364","2728617","chr11","120216941","120217193","33","117488577"
"chr10","2755086","2755374","chr11","109726196","109726482","46","106971110"
"chr10","2766981","2767267","chr1","94365322","94365615","50","91598341"
"chr10","2773638","2773933","chr11","13702068","13702363","48","10928430"
"chr10","2845909","2846201","chr9","7025626","7025918","38","4179717"
"chr10","2897258","2897557","chr11","59744208","59744500","30","56846950"
"chr10","2943568","2943855","chr12","99594984","99595284","44","96651416"
"chr10","2989947","2990240","chr10","46893774","46894064","40","43903827"
"chr10","3093123","3093423","chrX","13595567","13595865","26","10502444"
"chr10","3144253","3144553","chr11","47924958","47925256","35","44780705"
"chr10","3237577","3237876","chr13","32817425","32817728","30","29579848"
"chr10","3436849","3437143","chr16","70619220","70619515","36","67182371"
"chr10","3467495","3467794","chr1","67368758","67369056","55","63901263"
"chr10","3634966","3635251","chr6","132179472","132179753","35","128544506"
"chr10","3758103","3758397","chr1","27049382","27049672","41","23291279"
"chr10","3792061","3792303","chr11","97593194","97593447","46","93801133"
"chr10","3974901","3975199","chr7","76889431","76889730","33","72914530"
"chr10","3981699","3981975","chr7","129452472","129452749","41","125470773"
"chr10","3987174","3987470","chr9","7025626","7025918","37","3038452"
"chr10","4067417","4067711","chr1","11366377","11366670","37","7298960"
"chr10","4147032","4147340","chr19","3064712","3065012","38","1082320"
"chr10","4296396","4296705","chr3","12994597","12994906","49","8698201"
"chr10","4378701","4378992","chr7","133065043","133065330","36","128686342"
"chr10","4380468","4380766","chr11","53969320","53969619","56","49588852"
"chr10","4436259","4436552","chrX","27694686","27694979","45","23258427"
"chr10","4492817","4492931","chr15","8408271","8408385","16","3915454"
"chr10","4495806","4496097","chr11","59744208","59744500","31","55248402"
"chr10","4508246","4508544","chr3","103130117","103130419","43","98621871"
"chr10","4508695","4508979","chr18","15788387","15788669","41","11279692"
"chr10","4541851","4542143","chr20","5343907","5344203","42","802056"
"chr10","4614852","4615145","chr13","88006009","88006300","39","83391157"
"chr10","4621693","4621980","chr20","4346618","4346904","33","275075"
"chr10","4654370","4654672","chr10","71656495","71656799","45","67002125"
"chr10","4674483","4674780","chr3","45626371","45626668","33","40951888"
"chr10","4679854","4680162","chr2","46682521","46682821","37","42002667"
"chr10","4788117","4788406","chr1","56954077","56954369","38","52165960"
"chr10","4813827","4814129","chr1","129269624","129269927","47","124455797"
"chr10","4850627","4850907","chr12","13816939","13817223","45","8966312"
"chr10","4891515","4891818","chr3","34969388","34969689","50","30077873"
"chr10","4915674","4915958","chr11","17449128","17449411","46","12533454"
"chr10","4990191","4990477","chr1","219677924","219678213","41","214687733"
"chr10","4997042","4997351","chr18","12432850","12433158","37","7435808"
"chr10","5009017","5009312","chr14","15577285","15577579","38","10568268"
"chr10","5043294","5043588","chr11","13702068","13702363","43","8658774"
"chr10","5074091","5074399","chr1","18792684","18792991","37","13718593"
"chr10","5098721","5099004","chr4","13663992","13664285","38","8565271"
"chr10","5124659","5124931","chr6","132179472","132179753","45","127054813"
"chr10","5167823","5168118","chr4","10828530","10828827","35","5660707"
"chr10","5234869","5235176","chr4","2968205","2968507","37","2266664"
"chr10","5250342","5250603","chr14","15237738","15238002","55","9987396"
"chr10","5399447","5399756","chr5","17618565","17618876","37","12219118"
"chr10","5489551","5489854","chr13","62991818","62992120","40","57502267"
"chr10","5525905","5526212","chr6","124714488","124714790","41","119188583"
"chr10","5539697","5539857","chr2","97087214","97087378","22","91547517"
"chr10","5549616","5549927","chr12","34084117","34084423","38","28534501"
"chr10","5551038","5551332","chr8","90463712","90464008","28","84912674"
"chr10","5574240","5574545","chr6","148752882","148753187","34","143178642"
"chr10","5594170","5594464","JH682036","358126","358421","39","5236044"
"chr10","5646403","5646702","chr6","31393353","31393656","39","25746950"
"chr10","5673556","5673842","chr11","59744208","59744500","39","54070652"
"chr10","5677760","5678053","chr8","25582102","25582396","30","19904342"
"chr10","5716315","5716620","chr13","61259817","61260123","32","55543502"
"chr10","5733668","5733950","chr12","52370542","52370823","36","46636874"
"chr10","5768735","5769032","chr5","34428917","34429213","35","28660182"
"chr10","5778382","5778690","chr18","51183412","51183721","35","45405030"
"chr10","5779848","5780158","chr4","56503347","56503657","41","50723499"
"chr10","5801740","5801908","chr11","50101895","50102056","23","44300155"
"chr10","5812967","5813291","chr20","54640728","54641039","61","48827761"
"chr10","5868140","5868385","chr11","117497350","117497587","46","111629210"
"chr10","5930008","5930317","chrX","45626684","45626995","30","39696676"
"chr10","5950350","5950656","chr14","62966266","62966575","48","57015916"
"chr10","5977725","5978034","chr5","81950527","81950835","39","75972802"
"chr10","6009088","6009366","chr5","102487219","102487495","44","96478131"
"chr10","6026965","6027265","chr14","98318663","98318962","48","92291698"
"chr10","6068821","6069115","chr11","88536600","88536893","36","82467779"
"chr10","6095955","6096174","chr7","73251066","73251287","33","67155111"
"chr10","6099719","6099948","chr7","121329046","121329267","34","115229327"
"chr10","6111242","6111516","chr15","26878649","26878926","37","20767407"
"chr10","6133121","6133407","chr3","133866579","133866872","42","127733458"
"chr10","6143197","6143504","chr12","63712638","63712948","30","57569441"
"chr10","6186174","6186469","chr12","97066018","97066307","44","90879844"
"chr10","6202156","6202441","chr14","15577285","15577579","42","9375129"
"chr10","6234431","6234724","chr4","13663992","13664285","34","7429561"
"chr10","6240212","6240512","chr10","29691322","29691619","52","23451110"
"chr10","6250628","6250899","chr3","78303544","78303823","47","72052916"
"chr10","6255047","6255349","chr2","56649143","56649449","37","50394096"
"chr10","6274765","6275049","chr7","52736490","52736780","45","46461725"
"chr10","6275742","6276053","chr9","19850832","19851138","41","13575090"
"chr10","6276812","6277105","chr16","7431918","7432211","35","1155106"
"chr10","6424729","6425024","chr7","29116078","29116368","42","22691349"
"chr10","6449548","6449840","chr17","23859405","23859701","35","17409857"
"chr10","6459353","6459617","chrX","58120629","58120892","40","51661276"
"chr10","6465984","6466241","chr17","57690952","57691213","56","51224968"
"chr10","6486405","6486689","chr8","25582102","25582396","44","19095697"
"chr10","6486986","6487295","chr6","74201817","74202121","50","67714831"
"chr10","6557064","6557365","chr2","38884008","38884302","49","32326944"
"chr10","6597445","6597748","chr2","172612092","172612398","40","166014647"
"chr10","6625196","6625278","chr13","125454879","125454959","14","118829683"
"chr10","6651505","6651786","chr5","110373373","110373655","45","103721868"
"chr10","6658516","6658607","chr1","96186735","96186821","26","89528219"
"chr10","6659169","6659375","chr16","21822931","21823141","30","15163762"
"chr10","6659580","6659853","chr8","88869400","88869673","40","82209820"
"chr10","6705717","6706010","chr11","3653031","3653328","44","3052686"
"chr10","6735396","6735664","chr9","29559897","29560166","52","22824501"
"chr10","6736678","6736973","chr9","14690494","14690788","46","7953816"
"chr10","6738637","6738940","chr11","10098018","10098319","35","3359381"
"chr10","6753188","6753484","chr1","129567144","129567444","39","122813956"
"chr10","6761287","6761586","chr6","124714488","124714790","39","117953201"
"chr10","6784726","6785018","chr5","100171700","100171994","43","93386974"
"chr10","6787789","6787999","chr11","53359303","53359510","35","46571514"
"chr10","6790659","6790740","chr1","96186735","96186821","27","89396076"
"chr10","6790942","6791152","chr11","53359303","53359510","36","46568361"
"chr10","6830914","6831060","chr1","80937785","80937929","25","74106871"
"chr10","6834070","6834209","chr2","173035126","173035266","16","166201056"
"chr10","6835382","6835679","chr14","111877236","111877529","42","105041854"
"chr10","6851844","6852133","chr11","50333257","50333544","46","43481413"
"chr10","6869132","6869432","chr10","39490942","39491251","47","32621810"
"chr10","6880182","6880479","chr9","12815911","12816209","40","5935729"
"chr10","6908436","6908725","chr9","31646265","31646560","38","24737829"
"chr10","6930020","6930312","chr7","9043063","9043359","39","2113043"
"chr10","6942224","6942513","chr1","42476755","42477044","33","35534531"
"chr10","6954799","6955099","chr14","7355545","7355842","41","400746"
"chr10","6962208","6962491","chr16","49600516","49600799","44","42638308"
"chr10","6978822","6979147","chr6","94778971","94779303","68","87800149"
"chr10","6986405","6986710","chr3","55917536","55917836","50","48931131"
"chr10","6993591","6993882","chr11","95761683","95761964","59","88768092"
"chr10","6999206","6999505","chr12","93282134","93282430","41","86282928"
"chr10","7040551","7040852","chr6","124714488","124714790","45","117673937"
"chr10","7044905","7045197","chr11","95105428","95105719","36","88060523"
"chr10","7050931","7051238","chr7","36644864","36645163","46","29593933"
"chr10","7052652","7052948","chr20","19147929","19148224","42","12095277"
"chr10","7089113","7089423","chr1","7993999","7994304","38","904886"
"chr10","7118458","7118752","chr16","25047575","25047871","31","17929117"
"chr10","7128300","7128611","chr1","18792684","18792991","41","11664384"
"chr10","7192597","7192856","chr7","109093353","109093618","51","101900756"
"chr10","7192989","7193296","chr10","39490942","39491251","44","32297953"
"chr10","7207883","7208166","chr3","124904987","124905268","51","117697104"
"chr10","7221426","7221709","chr1","67368758","67369056","51","60147332"
"chr10","7228106","7228233","chr8","25018271","25018398","19","17790165"
"chr10","7240731","7241022","chr20","22197334","22197625","48","14956603"
"chr10","7260992","7261251","chr16","39597539","39597764","58","32336547"
"chr10","7322910","7323200","chr5","112285458","112285758","50","104962548"
"chr10","7358919","7359228","chr7","95573933","95574241","53","88215014"
"chr10","7361840","7362139","chr5","2577333","2577630","41","4784507"
"chr10","7369739","7370028","chr9","7025626","7025918","33","344113"
"chr10","7371846","7372146","chr16","59456451","59456754","37","52084605"
"chr10","7408684","7408971","chrX","20846410","20846706","32","13437726"
"chr10","7486859","7487156","chr20","39659316","39659610","43","32172457"
"chr10","7541436","7541676","chr6","166194239","166194474","36","158652803"
"chr10","7542513","7542810","chr13","32817425","32817728","41","25274912"
"chr10","7543483","7543795","chr4","100335145","100335457","42","92791662"
"chr10","7548649","7548942","chr12","58244299","58244591","39","50695650"
"chr10","7549118","7549417","chr19","35687624","35687928","39","28138506"
"chr10","7552261","7552535","chr2","98859117","98859394","37","91306856"
"chr10","7571391","7571666","chr1","202707884","202708154","46","195136493"
"chr10","7631524","7631788","chr9","17041498","17041761","51","9409974"
"chr10","7640901","7641198","chr20","26717586","26717886","35","19076685"
"chr10","7670579","7670863","chr4","2744158","2744438","34","4926421"
"chr10","7671239","7671525","chr4","2744158","2744438","41","4927081"
"chr10","7716553","7716860","chr1","13865146","13865450","42","6148593"
"chr10","7769614","7769913","chr1","67368758","67369056","32","59599144"
"chr10","7836213","7836508","chr14","15364348","15364645","46","7528135"
"chr10","7857740","7858032","chr4","3588537","3588838","35","4269203"
"chr10","7872182","7872471","chr10","14016220","14016509","53","6144038"
"chr10","7898606","7898898","chr7","71414389","71414681","39","63515783"
"chr10","7905477","7905772","chr8","40648735","40649038","52","32743258"
"chr10","7906015","7906320","chr1","7993999","7994304","36","87984"
"chr10","8006872","8007153","chr3","172748138","172748416","34","164741266"
"chr10","8092718","8093015","chr8","25582102","25582396","32","17489384"
"chr10","8125563","8125654","chr15","9503470","9503564","12","1377907"
"chr10","8151163","8151423","chr2","49059917","49060182","36","40908754"
"chr10","8166433","8166712","chr14","21655489","21655772","50","13489056"
"chr10","8201768","8202022","chr7","40133503","40133744","48","31931735"
"chr10","8209972","8210273","chr13","125134336","125134638","34","116924364"
"chr10","8227064","8227359","chr5","18950781","18951074","45","10723717"
"chr10","8282215","8282506","chr2","156515565","156515860","54","148233350"
"chr10","8317237","8317532","chr3","135859971","135860273","41","127542734"
"chr10","8325765","8326011","chr16","58972818","58973067","42","50647053"
"chr10","8345918","8346174","chr11","120216941","120217193","39","111871023"
"chr10","8357876","8358178","chrX","106955148","106955450","33","98597272"
"chr10","8367184","8367474","chr7","52736490","52736780","37","44369306"
"chr10","8472718","8473008","chr4","82945647","82945940","43","74472929"
"chr10","8608629","8608916","chr1","30413019","30413314","37","21804390"
"chr10","8651973","8652256","chr16","45339014","45339298","36","36687041"
"chr10","8667685","8667974","chr2","61833300","61833586","44","53165615"
"chr10","8676172","8676478","chr1","11912016","11912323","35","3235844"
"chr10","8679574","8679822","chr5","133797177","133797424","32","125117603"
"chr10","8690444","8690744","chr1","124250793","124251086","41","115560349"
"chr10","8729002","8729293","chr13","23010864","23011159","45","14281862"
"chr10","8751473","8751781","chrX","21313625","21313931","47","12562152"
"chr10","8752823","8753124","chr2","11949199","11949495","39","3196376"
"chr10","8760881","8761170","chr16","1651540","1651832","40","7109341"
"chr10","8762655","8762936","chr11","46110133","46110427","49","37347478"
"chr10","8774481","8774770","chr14","40936417","40936707","49","32161936"
"chr10","8790053","8790344","chr11","3653031","3653328","34","5137022"
"chr10","8794011","8794295","chr7","40720297","40720588","52","31926286"
"chr10","8794412","8794696","chr5","171810402","171810687","39","163015990"
"chr10","8850501","8850776","chr11","47502132","47502410","37","38651631"
"chr10","8855557","8855850","chrX","22446081","22446369","39","13590524"
"chr10","8895217","8895518","chr3","121023936","121024241","41","112128719"
"chr10","8909698","8910007","chr1","128155382","128155688","38","119245684"
"chr10","8911979","8912265","chr1","158576945","158577227","40","149664966"
"chr10","8923284","8923582","chr9","79342653","79342946","35","70419369"
"chr10","8943465","8943747","chr2","178187197","178187490","40","169243732"
"chr10","8952106","8952413","chr1","44912861","44913162","50","35960755"
"chr10","8963617","8963916","chr5","89929633","89929935","41","80966016"
"chr10","9003420","9003707","chr10","62315260","62315548","36","53311840"
"chr10","9009049","9009357","chr13","46894366","46894676","41","37885317"
"chr10","9047375","9047692","chrX","112530998","112531319","43","103483623"
"chr10","9051719","9052016","chr15","7561500","7561795","32","1490219"
"chr10","9060217","9060509","chr9","57318157","57318448","35","48257940"
"chr10","9065932","9066061","chr1","129498511","129498647","23","120432579"
"chr10","9071012","9071328","chr8","21354878","21355187","40","12283866"
"chr10","9081798","9082101","chr12","69597135","69597433","44","60515337"
"chr10","9097752","9098041","chr7","137066277","137066565","39","127968525"
"chr10","9099824","9100094","chr9","111708748","111709026","42","102608924"
"chr10","9115213","9115463","chr4","81148169","81148419","37","72032956"
"chr10","9117638","9117888","chr18","71908745","71908980","45","62791107"
"chr10","9148025","9148318","chr20","10958775","10959070","33","1810750"
"chr10","9149882","9150200","chr11","44295377","44295698","51","35145495"
"chr10","9190405","9190700","chr6","56451711","56452003","37","47261306"
"chr10","9207305","9207439","chr11","56765243","56765376","32","47557938"
"chr10","9208054","9208231","chr6","166441447","166441620","29","157233393"
"chr10","9235485","9235657","chr5","175182789","175182960","27","165947304"
"chr10","9256528","9256835","chr4","34099360","34099670","37","24842832"
"chr10","9307149","9307237","chr5","32121453","32121538","14","22814304"
"chr10","9357715","9358009","chr9","91436411","91436706","42","82078696"
"chr10","9411457","9411606","chr7","151002857","151002999","35","141591400"
"chr10","9411715","9411848","chr7","158155171","158155302","21","148743456"
"chr10","9464059","9464355","chr6","143561531","143561830","36","134097472"
"chr10","9477748","9478054","chr15","24552814","24553118","46","15075066"
"chr10","9501432","9501726","chr3","75361330","75361622","60","65859898"
"chr10","9536989","9537306","chr11","33968956","33969265","40","24431967"
"chr10","9550826","9551145","chr7","90903203","90903515","50","81352377"
"chr10","9559120","9559412","chr15","41303117","41303404","32","31743997"
"chr10","9560345","9560649","chr4","59701842","59702150","36","50141497"
"chr10","9569541","9569830","chr7","126538943","126539236","46","116969402"
"chr10","9700351","9700644","chr1","201480796","201481098","49","191780445"
"chr10","9704065","9704364","chr6","16697883","16698181","41","6993818"
"chr10","9764817","9765053","chr17","53964881","53965113","44","44200064"
"chr10","9815173","9815472","chr2","184580196","184580486","41","174765023"
"chr10","9827139","9827447","chr1","7993999","7994304","32","1833140"
"chr10","9884058","9884333","chr20","26324160","26324436","43","16440102"
"chr10","9956037","9956334","chr1","94365322","94365615","38","84409285"
"chr10","9964646","9964945","chr14","21158129","21158427","34","11193483"
"chr10","9974236","9974534","chr5","172742013","172742310","38","162767777"
"chr10","10005514","10005802","chr3","41188591","41188879","35","31183077"
"chr10","10097550","10097845","chr11","59744208","59744500","34","49646658"
"chr10","10162674","10162990","chr20","32556971","32557267","55","22394297"
"chr10","10261971","10262239","chr1","196891661","196891926","48","186629690"
"chr10","10276700","10276988","chr3","36848916","36849214","53","26572216"
"chr10","10406877","10407178","chr3","173964513","173964818","42","163557636"
"chr10","10439166","10439464","chr11","59744208","59744500","29","49305042"
"chr10","10511812","10512072","chr4","79455473","79455733","40","68943661"
"chr10","10580421","10580703","chr15","26878649","26878926","47","16298228"
"chr10","10716468","10716755","chr13","42798368","42798666","42","32081900"
"chr10","10768368","10768655","chr4","13663992","13664285","37","2895624"
"chr10","10769034","10769336","chr1","35380796","35381106","49","24611762"
"chr10","10771954","10772254","chr3","38447004","38447303","35","27675050"
"chr10","10813800","10814108","chrX","60892215","60892525","55","50078415"
"chr10","11022106","11022415","chr1","199749826","199750136","35","188727720"
"chr10","11067337","11067618","chr9","57808904","57809183","34","46741567"
"chr10","11256148","11256369","chr13","71017466","71017686","25","59761318"
"chr10","11258551","11258669","chr3","15334660","15334776","15","4076109"
"chr10","11265284","11265578","chr18","24005168","24005471","38","12739884"
"chr10","11266493","11266804","chr13","27098021","27098334","42","15831528"
"chr10","11307447","11307735","chr11","59744208","59744500","36","48436761"
"chr10","11349269","11349563","chr8","19831971","19832268","39","8482702"
"chr10","11351713","11352003","chr15","48151534","48151833","47","36799821"
"chr10","11355212","11355513","chr15","96588502","96588809","35","85233290"
"chr10","11399251","11399521","chr9","16504435","16504703","64","5105184"
"chr10","11412588","11412884","chr7","135403085","135403387","55","123990497"
"chr10","11419171","11419245","chr7","37692874","37692959","18","26273703"
"chr10","11437936","11438179","chr11","67174681","67174919","45","55736745"
"chr10","11445224","11445524","chr9","19850832","19851138","37","8405608"
"chr10","11459964","11460257","chr1","94365322","94365615","38","82905358"
"chr10","11461860","11462148","chrX","112314689","112314977","41","100852829"
"chr10","11492734","11493046","chr16","44035327","44035634","57","32542593"
"chr10","11498268","11498530","chr3","1997406","1997669","44","9500862"
"chr10","11642624","11642903","chr5","132631825","132632108","55","120989201"
"chr10","11689025","11689330","chr6","16697883","16698181","51","5008858"
"chr10","11772937","11773208","chr14","8680117","8680387","34","3092820"
"chr10","11773336","11773622","chr14","46342183","46342469","42","34568847"
"chr10","11815027","11815321","chr19","30406403","30406702","38","18591376"
"chr10","11854077","11854365","chr12","62741269","62741568","42","50887192"
"chr10","11856568","11856727","chr19","1776347","1776502","17","10080221"
"chr10","11858833","11859110","chr2","155636216","155636491","45","143777383"
"chr10","11938995","11939302","chrX","105763749","105764060","45","93824754"
"chr10","11940177","11940457","chr6","165329904","165330188","43","153389727"
"chr10","11977309","11977605","chr8","91437935","91438229","36","79460626"
"chr10","12084692","12084994","chrX","29004079","29004382","40","16919387"
"chr10","12206952","12207253","chr19","43542076","43542380","37","31335124"
"chr10","12289495","12289798","chr11","517489","517791","34","11772006"
"chr10","12304189","12304488","chr5","10961340","10961637","38","1342849"
"chr10","12350522","12350820","chr3","78122440","78122733","49","65771918"
"chr10","12353192","12353504","chr7","46320166","46320470","46","33966974"
"chr10","12426034","12426350","chr16","32176074","32176385","34","19750040"
"chr10","12588057","12588340","chr5","159155449","159155733","46","146567392"
"chr10","12614662","12614936","chr8","62758903","62759179","43","50144241"
"chr10","12885713","12886007","chr15","59941487","59941783","37","47055774"
"chr10","12903398","12903650","chr13","122786219","122786467","44","109882821"
"chr10","12906899","12907186","chr1","45623411","45623699","40","32716512"
"chr10","12962193","12962487","chr6","31524324","31524620","38","18562131"
"chr10","12995623","12995935","chr5","81950527","81950835","45","68954904"
"chr10","13031462","13031760","chr16","32422732","32423021","36","19391270"
"chr10","13088023","13088311","chr12","98300764","98301051","35","85212741"
"chr10","13228823","13229139","chr11","50028965","50029264","55","36800142"
"chr10","13232903","13233209","chr3","69228301","69228608","43","55995398"
"chr10","13269286","13269589","chrX","50656086","50656389","46","37386800"
"chr10","13290100","13290370","chr7","80887200","80887469","36","67597100"
"chr10","13298511","13298822","chr7","50598138","50598445","40","37299627"
"chr10","13302364","13302651","chr15","57652318","57652603","43","44349954"
"chr10","13306352","13306586","chr17","53964881","53965113","41","40658529"
"chr10","13335513","13335808","chr2","186511571","186511867","34","173176058"
"chr10","13336684","13336981","chr1","946135","946434","40","12390549"
"chr10","13413741","13414023","chr11","36349230","36349521","48","22935489"
"chr10","13549156","13549456","chr5","827139","827438","36","12722017"
"chr10","13554016","13554316","chr3","178721473","178721768","45","165167457"
"chr10","13634833","13635131","JH682036","358126","358421","29","13276707"
"chr10","13660135","13660434","chr20","21076068","21076368","37","7415933"
"chr10","13688907","13689160","chr15","35980878","35981131","37","22291971"
"chr10","13734678","13734968","chr7","43191791","43192085","47","29457113"
"chr10","13838787","13839069","chr2","38888499","38888782","44","25049712"
"chr10","13862289","13862600","chr6","52354618","52354928","34","38492329"
"chr10","13903073","13903380","chr13","25298591","25298897","38","11395518"
"chr10","13993002","13993290","chr14","119229630","119229918","42","105236628"
"chr10","14011463","14011752","chr1","57860396","57860687","43","43848933"
"chr10","14021098","14021365","chr2","99632317","99632577","44","85611219"
"chr10","14086113","14086407","chr16","9419490","9419785","31","4666623"
"chr10","14094998","14095304","chr7","42515253","42515558","44","28420255"
"chr10","14107487","14107761","chrX","44569796","44570067","39","30462309"
"chr10","14128866","14129153","chr10","62315260","62315548","46","48186394"
"chr10","14156946","14157242","chr7","90971726","90972022","41","76814780"
"chr10","14263393","14263697","chr14","1680680","1680985","45","12582713"
"chr10","14304571","14304864","chr10","50949405","50949695","48","36644834"
"chr10","14311473","14311781","chr1","163318234","163318534","46","149006761"
"chr10","14317920","14318222","chr1","208474725","208475026","38","194156805"
"chr10","14359789","14360085","chr8","79495865","79496163","38","65136076"
"chr10","14380198","14380511","chr4","56503347","56503657","51","42123149"
"chr10","14520822","14521050","chr7","121329046","121329267","31","106808224"
"chr10","14527749","14528013","chr2","164320439","164320700","62","149792690"
"chr10","14547207","14547505","chr12","97473240","97473538","38","82926033"
"chr10","14549060","14549368","chr2","50634219","50634525","38","36085159"
"chr10","14588234","14588514","chr5","159155449","159155733","40","144567215"
"chr10","14595714","14595874","chr12","30345443","30345597","32","15749729"
"chr10","14607948","14608208","chr1","47626078","47626342","35","33018130"
"chr10","14613828","14614117","chr1","204813267","204813556","41","190199439"
"chr10","14619681","14619997","chr3","34969388","34969689","51","20349707"
"chr10","14642967","14643274","chr3","107368374","107368683","47","92725407"
"chr10","14664045","14664345","chr3","41659431","41659734","34","26995386"
"chr10","14692984","14693284","chr13","32817425","32817728","38","18124441"
"chr10","14695170","14695459","chr6","9388050","9388343","33","5307120"
"chr10","14697049","14697323","chr6","162318437","162318709","47","147621388"
"chr10","14723848","14724151","chr19","3064712","3065012","35","11659136"
"chr10","14752926","14753230","chr2","176865440","176865747","43","162112514"
"chr10","14846404","14846716","chr20","26209938","26210236","46","11363534"
"chr10","14848859","14849146","chr10","46893774","46894064","41","32044915"
"chr10","14853265","14853531","chr7","132975622","132975901","48","118122357"
"chr10","14877158","14877466","chr3","127836231","127836530","52","112959073"
"chr10","14894780","14895073","chr1","43483243","43483537","42","28588463"
"chr10","14941194","14941495","chr1","143220195","143220493","51","128279001"
"chr10","14956115","14956415","chr15","7561500","7561795","37","7394615"
"chr10","14961041","14961330","chr8","25582102","25582396","36","10621061"
"chr10","14978860","14979164","chr11","60064147","60064445","46","45085287"
"chr10","15016614","15016916","chr13","32817425","32817728","35","17800811"
"chr10","15021308","15021600","chr4","13663992","13664285","38","1357316"
"chr10","15024161","15024417","chr1","115404557","115404821","49","100380396"
"chr10","15075162","15075458","chrX","106955148","106955450","40","91879986"
"chr10","15223389","15223664","chr8","26682504","26682785","51","11459115"
"chr10","15246498","15246805","chr7","37449373","37449676","37","22202875"
"chr10","15297392","15297688","chr5","56973726","56974023","40","41676334"
"chr10","15308565","15308872","chr5","34488672","34488979","36","19180107"
"chr10","15345876","15346175","chr15","7561500","7561795","43","7784376"
"chr10","15370301","15370577","chr8","96528890","96529171","40","81158589"
"chr10","15376845","15377119","chr20","16830266","16830542","41","1453421"
"chr10","15540467","15540660","chr10","42092634","42092822","36","26552167"
"chr10","15557121","15557415","chr8","25582102","25582396","31","10024981"
"chr10","15557573","15557816","chr4","162305040","162305294","56","146747467"
"chr10","15557964","15558024","chr2","168319125","168319189","12","152761161"
"chr10","15561212","15561473","chr16","58972818","58973067","41","43411606"
"chr10","15626607","15626908","chr14","61662606","61662905","38","46035999"
"chr10","15646776","15646943","chr6","168710657","168710821","30","153063881"
"chr10","15653086","15653375","chr14","50817121","50817406","44","35164035"
"chr10","15842956","15843254","chr16","70619220","70619515","38","54776264"
"chr10","15862319","15862629","chr3","12603123","12603437","35","3259196"
"chr10","15904558","15904846","chr4","34365154","34365445","39","18460596"
"chr10","15978285","15978632","chr3","22467860","22468187","90","6489575"
"chr10","16086359","16086652","chr11","88966345","88966635","37","72879986"
"chr10","16089746","16090053","chr10","85616264","85616571","34","69526518"
"chr10","16099853","16099978","chr5","154301516","154301636","19","138201663"
"chr10","16188686","16188983","chr1","85129851","85130148","30","68941165"
"chr10","16305106","16305395","chr19","50898678","50898974","46","34593572"
"chr10","16370224","16370500","chrX","45987544","45987822","38","29617320"
"chr10","16391017","16391333","chr20","51426494","51426803","45","35035477"
"chr10","16424631","16424907","chr6","108529059","108529343","41","92104428"
"chr10","16429326","16429627","chr11","89115091","89115391","46","72685765"
"chr10","16500801","16501112","chr15","96938656","96938967","50","80437855"
"chr10","16507115","16507412","chr3","45626371","45626668","30","29119256"
"chr10","16568452","16568745","chr7","114624792","114625094","53","98056340"
"chr10","16571844","16572131","chr10","73837427","73837714","37","57265583"
"chr10","16610323","16610646","chr3","17627009","17627312","55","1016686"
"chr10","16654565","16654869","chr1","937523","937822","42","15717042"
"chr10","16798394","16798705","chr9","57835064","57835373","44","41036670"
"chr10","16799141","16799432","chr12","38645893","38646186","34","21846752"
"chr10","16810279","16810585","chr12","103713062","103713366","40","86902783"
"chr10","16818299","16818596","chr2","38884008","38884302","38","22065709"
"chr10","16835178","16835474","chr15","35190462","35190761","39","18355284"
"chr10","16873369","16873634","chr9","29856126","29856394","41","12982757"
"chr10","16877100","16877390","chr13","30328650","30328946","57","13451550"
"chr10","16950006","16950303","chr4","132287893","132288193","42","115337887"
"chr10","16958633","16958931","chr7","49265204","49265498","37","32306571"
"chr10","16962357","16962649","chr14","50817121","50817406","45","33854764"
"chr10","17001843","17002098","chrX","105425938","105426197","33","88424095"
"chr10","17018792","17019069","chr3","160601395","160601671","38","143582603"
"chr10","17058016","17058268","chr1","181674763","181675009","50","164616747"
"chr10","17061849","17062122","chr1","127703616","127703888","47","110641767"
"chr10","17164078","17164371","chr7","90971726","90972022","38","73807648"
"chr10","17167388","17167689","chr8","99548469","99548767","48","82381081"
"chr10","17221113","17221406","chr8","25582102","25582396","32","8360989"
"chr10","17239205","17239467","chr3","157056601","157056866","62","139817396"
"chr10","17246683","17246991","chr11","132058142","132058448","39","114811459"
"chr10","17273684","17273969","chr17","30611756","30612052","41","13338072"
"chr10","17284161","17284460","chr5","175774127","175774427","32","158489966"
"chr10","17286285","17286590","chr13","23501079","23501388","43","6214794"
"chr10","17294512","17294786","chr15","51362685","51362952","52","34068173"
"chr10","17297859","17298153","chr20","27594264","27594559","42","10296405"
"chr10","17302469","17302774","chr11","4016647","4016949","35","13285822"
"chr10","17326776","17327093","chr20","26723411","26723721","46","9396635"
"chr10","17361998","17362295","chrX","38099288","38099585","35","20737290"
"chr10","17452933","17453226","chr1","946135","946434","35","16506798"
"chr10","17474948","17475221","chr3","165513575","165513845","46","148038627"
"chr10","17490499","17490762","chr2","88612634","88612907","54","71122135"
"chr10","17492356","17492643","chr16","3687263","3687550","35","13805093"
"chr10","17525190","17525540","chr8","75977606","75977959","65","58452416"
"chr10","17536768","17537068","chr4","130615568","130615870","44","113078800"
"chr10","17537237","17537528","chr3","10482926","10483222","42","7054311"
"chr10","17553577","17553819","chr1","52894716","52894966","41","35341139"
"chr10","17563292","17563591","chr1","43639311","43639611","40","26076019"
"chr10","17579202","17579467","chr1","163301634","163301903","41","145722432"
"chr10","17599304","17599427","chr11","83048168","83048288","22","65448864"
"chr10","17600253","17600425","chr4","61747807","61747975","36","44147554"
"chr10","17607501","17607792","chr7","63340649","63340937","41","45733148"
"chr10","17630935","17631217","chr5","148172410","148172693","36","130541475"
"chr10","17632498","17632789","chr14","7830508","7830805","48","9801990"
"chr10","17637448","17637683","chr2","88599150","88599386","49","70961702"
"chr10","17654543","17654849","chr3","44274942","44275250","45","26620399"
"chr10","17656810","17657108","chr19","3064712","3065012","30","14592098"
"chr10","17723416","17723700","chr3","48298408","48298697","33","30574992"
"chr10","17728354","17728653","chr16","47869063","47869366","48","30140709"
"chr10","17733997","17734287","chr1","42476755","42477044","42","24742758"
"chr10","17736057","17736373","chr1","114716826","114717136","43","96980769"
"chr10","17768547","17768817","chr7","50012625","50012890","41","32244078"
"chr10","17770862","17771148","chr12","93108642","93108929","39","75337780"
"chr10","17793609","17793914","chrX","6292568","6292871","40","11501041"
"chr10","17805066","17805361","chr20","13516848","13517143","30","4288218"
"chr10","17821963","17822242","chr2","65733972","65734254","59","47912009"
"chr10","17853189","17853465","chr3","52295797","52296068","45","34442608"
"chr10","17885211","17885509","chr7","147619130","147619420","53","129733919"
"chr10","17976901","17977223","chr8","135323976","135324281","61","117347075"
"chr10","18019655","18019945","chr5","135892746","135893042","50","117873091"
"chr10","18021975","18022261","chr1","138442910","138443191","44","120420935"
"chr10","18055971","18056253","chr7","111089387","111089666","37","93033416"
"chr10","18124549","18124648","chr5","124088851","124088942","17","105964302"
"chr10","18137751","18138045","chr6","168849558","168849851","37","150711807"
"chr10","18295073","18295347","chr16","2090775","2091048","43","16204298"
"chr10","18460077","18460379","chr1","213070791","213071090","45","194610714"
"chr10","18460515","18460730","chr2","115384221","115384444","60","96923706"
"chr10","18468936","18469244","chr18","51183412","51183721","37","32714476"
"chr10","18485363","18485673","chr11","36769212","36769521","38","18283849"
"chr10","18499693","18499917","chr7","121329046","121329267","31","102829353"
"chr10","18505304","18505425","chr3","15334660","15334776","19","3170644"
"chr10","18522404","18522710","chr15","41336666","41336971","37","22814262"
"chr10","18541494","18541758","chr6","174151431","174151702","49","155609937"
"chr10","18547814","18548091","chr17","78068546","78068824","49","59520732"
"chr10","18549435","18549726","chr6","124570679","124570972","40","106021244"
"chr10","18550460","18550727","chr8","82026743","82027012","60","63476283"
"chr10","18554122","18554416","chr3","160772561","160772858","34","142218439"
"chr10","18588773","18589071","chr5","85651973","85652276","44","67063200"
"chr10","18590249","18590557","chr2","172612092","172612398","43","154021843"
"chr10","18591525","18591829","chr2","102989050","102989349","47","84397525"
"chr10","18601143","18601439","chrX","13595567","13595865","47","5005576"
"chr10","18607217","18607391","chr17","89097194","89097360","28","70489977"
"chr10","18726668","18726954","chr11","59744208","59744500","37","41017540"
"chr10","19773505","19773796","chr1","128477471","128477761","45","108703966"
"chr10","19782702","19783006","chr6","124714488","124714790","40","104931786"
"chr10","19798613","19798836","chr20","52039655","52039883","34","32241042"
"chr10","19803906","19804143","chr10","35642296","35642518","40","15838390"
"chr10","19838889","19839179","chr3","48298408","48298697","34","28459519"
"chr10","19881134","19881417","chr4","41283847","41284130","59","21402713"
"chr10","19925013","19925305","chrX","20992308","20992606","51","1067295"
"chr10","19946713","19947008","chr17","23859405","23859701","36","3912692"
"chr10","19961476","19961775","chr17","19374053","19374353","42","587423"
"chr10","19992751","19992877","chr19","11034584","11034709","20","8958167"
"chr10","20048805","20049100","chr5","18950781","18951074","43","1098024"
"chr10","20058849","20059133","chr13","10648870","10649161","45","9409979"
"chr10","20061558","20061813","chr7","40144205","40144467","47","20082647"
"chr10","20063016","20063310","chr2","184580196","184580486","40","164517180"
"chr10","20065033","20065340","chr3","34969388","34969689","34","14904355"
"chr10","20070276","20070568","chr9","79342653","79342946","34","59272377"
"chr10","20097373","20097681","chr15","96588502","96588809","41","76491129"
"chr10","20121213","20121504","chr2","87435713","87436003","43","67314500"
"chr10","20135480","20135732","chrX","84484286","84484526","53","64348806"
"chr10","20152098","20152401","chr5","157976994","157977299","47","137824896"
"chr10","20227965","20228096","chrX","95995598","95995719","25","75767633"
"chr10","20246268","20246576","chr13","69700961","69701271","35","49454693"
"chr10","20269969","20270266","chr1","113488517","113488821","31","93218548"
"chr10","20305049","20305324","chr11","59915293","59915574","51","39610244"
"chr10","20311865","20312159","chr3","152552247","152552547","44","132240382"
"chr10","20410207","20410491","chr2","72702249","72702540","41","52292042"
"chr10","20427872","20428131","chr10","49361494","49361744","46","28933622"
"chr10","20448584","20448870","chr16","44203969","44204255","38","23755385"
"chr10","20486803","20487098","chr2","38884008","38884302","37","18397205"
"chr10","20548351","20548627","chr9","60832680","60832955","38","40284329"
"chr10","20648863","20649022","chr20","51205147","51205307","22","30556284"
"chr10","20668139","20668456","chr14","64214831","64215143","60","43546692"
"chr10","20789539","20789816","chr9","59368531","59368810","45","38578992"
"chr10","20803976","20804173","chr16","62512812","62513013","31","41708836"
"chr10","20811707","20811997","chr2","149808038","149808322","39","128996331"
"chr10","20831453","20831736","chr14","32041046","32041328","43","11209593"
"chr10","20852470","20852775","chr9","91449675","91449976","44","70597205"
"chr10","20858332","20858628","chr1","54495925","54496228","52","33637593"
"chr10","20862779","20863052","chr9","20166452","20166727","31","696327"
"chr10","20879007","20879319","chr17","8929510","8929818","44","11949497"
"chr10","20887307","20887610","chr2","24049704","24050010","44","3162397"
"chr10","20896181","20896468","chr19","645039","645323","40","20251142"
"chr10","20914664","20914967","chr9","92266304","92266607","37","71351640"
"chr10","20926905","20927203","chr18","12965449","12965751","36","7961456"
"chr10","20928930","20929139","chr6","103081924","103082108","59","82152994"
"chr10","20941768","20942046","chr14","8230129","8230415","48","12711639"
"chr10","20943463","20943733","chr18","38216282","38216553","38","17272819"
"chr10","20992818","20993093","chr19","42487999","42488270","49","21495181"
"chr10","20996507","20996795","chr1","27049382","27049672","39","6052875"
"chr10","21050933","21051124","chr9","12902153","12902345","29","8148780"
"chr10","21092768","21093070","chr3","124597695","124597995","39","103504927"
"chr10","21095684","21095978","chr2","184580196","184580486","41","163484512"
"chr10","21105610","21105891","chr20","11238562","11238852","44","9867048"
"chr10","21110960","21111214","chr11","71769544","71769794","32","50658584"
"chr10","21165005","21165316","chr12","63712638","63712948","47","42547633"
"chr10","21191802","21192115","chr20","20980228","20980539","49","211574"
"chr10","21242924","21243202","chr11","101209765","101210048","37","79966841"
"chr10","21247595","21247890","chr1","208315987","208316282","45","187068392"
"chr10","21263394","21263698","chr4","7285473","7285775","49","13977921"
"chr10","21335455","21335759","chr7","114594079","114594374","44","93258624"
"chr10","21383220","21383296","chr7","18736945","18737020","9","2646275"
"chr10","21385060","21385340","chr2","5000035","5000319","45","16385025"
"chr10","21388930","21389230","chr5","7480673","7480981","53","13908257"
"chr10","21399070","21399350","chr3","3812815","3813101","46","17586255"
"chr10","21406478","21406765","chr8","96528890","96529171","45","75122412"
"chr10","21423194","21423491","chr3","38447004","38447303","33","17023810"
"chr10","21436865","21437109","chr19","32703204","32703447","41","11266339"
"chr10","21459861","21460158","chr2","84844754","84845049","41","63384893"
"chr10","21472176","21472477","chr13","32817425","32817728","35","11345249"
"chr10","21473350","21473624","chr2","39029241","39029515","35","17555891"
"chr10","21560960","21561130","chr2","186518455","186518632","26","164957495"
"chr10","21561797","21561928","chr4","18435769","18435906","21","3126028"
"chr10","21573452","21573750","chr5","171657301","171657602","36","150083849"
"chr10","21580154","21580462","chr7","119075937","119076243","39","97495783"
"chr10","21624488","21624792","chr2","46893044","46893340","47","25268556"
"chr10","21634320","21634614","chr4","31928114","31928408","41","10293794"
"chr10","21682526","21682819","chr16","1651540","1651832","48","20030986"
"chr10","21700167","21700459","chr10","83331290","83331585","45","61631123"
"chr10","21701875","21702176","chr7","129277499","129277801","37","107575624"
"chr10","21705737","21706027","chr19","32347284","32347572","44","10641547"
"chr10","21710172","21710465","chr8","25582102","25582396","35","3871930"
"chr10","21720481","21720783","chr15","10129508","10129805","40","11590973"
"chr10","21722047","21722332","chr9","39526654","39526936","50","17804607"
"chr10","21723608","21723868","chr4","79455473","79455733","32","57731865"
"chr10","21726036","21726280","chr13","15077830","15078077","34","6648206"
"chr10","21734516","21734806","chr1","17338913","17339200","46","4395603"
"chr10","21806830","21807118","chr20","12900328","12900614","44","8906502"
"chr10","21823575","21823871","chr15","25696400","25696692","57","3872825"
"chr10","21842301","21842591","chr15","83775499","83775789","37","61933198"
"chr10","21941125","21941412","chr17","38293773","38294062","44","16352648"
"chr10","22015510","22015705","chr7","74316519","74316716","46","52301009"
"chr10","22195959","22196240","chr2","101934667","101934948","39","79738708"
"chr10","22208002","22208277","chr12","93108642","93108929","42","70900640"
"chr10","22215418","22215699","chr15","78590602","78590883","49","56375184"
"chr10","22216854","22217157","chr20","52705959","52706255","40","30489105"
"chr10","22218144","22218456","chr10","61595576","61595889","45","39377432"
"chr10","22326518","22326794","chr10","28546528","28546812","45","6220010"
"chr10","22327754","22328040","chr3","14371522","14371805","36","7956232"
"chr10","22459316","22459630","chr20","13516848","13517143","66","8942468"
"chr10","22482112","22482416","chr10","16049988","16050292","38","6432124"
"chr10","22506947","22507324","chr12","5055637","5056001","87","17451310"
"chr10","22511856","22512167","chr6","157477970","157478279","35","134966114"
"chr10","22532121","22532382","chr4","79455473","79455733","38","56923352"
"chr10","22547484","22547774","chr20","49701084","49701366","42","27153600"
"chr10","22549269","22549547","chr9","23375918","23376206","47","826649"
"chr10","22554887","22555183","chr3","92646855","92647152","49","70091968"
"chr10","22558179","22558459","chr13","96327520","96327799","32","73769341"
"chr10","22570539","22570838","chr20","7777435","7777732","41","14793104"
"chr10","22580466","22580746","chr2","97465906","97466190","50","74885440"
"chr10","22634996","22635296","chrX","27757534","27757837","36","5122538"
"chr10","22883829","22884136","chr5","132391377","132391683","40","109507548"
"chr10","23011766","23012044","chr10","32091928","32092200","36","9080162"
"chr10","23031168","23031451","chrX","134515872","134516158","43","111484704"
"chr10","23307657","23307943","chr16","60930397","60930684","48","37622740"
"chr10","23482137","23482421","chr4","3360381","3360669","44","20121756"
"chr10","23647829","23648129","chr3","164913166","164913461","36","141265337"
"chr10","24106318","24106575","chr10","90525188","90525445","49","66418870"
"chr10","24110648","24110953","chr7","48694397","48694696","53","24583749"
"chr10","24347781","24348099","chr3","12603123","12603437","38","11744658"
"chr10","24421947","24422240","chr3","45626371","45626668","32","21204424"
"chr10","24523920","24524214","chr3","84549220","84549514","38","60025300"
"chr10","24688449","24688567","chr16","3400065","3400178","27","21288384"
"chr10","24688623","24688783","chr8","113485040","113485194","29","88796417"
"chr10","24850103","24850402","chr2","105826282","105826578","43","80976179"
"chr10","24932036","24932343","chr7","150944739","150945043","41","126012703"
"chr10","25070626","25070919","chr1","27475449","27475738","46","2404823"
"chr10","25253048","25253355","chr1","26180237","26180542","38","927189"
"chr10","25392021","25392302","chr2","100059763","100060040","39","74667742"
"chr10","25403265","25403573","chr10","84758202","84758512","42","59354937"
"chr10","25417107","25417393","chr7","160252905","160253204","54","134835798"
"chr10","25455356","25455656","chr1","219225924","219226223","46","193770568"
"chr10","25629113","25629415","chr1","12498948","12499258","41","13130165"
"chr10","25656724","25656954","chr20","68379890","68380123","40","42723166"
"chr10","25767140","25767436","chr5","11157181","11157474","38","14609959"
"chr10","25869351","25869648","chr1","208474725","208475026","43","182605374"
"chr10","25904338","25904652","chr6","143834762","143835068","48","117930424"
"chr10","26042612","26042900","chr1","128477471","128477761","39","102434859"
"chr10","26074705","26075000","chr1","163039410","163039702","44","136964705"
"chr10","26108973","26109274","chr5","55741462","55741765","33","29632489"
"chr10","26242096","26242393","chr5","134282799","134283095","43","108040703"
"chr10","26245451","26245747","chr7","90971726","90972022","37","64726275"
"chr10","26300659","26300955","chrX","20846410","20846706","42","5454249"
"chr10","26353643","26353937","chr4","105579082","105579368","45","79225439"
"chr10","26395028","26395324","chr1","123829563","123829868","49","97434535"
"chr10","26411287","26411567","chr16","39713988","39714268","40","13302701"
"chr10","26463277","26463447","chr15","105997448","105997622","43","79534171"
"chr10","26506062","26506357","chr11","95105428","95105719","38","68599366"
"chr10","26519550","26519848","chr5","2577333","2577630","33","23942217"
"chr10","26874643","26874952","chr18","36700162","36700474","34","9825519"
"chr10","26970233","26970542","chr6","114684547","114684859","51","87714314"
"chr10","27090798","27091003","chrX","23646782","23646990","33","3444016"
"chr10","27091143","27091222","chr14","16326731","16326813","13","10764412"
"chr10","27133304","27133534","chr20","49831426","49831665","63","22698122"
"chr10","27191122","27191432","chrX","89048659","89048969","54","61857537"
"chr10","27434714","27434887","chr14","64277185","64277361","22","36842471"
"chr10","27472714","27473008","chr11","88536600","88536893","46","61063886"
"chr10","27504916","27505195","chr10","25433549","25433845","60","2071367"
"chr10","27520646","27520932","chr10","62315260","62315548","40","34794614"
"chr10","27521345","27521650","chr16","49625494","49625797","44","22104149"
"chr10","27528692","27528990","chr7","116541236","116541527","50","89012544"
"chr10","27540667","27540970","chr3","52476744","52477050","44","24936077"
"chr10","27543790","27543997","chr2","89593102","89593311","32","62049312"
"chr10","27565904","27566194","chr2","81270293","81270586","42","53704389"
"chr10","27573923","27574218","chr1","40137387","40137679","41","12563464"
"chr10","27589901","27590184","chr6","51475431","51475711","43","23885530"
"chr10","27593826","27594113","chr3","13489445","13489734","42","14104381"
"chr10","27715286","27715577","chr9","34818668","34818959","38","7103382"
"chr10","27725160","27725462","chr4","19151176","19151478","40","8573984"
"chr10","27735439","27735723","chr18","48176114","48176407","49","20440675"
"chr10","27741720","27742012","chr14","6068538","6068827","49","21673182"
"chr10","27744481","27744779","chr14","21158129","21158427","35","6586352"
"chr10","27757380","27757688","chr8","120051374","120051685","43","92293994"
"chr10","27814504","27814773","chr6","167756879","167757155","46","139942375"
"chr10","27818696","27818982","chr5","35637455","35637751","37","7818759"
"chr10","27826509","27826809","chr18","48465782","48466081","43","20639273"
"chr10","27834514","27834772","chr7","109231041","109231298","45","81396527"
"chr10","27851323","27851587","chr15","13690450","13690713","53","14160873"
"chr10","27852884","27853173","chr12","52605435","52605730","47","24752551"
"chr10","27888697","27889013","chrX","59946011","59946324","47","32057314"
"chr10","27899742","27899997","chr15","59383392","59383652","44","31483650"
"chr10","27947456","27947757","chr20","62995327","62995624","40","35047871"
"chr10","27950927","27951234","chr12","58894080","58894384","44","30943153"
"chr10","27999237","27999529","chr9","31646265","31646560","37","3647028"
"chr10","28022047","28022336","chr2","81270293","81270586","40","53248246"
"chr10","28037266","28037549","chr1","57946363","57946656","49","29909097"
"chr10","28078316","28078609","chr2","44047045","44047343","47","15968729"
"chr10","28096823","28097113","chr12","91363258","91363549","45","63266435"
"chr10","28130076","28130367","chr11","46070151","46070446","45","17940075"
"chr10","28197660","28197959","chr2","102989050","102989349","33","74791390"
"chr10","28438183","28438466","chr20","66658444","66658733","49","38220261"
"chr10","28630071","28630364","chr7","25721029","25721324","43","2909042"
"chr10","28671771","28672048","chr11","93641943","93642225","45","64970172"
"chr10","28751542","28751899","chr1","22511533","22511876","87","6240009"
"chr10","28789895","28790191","chr7","16206849","16207148","44","12583046"
"chr10","28915978","28916283","chr19","26787614","26787918","43","2128364"
"chr10","28924061","28924357","chr3","15132217","15132518","49","13791844"
"chr10","28926773","28927082","chr1","67368758","67369056","42","38441985"
"chr10","28952196","28952348","chr3","127709422","127709575","28","98757226"
"chr10","29001196","29001502","chr14","5934954","5935260","32","23066242"
"chr10","29033060","29033361","chr6","139676559","139676861","47","110643499"
"chr10","29134720","29135006","chr8","127022151","127022443","45","97887431"
"chr10","29135369","29135667","chr6","101710262","101710562","47","72574893"
"chr10","29141560","29141864","chr8","118220020","118220328","40","89078460"
"chr10","29159260","29159544","chr7","147648063","147648359","54","118488803"
"chr10","29167305","29167596","chr2","13368422","13368711","37","15798883"
"chr10","29168015","29168271","chr19","41392526","41392789","47","12224511"
"chr10","29179874","29180168","chr19","15097509","15097804","37","14082365"
"chr10","29213583","29213837","chr2","89979506","89979757","41","60765923"
"chr10","29220127","29220411","chr13","88006009","88006300","45","58785882"
"chr10","29254772","29255056","chr1","45623411","45623699","38","16368639"
"chr10","29266863","29267142","chr13","118770285","118770571","43","89503422"
"chr10","29269384","29269641","chr6","77881204","77881461","40","48611820"
"chr10","29296546","29296829","chr20","50597547","50597833","60","21301001"
"chr10","29312903","29313183","chr6","14908506","14908785","45","14404397"
"chr10","29357319","29357599","chr2","48921809","48922082","51","19564490"
"chr10","29366264","29366490","chr10","76202595","76202819","33","46836331"
"chr10","29406451","29406746","chr9","17279474","17279774","37","12126977"
"chr10","29418042","29418340","chr6","102619077","102619380","56","73201035"
"chr10","29480631","29480871","chr6","91216456","91216692","36","61735825"
"chr10","29514856","29515160","chr4","159596604","159596907","36","130081748"
"chr10","29529988","29530285","chrX","62656251","62656552","45","33126263"
"chr10","29537789","29538084","chr2","172534143","172534439","42","142996354"
"chr10","29553559","29553852","chr1","124250793","124251086","38","94697234"
"chr10","29571811","29572136","chr7","73560013","73560323","58","43988202"
"chr10","29572288","29572579","chr2","44513923","44514220","35","14941635"
"chr10","29588738","29589039","chr7","26611874","26612171","53","2976864"
"chr10","29604886","29605199","chr6","124714488","124714790","52","95109602"
"chr10","29612965","29613265","chr17","28104885","28105180","44","1508080"
"chr10","29614552","29614848","chr4","6122453","6122755","46","23492099"
"chr10","29636816","29637108","chr12","6361288","6361579","45","23275528"
"chr10","29708181","29708473","chr2","96826999","96827292","38","67118818"
"chr10","29720318","29720604","chr2","135425345","135425630","40","105705027"
"chr10","29721621","29721908","chr13","64416561","64416845","44","34694940"
"chr10","29734218","29734498","chr10","27535216","27535511","47","2199002"
"chr10","29754259","29754566","chr15","104312349","104312651","45","74558090"
"chr10","29762543","29762847","chr13","32817425","32817728","33","3054882"
"chr10","29775845","29776141","chr7","16206849","16207148","39","13568996"
"chr10","29784180","29784467","chr6","77718494","77718781","37","47934314"
"chr10","29791610","29791927","chr1","66971675","66971974","50","37180065"
"chr10","29816454","29816741","chr3","12713884","12714173","38","17102570"
"chr10","29837844","29838134","chr2","33469896","33470190","45","3632052"
"chr10","29961544","29961820","chr16","10487157","10487432","45","19474387"
"chr10","29979694","29979981","chr4","112911849","112912137","41","82932155"
"chr10","30243705","30243997","chr1","94365322","94365615","39","64121617"
"chr10","30286794","30287023","chr9","62377606","62377835","33","32090812"
"chr10","30347202","30347517","chr18","51712877","51713182","71","21365675"
"chr10","30412743","30413036","chr13","60067141","60067439","48","29654398"
"chr10","30525115","30525435","chr10","90861195","90861497","85","60336080"
"chr10","30662450","30662739","chr4","96817447","96817732","57","66154997"
"chr10","30783430","30783738","chr2","106418670","106418975","39","75635240"
"chr10","30935639","30935957","chr1","1234974","1235297","37","29700665"
"chr10","30938370","30938703","chr2","100036632","100036964","70","69098262"
"chr10","31017967","31018205","chr13","62490389","62490632","27","31472422"
"chr10","31119373","31119688","chr17","8929510","8929818","46","22189863"
"chr10","31172353","31172638","chrX","12682131","12682418","46","18490222"
"chr10","31269506","31269804","chr15","76508645","76508945","44","45239139"
"chr10","31429392","31429687","chr2","38786448","38786745","48","7357056"
"chr10","31596405","31596679","chr18","50874536","50874793","53","19278131"
"chr10","31675998","31676230","chr1","19712922","19713142","47","11963076"
"chr10","31726820","31727112","chr9","54404234","54404532","39","22677414"
"chr10","31762646","31762775","chr15","7441971","7442100","19","24320675"
"chr10","31807077","31807393","chr1","113886598","113886907","43","82079521"
"chr10","32028946","32029241","chr11","59744208","59744500","31","27715262"
"chr10","32033528","32033758","chr17","17606555","17606797","57","14426973"
"chr10","32039504","32039808","chr5","36714267","36714570","44","4674763"
"chr10","32064495","32064788","chr10","23827933","23828217","57","8236562"
"chr10","32069714","32069872","chrX","44562035","44562194","31","12492321"
"chr10","32509415","32509701","chr11","103541011","103541302","43","71031596"
"chr10","32516391","32516690","chr11","25987448","25987755","40","6528943"
"chr10","32561253","32561551","chr7","76889431","76889730","40","44328178"
"chr10","32599454","32599746","chr15","93971010","93971304","39","61371556"
"chr10","32600701","32601003","chr4","19757773","19758068","48","12842928"
"chr10","32605032","32605324","chr13","25232626","25232918","33","7372406"
"chr10","32639855","32640143","chr2","172969150","172969436","45","140329295"
"chr10","32666248","32666546","chr15","26613546","26613841","45","6052702"
"chr10","32675973","32676281","chr3","12603123","12603437","41","20072850"
"chr10","32680146","32680413","chr2","85831524","85831810","54","53151378"
"chr10","32682139","32682411","chrX","87140716","87140997","51","54458577"
"chr10","32682547","32682836","chr4","52805264","52805547","49","20122717"
"chr10","32684896","32685194","chr14","98318663","98318962","36","65633767"
"chr10","32685842","32686136","chr2","82586920","82587221","43","49901078"
"chr10","32700848","32701141","chr2","144075110","144075396","54","111374262"
"chr10","32725750","32726028","chr1","30080248","30080540","43","2645502"
"chr10","32731918","32732215","chrX","113091953","113092258","52","80360035"
"chr10","32745581","32745833","chr10","90525188","90525445","41","57779607"
"chr10","32805714","32806002","chr2","146254274","146254570","42","113448560"
"chr10","32861939","32862230","chr4","103422957","103423247","41","70561018"
"chr10","32919296","32919606","chr4","14758226","14758535","38","18161070"
"chr10","32921841","32922145","chr3","34969388","34969689","40","2047547"
"chr10","32932988","32933278","chr1","18212609","18212901","48","14720379"
"chr10","32939333","32939633","chr5","140981015","140981312","39","108041682"
"chr10","32949156","32949452","chr1","9902896","9903189","37","23046260"
"chr10","32970695","32971001","chr13","99722238","99722539","43","66751543"
"chr10","32980787","32981073","chr6","47089969","47090257","43","14109182"
"chr10","32995547","32995851","chr8","97994163","97994466","46","64998616"
"chr10","33004149","33004445","chr3","71169706","71170006","51","38165557"
"chr10","33050999","33051290","chr4","150540961","150541258","43","117489962"
"chr10","33063070","33063159","chr4","123463679","123463771","15","90400609"
"chr10","33063495","33063620","chr3","94246726","94246859","28","61183231"
"chr10","33065599","33065899","chr10","64805632","64805934","46","31740033"
"chr10","33086348","33086637","chr16","70382574","70382877","52","37296226"
"chr10","33099300","33099594","chr1","65662451","65662746","40","32563151"
"chr10","33116342","33116631","chrX","109211107","109211398","42","76094765"
"chr10","33120414","33120694","chr10","19863380","19863662","36","13257034"
"chr10","33146917","33147213","chr7","145792870","145793168","38","112645953"
"chr10","33148606","33148905","chr1","123790962","123791258","54","90642356"
"chr10","33178044","33178348","chrX","21565382","21565683","46","11612662"
"chr10","33218919","33219135","chrX","38858528","38858745","36","5639609"
"chr10","33232835","33233146","chr16","21639667","21639964","46","11593168"
"chr10","33248800","33248983","chr15","22365872","22366057","27","10882928"
"chr10","33249052","33249189","chr7","148603228","148603359","22","115354176"
"chr10","33289338","33289639","chr5","36968561","36968860","40","3679223"
"chr10","33312789","33313096","chr13","40807388","40807696","35","7494599"
"chr10","33314072","33314363","chr10","78161594","78161885","43","44847522"
"chr10","33329095","33329402","chr2","46682521","46682821","37","13353426"
"chr10","33398087","33398378","chr1","124250793","124251086","41","90852706"
"chr10","33401635","33401843","chr16","52469816","52470032","63","19068181"
"chr10","33506207","33506518","chr10","72505410","72505719","52","38999203"
"chr10","33754495","33754788","chr18","60321680","60321975","34","26567185"
"chr10","33775374","33775669","chr13","74148211","74148505","39","40372837"
"chr10","33815286","33815562","chr9","11725191","11725472","35","22090095"
"chr10","33864900","33865190","chr17","3541078","3541367","41","30323822"
"chr10","33936274","33936575","chr20","57880354","57880665","45","23944080"
"chr10","33942950","33943251","chr14","10957645","10957943","39","22985305"
"chr10","33962065","33962330","chr4","134157189","134157460","52","100195124"
"chr10","33983469","33983770","chrX","142505359","142505669","47","108521890"
"chr10","34132122","34132415","chr11","59744208","59744500","29","25612086"
"chr10","34141266","34141575","chr5","32469834","32470141","43","1671432"
"chr10","34149311","34149602","chr10","29691322","29691619","51","4457989"
"chr10","34260936","34261237","chr7","16206849","16207148","47","18054087"
"chr10","34267426","34267704","chr1","12716391","12716670","36","21551035"
"chr10","34271865","34272159","chr18","13492207","13492505","49","20779658"
"chr10","34278027","34278311","chr11","1693357","1693649","51","32584670"
"chr10","34283886","34284195","chr1","27411607","27411914","51","6872279"
"chr10","34302730","34302946","chr7","121329046","121329267","29","87026316"
"chr10","34362429","34362739","chrX","44962032","44962338","38","10599603"
"chr10","34366735","34367031","chr17","15593542","15593839","34","18773193"
"chr10","34370260","34370540","chr20","50597547","50597833","42","16227287"
"chr10","34417810","34418088","chr13","24987399","24987671","43","9430411"
"chr10","34429022","34429317","chr6","142572268","142572563","40","108143246"
"chr10","34449129","34449438","chr11","7108677","7108967","71","27340452"
"chr10","34480552","34480844","chr2","184580196","184580486","45","150099644"
"chr10","34499687","34499871","chrX","44013279","44013465","34","9513592"
"chr10","34501173","34501463","chr20","47816140","47816429","44","13314967"
"chr10","34502735","34503039","chr17","5494384","5494685","40","29008351"
"chr10","34504743","34505033","chr9","57318157","57318448","34","22813414"
"chr10","34506770","34507046","chr16","71256770","71257053","45","36750000"
"chr10","34528022","34528304","chr11","120626708","120626998","52","86098686"
"chr10","34542637","34542936","chrX","28734753","28735052","44","5807884"
"chr10","34550044","34550339","chr3","160772561","160772858","33","126222517"
"chr10","34560153","34560459","chr7","37381596","37381892","46","2821443"
"chr10","34568240","34568527","chr11","114923633","114923926","43","80355393"
"chr10","34572156","34572441","chr4","154113781","154114067","46","119541625"
"chr10","34581812","34582103","chr3","48298408","48298697","43","13716596"
"chr10","34609375","34609678","chr1","41160582","41160892","39","6551207"
"chr10","34619351","34619617","chr3","74823322","74823587","39","40203971"
"chr10","34625021","34625315","chr11","59744208","59744500","29","25119187"
"chr10","34625789","34626098","chr13","90267516","90267818","42","55641727"
"chr10","34656027","34656329","chr1","44950004","44950301","34","10293977"
"chr10","34663887","34664169","chr2","142642707","142642988","45","107978820"
"chr10","34671537","34671817","chr4","23536564","23536839","45","11134973"
"chr10","34675604","34675899","chr6","172984005","172984297","46","138308401"
"chr10","34690038","34690321","chr11","123468792","123469074","40","88778754"
"chr10","34691688","34691985","chr15","29522390","29522690","42","5169298"
"chr10","34716486","34716767","chr1","15291446","15291730","45","19425040"
"chr10","34738076","34738381","chrX","143121938","143122244","48","108383862"
"chr10","34740917","34741184","chr6","171956247","171956509","43","137215330"
"chr10","34746868","34747150","chr2","81270293","81270586","51","46523425"
"chr10","34754877","34755185","chr9","61900736","61901039","35","27145859"
"chr10","34764593","34764924","chr1","25073098","25073432","53","9691495"
"chr10","34774825","34775116","chr8","99548469","99548767","45","64773644"
"chr10","34785731","34786061","chr11","59929272","59929581","55","25143541"
"chr10","34786105","34786325","chr9","3301581","3301823","61","31484524"
"chr10","34803496","34803787","chr16","20167037","20167326","43","14636459"
"chr10","34843562","34843624","chr15","13404579","13404640","9","21438983"
"chr10","34843644","34843793","chr10","13190514","13190657","25","21653130"
"chr10","34891233","34891453","chr7","121329046","121329267","32","86437813"
"chr10","34891460","34891750","chr2","44732994","44733290","36","9841534"
"chr10","34895860","34896168","chr14","97144510","97144821","33","62248650"
"chr10","34938298","34938593","chr19","38513628","38513926","42","3575330"
"chr10","34965588","34965890","chr10","29691322","29691619","39","5274266"
"chr10","34999545","34999841","chr10","72400856","72401155","43","37401311"
"chr10","35001228","35001517","chr3","127858081","127858376","49","92856853"
"chr10","35003509","35003681","chr5","159253702","159253862","31","124250193"
"chr10","35047958","35048234","chr11","44329228","44329505","40","9281270"
"chr10","35050401","35050674","chr1","24202794","24203071","51","10847607"
"chr10","35053578","35053865","chr11","88966345","88966635","38","53912767"
"chr10","35054569","35054857","chr16","18796729","18797022","40","16257840"
"chr10","35057314","35057620","chr8","29386987","29387291","43","5670327"
"chr10","35064316","35064611","chr4","13663992","13664285","39","21400324"
"chr10","35067036","35067329","chr7","33668477","33668774","35","1398559"
"chr10","35147444","35147729","chr9","57023538","57023829","35","21876094"
"chr10","35166791","35167065","chr3","10308541","10308818","49","24858250"
"chr10","35172506","35172792","chr14","9330813","9331108","38","25841693"
"chr10","35172976","35173263","chr12","97703565","97703846","62","62530589"
"chr10","35175517","35175813","chr1","213070791","213071090","43","177895274"
"chr10","35176080","35176390","chr13","43327633","43327946","47","8151553"
"chr10","35209714","35210014","chr6","57093643","57093937","43","21883929"
"chr10","35212592","35212890","chrX","20846410","20846706","41","14366182"
"chr10","35216764","35217088","chr2","147017903","147018205","59","111801139"
"chr10","35235968","35236265","chr3","103398952","103399243","43","68162984"
"chr10","35245362","35245654","chr14","21304583","21304882","36","13940779"
"chr10","35252280","35252375","chr2","135563870","135563966","23","100311590"
"chr10","35256287","35256583","chr7","110175801","110176096","40","74919514"
"chr10","35259441","35259679","chr3","121231389","121231617","36","85971948"
"chr10","35295845","35296136","chr3","13489445","13489734","38","21806400"
"chr10","35307782","35308150","chr2","83821335","83821689","103","48513553"
"chr10","35318638","35318933","chr1","124250793","124251086","46","88932155"
"chr10","35320202","35320493","chr3","45626371","45626668","36","10306169"
"chr10","35322230","35322506","chr3","47408821","47409099","48","12086591"
"chr10","35386127","35386398","chr10","78838030","78838303","38","43451903"
"chr10","35424856","35425112","chr6","124012894","124013127","76","88588038"
"chr10","35547699","35548000","chr9","54404234","54404532","42","18856535"
"chr10","35549613","35549909","chr2","46893044","46893340","48","11343431"
"chr10","35550703","35550997","chr15","78953274","78953566","34","43402571"
"chr10","35553900","35553992","chr1","75640034","75640127","15","40086134"
"chr10","35565869","35566173","chr3","176327887","176328190","49","140762018"
"chr10","35709819","35710106","chr9","57023538","57023829","44","21313719"
"chr10","35744485","35744795","chr12","63079032","63079340","42","27334547"
"chr10","35754030","35754322","chr7","68231438","68231735","52","32477408"
"chr10","35759747","35760042","chr7","16206849","16207148","41","19552898"
"chr10","35856082","35856373","chr7","74553058","74553350","36","38696976"
"chr10","35860169","35860459","chr1","207393339","207393628","33","171533170"
"chr10","35945295","35945602","chr13","100043599","100043905","37","64098304"
"chr10","36005899","36006187","chr2","39631073","39631360","43","3625174"
"chr10","36028653","36028953","chr10","62550782","62551081","38","26522129"
"chr10","36037599","36037912","chr1","123829563","123829868","45","87791964"
"chr10","36062918","36063225","chrX","44962032","44962338","34","8899114"
"chr10","36070194","36070488","chr15","90566852","90567145","42","54496658"
"chr10","36083775","36083917","chr8","65998403","65998545","16","29914628"
"chr10","36084048","36084199","chr13","37809450","37809605","25","1725402"
"chr10","36242725","36242840","chr3","15334660","15334776","15","20908065"
"chr10","36243094","36243197","chr14","56516732","56516835","19","20273638"
"chr10","36243204","36243490","chr11","59745076","59745331","66","23501872"
"chr10","36318122","36318393","chr6","144637935","144638217","50","108319813"
"chr10","36321380","36321679","chr16","11126268","11126568","36","25195112"
"chr10","36355032","36355333","chr3","13095646","13095953","42","23259386"
"chr10","36503176","36503494","chr15","94650465","94650758","56","58147289"
"chr10","36616191","36616309","chr6","148375288","148375408","17","111759097"
"chr10","36627935","36628220","chr1","48763142","48763429","43","12135207"
"chr10","36728981","36729287","chr4","56503347","56503657","41","19774366"
"chr10","36800968","36801262","chr11","59744208","59744500","36","22943240"
"chr10","37191136","37191447","chr5","34129012","34129323","40","3062124"
"chr10","37317317","37317597","chr4","21601794","21602073","48","15715523"
"chr10","37454877","37455183","chr5","34129012","34129323","38","3325865"
"chr10","37461964","37462268","chr4","103942747","103943051","46","66480783"
"chr10","37524550","37524846","chr13","61334608","61334909","53","23810058"
"chr10","37532041","37532203","chr13","93249064","93249232","24","55717023"
"chr10","37549545","37549847","chr14","110643131","110643440","45","73093586"
"chr10","37807868","37808166","chr19","3064712","3065012","34","34743156"
"chr10","37809776","37810053","chr18","12832661","12832936","43","24977115"
"chr10","37840351","37840647","chr3","45626371","45626668","31","7786020"
"chr10","37894256","37894552","chr1","24136961","24137248","48","13757295"
"chr10","37916758","37917053","chr7","90971726","90972022","40","53054968"
"chr10","38053001","38053294","chr12","70142058","70142350","38","32089057"
"chr10","38056200","38056489","chr15","9873078","9873375","46","28183122"
"chr10","38512744","38513046","chr19","3064712","3065012","37","35448032"
"chr10","38875040","38875324","chr15","26878649","26878926","39","11996391"
"chr10","38906837","38907128","chr7","133065043","133065330","30","94158206"
"chr10","39015981","39016273","chr7","46672290","46672583","51","7656309"
"chr10","39027730","39028017","chr10","62613928","62614216","38","23586198"
"chr10","39217168","39217483","chr12","93462737","93463048","45","54245569"
"chr10","39243230","39243530","chr2","46682521","46682821","31","7439291"
"chr10","39382384","39382584","chr8","61534629","61534829","32","22152245"
"chr10","39407021","39407307","chr8","37062728","37063024","44","2344293"
"chr10","39695931","39696215","chr20","32453396","32453683","38","7242535"
"chr10","39755508","39755804","chr3","34969388","34969689","44","4786120"
"chr10","39800872","39800982","chr7","37209157","37209265","13","2591715"
"chr10","40218279","40218580","chr7","16206849","16207148","37","24011430"
"chr10","40220004","40220299","chr8","25582102","25582396","30","14637902"
"chr10","40283612","40283918","chr3","176830718","176831018","46","136547106"
"chr10","40723627","40723895","chr6","150487145","150487408","62","109763518"
"chr10","40929699","40929851","chr16","57803025","57803175","22","16873326"
"chr10","41039235","41039521","chr3","46165413","46165699","39","5126178"
"chr10","41093819","41094101","chr16","68364432","68364716","48","27270613"
"chr10","41151382","41151688","chr16","69046043","69046343","43","27894661"
"chr10","41274008","41274310","chr19","3064712","3065012","36","38209296"
"chr10","41279712","41280000","chr3","35661567","35661859","38","5618145"
"chr10","41288241","41288534","chr3","160772561","160772858","43","119484320"
"chr10","41293795","41294106","chr1","7993999","7994304","38","33299796"
"chr10","41336031","41336317","chr16","38954257","38954553","52","2381774"
"chr10","41338973","41339265","chr14","10784769","10785061","39","30554204"
"chr10","41340581","41340855","chr19","32515288","32515561","40","8825293"
"chr10","41396573","41396711","chr2","47668161","47668290","38","6271588"
"chr10","41405134","41405426","chr11","122608626","122608924","46","81203492"
"chr10","41414195","41414441","chrX","88088678","88088937","50","46674483"
"chr10","41450856","41451153","chr9","61749418","61749718","35","20298562"
"chr10","41484183","41484456","chr8","114555126","114555401","49","73070943"
"chr10","41495044","41495350","chr1","203673466","203673767","48","162178422"
"chr10","41538180","41538453","chr4","3166937","3167223","42","38371243"
"chr10","41538926","41539227","chr7","79652641","79652943","34","38113715"
"chr10","41661966","41662254","chr2","87900952","87901244","54","46238986"
"chr10","41752080","41752386","chr10","84950610","84950912","50","43198530"
"chr10","41807413","41807716","chr10","46007696","46008002","45","4200283"
"chr10","41931626","41931729","chr2","87853506","87853603","35","45921880"
"chr10","42145982","42146301","chr1","194910525","194910833","50","152764543"
"chr10","42149003","42149294","chr14","7850953","7851242","37","34298050"
"chr10","42196979","42197236","chr2","99632317","99632577","45","57435338"
"chr10","42205441","42205737","chrX","41378367","41378661","42","827074"
"chr10","42388140","42388424","chr2","79709848","79710139","50","37321708"
"chr10","42548006","42548299","chr1","129567144","129567444","47","87019138"
"chr10","42554954","42555240","chr10","62613928","62614216","37","20058974"
"chr10","42628997","42629289","chr9","7025626","7025918","32","35603371"
"chr10","42754620","42754755","chr8","76522039","76522178","14","33767419"
"chr10","42825491","42825597","chr4","18435484","18435590","14","24390007"
"chr10","42825601","42825715","chr4","18435484","18435590","17","24390117"
"chr10","42983087","42983390","chr2","82586920","82587221","46","39603833"
"chr10","42989459","42989748","chr10","29491028","29491323","37","13498431"
"chr10","42991261","42991568","chr16","18913306","18913612","44","24077955"
"chr10","43050345","43050622","chr2","152202700","152202973","39","109152355"
"chr10","43064652","43064998","chr15","29147160","29147500","69","13917492"
"chr10","43082819","43083077","chr17","261230","261492","54","42821589"
"chr10","43136438","43136738","chr20","21298658","21298956","43","21837780"
"chr10","43185169","43185429","chr1","36888776","36889038","43","6296393"
"chr10","43218787","43219081","chr19","12557275","12557573","44","30661512"
"chr10","43247122","43247368","chr16","44892798","44893041","40","1645676"
"chr10","43321156","43321447","chr7","52736490","52736780","31","9415334"
"chr10","43371602","43371837","chr10","19416042","19416290","50","23955560"
"chr10","43383884","43384185","chr4","109752629","109752940","45","66368745"
"chr10","43396351","43396510","chr7","120733169","120733328","31","77336818"
"chr10","43411023","43411331","chr9","43568635","43568942","68","157612"
"chr10","43431003","43431301","chr11","92705019","92705312","44","49274016"
"chr10","43445542","43445792","chr2","43982650","43982906","39","537108"
"chr10","43503211","43503518","chr1","130282840","130283147","45","86779629"
"chr10","43505217","43505509","chr4","108800307","108800597","44","65295090"
"chr10","43525480","43525776","chr16","4876774","4877074","40","38648706"
"chr10","43557773","43558052","chr15","21464395","21464674","46","22093378"
"chr10","43558356","43558646","chr7","133065043","133065330","36","89506687"
"chr10","43588914","43589191","chr2","152202700","152202973","45","108613786"
"chr10","43920062","43920220","chr7","36815097","36815263","32","7104965"
"chr10","43924389","43924504","JH680086","337168","337280","22","43587221"
"chr10","43924792","43924964","chr5","57022508","57022671","33","13097716"
"chr10","43991498","43991775","chr3","161216608","161216899","52","117225110"
"chr10","43997687","43997990","chr13","125134336","125134638","35","81136649"
"chr10","44008809","44009118","chr1","128155382","128155688","36","84146573"
"chr10","44437558","44437850","chr3","121063814","121064094","59","76626256"
"chr10","44589345","44589634","chr3","17089313","17089596","38","27500032"
"chr10","44603084","44603389","chr1","1866324","1866628","41","42736760"
"chr10","44608911","44609241","chr2","171659201","171659501","71","127050290"
"chr10","44634266","44634570","chr7","15880327","15880625","42","28753939"
"chr10","44663446","44663770","chr3","170778833","170779151","52","126115387"
"chr10","44685367","44685668","chr10","18978908","18979205","45","25706459"
"chr10","44690330","44690618","chr16","18796729","18797022","34","25893601"
"chr10","44704191","44704450","chr6","89909554","89909826","57","45205363"
"chr10","44712865","44713175","chr13","32817425","32817728","39","11895440"
"chr10","44726884","44727079","chr10","79672783","79672981","27","34945899"
"chr10","44753272","44753556","chr6","15644274","15644547","52","29108998"
"chr10","44769247","44769530","chr9","92292916","92293201","39","47523669"
"chr10","44774930","44775230","chr1","35301410","35301706","44","9473520"
"chr10","44793863","44794205","chr11","71121511","71121834","87","26327648"
"chr10","44832321","44832627","chr16","6949294","6949602","39","37883027"
"chr10","44845801","44846126","chr1","1234974","1235297","48","43610827"
"chr10","44871263","44871562","chr11","30775706","30776004","61","14095557"
"chr10","44872340","44872567","chr16","28277063","28277289","31","16595277"
"chr10","44880814","44881110","chr20","25946663","25946962","42","18934151"
"chr10","44901346","44901660","chr6","107796882","107797188","48","62895536"
"chr10","44903016","44903323","chr11","3693184","3693488","40","41209832"
"chr10","44927889","44928199","chr6","113414976","113415281","48","68487087"
"chr10","44969478","44969775","chr1","139052655","139052949","38","94083177"
"chr10","44976892","44977195","chr11","103421989","103422296","54","58445097"
"chr10","44994398","44994710","chr13","69700961","69701271","41","24706563"
"chr10","45016123","45016412","chr5","52449180","52449473","38","7433057"
"chr10","45037439","45037583","chr18","24104552","24104687","20","20932887"
"chr10","45040943","45041226","chr1","161851733","161852013","52","116810790"
"chr10","45066544","45066829","chr16","20167037","20167326","32","24899507"
"chr10","45085518","45085813","chr3","164913166","164913461","42","119827648"
"chr10","45090672","45090970","chr1","44950004","44950301","47","140668"
"chr10","45341870","45342166","chr12","31837904","31838202","42","13503966"
"chr10","45351459","45351711","chr11","120216941","120217193","37","74865482"
"chr10","45417410","45417655","chr7","130654165","130654431","66","85236755"
"chr10","45449821","45450135","chr4","107049748","107050054","52","61599927"
"chr10","45462086","45462335","chr11","59745076","59745331","43","14282990"
"chr10","45468420","45468725","chr4","33942864","33943168","57","11525556"
"chr10","45473735","45474026","chr13","32817425","32817728","40","12656310"
"chr10","45487552","45487843","chr7","117030480","117030769","34","71542928"
"chr10","45488649","45488946","chr4","10593766","10594058","39","34894883"
"chr10","45489245","45489552","chr16","15788944","15789248","34","29700301"
"chr10","45490179","45490501","chr18","27783530","27783825","59","17706649"
"chr10","45502208","45502483","chr3","156857065","156857346","41","111354857"
"chr10","45516821","45517111","chr7","133065043","133065330","32","87548222"
"chr10","45526172","45526480","chr7","77989138","77989438","39","32462966"
"chr10","45537088","45537393","chr16","7267846","7268151","47","38269242"
"chr10","45570873","45571036","chr3","151747443","151747601","24","106176570"
"chr10","45613413","45613716","chrX","112314689","112314977","61","66701276"
"chr10","45663768","45664062","chr13","125678907","125679206","44","80015139"
"chr10","45690840","45691114","chr15","57652318","57652603","53","11961478"
"chr10","45714490","45714786","chr10","26504544","26504849","40","19209946"
"chr10","45721119","45721411","chr9","57318157","57318448","41","11597038"
"chr10","45724506","45724701","chr7","155860210","155860412","38","110135704"
"chr10","45738305","45738625","chr15","61528778","61529110","63","15790473"
"chr10","45739287","45739612","chr4","28731569","28731869","71","17007718"
"chr10","45762920","45763216","chr1","44950004","44950301","39","812916"
"chr10","45909122","45909434","chr3","12603123","12603437","46","33305999"
"chr10","46077830","46078059","chr13","71321320","71321556","53","25243490"
"chr10","46232532","46232807","chr8","88869400","88869673","41","42636868"
"chr10","46241292","46241582","chr7","34314811","34315097","43","11926481"
"chr10","46311094","46311382","chr1","57946363","57946656","41","11635269"
"chr10","46367585","46367885","chr5","34812840","34813132","52","11554745"
"chr10","46535568","46535802","chr20","68379890","68380123","35","21844322"
"chr10","46581474","46581752","chr10","59202967","59203245","39","12621493"
"chr10","46585839","46586132","chr11","48999226","48999522","37","2413387"
"chr10","46631935","46632242","chr10","29306821","29307129","33","17325114"
"chr10","46650577","46650876","chr1","216020767","216021074","41","169370190"
"chr10","46654342","46654619","chr7","79232767","79233057","43","32578425"
"chr10","46667212","46667507","chr10","78749019","78749318","36","32081807"
"chr10","46716427","46716714","chr9","39265177","39265467","43","7451250"
"chr10","46720618","46720920","chrX","43179195","43179504","42","3541423"
"chr10","46745142","46745441","chr1","28561406","28561707","48","18183736"
"chr10","46748050","46748352","chr6","124714488","124714790","39","77966438"
"chr10","46796412","46796708","chrX","108442229","108442527","50","61645817"
"chr10","46797287","46797517","chr11","6590977","6591220","45","40206310"
"chr10","46799407","46799687","chr1","25089117","25089401","36","21710290"
"chr10","46836740","46836912","chr15","4199355","4199519","37","42637385"
"chr10","46837785","46837920","chr8","51403248","51403379","20","4565463"
"chr10","46841739","46842038","chr4","154100211","154100509","35","107258472"
"chr10","46860089","46860374","chr5","9919693","9919985","52","36940396"
"chr10","46866334","46866641","chr13","23501079","23501388","35","23365255"
"chr10","46870157","46870464","chr6","71714754","71715057","39","24844597"
"chr10","46911792","46912087","chr2","38884008","38884302","36","8027784"
"chr10","46915822","46916097","chr15","21464395","21464674","31","25451427"
"chr10","46918675","46918947","chr19","4435815","4436091","33","42482860"
"chr10","46928335","46928640","chr1","179570624","179570920","49","132642289"
"chr10","46929387","46929669","chr7","79511935","79512227","51","32582548"
"chr10","46945313","46945562","chr11","71045850","71046097","36","24100537"
"chr10","46959449","46959683","chr7","24936105","24936346","38","22023344"
"chr10","46961627","46961902","chr9","51784847","51785122","30","4823220"
"chr10","46977045","46977353","chr13","23501079","23501388","43","23475966"
"chr10","46986363","46986636","chr7","45416454","45416731","37","1569909"
"chr10","47017229","47017518","chr10","62315260","62315548","46","15298031"
"chr10","47017973","47018125","chr4","103459648","103459795","30","56441675"
"chr10","47025182","47025426","chr13","62490389","62490632","38","15465207"
"chr10","47028443","47028753","chr12","70277663","70277977","36","23249220"
"chr10","47083290","47083585","chr7","70273788","70274086","42","23190498"
"chr10","47103068","47103377","chr10","47089595","47089902","33","13473"
"chr10","47104428","47104727","chrX","15713155","15713456","45","31391273"
"chr10","47111385","47111702","chr20","9781128","9781450","49","37330257"
"chr10","47113860","47114101","chrX","60090505","60090742","43","12976645"
"chr10","47148995","47149288","chr6","101710262","101710562","44","54561267"
"chr10","47159037","47159200","chr15","105997448","105997622","31","58838411"
"chr10","47159210","47159502","chr2","184580196","184580486","35","137420986"
"chr10","47180619","47180893","chr12","88908759","88909041","51","41728140"
"chr10","47208559","47208857","chr13","32817425","32817728","36","14391134"
"chr10","47222473","47222771","chr3","44207119","44207413","39","3015354"
"chr10","47232385","47232652","chr2","100062378","100062646","38","52829993"
"chr10","47269197","47269507","chr11","121319694","121320003","36","74050497"
"chr10","47279603","47279892","chr4","13002327","13002618","42","34277276"
"chr10","47296577","47296863","chr4","69425921","69426221","47","22129344"
"chr10","47300207","47300504","chr18","54779171","54779466","47","7478964"
"chr10","47310934","47311236","chr3","34969388","34969689","37","12341546"
"chr10","47326467","47326774","chr7","4215307","4215613","48","43111160"
"chr10","47389645","47389941","chr13","114921723","114922025","42","67532078"
"chr10","47391536","47391847","chr16","12644791","12645100","44","34746745"
"chr10","47399772","47399842","chr1","123108875","123108951","14","75709103"
"chr10","47452148","47452441","chr7","72707693","72707981","36","25255545"
"chr10","47517014","47517317","chr6","124714488","124714790","39","77197474"
"chr10","47524807","47525070","chr3","162219994","162220257","54","114695187"
"chr10","47525603","47525889","chr4","3166937","3167223","37","44358666"
"chr10","47557621","47557920","chr2","126433678","126433974","41","78876057"
"chr10","47591550","47591830","chr4","114134642","114134925","50","66543092"
"chr10","47632079","47632380","chr2","96239962","96240258","45","48607883"
"chr10","47642878","47643175","chr10","90361835","90362131","44","42718957"
"chr10","47698708","47698999","chr4","31017666","31017967","33","16681042"
"chr10","47903282","47903495","chr6","124894062","124894274","28","76990780"
"chr10","47977909","47978178","chr12","84954554","84954828","46","36976645"
"chr10","48130741","48131037","chrX","19148176","19148472","38","28982565"
"chr10","48162511","48162807","chrX","15713155","15713456","34","32449356"
"chr10","48164098","48164394","chr3","45626371","45626668","31","2537727"
"chr10","48195663","48195951","chr2","168564679","168564973","43","120369016"
"chr10","48203021","48203310","chr4","13663992","13664285","40","34539029"
"chr10","48211294","48211591","chr9","6402509","6402805","33","41808785"
"chr10","48241869","48242117","chr9","66771776","66772036","49","18529907"
"chr10","48268815","48269128","chr14","55474367","55474673","49","7205552"
"chr10","48361664","48361963","chr10","10378732","10379028","46","37982932"
"chr10","48459893","48460174","chr5","128960234","128960515","44","80500341"
"chr10","48995796","48996099","chr10","16049988","16050292","45","32945808"
"chr10","49040984","49041287","chr8","37167222","37167520","43","11873762"
"chr10","49046760","49047062","chr4","139104978","139105284","50","90058218"
"chr10","49052667","49052960","chr6","150565896","150566187","46","101513229"
"chr10","49108922","49109220","chr12","99594984","99595284","40","50486062"
"chr10","49598491","49598788","chr1","946135","946434","36","48652356"
"chr10","49634215","49634507","chr1","118003993","118004283","46","68369778"
"chr10","49709992","49710276","chr3","160772561","160772858","38","111062569"
"chr10","50114325","50114616","chr4","82945647","82945940","46","32831322"
"chr10","50186016","50186317","chr2","99629442","99629744","45","49443426"
"chr10","50440639","50440927","chr4","154135592","154135882","47","103694953"
"chr10","50510448","50510743","chr13","55441585","55441883","46","4931137"
"chr10","50817338","50817618","chr19","51268922","51269205","43","451584"
"chr10","50867111","50867411","chr4","136355879","136356171","53","85488768"
"chr10","50878561","50878860","chr1","113945022","113945322","47","63066461"
"chr10","50950619","50950930","chr9","110990408","110990707","62","60039789"
"chr10","51063398","51063668","chr3","160101342","160101603","49","109037944"
"chr10","51420482","51420753","chr1","40770988","40771266","52","10649494"
"chr10","51548974","51549263","chr10","87880515","87880812","60","36331541"
"chr10","51676663","51676973","chr16","54321303","54321613","35","2644640"
"chr10","52098399","52098680","chr20","42229503","42229785","29","9868896"
"chr10","52140464","52140765","chr12","99594984","99595284","37","47454520"
"chr10","52341657","52341921","chr6","161525268","161525536","43","109183611"
"chr10","52426045","52426314","chr16","2090775","2091048","46","50335270"
"chr10","52689724","52689997","chr20","40086231","40086506","46","12603493"
"chr10","52693974","52694254","chr1","166159395","166159677","45","113465421"
"chr10","52939434","52939542","chr11","12024313","12024418","17","40915121"
"chr10","53023921","53024210","chr4","31259177","31259468","38","21764744"
"chr10","53241481","53241793","chr7","13474578","13474886","40","39766903"
"chr10","53425827","53426124","chr10","77678903","77679208","52","24253076"
"chr10","53462275","53462415","chr1","129498511","129498647","21","76036236"
"chr10","53466217","53466501","chr4","31083851","31084133","44","22382366"
"chr10","53481731","53482010","chr9","84610245","84610514","49","31128514"
"chr10","53621670","53621955","chrX","7095749","7096037","49","46525921"
"chr10","53624686","53624976","chr14","19462491","19462780","42","34162195"
"chr10","53633561","53633859","chr4","27255866","27256165","45","26377695"
"chr10","53843404","53843700","chr3","66701770","66702068","41","12858366"
"chr10","53898968","53899260","chr15","78953274","78953566","45","25054306"
"chr10","54054094","54054397","chr4","31451449","31451750","43","22602645"
"chr10","54060368","54060658","chr3","35657443","35657739","46","18402925"
"chr10","54187530","54187834","chr1","7993999","7994304","39","46193531"
"chr10","54308277","54308595","chr7","90063026","90063346","51","35754749"
"chr10","54382925","54383163","chr13","64464320","64464560","44","10081395"
"chr10","54607080","54607417","chr11","18962715","18963051","48","35644365"
"chr10","54721794","54722097","chr13","125134336","125134638","34","70412542"
"chr10","54769678","54769973","chr19","41872908","41873209","40","12896770"
"chr10","54778098","54778378","chr4","105579082","105579368","40","50800984"
"chr10","54813067","54813363","chr3","110049029","110049327","35","55235962"
"chr10","54817466","54817708","chr2","142703519","142703755","51","87886053"
"chr10","54842222","54842517","chr10","43209588","43209881","37","11632634"
"chr10","54877463","54877769","chr3","173964513","173964818","46","119087050"
"chr10","54899102","54899187","chr13","103188987","103189073","12","48289885"
"chr10","54912262","54912499","chr4","81148169","81148419","46","26235907"
"chr10","55072171","55072465","chr9","79342653","79342946","44","24270482"
"chr10","55103183","55103486","chr8","21354878","21355187","57","33748305"
"chr10","55113114","55113374","chr4","24804662","24804922","35","30308452"
"chr10","55209948","55210244","chr9","17180920","17181214","50","38029028"
"chr10","55224326","55224617","chr6","151368944","151369238","46","96144618"
"chr10","55281596","55281891","chr3","127858081","127858376","45","72576485"
"chr10","55289398","55289693","chr6","10235231","10235527","34","45054167"
"chr10","55304695","55304950","chr8","13018464","13018728","57","42286231"
"chr10","55307849","55307955","chrX","97515578","97515691","19","42207729"
"chr10","55308414","55308580","chr4","100962891","100963054","31","45654477"
"chr10","55341134","55341419","chr9","36921875","36922172","47","18419259"
"chr10","55355932","55356229","chr12","93339213","93339508","42","37983281"
"chr10","55411808","55411940","chr2","3265689","3265825","27","52146119"
"chr10","55412448","55412570","chr1","91126979","91127104","19","35714531"
"chr10","55439608","55439894","chr15","57939601","57939891","48","2499993"
"chr10","55464286","55464578","chr3","127707998","127708293","44","72243712"
"chr10","55542527","55542818","chr15","103796774","103797067","38","48254247"
"chr10","55609592","55609890","chr14","54656644","54656944","55","952948"
"chr10","55610513","55610809","chr7","114624792","114625094","43","59014279"
"chr10","55675906","55676204","chr6","65398083","65398378","51","9722177"
"chr10","55756397","55756691","chr2","126433678","126433974","32","70677281"
"chr10","55770641","55770950","chr3","12603123","12603437","44","43167518"
"chr10","55775827","55775931","chr14","7137887","7137992","18","48637940"
"chr10","56022859","56023156","chr3","169260164","169260459","37","113237305"
"chr10","56195846","56196155","chr6","124714488","124714790","43","68518642"
"chr10","56409540","56409845","chr1","65662451","65662746","68","9252911"
"chr10","56551080","56551364","chr5","101457421","101457692","53","44906341"
"chr10","56625311","56625614","chr1","83385711","83386020","45","26760400"
"chr10","56645172","56645431","chr1","46894352","46894618","41","9750820"
"chr10","56772568","56772854","chr3","63144094","63144379","35","6371526"
"chr10","56836252","56836546","chr6","142572268","142572563","39","85736016"
"chr10","56853632","56853925","chr16","42090122","42090419","38","14763510"
"chr10","57085697","57085999","chr18","12432850","12433158","44","44652847"
"chr10","57095137","57095437","chr2","62500002","62500306","34","5404865"
"chr10","57180365","57180658","chr7","119631235","119631529","42","62450870"
"chr10","57223489","57223564","chr7","89529977","89530057","15","32306488"
"chr10","57426946","57427239","chr4","141027285","141027580","51","83600339"
"chr10","57484186","57484491","chr7","101853697","101853997","45","44369511"
"chr10","57729326","57729602","chr9","51784847","51785122","34","5944479"
"chr10","58005702","58006001","chr1","170967942","170968244","53","112962240"
"chr10","58019903","58020031","chr9","86655567","86655696","18","28635664"
"chr10","58093318","58093617","chr16","17660066","17660366","31","40433252"
"chr10","58232477","58232587","chr1","190077316","190077432","27","131844839"
"chr10","58319097","58319384","chr1","57946363","57946656","44","372734"
"chr10","58325681","58325960","chr16","56231923","56232210","40","2093758"
"chr10","58340372","58340690","chr1","201480796","201481098","63","143140424"
"chr10","58371849","58372149","chr6","127852909","127853211","44","69481060"
"chr10","58396663","58396830","chr19","48108906","48109066","29","10287757"
"chr10","58397710","58397842","chr8","118827722","118827853","19","60430012"
"chr10","58460971","58461292","chr7","90708730","90709063","48","32247759"
"chr10","58527587","58527842","chrX","84484286","84484526","55","25956699"
"chr10","58529208","58529530","chrX","109482920","109483229","47","50953712"
"chr10","58658775","58659068","chr11","114923633","114923926","34","56264858"
"chr10","58671161","58671450","chr12","38645893","38646186","43","20025268"
"chr10","58737360","58737589","chr7","121329046","121329267","30","62591686"
"chr10","58738659","58738956","chr15","90208474","90208772","30","31469815"
"chr10","58744644","58744940","chr16","21639667","21639964","36","37104977"
"chr10","58759074","58759354","chr4","84138262","84138543","44","25379188"
"chr10","58794236","58794569","chr18","26757177","26757480","61","32037059"
"chr10","58834301","58834602","chr2","82294499","82294808","51","23460198"
"chr10","58837764","58837897","chr7","117063691","117063831","30","58225927"
"chr10","58849125","58849425","chr13","32325637","32325935","33","26523488"
"chr10","58873985","58874284","chrX","121543158","121543461","32","62669173"
"chr10","58878347","58878634","chr13","72292226","72292499","58","13413879"
"chr10","58881369","58881671","chr3","85814231","85814531","46","26932862"
"chr10","58881794","58882081","chr16","23060176","23060469","48","35821618"
"chr10","58892473","58892773","chrX","93353646","93353951","45","34461173"
"chr10","58903657","58903952","chr10","72862379","72862672","41","13958722"
"chr10","58908949","58909083","chr11","121717039","121717180","32","62808090"
"chr10","58928984","58929256","chr8","17032525","17032804","64","41896459"
"chr10","58975490","58975783","chr3","44490997","44491287","38","14484493"
"chr10","58981500","58981787","chr10","62315260","62315548","44","3333760"
"chr10","58989011","58989301","chr11","83270867","83271168","43","24281856"
"chr10","58995180","58995311","chr2","88064380","88064508","22","29069200"
"chr10","59009665","59009971","chr11","91373980","91374290","34","32364315"
"chr10","59061060","59061353","chr8","127022151","127022443","49","67961091"
"chr10","59088612","59088784","chr14","118702603","118702766","29","59613991"
"chr10","59115555","59115752","chr7","155860210","155860412","24","96744655"
"chr10","59149020","59149323","chr2","95278102","95278398","51","36129082"
"chr10","59155284","59155579","chr16","31394227","31394519","40","27761057"
"chr10","59159869","59159976","chr9","124771238","124771348","17","65611369"
"chr10","59160254","59160445","chr5","89567023","89567218","37","30406769"
"chr10","59191385","59191676","chr8","95960003","95960299","38","36768618"
"chr10","59194847","59195123","chr1","47561643","47561930","53","11633204"
"chr10","59203113","59203415","chr15","48151534","48151833","48","11051579"
"chr10","59204622","59204908","chr6","113321357","113321649","51","54116735"
"chr10","59220051","59220268","chr18","202270","202486","39","59017781"
"chr10","59235489","59235800","chr1","194910525","194910833","38","135675036"
"chr10","59255276","59255565","chr8","95960003","95960299","40","36704727"
"chr10","59262209","59262512","chr10","46007696","46008002","39","13254513"
"chr10","59270677","59270949","chr3","28632372","28632647","54","30638305"
"chr10","59282963","59283247","chr14","43542070","43542357","48","15740893"
"chr10","59285721","59286008","chr4","113683814","113684105","41","54398093"
"chr10","59319324","59319574","chr16","44892798","44893041","31","14426526"
"chr10","59323959","59324261","chr3","160849351","160849651","41","101525392"
"chr10","59324262","59324571","chr7","161253903","161254205","47","101929641"
"chr10","59345786","59346080","chr6","56451711","56452003","39","2894075"
"chr10","59350345","59350616","chr19","32590740","32591017","50","26759605"
"chr10","59360926","59361223","chr3","35147970","35148262","50","24212956"
"chr10","59384062","59384359","chr17","1802400","1802699","44","57581662"
"chr10","59393773","59394036","chr10","37817455","37817721","51","21576318"
"chr10","59401002","59401228","chr9","18207388","18207612","36","41193614"
"chr10","59421436","59421719","chr11","31023704","31023997","52","28397732"
"chr10","59429169","59429479","chr15","39862913","39863221","49","19566256"
"chr10","59440942","59441265","chr9","59360623","59360932","50","80319"
"chr10","59456854","59457161","chrX","20846410","20846706","41","38610444"
"chr10","59504940","59505196","chr3","43750920","43751179","45","15754020"
"chr10","59523990","59524297","chr1","44509147","44509453","38","15014843"
"chr10","59525540","59525831","chr5","86238609","86238898","40","26713069"
"chr10","59532770","59533072","chr11","53078617","53078919","42","6454153"
"chr10","59561502","59561781","chr1","130489015","130489299","45","70927513"
"chr10","59562835","59563131","chr3","45182618","45182913","35","14380217"
"chr10","59569275","59569562","chr16","11161826","11162107","47","48407449"
"chr10","59572096","59572396","chr5","2577333","2577630","38","56994763"
"chr10","59615502","59615803","chr1","219225924","219226223","35","159610422"
"chr10","59632987","59633281","chr8","25582102","25582396","32","34050885"
"chr10","59667166","59667366","chr6","55833949","55834140","41","3833217"
"chr10","59673331","59673629","chr16","10263822","10264120","33","49409509"
"chr10","59693216","59693510","chr11","59744208","59744500","33","50992"
"chr10","59728351","59728613","chr9","56012937","56013193","50","3715414"
"chr10","59756535","59756712","chr11","132171694","132171867","35","72415159"
"chr10","59792757","59793007","chr1","127932247","127932497","37","68139490"
"chr10","59810692","59810999","chr16","47869063","47869366","48","11941629"
"chr10","59827816","59828125","chr3","34911618","34911927","44","24916198"
"chr10","59853929","59854233","chr1","105973248","105973548","32","46119319"
"chr10","59858077","59858361","chr20","65834057","65834351","45","5975980"
"chr10","59869363","59869651","chr12","44820258","44820548","60","15049105"
"chr10","59890965","59891240","chr7","54026881","54027156","39","5864084"
"chr10","59891251","59891483","chr17","53964881","53965113","38","5926370"
"chr10","59971226","59971521","chr3","164913166","164913461","47","104941940"
"chr10","60019416","60019685","chr3","30335324","30335598","43","29684092"
"chr10","60057090","60057382","chr3","48298408","48298697","31","11758682"
"chr10","60064022","60064323","chr1","203673466","203673767","37","143609444"
"chr10","60070065","60070365","chr3","33731910","33732211","41","26338155"
"chr10","60133164","60133461","chr7","36644864","36645163","42","23488300"
"chr10","60220904","60221191","chr3","179701033","179701322","45","119480129"
"chr10","60236736","60237030","chr11","12718595","12718887","33","47518141"
"chr10","60241187","60241475","chr1","130649516","130649818","57","70408329"
"chr10","60272751","60273074","chr9","50750379","50750702","53","9522372"
"chr10","60276053","60276361","chr1","11912016","11912323","39","48364037"
"chr10","60300567","60300701","chr9","12890266","12890398","27","47410301"
"chr10","60304049","60304351","chr2","50634219","50634525","35","9669830"
"chr10","60336821","60336985","chr4","42468336","42468506","23","17868485"
"chr10","60338362","60338652","chr2","168564679","168564973","39","108226317"
"chr10","60367972","60368309","chrX","122210526","122210830","71","61842554"
"chr10","60573320","60573522","chr5","69980681","69980871","42","9407361"
"chr10","60598938","60599231","chr11","59744208","59744500","29","854730"
"chr10","61051736","61052037","chr11","53078617","53078919","41","7973119"
"chr10","61096092","61096373","chr1","15150591","15150877","44","45945501"
"chr10","61099701","61099991","chr1","128202446","128202737","33","67102745"
"chr10","61216403","61216697","chr3","138424968","138425265","39","77208565"
"chr10","61255817","61256125","chr10","47658303","47658606","46","13597514"
"chr10","61288685","61289016","chr8","118063941","118064263","50","56775256"
"chr10","61684552","61684850","chr2","46682521","46682821","29","15002031"
"chr10","61694736","61695035","chr13","32817425","32817728","32","28877311"
"chr10","61715181","61715469","chr16","63970264","63970553","35","2255083"
"chr10","61718877","61719176","chr5","159154245","159154541","40","97435368"
"chr10","61795719","61796012","chr1","91521758","91522057","47","29726039"
"chr10","61797118","61797372","chr2","125988970","125989217","57","64191852"
"chr10","61869540","61869821","chr9","93552709","93552987","41","31683169"
"chr10","61920578","61920879","chr3","74390980","74391277","39","12470402"
"chr10","61991051","61991358","chr7","13474578","13474886","46","48516473"
"chr10","62037831","62038127","chr7","37381596","37381892","46","24656235"
"chr10","62094966","62095271","chrX","122210526","122210830","42","60115560"
"chr10","62266483","62266775","chr2","96826999","96827292","40","34560516"
"chr10","62278371","62278683","chrX","38891205","38891511","43","23387166"
"chr10","62395736","62396013","chr16","16849093","16849362","52","45546643"
"chr10","62650728","62651041","chrX","137765287","137765594","57","75114559"
"chr10","62659095","62659227","chr18","2815099","2815224","17","59843996"
"chr10","62709055","62709357","chr3","45626371","45626668","34","17082684"
"chr10","62817341","62817528","chr4","41818287","41818476","47","20999054"
"chr10","62986587","62986890","chr10","46007696","46008002","33","16978891"
"chr10","63202811","63203107","chr1","42476755","42477044","38","20726056"
"chr10","63283691","63283985","chr3","120264577","120264869","48","56980886"
"chr10","63525300","63525577","chr12","93108642","93108929","47","29583342"
"chr10","63584938","63585248","chr19","12557275","12557573","42","51027663"
"chr10","63647404","63647705","chr11","107880222","107880528","44","44232818"
"chr10","63761794","63762088","chr2","44513923","44514220","46","19247871"
"chr10","63773347","63773591","chr16","52921622","52921871","45","10851725"
"chr10","63774432","63774750","chr2","83844115","83844420","56","20069683"
"chr10","63779690","63779909","chr4","148703870","148704079","47","84924180"
"chr10","63790918","63791215","chr2","136917098","136917395","43","73126180"
"chr10","63792110","63792403","chr9","7025626","7025918","39","56766484"
"chr10","63798250","63798510","chr16","61976090","61976357","48","1822160"
"chr10","63800655","63800931","chr8","68249829","68250099","44","4449174"
"chr10","63812280","63812569","chr13","94201262","94201554","31","30388982"
"chr10","63823790","63824084","chrX","13251638","13251935","51","50572152"
"chr10","63843251","63843539","chr4","122847351","122847630","66","59004100"
"chr10","63850650","63850937","chrX","38099288","38099585","52","25751362"
"chr10","63871726","63871956","chrX","60090505","60090742","35","3781221"
"chr10","63873458","63873677","chr7","121329046","121329267","31","57455588"
"chr10","63899575","63899789","chr13","91056418","91056629","37","27156843"
"chr10","63905846","63906124","chr5","118928307","118928607","49","55022461"
"chr10","63965135","63965349","chr7","121329046","121329267","31","57363911"
"chr10","64000366","64000657","chr10","62613928","62614216","38","1386438"
"chr10","64358526","64358821","chr3","44293169","44293462","44","20065357"
"chr10","64459817","64460106","chr6","142572268","142572563","42","78112451"
"chr10","64581414","64581699","chr15","39847712","39848003","46","24733702"
"chr10","64607986","64608273","chr10","62315260","62315548","41","2292726"
"chr10","64749926","64750225","chr1","124998618","124998915","36","60248692"
"chr10","64861759","64862041","chr1","193883174","193883442","55","129021415"
"chr10","64899173","64899475","chr7","16206849","16207148","43","48692324"
"chr10","64996135","64996426","chr13","70390537","70390830","33","5394402"
"chr10","65067963","65068236","chr14","39319099","39319378","42","25748864"
"chr10","65290633","65290943","chr18","36700162","36700474","38","28590471"
"chr10","65348951","65349261","chr10","33377964","33378271","50","31970987"
"chr10","65503840","65503944","chr4","18435484","18435590","12","47068356"
"chr10","65590486","65590740","chr15","35980878","35981131","43","29609608"
"chr10","65733055","65733330","chr5","101457421","101457692","47","35724366"
"chr10","65754466","65754756","chr2","46682521","46682821","47","19071945"
"chr10","65767075","65767383","chr4","34099360","34099670","45","31667715"
"chr10","65852750","65853051","chr7","155237414","155237714","39","89384664"
"chr10","65995733","65995825","chr7","9086730","9086812","20","56909003"
"chr10","66267792","66268081","chr10","29691322","29691619","47","36576470"
"chr10","66334224","66334490","chr7","98159032","98159295","42","31824808"
"chr10","66641625","66641848","chr15","29611756","29611978","31","37029869"
"chr10","66771810","66772101","chr4","13663992","13664285","38","53107818"
"chr10","66860737","66860862","chr9","43999038","43999162","17","22861699"
"chr10","66960107","66960402","chr9","7025626","7025918","36","59934481"
"chr10","66967420","66967721","chr14","73970307","73970604","44","7002887"
"chr10","67051100","67051392","chr5","56973726","56974023","44","10077374"
"chr10","67126366","67126630","chr5","69792705","69792975","75","2666339"
"chr10","67151396","67151681","chr1","204813267","204813556","42","137661871"
"chr10","67256717","67257026","chr1","184288081","184288385","36","117031364"
"chr10","67305768","67306004","chr3","50901308","50901545","34","16404460"
"chr10","67521371","67521657","chr15","18305069","18305357","44","49216302"
"chr10","67551259","67551577","chr1","27403070","27403401","68","40148189"
"chr10","67614779","67615068","chr4","56627212","56627501","41","10987567"
"chr10","67853309","67853621","chrX","44962032","44962338","54","22891277"
"chr10","68002660","68002929","chr15","76799848","76800119","51","8797188"
"chr10","68198281","68198532","chr4","83172079","83172320","46","14973798"
"chr10","68348517","68348818","chr1","1866324","1866628","42","66482193"
"chr10","68501085","68501292","chr16","21822931","21823141","25","46678154"
"chr10","68763130","68763427","chr9","87395374","87395673","42","18632244"
"chr10","68836268","68836557","chr10","78815993","78816282","44","9979725"
"chr10","69008756","69009047","chr4","110946344","110946633","43","41937588"
"chr10","69253287","69253594","chr1","184288081","184288385","41","115034794"
"chr10","69454612","69454927","chr11","97834556","97834875","39","28379944"
"chr10","69455719","69456014","chr13","32817425","32817728","38","36638294"
"chr10","69473977","69474219","chr9","34299383","34299623","32","35174594"
"chr10","69522796","69523031","chr15","29611756","29611978","41","39911040"
"chr10","69531656","69531955","chr5","113649508","113649801","51","44117852"
"chr10","69564261","69564552","chr3","46329604","46329904","42","23234657"
"chr10","69590396","69590456","chr13","125572795","125572854","11","55982399"
"chr10","69616824","69617084","chr2","49059917","49060182","34","20556907"
"chr10","69666100","69666400","chr3","45626371","45626668","33","24039729"
"chr10","69673781","69674051","chr1","158198823","158199105","56","88525042"
"chr10","69706588","69706881","chr11","59744208","59744500","35","9962380"
"chr10","69715771","69716080","chr6","124714488","124714790","50","54998717"
"chr10","69716087","69716405","chr3","170778833","170779151","50","101062746"
"chr10","69731972","69732277","chr2","46682521","46682821","35","23049451"
"chr10","69734274","69734586","chr1","946135","946434","48","68788139"
"chr10","69735984","69736287","chr11","8649180","8649480","40","61086804"
"chr10","69743529","69743826","chr19","41600576","41600928","79","28142953"
"chr10","69754382","69754679","chr9","15247736","15248032","38","54506646"
"chr10","69816569","69816879","chr6","128110448","128110754","42","58293879"
"chr10","69867631","69867928","chr4","2534955","2535251","35","67332676"
"chr10","69906605","69906891","chr7","12877917","12878207","46","57028688"
"chr10","69922271","69922556","chrX","123457402","123457697","50","53535131"
"chr10","69938020","69938308","chr3","63144094","63144379","45","6793926"
"chr10","69955874","69956171","chr9","19850832","19851138","46","50105042"
"chr10","70033818","70034117","chr3","84953581","84953878","54","14919763"
"chr10","70111010","70111316","chr2","47593553","47593860","43","22517457"
"chr10","70126747","70127059","chr2","90799138","90799447","45","20672391"
"chr10","70212335","70212617","chr17","61893768","61894049","42","8318567"
"chr10","70318410","70318569","chr2","39371758","39371921","34","30946652"
"chr10","70766825","70767130","chr7","4580032","4580335","48","66186793"
"chr10","70926003","70926191","chr15","42790613","42790798","42","28135390"
"chr10","70926751","70926856","chr9","124771238","124771348","26","53844487"
"chr10","70937422","70937622","chr12","53558999","53559195","60","17378423"
"chr10","70990610","70990914","chr6","166367885","166368189","35","95377275"
"chr10","71083096","71083383","chr14","611560","611852","49","70471536"
"chr10","71168172","71168394","chr5","18089222","18089443","32","53078950"
"chr10","71332838","71333142","chr1","7993999","7994304","37","63338839"
"chr10","71349783","71350020","chr3","13737292","13737527","37","57612491"
"chr10","71441578","71441862","chrX","27848874","27849153","49","43592704"
"chr10","71487502","71487776","chr4","107911095","107911379","54","36423593"
"chr10","71742788","71743092","chr11","10098018","10098319","34","61644770"
"chr10","71909513","71909807","chr3","161216608","161216899","43","89307095"
"chr10","72128476","72128777","chr11","61293438","61293738","38","10835038"
"chr10","72203287","72203516","chr1","100959718","100959948","34","28756431"
"chr10","72260090","72260395","chr13","32817425","32817728","34","39442665"
"chr10","72326062","72326194","chr16","45048622","45048751","18","27277440"
"chr10","72446959","72447267","chr1","13865146","13865450","48","58581813"
"chr10","72449509","72449797","chr6","43129343","43129636","43","29320166"
"chr10","72524593","72524858","chr6","161525268","161525536","33","89000675"
"chr10","72616161","72616465","chr16","55715676","55715976","41","16900485"
"chr10","72829366","72829638","chr2","39029241","39029515","47","33800125"
"chr10","72905698","72905984","chr10","62315260","62315548","33","10590438"
"chr10","72924345","72924643","chr8","75471946","75472247","46","2547601"
"chr10","73011263","73011555","chr5","124867895","124868189","56","51856632"
"chr10","73083108","73083404","chr15","2764945","2765241","40","70318163"
"chr10","73131650","73131959","chr6","124714488","124714790","45","51582838"
"chr10","73153437","73153752","chrX","21105959","21106267","52","52047478"
"chr10","73551167","73551473","chr9","61349050","61349363","56","12202117"
"chr10","73634984","73635274","chr2","184580196","184580486","41","110945212"
"chr10","73703317","73703628","chr1","152625689","152625995","47","78922372"
"chr10","73989464","73989747","chr7","133065043","133065330","34","59075579"
"chr10","74016217","74016494","chrX","97704052","97704327","47","23687835"
"chr10","74089780","74090078","chr11","52332872","52333170","34","21756908"
"chr10","74092079","74092387","chr13","103432227","103432539","51","29340148"
"chr10","74094804","74095112","chr7","54988790","54989094","37","19106014"
"chr10","74101360","74101665","chr12","62741269","62741568","40","11360091"
"chr10","74116138","74116443","chr9","19850832","19851138","38","54265306"
"chr10","74126553","74126643","chr4","123463679","123463771","12","49337126"
"chr10","74162886","74163183","chr10","15079626","15079923","29","59083260"
"chr10","74187704","74188005","chr16","37830553","37830853","34","36357151"
"chr10","74190987","74191264","chr11","124795659","124795934","49","50604672"
"chr10","74193116","74193394","chr16","2686936","2687217","40","71506180"
"chr10","74199273","74199595","chr4","32666294","32666610","42","41532979"
"chr10","74254853","74255147","chr6","128266238","128266531","35","54011385"
"chr10","74260782","74261073","chr11","11698465","11698757","41","62562317"
"chr10","74279668","74279763","chrX","108014950","108015043","14","33735282"
"chr10","74283736","74284032","chrX","38099288","38099585","42","36184448"
"chr10","74318604","74318901","chr7","90971726","90972022","45","16653122"
"chr10","74321603","74321905","chr1","90905213","90905512","46","16583610"
"chr10","74333670","74333947","chr3","178701270","178701546","43","104367600"
"chr10","74361840","74362137","chr12","35031886","35032181","41","39329954"
"chr10","74382843","74383139","chr1","208230438","208230739","47","133847595"
"chr10","74387144","74387453","chr1","128155382","128155688","36","53768238"
"chr10","74391783","74392096","chr8","121505496","121505808","40","47113713"
"chr10","74419468","74419757","chr10","9550719","9551007","37","64868749"
"chr10","74441880","74442163","chr5","73965376","73965663","47","476504"
"chr10","74443598","74443859","chr5","44522340","44522595","47","29921258"
"chr10","74459164","74459419","chr9","24560211","24560475","39","49898953"
"chr10","74472107","74472404","chr2","126433678","126433974","41","51961571"
"chr10","74491330","74491583","chr5","33954559","33954811","40","40536771"
"chr10","74504205","74504495","chr1","946135","946434","37","73558070"
"chr10","74524149","74524447","chr17","30337456","30337753","42","44186693"
"chr10","74570100","74570397","chr1","66509236","66509532","37","8060864"
"chr10","74589437","74589727","chr14","30544530","30544818","38","44044907"
"chr10","74624487","74624770","chr4","161349293","161349586","47","86724806"
"chr10","74631830","74632094","chr6","89841228","89841489","42","15209398"
"chr10","74678427","74678699","chr15","2641152","2641417","32","72037275"
"chr10","74681675","74681973","chr6","125379784","125380087","34","50698109"
"chr10","74709092","74709400","chr13","25298591","25298897","46","49410501"
"chr10","74764420","74764549","chr7","521552","521685","22","74242868"
"chr10","74799929","74800229","chr17","23859405","23859701","38","50940524"
"chr10","74820697","74820940","chr1","181674763","181675009","41","106854066"
"chr10","74831577","74831871","chr7","77029098","77029406","50","2197521"
"chr10","74851834","74852135","chr5","32347507","32347802","40","42504327"
"chr10","74876291","74876578","chr1","206447940","206448229","43","131571649"
"chr10","74898522","74898818","chr8","125553163","125553457","43","50654641"
"chr10","74902494","74902767","chr16","2090775","2091048","32","72811719"
"chr10","74927399","74927455","chr20","26326682","26326744","17","48600717"
"chr10","74943454","74943754","chr11","116100247","116100545","37","41156793"
"chr10","74954057","74954357","chr19","3064712","3065012","35","71889345"
"chr10","74974693","74974984","chr1","128231015","128231307","45","53256322"
"chr10","74989826","74990126","chr9","30414536","30414834","42","44575290"
"chr10","75157735","75158038","chr20","9121389","9121691","40","66036346"
"chr10","75163137","75163434","chr17","30337456","30337753","40","44825681"
"chr10","75193186","75193477","chr14","10784769","10785061","39","64408417"
"chr10","75204576","75204871","chr4","34747186","34747478","29","40457390"
"chr10","75258946","75259250","chr10","46007696","46008002","38","29251250"
"chr10","75300088","75300384","chr4","13663992","13664285","37","61636096"
"chr10","75345245","75345539","chr11","59744208","59744500","28","15601037"
"chr10","75361428","75361717","chr5","34504261","34504542","39","40857167"
"chr10","75394285","75394576","chr1","213290516","213290811","43","137896231"
"chr10","75441678","75441983","chr5","176287508","176287814","43","100845830"
"chr10","75450497","75450800","chr3","152928502","152928799","48","77478005"
"chr10","75452037","75452336","chr1","171443299","171443600","43","95991262"
"chr10","75520602","75520859","chr5","133797177","133797424","40","58276575"
"chr10","75564117","75564423","chr19","47662689","47662983","51","27901428"
"chr10","75586585","75586740","chr2","101873229","101873392","30","26286644"
"chr10","75589008","75589321","chrX","46406291","46406601","42","29182717"
"chr10","75591153","75591428","chr10","14170131","14170406","50","61421022"
"chr10","75602720","75603030","chr1","138374356","138374660","33","62771636"
"chr10","75726085","75726395","chr19","41721053","41721360","42","34005032"
"chr10","75842401","75842682","chr5","110373373","110373655","39","34530972"
"chr10","75845712","75845997","JH682036","358126","358421","50","75487586"
"chr10","75865448","75865570","chr7","107795444","107795571","20","31929996"
"chr10","75886135","75886445","chr15","96588502","96588809","51","20702367"
"chr10","75962749","75963043","chr17","10114847","10115143","45","65847902"
"chr10","76018154","76018460","chr4","113055023","113055328","50","37036869"
"chr10","76145651","76145958","chr9","19850832","19851138","34","56294819"
"chr10","76227959","76228258","chr10","78793021","78793318","36","2565062"
"chr10","76315594","76315886","chr8","25582102","25582396","35","50733492"
"chr10","76363634","76363938","chr6","104056251","104056558","46","27692617"
"chr10","76540738","76541039","chr9","30414536","30414834","37","46126202"
"chr10","76568246","76568545","chr1","7993999","7994304","45","68574247"
"chr10","76735619","76735746","chr18","2815099","2815224","17","73920520"
"chr10","76737834","76738109","chr3","43135407","43135692","49","33602427"
"chr10","76774678","76774775","chr20","2246214","2246319","19","74528464"
"chr10","76803591","76803885","chr7","90971726","90972022","40","14168135"
"chr10","76820838","76821135","chr7","18741876","18742175","44","58078962"
"chr10","76913175","76913451","chr8","14237621","14237892","60","62675554"
"chr10","77013598","77013873","chr13","101919472","101919753","47","24905874"
"chr10","77033354","77033640","chr3","6672310","6672602","45","70361044"
"chr10","77055210","77055507","chr3","48298408","48298697","45","28756802"
"chr10","77139441","77139549","chr14","31451076","31451185","16","45688365"
"chr10","77146060","77146350","chr10","70403053","70403349","48","6743007"
"chr10","77240467","77240762","chr3","160772561","160772858","36","83532094"
"chr10","77244152","77244443","chr19","47662689","47662983","32","29581463"
"chr10","77256882","77256959","chr4","20162471","20162552","12","57094411"
"chr10","77298722","77298999","chr6","15644274","15644547","60","61654448"
"chr10","77310921","77311204","chr4","107911095","107911379","33","30600174"
"chr10","77363507","77363796","chr3","154218014","154218311","42","76854507"
"chr10","77375842","77376124","chr1","53519541","53519821","44","23856301"
"chr10","77432132","77432426","chr7","76702865","76703162","39","729267"
"chr10","77436928","77437224","chr3","33463989","33464289","43","43972939"
"chr10","77462497","77462791","chr2","186451766","186452061","45","108989269"
"chr10","77608542","77608809","chr15","26878649","26878926","50","50729893"
"chr10","77614627","77614920","chr9","79342653","79342946","36","1728026"
"chr10","77617146","77617435","chr10","72394915","72395215","39","5222231"
"chr10","77750541","77750842","chr7","54988790","54989094","41","22761751"
"chr10","77762182","77762505","chr13","24042390","24042691","68","53719792"
"chr10","77763333","77763641","chr6","133869535","133869843","43","56106202"
"chr10","77765577","77765878","chr4","13205766","13206075","50","64559811"
"chr10","77769545","77769830","chrX","12682131","12682418","36","65087414"
"chr10","77786405","77786704","chr10","29691322","29691619","34","48095083"
"chr10","77790503","77790796","chrX","44309286","44309587","38","33481217"
"chr10","77803506","77803641","chr19","8509943","8510077","15","69293563"
"chr10","77823613","77823921","chr4","146940122","146940426","37","69116509"
"chr10","78172006","78172310","chr18","83609","83914","34","78088397"
"chr10","78181411","78181697","chr6","160166962","160167251","46","81985551"
"chr10","78256921","78257049","chr14","66910279","66910408","19","11346642"
"chr10","78539037","78539301","chr2","164320439","164320700","46","85781402"
"chr10","78565291","78565613","chr2","144423348","144423659","57","65858057"
"chr10","78634818","78634977","chr11","50101895","50102056","29","28532923"
"chr10","78701086","78701389","chr2","163628461","163628763","34","84927375"
"chr10","78706734","78707024","chr4","13663992","13664285","45","65042742"
"chr10","78718151","78718369","chr7","110531798","110532009","39","31813647"
"chr10","78827547","78827812","chr5","6300845","6301111","36","72526702"
"chr10","78859759","78860049","chr2","178187197","178187490","42","99327438"
"chr10","78972252","78972558","chr9","60825092","60825400","45","18147160"
"chr10","79043596","79043879","chr1","140831987","140832278","54","61788391"
"chr10","79059161","79059457","chr19","24212554","24212862","49","54846607"
"chr10","79082856","79083154","chr3","45626371","45626668","35","33456485"
"chr10","79090743","79091041","chr6","142572268","142572563","40","63481525"
"chr10","79123565","79123817","chr10","90525188","90525445","45","11401623"
"chr10","79163948","79164234","chr20","42229503","42229785","36","36934445"
"chr10","79282209","79282510","chrX","38891205","38891511","33","40391004"
"chr10","79327427","79327751","chr12","63820146","63820469","48","15507281"
"chr10","79497778","79497909","chr18","2814393","2814524","22","76683385"
"chr10","79523257","79523540","chr2","85528226","85528500","53","6004969"
"chr10","79545824","79545959","chr9","20827873","20828006","33","58717951"
"chr10","79626095","79626373","chr6","142572268","142572563","53","62946173"
"chr10","79627865","79628163","chr10","38262077","38262376","43","41365788"
"chr10","79655128","79655424","chr6","142572268","142572563","45","62917140"
"chr10","79664858","79665153","chr15","39654240","39654536","34","40010618"
"chr10","79671859","79672148","chr9","115152824","115153119","38","35480965"
"chr10","79718157","79718443","chr10","78793021","78793318","44","925136"
"chr10","79774719","79775023","chrX","43598757","43599039","57","36175962"
"chr10","79799103","79799372","chr4","79455473","79455733","47","343630"
"chr10","79844600","79844907","chr13","32817425","32817728","34","47027175"
"chr10","79864227","79864534","chr18","12432850","12433158","37","67431377"
"chr10","79939466","79939635","chr3","40176909","40177080","23","39762557"
"chr10","79948138","79948294","chrX","6695885","6696044","29","73252253"
"chr10","79951314","79951474","chr5","159253702","159253862","22","79302388"
"chr10","79983442","79983736","chr2","168564679","168564973","34","88581237"
"chr10","80020495","80020793","chr1","204813267","204813556","53","124792772"
"chr10","80027482","80027710","chr9","53458224","53458460","39","26569258"
"chr10","80034444","80034736","chr1","219270034","219270323","43","139235590"
"chr10","80040831","80041139","chr15","37754984","37755288","49","42285847"
"chr10","80048730","80049023","chr20","32556971","32557267","32","47491759"
"chr10","80077109","80077401","chr1","85129851","85130148","37","5052742"
"chr10","80077419","80077679","chr2","100062378","100062646","47","19984959"
"chr10","80095395","80095698","chr6","124714488","124714790","39","44619093"
"chr10","80107435","80107729","chr11","59744208","59744500","33","20363227"
"chr10","80144457","80144753","chr1","124250793","124251086","41","44106336"
"chr10","80156474","80156766","chr16","4203750","4204047","38","75952724"
"chr10","80193510","80193801","chr3","67245572","67245865","38","12947938"
"chr10","80207417","80207696","chr3","17089313","17089596","38","63118104"
"chr10","80367726","80368035","chr3","78561694","78561998","57","1806032"
"chr10","80380252","80380549","chr5","34428917","34429213","41","45951335"
"chr10","80490866","80491126","chr1","24026359","24026622","39","56464507"
"chr10","80504962","80505266","chr6","143995746","143996048","42","63490784"
"chr10","80535529","80535821","chr3","133866579","133866872","36","53331050"
"chr10","80626936","80627232","chr8","25582102","25582396","36","55044834"
"chr10","80786378","80786591","chr9","34404783","34404992","32","46381595"
"chr10","80879750","80880062","chr1","52291560","52291858","41","28588190"
"chr10","80946592","80946902","chr4","125474689","125474994","35","44528097"
"chr10","81043979","81044279","chr1","42116494","42116795","38","38927485"
"chr10","81075221","81075521","chr3","45626371","45626668","36","35448850"
"chr10","81241887","81242180","chr4","105579082","105579368","34","24337195"
"chr10","81312760","81312910","chr6","27330115","27330260","21","53982645"
"chr10","81315506","81315802","chr4","103431771","103432066","39","22116265"
"chr10","81374152","81374451","chr17","5494384","5494685","40","75879768"
"chr10","81432395","81432673","chr8","90338691","90338980","45","8906296"
"chr10","81449091","81449394","chr1","20012770","20013073","32","61436321"
"chr10","81486819","81487100","chr16","63276450","63276738","40","18210369"
"chr10","81495315","81495623","chr1","93832610","93832918","41","12337295"
"chr10","81506715","81507009","chr2","186511571","186511867","39","105004856"
"chr10","81544445","81544701","chr14","90664552","90664814","47","9120107"
"chr10","81551809","81552104","chr1","158805545","158805840","42","77253736"
"chr10","81575536","81575831","chr19","47662689","47662983","35","33912847"
"chr10","81607646","81607951","chr1","30580446","30580746","49","51027200"
"chr10","81742988","81743315","chr7","151886181","151886502","43","70143193"
"chr10","81760763","81761069","chr7","113343761","113344073","37","31582998"
"chr10","81772509","81772797","chr2","178187197","178187490","38","96414688"
"chr10","81843668","81843961","chr4","10828530","10828827","41","71015138"
"chr10","81862181","81862481","chrX","45487697","45487995","39","36374484"
"chr10","81954952","81955234","chr14","32093381","32093681","58","49861571"
"chr10","82084478","82084742","chr6","70890964","70891249","59","11193514"
"chr10","82119670","82119972","chr13","32817425","32817728","37","49302245"
"chr10","82152291","82152593","chr3","125389091","125389392","40","43236800"
"chr10","82174605","82174742","chr7","117063691","117063831","14","34889086"
"chr10","82218499","82218802","chr8","91437935","91438229","47","9219436"
"chr10","82262698","82262996","chr10","10378732","10379028","41","71883966"
"chr10","82287743","82288051","chr15","53990850","53991154","48","28296893"
"chr10","82348937","82349167","chr1","100959718","100959948","38","18610781"
"chr10","82476245","82476504","chr9","56550989","56551249","44","25925256"
"chr10","82537307","82537615","chr4","132287893","132288193","36","49750586"
"chr10","82657029","82657294","chr6","72426508","72426782","59","10230521"
"chr10","82750477","82750781","chr1","1866324","1866628","36","80884153"
"chr10","82885273","82885558","chr10","43180325","43180616","41","39704948"
"chr10","83004814","83005091","chr1","23462198","23462478","45","59542616"
"chr10","83005372","83005692","chr8","121505496","121505808","50","38500124"
"chr10","83019748","83019855","chr3","21978349","21978465","22","61041399"
"chr10","83039585","83039870","chr1","206110571","206110854","39","123070986"
"chr10","83055512","83055639","chr16","52408903","52409022","22","30646609"
"chr10","83066063","83066393","chr12","20406534","20406859","55","62659529"
"chr10","83086084","83086373","chr10","10713960","10714251","38","72372124"
"chr10","83106663","83106973","chr13","61132328","61132637","37","21974335"
"chr10","83139349","83139622","chr19","42487999","42488270","50","40651350"
"chr10","83164623","83164914","chr2","178187197","178187490","36","95022574"
"chr10","83176400","83176697","chr6","124714488","124714790","42","41538088"
"chr10","83178054","83178354","chr1","31431925","31432225","37","51746129"
"chr10","83203031","83203323","chr10","50949405","50949695","47","32253626"
"chr10","83205676","83205936","chr10","26990471","26990732","46","56215205"
"chr10","83206551","83206861","chr1","185101023","185101330","46","101894472"
"chr10","83224024","83224328","chr1","34059946","34060256","49","49164078"
"chr10","83271305","83271598","chr10","46893774","46894064","33","36377531"
"chr10","83283511","83283808","chr8","99548469","99548767","36","16264958"
"chr10","83301160","83301464","chr13","73189729","73190025","45","10111431"
"chr10","83310744","83311053","chr4","43897349","43897653","44","39413395"
"chr10","83330888","83331193","chr2","55010925","55011223","40","28319963"
"chr10","83338241","83338547","chr3","84693107","84693417","42","1354866"
"chr10","83358900","83359190","chr11","120626708","120626998","43","37267808"
"chr10","83452055","83452352","chr6","124714488","124714790","48","41262433"
"chr10","83484381","83484681","chr3","48175609","48175913","30","35308772"
"chr10","83486699","83487006","chrX","109211107","109211398","47","25724408"
"chr10","83604718","83604851","chr20","26057234","26057363","25","57547484"
"chr10","83619963","83620247","chr12","98300764","98301051","31","14680801"
"chr10","83694088","83694390","chr4","69347489","69347789","48","14346599"
"chr10","83716014","83716305","chr1","124250793","124251086","42","40534779"
"chr10","83719073","83719383","chrX","45626684","45626995","37","38092389"
"chr10","83776327","83776614","chr2","115894653","115894944","39","32118326"
"chr10","83887812","83888113","chr19","27704291","27704601","50","56183521"
"chr10","83902058","83902356","chr15","90437259","90437557","36","6535201"
"chr10","83933885","83934178","chrX","44799525","44799819","33","39134360"
"chr10","84035120","84035345","chr7","121329046","121329267","29","37293926"
"chr10","84047818","84048129","chr13","43327633","43327946","38","40720185"
"chr10","84246252","84246515","chr12","77039142","77039398","52","7207110"
"chr10","84311250","84311542","chr2","94343271","94343561","47","10032021"
"chr10","84380779","84381070","chr2","77859736","77860027","46","6521043"
"chr10","84495802","84496093","chr15","23201984","23202276","43","61293818"
"chr10","84510774","84511069","chr14","102838534","102838843","53","18327760"
"chr10","84516553","84516777","chr3","121231389","121231617","36","36714836"
"chr10","84573213","84573518","chr13","61259817","61260123","37","23313396"
"chr10","84649089","84649396","chrX","44605832","44606142","41","40043257"
"chr10","84652209","84652510","chr12","99474505","99474807","42","14822296"
"chr10","84715675","84715968","chr11","114923633","114923926","38","30207958"
"chr10","85047977","85048278","chr13","105713895","105714195","37","20665918"
"chr10","85082365","85082676","chr1","7993999","7994304","36","77088366"
"chr10","85104776","85105081","chr1","11912016","11912323","32","73192760"
"chr10","85174449","85174730","chr2","112353176","112353468","46","27178727"
"chr10","85195226","85195535","chr1","203673466","203673767","50","118478240"
"chr10","85400564","85400839","chr2","135177745","135178021","40","49777181"
"chr10","85474021","85474371","chr19","11995413","11995744","67","73478608"
"chr10","85475093","85475390","chr19","3064712","3065012","28","82410381"
"chr10","85475411","85475702","chr1","124250793","124251086","37","38775382"
"chr10","85477781","85478076","chr8","35956765","35957060","51","49521016"
"chr10","85644757","85645053","chr4","32871781","32872078","35","52772976"
"chr10","85646136","85646271","chr9","94901539","94901674","21","9255403"
"chr10","85674493","85674789","chr9","13273256","13273546","41","72401237"
"chr10","85689084","85689337","chr8","21519354","21519617","45","64169730"
"chr10","85692421","85692718","chr2","101409694","101410001","44","15717273"
"chr10","85717956","85718262","chr13","64539301","64539609","36","21178655"
"chr10","85748887","85749184","chr11","4016647","4016949","34","81732240"
"chr10","85795663","85795959","chr3","33506835","33507132","33","52288828"
"chr10","85804912","85805200","chr2","96826999","96827292","45","11022087"
"chr10","85805522","85805603","chr13","103188987","103189073","7","17383465"
"chr10","85825390","85825688","chr1","65760806","65761108","44","20064584"
"chr10","85845274","85845570","chr7","18819281","18819578","44","67025993"
"chr10","85888237","85888533","chr6","12014381","12014673","42","73873856"
"chr10","85941717","85941813","chr16","30479671","30479766","11","55462046"
"chr10","86000638","86000943","chr7","117418917","117419218","57","31418279"
"chr10","86004136","86004428","chr1","155467303","155467597","44","69463167"
"chr10","86005489","86005793","chr1","11912016","11912323","36","74093473"
"chr10","86119826","86120120","chr5","52449180","52449473","35","33670646"
"chr10","86177834","86178138","chr10","46200221","46200532","44","39977613"
"chr10","86183268","86183496","chr10","74721381","74721604","31","11461887"
"chr10","86195210","86195507","chrX","126121052","126121355","33","39925842"
"chr10","86519186","86519455","chr6","132179472","132179753","46","45660286"
"chr10","86534520","86534778","chr3","66658496","66658752","82","19876024"
"chr10","86586524","86586821","chr18","56433759","56434059","38","30152765"
"chr10","86643549","86643861","chr16","54362036","54362339","46","32281513"
"chr10","86670729","86671013","chr5","132631825","132632108","50","45961096"
"chr10","86712426","86712722","chr1","127833040","127833336","45","41120614"
"chr10","86722718","86723012","chr2","38884008","38884302","45","47838710"
"chr10","86767129","86767418","chr16","16996819","16997118","43","69770310"
"chr10","86785575","86785807","chr7","121329046","121329267","32","34543471"
"chr10","86786550","86786847","chr8","94958903","94959204","34","8172353"
"chr10","86800287","86800596","chr3","12603123","12603437","35","74197164"
"chr10","86807277","86807570","chr9","7025626","7025918","28","79781651"
"chr10","86851140","86851431","chr1","163469103","163469392","34","76617963"
"chr10","86866524","86866802","chr9","6093385","6093664","55","80773139"
"chr10","86867228","86867544","chr4","69347489","69347789","50","17519739"
"chr10","86885239","86885540","chr2","74341346","74341647","48","12543893"
"chr10","86930639","86930908","chr9","91999525","91999778","49","5068886"
"chr10","86952842","86953133","chr7","133065043","133065330","27","46112201"
"chr10","87057199","87057452","chr4","129794783","129795036","42","42737584"
"chr10","87060817","87061125","chr11","7017396","7017703","37","80043421"
"chr10","87066148","87066450","chr4","2534955","2535251","37","84531193"
"chr10","87249153","87249463","chr1","11912016","11912323","40","75337137"
"chr10","87261988","87262286","chr16","21639667","21639964","36","65622321"
"chr10","87295098","87295385","chr6","150565896","150566187","37","63270798"
"chr10","87418362","87418677","chrX","105763749","105764060","47","18345387"
"chr10","87604554","87604854","chr2","90488784","90489082","37","2884230"
"chr10","87605419","87605713","chr8","40477302","40477595","48","47128117"
"chr10","87607721","87608006","chr19","50568216","50568504","40","37039505"
"chr10","87653588","87653869","chr10","20590808","20591093","63","67062780"
"chr10","87731019","87731306","chr5","171810402","171810687","57","84079383"
"chr10","87812704","87812966","chr15","105505769","105506028","45","17693065"
"chr10","87842390","87842708","chr11","97834556","97834875","41","9992166"
"chr10","87871656","87871929","chr8","82026743","82027012","50","5844913"
"chr10","87947568","87947873","chr2","57133536","57133840","41","30814032"
"chr10","88014705","88014936","chr2","88599150","88599386","47","584445"
"chr10","88205030","88205337","chr1","91521758","91522057","42","3316728"
"chr10","88283225","88283549","chr6","128302615","128302924","58","40019390"
"chr10","88367118","88367427","chr15","96983547","96983850","40","8616429"
"chr10","88457106","88457400","chr3","15132217","15132518","44","73324889"
"chr10","88488932","88489047","chrX","33348734","33348848","22","55140198"
"chr10","88489123","88489321","chr1","12645733","12645940","40","75843390"
"chr10","88490882","88491182","chr2","76896457","76896751","40","11594425"
"chr10","88499702","88499998","chr11","84515045","84515339","52","3984657"
"chr10","88506026","88506327","chr15","48151534","48151833","43","40354492"
"chr10","88515159","88515288","chr14","66910279","66910408","24","21604880"
"chr10","88520918","88521224","chr19","3064712","3065012","38","85456206"
"chr10","88531194","88531493","chr10","62315260","62315548","38","26215934"
"chr10","88536386","88536616","chr7","121329046","121329267","44","32792660"
"chr10","88600691","88600779","chr13","103188987","103189073","13","14588296"
"chr10","88601307","88601623","chr5","38973943","38974261","75","49627364"
"chr10","88610617","88610923","chr2","39329636","39329937","39","49280981"
"chr10","88624019","88624315","chr1","213070791","213071090","33","124446772"
"chr10","88630405","88630716","chr1","128155382","128155688","36","39524977"
"chr10","88633559","88633863","chr7","24990763","24991066","43","63642796"
"chr10","88638762","88639078","chr1","124050585","124050888","69","35411823"
"chr10","88659895","88660209","chr6","75000702","75001013","45","13659193"
"chr10","88672933","88673224","chr3","153471527","153471821","37","64798594"
"chr10","88679707","88680015","chr11","101334321","101334626","42","12654614"
"chr10","88684807","88685103","chr10","89578508","89578807","44","893701"
"chr10","88704689","88705036","chr1","25073098","25073432","69","63631591"
"chr10","88706670","88706786","chr1","103853132","103853251","24","15146462"
"chr10","88707094","88707228","chr1","211563043","211563175","29","122855949"
"chr10","88722078","88722379","chr19","40254165","40254471","47","48467913"
"chr10","88746817","88747130","chr3","17904839","17905146","45","70841978"
"chr10","88780924","88781183","chr1","16030313","16030572","42","72750611"
"chr10","88789442","88789758","chr8","29386987","29387291","59","59402455"
"chr10","88834958","88835270","chr3","175463997","175464306","41","86629039"
"chr10","88855910","88856203","chr15","7561500","7561795","50","81294410"
"chr10","88866510","88866786","chr19","32515288","32515561","38","56351222"
"chr10","88989723","88990045","chr12","63820146","63820469","44","25169577"
"chr10","88996077","88996371","chr18","48465782","48466081","42","40530295"
"chr10","89007260","89007423","chr1","65033511","65033674","25","23973749"
"chr10","89021713","89022022","chr9","113996946","113997255","44","24975233"
"chr10","89084059","89084366","chr3","35164529","35164835","45","53919530"
"chr10","89086042","89086329","chr9","70222388","70222681","70","18863654"
"chr10","89115303","89115618","chr1","195993908","195994215","56","106878605"
"chr10","89136876","89136984","chr9","93388014","93388117","16","4251138"
"chr10","89219837","89220140","chr5","124585312","124585602","52","35365475"
"chr10","89239128","89239422","chr10","70403053","70403349","42","18836075"
"chr10","89279769","89280051","chr9","54404234","54404532","42","34875535"
"chr10","89286960","89287252","chr11","59744208","59744500","27","29542752"
"chr10","89288987","89289267","chr1","124250793","124251086","49","34961806"
"chr10","89289396","89289701","chr7","161253903","161254205","39","71964507"
"chr10","89297576","89297854","chr11","13532110","13532383","62","75765466"
"chr10","89299995","89300291","chr1","67368758","67369056","38","21931237"
"chr10","89311881","89312166","chr9","37613139","37613425","33","51698742"
"chr10","89317890","89318175","chr5","136702579","136702867","47","47384689"
"chr10","89318905","89319170","chr4","36282813","36283093","53","53036092"
"chr10","89359792","89360066","chrX","12682131","12682418","44","76677661"
"chr10","89377580","89377878","chr11","7381321","7381621","36","81996259"
"chr10","89390165","89390386","chr5","137480638","137480863","34","48090473"
"chr10","89402180","89402463","chr13","19187111","19187395","44","70215069"
"chr10","89419420","89419732","chr9","7850825","7851131","40","81568595"
"chr10","89517355","89517644","chr1","13186406","13186688","42","76330949"
"chr10","89560100","89560410","chr3","116964086","116964394","40","27403986"
"chr10","89568655","89568935","chr15","41303117","41303404","38","48265538"
"chr10","89576155","89576319","chr13","37809450","37809605","40","51766705"
"chr10","89576818","89576909","chr1","76284381","76284466","19","13292437"
"chr10","89609405","89609618","chr11","85239556","85239763","27","4369849"
"chr10","89618628","89618934","chr7","38216502","38216800","48","51402126"
"chr10","89622477","89622729","chr10","49361494","49361744","37","40260983"
"chr10","89644356","89644668","chr2","156048639","156048944","48","66404283"
"chr10","89682938","89683239","chr14","7612816","7613116","33","82070122"
"chr10","89706641","89706752","chr1","159494881","159494989","21","69788240"
"chr10","89717092","89717375","chr3","178746853","178747140","42","89029761"
"chr10","89751005","89751306","chr3","63552234","63552532","37","26198771"
"chr10","89806668","89806937","chr13","46225644","46225911","38","43581024"
"chr10","89849837","89850133","chrX","90754976","90755272","39","905139"
"chr10","89909028","89909332","chr2","46682521","46682821","35","43226507"
"chr10","89942428","89942726","chr14","63716116","63716415","42","26226312"
"chr10","90026589","90026844","chr2","89979506","89979757","41","47083"
"chr10","90031578","90031629","chr16","25128190","25128235","9","64903388"
"chr10","90072019","90072313","chr8","839215","839512","37","89232804"
"chr10","90076461","90076737","chr7","1797384","1797659","31","88279077"
"chr10","90080312","90080589","chr6","132179472","132179753","39","42099160"
"chr10","90095450","90095743","chr2","184580196","184580486","33","94484746"
"chr10","90142230","90142533","chr8","101781546","101781849","56","11639316"
"chr10","90149052","90149327","chr6","150717417","150717697","41","60568365"
"chr10","90204347","90204637","chr6","101765362","101765658","45","11561015"
"chr10","90218821","90219112","chr7","72707693","72707981","38","17511128"
"chr10","90225357","90225657","chrX","15713155","15713456","34","74512202"
"chr10","90305500","90305800","chr2","24049704","24050010","39","66255796"
"chr10","90317104","90317339","chr1","93009406","93009650","37","2692302"
"chr10","90354178","90354480","chr7","129277499","129277801","33","38923321"
"chr10","90408544","90408829","chr1","15291446","15291730","50","75117098"
"chr10","90420665","90420960","chr7","129722174","129722471","41","39301509"
"chr10","90438999","90439312","chr2","138704580","138704882","59","48265581"
"chr10","90442973","90443133","chr10","37802057","37802226","32","52640916"
"chr10","90443380","90443511","chr8","51403248","51403379","24","39040132"
"chr10","90455444","90455740","chr3","44293169","44293462","39","46162275"
"chr10","90456469","90456747","chrX","16426045","16426331","47","74030424"
"chr10","90504934","90505274","chr13","92711716","92712050","78","2206782"
"chr10","90570884","90570991","chr10","79957137","79957242","22","10613747"
"chr10","90572300","90572597","chr13","32817425","32817728","34","57754875"
"chr10","90573969","90574268","chr15","7561500","7561795","37","83012469"
"chr10","90651723","90652027","chr10","29691322","29691619","39","60960401"
"chr10","90687784","90687925","chr16","1551891","1552040","28","89135893"
"chr10","90793525","90793834","chr19","24212554","24212862","38","66580971"
"chr10","90848242","90848540","chr10","78749019","78749318","38","12099223"
"chr10","90874575","90874885","chr15","22076086","22076397","41","68798489"
"chr10","90983764","90984056","chr6","160166962","160167251","42","69183198"
"chr10","91165995","91166293","chr5","4538583","4538883","32","86627412"
"chr10","91171508","91171813","chr7","150563402","150563704","42","59391894"
"chr10","91179566","91179872","chr4","69347489","69347789","38","21832077"
"chr10","91338795","91339047","chr19","39470515","39470769","36","51868280"
"chr10","91344794","91345045","chr11","80632503","80632762","45","10712291"
"chr10","91422668","91422963","chr6","126641819","126642115","33","35219151"
"chr10","91482951","91483242","chr1","125312140","125312429","37","33829189"
"chr10","91668148","91668453","chr1","124050585","124050888","34","32382437"
"chr10","91739999","91740265","chr18","50874536","50874793","36","40865463"
"chr10","91836881","91837157","chr10","8157406","8157675","40","83679475"
"chr10","91843358","91843644","chr5","58082891","58083179","55","33760467"
"chr10","91970256","91970558","chr1","184288081","184288385","41","92317825"
"chr10","92007979","92008273","chr7","52736490","52736780","35","39271489"
"chr10","92012666","92012936","chr1","30972502","30972772","51","61040164"
"chr10","92059577","92059859","chr10","81965097","81965387","46","10094480"
"chr10","92065247","92065522","chr5","96598837","96599116","50","4533590"
"chr10","92077003","92077309","chr8","28825632","28825920","61","63251371"
"chr10","92151142","92151417","chr3","46165413","46165699","48","45985729"
"chr10","92223814","92224117","chr13","32817425","32817728","37","59406389"
"chr10","92311538","92311839","chrX","140808445","140808742","47","48496907"
"chr10","92333723","92334020","chr19","41306760","41307058","39","51026963"
"chr10","92337930","92338221","chr7","12877917","12878207","46","79460013"
"chr10","92368509","92368816","chr18","26757177","26757480","41","65611332"
"chr10","92413796","92414076","chr1","12529331","12529609","54","79884465"
"chr10","92414868","92415094","chr6","143514666","143514896","35","51099798"
"chr10","92418519","92418828","chr1","128791048","128791346","49","36372529"
"chr10","92432746","92433046","chr19","43542076","43542380","48","48890670"
"chr10","92436076","92436380","chr4","103422957","103423247","51","10986881"
"chr10","92436761","92437045","chr1","94365322","94365615","46","1928561"
"chr10","92492397","92492700","chr4","2534955","2535251","49","89957442"
"chr10","92500478","92500756","chr20","49701084","49701366","38","42799394"
"chr10","92533209","92533515","chr14","5934954","5935260","31","86598255"
"chr10","92617521","92617818","chr11","3693184","3693488","43","88924337"
"chr10","92618871","92619126","chr10","25924241","25924498","38","66694630"
"chr10","92627084","92627385","chr1","19736141","19736436","35","72890943"
"chr10","92656934","92657237","chrX","15713155","15713456","35","76943779"
"chr10","92695349","92695629","chr19","17249651","17249949","46","75445698"
"chr10","92697752","92698050","chr2","81991105","81991401","47","10706647"
"chr10","92707436","92707686","chr1","36888776","36889038","42","55818660"
"chr10","92717561","92717866","chr8","57752620","57752928","51","34964941"
"chr10","92729538","92729824","chr8","96623209","96623503","44","3893671"
"chr10","92767256","92767536","chr4","131374689","131374976","44","38607433"
"chr10","92787684","92787979","chr1","94365322","94365615","45","1577638"
"chr10","92800609","92800912","chr7","120310502","120310798","34","27509893"
"chr10","92902187","92902484","chr1","66971675","66971974","38","25930512"
"chr10","92912705","92912994","chr9","55463616","55463910","46","37449089"
"chr10","92954145","92954389","chr14","71065096","71065343","47","21889049"
"chr10","92956399","92956642","chr1","190360719","190360980","44","97404320"
"chr10","92974257","92974556","chr5","170875139","170875447","48","77900882"
"chr10","93019816","93020101","chr19","44121713","44121997","43","48898103"
"chr10","93028349","93028655","chrX","44962032","44962338","37","48066317"
"chr10","93030964","93031264","chr13","125134336","125134638","32","32103372"
"chr10","93031351","93031629","chr1","158805545","158805840","47","65774194"
"chr10","93070609","93070919","chr11","92114792","92115105","49","955817"
"chr10","93127098","93127408","chr4","123240582","123240888","41","30113484"
"chr10","93162556","93162857","chr1","213070791","213071090","41","119908235"
"chr10","93200035","93200332","chr19","3064712","3065012","34","90135323"
"chr10","93324118","93324413","chr11","13702068","13702363","38","79622050"
"chr10","93362395","93362705","chr3","38447004","38447303","52","54915391"
"chr10","93398008","93398310","chr1","20012770","20013073","44","73385238"
"chr10","93419660","93419912","chr10","12309513","12309762","71","81110147"
"chr10","93487393","93487685","chr12","91363258","91363549","37","2124135"
"chr10","93636451","93636759","chr10","84697246","84697550","46","8939205"
"chr10","93768663","93768966","chr1","129567144","129567444","40","35798481"
"chr10","93792549","93792842","chr11","15024013","15024304","34","78768536"
"chr10","93809209","93809505","chr3","45626371","45626668","31","48182838"
"chr10","93906644","93906940","chr3","39807773","39808071","35","54098871"
"chr10","93949898","93950198","chr17","15630764","15631058","42","78319134"
"chr10","94055451","94055741","chr9","79342653","79342946","41","14712798"
"chr10","94111612","94111878","chrX","121689872","121690146","48","27578260"
"chr10","94216469","94216771","chr18","28111310","28111612","39","66105159"
"chr10","94253239","94253500","chr7","125141660","125141921","31","30888421"
"chr10","94260634","94260929","chr7","128738576","128738870","36","34477942"
"chr10","94267260","94267560","chr14","65968328","65968624","36","28298932"
"chr10","94351040","94351331","chr12","91812245","91812535","35","2538795"
"chr10","94352442","94352738","chr15","33238199","33238504","39","61114243"
"chr10","94371274","94371569","chr15","9765968","9766261","44","84605306"
"chr10","94420507","94420795","chr6","10222825","10223120","38","84197682"
"chr10","94428020","94428346","chrX","36019791","36020090","95","58408229"
"chr10","94441554","94441825","chr4","70082159","70082430","48","24359395"
"chr10","94520147","94520303","chr4","151767702","151767855","33","57247555"
"chr10","94527939","94528225","chr6","14908506","14908785","39","79619433"
"chr10","94634871","94635165","chr16","70619220","70619515","35","24015651"
"chr10","94648739","94648992","chr11","71179200","71179453","44","23469539"
"chr10","94685145","94685432","chr15","34700948","34701248","51","59984197"
"chr10","94689307","94689581","chr19","45994938","45995215","36","48694369"
"chr10","94694906","94695189","chr7","132968881","132969176","48","38273975"
"chr10","94779086","94779328","chr7","125678060","125678306","32","30898974"
"chr10","94806220","94806507","chr14","89019070","89019353","44","5787150"
"chr10","94843442","94843686","chr16","58972818","58973067","37","35870624"
"chr10","94871042","94871339","chr19","3064712","3065012","31","91806330"
"chr10","94942008","94942306","chr7","16206849","16207148","34","78735159"
"chr10","94994355","94994663","chrX","118514080","118514390","38","23519725"
"chr10","95003583","95003892","chr1","164024994","164025303","37","69021411"
"chr10","95003931","95004183","chr4","123311126","123311385","47","28307195"
"chr10","95066634","95066942","chr2","67535960","67536269","36","27530674"
"chr10","95578396","95578682","chr19","37837203","37837485","48","57741193"
"chr10","95589517","95589816","chr6","124714488","124714790","34","29124971"
"chr10","95657689","95658001","chr18","51183412","51183721","39","44474277"
"chr10","95682870","95683164","chr1","212907261","212907557","43","117224391"
"chr10","95848380","95848691","chr20","39663037","39663346","37","56185343"
"chr10","95933788","95934109","chr16","58102209","58102520","49","37831579"
"chr10","95964613","95964920","chr16","21958952","21959252","45","74005661"
"chr10","96005635","96005938","chrX","107968837","107969145","34","11963202"
"chr10","96048695","96048993","chr2","186451766","186452061","36","90403071"
"chr10","96077808","96077913","chr1","30001481","30001584","16","66076327"
"chr10","96078656","96078868","chr15","97281924","97282124","43","1203268"
"chr10","96090871","96091174","chr2","143668089","143668393","38","47577218"
"chr10","96129488","96129800","chr13","61132328","61132637","39","34997160"
"chr10","96136326","96136637","chr6","128302615","128302924","44","32166289"
"chr10","96286711","96286995","chr1","128477471","128477761","41","32190760"
"chr10","96325278","96325569","chr1","124250793","124251086","45","27925515"
"chr10","96348530","96348837","chrX","44962032","44962338","33","51386498"
"chr10","96350641","96350945","chr18","50068641","50068944","34","46282000"
"chr10","96378058","96378367","chrX","45487697","45487995","43","50890361"
"chr10","96448272","96448557","chr5","42610891","42611183","43","53837381"
"chr10","96501377","96501687","chr1","11912016","11912323","34","84589361"
"chr10","96543507","96543802","chrX","62656251","62656552","51","33887256"
"chr10","96582911","96583203","chr15","27342867","27343160","41","69240044"
"chr10","96585998","96586288","chr6","146206774","146207067","58","49620776"
"chr10","96630592","96630905","chrX","142988436","142988743","37","46357844"
"chr10","96652216","96652508","chr6","142572268","142572563","46","45920052"
"chr10","96733223","96733518","chr17","23859405","23859701","34","72873818"
"chr10","96754981","96755265","chr15","21464395","21464674","57","75290586"
"chr10","96967787","96968084","chr1","67368758","67369056","39","29599029"
"chr10","96985470","96985781","chr9","89235257","89235565","49","7750213"
"chr10","97053429","97053732","chr3","128972358","128972653","52","31918929"
"chr10","97240496","97240685","chr16","42613262","42613447","28","54627234"
"chr10","97484144","97484394","chrX","37763597","37763857","49","59720547"
"chr10","97565664","97565972","chr4","7285473","7285775","47","90280191"
"chr10","97895296","97895577","chr11","95257281","95257563","34","2638015"
"chr10","98011934","98012220","chr1","204813267","204813556","38","106801333"
"chr10","98031125","98031411","chr20","4922509","4922797","42","93108616"
"chr10","98056275","98056577","chr1","154447798","154448101","35","56391523"
"chr10","98060453","98060749","chr9","56964045","56964341","38","41096408"
"chr10","98069731","98070012","chr1","25272103","25272391","38","72797628"
"chr10","98092048","98092339","chr1","47561643","47561930","45","50530405"
"chr10","98148473","98148759","chr15","105031937","105032214","57","6883464"
"chr10","98176633","98176929","chr10","27591716","27592013","46","70584917"
"chr10","98177107","98177394","chr4","154113781","154114067","40","55936674"
"chr10","98198320","98198616","chr3","34969388","34969689","52","63228932"
"chr10","98217772","98218064","chr2","90826325","90826624","50","7391447"
"chr10","98241708","98242009","chr2","171679128","171679430","44","73437420"
"chr10","98304440","98304718","chr1","65416774","65417058","45","32887666"
"chr10","98328799","98329045","chr16","44892798","44893041","35","53436001"
"chr10","98332823","98333118","chr11","59744208","59744500","33","38588615"
"chr10","98356185","98356480","chr8","18019156","18019453","40","80337029"
"chr10","98364361","98364651","chr2","96239962","96240258","54","2124399"
"chr10","98399175","98399477","chr6","143561531","143561830","58","45162356"
"chr10","98406617","98406906","chr1","128477471","128477761","55","30070854"
"chr10","98424262","98424503","chr13","36012746","36012995","69","62411516"
"chr10","98424620","98424793","chr2","98767818","98767998","31","343198"
"chr10","98432770","98433065","chr9","61900736","61901039","54","36532034"
"chr10","98434329","98434620","chr4","124045034","124045332","42","25610705"
"chr10","98437570","98437857","chr18","8977532","8977813","47","89460038"
"chr10","98473867","98474166","chr20","50446868","50447167","38","48026999"
"chr10","98503021","98503317","chr5","89929633","89929935","48","8573388"
"chr10","98527219","98527528","chr6","124714488","124714790","46","26187269"
"chr10","98589482","98589787","chr5","74338531","74338829","50","24250951"
"chr10","98593079","98593384","chr9","52032112","52032410","39","46560967"
"chr10","98614686","98614806","chr1","219334604","219334715","16","120719918"
"chr10","98667108","98667389","chr9","62015158","62015438","50","36651950"
"chr10","98670286","98670590","chr5","129896307","129896607","37","31226021"
"chr10","98670591","98670900","chr3","12603123","12603437","42","86067468"
"chr10","98682451","98682754","chr7","125954466","125954770","51","27272015"
"chr10","98683303","98683596","chr2","114227807","114228107","43","15544504"
"chr10","98690004","98690111","chr4","34787688","34787791","24","63902316"
"chr10","98693205","98693502","chr2","46682521","46682821","37","52010684"
"chr10","98703277","98703551","chr3","48298408","48298697","48","50404869"
"chr10","98744677","98744951","chr10","78838030","78838303","43","19906647"
"chr10","98779017","98779316","chr7","17565066","17565366","39","81213951"
"chr10","98834088","98834212","chr14","66910279","66910408","23","31923809"
"chr10","98853509","98853858","chrX","129135364","129135718","78","30281855"
"chr10","98860216","98860531","chr1","124984061","124984370","54","26123845"
"chr10","98871045","98871320","chr1","45623411","45623699","46","53247634"
"chr10","98887224","98887464","chr9","66292598","66292844","54","32594626"
"chr10","98889851","98890124","chr20","26324160","26324436","37","72565691"
"chr10","98907142","98907406","chr10","90525188","90525445","40","8381954"
"chr10","98908153","98908440","chr6","57093643","57093937","41","41814510"
"chr10","98931565","98931867","chr7","147730826","147731127","36","48799261"
"chr10","98983265","98983564","chr2","10503319","10503625","41","88479946"
"chr10","99005605","99005864","chrX","122712517","122712780","39","23706912"
"chr10","99022447","99022730","chr4","84429524","84429798","45","14592923"
"chr10","99023656","99023946","chr17","23919317","23919614","44","75104339"
"chr10","99025287","99025577","chr15","93971010","93971304","44","5054277"
"chr10","99093931","99094232","chr9","30120372","30120674","37","68973559"
"chr10","99094699","99094988","chr3","41262066","41262353","41","57832633"
"chr10","99159658","99159944","chr4","20045092","20045381","42","79114566"
"chr10","99186523","99186737","chr8","114964293","114964505","31","15777770"
"chr10","99205862","99206147","chr7","41138138","41138436","46","58067724"
"chr10","99208571","99208853","chr3","178746853","178747140","43","79538282"
"chr10","99229952","99230242","chr4","20045092","20045381","43","79184860"
"chr10","99234993","99235297","chr1","128155382","128155688","36","28920389"
"chr10","99242447","99242736","chr4","132783025","132783328","52","33540578"
"chr10","99243927","99244232","chr1","33542234","33542533","70","65701693"
"chr10","99309092","99309394","chr3","160772561","160772858","35","61463469"
"chr10","99315195","99315438","chr15","83179815","83180060","35","16135380"
"chr10","99335554","99335859","chr2","46682521","46682821","33","52653033"
"chr10","99337228","99337521","chr15","22561456","22561749","33","76775772"
"chr10","99340565","99340856","chr3","78122440","78122733","35","21218125"
"chr10","99346975","99347246","chr3","47880416","47880702","49","51466559"
"chr10","99349413","99349706","chr18","12269702","12269996","39","87079711"
"chr10","99361619","99361907","chr1","213575383","213575672","46","114213764"
"chr10","99368381","99368639","chr4","162305040","162305294","38","62936659"
"chr10","99395841","99396136","chr1","19736141","19736436","36","79659700"
"chr10","99405769","99406064","chrX","118400711","118401003","47","18994942"
"chr10","99422075","99422385","chr15","103362570","103362871","45","3940495"
"chr10","99442374","99442630","chr4","69040830","69041080","50","30401544"
"chr10","99472822","99473123","chr6","131196166","131196457","36","31723344"
"chr10","99476204","99476533","chr10","18430778","18431105","63","81045426"
"chr10","99500001","99500155","chr8","11059270","11059426","29","88440731"
"chr10","99514210","99514484","chr15","21464395","21464674","41","78049815"
"chr10","99538258","99538560","chr3","35164529","35164835","42","64373729"
"chr10","99583059","99583352","chr8","25582102","25582396","35","74000957"
"chr10","99587025","99587328","chr2","50634219","50634525","42","48952806"
"chr10","99589213","99589508","chr16","18796729","18797022","41","80792484"
"chr10","99610832","99611139","chr14","5934954","5935260","38","93675878"
"chr10","99613480","99613718","chr9","34299383","34299623","43","65314097"
"chr10","99664826","99665111","chr18","19177384","19177671","46","80487442"
"chr10","99703780","99704089","chr4","32648321","32648629","38","67055459"
"chr10","99716567","99716844","chr9","25979233","25979509","39","73737334"
"chr10","99821087","99821382","chr4","150540961","150541258","42","50719874"
"chr10","99825607","99825903","chr5","132631825","132632108","48","32806218"
"chr10","99846085","99846169","chr3","60078820","60078908","23","39767265"
"chr10","99860812","99861116","chr13","72996114","72996414","43","26864698"
"chr10","99868104","99868405","chr9","110990408","110990707","34","11122304"
"chr10","99893982","99894277","chr12","62828013","62828306","38","37065969"
"chr10","99898227","99898521","chrX","109052565","109052858","51","9154338"
"chr10","100000041","100000137","chr4","123463679","123463771","16","23463638"
"chr10","100002453","100002523","chr16","48597933","48598008","14","51404520"
"chr10","100007012","100007290","chr5","132631825","132632108","51","32624813"
"chr10","100058445","100058750","chr3","34969388","34969689","41","65089057"
"chr10","100071092","100071377","chr1","45623411","45623699","47","54447681"
"chr10","100094140","100094438","chr16","18796729","18797022","37","81297411"
"chr10","100202123","100202426","chr1","11940593","11940894","43","88261530"
"chr10","100301416","100301681","chr7","46642053","46642320","35","53659363"
"chr10","100373597","100373917","chr7","72450757","72451074","52","27922840"
"chr10","100376896","100377179","chr1","42476755","42477044","41","57900141"
"chr10","100395028","100395197","chr13","93249064","93249232","23","7145964"
"chr10","100395213","100395516","chr15","53990850","53991154","32","46404363"
"chr10","100450813","100451094","chr3","17089313","17089596","36","83361500"
"chr10","100466538","100466829","chr3","53736059","53736348","47","46730479"
"chr10","100468989","100469286","chr2","102989050","102989349","39","2520061"
"chr10","100480360","100480660","chr1","125285536","125285832","48","24805176"
"chr10","100484519","100484815","chr7","151979566","151979860","41","51495047"
"chr10","100489841","100490144","chr7","8959136","8959442","49","91530705"
"chr10","100524478","100524712","chr9","53458224","53458460","34","47066254"
"chr10","100529110","100529419","chr3","171433882","171434189","42","70904772"
"chr10","100532998","100533128","chr20","26057234","26057363","22","74475764"
"chr10","100641559","100641862","chr11","106817201","106817506","41","6175642"
"chr10","100667476","100667772","chr9","79342653","79342946","36","21324823"
"chr10","100725841","100726145","chr1","31077633","31077932","47","69648208"
"chr10","100812350","100812643","chr1","124377384","124377676","41","23565034"
"chr10","100825515","100825794","chrX","65477408","65477681","46","35348107"
"chr10","100852724","100853041","chr2","83271537","83271849","44","17581187"
"chr10","100961762","100962067","chr11","108474262","108474559","52","7512500"
"chr10","100966614","100966919","chr15","88475091","88475399","46","12491523"
"chr10","101004722","101005012","chr9","7025626","7025918","29","93979096"
"chr10","101020540","101020842","chr2","101278895","101279193","43","258355"
"chr10","101034526","101034822","chr16","10263822","10264120","48","90770704"
"chr10","101058678","101058980","chr7","131865170","131865464","37","30806492"
"chr10","101175631","101175765","chr18","24104552","24104687","14","77071079"
"chr10","101192695","101192998","chr2","99631565","99631872","51","1561130"
"chr10","101206266","101206564","chr17","7203404","7203700","40","94002862"
"chr10","101229309","101229618","chrX","45648281","45648589","36","55581028"
"chr10","101237337","101237641","chr18","51183412","51183721","35","50053925"
"chr10","101239326","101239611","chr15","53785505","53785784","38","47453821"
"chr10","101294322","101294604","chr2","87435713","87436003","41","13858609"
"chr10","101295156","101295453","chr7","90971726","90972022","34","10323430"
"chr10","101310774","101311105","chr11","59258143","59258475","77","42052631"
"chr10","101324071","101324381","chr4","4111837","4112149","44","97212234"
"chr10","101451810","101451935","chr7","43693641","43693766","13","57758169"
"chr10","101455217","101455512","chr1","94365322","94365615","37","7089895"
"chr10","101613680","101613978","chr17","88324240","88324540","30","13289440"
"chr10","101621488","101621764","chr6","172992557","172992831","47","71371069"
"chr10","101657913","101658017","chr10","79957137","79957242","16","21700776"
"chr10","101688527","101688828","chr1","29380917","29381213","43","72307610"
"chr10","101739398","101739713","chr17","11233722","11234024","45","90505676"
"chr10","101741959","101742263","chr6","139676559","139676861","42","37934600"
"chr10","101773858","101774177","chr11","6563934","6564243","45","95209924"
"chr10","101776379","101776687","chr10","78749019","78749318","49","23027360"
"chr10","101846838","101847132","chr1","158815913","158816209","39","56969075"
"chr10","101852697","101852991","chr2","130202786","130203079","38","28350089"
"chr10","101882286","101882592","chr4","104548625","104548926","37","2666339"
"chr10","101883609","101883894","chr1","162023202","162023479","47","60139593"
"chr10","101936385","101936690","chr14","18926645","18926950","43","83009740"
"chr10","101943110","101943402","chr7","132710712","132711008","37","30767602"
"chr10","101950760","101951028","chr9","36156233","36156517","57","65794527"
"chr10","101964234","101964533","chr11","59744208","59744500","29","42220026"
"chr10","101968911","101969208","chr16","18796729","18797022","40","83172182"
"chr10","101969212","101969522","chr1","11912016","11912323","39","90057196"
"chr10","101985067","101985359","chr13","43479372","43479661","46","58505695"
"chr10","101986328","101986643","chr18","24691469","24691782","48","77294859"
"chr10","102040955","102041248","chr5","76012602","76012900","43","26028353"
"chr10","102044329","102044626","chr16","24435726","24436025","38","77608603"
"chr10","102046764","102047054","chr10","10713960","10714251","44","91332804"
"chr10","102047303","102047590","chr4","34578990","34579285","42","67468313"
"chr10","102067058","102067362","chr11","64440364","64440673","55","37626694"
"chr10","102072203","102072495","chr1","28118329","28118620","40","73953874"
"chr10","102113657","102113956","chr3","45626371","45626668","32","56487286"
"chr10","102163007","102163260","chr10","87259063","87259328","50","14903944"
"chr10","102172293","102172599","chr3","44152346","44152653","42","58019947"
"chr10","102196151","102196454","chr7","150563402","150563704","39","48367251"
"chr10","102218175","102218478","chr10","29691322","29691619","39","72526853"
"chr10","102234965","102235256","chr3","152822996","152823281","44","50588031"
"chr10","102256054","102256345","chr17","8837526","8837825","41","93418528"
"chr10","102275932","102276239","chr1","184288081","184288385","35","82012149"
"chr10","102320685","102320973","chr3","134867637","134867930","40","32546952"
"chr10","102358292","102358588","chrX","45487697","45487995","42","56870595"
"chr10","102362131","102362428","chr1","113722216","113722513","43","11360085"
"chr10","102463855","102464152","chr17","30611756","30612052","34","71852099"
"chr10","102466743","102467051","chr11","46110133","46110427","46","56356610"
"chr10","102514190","102514494","chr15","29361425","29361726","40","73152765"
"chr10","102516060","102516358","chrX","41691497","41691795","37","60824563"
"chr10","102519048","102519339","chr1","36345703","36345996","43","66173345"
"chr10","102582693","102583005","chr16","6343447","6343755","45","96239246"
"chr10","102644592","102644885","chr2","178722322","178722615","43","76077730"
"chr10","102663098","102663378","chr15","21464395","21464674","41","81198703"
"chr10","102709377","102709679","chr9","19850832","19851138","37","82858545"
"chr10","102745790","102746082","chr6","52480201","52480494","38","50265589"
"chr10","102747624","102747916","chr8","118107840","118108131","40","15360216"
"chr10","102770910","102771204","chr19","3064712","3065012","35","99706198"
"chr10","102782382","102782693","chrX","5180083","5180390","47","97602299"
"chr10","102788358","102788629","chr9","103172798","103173074","47","384440"
"chr10","102803850","102804164","chr14","110707155","110707459","51","7903305"
"chr10","102809292","102809581","chr7","133065043","133065330","31","30255751"
"chr10","102828982","102829258","chr8","98090354","98090634","48","4738628"
"chr10","102844246","102844546","chr13","32817425","32817728","32","70026821"
"chr10","102852168","102852440","chr11","123468792","123469074","48","20616624"
"chr10","102888843","102889011","chr3","160852282","160852454","35","57963439"
"chr10","102889016","102889313","chr15","90210594","90210890","37","12678422"
"chr10","102889338","102889630","chr20","37861914","37862202","42","65027424"
"chr10","102894625","102894911","chr13","53227904","53228192","34","49666721"
"chr10","102926071","102926373","chr7","114795060","114795360","44","11868989"
"chr10","102933461","102933754","chr7","129456939","129457235","43","26523478"
"chr10","102936009","102936321","chr10","72336914","72337223","41","30599095"
"chr10","102976462","102976765","chr20","49204767","49205074","40","53771695"
"chr10","102983618","102983892","chr12","65089310","65089598","48","37894308"
"chr10","103016784","103017066","chr4","36364196","36364485","50","66652588"
"chr10","103056921","103057220","chr9","20271265","20271563","32","82785656"
"chr10","103063000","103063301","chr7","87660072","87660371","37","15402928"
"chr10","103073937","103074233","chr8","25582102","25582396","38","77491835"
"chr10","103083212","103083507","chr8","25582102","25582396","31","77501110"
"chr10","103134435","103134729","chr4","4867746","4868041","53","98266689"
"chr10","103162523","103162836","chr11","38174962","38175269","45","64987561"
"chr10","103165765","103166078","chr18","12432850","12433158","37","90732915"
"chr10","103175165","103175474","chr7","133854000","133854304","48","30678835"
"chr10","103176180","103176492","chr10","47089595","47089902","42","56086585"
"chr10","103179548","103179852","chr19","24212554","24212862","37","78966994"
"chr10","103190456","103190751","chr7","159175394","159175689","43","55984938"
"chr10","103191951","103192250","chrX","45985047","45985346","38","57206904"
"chr10","103212086","103212376","chr1","40265066","40265356","45","62947020"
"chr10","103237598","103237880","chr5","106553792","106554074","37","3316194"
"chr10","103239747","103240044","chr1","201480796","201481098","60","98241049"
"chr10","103264231","103264528","chr14","65968328","65968624","45","37295903"
"chr10","103301499","103301764","chr11","105072564","105072839","44","1771065"
"chr10","103303825","103304108","chr8","70343541","70343824","48","32960284"
"chr10","103330483","103330772","chr3","12713884","12714173","30","90616599"
"chr10","103354571","103354867","chr1","849085","849383","45","102505486"
"chr10","103360035","103360335","chr11","10098018","10098319","33","93262017"
"chr10","103582722","103583002","chr4","52296649","52296922","50","51286073"
"chr10","103726570","103726864","chr7","134374883","134375174","35","30648313"
"chr10","103732675","103732975","chr1","20012770","20013073","35","83719905"
"chr10","103784456","103784545","chr9","99777183","99777260","32","4007273"
"chr10","103794684","103794968","chr16","4758156","4758438","43","99036528"
"chr10","103813855","103814151","chr5","76012602","76012900","37","27801253"
"chr10","103871652","103871954","chr11","4016647","4016949","44","99855005"
"chr10","103948321","103948609","chr5","57882317","57882608","44","46066004"
"chr10","103979288","103979527","chr16","48808877","48809118","34","55170411"
"chr10","104047654","104047776","chr2","158182064","158182167","30","54134410"
"chr10","104147928","104148228","chr1","128114394","128114695","46","23966466"
"chr10","104206302","104206597","chrX","20846410","20846706","51","83359892"
"chr10","104362231","104362528","chr9","15247736","15248032","36","89114495"
"chr10","104398145","104398447","chr7","137319036","137319338","40","32920891"
"chr10","104413232","104413526","chr17","11233722","11234024","44","93179510"
"chr10","104417801","104417919","chr5","103673334","103673452","36","744467"
"chr10","104433639","104433911","chr1","127703616","127703888","35","23269977"
"chr10","104446261","104446516","chr15","79213155","79213412","44","25233106"
"chr10","104488569","104488866","chr6","17167908","17168215","60","87320661"
"chr10","104610062","104610373","chr3","12603123","12603437","37","92006939"
"chr10","104615064","104615362","chr17","19374053","19374353","30","85241011"
"chr10","104693454","104693758","chr7","129277499","129277801","40","24584045"
"chr10","104694090","104694417","chr1","1234974","1235297","44","103459116"
"chr10","104768757","104769047","chr19","15101206","15101497","34","89667551"
"chr10","104821079","104821363","chr9","108889025","108889312","34","4067946"
"chr10","104822243","104822540","chr9","79342653","79342946","43","25479590"
"chr10","104897342","104897637","chr2","184580196","184580486","47","79682854"
"chr10","104899206","104899506","chr4","17990287","17990576","43","86908919"
"chr10","104960697","104960988","chr3","26409691","26409983","37","78551006"
"chr10","104993661","104993954","chr6","142572268","142572563","37","37578607"
"chr10","105034753","105035046","chr18","6347336","6347633","38","98687417"
"chr10","105052922","105053230","chr4","43066177","43066480","41","61986745"
"chr10","105068246","105068546","chr7","135694892","135695193","45","30626646"
"chr10","105258349","105258652","chr1","123829563","123829868","43","18571214"
"chr10","105367943","105368238","chr2","41849392","41849686","47","63518551"
"chr10","105876320","105876614","chr8","118107840","118108131","49","12231520"
"chr10","105914223","105914525","chr7","16206849","16207148","43","89707374"
"chr10","105918487","105918723","chr9","23317613","23317845","56","82600874"
"chr10","105943314","105943621","chr5","4538583","4538883","41","101404731"
"chr10","105954943","105955171","chr7","121329046","121329267","30","15374103"
"chr10","106043101","106043415","chr7","73560013","73560323","43","32483088"
"chr10","106094623","106094932","chr2","100800229","100800536","38","5294394"
"chr10","106200932","106201225","chr11","59744208","59744500","31","46456724"
"chr10","106241146","106241407","chr4","79455473","79455733","37","26785673"
"chr10","106386200","106386487","chr12","24009618","24009904","35","82376582"
"chr10","106443338","106443579","chr5","133797177","133797424","32","27353839"
"chr10","106483694","106483991","chr7","116541236","116541527","43","10057542"
"chr10","106488936","106489226","chr13","25429301","25429585","40","81059635"
"chr10","106516351","106516446","chr3","35447060","35447155","12","71069291"
"chr10","106521599","106521883","chr4","13002327","13002618","45","93519272"
"chr10","106531790","106532088","chr1","946135","946434","32","105585655"
"chr10","106752408","106752692","chr12","81748604","81748887","44","25003804"
"chr10","106777028","106777325","JH682036","358126","358421","34","106418902"
"chr10","106836258","106836551","chr4","151594488","151594786","41","44758230"
"chr10","106864412","106864713","chr11","89115091","89115391","40","17749321"
"chr10","106903385","106903649","chr3","52295797","52296068","50","54607588"
"chr10","106960245","106960542","chr1","185771060","185771357","32","78810815"
"chr10","107002984","107003266","chr16","52653846","52654133","42","54349138"
"chr10","107026749","107027051","chr3","34969388","34969689","34","72057361"
"chr10","107044686","107044974","chr6","14908506","14908785","41","92136180"
"chr10","107060152","107060449","chr19","3064712","3065012","33","103995440"
"chr10","107060671","107060944","chr10","59202967","59203245","44","47857704"
"chr10","107090626","107090930","chr15","98914064","98914371","38","8176562"
"chr10","107097214","107097511","chr2","87900952","87901244","43","19196262"
"chr10","107112215","107112523","chr1","124050585","124050888","34","16938370"
"chr10","107217274","107217551","chr9","20166452","20166727","42","87050822"
"chr10","107248888","107249107","chr3","175805682","175805890","45","68556794"
"chr10","107252037","107252347","chr13","32817425","32817728","37","74434612"
"chr10","107299264","107299556","chr4","112911849","112912137","43","5612585"
"chr10","107651579","107651862","chr7","133065043","133065330","35","25413464"
"chr10","107668330","107668623","chr11","114923633","114923926","42","7255303"
"chr10","107749958","107750248","chr3","84677359","84677660","46","23072599"
"chr10","107822843","107823136","chr2","184580196","184580486","44","76757353"
"chr10","108017353","108017643","chr2","96826999","96827292","43","11190354"
"chr10","108163003","108163294","chr10","36399480","36399772","38","71763523"
"chr10","108258569","108258865","chr4","41214634","41214928","40","67043935"
"chr10","108343275","108343570","chr5","36968561","36968860","51","71374714"
"chr10","108445413","108445686","chr6","144918364","144918646","46","36472951"
"chr10","108490674","108490973","chr1","52545621","52545912","55","55945053"
"chr10","108504378","108504681","chr17","78189511","78189816","45","30314867"
"chr10","108550447","108550737","chrX","38693016","38693309","51","69857431"
"chr10","108671805","108672085","chr13","8360010","8360293","42","100311795"
"chr10","108719612","108719902","chr4","4064474","4064764","42","104655138"
"chr10","108786536","108786822","chrX","123413233","123413519","48","14626697"
"chr10","108837232","108837529","chr2","55010925","55011223","35","53826307"
"chr10","108971686","108971989","chr6","120492723","120493023","52","11521037"
"chr10","108984063","108984242","chr13","46386341","46386523","40","62597722"
"chr10","108993650","108993944","chr8","25582102","25582396","33","83411548"
"chr10","109353948","109354251","chr10","85879403","85879705","46","23474545"
"chr10","109384607","109384886","chr6","143479573","143479857","57","34094966"
"chr10","109401176","109401487","chr2","41438773","41439082","56","67962403"
"chr10","109600076","109600372","chr3","134867637","134867930","38","25267561"
"chr10","109615657","109615932","chr1","201871139","201871415","39","92255482"
"chr10","110000001","110000281","chrX","61173730","61174015","42","48826271"
"chr10","110034466","110034769","chr2","76933163","76933470","51","33101303"
"chr10","110038179","110038468","chr18","2225742","2226032","49","107812437"
"chr10","110167595","110167893","chr11","46070151","46070446","52","64097444"
"chr10","110321978","110322266","chr1","219677924","219678213","44","109355946"
"chr10","110326646","110326947","chr3","45626371","45626668","37","64700275"
"chr10","110487728","110488016","chr19","32057939","32058228","38","78429789"
"chr10","110554247","110554467","chr10","29534911","29535129","32","81019336"
"chr10","110563354","110563584","chr19","12763923","12764145","45","97799431"
"chr10","110573973","110574268","chr6","56451711","56452003","35","54122262"
"chr10","110599068","110599361","chrX","32628953","32629245","50","77970115"
"chr10","110735964","110736255","chr9","92292916","92293201","48","18443048"
"chr10","110803711","110803999","chr18","51349475","51349767","45","59454236"
"chr10","110817204","110817500","chrX","38668615","38668910","53","72148589"
"chr10","110915668","110915958","chr9","7025626","7025918","28","103890042"
"chr10","110943218","110943525","chr17","8929510","8929818","41","102013708"
"chr10","110961291","110961626","chr13","107937859","107938184","61","3023432"
"chr10","111026189","111026420","chr6","96555204","96555433","46","14470985"
"chr10","111035083","111035385","chrX","44962032","44962338","39","66073051"
"chr10","111158729","111159032","chr11","4016647","4016949","36","107142082"
"chr10","111185241","111185407","chr19","50465742","50465907","18","60719499"
"chr10","111314332","111314633","chr5","142954882","142955186","39","31640550"
"chr10","111358625","111358921","chr7","151979566","151979860","40","40620941"
"chr10","111441477","111441771","chr18","56121618","56121912","47","55319859"
"chr10","111517825","111518113","chr16","20167037","20167326","37","91350788"
"chr10","111539528","111539815","chrX","109211107","109211398","45","2328421"
"chr10","111557622","111557913","chr9","7025626","7025918","32","104531996"
"chr10","111610163","111610463","chr15","90208474","90208772","36","21401689"
"chr10","111760349","111760612","chrX","122712517","122712780","35","10952168"
"chr10","112027964","112028254","chr11","88966345","88966635","32","23061619"
"chr10","112148473","112148745","chr14","85601211","85601476","47","26547262"
"chr10","112256000","112256293","chr1","41910514","41910802","41","70345486"
"chr10","112315044","112315338","chr11","59744208","59744500","32","52570836"
"chr10","112340719","112340995","chr13","23392419","23392699","53","88948300"
"chr10","112357742","112358050","chr2","144423348","144423659","39","32065606"
"chr10","112625270","112625569","chrX","125968284","125968579","44","13343014"
"chr10","112654961","112655271","chr4","3145119","3145426","38","109509842"
"chr10","112809576","112809867","chr9","7025626","7025918","34","105783950"
"chr10","112905402","112905717","chr1","113557720","113558028","79","652318"
"chr10","112978877","112979177","chr1","170967942","170968244","43","57989065"
"chr10","113003397","113003711","chr10","62936704","62937010","45","50066693"
"chr10","113020026","113020218","chr5","75812262","75812450","41","37207764"
"chr10","113020286","113020394","chrX","33348734","33348848","26","79671552"
"chr10","113055619","113055902","chr11","95257281","95257563","48","17798338"
"chr10","113117373","113117679","chr15","88475091","88475399","39","24642282"
"chr10","113260394","113260686","chr4","69347489","69347789","44","43912905"
"chr10","113336018","113336317","chr2","47452536","47452831","35","65883482"
"chr10","113445429","113445739","chr3","125238885","125239195","41","11793456"
"chr10","113489365","113489661","chr14","118267895","118268175","52","4778530"
"chr10","113639509","113639802","chr9","40407513","40407804","46","73231996"
"chr10","113640843","113640901","chr19","702700","702766","14","112938143"
"chr10","113688625","113688881","chr10","27434485","27434742","41","86254140"
"chr10","113712243","113712536","chr3","33506835","33507132","41","80205408"
"chr10","113735388","113735677","chr16","439114","439409","45","113296274"
"chr10","113749408","113749688","chr7","144373071","144373352","34","30623663"
"chr10","113760103","113760401","chr2","87900952","87901244","45","25859151"
"chr10","113833918","113834234","chr1","41160582","41160892","42","72673336"
"chr10","113839645","113839946","chr1","125303489","125303773","66","11463844"
"chr10","113876343","113876625","chr1","45623411","45623699","33","68252932"
"chr10","113887107","113887397","chr7","52736490","52736780","42","61150617"
"chr10","113931301","113931592","chr1","112727851","112728148","44","1203450"
"chr10","113959187","113959471","chr13","90970128","90970408","39","22989059"
"chr10","114012244","114012548","chr4","14949121","14949425","39","99063123"
"chr10","114016820","114017111","chr3","3812815","3813101","50","110204005"
"chr10","114020339","114020626","chr1","38119369","38119658","46","75900970"
"chr10","114091260","114091526","chr10","37817455","37817721","59","76273805"
"chr10","114105522","114105821","chr8","25582102","25582396","40","88523420"
"chr10","114149109","114149400","chr6","142572268","142572563","41","28423159"
"chr10","114169044","114169347","chr8","29386987","29387291","37","84782057"
"chr10","114258985","114259103","chr5","31209614","31209735","30","83049371"
"chr10","114272934","114273232","chr6","136733017","136733318","36","22460083"
"chr10","114291058","114291317","chr2","173196809","173197055","47","58905751"
"chr10","114362522","114362820","chr1","219225924","219226223","38","104863402"
"chr10","114382791","114383097","chr4","14949121","14949425","42","99433670"
"chr10","114442412","114442709","chr2","82948155","82948448","46","31494257"
"chr10","114471857","114472166","chrX","118404209","118404518","35","3932352"
"chr10","114482662","114482950","chr7","87714013","87714300","39","26768649"
"chr10","114538413","114538703","chr9","7025626","7025918","32","107512787"
"chr10","114545559","114545846","chr5","93333462","93333753","49","21212097"
"chr10","114577224","114577517","chrX","10728567","10728858","35","103848657"
"chr10","114674925","114675230","chr1","128114394","128114695","40","13439469"
"chr10","114745638","114745783","chr1","113961671","113961817","19","783967"
"chr10","114797811","114798103","chr11","59744208","59744500","36","55053603"
"chr10","114804537","114804828","chr9","14690494","14690788","47","100114043"
"chr10","114809476","114809768","chr9","7025626","7025918","32","107783850"
"chr10","114913952","114914251","chr16","18796729","18797022","54","96117223"
"chr10","114920365","114920682","chr9","15247736","15248032","56","99672629"
"chr10","114978017","114978297","chr6","122621428","122621703","67","7643411"
"chr10","114982810","114983098","chr10","62315260","62315548","35","52667550"
"chr10","114986641","114986944","chr11","94930190","94930485","41","20056451"
"chr10","115021200","115021501","chr17","50868217","50868520","36","64152983"
"chr10","115027549","115027856","chr4","75388049","75388359","39","39639500"
"chr10","115041471","115041758","chr16","53316641","53316931","39","61724830"
"chr10","115124728","115125034","chr1","123829563","123829868","38","8704835"
"chr10","115135648","115135944","chr3","110049029","110049327","34","5086619"
"chr10","115199178","115199488","chrX","41719105","41719415","36","73480073"
"chr10","115236285","115236593","chr2","176865440","176865747","48","61629155"
"chr10","115297069","115297325","chr9","33071522","33071797","51","82225547"
"chr10","115358838","115359145","chr9","52526814","52527115","48","62832024"
"chr10","115420329","115420617","chr16","55428143","55428439","39","59992186"
"chr10","115440416","115440726","chr10","38842735","38843045","46","76597681"
"chr10","115464465","115464723","chrX","122712517","122712780","44","7248052"
"chr10","115475019","115475329","chr6","30988089","30988401","39","84486930"
"chr10","115667102","115667396","chr7","146220449","146220740","43","30553347"
"chr10","115701493","115701796","chr1","42508534","42508838","36","73192959"
"chr10","115784200","115784488","chr16","20167037","20167326","38","95617163"
"chr10","115795107","115795399","chr11","59744208","59744500","35","56050899"
"chr10","115798529","115798821","chr7","90971726","90972022","30","24826803"
"chr10","115875373","115875576","chr9","89395808","89396013","30","26479565"
"chr10","115900205","115900491","chr2","112151878","112152164","41","3748327"
"chr10","115912153","115912457","chr11","108474262","108474559","47","7437891"
"chr10","115995937","115996221","chr3","3535274","3535567","50","112460663"
"chr10","116067495","116067794","chr16","21958952","21959252","45","94108543"
"chr10","116137412","116137690","chr9","69732032","69732310","39","46405380"
"chr10","116211741","116212018","chr17","26557914","26558193","40","89653827"
"chr10","116257170","116257474","chr1","210726116","210726412","36","94468946"
"chr10","116282879","116283177","chr1","219225924","219226223","32","102943045"
"chr10","116300656","116300952","chr14","12565482","12565778","42","103735174"
"chr10","116317346","116317571","chr5","106625263","106625493","33","9692083"
"chr10","116338330","116338621","chr12","69597135","69597433","46","46741195"
"chr10","116419352","116419662","chr3","45369493","45369802","39","71049859"
"chr10","116520302","116520596","chr1","127833040","127833336","33","11312738"
"chr10","116549217","116549464","chr20","40663185","40663429","45","75886032"
"chr10","116574009","116574317","chr10","67405046","67405353","38","49168963"
"chr10","116593443","116593721","chr9","84466373","84466663","67","32127070"
"chr10","116608997","116609286","chr7","116541236","116541527","36","67761"
"chr10","116636922","116637209","chr7","91259277","91259574","44","25377645"
"chr10","116650885","116651141","chr8","102916371","102916625","47","13734514"
"chr10","116654632","116654790","chr8","118828248","118828407","34","2173616"
"chr10","116681603","116681895","chr6","168849558","168849851","38","52167955"
"chr10","116712058","116712246","chr3","56000001","56000188","37","60712057"
"chr10","116727079","116727380","chr15","29522390","29522690","37","87204689"
"chr10","116743060","116743352","chr19","47662689","47662983","31","69080371"
"chr10","116766439","116766662","chr19","19223188","19223403","37","97543251"
"chr10","116802172","116802466","chr6","126641819","126642115","36","9839647"
"chr10","116843783","116844078","chr10","66373059","66373360","48","50470724"
"chr10","116850240","116850547","chr16","21958952","21959252","42","94891288"
"chr10","116871303","116871602","chr6","129769527","129769828","35","12898224"
"chr10","116989314","116989607","chr2","94343271","94343561","43","22646043"
"chr10","117038069","117038365","chr2","44732994","44733290","36","72305075"
"chr10","117078338","117078648","chr4","41790642","41790955","44","75287696"
"chr10","117082862","117083039","chr1","3897321","3897496","26","113185541"
"chr10","117116004","117116306","chr3","44128938","44129239","35","72987066"
"chr10","117122732","117122948","chr3","151807944","151808153","49","34685212"
"chr10","117181343","117181616","chr1","197404911","197405183","45","80223568"
"chr10","117325950","117326253","chr9","87446936","87447238","37","29879014"
"chr10","117520399","117520683","chr10","32545507","32545797","44","84974892"
"chr10","117524484","117524789","chr2","167088645","167088942","43","49564161"
"chr10","117535345","117535635","chr7","117030480","117030769","33","504865"
"chr10","117559615","117559907","chr11","59744208","59744500","35","57815407"
"chr10","117635051","117635344","chr5","45431915","45432209","33","72203136"
"chr10","117652031","117652324","chr11","46070151","46070446","37","71581880"
"chr10","117664531","117664820","chr9","92292916","92293201","60","25371615"
"chr10","117686890","117687200","chrX","9075615","9075920","40","108611275"
"chr10","117687684","117687976","chr6","64989051","64989351","41","52698633"
"chr10","117704664","117704958","chrX","21037301","21037595","51","96667363"
"chr10","117716852","117717149","chr12","62828013","62828306","49","54888839"
"chr10","117743147","117743376","chr7","121329046","121329267","31","3585899"
"chr10","117745691","117745992","chr13","125134336","125134638","32","7388645"
"chr10","117773529","117773771","chr13","124467472","124467721","46","6693943"
"chr10","117787713","117788013","chr1","54556109","54556409","40","63231604"
"chr10","117820521","117820840","chr11","97834556","97834875","47","19985965"
"chr10","117832938","117833234","chr18","13623368","13623664","43","104209570"
"chr10","117866549","117866848","chr9","55703192","55703494","41","62163357"
"chr10","117928722","117929051","chr6","138646599","138646914","51","20717877"
"chr10","117952169","117952467","chr1","129567144","129567444","39","11614975"
"chr10","118009971","118010282","chr10","47089595","47089902","35","70920376"
"chr10","118011634","118011933","chrX","50656086","50656389","39","67355548"
"chr10","118071411","118071731","chr17","24745490","24745809","48","93325921"
"chr10","118125908","118126222","chr17","56677854","56678163","38","61448054"
"chr10","118184058","118184351","chr15","26613546","26613841","31","91570512"
"chr10","118295859","118296151","chr2","126433678","126433974","35","8137819"
"chr10","118308923","118309119","chr11","21972512","21972703","35","96336411"
"chr10","118318729","118318991","chr9","66771776","66772036","29","51546953"
"chr10","118321255","118321561","chr13","125134336","125134638","37","6813081"
"chr10","118432089","118432395","chr13","100052325","100052625","49","18379764"
"chr10","118458049","118458310","chr1","30765363","30765624","83","87692686"
"chr10","118461420","118461702","chr2","183911446","183911726","42","65450026"
"chr10","118466019","118466307","chrX","24932309","24932597","35","93533710"
"chr10","118476522","118476818","chr7","2672165","2672465","51","115804357"
"chr10","118670912","118671209","chr3","45626371","45626668","31","73044541"
"chr10","118713524","118713796","chr13","42970808","42971080","52","75742716"
"chr10","118730846","118731124","chr2","149808038","149808322","49","31077192"
"chr10","118739743","118740043","chr1","946135","946434","31","117793608"
"chr10","118748369","118748657","chr16","2729740","2730041","46","116018629"
"chr10","118749806","118750106","chr2","102989050","102989349","37","15760756"
"chr10","118751331","118751641","chr10","59288374","59288678","45","59462957"
"chr10","118767695","118767989","chr8","134025560","134025857","39","15257865"
"chr10","118770446","118770738","chr8","36057503","36057811","52","82712943"
"chr10","118797787","118798095","chr13","117094301","117094612","40","1703486"
"chr10","118808124","118808435","chr1","11995969","11996267","56","106812155"
"chr10","118816084","118816382","chr8","2817861","2818159","45","115998223"
"chr10","118870158","118870400","chr16","40955770","40956015","40","77914388"
"chr10","118880611","118880888","chr20","64229732","64230014","47","54650879"
"chr10","118922783","118923064","chr16","70651394","70651678","54","48271389"
"chr10","118930603","118930878","chr12","80141841","80142115","45","38788762"
"chr10","119078006","119078300","chr3","45626371","45626668","28","73451635"
"chr10","119081989","119082285","chr8","25582102","25582396","34","93499887"
"chr10","119182402","119182695","chr7","90971726","90972022","37","28210676"
"chr10","119194146","119194454","chr6","71714754","71715057","37","47479392"
"chr10","119489888","119490189","chr3","26169745","26170043","46","93320143"
"chr10","119509575","119509862","chr14","107880267","107880558","49","11629308"
"chr10","119742560","119742807","chr1","14468200","14468440","39","105274360"
"chr10","119788449","119788754","chr8","39831043","39831350","43","79957406"
"chr10","119794214","119794510","chr7","133510633","133510928","39","13716419"
"chr10","120049346","120049485","chr1","113745865","113746002","22","6303481"
"chr10","120070903","120071193","chr16","18796729","18797022","38","101274174"
"chr10","120102500","120102808","chr6","50026868","50027173","42","70075632"
"chr10","120307900","120308198","chr14","98318663","98318962","48","21989237"
"chr10","120330992","120331243","chr7","12513172","12513420","46","107817820"
"chr10","120335079","120335376","chr2","39029241","39029515","54","81305838"
"chr10","120336127","120336307","chr16","42613262","42613447","25","77722865"
"chr10","120352899","120353210","chrX","19437458","19437770","37","100915441"
"chr10","120355235","120355543","chr1","219225924","219226223","36","98870689"
"chr10","120359342","120359602","chr2","48632986","48633256","47","71726356"
"chr10","120367549","120367859","chr13","43327633","43327946","36","77039916"
"chr10","120384708","120385000","chr11","51758883","51759177","48","68625825"
"chr10","120408866","120409156","chr2","92827254","92827547","32","27581612"
"chr10","120410749","120411042","chr7","64089172","64089470","39","56321577"
"chr10","120425269","120425569","chr1","13865146","13865450","47","106560123"
"chr10","120446952","120447247","chr15","23363597","23363899","38","97083355"
"chr10","120453251","120453520","chr3","92150802","92151074","50","28302449"
"chr10","120496528","120496828","chr6","165329904","165330188","51","44833376"
"chr10","120563823","120564106","chr5","102691381","102691671","55","17872442"
"chr10","120582872","120583179","chr4","35717411","35717718","40","84865461"
"chr10","120643395","120643629","chr12","58284409","58284644","31","62358986"
"chr10","120662828","120663122","chr9","7025626","7025918","30","113637202"
"chr10","120812190","120812493","chrX","44962032","44962338","38","75850158"
"chr10","120859447","120859717","chr2","135177745","135178021","37","14318298"
"chr10","120911343","120911450","chr17","1344981","1345088","12","119566362"
"chr10","120954885","120955190","chr3","34969388","34969689","40","85985497"
"chr10","120978438","120978723","chr11","117230690","117230966","44","3747748"
"chr10","120995921","120996195","chr7","159789667","159789951","53","38793746"
"chr10","121118867","121119105","chr14","57403632","57403863","43","63715235"
"chr10","121139530","121139834","chr13","32817425","32817728","43","88322105"
"chr10","121148102","121148401","chr3","69228301","69228608","44","51919801"
"chr10","121235266","121235574","chr5","46323000","46323312","37","74912266"
"chr10","121237013","121237316","chr1","154447798","154448101","42","33210785"
"chr10","121276555","121276835","chr3","50643691","50643969","39","70632864"
"chr10","121343585","121343827","chr7","24936105","24936346","33","96407480"
"chr10","121345348","121345639","chrX","112314689","112314977","38","9030659"
"chr10","121357496","121357619","chr7","43693641","43693766","18","77663855"
"chr10","121365793","121366077","chr19","13881769","13882057","41","107484024"
"chr10","121377480","121377735","chr8","25856240","25856492","44","95521240"
"chr10","121450169","121450460","chr11","131492005","131492296","40","10041836"
"chr10","121474487","121474704","chr1","9513726","9513939","29","111960761"
"chr10","121557783","121558099","chr7","50677801","50678115","35","70879982"
"chr10","121603071","121603365","chr4","13663992","13664285","31","107939079"
"chr10","121704348","121704642","chr6","134019681","134019975","38","12315333"
"chr10","121713316","121713611","chr7","58104879","58105176","38","63608437"
"chr10","121756519","121756824","chr1","128155382","128155688","32","6398863"
"chr10","121783600","121783896","chr1","67368758","67369056","44","54414842"
"chr10","121795193","121795471","chr13","42970808","42971080","45","78824385"
"chr10","121829139","121829420","chr12","88414497","88414769","47","33414642"
"chr10","121962978","121963275","chr9","25125364","25125665","35","96837614"
"chr10","122105817","122106123","chr12","87487181","87487483","40","34618636"
"chr10","122118026","122118329","chr13","61259817","61260123","29","60858209"
"chr10","122179422","122179717","chr1","94365322","94365615","39","27814100"
"chr10","122189914","122190211","chr5","45376537","45376837","42","76813377"
"chr10","122200436","122200723","chr16","18796729","18797022","47","103403707"
"chr10","122320937","122321237","chr18","48465782","48466081","39","73855155"
"chr10","122415014","122415317","chr3","52229547","52229849","31","70185467"
"chr10","122471016","122471326","chr1","7993999","7994304","33","114477017"
"chr10","122482965","122483272","chr1","113798425","113798729","39","8684540"
"chr10","122598277","122598566","chr4","114330673","114330964","39","8267604"
"chr10","122626217","122626508","chr10","57778968","57779275","54","64847249"
"chr10","122708941","122709051","chr4","18435484","18435590","14","104273457"
"chr10","122745490","122745785","chr3","105755032","105755325","38","16990458"
"chr10","122780734","122781008","chr2","85528226","85528500","48","37252508"
"chr10","122784760","122785062","chr15","8819403","8819707","50","113965357"
"chr10","122822416","122822708","chr1","204460191","204460484","39","81637775"
"chr10","122856954","122857239","chrX","112314689","112314977","35","10542265"
"chr10","122961548","122961849","chr17","22470060","22470369","53","100491488"
"chr10","122974081","122974395","chr13","59603967","59604275","52","63370114"
"chr10","123074548","123074839","chrX","22614567","22614866","46","100459981"
"chr10","123157379","123157680","chr6","128302615","128302924","42","5145236"
"chr10","123174522","123174830","chr20","51961519","51961821","52","71213003"
"chr10","123187509","123187804","chr16","50298577","50298876","47","72888932"
"chr10","123190188","123190481","chr14","7453274","7453561","41","115736914"
"chr10","123218471","123218764","chr15","9867708","9868000","36","113350763"
"chr10","123230101","123230403","chr13","32817425","32817728","32","90412676"
"chr10","123286707","123286933","chr5","89625548","89625767","31","33661159"
"chr10","123373459","123373753","chr9","7025626","7025918","33","116347833"
"chr10","123380960","123381219","chr4","79455473","79455733","31","43925487"
"chr10","123388928","123389224","chr17","30611756","30612052","30","92777172"
"chr10","123467499","123467796","chr1","11853354","11853650","43","111614145"
"chr10","123481729","123481832","chr9","93388014","93388117","11","30093715"
"chr10","123492562","123492866","chr13","32817425","32817728","35","90675137"
"chr10","123541687","123541767","chr16","48597933","48598008","14","74943754"
"chr10","123542220","123542411","chr20","66073387","66073571","37","57468833"
"chr10","123563293","123563537","chr7","121329046","121329267","49","2234247"
"chr10","123786552","123786846","chr7","16206849","16207148","48","107579703"
"chr10","123902034","123902328","chr7","33668477","33668774","34","90233557"
"chr10","124036852","124037148","chr9","34420241","34420538","42","89616611"
"chr10","124086535","124086853","chr11","59744208","59744500","53","64342327"
"chr10","124095636","124095866","chr18","51009583","51009809","31","73086053"
"chr10","124143027","124143317","chr4","13002327","13002618","36","111140700"
"chr10","124353939","124354234","chr11","59744208","59744500","32","64609731"
"chr10","124368935","124369233","chr1","67368758","67369056","42","57000177"
"chr10","124465060","124465363","chr13","23501079","23501388","41","100963981"
"chr10","124575358","124575615","chr14","10861302","10861554","40","113714056"
"chr10","124597545","124597819","chr2","135177745","135178021","38","10580200"
"chr10","124667393","124667687","chr7","42322916","42323215","40","82344477"
"chr10","124890108","124890398","chr4","17990287","17990576","49","106899821"
"chr10","125110864","125111166","chr3","97578023","97578324","42","27532841"
"chr10","125125643","125125949","chr2","46682521","46682821","35","78443122"
"chr10","125421816","125422098","chr10","67769351","67769643","51","57652465"
"chr10","125464226","125464475","chr9","53458224","53458460","43","72006002"
"chr10","125530719","125530913","chr7","155860210","155860412","29","30329491"
"chr10","125534503","125534804","chr6","143658894","143659197","41","18124391"
"chr10","125629904","125630206","chr19","23187476","23187780","38","102442428"
"chr10","125719642","125719938","chr6","142572268","142572563","45","16852626"
"chr10","125755481","125755779","chr2","4375925","4376221","39","121379556"
"chr10","125784205","125784510","chr14","106446046","106446348","49","19338159"
"chr10","125797134","125797413","chr9","108889025","108889312","43","16908109"
"chr10","125822332","125822631","chr4","69347489","69347789","42","56474843"
"chr10","125847094","125847386","chr1","40659470","40659761","41","85187624"
"chr10","125850264","125850558","chr18","15788387","15788669","47","110061877"
"chr10","125909994","125910235","chr10","49361494","49361744","41","76548500"
"chr10","125951243","125951436","chr16","46213772","46213962","41","79737471"
"chr10","125982416","125982692","chr9","59368531","59368810","41","66613885"
"chr10","126075148","126075419","chr16","40955770","40956015","65","85119378"
"chr10","126078259","126078555","chr2","102989050","102989349","38","23089209"
"chr10","126089723","126089986","chr17","86046381","86046646","54","40043342"
"chr10","126159422","126159714","chr15","7561500","7561795","42","118597922"
"chr10","126174835","126175043","chrX","22219853","22220056","47","103954982"
"chr10","126176697","126176927","chr7","116009929","116010144","42","10166768"
"chr10","126207994","126208285","chr1","85450489","85450784","41","40757505"
"chr10","126246129","126246420","chr1","185903042","185903338","38","59656913"
"chr10","126269031","126269312","chr5","128960234","128960515","40","2691203"
"chr10","126279282","126279581","chr9","89169355","89169655","35","37109927"
"chr10","126496066","126496359","chr1","213070791","213071090","38","86574725"
"chr10","126542110","126542421","chr5","78686137","78686445","40","47855973"
"chr10","126640531","126640828","chr12","80754354","80754655","42","45886177"
"chr10","126750576","126750874","chr1","49657247","49657546","38","77093329"
"chr10","126796541","126796802","chr16","22674519","22674794","77","104122022"
"chr10","126868693","126869012","chr6","53405311","53405617","46","73463382"
"chr10","127145027","127145274","chr20","46484406","46484655","40","80660621"
"chr10","127157834","127158124","chr3","13489445","13489734","32","113668389"
"chr10","127222616","127222905","chr1","204813267","204813556","38","77590651"
"chr10","127392151","127392454","chr6","150107195","150107503","35","22715044"
"chr10","127592156","127592454","chr9","7025626","7025918","37","120566530"
"chr10","127620449","127620748","chr18","29686031","29686328","40","97934418"
"chr10","127718201","127718497","chr16","42090122","42090419","39","85628079"
"chr10","127828443","127828739","chr3","38447004","38447303","42","89381439"
"chr10","127886026","127886305","chr7","153865121","153865404","38","25979095"
"chr10","127916323","127916620","chr11","59744208","59744500","34","68172115"
"chr10","127932249","127932560","chr1","163969411","163969716","37","36037162"
"chr10","127945615","127945899","chr6","165329904","165330188","50","37384289"
"chr10","127974590","127974753","chr7","40886399","40886558","24","87088191"
"chr10","127985973","127986264","chr1","56231804","56232091","44","71754169"
"chr10","128009019","128009270","chr1","16030313","16030572","42","111978706"
"chr10","128021400","128021652","chr16","44892798","44893041","32","83128602"
"chr10","128027792","128028071","chr14","32041046","32041328","39","95986746"
"chr10","128035731","128035962","chr16","40076793","40077035","37","87958938"
"chr10","128061201","128061499","chr11","13702068","13702363","39","114359133"
"chr10","128061808","128062104","chr2","179936663","179936962","42","51874855"
"chr10","128063239","128063539","chr1","39680927","39681223","44","88382312"
"chr10","128095506","128095815","chr1","7993999","7994304","31","120101507"
"chr10","128130318","128130618","chr1","53988770","53989067","37","74141548"
"chr10","128145742","128146026","chr4","13382441","13382726","33","114763301"
"chr10","128154189","128154487","chr13","25301779","25302077","32","102852410"
"chr10","128212235","128212540","chr7","149236231","149236537","34","21023996"
"chr10","128229175","128229429","chr16","40955770","40956015","44","87273405"
"chr10","128243867","128244151","chr1","163039410","163039702","42","34795543"
"chr10","128306382","128306677","chr1","123986452","123986753","45","4319930"
"chr10","128314916","128315186","chr2","100062378","100062646","45","28252538"
"chr10","128317147","128317441","chr4","151205306","151205609","48","22888159"
"chr10","128319022","128319330","chr1","29491945","29492246","48","98827077"
"chr10","128323051","128323353","chr1","14575267","14575578","46","113747784"
"chr10","128350279","128350570","chr16","56231923","56232210","36","72118356"
"chr10","128360587","128360867","chr9","24560211","24560475","53","103800376"
"chr10","128391253","128391545","chr1","125285536","125285832","42","3105717"
"chr10","128416501","128416780","chr1","140831987","140832278","56","12415486"
"chr10","128470594","128470892","chr8","99548469","99548767","36","28922125"
"chr10","128480192","128480483","chr19","31216109","31216397","40","97264083"
"chr10","128484669","128484989","chr19","42226994","42227314","63","86257675"
"chr10","128506172","128506482","chr13","23501079","23501388","40","105005093"
"chr10","128516551","128516772","chr11","117264723","117264944","38","11251828"
"chr10","128520486","128520777","chr10","72540082","72540368","49","55980404"
"chr10","128549122","128549405","chr2","84844754","84845049","43","43704368"
"chr10","128556353","128556665","chr20","26401661","26401973","43","102154692"
"chr10","128566555","128566847","chr1","128202446","128202737","39","364109"
"chr10","128652301","128652583","chr1","18065665","18065959","42","110586636"
"chr10","128659048","128659337","chr6","89480157","89480448","42","39178891"
"chr10","128671025","128671158","chr5","31209614","31209735","31","97461411"
"chr10","128700427","128700734","chrX","12173496","12173805","39","116526931"
"chr10","128701702","128701993","chr7","129456939","129457235","37","755237"
"chr10","128722768","128723079","chr13","106707402","106707712","36","22015366"
"chr10","128743549","128743846","chr2","96514589","96514879","46","32228960"
"chr10","128745899","128746202","chr10","70335100","70335400","39","58410799"
"chr10","128753683","128753977","chr10","82072119","82072412","39","46681564"
"chr10","128812063","128812323","chr7","106266372","106266627","48","22545691"
"chr10","128820476","128820777","chr3","45626371","45626668","42","83194105"
"chr10","128841356","128841650","chr6","142572268","142572563","37","13730912"
"chr10","128855190","128855463","chrX","37763597","37763857","47","91091593"
"chr10","128936026","128936331","chr1","115385292","115385603","43","13550734"
"chr10","128944507","128944792","chr4","67810244","67810524","38","61134263"
"chr10","128965866","128966161","chr19","47662689","47662983","44","81303177"
"chr10","129015158","129015458","chr3","127836231","127836530","41","1178927"
"chr10","129150942","129151237","chrX","90854802","90855099","49","38296140"
"chr10","129159900","129160190","chr12","93339213","93339508","34","35820687"
"chr10","129161867","129162169","chr2","43296629","43296936","46","85865238"
"chr10","129167256","129167547","chr6","157405374","157405680","56","28238118"
"chr10","129219307","129219598","chr10","23559809","23560103","37","105659498"
"chr10","129285892","129286128","chr3","50901308","50901545","39","78384584"
"chr10","129286289","129286581","chr16","11534347","11534643","45","117751942"
"chr10","129300951","129301172","chr10","82858258","82858475","34","46442693"
"chr10","129310836","129311114","chr9","116437943","116438223","42","12872893"
"chr10","129313722","129313999","chr12","80141841","80142115","40","49171881"
"chr10","129316693","129316994","chr1","18100109","18100412","42","111216584"
"chr10","129391068","129391275","chr9","34404783","34404992","39","94986285"
"chr10","129403952","129404225","chr2","48632986","48633256","49","80770966"
"chr10","129410918","129411216","chr19","3064712","3065012","32","126346206"
"chr10","129424603","129424905","chr6","157477970","157478279","46","28053367"
"chr10","129533640","129533947","chr16","47869063","47869366","43","81664577"
"chr10","129558015","129558159","chr7","148602709","148602842","28","19044694"
"chr10","129559330","129559622","chr4","21639394","21639688","45","107919936"
"chr10","129562258","129562546","chr12","93108642","93108929","44","36453616"
"chr10","129568293","129568426","chr11","56765243","56765376","26","72803050"
"chr10","129569372","129569491","chr10","62559066","62559182","22","67010306"
"chr10","129587787","129588040","chr3","35428291","35428551","43","94159496"
"chr10","129629231","129629518","chr1","45623411","45623699","39","84005820"
"chr10","129692661","129692957","chr19","38513628","38513926","39","91179033"
"chr10","129708866","129709165","chr14","91621355","91621658","40","38087511"
"chr10","129727919","129728224","chr6","156323497","156323800","41","26595578"
"chr10","129734908","129735189","chr11","47924958","47925256","47","81809950"
"chr10","129750356","129750650","chr4","103431771","103432066","42","26318585"
"chr10","129782640","129782952","chrX","37654936","37655245","44","92127704"
"chr10","129785058","129785234","chr19","1353909","1354086","28","128431149"
"chr10","129797587","129797762","chr2","149543187","149543361","26","19745600"
"chr10","129809675","129809972","chr7","54452601","54452895","46","75357074"
"chr10","129880011","129880312","chr20","50446868","50447167","37","79433143"
"chr10","129957204","129957496","chr7","117030480","117030769","43","12926724"
"chr10","130008491","130008787","chr1","42476755","42477044","41","87531736"
"chr10","130042122","130042396","chr10","43893439","43893715","37","86148683"
"chr10","130066745","130067027","chr9","54851874","54852161","48","75214871"
"chr10","130331302","130331548","chr7","36002023","36002268","56","94329279"
"chr10","130386277","130386580","chr6","124714488","124714790","40","5671789"
"chr10","130442161","130442454","chr6","11115581","11115864","56","119326580"
"chr10","130652933","130653242","chr5","81950527","81950835","38","48702406"
"chr10","130692899","130693192","chr10","12123447","12123740","43","118569452"
"chr10","130809997","130810298","chr16","5199421","5199724","34","125610576"
"chr10","130861836","130862127","chr16","39885699","39885993","42","90976137"
"chr10","130877977","130878265","chr11","115360951","115361238","36","15517026"
"chr10","130890204","130890522","chr8","8197491","8197799","51","122692713"
"chr10","130896530","130896829","chr1","946135","946434","46","129950395"
"chr10","130897909","130898216","chr4","9648127","9648436","49","121249782"
"chr10","130908673","130908961","chr16","55230657","55230945","39","75678016"
"chr10","130972908","130973172","chrX","122712517","122712780","35","8260391"
"chr10","131056948","131057223","chr16","73287225","73287503","40","57769723"
"chr10","131089116","131089394","chr14","78046668","78046946","49","53042448"
"chr10","131093084","131093186","chr14","7137887","7137992","15","123955197"
"chr10","131145251","131145543","chr9","7025626","7025918","31","124119625"
"chr10","131167880","131168183","chr5","132391377","132391683","49","1223497"
"chr10","131175678","131175993","chr5","81950527","81950835","44","49225151"
"chr10","131203846","131204141","chrX","38693016","38693309","43","92510830"
"chr10","131284805","131285102","chr12","32481603","32481893","59","98803202"
"chr10","131301299","131301545","chr15","83179815","83180060","46","48121484"
"chr10","131310573","131310859","chr11","121230171","121230459","47","10080402"
"chr10","131335715","131336028","chr17","8929510","8929818","68","122406205"
"chr10","131346911","131347227","chr11","2280286","2280602","52","129066625"
"chr10","131358993","131359277","chrX","20391811","20392099","42","110967182"
"chr10","131374518","131374808","chr12","93108642","93108929","33","38265876"
"chr10","131394613","131394909","chr3","173964513","173964818","42","42569900"
"chr10","131395017","131395253","chr5","136741649","136741884","50","5346632"
"chr10","131428686","131428997","chr7","73560013","73560323","38","57868673"
"chr10","131481724","131481844","chr6","148375288","148375408","13","16893564"
"chr10","131505230","131505495","chr1","32467561","32467829","46","99037669"
"chr10","131588157","131588458","chr19","3064712","3065012","48","128523445"
"chr10","131592243","131592499","chr10","52840410","52840667","34","78751833"
"chr10","131668725","131669021","chr7","76889431","76889730","37","54779294"
"chr10","131689933","131690228","chr2","135524663","135524959","44","3834730"
"chr10","131782354","131782571","chr14","46599904","46600118","32","85182450"
"chr10","131961604","131961914","chr11","7017396","7017703","49","124944208"
"chr10","132082689","132082987","chr19","35482053","35482349","39","96600636"
"chr11","19005216","19005501","chr2","96826999","96827292","44","77821783"
"chr11","44826397","44826703","chr7","125234732","125235040","40","80408335"
"chr11","60030886","60031026","chr4","18435769","18435906","26","41595117"
"chr11","118095692","118095994","chr14","7612816","7613116","31","110482876"
"chr11","119013366","119013656","chr3","40516846","40517141","36","78496520"
"chr11","123600755","123601047","chr20","36330213","36330513","48","87270542"
"chr11","123994087","123994378","chr1","17450730","17451024","49","106543357"
"chr11","22843","23134","chr10","13285322","13285614","42","13262479"
"chr11","35216","35413","chr10","79672783","79672981","33","79637567"
"chr11","63690","63981","chr1","124250793","124251086","36","124187103"
"chr11","77054","77345","chr2","43746336","43746628","48","43669282"
"chr11","81462","81759","chr6","142572268","142572563","39","142490806"
"chr11","107581","107707","chr19","11034584","11034709","18","10927003"
"chr11","115986","116291","chr13","32817425","32817728","34","32701439"
"chr11","175105","175396","chr1","40137387","40137679","38","39962282"
"chr11","188622","188931","chr16","59456451","59456754","46","59267829"
"chr11","211155","211462","chr7","114624792","114625094","43","114413637"
"chr11","320507","320773","chrX","97704052","97704327","47","97383545"
"chr11","323035","323324","chr16","63276450","63276738","42","62953415"
"chr11","482878","483187","chr16","6949294","6949602","37","6466416"
"chr11","583119","583407","chr16","56231923","56232210","35","55648804"
"chr11","614677","614832","chr18","68135901","68136048","32","67521224"
"chr11","624315","624615","chr13","32817425","32817728","31","32193110"
"chr11","633109","633384","chr3","28632372","28632647","37","27999263"
"chr11","802651","802864","chr13","7850027","7850241","30","7047376"
"chr11","962399","962671","chr15","81608904","81609175","43","80646505"
"chr11","980520","980755","chr10","78597047","78597281","36","77616527"
"chr11","1030760","1031054","chr1","19736141","19736436","36","18705381"
"chr11","1051451","1051750","chr10","62550782","62551081","42","61499331"
"chr11","1073443","1073721","chr4","52805264","52805547","46","51731821"
"chr11","1161098","1161394","chr10","29691322","29691619","37","28530224"
"chr11","1181176","1181449","chr6","14908506","14908785","32","13727330"
"chr11","1201637","1201934","chr8","77571193","77571492","32","76369556"
"chr11","1451995","1452278","chr13","42970808","42971080","50","41518813"
"chr11","1567371","1567673","chr1","20012770","20013073","33","18445399"
"chr11","1725419","1725703","chr10","62388940","62389223","55","60663521"
"chr11","1773494","1773624","chr4","1002980","1003111","20","770514"
"chr11","1867501","1867805","chr9","61900736","61901039","33","60033235"
"chr11","1906340","1906578","chr1","26220437","26220686","52","24314097"
"chr11","2016755","2017074","chr12","68470545","68470847","49","66453790"
"chr11","2094598","2094910","chr11","64440364","64440673","56","62345766"
"chr11","2285325","2285642","chr6","49313425","49313743","58","47028100"
"chr11","2306693","2307005","chr1","41775097","41775399","57","39468404"
"chr11","2349236","2349536","chr2","185657492","185657793","46","183308256"
"chr11","2358126","2358418","chr10","79154399","79154691","41","76796273"
"chr11","2370192","2370484","chr1","41160582","41160892","54","38790390"
"chr11","2495938","2496223","chr10","62315260","62315548","37","59819322"
"chr11","2497730","2498025","chr4","31017666","31017967","39","28519936"
"chr11","2600704","2600981","chr11","97924703","97924978","34","95323999"
"chr11","2654129","2654425","chr1","67368758","67369056","50","64714629"
"chr11","2662350","2662661","chr2","106418670","106418975","46","103756320"
"chr11","2669756","2670060","chr1","128155382","128155688","40","125485626"
"chr11","2679911","2680215","chr2","46682521","46682821","31","44002610"
"chr11","2714131","2714416","chrX","107539887","107540171","52","104825756"
"chr11","3168154","3168444","chr15","82910854","82911146","52","79742700"
"chr11","3168977","3169265","chr11","59744208","59744500","32","56575231"
"chr11","3173467","3173776","chr16","58102209","58102520","48","54928742"
"chr11","3458689","3458987","chr19","6928559","6928859","35","3469870"
"chr11","3488143","3488431","chr7","133065043","133065330","35","129576900"
"chr11","3590539","3590606","chr19","702700","702766","13","2887839"
"chr11","3590643","3590686","chr7","54378077","54378114","10","50787434"
"chr11","3590683","3590726","chr7","54378077","54378114","9","50787394"
"chr11","3590763","3590806","chr7","54378077","54378114","10","50787314"
"chr11","3590803","3590846","chr7","54378077","54378114","10","50787274"
"chr11","3590843","3590886","chr7","54378077","54378114","10","50787234"
"chr11","3590883","3590926","chr7","54378077","54378114","8","50787194"
"chr11","3590923","3590966","chr7","54378077","54378114","10","50787154"
"chr11","3590963","3591006","chr7","54378077","54378114","10","50787114"
"chr11","3591003","3591046","chr7","54378077","54378114","9","50787074"
"chr11","3591043","3591086","chr7","54378077","54378114","10","50787034"
"chr11","3591083","3591126","chr7","54378077","54378114","9","50786994"
"chr11","3591123","3591162","chr7","54378077","54378114","10","50786954"
"chr11","3674918","3675213","chrX","38099288","38099585","44","34424370"
"chr11","3680467","3680756","chrX","62378326","62378608","47","58697859"
"chr11","3681962","3682264","chr3","69228301","69228608","47","65546339"
"chr11","3690951","3691254","chr11","53078617","53078919","41","49387666"
"chr11","3721835","3722138","chr4","10828530","10828827","46","7106695"
"chr11","3726696","3726981","chr1","45623411","45623699","38","41896715"
"chr11","3784141","3784388","chr7","46486517","46486770","51","42702376"
"chr11","3853422","3853727","chr1","47942809","47943107","43","44089387"
"chr11","3998661","3998960","chr20","26717586","26717886","31","22718925"
"chr11","4118894","4119193","chr11","59744208","59744500","31","55625314"
"chr11","4268156","4268281","chr18","2815099","2815224","12","1453057"
"chr11","4270517","4270804","chr11","111564544","111564839","44","107294027"
"chr11","4284817","4285121","chr10","59879761","59880065","39","55594944"
"chr11","4418358","4418656","chr5","4538583","4538883","41","120225"
"chr11","4450843","4451142","chr2","46682521","46682821","29","42231678"
"chr11","4494718","4495010","chr10","10378732","10379028","37","5884014"
"chr11","4629865","4630162","chr17","19374053","19374353","29","14744188"
"chr11","4634896","4635181","chr2","126037332","126037617","50","121402436"
"chr11","4659597","4659890","chr11","59744208","59744500","32","55084611"
"chr11","4671559","4671865","chr10","46007696","46008002","37","41336137"
"chr11","4672552","4672853","chr12","65544312","65544615","33","60871760"
"chr11","4753623","4753922","chr3","45626371","45626668","31","40872748"
"chr11","4767675","4767976","chr1","946135","946434","33","3821540"
"chr11","4909880","4910182","chr13","32817425","32817728","30","27907545"
"chr11","5050162","5050429","chr2","103776553","103776819","50","98726391"
"chr11","5076337","5076624","chr7","133065043","133065330","38","127988706"
"chr11","5107319","5107636","chr19","35526257","35526569","49","30418938"
"chr11","5110377","5110674","chr8","25582102","25582396","31","20471725"
"chr11","5157284","5157571","chr11","98111901","98112202","40","92954617"
"chr11","5178906","5179207","chr19","34660730","34661028","36","29481824"
"chr11","5179826","5180132","chr2","46682521","46682821","37","41502695"
"chr11","5186698","5186980","chr5","148172410","148172693","39","142985712"
"chr11","5209597","5209893","chr2","82586920","82587221","49","77377323"
"chr11","5217811","5218106","chr9","7025626","7025918","35","1807815"
"chr11","5232168","5232456","chr4","113683814","113684105","40","108451646"
"chr11","5246987","5247287","chr1","20012770","20013073","30","14765783"
"chr11","5255531","5255831","chr11","4016647","4016949","27","1238884"
"chr11","5267304","5267616","chrX","91154394","91154706","44","85887090"
"chr11","5269070","5269331","chr8","39070610","39070870","42","33801540"
"chr11","5269706","5270007","chr6","31562095","31562390","41","26292389"
"chr11","5304587","5304881","chr14","97124142","97124436","31","91819555"
"chr11","5309827","5310131","chr10","84697246","84697550","41","79387419"
"chr11","5311165","5311232","chr11","84919701","84919764","11","79608536"
"chr11","5335562","5335855","chr3","115008324","115008620","43","109672762"
"chr11","5345427","5345608","chr15","4911066","4911250","30","434361"
"chr11","5352867","5353162","chr16","19463053","19463352","59","14110186"
"chr11","5357211","5357505","chr14","57134784","57135076","39","51777573"
"chr11","5415861","5416162","chr10","70335100","70335400","38","64919239"
"chr11","5433346","5433653","chr14","5934954","5935260","35","501608"
"chr11","5448425","5448529","chr10","79957137","79957242","13","74508712"
"chr11","5450693","5450962","chr5","31753931","31754194","51","26303238"
"chr11","5488870","5489165","chr13","23010864","23011159","41","17521994"
"chr11","5489503","5489795","chr4","33860712","33861004","51","28371209"
"chr11","5491537","5491760","chr5","106625263","106625493","36","101133726"
"chr11","5496329","5496628","chr1","13865146","13865450","46","8368817"
"chr11","5511573","5511872","chr10","17279417","17279720","47","11767844"
"chr11","5514664","5514959","chr7","129277499","129277801","39","123762835"
"chr11","5544531","5544826","chr1","12638916","12639211","47","7094385"
"chr11","5551649","5551945","chr10","62550782","62551081","43","56999133"
"chr11","5555059","5555359","chr10","19896335","19896635","49","14341276"
"chr11","5569897","5570201","chr13","32817425","32817728","35","27247528"
"chr11","5583487","5583792","chr8","135220138","135220438","80","129636651"
"chr11","5588461","5588741","chr3","160601395","160601671","39","155012934"
"chr11","5593791","5593985","chr16","62512812","62513013","30","56919021"
"chr11","5610010","5610297","chr3","40442931","40443220","46","34832921"
"chr11","5612224","5612507","chr9","7025626","7025918","35","1413402"
"chr11","5647866","5648160","chr4","105579082","105579368","43","99931216"
"chr11","5688464","5688605","chr11","121717039","121717180","10","116028575"
"chr11","5690252","5690535","chrX","123176633","123176919","45","117486381"
"chr11","5699911","5700213","chr16","44839833","44840136","35","39139922"
"chr11","5708139","5708433","chr2","95068228","95068528","44","89360089"
"chr11","5709391","5709677","chr3","63343532","63343825","50","57634141"
"chr11","5744172","5744404","chr5","155461937","155462170","63","149717765"
"chr11","5744541","5744603","chr1","204140407","204140472","9","198395866"
"chr11","5749650","5749944","chr2","186511571","186511867","36","180761921"
"chr11","5767324","5767625","chr2","44047045","44047343","47","38279721"
"chr11","5802414","5802679","chr6","164769454","164769719","46","158967040"
"chr11","5865041","5865271","chr15","90273115","90273354","52","84408074"
"chr11","5885668","5885968","chr14","97627971","97628274","34","91742303"
"chr11","5891415","5891638","chr16","44736527","44736748","32","38845112"
"chr11","5917164","5917462","chr1","208495775","208496077","42","202578611"
"chr11","5919807","5920097","chr2","42614689","42614986","41","36694882"
"chr11","6026852","6027144","chr14","97790541","97790831","34","91763689"
"chr11","6047439","6047720","chrX","19802910","19803194","56","13755471"
"chr11","6076178","6076468","chr9","7025626","7025918","32","949448"
"chr11","6088558","6088852","chr6","142572268","142572563","43","136483710"
"chr11","6163631","6163921","chr18","48465782","48466081","41","42302151"
"chr11","6206396","6206703","chr10","46007696","46008002","38","39801300"
"chr11","6522138","6522422","chr6","142572268","142572563","38","136050130"
"chr11","6552773","6553059","chr1","42476755","42477044","42","35923982"
"chr11","6563141","6563382","chr8","139459315","139459540","49","132896174"
"chr11","6869867","6870168","chr11","4016647","4016949","31","2853220"
"chr11","6889656","6889932","chr3","60342878","60343154","44","53453222"
"chr11","7036938","7037229","chr11","112667792","112668088","38","105630854"
"chr11","7278280","7278580","chrX","56793192","56793484","48","49514912"
"chr11","7283854","7284143","chr11","47924958","47925256","42","40641104"
"chr11","7300513","7300822","chrX","44962032","44962338","41","37661519"
"chr11","7329063","7329159","chr14","99082907","99082998","13","91753844"
"chr11","7365028","7365325","chr9","7025626","7025918","31","339402"
"chr11","7476981","7477283","chr13","32817425","32817728","32","25340444"
"chr11","7482280","7482569","chr17","38293773","38294062","38","30811493"
"chr11","7487031","7487319","chr3","260406","260692","42","7226625"
"chr11","7490758","7490937","chr11","71648480","71648657","31","64157722"
"chr11","7491378","7491474","chr6","51545855","51545952","17","44054477"
"chr11","7507011","7507306","chr2","96239962","96240258","35","88732951"
"chr11","7508037","7508322","chr5","23250340","23250628","44","15742303"
"chr11","7523391","7523682","chr17","4719964","4720257","68","2803427"
"chr11","7548201","7548483","chr4","110946344","110946633","39","103398143"
"chr11","7549247","7549531","chr3","13489445","13489734","45","5940198"
"chr11","7658525","7658833","chr1","161144861","161145167","35","153486336"
"chr11","7757309","7757613","chr8","21354878","21355187","39","13597569"
"chr11","7761815","7762105","chr6","56451711","56452003","34","48689896"
"chr11","7764231","7764495","chr3","160101342","160101603","58","152337111"
"chr11","7780556","7780859","chrX","108442229","108442527","41","100661673"
"chr11","7832710","7833027","chr1","87626197","87626512","55","79793487"
"chr11","7860318","7860610","chr7","5627046","5627330","50","2233272"
"chr11","7886012","7886307","chr1","42476755","42477044","38","34590743"
"chr11","7902791","7903087","chr15","7561500","7561795","42","341291"
"chr11","7906912","7907217","chrX","62793848","62794155","42","54886936"
"chr11","8061325","8061642","chr9","84417150","84417466","58","76355825"
"chr11","8113318","8113601","chr12","63510718","63510999","37","55397400"
"chr11","8119664","8119966","chr11","89115091","89115391","55","80995427"
"chr11","8128966","8129265","chr7","76889431","76889730","38","68760465"
"chr11","8268877","8269172","chr5","34428917","34429213","28","26160040"
"chr11","8316252","8316557","chr11","10098018","10098319","34","1781766"
"chr11","8507092","8507402","chr7","45879075","45879387","37","37371983"
"chr11","8513836","8514142","chr17","30611756","30612052","50","22097920"
"chr11","8575257","8575553","chr16","21639667","21639964","31","13064410"
"chr11","8691391","8691686","chr8","25582102","25582396","34","16890711"
"chr11","8766112","8766198","chr1","140851347","140851436","13","132085235"
"chr11","8839139","8839449","chr1","128155382","128155688","39","119316243"
"chr11","8856910","8857094","chr16","42613262","42613447","24","33756352"
"chr11","8899855","8900108","chr4","162305040","162305294","40","153405185"
"chr11","8906092","8906378","chr8","9534387","9534683","42","628295"
"chr11","8928468","8928771","chr14","57134784","57135076","53","48206316"
"chr11","8982915","8983196","chr11","14273032","14273320","54","5290117"
"chr11","9006073","9006370","chr8","76439046","76439334","50","67432973"
"chr11","9080522","9080812","chr12","98300764","98301051","38","89220242"
"chr11","9149554","9149838","chr7","18532501","18532788","41","9382947"
"chr11","9212930","9213223","chr1","45623411","45623699","41","36410481"
"chr11","9215087","9215386","chr17","19374053","19374353","36","10158966"
"chr11","9231561","9231788","chr1","108858750","108858984","57","99627189"
"chr11","9244292","9244601","chr13","117094301","117094612","37","107850009"
"chr11","9253070","9253366","JH682036","358126","358421","31","8894944"
"chr11","9260804","9261099","chr7","8401212","8401505","42","859592"
"chr11","9279799","9279956","chr7","68766471","68766618","29","59486672"
"chr11","9319341","9319639","chr3","171004118","171004416","36","161684777"
"chr11","9366406","9366684","chr5","9919693","9919985","47","553287"
"chr11","9408366","9408676","chr13","25049456","25049759","46","15641090"
"chr11","9463842","9464148","chr15","3441108","3441410","42","6022734"
"chr11","9474788","9475099","chr1","7993999","7994304","35","1480789"
"chr11","9483757","9484056","chr4","69425921","69426221","38","59942164"
"chr11","9500687","9500980","chr7","76889431","76889730","34","67388744"
"chr11","9512314","9512501","chr10","507146","507335","37","9005168"
"chr11","9559283","9559581","chr1","208230438","208230739","45","198671155"
"chr11","9580030","9580332","chr1","203640822","203641120","46","194060792"
"chr11","9581068","9581286","chr6","124894062","124894274","50","115312994"
"chr11","9589287","9589581","chr4","108800307","108800597","43","99211020"
"chr11","9604405","9604686","chr11","66160852","66161149","51","56556447"
"chr11","9642949","9643246","chr9","7025626","7025918","39","2617323"
"chr11","9651096","9651385","chr16","3687263","3687550","38","5963833"
"chr11","9716007","9716306","chr17","23919317","23919614","41","14203310"
"chr11","9805249","9805551","chr8","13291395","13291693","50","3486146"
"chr11","9920917","9921223","chr13","32817425","32817728","33","22896508"
"chr11","9934800","9935045","chr10","80630208","80630453","37","70695408"
"chr11","10050944","10051237","chr4","110946344","110946633","39","100895400"
"chr11","10069769","10070051","chr3","41169477","41169767","49","31099708"
"chr11","10140843","10141001","chr1","45002326","45002480","28","34861483"
"chr11","10265852","10265954","chr7","49192183","49192280","19","38926331"
"chr11","10269059","10269362","chr12","51845288","51845587","40","41576229"
"chr11","10394110","10394416","chr1","7993999","7994304","38","2400111"
"chr11","10401130","10401426","chr13","32817425","32817728","31","22416295"
"chr11","10410855","10411146","chr10","13285322","13285614","41","2874467"
"chr11","10548294","10548570","chr16","10487157","10487432","49","61137"
"chr11","10585382","10585668","chr1","15291446","15291730","50","4706064"
"chr11","10601026","10601322","chr11","59744208","59744500","34","49143182"
"chr11","10702673","10702969","chr3","103398952","103399243","40","92696279"
"chr11","10865679","10865974","chr2","47452536","47452831","32","36586857"
"chr11","11019434","11019695","chr14","115562411","115562676","41","104542977"
"chr11","11029891","11030102","chr14","32377420","32377620","44","21347529"
"chr11","11101285","11101583","chr2","108110393","108110688","45","97009108"
"chr11","11209946","11210242","chr1","30035179","30035474","40","18825233"
"chr11","11273378","11273674","chr14","103211793","103212091","42","91938415"
"chr11","11283383","11283498","chr8","75401438","75401550","25","64118055"
"chr11","11293247","11293551","chr7","77417664","77417971","32","66124417"
"chr11","11327963","11328255","chr9","85265611","85265903","37","73937648"
"chr11","11333981","11334288","chr2","83271537","83271849","42","71937556"
"chr11","11378203","11378474","chrX","97704052","97704327","47","86325849"
"chr11","11378475","11378558","chr1","217767365","217767449","9","206388890"
"chr11","11378603","11378789","chr16","42555933","42556119","34","31177330"
"chr11","11379416","11379527","chr1","219334604","219334715","17","207955188"
"chr11","11379572","11379692","chr14","17517895","17518010","17","6138323"
"chr11","11415762","11416032","chr2","49059917","49060182","37","37644155"
"chr11","11423713","11424011","chr1","124998618","124998915","35","113574905"
"chr11","11439276","11439578","chr2","46682521","46682821","33","35243245"
"chr11","11454080","11454294","chr13","7850027","7850241","34","3604053"
"chr11","11470407","11470680","chr1","7830935","7831211","44","3639472"
"chr11","11533547","11533838","chr15","9765968","9766261","40","1767579"
"chr11","11574612","11574913","chr19","35084928","35085230","47","23510316"
"chr11","11582520","11582817","chr1","22838590","22838890","52","11256070"
"chr11","11723707","11723987","chr9","83562806","83563081","50","71839099"
"chr11","11808248","11808554","chr11","29247086","29247395","37","17438838"
"chr11","11841463","11841762","chr11","59699985","59700283","35","47858522"
"chr11","11843813","11844112","chr11","59699985","59700283","34","47856172"
"chr11","11878148","11878440","chr6","161763310","161763606","40","149885162"
"chr11","11931176","11931383","chr3","38604566","38604772","38","26673390"
"chr11","11977110","11977412","chr7","26718463","26718762","42","14741353"
"chr11","12138726","12139028","chr13","32817425","32817728","37","20678699"
"chr11","12216006","12216286","chr1","27563598","27563879","42","15347592"
"chr11","12715700","12716005","chr1","139353240","139353543","40","126637540"
"chr11","12970185","12970463","chr1","15291446","15291730","46","2321261"
"chr11","12998512","12998756","chr14","114184730","114184983","59","101186218"
"chr11","13162751","13163049","chr17","19374053","19374353","45","6211302"
"chr11","13208705","13208993","chr10","46893774","46894064","45","33685069"
"chr11","13210926","13211227","chr10","59288374","59288678","38","46077448"
"chr11","13376274","13376574","chr16","73727972","73728275","42","60351698"
"chr11","13403651","13403955","chr2","77735973","77736266","51","64332322"
"chr11","13918528","13918838","chr3","51065520","51065823","47","37146992"
"chr11","13956960","13957259","chr4","161349293","161349586","47","147392333"
"chr11","14016963","14017241","chr19","44121713","44121997","37","30104750"
"chr11","14081421","14081722","chr11","132079042","132079342","50","117997621"
"chr11","14147365","14147665","chr1","19736141","19736436","39","5588776"
"chr11","14277842","14278142","chr1","52291560","52291858","40","38013718"
"chr11","14302365","14302673","chr13","24550040","24550347","42","10247675"
"chr11","14344462","14344743","chr7","133065043","133065330","40","118720581"
"chr11","14362486","14362758","chr2","13513865","13514140","51","848621"
"chr11","14367658","14367957","chr8","62689911","62690209","41","48322253"
"chr11","14371070","14371373","chrX","21565382","21565683","38","7194312"
"chr11","14376058","14376348","chr9","83663072","83663363","38","69287014"
"chr11","14470127","14470423","chr14","106260598","106260901","48","91790471"
"chr11","14486034","14486330","chr11","59744208","59744500","35","45258174"
"chr11","14518799","14519095","chr3","45626371","45626668","35","31107572"
"chr11","14586751","14587036","chr7","133065043","133065330","31","118478292"
"chr11","14590829","14591132","chr19","31216109","31216397","54","16625280"
"chr11","14608446","14608750","chr6","83909264","83909556","48","69300818"
"chr11","14615485","14615790","chr1","44509147","44509453","48","29893662"
"chr11","14644197","14644506","chr1","114716826","114717136","41","100072629"
"chr11","14644509","14644802","chr3","171382925","171383221","43","156738416"
"chr11","14649952","14650249","chr14","63716116","63716415","36","49066164"
"chr11","14658186","14658477","chr18","63486079","63486372","41","48827893"
"chr11","14689278","14689560","chr11","51783531","51783824","48","37094253"
"chr11","14704864","14705177","chrX","19437458","19437770","38","4732594"
"chr11","14706015","14706107","chr15","49507708","49507798","14","34801693"
"chr11","14727203","14727501","chr7","129277499","129277801","39","114550296"
"chr11","14737474","14737762","chrX","21636778","21637068","46","6899304"
"chr11","14753999","14754319","chr3","85764565","85764867","60","71010566"
"chr11","14801218","14801507","chr17","83808601","83808892","40","69007383"
"chr11","14845803","14846111","chr18","54869405","54869716","42","40023602"
"chr11","14846306","14846613","chr5","32469834","32470141","37","17623528"
"chr11","14859809","14860078","chr19","44121713","44121997","47","29261904"
"chr11","14887599","14887900","chrX","67937133","67937432","35","53049534"
"chr11","14938105","14938332","chr13","71017466","71017686","34","56079361"
"chr11","14963142","14963412","chr20","37404718","37404983","42","22441576"
"chr11","14979877","14980174","chr11","59744208","59744500","30","44764331"
"chr11","15041155","15041452","chr7","91577966","91578264","48","76536811"
"chr11","15123016","15123312","chr8","18019156","18019453","36","2896140"
"chr11","15149937","15150050","chr1","190077316","190077432","23","174927379"
"chr11","15169445","15169747","chr15","10025016","10025320","34","5144429"
"chr11","15312284","15312591","chr6","157576494","157576801","44","142264210"
"chr11","15428649","15428948","chr20","62995327","62995624","49","47566678"
"chr11","15486832","15487143","chr8","39292001","39292306","49","23805169"
"chr11","15533543","15533836","chr1","128477471","128477761","36","112943928"
"chr11","15592078","15592381","chr4","10828530","10828827","35","4763548"
"chr11","15625910","15626221","chr3","137161683","137161990","50","121535773"
"chr11","15691389","15691660","chr3","82526454","82526740","48","66835065"
"chr11","15699920","15700206","chr1","203640822","203641120","50","187940902"
"chr11","15702999","15703302","chr2","46682521","46682821","34","30979522"
"chr11","15732401","15732623","chr15","41873977","41874201","33","26141576"
"chr11","15778542","15778820","chr16","1630024","1630299","37","14148518"
"chr11","15811999","15812292","chr1","40137387","40137679","39","24325388"
"chr11","15947749","15948053","chr3","160849351","160849651","42","144901602"
"chr11","15958599","15958906","chr7","54988790","54989094","43","39030191"
"chr11","15985363","15985648","chr16","44203969","44204255","28","28218606"
"chr11","16027021","16027270","chr13","40107661","40107916","49","24080640"
"chr11","16065400","16065707","chr18","23762985","23763286","44","7697585"
"chr11","16125626","16125729","chr10","79957137","79957242","13","63831511"
"chr11","16175903","16176165","chrX","106915082","106915341","39","90739179"
"chr11","16189314","16189565","chr2","185482859","185483105","51","169293545"
"chr11","16212413","16212689","chr16","31273411","31273700","53","15060998"
"chr11","16255347","16255645","chr14","107989528","107989831","45","91734181"
"chr11","16267513","16267812","chr7","117030480","117030769","50","100762967"
"chr11","16279020","16279310","chrX","20846410","20846706","37","4567390"
"chr11","16315197","16315496","chr8","31221921","31222216","41","14906724"
"chr11","16317704","16318004","chr4","2892469","2892769","49","13425235"
"chr11","16319931","16320238","chrX","93353646","93353951","47","77033715"
"chr11","16326686","16326910","chr10","74721381","74721604","27","58394695"
"chr11","16329821","16330131","chr16","4916837","4917148","41","11412984"
"chr11","16348307","16348615","chr2","90241387","90241681","58","73893080"
"chr11","16357306","16357603","chr2","44513923","44514220","38","28156617"
"chr11","16358074","16358376","chr3","45626371","45626668","35","29268297"
"chr11","16374716","16375017","chr2","38786448","38786745","43","22411732"
"chr11","16375316","16375606","chr3","13489445","13489734","50","2885871"
"chr11","16406160","16406461","chr20","21400610","21400901","47","4994450"
"chr11","16408285","16408577","chrX","21565382","21565683","35","5157097"
"chr11","16436835","16437112","chr12","20586755","20587031","35","4149920"
"chr11","16448221","16448511","chr8","89681301","89681593","37","73233080"
"chr11","16461072","16461365","chr3","130290294","130290595","41","113829222"
"chr11","16464927","16465180","chr20","23378215","23378467","40","6913288"
"chr11","16467500","16467773","chr7","8621594","8621869","42","7845906"
"chr11","16478426","16478665","chr15","90273115","90273354","58","73794689"
"chr11","16484146","16484350","chr17","17384189","17384389","34","900043"
"chr11","16485207","16485327","chr5","90175505","90175623","22","73690298"
"chr11","16486933","16487018","chr18","42413180","42413271","16","25926247"
"chr11","16555168","16555492","chr14","115498753","115499071","46","98943585"
"chr11","16564465","16564778","chrX","123194482","123194796","42","106630017"
"chr11","16595224","16595516","chr1","124377384","124377676","44","107782160"
"chr11","16598278","16598603","chr3","9499503","9499807","61","7098775"
"chr11","16604851","16605208","chr6","153629786","153630128","88","137024935"
"chr11","16612316","16612630","chr7","15074404","15074710","57","1537912"
"chr11","16629531","16629835","chr1","86404746","86405046","37","69775215"
"chr11","16642662","16642956","chr20","39659316","39659610","31","23016654"
"chr11","16647924","16648219","chr11","59744208","59744500","43","43096284"
"chr11","16664257","16664530","chr3","66231822","66232082","48","49567565"
"chr11","16699659","16699933","chr3","105771797","105772067","48","89072138"
"chr11","16724864","16725162","chr12","99594984","99595284","36","82870120"
"chr11","16761057","16761324","chr6","15644274","15644547","48","1116783"
"chr11","16812569","16812846","chr1","206447940","206448229","50","189635371"
"chr11","16812915","16813208","chr3","164913166","164913461","35","148100251"
"chr11","16841419","16841700","chrX","45487697","45487995","48","28646278"
"chr11","16898751","16899047","chr15","7561500","7561795","38","9337251"
"chr11","16907436","16907741","chr2","46682521","46682821","32","29775085"
"chr11","17041277","17041574","chr3","53222154","53222450","48","36180877"
"chr11","17198580","17198703","chr3","122532566","122532690","23","105333986"
"chr11","17199420","17199693","chr14","108870097","108870378","47","91670677"
"chr11","17243127","17243411","chr2","106291841","106292126","40","89048714"
"chr11","17319575","17319871","chr6","133004541","133004839","35","115684966"
"chr11","17390635","17390928","chr1","128231015","128231307","41","110840380"
"chr11","17471899","17472192","chrX","123457402","123457697","64","105985503"
"chr11","17525813","17525952","chr11","121717039","121717180","16","104191226"
"chr11","17560745","17561055","chr3","41737602","41737912","43","24176857"
"chr11","17782877","17783187","chr5","32469834","32470141","42","14686957"
"chr11","18015603","18015911","chr11","4016647","4016949","34","13998956"
"chr11","18017123","18017415","chr3","162160688","162160978","52","144143565"
"chr11","18067016","18067320","chr13","32817425","32817728","31","14750409"
"chr11","18112881","18113181","chr13","32817425","32817728","31","14704544"
"chr11","18143219","18143517","chrX","38891205","38891511","39","20747986"
"chr11","18154187","18154490","chr2","184580196","184580486","53","166426009"
"chr11","18203480","18203752","chr3","46165413","46165699","50","27961933"
"chr11","18236010","18236302","chr7","18532501","18532788","38","296491"
"chr11","18284663","18284960","chr5","34428917","34429213","33","16144254"
"chr11","18368196","18368492","chr10","20549883","20550183","39","2181687"
"chr11","18435469","18435777","chr2","130228273","130228581","44","111792804"
"chr11","18572867","18573166","chr15","101735729","101736027","43","83162862"
"chr11","18622237","18622535","chr5","32469834","32470141","34","13847597"
"chr11","18744690","18745006","chr6","49313425","49313743","53","30568735"
"chr11","18746841","18746949","chr11","22597713","22597825","23","3850872"
"chr11","18755619","18755923","chr15","96588502","96588809","41","77832883"
"chr11","18890563","18890836","chr4","10337240","10337517","33","8553323"
"chr11","18993311","18993573","chr2","88612634","88612907","46","69619323"
"chr11","19034957","19035254","chr7","101853697","101853997","39","82818740"
"chr11","19166787","19167074","chrX","123413233","123413519","40","104246446"
"chr11","19269814","19270098","chr4","41344859","41345153","42","22075045"
"chr11","19570652","19570899","chr4","69040830","69041080","50","49470178"
"chr11","19571121","19571207","chr1","3707845","3707930","22","15863276"
"chr11","19591828","19592125","chr4","69347489","69347789","52","49755661"
"chr11","19608865","19609116","chr4","85314799","85315055","43","65705934"
"chr11","19661033","19661333","chr12","91363258","91363549","49","71702225"
"chr11","20101517","20101841","chr5","36714267","36714570","52","16612750"
"chr11","20144057","20144376","chr2","100781376","100781687","53","80637319"
"chr11","20148272","20148569","chr12","27592055","27592349","35","7443783"
"chr11","20187071","20187380","chr11","36769212","36769521","43","16582141"
"chr11","20204237","20204532","chr1","44950004","44950301","36","24745767"
"chr11","20288006","20288299","chr15","57887144","57887439","49","37599138"
"chr11","20313796","20314089","chr10","16579445","16579743","46","3734351"
"chr11","20330237","20330543","chr8","100679378","100679681","37","80349141"
"chr11","20340871","20341182","chr3","52071398","52071707","46","31730527"
"chr11","20356526","20356635","chr8","75401438","75401550","21","55044912"
"chr11","20379359","20379651","chr4","34747186","34747478","42","14367827"
"chr11","20383279","20383572","chr11","59744208","59744500","29","39360929"
"chr11","20404374","20404679","chr4","56503347","56503657","40","36098973"
"chr11","20414162","20414416","chr7","12513172","12513420","40","7900990"
"chr11","20419573","20419846","chr11","97924703","97924978","39","77505130"
"chr11","20435383","20435693","chr9","84391388","84391695","43","63956005"
"chr11","20438615","20438915","chr9","89169355","89169655","37","68730740"
"chr11","20512763","20512812","chr14","107854283","107854331","10","87341520"
"chr11","20538687","20538991","chr1","127833040","127833336","42","107294353"
"chr11","20543782","20544076","chr9","57023538","57023829","53","36479756"
"chr11","20608712","20608986","chrX","45685008","45685285","48","25076296"
"chr11","20616027","20616321","chr8","18019156","18019453","34","2596871"
"chr11","20637419","20637726","chr11","517489","517791","39","20119930"
"chr11","20687833","20688110","chrX","65477408","65477681","35","44789575"
"chr11","20699448","20699746","chr2","101906055","101906355","42","81206607"
"chr11","20700399","20700692","chr11","37621825","37622110","56","16921426"
"chr11","20746752","20747051","chr13","117086671","117086971","34","96339919"
"chr11","20762978","20763260","chr7","133065043","133065330","32","112302065"
"chr11","20771403","20771676","chr9","29856126","29856394","44","9084723"
"chr11","20787276","20787513","chr3","11189079","11189317","39","9598197"
"chr11","20816165","20816449","chr4","29322592","29322894","46","8506427"
"chr11","20816477","20816740","chr1","10273687","10273957","48","10542790"
"chr11","20828810","20829116","chr6","34306873","34307172","51","13478063"
"chr11","20829681","20829983","chr14","97144510","97144821","48","76314829"
"chr11","20883896","20884216","chr4","32666294","32666610","52","11782398"
"chr11","20896838","20897136","chr1","13865146","13865450","42","7031692"
"chr11","20989656","20989941","chr16","1651540","1651832","48","19338116"
"chr11","21002584","21002810","chr15","29611756","29611978","32","8609172"
"chr11","21040955","21041200","chr7","24936105","24936346","34","3895150"
"chr11","21042282","21042587","chr10","90861195","90861497","47","69818913"
"chr11","21088298","21088614","chr10","46007696","46008002","42","24919398"
"chr11","21175358","21175662","chr9","30414536","30414834","39","9239178"
"chr11","21206635","21206899","chr18","48879710","48879982","54","27673075"
"chr11","21236987","21237277","chr4","111680762","111681055","44","90443775"
"chr11","21239297","21239580","chr7","72707693","72707981","36","51468396"
"chr11","21246618","21246779","chr20","51205147","51205307","28","29958529"
"chr11","21289138","21289456","chr1","164085258","164085565","58","142796120"
"chr11","21315657","21315952","chr4","32871781","32872078","37","11556124"
"chr11","21323209","21323508","chr16","49586323","49586622","39","28263114"
"chr11","21335630","21335919","chr4","110946344","110946633","39","89610714"
"chr11","21418737","21419038","chr9","15423014","15423313","47","5995723"
"chr11","21437877","21438165","chr7","133065043","133065330","29","111627166"
"chr11","21438682","21438994","chr11","13691517","13691834","44","7747165"
"chr11","21438996","21439275","chr4","31083851","31084133","39","9644855"
"chr11","21445741","21446050","chr5","154450894","154451203","50","133005153"
"chr11","21557233","21557522","chr1","40137387","40137679","30","18580154"
"chr11","21908130","21908376","chr12","63756955","63757195","46","41848825"
"chr11","21953966","21954261","chr2","84844754","84845049","35","62890788"
"chr11","21997922","21998234","chr13","23501079","23501388","37","1503157"
"chr11","22186298","22186588","chr14","15577285","15577579","35","6609013"
"chr11","22298740","22299042","chr14","113574211","113574512","40","91275471"
"chr11","22325625","22325919","chr2","130011511","130011804","55","107685886"
"chr11","22333556","22333864","chr4","32401427","32401735","33","10067871"
"chr11","22378807","22379102","chr12","31837904","31838202","39","9459097"
"chr11","22484839","22485146","chr14","5934954","5935260","41","16549885"
"chr11","22547734","22548046","chrX","21382000","21382304","41","1165734"
"chr11","22557426","22557731","chr5","167818641","167818945","47","145261215"
"chr11","22584916","22585207","chr5","33844382","33844674","43","11259466"
"chr11","22593057","22593333","chr13","107792315","107792606","56","85199258"
"chr11","22605954","22606245","chr19","35677843","35678137","42","13071889"
"chr11","22607638","22607928","chr1","191232237","191232533","49","168624599"
"chr11","22617374","22617509","chr9","94901539","94901674","32","72284165"
"chr11","22636040","22636345","chr7","70273788","70274086","44","47637748"
"chr11","22684392","22684682","chr2","96239962","96240258","40","73555570"
"chr11","22830361","22830653","chr13","88006009","88006300","34","65175648"
"chr11","22832441","22832746","chr1","14339353","14339646","41","8493088"
"chr11","22856462","22856673","chr17","27671123","27671348","45","4814661"
"chr11","23069633","23069926","chr1","92711937","92712231","35","69642304"
"chr11","23081311","23081613","chr10","81444150","81444452","40","58362839"
"chr11","23169146","23169388","chr2","88599150","88599386","41","65430004"
"chr11","23277901","23278203","chr2","181253650","181253955","30","157975749"
"chr11","23303858","23304155","chr1","129924466","129924761","42","106620608"
"chr11","23306232","23306538","chr7","53416601","53416904","37","30110369"
"chr11","23313500","23313806","chr13","36266845","36267150","39","12953345"
"chr11","23320263","23320536","chr19","20438507","20438780","41","2881756"
"chr11","23357452","23357732","chr20","57463773","57464064","41","34106321"
"chr11","23385946","23386242","chr7","149443227","149443524","38","126057281"
"chr11","23426047","23426359","chr11","33968956","33969265","43","10542909"
"chr11","23427085","23427377","chr15","7561500","7561795","40","15865585"
"chr11","23428580","23428883","chr8","22381843","22382135","38","1046737"
"chr11","23429498","23429816","chr10","59221637","59221948","47","35792139"
"chr11","23441776","23442108","chr16","44035327","44035634","72","20593551"
"chr11","23461483","23461788","chr3","12603123","12603437","44","10858360"
"chr11","23465488","23465789","chr2","101420626","101420922","39","77955138"
"chr11","23525442","23525741","chr12","13891696","13891997","37","9633746"
"chr11","23556713","23557019","chr4","29986610","29986915","38","6429897"
"chr11","23569246","23569547","chr7","106942061","106942360","41","83372815"
"chr11","23585284","23585576","chr12","58244299","58244591","45","34659015"
"chr11","23645038","23645297","chr14","118731872","118732135","38","95086834"
"chr11","23650330","23650621","chr5","45792708","45793002","45","22142378"
"chr11","23681742","23682042","chr1","151903000","151903311","54","128221258"
"chr11","23801124","23801428","chr17","11233722","11234024","37","12567402"
"chr11","23807632","23807942","chr9","101100552","101100866","34","77292920"
"chr11","23809901","23810202","chr16","55057274","55057581","41","31247373"
"chr11","23958285","23958592","chr3","86340997","86341305","44","62382712"
"chr11","23970411","23970684","chr10","87259063","87259328","48","63288652"
"chr11","23994437","23994736","chr7","129456939","129457235","43","105462502"
"chr11","24089299","24089605","chr3","9499503","9499807","45","14589796"
"chr11","24125064","24125344","chr13","10029244","10029524","48","14095820"
"chr11","24162230","24162548","chr13","61259817","61260123","48","37097587"
"chr11","24173503","24173804","chr19","3064712","3065012","36","21108791"
"chr11","24180819","24181106","chr18","6455943","6456224","51","17724876"
"chr11","24207221","24207515","chr4","110946344","110946633","45","86739123"
"chr11","24227713","24228002","chr2","184580196","184580486","33","160352483"
"chr11","24236488","24236789","chr7","76889431","76889730","35","52652943"
"chr11","24252206","24252496","chr4","30381840","30382132","40","6129634"
"chr11","24255048","24255334","chr7","151979566","151979860","48","127724518"
"chr11","24273727","24274010","chr10","4308994","4309288","49","19964733"
"chr11","24287880","24288190","chr4","38599326","38599630","45","14311446"
"chr11","24329606","24329906","chr7","38216502","38216800","43","13886896"
"chr11","24358798","24359106","chr1","128791048","128791346","48","104432250"
"chr11","24366596","24366888","chr3","41188591","41188879","36","16821995"
"chr11","24382595","24382860","chr19","35270753","35270997","60","10888158"
"chr11","24424669","24424965","chr5","2641267","2641568","40","21783402"
"chr11","24733946","24734243","chr10","36643071","36643367","49","11909125"
"chr11","24751423","24751731","chr15","1988979","1989274","52","22762444"
"chr11","24804937","24805233","chr2","46893044","46893340","39","22088107"
"chr11","25168436","25168715","chr19","14477659","14477939","37","10690777"
"chr11","25230985","25231291","chr7","77029098","77029406","42","51798113"
"chr11","25496646","25496943","chr5","34428917","34429213","40","8932271"
"chr11","25703765","25704064","chr7","16206849","16207148","32","9496916"
"chr11","25705516","25705812","chr7","129456939","129457235","36","103751423"
"chr11","25712468","25712758","chr3","152822996","152823281","43","127110528"
"chr11","25781938","25782053","chrX","39939386","39939502","23","14157448"
"chr11","25783005","25783176","chr5","47840997","47841165","25","22057992"
"chr11","25794375","25794641","chr2","8148306","8148591","67","17646069"
"chr11","26086905","26087201","chr1","43483243","43483537","42","17396338"
"chr11","26145317","26145617","chr1","7993999","7994304","39","18151318"
"chr11","26146550","26146861","chrX","38891205","38891511","57","12744655"
"chr11","26209258","26209481","chr10","76202595","76202819","30","49993337"
"chr11","26217023","26217322","chr7","37449373","37449676","38","11232350"
"chr11","26287316","26287602","chr14","63716116","63716415","46","37428800"
"chr11","26288831","26289133","chr4","3872146","3872447","35","22416685"
"chr11","26368241","26368553","chr19","35658502","35658813","44","9290261"
"chr11","26387966","26388272","chr1","128155382","128155688","38","101767416"
"chr11","26603843","26604132","chr17","79254878","79255163","39","52651035"
"chr11","26754087","26754390","chr6","124714488","124714790","39","97960401"
"chr11","26765274","26765568","chr8","25582102","25582396","31","1183172"
"chr11","26779437","26779740","chr1","29302115","29302413","46","2522678"
"chr11","26891773","26892078","chrX","87393046","87393349","43","60501273"
"chr11","26916520","26916651","chr3","82623499","82623631","19","55706979"
"chr11","27003464","27003742","chr16","46611004","46611288","59","19607540"
"chr11","27010235","27010536","chr12","68470545","68470847","36","41460310"
"chr11","27161592","27161899","chr4","32401427","32401735","39","5239835"
"chr11","27233930","27234040","chr15","94346092","94346196","17","67112162"
"chr11","27347177","27347481","chr7","77029098","77029406","33","49681921"
"chr11","27354124","27354437","chr1","48485475","48485781","46","21131351"
"chr11","27458922","27459211","chr12","31382654","31382950","55","3923732"
"chr11","27917101","27917389","chr3","24783656","24783946","45","3133445"
"chr11","27921706","27921886","chr1","184762785","184762964","31","156841079"
"chr11","27934908","27935200","chr1","212161360","212161649","31","184226452"
"chr11","27962564","27962863","chr3","45626371","45626668","38","17663807"
"chr11","28015500","28015753","chr14","17535227","17535481","35","10480273"
"chr11","28020106","28020407","chr1","129877213","129877510","39","101857107"
"chr11","28054546","28054820","chr1","110267636","110267919","45","82213090"
"chr11","28060997","28061276","chr10","56101030","56101329","53","28040033"
"chr11","28077851","28078144","chr3","133866579","133866872","37","105788728"
"chr11","28101580","28101866","chr9","84466373","84466663","55","56364793"
"chr11","28146464","28146529","chr7","15720162","15720230","15","12426302"
"chr11","28167164","28167414","chr4","81148169","81148419","39","52981005"
"chr11","28176045","28176348","chr17","49283988","49284292","37","21107943"
"chr11","28263583","28263870","chr11","131492005","131492296","52","103228422"
"chr11","28310304","28310602","chr7","52736490","52736780","35","24426186"
"chr11","28332130","28332424","chr8","25582102","25582396","35","2750028"
"chr11","28369185","28369473","chr7","117030480","117030769","46","88661295"
"chr11","28391328","28391619","chr9","7025626","7025918","37","21365702"
"chr11","28447946","28448253","chr7","15880327","15880625","44","12567619"
"chr11","28456077","28456371","chr4","13663992","13664285","36","14792085"
"chr11","28463596","28463890","chr5","33978495","33978788","48","5514899"
"chr11","28499556","28499848","chr12","69597135","69597433","40","41097579"
"chr11","28520082","28520374","chr3","83519048","83519341","36","54998966"
"chr11","28537929","28538231","chr1","64114361","64114663","36","35576432"
"chr11","28570526","28570825","chr10","33030101","33030407","36","4459575"
"chr11","28685052","28685338","chr1","130205296","130205578","47","101520244"
"chr11","28698238","28698535","chr11","59744208","59744500","35","31045970"
"chr11","28729417","28729555","chr8","76522039","76522178","16","47792622"
"chr11","28745942","28746105","chr6","168710657","168710821","23","139964715"
"chr11","28772145","28772460","chr16","32176074","32176385","50","3403929"
"chr11","28932204","28932329","chr18","2815099","2815224","16","26117105"
"chr11","29513973","29514277","chr16","11126268","11126568","40","18387705"
"chr11","29520583","29520865","chr1","184947402","184947687","47","155426819"
"chr11","29600030","29600323","chr15","9873078","9873375","41","19726952"
"chr11","29722736","29723013","chrX","86349753","86350031","45","56627017"
"chr11","29754411","29754716","chr1","128155382","128155688","32","98400971"
"chr11","29872570","29872862","chr14","120614992","120615277","47","90742422"
"chr11","30088691","30088990","chr2","101278895","101279193","43","71190204"
"chr11","30241219","30241513","chr20","51745649","51745944","40","21504430"
"chr11","30275056","30275349","chr4","33590691","33590987","47","3315635"
"chr11","30415354","30415662","chr2","172273457","172273758","37","141858103"
"chr11","30792049","30792348","chr2","39660204","39660504","34","8868155"
"chr11","31196723","31197030","chr6","124714488","124714790","42","93517765"
"chr11","31284457","31284745","chr1","201480796","201481098","62","170196339"
"chr11","31330316","31330603","chr10","45873884","45874177","50","14543568"
"chr11","31437397","31437701","chr7","73560013","73560323","45","42122616"
"chr11","31568196","31568504","chr3","44152346","44152653","38","12584150"
"chr11","31593162","31593462","chr3","63144094","63144379","51","31550932"
"chr11","31593504","31593800","chr1","185903042","185903338","38","154309538"
"chr11","31604451","31604742","chr10","89269229","89269521","51","57664778"
"chr11","31705632","31705925","chr2","184572052","184572344","39","152866420"
"chr11","32008151","32008422","chr16","45339014","45339298","42","13330863"
"chr11","32085200","32085487","chr9","7025626","7025918","38","25059574"
"chr11","32234221","32234511","chr3","164913166","164913461","38","132678945"
"chr11","32290888","32291178","chr11","128044486","128044778","36","95753598"
"chr11","32368565","32368846","chr1","118003993","118004283","35","85635428"
"chr11","32426234","32426537","chr2","123712519","123712817","40","91286285"
"chr11","32437025","32437321","chr11","59744208","59744500","33","27307183"
"chr11","32443221","32443518","chr4","132287893","132288193","45","99844672"
"chr11","32514676","32514957","chr2","85831524","85831810","47","53316848"
"chr11","32656367","32656672","chr1","208474725","208475026","41","175818358"
"chr11","32725168","32725444","chr16","10487157","10487432","38","22238011"
"chr11","32770610","32770912","chr9","25603269","25603573","40","7167341"
"chr11","32786015","32786320","chr9","41789259","41789559","46","9003244"
"chr11","32909506","32909818","chr12","63712638","63712948","56","30803132"
"chr11","32983640","32983908","chr3","52295797","52296068","44","19312157"
"chr11","33005270","33005563","chr7","40750157","40750451","35","7744887"
"chr11","33464006","33464254","chr10","19416042","19416290","46","14047964"
"chr11","33519208","33519514","chr5","166713339","166713644","35","133194131"
"chr11","33738737","33738967","chr7","121329046","121329267","30","87590309"
"chr11","33741414","33741707","chr2","81991105","81991401","38","48249691"
"chr11","34986044","34986320","chr13","60843222","60843504","50","25857178"
"chr11","34999114","34999415","chr1","85129851","85130148","41","50130737"
"chr11","35006738","35007043","chr18","51183412","51183721","34","16176674"
"chr11","35028063","35028353","chr1","91720982","91721273","44","56692919"
"chr11","35035136","35035427","chr1","40137387","40137679","33","5102251"
"chr11","35062388","35062680","chr19","50854091","50854388","42","15791703"
"chr11","35062681","35062959","chr1","138442910","138443191","48","103380229"
"chr11","35149128","35149401","chr1","57692955","57693234","50","22543827"
"chr11","35166179","35166480","chr13","32817425","32817728","32","2348754"
"chr11","35172904","35173177","chr13","108552245","108552502","53","73379341"
"chr11","35189818","35190108","chr9","37215593","37215883","36","2025775"
"chr11","35238647","35238948","chr1","43639311","43639611","31","8400664"
"chr11","35240487","35240769","chr15","81608904","81609175","53","46368417"
"chr11","35289822","35290114","chr7","130020947","130021236","41","94731125"
"chr11","35326994","35327262","chr7","91426149","91426415","40","56099155"
"chr11","35373865","35373970","chr4","34787688","34787791","13","586177"
"chr11","35408219","35408516","chr1","123819805","123820103","50","88411586"
"chr11","35613546","35613846","chr16","50298577","50298876","37","14685031"
"chr11","35762436","35762586","chr4","103459648","103459795","19","67697212"
"chr11","35931288","35931574","chr1","42476755","42477044","45","6545467"
"chr11","35990770","35991074","chr6","133869535","133869843","38","97878765"
"chr11","36073154","36073448","chr6","115604263","115604559","45","79531109"
"chr11","36208356","36208645","chr14","1773153","1773437","41","34435203"
"chr11","36279519","36279802","chr16","1419036","1419322","41","34860483"
"chr11","36379203","36379495","chr12","21276436","21276726","45","15102767"
"chr11","36435704","36435999","chr7","52736490","52736780","37","16300786"
"chr11","36541321","36541610","chr4","110957792","110958087","44","74416471"
"chr11","36585097","36585401","chr9","84308480","84308785","43","47723383"
"chr11","36588518","36588810","chrX","118400711","118401003","43","81812193"
"chr11","36618187","36618491","chr4","3145119","3145426","34","33473068"
"chr11","36686323","36686605","chr19","645039","645323","35","36041284"
"chr11","36689140","36689452","chr13","43327633","43327946","49","6638493"
"chr11","37014011","37014326","chr17","30611756","30612052","59","6402255"
"chr11","37025121","37025425","chrX","137765287","137765594","41","100740166"
"chr11","37248963","37249257","chr14","114488858","114489164","57","77239895"
"chr11","37261354","37261482","chr9","12890266","12890398","27","24371088"
"chr11","37582232","37582520","chr11","88966345","88966635","47","51384113"
"chr11","37693669","37693961","chr12","65089310","65089598","65","27395641"
"chr11","37699625","37699917","chr1","94365322","94365615","31","56665697"
"chr11","37855442","37855702","chr7","147219267","147219530","47","109363825"
"chr11","37878539","37878801","chr4","24804662","24804922","42","13073877"
"chr11","37878808","37878858","chr1","175619971","175620019","10","137741163"
"chr11","38038785","38039065","chr6","51475431","51475711","45","13436646"
"chr11","38099898","38100178","chr12","13447800","13448082","42","24652098"
"chr11","38114848","38115122","chr20","13742097","13742379","55","24372751"
"chr11","38243874","38244167","chr3","151761120","151761415","51","113517246"
"chr11","38333683","38333998","chr8","25582102","25582396","54","12751581"
"chr11","38471920","38472213","chr8","127022151","127022443","42","88550231"
"chr11","38542106","38542387","chr4","31083851","31084133","45","7458255"
"chr11","38592448","38592751","chr16","21639667","21639964","38","16952781"
"chr11","38615893","38616153","chr14","28482811","28483074","35","10133082"
"chr11","38705164","38705452","chr16","53316641","53316931","54","14611477"
"chr11","38741335","38741633","chr19","3064712","3065012","29","35676623"
"chr11","38858155","38858437","chr5","60428647","60428931","45","21570492"
"chr11","39023219","39023488","chr16","50279212","50279487","34","11255993"
"chr11","39190612","39190890","chr9","93552709","93552987","48","54362097"
"chr11","39301019","39301327","chr9","57835064","57835373","50","18534045"
"chr11","39357624","39357790","chr13","93249064","93249232","26","53891440"
"chr11","39498214","39498516","chrX","142505359","142505669","39","103007145"
"chr11","39538892","39539186","chr19","47346860","47347149","48","7807968"
"chr11","39795713","39796017","chr4","14949121","14949425","42","24846592"
"chr11","39878352","39878656","chr1","7993999","7994304","37","31884353"
"chr11","39948241","39948519","chr3","160599803","160600082","50","120651562"
"chr11","40225952","40226244","chr8","31560759","31561049","52","8665193"
"chr11","40428183","40428290","chr15","88436843","88436953","32","48008660"
"chr11","40466945","40467243","chr4","2534955","2535251","37","37931990"
"chr11","40697147","40697445","chr19","3064712","3065012","31","37632435"
"chr11","40985710","40985965","chr4","42930490","42930739","52","1944780"
"chr11","41032693","41033025","chr4","30138404","30138739","44","10894289"
"chr11","41202417","41202718","chr9","61749418","61749718","32","20547001"
"chr11","41240923","41241231","chr1","36440897","36441200","55","4800026"
"chr11","41295900","41296202","chr2","55010925","55011223","41","13715025"
"chr11","41359547","41359822","chr2","48921809","48922082","48","7562262"
"chr11","41383332","41383626","chr13","73189729","73190025","41","31806397"
"chr11","41483452","41483775","chr8","31649147","31649450","52","9834305"
"chr11","41486856","41487151","chr17","87583600","87583894","38","46096744"
"chr11","41525061","41525337","chrX","97704052","97704327","47","56178991"
"chr11","41529422","41529704","chr1","181791465","181791753","45","140262043"
"chr11","41771283","41771576","chr1","139209242","139209533","41","97437959"
"chr11","41845690","41845930","chr14","85570934","85571168","45","43725244"
"chr11","42073604","42073903","chr1","123829563","123829868","41","81755959"
"chr11","42212450","42212744","chr2","77735973","77736266","34","35523523"
"chr11","42365402","42365702","chr13","32817425","32817728","32","9547977"
"chr11","42391785","42392097","chr10","32212628","32212940","51","10179157"
"chr11","42496305","42496551","chr2","185482859","185483105","38","142986554"
"chr11","42717335","42717634","chrX","59935347","59935637","57","17218012"
"chr11","42775424","42775724","chr2","46682521","46682821","37","3907097"
"chr11","42806755","42806960","chr20","49267706","49267913","34","6460951"
"chr11","42842803","42842934","chr1","25714121","25714252","18","17128682"
"chr11","42947154","42947455","chrX","17634746","17635046","40","25312408"
"chr11","43078159","43078438","chr1","202707884","202708154","42","159629725"
"chr11","43140248","43140553","chr13","62991818","62992120","44","19851570"
"chr11","43140743","43141039","chr16","4595173","4595473","27","38545570"
"chr11","43170117","43170417","chr1","59715826","59716126","45","16545709"
"chr11","43203345","43203640","chr2","39329636","39329937","37","3873709"
"chr11","43239576","43239702","chr19","44352064","44352192","23","1112488"
"chr11","43239962","43240147","chr16","46213772","46213962","30","2973810"
"chr11","43240255","43240532","chr7","49208770","49209048","46","5968515"
"chr11","43275790","43276088","chr12","35031886","35032181","40","8243904"
"chr11","43331378","43331679","chr3","31567165","31567474","38","11764213"
"chr11","43574427","43574718","chr1","125312140","125312429","36","81737713"
"chr11","43609831","43610127","chr8","127022151","127022443","35","83412320"
"chr11","43744872","43745175","chr15","41641300","41641603","45","2103572"
"chr11","43821482","43821786","chr4","6122453","6122755","43","37699029"
"chr11","43824865","43825154","chr16","1419036","1419322","36","42405829"
"chr11","43830188","43830280","chr1","109969377","109969468","11","66139189"
"chr11","43942794","43943086","chr7","52736490","52736780","30","8793696"
"chr11","43962143","43962441","chr3","151746397","151746694","41","107784254"
"chr11","43974381","43974511","chr15","9976956","9977087","29","33997425"
"chr11","43977677","43977973","chr16","25047575","25047871","35","18930102"
"chr11","44031019","44031299","chr6","135557319","135557608","47","91526300"
"chr11","44080026","44080329","chr4","41971978","41972281","50","2108048"
"chr11","44081980","44082280","chr1","114141291","114141594","38","70059311"
"chr11","44085321","44085623","chr13","32817425","32817728","36","11267896"
"chr11","44142093","44142389","chr14","98318663","98318962","40","54176570"
"chr11","44222493","44222790","chr3","160772561","160772858","51","116550068"
"chr11","44253402","44253696","chr17","19374053","19374353","37","24879349"
"chr11","44274683","44274978","chr7","34213746","34214034","35","10060937"
"chr11","44466619","44466915","chr7","133065043","133065330","39","88598424"
"chr11","44624777","44625074","chr9","113200398","113200692","54","68575621"
"chr11","44656807","44657121","chr20","16080759","16081069","53","28576048"
"chr11","44674557","44674859","chr10","67405046","67405353","47","22730489"
"chr11","44716884","44717201","chr16","15788944","15789248","47","28927940"
"chr11","44739366","44739607","chr11","61556805","61557055","58","16817439"
"chr11","44927453","44927736","chr3","134867637","134867930","45","89940184"
"chr11","45206840","45207113","chr2","165757823","165758089","53","120550983"
"chr11","45355264","45355579","chr9","84391388","84391695","53","39036124"
"chr11","45474631","45474900","chr20","28738202","28738471","37","16736429"
"chr11","45490256","45490534","chr19","14477659","14477939","41","31012597"
"chr11","45534362","45534638","chr1","47939210","47939486","54","2404848"
"chr11","45597306","45597598","chr12","27592055","27592349","39","18005251"
"chr11","45608124","45608407","chr7","16973425","16973705","57","28634699"
"chr11","45624250","45624538","chr10","13715666","13715954","41","31908584"
"chr11","45793796","45794058","chr14","108589973","108590234","60","62796177"
"chr11","45981936","45982233","chr13","72948254","72948560","38","26966318"
"chr11","45990833","45991121","chr1","201871139","201871415","53","155880306"
"chr11","46014506","46014789","chr9","40820473","40820753","43","5194033"
"chr11","46067992","46068289","chr3","45626371","45626668","34","441621"
"chr11","46076483","46076786","chr8","91540919","91541218","44","45464436"
"chr11","46156633","46156923","chr1","94365322","94365615","38","48208689"
"chr11","46160433","46160744","chr7","77029098","77029406","41","30868665"
"chr11","46181636","46181935","chr14","7612816","7613116","44","38568820"
"chr11","46425840","46426142","chr3","175463997","175464306","58","129038157"
"chr11","46457256","46457537","chr3","92856547","92856828","48","46399291"
"chr11","46674661","46674875","chr3","151807944","151808153","29","105133283"
"chr11","46683771","46684079","chr1","90905213","90905512","65","44221442"
"chr11","46824387","46824690","chrX","28734753","28735052","45","18089634"
"chr11","47067766","47068067","chr5","3015897","3016195","47","44051869"
"chr11","47408332","47408585","chr17","53466498","53466743","45","6058166"
"chr11","47409229","47409294","chr1","139881170","139881236","14","92471941"
"chr11","47502719","47502981","chr4","135313924","135314188","41","87811205"
"chr11","47524492","47524783","chr8","125553163","125553457","43","78028671"
"chr11","47671807","47672096","chrX","38190147","38190439","45","9481660"
"chr11","47754450","47754747","chr2","46682521","46682821","37","1071929"
"chr11","47822097","47822397","chr16","52939223","52939511","42","5117126"
"chr11","47831881","47832181","chr1","11912016","11912323","40","35919865"
"chr11","47855520","47855831","chr18","51183412","51183721","51","3327892"
"chr11","47943650","47943951","chr18","51183412","51183721","45","3239762"
"chr11","48027498","48027714","chr4","158526667","158526889","50","110499169"
"chr11","48101654","48101930","chr1","191687899","191688176","44","143586245"
"chr11","48164060","48164354","chr16","42531327","42531624","44","5632733"
"chr11","48176388","48176688","chr19","26787614","26787918","42","21388774"
"chr11","48275051","48275345","chr19","45993421","45993713","46","2281630"
"chr11","48415750","48416058","chr20","42795095","42795400","41","5620655"
"chr11","48425376","48425618","chr15","8408386","8408643","51","40016990"
"chr11","48456822","48457116","chr9","55463616","55463910","45","7006794"
"chr11","48520911","48521186","chr10","47330984","47331271","47","1189927"
"chr11","48533228","48533523","chr11","59744208","59744500","34","11210980"
"chr11","48786751","48787041","chr4","2534955","2535251","34","46251796"
"chr11","48898076","48898243","chr9","61763170","61763330","32","12865094"
"chr11","48925918","48926175","chr4","10337240","10337517","56","38588678"
"chr11","49132468","49132719","chr18","38937591","38937830","44","10194877"
"chr11","49188272","49188559","chr16","1419036","1419322","45","47769236"
"chr11","49248302","49248574","chr1","47939210","47939486","50","1309092"
"chr11","49451028","49451229","chr10","79672783","79672981","28","30221755"
"chr11","49464746","49465024","chr1","87486899","87487184","51","38022153"
"chr11","49491383","49491668","chr5","154300109","154300405","43","104808726"
"chr11","49542124","49542409","chr9","31579705","31579987","53","17962419"
"chr11","49815309","49815608","chr15","36760666","36760962","48","13054643"
"chr11","49835739","49836036","chr19","3064712","3065012","35","46771027"
"chr11","49844164","49844250","chr6","108308833","108308922","20","58464669"
"chr11","49844348","49844542","chr20","19297264","19297468","50","30547084"
"chr11","49879238","49879497","chr6","151709277","151709543","48","101830039"
"chr11","50289031","50289325","chr2","184580196","184580486","42","134291165"
"chr11","50359928","50360243","chr2","83271537","83271849","48","32911609"
"chr11","50540143","50540421","chr19","44121713","44121997","40","6418430"
"chr11","50575026","50575308","chr10","59288374","59288678","51","8713348"
"chr11","50580928","50581235","chr16","49305255","49305552","48","1275673"
"chr11","50621337","50621636","chr1","101247699","101247996","42","50626362"
"chr11","50660057","50660350","chr1","127833040","127833336","49","77172983"
"chr11","50686488","50686781","chr1","163039410","163039702","45","112352922"
"chr11","50689219","50689510","chr14","77130026","77130319","37","26440807"
"chr11","50785846","50786127","chrX","27848874","27849153","52","22936972"
"chr11","50802580","50802875","chr7","90971726","90972022","49","40169146"
"chr11","50808354","50808648","chr2","101278895","101279193","40","50470541"
"chr11","50844998","50845299","chr7","76702865","76703162","44","25857867"
"chr11","50859293","50859589","chr7","150909055","150909346","36","100049762"
"chr11","50909616","50909908","chr14","111877236","111877529","34","60967620"
"chr11","50913830","50914127","chr6","16748520","16748817","31","34165310"
"chr11","50951832","50952116","chr10","62315260","62315548","33","11363428"
"chr11","50964111","50964295","chr6","166441447","166441620","28","115477336"
"chr11","51199701","51199985","chr14","76647597","76647883","37","25447896"
"chr11","51235109","51235374","chr9","24560211","24560475","42","26674898"
"chr11","51507522","51507815","chr6","133004541","133004839","53","81497019"
"chr11","51514007","51514283","chr6","133809961","133810236","47","82295954"
"chr11","51527235","51527401","chr4","144414204","144414371","28","92886969"
"chr11","51577697","51577962","chr1","189009709","189009994","56","137432012"
"chr11","51595234","51595538","chr10","16049988","16050292","43","35545246"
"chr11","51608414","51608721","chr9","19850832","19851138","41","31757582"
"chr11","51640236","51640527","chr9","7025626","7025918","36","44614610"
"chr11","51674733","51674861","chr16","45048622","45048751","17","6626111"
"chr11","51751499","51751797","chr1","67368758","67369056","41","15617259"
"chr11","51784384","51784686","chr9","88756829","88757132","39","36972445"
"chr11","51798193","51798483","chr11","3044067","3044364","38","48754126"
"chr11","51832358","51832484","chr15","38116603","38116732","18","13715755"
"chr11","51837216","51837513","chr12","58244299","58244591","44","6407083"
"chr11","51869933","51870222","chr8","118117220","118117513","50","66247287"
"chr11","52018335","52018613","chr3","48298408","48298697","39","3719927"
"chr11","52158620","52158892","chr2","100062378","100062646","44","47903758"
"chr11","52177888","52178170","chr1","65416774","65417058","46","13238886"
"chr11","52221832","52222126","chr1","48444023","48444319","41","3777809"
"chr11","52225984","52226278","chr11","21890691","21890992","51","30335293"
"chr11","52516734","52517010","chr5","148172410","148172693","43","95655676"
"chr11","52685617","52685913","chr7","38013110","38013409","36","14672507"
"chr11","52718516","52718797","chr4","37095874","37096153","35","15622642"
"chr11","52771682","52771993","chr8","139262640","139262952","38","86490958"
"chr11","52917479","52917772","chr11","88536600","88536893","42","35619121"
"chr11","52946749","52947046","chr1","12826801","12827100","47","40119948"
"chr11","53077167","53077467","chr1","216020767","216021074","40","162943600"
"chr11","53118388","53118695","chr14","5934954","5935260","46","47183434"
"chr11","53140195","53140494","chr5","32469834","32470141","46","20670361"
"chr11","53323881","53324201","chr3","170778833","170779151","50","117454952"
"chr11","53343150","53343432","chr3","44490997","44491287","37","8852153"
"chr11","53377678","53377977","chr1","946135","946434","39","52431543"
"chr11","53434614","53434924","chr9","101100552","101100866","35","47665938"
"chr11","53463533","53463859","chr12","63820146","63820469","48","10356613"
"chr11","53478754","53479052","chr6","128266238","128266531","49","74787484"
"chr11","53544727","53544855","chr11","49192697","49192830","21","4352030"
"chr11","53752510","53752787","chr1","1510148","1510425","38","52242362"
"chr11","53762152","53762431","chr19","13590990","13591272","40","40171162"
"chr11","53857726","53857972","chr15","35980878","35981131","44","17876848"
"chr11","53985244","53985532","chr15","92990546","92990839","47","39005302"
"chr11","54005132","54005428","chr14","73945518","73945810","40","19940386"
"chr11","54314761","54315003","chr7","24936105","24936346","35","29378656"
"chr11","54449001","54449164","chr10","86065845","86066023","56","31616844"
"chr11","54473023","54473312","chr20","49494631","49494915","43","4978392"
"chr11","54565076","54565368","chr1","55143283","55143576","51","578207"
"chr11","54750847","54751151","chr6","127852909","127853211","39","73102062"
"chr11","54781879","54781984","chr11","12024313","12024418","22","42757566"
"chr11","54831480","54831551","chr9","83803393","83803467","17","28971913"
"chr11","54839186","54839484","chrX","43858741","43859035","46","10980445"
"chr11","54859679","54859991","chr4","56503347","56503657","49","1643668"
"chr11","54923306","54923611","chr2","186451766","186452061","51","131528460"
"chr11","54952023","54952318","chr2","184580196","184580486","42","129628173"
"chr11","55005335","55005615","chr4","107911095","107911379","46","52905760"
"chr11","55092588","55092884","chr4","104215514","104215807","40","49122926"
"chr11","55097748","55098015","chr20","37404718","37404983","41","17693030"
"chr11","55144092","55144322","chr3","13874085","13874311","44","41270007"
"chr11","55172067","55172364","chr12","93282134","93282430","36","38110067"
"chr11","55191994","55192233","chr14","72796514","72796745","44","17604520"
"chr11","55210369","55210648","chr10","62052771","62053054","58","6842402"
"chr11","55305855","55306153","chr16","49861297","49861598","46","5444558"
"chr11","55476244","55476542","chr6","124714488","124714790","35","69238244"
"chr11","55584529","55584818","chr16","1419036","1419322","45","54165493"
"chr11","55600300","55600526","chr6","101369939","101370158","35","45769639"
"chr11","55638949","55639083","chr20","10775435","10775571","19","44863514"
"chr11","55803574","55803878","chr4","10828530","10828827","44","44975044"
"chr11","55878744","55879050","chr7","37449373","37449676","53","18429371"
"chr11","55885069","55885368","chr16","21958952","21959252","45","33926117"
"chr11","55925008","55925305","chr13","32325637","32325935","51","23599371"
"chr11","55930398","55930556","chr14","9667615","9667777","33","46262783"
"chr11","55994457","55994751","chr14","64582382","64582682","43","8587925"
"chr11","56054916","56055192","chr9","7025626","7025918","43","49029290"
"chr11","56080825","56081124","chr13","32817425","32817728","32","23263400"
"chr11","56100320","56100627","chr18","12432850","12433158","34","43667470"
"chr11","56172719","56173001","chr9","91251318","91251593","58","35078599"
"chr11","56309349","56309578","chr19","13900731","13900950","68","42408618"
"chr11","56318503","56318796","chr1","94365322","94365615","37","38046819"
"chr11","56857789","56857875","chr1","76284381","76284466","13","19426592"
"chr11","56986802","56986959","chr3","84702351","84702506","26","27715549"
"chr11","57030934","57031205","chrX","65477408","65477681","45","8446474"
"chr11","57047285","57047600","chr9","15247736","15248032","50","41799549"
"chr11","57096685","57096990","chr13","32817425","32817728","37","24279260"
"chr11","57132822","57133101","chr13","90970128","90970408","46","33837306"
"chr11","57247350","57247611","chr3","1997406","1997669","48","55249944"
"chr11","57255538","57255840","chr1","37487553","37487854","47","19767985"
"chr11","57381202","57381338","chr18","24104552","24104687","15","33276650"
"chr11","57427776","57428067","chr16","8408570","8408851","59","49019206"
"chr11","57552026","57552317","chr7","16206849","16207148","36","41345177"
"chr11","57603535","57603852","chrX","17430672","17430990","41","40172863"
"chr11","57932848","57932970","chr19","11034584","11034709","18","46898264"
"chr11","58172124","58172413","chr10","62613928","62614216","34","4441804"
"chr11","58405288","58405588","chr18","49838043","49838335","45","8567245"
"chr11","58485387","58485683","chr14","30576907","30577204","44","27908480"
"chr11","58493289","58493592","chr1","44275417","44275723","38","14217872"
"chr11","58542469","58542788","chr3","125947433","125947731","75","67404964"
"chr11","58635011","58635298","chr13","25429301","25429585","51","33205710"
"chr11","58771307","58771596","chr1","41910514","41910802","41","16860793"
"chr11","58864214","58864496","chr16","52704448","52704733","45","6159766"
"chr11","58956238","58956525","chr14","119229630","119229918","45","60273392"
"chr11","59084104","59084387","chr11","84441205","84441494","36","25357101"
"chr11","59175378","59175686","chr1","128155382","128155688","43","68980004"
"chr11","59198268","59198350","chr10","36003721","36003802","17","23194547"
"chr11","59218419","59218718","chr1","53988770","53989067","36","5229649"
"chr11","59365587","59365851","chrX","122712517","122712780","41","63346930"
"chr11","59460400","59460708","chr11","6563934","6564243","44","52896466"
"chr11","59644455","59644742","chr13","24508987","24509277","38","35135468"
"chr11","59660328","59660627","chrX","22003554","22003852","34","37656774"
"chr11","59662214","59662513","chr19","30662188","30662498","49","29000026"
"chr11","59736018","59736312","chr7","96230630","96230924","36","36494612"
"chr11","59744804","59745075","chr12","81748604","81748887","49","22003800"
"chr11","59769790","59770068","chr9","37869088","37869367","46","21900702"
"chr11","59787734","59788044","chr1","36440897","36441200","38","23346837"
"chr11","59860672","59860982","chr12","19918904","19919209","41","39941768"
"chr11","59951320","59951611","chr7","18532501","18532788","34","41418819"
"chr11","59966976","59967274","chr1","65662451","65662746","49","5695475"
"chr11","59991733","59992024","chr12","58998827","58999127","39","992906"
"chr11","60031149","60031285","chr18","15637510","15637653","26","44393639"
"chr11","60057912","60058201","chr10","20830175","20830469","38","39227737"
"chr11","60080697","60080986","chr4","32103397","32103688","47","27977300"
"chr11","60101430","60101735","chr15","92617730","92618034","32","32516300"
"chr11","60116054","60116354","chr10","1474075","1474368","51","58641979"
"chr11","60120814","60121105","chr15","26878649","26878926","56","33242165"
"chr11","60145222","60145507","chr3","78122440","78122733","48","17977218"
"chr11","60145887","60146011","chr9","60996102","60996210","33","850215"
"chr11","60219354","60219661","chr1","1866324","1866628","34","58353030"
"chr11","60225421","60225730","chr7","77029098","77029406","36","16803677"
"chr11","60240036","60240344","chr11","8649180","8649480","43","51590856"
"chr11","60248402","60248696","chr12","97473240","97473538","39","37224838"
"chr11","60263904","60264175","chr1","101699440","101699709","39","41435536"
"chr11","60312757","60313054","chr13","94201262","94201554","30","33888505"
"chr11","60356078","60356382","chr13","32817425","32817728","35","27538653"
"chr11","60373881","60374173","chr2","38884008","38884302","42","21489873"
"chr11","60375514","60375821","chr3","178262535","178262841","58","117887021"
"chr11","60388711","60388887","chr20","62937770","62937949","36","2549059"
"chr11","60401919","60402227","chr5","101316280","101316579","50","40914361"
"chr11","60464839","60465101","chr6","89841228","89841489","39","29376389"
"chr11","60467947","60468238","chr7","148821081","148821370","39","88353134"
"chr11","60473314","60473597","chr3","43135407","43135692","41","17337907"
"chr11","60574830","60575120","chr6","64755114","64755406","41","4180284"
"chr11","60612881","60613199","chr4","3145119","3145426","49","57467762"
"chr11","60623214","60623490","chr3","124904987","124905268","48","64281773"
"chr11","60643033","60643296","chr1","190360719","190360980","31","129717686"
"chr11","60684612","60684764","chr1","123784024","123784177","25","63099412"
"chr11","60686982","60687284","chr1","946135","946434","34","59740847"
"chr11","60753704","60753983","chr1","138442910","138443191","53","77689206"
"chr11","60755321","60755634","chr10","46007696","46008002","49","14747625"
"chr11","60850429","60850703","chr1","113808848","113809132","54","52958419"
"chr11","60934132","60934427","chr2","84844754","84845049","38","23910622"
"chr11","61001749","61002049","chr3","10818014","10818324","46","50183735"
"chr11","61019771","61020055","chr16","30015721","30016013","60","31004050"
"chr11","61041829","61042129","chr4","10828530","10828827","45","50213299"
"chr11","61053452","61053748","chr1","159897609","159897902","32","98844157"
"chr11","61055192","61055502","chr10","26504544","26504849","47","34550648"
"chr11","61081960","61082251","chr7","133065043","133065330","35","71983083"
"chr11","61115026","61115293","chr10","75674323","75674592","56","14559297"
"chr11","61115809","61116100","chr10","62315260","62315548","42","1199451"
"chr11","61131378","61131672","chr7","114822770","114823069","41","53691392"
"chr11","61138824","61139117","chr5","71604977","71605269","50","10466153"
"chr11","61170814","61171058","chr11","46291436","46291687","42","14879378"
"chr11","61184868","61185173","chr11","128184979","128185281","48","67000111"
"chr11","61190874","61191169","chr1","219225924","219226223","36","158035050"
"chr11","61214571","61214879","chr5","96386729","96387038","42","35172158"
"chr11","61221584","61221877","chr4","113276993","113277288","53","52055409"
"chr11","61244087","61244383","chr13","88408385","88408682","38","27164298"
"chr11","61356243","61356525","chr10","9923562","9923850","55","51432681"
"chr11","61377593","61377844","chr3","50901308","50901545","50","10476285"
"chr11","61425366","61425676","chr8","102144654","102144968","34","40719288"
"chr11","61442612","61442918","chr5","138199171","138199479","38","76756559"
"chr11","61493899","61494200","chr13","32817425","32817728","32","28676474"
"chr11","61520783","61521070","chr1","158198823","158199105","44","96678040"
"chr11","61537107","61537414","chr5","171657301","171657602","46","110120194"
"chr11","61538277","61538572","chr3","169260164","169260459","40","107721887"
"chr11","61612639","61612955","chr5","170875139","170875447","49","109262500"
"chr11","61619799","61620095","chr8","94958903","94959204","41","33339104"
"chr11","61621087","61621372","chr13","27876019","27876307","39","33745068"
"chr11","61674937","61675234","chr13","42186498","42186798","47","19488439"
"chr11","61720825","61721112","chr13","26338117","26338407","40","35382708"
"chr11","61726195","61726495","chr1","79952767","79953067","45","18226572"
"chr11","61727872","61728180","chr1","7993999","7994304","37","53733873"
"chr11","61764704","61765013","chr6","157477970","157478279","45","95713266"
"chr11","61880076","61880375","chr8","136668057","136668356","34","74787981"
"chr11","61886463","61886725","chr3","45468227","45468501","65","16418236"
"chr11","61971059","61971364","chr7","77029098","77029406","32","15058039"
"chr11","62075897","62076197","chr11","119520425","119520728","46","57444528"
"chr11","62148674","62148970","chr1","28843224","28843523","46","33305450"
"chr11","62226537","62226825","chr15","5179389","5179685","48","57047148"
"chr11","62306584","62306888","chr4","159596604","159596907","39","97290020"
"chr11","62307358","62307629","chr6","167756879","167757155","38","105449521"
"chr11","62343180","62343482","chr10","9706546","9706850","44","52636634"
"chr11","62344853","62345145","chr20","5343907","5344203","42","57000946"
"chr11","62351537","62351830","chr4","111697334","111697630","43","49345797"
"chr11","62370183","62370450","chr6","164769454","164769719","47","102399271"
"chr11","62398426","62398713","chr11","115360951","115361238","45","52962525"
"chr11","62399352","62399633","chr8","7627177","7627468","42","54772175"
"chr11","62451831","62452118","chr2","143075842","143076135","50","80624011"
"chr11","62515265","62515424","chr14","9667615","9667777","23","52847650"
"chr11","62517057","62517353","chr10","43209588","43209881","40","19307469"
"chr11","62611182","62611441","chr11","60614947","60615205","49","1996235"
"chr11","62703246","62703543","chr3","151302425","151302718","43","88599179"
"chr11","62755788","62756086","chr10","29691322","29691619","36","33064466"
"chr11","62805557","62805854","chr18","4777561","4777864","42","58027996"
"chr11","62884514","62884807","chr8","25582102","25582396","31","37302412"
"chr11","62888895","62889192","chr17","45095928","45096223","32","17792967"
"chr11","62890430","62890721","chr9","7025626","7025918","37","55864804"
"chr11","62977208","62977515","chr6","121630847","121631152","40","58653639"
"chr11","62987643","62987942","chr1","190424764","190425060","42","127437121"
"chr11","63022032","63022325","chr3","40442931","40443220","68","22579101"
"chr11","63178164","63178460","chr6","56451711","56452003","43","6726453"
"chr11","63251637","63251932","chr6","135655274","135655568","30","72403637"
"chr11","63316106","63316379","chr12","52370542","52370823","49","10945564"
"chr11","63365693","63365995","chr10","78749019","78749318","37","15383326"
"chr11","63478479","63478783","chr7","111702053","111702354","42","48223574"
"chr11","63540894","63541187","chr10","72862379","72862672","39","9321485"
"chr11","63584966","63585256","chr2","29248691","29248978","36","34336275"
"chr11","63630502","63630801","chr7","16206849","16207148","31","47423653"
"chr11","63679471","63679780","chr13","32325637","32325935","55","31353834"
"chr11","63709199","63709505","chr17","88324240","88324540","41","24615041"
"chr11","63732524","63732826","chr10","71767444","71767750","46","8034920"
"chr11","63876849","63877106","chr4","79455473","79455733","35","15578624"
"chr11","63993465","63993746","chr19","37837203","37837485","48","26156262"
"chr11","64060389","64060675","chr10","70994122","70994413","45","6933733"
"chr11","64064916","64064979","chr11","84919701","84919764","12","20854785"
"chr11","64157595","64157873","chrX","38603483","38603760","35","25554112"
"chr11","64169593","64169904","chr13","59618303","59618614","41","4551290"
"chr11","64183660","64183892","chrX","44321441","44321669","44","19862219"
"chr11","64239683","64239998","chr11","94271683","94272001","33","30032000"
"chr11","64259823","64260127","chr13","43479372","43479661","56","20780451"
"chr11","64262819","64263132","chr3","12603123","12603437","37","51659696"
"chr11","64288592","64288762","chr3","160872851","160873018","25","96584259"
"chr11","64304931","64305218","chr15","38763479","38763765","42","25541452"
"chr11","64308023","64308309","chr8","118107840","118108131","38","53799817"
"chr11","64323286","64323579","chr9","79342653","79342946","36","15019367"
"chr11","64359768","64360072","chr14","5934954","5935260","33","58424814"
"chr11","64431756","64432050","chr3","133866579","133866872","38","69434823"
"chr11","64464216","64464517","chr19","3064712","3065012","30","61399504"
"chr11","64589479","64589789","chr16","2694026","2694336","47","61895453"
"chr11","64606976","64607280","chr13","85910338","85910643","30","21303362"
"chr11","64629413","64629693","chr15","21789811","21790091","47","42839602"
"chr11","64755639","64755940","chr2","184572052","184572344","38","119816413"
"chr11","64773940","64774222","chr4","150540961","150541258","54","85767021"
"chr11","64789711","64790005","chr12","86662303","86662604","43","21872592"
"chr11","64792550","64792835","chr10","62315260","62315548","37","2477290"
"chr11","64800302","64800584","chr1","56995657","56995937","35","7804645"
"chr11","64806304","64806598","chr11","59744208","59744500","33","5062096"
"chr11","64809800","64810130","chr18","18634804","18635110","72","46174996"
"chr11","64836195","64836497","chr2","86023611","86023917","43","21187416"
"chr11","64846944","64847242","chr13","125134336","125134638","50","60287392"
"chr11","64868266","64868558","chr12","82042102","82042404","46","17173836"
"chr11","64884837","64885133","chr7","48694397","48694696","45","16190440"
"chr11","64898059","64898347","chr16","1419036","1419322","41","63479023"
"chr11","64909770","64910078","chr6","124714488","124714790","38","59804718"
"chr11","64911904","64912201","chr13","84381294","84381588","37","19469390"
"chr11","64924370","64924651","chrX","27926317","27926609","43","36998053"
"chr11","64940655","64940944","chr12","91363258","91363549","42","26422603"
"chr11","64950582","64950881","chr1","124806148","124806445","44","59855566"
"chr11","64985645","64985911","chr11","94605132","94605405","46","29619487"
"chr11","64989171","64989471","chr2","106418670","106418975","42","41429499"
"chr11","64994577","64994680","chr1","33323919","33324017","18","31670658"
"chr11","64995644","64995935","chr7","96230630","96230924","42","31234986"
"chr11","65004155","65004453","chr4","25555537","25555833","39","39448618"
"chr11","65017237","65017520","chr3","169599409","169599692","45","104582172"
"chr11","65021124","65021417","chr13","36087665","36087960","39","28933459"
"chr11","65021799","65022113","chr6","71634344","71634649","52","6612545"
"chr11","65037419","65037719","chr9","93956780","93957080","36","28919361"
"chr11","65075472","65075776","chr7","48694397","48694696","38","16381075"
"chr11","65086029","65086325","chr19","47662689","47662983","40","17423340"
"chr11","65093292","65093476","chr11","22017238","22017431","43","43076054"
"chr11","65101402","65101702","chr1","20012770","20013073","40","45088632"
"chr11","65104986","65105293","chr1","194910525","194910833","42","129805539"
"chr11","65144656","65144958","chr1","18346698","18347011","44","46797958"
"chr11","65146855","65147154","chr5","154268599","154268899","52","89121744"
"chr11","65170209","65170354","chr4","103459648","103459795","17","38289439"
"chr11","65176390","65176679","chr14","57134784","57135076","40","8041606"
"chr11","65183517","65183821","chr1","113632882","113633185","42","48449365"
"chr11","65192157","65192468","chr1","25904320","25904629","45","39287837"
"chr11","65210600","65210906","chr1","1866324","1866628","52","63344276"
"chr11","65211638","65211936","chr7","159886818","159887115","41","94675180"
"chr11","65224043","65224337","chr6","128266238","128266531","35","63042195"
"chr11","65244776","65245069","chr7","54586760","54587050","43","10658016"
"chr11","65251973","65252263","chr1","219677924","219678213","35","154425951"
"chr11","65337568","65337854","chr7","161112919","161113213","49","95775351"
"chr11","65412365","65412663","chr17","30611756","30612052","39","34800609"
"chr11","65455279","65455586","chr7","50598138","50598445","46","14857141"
"chr11","65480904","65481220","chr14","115498753","115499071","45","50017849"
"chr11","65527501","65527721","chr7","73251066","73251287","35","7723565"
"chr11","65620658","65620936","chr1","158576945","158577227","38","92956287"
"chr11","65666126","65666405","chr2","135177745","135178021","42","69511619"
"chr11","65719640","65719909","chr11","97924703","97924978","40","32205063"
"chr11","65796567","65796882","chr17","58310149","58310460","60","7486418"
"chr11","65836880","65837178","chr7","159886818","159887115","40","94049938"
"chr11","65841387","65841458","chr7","158275388","158275458","10","92434001"
"chr11","65947292","65947582","chr6","52480201","52480494","39","13467091"
"chr11","65984642","65984930","chr6","142572268","142572563","47","76587626"
"chr11","66013018","66013312","chr11","11698465","11698757","52","54314553"
"chr11","66034133","66034411","chr15","21464395","21464674","36","44569738"
"chr11","66051963","66052196","chr7","149648753","149648988","33","83596790"
"chr11","66197503","66197789","chr8","118107840","118108131","39","51910337"
"chr11","66229981","66230275","chr15","7511435","7511732","38","58718546"
"chr11","66327839","66328057","chr12","58284409","58284644","49","8043430"
"chr11","66341959","66342238","chr14","17645244","17645526","40","48696715"
"chr11","66355506","66355783","chr1","65416774","65417058","59","938732"
"chr11","66363902","66364191","chr7","130049195","130049488","39","63685293"
"chr11","66412116","66412347","chr7","121329046","121329267","27","54916930"
"chr11","66435226","66435527","chr4","132287893","132288193","34","65852667"
"chr11","66452224","66452513","chr1","56954077","56954369","34","9498147"
"chr11","66464392","66464540","chr2","85726747","85726894","37","19262355"
"chr11","66477347","66477638","chr14","20715302","20715601","49","45762045"
"chr11","66486035","66486321","chr14","111869477","111869767","40","45383442"
"chr11","66565742","66566042","chrX","122676915","122677209","50","56111173"
"chr11","66657231","66657537","chr19","3064712","3065012","39","63592519"
"chr11","66712669","66712970","chr6","110915539","110915839","38","44202870"
"chr11","66768361","66768569","chr7","155860210","155860412","44","89091849"
"chr11","66790615","66790901","chr7","29643428","29643718","42","37147187"
"chr11","66873031","66873330","chr12","51845288","51845587","34","15027743"
"chr11","66875163","66875447","chr9","84476340","84476634","52","17601177"
"chr11","66880043","66880348","chr1","130649516","130649818","41","63769473"
"chr11","66916654","66916963","chr11","119329543","119329850","37","52412889"
"chr11","66932134","66932420","chr16","63276450","63276738","42","3655684"
"chr11","66944667","66944970","chr9","85132193","85132498","37","18187526"
"chr11","66953786","66954092","chr3","85980662","85980973","39","19026876"
"chr11","66954139","66954444","chr11","60659295","60659600","41","6294844"
"chr11","66976777","66976857","chrX","13134827","13134911","9","53841950"
"chr11","66988029","66988275","chr10","80630208","80630453","33","13642179"
"chr11","67018873","67019165","chr2","186451766","186452061","41","119432893"
"chr11","67043340","67043577","chr8","76100671","76100906","43","9057331"
"chr11","67090897","67091196","chr2","71450909","71451205","50","4360012"
"chr11","67119678","67119987","chr5","81950527","81950835","38","14830849"
"chr11","67125805","67126103","chrX","15713155","15713456","33","51412650"
"chr11","67126341","67126641","chr7","48694397","48694696","38","18431944"
"chr11","67135445","67135728","chr4","131374689","131374976","34","64239244"
"chr11","67143683","67143964","chr2","28624536","28624818","56","38519147"
"chr11","67148790","67149076","chr7","133065043","133065330","34","65916253"
"chr11","67176197","67176471","chr3","178701270","178701546","59","111525073"
"chr11","67242207","67242516","chr1","41160582","41160892","41","26081625"
"chr11","67311101","67311397","chr10","16049988","16050292","44","51261113"
"chr11","67426083","67426383","chr6","126641819","126642115","42","59215736"
"chr11","67434978","67435275","chr1","129924466","129924761","37","62489488"
"chr11","67464867","67465173","chr6","65512730","65513029","40","1952137"
"chr11","67590474","67590783","chr1","1866324","1866628","42","65724150"
"chr11","67605097","67605215","chr12","21255452","21255567","20","46349645"
"chr11","67905155","67905298","chr8","110695573","110695720","31","42790418"
"chr11","67916240","67916502","chr7","125141660","125141921","45","57225420"
"chr11","68063624","68063913","chr7","79462230","79462520","40","11398606"
"chr11","68066653","68066957","chr3","34969388","34969689","36","33097265"
"chr11","68069383","68069686","chr6","157477970","157478279","37","89408587"
"chr11","68169494","68169761","chr6","53461928","53462198","42","14707566"
"chr11","68223805","68224112","chr12","62741269","62741568","44","5482536"
"chr11","68227629","68227920","chr3","177583438","177583720","54","109355809"
"chr11","68253450","68253740","chr3","78122440","78122733","34","9868990"
"chr11","68317597","68317916","chrX","17430672","17430990","48","50886925"
"chr11","68327136","68327441","chr9","19850832","19851138","40","48476304"
"chr11","68483593","68483888","chr1","57946363","57946656","46","10537230"
"chr11","68527066","68527345","chr1","53519541","53519821","51","15007525"
"chr11","68666210","68666470","chr7","80887200","80887469","51","12220990"
"chr11","68667223","68667500","chr8","26288569","26288858","46","42378654"
"chr11","68695113","68695409","chr15","7511435","7511732","36","61183678"
"chr11","68770459","68770773","chr3","125238885","125239195","46","56468426"
"chr11","68905052","68905362","chr16","54321303","54321613","34","14583749"
"chr11","68921145","68921245","chr7","33424137","33424236","12","35497008"
"chr11","68935462","68935755","chr11","59744208","59744500","25","9191254"
"chr11","68986453","68986753","chr9","52032112","52032410","41","16954341"
"chr11","69021432","69021752","chr2","186451766","186452061","62","117430334"
"chr11","69154318","69154636","chr6","124714488","124714790","54","55560170"
"chr11","69201400","69201712","chr13","43327633","43327946","43","25873767"
"chr11","69271080","69271394","chr15","30009032","30009338","56","39262048"
"chr11","69517487","69517598","chr9","93388014","93388117","19","23870527"
"chr11","69673846","69673970","chr20","23600106","23600226","16","46073740"
"chr11","69674099","69674299","chr6","1306215","1306422","38","68367884"
"chr11","69695409","69695681","chr4","117616854","117617134","46","47921445"
"chr11","69716743","69717030","chr6","131196166","131196457","53","61479423"
"chr11","69741156","69741439","chr17","3541078","3541367","46","66200078"
"chr11","69744794","69745073","chrX","139100323","139100604","43","69355529"
"chr11","69753456","69753753","chr1","41141936","41142233","34","28611520"
"chr11","69776891","69777139","chr6","74752628","74752876","45","4975737"
"chr11","69951187","69951499","chr14","85633396","85633704","48","15682209"
"chr11","69957983","69958283","chr14","63676889","63677191","44","6281094"
"chr11","69972903","69973194","chr1","147230260","147230554","42","77257357"
"chr11","70071835","70072126","chr1","163039410","163039702","46","92967575"
"chr11","70145414","70145699","chr7","116541236","116541527","37","46395822"
"chr11","70150806","70151096","chr1","179906619","179906914","58","109755813"
"chr11","70154256","70154557","chr3","45626371","45626668","40","24527885"
"chr11","70186354","70186649","chr3","160772561","160772858","43","90586207"
"chr11","70231660","70231933","chr1","115404557","115404821","51","45172897"
"chr11","70333916","70334197","chr14","57816135","57816421","41","12517781"
"chr11","70376558","70376766","JH682082","261958","262165","28","70114600"
"chr11","70392614","70392911","chr10","90361835","90362131","38","19969221"
"chr11","70414431","70414732","chr1","112727851","112728148","42","42313420"
"chr11","70482549","70482800","chr8","102916371","102916625","47","32433822"
"chr11","70758449","70758747","chr20","15160879","15161176","30","55597570"
"chr11","70768630","70768921","chr2","95068228","95068528","50","24299598"
"chr11","70825103","70825413","chr3","178262535","178262841","54","107437432"
"chr11","70846304","70846599","chr2","94343271","94343561","36","23496967"
"chr11","70866015","70866308","chr1","127833040","127833336","33","56967025"
"chr11","71005545","71005850","chr2","106418670","106418975","48","35413125"
"chr11","71047830","71048112","chr7","18532501","18532788","44","52515329"
"chr11","71119933","71120197","chr2","49059917","49060182","34","22060016"
"chr11","71147583","71147751","chr4","42468336","42468506","24","28679247"
"chr11","71170193","71170489","chrX","108069512","108069807","45","36899319"
"chr11","71400445","71400753","chr1","128155382","128155688","38","56754937"
"chr11","71500615","71500930","chr16","58102209","58102520","44","13398406"
"chr11","71501819","71502118","chr7","90971726","90972022","42","19469907"
"chr11","71783943","71784146","chr1","183072053","183072257","28","111288110"
"chr11","71960130","71960350","chr1","162440889","162441112","38","90480759"
"chr11","72317984","72318286","chr4","32401427","32401735","40","39916557"
"chr11","72322481","72322760","chr13","75401864","75402153","43","3079383"
"chr11","72360738","72361025","chr2","77570141","77570429","39","5209403"
"chr11","72423329","72423632","chr20","9121389","9121691","38","63301940"
"chr11","72468577","72468863","chr1","150608607","150608895","37","78140030"
"chr11","72476577","72476876","chr18","49950939","49951241","36","22525638"
"chr11","72489277","72489563","chr2","186817255","186817552","41","114327978"
"chr11","72544786","72545066","chr10","77840973","77841250","58","5296187"
"chr11","72566132","72566429","chr1","67368758","67369056","37","5197374"
"chr11","72594162","72594470","chr1","34059946","34060256","36","38534216"
"chr11","72597926","72598224","chr1","127903045","127903332","42","55305119"
"chr11","72608033","72608361","chr19","17167261","17167578","58","55440772"
"chr11","72631858","72632162","chr6","148752882","148753187","37","76121024"
"chr11","72632165","72632441","chr1","106560736","106561023","57","33928571"
"chr11","72644967","72645240","chr12","88414497","88414769","36","15769530"
"chr11","72660034","72660317","chr7","111089387","111089666","34","38429353"
"chr11","72666624","72666882","chr3","7548115","7548365","42","65118509"
"chr11","72676102","72676399","chrX","45487697","45487995","41","27188405"
"chr11","72678011","72678297","chr7","42179322","42179617","44","30498689"
"chr11","72704945","72705239","chr20","9121389","9121691","50","63583556"
"chr11","72708681","72708983","chr6","128110448","128110754","37","55401767"
"chr11","72713630","72713938","chr14","63716116","63716415","50","8997514"
"chr11","72719930","72720216","chr19","48620293","48620583","41","24099637"
"chr11","72728336","72728642","chr3","48202287","48202586","44","24526049"
"chr11","72734064","72734335","chr6","161525268","161525536","37","88791204"
"chr11","72740324","72740635","chr10","36830246","36830556","36","35910078"
"chr11","72750463","72750754","chr10","62315260","62315548","39","10435203"
"chr11","72751766","72752021","chr7","46748896","46749151","56","26002870"
"chr11","72774465","72774673","chr7","34496087","34496304","43","38278378"
"chr11","72778330","72778610","chr14","55623733","55623997","61","17154597"
"chr11","72785106","72785428","chr4","12373908","12374240","59","60411198"
"chr11","72786624","72786922","chr10","85228704","85229000","44","12442080"
"chr11","72794987","72795302","chrX","44962032","44962338","48","27832955"
"chr11","72796736","72796995","chr7","40154429","40154693","53","32642307"
"chr11","72802351","72802648","chr2","96239962","96240258","39","23437611"
"chr11","72809148","72809426","chr10","35384740","35385019","53","37424408"
"chr11","72834564","72834861","chr5","46678624","46678914","44","26155940"
"chr11","72859058","72859355","chr7","131136176","131136477","43","58277118"
"chr11","72877345","72877502","chr14","55515212","55515373","30","17362133"
"chr11","72888656","72888966","chr6","161584396","161584699","42","88695740"
"chr11","72889372","72889676","chr2","46682521","46682821","38","26206851"
"chr11","72891420","72891725","chr13","32817425","32817728","36","40073995"
"chr11","72892237","72892385","chr4","35211838","35211977","34","37680399"
"chr11","72892403","72892697","chr9","36433182","36433480","39","36459221"
"chr11","72895985","72896275","chr12","98300764","98301051","33","25404779"
"chr11","72897029","72897287","chr10","25924241","25924498","40","46972788"
"chr11","72899845","72900135","chr1","42476755","42477044","42","30423090"
"chr11","72915750","72916059","chrX","19437458","19437770","46","53478292"
"chr11","72958023","72958105","chr1","122935788","122935857","21","49977765"
"chr11","72958302","72958429","chr11","109951877","109952002","19","36993575"
"chr11","73061945","73062240","chr15","90208474","90208772","33","17146529"
"chr11","73100890","73101014","chr3","122894941","122895056","30","49794051"
"chr11","73129470","73129770","chr3","178701270","178701546","62","105571800"
"chr11","73145156","73145479","chr1","114141291","114141594","60","40996135"
"chr11","73172335","73172632","chr1","946135","946434","34","72226200"
"chr11","73174553","73174707","chr3","151747443","151747601","30","78572890"
"chr11","73236554","73236863","chr11","95857639","95857951","42","22621085"
"chr11","73249182","73249478","chr10","13545220","13545515","37","59703962"
"chr11","73297177","73297452","chr11","116011919","116012187","43","42714742"
"chr11","73353530","73353846","chr7","95573933","95574241","52","22220403"
"chr11","73362229","73362527","chr1","29380917","29381213","28","43981312"
"chr11","73362659","73362795","chr11","121717039","121717180","29","48354380"
"chr11","73364048","73364117","chr7","158275388","158275458","15","84911340"
"chr11","73368875","73369163","chr16","20167037","20167326","39","53201838"
"chr11","73554927","73555239","chr3","12603123","12603437","47","60951804"
"chr11","73610971","73611269","chr8","25582102","25582396","37","48028869"
"chr11","73624724","73625012","chr7","52736490","52736780","46","20888234"
"chr11","73672575","73672885","chr14","54138381","54138690","46","19534194"
"chr11","73704403","73704694","chr9","93976151","93976453","54","20271748"
"chr11","73724836","73725143","chr12","58894080","58894384","36","14830756"
"chr11","73836878","73837177","chr1","67368758","67369056","36","6468120"
"chr11","74104284","74104554","chr8","82026743","82027012","52","7922459"
"chr11","74342314","74342587","chr4","44389884","44390159","41","29952430"
"chr11","74346435","74346737","chr13","32817425","32817728","35","41529010"
"chr11","74433537","74433640","chr6","63419170","63419273","13","11014367"
"chr11","74439616","74439874","chr1","29091255","29091515","40","45348361"
"chr11","74444016","74444307","chr7","52736490","52736780","41","21707526"
"chr11","74466426","74466719","chr2","101278895","101279193","40","26812469"
"chr11","74502286","74502580","chr16","70619220","70619515","33","3883066"
"chr11","74564224","74564531","chr3","61280488","61280798","38","13283736"
"chr11","74688536","74688724","chr12","85230357","85230539","29","10541821"
"chr11","74808895","74809191","chr1","22767476","22767771","48","52041419"
"chr11","75237687","75237996","chr9","25603269","25603573","38","49634418"
"chr11","75447205","75447376","chrX","68181728","68181895","47","7265477"
"chr11","75517951","75518250","chr19","30406403","30406702","32","45111548"
"chr11","75570627","75570931","chr15","94826677","94826975","44","19256050"
"chr11","75583633","75583936","chr16","37539352","37539638","64","38044281"
"chr11","75596541","75596835","chr11","59744208","59744500","29","15852333"
"chr11","75600037","75600320","chr7","30872933","30873215","43","44727104"
"chr11","75614112","75614419","chr10","12739460","12739760","40","62874652"
"chr11","75693545","75693832","chr10","36135529","36135827","45","39558016"
"chr11","75742752","75742900","chr14","108255262","108255413","22","32512510"
"chr11","75833113","75833403","chr7","116541236","116541527","38","40708123"
"chr11","75870308","75870601","chrX","20391811","20392099","44","55478497"
"chr11","75880551","75880841","chr11","112667792","112668088","43","36787241"
"chr11","75892656","75892739","chr7","9086730","9086812","16","66805926"
"chr11","75914898","75915201","chr16","10263822","10264120","48","65651076"
"chr11","76004997","76005291","chr1","81662759","81663054","41","5657762"
"chr11","76023436","76023723","chr2","184580196","184580486","40","108556760"
"chr11","76045987","76046271","chr20","53970919","53971210","43","22075068"
"chr11","76187903","76188191","chr3","152822996","152823281","43","76635093"
"chr11","76193980","76194256","chr3","13657117","13657396","35","62536863"
"chr11","76214465","76214754","chr7","150909055","150909346","38","74694590"
"chr11","76214835","76215130","chr11","59744208","59744500","29","16470627"
"chr11","76252556","76252865","chr11","36769212","36769521","50","39483344"
"chr11","76280986","76281298","chr1","7993999","7994304","38","68286987"
"chr11","76321928","76322223","chr3","45626371","45626668","31","30695557"
"chr11","76332936","76333221","chr1","125312140","125312429","41","48979204"
"chr11","76342486","76342792","chr15","96588502","96588809","44","20246016"
"chr11","76351287","76351462","chr12","34802726","34802900","33","41548561"
"chr11","76394889","76395169","chr12","20586755","20587031","40","55808134"
"chr11","76723941","76724229","chr10","62315260","62315548","34","14408681"
"chr11","76751136","76751435","chr4","92596347","92596652","37","15845211"
"chr11","76763852","76764136","chr5","72034781","72035074","46","4729071"
"chr11","76824765","76825040","chr10","37627251","37627528","47","39197514"
"chr11","76839899","76840201","chr1","1866324","1866628","33","74973575"
"chr11","76881426","76881725","chr2","176866099","176866395","51","99984673"
"chr11","77018736","77019035","chr1","44950004","44950301","49","32068732"
"chr11","77187114","77187416","chr3","45369493","45369802","40","31817621"
"chr11","77200248","77200557","chrX","122095835","122096148","37","44895587"
"chr11","77479240","77479544","chr9","7850825","7851131","34","69628415"
"chr11","77600364","77600644","chr14","15204947","15205237","49","62395417"
"chr11","77661990","77662123","chr1","113745865","113746002","20","36083875"
"chr11","77681323","77681633","chr7","47699575","47699882","42","29981748"
"chr11","77794973","77795274","chr18","23762985","23763286","33","54031988"
"chr11","77802695","77802993","chr4","10828530","10828827","37","66974165"
"chr11","77882281","77882577","chr16","27925256","27925547","40","49957025"
"chr11","77893210","77893495","chr2","167468548","167468836","52","89575338"
"chr11","77910789","77911084","chr1","946135","946434","44","76964654"
"chr11","77969655","77969952","chr10","78793021","78793318","38","823366"
"chr11","78023696","78023993","chr20","50446868","50447167","39","27576828"
"chr11","78025277","78025496","chr6","142429991","142430206","34","64404714"
"chr11","78036194","78036485","chr9","7025626","7025918","29","71010568"
"chr11","78048501","78048802","chr3","13929450","13929758","42","64119051"
"chr11","78068056","78068344","chr15","83740001","83740291","45","5671945"
"chr11","78172855","78173154","chr15","103362570","103362871","45","25189715"
"chr11","78206244","78206525","chr4","107911095","107911379","36","29704851"
"chr11","78401318","78401591","chrX","38603483","38603760","33","39797835"
"chr11","78402751","78403046","chr15","48151534","48151833","34","30251217"
"chr11","78465965","78466266","chr1","130649516","130649818","43","52183551"
"chr11","78620777","78621070","chr1","94365322","94365615","34","15744545"
"chr11","78868751","78868968","chr5","175454576","175454801","48","96585825"
"chr11","79160605","79160898","chr17","83808601","83808892","41","4647996"
"chr11","79238648","79238906","chr1","184262929","184263173","52","105024281"
"chr11","79261458","79261758","chr10","46007696","46008002","35","33253762"
"chr11","79273060","79273360","chr11","108474262","108474559","42","29201202"
"chr11","79446886","79447203","chr11","33968956","33969265","54","45477930"
"chr11","79571472","79571776","chr13","61259817","61260123","38","18311655"
"chr11","79580227","79580536","chr12","99594984","99595284","46","20014757"
"chr11","79656961","79657261","chr17","88324240","88324540","40","8667279"
"chr11","79825400","79825682","chr6","132179472","132179753","38","52354072"
"chr11","79846703","79847000","chrX","15713155","15713456","31","64133548"
"chr11","79886886","79887186","chr20","27650966","27651265","49","52235920"
"chr11","80074656","80074938","chr13","42976081","42976362","39","37098575"
"chr11","80351827","80352133","chr3","34969388","34969689","40","45382439"
"chr11","80401963","80402257","chr12","89381664","89381963","38","8979701"
"chr11","80414374","80414668","chr4","41214634","41214928","38","39199740"
"chr11","80425233","80425421","chr18","16642318","16642513","34","63782915"
"chr11","80433286","80433582","chr1","164035243","164035540","45","83601957"
"chr11","80436971","80437275","chr13","32817425","32817728","35","47619546"
"chr11","80466217","80466512","chr3","84982563","84982864","38","4516346"
"chr11","80569395","80569650","chr8","82026743","82027012","45","1457348"
"chr11","80589371","80589680","chr16","54321303","54321613","46","26268068"
"chr11","80590951","80591246","chrX","98792678","98792974","48","18201727"
"chr11","80592251","80592392","chr11","106825161","106825304","25","26232910"
"chr11","80603809","80604111","chr6","124714488","124714790","39","44110679"
"chr11","80625882","80626025","chr8","38124522","38124680","40","42501360"
"chr11","80642930","80643230","chr1","67368758","67369056","33","13274172"
"chr11","80667801","80668096","chr7","117030480","117030769","37","36362679"
"chr11","80708334","80708636","chr7","36979903","36980199","48","43728431"
"chr11","80708976","80709268","chr2","39631073","39631360","41","41077903"
"chr11","80719892","80720197","chr11","51914381","51914692","41","28805511"
"chr11","80768180","80768485","chr3","67640358","67640660","45","13127822"
"chr11","80783634","80783943","chr10","9719546","9719855","36","71064088"
"chr11","80796963","80797239","chr9","39558891","39559170","55","41238072"
"chr11","80803213","80803515","chr1","128114394","128114695","48","47311181"
"chr11","80803830","80804118","chr14","47729556","47729847","37","33074274"
"chr11","80820193","80820376","chr11","84278767","84278947","30","3458574"
"chr11","80840877","80841161","chr3","152822996","152823281","40","71982119"
"chr11","80883325","80883595","chr9","29856126","29856394","47","51027199"
"chr11","80892963","80893269","chr19","20417366","20417675","56","60475597"
"chr11","80896712","80896809","chr14","7137887","7137992","19","73758825"
"chr11","80929648","80929941","chr9","7025626","7025918","35","73904022"
"chr11","80986786","80987086","chr16","21639667","21639964","36","59347119"
"chr11","80990631","80990930","chr13","116647521","116647821","43","35656890"
"chr11","81515740","81515891","chr14","93753704","93753834","41","12237964"
"chr11","81655827","81656098","chr8","6420607","6420883","46","75235220"
"chr11","81695888","81696010","chr1","185763091","185763209","35","104067203"
"chr11","81712783","81713072","chr6","128266238","128266531","38","46553455"
"chr11","81793080","81793375","chr1","124250793","124251086","46","42457713"
"chr11","81837631","81837817","chr13","107310585","107310791","47","25472954"
"chr11","81844985","81845287","chr10","56101030","56101329","60","25743955"
"chr11","81850565","81850859","chr11","59744208","59744500","29","22106357"
"chr11","81873931","81874234","chr4","59283084","59283385","45","22590847"
"chr11","81885874","81886171","chrX","20846410","20846706","38","61039464"
"chr11","81889717","81890012","chr6","124714488","124714790","35","42824771"
"chr11","81901130","81901262","chr7","158155171","158155302","17","76254041"
"chr11","81933558","81933838","chrX","23887359","23887648","41","58046199"
"chr11","81958903","81959203","chr1","1866324","1866628","43","80092579"
"chr11","81968191","81968489","chr2","102989050","102989349","33","21020859"
"chr11","81980127","81980427","chr7","90971726","90972022","36","8991599"
"chr11","81999653","81999952","chr1","124250793","124251086","48","42251140"
"chr11","82010552","82010861","chr12","99594984","99595284","42","17584432"
"chr11","82053046","82053341","chr5","33844382","33844674","41","48208664"
"chr11","82065045","82065315","chr17","14151882","14152161","48","67913163"
"chr11","82065509","82065816","chr16","37830553","37830853","41","44234956"
"chr11","82186371","82186639","chr7","31599682","31599941","78","50586689"
"chr11","82203584","82203880","chr11","30830523","30830826","35","51373061"
"chr11","82220250","82220344","chrX","91207046","91207144","19","8986796"
"chr11","82285326","82285637","chr17","22470060","22470369","38","59815266"
"chr11","82536983","82537221","chr1","101699440","101699709","54","19162457"
"chr11","82543135","82543413","chr20","13114140","13114430","46","69428995"
"chr11","82822819","82823132","chr11","106817201","106817506","47","23994382"
"chr11","83045024","83045332","chr4","56503347","56503657","59","26541677"
"chr11","83064275","83064543","chr20","8871219","8871485","38","74193056"
"chr11","83148609","83148875","chrX","19320681","19320956","43","63827928"
"chr11","83153737","83154038","chr11","64177104","64177402","35","18976633"
"chr11","83185011","83185302","chr1","128477471","128477761","45","45292460"
"chr11","83249554","83249716","chr8","40541209","40541373","15","42708345"
"chr11","83284126","83284416","chr10","19348593","19348881","39","63935533"
"chr11","83345218","83345512","chr14","44909116","44909414","43","38436102"
"chr11","83353291","83353598","chr13","84240353","84240663","44","887062"
"chr11","83359424","83359717","chr12","13891696","13891997","47","69467728"
"chr11","83468854","83469141","chr1","42476755","42477044","40","40992099"
"chr11","83499101","83499410","chr3","160487010","160487313","52","76987909"
"chr11","83517830","83518126","chr14","44753169","44753463","39","38764661"
"chr11","83560142","83560447","chrX","18369355","18369664","37","65190787"
"chr11","83564887","83565196","chr7","13474578","13474886","35","70090309"
"chr11","83568211","83568358","chr3","10008224","10008365","15","73559987"
"chr11","83625765","83626062","chr3","38447004","38447303","32","45178761"
"chr11","83699226","83699519","chr2","106418670","106418975","47","22719444"
"chr11","83736103","83736396","chr11","59744208","59744500","28","23991895"
"chr11","83744282","83744418","chr1","129498511","129498647","24","45754229"
"chr11","83778042","83778341","chr14","20055545","20055847","55","63722497"
"chr11","83866033","83866293","chr15","93077270","93077536","57","9211237"
"chr11","83880337","83880642","chr6","124714488","124714790","39","40834151"
"chr11","83893381","83893675","chrX","14617637","14617929","42","69275744"
"chr11","83924538","83924749","chr20","29195665","29195876","35","54728873"
"chr11","83925502","83925811","chr2","137613977","137614288","43","53688475"
"chr11","83931030","83931326","chr12","97146310","97146598","45","13215280"
"chr11","83952786","83953077","chr19","39690368","39690660","38","44262418"
"chr11","84014721","84015017","chr4","132287893","132288193","35","48273172"
"chr11","84016592","84016885","chr13","46233254","46233544","50","37783338"
"chr11","84071580","84071868","chr14","17713267","17713556","33","66358313"
"chr11","84154075","84154383","chr3","12603123","12603437","44","71550952"
"chr11","84159764","84160072","chr10","67405046","67405353","40","16754718"
"chr11","84725259","84725348","chr9","89486251","89486341","11","4760992"
"chr11","84772311","84772619","chr1","13865146","13865450","45","70907165"
"chr11","84784812","84785109","chr2","101278895","101279193","37","16494083"
"chr11","84915488","84915783","chr11","59744208","59744500","36","25171280"
"chr11","85107669","85107765","chr3","161273467","161273562","9","76165798"
"chr11","85242388","85242688","chr19","3064712","3065012","32","82177676"
"chr11","85285052","85285334","chr2","81989071","81989341","60","3295981"
"chr11","85569519","85569670","chr3","23960772","23960921","27","61608747"
"chr11","85569675","85569762","chr8","97793898","97793981","20","12224223"
"chr11","85806017","85806293","chr11","123468792","123469074","36","37662775"
"chr11","85815226","85815521","chr2","172701987","172702286","47","86886761"
"chr11","85969237","85969536","chr16","49861297","49861598","35","36107940"
"chr11","86468085","86468389","chr10","47089595","47089902","35","39378490"
"chr11","86619603","86619905","chr1","213070791","213071090","46","126451188"
"chr11","86677779","86678084","chr1","46079268","46079576","52","40598511"
"chr11","86689108","86689413","chr14","117082319","117082630","45","30393211"
"chr11","86797957","86798227","chrX","27848874","27849153","44","58949083"
"chr11","86813375","86813673","chr1","67368758","67369056","48","19444617"
"chr11","86846048","86846266","chr5","140444207","140444427","39","53598159"
"chr11","86864707","86864978","chrX","139100323","139100604","48","52235616"
"chr11","86882605","86882689","chr20","41045680","41045765","15","45836925"
"chr11","87077712","87077977","chr4","51685300","51685560","52","35392412"
"chr11","87190376","87190680","chr1","40343603","40343895","48","46846773"
"chr11","87218939","87219230","chr11","59744208","59744500","34","27474731"
"chr11","87291055","87291328","chr1","127703616","127703888","43","40412561"
"chr11","87365510","87365774","chr9","24560211","24560475","42","62805299"
"chr11","87387513","87387602","chr11","106958084","106958172","14","19570571"
"chr11","87487696","87487993","chr9","13974025","13974315","59","73513671"
"chr11","87572885","87573100","chr20","29195665","29195876","35","58377220"
"chr11","87669122","87669414","chr11","59744208","59744500","33","27924914"
"chr11","87731786","87732076","chr19","41847030","41847308","56","45884756"
"chr11","87803270","87803494","chr10","76202595","76202819","29","11600675"
"chr11","87837692","87837907","chr5","89625548","89625767","30","1787856"
"chr11","88178921","88179208","chr1","127833040","127833336","42","39654119"
"chr11","88208601","88208912","chrX","45626684","45626995","37","42581917"
"chr11","88284528","88284830","chr10","46007696","46008002","44","42276832"
"chr11","88394780","88395070","chr5","175829417","175829709","42","87434637"
"chr11","88422560","88422852","chr10","43180325","43180616","40","45242235"
"chr11","88632798","88633083","chr5","158158229","158158518","54","69525431"
"chr11","88661636","88661947","chr15","7511435","7511732","47","81150201"
"chr11","88707846","88708146","chr2","46682521","46682821","35","42025325"
"chr11","88856486","88856860","chr10","15414880","15415230","94","73441606"
"chr11","88885783","88886061","chr4","13002327","13002618","41","75883456"
"chr11","89209642","89209938","chr11","59744208","59744500","32","29465434"
"chr11","89232071","89232365","chrX","45814156","45814452","38","43417915"
"chr11","89297111","89297395","chrX","81681150","81681434","49","7615961"
"chr11","89333132","89333406","chr19","32515288","32515561","38","56817844"
"chr11","89404280","89404568","chr7","152625402","152625693","48","63221122"
"chr11","89448543","89448828","chrX","13595567","13595865","63","75852976"
"chr11","89667062","89667371","chr5","173702377","173702681","47","84035315"
"chr11","89728577","89728886","chr1","7993999","7994304","40","81734578"
"chr11","89995726","89996031","chr6","73786751","73787050","60","16208975"
"chr11","90101216","90101516","chr1","18792684","18792991","39","71308532"
"chr11","90230534","90230824","chr13","68982542","68982833","35","21247992"
"chr11","90305652","90305936","chr1","19736141","19736436","54","70569511"
"chr11","90311114","90311417","chr1","25933166","25933464","44","64377948"
"chr11","90568318","90568628","chr6","52354618","52354928","44","38213700"
"chr11","90616111","90616391","chr15","97132178","97132453","45","6516067"
"chr11","90645658","90645959","chr19","12875665","12875962","49","77769993"
"chr11","90703881","90704190","chr6","148752882","148753187","36","58049001"
"chr11","90825369","90825666","chr2","55010925","55011223","39","35814444"
"chr11","91012559","91012845","chr18","6455943","6456224","55","84556616"
"chr11","91122546","91122847","chr8","97994163","97994466","41","6871617"
"chr11","91154763","91155072","chr13","100043599","100043905","39","8888836"
"chr11","91208465","91208728","chr20","48557459","48557715","49","42651006"
"chr11","91242115","91242284","chr13","5183698","5183850","30","86058417"
"chr11","91329674","91329932","chr4","79455473","79455733","39","11874201"
"chr11","91386643","91387017","chr20","4317920","4318277","84","87068723"
"chr11","91404654","91404939","chr2","72702249","72702540","39","18702405"
"chr11","91444319","91444609","chr5","86238609","86238898","37","5205710"
"chr11","91611340","91611478","chr2","173035126","173035266","15","81423786"
"chr11","91805881","91806143","chr4","79455473","79455733","39","12350408"
"chr11","91806679","91806963","chr6","128266238","128266531","49","36459559"
"chr11","92036273","92036579","chr1","157703197","157703497","39","65666924"
"chr11","92104266","92104569","chr1","161144861","161145167","44","69040595"
"chr11","92228632","92228916","chr16","44203969","44204255","40","48024663"
"chr11","92352545","92352840","chr9","17073204","17073500","55","75279341"
"chr11","92408712","92408998","chr7","129231740","129232020","48","36823028"
"chr11","92595878","92596158","chr14","104884696","104884986","52","12288818"
"chr11","92672609","92672730","chr5","154301516","154301636","17","61628907"
"chr11","92673949","92674243","chr7","52736490","52736780","39","39937459"
"chr11","92712191","92712489","chr12","69597135","69597433","44","23115056"
"chr11","92793656","92793961","chr20","21400610","21400901","67","71393046"
"chr11","92801525","92801787","chr2","100062378","100062646","39","7260853"
"chr11","93392392","93392602","chr3","130167583","130167798","35","36775191"
"chr11","93397173","93397465","chr1","41910514","41910802","47","51486659"
"chr11","93446194","93446450","chr10","50778889","50779133","53","42667305"
"chr11","93598464","93598716","chr10","90525188","90525445","44","3073276"
"chr11","93625732","93626038","chrX","128569263","128569566","45","34943531"
"chr11","93748024","93748346","chr6","126095217","126095543","53","32347193"
"chr11","93800455","93800755","chr15","48151534","48151833","41","45648921"
"chr11","94000817","94001170","chr19","11995413","11995744","90","82005404"
"chr11","94064503","94064784","chr2","149808038","149808322","55","55743535"
"chr11","94065312","94065574","chr9","85269406","85269673","55","8795906"
"chr11","94198841","94199133","chr16","1651540","1651832","39","92547301"
"chr11","94314456","94314752","chr16","21639667","21639964","34","72674789"
"chr11","94397988","94398283","chr3","160772561","160772858","29","66374573"
"chr11","94610408","94610716","chr20","26401661","26401973","39","68208747"
"chr11","94722745","94723027","chr14","25420751","25421041","44","69301994"
"chr11","95066926","95067209","chr12","6361288","6361579","51","88705638"
"chr11","95089751","95090033","chr13","107792315","107792606","41","12702564"
"chr11","95099896","95100183","chr3","81595520","81595808","43","13504376"
"chr11","95373910","95374137","chr2","186271290","186271530","45","90897380"
"chr11","95376883","95377196","chr11","2786416","2786725","51","92590467"
"chr11","95385607","95385809","chr7","14702283","14702491","38","80683324"
"chr11","95510538","95510788","chr4","69040830","69041080","45","26469708"
"chr11","95621443","95621666","chr1","139331880","139332099","34","43710437"
"chr11","95648149","95648448","chr10","59879761","59880065","39","35768388"
"chr11","95660330","95660623","chr11","114923633","114923926","33","19263303"
"chr11","95718705","95719002","chr1","67368758","67369056","40","28349947"
"chr11","95724981","95725273","chr7","64125286","64125577","37","31599695"
"chr11","95754388","95754687","chr15","103362570","103362871","39","7608182"
"chr11","95795446","95795756","chrX","90821322","90821629","39","4974124"
"chr11","95838138","95838428","chrX","28734753","28735052","39","67103385"
"chr11","95902554","95902817","chr14","118731872","118732135","48","22829318"
"chr11","95946762","95947051","chr11","59744208","59744500","35","36202554"
"chr11","96004068","96004380","chr3","12603123","12603437","33","83400945"
"chr11","96004608","96004908","chr1","37487553","37487854","35","58517055"
"chr11","96015506","96015811","chr1","77824294","77824579","53","18191212"
"chr11","96033088","96033368","chr2","104733579","104733853","53","8700491"
"chr11","96036178","96036524","chr13","26187058","26187394","74","69849120"
"chr11","96051400","96051694","chr8","10102742","10103034","42","85948658"
"chr11","96068928","96069189","chr5","305906","306168","37","95763022"
"chr11","96090800","96091091","chr9","115152824","115153119","38","19062024"
"chr11","96152429","96152684","chr11","80915042","80915294","59","15237387"
"chr11","96174469","96174770","chr3","10482926","10483222","45","85691543"
"chr11","96212391","96212686","JH682036","358126","358421","32","95854265"
"chr11","96229142","96229432","chr5","177037661","177037957","44","80808519"
"chr11","96232108","96232353","chr19","7988472","7988717","39","88243636"
"chr11","96242322","96242619","chr9","54404234","54404532","37","41838088"
"chr11","96261275","96261572","chr13","73189729","73190025","38","23071546"
"chr11","96264171","96264458","chr15","21464395","21464674","49","74799776"
"chr11","96266326","96266446","chr8","75401438","75401550","21","20864888"
"chr11","96267072","96267366","chr3","156544295","156544592","41","60277223"
"chr11","96285253","96285542","chr13","25429301","25429585","40","70855952"
"chr11","96291026","96291328","chr8","25582102","25582396","38","70708924"
"chr11","96294254","96294561","chr19","29192715","29193022","40","67101539"
"chr11","96312479","96312772","chr16","58255837","58256130","45","38056642"
"chr11","96315121","96315417","chr4","212912","213207","47","96102209"
"chr11","96324445","96324741","chr11","59744208","59744500","35","36580237"
"chr11","96344980","96345280","chr2","86023611","86023917","43","10321369"
"chr11","96346223","96346532","chr1","44509147","44509453","44","51837076"
"chr11","96370581","96370887","chr6","144594884","144595193","45","48224303"
"chr11","96403700","96403991","chr14","15577285","15577579","36","80826415"
"chr11","96417452","96417730","chr12","13511504","13511784","47","82905948"
"chr11","96432247","96432542","chr6","101765362","101765658","38","5333115"
"chr11","96444197","96444478","chr4","30656456","30656736","40","65787741"
"chr11","96488992","96489285","chr20","11238562","11238852","42","85250430"
"chr11","96519291","96519581","chr1","12529331","12529609","56","83989960"
"chr11","96651024","96651258","chr16","28277063","28277289","33","68373961"
"chr11","96880993","96881276","chr14","111869477","111869767","35","14988484"
"chr11","97054482","97054750","chr1","190360719","190360980","35","93306237"
"chr11","97093338","97093631","chrX","27694686","27694979","35","69398652"
"chr11","97103136","97103427","chr1","213575383","213575672","42","116472247"
"chr11","97107795","97108090","chr9","13445192","13445490","43","83662603"
"chr11","97108549","97108847","chr3","45626371","45626668","35","51482178"
"chr11","97157904","97158210","chr1","20012770","20013073","36","77145134"
"chr11","97164020","97164327","chr13","25298591","25298897","37","71865429"
"chr11","97188327","97188637","chr5","32957233","32957543","38","64231094"
"chr11","97190874","97191154","chr4","155097910","155098188","46","57907036"
"chr11","97238079","97238371","chr20","66601699","66601991","46","30636380"
"chr11","97242401","97242694","chr2","22423135","22423431","45","74819266"
"chr11","97245149","97245446","chr1","20012770","20013073","34","77232379"
"chr11","97245889","97246172","chr1","42476755","42477044","40","54769134"
"chr11","97260329","97260604","chr2","48921809","48922082","44","48338520"
"chr11","97263882","97264170","chr2","114227807","114228107","49","16963925"
"chr11","97281072","97281381","chr4","107049748","107050054","45","9768676"
"chr11","97285001","97285288","chr1","158198823","158199105","54","60913822"
"chr11","97316542","97316866","chr9","54938602","54938917","55","42377940"
"chr11","97318090","97318401","chr15","8621336","8621639","51","88696754"
"chr11","97413365","97413641","chr20","19077141","19077423","38","78336224"
"chr11","97444723","97445018","chr13","68950480","68950773","48","28494243"
"chr11","97452967","97453264","chr17","88324240","88324540","31","9128727"
"chr11","97489708","97490004","chr1","199749826","199750136","47","102260118"
"chr11","97499905","97500000","chr12","69723014","69723114","18","27776891"
"chr11","97512025","97512325","chr1","2800885","2801189","45","94711140"
"chr11","97524032","97524332","chr1","124840482","124840785","46","27316450"
"chr11","97528317","97528619","chr2","4375925","4376221","40","93152392"
"chr11","97539364","97539672","chr7","73560013","73560323","45","23979351"
"chr11","97547051","97547314","chr17","50981326","50981584","38","46565725"
"chr11","97663176","97663461","chr16","3687263","3687550","42","93975913"
"chr11","97683003","97683289","chr5","129356668","129356952","49","31673665"
"chr11","97691044","97691293","chr16","29714805","29715052","36","67976239"
"chr11","97694741","97695036","chr1","190424764","190425060","41","92730023"
"chr11","97710338","97710633","chr3","160772561","160772858","40","63062223"
"chr11","97711980","97712281","chr13","36338632","36338934","35","61373348"
"chr11","97717852","97718157","chr1","185101023","185101330","49","87383171"
"chr11","97726475","97726748","chr15","55558246","55558501","55","42168229"
"chr11","97747428","97747759","chr13","24550040","24550347","61","73197388"
"chr11","97823491","97823783","chr7","117030480","117030769","35","19206989"
"chr11","97841607","97841889","chr1","13186406","13186688","49","84655201"
"chr11","97926630","97926922","chr4","35271785","35272086","46","62654845"
"chr11","97992526","97992800","chr2","16999504","16999770","41","80993022"
"chr11","98133154","98133455","chr19","3064712","3065012","34","95068442"
"chr11","98133528","98133803","chr1","40770988","40771266","39","57362540"
"chr11","98253100","98253411","chr11","47924958","47925256","47","50328142"
"chr11","98294722","98295032","chr4","56503347","56503657","49","41791375"
"chr11","98296339","98296634","chrX","49548164","49548465","53","48748175"
"chr11","98323383","98323679","chr3","160772561","160772858","28","62449178"
"chr11","98358082","98358393","chr5","99351320","99351625","59","993238"
"chr11","98444954","98445240","chr9","79342653","79342946","34","19102301"
"chr11","98469256","98469552","chr7","151979566","151979860","37","53510310"
"chr11","98493090","98493383","chr8","22381843","22382135","33","76111247"
"chr11","98844528","98844728","chr18","15685553","15685754","31","83158975"
"chr11","98847983","98848073","chr2","87230464","87230554","13","11617519"
"chr11","98919357","98919679","chr11","42492058","42492383","43","56427299"
"chr11","99174848","99175149","chr10","28184290","28184594","41","70990558"
"chr11","99186200","99186502","chr15","103362570","103362871","40","4176370"
"chr11","99204953","99205212","chr4","79455473","79455733","33","19749480"
"chr11","99285582","99285877","chr1","85129851","85130148","37","14155731"
"chr11","99373865","99374161","chr4","10912888","10913182","40","88460977"
"chr11","99411660","99411959","chr2","123712519","123712817","36","24300859"
"chr11","99530847","99531144","chr17","19374053","19374353","31","80156794"
"chr11","99673041","99673311","chr9","84610245","84610514","43","15062796"
"chr11","99687698","99687834","chr7","3074172","3074302","18","96613526"
"chr11","99746658","99746956","chr14","30576907","30577204","52","69169751"
"chr11","99752206","99752492","chr14","31905899","31906184","49","67846307"
"chr11","99893484","99893763","chr1","34973312","34973595","49","64920172"
"chr11","99896034","99896317","chr4","109388544","109388836","42","9492510"
"chr11","99901658","99901753","chr5","124088851","124088942","15","24187193"
"chr11","99943192","99943409","chr20","29195665","29195876","27","70747527"
"chr11","100173851","100174151","chr3","124597695","124597995","39","24423844"
"chr11","100276869","100277157","chr4","110946344","110946633","35","10669475"
"chr11","100285400","100285693","chr4","33860712","33861004","43","66424688"
"chr11","100362001","100362084","chr1","140851347","140851436","18","40489346"
"chr11","100487376","100487645","chr14","64253785","64254058","49","36233591"
"chr11","100582875","100583163","chr16","52653846","52654133","35","47929029"
"chr11","100623127","100623436","chr2","144423348","144423659","39","43800221"
"chr11","100670632","100670840","chr7","26831792","26831996","27","73838840"
"chr11","100809404","100809624","chr6","142429991","142430206","48","41620587"
"chr11","100828729","100829022","chr4","101392136","101392420","57","563407"
"chr11","100874557","100874816","chr12","38887525","38887802","59","61987032"
"chr11","100882290","100882580","chrX","37796617","37796904","38","63085673"
"chr11","100951763","100952008","chr9","66292598","66292844","66","34659165"
"chr11","100981797","100982022","chr5","848416","848645","39","100133381"
"chr11","101103588","101103894","chr10","84758202","84758512","52","16345386"
"chr11","101145055","101145348","chr3","44815831","44816125","44","56329224"
"chr11","101153358","101153494","chr1","197772553","197772689","19","96619195"
"chr11","101178695","101179002","chr11","33968956","33969265","40","67209739"
"chr11","101203717","101204003","chr7","72707693","72707981","44","28496024"
"chr11","101417260","101417565","chr1","55143283","55143576","53","46273977"
"chr11","101478739","101479054","chr6","30988089","30988401","43","70490650"
"chr11","101498056","101498352","chr15","96588502","96588809","45","4909554"
"chr11","101528354","101528646","chr11","26930170","26930466","49","74598184"
"chr11","101699797","101700033","chr7","106517904","106518135","43","4818107"
"chr11","101772588","101772881","chr11","59744208","59744500","39","42028380"
"chr11","101829550","101829850","chr3","38447004","38447303","44","63382546"
"chr11","101849944","101850188","chr11","44650712","44650952","44","57199232"
"chr11","102081931","102082218","chr11","44597420","44597716","46","57484511"
"chr11","102486776","102486996","chr5","137480638","137480863","34","34993862"
"chr11","102566299","102566610","chr2","106418670","106418975","42","3852371"
"chr11","102619993","102620274","chr2","96514589","96514879","49","6105404"
"chr11","102676937","102677240","chr6","64722581","64722882","34","37954356"
"chr11","102679681","102679964","chr12","69972996","69973280","47","32706685"
"chr11","102722765","102723051","chr1","158198823","158199105","49","55476058"
"chr11","102918543","102918848","chr1","52291560","52291858","42","50626983"
"chr11","102972098","102972392","chr8","62670842","62671146","60","40301256"
"chr11","103115783","103116083","chr1","946135","946434","35","102169648"
"chr11","103123750","103124036","chr7","30872933","30873215","51","72250817"
"chr11","103160682","103160735","chr5","43625277","43625333","7","59535405"
"chr11","103226980","103227288","chr1","128155382","128155688","42","24928402"
"chr11","103230126","103230424","chr1","41248067","41248366","36","61982059"
"chr11","103293718","103294029","chr8","94310731","94311042","42","8982987"
"chr11","103334732","103334962","chr12","58284409","58284644","32","45050323"
"chr11","103347007","103347317","chr10","67405046","67405353","48","35941961"
"chr11","103565263","103565539","chr2","155636216","155636491","37","52070953"
"chr11","103613594","103613891","chr1","213070791","213071090","45","109457197"
"chr11","103634407","103634698","chr16","45339014","45339298","44","58295393"
"chr11","103867860","103868170","chr2","116145289","116145600","53","12277429"
"chr11","103982776","103983061","chr4","31083851","31084133","45","72898925"
"chr11","104061950","104062239","chr4","29662805","29663098","46","74399145"
"chr11","104338750","104339053","chr4","31017666","31017967","44","73321084"
"chr11","104509328","104509628","chr13","32817425","32817728","29","71691903"
"chr11","104551653","104551957","chr1","5601507","5601807","49","98950146"
"chr11","104577378","104577680","chr14","53927134","53927436","41","50650244"
"chr11","104693514","104693811","chr3","154218014","154218311","46","49524500"
"chr11","104771327","104771569","chr2","173196809","173197055","43","68425482"
"chr11","104824744","104824857","chr1","219334604","219334715","11","114509860"
"chr11","104837131","104837422","chr10","20484290","20484582","48","84352841"
"chr11","104841594","104841860","chr3","173810934","173811196","39","68969340"
"chr11","104842188","104842500","chr7","148791264","148791574","50","43949076"
"chr11","104848268","104848569","chr6","53239608","53239906","37","51608660"
"chr11","104939966","104940269","chr1","219225924","219226223","46","114285958"
"chr11","104964239","104964536","chr10","62550782","62551081","36","42413457"
"chr11","105018496","105018765","chr10","53492184","53492453","55","51526312"
"chr11","105189629","105189915","chrX","99023275","99023557","41","6166354"
"chr11","105238130","105238430","chr10","72400856","72401155","40","32837274"
"chr11","105307498","105307784","chr12","21454591","21454881","57","83852907"
"chr11","105406810","105406957","chr4","100962210","100962357","18","4444600"
"chr11","105435852","105436043","chr5","72115790","72115980","28","33320062"
"chr11","105519486","105519645","chr1","163794170","163794328","32","58274684"
"chr11","105611463","105611762","chr1","152479919","152480213","45","46868456"
"chr11","105625793","105626088","chr11","59744208","59744500","33","45881585"
"chr11","105815565","105815870","chr10","46007696","46008002","35","59807869"
"chr11","106144125","106144424","chr2","101651204","101651504","41","4492921"
"chr11","106239332","106239638","chr2","41438773","41439082","36","64800559"
"chr11","106416811","106417109","chr15","7561500","7561795","38","98855311"
"chr11","106432625","106432885","chr14","30242172","30242439","42","76190453"
"chr11","106457862","106458045","chr15","42790613","42790798","28","63667249"
"chr11","106674706","106674998","chr7","52736490","52736780","28","53938216"
"chr11","106686932","106687226","chr11","59744208","59744500","32","46942724"
"chr11","106834617","106834891","chr6","35165022","35165294","41","71669595"
"chr11","106841357","106841650","chrX","44799525","44799819","34","62041832"
"chr11","106876353","106876649","chr3","130290294","130290595","43","23413941"
"chr11","106946712","106946999","chr10","47330984","47331271","46","59615728"
"chr11","106960131","106960259","chr1","91126979","91127104","18","15833152"
"chr11","106961246","106961544","chr9","7025626","7025918","38","99935620"
"chr11","107001986","107002285","chr20","50117025","50117331","38","56884961"
"chr11","107030672","107030972","chr6","143561531","143561830","33","36530859"
"chr11","107036919","107037223","chr10","46007696","46008002","44","61029223"
"chr11","107045372","107045660","chr7","133065043","133065330","38","26019671"
"chr11","107076748","107076850","chr10","79957137","79957242","19","27119611"
"chr11","107118360","107118652","chr6","57093643","57093937","31","50024717"
"chr11","107235528","107235808","chr3","48298408","48298697","38","58937120"
"chr11","107405456","107405778","chr3","173748855","173749179","43","66343399"
"chr11","107531067","107531333","chr3","43546186","43546444","54","63984881"
"chr11","107604305","107604613","chr8","35800735","35801044","40","71803570"
"chr11","107628318","107628579","chr4","79455473","79455733","34","28172845"
"chr11","107648664","107648953","chr20","64816588","64816879","37","42832076"
"chr11","107714625","107714908","chr4","52805264","52805547","40","54909361"
"chr11","107817368","107817664","chr7","158562964","158563263","41","50745596"
"chr11","107887752","107888053","chr3","175463997","175464306","41","67576245"
"chr11","107965119","107965402","chr20","49701084","49701366","43","58264035"
"chr11","108117574","108117659","chr7","9086730","9086812","12","99030844"
"chr11","108174994","108175278","chr6","36755187","36755470","50","71419807"
"chr11","108188294","108188606","chr7","93612219","93612525","60","14576075"
"chr11","108204860","108205159","chr9","55015940","55016236","36","53188920"
"chr11","108209122","108209427","chr11","10098018","10098319","32","98111104"
"chr11","108312572","108312883","chr1","41160582","41160892","32","67151990"
"chr11","108535278","108535591","chr10","7892827","7893134","43","100642451"
"chr11","108555109","108555405","chr4","10828530","10828827","42","97726579"
"chr11","108582878","108583159","chr3","48298408","48298697","50","60284470"
"chr11","108586958","108587253","chr10","13545220","13545515","34","95041738"
"chr11","108790061","108790358","chr9","14690494","14690788","43","94099567"
"chr11","108838317","108838614","chr11","108474262","108474559","39","364055"
"chr11","108851629","108851925","chr1","124998618","124998915","35","16146989"
"chr11","108943687","108943972","chr2","149808038","149808322","40","40864351"
"chr11","108994351","108994659","chr8","120051374","120051685","39","11057023"
"chr11","109006393","109006686","chr9","7025626","7025918","40","101980767"
"chr11","109050113","109050437","chr19","42226994","42227314","55","66823119"
"chr11","109143250","109143542","chr13","88006009","88006300","42","21137241"
"chr11","109152804","109153109","chr13","61259817","61260123","35","47892987"
"chr11","109181072","109181337","chr10","87259063","87259328","43","21922009"
"chr11","109200389","109200684","chr1","94365322","94365615","39","14835067"
"chr11","109208172","109208483","chr11","54079319","54079627","39","55128853"
"chr11","109209967","109210270","chr3","34969388","34969689","37","74240579"
"chr11","109217237","109217549","chr6","152011620","152011903","66","42794383"
"chr11","109341576","109341876","chr17","26440767","26441076","38","82900809"
"chr11","109367001","109367293","chr7","76702865","76703162","39","32664136"
"chr11","109377784","109378047","chr8","39667979","39668243","48","69709805"
"chr11","109407410","109407500","chr6","174338072","174338169","16","64930662"
"chr11","109407617","109407745","chr7","43693641","43693766","25","65713976"
"chr11","109420070","109420365","chr18","13492207","13492505","43","95927863"
"chr11","109421450","109421743","chr7","129456939","129457235","42","20035489"
"chr11","109448856","109449165","chr7","134180480","134180790","47","24731624"
"chr11","109470648","109470788","chr20","33826979","33827120","21","75643669"
"chr11","109491918","109492214","chr3","35661567","35661859","35","73830351"
"chr11","109510152","109510467","chr8","21641128","21641440","45","87869024"
"chr11","109548377","109548430","chr4","3829536","3829587","10","105718841"
"chr11","109548946","109549186","chr16","44892798","44893041","35","64656148"
"chr11","109624765","109625025","chr9","78695639","78695909","58","30929126"
"chr11","109625026","109625138","chr1","207979342","207979459","32","98354316"
"chr11","109653209","109653501","chr8","99548469","99548767","36","10104740"
"chr11","109692568","109692874","chr7","79162591","79162900","38","30529977"
"chr11","109733022","109733329","chr1","208474725","208475026","46","98741703"
"chr11","109733350","109733639","chr8","127486240","127486531","46","17752890"
"chr11","109764281","109764580","chr1","114141291","114141594","43","4377010"
"chr11","109815874","109816170","chr2","38884008","38884302","37","70931866"
"chr11","109827814","109828118","chr2","46682521","46682821","38","63145293"
"chr11","109835320","109835616","chrX","123457402","123457697","37","13622082"
"chr11","109842839","109843139","chr1","946135","946434","39","108896704"
"chr11","109847370","109847674","chr7","125954466","125954770","49","16107096"
"chr11","109852737","109853046","chr13","125134336","125134638","54","15281599"
"chr11","109854732","109855016","chr2","130332253","130332541","39","20477521"
"chr11","109857606","109857907","chr10","78749019","78749318","37","31108587"
"chr11","109860029","109860286","chr19","39470515","39470769","38","70389514"
"chr11","109887382","109887683","chr7","158504561","158504856","45","48617179"
"chr11","109895979","109896320","chr12","18944986","18945321","55","90950993"
"chr11","109900081","109900303","chr7","121329046","121329267","41","11428965"
"chr11","109921095","109921400","chr16","47869063","47869366","36","62052032"
"chr11","109959328","109959634","chr1","64030072","64030377","37","45929256"
"chr11","109972509","109972819","chr10","62315260","62315548","54","47657249"
"chr11","109978243","109978504","chr7","57880382","57880656","53","52097861"
"chr11","109979222","109979516","chr1","129567144","129567444","39","19587922"
"chr11","110008750","110009046","chr7","133510633","133510928","35","23501883"
"chr11","110019892","110020197","chr10","17197874","17198178","38","92822018"
"chr11","110042053","110042305","chr18","50874536","50874793","36","59167517"
"chr11","110051561","110051864","chr11","59699985","59700283","42","50351576"
"chr11","110060830","110061129","chr15","8335450","8335743","56","101725380"
"chr11","110169710","110170008","chr2","101906055","101906355","39","8263655"
"chr11","110214409","110214515","chrX","108297279","108297383","20","1917130"
"chr11","110249700","110249985","chr20","37507575","37507860","30","72742125"
"chr11","110348805","110349118","chrX","106974537","106974841","45","3374268"
"chr11","110350750","110350997","chr8","87695866","87696111","34","22654884"
"chr11","110357996","110358290","chr6","153533586","153533879","42","43175590"
"chr11","110386790","110387110","chr14","53927134","53927436","43","56459656"
"chr11","110410999","110411291","chr9","17862886","17863188","51","92548113"
"chr11","110418739","110419039","chr19","17249651","17249949","41","93169088"
"chr11","110429603","110429898","chr16","18796729","18797022","39","91632874"
"chr11","110451705","110451984","chr9","97049733","97050015","50","13401972"
"chr11","110469268","110469476","chr14","96083585","96083801","33","14385683"
"chr11","110469871","110469945","chr11","121093855","121093929","15","10623984"
"chr11","110478948","110479250","chr1","20012770","20013073","43","90466178"
"chr11","110485707","110486017","chr14","19280071","19280383","36","91205636"
"chr11","110490463","110490746","chr1","188472214","188472490","46","77981751"
"chr11","110490794","110491085","chr1","118016846","118017136","40","7526052"
"chr11","110509301","110509596","chr4","160599897","160600192","38","50090596"
"chr11","110514826","110515129","chr1","67368758","67369056","37","43146068"
"chr11","110532666","110532955","chr2","144084745","144085032","50","33552079"
"chr11","110655431","110655731","chr1","65662451","65662746","36","44992980"
"chr11","110668889","110669182","chr8","90463712","90464008","42","20205177"
"chr11","110715252","110715538","chr16","18796729","18797022","36","91918523"
"chr11","110726451","110726743","chr6","50786627","50786920","36","59939824"
"chr11","110731081","110731357","chr10","30085573","30085855","36","80645508"
"chr11","110735301","110735592","chr7","90971726","90972022","34","19763575"
"chr11","110740462","110740763","chr5","158536001","158536306","47","47795539"
"chr11","110776283","110776586","chrX","44962032","44962338","34","65814251"
"chr11","110776778","110777067","chr3","48298408","48298697","38","62478370"
"chr11","110779228","110779505","chr1","41402164","41402445","47","69377064"
"chr11","110801865","110802159","chr8","25582102","25582396","36","85219763"
"chr11","110804322","110804637","chr16","44203969","44204255","57","66600353"
"chr11","110807659","110807958","chr18","31946413","31946703","41","78861246"
"chr11","110813693","110813987","chr8","99548469","99548767","42","11265224"
"chr11","110814684","110814960","chr11","92474742","92475024","36","18339942"
"chr11","110830028","110830335","chr1","65760806","65761108","56","45069222"
"chr11","110830339","110830669","chr19","30869349","30869668","69","79960990"
"chr11","110835210","110835515","chr7","161475947","161476247","43","50640737"
"chr11","110843198","110843488","chr11","98150465","98150754","42","12692733"
"chr11","110848169","110848445","chr1","7460034","7460321","44","103388135"
"chr11","110851851","110852140","chr16","1419036","1419322","35","109432815"
"chr11","110859069","110859354","chr2","184580196","184580486","47","73721127"
"chr11","110889574","110889847","chr4","1510657","1510940","40","109378917"
"chr11","110906727","110906844","chr11","83048168","83048288","17","27858559"
"chr11","110907603","110907902","chr11","111650237","111650541","37","742634"
"chr11","110934920","110935216","chrX","123457402","123457697","36","12522482"
"chr11","110936961","110937245","chr10","62315260","62315548","44","48621701"
"chr11","110953534","110953840","chr3","34969388","34969689","57","75984146"
"chr11","110957446","110957738","chr11","13702068","13702363","44","97255378"
"chr11","110958033","110958089","chr6","125155616","125155661","26","14197583"
"chr11","110958384","110958613","chr1","134175163","134175385","35","23216779"
"chr11","110964152","110964453","chr5","32472374","32472670","39","78491778"
"chr11","110973581","110973900","chr6","30988089","30988401","43","79985492"
"chr11","110976381","110976627","chr1","181674763","181675009","36","70698382"
"chr11","110978581","110978831","chr9","43536784","43537018","47","67441797"
"chr11","110980381","110980657","chr1","30972502","30972772","51","80007879"
"chr11","110984146","110984448","chr7","45935618","45935920","36","65048528"
"chr11","110997177","110997458","chr8","134025560","134025857","56","23028383"
"chr11","111008777","111009053","chr12","4568606","4568876","44","106440171"
"chr11","111020698","111020976","chr14","32018580","32018840","70","79002118"
"chr11","111027282","111027377","chr9","89486251","89486341","21","21541031"
"chr11","111040251","111040561","chrX","28734753","28735052","49","82305498"
"chr11","111047891","111048140","chr3","53293034","53293269","42","57754857"
"chr11","111053759","111054059","chr16","3688333","3688637","42","107365426"
"chr11","111059165","111059445","chr6","143418690","143418972","38","32359525"
"chr11","111072359","111072653","chr9","10431929","10432229","46","100640430"
"chr11","111073346","111073480","chr11","56765243","56765376","19","54308103"
"chr11","111073597","111073769","chr11","2869961","2870129","37","108203636"
"chr11","111083744","111084052","chrX","142505359","142505669","39","31421615"
"chr11","111087576","111087782","chr13","53254844","53255047","34","57832732"
"chr11","111103452","111103607","chrX","13130395","13130557","40","97973057"
"chr11","111108026","111108251","chr5","36715091","36715311","37","74392935"
"chr11","111120727","111121033","chr11","10098018","10098319","44","101022709"
"chr11","111121352","111121644","chr3","34969388","34969689","48","76151964"
"chr11","111134525","111134814","chr6","47089969","47090257","43","64044556"
"chr11","111146496","111146789","chr2","184580196","184580486","33","73433700"
"chr11","111156097","111156401","chr14","17317458","17317768","45","93838639"
"chr11","111161211","111161507","chr7","36979903","36980199","41","74181308"
"chr11","111163247","111163396","chr4","100962210","100962357","25","10201037"
"chr11","111174678","111175019","chr6","51296207","51296509","86","59878471"
"chr11","111196296","111196591","chr12","53357494","53357791","35","57838802"
"chr11","111198329","111198624","chr6","126110192","126110492","47","14911863"
"chr11","111230432","111230743","chr7","133738957","133739274","42","22508525"
"chr11","111236624","111236943","chr13","69700961","69701271","40","41535663"
"chr11","111247371","111247674","chr16","21958952","21959252","37","89288419"
"chr11","111248091","111248399","chr20","52083432","52083734","56","59164659"
"chr11","111254713","111255003","chr11","46070151","46070446","39","65184562"
"chr11","111280326","111280622","chr9","79342653","79342946","35","31937673"
"chr11","111283751","111284062","chr4","127813683","127813988","37","16529932"
"chr11","111291609","111291912","chr11","4016647","4016949","34","107274962"
"chr11","111311006","111311289","chr3","124904987","124905268","54","13593981"
"chr11","111345255","111345548","chr20","36182757","36183050","39","75162498"
"chr11","111356158","111356491","chr19","11995413","11995744","84","99360745"
"chr11","111358905","111359205","chr7","49324027","49324336","54","62034878"
"chr11","111374210","111374483","chr1","189024306","189024584","40","77650096"
"chr11","111374638","111374925","chr2","87435713","87436003","45","23938925"
"chr11","111394151","111394464","chr18","12432850","12433158","38","98961301"
"chr11","111401090","111401382","chr7","151681977","151682272","36","40280887"
"chr11","111413653","111413931","chr6","143287549","143287823","47","31873896"
"chr11","111423093","111423351","chr20","8871219","8871485","46","102551874"
"chr11","111453416","111453712","chr14","58299274","58299570","39","53154142"
"chr11","111513475","111513777","chrX","18369355","18369664","42","93144120"
"chr11","111515231","111515535","chr3","34969388","34969689","31","76545843"
"chr11","111549290","111549582","chr8","22381843","22382135","36","89167447"
"chr11","111573407","111573701","chr1","67368758","67369056","39","44204649"
"chr11","111598832","111599130","chr6","120492723","120493023","40","8893891"
"chr11","111603398","111603696","chr3","45626371","45626668","32","65977027"
"chr11","111670542","111670847","chr19","24212554","24212862","36","87457988"
"chr11","111876022","111876320","chr3","45626371","45626668","35","66249651"
"chr11","111965162","111965464","chr10","51131791","51132088","46","60833371"
"chr11","112008085","112008309","chr15","29611756","29611978","32","82396329"
"chr11","112034356","112034647","chrX","118502219","118502511","46","6467863"
"chr11","112218309","112218609","chr4","33942864","33943168","49","78275445"
"chr11","112234368","112234660","chr14","5934954","5935260","42","106299414"
"chr11","112272622","112272841","chr1","24229017","24229233","31","88043605"
"chr11","112473983","112474266","chr1","206447940","206448229","47","93973957"
"chr11","112517905","112518193","chr6","56451711","56452003","43","56066194"
"chr11","112521378","112521686","chr6","128290163","128290458","62","15768785"
"chr11","112583193","112583483","chrX","44799525","44799819","48","67783668"
"chr11","112992344","112992640","chr2","38884008","38884302","37","74108336"
"chr11","112994263","112994564","chr13","66843403","66843704","40","46150860"
"chr11","113029218","113029509","chr4","52805264","52805547","45","60223954"
"chr11","113032257","113032554","chrX","37470974","37471273","44","75561283"
"chr11","113075746","113076048","chrX","108442229","108442527","36","4633517"
"chr11","113080590","113080889","chr6","124714488","124714790","47","11633898"
"chr11","113122653","113122948","chr9","7025626","7025918","34","106097027"
"chr11","113125640","113125940","chrX","38891205","38891511","41","74234435"
"chr11","113244591","113244897","chrX","49622030","49622338","44","63622561"
"chr11","113291887","113292181","chr1","123829563","123829868","52","10537676"
"chr11","113299453","113299746","chr1","124250793","124251086","45","10951340"
"chr11","113366332","113366638","chr3","107766832","107767139","39","5599500"
"chr11","113366924","113367206","chr8","70343541","70343824","36","43023383"
"chr11","113379244","113379537","chr1","204813267","204813556","33","91434023"
"chr11","113398939","113399264","chr7","91654524","91654829","60","21744415"
"chr11","113422484","113422781","chr6","51185674","51185972","35","62236810"
"chr11","113433425","113433713","chr12","98300764","98301051","34","15132661"
"chr11","113436799","113437042","chr9","53458224","53458460","34","59978575"
"chr11","113438381","113438692","chr17","78189511","78189816","47","35248870"
"chr11","113485642","113485953","chrX","93343069","93343376","44","20142573"
"chr11","113492225","113492508","chr15","26878649","26878926","49","86613576"
"chr11","113498900","113499180","chr4","79455473","79455733","59","34043427"
"chr11","113501126","113501430","chr11","6563934","6564243","39","106937192"
"chr11","113521622","113521906","chrX","42585837","42586121","47","70935785"
"chr11","113538113","113538418","chr10","5265436","5265740","46","108272677"
"chr11","113540348","113540698","chr6","153629786","153630128","104","40089438"
"chr11","113545713","113546007","chr8","10102742","10103034","44","103442971"
"chr11","113573195","113573473","chr16","1630024","1630299","47","111943171"
"chr11","113617877","113618043","chr15","93934714","93934883","29","19683163"
"chr11","113672434","113672716","chr10","85228704","85229000","53","28443730"
"chr11","113699136","113699401","chr14","58571371","58571643","44","55127765"
"chr11","113707160","113707459","chr2","55010925","55011223","42","58696235"
"chr11","113713508","113713812","chr13","29616638","29616939","44","84096870"
"chr11","113734608","113734909","chr15","29522390","29522690","37","84212218"
"chr11","113778363","113778469","chr17","1344981","1345088","24","112433382"
"chr11","113782659","113782928","chr3","173810934","173811196","57","60028275"
"chr11","113846429","113846655","chr10","76202595","76202819","35","37643834"
"chr11","113847260","113847531","chr1","161851733","161852013","45","48004473"
"chr11","114077069","114077372","chr4","3145119","3145426","45","110931950"
"chr11","114109631","114109910","chr2","163396132","163396420","47","49286501"
"chr11","114378016","114378326","chr15","8402934","8403248","48","105975082"
"chr11","114489897","114490191","chr11","59744208","59744500","34","54745689"
"chr11","114626258","114626561","chr3","34969388","34969689","36","79656870"
"chr11","114644172","114644473","chr16","47080136","47080437","34","67564036"
"chr11","114691980","114692260","chr10","53067595","53067886","35","61624385"
"chr11","114697904","114698192","chr7","11035975","11036263","36","103661929"
"chr11","114719986","114720273","chr4","124965284","124965576","49","10245298"
"chr11","114852517","114852814","chr11","59744208","59744500","31","55108309"
"chr11","115031371","115031651","chr5","79158515","79158797","42","35872856"
"chr11","115034621","115034926","chr13","125137337","125137644","49","10102716"
"chr11","115059707","115059995","chr1","36440897","36441200","48","78618810"
"chr11","115078248","115078546","chr16","18796729","18797022","37","96281519"
"chr11","115079760","115080053","chr20","21400610","21400901","49","93679150"
"chr11","115111746","115112031","chr15","22000781","22001077","56","93110965"
"chr11","115132947","115133249","chr11","121687683","121687984","43","6554736"
"chr11","115164890","115165189","chr6","64751198","64751496","43","50413692"
"chr11","115216593","115216901","chr2","100781376","100781687","43","14435217"
"chr11","115283742","115284047","chr1","114141291","114141594","43","1142451"
"chr11","115317715","115318033","chr7","64448711","64449011","63","50869004"
"chr11","115329600","115329836","chr20","68379890","68380123","31","46949710"
"chr11","115332002","115332129","chr12","20981106","20981235","30","94350896"
"chr11","115332537","115332790","chr14","10861302","10861554","44","104471235"
"chr11","115335803","115336101","chr7","51613254","51613546","45","63722549"
"chr11","115343002","115343298","chr11","13702068","13702363","42","101640934"
"chr11","115359198","115359481","chr15","26878649","26878926","42","88480549"
"chr11","115376330","115376626","chr7","90971726","90972022","37","24404604"
"chr11","115405621","115405921","chrX","15713155","15713456","36","99692466"
"chr11","115423811","115424095","chr17","4719964","4720257","38","110703847"
"chr11","115521328","115521617","chr20","37861914","37862202","40","77659414"
"chr11","115539055","115539344","chr3","78122440","78122733","39","37416615"
"chr11","115568386","115568665","chr14","112246869","112247157","38","3321517"
"chr11","115574740","115575024","chr17","30419104","30419393","42","85155636"
"chr11","115694306","115694623","chr11","12513096","12513383","70","103181210"
"chr11","115718710","115718956","chr1","64811514","64811776","65","50907196"
"chr11","115734608","115734835","chr6","101369939","101370158","34","14364669"
"chr11","115763740","115764033","chr3","10482926","10483222","40","105280814"
"chr11","115782456","115782774","chr1","26100752","26101063","65","89681704"
"chr11","115812922","115813215","chr4","31017666","31017967","38","84795256"
"chr11","115843656","115843950","chr1","94365322","94365615","37","21478334"
"chr11","115866530","115866775","chr16","40955770","40956015","36","74910760"
"chr11","115921267","115921481","chrX","122065113","122065310","48","6143846"
"chr11","116013287","116013384","chr2","88811777","88811874","18","27201510"
"chr11","116074970","116075251","chr12","81748604","81748887","35","34326366"
"chr11","116161511","116161813","chrX","128569263","128569566","32","12407752"
"chr11","116279693","116280007","chr13","87769038","87769348","52","28510655"
"chr11","116281970","116282264","chrX","127952408","127952701","48","11670438"
"chr11","116316479","116316775","chr6","142572268","142572563","34","26255789"
"chr11","116336949","116337246","chr8","25582102","25582396","34","90754847"
"chr11","116362499","116362785","chr1","206447940","206448229","40","90085441"
"chr11","116397186","116397479","chr2","101278895","101279193","39","15118291"
"chr11","116462538","116462831","chr4","141027285","141027580","39","24564747"
"chr11","116490696","116491021","chr4","69180995","69181315","62","47309701"
"chr11","116510253","116510568","chr6","65398083","65398378","64","51112170"
"chr11","116514365","116514633","chr2","104378878","104379150","37","12135487"
"chr11","116519582","116519889","chr5","148372100","148372408","41","31852518"
"chr11","116559783","116560048","chr6","161525268","161525536","40","44965485"
"chr11","116584825","116585143","chr10","66278890","66279197","56","50305935"
"chr11","116669169","116669441","chr9","51784847","51785122","43","64884322"
"chr11","116670598","116670905","chr1","13983675","13983985","48","102686923"
"chr11","116673293","116673584","chr7","18532501","18532788","40","98140792"
"chr11","116709322","116709630","chr20","9121389","9121691","52","107587933"
"chr11","116779590","116779895","chr3","41659431","41659734","39","75120159"
"chr11","116814912","116815162","chr1","157715263","157715514","39","40900351"
"chr11","116830526","116830788","chr4","135313924","135314188","42","18483398"
"chr11","116832313","116832609","chr6","10235231","10235527","34","106597082"
"chr11","116834305","116834598","chr2","184580196","184580486","44","67745891"
"chr11","116892586","116892884","chr1","94365322","94365615","48","22527264"
"chr11","116913739","116914040","chr14","30842186","30842487","48","86071553"
"chr11","116952617","116952917","chr5","130475124","130475424","38","13522507"
"chr11","116982938","116983240","chr17","88324240","88324540","32","28658698"
"chr11","116983954","116984250","chr3","10482926","10483222","41","106501028"
"chr11","116991402","116991697","chr10","46007696","46008002","45","70983706"
"chr11","117014071","117014374","chr16","2608841","2609145","30","114405230"
"chr11","117021385","117021692","chr11","108474262","108474559","54","8547123"
"chr11","117195480","117195777","chr11","111645299","111645599","38","5550181"
"chr11","117213413","117213714","chr6","143561531","143561830","48","26348118"
"chr11","117241265","117241554","chr16","39491454","39491747","51","77749811"
"chr11","117250168","117250458","chr7","72707693","72707981","45","44542475"
"chr11","117263099","117263357","chr11","60614947","60615205","44","56648152"
"chr11","117291972","117292274","chr6","120240611","120240904","52","2948639"
"chr11","117348081","117348390","chr10","67405046","67405353","37","49943035"
"chr11","117383566","117383813","chr13","125572433","125572680","38","8188867"
"chr11","117395795","117396102","chr1","34996508","34996813","38","82399287"
"chr11","117399678","117399980","chr20","50071913","50072215","36","67327765"
"chr11","117405272","117405573","chr1","19736141","19736436","33","97669131"
"chr11","117455134","117455424","chr12","98300764","98301051","32","19154370"
"chr11","117479320","117479630","chr4","33526464","33526759","56","83952856"
"chr11","117521818","117522098","chr13","96327520","96327799","40","21194298"
"chr11","117531117","117531417","chr15","103362570","103362871","33","14168547"
"chr11","117535801","117536110","chr1","3276074","3276382","35","114259727"
"chr11","117537039","117537180","chr1","209070258","209070396","21","91533219"
"chr11","117592938","117593249","chr10","67405046","67405353","36","50187892"
"chr11","117600496","117600795","chr14","61662606","61662905","47","55937890"
"chr11","117636999","117637270","chr3","177583438","177583720","42","59946439"
"chr11","117768336","117768619","chr3","78122440","78122733","48","39645896"
"chr11","117842137","117842439","chr13","32817425","32817728","29","85024712"
"chr11","117848793","117849051","chr7","125141660","125141921","40","7292867"
"chr11","117857847","117858107","chrX","45766658","45766913","45","72091189"
"chr11","117890479","117890753","chr16","1630024","1630299","38","116260455"
"chr11","117906440","117906539","chr1","139339815","139339911","22","21433375"
"chr11","117907149","117907354","chr6","170833737","170833939","34","52926588"
"chr11","117973283","117973565","chr16","1419036","1419322","40","116554247"
"chr11","117983956","117984264","chr12","78681068","78681379","48","39302888"
"chr11","117990111","117990409","chr1","946135","946434","31","117043976"
"chr11","118001225","118001521","chr15","48151534","48151833","40","69849691"
"chr11","118032552","118032855","chr15","48151534","48151833","47","69881018"
"chr11","118045927","118046226","chr14","98318663","98318962","32","19727264"
"chr11","118088178","118088462","chr19","645039","645323","31","117443139"
"chr11","118088922","118089218","chr14","5934954","5935260","43","112153968"
"chr11","118090666","118090955","chr3","45207525","45207826","45","72883141"
"chr11","118093071","118093367","chr2","147426415","147426718","36","29333344"
"chr11","118102499","118102799","chr10","19879581","19879879","36","98222918"
"chr11","118111087","118111383","chr7","64125286","64125577","36","53985801"
"chr11","118112224","118112523","chr3","178721473","178721768","40","60609249"
"chr11","118139336","118139618","chr16","39900088","39900373","32","78239248"
"chr11","118165834","118166061","chr15","29611756","29611978","34","88554078"
"chr11","118167186","118167514","chr9","50750379","50750702","54","67416807"
"chr11","118258277","118258583","chr4","10828530","10828827","48","107429747"
"chr11","118291672","118291970","chr6","144796472","144796768","42","26504800"
"chr11","118291974","118292282","chr20","55850469","55850776","50","62441505"
"chr11","118293053","118293374","chr18","39066869","39067188","45","79226184"
"chr11","118318708","118318963","chr13","46225644","46225911","56","72093064"
"chr11","118342659","118343019","chr2","96826999","96827292","94","21515660"
"chr11","118351738","118352031","chr8","113144292","113144587","45","5207446"
"chr11","118382640","118382930","chr16","53316641","53316931","34","65065999"
"chr11","118403463","118403780","chr1","206447940","206448229","67","88044477"
"chr11","118419574","118419727","chr19","1776347","1776502","25","116643227"
"chr11","118422546","118422840","chr11","106457327","106457619","44","11965219"
"chr11","118464552","118464857","chr9","87395374","87395673","48","31069178"
"chr11","118473973","118474221","chr4","16247477","16247732","48","102226496"
"chr11","118483656","118483958","chr16","21958952","21959252","38","96524704"
"chr11","118500349","118500643","chr11","9310201","9310496","45","109190148"
"chr11","118546806","118546956","chr8","113485040","113485194","30","5061766"
"chr11","118553308","118553600","chr10","85228704","85229000","48","33324604"
"chr11","118554588","118554879","chr2","46893044","46893340","53","71661544"
"chr11","118560895","118561181","chr6","35603695","35603984","45","82957200"
"chr11","118588062","118588357","chr16","38954257","38954553","39","79633805"
"chr11","118608147","118608446","chr8","56315236","56315535","41","62292911"
"chr11","118653505","118653770","chr14","114184730","114184983","38","4468775"
"chr11","118665561","118665852","chr7","129722174","129722471","43","11056613"
"chr11","118740002","118740290","chr14","50817121","50817406","42","67922881"
"chr11","119002248","119002521","chr15","26878649","26878926","41","92123599"
"chr11","119061838","119062142","chr13","32817425","32817728","32","86244413"
"chr11","119069559","119069876","chr1","41160582","41160892","53","77908977"
"chr11","119108574","119108867","chr20","47816140","47816429","37","71292434"
"chr11","119136317","119136619","chr2","135982117","135982423","38","16845800"
"chr11","119136922","119137157","chr13","125572433","125572680","47","6435511"
"chr11","119147102","119147397","chr13","60736893","60737188","42","58410209"
"chr11","119147494","119147773","chr20","4922509","4922797","47","114224985"
"chr11","119153794","119154085","chr4","13663992","13664285","44","105489802"
"chr11","119155148","119155432","chr5","85235619","85235912","50","33919529"
"chr11","119215917","119216219","chr9","17180920","17181214","63","102034997"
"chr11","119223627","119223784","chr11","52649860","52649998","41","66573767"
"chr11","119224494","119224581","chr3","36838091","36838180","19","82386403"
"chr11","119237126","119237417","chrX","62378326","62378608","41","56858800"
"chr11","119249330","119249629","chr2","156010591","156010892","37","36761261"
"chr11","119253067","119253367","chr19","40076148","40076442","48","79176919"
"chr11","119289940","119290245","chr4","24531882","24532184","38","94758058"
"chr11","119290675","119290977","chrX","21565382","21565683","45","97725293"
"chr11","119309974","119310279","chr20","49204767","49205074","41","70105207"
"chr11","119310455","119310747","chr2","82640518","82640817","37","36669937"
"chr11","119339716","119340007","chr1","124250793","124251086","34","4911077"
"chr11","119342486","119342788","chr5","99976373","99976675","33","19366113"
"chr11","119361678","119361986","chr7","121480576","121480882","55","2118898"
"chr11","119367831","119368021","chr14","32377420","32377620","44","86990411"
"chr11","119392690","119392990","chr11","89115091","89115391","45","30277599"
"chr11","119439866","119440171","chr13","32817425","32817728","36","86622441"
"chr11","119450736","119451036","chr2","96239962","96240258","48","23210774"
"chr11","119464558","119464837","chr16","18796729","18797022","40","100667829"
"chr11","119465893","119466039","chr6","27330115","27330260","17","92135778"
"chr11","119520596","119520863","chr7","132975622","132975901","58","13455026"
"chr11","119579884","119580175","chr8","94412888","94413177","40","25166996"
"chr11","119693026","119693320","chr2","77686964","77687257","56","42006062"
"chr11","119728704","119729003","chr1","213070791","213071090","38","93342087"
"chr11","119745067","119745362","chr11","120626708","120626998","53","881641"
"chr11","119759139","119759428","chr13","46233254","46233544","42","73525885"
"chr11","119765590","119765888","chr2","39700849","39701143","37","80064741"
"chr11","119767866","119767990","chr19","11034584","11034709","12","108733282"
"chr11","119790409","119790713","chr6","124714488","124714790","39","4924079"
"chr11","119816786","119817079","chr7","91259277","91259574","52","28557509"
"chr11","119832265","119832497","chr20","46484406","46484655","49","73347859"
"chr11","119853392","119853648","chrX","37763597","37763857","54","82089795"
"chr11","119867483","119867771","chr2","102989050","102989349","44","16878433"
"chr11","119887950","119888247","chr12","86662303","86662604","38","33225647"
"chr11","119890689","119890829","chr2","93317431","93317570","21","26573258"
"chr11","119900447","119900745","chr1","946135","946434","34","118954312"
"chr11","119928936","119929225","chr15","1988979","1989274","40","117939957"
"chr11","119960799","119961087","chr2","72702249","72702540","42","47258550"
"chr11","119970590","119970870","chr8","50618249","50618537","51","69352341"
"chr11","119974671","119974751","chr7","9086730","9086812","14","110887941"
"chr11","120000273","120000437","chr5","34570857","34571020","24","85429416"
"chr11","120036294","120036582","chr16","18796729","18797022","33","101239565"
"chr11","120115957","120116220","chr4","8562955","8563214","45","111553002"
"chr11","120267973","120268267","chr4","69347489","69347789","41","50920484"
"chr11","120337216","120337516","chr15","1988979","1989274","43","118348237"
"chr11","120353728","120354028","chr4","154100211","154100509","35","33746483"
"chr11","120354494","120354770","chr13","1738760","1739040","53","118615734"
"chr11","120357360","120357648","chr2","71450909","71451205","39","48906451"
"chr11","120367419","120367653","chr3","42975213","42975449","45","77392206"
"chr11","120573987","120574164","chr3","33323683","33323864","28","87250304"
"chr11","120574460","120574753","chr1","212690762","212691052","43","92116302"
"chr11","120581049","120581348","chr3","173964513","173964818","48","53383464"
"chr11","120584274","120584582","chr13","23501079","23501388","30","97083195"
"chr11","120599483","120599759","chr7","52736490","52736780","46","67862993"
"chr11","120601963","120602260","chr2","102989050","102989349","42","17612913"
"chr11","120602291","120602577","chr20","27594264","27594559","38","93008027"
"chr11","120616066","120616297","chr10","32414416","32414650","53","88201650"
"chr11","120617351","120617649","chr7","9043063","9043359","39","111574288"
"chr11","120626785","120627086","chr10","21076263","21076568","42","99550522"
"chr11","120633388","120633680","chr1","110705862","110706158","42","9927526"
"chr11","120646664","120646957","chr19","50854091","50854388","42","69792573"
"chr11","120647600","120647893","chr8","25582102","25582396","31","95065498"
"chr11","120664318","120664405","chr7","104004969","104005057","14","16659349"
"chr11","120685323","120685486","chr7","120733169","120733328","23","47846"
"chr11","120696401","120696695","chr1","30413019","30413314","44","90283382"
"chr11","120703386","120703681","chr7","16206849","16207148","45","104496537"
"chr11","120717979","120718211","chr9","8910474","8910708","33","111807505"
"chr11","120719013","120719308","chr6","64755114","64755406","28","55963899"
"chr11","120727058","120727376","chr6","126641819","126642115","51","5914761"
"chr11","120741012","120741292","chr10","90525188","90525445","62","30215824"
"chr11","120789362","120789637","chr16","2090775","2091048","40","118698587"
"chr11","120805189","120805360","chr3","14928431","14928603","34","105876758"
"chr11","120817396","120817692","chr16","40645513","40645807","34","80171883"
"chr11","120834494","120834731","chr6","125155662","125155895","34","4321168"
"chr11","120856276","120856586","chr9","57835064","57835373","47","63021212"
"chr11","120873111","120873417","chr12","64068852","64069156","33","56804259"
"chr11","120894723","120894997","chr12","93108642","93108929","45","27786081"
"chr11","120928420","120928711","chr6","12014381","12014673","35","108914039"
"chr11","120942115","120942407","chr1","158563972","158564268","41","37621857"
"chr11","120957860","120958165","chr10","39490942","39491251","40","81466918"
"chr11","120958166","120958456","chr4","32871781","32872078","40","88086385"
"chr11","120993568","120993841","chr7","1797384","1797659","41","119196184"
"chr11","120994383","120994694","chr3","17627009","17627312","53","103367374"
"chr11","120995170","120995472","chr2","50634219","50634525","39","70360951"
"chr11","121016028","121016276","chr15","105031937","105032214","65","15984091"
"chr11","121089182","121089467","chrX","107407306","107407593","46","13681876"
"chr11","121108010","121108313","chr13","84233754","84234062","37","36874256"
"chr11","121192080","121192378","chr17","23551163","23551463","35","97640917"
"chr11","121193844","121193877","chr2","172534106","172534140","15","51340262"
"chr11","121194568","121194765","chr2","89593102","89593311","46","31601466"
"chr11","121204243","121204551","chr19","10711795","10712097","48","110492448"
"chr11","121281089","121281326","chr1","14468200","14468440","47","106812889"
"chr11","121285648","121285939","chr8","25582102","25582396","33","95703546"
"chr11","121347094","121347367","chr11","120208375","120208657","53","1138719"
"chr11","121348392","121348686","chr1","1631777","1632065","49","119716615"
"chr11","121360649","121360954","chr12","51845288","51845587","41","69515361"
"chr11","121368808","121369090","chr20","49701084","49701366","40","71667724"
"chr11","121377907","121378198","chr4","89657738","89658035","36","31720169"
"chr11","121388042","121388335","chr1","158815913","158816209","40","37427871"
"chr11","121394873","121395174","chr7","38441763","38442058","41","82953110"
"chr11","121409494","121409798","chr16","57261806","57262111","40","64147688"
"chr11","121415182","121415485","chr11","3653031","3653328","41","117762151"
"chr11","121430085","121430413","chr14","17323048","17323366","72","104107037"
"chr11","121433962","121434256","chr11","59744208","59744500","34","61689754"
"chr11","121457712","121457991","chr4","125838247","125838531","39","4380535"
"chr11","121516359","121516652","chr1","128231015","128231307","45","6714656"
"chr11","121530227","121530507","chr12","98300764","98301051","30","23229463"
"chr11","121530997","121531301","chr5","58207003","58207313","50","63323994"
"chr11","121537555","121537843","chr17","30611756","30612052","37","90925799"
"chr11","121573625","121573942","chr4","75388049","75388359","48","46185576"
"chr11","121621715","121622004","chr14","25420751","25421041","35","96200964"
"chr11","121624357","121624659","chr14","8178983","8179281","38","113445374"
"chr11","121646499","121646814","chr7","148098656","148098974","45","26452157"
"chr11","121654682","121654976","chr5","52449180","52449473","41","69205502"
"chr11","121712695","121713004","chr7","95444492","95444801","48","26268203"
"chr11","121725793","121726085","chr13","36087665","36087960","46","85638128"
"chr11","121726419","121726733","chrX","44962032","44962338","43","76764387"
"chr11","121736929","121737237","chr10","46007696","46008002","40","75729233"
"chr11","121763059","121763358","chr3","176830718","176831018","38","55067659"
"chr11","121780982","121781256","chr12","20586755","20587031","40","101194227"
"chr11","121786583","121786888","chr12","84561369","84561674","43","37225214"
"chr11","121839897","121840123","chr19","4770869","4771091","35","117069028"
"chr11","121862932","121863234","chr20","39393363","39393662","47","82469569"
"chr11","121900999","121901240","chr12","63756955","63757195","37","58144044"
"chr11","121915312","121915605","chr19","7363271","7363562","43","114552041"
"chr11","121935893","121936188","chr2","38884008","38884302","44","83051885"
"chr11","122022310","122022550","chr10","90525188","90525445","57","31497122"
"chr11","122027680","122027997","chr6","77685406","77685722","59","44342274"
"chr11","122030323","122030559","chr16","52315634","52315864","36","69714689"
"chr11","122072706","122073008","chr2","46682521","46682821","29","75390185"
"chr11","122077553","122077849","chr3","160772561","160772858","39","38695008"
"chr11","122103992","122104294","chr2","99629442","99629744","50","22474550"
"chr11","122115071","122115366","chr8","85566036","85566332","38","36549035"
"chr11","122155900","122156150","chr3","7548115","7548365","35","114607785"
"chr11","122163322","122163624","chr18","12965449","12965751","36","109197873"
"chr11","122238899","122239208","chr13","24550040","24550347","33","97688859"
"chr11","122245030","122245328","chr2","44732994","44733290","43","77512036"
"chr11","122271998","122272273","chr1","2148369","2148657","50","120123629"
"chr11","122284184","122284487","chr19","26787614","26787918","52","95496570"
"chr11","122297421","122297722","chr4","83035903","83036201","47","39261518"
"chr11","122299857","122300167","chr4","3145119","3145426","42","119154738"
"chr11","122303545","122303833","chr1","54896342","54896630","44","67407203"
"chr11","122311593","122311922","chr13","99722238","99722539","83","22589355"
"chr11","122314634","122314927","chr1","163318234","163318534","44","41003600"
"chr11","122326239","122326449","chr7","14702283","14702491","30","107623956"
"chr11","122332182","122332419","chr6","124012894","124013127","46","1680712"
"chr11","122346958","122347259","chr1","946135","946434","36","121400823"
"chr11","122351624","122351913","chr1","110077560","110077850","43","12274064"
"chr11","122375639","122375937","chrX","90854802","90855099","42","31520837"
"chr11","122387864","122388159","chr2","46682521","46682821","37","75705343"
"chr11","122396135","122396427","chrX","45487697","45487995","49","76908438"
"chr11","122406948","122407256","chr10","29691322","29691619","53","92715626"
"chr11","122433867","122434159","chrX","50303065","50303366","39","72130802"
"chr11","122484606","122484908","chr12","63079032","63079340","39","59405574"
"chr11","122488739","122489045","chr3","34969388","34969689","45","87519351"
"chr11","122522110","122522406","chr10","87880515","87880812","39","34641595"
"chr11","122534598","122534893","chr14","68039927","68040220","45","54494671"
"chr11","122543752","122544059","chr14","5934954","5935260","38","116608798"
"chr11","122580571","122580876","chr9","22602293","22602604","40","99978278"
"chr11","122584543","122584816","chr12","14360232","14360506","51","108224311"
"chr11","122586508","122586805","chr1","42476755","42477044","43","80109753"
"chr11","122599836","122600080","chr10","12309513","12309762","40","110290323"
"chr11","122659173","122659464","chr8","96528890","96529171","51","26130283"
"chr11","122670704","122670997","chr9","113539071","113539365","36","9131633"
"chr11","122693971","122694112","chr11","106825161","106825304","35","15868810"
"chr11","122712530","122712821","chr10","71312954","71313248","45","51399576"
"chr11","122722707","122722998","chr4","32871781","32872078","36","89850926"
"chr11","122722999","122723165","chr13","93249064","93249232","26","29473935"
"chr11","122733625","122733914","chr1","64035542","64035836","41","58698083"
"chr11","122735547","122735819","chr18","55301930","55302215","63","67433617"
"chr11","122767101","122767402","chr7","137319036","137319338","33","14551935"
"chr11","122784284","122784525","chr3","173507444","173507689","38","50723160"
"chr11","122844351","122844641","chr13","118543000","118543289","37","4301351"
"chr11","122847245","122847543","chr2","38884008","38884302","37","83963237"
"chr11","122848542","122848837","chr2","102989050","102989349","49","19859492"
"chr11","122868598","122868897","chr9","12952414","12952716","49","109916184"
"chr11","122894343","122894671","chr4","55885288","55885612","57","67009055"
"chr11","122901276","122901570","chr8","36984410","36984705","49","85916866"
"chr11","122916228","122916519","chrX","20846410","20846706","42","102069818"
"chr11","122919280","122919566","chr13","60646352","60646637","52","62272928"
"chr11","122923969","122924273","chr3","84982563","84982864","51","37941406"
"chr11","122933766","122934061","chr9","50566898","50567202","49","72366868"
"chr11","122934497","122934793","chr10","10378732","10379028","37","112555765"
"chr11","122949300","122949592","chrX","108069512","108069807","38","14879788"
"chr11","122956711","122957002","JH682036","358126","358421","33","122598585"
"chr11","122965700","122965989","chr7","72707693","72707981","45","50258007"
"chr11","122981979","122982134","chr8","11059270","11059426","39","111922709"
"chr11","122982175","122982314","chr1","4534165","4534297","33","118448010"
"chr11","123009153","123009261","chr9","124771238","124771348","15","1762085"
"chr11","123009850","123010047","chr5","97080068","97080262","44","25929782"
"chr11","123010958","123011260","chr1","208230438","208230739","40","85219480"
"chr11","123023490","123023788","chr11","7381321","7381621","32","115642169"
"chr11","123034524","123034818","chr16","9419490","9419785","36","113615034"
"chr11","123042045","123042352","chr20","65957382","65957690","36","57084663"
"chr11","123112407","123112671","chr14","85601211","85601476","43","37511196"
"chr11","123121434","123121705","chr8","37293429","37293700","49","85828005"
"chr11","123141564","123141864","chr11","7381321","7381621","43","115760243"
"chr11","123208558","123208849","chrX","19148176","19148472","49","104060382"
"chr11","123212239","123212528","chr1","219677924","219678213","38","96465685"
"chr11","123213250","123213545","chr18","48465782","48466081","33","74747468"
"chr11","123237165","123237333","chr6","168710657","168710821","33","45473492"
"chr11","123275573","123275866","chr14","17062282","17062573","45","106213291"
"chr11","123333711","123334010","chr19","34660730","34661028","42","88672981"
"chr11","123388407","123388710","chr6","124714488","124714790","40","1326081"
"chr11","123394482","123394756","chr2","39029241","39029515","41","84365241"
"chr11","123399008","123399305","chr11","59744208","59744500","28","63654800"
"chr11","123404106","123404201","chr6","174338072","174338169","14","50933966"
"chr11","123404962","123405168","chr20","49267706","49267913","33","74137256"
"chr11","123407520","123407817","chr7","18532501","18532788","49","104875019"
"chr11","123423230","123423539","chr3","69228301","69228608","37","54194929"
"chr11","123490849","123491160","chrX","44605832","44606142","38","78885017"
"chr11","123596740","123597033","chr3","63552234","63552532","45","60044506"
"chr11","123605308","123605600","chr9","7025626","7025918","37","116579682"
"chr11","123607984","123608194","chr7","155860210","155860412","29","32252226"
"chr11","123616286","123616551","chr7","65037501","65037778","57","58578785"
"chr11","123616995","123617284","chr1","128202446","128202737","35","4585451"
"chr11","123647881","123648183","chr3","69228301","69228608","56","54419580"
"chr11","123655265","123655551","chr7","133065043","133065330","33","9409778"
"chr11","123659389","123659668","chr14","6210844","6211132","51","117448545"
"chr11","123683600","123683831","chr1","45305408","45305643","43","78378192"
"chr11","123693441","123693690","chr4","79455473","79455733","36","44237968"
"chr11","123710713","123710854","chr2","177049440","177049581","23","53338727"
"chr11","123710929","123711098","chr19","49895550","49895720","47","73815379"
"chr11","123739475","123739765","chr1","206447940","206448229","46","82708465"
"chr11","123796856","123796978","chr18","54916673","54916791","19","68880183"
"chr11","123804429","123804734","chr1","216020767","216021074","41","92216338"
"chr11","123856137","123856434","chr14","123149498","123149793","41","706639"
"chr11","123863272","123863588","chr11","36769212","36769521","46","87094060"
"chr11","123889041","123889347","chr3","34969388","34969689","53","88919653"
"chr11","123934430","123934730","chr15","103362570","103362871","27","20571860"
"chr11","123950599","123950899","chr3","34969388","34969689","37","88981211"
"chr11","123953799","123954091","chr2","102989050","102989349","43","20964749"
"chr11","123961731","123962017","chr2","172679157","172679445","38","48717426"
"chr11","123985910","123986214","chr6","124714488","124714790","41","728578"
"chr11","123994787","123995085","chr14","5886578","5886869","50","118108209"
"chr11","124034762","124034855","chr1","54171412","54171503","22","69863350"
"chr11","124055084","124055375","chr8","25582102","25582396","29","98472982"
"chr11","124067220","124067350","chr2","85726747","85726894","45","38340473"
"chr11","124123334","124123633","chr13","32817425","32817728","30","91305909"
"chr11","124163339","124163626","chr6","128266238","128266531","41","4102899"
"chr11","124174620","124174918","chr16","49586323","49586622","34","74588297"
"chr11","124289490","124289793","chr7","106426121","106426421","31","17863369"
"chr11","124304452","124304793","chr10","82765575","82765898","63","41538877"
"chr11","124310405","124310663","chr15","35980878","35981131","46","88329527"
"chr11","124311540","124311583","chr6","115440800","115440844","6","8870740"
"chr11","124326061","124326351","chr9","7025626","7025918","35","117300435"
"chr11","124328486","124328790","chr16","48424959","48425259","43","75903527"
"chr11","124342688","124342959","chr1","115404557","115404821","45","8938131"
"chr11","124350115","124350256","chr11","121717039","121717180","21","2633076"
"chr11","124385405","124385704","chr4","69347489","69347789","34","55037916"
"chr11","124393731","124393847","chr3","15334660","15334776","12","109059071"
"chr11","124401222","124401477","chr2","106270969","106271223","39","18130253"
"chr11","124410666","124410960","chr20","46272923","46273218","41","78137743"
"chr11","124412570","124412865","chr4","82945647","82945940","31","41466923"
"chr11","124446781","124447068","chr7","72707693","72707981","39","51739088"
"chr11","124495985","124496297","chr3","175463997","175464306","44","50968012"
"chr11","124567466","124567770","chr2","167849273","167849577","49","43281807"
"chr11","124572921","124573068","chr2","32115820","32115960","18","92457101"
"chr11","124588536","124588837","chr4","17134525","17134827","39","107454011"
"chr11","124644012","124644292","chr2","131043402","131043679","45","6399390"
"chr11","124672318","124672613","chr6","136733017","136733318","44","12060699"
"chr11","124785629","124785930","chr13","42161985","42162288","32","82623644"
"chr11","124880351","124880653","chr7","93612219","93612525","48","31268132"
"chr11","124958367","124958684","chr18","39066869","39067188","45","85891498"
"chr11","125001824","125001929","chrX","83427951","83428055","24","41573873"
"chr11","125068302","125068596","chr1","118003993","118004283","47","7064309"
"chr11","125132623","125132906","chr2","149808038","149808322","40","24675415"
"chr11","125137844","125138139","chr6","142572268","142572563","45","17434424"
"chr11","125162636","125162938","chr2","50634219","50634525","42","74528417"
"chr11","125165925","125166099","chr8","98675375","98675543","32","26490550"
"chr11","125195171","125195453","chr3","30335324","30335598","46","94859847"
"chr11","125211610","125211921","chr6","14126745","14127048","47","111084865"
"chr11","125229915","125230204","chr7","96230630","96230924","52","28999285"
"chr11","125236864","125237182","chrX","129455434","129455737","58","4218570"
"chr11","125250775","125251077","chr7","132835690","132835994","36","7584915"
"chr11","125276467","125276769","chr11","36452050","36452347","60","88824417"
"chr11","125279864","125280167","chr13","62636440","62636740","41","62643424"
"chr11","125280172","125280473","chr1","13865146","13865450","49","111415026"
"chr11","125326052","125326349","chr7","41138138","41138436","36","84187914"
"chr11","125326642","125326936","chr3","50779974","50780270","30","74546668"
"chr11","125338542","125338835","chr6","142572268","142572563","40","17233726"
"chr11","125390092","125390316","chr13","22875183","22875410","41","102514909"
"chr11","125401012","125401283","chr7","133065043","133065330","44","7664031"
"chr11","125480198","125480282","chr5","32121453","32121538","14","93358745"
"chr11","125570770","125571071","chr4","130615568","130615870","42","5044798"
"chr11","125630824","125631129","chr14","30842186","30842487","36","94788638"
"chr11","125657839","125658122","chr7","90971726","90972022","44","34686113"
"chr11","125669035","125669322","chr1","63803178","63803473","49","61865857"
"chr11","125682795","125683090","chr19","45107811","45108107","35","80574984"
"chr11","125706811","125707096","chr10","62315260","62315548","32","63391551"
"chr11","125753856","125754154","chr10","20549883","20550183","40","105203973"
"chr11","125763426","125763702","chr4","24804662","24804922","60","100958764"
"chr11","125811488","125811637","chr13","59655415","59655561","31","66156073"
"chr11","125811976","125812108","chr8","51403248","51403379","25","74408728"
"chr11","125852237","125852532","chr9","34818668","34818959","36","91033569"
"chr11","125859723","125860005","chr1","124250793","124251086","49","1608930"
"chr11","125882798","125883091","chr7","120213273","120213565","42","5669525"
"chr11","125903699","125903996","chr1","81662759","81663054","42","44240940"
"chr11","125920082","125920371","chr4","33942864","33943168","46","91977218"
"chr11","125956335","125956638","chr2","172612092","172612398","34","46655757"
"chr11","126070535","126070688","chr3","44250626","44250781","28","81819909"
"chr11","126146189","126146484","chr12","13891696","13891997","39","112254493"
"chr11","126191071","126191380","chr4","43897349","43897653","50","82293722"
"chr11","126313484","126313786","chr10","29691322","29691619","43","96622162"
"chr11","126412216","126412505","chr2","184580196","184580486","40","58167980"
"chr11","126435114","126435172","chr1","129283031","129283087","9","2847917"
"chr11","126435323","126435571","chr20","40663185","40663429","45","85772138"
"chr11","126437568","126437870","chr16","24435726","24436025","38","102001842"
"chr11","126480943","126481229","chr4","131374689","131374976","38","4893746"
"chr11","126514720","126515005","chr4","31083851","31084133","39","95430869"
"chr11","126589362","126589672","chr7","114795060","114795360","39","11794302"
"chr11","126621424","126621715","chr10","53067595","53067886","41","73553829"
"chr11","126653671","126653972","chr3","157679211","157679508","47","31025540"
"chr11","126695971","126696249","chr20","42229503","42229785","44","84466468"
"chr11","126711691","126711952","chr8","78998828","78999091","51","47712863"
"chr11","126734984","126735289","chr4","42381703","42382011","45","84353281"
"chr11","126751360","126751682","chr13","24550040","24550347","45","102201320"
"chr11","126760025","126760325","chr11","31591981","31592280","40","95168044"
"chr11","126863827","126864130","chr13","32817425","32817728","28","94046402"
"chr11","126891613","126891860","chr3","44476893","44477138","45","82414720"
"chr11","127017990","127018194","chr4","148703870","148704079","47","21685880"
"chr11","127042470","127042773","chr2","114227807","114228107","55","12814663"
"chr11","127312443","127312515","chr1","52854514","52854589","13","74457929"
"chr11","127312935","127313069","chr20","26057234","26057363","21","101255701"
"chr11","127365461","127365767","chr7","52545916","52546225","36","74819545"
"chr11","127374603","127374907","chr16","9013861","9014161","44","118360742"
"chr11","127383437","127383753","chr12","20710479","20710784","46","106672958"
"chr11","127444695","127444970","chr1","15291446","15291730","49","112153249"
"chr11","127887882","127888191","chr3","45369493","45369802","48","82518389"
"chr11","128004891","128005068","chr15","42790613","42790798","32","85214278"
"chr11","128116683","128116991","chr5","34488672","34488979","35","93628011"
"chr11","128163173","128163298","chr11","83048168","83048288","14","45115005"
"chr11","128197143","128197435","chrX","90854802","90855099","40","37342341"
"chr11","128515520","128515793","chr7","130654165","130654431","56","2138645"
"chr11","128626424","128626700","chr2","135177745","135178021","40","6551321"
"chr11","128637036","128637344","chr20","26401661","26401973","33","102235375"
"chr11","128640643","128640845","chr10","32105022","32105222","37","96535621"
"chr11","128672106","128672402","chr1","191232237","191232533","34","62560131"
"chr11","128710003","128710295","chr9","7025626","7025918","39","121684377"
"chr11","128720904","128721210","chr10","29691322","29691619","39","99029582"
"chr11","128731854","128732142","chr1","213070791","213071090","44","84338937"
"chr11","128823283","128823488","chr4","148703870","148704079","45","19880587"
"chr11","128823809","128824112","chr1","184288081","184288385","35","55464272"
"chr11","128841256","128841558","chr2","114227807","114228107","54","14613449"
"chr11","128879586","128879716","chr18","2814393","2814524","16","126065193"
"chr11","128895627","128895933","chr6","124714488","124714790","42","4181139"
"chr11","128937703","128937980","chr1","56231804","56232091","47","72705899"
"chr11","129110349","129110654","chr1","128155382","128155688","38","954967"
"chr11","129175995","129176280","chr10","62315260","62315548","33","66860735"
"chr11","129286880","129287006","chr19","33246754","33246878","22","96040126"
"chr11","129291523","129291796","chr4","30257288","30257559","52","99034235"
"chr11","129353147","129353446","chr1","946135","946434","33","128407012"
"chr11","129460680","129460972","chr16","18796729","18797022","37","110663951"
"chr11","129477758","129478033","chr12","52370542","52370823","53","77107216"
"chr11","129543910","129544196","chr1","91720982","91721273","39","37822928"
"chr11","129584627","129584902","chr6","143287549","143287823","40","13702922"
"chr11","129588876","129589176","chr7","123688140","123688443","50","5900736"
"chr11","129603389","129603680","chr3","3812815","3813101","51","125790574"
"chr11","129606088","129606394","chr1","128155382","128155688","30","1450706"
"chr11","129617595","129617871","chr4","10337240","10337517","41","119280355"
"chr11","129618511","129618801","chr15","83740001","83740291","45","45878510"
"chr11","129688159","129688384","chrX","65566054","65566285","53","64122105"
"chr11","129706655","129706951","chr14","55307372","55307665","39","74399283"
"chr11","129711084","129711354","chr14","64253785","64254058","49","65457299"
"chr11","129718643","129718936","chr7","52736490","52736780","41","76982153"
"chr11","129772518","129772892","chr4","42369061","42369439","103","87403457"
"chr11","129778021","129778281","chr10","85305068","85305322","54","44472953"
"chr11","129783510","129783807","chr15","7561500","7561795","34","122222010"
"chr11","129794211","129794516","chr16","70382574","70382877","43","59411637"
"chr11","129802092","129802342","chr8","139527274","139527522","32","9725182"
"chr11","129858383","129858678","chr17","63071543","63071839","39","66786840"
"chr11","129899512","129899587","chr1","982355","982429","15","128917157"
"chr11","130011854","130011989","chr2","93317431","93317570","23","36694423"
"chr11","130021366","130021667","chr15","7561500","7561795","35","122459866"
"chr11","130030475","130030761","chr11","88966345","88966635","36","41064130"
"chr11","130102015","130102301","chr5","158892033","158892319","43","28790018"
"chr11","130221249","130221554","chr1","7993999","7994304","48","122227250"
"chr11","130221646","130221955","chrX","45626684","45626995","32","84594962"
"chr11","130231147","130231249","chr1","139339815","139339911","30","9108668"
"chr11","130231886","130232180","chr3","45626371","45626668","31","84605515"
"chr11","130232234","130232355","chr20","23600106","23600226","25","106632128"
"chr11","130316508","130316771","chr2","49059917","49060182","42","81256591"
"chr11","130341568","130341865","chr9","31646265","31646560","44","98695303"
"chr11","130364563","130364862","chr8","134559715","134560014","38","4195152"
"chr12","50200347","50200658","chr5","32469834","32470141","41","17730513"
"chr12","81133307","81133599","chr20","48922566","48922869","48","32210741"
"chr12","96731132","96731407","chr6","51475431","51475711","44","45255701"
"chr12","101449532","101449837","chr4","151432154","151432460","34","49982622"
"chr12","64311","64612","chr3","13929450","13929758","42","13865139"
"chr12","107420","107692","chr1","42476755","42477044","55","42369335"
"chr12","116356","116619","chr2","99632317","99632577","46","99515961"
"chr12","118476","118766","chr11","46110133","46110427","39","45991657"
"chr12","130147","130439","chr20","13516848","13517143","36","13386701"
"chr12","148788","149091","chr1","124050585","124050888","34","123901797"
"chr12","235549","235779","chr6","124012894","124013127","43","123777345"
"chr12","249188","249518","chr12","20406534","20406859","55","20157346"
"chr12","249790","250076","chr3","13489445","13489734","45","13239655"
"chr12","260601","260897","chr14","7830508","7830805","42","7569907"
"chr12","275066","275356","chr7","90971726","90972022","39","90696660"
"chr12","300927","301195","chr6","132179472","132179753","56","131878545"
"chr12","304631","304916","chr6","143287549","143287823","53","142982918"
"chr12","351043","351344","chr12","51845288","51845587","39","51494245"
"chr12","356634","356922","chr10","29021225","29021511","36","28664591"
"chr12","365201","365486","chr20","42229503","42229785","53","41864302"
"chr12","401036","401220","chr19","44351795","44351980","33","43950759"
"chr12","426718","427016","chr13","99722238","99722539","38","99295520"
"chr12","438210","438507","chr6","160339930","160340231","46","159901720"
"chr12","438865","438982","chr7","125149149","125149268","25","124710284"
"chr12","439155","439331","chr3","35345030","35345210","34","34905875"
"chr12","456721","456836","chrX","33348734","33348848","22","32892013"
"chr12","456887","457049","chr7","77481567","77481727","35","77024680"
"chr12","467823","468142","chr13","93072180","93072491","40","92604357"
"chr12","474205","474498","chr14","5197108","5197407","45","4722903"
"chr12","547700","547994","chr20","39659316","39659610","33","39111616"
"chr12","548367","548607","chr11","117497350","117497587","45","116948983"
"chr12","609470","609755","chr4","125838247","125838531","39","125228777"
"chr12","616223","616525","chr1","213070791","213071090","53","212454568"
"chr12","772766","773059","chr15","95926887","95927178","48","95154121"
"chr12","946956","947250","chr5","34428917","34429213","36","33481961"
"chr12","1354596","1354859","chrX","122712517","122712780","36","121357921"
"chr12","1394801","1395092","chr2","69261395","69261686","42","67866594"
"chr12","1400651","1400944","chr5","45431915","45432209","39","44031264"
"chr12","1406496","1406787","chr5","45431915","45432209","41","44025419"
"chr12","1412335","1412625","chr2","69261395","69261686","41","67849060"
"chr12","1415360","1415626","chr6","165329904","165330188","55","163914544"
"chr12","1480803","1481096","chr1","191232237","191232533","33","189751434"
"chr12","1486592","1486896","chr13","61259817","61260123","30","59773225"
"chr12","1546902","1547205","chr1","191232237","191232533","36","189685335"
"chr12","1547234","1547530","chr10","7806589","7806886","39","6259355"
"chr12","1556653","1556952","chrX","49662605","49662918","60","48105952"
"chr12","1557614","1557904","chr11","88966345","88966635","30","87408731"
"chr12","1588357","1588638","chr1","70068220","70068502","40","68479863"
"chr12","1697252","1697536","chr3","162545240","162545525","50","160847988"
"chr12","1717098","1717383","chr2","104064573","104064856","44","102347475"
"chr12","1749622","1749913","chr11","88966345","88966635","39","87216723"
"chr12","1773891","1774198","chr9","11046146","11046452","43","9272255"
"chr12","1792467","1792762","chr17","45095928","45096223","43","43303461"
"chr12","1794373","1794660","chr1","127833040","127833336","46","126038667"
"chr12","1795081","1795375","chr7","80922946","80923237","51","79127865"
"chr12","1824243","1824558","chr7","49324027","49324336","36","47499784"
"chr12","1912615","1912924","chr3","12603123","12603437","34","10690508"
"chr12","1931771","1932076","chr18","26757177","26757480","33","24825406"
"chr12","1932741","1933053","chr7","123688140","123688443","65","121755399"
"chr12","1940837","1941117","chr15","78590602","78590883","52","76649765"
"chr12","2027414","2027703","chr14","111869477","111869767","43","109842063"
"chr12","2039001","2039125","chr8","75401438","75401550","28","73362437"
"chr12","2068033","2068336","chr13","32817425","32817728","35","30749392"
"chr12","2070448","2070708","chr3","1997406","1997669","43","73042"
"chr12","2170071","2170354","chr3","124597695","124597995","55","122427624"
"chr12","2191102","2191366","chr6","58171306","58171571","42","55980204"
"chr12","2192009","2192316","chr15","96588502","96588809","46","94396493"
"chr12","2192319","2192619","chrX","108424409","108424705","49","106232090"
"chr12","2212857","2213198","chr1","25073098","25073432","75","22860241"
"chr12","2214615","2214912","chr1","30886272","30886580","54","28671657"
"chr12","2227011","2227168","chr10","85626594","85626755","36","83399583"
"chr12","2260061","2260369","chr16","47869063","47869366","37","45609002"
"chr12","2304572","2304874","chr16","29545554","29545857","43","27240982"
"chr12","2413144","2413445","chr3","34969388","34969689","43","32556244"
"chr12","2658042","2658327","chr1","48541016","48541306","43","45882974"
"chr12","2663882","2664174","chr2","84844754","84845049","35","82180872"
"chr12","2668637","2668945","chr1","208230438","208230739","48","205561801"
"chr12","2709695","2710013","chr1","124050585","124050888","52","121340890"
"chr12","2723107","2723405","chr3","45626371","45626668","36","42903264"
"chr12","2737129","2737431","chr17","80409984","80410281","49","77672855"
"chr12","2746017","2746304","chr3","41262066","41262353","50","38516049"
"chr12","2793536","2793842","chrX","37654936","37655245","47","34861400"
"chr12","2800475","2800746","chrX","122712517","122712780","37","119912042"
"chr12","2801820","2802083","chrX","120449710","120449993","49","117647890"
"chr12","2841552","2841825","chr19","41855847","41856116","46","39014295"
"chr12","2854460","2854759","chr3","71169706","71170006","44","68315246"
"chr12","2859708","2859786","chr16","15856813","15856893","14","12997105"
"chr12","2860995","2861276","chr20","35264020","35264301","41","32403025"
"chr12","2863592","2863853","chr3","1997406","1997669","49","866186"
"chr12","2893163","2893472","chr1","7993999","7994304","34","5100836"
"chr12","2894970","2895273","chr10","85616264","85616571","39","82721294"
"chr12","2946950","2947211","chr6","171956247","171956509","34","169009297"
"chr12","2951188","2951471","chr1","27475449","27475738","48","24524261"
"chr12","2973923","2974240","chr5","36998642","36998935","90","34024719"
"chr12","3019739","3020029","chr2","84844754","84845049","45","81825015"
"chr12","3038173","3038337","chr4","157056096","157056260","31","154017923"
"chr12","3070237","3070504","chr3","77207657","77207929","55","74137420"
"chr12","3072554","3072822","chr5","45465824","45466092","56","42393270"
"chr12","3080799","3081088","chr2","72702249","72702540","39","69621450"
"chr12","3081089","3081368","chr20","26324160","26324436","49","23243071"
"chr12","3082383","3082487","chr6","51545855","51545952","26","48463472"
"chr12","3083208","3083314","chr13","20114455","20114567","16","17031247"
"chr12","3104950","3105012","chr13","125304787","125304847","8","122199837"
"chr12","3105290","3105588","chr1","158717246","158717547","40","155611956"
"chr12","3122234","3122426","chr1","130247835","130248045","60","127125601"
"chr12","3133440","3133709","chr6","161525268","161525536","41","158391828"
"chr12","3142567","3142734","chr2","20065108","20065278","31","16922541"
"chr12","3142735","3143050","chr11","64440364","64440673","40","61297629"
"chr12","3177661","3177940","chr7","71414389","71414681","51","68236728"
"chr12","3181702","3181998","chr9","61900736","61901039","39","58719034"
"chr12","3184173","3184465","chr1","42476755","42477044","42","39292582"
"chr12","3223645","3223954","chr11","4016647","4016949","40","793002"
"chr12","3234248","3234551","chr19","3064712","3065012","40","169536"
"chr12","3244948","3245255","chr1","124050585","124050888","38","120805637"
"chr12","3248585","3248887","chr16","7267846","7268151","51","4019261"
"chr12","3254430","3254741","chr2","98510277","98510587","48","95255847"
"chr12","3260463","3260772","chr3","26506775","26507089","46","23246312"
"chr12","3267096","3267222","chr14","66910279","66910408","30","63643183"
"chr12","3267573","3267861","chr10","26225402","26225693","35","22957829"
"chr12","3301002","3301318","chr1","21642415","21642734","48","18341413"
"chr12","3308112","3308398","chr1","94365322","94365615","44","91057210"
"chr12","3321018","3321323","chr4","3145119","3145426","55","175899"
"chr12","3363986","3364238","chr8","25856240","25856492","62","22492254"
"chr12","3418966","3419256","chr14","15577285","15577579","34","12158319"
"chr12","3431801","3432095","chr1","124250793","124251086","37","120818992"
"chr12","3488673","3488979","chr13","125134336","125134638","33","121645663"
"chr12","3629046","3629328","chr16","18796729","18797022","48","15167683"
"chr12","3633557","3633840","chr9","20813240","20813526","37","17179683"
"chr12","3635267","3635554","chr1","55214758","55215045","41","51579491"
"chr12","3647722","3648021","chr5","34428917","34429213","40","30781195"
"chr12","3657033","3657313","chr15","10492650","10492931","59","6835617"
"chr12","3683448","3683736","chr1","42476755","42477044","35","38793307"
"chr12","3703184","3703401","chr1","19712922","19713142","60","16009738"
"chr12","3764878","3765154","chr11","97924703","97924978","41","94159825"
"chr12","3765671","3765970","chr3","44207119","44207413","47","40441448"
"chr12","3811418","3811671","chr8","102916371","102916625","38","99104953"
"chr12","3823379","3823670","chr8","95960003","95960299","30","92136624"
"chr12","3835755","3836062","chr10","16049988","16050292","46","12214233"
"chr12","3880179","3880481","chr11","59744208","59744500","36","55864029"
"chr12","3936353","3936655","chr12","51845288","51845587","44","47908935"
"chr12","3984401","3984709","chr1","34059946","34060256","49","30075545"
"chr12","3995196","3995495","chr3","128061655","128061955","38","124066459"
"chr12","4007538","4007834","chr16","49861297","49861598","38","45853759"
"chr12","4040172","4040464","chr16","55510477","55510777","42","51470305"
"chr12","4081413","4081707","chr1","213070791","213071090","52","208989378"
"chr12","4084842","4085147","chr3","48175609","48175913","43","44090767"
"chr12","4086621","4086907","chr10","62315260","62315548","40","58228639"
"chr12","4090757","4091036","chr14","50817121","50817406","39","46726364"
"chr12","4155118","4155400","chr1","94365322","94365615","47","90210204"
"chr12","4160095","4160392","chr2","186511571","186511867","43","182351476"
"chr12","4183530","4183833","chr12","69597135","69597433","44","65413605"
"chr12","4189906","4190159","chr11","120216941","120217193","33","116027035"
"chr12","4191982","4192242","chr9","68885430","68885693","35","64693448"
"chr12","4194105","4194239","chr8","30033336","30033468","25","25839231"
"chr12","4204086","4204387","chr1","219225924","219226223","44","215021838"
"chr12","4218576","4218704","chr19","44352064","44352192","20","40133488"
"chr12","4219000","4219119","chr4","12846401","12846518","21","8627401"
"chr12","4221180","4221471","chr1","5601507","5601807","39","1380327"
"chr12","4333938","4334086","chr1","113961671","113961817","34","109627733"
"chr12","4357976","4358262","chr10","62315260","62315548","31","57957284"
"chr12","4361592","4361860","chr15","2641152","2641417","42","1720440"
"chr12","4362401","4362698","chr3","67174075","67174371","49","62811674"
"chr12","4397230","4397526","chr18","48465782","48466081","41","44068552"
"chr12","4400012","4400309","chr3","66701770","66702068","37","62301758"
"chr12","4459180","4459468","chr19","48620293","48620583","45","44161113"
"chr12","4459475","4459773","chr2","39660204","39660504","30","35200729"
"chr12","4473881","4474155","chr7","106278993","106279282","56","101805112"
"chr12","4475082","4475386","chr9","113996946","113997255","35","109521864"
"chr12","4477862","4478155","chrX","14617637","14617929","41","10139775"
"chr12","4491143","4491442","chr11","132200050","132200346","41","127708907"
"chr12","4527017","4527319","chr2","38884008","38884302","47","34356991"
"chr12","4533974","4534209","chr20","4304468","4304705","29","229506"
"chr12","4549135","4549440","chr1","20012770","20013073","36","15463635"
"chr12","4613559","4613849","chr3","179701033","179701322","39","175087474"
"chr12","4622252","4622538","chr16","11161826","11162107","46","6539574"
"chr12","4636291","4636563","chrX","45685008","45685285","51","41048717"
"chr12","4640945","4641214","chr1","56165119","56165388","49","51524174"
"chr12","4641797","4642023","chr7","121329046","121329267","34","116687249"
"chr12","4659365","4659667","chr10","33466010","33466313","42","28806645"
"chr12","4665420","4665722","chr7","70273788","70274086","40","65608368"
"chr12","4719253","4719555","chr9","34329679","34329979","54","29610426"
"chr12","4720410","4720605","chr1","54579002","54579197","36","49858592"
"chr12","4723161","4723421","chrX","88088678","88088937","40","83365517"
"chr12","4849885","4850179","chr8","115511599","115511896","35","110661714"
"chr12","4853061","4853359","chr1","44950004","44950301","47","40096943"
"chr12","4879039","4879339","chrX","50656086","50656389","53","45777047"
"chr12","4883496","4883800","chrX","128569263","128569566","38","123685767"
"chr12","4884954","4885252","chr15","81600361","81600667","48","76715407"
"chr12","4983036","4983329","chr6","53239608","53239906","42","48256572"
"chr12","5007692","5007980","chr13","88006009","88006300","34","82998317"
"chr12","5023608","5023897","chr14","91608304","91608592","40","86584696"
"chr12","5037975","5038269","chr1","208495775","208496077","45","203457800"
"chr12","5079569","5079854","chr14","30544530","30544818","43","25464961"
"chr12","5084457","5084755","chr14","53927134","53927436","49","48842677"
"chr12","5085350","5085647","chr15","21416937","21417235","37","16331587"
"chr12","5149182","5149498","chr1","7993999","7994304","41","2844817"
"chr12","5157930","5158229","chr15","70059797","70060100","47","64901867"
"chr12","5193681","5193957","chr20","4930457","4930729","51","263224"
"chr12","5199670","5199967","chr10","33030101","33030407","49","27830431"
"chr12","5216963","5217269","chr4","111697334","111697630","47","106480371"
"chr12","5221095","5221395","chr3","38447004","38447303","35","33225909"
"chr12","5225845","5225985","chr14","119062806","119062947","23","113836961"
"chr12","5288436","5288729","chr11","114923633","114923926","36","109635197"
"chr12","5301814","5302130","chr8","81165677","81165989","50","75863863"
"chr12","5302290","5302548","chr15","8408386","8408643","39","3106096"
"chr12","5302898","5303205","chr4","66454892","66455197","37","61151994"
"chr12","5321058","5321357","chr20","26209938","26210236","46","20888880"
"chr12","5363347","5363648","chrX","28734753","28735052","45","23371406"
"chr12","5402613","5402908","chr7","14245992","14246287","39","8843379"
"chr12","5411997","5412303","chr5","142954882","142955186","30","137542885"
"chr12","5426069","5426339","chr6","144918364","144918646","50","139492295"
"chr12","5469407","5469716","chrX","15964082","15964380","48","10494675"
"chr12","5472109","5472399","chr1","124250793","124251086","37","118778684"
"chr12","5494735","5494995","chr18","24197775","24198042","50","18703040"
"chr12","5495578","5495879","chr11","36769212","36769521","49","31273634"
"chr12","5510911","5511215","chr11","65336331","65336636","41","59825420"
"chr12","5593441","5593720","chr2","96826999","96827292","46","91233558"
"chr12","5601834","5602116","chr9","108889025","108889312","41","103287191"
"chr12","5620340","5620621","chr16","11161826","11162107","44","5541486"
"chr12","5656337","5656632","chr1","127833040","127833336","42","122176703"
"chr12","5660920","5661224","chr13","32817425","32817728","32","27156505"
"chr12","5685863","5686162","chr2","46682521","46682821","30","40996658"
"chr12","5687847","5688144","chr2","44047045","44047343","39","38359198"
"chr12","5723315","5723617","chr3","127836231","127836530","46","122112916"
"chr12","5729262","5729525","chr4","17528284","17528550","44","11799022"
"chr12","5774336","5774529","chr14","8290477","8290661","44","2516141"
"chr12","5841854","5842150","chr3","45626371","45626668","36","39784517"
"chr12","5900419","5900724","chr7","120232546","120232852","49","114332127"
"chr12","5911657","5911948","chr9","7025626","7025918","33","1113969"
"chr12","5924223","5924520","chr9","15247736","15248032","36","9323513"
"chr12","5943295","5943613","chr8","134944583","134944894","42","129001288"
"chr12","6008680","6008988","chrX","128569263","128569566","36","122560583"
"chr12","6068827","6069091","chr9","56012937","56013193","54","49944110"
"chr12","6072346","6072633","chr10","69884013","69884300","48","63811667"
"chr12","6115650","6115942","chr5","56973726","56974023","62","50858076"
"chr12","6136600","6136882","chr3","103259893","103260176","42","97123293"
"chr12","6249058","6249357","chr19","16322830","16323127","48","10073772"
"chr12","6277108","6277222","chr1","159494881","159494989","20","153217773"
"chr12","6352009","6352319","chr13","69700961","69701271","32","63348952"
"chr12","6401975","6402264","chr13","47290566","47290857","52","40888591"
"chr12","6412448","6412750","chr1","6624352","6624652","46","211904"
"chr12","6415929","6416244","chr15","51046164","51046466","61","44630235"
"chr12","6533341","6533625","chr16","9432797","9433079","52","2899456"
"chr12","6535157","6535455","chr6","70522934","70523228","44","63987777"
"chr12","6599182","6599480","chr19","3064712","3065012","32","3534470"
"chr12","6628480","6628782","chr1","213070791","213071090","41","206442311"
"chr12","6634384","6634687","chr8","21124152","21124453","40","14489768"
"chr12","6636348","6636683","chr1","79787966","79788268","70","73151618"
"chr12","6670546","6670846","chr3","74398168","74398473","52","67727622"
"chr12","6699741","6700008","chr15","76799848","76800119","34","70100107"
"chr12","6730735","6730925","chr20","296512","296703","37","6434223"
"chr12","6737544","6737842","chr19","12557275","12557573","46","5819731"
"chr12","6755619","6755927","chr13","87769038","87769348","50","81013419"
"chr12","6820348","6820647","chr13","32817425","32817728","32","25997077"
"chr12","6896247","6896539","chr4","13663992","13664285","44","6767745"
"chr12","6905870","6906145","chr3","60342878","60343154","44","53437008"
"chr12","6931665","6931962","chr11","59744208","59744500","35","52812543"
"chr12","7009867","7010166","chr13","23501079","23501388","40","16491212"
"chr12","7014000","7014294","chr1","128477471","128477761","48","121463471"
"chr12","7066114","7066398","chr19","1343491","1343766","56","5722623"
"chr12","7066845","7067157","chr4","65676640","65676946","50","58609795"
"chr12","7170016","7170316","chr1","185903042","185903338","43","178733026"
"chr12","7219704","7219991","chr14","91608304","91608592","41","84388600"
"chr12","7246603","7246907","chr7","73560013","73560323","46","66313410"
"chr12","7309542","7309815","chr15","21464395","21464674","39","14154853"
"chr12","7346984","7347283","chr11","10098018","10098319","43","2751034"
"chr12","7403625","7403944","chr12","63820146","63820469","51","56416521"
"chr12","7471194","7471490","JH682036","358126","358421","35","7113068"
"chr12","7478955","7479264","chr4","146406391","146406702","56","138927436"
"chr12","7525602","7525893","chr14","55192639","55192938","52","47667037"
"chr12","7542596","7542737","chr11","121717039","121717180","12","114174443"
"chr12","7596096","7596372","chr11","59649791","59650071","49","52053695"
"chr12","7646597","7646896","chr4","33526464","33526759","47","25879867"
"chr12","7680144","7680456","chr5","34129012","34129323","44","26448868"
"chr12","7726559","7726853","chr11","59744208","59744500","32","52017649"
"chr12","7925189","7925486","chr13","107443474","107443775","54","99518285"
"chr12","7943172","7943468","chr8","91437935","91438229","46","83494763"
"chr12","8056945","8057200","chr7","125141660","125141921","51","117084715"
"chr12","8062942","8063225","chr19","41847030","41847308","52","33784088"
"chr12","8130621","8130930","chr3","12603123","12603437","30","4472502"
"chr12","8211736","8212027","chr2","156556484","156556774","37","148344748"
"chr12","8218952","8219089","chr1","197772553","197772689","17","189553601"
"chr12","8242064","8242365","chr11","52332872","52333170","49","44090808"
"chr12","8321887","8322190","chr13","19118196","19118494","49","10796309"
"chr12","8346624","8346928","chr20","39866933","39867229","49","31520309"
"chr12","8353362","8353673","chr3","13095646","13095953","39","4742284"
"chr12","8360756","8361052","chr7","52736490","52736780","31","44375734"
"chr12","8459051","8459356","chr4","17901217","17901519","41","9442166"
"chr12","8498852","8499072","chr10","35689752","35689980","37","27190900"
"chr12","8555096","8555379","chr19","645039","645323","37","7910057"
"chr12","8575446","8575745","chrX","50590903","50591201","38","42015457"
"chr12","8640281","8640557","chr15","21464395","21464674","45","12824114"
"chr12","8749725","8750010","chr10","62315260","62315548","31","53565535"
"chr12","8892655","8892965","chr9","2750829","2751121","45","6141826"
"chr12","8923315","8923612","chr7","76889431","76889730","28","67966116"
"chr12","8949997","8950307","chr6","124714488","124714790","43","115764491"
"chr12","9043498","9043789","chr12","38645893","38646186","40","29602395"
"chr12","9122949","9123248","chr14","107177928","107178228","40","98054979"
"chr12","9168192","9168502","chr20","57880354","57880665","45","48712162"
"chr12","9190657","9190948","chr3","10139362","10139652","50","948705"
"chr12","9200307","9200718","chr4","42369061","42369439","113","33168754"
"chr12","9381718","9382029","chr3","12603123","12603437","37","3221405"
"chr12","9385682","9385849","chr1","204420577","204420740","29","195034895"
"chr12","9389739","9389906","chr1","204420577","204420740","29","195030838"
"chr12","9392658","9392947","chr8","91437935","91438229","33","82045277"
"chr12","9395691","9395999","chr14","104104851","104105155","40","94709160"
"chr12","9396791","9396904","chr12","64484275","64484390","21","55087484"
"chr12","9398511","9398790","chr16","11161826","11162107","43","1763315"
"chr12","9404028","9404334","chr13","61259817","61260123","37","51855789"
"chr12","9417102","9417366","chr13","109670592","109670849","33","100253490"
"chr12","9424041","9424354","chr4","20308358","20308649","68","10884317"
"chr12","9429453","9429761","chr4","32401427","32401735","41","22971974"
"chr12","9456871","9457167","chr13","124472957","124473258","39","115016086"
"chr12","9460340","9460644","chr10","16049988","16050292","42","6589648"
"chr12","9465342","9465646","chr1","217431297","217431601","56","207965955"
"chr12","9476056","9476352","chr13","23811871","23812172","50","14335815"
"chr12","9482300","9482540","chr5","34481238","34481473","58","24998938"
"chr12","9502412","9502715","chr3","124597695","124597995","35","115095283"
"chr12","9522671","9522976","chr4","35717411","35717718","33","26194740"
"chr12","9531603","9531755","chr8","77287389","77287544","24","67755786"
"chr12","9532740","9533017","chr6","51475431","51475711","45","41942691"
"chr12","9536319","9536610","chr15","48151534","48151833","46","38615215"
"chr12","9555187","9555252","chr16","38161731","38161797","18","28606544"
"chr12","9556149","9556324","chr3","14928431","14928603","32","5372282"
"chr12","9597322","9597622","chr8","18019156","18019453","38","8421834"
"chr12","9670062","9670361","chr13","118781375","118781669","42","109111313"
"chr12","9692426","9692720","chr3","156670645","156670939","46","146978219"
"chr12","9735033","9735324","chr9","34341703","34341997","49","24606670"
"chr12","9744750","9745052","chrX","22614567","22614866","33","12869817"
"chr12","9926792","9927077","chr14","97426376","97426665","39","87499584"
"chr12","9984818","9985128","chr1","123829563","123829868","36","113844745"
"chr12","9992405","9992707","chr1","219225924","219226223","45","209233519"
"chr12","9996162","9996461","chr1","158815913","158816209","46","148819751"
"chr12","10017160","10017470","chr7","73560013","73560323","38","63542853"
"chr12","10031252","10031545","chr20","9504999","9505301","43","526253"
"chr12","10072581","10072855","chr11","97924703","97924978","39","87852122"
"chr12","10123593","10123886","chr16","1419036","1419322","39","8704557"
"chr12","10131282","10131565","chr14","50817121","50817406","43","40685839"
"chr12","10134629","10134914","chr6","147822924","147823209","39","137688295"
"chr12","10166818","10167082","chr14","108589973","108590234","49","98423155"
"chr12","10189478","10189786","chr15","9298129","9298436","43","891349"
"chr12","10200386","10200691","chr1","7993999","7994304","32","2206387"
"chr12","10265376","10265679","chr13","32817425","32817728","36","22552049"
"chr12","10362202","10362498","chr11","114923633","114923926","41","104561431"
"chr12","10451715","10452016","chr13","32817425","32817728","36","22365710"
"chr12","10517325","10517637","chr12","39433555","39433866","44","28916230"
"chr12","10528888","10529169","chr4","31083851","31084133","44","20554963"
"chr12","10589538","10589810","chr7","117030480","117030769","50","106440942"
"chr12","10605801","10606119","chr13","84107890","84108205","52","73502089"
"chr12","10608492","10608776","chr7","151979566","151979860","45","141371074"
"chr12","10626460","10626763","chr16","69833341","69833639","45","59206881"
"chr12","10628070","10628378","chr14","64924086","64924394","39","54296016"
"chr12","10644639","10644948","chr7","30530730","30531038","34","19886091"
"chr12","10650955","10651238","chr16","9847791","9848074","46","803164"
"chr12","10653189","10653484","chr2","184580196","184580486","43","173927007"
"chr12","10666459","10666764","chr1","1866324","1866628","43","8800135"
"chr12","10670467","10670780","chr1","124984061","124984370","43","114313594"
"chr12","10671624","10671931","chr16","7294296","7294599","41","3377328"
"chr12","10673168","10673463","chr18","26757177","26757480","41","16084009"
"chr12","10683185","10683478","chr1","124250793","124251086","41","113567608"
"chr12","10695981","10696218","chr5","136741649","136741884","41","126045668"
"chr12","10701185","10701477","chr10","50949405","50949695","45","40248220"
"chr12","10733420","10733716","chr18","41501801","41502099","45","30768381"
"chr12","10734997","10735308","chr5","127978998","127979309","40","117244001"
"chr12","10750269","10750371","chr1","159494881","159494989","23","148744612"
"chr12","10750918","10751022","chr1","38719247","38719362","34","27968329"
"chr12","10770912","10771205","chr6","40346304","40346603","42","29575392"
"chr12","10773939","10774223","chr9","79342653","79342946","51","68568714"
"chr12","10799528","10799826","chr1","127516988","127517290","46","116717460"
"chr12","10825718","10826015","chr3","38447004","38447303","41","27621286"
"chr12","10837913","10838233","chr14","5934954","5935260","43","4902959"
"chr12","10862968","10863260","chr3","33506835","33507132","40","22643867"
"chr12","10872243","10872534","chr4","110946344","110946633","37","100074101"
"chr12","10884341","10884640","chr7","91847039","91847339","40","80962698"
"chr12","10908478","10908767","chr9","7025626","7025918","32","3882852"
"chr12","10956869","10957174","chr20","16080759","16081069","46","5123890"
"chr12","10958626","10958835","chr1","45305408","45305643","55","34346782"
"chr12","10989536","10989829","chr5","175774127","175774427","48","164784591"
"chr12","11012989","11013282","chr9","79342653","79342946","38","68329664"
"chr12","11023837","11024110","chr1","10273687","10273957","53","750150"
"chr12","11036929","11037124","chr6","31004785","31004972","32","19967856"
"chr12","11037297","11037600","chr2","55819634","55819932","40","44782337"
"chr12","11067815","11068100","chr19","11029603","11029885","49","38212"
"chr12","11082681","11082947","chr19","44750316","44750577","49","33667635"
"chr12","11089885","11090170","chr14","123149498","123149793","43","112059613"
"chr12","11121668","11121956","chr3","40442931","40443220","37","29321263"
"chr12","11141772","11142082","chr12","12028812","12029126","40","887040"
"chr12","11163488","11163782","chr6","151368944","151369238","43","140205456"
"chr12","11185863","11186173","chr2","61852498","61852806","42","50666635"
"chr12","11246619","11246918","chr3","152822996","152823281","50","141576377"
"chr12","11286793","11287096","chr11","128830974","128831281","42","117544181"
"chr12","11345995","11346291","chr20","14965435","14965727","47","3619440"
"chr12","11363974","11364267","chr2","96514589","96514879","36","85150615"
"chr12","11382815","11383078","chr20","50045454","50045715","42","38662639"
"chr12","11440226","11440514","chr3","41169477","41169767","52","29729251"
"chr12","11479582","11479881","chr9","25603269","25603573","37","14123687"
"chr12","11497928","11498239","chr2","83271537","83271849","39","71773609"
"chr12","11503051","11503212","chr3","160872851","160873018","27","149369800"
"chr12","11519557","11519838","chr4","101392136","101392420","45","89872579"
"chr12","11528282","11528579","chr16","50298577","50298876","36","38770295"
"chr12","11534461","11534748","chr18","6455943","6456224","45","5078518"
"chr12","11539253","11539558","chr7","92315319","92315622","42","80776066"
"chr12","11548207","11548503","chr2","96239962","96240258","40","84691755"
"chr12","11553436","11553732","chr3","38447004","38447303","34","26893568"
"chr12","11570279","11570557","chr1","65109674","65109948","41","53539395"
"chr12","11615453","11615751","chr4","10828530","10828827","38","786923"
"chr12","11624410","11624691","chr12","86914263","86914553","51","75289853"
"chr12","11658224","11658519","chr2","144194681","144194983","49","132536457"
"chr12","11660162","11660471","chr1","946135","946434","46","10714027"
"chr12","11699355","11699652","chr7","130049195","130049488","40","118349840"
"chr12","11714875","11715166","chr1","213070791","213071090","44","201355916"
"chr12","11716226","11716465","chr3","20642288","20642531","32","8926062"
"chr12","11722476","11722581","chr16","46214697","46214803","16","34492221"
"chr12","11723359","11723527","chr19","9946015","9946183","25","1777344"
"chr12","11734802","11735017","chr8","56570363","56570574","30","44835561"
"chr12","11753457","11753758","chr14","5934954","5935260","42","5818503"
"chr12","11768047","11768347","chr5","36968561","36968860","39","25200514"
"chr12","11848452","11848745","chr2","147922950","147923243","40","136074498"
"chr12","11858932","11859226","chr1","29380917","29381213","40","17521985"
"chr12","11863864","11864126","chr14","28482811","28483074","35","16618947"
"chr12","11911162","11911460","chr10","4308994","4309288","51","7602168"
"chr12","11966168","11966470","chr4","14949121","14949425","35","2982953"
"chr12","12029166","12029446","chr16","45339014","45339298","43","33309848"
"chr12","12035799","12036082","chr3","151380668","151380942","50","139344869"
"chr12","12042602","12042894","chr9","106693932","106694229","56","94651330"
"chr12","12048654","12048957","chr12","84561369","84561674","44","72512715"
"chr12","12057392","12057482","chr13","103188987","103189073","7","91131595"
"chr12","12078292","12078585","chr8","31655877","31656171","41","19577585"
"chr12","12196690","12196979","chr1","42476755","42477044","44","30280065"
"chr12","12198985","12199269","chrX","45487697","45487995","51","33288712"
"chr12","12205996","12206280","chr11","95916037","95916317","45","83710041"
"chr12","12209911","12210005","chr2","88811777","88811874","10","76601866"
"chr12","12250513","12250813","chr9","22636719","22637014","45","10386206"
"chr12","12251969","12252273","chr16","50298577","50298876","49","38046608"
"chr12","12266972","12267244","chr5","5939702","5939985","58","6327270"
"chr12","12270535","12270854","chr1","42476755","42477044","67","30206220"
"chr12","12289753","12290058","chr4","139104978","139105284","49","126815225"
"chr12","12317029","12317326","chr7","119005570","119005858","40","106688541"
"chr12","12320239","12320531","chr1","11366377","11366670","45","953862"
"chr12","12344525","12344816","chr10","53067595","53067886","38","40723070"
"chr12","12345877","12346162","chrX","112314689","112314977","40","99968812"
"chr12","12364573","12364872","chr1","946135","946434","30","11418438"
"chr12","12385370","12385644","chrX","62948145","62948432","53","50562775"
"chr12","12426902","12427184","chr1","30836490","30836784","53","18409588"
"chr12","12431162","12431461","chr10","90365318","90365620","41","77934156"
"chr12","12480032","12480327","chr2","178187197","178187490","58","165707165"
"chr12","12493736","12494040","chr6","124714488","124714790","41","112220752"
"chr12","12526768","12527035","chr14","85601211","85601476","38","73074443"
"chr12","12535774","12536075","chr11","10098018","10098319","35","2437756"
"chr12","12553248","12553554","chr1","31248000","31248296","50","18694752"
"chr12","12571927","12572238","chr16","4461395","4461701","42","8110532"
"chr12","12612985","12613290","chr14","53927134","53927436","41","41314149"
"chr12","12614331","12614635","chr1","18100109","18100412","41","5485778"
"chr12","12615680","12615942","chr11","94558299","94558554","50","81942619"
"chr12","12617559","12617860","chr3","157645060","157645361","48","145027501"
"chr12","12628391","12628710","chrX","108065393","108065693","50","95437002"
"chr12","12666817","12667121","chr13","61259817","61260123","33","48593000"
"chr12","12675093","12675412","chr3","12603123","12603437","51","71970"
"chr12","12705906","12706175","chr9","89382238","89382513","44","76676332"
"chr12","12710039","12710315","chr15","21464395","21464674","49","8754356"
"chr12","12724266","12724555","chr19","938288","938576","50","11785978"
"chr12","12783605","12783917","chr16","7267846","7268151","43","5515759"
"chr12","12841933","12842232","chr2","102989050","102989349","38","90147117"
"chr12","12883645","12883933","chr11","94964179","94964469","38","82080534"
"chr12","12935595","12935898","chr1","20012770","20013073","54","7077175"
"chr12","12940606","12940906","chr3","154218014","154218311","44","141277408"
"chr12","12943750","12943962","chr1","162440889","162441112","36","149497139"
"chr12","12977518","12977821","chr2","186451766","186452061","40","173474248"
"chr12","12979193","12979495","chr20","48541939","48542243","43","35562746"
"chr12","12987654","12987946","chr5","50264557","50264852","41","37276903"
"chr12","13020785","13021102","chr9","86202576","86202886","46","73181791"
"chr12","13073092","13073379","chr10","15989401","15989689","40","2916309"
"chr12","13074075","13074307","chr1","100959718","100959948","34","87885643"
"chr12","13078291","13078583","chr6","142572268","142572563","43","129493977"
"chr12","13088358","13088650","chr19","47662689","47662983","51","34574331"
"chr12","13105810","13106094","chr2","94343271","94343561","38","81237461"
"chr12","13132212","13132501","chr1","219677924","219678213","39","206545712"
"chr12","13138526","13138820","chr19","15097509","15097804","41","1958983"
"chr12","13157806","13157951","chr7","68766471","68766618","16","55608665"
"chr12","13173809","13174094","chrX","62378326","62378608","39","49204517"
"chr12","13223498","13223781","chr9","57318157","57318448","48","44094659"
"chr12","13275668","13275957","chr5","455474","455761","40","12820194"
"chr12","13280122","13280326","chr7","155860210","155860412","33","142580088"
"chr12","13337753","13337888","chr4","33966387","33966526","20","20628634"
"chr12","13417550","13417838","chr2","94343271","94343561","51","80925721"
"chr12","13482261","13482559","chr5","138323417","138323711","46","124841156"
"chr12","13494580","13494875","chr10","29691322","29691619","39","16196742"
"chr12","13513671","13513953","chr3","178746853","178747140","45","165233182"
"chr12","13544621","13544684","chr11","999941","1000000","14","12544680"
"chr12","13546450","13546747","chr7","18741876","18742175","44","5195426"
"chr12","13586826","13587122","chr1","65662451","65662746","37","52075625"
"chr12","13629223","13629535","chr2","147505516","147505827","37","133876293"
"chr12","13685722","13686009","chr11","10083047","10083334","43","3602675"
"chr12","13794063","13794353","chr16","40645513","40645807","58","26851450"
"chr12","13798353","13798623","chr12","25941403","25941675","68","12143050"
"chr12","13812600","13812905","chr12","82042102","82042404","41","68229502"
"chr12","13857372","13857534","chr7","148186144","148186308","26","134328772"
"chr12","13857960","13858085","chr3","94246726","94246859","27","80388766"
"chr12","13865118","13865396","chr12","52370542","52370823","45","38505424"
"chr12","13876885","13877171","chr19","50974121","50974400","36","37097236"
"chr12","13901278","13901578","chr1","946135","946434","35","12955143"
"chr12","14009329","14009629","chr7","16206849","16207148","42","2197520"
"chr12","14020859","14021165","chr13","32817425","32817728","39","18796566"
"chr12","14074627","14074914","chrX","139100323","139100604","38","125025696"
"chr12","14105311","14105607","JH682036","358126","358421","37","13747185"
"chr12","14116604","14116892","chr3","40442931","40443220","42","26326327"
"chr12","14123369","14123636","chr7","67057279","67057531","43","52933910"
"chr12","14208714","14209012","chr10","67123779","67124073","52","52915065"
"chr12","14222518","14222814","chr1","124250793","124251086","44","110028275"
"chr12","14276700","14277016","chr11","64440364","64440673","52","50163664"
"chr12","14280607","14280906","chr17","30611756","30612052","39","16331149"
"chr12","14282442","14282718","chr20","12189175","12189453","47","2093267"
"chr12","14312499","14312790","chr6","143287549","143287823","60","128975050"
"chr12","14314918","14315047","chr5","63344356","63344486","15","49029438"
"chr12","14340412","14340702","chr7","117030480","117030769","38","102690068"
"chr12","14355416","14355706","chr2","44513923","44514220","37","30158507"
"chr12","14400780","14401064","chr5","132631825","132632108","46","118231045"
"chr12","14426166","14426462","chr15","10026482","10026780","46","4399684"
"chr12","14432228","14432526","chr2","101079122","101079416","46","86646894"
"chr12","14492332","14492622","chr3","48298408","48298697","25","33806076"
"chr12","14583983","14584277","chr1","122375735","122376034","55","107791752"
"chr12","14595531","14595813","chr1","57946363","57946656","44","43350832"
"chr12","14622605","14622893","chr20","54767706","54767999","48","40145101"
"chr12","14682773","14683055","chr1","40659470","40659761","47","25976697"
"chr12","14751260","14751558","chr2","102989050","102989349","33","88237790"
"chr12","14887338","14887626","chr11","88966345","88966635","49","74079007"
"chr12","14925065","14925300","chr4","129841922","129842154","50","114916857"
"chr12","15080651","15080946","chr2","96826999","96827292","40","81746348"
"chr12","15094049","15094345","chr4","10828530","10828827","59","4265519"
"chr12","15136795","15137130","chr16","50073835","50074155","72","34937040"
"chr12","15171983","15172280","chr13","107030178","107030478","38","91858195"
"chr12","15174022","15174295","chr9","89382238","89382513","53","74208216"
"chr12","15207671","15207981","chr11","36769212","36769521","55","21561541"
"chr12","15217767","15218004","chr16","46851806","46852033","61","31634039"
"chr12","15246520","15246813","chr4","34747186","34747478","39","19500666"
"chr12","15254611","15254911","chr5","2577333","2577630","34","12677278"
"chr12","15281394","15281691","chr2","123712519","123712817","34","108431125"
"chr12","15291663","15291966","chr19","15097509","15097804","45","194154"
"chr12","15304457","15304593","chr7","91068326","91068467","21","75763869"
"chr12","15308204","15308501","chr1","186011303","186011605","48","170703099"
"chr12","15336443","15336721","chr20","26324160","26324436","45","10987717"
"chr12","15351063","15351360","chr9","12876567","12876876","59","2474496"
"chr12","15357635","15357934","chr1","195161491","195161794","43","179803856"
"chr12","15365847","15366140","chr3","67245572","67245865","43","51879725"
"chr12","15382066","15382364","chr8","10102742","10103034","42","5279324"
"chr12","15412666","15412957","chr15","7511435","7511732","40","7901231"
"chr12","15424634","15424903","chr3","92150802","92151074","39","76726168"
"chr12","15433130","15433426","chr7","90971726","90972022","37","75538596"
"chr12","15434381","15434525","chr4","67882106","67882244","30","52447725"
"chr12","15449310","15449501","chr9","26452226","26452437","59","11002916"
"chr12","15469792","15470096","chr10","16049988","16050292","48","580196"
"chr12","15479880","15480213","chr10","50403428","50403747","61","34923548"
"chr12","15521442","15521742","chr3","9531529","9531830","50","5989913"
"chr12","15546011","15546296","chr19","46233848","46234134","43","30687837"
"chr12","15547552","15547828","chr14","6220739","6221028","53","9326813"
"chr12","15589505","15589745","chr5","155468059","155468301","47","139878554"
"chr12","15606792","15607089","chr2","92827254","92827547","39","77220462"
"chr12","15618461","15618770","chr1","7993999","7994304","36","7624462"
"chr12","15619038","15619351","chr13","70390537","70390830","61","54771499"
"chr12","15632266","15632565","chr10","71007147","71007444","43","55374881"
"chr12","15634070","15634368","chr1","14143915","14144209","57","1490155"
"chr12","15648174","15648447","chr2","181321727","181321993","44","165673553"
"chr12","15683790","15684087","chr12","102263566","102263866","50","86579776"
"chr12","15740517","15740619","chr4","76790770","76790870","17","61050253"
"chr12","15741298","15741388","chr5","57023119","57023206","28","41281821"
"chr12","15762904","15763186","chr18","16367811","16368110","54","604907"
"chr12","15785906","15786199","chr1","30413019","30413314","41","14627113"
"chr12","15849622","15849908","chr2","96826999","96827292","46","80977377"
"chr12","15867176","15867306","chr18","24104552","24104687","17","8237376"
"chr12","15894919","15895231","chr12","63712638","63712948","38","47817719"
"chr12","15911513","15911629","chr3","15334660","15334776","19","576853"
"chr12","16048751","16048990","chr18","71908745","71908980","36","55859994"
"chr12","16157560","16157860","chr2","94343271","94343561","55","78185711"
"chr12","16260522","16260824","chr5","101316280","101316579","46","85055758"
"chr12","16267837","16268006","chr4","144414204","144414371","23","128146367"
"chr12","16284206","16284487","chr16","1419036","1419322","40","14865170"
"chr12","16294075","16294372","chr1","129567144","129567444","37","113273069"
"chr12","16326619","16326910","chr7","128738576","128738870","48","112411957"
"chr12","16338687","16338996","chr3","34969388","34969689","38","18630701"
"chr12","16376197","16376360","chr2","147157565","147157723","23","130781368"
"chr12","16376456","16376757","chrX","117801295","117801592","52","101424839"
"chr12","16376960","16377270","chr5","86150704","86151015","44","69773744"
"chr12","16432987","16433167","chr4","32746771","32746938","34","16313784"
"chr12","16510777","16511072","chr1","81662759","81663054","42","65151982"
"chr12","16647093","16647384","chr8","117193742","117194035","55","100546649"
"chr12","16691185","16691483","chr5","34428917","34429213","38","17737732"
"chr12","16723110","16723404","chr3","133866579","133866872","36","117143469"
"chr12","16732109","16732381","chr2","100062378","100062646","46","83330269"
"chr12","16821329","16821618","chr16","9243640","9243933","42","7577689"
"chr12","16838290","16838577","chr3","127531243","127531528","46","110692953"
"chr12","16929674","16929942","chr1","202707884","202708154","42","185778210"
"chr12","17002996","17003290","chr10","13285322","13285614","36","3717674"
"chr12","17057817","17058123","chr1","8167206","8167514","39","8890611"
"chr12","17099646","17099942","chr8","25582102","25582396","35","8482456"
"chr12","17140772","17140947","chr2","149543187","149543361","31","132402415"
"chr12","17191797","17192023","chr6","143514666","143514896","54","126322869"
"chr12","17224193","17224466","chr9","111708748","111709026","38","94484555"
"chr12","17266006","17266182","chr20","15937636","15937813","19","1328370"
"chr12","17270373","17270666","chr4","17766022","17766309","44","495649"
"chr12","17303880","17304166","chr13","84360891","84361179","45","67057011"
"chr12","17309748","17310032","chrX","44107023","44107315","44","26797275"
"chr12","17315722","17316013","chr10","90135543","90135832","42","72819821"
"chr12","17364851","17365149","JH682036","358126","358421","49","17006725"
"chr12","17367184","17367467","chr7","72707693","72707981","46","55340509"
"chr12","17463536","17463838","chr1","85077124","85077421","48","67613588"
"chr12","17499441","17499734","chr10","84980388","84980680","43","67480947"
"chr12","17500340","17500634","chr1","65662451","65662746","42","48162111"
"chr12","17546853","17547161","chrX","45626684","45626995","33","28079831"
"chr12","17675465","17675775","chr12","1937986","1938288","58","15737479"
"chr12","17730261","17730571","chr1","34996508","34996813","38","17266247"
"chr12","17745210","17745521","chr4","79217053","79217354","42","61471843"
"chr12","17841062","17841398","chr16","56337681","56338024","101","38496619"
"chr12","17842771","17842854","chr1","190300587","190300682","27","172457816"
"chr12","17869520","17869825","chrX","6292568","6292871","52","11576952"
"chr12","17877045","17877325","chr14","100974953","100975236","57","83097908"
"chr12","17911035","17911343","chr7","77029098","77029406","41","59118063"
"chr12","17932935","17933194","chr4","69040830","69041080","48","51107895"
"chr12","17961872","17962178","chr11","10098018","10098319","49","7863854"
"chr12","18046529","18046711","chr2","86367360","86367548","43","68320831"
"chr12","18259570","18259873","chr13","32817425","32817728","35","14557855"
"chr12","18290547","18290836","chr7","136512535","136512829","49","118221988"
"chr12","18306715","18306994","chr20","9200047","9200333","43","9106668"
"chr12","18308589","18308886","chr13","36087665","36087960","34","17779076"
"chr12","18318545","18318834","chr19","38513628","38513926","53","20195083"
"chr12","18338539","18338831","chr3","152928502","152928799","49","134589963"
"chr12","18351356","18351665","chr9","7025626","7025918","50","11325730"
"chr12","18352810","18353109","chr3","45626371","45626668","39","27273561"
"chr12","18392567","18392861","chr1","89545284","89545581","48","71152717"
"chr12","18407276","18407573","chr10","38262077","38262376","38","19854801"
"chr12","18435220","18435479","chr15","1293101","1293366","58","17142119"
"chr12","18435898","18436205","chr19","4404930","4405233","45","14030968"
"chr12","18449280","18449575","JH682036","358126","358421","34","18091154"
"chr12","18451763","18452049","chr4","17537310","17537606","46","914453"
"chr12","18455824","18456118","chr9","31646265","31646560","40","13190441"
"chr12","18492325","18492615","chr1","128231015","128231307","37","109738690"
"chr12","18496883","18497146","chr1","158778534","158778806","53","140281651"
"chr12","18501123","18501429","chrX","38099288","38099585","48","19598165"
"chr12","18516376","18516493","chr5","141886011","141886125","18","123369635"
"chr12","18520220","18520517","chr7","9043063","9043359","38","9477157"
"chr12","18529956","18530233","chr16","2090775","2091048","43","16439181"
"chr12","18531389","18531698","chr7","129111984","129112293","48","110580595"
"chr12","18545954","18546044","chr8","122726507","122726591","24","104180553"
"chr12","18546399","18546597","chrX","125209340","125209537","32","106662941"
"chr12","18547320","18547616","chr6","57093643","57093937","39","38546323"
"chr12","18549951","18550263","chr6","124714488","124714790","46","106164537"
"chr12","18565486","18565778","chr11","12597992","12598282","35","5967494"
"chr12","18590709","18591015","chr4","94815998","94816302","38","76225289"
"chr12","18602483","18602735","chrX","13427697","13427949","30","5174786"
"chr12","18605728","18606025","chr7","38013110","38013409","33","19407382"
"chr12","18606694","18607011","chr16","3408124","3408425","56","15198570"
"chr12","18621026","18621337","chr16","12565059","12565364","42","6055967"
"chr12","18621548","18621845","chr4","132287893","132288193","47","113666345"
"chr12","18629888","18630186","chr9","14690494","14690788","39","3939394"
"chr12","18639006","18639306","chr6","148752882","148753187","45","130113876"
"chr12","18648206","18648504","chr16","37830553","37830853","41","19182347"
"chr12","18659967","18660273","chr1","1866324","1866628","53","16793643"
"chr12","18662293","18662600","chr7","137319036","137319338","38","118656743"
"chr12","18671741","18672002","chr13","93721595","93721870","52","75049854"
"chr12","18677701","18678012","chr7","50598138","50598445","39","31920437"
"chr12","18807343","18807543","chr11","22017238","22017431","30","3209895"
"chr12","18850854","18851151","chr10","61375285","61375586","41","42524431"
"chr12","18852024","18852331","chr10","29855917","29856225","39","11003893"
"chr12","18861575","18861784","chr15","107132209","107132415","36","88270634"
"chr12","18864518","18864817","chr8","78161357","78161658","38","59296839"
"chr12","18918182","18918415","chr5","106625263","106625493","28","87707081"
"chr12","18920802","18921093","chr6","63224446","63224732","41","44303644"
"chr12","18954830","18955115","chr2","8148306","8148591","45","10806524"
"chr12","18957671","18957915","chr20","23378215","23378467","40","4420544"
"chr12","18958443","18958738","chr18","12269702","12269996","31","6688741"
"chr12","18991896","18992193","chr7","54988790","54989094","44","35996894"
"chr12","19043785","19044032","chr18","65667406","65667652","39","46623621"
"chr12","19068513","19068815","chr9","88566306","88566605","41","69497793"
"chr12","19084508","19084795","chr8","41075596","41075887","45","21991088"
"chr12","19086404","19086453","chr1","175619971","175620019","9","156533567"
"chr12","19090058","19090347","chrX","45487697","45487995","48","26397639"
"chr12","19114144","19114441","chr10","36399480","36399772","39","17285336"
"chr12","19125378","19125672","chr15","29838350","29838639","33","10712972"
"chr12","19129760","19130032","chr9","84372000","84372280","40","65242240"
"chr12","19130052","19130146","chr9","89055506","89055597","15","69925454"
"chr12","19153266","19153540","chr20","17761835","17762097","47","1391431"
"chr12","19171934","19172200","JH682036","205258","205522","43","18966676"
"chr12","19231275","19231582","chr6","120377655","120377955","44","101146380"
"chr12","19237536","19237836","chr18","48465782","48466081","34","29228246"
"chr12","19249842","19250147","chr3","34969388","34969689","30","15719546"
"chr12","19258218","19258515","chr1","15605665","15605968","48","3652553"
"chr12","19264581","19264863","chr12","81748604","81748887","44","62484023"
"chr12","19285241","19285514","chr12","88908759","88909041","47","69623518"
"chr12","19293188","19293458","chr9","29856126","29856394","47","10562938"
"chr12","19365065","19365345","chr10","43209588","43209881","40","23844523"
"chr12","19412335","19412606","chr11","117230690","117230966","38","97818355"
"chr12","19414164","19414456","chr11","57311918","57312214","40","37897754"
"chr12","19422434","19422737","chr17","11233722","11234024","38","8188712"
"chr12","19423660","19423977","chr2","186511571","186511867","55","167087911"
"chr12","19428919","19429155","chr1","108858750","108858984","42","89429831"
"chr12","19447394","19447554","chr5","71347891","71348055","25","51900497"
"chr12","19500227","19500494","chr2","49059917","49060182","36","29559690"
"chr12","19509244","19509400","chr13","5183698","5183850","27","14325546"
"chr12","19553007","19553302","chr17","6617949","6618237","49","12935058"
"chr12","19585187","19585398","chr3","38604566","38604772","29","19019379"
"chr12","19887418","19887725","chr7","73463030","73463339","37","53575612"
"chr12","19912393","19912681","chr13","116647521","116647821","49","96735128"
"chr12","19989822","19990111","chr3","151336195","151336483","35","131346373"
"chr12","20000023","20000301","chr10","86700232","86700500","55","66700209"
"chr12","20068768","20069051","chr5","171810402","171810687","54","151741634"
"chr12","20071947","20072251","chrX","15713155","15713456","49","4358792"
"chr12","20144097","20144404","chr5","34488672","34488979","41","14344575"
"chr12","20155679","20155986","chr11","517489","517791","41","19638190"
"chr12","20224180","20224493","chr10","79833828","79834140","45","59609648"
"chr12","20328996","20329280","chr16","44203969","44204255","39","23874973"
"chr12","20343797","20344090","chr5","162478601","162478895","42","142134804"
"chr12","20349716","20349895","chr6","93338412","93338592","31","72988696"
"chr12","20354715","20355018","chr13","32817425","32817728","31","12462710"
"chr12","20369604","20369893","chr15","1988979","1989274","51","18380625"
"chr12","20383832","20384117","chr1","40659470","40659761","44","20275638"
"chr12","20386101","20386384","chr3","103259893","103260176","38","82873792"
"chr12","20415576","20415855","chr20","19077141","19077423","30","1338435"
"chr12","20431234","20431431","chr16","62512812","62513013","34","42081578"
"chr12","20453025","20453321","chr4","102294705","102295001","37","81841680"
"chr12","20456743","20457088","chrX","107972454","107972755","85","87515711"
"chr12","20457779","20458071","chr11","75342336","75342628","47","54884557"
"chr12","20470374","20470669","chr20","19131201","19131496","48","1339173"
"chr12","20472134","20472418","chr20","61925321","61925599","45","41453187"
"chr12","20480423","20480727","chr1","75250655","75250962","42","54770232"
"chr12","20481914","20482166","chr3","31864686","31864940","48","11382772"
"chr12","20488537","20488835","chr7","90971726","90972022","33","70483189"
"chr12","20514645","20514937","chr2","184580196","184580486","32","164065551"
"chr12","20575840","20576151","chr6","81914310","81914618","56","61338470"
"chr12","20585317","20585611","chr5","138323417","138323711","38","117738100"
"chr12","20592167","20592457","chr17","3541078","3541367","33","17051089"
"chr12","20593553","20593855","chr12","68585341","68585637","40","47991788"
"chr12","20604410","20604696","chr11","58604105","58604392","42","37999695"
"chr12","20607498","20607784","chr4","131374689","131374976","46","110767191"
"chr12","20617558","20617841","chr6","18283612","18283902","48","2333946"
"chr12","20624470","20624690","chr16","28277063","28277289","35","7652593"
"chr12","20638278","20638499","chr15","29611756","29611978","42","8973478"
"chr12","20726070","20726361","chr2","184580196","184580486","44","163854126"
"chr12","20750207","20750498","chr1","31126706","31127002","52","10376499"
"chr12","20765863","20766163","chr11","4016647","4016949","35","16749216"
"chr12","20829564","20829869","chr9","7025626","7025918","40","13803938"
"chr12","20873209","20873510","chr4","10828530","10828827","45","10044679"
"chr12","20911515","20911808","chr17","15630764","15631058","35","5280751"
"chr12","20917042","20917342","chr1","124250793","124251086","42","103333751"
"chr12","20936289","20936540","chr12","84916740","84916997","34","63980451"
"chr12","20969027","20969321","chr8","122581087","122581391","45","101612060"
"chr12","21003898","21004195","chr13","107030178","107030478","40","86026280"
"chr12","21020660","21020991","chr11","40791675","40791991","65","19771015"
"chr12","21023007","21023310","chr6","124714488","124714790","37","103691481"
"chr12","21024407","21024701","chr17","30611756","30612052","40","9587349"
"chr12","21048789","21049079","chr12","63620544","63620834","41","42571755"
"chr12","21068668","21068956","chr14","54868572","54868861","38","33799904"
"chr12","21109097","21109387","chr8","25880010","25880309","41","4770913"
"chr12","21115367","21115666","chr14","98318663","98318962","38","77203296"
"chr12","21149472","21149782","chr1","196573796","196574099","47","175424324"
"chr12","21205677","21205964","chr16","1419036","1419322","39","19786641"
"chr12","21248307","21248608","chr11","10098018","10098319","43","11150289"
"chr12","21264811","21265119","chrX","122187746","122188052","40","100922935"
"chr12","21265697","21266009","chr12","63079032","63079340","53","41813335"
"chr12","21269597","21269906","chr3","34969388","34969689","45","13699791"
"chr12","21270063","21270364","chr3","34969388","34969689","43","13699325"
"chr12","21289221","21289523","chr3","170270347","170270653","47","148981126"
"chr12","21290002","21290300","chr10","78749019","78749318","37","57459017"
"chr12","21301212","21301533","chr19","30447833","30448152","61","9146621"
"chr12","21334578","21334878","chr7","16206849","16207148","37","5127729"
"chr12","21405135","21405427","chr3","151167147","151167437","43","129762012"
"chr12","21447926","21448202","chrX","62082325","62082604","37","40634399"
"chr12","21453186","21453497","chr20","57880354","57880665","42","36427168"
"chr12","21483604","21483895","chr1","189007159","189007451","42","167523555"
"chr12","21544298","21544596","chr2","102989050","102989349","42","81444752"
"chr12","21610008","21610296","chr16","1419036","1419322","40","20190972"
"chr12","21670464","21670761","chrX","112226407","112226706","41","90555943"
"chr12","21673223","21673475","chr1","190360719","190360980","41","168687496"
"chr12","21722470","21722766","chr19","12557275","12557573","37","9165195"
"chr12","21742669","21742953","chr7","152625402","152625693","44","130882733"
"chr12","21786618","21786914","chrX","45487697","45487995","40","23701079"
"chr12","21811249","21811531","chr4","3166937","3167223","40","18644312"
"chr12","21825546","21825834","chr5","174278831","174279121","36","152453285"
"chr12","21841083","21841263","chr1","27999816","28000000","36","6158733"
"chr12","21842754","21842839","chr20","41045680","41045765","12","19202926"
"chr12","21919358","21919632","chr13","24987399","24987671","48","3068041"
"chr12","21926136","21926445","chr14","108464217","108464515","53","86538081"
"chr12","21959379","21959665","chr1","208909739","208910019","53","186950360"
"chr12","22064582","22064893","chr6","157477970","157478279","45","135413388"
"chr12","22131773","22132074","chr19","18175227","18175531","39","3956546"
"chr12","22166422","22166705","chr6","73406565","73406852","44","51240143"
"chr12","22168963","22169248","chr1","42476755","42477044","40","20307792"
"chr12","22182379","22182674","chr3","127836231","127836530","33","105653852"
"chr12","22201123","22201277","chr1","113408649","113408803","27","91207526"
"chr12","22217798","22218111","chr12","70277663","70277977","44","48059865"
"chr12","22233343","22233609","chr1","22858271","22858537","35","624928"
"chr12","22241644","22241944","chr4","59283084","59283385","43","37041440"
"chr12","22258700","22259003","chr10","38592821","38593124","42","16334121"
"chr12","22281019","22281316","chr19","3064712","3065012","35","19216307"
"chr12","22284222","22284510","chr19","31216109","31216397","40","8931887"
"chr12","22285273","22285569","chr18","14614617","14614911","42","7670656"
"chr12","22317331","22317630","chr16","70619220","70619515","34","48301889"
"chr12","22351653","22351919","chr13","46225644","46225911","42","23873991"
"chr12","22375478","22375773","chr15","106407999","106408294","37","84032521"
"chr12","22399096","22399388","chr14","63676889","63677191","42","41277793"
"chr12","22442510","22442778","chr14","39319099","39319378","57","16876589"
"chr12","22444911","22445174","chr3","77207657","77207929","88","54762746"
"chr12","22469273","22469562","chr1","118016846","118017136","37","95547573"
"chr12","22471940","22472240","chr1","105973248","105973548","33","83501308"
"chr12","22486773","22487018","chr10","86502775","86503031","52","64016002"
"chr12","22488886","22489180","chr11","6336482","6336759","52","16152404"
"chr12","22497413","22497659","chr10","15618900","15619153","50","6878513"
"chr12","22499353","22499620","chr17","78068546","78068824","50","55569193"
"chr12","22500977","22501272","chr2","168564679","168564973","35","146063702"
"chr12","22535786","22535917","chr8","51403248","51403379","24","28867462"
"chr12","22536293","22536443","chrX","25848795","25848947","24","3312502"
"chr12","22538090","22538391","chr12","69597135","69597433","44","47059045"
"chr12","22592498","22592803","chr1","195993908","195994215","38","173401410"
"chr12","22595857","22596144","chr1","44728040","44728327","43","22132183"
"chr12","22609879","22610189","chr6","120492723","120493023","46","97882844"
"chr12","22638354","22638658","chr17","29410940","29411231","51","6772586"
"chr12","22643103","22643325","chr11","117264723","117264944","40","94621620"
"chr12","22659717","22660018","chr4","3588537","3588838","43","19071180"
"chr12","22674292","22674547","chr9","68885430","68885693","46","46211138"
"chr12","22695451","22695754","chr6","148752882","148753187","38","126057431"
"chr12","22696279","22696430","chr14","72106424","72106567","29","49410145"
"chr12","22716263","22716560","chr2","90488784","90489082","34","67772521"
"chr12","22796247","22796538","chr3","75155573","75155858","44","52359326"
"chr12","22829828","22830116","chr2","163396132","163396420","40","140566304"
"chr12","22862120","22862452","chr12","35925032","35925339","68","13062912"
"chr12","23052314","23052621","chr9","25603269","25603573","39","2550955"
"chr12","23114417","23114729","chr4","132287893","132288193","52","109173476"
"chr12","23176929","23177247","chrX","65982011","65982316","51","42805082"
"chr12","23223003","23223286","chr13","46326360","46326648","42","23103357"
"chr12","23231997","23232243","chr15","13690450","13690713","47","9541547"
"chr12","23255580","23255877","chr16","50298577","50298876","31","27042997"
"chr12","23329921","23330206","chr6","12014381","12014673","42","11315540"
"chr12","23335505","23335793","chr20","27380072","27380354","42","4044567"
"chr12","23336904","23337201","chr8","90463712","90464008","46","67126808"
"chr12","23383464","23383759","chr10","6154582","6154884","52","17228882"
"chr12","23389889","23390183","chr3","8737956","8738254","37","14651933"
"chr12","23393647","23393960","chr8","120051374","120051685","41","96657727"
"chr12","23408012","23408314","chr3","8737956","8738254","46","14670056"
"chr12","23458331","23458659","chr12","62403234","62403560","45","38944903"
"chr12","23510810","23511102","chr2","84844754","84845049","46","61333944"
"chr12","23533890","23534224","chr11","71121511","71121834","65","47587621"
"chr12","23589460","23589757","chr1","219225924","219226223","38","195636464"
"chr12","23617943","23618106","chr10","64082869","64083044","30","40464926"
"chr12","23631007","23631303","chr10","78793021","78793318","38","55162014"
"chr12","23665969","23666246","chr12","24009618","24009904","45","343649"
"chr12","23742899","23743183","chr19","35482053","35482349","48","11739154"
"chr12","23786333","23786642","chr19","48183286","48183597","40","24396953"
"chr12","23793743","23794041","chr1","94365322","94365615","42","70571579"
"chr12","23796788","23797089","chr13","32817425","32817728","33","9020637"
"chr12","23891009","23891314","chr1","1866324","1866628","45","22024685"
"chr12","23917679","23917963","chr12","97473240","97473538","46","73555561"
"chr12","23918222","23918510","chr2","87435713","87436003","37","63517491"
"chr12","23934338","23934590","chr14","66011174","66011430","31","42076836"
"chr12","23939986","23940297","chr3","13929450","13929758","47","10010536"
"chr12","23940845","23941151","chr5","130175348","130175653","44","106234503"
"chr12","23942845","23942933","chr1","207305653","207305745","16","183362808"
"chr12","23964423","23964705","chr15","78590602","78590883","46","54626179"
"chr12","23973318","23973555","chr6","125155662","125155895","42","101182344"
"chr12","23981952","23982266","chr9","61900736","61901039","43","37918784"
"chr12","24029781","24030094","chr10","61595576","61595889","44","37565795"
"chr12","24041396","24041698","chr2","102989050","102989349","36","78947654"
"chr12","24047630","24047921","chr12","35031886","35032181","34","10984256"
"chr12","24058447","24058735","chr9","26133784","26134073","39","2075337"
"chr12","24059905","24060170","chr16","2046031","2046304","54","22013874"
"chr12","24063339","24063651","chr13","10717364","10717675","36","13345975"
"chr12","24078852","24079158","chr16","20356273","20356575","37","3722579"
"chr12","24117759","24118055","chr17","30611756","30612052","43","6493997"
"chr12","24139077","24139375","chr16","70227258","70227557","43","46088181"
"chr12","24154962","24155217","chr18","50874536","50874793","37","26719574"
"chr12","24258582","24258896","chr10","17197874","17198178","41","7060708"
"chr12","24264328","24264583","chr11","71045850","71046097","44","46781522"
"chr12","24356486","24356776","chrX","128195634","128195926","47","103839148"
"chr12","24402460","24402770","chr13","54199763","54200071","48","29797303"
"chr12","24532438","24532737","chr1","219225924","219226223","36","194693486"
"chr12","24603975","24604284","chr2","76933163","76933470","42","52329188"
"chr12","24719924","24720232","chr2","62500002","62500306","45","37780078"
"chr12","24736688","24737000","chr6","157477970","157478279","37","132741282"
"chr12","24746985","24747268","chr19","44121713","44121997","38","19374728"
"chr12","24780669","24780953","chr13","27236721","27237002","40","2456052"
"chr12","24784169","24784462","chr1","206447940","206448229","44","181663771"
"chr12","24801529","24801802","chr8","119618087","119618362","53","94816558"
"chr12","24905519","24905782","chr14","85601211","85601476","39","60695692"
"chr12","24994800","24994934","chr18","24104552","24104687","13","890248"
"chr12","25329525","25329823","chr13","32817425","32817728","30","7487900"
"chr12","25338970","25339273","chrX","90798452","90798764","38","65459482"
"chr12","25365670","25365974","chr1","114716826","114717136","45","89351156"
"chr12","25386940","25387226","chr5","34137620","34137907","60","8750680"
"chr12","25493643","25493935","chr2","148031521","148031810","57","122537878"
"chr12","25531218","25531523","chr13","72884158","72884458","37","47352940"
"chr12","25604798","25605097","chrX","117801295","117801592","42","92196497"
"chr12","25611928","25612059","chrX","80970329","80970455","27","55358401"
"chr12","25614519","25614804","chr2","101420626","101420922","39","75806107"
"chr12","25684312","25684611","chr14","57134784","57135076","41","31450472"
"chr12","25766649","25766944","chr1","158123433","158123731","48","132356784"
"chr12","25823713","25824009","chr5","34428917","34429213","39","8605204"
"chr12","25850193","25850474","chr2","100059763","100060040","35","74209570"
"chr12","25931974","25932272","chr13","116647521","116647821","41","90715547"
"chr12","25976068","25976358","chr1","94365322","94365615","37","68389254"
"chr12","25994294","25994599","chr14","12000742","12001053","51","13993552"
"chr12","26003742","26004049","chr2","106418670","106418975","40","80414928"
"chr12","26076438","26076627","chr16","48699682","48699884","47","22623244"
"chr12","26100434","26100729","chr12","38645893","38646186","43","12545459"
"chr12","26124530","26124821","chr3","44490997","44491287","43","18366467"
"chr12","26130677","26130988","chr7","73463030","73463339","39","47332353"
"chr12","26149048","26149338","chr7","152625402","152625693","44","126476354"
"chr12","26198030","26198337","chr2","44513923","44514220","47","18315893"
"chr12","26222734","26222991","chr10","25924241","25924498","34","298493"
"chr12","26232601","26232911","chr13","69700961","69701271","42","43468360"
"chr12","26238399","26238708","chr8","21641128","21641440","50","4597271"
"chr12","26329512","26329800","chr3","53793183","53793482","55","27463671"
"chr12","26340457","26340753","chr19","3064712","3065012","34","23275745"
"chr12","26360345","26360638","chr5","138323417","138323711","36","111963072"
"chr12","26363137","26363438","chr14","106055793","106056093","37","79692656"
"chr12","26378526","26378828","chrX","28734753","28735052","50","2356227"
"chr12","26404266","26404489","chr5","89625548","89625767","31","63221282"
"chr12","26426670","26426972","chr7","48694397","48694696","35","22267727"
"chr12","26429543","26429850","chr4","103942747","103943051","41","77513204"
"chr12","26438993","26439283","chr16","20167037","20167326","38","6271956"
"chr12","26518025","26518318","chr7","147648063","147648359","47","121130038"
"chr12","26528681","26528990","chrX","44962032","44962338","46","18433351"
"chr12","26583248","26583540","chrX","118400711","118401003","42","91817463"
"chr12","26650373","26650676","chr1","18100109","18100412","40","8550264"
"chr12","26671684","26671984","chr17","12226558","12226855","39","14445126"
"chr12","26710881","26711156","chr3","52295797","52296068","57","25584916"
"chr12","26712263","26712554","chr14","67997600","67997886","66","41285337"
"chr12","26838106","26838396","chr2","184580196","184580486","44","157742090"
"chr12","26850775","26851061","chr1","211735408","211735702","38","184884633"
"chr12","26855183","26855473","chr2","176866099","176866395","35","150010916"
"chr12","26867369","26867628","chr15","21464395","21464674","51","5402974"
"chr12","27067109","27067413","chr11","50028965","50029264","49","22961856"
"chr12","27073236","27073521","chr11","101209765","101210048","40","74136529"
"chr12","27086465","27086760","chr18","15767415","15767712","42","11319050"
"chr12","27093589","27093843","chr10","90525188","90525445","43","63431599"
"chr12","27103363","27103665","chr14","98318663","98318962","36","71215300"
"chr12","27153186","27153487","chr3","34969388","34969689","39","7816202"
"chr12","27154272","27154568","chr2","143479907","143480201","55","116325635"
"chr12","27164577","27164703","chr5","51754204","51754344","28","24589627"
"chr12","27166764","27167053","chr7","29116078","29116368","47","1949314"
"chr12","27171456","27171719","chr17","54281630","54281898","52","27110174"
"chr12","27175883","27176187","chr6","124714488","124714790","49","97538605"
"chr12","27183150","27183429","chr1","196693141","196693428","52","169509991"
"chr12","27193485","27193797","chr1","203009055","203009360","41","175815570"
"chr12","27201311","27201586","chr19","13590990","13591272","38","13610321"
"chr12","27216628","27216906","chr19","7821204","7821487","42","19395424"
"chr12","27218401","27218712","chr8","23146626","23146934","48","4071775"
"chr12","27230121","27230419","chr7","60205496","60205797","44","32975375"
"chr12","27251511","27251784","chr2","100062378","100062646","36","72810867"
"chr12","27253119","27253175","chr6","49281215","49281267","8","22028096"
"chr12","27253657","27253803","chr20","2251964","2252111","20","25001693"
"chr12","27253898","27253987","chrX","52786172","52786262","11","25532274"
"chr12","27263075","27263385","chr13","117446139","117446449","35","90183064"
"chr12","27267033","27267339","chr15","70442845","70443150","50","43175812"
"chr12","27271705","27272000","chr9","79342653","79342946","42","52070948"
"chr12","27322231","27322524","chr2","94343271","94343561","49","67021040"
"chr12","27325346","27325605","chr5","20219374","20219636","46","7105972"
"chr12","27334715","27334981","chr20","26324160","26324436","48","1010555"
"chr12","27344646","27344964","chr1","94576857","94577167","39","67232211"
"chr12","27374311","27374544","chr18","71908745","71908980","34","44534434"
"chr12","27375612","27375905","chr6","124714488","124714790","48","97338876"
"chr12","27376542","27376850","chr8","26489805","26490111","38","886737"
"chr12","27380248","27380561","chr8","65172958","65173270","57","37792710"
"chr12","27434954","27435192","chr14","13677217","13677446","50","13757737"
"chr12","27451316","27451601","chr16","55715676","55715976","38","28264360"
"chr12","27456258","27456448","chr10","42092634","42092822","34","14636376"
"chr12","27482899","27483200","chr20","19191326","19191624","40","8291573"
"chr12","27506752","27507010","chr11","47786603","47786857","41","20279851"
"chr12","27507864","27508156","chr5","147337562","147337836","52","119829698"
"chr12","27511059","27511369","chr4","56503347","56503657","44","28992288"
"chr12","27511684","27511979","chr1","11853354","11853650","42","15658330"
"chr12","27515238","27515539","chr5","32469834","32470141","43","4954596"
"chr12","27518852","27519127","chr17","10814902","10815183","48","16703950"
"chr12","27521817","27522129","chr7","73463030","73463339","45","45941213"
"chr12","27591534","27591817","chr11","53078617","53078919","51","25487083"
"chr12","27592488","27592787","chr1","29491945","29492246","40","1899457"
"chr12","27592966","27593311","chr14","10173516","10173832","76","17419450"
"chr12","27619391","27619596","chr3","38604566","38604772","37","10985175"
"chr12","27635238","27635539","chr6","124714488","124714790","35","97079250"
"chr12","27675583","27675835","chr8","90210852","90211106","47","62535269"
"chr12","27687871","27688153","chr3","46165413","46165699","35","18477542"
"chr12","27697147","27697270","chr15","78983417","78983543","29","51286270"
"chr12","27697974","27698168","chr7","18489544","18489740","29","9208430"
"chr12","27701196","27701486","chr1","40659470","40659761","33","12958274"
"chr12","27707165","27707452","chr16","70651394","70651678","56","42944229"
"chr12","27718158","27718365","chr10","70641735","70641937","33","42923577"
"chr12","27718983","27719047","chr16","38161731","38161797","13","10442748"
"chr12","27726336","27726640","chr4","13663992","13664285","60","14062344"
"chr12","27727651","27727851","chr10","79672783","79672981","30","51945132"
"chr12","27728401","27728530","chr10","38298532","38298665","23","10570131"
"chr12","27765576","27765870","chr11","66160852","66161149","42","38395276"
"chr12","27782930","27783125","chr4","15723513","15723714","44","12059417"
"chr12","27797198","27797499","chr20","55865131","55865434","36","28067933"
"chr12","27818321","27818618","chr17","15630764","15631058","36","12187557"
"chr12","27819435","27819754","chr7","49324027","49324336","49","21504592"
"chr12","27869534","27869722","chr1","54579002","54579197","27","26709468"
"chr12","27902430","27902716","chr1","140602621","140602899","53","112700191"
"chr12","27903237","27903517","chr2","38846653","38846940","45","10943416"
"chr12","27931588","27931877","chr3","103259893","103260176","49","75328305"
"chr12","27945757","27946051","chr12","35031886","35032181","35","7086129"
"chr12","27956480","27956781","chr14","5934954","5935260","32","22021526"
"chr12","27968810","27968910","chrX","28134320","28134424","16","165510"
"chr12","27979780","27980042","chr18","68064885","68065155","55","40085105"
"chr12","28006895","28007174","chr15","26878649","26878926","40","1128246"
"chr12","28023198","28023503","chr6","124714488","124714790","44","96691290"
"chr12","28028229","28028524","chr20","49534951","49535246","34","21506722"
"chr12","28033634","28033932","chr2","95278102","95278398","42","67244468"
"chr12","28065937","28066232","chr18","48465782","48466081","35","20399845"
"chr12","28075476","28075757","chr1","63819964","63820246","56","35744488"
"chr12","28093931","28094224","chrX","38190147","38190439","37","10096216"
"chr12","28103873","28104168","chr3","38447004","38447303","39","10343131"
"chr12","28108466","28108759","chr16","8610602","8610899","36","19497864"
"chr12","28125257","28125527","chr8","88869400","88869673","42","60744143"
"chr12","28132013","28132292","chr1","48541016","48541306","39","20409003"
"chr12","28132663","28132961","chr1","203640822","203641120","44","175508159"
"chr12","28145105","28145410","chr18","12965449","12965751","37","15179656"
"chr12","28159736","28159990","chr10","52840410","52840667","34","24680674"
"chr12","28185377","28185674","chr1","158563972","158564268","39","130378595"
"chr12","28189355","28189663","chr18","51183412","51183721","34","22994057"
"chr12","28190309","28190534","chr5","137480638","137480863","29","109290329"
"chr12","28194307","28194603","chr1","67368758","67369056","33","39174451"
"chr12","28201149","28201378","chr1","100959718","100959948","36","72758569"
"chr12","28217542","28217837","chr9","54884686","54884993","52","26667144"
"chr12","28229069","28229365","chr15","57971492","57971793","39","29742423"
"chr12","28230515","28230669","chr14","108255262","108255413","25","80024747"
"chr12","28235338","28235635","chr5","173702377","173702681","47","145467039"
"chr12","28252106","28252404","chr10","59879761","59880065","40","31627655"
"chr12","28256406","28256700","chr18","12269702","12269996","46","15986704"
"chr12","28264715","28264976","chr3","128408097","128408358","51","100143382"
"chr12","28268446","28268732","chr2","178187197","178187490","44","149918751"
"chr12","28269937","28270224","chr10","62613928","62614216","39","34343991"
"chr12","28283041","28283326","chr7","90971726","90972022","49","62688685"
"chr12","28286634","28286929","chrX","75305907","75306201","42","47019273"
"chr12","28301495","28301773","chr17","28303178","28303464","50","1683"
"chr12","28304637","28304884","chr16","40076793","40077035","44","11772156"
"chr12","28335211","28335366","chr2","147157565","147157723","25","118822354"
"chr12","28355241","28355552","chrX","85691276","85691579","46","57336035"
"chr12","28366336","28366631","chr7","90971726","90972022","39","62605390"
"chr12","28381061","28381358","chr18","16367811","16368110","46","12013250"
"chr12","28382877","28383125","chr4","69040830","69041080","55","40657953"
"chr12","28387001","28387299","chr15","7561500","7561795","49","20825501"
"chr12","28391459","28391763","chr1","31351635","31351942","32","2960176"
"chr12","28402916","28403186","chr1","69317688","69317959","41","40914772"
"chr12","28437305","28437630","chr3","34969388","34969689","57","6532083"
"chr12","28452403","28452710","chr15","37195749","37196061","44","8743346"
"chr12","28455819","28456126","chr13","32817425","32817728","35","4361606"
"chr12","28457323","28457621","chr18","2855012","2855310","36","25602311"
"chr12","28466297","28466605","chr15","86129114","86129421","40","57662817"
"chr12","28469289","28469443","chr7","68766471","68766618","38","40297182"
"chr12","28471676","28471959","chr16","63276450","63276738","52","34804774"
"chr12","28474974","28475259","chr10","78362015","78362296","49","49887041"
"chr12","28491369","28491655","chr20","49701084","49701366","34","21209715"
"chr12","28502159","28502438","chrX","28876227","28876510","48","374068"
"chr12","28503169","28503478","chr11","60659295","60659600","40","32156126"
"chr12","28507526","28507822","chr15","5688693","5688993","35","22818833"
"chr12","28525475","28525694","chr2","39627234","39627460","44","11101759"
"chr12","28537995","28538293","chr8","25582102","25582396","45","2955893"
"chr12","28539915","28540212","chr3","83075642","83075936","42","54535727"
"chr12","28548808","28549105","chr4","2534955","2535251","36","26013853"
"chr12","28555019","28555295","chr20","60612325","60612606","46","32057306"
"chr12","28592510","28592790","chr9","79342653","79342946","51","50750143"
"chr12","28593892","28594193","chr3","8153448","8153759","49","20440444"
"chr12","28597149","28597434","chr11","30430420","30430708","40","1833271"
"chr12","28606071","28606366","chr8","25582102","25582396","37","3023969"
"chr12","28614560","28614868","chr18","51183412","51183721","32","22568852"
"chr12","28618823","28619097","chr2","152202700","152202973","47","123583877"
"chr12","28620259","28620350","chr9","81123976","81124068","14","52503717"
"chr12","28620691","28620874","chrX","38423800","38423980","41","9803109"
"chr12","28623567","28623848","chr11","47655968","47656253","44","19032401"
"chr12","28632447","28632750","chr5","137146580","137146880","35","108514133"
"chr12","28665192","28665455","chr20","26870658","26870924","55","1794534"
"chr12","28673955","28674254","chr6","124714488","124714790","39","96040533"
"chr12","28750248","28750507","chr11","80632503","80632762","47","51882255"
"chr12","28756233","28756486","chr7","161259026","161259274","45","132502793"
"chr12","28826185","28826474","chr7","40750157","40750451","44","11923972"
"chr12","28837086","28837375","chr3","125496584","125496876","43","96659498"
"chr12","28855371","28855584","chr1","9513726","9513939","29","19341645"
"chr12","28859164","28859451","chr1","196693141","196693428","46","167833977"
"chr12","28917695","28917989","chr7","114795060","114795360","46","85877365"
"chr12","28938564","28938742","chr10","64082869","64083044","25","35144305"
"chr12","28938924","28939210","chr7","90971726","90972022","40","62032802"
"chr12","28988594","28988896","chr2","50634219","50634525","46","21645625"
"chr12","29003491","29003790","chr1","47942809","47943107","40","18939318"
"chr12","29018124","29018443","chr4","85674708","85675025","51","56656584"
"chr12","29063020","29063314","chr16","37815360","37815660","55","8752340"
"chr12","29077913","29078212","chr10","50350065","50350365","45","21272152"
"chr12","29091237","29091508","chr9","124881966","124882242","33","95790729"
"chr12","29094839","29095149","chr5","119453134","119453454","45","90358295"
"chr12","29106185","29106459","chr20","26324160","26324436","44","2782025"
"chr12","29159594","29159892","chr3","38447004","38447303","26","9287410"
"chr12","29161909","29162216","chr4","3145119","3145426","34","26016790"
"chr12","29174610","29174900","chr1","19176727","19177017","50","9997883"
"chr12","29184541","29184833","chr5","51703641","51703934","45","22519100"
"chr12","29195919","29196196","chr4","135406127","135406409","40","106210208"
"chr12","29215029","29215325","chr9","85092895","85093190","40","55877866"
"chr12","29248001","29248297","chr15","48151534","48151833","41","18903533"
"chr12","29275116","29275421","chr7","125954466","125954770","43","96679350"
"chr12","29327106","29327417","chr12","83397023","83397331","33","54069917"
"chr12","29349349","29349661","chr11","44436962","44437271","50","15087613"
"chr12","29468308","29468603","chr15","78953274","78953566","50","49484966"
"chr12","29483201","29483468","chr2","25492368","25492634","56","3990833"
"chr12","30721917","30722162","chr11","44650712","44650952","51","13928795"
"chr12","30919848","30920136","chr13","46233254","46233544","45","15313406"
"chr12","31037064","31037353","chr7","133065043","133065330","34","102027979"
"chr12","31049278","31049415","chr9","67815826","67815960","19","36766548"
"chr12","31078423","31078718","chr1","11366377","11366670","41","19712046"
"chr12","31094511","31094813","chr14","60670708","60671010","37","29576197"
"chr12","31098151","31098437","chr7","16206849","16207148","44","14891302"
"chr12","31108792","31109074","chr15","60569085","60569376","56","29460293"
"chr12","31116973","31117281","chr9","19850832","19851138","39","11266141"
"chr12","31138232","31138527","chr3","124904987","124905268","54","93766755"
"chr12","31142569","31142866","chr3","169260164","169260459","40","138117595"
"chr12","31159514","31159758","chr15","64642682","64642922","56","33483168"
"chr12","31180681","31180983","chr13","61259817","61260123","36","30079136"
"chr12","31199751","31200050","chr19","15097509","15097804","40","16102242"
"chr12","31207536","31207824","chr8","118421988","118422286","48","87214452"
"chr12","31221590","31221877","chr16","3687263","3687550","38","27534327"
"chr12","31236996","31237285","chr20","19191326","19191624","52","12045670"
"chr12","31237418","31237722","chr14","18171810","18172116","46","13065608"
"chr12","31238085","31238245","chr6","168710657","168710821","24","137472572"
"chr12","31261269","31261544","chr1","190242284","190242563","48","158981015"
"chr12","31271413","31271690","chr7","117030480","117030769","42","85759067"
"chr12","31278366","31278667","chr4","160599897","160600192","47","129321531"
"chr12","31294402","31294702","chr7","38013110","38013409","37","6718708"
"chr12","31358147","31358447","chr1","54556109","54556409","38","23197962"
"chr12","31369823","31370145","chr11","4016647","4016949","53","27353176"
"chr12","31401039","31401342","chrX","118514080","118514390","45","87113041"
"chr12","31412512","31412813","chr3","151804664","151804966","46","120392152"
"chr12","31432889","31433178","chr14","119229630","119229918","48","87796741"
"chr12","31460387","31460673","chr11","46070151","46070446","42","14609764"
"chr12","31533273","31533570","chr19","12472544","12472839","50","19060729"
"chr12","31593256","31593548","chr4","13663992","13664285","40","17929264"
"chr12","31674930","31675213","chrX","139100323","139100604","27","107425393"
"chr12","31800671","31800793","chr7","43693641","43693766","16","11892970"
"chr12","31850926","31851221","chr1","129567144","129567444","48","97716218"
"chr12","31916628","31916923","chr2","92827254","92827547","41","60910626"
"chr12","32034222","32034504","chr13","61711541","61711831","48","29677319"
"chr12","32094562","32094860","chr9","110990408","110990707","35","78895846"
"chr12","32110751","32111046","chr8","25582102","25582396","34","6528649"
"chr12","32113174","32113450","chr9","13795736","13796012","40","18317438"
"chr12","32423240","32423543","chr2","102989050","102989349","38","70565810"
"chr12","32510904","32511198","chr1","213290516","213290811","44","180779612"
"chr12","32598578","32598799","chr9","18207388","18207612","33","14391190"
"chr12","32612224","32612517","chr6","122044038","122044332","36","89431814"
"chr12","32838854","32839153","chr1","195161491","195161794","40","162322637"
"chr12","32867875","32868167","chr10","82072119","82072412","40","49204244"
"chr12","32955732","32955973","chr5","133797177","133797424","32","100841445"
"chr12","32971670","32971933","chr7","125141660","125141921","39","92169990"
"chr12","33043681","33043985","chrX","44962032","44962338","31","11918351"
"chr12","33148876","33149178","chr9","13445192","13445490","35","19703684"
"chr12","33154526","33154814","chr10","78749019","78749318","37","45594493"
"chr12","33173889","33174179","chr16","51577813","51578103","41","18403924"
"chr12","33223786","33224083","chr16","16996819","16997118","38","16226967"
"chr12","33292924","33293214","chr13","23958133","23958422","38","9334791"
"chr12","33320698","33320960","chr7","129217963","129218233","52","95897265"
"chr12","33326420","33326684","chrX","122712517","122712780","42","89386097"
"chr12","33331285","33331584","chr3","17904839","17905146","46","15426446"
"chr12","33397502","33397793","chrX","20846410","20846706","46","12551092"
"chr12","33430633","33430940","chr4","43410637","43410938","42","9980004"
"chr12","33433301","33433552","chr9","39740757","39741010","33","6307456"
"chr12","33445442","33445716","chr20","4346618","4346904","53","29098824"
"chr12","33470955","33471224","chr7","161514026","161514300","49","128043071"
"chr12","33481466","33481752","chr7","6191198","6191486","51","27290268"
"chr12","33483681","33483978","chr2","123712519","123712817","36","90228838"
"chr12","33648747","33649042","chr16","59345872","59346168","41","25697125"
"chr12","33666457","33666753","chr12","69597135","69597433","38","35930678"
"chr12","33760418","33760526","chr7","120734073","120734177","25","86973655"
"chr12","33760786","33760986","chr2","89593102","89593311","34","55832316"
"chr12","33885301","33885621","chr1","20012770","20013073","51","13872531"
"chr12","33908112","33908420","chr3","107368374","107368683","42","73460262"
"chr12","33916108","33916383","chr10","78838030","78838303","42","44921922"
"chr12","33917322","33917612","chr10","62315260","62315548","38","28397938"
"chr12","33941571","33941912","chr5","45838959","45839295","80","11897388"
"chr12","33973938","33974227","chr16","18796729","18797022","34","15177209"
"chr12","34198246","34198539","chr4","137949425","137949715","45","103751179"
"chr12","34229204","34229497","chr2","38884008","38884302","36","4654804"
"chr12","34345600","34345809","chrX","23646782","23646990","22","10698818"
"chr12","34612038","34612176","chrX","25617458","25617595","22","8994580"
"chr12","34717320","34717624","chr14","5934954","5935260","38","28782366"
"chr12","34755408","34755699","chr3","159238358","159238656","40","124482950"
"chr12","34876143","34876455","chr8","96316214","96316524","46","61440071"
"chr12","35031739","35032032","chr11","114923633","114923926","42","79891894"
"chr12","35161477","35161775","chrX","125807742","125808037","48","90646265"
"chr12","35576881","35577196","chr17","88968071","88968389","54","53391190"
"chr12","35590113","35590416","chr9","25603269","25603573","33","9986844"
"chr12","35876793","35877089","chr11","11755747","11756048","41","24121046"
"chr12","36019073","36019369","chr13","32817425","32817728","36","3201648"
"chr12","36096620","36096932","chr7","43187169","43187479","43","7090549"
"chr12","36144123","36144428","chr11","112980869","112981164","41","76836746"
"chr12","36483588","36483740","chr7","148602709","148602842","33","112119121"
"chr12","36495883","36496181","chr16","70227258","70227557","48","33731375"
"chr12","36520114","36520251","chr8","76522039","76522178","13","40001925"
"chr12","36635888","36636197","chr10","66278890","66279197","42","29643002"
"chr12","36647158","36647459","chr3","127707998","127708293","39","91060840"
"chr12","36650610","36650904","chr1","19736141","19736436","39","16914469"
"chr12","36665478","36665755","chr14","108574074","108574355","39","71908596"
"chr12","36728677","36728976","chr3","176830718","176831018","35","140102041"
"chr12","36737843","36738128","chr1","45623411","45623699","35","8885568"
"chr12","36747944","36748202","chr20","8871219","8871485","40","27876725"
"chr12","36757555","36757867","chr4","56503347","56503657","51","19745792"
"chr12","36772424","36772721","chr4","156469264","156469557","40","119696840"
"chr12","36804144","36804431","chr9","29298994","29299265","49","7505150"
"chr12","36809159","36809461","chr10","78749019","78749318","44","41939860"
"chr12","36901699","36901994","chr19","12557275","12557573","40","24344424"
"chr12","36909502","36909807","chr7","120031071","120031377","43","83121569"
"chr12","36923313","36923596","chrX","970398","970680","47","35952915"
"chr12","36932460","36932627","chr6","165562719","165562880","25","128630259"
"chr12","36973376","36973678","chr9","43127873","43128169","35","6154497"
"chr12","36984942","36985249","chr3","45369493","45369802","32","8384551"
"chr12","37018422","37018718","chr16","7372490","7372785","50","29645932"
"chr12","37029485","37029773","chr4","111437438","111437719","44","74407953"
"chr12","37059609","37059876","chr3","52295797","52296068","55","15236188"
"chr12","37064181","37064406","chr7","121329046","121329267","25","84264865"
"chr12","37095362","37095644","chr8","82026743","82027012","48","44931381"
"chr12","37100727","37100813","chr1","76284381","76284466","14","39183654"
"chr12","37107943","37108242","chr2","55010925","55011223","42","17902982"
"chr12","37149941","37150166","chr3","159234507","159234735","42","122084566"
"chr12","37195325","37195635","chr2","56649143","56649449","41","19453818"
"chr12","37338636","37338931","chr8","111500920","111501220","57","74162284"
"chr12","37357720","37358017","chr3","160772561","160772858","36","123414841"
"chr12","37374086","37374379","chr19","36006980","36007285","51","1367106"
"chr12","37376748","37377046","chr13","32817425","32817728","38","4559323"
"chr12","37379377","37379676","chr14","21158129","21158427","34","16221248"
"chr12","37385420","37385705","chr20","51188693","51188983","39","13803273"
"chr12","37398321","37398572","chr5","133797177","133797424","44","96398856"
"chr12","37399974","37400276","chr5","45376537","45376837","37","7976563"
"chr12","37402940","37403226","chr19","44121713","44121997","39","6718773"
"chr12","37419047","37419285","chr18","26703368","26703615","49","10715679"
"chr12","37474494","37474797","chr11","3653031","3653328","41","33821463"
"chr12","37491045","37491307","chrX","122712517","122712780","40","85221472"
"chr12","37511578","37511889","chr12","63712638","63712948","42","26201060"
"chr12","37544816","37545121","chr1","11912016","11912323","39","25632800"
"chr12","37551996","37552292","chr13","107030178","107030478","39","69478182"
"chr12","37834436","37834680","chr16","44892798","44893041","39","7058362"
"chr12","37932042","37932154","chr14","17517895","17518010","15","20414147"
"chr12","37932640","37932822","chr10","86065845","86066023","33","48133205"
"chr12","38030593","38030815","chr5","18089222","18089443","34","19941371"
"chr12","38161918","38162008","chrX","75553968","75554057","8","37392050"
"chr12","38233051","38233366","chr5","101210540","101210851","46","62977489"
"chr12","38369996","38370315","chr12","63820146","63820469","44","25450150"
"chr12","38376798","38376922","chr7","43693641","43693766","16","5316843"
"chr12","38533189","38533492","chr5","111972616","111972918","36","73439427"
"chr12","38771226","38771522","chr1","124998618","124998915","34","86227392"
"chr12","38898193","38898492","chr12","103713062","103713366","40","64814869"
"chr12","39010619","39010909","chr15","57652318","57652603","46","18641699"
"chr12","39047672","39047849","chr2","186518455","186518632","43","147470783"
"chr12","39144322","39144627","chr2","87237238","87237540","48","48092916"
"chr12","39148860","39149146","chr1","196694275","196694566","42","157545415"
"chr12","39262900","39263182","chr9","45193434","45193725","54","5930534"
"chr12","39449103","39449386","chr10","14443056","14443342","42","25006047"
"chr12","39465228","39465505","chr4","10337240","10337517","46","29127988"
"chr12","39465822","39465879","chr10","36654999","36655061","12","2810823"
"chr12","39487164","39487454","chr1","7460034","7460321","50","32027130"
"chr12","39621792","39622087","chr11","85499396","85499692","36","45877604"
"chr12","39765760","39766053","chr17","23202455","23202744","28","16563305"
"chr12","39854222","39854449","chr6","143514666","143514896","37","103660444"
"chr12","39879948","39880235","chr9","89382238","89382513","60","49502290"
"chr12","39880784","39880881","chr7","47558212","47558317","28","7677428"
"chr12","39881734","39881927","chr10","42092634","42092822","38","2210900"
"chr12","39897553","39897849","chr15","78953274","78953566","42","39055721"
"chr12","39903159","39903457","chr16","71489264","71489560","40","31586105"
"chr12","39935954","39936249","chr8","14736191","14736486","42","25199763"
"chr12","39977647","39977889","chr13","106736611","106736849","42","66758964"
"chr12","40053191","40053481","chr1","42476755","42477044","40","2423564"
"chr12","40161088","40161390","chr13","107030178","107030478","45","66869090"
"chr12","40214422","40214757","chr8","62968384","62968710","58","22753962"
"chr12","40297948","40298230","chr13","25429301","25429585","32","14868647"
"chr12","40388259","40388570","chr3","45563980","45564290","43","5175721"
"chr12","40413052","40413343","chr1","152909746","152910050","50","112496694"
"chr12","40454019","40454334","chr20","49007291","49007596","49","8553272"
"chr12","40490156","40490446","chr11","12597992","12598282","40","27892164"
"chr12","40602324","40602627","chr1","54500946","54501260","53","13898622"
"chr12","40603968","40604245","chr11","46126255","46126535","37","5522287"
"chr12","40635068","40635360","chr4","33860712","33861004","39","6774356"
"chr12","40714229","40714522","chr7","52736490","52736780","32","12022261"
"chr12","40723813","40724087","chr3","124904987","124905268","49","84181174"
"chr12","40758388","40758681","chrX","112314689","112314977","44","71556301"
"chr12","40822767","40823032","chr4","79455473","79455733","39","38632706"
"chr12","40970544","40970853","chr6","157477970","157478279","37","116507426"
"chr12","40971521","40971824","chr9","46677359","46677660","44","5705838"
"chr12","41035968","41036245","chr16","44203969","44204255","48","3168001"
"chr12","41140040","41140322","chr16","45339014","45339298","40","4198974"
"chr12","41321308","41321603","chr5","136702579","136702867","44","95381271"
"chr12","41452074","41452384","chr1","7993999","7994304","38","33458075"
"chr12","41474406","41474722","chr14","64214831","64215143","52","22740425"
"chr12","41538591","41538883","chr11","59744208","59744500","36","18205617"
"chr12","41539214","41539502","chr8","96276483","96276774","41","54737269"
"chr12","41550794","41551077","chr16","45339014","45339298","43","3788220"
"chr12","41623481","41623774","chr14","113842513","113842806","43","72219032"
"chr12","41665351","41665621","chr1","41744223","41744494","40","78872"
"chr12","41692658","41692971","chr15","70442845","70443150","49","28750187"
"chr12","41719490","41719651","chr1","204420577","204420740","23","162701087"
"chr12","41774647","41774911","chr11","37936841","37937108","33","3837806"
"chr12","41804558","41804844","chr16","2690755","2691046","49","39113803"
"chr12","42003690","42003987","chr5","11182627","11182922","43","30821063"
"chr12","42031129","42031436","chr15","96983547","96983850","47","54952418"
"chr12","42110612","42110872","chr4","79455473","79455733","37","37344861"
"chr12","42128891","42129193","chr3","125389091","125389392","42","83260200"
"chr12","42274545","42274839","chr16","18796729","18797022","44","23477816"
"chr12","42386889","42387194","chrX","43883084","43883389","45","1496195"
"chr12","42430023","42430325","chr10","70335100","70335400","59","27905077"
"chr12","42470007","42470316","chr5","132391377","132391683","42","89921370"
"chr12","42578147","42578442","chr1","94365322","94365615","39","51787175"
"chr12","42606432","42606727","chr5","2577333","2577630","37","40029099"
"chr12","43374582","43374767","chr10","42092634","42092822","48","1281948"
"chr12","43555931","43556222","chr7","74553058","74553350","34","30997127"
"chr12","43567975","43568283","chr18","36700162","36700474","36","6867813"
"chr12","43606903","43607176","chr3","160601395","160601671","49","116994492"
"chr12","43670066","43670361","chr7","2720057","2720361","54","40950009"
"chr12","43789897","43790180","chr15","79029077","79029366","46","35239180"
"chr12","43826595","43826876","chr10","30085573","30085855","35","13741022"
"chr12","43874985","43875287","chr15","33204321","33204617","50","10670664"
"chr12","43922388","43922682","chr4","34365154","34365445","39","9557234"
"chr12","43958697","43958999","chr8","111500920","111501220","35","67542223"
"chr12","43968135","43968430","chr11","59744208","59744500","35","15776073"
"chr12","43969162","43969466","chr10","29855917","29856225","44","14113245"
"chr12","44018320","44018622","chr19","9420624","9420923","55","34597696"
"chr12","44058656","44058732","chr6","66775587","66775666","13","22716931"
"chr12","44066464","44066568","chr16","31241669","31241774","24","12824795"
"chr12","44149004","44149293","chr15","21416937","21417235","51","22732067"
"chr12","44154766","44155060","chr5","100171700","100171994","42","56016934"
"chr12","44185941","44186231","chr15","41252852","41253149","48","2933089"
"chr12","44230515","44230822","chr16","50099837","50100142","45","5869322"
"chr12","44241438","44241752","chr5","102707372","102707683","64","58465934"
"chr12","44303603","44303908","chrX","126121052","126121355","42","81817449"
"chr12","44304834","44305099","chr9","101875274","101875543","45","57570440"
"chr12","44338711","44339014","chr18","26757177","26757480","40","17581534"
"chr12","44344240","44344532","chr20","52705959","52706255","41","8361719"
"chr12","44418149","44418232","chr5","32121453","32121538","16","12296696"
"chr12","44421152","44421459","chr13","61259817","61260123","36","16838665"
"chr12","44453609","44453904","chr16","9620696","9620995","53","34832913"
"chr12","44531844","44532143","chr7","16206849","16207148","40","28324995"
"chr12","44760186","44760495","chr14","5934954","5935260","53","38825232"
"chr12","44859079","44859317","chr9","34299383","34299623","39","10559696"
"chr12","45078935","45079242","chr16","49861297","49861598","41","4782362"
"chr12","45227128","45227412","chr19","32590740","32591017","47","12636388"
"chr12","45283478","45283769","chr16","1419036","1419322","47","43864442"
"chr12","45306160","45306462","chr13","32817425","32817728","35","12488735"
"chr12","45317471","45317771","chr2","99629442","99629744","36","54311971"
"chr12","45467612","45467903","chr4","110946344","110946633","35","65478732"
"chr12","45558513","45558815","chrX","68552000","68552299","40","22993487"
"chr12","45594998","45595292","chr1","946135","946434","34","44648863"
"chr12","45653725","45653991","chr9","24560211","24560475","37","21093514"
"chr12","45730786","45731099","chr11","52822958","52823266","40","7092172"
"chr12","45841108","45841412","chrX","16402811","16403114","38","29438297"
"chr12","45868726","45869022","chr6","102271212","102271509","29","56402486"
"chr12","45957433","45957726","chr17","75417486","75417776","42","29460053"
"chr12","45974004","45974303","chrX","38099288","38099585","36","7874716"
"chr12","46000260","46000366","chr9","93388014","93388117","20","47387754"
"chr12","46028340","46028618","chr4","52805264","52805547","49","6776924"
"chr12","46045039","46045261","chr13","112980932","112981146","31","66935893"
"chr12","46065998","46066271","chr9","51784847","51785122","41","5718849"
"chr12","46067757","46068042","chr6","132179472","132179753","44","86111715"
"chr12","46072312","46072602","chr1","143220195","143220493","51","97147883"
"chr12","46076371","46076661","chr11","114923633","114923926","34","68847262"
"chr12","46083600","46083902","chr2","101651204","101651504","41","55567604"
"chr12","46085884","46086175","chr3","44207119","44207413","46","1878765"
"chr12","46086896","46087198","chr1","213070791","213071090","47","166983895"
"chr12","46090354","46090647","chr1","25272103","25272391","55","20818251"
"chr12","46102483","46102775","chr10","62315260","62315548","39","16212777"
"chr12","46132977","46133272","chr16","21958952","21959252","42","24174025"
"chr12","46175009","46175293","chr13","107989665","107989947","39","61814656"
"chr12","46183960","46184257","chr13","64546066","64546364","47","18362106"
"chr12","46190527","46190806","chr15","39833640","39833918","49","6356887"
"chr12","46271174","46271254","chr1","123108875","123108951","12","76837701"
"chr12","46292043","46292345","chr20","36330213","36330513","42","9961830"
"chr12","46342648","46342966","chr9","50750379","50750702","54","4407731"
"chr12","46458827","46459056","chrX","65566054","65566285","44","19107227"
"chr12","46555414","46555685","chr10","60510552","60510824","46","13955138"
"chr12","46635208","46635507","chr1","153132122","153132405","58","106496914"
"chr12","46642633","46642945","chr8","94310731","94311042","44","47668098"
"chr12","46652126","46652417","chr7","72707693","72707981","52","26055567"
"chr12","46721505","46721789","chr7","91017104","91017400","52","44295599"
"chr12","46725350","46725590","chr2","185482859","185483105","42","138757509"
"chr12","46819289","46819584","chr4","2534955","2535251","34","44284334"
"chr12","46877766","46878068","chr9","7025626","7025918","46","39852140"
"chr12","47138117","47138421","chr2","46682521","46682821","42","455596"
"chr12","47210663","47210783","chr11","83048168","83048288","12","35837505"
"chr12","47765793","47766098","chr3","34969388","34969689","41","12796405"
"chr12","47773144","47773434","chr1","13457974","13458263","40","34315170"
"chr12","47796832","47797124","chr12","94912400","94912690","42","47115568"
"chr12","47815434","47815730","chr13","70390537","70390830","38","22575103"
"chr12","47888592","47888910","chr11","117677064","117677382","45","69788472"
"chr12","47934918","47935225","chr1","20012770","20013073","38","27922148"
"chr12","48043162","48043466","chr9","88756829","88757132","35","40713667"
"chr12","48226269","48226582","chr2","184580196","184580486","71","136353927"
"chr12","48371696","48371782","chr13","103188987","103189073","9","54817291"
"chr12","48458882","48459180","chr4","130615568","130615870","39","82156686"
"chr12","48565702","48565998","JH682036","358126","358421","34","48207576"
"chr12","48568036","48568336","chrX","27151438","27151734","49","21416598"
"chr12","48585161","48585443","chr8","119618087","119618362","52","71032926"
"chr12","48702678","48702931","chr10","17090334","17090586","34","31612344"
"chr12","48729063","48729364","chr9","54420827","54421133","37","5691764"
"chr12","48744161","48744447","chr11","46124557","46124849","50","2619604"
"chr12","48764331","48764603","chr6","143287549","143287823","39","94523218"
"chr12","48765665","48765852","chr19","44351795","44351980","30","4413870"
"chr12","48812139","48812439","chr4","33663349","33663650","29","15148790"
"chr12","48815673","48815970","chr1","138644217","138644512","43","89828544"
"chr12","48841383","48841692","chr4","35271785","35272086","45","13569598"
"chr12","48842912","48843195","chr6","144637935","144638217","37","95795023"
"chr12","48851425","48851676","chr15","22704808","22705082","51","26146617"
"chr12","48857207","48857505","chr1","212841578","212841874","39","163984371"
"chr12","48858219","48858521","chr1","43053184","43053487","35","5805035"
"chr12","48885958","48886251","chr2","71450909","71451205","36","22564951"
"chr12","48910157","48910457","chr13","107030178","107030478","34","58120021"
"chr12","48923021","48923278","chr4","79455473","79455733","56","30532452"
"chr12","48936029","48936315","chr6","135655274","135655568","40","86719245"
"chr12","48950004","48950311","chr6","16697883","16698181","41","32252121"
"chr12","48971993","48972292","chr8","85404201","85404491","57","36432208"
"chr12","48983125","48983398","chr2","49059917","49060182","40","76792"
"chr12","49064031","49064359","chr16","29545554","29545857","73","19518477"
"chr12","49106825","49107114","chr9","54798929","54799228","41","5692104"
"chr12","49109131","49109412","chr12","33900333","33900627","47","15208798"
"chr12","49129216","49129502","chr11","123468792","123469074","36","74339576"
"chr12","49135416","49135725","chr9","49669807","49670113","46","534391"
"chr12","49194920","49195221","chr4","69347489","69347789","44","20152569"
"chr12","49202604","49202899","chr12","62741269","62741568","41","13538665"
"chr12","49218396","49218690","chr11","88966345","88966635","36","39747949"
"chr12","49219275","49219578","chr13","107030178","107030478","32","57810903"
"chr12","49233307","49233618","chr6","72600444","72600754","38","23367137"
"chr12","49236069","49236321","chr14","123390911","123391157","43","74154842"
"chr12","49252068","49252359","chr6","83909264","83909556","42","34657196"
"chr12","49253016","49253241","chr16","28277063","28277289","37","20975953"
"chr12","49261283","49261568","chr9","84372000","84372280","38","35110717"
"chr12","49275814","49276123","chr12","63079032","63079340","46","13803218"
"chr12","49276215","49276511","chr7","158562964","158563263","37","109286749"
"chr12","49320369","49320678","chr1","41160582","41160892","37","8159787"
"chr12","49341040","49341338","chr5","18950781","18951074","38","30390259"
"chr12","49346243","49346499","chr7","46748896","46749151","42","2597347"
"chr12","49351847","49352150","chr15","56199180","56199485","43","6847333"
"chr12","49353915","49354209","chr14","18772479","18772776","40","30581436"
"chr12","49382581","49382871","chr4","34747186","34747478","41","14635395"
"chr12","49437942","49438275","chr18","39066869","39067188","61","10371073"
"chr12","49447351","49447605","chr10","89657532","89657785","55","40210181"
"chr12","49489077","49489386","chr5","89929633","89929935","38","40440556"
"chr12","49489887","49490176","chr1","37568258","37568548","34","11921629"
"chr12","49503626","49503932","chr10","28173309","28173604","51","21330317"
"chr12","49561858","49562133","chr1","76365616","76365881","54","26803758"
"chr12","49591834","49592140","chr7","77029098","77029406","37","27437264"
"chr12","49697628","49697929","chr9","55335333","55335630","51","5637705"
"chr12","49772593","49772888","chr15","9873078","9873375","45","39899515"
"chr12","49795065","49795315","chr10","90525188","90525445","47","40730123"
"chr12","49807970","49808270","chr6","142572268","142572563","36","92764298"
"chr12","49833127","49833420","chr13","44802037","44802330","43","5031090"
"chr12","49881609","49881698","chrX","75553968","75554057","12","25672359"
"chr12","49905036","49905320","chr16","52653846","52654133","38","2748810"
"chr12","49927076","49927351","chr18","5551612","5551893","41","44375464"
"chr12","49998877","49999172","chr4","146940122","146940426","40","96941245"
"chr12","50011663","50011793","chr7","43693641","43693766","16","6318022"
"chr12","50022839","50023141","chr20","7777435","7777732","44","42245404"
"chr12","50082999","50083298","chr16","16996819","16997118","38","33086180"
"chr12","50087852","50088139","chr4","151070096","151070394","45","100982244"
"chr12","50092026","50092333","chr11","44703312","44703609","50","5388714"
"chr12","50093467","50093766","chr15","35590404","35590716","51","14503063"
"chr12","50101591","50101853","chr20","66291427","66291685","43","16189836"
"chr12","50102047","50102337","chr6","142572268","142572563","41","92470221"
"chr12","50112272","50112564","chr2","39700849","39701143","45","10411423"
"chr12","50115198","50115516","chr7","123688140","123688443","57","73572942"
"chr12","50125038","50125342","chr17","20945248","20945548","33","29179790"
"chr12","50156185","50156483","chr13","61259817","61260123","37","11103632"
"chr12","50159655","50159980","chr9","13707736","13708053","49","36451919"
"chr12","50162478","50162766","chr3","43708487","43708771","41","6453991"
"chr12","50163560","50163856","chr6","10235231","10235527","39","39928329"
"chr12","50187736","50188041","chr7","129443902","129444210","42","79256166"
"chr12","50223767","50224075","chr1","132954164","132954472","52","82730397"
"chr12","50241447","50241738","chr1","67368758","67369056","34","17127311"
"chr12","50257428","50257711","chr1","51459237","51459518","37","1201809"
"chr12","50362817","50363104","chr8","91437935","91438229","37","41075118"
"chr12","50381963","50382240","chrX","38603483","38603760","36","11778480"
"chr12","50385618","50385910","chr16","23339562","23339859","35","27046056"
"chr12","50402391","50402690","chr3","38447004","38447303","39","11955387"
"chr12","50403403","50403699","chrX","118508904","118509203","50","68105501"
"chr12","50420978","50421109","chr8","51403248","51403379","20","982270"
"chr12","50421506","50421564","chr1","196904697","196904756","16","146483191"
"chr12","50430798","50431110","chr4","125474689","125474994","40","75043891"
"chr12","50450887","50451258","chr3","173418206","173418531","97","122967319"
"chr12","50489320","50489622","chr13","32817425","32817728","32","17671895"
"chr12","50492738","50493000","chr6","164769454","164769719","40","114276716"
"chr12","50494268","50494544","chr9","84372000","84372280","37","33877732"
"chr12","50497274","50497567","chr19","12497044","12497338","37","38000230"
"chr12","50510693","50510988","chr1","143220195","143220493","36","92709502"
"chr12","50533030","50533324","chr20","51745649","51745944","33","1212619"
"chr12","50558795","50558891","chr12","69723014","69723114","13","19164219"
"chr12","50568362","50568637","chr17","15630764","15631058","43","34937598"
"chr12","50586216","50586510","chr6","53239608","53239906","38","2653392"
"chr12","50589251","50589536","chr18","49838043","49838335","48","751208"
"chr12","50684391","50684664","chr2","113980776","113981056","48","63296385"
"chr12","50695127","50695399","chr11","46126255","46126535","50","4568872"
"chr12","50714649","50714923","chr3","8504505","8504775","37","42210144"
"chr12","50729228","50729404","chr15","105997448","105997622","30","55268220"
"chr12","50729927","50730222","chr17","19374053","19374353","49","31355874"
"chr12","50736954","50737256","chr5","32469834","32470141","42","18267120"
"chr12","50747781","50748070","chr2","144623769","144624056","36","93875988"
"chr12","50780302","50780599","chr1","219225924","219226223","55","168445622"
"chr12","50873308","50873596","chr2","39631073","39631360","29","11242235"
"chr12","50890656","50890880","chr20","312397","312638","55","50578259"
"chr12","50936545","50936827","chr5","79158515","79158797","34","28221970"
"chr12","50950005","50950293","chr2","103636690","103636999","55","52686685"
"chr12","50976797","50977092","chr2","114227807","114228107","34","63251010"
"chr12","50992834","50993135","chr14","54656644","54656944","40","3663810"
"chr12","51053393","51053690","chr1","59715826","59716126","36","8662433"
"chr12","51120039","51120341","chr5","101316280","101316579","42","50196241"
"chr12","51143714","51144025","chr10","69362565","69362872","45","18218851"
"chr12","51152799","51153097","chr8","134559715","134560014","33","83406916"
"chr12","51159861","51160171","chr3","127876014","127876324","40","76716153"
"chr12","51169334","51169645","chr3","69228301","69228608","39","18058967"
"chr12","51173861","51174150","chr11","29875176","29875465","34","21298685"
"chr12","51179968","51180252","chr4","107911095","107911379","36","56731127"
"chr12","51264219","51264511","chr9","39775638","39775936","40","11488581"
"chr12","51281554","51281813","chr15","35980878","35981131","41","15300676"
"chr12","51295750","51296083","chr19","49216397","49216733","56","2079353"
"chr12","51358321","51358625","chr19","16877989","16878294","41","34480332"
"chr12","51375089","51375397","chr3","107766832","107767139","39","56391743"
"chr12","51378274","51378414","chr15","90362981","90363118","21","38984707"
"chr12","51389728","51390051","chr17","67687467","67687789","50","16297739"
"chr12","51434154","51434441","chr14","30544530","30544818","43","20889624"
"chr12","51452229","51452519","chrX","95854941","95855233","40","44402712"
"chr12","51462153","51462442","chr12","58244299","58244591","36","6782146"
"chr12","51464393","51464705","chr3","45563980","45564290","45","5900413"
"chr12","51468158","51468449","chr11","94964179","94964469","34","43496021"
"chr12","51475643","51475928","chr1","45623411","45623699","36","5852232"
"chr12","51480441","51480745","chr11","6516544","6516842","51","44963897"
"chr12","51485976","51486277","chr1","22422412","22422710","46","29063564"
"chr12","51503359","51503667","chr15","10271583","10271879","52","41231776"
"chr12","51513798","51514108","chr2","115685548","115685857","49","64171750"
"chr12","51516626","51516959","chr11","121319694","121320003","56","69803068"
"chr12","51526030","51526295","chr7","129217963","129218233","45","77691933"
"chr12","51539613","51539920","chr1","151903000","151903311","42","100363387"
"chr12","51560046","51560257","chr20","69530408","69530621","32","17970362"
"chr12","51576644","51576938","chr9","57162068","57162368","37","5585424"
"chr12","51577301","51577582","chrX","65477408","65477681","38","13900107"
"chr12","51580790","51581091","chr1","18852431","18852735","38","32728359"
"chr12","51583012","51583328","chr16","15788944","15789248","47","35794068"
"chr12","51584019","51584304","chr10","12554162","12554449","38","39029857"
"chr12","51596852","51597138","chr9","7025626","7025918","34","44571226"
"chr12","51606745","51607026","chr6","88744720","88745008","41","37137975"
"chr12","51623717","51624011","chr3","175042665","175042963","62","123418948"
"chr12","51644464","51644728","chrX","122712517","122712780","35","71068053"
"chr12","51673145","51673444","chr3","67856542","67856842","33","16183397"
"chr12","51685795","51686063","chr14","118731872","118732135","44","67046077"
"chr12","51710152","51710422","chr17","61893768","61894049","46","10183616"
"chr12","51720570","51720876","chrX","93343069","93343376","49","41622499"
"chr12","51729124","51729399","chrX","134515872","134516158","46","82786748"
"chr12","51733473","51733761","chr10","50949405","50949695","44","784068"
"chr12","51755662","51755962","chr4","112317198","112317500","36","60561536"
"chr12","51758555","51758836","chr20","26324160","26324436","43","25434395"
"chr12","51760194","51760454","chr9","66771776","66772036","43","15011582"
"chr12","51765850","51766156","chr14","5934954","5935260","32","45830896"
"chr12","51781123","51781415","chr11","117541264","117541558","39","65760141"
"chr12","51802546","51802843","chr16","49861297","49861598","37","1941249"
"chr12","51818377","51818684","chr11","7017396","7017703","40","44800981"
"chr12","51821678","51821962","chr16","49861297","49861598","54","1960381"
"chr12","51823725","51824019","chr20","50124056","50124351","37","1699669"
"chr12","51833922","51834213","chr2","38884008","38884302","41","12949914"
"chr12","51880769","51881078","chr9","115186336","115186643","46","63305567"
"chr12","51887819","51888103","chr14","67997600","67997886","49","16109781"
"chr12","51913020","51913326","chr2","92827254","92827547","57","40914234"
"chr12","51915856","51916019","chr17","89097194","89097360","30","37181338"
"chr12","51920469","51920761","chrX","127952408","127952701","44","76031939"
"chr12","51963840","51964141","chr8","91540919","91541218","42","39577079"
"chr12","51991179","51991481","chr10","46007696","46008002","44","5983483"
"chr12","52024186","52024487","chrX","108069512","108069807","42","56045326"
"chr12","52041050","52041352","chr11","53078617","53078919","39","1037567"
"chr12","52088389","52088674","chr1","161851733","161852013","44","109763344"
"chr12","52106506","52106814","chr16","59456451","59456754","36","7349945"
"chr12","52142299","52142618","chr19","39729373","39729700","49","12412926"
"chr12","52206122","52206398","chr10","27509342","27509618","51","24696780"
"chr12","52221699","52221859","chr7","40886399","40886558","22","11335300"
"chr12","52270028","52270334","chr13","99722238","99722539","43","47452210"
"chr12","52274050","52274350","chr14","5934954","5935260","35","46339096"
"chr12","52281674","52281967","chr1","27049382","27049672","43","25232292"
"chr12","52331920","52332192","chr1","47626078","47626342","38","4705842"
"chr12","52343926","52344236","chr7","73560013","73560323","37","21216087"
"chr12","52352596","52352894","chr2","165727429","165727730","43","113374833"
"chr12","52785177","52785471","chr7","72707693","72707981","40","19922516"
"chr12","52879979","52880280","chrX","23718809","23719106","41","29161170"
"chr12","52992843","52993153","chr20","12034304","12034579","74","40958539"
"chr12","53002581","53002902","chrX","123194482","123194796","51","70191901"
"chr12","53019265","53019559","chr8","25582102","25582396","43","27437163"
"chr12","53044401","53044703","chr1","139353240","139353543","44","86308839"
"chr12","53056617","53056902","chr6","82686809","82687091","48","29630192"
"chr12","53240873","53241184","chr1","7993999","7994304","36","45246874"
"chr12","53247495","53247769","chr18","52005354","52005635","43","1242141"
"chr12","53325710","53325996","chr15","8458538","8458829","53","44867172"
"chr12","53400010","53400304","chr20","49534951","49535246","47","3865059"
"chr12","53500475","53500794","chr16","42090122","42090419","58","11410353"
"chr12","53524103","53524399","chr9","22795677","22795968","42","30728426"
"chr12","53550366","53550659","chr6","116662162","116662454","34","63111796"
"chr12","53559831","53560136","chr1","20012770","20013073","37","33547061"
"chr12","53620223","53620517","chr9","79342653","79342946","33","25722430"
"chr12","53646839","53647125","chr5","95637760","95638046","41","41990921"
"chr12","53657300","53657576","chr3","1997406","1997669","44","51659894"
"chr12","53658073","53658309","chr4","11478307","11478554","43","42179766"
"chr12","53679266","53679549","chr11","95761683","95761964","41","42082417"
"chr12","53719177","53719481","chr13","32817425","32817728","34","20901752"
"chr12","53722398","53722683","chr15","9765968","9766261","40","43956430"
"chr12","53744397","53744694","chr17","23919317","23919614","43","29825080"
"chr12","53813225","53813523","chr9","59445619","59445926","43","5632394"
"chr12","53848936","53849185","chr7","67057279","67057531","39","13208343"
"chr12","53871789","53872036","chr11","7911759","7912023","69","45960030"
"chr12","53881180","53881469","chr11","17363902","17364188","48","36517278"
"chr12","53935756","53936048","chr9","7025626","7025918","33","46910130"
"chr12","53982250","53982548","chr9","59619618","59619914","43","5637368"
"chr12","54029267","54029536","chr9","60832680","60832955","36","6803413"
"chr12","54221000","54221260","chr1","129416815","129417073","36","75195815"
"chr12","54328004","54328270","chr1","28692071","28692332","50","25635933"
"chr12","54416236","54416541","chr11","128077739","128078039","37","73661503"
"chr12","54545291","54545588","chr3","169260164","169260459","33","114714873"
"chr12","54640454","54640729","chr2","48921809","48922082","47","5718645"
"chr12","54664363","54664652","chr16","10011615","10011905","44","44652748"
"chr12","54705186","54705413","chr7","106517904","106518135","34","51812718"
"chr12","54736604","54736913","chr10","69213953","69214258","42","14477349"
"chr12","54743141","54743438","chr17","7203404","7203700","36","47539737"
"chr12","54784481","54784745","chrX","122712517","122712780","43","67928036"
"chr12","54814532","54814854","chr5","119267111","119267423","48","64452579"
"chr12","54845451","54845732","chr6","147822924","147823209","34","92977473"
"chr12","54881224","54881508","chr11","13702068","13702363","46","41179156"
"chr12","54910815","54911110","chr14","98318663","98318962","39","43407848"
"chr12","54912956","54913266","chr16","4461395","4461701","38","50451561"
"chr12","54943701","54943994","chr1","11366377","11366670","36","43577324"
"chr12","54948231","54948538","chr7","151979566","151979860","52","97031335"
"chr12","55049336","55049626","chr4","34747186","34747478","52","20302150"
"chr12","55095734","55096010","chr13","90970128","90970408","45","35874394"
"chr12","55140402","55140707","chr13","61259817","61260123","45","6119415"
"chr12","55146804","55147106","chr12","58894080","58894384","41","3747276"
"chr12","55164248","55164539","chr9","7025626","7025918","31","48138622"
"chr12","55226514","55226809","chr9","84466373","84466663","40","29239859"
"chr12","55234712","55235000","chr1","124377384","124377676","41","69142672"
"chr12","55238275","55238566","chr16","56231923","56232210","36","993648"
"chr12","55263524","55263822","chr4","2534955","2535251","34","52728569"
"chr12","55290321","55290600","chr13","25429301","25429585","52","29861020"
"chr12","55298843","55299147","chr3","130290294","130290595","42","74991451"
"chr12","55320835","55321135","chr13","24213975","24214280","40","31106860"
"chr12","55325368","55325679","chrX","63576021","63576327","42","8250653"
"chr12","55345377","55345670","chr1","125312140","125312429","39","69966763"
"chr12","55378861","55379153","chr13","73992590","73992885","42","18613729"
"chr12","55379282","55379537","chr4","157257885","157258139","54","101878603"
"chr12","55388581","55388864","chrX","138328962","138329247","48","82940381"
"chr12","55410061","55410333","chr15","21464395","21464674","43","33945666"
"chr12","55411082","55411374","chr1","19736141","19736436","44","35674941"
"chr12","55418804","55419107","chr7","120310502","120310798","40","64891698"
"chr12","55423984","55424281","chr13","74148211","74148505","41","18724227"
"chr12","55425796","55426085","chr20","17770859","17771148","42","37654937"
"chr12","55426903","55427204","chr13","73189729","73190025","48","17762826"
"chr12","55430070","55430314","chr13","36012746","36012995","46","19417324"
"chr12","55445074","55445377","chr13","32817425","32817728","37","22627649"
"chr12","55515319","55515610","chr1","40659470","40659761","47","14855849"
"chr12","55524820","55525116","chr19","35482053","35482349","45","20042767"
"chr12","55534809","55535114","chr4","131374689","131374976","58","75839880"
"chr12","55576561","55576822","chr3","160101342","160101603","43","104524781"
"chr12","55592953","55593238","chr4","79217053","79217354","60","23624100"
"chr12","55604244","55604526","chr2","88801525","88801807","53","33197281"
"chr12","55605569","55605874","chr8","18019156","18019453","52","37586413"
"chr12","55605888","55606168","chr5","132631825","132632108","49","77025937"
"chr12","55627204","55627506","chr6","31393353","31393656","42","24233851"
"chr12","55636665","55636950","chr1","12638916","12639211","52","42997749"
"chr12","55664611","55664916","chr7","16206849","16207148","45","39457762"
"chr12","55670647","55670924","chr6","11115581","11115864","52","44555066"
"chr12","55673988","55674285","chr9","85132193","85132498","41","29458205"
"chr12","55693395","55693702","chr6","124714488","124714790","46","69021093"
"chr12","55748349","55748656","chr11","8649180","8649480","40","47099169"
"chr12","55748823","55748972","chr17","15703843","15703979","33","40044980"
"chr12","55749862","55750174","chr14","63716116","63716415","51","7966254"
"chr12","55755823","55756101","chr3","7127601","7127889","46","48628222"
"chr12","55758637","55758939","chr7","93704145","93704444","44","37945508"
"chr12","55764515","55764670","chr8","11059270","11059426","45","44705245"
"chr12","55765367","55765498","chr8","51403248","51403379","22","4362119"
"chr12","55766906","55767191","chr7","64860856","64861140","37","9093950"
"chr12","55785049","55785335","chr3","63144094","63144379","42","7359045"
"chr12","55794092","55794390","chr13","32817425","32817728","33","22976667"
"chr12","55821136","55821431","chr17","71950343","71950641","36","16129207"
"chr12","55824227","55824512","chr3","130145406","130145696","52","74321179"
"chr12","55827948","55828260","chr5","81950527","81950835","42","26122579"
"chr12","55835458","55835749","chr6","124946544","124946841","50","69111086"
"chr12","55842142","55842429","chr1","125312140","125312429","36","69469998"
"chr12","55844210","55844350","chr1","129498511","129498647","19","73654301"
"chr12","55861860","55862164","chr1","129877213","129877510","51","74015353"
"chr12","55870059","55870348","chr16","45339014","45339298","49","10531045"
"chr12","55884846","55885074","chr7","121329046","121329267","27","65444200"
"chr12","55885606","55885888","chr1","158198823","158199105","51","102313217"
"chr12","55891936","55892246","chr1","128155382","128155688","34","72263446"
"chr12","55902282","55902575","chr2","98940531","98940828","35","43038249"
"chr12","55926375","55926661","chr13","46233254","46233544","43","9693121"
"chr12","55982030","55982302","chr9","61589422","61589695","35","5607392"
"chr12","56005293","56005580","chr6","145883372","145883658","39","89878079"
"chr12","56049681","56049985","chr1","1866324","1866628","39","54183357"
"chr12","56082773","56083064","chr5","118928307","118928607","47","62845534"
"chr12","56116767","56117061","chr8","95960003","95960299","32","39843236"
"chr12","56137041","56137250","chr7","155860210","155860412","33","99723169"
"chr12","56150875","56151179","chr6","124714488","124714790","36","68563613"
"chr12","56161476","56161789","chr3","68106397","68106706","37","11944921"
"chr12","56164004","56164220","chr11","46102242","46102467","40","10061762"
"chr12","56178300","56178574","chr4","107911095","107911379","46","51732795"
"chr12","56179656","56179954","chr9","15247736","15248032","36","40931920"
"chr12","56184054","56184342","chr16","18796729","18797022","35","37387325"
"chr12","56189370","56189642","chr1","15291446","15291730","55","40897924"
"chr12","56208811","56209122","chr15","96588502","96588809","39","40379691"
"chr12","56283303","56283548","chr16","44892798","44893041","40","11390505"
"chr12","56295906","56296197","chr16","18796729","18797022","35","37499177"
"chr12","56318177","56318478","chr18","12432850","12433158","52","43885327"
"chr12","56337556","56337863","chrX","38891205","38891511","37","17446351"
"chr12","56368073","56368379","chr11","53078617","53078919","43","3289456"
"chr12","56403442","56403737","chr1","1873508","1873809","47","54529934"
"chr12","56406375","56406668","chr9","7025626","7025918","33","49380749"
"chr12","56424401","56424700","chr2","62500002","62500306","36","6075601"
"chr12","56429313","56429581","chr16","41501626","41501896","44","14927687"
"chr12","56432301","56432589","chr7","132975622","132975901","58","76543321"
"chr12","56433015","56433309","chr14","55307372","55307665","34","1125643"
"chr12","56474834","56475128","chr19","12557275","12557573","34","43917559"
"chr12","56486040","56486335","chr11","114923633","114923926","35","58437593"
"chr12","56488256","56488537","chr3","47408821","47409099","41","9079435"
"chr12","56502670","56502978","chr10","62936704","62937010","39","6434034"
"chr12","56504914","56505206","chr10","29691322","29691619","41","26813592"
"chr12","56519216","56519495","chr12","59161360","59161650","42","2642144"
"chr12","56534839","56535114","chr1","204813267","204813556","45","148278428"
"chr12","56552250","56552531","chr6","150717417","150717697","48","94165167"
"chr12","56580274","56580562","chrX","90854802","90855099","37","34274528"
"chr12","56716683","56716991","chr9","25603269","25603573","40","31113414"
"chr12","56732177","56732456","chr19","16225815","16226112","53","40506362"
"chr12","56773471","56773693","chr18","27506235","27506459","44","29267236"
"chr12","56799261","56799559","chr1","213290516","213290811","49","156491255"
"chr12","56902863","56903097","chr16","40076793","40077035","37","16826070"
"chr12","56991908","56992212","chr13","32817425","32817728","32","24174483"
"chr12","57383627","57383950","chr5","128637768","128638068","51","71254141"
"chr12","57522650","57522947","chr16","50298577","50298876","46","7224073"
"chr12","57549179","57549462","chr8","117934907","117935207","53","60385728"
"chr12","57587760","57588063","chr10","29691322","29691619","46","27896438"
"chr12","57677876","57678172","chr5","19387061","19387364","43","38290815"
"chr12","57701523","57701780","chr4","112243854","112244116","46","54542331"
"chr12","57787753","57788004","chr16","44892798","44893041","39","12894955"
"chr12","58384520","58384669","chr4","33966387","33966526","27","24418133"
"chr12","58552064","58552235","chr15","4199355","4199519","33","54352709"
"chr12","58567305","58567427","chr11","83048168","83048288","20","24480863"
"chr12","58589647","58589958","chr7","73560013","73560323","35","14970366"
"chr12","58659162","58659440","chr9","91250132","91250408","42","32590970"
"chr12","58745381","58745624","chr1","14468200","14468440","31","44277181"
"chr12","58783240","58783535","chr11","52332872","52333170","54","6450368"
"chr12","58862137","58862444","chr3","48208327","48208639","55","10653810"
"chr12","58967968","58968227","chr20","46484406","46484655","49","12483562"
"chr12","58968462","58968722","chr18","50874536","50874793","40","8093926"
"chr12","58977564","58977851","chr12","98300764","98301051","38","39323200"
"chr12","59024316","59024611","chr10","57825748","57826039","48","1198568"
"chr12","59059971","59060176","chr9","64030490","64030685","45","4970519"
"chr12","59147890","59148178","chr10","73837427","73837714","40","14689537"
"chr12","59216075","59216244","chr9","64831816","64831997","36","5615741"
"chr12","59246648","59246921","chr11","44329228","44329505","43","14917420"
"chr12","59260569","59260854","chr12","33290039","33290333","50","25970530"
"chr12","59273842","59274110","chr15","34466396","34466670","44","24807446"
"chr12","59317901","59318208","chr16","38418532","38418823","56","20899369"
"chr12","59398730","59399026","chr1","43639311","43639611","37","15759419"
"chr12","59434217","59434525","chr10","16049988","16050292","42","43384229"
"chr12","59514845","59515129","chr16","51149232","51149520","36","8365613"
"chr12","59803681","59803938","chrX","122712517","122712780","37","62908836"
"chr12","59817786","59818084","chr7","76889431","76889730","36","17071645"
"chr12","59835780","59836073","chr13","32325637","32325935","44","27510143"
"chr12","59989532","59989840","chr1","128155382","128155688","33","68165850"
"chr12","60013327","60013592","chr13","84762120","84762380","46","24748793"
"chr12","60075479","60075757","chr1","181687377","181687666","58","121611898"
"chr12","60118984","60119288","chr10","16049988","16050292","42","44068996"
"chr12","60218263","60218406","chr20","2251964","2252111","21","57966299"
"chr12","60466962","60467248","chr6","73118187","73118475","43","12651225"
"chr12","60516754","60517051","chr17","50740419","50740714","40","9776335"
"chr12","60519435","60519732","chr5","60258096","60258388","45","261339"
"chr12","60569046","60569321","chr5","101457421","101457692","41","40888375"
"chr12","60581833","60582126","chr9","84476340","84476634","40","23894507"
"chr12","60596672","60596971","chr1","67368758","67369056","40","6772086"
"chr12","60684328","60684463","chr15","38116603","38116732","24","22567725"
"chr12","60689575","60689855","chr15","78953274","78953566","40","18263699"
"chr12","60725681","60725967","chr12","89828990","89829278","44","29103309"
"chr12","60729060","60729354","chr9","54879708","54880003","35","5849352"
"chr12","60776163","60776450","chr10","62315260","62315548","36","1539097"
"chr12","60807683","60807981","chr4","2534955","2535251","37","58272728"
"chr12","60864015","60864279","chr7","130654165","130654431","41","69790150"
"chr12","60864345","60864677","chr6","128302615","128302924","63","67438270"
"chr12","60877740","60878036","chr8","124808349","124808648","36","63930609"
"chr12","60911378","60911539","chr11","97769299","97769461","25","36857921"
"chr12","60924376","60924643","chr12","77039142","77039398","50","16114766"
"chr12","60933600","60933881","chr12","98300764","98301051","49","37367164"
"chr12","60965005","60965221","chr16","44736527","44736748","38","16228478"
"chr12","60967581","60967876","chr1","56859876","56860169","39","4107705"
"chr12","61010089","61010334","chr7","58783936","58784184","34","2226153"
"chr12","61020034","61020343","chrX","44962032","44962338","49","16058002"
"chr12","61023930","61024160","chr19","7950294","7950525","56","53073636"
"chr12","61026046","61026377","chr3","63776742","63777075","60","2750696"
"chr12","61029400","61029705","chr13","36087665","36087960","57","24941735"
"chr12","61043426","61043716","chr9","54851874","54852161","47","6191552"
"chr12","61074689","61074992","chr6","127875365","127875677","46","66800676"
"chr12","61080966","61081257","chr1","124250793","124251086","45","63169827"
"chr12","61103083","61103346","chr7","91426149","91426415","50","30323066"
"chr12","61117969","61118266","chr10","87129663","87129949","48","26011694"
"chr12","61136640","61136939","chr11","52332872","52333170","45","8803768"
"chr12","61142341","61142646","chr3","173942179","173942475","54","112799838"
"chr12","61145834","61146115","chr4","31083851","31084133","46","30061983"
"chr12","61154253","61154558","chr1","7993999","7994304","36","53160254"
"chr12","61165756","61166034","chr1","171838239","171838516","55","110672483"
"chr12","61189323","61189601","chr9","66714307","66714585","40","5524984"
"chr12","61216337","61216623","chr13","27876019","27876307","43","33340318"
"chr12","61238301","61238589","chr10","82748968","82749254","40","21510667"
"chr12","61245631","61245920","chr12","6361288","6361579","47","54884343"
"chr12","61255020","61255325","chr13","62845083","62845387","44","1590063"
"chr12","61269898","61270202","chr8","51886040","51886337","44","9383858"
"chr12","61298191","61298484","chr16","44203969","44204255","35","17094222"
"chr12","61300581","61300872","chr8","95960003","95960299","49","34659422"
"chr12","61326126","61326422","chr10","62787053","62787351","40","1460927"
"chr12","61328069","61328365","chr3","45626371","45626668","35","15701698"
"chr12","61333920","61334194","chr4","79455473","79455733","43","18121553"
"chr12","61349363","61349647","chr2","104291060","104291346","46","42941697"
"chr12","61469714","61470020","chr16","6343447","6343755","43","55126267"
"chr12","61557660","61557907","chr1","212921624","212921868","54","151363964"
"chr12","61601408","61601719","chr1","53933301","53933604","43","7668107"
"chr12","61716277","61716568","chr9","31646265","31646560","42","30070012"
"chr12","61867052","61867346","chr16","16814507","16814801","39","45052545"
"chr12","61960410","61960708","chr1","124250793","124251086","39","62290383"
"chr12","62002489","62002779","chr15","78953274","78953566","45","16950785"
"chr12","62054147","62054454","chr8","27551933","27552238","37","34502214"
"chr12","62063786","62064094","chr1","46079268","46079576","36","15984518"
"chr12","62115558","62115875","chr12","63820146","63820469","52","1704588"
"chr12","62123969","62124217","chr2","185482859","185483105","33","123358890"
"chr12","62165401","62165693","chr1","213946708","213947001","42","151781307"
"chr12","62199784","62200083","chr10","29691322","29691619","35","32508462"
"chr12","62202727","62203028","chr2","106418670","106418975","32","44215943"
"chr12","62260340","62260632","chr15","24580072","24580360","41","37680268"
"chr12","62264595","62264730","chr1","211563043","211563175","17","149298448"
"chr12","62395652","62395943","chr4","160599897","160600192","46","98204245"
"chr12","62406414","62406708","chr3","155966831","155967125","46","93560417"
"chr12","62415034","62415316","chr20","42229503","42229785","34","20185531"
"chr12","62418713","62419015","chr11","10098018","10098319","37","52320695"
"chr12","62446095","62446369","chr7","80887200","80887469","38","18441105"
"chr12","62548085","62548394","chr7","65236057","65236370","55","2687972"
"chr12","62553305","62553601","chr16","51527447","51527750","45","11025858"
"chr12","62580942","62581235","chr7","96230630","96230924","40","33649688"
"chr12","62668277","62668589","chr19","3064712","3065012","44","59603565"
"chr12","62748808","62749094","chr2","84844754","84845049","54","22095946"
"chr12","62770150","62770443","chr20","32556971","32557267","40","30213179"
"chr12","62782056","62782337","chr13","125352623","125352912","57","62570567"
"chr12","62997138","62997418","chr3","160601395","160601671","43","97604257"
"chr12","63034123","63034384","chr2","165757823","165758089","46","102723700"
"chr12","63059601","63059894","chr11","59744208","59744500","32","3315393"
"chr12","63081417","63081710","chr6","142572268","142572563","34","79490851"
"chr12","63105635","63105731","chr12","69723014","69723114","12","6617379"
"chr12","63555736","63556045","chr7","77029098","77029406","38","13473362"
"chr12","63655665","63655770","chr1","139339815","139339911","33","75684150"
"chr12","63656765","63656907","chr20","33826979","33827120","25","29829786"
"chr12","63708865","63709155","chr4","13663992","13664285","38","50044873"
"chr12","63729948","63730224","chr10","90525188","90525445","56","26795240"
"chr12","63740833","63741133","chr11","10098018","10098319","32","53642815"
"chr12","63795696","63795995","chr4","10970448","10970744","38","52825248"
"chr12","63909465","63909762","chr13","32817425","32817728","37","31092040"
"chr12","63941741","63942035","chr8","25582102","25582396","29","38359639"
"chr12","64080770","64081035","chr4","9974725","9974989","45","54106045"
"chr12","64165263","64165570","chr19","16794959","16795271","32","47370304"
"chr12","64177089","64177384","chr16","21958952","21959252","36","42218137"
"chr12","64283193","64283522","chr16","22142201","22142506","69","42140992"
"chr12","64285396","64285706","chr11","40791675","40791991","52","23493721"
"chr12","64356610","64356916","chr10","47089595","47089902","44","17267015"
"chr12","64419784","64420094","chr5","102707372","102707683","37","38287588"
"chr12","64461716","64462009","chr11","47394749","47395043","38","17066967"
"chr12","64483867","64484152","chr16","1419036","1419322","35","63064831"
"chr12","64605019","64605288","chr7","111089387","111089666","51","46484368"
"chr12","64618094","64618431","chr2","100036632","100036964","54","35418538"
"chr12","64643372","64643681","chrX","43179195","43179504","46","21464177"
"chr12","64651440","64651733","chr12","35031886","35032181","32","29619554"
"chr12","64674328","64674485","chr3","167505620","167505775","27","102831292"
"chr12","64743526","64743824","chr4","9919759","9920055","35","54823767"
"chr12","64755065","64755200","chr6","172763233","172763357","36","108008168"
"chr12","64818942","64819240","chr16","11126268","11126568","47","53692674"
"chr12","64884461","64884773","chr13","23501079","23501388","38","41383382"
"chr12","64934485","64934760","chr7","28572569","28572848","53","36361916"
"chr12","65079993","65080268","chr6","144918364","144918646","47","79838371"
"chr12","65263331","65263580","chr10","49361494","49361744","34","15901837"
"chr12","65319937","65320239","chr19","3064712","3065012","41","62255225"
"chr12","65510942","65511246","chr1","128155382","128155688","32","62644440"
"chr12","65683219","65683498","chr13","42976081","42976362","45","22707138"
"chr12","66000190","66000482","chr9","7025626","7025918","35","58974564"
"chr12","66077434","66077743","chr7","155237414","155237714","55","89159980"
"chr12","66157645","66157930","chr2","96826999","96827292","37","30669354"
"chr12","66262410","66262682","chr3","12554564","12554854","48","53707846"
"chr12","66326530","66326793","chr3","52295797","52296068","45","14030733"
"chr12","66405420","66405704","chr16","1419036","1419322","43","64986384"
"chr12","66411056","66411349","chr10","10713960","10714251","46","55697096"
"chr12","66412464","66412558","chr13","103188987","103189073","21","36776523"
"chr12","66553782","66554086","chr20","51745649","51745944","35","14808133"
"chr12","66561516","66561820","chr1","154447798","154448101","45","87886282"
"chr12","66695038","66695335","chr10","59879761","59880065","39","6815277"
"chr12","66764789","66765085","chr7","90971726","90972022","36","24206937"
"chr12","66796037","66796318","chr9","92292916","92293201","43","25496879"
"chr12","66837300","66837510","chr11","22017238","22017431","52","44820062"
"chr12","66988747","66989041","chr14","105012720","105013012","46","38023973"
"chr12","67043593","67043900","chr5","42859692","42860001","49","24183901"
"chr12","67193686","67193959","chr2","149520746","149521031","51","82327060"
"chr12","67327997","67328283","chr1","45623411","45623699","40","21704586"
"chr12","67431471","67431766","chr1","54556109","54556409","51","12875362"
"chr12","67451818","67452110","chr9","7025626","7025918","31","60426192"
"chr12","67600738","67601036","chr2","69598773","69599078","46","1998035"
"chr12","67632018","67632283","chr10","17969741","17970009","40","49662277"
"chr12","67745382","67745640","chr18","50874536","50874793","42","16870846"
"chr12","67884209","67884520","chr4","13415707","13416017","41","54468502"
"chr12","67969754","67970071","chr14","85633396","85633704","48","17663642"
"chr12","67996557","67996856","chr11","59744208","59744500","48","8252349"
"chr12","68042930","68043163","chr3","121231389","121231617","38","53188459"
"chr12","68046447","68046727","chr8","6420607","6420883","53","61625840"
"chr12","68316236","68316533","chr9","57023538","57023829","50","11292698"
"chr12","68418393","68418692","chr15","57971492","57971793","49","10446901"
"chr12","68612056","68612353","chr1","946135","946434","33","67665921"
"chr12","68613248","68613545","chr11","108474262","108474559","51","39861014"
"chr12","68687714","68688011","chr11","59744208","59744500","34","8943506"
"chr12","68739336","68739600","chr14","115562411","115562676","51","46823075"
"chr12","69324041","69324304","chr1","218251721","218251990","57","148927680"
"chr12","69455599","69455896","chr1","43639311","43639611","34","25816288"
"chr12","69502639","69502943","chr19","38630844","38631148","46","30871795"
"chr12","69751382","69751653","chr1","185004006","185004279","46","115252624"
"chr12","70037026","70037290","chr2","165757823","165758089","46","95720797"
"chr12","70178698","70178986","chr9","30302448","30302737","48","39876250"
"chr12","70312899","70313182","chr1","124250793","124251086","41","53937894"
"chr12","70393918","70394222","chr2","176865440","176865747","39","106471522"
"chr12","70522993","70523259","chr2","49059917","49060182","40","21463076"
"chr12","70526783","70527075","chr11","114923633","114923926","48","44396850"
"chr12","70722352","70722630","chr16","45339014","45339298","54","25383338"
"chr12","70755760","70756069","chr18","24005168","24005471","55","46750592"
"chr12","70764532","70764812","chr8","32296701","32296983","38","38467831"
"chr12","70842849","70843105","chr7","46642053","46642320","56","24200796"
"chr12","70896089","70896341","chr2","185436449","185436704","39","114540360"
"chr12","71081656","71081941","chr9","70222388","70222681","50","859268"
"chr12","71090551","71090854","chr9","88756829","88757132","37","17666278"
"chr12","71167165","71167436","chr14","56064917","56065194","37","15102248"
"chr12","71208740","71209002","chr2","49059917","49060182","42","22148823"
"chr12","71332639","71332929","chr9","7025626","7025918","30","64307013"
"chr12","71371107","71371393","chr15","95926887","95927178","41","24555780"
"chr12","71391103","71391381","chrX","139100323","139100604","50","67709220"
"chr12","71450664","71450951","chr3","159912934","159913216","54","88462270"
"chr12","71507032","71507358","chr8","43871928","43872251","61","27635104"
"chr12","71546728","71547029","chr6","124714488","124714790","36","53167760"
"chr12","71581089","71581371","chr7","158303441","158303733","37","86722352"
"chr12","71586077","71586240","chr20","50752085","50752233","30","20833992"
"chr12","71726396","71726706","chr3","127876014","127876324","46","56149618"
"chr12","71775993","71776289","chr1","65658284","65658580","44","6117709"
"chr12","71777945","71778235","chr4","46983597","46983887","49","24794348"
"chr12","71807293","71807599","chr3","160577065","160577371","46","88769772"
"chr12","71831667","71831966","chr2","101651204","101651504","46","29819537"
"chr12","71885104","71885381","chrX","42356","42633","44","71842748"
"chr12","71945004","71945302","chr4","13663992","13664285","39","58281012"
"chr12","71954556","71954849","chr1","94365322","94365615","34","22410766"
"chr12","72001868","72002150","chr2","94343271","94343561","51","22341403"
"chr12","72084188","72084487","chr7","90971726","90972022","47","18887538"
"chr12","72227071","72227381","chr7","73560013","73560323","37","1332942"
"chr12","72326374","72326664","chr10","27475321","27475611","44","44851053"
"chr12","72374754","72375039","chr3","103259893","103260176","37","30885139"
"chr12","72513081","72513363","chr8","69745254","69745541","43","2767827"
"chr12","72545643","72545947","chr3","63144094","63144379","83","9401549"
"chr12","72861363","72861644","chr9","111708748","111709026","46","38847385"
"chr12","73172535","73172842","chr7","125954466","125954770","45","52781931"
"chr12","73263485","73263662","chr1","160301052","160301228","25","87037567"
"chr12","73270108","73270399","chr12","93108642","93108929","42","19838534"
"chr12","73273589","73273887","chr3","45626371","45626668","31","27647218"
"chr12","73430187","73430406","chr13","71017466","71017686","32","2412721"
"chr12","73529420","73529718","chr4","56503347","56503657","49","17026073"
"chr12","73540147","73540437","chr10","34187353","34187638","41","39352794"
"chr12","73730051","73730177","chr7","43693641","43693766","19","30036410"
"chr12","73740386","73740692","chr9","25603269","25603573","41","48137117"
"chr12","73944211","73944512","chr3","160772561","160772858","39","86828350"
"chr12","73949620","73949923","chr1","946135","946434","36","73003485"
"chr12","74130814","74131097","chr11","59744208","59744500","38","14386606"
"chr12","74200692","74200957","chr10","90525188","90525445","45","16324496"
"chr12","74236892","74237119","chr13","71321320","71321556","48","2915572"
"chr12","74239608","74239918","chr3","12603123","12603437","39","61636485"
"chr12","74253570","74253710","chr5","51754204","51754344","19","22499366"
"chr12","74273363","74273680","chr18","51183412","51183721","40","23089951"
"chr12","74286258","74286550","chr3","160772561","160772858","42","86486303"
"chr12","74396709","74397011","chr9","7025626","7025918","38","67371083"
"chr12","74446139","74446454","chr18","28261602","28261895","66","46184537"
"chr12","74446858","74447153","chr9","7025626","7025918","33","67421232"
"chr12","74447704","74447988","chr10","62315260","62315548","34","12132444"
"chr12","74570625","74570933","chrX","142505359","142505669","41","67934734"
"chr12","74605384","74605674","chr18","31946413","31946703","42","42658971"
"chr12","74626410","74626705","chr15","42721863","42722160","32","31904547"
"chr12","74814763","74815050","chr17","23202455","23202744","45","51612308"
"chr12","74826266","74826575","chr20","26401661","26401973","31","48424605"
"chr12","74914923","74915219","chr16","21639667","21639964","35","53275256"
"chr12","75233733","75234041","chr1","71641163","71641469","41","3592570"
"chr12","75255735","75255952","chr9","34404783","34404992","31","40850952"
"chr12","75351247","75351513","chr8","119808309","119808570","38","44457062"
"chr12","75505361","75505628","chr1","190360719","190360980","44","114855358"
"chr12","75662899","75663186","chr2","38238657","38238945","45","37424242"
"chr12","75666507","75666774","chr20","8871219","8871485","45","66795288"
"chr12","75701485","75701774","chr6","150565896","150566187","39","74864411"
"chr12","75863358","75863464","chr15","10633100","10633205","13","65230258"
"chr12","76019070","76019347","chr12","65329997","65330287","43","10689073"
"chr12","76025310","76025607","chr15","78953274","78953566","39","2927964"
"chr12","76047694","76048000","chrX","133547845","133548155","47","57500151"
"chr12","76333322","76333627","chr16","6949294","6949602","42","69384028"
"chr12","76382552","76382860","chrX","49928850","49929156","51","26453702"
"chr12","76418847","76419138","chr3","48298408","48298697","38","28120439"
"chr12","76431721","76432013","chr10","39418025","39418319","44","37013696"
"chr12","76453727","76454026","chr14","53927134","53927436","36","22526593"
"chr12","76730442","76730743","chr13","32817425","32817728","36","43913017"
"chr12","76859080","76859369","chr4","111697334","111697630","43","34838254"
"chr12","76931689","76931983","JH682036","358126","358421","36","76573563"
"chr12","77181987","77182273","chr17","22575074","22575360","42","54606913"
"chr12","77233624","77233816","chr18","16642318","16642513","28","60591306"
"chr12","77277316","77277619","chr13","115430865","115431166","48","38153549"
"chr12","77429933","77430175","chr19","32703204","32703447","35","44726729"
"chr12","77449749","77450031","chr1","158576945","158577227","54","81127196"
"chr12","77495276","77495583","chr6","124714488","124714790","48","47219212"
"chr12","77523619","77523909","chr7","133065043","133065330","33","55541424"
"chr12","77534781","77535070","chr1","14339353","14339646","43","63195428"
"chr12","77579217","77579430","chr4","124247170","124247383","31","46667953"
"chr12","77590906","77591223","chr3","35732207","35732527","48","41858699"
"chr12","77631337","77631632","chr8","25582102","25582396","33","52049235"
"chr12","77633823","77634121","chrX","13595567","13595865","33","64038256"
"chr12","78230787","78231070","chr9","55644411","55644695","42","22586376"
"chr12","78395928","78396214","chr7","159886818","159887115","46","81490890"
"chr12","78405145","78405446","chr4","103942747","103943051","33","25537602"
"chr12","78521377","78521615","chr15","100064334","100064573","35","21542957"
"chr12","78532192","78532501","chr4","156502221","156502532","41","77970029"
"chr12","78537502","78537802","chr10","85479297","85479596","37","6941795"
"chr12","78703621","78703917","chr7","41138138","41138436","43","37565483"
"chr12","78714074","78714375","chr9","52526814","52527115","35","26187260"
"chr12","78748042","78748352","chr4","56503347","56503657","46","22244695"
"chr12","78802757","78803031","chr12","13511504","13511784","46","65291253"
"chr12","78810322","78810626","chr19","26787614","26787918","32","52022708"
"chr12","78858435","78858754","chr8","2817861","2818159","55","76040574"
"chr12","78884448","78884745","chr7","76702865","76703162","49","2181583"
"chr12","78887006","78887278","chr1","128215435","128215723","46","49328429"
"chr12","78895111","78895358","chr15","1694121","1694362","37","77200990"
"chr12","78909117","78909424","chr4","13663992","13664285","48","65245125"
"chr12","78913941","78914230","chr11","101209765","101210048","40","22295824"
"chr12","78917048","78917303","chr2","138725394","138725648","43","59808346"
"chr12","78950975","78951269","chr1","18852431","18852735","43","60098544"
"chr12","78953567","78953720","chr14","108255262","108255413","19","29301695"
"chr12","78953875","78954118","chr16","7445726","7445973","36","71508149"
"chr12","78958775","78959073","chr3","122782892","122783194","43","43824117"
"chr12","78993795","78994070","chr1","15303226","15303503","44","63690569"
"chr12","79012901","79013218","chrX","49664967","49665275","49","29347934"
"chr12","79026366","79026713","chr3","151339512","151339852","82","72313146"
"chr12","79056768","79057064","chr12","93339213","93339508","45","14282445"
"chr12","79090192","79090483","chr5","158892033","158892319","42","79801841"
"chr12","79090493","79090797","chr7","93612219","93612525","45","14521726"
"chr12","79095454","79095734","chr2","92704027","92704304","56","13608573"
"chr12","79159393","79159697","chr4","66460360","66460668","48","12699033"
"chr12","79170986","79171243","chr4","24804662","24804922","43","54366324"
"chr12","79196343","79196650","chr11","10098018","10098319","42","69098325"
"chr12","79208767","79209105","chr2","184514373","184514697","51","105305606"
"chr12","79231508","79231812","chr7","37449373","37449676","45","41782135"
"chr12","79236192","79236490","chr6","35994347","35994647","40","43241845"
"chr12","79239152","79239441","chr1","65662451","65662746","50","13576701"
"chr12","79262044","79262355","chr2","55010925","55011223","49","24251119"
"chr12","79340663","79340947","chr3","77923861","77924142","46","1416802"
"chr12","79359653","79359840","chr19","12765192","12765362","32","66594461"
"chr12","79395471","79395756","chr2","184572052","184572344","49","105176581"
"chr12","79403492","79403788","chr20","32556971","32557267","42","46846521"
"chr12","79405016","79405254","chr14","85570934","85571168","40","6165918"
"chr12","79432758","79432858","chr3","160368626","160368728","11","80935868"
"chr12","79433329","79433632","chr5","2577333","2577630","45","76855996"
"chr12","79459576","79459879","chr2","99649631","99649925","40","20190055"
"chr12","79464765","79465018","chr18","50874536","50874793","52","28590229"
"chr12","79505929","79506093","chr6","166559338","166559503","24","87053409"
"chr12","79512566","79512866","chr10","78749019","78749318","38","763547"
"chr12","79574522","79574796","chr11","117268750","117269019","47","37694228"
"chr12","79592455","79592763","chr17","11233722","11234024","35","68358733"
"chr12","79603633","79603928","chr2","95278102","95278398","40","15674469"
"chr12","79626674","79626976","chr6","164755914","164756217","47","85129240"
"chr12","79633510","79633794","chr10","50949405","50949695","44","28684105"
"chr12","79655045","79655357","chr5","32469834","32470141","34","47185211"
"chr12","79657210","79657511","chr3","6672310","6672602","41","72984900"
"chr12","79722542","79722841","chr2","102989050","102989349","47","23266508"
"chr12","79755097","79755390","chr13","32817425","32817728","34","46937672"
"chr12","79756341","79756495","chr6","52111046","52111199","28","27645295"
"chr12","79770711","79771019","chr3","171433882","171434189","45","91663171"
"chr12","79791449","79791747","chr8","13291395","13291693","51","66500054"
"chr12","79891105","79891410","chr1","203640822","203641120","50","123749717"
"chr12","79940105","79940383","chr11","123468792","123469074","39","43528687"
"chr12","79948911","79949176","chr2","100062378","100062646","33","20113467"
"chr12","79958930","79959241","chr11","52181879","52182191","40","27777051"
"chr12","79987662","79987946","chr16","49606486","49606780","51","30381176"
"chr12","80043631","80043790","chr5","159253702","159253862","24","79210071"
"chr12","80058406","80058685","chr12","98300764","98301051","32","18242358"
"chr12","80078440","80078748","chr10","20549883","20550183","50","59528557"
"chr12","80128180","80128479","chrX","90854802","90855099","39","10726622"
"chr12","80146577","80146878","chr8","118421988","118422286","34","38275411"
"chr12","80148947","80149242","chrX","20846410","20846706","36","59302537"
"chr12","80177512","80177801","chr2","96826999","96827292","34","16649487"
"chr12","80241642","80241946","chr15","41336666","41336971","44","38904976"
"chr12","80287589","80287872","chr19","7821204","7821487","38","72466385"
"chr12","80307124","80307418","chr14","115350652","115350951","57","35043528"
"chr12","80327820","80328127","chr8","120051374","120051685","44","39723554"
"chr12","80338590","80338886","chr20","50597547","50597833","45","29741043"
"chr12","80347961","80348264","chr1","11912016","11912323","34","68435945"
"chr12","80353840","80354119","chr1","185939826","185940116","48","105585986"
"chr12","80378945","80379243","chr10","36806418","36806718","37","43572527"
"chr12","80392984","80393265","chr6","152714147","152714429","37","72321163"
"chr12","80402970","80403249","chr6","143287549","143287823","44","62884579"
"chr12","80439405","80439700","chr11","13702068","13702363","40","66737337"
"chr12","80469565","80469866","chr9","102554847","102555148","35","22085282"
"chr12","80471479","80471786","chr9","85577472","85577781","46","5105993"
"chr12","80580496","80580791","chr1","45040167","45040462","37","35540329"
"chr12","80583692","80583982","chr2","77643301","77643593","59","2940391"
"chr12","80605358","80605662","chr7","37449373","37449676","46","43155985"
"chr12","80644317","80644543","chr7","93871767","93872001","40","13227450"
"chr12","80665879","80666169","chr11","59744208","59744500","33","20921671"
"chr12","80749205","80749500","chr1","127833040","127833336","44","47083835"
"chr12","80865524","80865822","chr11","59744208","59744500","33","21121316"
"chr12","81059529","81059820","chr3","154866725","154867019","45","73807196"
"chr12","81063080","81063368","chrX","95854941","95855233","37","14791861"
"chr12","81085792","81086098","chr2","24049704","24050010","41","57036088"
"chr12","81091797","81092099","chr7","108666092","108666400","43","27574295"
"chr12","81257378","81257672","chr9","15247736","15248032","30","66009642"
"chr12","81277022","81277318","chr1","158815913","158816209","45","77538891"
"chr12","81315725","81315992","chr7","132975622","132975901","48","51659897"
"chr12","81324655","81324934","chr14","58571371","58571643","56","22753284"
"chr12","81330529","81330809","chr8","135570795","135571074","58","54240266"
"chr12","81373049","81373335","chr3","40442931","40443220","46","40930118"
"chr12","81403715","81404022","chr9","86464805","86465115","44","5061090"
"chr12","81427703","81428001","chr3","33506835","33507132","36","47920868"
"chr12","81428004","81428294","chr3","103398952","103399243","48","21970948"
"chr12","81468583","81468872","chr9","7025626","7025918","36","74442957"
"chr12","81476326","81476426","chr3","160368626","160368728","16","78892300"
"chr12","81520892","81521155","chr15","102602762","102603024","48","21081870"
"chr12","81523273","81523579","chr13","58317736","58318040","48","23205537"
"chr12","81527962","81528262","chr15","36760666","36760962","43","44767296"
"chr12","81653559","81653690","chr7","521552","521685","18","81132007"
"chr12","81665151","81665431","chr1","1510148","1510425","43","80155003"
"chr12","81753123","81753420","chr4","154100211","154100509","35","72347088"
"chr12","82012058","82012360","chr2","144423348","144423659","47","62411290"
"chr12","82254688","82254987","chr7","160252905","160253204","48","77998217"
"chr12","82261527","82261839","chr17","8929510","8929818","46","73332017"
"chr12","82271978","82272239","chr4","79455473","79455733","38","2816505"
"chr12","82335844","82336141","chr1","53988770","53989067","43","28347074"
"chr12","82352544","82352817","chrX","97704052","97704327","49","15351508"
"chr12","82448306","82448604","chr7","129658520","129658818","33","47210214"
"chr12","82545258","82545546","chr12","98300764","98301051","39","15755506"
"chr12","82584236","82584375","chr20","2251964","2252111","24","80332272"
"chr12","82589031","82589252","chr7","114849581","114849820","50","32260550"
"chr12","82613108","82613414","chr1","20012770","20013073","39","62600338"
"chr12","82626585","82626891","chr1","20012770","20013073","32","62613815"
"chr12","82636292","82636593","chr4","32872553","32872861","52","49763739"
"chr12","82637108","82637402","chr12","58244299","58244591","32","24392809"
"chr12","82652958","82653252","chr8","70029044","70029338","38","12623914"
"chr12","82689734","82689995","chr2","87275343","87275609","51","4585609"
"chr12","82773640","82773772","chr1","211563043","211563175","24","128789403"
"chr12","82788283","82788582","chr19","15605786","15606081","39","67182497"
"chr12","82799344","82799639","chr7","159163821","159164116","38","76364477"
"chr12","82865996","82866211","chr2","89593102","89593311","33","6727106"
"chr12","82988010","82988309","chr4","130615568","130615870","43","47627558"
"chr12","82999359","82999532","chr7","132043011","132043183","30","49043652"
"chr12","83024484","83024795","chr7","49324027","49324336","49","33700457"
"chr12","83330902","83331194","chrX","118400711","118401003","35","35069809"
"chr12","83357468","83357771","chr4","20045092","20045381","51","63312376"
"chr12","83391735","83392023","chr1","94365322","94365615","46","10973587"
"chr12","83412155","83412384","chr16","26332076","26332302","34","57080079"
"chr12","83432854","83433086","chr5","117645521","117645753","34","34212667"
"chr12","83468618","83468920","chr7","90971726","90972022","32","7503108"
"chr12","83535649","83535913","chr14","18584888","18585161","41","64950761"
"chr12","83588324","83588620","chr9","88322644","88322952","58","4734320"
"chr12","83612981","83613283","chr13","91781599","91781897","42","8168618"
"chr12","83616715","83616994","chr7","132975622","132975901","40","49358907"
"chr12","83627802","83628100","chr1","219225924","219226223","35","135598122"
"chr12","83712910","83713207","chr12","58998827","58999127","42","24714083"
"chr12","83810086","83810398","chr11","30626689","30626995","47","53183397"
"chr12","83819803","83819936","chr8","30033336","30033468","18","53786467"
"chr12","83835862","83836167","chr5","154328647","154328948","42","70492785"
"chr12","83857130","83857439","chr6","157477970","157478279","41","73620840"
"chr12","83863181","83863480","chr14","21158129","21158427","30","62705052"
"chr12","83873379","83873651","chr1","12529331","12529609","49","71344048"
"chr12","83878254","83878553","chr10","59879761","59880065","39","23998493"
"chr12","83913004","83913310","chr7","15880327","15880625","39","68032677"
"chr12","83915736","83916025","chr3","169260164","169260459","33","85344428"
"chr12","83916466","83916788","chr4","18420935","18421274","69","65495531"
"chr12","84031164","84031440","chr8","88869400","88869673","37","4838236"
"chr12","84077963","84078239","chr12","20586755","20587031","42","63491208"
"chr12","84084362","84084662","chr19","3064712","3065012","28","81019650"
"chr12","84101177","84101361","chr7","146821074","146821283","52","62719897"
"chr12","84191974","84192267","chr8","121505496","121505808","53","37313522"
"chr12","84267128","84267427","chr3","160772561","160772858","38","76505433"
"chr12","84285334","84285620","chr10","9550719","9551007","41","74734615"
"chr12","84296638","84296944","chr15","98914064","98914371","27","14617426"
"chr12","84299418","84299708","chr6","161763310","161763606","36","77463892"
"chr12","84327321","84327602","chr14","76323634","76323924","42","8003687"
"chr12","84336889","84337184","chrX","45487697","45487995","32","38849192"
"chr12","84348700","84348833","chr1","4534165","4534297","29","79814535"
"chr12","84349394","84349549","chr4","103459648","103459795","18","19110254"
"chr12","84382397","84382651","chr14","10861302","10861554","40","73521095"
"chr12","84395235","84395538","chr10","78749019","78749318","35","5646216"
"chr12","84395631","84395919","chr14","9330813","9331108","39","75064818"
"chr12","84402536","84402838","chr8","29386987","29387291","41","55015549"
"chr12","84424835","84425054","chr11","115662684","115662906","35","31237849"
"chr12","84429974","84430276","chr13","32817425","32817728","40","51612549"
"chr12","84472908","84473202","chr3","160772561","160772858","38","76299653"
"chr12","84490364","84490648","chr4","131374689","131374976","38","46884325"
"chr12","84504971","84505263","chr1","191232237","191232533","37","106727266"
"chr12","84507693","84507936","chr1","22531512","22531753","49","61976181"
"chr12","84511092","84511372","chr7","72707693","72707981","41","11803399"
"chr12","84541070","84541367","chr1","124250793","124251086","31","39709723"
"chr12","84546002","84546308","chr12","62568826","62569127","54","21977176"
"chr12","84558130","84558424","chr11","108474262","108474559","41","23916132"
"chr12","84607438","84607741","chrX","105763749","105764060","48","21156311"
"chr12","84615484","84615799","chr9","89305373","89305688","50","4689889"
"chr12","84673934","84674239","chr6","30988089","30988401","37","53685845"
"chr12","84692052","84692347","chr3","94282137","94282428","41","9590085"
"chr12","84694929","84695229","chr9","89384540","89384840","55","4689611"
"chr12","84707175","84707415","chr8","20402225","20402453","45","64304950"
"chr12","84738036","84738326","chr9","89424434","89424731","37","4686398"
"chr12","84766964","84767249","chr2","108215567","108215854","38","23448603"
"chr12","84809013","84809305","chr9","56856523","56856815","54","27952490"
"chr12","84818247","84818544","chr1","19736141","19736436","47","65082106"
"chr12","84895016","84895312","chr16","16996819","16997118","44","67898197"
"chr12","84916418","84916685","chr7","91426149","91426415","64","6509731"
"chr12","84928846","84929143","chr1","101422628","101422924","53","16493782"
"chr12","85031797","85032091","chr1","2258413","2258701","47","82773384"
"chr12","85072973","85073223","chr13","124467472","124467721","47","39394499"
"chr12","85082308","85082626","chr8","26740153","26740449","63","58342155"
"chr12","85168768","85169078","chr3","43548183","43548496","46","41620585"
"chr12","85223961","85224266","chr1","124050585","124050888","34","38826624"
"chr12","85264915","85265223","chr3","12603123","12603437","40","72661792"
"chr12","85352647","85352935","chr17","17863931","17864216","41","67488716"
"chr12","85419899","85420190","chr10","66575506","66575803","39","18844393"
"chr12","85499309","85499597","chr5","33978495","33978788","46","51520814"
"chr12","85593269","85593499","chr1","6507781","6508006","40","79085488"
"chr12","85657140","85657426","chr1","87486899","87487184","37","1829759"
"chr12","85674228","85674512","chr15","95926887","95927178","43","10252659"
"chr12","85706447","85706698","chr5","133797177","133797424","32","48090730"
"chr12","85739443","85739740","chr1","204652952","204653262","58","118913509"
"chr12","85794796","85795095","chr19","3064712","3065012","34","82730084"
"chr12","85874232","85874520","chr4","148522156","148522437","49","62647924"
"chr12","85893486","85893777","chr1","87486899","87487184","48","1593413"
"chr12","86040275","86040396","chr1","141345002","141345130","21","55304727"
"chr12","86431030","86431332","chr16","47080136","47080437","37","39350894"
"chr12","86449264","86449530","chr12","93108642","93108929","63","6659378"
"chr12","86450253","86450557","chr11","94663191","94663491","42","8212938"
"chr12","86456715","86457003","chrX","20846410","20846706","48","65610305"
"chr12","86468103","86468326","chr11","117497350","117497587","62","31029247"
"chr12","86582457","86582741","chr5","34504261","34504542","56","52078196"
"chr12","86731982","86732279","chr4","66020231","66020526","46","20711751"
"chr12","86765747","86766050","chr14","50705265","50705573","54","36060482"
"chr12","86767486","86767760","chr9","91250132","91250408","47","4482646"
"chr12","86771571","86771852","chr1","12716391","12716670","33","74055180"
"chr12","86904154","86904450","chr12","35031886","35032181","30","51872268"
"chr12","86949826","86950118","chrX","134515872","134516158","28","47566046"
"chr12","86951943","86952241","chr10","78749019","78749318","33","8202924"
"chr12","86955181","86955484","chr13","98232420","98232723","40","11277239"
"chr12","86959756","86960050","chr1","127833040","127833336","38","40873284"
"chr12","87008813","87009103","chr11","59744208","59744500","32","27264605"
"chr12","87062393","87062684","chr7","151979566","151979860","46","64917173"
"chr12","87063879","87064188","chr13","87769038","87769348","46","705159"
"chr12","87124048","87124338","chr12","98300764","98301051","33","11176716"
"chr12","87127123","87127409","chr15","102861493","102861784","41","15734370"
"chr12","87142047","87142340","chr3","44207119","44207413","47","42934928"
"chr12","87154310","87154566","chr15","100092641","100092912","52","12938331"
"chr12","87161421","87161713","chr10","87129663","87129949","41","31758"
"chr12","87176087","87176398","chr19","28776684","28776996","40","58399403"
"chr12","87182996","87183304","chr6","120492723","120493023","50","33309727"
"chr12","87191435","87191735","chr4","79217053","79217354","31","7974382"
"chr12","87196361","87196632","chrX","19320681","19320956","37","67875680"
"chr12","87196939","87197203","chr3","66231822","66232082","40","20965117"
"chr12","87202690","87202972","chr15","95537102","95537383","37","8334412"
"chr12","87219798","87220087","chr9","91699077","91699376","48","4479279"
"chr12","87254711","87255018","chr1","12498948","12499258","37","74755763"
"chr12","87267652","87267937","chr11","131492005","131492296","41","44224353"
"chr12","87281575","87281877","chr1","42476755","42477044","49","44804820"
"chr12","87311748","87312039","chr1","66312858","66313145","48","20998890"
"chr12","87312889","87313180","chr6","56451711","56452003","33","30861178"
"chr12","87333583","87333726","chr14","119062806","119062947","21","31729223"
"chr12","87333953","87334099","chr13","37809450","37809605","27","49524503"
"chr12","87345821","87346114","chr1","219677924","219678213","49","132332103"
"chr12","87357928","87358218","chr19","31973204","31973494","47","55384724"
"chr12","87359686","87359987","chr17","19374053","19374353","35","67985633"
"chr12","87402163","87402461","chr4","21706246","21706550","31","65695917"
"chr12","87421117","87421414","chr1","35610412","35610711","42","51810705"
"chr12","87463112","87463409","chr13","116281267","116281561","39","28818155"
"chr12","87481245","87481532","chr7","54935133","54935426","41","32546112"
"chr12","87488993","87489293","chr7","30530730","30531038","53","56958263"
"chr12","87490221","87490515","chr3","45626371","45626668","38","41863850"
"chr12","87498104","87498283","chr5","79866359","79866543","41","7631745"
"chr12","87542637","87542941","chr4","32648321","32648629","37","54894316"
"chr12","87587135","87587432","chr20","10958775","10959070","35","76628360"
"chr12","87624864","87625158","chr11","64119495","64119786","49","23505369"
"chr12","87627251","87627548","chr2","178187197","178187490","42","90559946"
"chr12","87658419","87658714","chr9","7025626","7025918","41","80632793"
"chr12","87680939","87681215","chr16","6848176","6848462","40","80832763"
"chr12","87690365","87690670","chr13","62991818","62992120","43","24698547"
"chr12","87692985","87693294","chr18","71745606","71745910","42","15947379"
"chr12","87697259","87697564","chrX","38891205","38891511","37","48806054"
"chr12","87703867","87704000","chr18","43383540","43383676","14","44320327"
"chr12","87756980","87757272","chr10","12554162","12554449","40","75202818"
"chr12","87764718","87765015","chr5","154328647","154328948","44","66563929"
"chr12","87784949","87785247","chr1","66971675","66971974","36","20813274"
"chr12","87795349","87795630","chr11","119989780","119990062","52","32194431"
"chr12","87817215","87817506","chr15","74462624","74462912","45","13354591"
"chr12","87820638","87820921","chr8","19894086","19894361","48","67926552"
"chr12","87837327","87837630","chr9","52526814","52527115","35","35310513"
"chr12","87866509","87866814","chr8","102246628","102246931","42","14380119"
"chr12","87876031","87876309","chr18","8977532","8977813","37","78898499"
"chr12","87927998","87928299","chr15","36493056","36493358","34","51434942"
"chr12","87973570","87973882","chr15","41336666","41336971","50","46636904"
"chr12","87988682","87988963","chr20","42229503","42229785","35","45759179"
"chr12","87990742","87991045","chr4","103942747","103943051","40","15952005"
"chr12","88089198","88089493","chr12","69597135","69597433","38","18492063"
"chr12","88113632","88113939","chrX","44962032","44962338","36","43151600"
"chr12","88137759","88138043","chr12","81748604","81748887","40","6389155"
"chr12","88177348","88177647","chr12","68470545","68470847","34","19706803"
"chr12","88239685","88239978","chr5","140981015","140981312","48","52741330"
"chr12","88311955","88312318","chr10","33390953","33391286","85","54921002"
"chr12","88314040","88314383","chr12","33052947","33053285","68","55261093"
"chr12","88335203","88335506","chr10","53774976","53775279","38","34560227"
"chr12","88374065","88374366","chr6","150519750","150520044","73","62145685"
"chr12","88389843","88390128","chr4","105579082","105579368","35","17189239"
"chr12","88404906","88405207","chr9","56023804","56024099","52","32381102"
"chr12","88507599","88507892","chr1","219225924","219226223","47","130718325"
"chr12","88509742","88509997","chr12","45247219","45247487","51","43262523"
"chr12","88563573","88563866","chr1","211735408","211735702","33","123171835"
"chr12","88571545","88571834","chr7","72707693","72707981","39","15863852"
"chr12","88613108","88613406","chr1","18852431","18852735","48","69760677"
"chr12","88647736","88648040","chr2","50634219","50634525","42","38013517"
"chr12","88649713","88650018","chr3","17627009","17627312","55","71022704"
"chr12","88651523","88651802","chr1","208230438","208230739","51","119578915"
"chr12","88662319","88662609","chr5","58082891","58083179","44","30579428"
"chr12","88670962","88671248","chr2","66130433","66130716","37","22540529"
"chr12","88689473","88689784","chr19","28776684","28776996","34","59912789"
"chr12","88719971","88720264","chr2","184572052","184572344","36","95852081"
"chr12","88721038","88721334","chr11","59744208","59744500","34","28976830"
"chr12","88730153","88730457","chr15","84328957","84329261","40","4401196"
"chr12","88749593","88749737","chr4","103459648","103459795","15","14710055"
"chr12","88823867","88824183","chr2","137039235","137039549","53","48215368"
"chr12","88844639","88844919","chr1","47939210","47939486","44","40905429"
"chr12","88849491","88849781","chr16","50298577","50298876","38","38550914"
"chr12","88906604","88906895","chr20","11238562","11238852","45","77668042"
"chr12","88916295","88916601","chr2","101729881","101730183","57","12813586"
"chr12","88949752","88950042","chr1","42476755","42477044","39","46472997"
"chr12","88993310","88993603","chr4","103422957","103423247","35","14429647"
"chr12","89022576","89022870","chr1","40659470","40659761","37","48363106"
"chr12","89102215","89102512","chr3","160772561","160772858","40","71670346"
"chr12","89110215","89110487","chr15","94642685","94642959","59","5532470"
"chr12","89115810","89116085","chr11","74988885","74989165","49","14126925"
"chr12","89150571","89150852","chr1","57860396","57860687","45","31290175"
"chr12","89175021","89175300","chr6","14908506","14908785","32","74266515"
"chr12","89217813","89218104","chr1","128477471","128477761","40","39259658"
"chr12","89223531","89223815","chr20","66813101","66813395","48","22410430"
"chr12","89232492","89232783","chr3","45626371","45626668","44","43606121"
"chr12","89243296","89243589","chr2","96826999","96827292","37","7583703"
"chr12","89262767","89262878","chr1","198779256","198779373","28","109516489"
"chr12","89263026","89263181","chr15","7442388","7442563","39","81820638"
"chr12","89297622","89297931","chr3","12603123","12603437","40","76694499"
"chr12","89382635","89382930","chr7","90971726","90972022","39","1589091"
"chr12","89457742","89458039","chr15","7561500","7561795","32","81896242"
"chr12","89484621","89484907","chr7","111141615","111141909","46","21656994"
"chr12","89487767","89488032","chr9","29856126","29856394","62","59631641"
"chr12","89495598","89495743","chr20","10775435","10775571","48","78720163"
"chr12","89502025","89502281","chr10","52840410","52840667","36","36661615"
"chr12","89502306","89502610","chr9","93956780","93957080","44","4454474"
"chr12","89503865","89504173","chr1","124050585","124050888","46","34546720"
"chr12","89514601","89514889","chr1","57946363","57946656","38","31568238"
"chr12","89542412","89542702","chr7","73250785","73251065","54","16291627"
"chr12","89564515","89564819","chr1","152625689","152625995","48","63061174"
"chr12","89575643","89575887","chr2","125505641","125505883","35","35929998"
"chr12","89577810","89578121","chr7","108666092","108666400","38","19088282"
"chr12","89579147","89579429","chr3","39807773","39808071","48","49771374"
"chr12","89619900","89620199","chr1","94365322","94365615","38","4745422"
"chr12","89622090","89622392","chr3","160090697","160091000","42","70468607"
"chr12","89676682","89676971","chr2","85528226","85528500","47","4148456"
"chr12","89686469","89686766","chrX","43647638","43647934","40","46038831"
"chr12","89688340","89688631","chr4","13663992","13664285","40","76024348"
"chr12","89696981","89697265","chr1","121582432","121582715","39","31885451"
"chr12","89752543","89752808","chr4","79455473","79455733","36","10297070"
"chr12","89799472","89799770","chr6","31393353","31393656","46","58406119"
"chr12","89810708","89810987","chr1","12529331","12529609","51","77281377"
"chr12","89826166","89826451","chr7","12877917","12878207","48","76948249"
"chr12","89838878","89839172","chr11","59744208","59744500","29","30094670"
"chr12","89850691","89850978","chr1","30836490","30836784","40","59014201"
"chr12","89870535","89870838","chr6","139676559","139676861","59","49806024"
"chr12","89906436","89906734","chr16","21928511","21928799","53","67977925"
"chr12","89929799","89930108","chr8","51299120","51299424","36","38630679"
"chr12","89943143","89943445","chr11","94663191","94663491","44","4720048"
"chr12","89956001","89956296","chr11","132200050","132200346","42","42244049"
"chr12","89958505","89958798","chr15","70059797","70060100","46","19898708"
"chr12","90054476","90054780","chr1","44950004","44950301","42","45104472"
"chr12","90062815","90063092","chr6","14908506","14908785","48","75154309"
"chr12","90071530","90071813","chr19","32590740","32591017","48","57480790"
"chr12","90084419","90084711","chr9","84466373","84466663","41","5618046"
"chr12","90109069","90109377","chr7","18741876","18742175","45","71367193"
"chr12","90145818","90146126","chr7","37449373","37449676","37","52696445"
"chr12","90157370","90157675","chrX","43883084","43883389","34","46274286"
"chr12","90167658","90167805","chr7","31081463","31081612","20","59086195"
"chr12","90168440","90168529","chr6","174338072","174338169","17","84169632"
"chr12","90176268","90176397","chr6","113054997","113055139","23","22878729"
"chr12","90176892","90177020","chr2","3265689","3265825","23","86911203"
"chr12","90208260","90208576","chr14","103841443","103841749","47","13633183"
"chr12","90239870","90240159","chr10","67769351","67769643","41","22470519"
"chr12","90245085","90245388","chr5","89929633","89929935","38","315452"
"chr12","90261425","90261723","chr1","11940593","11940894","34","78320832"
"chr12","90336021","90336321","chr5","159154245","159154541","38","68818224"
"chr12","90344640","90344935","chr4","32871781","32872078","36","57472859"
"chr12","90358494","90358780","chr9","94771247","94771536","43","4412753"
"chr12","90398623","90398673","chr4","3829536","3829587","6","86569087"
"chr12","90398952","90399204","chr7","157403646","157403895","39","67004694"
"chr12","90399841","90400123","chr11","114923633","114923926","47","24523792"
"chr12","90408462","90408750","chrX","118400711","118401003","46","27992249"
"chr12","90421366","90421613","chr14","115562411","115562676","51","25141045"
"chr12","90462897","90462973","chr1","123108875","123108951","13","32645978"
"chr12","90490532","90490649","chr20","51495213","51495332","17","38995319"
"chr12","90532685","90532975","chr12","33900333","33900627","40","56632352"
"chr12","90547149","90547452","chr1","91521758","91522057","40","974609"
"chr12","90569806","90570112","chr16","57320246","57320555","40","33249560"
"chr12","90575734","90576031","chr15","21416937","21417235","46","69158797"
"chr12","90580686","90580986","chr2","181253650","181253955","41","90672964"
"chr12","90586266","90586572","chr2","165727429","165727730","45","75141163"
"chr12","90598787","90599078","chr1","208495775","208496077","44","117896988"
"chr12","90605961","90606226","chr20","26324160","26324436","52","64281801"
"chr12","90658176","90658322","chr4","103459648","103459795","17","12801472"
"chr12","90661899","90662197","chr2","184580196","184580486","45","93918297"
"chr12","90699382","90699675","chr3","176812287","176812578","44","86112905"
"chr12","90708216","90708521","chr9","107216416","107216722","37","16508200"
"chr12","90712871","90713179","chr1","128155382","128155688","38","37442511"
"chr12","90717621","90717914","chr19","10577672","10577974","36","80139949"
"chr12","90739866","90740156","chr19","24730884","24731177","52","66008982"
"chr12","90741514","90741766","chr20","21214525","21214775","48","69526989"
"chr12","90745860","90746130","chr13","117437401","117437688","53","26691541"
"chr12","90756671","90756990","chr5","161692362","161692665","89","70935691"
"chr12","90761423","90761740","chr2","41438773","41439082","49","49322650"
"chr12","90773736","90773904","chr11","50101895","50102056","30","40671841"
"chr12","90774091","90774392","chr4","7285473","7285775","46","83488618"
"chr12","90776985","90777277","chr1","94365322","94365615","40","3588337"
"chr12","90781562","90781859","chr14","111877236","111877529","47","21095674"
"chr12","90804562","90804851","chr16","42084268","42084564","41","48720294"
"chr12","90826413","90826721","chr6","159369739","159370028","61","68543326"
"chr12","90849175","90849483","chr20","57880354","57880665","40","32968821"
"chr12","90853805","90854094","chr4","13002327","13002618","47","77851478"
"chr12","90887462","90887771","chr13","32817425","32817728","33","58070037"
"chr12","90905881","90906167","chr16","45339014","45339298","41","45566867"
"chr12","90931396","90931680","chr7","72707693","72707981","38","18223703"
"chr12","90954616","90954943","chr6","138646599","138646914","55","47691983"
"chr12","90959859","90960158","chr2","96239962","96240258","46","5280103"
"chr12","90970216","90970508","chr1","208230438","208230739","51","117260222"
"chr12","90975098","90975400","chr16","21958952","21959252","36","69016146"
"chr12","91000302","91000602","chr2","96239962","96240258","42","5239660"
"chr12","91216017","91216321","chr16","59456451","59456754","42","31759566"
"chr12","91278699","91279010","chr1","20012770","20013073","50","71265929"
"chr12","91405141","91405458","chr5","119119566","119119878","42","27714425"
"chr12","91460462","91460758","chr18","40962798","40963098","37","50497664"
"chr12","91534421","91534719","chr7","18741876","18742175","36","72792545"
"chr12","91665993","91666303","chr18","26757177","26757480","39","64908816"
"chr12","91871429","91871735","chr10","46007696","46008002","40","45863733"
"chr12","92024410","92024717","chr4","101498241","101498544","38","9473831"
"chr12","92099108","92099406","chr16","15898944","15899248","43","76200164"
"chr12","92105574","92105869","chr11","13702068","13702363","37","78403506"
"chr12","92178436","92178652","chr9","96499246","96499452","43","4320810"
"chr12","92230978","92231278","chr12","86662303","86662604","42","5568675"
"chr12","92342472","92342771","chrX","12231162","12231460","39","80111310"
"chr12","92468642","92468891","chr4","81148169","81148419","51","11320473"
"chr12","92532354","92532658","chr17","20945248","20945548","46","71587106"
"chr12","92606316","92606618","chr11","50028965","50029264","40","42577351"
"chr12","92614811","92615085","chr19","32515288","32515561","40","60099523"
"chr12","92678646","92678950","chr14","3288973","3289265","51","89389673"
"chr12","92784664","92784973","chr20","65957382","65957690","54","26827282"
"chr12","92806242","92806522","chr16","39900088","39900373","44","52906154"
"chr12","92838650","92838926","chr1","26274097","26274373","55","66564553"
"chr12","93176883","93177193","chr10","78317071","78317379","49","14859812"
"chr12","93217454","93217715","chr8","117889361","117889625","49","24671907"
"chr12","93237457","93237752","chr5","132631825","132632108","48","39394368"
"chr12","93304374","93304635","chr18","37688996","37689249","40","55615378"
"chr12","93347336","93347637","chr20","26725185","26725483","43","66622151"
"chr12","93365334","93365638","chr9","55528849","55529154","42","37836485"
"chr12","93428351","93428627","chr3","41262066","41262353","47","52166285"
"chr12","93558381","93558688","chr13","32817425","32817728","37","60740956"
"chr12","93659127","93659426","chr9","14690494","14690788","36","78968633"
"chr12","93690566","93690857","chr12","93339213","93339508","41","351353"
"chr12","93703743","93703839","chr7","49192183","49192280","12","44511560"
"chr12","93749730","93750018","chr7","139008481","139008786","70","45258751"
"chr12","93831962","93832267","chr1","35583154","35583459","45","58248808"
"chr12","93867162","93867466","chr13","32817425","32817728","35","61049737"
"chr12","93916349","93916658","chr15","53990850","53991154","46","39925499"
"chr12","94067110","94067345","chr3","50901308","50901545","29","43165802"
"chr12","94149975","94150284","chr10","46007696","46008002","40","48142279"
"chr12","94194567","94194872","chr3","34969388","34969689","35","59225179"
"chr12","94228241","94228527","chr11","31023704","31023997","42","63204537"
"chr12","94234499","94234777","chr2","165757823","165758089","51","71523324"
"chr12","94249060","94249428","chr10","32524016","32524367","89","61725044"
"chr12","94251239","94251540","chr3","130290294","130290595","50","36039055"
"chr12","94439004","94439298","chr14","61978573","61978866","51","32460431"
"chr12","94465622","94465920","chr5","58050703","58050997","41","36414919"
"chr12","94473041","94473355","chr20","9920744","9921054","42","84552297"
"chr12","94490225","94490524","chrX","43647638","43647934","37","50842587"
"chr12","94496795","94497091","chr7","116541236","116541527","48","22044441"
"chr12","94497192","94497485","chr3","133866579","133866872","39","39369387"
"chr12","94527657","94527941","chr12","89828990","89829278","36","4698667"
"chr12","94571546","94571846","chr19","3064712","3065012","37","91506834"
"chr12","94633438","94633744","chr7","42515253","42515558","42","52118185"
"chr12","94777875","94778168","chr1","94365322","94365615","47","412553"
"chr12","94820152","94820453","chr4","74474905","74475205","42","20345247"
"chr12","95117727","95118017","chr1","64473474","64473765","45","30644253"
"chr12","95178742","95178954","chr3","175805682","175805890","30","80626940"
"chr12","95234382","95234669","chr9","13475852","13476154","46","81758530"
"chr12","95286276","95286574","chrX","45487697","45487995","44","49798579"
"chr12","95335325","95335627","chr13","32817425","32817728","30","62517900"
"chr12","95336688","95336731","chr7","54378077","54378114","14","40958611"
"chr12","95431965","95432261","chr12","99594984","99595284","40","4163019"
"chr12","95592335","95592640","chr2","46682521","46682821","36","48909814"
"chr12","95611406","95611709","chr1","11912016","11912323","34","83699390"
"chr12","95613228","95613293","chr20","39572490","39572543","16","56040738"
"chr12","95824800","95825085","chr1","30623551","30623836","49","65201249"
"chr12","95847038","95847336","chr3","38447004","38447303","39","57400034"
"chr12","95918145","95918449","chr6","124714488","124714790","31","28796343"
"chr12","96230161","96230447","chr18","2225742","2226032","49","94004419"
"chr12","96248301","96248594","chr11","106457327","106457619","40","10209026"
"chr12","96301937","96302236","chr18","12432850","12433158","36","83869087"
"chr12","96428038","96428329","chr4","42101884","42102172","47","54326154"
"chr12","96455704","96455987","chr1","158198823","158199105","47","61743119"
"chr12","96525876","96526184","chr8","56930396","56930703","44","39595480"
"chr12","96667003","96667303","chr15","41336666","41336971","36","55330337"
"chr12","96836305","96836598","chr7","72707693","72707981","31","24128612"
"chr12","97011791","97012091","chr5","46815378","46815679","37","50196413"
"chr12","97041313","97041609","chr1","67097369","67097671","44","29943944"
"chr12","97042732","97043026","chrX","139164606","139164886","51","42121874"
"chr12","97066152","97066459","chr13","32817425","32817728","38","64248727"
"chr12","97365098","97365391","chr9","21659055","21659345","46","75706043"
"chr12","97436885","97437202","chr2","47496688","47496998","58","49940197"
"chr12","97452437","97452707","chr1","136483256","136483535","53","39030819"
"chr12","97474588","97474895","chr12","62687165","62687465","56","34787423"
"chr12","97503556","97503854","chr4","152870034","152870333","48","55366478"
"chr12","97505980","97506277","chr2","83916097","83916394","40","13589883"
"chr12","97647154","97647453","chr18","48465782","48466081","37","49181372"
"chr12","97715738","97715814","chr10","80123708","80123791","18","17592030"
"chr12","97716712","97716980","chr9","101875274","101875543","40","4158562"
"chr12","97752501","97752806","chr4","72032766","72033075","35","25719735"
"chr12","97829105","97829392","chr12","67948525","67948805","46","29880580"
"chr12","97924372","97924654","chr1","10273687","10273957","70","87650685"
"chr12","97956338","97956455","chr18","33375109","33375226","17","64581229"
"chr12","97965355","97965573","chr7","55459572","55459787","40","42505783"
"chr12","97968208","97968506","chr18","72136405","72136701","40","25831803"
"chr12","97985058","97985359","chr19","3064712","3065012","37","94920346"
"chr12","98000647","98000946","chr14","30842186","30842487","41","67158461"
"chr12","98006990","98007258","chr14","102353882","102354158","57","4346892"
"chr12","98013833","98014119","chr3","66749540","66749837","49","31264293"
"chr12","98014121","98014293","chr18","23767025","23767200","23","74247096"
"chr12","98064493","98064805","chr12","58168063","58168369","48","39896430"
"chr12","98076043","98076356","chr9","56773709","56774021","40","41302334"
"chr12","98128306","98128611","chr9","6230283","6230592","55","91898023"
"chr12","98147904","98148209","chr6","124714488","124714790","34","26566584"
"chr12","98170615","98170910","chr6","126641819","126642115","35","28471204"
"chr12","98183176","98183311","chr1","113745865","113746002","16","15562689"
"chr12","98197145","98197436","chr14","112793064","112793355","45","14595919"
"chr12","98223110","98223449","chr7","47967457","47967768","73","50255653"
"chr12","98229485","98229793","chr1","128155382","128155688","35","29925897"
"chr12","98245361","98245666","chr6","148752882","148753187","44","50507521"
"chr12","98277126","98277416","chrX","90854802","90855099","56","7422324"
"chr12","98279766","98280073","chr13","32817425","32817728","35","65462341"
"chr12","98373480","98373771","chr12","23354859","23355155","45","75018621"
"chr12","98378202","98378508","chr6","124714488","124714790","36","26336286"
"chr12","98428101","98428406","chr9","102554847","102555148","40","4126746"
"chr12","98502252","98502536","chr1","129416815","129417073","63","30914563"
"chr12","98516597","98516845","chr7","106517904","106518135","58","8001307"
"chr12","98893861","98894156","chr19","24730884","24731177","38","74162977"
"chr12","99038930","99039211","chr10","10378732","10379028","35","88660198"
"chr12","99057459","99057743","chr9","16116377","16116674","45","82941082"
"chr12","99078433","99078712","chr2","39882097","39882374","44","59196336"
"chr12","99079873","99080185","chr8","98171511","98171810","72","908362"
"chr12","99126182","99126468","chr3","44293169","44293462","41","54833013"
"chr12","99241164","99241459","chr19","38513628","38513926","43","60727536"
"chr12","99317425","99317732","chr14","10791324","10791635","38","88526101"
"chr12","99331794","99332090","chr20","51745649","51745944","36","47586145"
"chr12","99795702","99795992","chr4","82945647","82945940","32","16850055"
"chr12","99826148","99826342","chrX","125209340","125209537","38","25383192"
"chr12","99826459","99826552","chr13","125454879","125454959","20","25628420"
"chr12","99855892","99856182","chr4","2534955","2535251","43","97320937"
"chr12","99943628","99943927","chr10","10378732","10379028","42","89564896"
"chr12","99991871","99992169","chrX","20846410","20846706","40","79145461"
"chr12","100003840","100004149","chr14","33150976","33151284","40","66852864"
"chr12","100040810","100041126","chr18","36700162","36700474","40","63340648"
"chr12","100056871","100057000","chr12","32861427","32861552","16","67195444"
"chr12","100090383","100090683","chr13","27754901","27755204","35","72335482"
"chr12","100109654","100109949","chr3","103398952","103399243","30","3289298"
"chr12","100189642","100189932","chr1","196693141","196693428","38","96503499"
"chr12","100243461","100243760","chr4","132287893","132288193","37","32044432"
"chr12","100248315","100248609","chr13","92773063","92773363","38","7475252"
"chr12","100365577","100365882","chr3","157645060","157645361","56","57279483"
"chr12","100439398","100439678","chr3","160170838","160171123","44","59731440"
"chr12","100493618","100493835","chr5","120353828","120354045","52","19860210"
"chr12","100558806","100559110","chr10","76503642","76503939","36","24055164"
"chr12","100566117","100566405","chr9","55644411","55644695","45","44921706"
"chr12","100567882","100568161","chrX","65477408","65477681","44","35090474"
"chr12","100579155","100579456","chr20","3766139","3766437","38","96813016"
"chr12","100600410","100600736","chr12","54851552","54851865","56","45748858"
"chr12","100607123","100607424","chr16","43602713","43603014","34","57004410"
"chr12","100634402","100634742","chr1","68946509","68946841","68","31687893"
"chr12","100711555","100711856","chr10","67405046","67405353","31","33306509"
"chr12","100716592","100716875","chr5","35243306","35243594","56","65473286"
"chr12","100717117","100717423","chr9","61900736","61901039","37","38816381"
"chr12","100749179","100749477","chr1","127833040","127833336","32","27083861"
"chr12","100800876","100801180","chr11","30707956","30708261","43","70092920"
"chr12","100874019","100874317","chr3","45626371","45626668","35","55247648"
"chr12","100888375","100888668","JH682036","358126","358421","34","100530249"
"chr12","101010022","101010316","chr1","185903042","185903338","37","84893020"
"chr12","101051101","101051401","chr6","132771815","132772114","39","31720714"
"chr12","101127419","101127692","chr16","39713988","39714268","41","61413431"
"chr12","101129980","101130274","chr6","142572268","142572563","34","41442288"
"chr12","101131817","101132127","chr17","22470060","22470369","46","78661757"
"chr12","101163344","101163663","chr16","22018339","22018653","66","79145005"
"chr12","101205600","101205907","chr1","124250793","124251086","47","23045193"
"chr12","101345108","101345314","chr1","107971189","107971395","36","6626081"
"chr12","101436818","101437123","chr4","2968205","2968507","37","98468613"
"chr12","101445304","101445614","chr10","59288374","59288678","61","42156930"
"chr12","101450366","101450670","chr3","34969388","34969689","38","66480978"
"chr12","101458705","101458976","chr13","24987399","24987671","40","76471306"
"chr12","101496554","101496852","chr1","134086312","134086610","40","32589758"
"chr12","101528128","101528436","chr1","41758868","41759176","41","59769260"
"chr12","101556763","101557045","chr3","46603061","46603354","50","54953702"
"chr12","101607373","101607673","chr15","97201890","97202186","37","4405483"
"chr12","101635121","101635414","chr3","63343532","63343825","43","38291589"
"chr12","101677794","101678095","chr10","61375285","61375586","49","40302509"
"chr12","101701937","101702071","chr4","18435769","18435906","21","83266168"
"chr12","101703014","101703146","chr1","197772553","197772689","20","96069539"
"chr12","101737236","101737523","chr4","131374689","131374976","33","29637453"
"chr12","101816916","101817222","chr11","59744208","59744500","38","42072708"
"chr12","101823926","101824240","chr7","125954466","125954770","45","24130540"
"chr12","101845321","101845621","chr16","20356273","20356575","32","81489048"
"chr12","101853342","101853639","chr9","22636719","22637014","40","79216623"
"chr12","101920057","101920326","chr13","24987399","24987671","39","76932658"
"chr12","101925777","101925917","chr2","177049440","177049581","18","75123663"
"chr12","101937825","101938120","chr2","100994081","100994370","59","943744"
"chr12","102023768","102024061","chr11","114923633","114923926","38","12899865"
"chr12","102121875","102122155","chr5","101303488","101303777","41","818387"
"chr12","102147995","102148251","chr4","79455473","79455733","35","22692522"
"chr12","102154971","102155225","chr16","58972818","58973067","45","43182153"
"chr12","102189363","102189656","chr10","13285322","13285614","37","88904041"
"chr12","102259970","102260265","chr14","90336936","90337245","44","11923034"
"chr12","102264871","102265182","chr4","56503347","56503657","43","45761524"
"chr12","102311993","102312294","chr1","48372735","48373035","40","53939258"
"chr12","102319275","102319546","chr13","29697436","29697704","46","72621839"
"chr12","102398041","102398342","chr2","95068228","95068528","39","7329813"
"chr12","102419734","102419971","chr5","106625263","106625493","39","4205529"
"chr12","102438049","102438313","chr7","46748896","46749151","47","55689153"
"chr12","102467396","102467689","chr3","35657443","35657739","35","66809953"
"chr12","102508741","102509046","chr7","49324027","49324336","47","53184714"
"chr12","102524295","102524587","chr6","132771815","132772114","40","30247520"
"chr12","102584521","102584814","chr15","9873078","9873375","41","92711443"
"chr12","102595411","102595709","chr13","68950480","68950773","57","33644931"
"chr12","102623425","102623713","chrX","134515872","134516158","39","31892447"
"chr12","102636090","102636383","chr15","1988979","1989274","36","100647111"
"chr12","102831020","102831304","chr8","25582102","25582396","40","77248918"
"chr12","102953494","102953793","chrX","112226407","112226706","35","9272913"
"chr12","102990418","102990723","chr1","124998618","124998915","38","22008200"
"chr12","103027759","103028046","chr14","119229630","119229918","50","16201871"
"chr12","103109310","103109604","chr11","59744208","59744500","31","43365102"
"chr12","103134230","103134488","chr8","39070610","39070870","53","64063620"
"chr12","103324103","103324409","chr15","78895730","78896039","47","24428373"
"chr12","103364161","103364443","chr9","92292916","92293201","49","11071245"
"chr12","103434730","103435033","chr1","170967942","170968244","50","67533212"
"chr12","103465443","103465745","chr3","176830718","176831018","41","73365275"
"chr12","103619976","103620280","chr10","74691999","74692306","40","28927977"
"chr12","103627002","103627312","chr13","69700961","69701271","36","33926041"
"chr12","103780807","103781102","chr7","90971726","90972022","41","12809081"
"chr12","103853593","103853903","chr3","69228301","69228608","39","34625292"
"chr12","103980726","103981009","chr4","31083851","31084133","41","72896875"
"chr12","104038325","104038625","chr2","46682521","46682821","35","57355804"
"chr12","104072920","104073207","chr12","69972996","69973280","40","34099924"
"chr12","104153996","104154311","chr4","56503347","56503657","61","47650649"
"chr12","104269819","104270127","chr6","170366660","170366966","42","66096841"
"chr12","104377897","104378145","chr1","18086007","18086262","34","86291890"
"chr12","104390221","104390522","chr3","69228301","69228608","40","35161920"
"chr12","104454079","104454380","chr13","32817425","32817728","32","71636654"
"chr12","104536295","104536592","chr20","69241813","69242108","38","35294482"
"chr12","104606409","104606714","chr1","28012705","28013004","52","76593704"
"chr12","104613044","104613344","chr18","12965449","12965751","44","91647595"
"chr12","104674831","104675090","chr4","8562955","8563214","46","96111876"
"chr12","104735079","104735294","chr16","13329120","13329357","58","91405959"
"chr12","104776706","104777006","chr8","2817861","2818159","36","101958845"
"chr12","104781246","104781531","chr16","30898418","30898691","61","73882828"
"chr12","104908272","104908577","chr9","54404234","54404532","51","50504038"
"chr12","104920627","104920926","chr10","72394915","72395215","46","32525712"
"chr12","105191286","105191599","chr15","38122470","38122781","44","67068816"
"chr12","105193327","105193634","chr4","56503347","56503657","44","48689980"
"chr12","105220940","105221189","chr10","56671204","56671448","41","48549736"
"chr12","105224925","105225206","chr6","132771815","132772114","42","27546890"
"chr12","105320698","105320971","chr2","135177745","135178021","37","29857047"
"chr12","105330765","105331041","chr1","12716391","12716670","38","92614374"
"chr12","105367814","105368107","chr12","35031886","35032181","34","70335928"
"chr12","105379875","105380158","chr3","48298408","48298697","40","57081467"
"chr12","105398320","105398619","chr8","25582102","25582396","34","79816218"
"chr12","105427198","105427494","chr13","90267516","90267818","49","15159682"
"chr12","105446412","105446721","chr15","21520161","21520467","40","83926251"
"chr12","105510892","105511192","chr13","32817425","32817728","36","72693467"
"chr12","105535289","105535600","chr17","11566262","11566554","55","93969027"
"chr12","105581529","105581809","chr13","42970808","42971080","47","62610721"
"chr12","105596378","105596652","chr16","73882488","73882764","53","31713890"
"chr12","105751490","105751787","chr7","18741876","18742175","42","87009614"
"chr12","105755893","105756190","chr9","109603306","109603593","45","3847413"
"chr12","105781930","105782219","chr9","7025626","7025918","33","98756304"
"chr12","105940459","105940611","chr4","103459648","103459795","27","2480811"
"chr12","105981012","105981311","chr12","51845288","51845587","41","54135724"
"chr12","106142965","106143196","chr4","129841922","129842154","38","23698957"
"chr12","106200546","106200847","chr13","32817425","32817728","32","73383121"
"chr12","106258855","106259153","chr3","45626371","45626668","32","60632484"
"chr12","106500691","106500995","chr3","130290294","130290595","45","23789603"
"chr12","106561905","106562199","chr1","65662451","65662746","49","40899454"
"chr12","106562380","106562681","chr12","35031886","35032181","41","71530494"
"chr12","106579602","106579895","chr6","142572268","142572563","36","35992666"
"chr12","106583541","106583833","chr13","36274137","36274433","36","70309404"
"chr12","106584335","106584618","chr3","599816","600100","45","105984519"
"chr12","106604147","106604451","chr15","53990850","53991154","41","52613297"
"chr12","106611182","106611468","chr14","67997600","67997886","44","38613582"
"chr12","106716757","106717056","chr6","124714488","124714790","39","17997731"
"chr12","106776078","106776385","chr4","32401427","32401735","35","74374651"
"chr12","106779782","106780075","chr12","20286794","20287088","43","86492988"
"chr12","106794452","106794729","chr16","55230657","55230945","38","51563795"
"chr12","106797506","106797803","chr1","19736141","19736436","34","87061365"
"chr12","106833270","106833564","chr3","84549220","84549514","41","22284050"
"chr12","106863550","106863861","chr9","110664227","110664535","52","3800677"
"chr12","106865325","106865627","chr2","38884008","38884302","51","67981317"
"chr12","106865671","106865966","chr3","38447004","38447303","40","68418667"
"chr12","106872430","106872728","chr6","73786751","73787050","51","33085679"
"chr12","106881192","106881502","chr2","178345121","178345425","57","71463929"
"chr12","106881818","106882101","chr2","149520746","149521031","50","42638928"
"chr12","106890746","106891039","chr2","84844754","84845049","40","22045992"
"chr12","106892941","106893144","chr7","155860210","155860412","23","48967269"
"chr12","106898972","106899262","chr2","99649631","99649925","43","7249341"
"chr12","106899528","106899850","chr9","29247552","29247871","53","77651976"
"chr12","106930321","106930621","chr14","48165232","48165534","42","58765089"
"chr12","106949130","106949431","chr2","106418670","106418975","39","530460"
"chr12","106954083","106954323","chr11","71045850","71046097","39","35908233"
"chr12","106975514","106975824","chr6","124714488","124714790","44","17738974"
"chr12","106979899","106980197","chr13","42186498","42186798","32","64793401"
"chr12","106991534","106991826","chr3","3812815","3813101","44","103178719"
"chr12","106995665","106995959","chr18","48465782","48466081","44","58529883"
"chr12","107002123","107002190","chr1","204140407","204140472","12","97138284"
"chr12","107123474","107123775","chr7","90971726","90972022","40","16151748"
"chr12","107125438","107125751","chr9","110934749","110935048","42","3809311"
"chr12","107190243","107190543","chr3","85814231","85814531","49","21376012"
"chr12","107253009","107253280","chr16","2090775","2091048","38","105162234"
"chr12","107304983","107305200","chrX","62997434","62997645","44","44307549"
"chr12","107306079","107306388","chr6","113414976","113415281","37","6108897"
"chr12","107354797","107355092","chr3","173964513","173964818","51","66609716"
"chr12","107372672","107372978","chr1","37487553","37487854","37","69885119"
"chr12","107375045","107375319","chr11","123468792","123469074","40","16093747"
"chr12","107383623","107383923","chr5","45376537","45376837","38","62007086"
"chr12","107386188","107386474","chr16","66455506","66455794","39","40930682"
"chr12","107419110","107419239","chr9","60035157","60035286","32","47383953"
"chr12","107438574","107438869","chr11","13702068","13702363","35","93736506"
"chr12","107456163","107456460","chr20","16954117","16954413","39","90502046"
"chr12","107498570","107498820","chr15","8408386","8408643","41","99090184"
"chr12","107513142","107513441","chrX","108424409","108424705","42","911267"
"chr12","107530115","107530443","chr20","9121389","9121691","67","98408726"
"chr12","107537014","107537308","chr3","103398952","103399243","37","4138062"
"chr12","107578518","107578791","chr14","108589973","108590234","51","1011455"
"chr12","107584865","107585176","chr3","12603123","12603437","43","94981742"
"chr12","107655316","107655614","chr11","10098018","10098319","34","97557298"
"chr12","107692447","107692703","chr11","85852439","85852695","57","21840008"
"chr12","107960328","107960602","chr7","5556727","5556999","46","102403601"
"chr12","107961873","107962212","chrX","122095835","122096148","59","14133962"
"chr12","107978231","107978537","chr19","3064712","3065012","40","104913519"
"chr12","108077137","108077451","chr4","35717411","35717718","57","72359726"
"chr12","108147337","108147620","chr19","12512458","12512739","38","95634879"
"chr12","108318734","108319025","chr7","106626100","106626390","47","1692634"
"chr12","108771056","108771330","chr14","118502908","118503184","48","9731852"
"chr12","108797702","108797975","chr5","73026476","73026743","46","35771226"
"chr12","108839159","108839340","chr19","12765192","12765362","31","96073967"
"chr12","108859831","108860141","chr6","157477970","157478279","36","48618139"
"chr12","108871856","108872139","chr6","144918364","144918646","42","36046508"
"chr12","108896563","108896869","chr4","3145119","3145426","31","105751444"
"chr12","108919804","108920074","chr15","2641152","2641417","45","106278652"
"chr12","108945289","108945590","chr19","34660730","34661028","38","74284559"
"chr12","108947854","108948090","chr16","30818805","30819038","35","78129049"
"chr12","108977904","108978233","chr9","111101900","111102231","52","2123996"
"chr12","109046598","109046859","chr18","50874536","50874793","46","58172062"
"chr12","109069696","109069999","chr19","3064712","3065012","34","106004984"
"chr12","109132296","109132620","chr7","153173061","153173389","46","44040765"
"chr12","109195696","109195993","chr11","59744208","59744500","37","49451488"
"chr12","109238438","109238752","chr11","13691517","13691834","40","95546921"
"chr12","109247562","109247852","chr11","59744208","59744500","33","49503354"
"chr12","109319409","109319706","chr2","186451766","186452061","35","77132357"
"chr12","109323754","109324058","chr10","33030101","33030407","39","76293653"
"chr12","109348968","109349284","chr16","5594340","5594654","35","103754628"
"chr12","109369531","109369831","chr15","48151534","48151833","51","61217997"
"chr12","109389699","109389986","chr2","87435713","87436003","39","21953986"
"chr12","109411213","109411492","chr7","133854960","133855239","29","24443747"
"chr12","109432237","109432529","chr7","15262230","15262519","48","94170007"
"chr12","109456303","109456610","chr1","13865146","13865450","41","95591157"
"chr12","109478385","109478603","chr2","141085405","141085626","29","31607020"
"chr12","109490391","109490694","chrX","68552000","68552299","38","40938391"
"chr12","109495400","109495678","chr2","28624536","28624818","42","80870864"
"chr12","109512647","109512841","chr3","111632596","111632778","50","2119949"
"chr12","109562843","109563142","chr16","21639667","21639964","44","87923176"
"chr12","109565421","109565710","chr2","173017663","173017955","35","63452242"
"chr12","109565719","109566015","chr1","43483243","43483537","33","66082476"
"chr12","109620457","109620766","chr2","144423348","144423659","45","34802891"
"chr12","109635124","109635423","chr6","132771815","132772114","40","23136691"
"chr12","109743546","109743713","chr10","26924778","26924938","43","82818768"
"chr12","109792959","109793258","chr2","184580196","184580486","47","74787237"
"chr12","109826100","109826410","chr16","21958952","21959252","45","87867148"
"chr12","109846866","109847164","chr6","133004541","133004839","46","23157675"
"chr12","109856533","109856826","chr1","208548955","208549250","45","98692422"
"chr12","109858995","109859299","chr7","16206849","16207148","42","93652146"
"chr12","109877248","109877525","chrX","61173730","61174015","52","48703518"
"chr12","109880124","109880425","chrX","20846410","20846706","49","89033714"
"chr12","109899960","109900093","chr20","26057234","26057363","37","83842726"
"chr12","109903060","109903367","chr7","73560013","73560323","50","36343047"
"chr12","109935604","109935881","chr2","100062378","100062646","48","9873226"
"chr12","109991743","109992040","chr4","33663349","33663650","46","76328394"
"chr12","110009491","110009778","chr13","3026078","3026372","37","106983413"
"chr12","110047050","110047325","chr15","41303117","41303404","48","68743933"
"chr12","110053186","110053488","chr7","119955025","119955322","35","9901839"
"chr12","110169203","110169503","chr1","191232237","191232533","35","81063034"
"chr12","110270433","110270729","chr10","53067595","53067886","42","57202838"
"chr12","110292883","110293192","chr6","132540643","132540948","47","22247760"
"chr12","110334353","110334646","chr8","25582102","25582396","36","84752251"
"chr12","110373916","110374211","chr13","70390537","70390830","37","39983379"
"chr12","110424417","110424716","chr6","125379784","125380087","37","14955367"
"chr12","110428066","110428370","chr5","34488672","34488979","35","75939394"
"chr12","110573806","110574105","chr13","47290566","47290857","46","63283240"
"chr12","110602541","110602847","chr1","194910525","194910833","44","84307984"
"chr12","110835678","110835987","chr5","132283553","132283864","42","21447875"
"chr12","110967542","110967837","chr4","13663992","13664285","34","97303550"
"chr12","111040705","111041010","chr1","1866324","1866628","42","109174381"
"chr12","111104529","111104827","chr11","59744208","59744500","33","51360321"
"chr12","111132528","111132825","chr7","76889431","76889730","37","34243097"
"chr12","111148761","111148985","chr7","121329046","121329267","32","10180285"
"chr12","111206056","111206362","chr3","34969388","34969689","34","76236668"
"chr12","111552470","111552757","chr10","62315260","62315548","33","49237210"
"chr12","111565808","111566084","chr2","135177745","135178021","35","23611937"
"chr12","111578101","111578409","chr1","117918653","117918960","46","6340552"
"chr12","111605459","111605728","chr2","40995159","40995429","43","70610300"
"chr12","111742833","111743137","chr1","11912016","11912323","38","99830817"
"chr12","111765244","111765549","chr18","12432850","12433158","35","99332394"
"chr12","111791926","111792200","chr7","40897493","40897773","54","70894433"
"chr12","111803865","111804151","chr2","96826999","96827292","40","14976866"
"chr12","111820780","111821077","chr2","102989050","102989349","37","8831730"
"chr12","111854979","111855266","chr10","49321662","49321941","61","62533317"
"chr12","112069831","112070123","chr3","152822996","152823281","43","40753165"
"chr12","112101208","112101522","chr10","46007696","46008002","40","66093512"
"chr12","112242304","112242468","chr3","34771304","34771466","30","77471000"
"chr12","112270214","112270519","chr1","7993999","7994304","35","104276215"
"chr12","112341543","112341845","chr8","100679378","100679681","43","11662165"
"chr12","112374331","112374621","chr15","9895680","9895973","47","102478651"
"chr12","112428211","112428507","chr3","45182618","45182913","36","67245593"
"chr12","112444879","112445187","chr11","7017396","7017703","47","105427483"
"chr12","112453556","112453847","chr12","70142058","70142350","44","42311498"
"chr12","112455613","112455903","chr1","208315987","208316282","41","95860374"
"chr12","112462643","112462938","chr14","7830508","7830805","36","104632135"
"chr12","112465046","112465342","chrX","90854802","90855099","43","21610244"
"chr12","112705917","112706146","chr19","6355602","6355822","41","106350315"
"chr12","112758352","112758642","chrX","49942612","49942916","49","62815740"
"chr12","112760809","112761105","chr10","78749019","78749318","29","34011790"
"chr12","112761736","112762022","chr7","72809354","72809654","58","39952382"
"chr12","112763759","112764068","chr6","128302615","128302924","38","15538856"
"chr12","112793936","112794252","chr10","32212628","32212940","60","80581308"
"chr12","112800175","112800484","chrX","37755570","37755879","41","75044605"
"chr12","112808956","112809248","chr16","18796729","18797022","38","94012227"
"chr12","112811402","112811701","chr2","179104882","179105181","47","66293480"
"chr12","112843614","112843898","chr16","23060176","23060469","46","89783438"
"chr12","112877975","112878278","chr4","33612960","33613262","57","79265015"
"chr12","112954664","112954964","chr16","56574071","56574373","38","56380593"
"chr12","113185961","113186114","chr16","53139091","53139242","20","60046870"
"chr12","113201799","113202093","chr1","45623411","45623699","42","67578388"
"chr12","113300637","113300921","chr2","104954396","104954687","54","8346241"
"chr12","113316538","113316817","chr4","31083851","31084133","44","82232687"
"chr12","113329745","113330045","chr10","10378732","10379028","39","102951013"
"chr12","113342941","113343170","chr7","121329046","121329267","28","7986105"
"chr12","113384933","113385235","chr3","34969388","34969689","38","78415545"
"chr12","113596132","113596394","chr2","100521440","100521703","50","13074692"
"chr12","113612107","113612414","chr3","34969388","34969689","44","78642719"
"chr12","113625128","113625430","chrX","122676915","122677209","43","9051787"
"chr12","113647561","113647861","chr19","12557275","12557573","41","101090286"
"chr12","113746438","113746729","chr17","4956245","4956539","53","108790193"
"chr12","113782769","113783056","chr10","32443556","32443841","44","81339213"
"chr12","113787452","113787742","chr14","15577285","15577579","32","98210167"
"chr12","113821432","113821727","chr9","7025626","7025918","33","106795806"
"chr12","113831795","113832087","chr9","117428420","117428709","36","3596625"
"chr12","113833162","113833252","JH681803","4468","4554","14","113828694"
"chr12","113834392","113834692","chr1","129877213","129877510","49","16042821"
"chr12","113862677","113862989","chr13","32817425","32817728","37","81045252"
"chr12","113863604","113863863","chr3","43546186","43546444","43","70317418"
"chr12","113880945","113881241","chr2","81270293","81270586","44","32610652"
"chr12","114074886","114075166","chrX","20391811","20392099","42","93683075"
"chr12","114142371","114142664","chr13","113747235","113747530","38","395136"
"chr12","114195174","114195475","chr9","113200398","113200692","41","994776"
"chr12","114200681","114200970","chr16","68364432","68364716","66","45836249"
"chr12","114251357","114251642","chr1","201871139","201871415","48","87619782"
"chr12","114320621","114320918","chr8","91540919","91541218","36","22779702"
"chr12","114453379","114453681","chrX","50656086","50656389","40","63797293"
"chr12","114528233","114528543","chr3","61280488","61280798","35","53247745"
"chr12","114584744","114585036","chr13","107030178","107030478","43","7554566"
"chr12","114669488","114669752","chr9","24560211","24560475","47","90109277"
"chr12","114702893","114703203","chrX","45626684","45626995","36","69076209"
"chr12","114884056","114884323","chr2","48921809","48922082","51","65962247"
"chr12","114899627","114899930","chr1","1866324","1866628","35","113033303"
"chr12","114912375","114912643","chr3","48152313","48152575","38","66760062"
"chr12","114963337","114963642","chr20","22067435","22067735","47","92895902"
"chr12","115003603","115003900","chr3","110049029","110049327","35","4954574"
"chr12","115012560","115012852","chr17","30611756","30612052","42","84400804"
"chr12","115022001","115022299","chr1","213070791","213071090","39","98048790"
"chr12","115093990","115094314","chr1","191145154","191145477","45","76051164"
"chr12","115267774","115268074","chr19","3064712","3065012","32","112203062"
"chr12","115359244","115359554","chr9","13003638","13003940","44","102355606"
"chr12","115628328","115628595","chr16","67962059","67962333","37","47666269"
"chr12","115759467","115759772","chr1","7993999","7994304","35","107765468"
"chr12","115847814","115848104","chr6","52480201","52480494","36","63367613"
"chr12","116033160","116033449","chr1","27049382","27049672","42","88983778"
"chr12","116116929","116117227","chr7","16206849","16207148","48","99910080"
"chr12","116117958","116118244","chr17","54505426","54505715","38","61612532"
"chr12","116136350","116136652","chr3","83665612","83665903","47","32470738"
"chr12","116166472","116166769","chr14","17023407","17023705","44","99143065"
"chr12","116173901","116174208","chr1","12498948","12499258","48","103674953"
"chr12","116317162","116317363","chr1","34728911","34729094","36","81588251"
"chr12","116375125","116375351","chr5","137480638","137480863","31","21105513"
"chr12","116445054","116445349","chr11","59744208","59744500","24","56700846"
"chr12","116619747","116620054","chr7","77029098","77029406","33","39590649"
"chr12","116642727","116643032","chr13","32817425","32817728","36","83825302"
"chr12","116649844","116649997","chr3","39713991","39714138","21","76935853"
"chr12","116650199","116650360","chr13","37809450","37809605","28","78840749"
"chr12","116829466","116829757","chr11","94964179","94964469","39","21865287"
"chr12","116997815","116998116","chr10","31612546","31612847","54","85385269"
"chr12","117090632","117090913","chr1","57946363","57946656","43","59144269"
"chr12","117115457","117115751","chr11","59744208","59744500","29","57371249"
"chr12","117149123","117149404","chr16","66408804","66409087","45","50740319"
"chr12","117256946","117257234","chr4","17766022","17766309","38","99490924"
"chr12","117495652","117495960","chr3","175463997","175464306","48","57968345"
"chr12","117502382","117502643","chr11","46291436","46291687","49","71210946"
"chr12","118133090","118133381","chr8","127022151","127022443","42","8889061"
"chr12","118160485","118160779","chr1","94365322","94365615","35","23795163"
"chr12","118211559","118211853","chr15","53990850","53991154","44","64220709"
"chr12","118221871","118222168","chr3","34969388","34969689","36","83252483"
"chr12","118360555","118360853","chr7","64440424","64440722","42","53920131"
"chr12","118434079","118434353","chr9","8992648","8992924","40","109441431"
"chr12","118489173","118489458","chr13","26338117","26338407","50","92151056"
"chr12","118590812","118591103","chr10","4308994","4309288","40","114281818"
"chr12","118727987","118728279","chr3","125065364","125065656","45","6337377"
"chr12","118764463","118764762","chr10","4009823","4010126","38","114754640"
"chr12","118896251","118896547","chr3","66701770","66702068","42","52194481"
"chr12","119052119","119052409","chr10","62229956","62230249","44","56822163"
"chr12","119155839","119156143","chr13","32817425","32817728","39","86338414"
"chr12","119202158","119202437","chr1","7289153","7289418","55","111913005"
"chr12","119274037","119274311","chrX","97704052","97704327","47","21569985"
"chr12","119455934","119456184","chr11","37905906","37906152","41","81550028"
"chr12","119650052","119650346","chr12","103340731","103341028","45","16309321"
"chr12","119767852","119768156","chr11","4016647","4016949","31","115751205"
"chr12","119847503","119847757","chr16","32710064","32710313","41","87137439"
"chr12","120059305","120059554","chr2","173196809","173197055","46","53137504"
"chr12","120151324","120151639","chrX","43179195","43179504","49","76972129"
"chr12","120414011","120414312","chr3","36848916","36849214","40","83565095"
"chr12","120480441","120480742","chr16","732453","732746","45","119747988"
"chr12","120758760","120758847","chr5","156707098","156707192","27","35948338"
"chr12","120758867","120758953","chr20","16973202","16973289","15","103785665"
"chr12","120798241","120798480","chr3","50901308","50901545","34","69896933"
"chr12","121102517","121102676","chr3","84702351","84702506","33","36400166"
"chr12","121224115","121224414","chr6","31965254","31965552","38","89258861"
"chr12","121431568","121431868","chr6","124714488","124714790","48","3282920"
"chr12","121525147","121525304","chr1","34217897","34218062","37","87307250"
"chr12","121562200","121562494","chr16","732453","732746","36","120829747"
"chr13","58589176","58589449","chr3","94795716","94795998","50","36206540"
"chr13","74055536","74055839","chr14","10957645","10957943","48","63097891"
"chr13","23613","23908","chr1","27049382","27049672","43","27025769"
"chr13","46139","46399","chr2","63872110","63872370","40","63825971"
"chr13","210395","210699","chr8","80991694","80991999","53","80781299"
"chr13","239228","239513","chrX","62948145","62948432","47","62708917"
"chr13","241551","241860","chr1","11912016","11912323","39","11670465"
"chr13","295169","295467","chr3","160772561","160772858","35","160477392"
"chr13","396436","396747","chr6","157477970","157478279","43","157081534"
"chr13","471060","471357","chr12","99594984","99595284","36","99123924"
"chr13","482301","482586","chr15","74462624","74462912","46","73980323"
"chr13","752081","752272","chr13","19537533","19537721","29","18785452"
"chr13","753056","753134","chr8","24285697","24285774","9","23532641"
"chr13","770877","771174","chr3","45626371","45626668","32","44855494"
"chr13","1077675","1077975","chr20","41281745","41282048","48","40204070"
"chr13","1362238","1362549","chr3","7182760","7183070","43","5820522"
"chr13","1365261","1365545","chr10","37817455","37817721","51","36452194"
"chr13","1365567","1365844","chr10","90490043","90490326","68","89124476"
"chr13","1366163","1366451","chr2","88612634","88612907","48","87246471"
"chr13","1413065","1413363","chr15","90210594","90210890","42","88797529"
"chr13","1420312","1420587","chr15","21464395","21464674","38","20044083"
"chr13","1425772","1426069","chr1","18100109","18100412","42","16674337"
"chr13","1429968","1430218","chr15","8408386","8408643","38","6978418"
"chr13","1548449","1548742","chr11","59744208","59744500","31","58195759"
"chr13","1548743","1548906","chr1","141075553","141075714","28","139526810"
"chr13","1557464","1557754","chr19","7363271","7363562","46","5805807"
"chr13","1578314","1578602","chr7","132975622","132975901","44","131397308"
"chr13","1616746","1617055","chrX","21565382","21565683","41","19948636"
"chr13","1618296","1618601","chr2","136405601","136405896","60","134787305"
"chr13","1641789","1642077","chr7","147648063","147648359","54","146006274"
"chr13","1700020","1700316","chr9","40405877","40406146","65","38705857"
"chr13","1776091","1776377","chr1","2258413","2258701","44","482322"
"chr13","1787219","1787457","chr3","50901308","50901545","35","49114089"
"chr13","1823306","1823610","chr14","18926645","18926950","38","17103339"
"chr13","1860374","1860676","chr1","191232237","191232533","41","189371863"
"chr13","1882326","1882631","chr19","24212554","24212862","40","22330228"
"chr13","1933503","1933818","chr1","52291560","52291858","59","50358057"
"chr13","2019365","2019673","chr2","176865440","176865747","35","174846075"
"chr13","2045485","2045776","chr9","48158010","48158299","35","46112525"
"chr13","2050853","2051129","chr11","47502132","47502410","39","45451279"
"chr13","2074558","2074711","chr4","103459648","103459795","27","101385090"
"chr13","2081952","2082254","chr6","53239608","53239906","40","51157656"
"chr13","2093236","2093528","chr11","59744208","59744500","37","57650972"
