"chr1","23068573","23068852","chr20","33014435","33014698","74","9945862","GGCCGGGCGCAGTGGCTCAAGCCTGTAATCCCAGCACTTTGGGAGGCCGAGGCGGGTGGATCACGAGGTCAAGAGATCAAGACCATCCTGGTCAACATGGTGAAACCCGGTCTCTACTAAAAATACAAAAAATTAGCTGGGCATGGTGGCGCGTGCCTGTAATCCCAGCTACTCAGGAGGCTGAGGCAGGAGAATTGCCTGAACCCAGGAGGTGGAGGTTGCGGTGCCGAGATCGTGCCATTGCACTCCAGCCTGGGTAACAAGAGCGAAACTCCGTCTC","GGCCAAGCCCAGTGGCTCACAGCTGTAATCCCAGCACTTTCAGAGGCCAAGGTGGGCAGATCACGAGGTCAGGAGTTCAAGACCAACCTGGCCAACATAGTAAAAACCCGTCTCTACTAAAAAAAAAAAAAAAAAAAAAAAAAGCCAGGCATGGTGGCACGTGCCTGTAGTCCCAGCTACTTGGGAGGCTGAGGCAGGAGAATCACTTGAACCTGAGAGGCGGAGGTTGTGGAGAGTCAAGATCATGCCACTGCACTCCAGTCT"
"chr1","18087740","18088007","chr12","6861641","6861931","71","11226099","GGGAGGCCGAGGCGGGTGGATCACGAGGTCAAGATATCGAGACCATCCTGGTCAATGTGGTGAAACCCCATCTCTACTAAAGATAGAAAAAATTAGCTGGGCATGGTAGTGCGTGCCTGTAATCCCAGCTATTCAGGAGGCTGAGGGGGGAGAATTGCCTGAACCCAGGAGGTGGAGGTTGCGGTGAGCTGAGATCGCGCCATTGCACTCCAGCCTGGGTAACAAAAGCGAAACTCTGTCTCAAAAAAAGAGAGAGAGAAAAAAAAAA","CTTTGGGAGGCCGAGGCAGGTGGATCACCAGATCAGGAGTTCAAGACCAGCCTGGCCAACATAGTGAAACCCTGTCTCTACTAAAAATACAAAAAATTAGCTGAGCGTGGTGGCAGGCACCTGTAATCCCAGCTACTTGGGAGGCTGAGGCAGGAGAATTGCTTGAACCCGGGAGGTGGAGGTTGCAGTGAGCTGAGATCGCACCATAGCACTCCAGCCTGGGCGACAGTGTGAGACTCTGCCTCAAAACAACAACAACAACAAAAACAACAACAACAACGAAAAAAACAA"
"chr1","25689947","25690259","chr3","13063317","13063638","62","12626630","GGCTGAGCACAGTGACTCATGCCTGTAATCCCAGAACTTTGGGAGGCTGAGGCAGGTGGATCACATGGTCAGGAGTTCGAAACCAGTCTGACCAACATGGTGAAACTCCATCTCTACTAAAACTACAAAAGAAAATTAGCCAGGTGTGGTGGCATGTGCCTGTAATCCTAGCTACTCAGGAGGCTGAGACAGGAGAATCGCTTGAATCCAGGAGTCGGAGGTTACAGTGAGCAGAGACCACGCCACTGCACTCCAACCTGGGCAACAGAGCAAGACTCCATCTCAAAAAAAAAAAAAAGAGAGAGAGAGAGAA","GGCCGGGCACGATGGCTCACGCCTATAATCCCAGCACTTTGGGAGGCCAAGGTGGGCAGATCACGAGGTCAGGAGTTCGAGACCAGTCTGGCCAACATAGTGAAACCCTGTCTCTACTAAAAATACACAAAAAATTAGCCAGGTGTGGTGGCAGGTGCCTGTCATCCCAGCTACTCAGGTGGCTGAGGCAGGAGAATCGCGTGAACCCGGGAGGCGGAGGTTGCAGTGAGCCAAGATCGTGCCACTGCACTCCAGCCTGGGCAACAGAACGAGACTACATATCAAAAAAAAAAAAAAAAAAAAAAAAATCCCAAAAAACAAA"
"chr1","46923637","46923942","chr19","47193597","47193907","85","269960","GGCCAGACACAGTGGCTAATGCCTGTAATCCCAATACTTTGGGAGGCTAAGCTGGGTGGATTGCCTTAGCTCATGAGTTCAAGAGCAGCCTGAAAAACATAGTGAAACCCTGTTTCTACCAAAAATACAAAAAATAAAAATAAAAAATAGTCAGGTGTGTTAGCATGTGCCATAGTCCCAGCTACTTGAGAGGCTGAGGTAGGAGGATTGCTTAAGCCTAGGAGGAGGAGGTTGCAGAGAAAAGAGATTGGGCCACTCCACTCCACTCCAACCTGGGAGACAAAGTAAGACCCCATCTAAAAAAAA","GGCCAGGCACAGTGGCTCAAGCCTGGAATCCCAGCACTTTGGGAGGCCGAGCCAGGCAGATCATGTGAGATCAGGAGTTCGAGACCAGCCTGGCTAATACAGTGAAACCCTGTCTCCACTAAAAAAAAAAAAAAAAAAAAAAAAAAATTATCCTGGTGTGGGGGCACATGCCTGTAGTCCCAGCTACTCGGGAGGCCGAGGCAGGAGAATCACTTGAACCTGGGACGTGGAGGTTGCAATGAGCTGAGATTGCACCACTGCATTCCAGCCTAGACAACAGAGTGATACCCTATCTGAAAGAAAGAAAGAAA"
"chr1","151125942","151126216","chr9","46299315","46299628","77","104826627","GGCCAGGCACGGTGACTCACGCTTGTGATCCCAGCACTGAAGTGGGCGGATCATGAAGTTAGGAGTTTGAGACCAGCTTAGGCAACATGGTGAAACCCCATCTCTACTAAAATACAAAAAATTAGCCAGGTATGGTGGTGGGCGCCTGTAATCCCACCTACTTGGCAGGCTGAGGCAGGAGAATTACTTGAACCTGAGAGGTTGCGGTGAGCCCAGATTGCACCACTGTACTCCAGCCCAGGTAACAGTGTGAGACTGCGTTTAAAAAAAAAAAA","GGCCAGACACAGTGGCTCACGTCTGTAATCCCAGCACTTTGGGAGGCAGAGGCGGGTGGATCACAAGGTCAGGAGTTTGAGAGCAGCCTGGCCAACATAGTGAAACCCTGTCTCTACTAAAAATACAAAAAAATTAGCCAGGTGTGGTGGTGGGTGCCTGTAATCCCACCTACTCAGGAGGCTGAGGCTGAGGCTGAGGCTGAGGAGAATCGTTTGAATCTGGGAGGCAGAGGTGGCAGTGAGCCGAGATTGCGCTACTGCACTCCAGCCTGGGCGACAGTGTGAGACTCTGTCTCAAAAAAAAAAAAAAAAAA"
"chr1","155844496","155844789","chr9","46299315","46299628","74","109545181","GGCTGGGCACGGTGACTCATGTCTGTAATCCCAGCACTTTGGGAGGCTGAGGCGGGCAGATCATGAGGTCAAGAGCTCAAAGACCAGTCTGGCCAATATAGTGAAACCTCATCTCTACTAAAAATGCAAAAAATTAGCCAGGTATTGTGGTGTGCGCCTGTAATCCCAGCTACTTGGGAGGCTGAGGCAGGAGAATCACGTGAACCCAGAAGGCGGAGGTTGCAGTGACCTGAGATGGTGTCGTTGCACTCCAGCCCAGGCAACAGTGCAAGACTCCACCTAAAAAAAAAAAAA","GGCCAGACACAGTGGCTCACGTCTGTAATCCCAGCACTTTGGGAGGCAGAGGCGGGTGGATCACAAGGTCAGGAGTTTGAGAGCAGCCTGGCCAACATAGTGAAACCCTGTCTCTACTAAAAATACAAAAAAATTAGCCAGGTGTGGTGGTGGGTGCCTGTAATCCCACCTACTCAGGAGGCTGAGGCTGAGGCTGAGGCTGAGGAGAATCGTTTGAATCTGGGAGGCAGAGGTGGCAGTGAGCCGAGATTGCGCTACTGCACTCCAGCCTGGGCGACAGTGTGAGACTCTGTCTCAAAAAAAAAAAAAAAAAA"
"chr1","161349505","161349810","chr14","38774640","38774953","61","122574865","GGCCAGGTGTGGTGGCTCATACCTGTAATCCTAGCACTTTGGGAAGCCAAGGCAGGTGGATCACAAGGACAGGAGTTTAAGACCAGCCTGGCCAACATGATGAAACTCTGTCTCTTCTAAAGATACAAAAAATTACCCAGGCATGGTGGCATGCGCTTGTAATCCCAGCTACTCAGGAGGCTGAGGCAGGAGAATCACTTGAACCCGGGAGGTGGAGGTTGTGGTGAGCTGAGATTGTGCCACTGCACTCCAGCCTGGGCAACGAGGTGAGACTCCATTAGAAAAAAATAAAAATAGAAAAGAAAA","GGCCAGGTGTGGTGGCTCACACCTGTAATACTAGCACTTTGGGAGGCCAAGGCGGGTGGATCACGAGGTCAGGAGATCAAGACCAGCCTGGCCAACATGGTGAAACCCCATCTCTACTTAAAAAAAAAAAAAAAAAAAAAAAAATTAGCTGGGTATAGTGGCGTGCACCTGCAGTCTCAGCTACTCGGGAGGCTGAGGCAGGAGAATCACTTGAACCCGGGAGGTGGAGGTTGCAGTGAGCCAAGATCAGGCCACTGCACTCCAGCCTGGGTGACAGAGTGAGACCCTGTCTCAAAAAAAAAAAAAAAAAAAAA"
"chr1","181796781","181796947","chr19","402132","402296","83","181394649","GGCCGGGCACGGTGGCTCATGCCTATAATCCCAGCACTCACGAGGTGGGCGGATCACAAGGTCAGATGTTCAAGACCAGCCTGACCAACGTGCTGAAACCCTGACTCTACTCCAAATAAAAGGAATCAGCAGTGCGTGGTGGCTCATGCCTGTAATCCCAGCTACTC","TACGCGGGAGGATGAGGCGGGAGAATCGCTTGAACTCAGGAGGCAGAAGTTGCAGTGGGCCGAGATTGCACCACTGGACTCCAGCCTGGGTGACAGAGTGACTCTGTCTCAAAATAATAATAATAATAATAATAATAACAACAACACCAACAACAACAATAAAAA"
"chr1","10401","10703","chr14","38774640","38774953","70","38764239","GGCCAGGTGCAATGGCTCATGCCTGTAATCACAGCACTTTGGGAGGCCAAAGTGGATGATGGATCATTAGGTCAGGAGTTTAAGACCAATCTTGCCAACACAGTGAAATCCCATCTGTACAAAAAGTCCAAAAAATTAGCCAGGCCTGTGGAGCATTCCTGCAGTTCCAGCTATTTGGGAGGATGAGGCAGGAGAACCACTTGAACCTGGGAGGTGGAGGTTGCAGCTAGCCAAGATAGCACCACTGCAATCCAGCTTGGGCAACAGAGTGAGACTTTTTCTAAAAAAAAAAAAAATAAAAAA","GGCCAGGTGTGGTGGCTCACACCTGTAATACTAGCACTTTGGGAGGCCAAGGCGGGTGGATCACGAGGTCAGGAGATCAAGACCAGCCTGGCCAACATGGTGAAACCCCATCTCTACTTAAAAAAAAAAAAAAAAAAAAAAAAATTAGCTGGGTATAGTGGCGTGCACCTGCAGTCTCAGCTACTCGGGAGGCTGAGGCAGGAGAATCACTTGAACCCGGGAGGTGGAGGTTGCAGTGAGCCAAGATCAGGCCACTGCACTCCAGCCTGGGTGACAGAGTGAGACCCTGTCTCAAAAAAAAAAAAAAAAAAAAA"
"chr1","19613","19929","chr14","38774640","38774953","73","38755027","GCCAGGCATGGTGACTCATGCCTGGAATCCCAGCACTTTGGGTGGCCAAGGCAGGTGGATCAAGAGGTTGGGAATTCAAGACCAGCCTGGCCAACATGGTGAAACCCCCCTTCTCTACTAAAAGTAAAAAAAATTAACTGGGCATGGTAGTGTGCACCTGTAATCCCAGCTACTCGGGAAACTAAGACAGGAGAATTGCATGAACTGGGACCCTAGAGGCGCAGGTTGCAGTGAGCCAAGATCATGCCACTGCACTCCAGCCTGGGCTACAGAGCGAGACTCCATTTAAAAAAAAAAAAAAGGCAAAGAAAAGAAAA","GGCCAGGTGTGGTGGCTCACACCTGTAATACTAGCACTTTGGGAGGCCAAGGCGGGTGGATCACGAGGTCAGGAGATCAAGACCAGCCTGGCCAACATGGTGAAACCCCATCTCTACTTAAAAAAAAAAAAAAAAAAAAAAAAATTAGCTGGGTATAGTGGCGTGCACCTGCAGTCTCAGCTACTCGGGAGGCTGAGGCAGGAGAATCACTTGAACCCGGGAGGTGGAGGTTGCAGTGAGCCAAGATCAGGCCACTGCACTCCAGCCTGGGTGACAGAGTGAGACCCTGTCTCAAAAAAAAAAAAAAAAAAAAA"
"chr1","117644","117913","chr12","6861641","6861931","74","6743997","ATCCCAGCACTTTGGGAGGCCGAGGCGGGTGGATCACGAGGTCAACAAATCGAGACCATCCTGGTCAACGTGGTGAAACCCCATCTCTACTAAAAATACAAAAAATTAGCTGGGCATGGTGGCGCGTGCCTGTAATCCCAGCTACTCAGGAGGCTGAGGCAGGAGAATTGCTTGAACCCAGGAGGCGGAGGTTGCGGTGAGCCGAGATCGCGCCATTGCACTCCAGCCTGGGTAACATGAGCGAAACTCCGCCTCAAATAAAAAAATAAA","CTTTGGGAGGCCGAGGCAGGTGGATCACCAGATCAGGAGTTCAAGACCAGCCTGGCCAACATAGTGAAACCCTGTCTCTACTAAAAATACAAAAAATTAGCTGAGCGTGGTGGCAGGCACCTGTAATCCCAGCTACTTGGGAGGCTGAGGCAGGAGAATTGCTTGAACCCGGGAGGTGGAGGTTGCAGTGAGCTGAGATCGCACCATAGCACTCCAGCCTGGGCGACAGTGTGAGACTCTGCCTCAAAACAACAACAACAACAAAAACAACAACAACAACGAAAAAAACAA"
"chr1","156684","156989","chr3","13063317","13063638","59","12906633","GGCCAGGCACGGTGTCTCAAGCCTATAATCCCAGCACTTTGGGAGGCCAAAGTGGGTGGATCACAAGGTCAAGAGATCGAGACCATCCTGGTCAACATGGTGAAACCCTGTCTCTACTAAAAATACAAAAAATTAGCTGGGCATGGTGGCGTGTGCCTGTAATCCCAGCTACTCAGGAGGCTGAGGCAGGAGAATTGTCTGAACCCAGGAGGCGGAGGTTGTGGTGAGCCAAGATTGCACCATTGCACTCCAGCCTGGGCAGCAAGAGCAAAACGCTATCTCAAAAAAAAAAAAGAAAAAGAAAAA","GGCCGGGCACGATGGCTCACGCCTATAATCCCAGCACTTTGGGAGGCCAAGGTGGGCAGATCACGAGGTCAGGAGTTCGAGACCAGTCTGGCCAACATAGTGAAACCCTGTCTCTACTAAAAATACACAAAAAATTAGCCAGGTGTGGTGGCAGGTGCCTGTCATCCCAGCTACTCAGGTGGCTGAGGCAGGAGAATCGCGTGAACCCGGGAGGCGGAGGTTGCAGTGAGCCAAGATCGTGCCACTGCACTCCAGCCTGGGCAACAGAACGAGACTACATATCAAAAAAAAAAAAAAAAAAAAAAAAATCCCAAAAAACAAA"
"chr1","190869","191153","chr12","6861641","6861931","74","6670772","TGTAATCCCAGCACTTTGGGAGGCCAAGGCGGGTGGATCACAAGGTCAGAGATCGAGACCATCCTGGTCAACATGGTGAAATCCCGTCTCTACTAAAAAATACAAAAAATTAGCTGGGCACGGTGGCGCGTGCCTATAATCCCAGCTACTCAGGAGGCTGAGGCAGGAGAATTGCCTGAACCCAGGAGGCGGAGGTTGTGGTGAGCCGAGATCGCGCCATTGCACTCCAGCCTGGGTAACAAGAGCGAAACTCCGTCTCGAGAAAAAAAAAAAAAAAAAAAAGAA","CTTTGGGAGGCCGAGGCAGGTGGATCACCAGATCAGGAGTTCAAGACCAGCCTGGCCAACATAGTGAAACCCTGTCTCTACTAAAAATACAAAAAATTAGCTGAGCGTGGTGGCAGGCACCTGTAATCCCAGCTACTTGGGAGGCTGAGGCAGGAGAATTGCTTGAACCCGGGAGGTGGAGGTTGCAGTGAGCTGAGATCGCACCATAGCACTCCAGCCTGGGCGACAGTGTGAGACTCTGCCTCAAAACAACAACAACAACAAAAACAACAACAACAACGAAAAAAACAA"
"chr1","231682","231988","chr1","131937127","131937450","59","131705445","GGCCGGGCGCGGTGGCTCAAGCCTGTAATCCCAGCACTTTGGGAGGCCGAGGCGGGTGGATCACGAGGTCAACAGATCGAGACCATCCTGGTCAACATGGTGAAACCCCGTCTCTACTAAAAATTACAAAAAGTTAGCTGGGCACGGTGGCGCGTGCCTGTAATCCCAGCTACTCAGGAGGCTGAGGCAGGAGAATTGCCTGAACCCAGGGGGCGGAGGTTGCGGTGAGCCGAGATTGCGCCATTGCACTCCAGCCTGGGTAACAAGAGCGAAACTCCGTCTCAAAAAAAAAAAAAAAAAAAAAAAA","GCCAGGTGCGGTGCCTCATGCCTGTAATCCCAGCACTTTGGGATGCCGAGGCGGGTGGATCACAAGGTCAGGAGTTCAAGACCAGCCTGGCCAACATAGTGAAACCCCGTCTCTACTAAACATACAAAAAATTAGCCGGGCGTGGTGGCAGGTGCCTGTAATCCCAGCTATTCAGGGAGGCTGAGGCAGGAGAATTGCTTGAACCTGGGAGGCGGAGGTTGCAGTGAGCCAAGATCGCACCACTGCACTCCAGCCCAGGTGACAATGCGAGACTCCATCTCAAATAAATACATAAATAAATAAATAAATAAACAAACAAACAAA"
"chr1","257430","257746","chr9","46299315","46299628","60","46041885","GGCCAGGCACAGTGGCTCACGCCTGTAATCCCAGCACTTTGGGAGGCCAAGGCGGGTGGATCACTAGGTCAAGAGATCGAGACTATCCTTGTCAACATGGTGAAACCCCGTCTCTACTAAAAATACAAAAAATGAGCTGGGCATGGTGGCGCGTGCCTGTAATCCCAGCTACTCAGGAGGCTGAGGCAGGAGAATTGCCTGAACCCAGGAGGCGGAGGTTGTGGTGAGGTGGAGATTGCAGTGAGCTGAGATCGTGCCACTGCACTCCAGCCTAGGTAACAAGAGTGAAACTCTGTCTCAAAAAAAAAAAAAAGAAA","GGCCAGACACAGTGGCTCACGTCTGTAATCCCAGCACTTTGGGAGGCAGAGGCGGGTGGATCACAAGGTCAGGAGTTTGAGAGCAGCCTGGCCAACATAGTGAAACCCTGTCTCTACTAAAAATACAAAAAAATTAGCCAGGTGTGGTGGTGGGTGCCTGTAATCCCACCTACTCAGGAGGCTGAGGCTGAGGCTGAGGCTGAGGAGAATCGTTTGAATCTGGGAGGCAGAGGTGGCAGTGAGCCGAGATTGCGCTACTGCACTCCAGCCTGGGCGACAGTGTGAGACTCTGTCTCAAAAAAAAAAAAAAAAAA"
"chr1","275885","276181","chr22","7510099","7510400","62","7234214","GGCCGGGCGCGGTGGCTCACGCCTGTAATCCCAGCACTTTGGGAGGCTGAGGCGGGTGGATCACGAGGTCAACAGATTGAGACCATCCTGGTCAACATGGTGAAACCCCATCTCTACTAAAAATACAAAAAATTAGCTGGGCACGGTGGCGCGTGCCTGTAATCCCAGCTACTCAGGAGGCTGAGGCAGGAGAATTGCCTGAACCCAGGAGGCGGAGGTTGTGGCTAGCTGAGATCGTGCCATTGCACTCCAGCCTGGGTAACAAGAGCGAAACTCCGTCTCAAAAAAAAAGAAAAA","GGCGGGTCACGGTGGCTCACGCCTGTAATCCCAGCACTTTGGGAGAGCGAGGCAGGCAGATCACGAGGTCAACATAGTGAAACTCTGTCTCCTAAATATACAAAAATACAAAATATACTAAAAATACAAAAATTAGCTGGGCATGGCGATGCGTGCCTGTAGTCCCAGGTACGCGGGAGGCTGAGGCAAGAGAATCGCTTGAACCCAGGAGGCAGAAGTTGTGAGCTGAGCATCGCACCACTGCACTCCAGCCTGGGCAACAGAGCGAGACTCTGTCTCAAGAAAAACGAAAAGAAAAGAAA"
"chr1","294236","294518","chr10","59193901","59194213","72","58899665","GGCCGGGCGTGGTAGCTCAACACTTTGGGAGGCCGAGATGGCTGGATCACGAGGTCAAGAGATCGAGACCATCCTAGTCAACATGGTGAAACCCCGTCTCTACTAAAAATACAAAAAATTAGCTGGGCGTGGTGGCGCGTGCCTGTAATCCCAGCTACTTGGGAGGCTGAGGCAGGAGAATTGCCTGAACCCAGGAGGCGGAGGTTGCGGTGAGCCAAGATCGCGCCATTGCACTCCAGCCTGGGTAACAAGAGTGAAATTCCATCTCAAAAAAAAAAAAAAA","GGCCAGGCACGGTGGCTCACTTCTGTAATCCCAGCACTTTGGGAGGCCGAGGTGGCCGAATCACAAGGTCAGGAGTTCAAGACCAGCCTGACTGACATGGAGAAACCCCGTCTCTACTAAAAATAAAAATAAAAATAAAAATAAAAATAATTAGCCGGGTATGGTGGCACACACCTGTAGTCCCAGCTAGTTAGGAGGCTGAGGCAGGAGAATGGCGTGAACCCAGGAGGCGGAGCTTGCAGTCAGCCAAGATTGTGCCACTGCACTCCAGCCTGGGCAACAGAGTGATACTCCATCTCAAAAAAAAAAAAAA"
"chr1","301219","301542","chr18","15009231","15009552","61","14708012","GCCGGGCACCTTGGCTCAAGCCTGTACTCCCAGCACTTTGGGAGGCCGAGGCGGGTGGATCACGAGGTCAAGAGATCGAGACCATCCTGGCCAACAGATCGAGACTCTCCTGGTCAACATGGTGAAACCCCGTCTCTATTAAAAATACAAAAAATTAGCTGGGCATGGTGGCGCGTGCCTGTAATCCCAAGCTACTCAGGAGGCTGAGGCAGGAGAATTGCCTGAACCCAGGAGGCAGAGGTTGCAGTGAGTTGAGATCGCACCATTGCACTCCAGCCTGAGTAACAAGAGCGAAACTCCGTCTCAAAAAAAAAAAAAAAAAAA","GCCAGGCGTGGTGGCTCATGCCTGTAATCCCAGCACTTTGGGAGGCCGAGGCGGGCAGATCACGAGGTCAGGAGTTCGAGACCAGCCTGACCAATATGGTGAAACCCCATCTCCACTAAAAACACACACACACACACACACACACACACACAAAATTAGCTGGGCGTGGTGGCACGTGCCTGTAGTCCCAGCTACTCAGGAGGCTGAGGCAGGAGAATTGCTTGAACCCAGGAGGCAGAGGTTGCAATGAGCTGAGATTGCACCATTGCACTCCAGCCTGGGTGACAGAGCGAGACTCCATCTCAAAGAAAAAAAAAAAGAA"
"chr1","311296","311566","chr16_NW_019937290v1_random","735974","736277","79","424678","GCCTGTAATCCCAGCACTTTGAGAGGCGAGGCGGGTGAATCACGAGGTCAAGAGATGGAGACCATCCTGGTCAACATGGTGAAACTCTGTCTCTACTAAAAATACAAAAAATTAGCTGGGCATAGTGGCGCATGCCTGTAATCCCAGCTACTCAGGAGGCTGAGGCAGGAGAATTGCCTGAACCCAGGAGGTGGAGGTTGCAGTGAGCCAAGATCGCACCATTGCACTCCAGCGTGGGTAACAACAGCGAAATTCCATCTCAAAAAAAAAA","CTGGGTGTGGTGCCTCACACCTGTAATCCGAGCACTTTGAGAGGCTGAGGTGGGTGGATCACAAGGTCAGGAGTTCGAGACCAGCCTGACTAACATGGTGAAACCCCTTCTCTACTAAAAAAAAAAAAAAAAAAAAAAAAATTGGCCAGGCCTGGTGGTGTGTGCCTATAGCCCCAGCTACTCAGGGGGGTGAGGCAGGAGAATTGCCTGAACCTGGGAGGTGGAGGTTGCAGTGAGCTGAGGTCGTGCCACTGCACTCCAGCCTGGACGACAATGCGAGACTCCATCTCAAAAAAAAAAAAAA"
"chr1","319650","319956","chr14","38774640","38774953","61","38454990","GGCCGGGCGCGGTGGCTCAAGCCTGTAATCCCAGCACTTTGGGAGGCTGAGGCGGGTGGATCACGAGGTCAACAGATCGAGACCATCCTGGTCAACATGGTGAAACCCCGTCTCTACTAAAAATTACAAAAAATTAGCTGGGCACGGTGGTGCGTGCCTGTAATCCCAGCTACTCAGGAGGCTGAGGCAGGAGAATTGCCTGAACCCAGGGGGCGGAGGTTGCGGTGAGCCGAGATTGCGCCATTGCACTCCAGCCTGGGTAACAAGAGCGAAACTCCGTCTCAAAAAAAAAAACAAAGAAAACAAA","GGCCAGGTGTGGTGGCTCACACCTGTAATACTAGCACTTTGGGAGGCCAAGGCGGGTGGATCACGAGGTCAGGAGATCAAGACCAGCCTGGCCAACATGGTGAAACCCCATCTCTACTTAAAAAAAAAAAAAAAAAAAAAAAAATTAGCTGGGTATAGTGGCGTGCACCTGCAGTCTCAGCTACTCGGGAGGCTGAGGCAGGAGAATCACTTGAACCCGGGAGGTGGAGGTTGCAGTGAGCCAAGATCAGGCCACTGCACTCCAGCCTGGGTGACAGAGTGAGACCCTGTCTCAAAAAAAAAAAAAAAAAAAAA"
"chr1","362551","362838","chr9","46299315","46299628","68","45936764","GGTCAGGCACGGTGGCTTATGCCTGTAAGTCCAGCACTTTGGGAGGGCAAGGTGGGCAGATCATGAGGTCAGGAGATTGAGACCATCCTGGCCAACATGGTGAAAACCTGTCTCTACTAAAAATAAAATTAGTTGAGCATGGTGGTGTGTGCCTGTAGTCCTAGCTACTCAGGAGGCTGAGGCAGGAGCATTGCTTGAAACTGGGAGGCAGAGGTTGCAGTGAGCCAAGACTGCACCACTGCAGTCCAGCCTGGGTGACAGAGTGACACTGTCTCAGAAAAAAAAAAA","GGCCAGACACAGTGGCTCACGTCTGTAATCCCAGCACTTTGGGAGGCAGAGGCGGGTGGATCACAAGGTCAGGAGTTTGAGAGCAGCCTGGCCAACATAGTGAAACCCTGTCTCTACTAAAAATACAAAAAAATTAGCCAGGTGTGGTGGTGGGTGCCTGTAATCCCACCTACTCAGGAGGCTGAGGCTGAGGCTGAGGCTGAGGAGAATCGTTTGAATCTGGGAGGCAGAGGTGGCAGTGAGCCGAGATTGCGCTACTGCACTCCAGCCTGGGCGACAGTGTGAGACTCTGTCTCAAAAAAAAAAAAAAAAAA"
"chr1","376150","376405","chr12","6861641","6861931","70","6485491","GGCCGAGGCAAGTGGATCACAAGGTCAAGAGATCGAGAGCATCCTGGTCAACATGTTGAAACCCCGTCTCTACTAAAAATACAAAAAATTAGCTGGGCACGGTGGCGTGTGCCTGTAATCCCAGCTCCTCAGGAGGCTGAGGCAGGAGAATTGCCTGAACCCATGAGGCGGAGGTTGCGGTGAGCTGAGATCGCGCCATTGCACTCCAGCCTGGGTAACGAGTGAAACTCCGTCTCAAAAAAAAAAAAAAAAAAAA","CTTTGGGAGGCCGAGGCAGGTGGATCACCAGATCAGGAGTTCAAGACCAGCCTGGCCAACATAGTGAAACCCTGTCTCTACTAAAAATACAAAAAATTAGCTGAGCGTGGTGGCAGGCACCTGTAATCCCAGCTACTTGGGAGGCTGAGGCAGGAGAATTGCTTGAACCCGGGAGGTGGAGGTTGCAGTGAGCTGAGATCGCACCATAGCACTCCAGCCTGGGCGACAGTGTGAGACTCTGCCTCAAAACAACAACAACAACAAAAACAACAACAACAACGAAAAAAACAA"
"chr1","426495","426775","chr3","18778695","18779003","78","18352200","GGCCAGGTGCAATGACTTATGCCTGTAATACTTTGGGAGGCTGAGGCAGGTGGATCACAAGGTCAGGAGTTCAAGACTAGCCTAGCCAGCATGGTGAAACCCCGTCTCTACTAAAAATACAAAAAATTAGCTGGGCATCGTGATGCGTGCCTGTAGTCCCAGCTACTTGGGAGGCTGAGGCAGGAGAATTGCTTGAACTTGGCAAGTGGAGGTTGCAGTGGAGCCAGATGGCACTACTGCACTCCAGTCTGGGCCACAGAGCAAGACTCAAAAAAAATAAA","GGCCAGGTGCAGTGGCTCACGCCTGCAATCCCAGCACTTTAGGAGGCCGAGGTGGGAAGATCACAAGGTCAGGAGTTCGAGACCAGCCTGACCAATATGGTGAAACCCCATCTCTACTAAAAATACAAAAAAAAAAAAAAAAAAAAAAAAAAAAGCTGGGTGTCGTGGTGGGCACCTGTAGTTCCAGCTACTAGGGAGGCTGAGGCAGGAGAATGGTTTGAACCTGAGAGATGGAGGTTACAGTGAGCCAAGATCGTGCCACTGCACTCCAGCCTGGGCAACAGAGTGAGACTCTGTCTCAAAAAAAAA"
"chr1","456806","457124","chr3","13063317","13063638","52","12606511","GGCCGGGCGCGGTGGCTCAAGCCTGTAATCCCAGCACTTTGGGAGGCCGAGGCGGGTGGATCACGAGGTCAACAGATCGAGACCATCCTGGTCAACATGGTGAAACCCCGTCTCTACTAAAAATTACAAAAAGTTAGCTGGGCACGGTGGCGCATGCCTGTAATCCCAGCTACTCAGGAGGCTGAGGCAGGAGAATTGCCTGAACCCAGGGGGCGGAGGTTGCGGTGAGCCGAGATCGCGCCATTGCACTCCAGCCTGGGTAACAAGAGCGAAACTCCGTCTCAAAAAAAAAAAACAAAACAAAACAAAAAAAACAAAA","GGCCGGGCACGATGGCTCACGCCTATAATCCCAGCACTTTGGGAGGCCAAGGTGGGCAGATCACGAGGTCAGGAGTTCGAGACCAGTCTGGCCAACATAGTGAAACCCTGTCTCTACTAAAAATACACAAAAAATTAGCCAGGTGTGGTGGCAGGTGCCTGTCATCCCAGCTACTCAGGTGGCTGAGGCAGGAGAATCGCGTGAACCCGGGAGGCGGAGGTTGCAGTGAGCCAAGATCGTGCCACTGCACTCCAGCCTGGGCAACAGAACGAGACTACATATCAAAAAAAAAAAAAAAAAAAAAAAAATCCCAAAAAACAAA"
"chr1","506475","506775","chr14","38774640","38774953","63","38268165","GGCTGGGCGTGGTGGCTCAAGCCTATAATCCCAGCACTTTGGGAGGCCAAGGCGGGTGGATCATGAGGTCAAGATATCGAGATCATCCTGGTCAACATGGTGAAACTCCGTCTCTACTAAAGATACAAAAAATTAGCTGGGCATGGTGGCGCGTGCCTGTAATCCCAGCTACTCAGGAGGCTGAGGCAGGAGAATTGCCTGAACCCAGGAGGCAGAGGTTGTGGTGAGCCGAGATCGCACTATTGCACTCCAGCCTGGGTAACAAGAGCGAAACTCCGTCTCAAAAAAAAAAAAAAAAAAA","GGCCAGGTGTGGTGGCTCACACCTGTAATACTAGCACTTTGGGAGGCCAAGGCGGGTGGATCACGAGGTCAGGAGATCAAGACCAGCCTGGCCAACATGGTGAAACCCCATCTCTACTTAAAAAAAAAAAAAAAAAAAAAAAAATTAGCTGGGTATAGTGGCGTGCACCTGCAGTCTCAGCTACTCGGGAGGCTGAGGCAGGAGAATCACTTGAACCCGGGAGGTGGAGGTTGCAGTGAGCCAAGATCAGGCCACTGCACTCCAGCCTGGGTGACAGAGTGAGACCCTGTCTCAAAAAAAAAAAAAAAAAAAAA"
"chr1","525091","525396","chr1","131937127","131937450","58","131412036","GGGCGCAGTGGCTCAAGCCTGTAATCCCAGCACTTTGGGGGGCCGAGGCGGGTGTATCACGAGGTCAACAGATCGAGACCATCCTGGTCAACATGGTGAAACCCCGTCTCTACTAAAGATACAAAAAATGAGCTGGGCATGGTGGCGCGTGCCTGTAATCCCAGCTACTCAGGAGGCTGAGGCAGGAGAATTGCCTGAACCCAGGAGGCGGAGGTTGCGGTGAGCCGAGATCGCGCCATTGCACTCCAGCCTGGGTAACAAGAGCGAAACTCCGTCTCAAAAAAAAAAAAAAAAGAAAGAAAGAAA","GCCAGGTGCGGTGCCTCATGCCTGTAATCCCAGCACTTTGGGATGCCGAGGCGGGTGGATCACAAGGTCAGGAGTTCAAGACCAGCCTGGCCAACATAGTGAAACCCCGTCTCTACTAAACATACAAAAAATTAGCCGGGCGTGGTGGCAGGTGCCTGTAATCCCAGCTATTCAGGGAGGCTGAGGCAGGAGAATTGCTTGAACCTGGGAGGCGGAGGTTGCAGTGAGCCAAGATCGCACCACTGCACTCCAGCCCAGGTGACAATGCGAGACTCCATCTCAAATAAATACATAAATAAATAAATAAATAAACAAACAAACAAA"
"chr1","553903","554210","chr14","38774640","38774953","64","38220737","GGCAGAGCACAGTGGCTCTTGCCTGTAATCCCAGCACTTTGGGAGGTCAAGGAGGGTGGATCACGAGATCGGGAGTTCAAGACCAGCCTGGCCAATATGGTGAAACCCTGTCTCTACTAAAAATACACACACACAAAAATTAGCCAGATGTGATGGTGCATGCCTGTAGCCCCAGCTACTTGGGAGGCTGAGGCAGGAGAATCACTTGAAAGCAGGAGGTGGAGGTTGTGGTGAGCCAAGATTGTGCCACTGCACTCCAGCCTGGGCAGCAGAGCAAGACACCATCTCAACAACAACAAAAAAGAAAA","GGCCAGGTGTGGTGGCTCACACCTGTAATACTAGCACTTTGGGAGGCCAAGGCGGGTGGATCACGAGGTCAGGAGATCAAGACCAGCCTGGCCAACATGGTGAAACCCCATCTCTACTTAAAAAAAAAAAAAAAAAAAAAAAAATTAGCTGGGTATAGTGGCGTGCACCTGCAGTCTCAGCTACTCGGGAGGCTGAGGCAGGAGAATCACTTGAACCCGGGAGGTGGAGGTTGCAGTGAGCCAAGATCAGGCCACTGCACTCCAGCCTGGGTGACAGAGTGAGACCCTGTCTCAAAAAAAAAAAAAAAAAAAAA"
"chr1","554990","555290","chr14","38774640","38774953","63","38219650","GGCCAGGTGAGGTGGCTCATGCCTGTAATCCTAGCACTTTGGGAGGCTGAGGTGGGCAGATCACAAGGTCAGGAGTTCGAGACCAGCCTGGTCAACATGGTGAAAACTTGTCTCTACTAAAATACAAAAAAAAAAAAACTGGACATGGCAGCAGGCCCCTATAAACCCAGCTACACAGGAGGCTGAGGCAGGAGAATCATTTGAACCTAGAAGGCGGAGGTTGCAGTGAGCTGAGATCATGCCATTGCACTCTAGCCTGGGCGACAGAGTGAGACTCCATCTCAAAAAAAATAAAAAAGAA","GGCCAGGTGTGGTGGCTCACACCTGTAATACTAGCACTTTGGGAGGCCAAGGCGGGTGGATCACGAGGTCAGGAGATCAAGACCAGCCTGGCCAACATGGTGAAACCCCATCTCTACTTAAAAAAAAAAAAAAAAAAAAAAAAATTAGCTGGGTATAGTGGCGTGCACCTGCAGTCTCAGCTACTCGGGAGGCTGAGGCAGGAGAATCACTTGAACCCGGGAGGTGGAGGTTGCAGTGAGCCAAGATCAGGCCACTGCACTCCAGCCTGGGTGACAGAGTGAGACCCTGTCTCAAAAAAAAAAAAAAAAAAAAA"
"chr1","557495","557764","chr12","6861641","6861931","60","6304146","AGCACTTTTGGAGGCCGAGGCGGGTGGATCATGAGGTCAAGAGATCGAGACCATCCTGGTCAACATGGTGAAACCCTGTCTCTACTAAAAATACAAAAAATTAGCTGGGCATGGTGGCGCGTGCCTGTAATCCCAGTTACTCAGGAGGCTGAGGCAGGAGAATTGCCTGAACCCAGGAGGTGGAGGTTGCAGTGAGCTGAGATCGCACCATTGCACTCCAGCCTGGGTAACGAGCGAAACTCCATCTCAAAAAAAAGTAAAAAAAGAAAA","CTTTGGGAGGCCGAGGCAGGTGGATCACCAGATCAGGAGTTCAAGACCAGCCTGGCCAACATAGTGAAACCCTGTCTCTACTAAAAATACAAAAAATTAGCTGAGCGTGGTGGCAGGCACCTGTAATCCCAGCTACTTGGGAGGCTGAGGCAGGAGAATTGCTTGAACCCGGGAGGTGGAGGTTGCAGTGAGCTGAGATCGCACCATAGCACTCCAGCCTGGGCGACAGTGTGAGACTCTGCCTCAAAACAACAACAACAACAAAAACAACAACAACAACGAAAAAAACAA"
"chr1","704469","704780","chr1","131937127","131937450","65","131232658","GGCCGAGCATGGTGGCTCAAGCCTGTAATCCCAGGTCTTTGGGAGGCTGAGGCGGGTGGATCAGGAGGTCAACAGATCGAGACCATTTTGGTCAACATGGTGAAACCCCATCTCTATTAAAGATGCAAAAAATTAGCTGGGCGTGGTGGCGTGTGCCTGTAATCCCAGCTGCTGGGGAGGCTGAGGCAGGAGAATTGCCTGAACCCAGGAGGCAGAGGTTGCGGTGAGCCAAGATCACACCATTGCACTCCAGCCTGGGTAACAAGAGTGAAACTCTGTCTCAAAAAAAAAAAAAAAAAGAAAAGAAAAAAA","GCCAGGTGCGGTGCCTCATGCCTGTAATCCCAGCACTTTGGGATGCCGAGGCGGGTGGATCACAAGGTCAGGAGTTCAAGACCAGCCTGGCCAACATAGTGAAACCCCGTCTCTACTAAACATACAAAAAATTAGCCGGGCGTGGTGGCAGGTGCCTGTAATCCCAGCTATTCAGGGAGGCTGAGGCAGGAGAATTGCTTGAACCTGGGAGGCGGAGGTTGCAGTGAGCCAAGATCGCACCACTGCACTCCAGCCCAGGTGACAATGCGAGACTCCATCTCAAATAAATACATAAATAAATAAATAAATAAACAAACAAACAAA"
"chr1","747938","748215","chr16_NW_019937290v1_random","735974","736277","72","11964","CTTACTCCTATAATCCCAGCACTTTGGGAGGTCGAGGTGGGTGGATCACGAGGTCAGGCATTCAAGACCAGCCTTGCCAACATGGTGAAACCCTGTCTCTATTAAAAATACAAAAAATTAGCCAAGCATGGTGGTGGGTGCCTGTAATCCCAGCTACTCAGGAGGCTGAGGCAGGAGAATTGCTTGAACCCAGGAGGCGGAGGTTATAGTGAACCAAGATCATGCCACTGCACTCCAGCCTGGACGACAGAGTGAGATTCTTTCCCAAAAATAAAAAA","CTGGGTGTGGTGCCTCACACCTGTAATCCGAGCACTTTGAGAGGCTGAGGTGGGTGGATCACAAGGTCAGGAGTTCGAGACCAGCCTGACTAACATGGTGAAACCCCTTCTCTACTAAAAAAAAAAAAAAAAAAAAAAAAATTGGCCAGGCCTGGTGGTGTGTGCCTATAGCCCCAGCTACTCAGGGGGGTGAGGCAGGAGAATTGCCTGAACCTGGGAGGTGGAGGTTGCAGTGAGCTGAGGTCGTGCCACTGCACTCCAGCCTGGACGACAATGCGAGACTCCATCTCAAAAAAAAAAAAAA"
"chr1","765901","766173","chr16_NW_019937290v1_random","735974","736277","75","29927","TGTAATCCCAGCACTTTGGGAGGCCGAGGCGGGTGGATCACGAGGTCAAGATATCGAGACCATCCTGGTCAACATGGTGAAAACCCTTCTCTACTAAAAAAAAATACAAAAAATTAGCTGGGCATGGTGGCGCGTGCCTGTAATCACAGCTACTCAGGAGGCTGAGGCTGGAGAATTGCCTGAACCCAGGAGGCGGAGGTTGCGGTGAGCCGAGATTGTGCCATTGCACTCCAGCCTGGGTAACAAGAGCGAAACTCCGTCTCAAAAAAAAAA","CTGGGTGTGGTGCCTCACACCTGTAATCCGAGCACTTTGAGAGGCTGAGGTGGGTGGATCACAAGGTCAGGAGTTCGAGACCAGCCTGACTAACATGGTGAAACCCCTTCTCTACTAAAAAAAAAAAAAAAAAAAAAAAAATTGGCCAGGCCTGGTGGTGTGTGCCTATAGCCCCAGCTACTCAGGGGGGTGAGGCAGGAGAATTGCCTGAACCTGGGAGGTGGAGGTTGCAGTGAGCTGAGGTCGTGCCACTGCACTCCAGCCTGGACGACAATGCGAGACTCCATCTCAAAAAAAAAAAAAA"
"chr1","782500","782806","chr14","38774640","38774953","54","37992140","GGCCGGTCGTGGTGGCTCACGCCTGTAATTCCAGCACTTTGGGAGGCCAAGGCGGGTGGATCACGAGGTCAAGAGATCGAGACCATCCTGGTCAACATGGTGAAACCCCGTCTCTACTAAAGATACAAAAAATTAGCCGGGCATGGTGGCGCGTGCCTGTAATCCCAGCTACTCGAGAGGCTGAGGCAGGAGAATTGCCTGAACCCAGGAGGCGGAGGTTGCGGTGAGCCGAGATCAGGCCATTGCACTCCAGCCTGGGTAACAAGAGGAAAACTCCGTCTCAGAAAAAAAAAAAATAAAAAAAAAA","GGCCAGGTGTGGTGGCTCACACCTGTAATACTAGCACTTTGGGAGGCCAAGGCGGGTGGATCACGAGGTCAGGAGATCAAGACCAGCCTGGCCAACATGGTGAAACCCCATCTCTACTTAAAAAAAAAAAAAAAAAAAAAAAAATTAGCTGGGTATAGTGGCGTGCACCTGCAGTCTCAGCTACTCGGGAGGCTGAGGCAGGAGAATCACTTGAACCCGGGAGGTGGAGGTTGCAGTGAGCCAAGATCAGGCCACTGCACTCCAGCCTGGGTGACAGAGTGAGACCCTGTCTCAAAAAAAAAAAAAAAAAAAAA"
"chr1","786686","786946","chr18","43221019","43221313","82","42434333","GGCAGAGCATGGTGGCTCACACGTATAATCCCAGCACTTTGGAAGGCCAAGGTGGGCAGATCACTGAGGAGTTCGAGACCAGCCTGGCAACATGGTGAAACCTTATCCATACAAAAAAAAAATACAAAATAAAAATTAGCCAGCTTGGTGAGACACACCTGTAGTCCCAGCTACTCCATAGGCAGAGGTTGCAGTGATCCAAGGTAGTGCCACTACACTCCAGCCTGGGCAACAGAGCAAGATTCCATCTCTAAAAAAAAA","GGCCGGGCATGGTGGCTCACACCTATAATGCCAGCACTTTGGGAGGCCAAGGCGGGAGGTCAGGAGTTCAAGACTAGCCTGGCCAACATGGTGAAACTAAAAATATAAAAATATAAAAATATAAAAATATAAAAATCTGCTGGGCATGGTGGTGCGCGCCTGTAGTCCCAGCTACTCAGGAGGCTGAGGCAGGAGAATCGCTTGAACCCGGGAGGGCAGGGGTTGCAGTGAGCTGAGATCGCACTACTGCACTCCATCCTGGGCGACAGAGTGAGACTCCATCTCAAAAAAAAAA"
"chr1","862408","862707","chr9","46299315","46299628","59","45436907","GGTCGGATGCGGTGGCTCAAGCCTGTAATCCCAGCACTTTGGGAGGCCGAGGCGGGTGGATCACGAGGTCAACAGATCGAGACCATCCTGGTCAACATGGTGAAACCCCGTCTCTACTAAAAATACAAAAAATTAGCTGGGCATGGTGGCGCTTGCCTGTAATCCCAGCTACTCGGGAGGCTGAGGCAGGAGAATTGTCTGAACCCAGGAGGCAGAGGTTGCAGTGAGCCGAGATCGCGCCATTGCACTCCAGCCTGGGTAACAAGAGTGAAGCTGCATCTCAAAAAAAAAAAAAAAAAA","GGCCAGACACAGTGGCTCACGTCTGTAATCCCAGCACTTTGGGAGGCAGAGGCGGGTGGATCACAAGGTCAGGAGTTTGAGAGCAGCCTGGCCAACATAGTGAAACCCTGTCTCTACTAAAAATACAAAAAAATTAGCCAGGTGTGGTGGTGGGTGCCTGTAATCCCACCTACTCAGGAGGCTGAGGCTGAGGCTGAGGCTGAGGAGAATCGTTTGAATCTGGGAGGCAGAGGTGGCAGTGAGCCGAGATTGCGCTACTGCACTCCAGCCTGGGCGACAGTGTGAGACTCTGTCTCAAAAAAAAAAAAAAAAAA"
"chr1","880858","881156","chr18","15009231","15009552","58","14128373","GGCCGGGCACGGTGGCTCACGCCTGTAACCCCAGAACTTTGGGAGGCCGAGGCGGGTGGATCACGAGGTCAACAGATCGAGACCATCCTGGTCAACATGGTGAAACCCCATCTCTACTAAAAATACAAAAAATTAGCTGGGCATGGTGGCGCGTGCCTGTAGTCCCAGCTACTCAGGAGGCTGAGGCAGGAGAATTGCCTGAACCCAGGAGGCAGAGATTGCGGTGAGCCGAGATTGTGCCATTGCACTCCAGCCTGGGTAACAAGAGCTAAACTCCGTCTCAAATAAAAAAAAAAAAA","GCCAGGCGTGGTGGCTCATGCCTGTAATCCCAGCACTTTGGGAGGCCGAGGCGGGCAGATCACGAGGTCAGGAGTTCGAGACCAGCCTGACCAATATGGTGAAACCCCATCTCCACTAAAAACACACACACACACACACACACACACACACAAAATTAGCTGGGCGTGGTGGCACGTGCCTGTAGTCCCAGCTACTCAGGAGGCTGAGGCAGGAGAATTGCTTGAACCCAGGAGGCAGAGGTTGCAATGAGCTGAGATTGCACCATTGCACTCCAGCCTGGGTGACAGAGCGAGACTCCATCTCAAAGAAAAAAAAAAAGAA"
"chr1","898230","898514","chr16_NW_019937290v1_random","735974","736277","78","162256","GCCAGGCATGGTGGCTAATGCCTGTAATCCCAGTACTTTGGGATGCTGAGGTGGGCAGATGATGAGGTCAGGAGTTTGAGATCAGCCTGGCTAACATAGTGAAACACCATCACTACTAAAAAAAAAAAAAAAAAATAGCCAGGCATGGTAGTGCTTGCTGTAGTCTCAGCTACTCGGGAGGCTGAGGCAGGAGAATTTCTTGAGCCTTGGAGGCAGAAGTTCTGGTGAGCCAAGATCCTGCCACTGTGCTTCAGCCTGGGCAGCAGAGCGAGACTCAAAAAAAAA","CTGGGTGTGGTGCCTCACACCTGTAATCCGAGCACTTTGAGAGGCTGAGGTGGGTGGATCACAAGGTCAGGAGTTCGAGACCAGCCTGACTAACATGGTGAAACCCCTTCTCTACTAAAAAAAAAAAAAAAAAAAAAAAAATTGGCCAGGCCTGGTGGTGTGTGCCTATAGCCCCAGCTACTCAGGGGGGTGAGGCAGGAGAATTGCCTGAACCTGGGAGGTGGAGGTTGCAGTGAGCTGAGGTCGTGCCACTGCACTCCAGCCTGGACGACAATGCGAGACTCCATCTCAAAAAAAAAAAAAA"
"chr1","901297","901601","chr3","13063317","13063638","65","12162020","GGCTGGGCATGGTGGCTCAAGGCTGTAATTCCAGCACTTTGGAAGGCCGAGGCAGGTGGAACACGAGGTCAACAGATCGAGACCATCTTGGTCAACATGGTGAAACCCCGTCTCTACTAAAAATACAAAAAATTAGCTGGGCATGGTGGTGCATGCCTGTAATCCCAGCTACTCAGGAGGCTGAGGCAGGAGAATTGCCCGAACCCAGGAGGCAGAGGTTGCAGTGAGCTGAGATCGCGCCATTGCACTCCAGCCTAGGTAACAAGAACGAAACTCCATCTCAAAAAAAAAAAAAAAAAAAAAAA","GGCCGGGCACGATGGCTCACGCCTATAATCCCAGCACTTTGGGAGGCCAAGGTGGGCAGATCACGAGGTCAGGAGTTCGAGACCAGTCTGGCCAACATAGTGAAACCCTGTCTCTACTAAAAATACACAAAAAATTAGCCAGGTGTGGTGGCAGGTGCCTGTCATCCCAGCTACTCAGGTGGCTGAGGCAGGAGAATCGCGTGAACCCGGGAGGCGGAGGTTGCAGTGAGCCAAGATCGTGCCACTGCACTCCAGCCTGGGCAACAGAACGAGACTACATATCAAAAAAAAAAAAAAAAAAAAAAAAATCCCAAAAAACAAA"
"chr1","922741","923034","chr14","38774640","38774953","76","37851899","GGCCAAGCGTGGTGGCTCACGCCCGGAATCCTAGCACTTTGGGAGGCCGAGTTGGGTGGATCACGTGGTCAGGAGTTTTGAGACCAGCTTGACCAGCATGGTGAAACCCTGACTTTAATAAAAATATGAAAAATTAGCTGGACACGGTGGTGCATGCCTGTAATCCCAGATACTTAGGAGGCTGAGTCAGAACAATCACTTGAACCCAGGAGGTGGAGGTTGAAGTGAGCCAAGATTGCACCACTGCACTCCAGCCTGGGCGTTATAGAGAGGCTCTGTCAAATAAGAAAAAAA","GGCCAGGTGTGGTGGCTCACACCTGTAATACTAGCACTTTGGGAGGCCAAGGCGGGTGGATCACGAGGTCAGGAGATCAAGACCAGCCTGGCCAACATGGTGAAACCCCATCTCTACTTAAAAAAAAAAAAAAAAAAAAAAAAATTAGCTGGGTATAGTGGCGTGCACCTGCAGTCTCAGCTACTCGGGAGGCTGAGGCAGGAGAATCACTTGAACCCGGGAGGTGGAGGTTGCAGTGAGCCAAGATCAGGCCACTGCACTCCAGCCTGGGTGACAGAGTGAGACCCTGTCTCAAAAAAAAAAAAAAAAAAAAA"
"chr1","934887","935192","chr1","131937127","131937450","56","131002240","GGCGGGGGACGGTGGCTCAAGCCTGTAATCCCAGCACTTTGGGAGGCCGAGGCGGGTGGATCACGAGGTCAAGAGATCGAGACCATCCTGGTCAACATGGTGAAACCCCATCTCTACTAAAGATACAAAAAATTAGCTGGGCATGGTGGCGCGTGCCTGTAATCCCAGCTACTCGGGAGGCTGAGGCAGGAGAATTGCCTGAACCCAGGAGGCGGAGGTTGCGGTGAGCCGAGATCACGCCATTGCACTCCAGCCTGGGTAACAAGAGCGAAACTCCGTCTAAAAAAAAAAAAAAAAAAAAAAAAA","GCCAGGTGCGGTGCCTCATGCCTGTAATCCCAGCACTTTGGGATGCCGAGGCGGGTGGATCACAAGGTCAGGAGTTCAAGACCAGCCTGGCCAACATAGTGAAACCCCGTCTCTACTAAACATACAAAAAATTAGCCGGGCGTGGTGGCAGGTGCCTGTAATCCCAGCTATTCAGGGAGGCTGAGGCAGGAGAATTGCTTGAACCTGGGAGGCGGAGGTTGCAGTGAGCCAAGATCGCACCACTGCACTCCAGCCCAGGTGACAATGCGAGACTCCATCTCAAATAAATACATAAATAAATAAATAAATAAACAAACAAACAAA"
"chr1","950725","951034","chr3","13063317","13063638","59","12112592","GGCCAGGCACAGTGGTTCACGCCTGTAATCCCAGTACTTTGGGAGGCCGAGGCGGGTGGATCACGAGGTCAAGAGATCGAGACAGTCCTGGTCAACATGGTGAAACCCCGTCTCTATTAAAAATACAAAAAATCAGCTGGGCATGGTGGTGTGTGCCTGTAATCCCAGGTACTCAGGAGGCTGAGGCAGGAGAATTGCCTGAACCCAGGAGGCAGAGGTTGCAGTGAGCCGAGATTGCGCCATTGCACTCCAGCCTGGGTAACAAGAGCGAAACCCTGTCTCACAAAAAAAAAAAAAAAAAAAAAAAAAA","GGCCGGGCACGATGGCTCACGCCTATAATCCCAGCACTTTGGGAGGCCAAGGTGGGCAGATCACGAGGTCAGGAGTTCGAGACCAGTCTGGCCAACATAGTGAAACCCTGTCTCTACTAAAAATACACAAAAAATTAGCCAGGTGTGGTGGCAGGTGCCTGTCATCCCAGCTACTCAGGTGGCTGAGGCAGGAGAATCGCGTGAACCCGGGAGGCGGAGGTTGCAGTGAGCCAAGATCGTGCCACTGCACTCCAGCCTGGGCAACAGAACGAGACTACATATCAAAAAAAAAAAAAAAAAAAAAAAAATCCCAAAAAACAAA"
"chr1","968396","968698","chr9","46299315","46299628","76","45330919","GGCCGGGTGCGGTGGCTCACGCCTGTAACTCCAGCCCGTTGGGAGGCTGAGGTGGGCAGATCATGAAGTCAGGAGTTTGAGACTAGCCTGACGAACATGGTGAAACTTCCTCTCTACTAAAAATATAAAGAGTTAGCCAGGTGTGGAGGTGTGTGCCTGTAATACCAGCCACTTGGGAGGCGGAGACAGGAGAATCGCTTGTTGCTGTGAGGCAAGAGGTTTTTGTGAGCCGAGATCCTGCCACTCTACTCCAGCCTGGGTGACAGAGTGACACTCCATCTCAAAACAAATAAATAAATAAAA","GGCCAGACACAGTGGCTCACGTCTGTAATCCCAGCACTTTGGGAGGCAGAGGCGGGTGGATCACAAGGTCAGGAGTTTGAGAGCAGCCTGGCCAACATAGTGAAACCCTGTCTCTACTAAAAATACAAAAAAATTAGCCAGGTGTGGTGGTGGGTGCCTGTAATCCCACCTACTCAGGAGGCTGAGGCTGAGGCTGAGGCTGAGGAGAATCGTTTGAATCTGGGAGGCAGAGGTGGCAGTGAGCCGAGATTGCGCTACTGCACTCCAGCCTGGGCGACAGTGTGAGACTCTGTCTCAAAAAAAAAAAAAAAAAA"
"chr1","996412","996713","chr1","131937127","131937450","65","130940715","CAGGCACAGTGGCTCATGCCTGTAATCCCAGCACTTTGAAAGGCCAAGGTGGGTGGATCACAGGGTCAGGTATTTGAGACCAGCCTGGCCAACATAGTGAAACCCTGTCTCTACTAAAAATATAAAAAATTAGCCAGATGTAGTGGCAGGCACCTGTAATCTCAGCTAGCTGGGAGGCTGAGGCAGGAGACTCACTTGAATCTGGGAGGTGGAGGTTGCAGCAAGCCAAGATCACACCACTGTACTTCAGCCTGGGCAACAGTGCAAGACTCCATCTCAAAAAAATAAAATAAAATAAAGAA","GCCAGGTGCGGTGCCTCATGCCTGTAATCCCAGCACTTTGGGATGCCGAGGCGGGTGGATCACAAGGTCAGGAGTTCAAGACCAGCCTGGCCAACATAGTGAAACCCCGTCTCTACTAAACATACAAAAAATTAGCCGGGCGTGGTGGCAGGTGCCTGTAATCCCAGCTATTCAGGGAGGCTGAGGCAGGAGAATTGCTTGAACCTGGGAGGCGGAGGTTGCAGTGAGCCAAGATCGCACCACTGCACTCCAGCCCAGGTGACAATGCGAGACTCCATCTCAAATAAATACATAAATAAATAAATAAATAAACAAACAAACAAA"
"chr1","1303929","1304196","chr12","6861641","6861931","57","5557712","AGGCCGAGGCGGGTGGATCACGAGGTCAAGAGATCGAGACCATCCTGGTCAACATGGTGAAACCCCGTCTCTACTAAAAATACAAAAAATTAGCTGGGCATGGTGGCGCGTGCCTGTAATCCCAGCTACTCAGGAGGCTGAGGCAGGAGAATTGCCTGAATCCAGGAGGCGGAGGTTGCGGTGAGCCGAGATCGCACCATTGCACTCCAGCCTGGGCAACAAGAGCGAAACTCCGTCTCAAGAAAAAAACAAAAAACAAACAAACAAA","CTTTGGGAGGCCGAGGCAGGTGGATCACCAGATCAGGAGTTCAAGACCAGCCTGGCCAACATAGTGAAACCCTGTCTCTACTAAAAATACAAAAAATTAGCTGAGCGTGGTGGCAGGCACCTGTAATCCCAGCTACTTGGGAGGCTGAGGCAGGAGAATTGCTTGAACCCGGGAGGTGGAGGTTGCAGTGAGCTGAGATCGCACCATAGCACTCCAGCCTGGGCGACAGTGTGAGACTCTGCCTCAAAACAACAACAACAACAAAAACAACAACAACAACGAAAAAAACAA"
"chr1","1324664","1324959","chr14","38774640","38774953","58","37449976","GCCAGGCGCGGTGGCTCACGCCTGTAATCCCATCACTTTGGGAGGCCGCGGGTGGATCACGAGGTCAAGAGATCAAGACCATCCTGGTCAACATGGTGAAACCCCGTCTCTACTAAAAATACAAAAAATTAGCTGGGCATGGTGGTGCGTGCCTGTAATCCCAGCTACTTGGGAGGCTGAGGCAGGAGAATTGCCTGAACCCAGGAGGCGGAGGTTGCGGTGAGCCGAGATGGCGCCATTGCACTCCAGCCTGGGTAACAAGAGGGAAACTCCGTCTCAAAAAAAAAAAAAAAAAA","GGCCAGGTGTGGTGGCTCACACCTGTAATACTAGCACTTTGGGAGGCCAAGGCGGGTGGATCACGAGGTCAGGAGATCAAGACCAGCCTGGCCAACATGGTGAAACCCCATCTCTACTTAAAAAAAAAAAAAAAAAAAAAAAAATTAGCTGGGTATAGTGGCGTGCACCTGCAGTCTCAGCTACTCGGGAGGCTGAGGCAGGAGAATCACTTGAACCCGGGAGGTGGAGGTTGCAGTGAGCCAAGATCAGGCCACTGCACTCCAGCCTGGGTGACAGAGTGAGACCCTGTCTCAAAAAAAAAAAAAAAAAAAAA"
"chr1","1344195","1344466","chr12","6861641","6861931","63","5517446","ACTTTGGGAGGCCGAGGTGGGTGGATCACGAGGTCAACAGATCGAGACCATCCTGGTCAATATGGTGAAACCCCGTCTCTACTAAAAATTACAAAAAATTAGCTGGGCATGGTGGCGCGTGCCTGTAATCCCAGCTACTCAGGAGACTGAGGCAGGAGAATTGCCTGAACCCAGGAGGCGGAGGTTGTGGTGAGCCGAGATCACGCCATTGCACTCCAGCCTGGGTAACAAGAGCAAACTCAGTCTCAAAAAAAAAAAAAAGAAAAAGAAAA","CTTTGGGAGGCCGAGGCAGGTGGATCACCAGATCAGGAGTTCAAGACCAGCCTGGCCAACATAGTGAAACCCTGTCTCTACTAAAAATACAAAAAATTAGCTGAGCGTGGTGGCAGGCACCTGTAATCCCAGCTACTTGGGAGGCTGAGGCAGGAGAATTGCTTGAACCCGGGAGGTGGAGGTTGCAGTGAGCTGAGATCGCACCATAGCACTCCAGCCTGGGCGACAGTGTGAGACTCTGCCTCAAAACAACAACAACAACAAAAACAACAACAACAACGAAAAAAACAA"
"chr1","1383589","1383886","chr14","38774640","38774953","58","37391051","GGTTGGGCGCGGTGGCTCACGCCTGTAATCCCAGCACTTTGGAAGGCCGAGGCGGGCGGATCACGAAGTCAAGAAATCGAGACCATCCTGGTCAACATGGTGAAACCCCGTCTCTACTAAAAATACAAAAAATTAGCTGGGCATAGTGGCGCGTGCCTGTAATCCCAGCTACTCAGGAGGCTGAGTCAGGAGAATTGCCTGAACCCAGGAGGTGGAGGTTGCAGTGAGCCGAGATCGCGCCATTGCACTCCAGCCTGGGTAACGAGCAAACTCAGTCTCAAAAAAAAAAAAAAAAAAA","GGCCAGGTGTGGTGGCTCACACCTGTAATACTAGCACTTTGGGAGGCCAAGGCGGGTGGATCACGAGGTCAGGAGATCAAGACCAGCCTGGCCAACATGGTGAAACCCCATCTCTACTTAAAAAAAAAAAAAAAAAAAAAAAAATTAGCTGGGTATAGTGGCGTGCACCTGCAGTCTCAGCTACTCGGGAGGCTGAGGCAGGAGAATCACTTGAACCCGGGAGGTGGAGGTTGCAGTGAGCCAAGATCAGGCCACTGCACTCCAGCCTGGGTGACAGAGTGAGACCCTGTCTCAAAAAAAAAAAAAAAAAAAAA"
"chr1","1424080","1424377","chr3","13063317","13063638","69","11639237","GGGCACTGTGGCTCACCTCTGTAATCCTGGCACTTTGGGAGGCCAAAGCCGGGAGATCATGAGGTCAGGAGTTTGAGATTAGTCTGGCCAACATAGTGAAACCCCATCTCTACTGAAAATACAAAAAATTAGCCGGGTGTGGTGGCAATGCTTGTAGTCCCAGCTACTTAGGAGGTGGAGGCAGGAGAATCGCCTGAACCAGGAAGGCAAAGGTTGCAGTGAGCCGAGATCATGCCATTGCGCTCCAGCCCGAGTGACAGTCCGAGACTCCTTTTCAAAAAAAAAAAAAAAAAAAAAA","GGCCGGGCACGATGGCTCACGCCTATAATCCCAGCACTTTGGGAGGCCAAGGTGGGCAGATCACGAGGTCAGGAGTTCGAGACCAGTCTGGCCAACATAGTGAAACCCTGTCTCTACTAAAAATACACAAAAAATTAGCCAGGTGTGGTGGCAGGTGCCTGTCATCCCAGCTACTCAGGTGGCTGAGGCAGGAGAATCGCGTGAACCCGGGAGGCGGAGGTTGCAGTGAGCCAAGATCGTGCCACTGCACTCCAGCCTGGGCAACAGAACGAGACTACATATCAAAAAAAAAAAAAAAAAAAAAAAAATCCCAAAAAACAAA"
"chr1","1448319","1448618","chr9","46299315","46299628","55","44850996","GGCCGGACGCAGTGGCTCACGCCTGTAATCCCAGCACTTTGGGAGGCCGAGGCGGGTGGATCACAAGGTCAAGAGATCGAGACCATCCTGGTCAACATGGTGAAACCCCGTCTCTACTAAAAATACAAAAAATTAGCTGGGCATGGTGGTGCGTGCCTGTAATCCCAGCTACTCAGGAGGCTGAGGCAGGAGAATTGCCTGAACCCAGGAGGCGGAGGTTGTGGTGAGCCGAGATCGCGCCATTGCACTCCAGCCTGGGTAACAAGAGCGAAACTCCGACTCAAAGAAAAAAAAAAAAAA","GGCCAGACACAGTGGCTCACGTCTGTAATCCCAGCACTTTGGGAGGCAGAGGCGGGTGGATCACAAGGTCAGGAGTTTGAGAGCAGCCTGGCCAACATAGTGAAACCCTGTCTCTACTAAAAATACAAAAAAATTAGCCAGGTGTGGTGGTGGGTGCCTGTAATCCCACCTACTCAGGAGGCTGAGGCTGAGGCTGAGGCTGAGGAGAATCGTTTGAATCTGGGAGGCAGAGGTGGCAGTGAGCCGAGATTGCGCTACTGCACTCCAGCCTGGGCGACAGTGTGAGACTCTGTCTCAAAAAAAAAAAAAAAAAA"
"chr1","1453103","1453411","chr1","131937127","131937450","52","130484024","GCCGGGCGCGGTGGCTCACGCCTGTAATCCCAGCACTTTGGGAGGCCGAGGCGGGTGGATCACGAGGTCAAGAGATCGAGACCATCCTGGTCAACATGGTGAAACCCCGTCTCTACTAAAAATTACAAAAAATTAGCTGGGCATGGTGGCGTGTGCCTGTAATCCCAGCTACTCGGGAGGCTGAGGCAGGAGAATTGCCTGAGCCCAGGAGGCGGAGGTTGCAGTGAGCAGAGATCGCGCCATTGCACTCCAGCCTGGGTAACAAGAGCGAAACTGCATCTCAAAAAAACAAAAACAAAAACAAAAAAA","GCCAGGTGCGGTGCCTCATGCCTGTAATCCCAGCACTTTGGGATGCCGAGGCGGGTGGATCACAAGGTCAGGAGTTCAAGACCAGCCTGGCCAACATAGTGAAACCCCGTCTCTACTAAACATACAAAAAATTAGCCGGGCGTGGTGGCAGGTGCCTGTAATCCCAGCTATTCAGGGAGGCTGAGGCAGGAGAATTGCTTGAACCTGGGAGGCGGAGGTTGCAGTGAGCCAAGATCGCACCACTGCACTCCAGCCCAGGTGACAATGCGAGACTCCATCTCAAATAAATACATAAATAAATAAATAAATAAACAAACAAACAAA"
"chr1","1462596","1462849","chr12","6861641","6861931","82","5399045","CAGTTTGGGAGGCTGAGGTGGGTGGATCACGAGGTCAAAAGATCTAGACCATCCTGGTCAACATGGTGAAACCCCGTCTCTACTAAAAATACAAAAAATTAGCTGGGCAAAGTGGTGTGTGCCTGTAATCCCAGCTACTCAGGAGGCTGAGGCAGGAGAATTGTCTCAACCCAGGAGGCAGAGATTGCAGTGAGCCGAGATCACACCATTGCATTCCAGCCTAGGTAACGAGCGAAACTCCGTCTCAAAAAAAA","CTTTGGGAGGCCGAGGCAGGTGGATCACCAGATCAGGAGTTCAAGACCAGCCTGGCCAACATAGTGAAACCCTGTCTCTACTAAAAATACAAAAAATTAGCTGAGCGTGGTGGCAGGCACCTGTAATCCCAGCTACTTGGGAGGCTGAGGCAGGAGAATTGCTTGAACCCGGGAGGTGGAGGTTGCAGTGAGCTGAGATCGCACCATAGCACTCCAGCCTGGGCGACAGTGTGAGACTCTGCCTCAAAACAACAACAACAACAAAAACAACAACAACAACGAAAAAAACAA"
"chr1","1481304","1481613","chr3","13063317","13063638","60","11582013","GGCCGGGCGCGGTGGCTCACGCCTGTAATCCCAGCACTTTGGGAGGCTGAGGTGGGTGGATCACGAGGTCAAGAGATCGAGACCATCCTGGTCAACATGGTGAAACCCCGTCTCTACTAAAAATACAAAAAATGAGCTGGGCATGGTGGCGCGTGCCTGTAATCCCAGCTACTCAGGAGGCTGAGGCAGGAGAATTGACTGAACCCAGGTGGTGGAGGTTGCAGTGAGCTGAGATGGCACCATTGCACTCCAGCTTGGGTAACAAGAGCGAAACTCCGTCTCAAAAAAAAAAACAAGAGAAAGAAATAAA","GGCCGGGCACGATGGCTCACGCCTATAATCCCAGCACTTTGGGAGGCCAAGGTGGGCAGATCACGAGGTCAGGAGTTCGAGACCAGTCTGGCCAACATAGTGAAACCCTGTCTCTACTAAAAATACACAAAAAATTAGCCAGGTGTGGTGGCAGGTGCCTGTCATCCCAGCTACTCAGGTGGCTGAGGCAGGAGAATCGCGTGAACCCGGGAGGCGGAGGTTGCAGTGAGCCAAGATCGTGCCACTGCACTCCAGCCTGGGCAACAGAACGAGACTACATATCAAAAAAAAAAAAAAAAAAAAAAAAATCCCAAAAAACAAA"
"chr1","1497879","1498160","chr12","6861641","6861931","80","5363762","CTATAATCCCAGCACTTTGAAAGGCTGAAGTGGGCGAATTATGAGGTCAGGAGTTAGAGACCATCTTGGCCAACGTAGTGAAACCCTATCTTTACTAAAAATACAAAAAAGTAGCAGGATGTGGTGGCACGCGCCTGTAATCCCAGCTACTGGGGAGGTTGAGGCAGGAAAATCACTTGAACCCGGGAGATGGAGGTTGCAGTGAGCCGAGATCACACCGCTGCACTCCAGCCTGGGCAACAGAATGAGACTTCGTCTAAAAAATAAAGAAAAAAAGGAAAA","CTTTGGGAGGCCGAGGCAGGTGGATCACCAGATCAGGAGTTCAAGACCAGCCTGGCCAACATAGTGAAACCCTGTCTCTACTAAAAATACAAAAAATTAGCTGAGCGTGGTGGCAGGCACCTGTAATCCCAGCTACTTGGGAGGCTGAGGCAGGAGAATTGCTTGAACCCGGGAGGTGGAGGTTGCAGTGAGCTGAGATCGCACCATAGCACTCCAGCCTGGGCGACAGTGTGAGACTCTGCCTCAAAACAACAACAACAACAAAAACAACAACAACAACGAAAAAAACAA"
"chr1","1525719","1526030","chr3","13063317","13063638","54","11537598","GGCCGGGCACGGCGGCTCAAGCCTGTAATCCCAGCACTTTGGGAGGCAGAGGCGGGTGGATCACGAGGTCAGGAGATCAAGACTATCTTGGTCAACATGGTGAAACCCCGTCTCTACTAAAAATACAAAAAATTAGCTGGGCATGGTGGTGCGTGCCTGTAATCCCAGCTACTCAGGAGGCTGAGGCAGGAGAATTGCCTGGACCCAGGAGGTGGAGGTTGCAGTGAGCCGAGATCGTGCCATTGCACTCCAGCCTGGGTAACAAGAGGGAAATTCCATCTCAAAAAAGAAAAAAAAAAAAAAAAAAAGAAA","GGCCGGGCACGATGGCTCACGCCTATAATCCCAGCACTTTGGGAGGCCAAGGTGGGCAGATCACGAGGTCAGGAGTTCGAGACCAGTCTGGCCAACATAGTGAAACCCTGTCTCTACTAAAAATACACAAAAAATTAGCCAGGTGTGGTGGCAGGTGCCTGTCATCCCAGCTACTCAGGTGGCTGAGGCAGGAGAATCGCGTGAACCCGGGAGGCGGAGGTTGCAGTGAGCCAAGATCGTGCCACTGCACTCCAGCCTGGGCAACAGAACGAGACTACATATCAAAAAAAAAAAAAAAAAAAAAAAAATCCCAAAAAACAAA"
"chr1","1835217","1835531","chr1","131937127","131937450","53","130101910","GCCGGGCGCGGTGGCTCACGCCTGTAATCCCAGCACTTTGGGAGGCCGAGGCGGGTGGATCACGAGGTCAAGAGATGGAGACCATTCCCCTGGTCAACATGGTGAAACCCCGTCTCTACTAAAAATACAAAAAATTAGCTGGGCATGGTGGTGCGTGCCTGTAATCCCAGCTACTCAGGAGGCTGAGGCAGGAGAATTGCCTGAACCCAGGAGGCGGAGGTTGCGGTGAGCCGAGATCGCGCCATTGCACTCCAGCCTGGGTAACAAGAGCGAAACTCCCGTCTCAAAAAAAATAAATAAATAAATAAAAATAAA","GCCAGGTGCGGTGCCTCATGCCTGTAATCCCAGCACTTTGGGATGCCGAGGCGGGTGGATCACAAGGTCAGGAGTTCAAGACCAGCCTGGCCAACATAGTGAAACCCCGTCTCTACTAAACATACAAAAAATTAGCCGGGCGTGGTGGCAGGTGCCTGTAATCCCAGCTATTCAGGGAGGCTGAGGCAGGAGAATTGCTTGAACCTGGGAGGCGGAGGTTGCAGTGAGCCAAGATCGCACCACTGCACTCCAGCCCAGGTGACAATGCGAGACTCCATCTCAAATAAATACATAAATAAATAAATAAATAAACAAACAAACAAA"
"chr1","1898498","1898794","chr16_NW_019937290v1_random","735974","736277","89","1162524","GCATGGTGACTCACGCCTATAATTACAGCACTTTGGGAAGCCGAAGTGGGTGGATTGCCTGAGCAAACTCCTTAGGGAGTTGGAGACCAGCCTGGGCAACATGGTGAAACCCTGCATCTACTAAAATACAAAAAATTAGTTGGACAAGGCAGCATGCACCCATAGTCCCAGCTACTCGGGAGGCTGAGGCAGGAGAATTGCTTGAACCTGGGAAGCGGAGGTTGAAGTGAGCCGCGATGGCAACACTGCGTTCCAGCCTCAGCAACAGAGTGAGACACTGTCTCAAAAAAAAAAAAA","CTGGGTGTGGTGCCTCACACCTGTAATCCGAGCACTTTGAGAGGCTGAGGTGGGTGGATCACAAGGTCAGGAGTTCGAGACCAGCCTGACTAACATGGTGAAACCCCTTCTCTACTAAAAAAAAAAAAAAAAAAAAAAAAATTGGCCAGGCCTGGTGGTGTGTGCCTATAGCCCCAGCTACTCAGGGGGGTGAGGCAGGAGAATTGCCTGAACCTGGGAGGTGGAGGTTGCAGTGAGCTGAGGTCGTGCCACTGCACTCCAGCCTGGACGACAATGCGAGACTCCATCTCAAAAAAAAAAAAAA"
"chr1","1905563","1905851","chr18","43221019","43221313","76","41315456","GGCTGGGCATGGTGGTTCACACCTGTAATCCCAGCACTTTGGTAGGACAAAGTGGGCAGATCGCCAGGTCAGGAGATCAAGACCATCCTGGCCGACATTGTTAAACCCCGTCTTAACTAAAAAAAAAGAAAAAAAAATAGCCAGGCATGGCAGTGTGCACCTGTAGTCCCACCTACTTGGGTGGCTGAGGCAGGAGAATTGCTAGAACTTGGGAGGCAGAGGCTGCAGTGAGCCAAGATCACACCACTGCACTCTAACCTGGGTGACAGTACCAGACTCTGTCTCAAAA","GGCCGGGCATGGTGGCTCACACCTATAATGCCAGCACTTTGGGAGGCCAAGGCGGGAGGTCAGGAGTTCAAGACTAGCCTGGCCAACATGGTGAAACTAAAAATATAAAAATATAAAAATATAAAAATATAAAAATCTGCTGGGCATGGTGGTGCGCGCCTGTAGTCCCAGCTACTCAGGAGGCTGAGGCAGGAGAATCGCTTGAACCCGGGAGGGCAGGGGTTGCAGTGAGCTGAGATCGCACTACTGCACTCCATCCTGGGCGACAGAGTGAGACTCCATCTCAAAAAAAAAA"
"chr1","2053386","2053694","chr1","131937127","131937450","56","129883741","GGCCGGGCGCGGTGGCTCAAGCCTGTAATCCCAGCACTTTGGGAGGCCGAGGCGGGTGGATCACGAGGTCAACAGATCGAGACCATCCTGGTCAACATGGTGAAACCCCGTCTCTACTAAAAATACAAAAAATTAGCTGGGCATGGTGGCGCGTGCCTGTAATCCCAGCTACTCGGGAGGCTGAGGCAGGAGAATTGCCTGAACCCAGGGGGCGGAGGTTGCTGTGAGCCGAGATCGCGCCATTGCACTCCAGCCTGGGTAACAAGAGCGAAACTCCGTCTAAAAAAAAAAAAGAAAAGAGAAAAGAAA","GCCAGGTGCGGTGCCTCATGCCTGTAATCCCAGCACTTTGGGATGCCGAGGCGGGTGGATCACAAGGTCAGGAGTTCAAGACCAGCCTGGCCAACATAGTGAAACCCCGTCTCTACTAAACATACAAAAAATTAGCCGGGCGTGGTGGCAGGTGCCTGTAATCCCAGCTATTCAGGGAGGCTGAGGCAGGAGAATTGCTTGAACCTGGGAGGCGGAGGTTGCAGTGAGCCAAGATCGCACCACTGCACTCCAGCCCAGGTGACAATGCGAGACTCCATCTCAAATAAATACATAAATAAATAAATAAATAAACAAACAAACAAA"
"chr1","2176732","2177000","chr12","6861641","6861931","70","4684909","TCCCAGCACTTTGGGAGGCCAAGGCAGGTGAATCACGAGGTCAAGAGATCAAGACCATCCTGGTCAACATGGTGAAACCCCGTCTCTACTAAAAATACAAAAAATTAGCTGGGCATGGTGGCGCGTGCCTGTAATCCCAGCTACTCAGGAGGCTGAGGCAGGAGAATTGCTTGAACCCAGAAGGCGGAGGTTGCGGTGAGCCGAGATCGCGCCATTGCACTCCAGCCTGGGTAACAAGAGCGAAACTCCGTCTCAAAAAAAAAAAAGAA","CTTTGGGAGGCCGAGGCAGGTGGATCACCAGATCAGGAGTTCAAGACCAGCCTGGCCAACATAGTGAAACCCTGTCTCTACTAAAAATACAAAAAATTAGCTGAGCGTGGTGGCAGGCACCTGTAATCCCAGCTACTTGGGAGGCTGAGGCAGGAGAATTGCTTGAACCCGGGAGGTGGAGGTTGCAGTGAGCTGAGATCGCACCATAGCACTCCAGCCTGGGCGACAGTGTGAGACTCTGCCTCAAAACAACAACAACAACAAAAACAACAACAACAACGAAAAAAACAA"
"chr1","2218239","2218533","chr18","15009231","15009552","59","12790992","GGCCGGGCGTGGTGGCTCAAGCCTGTAATCCCAGCACTTTCGGAGGCCGAGGCGGGTGGATCACAAGGTCAAGAGATCGAGACCATCCTGGTCAACATGGTGAAACCCCGTCTCTACTAAAAATACAAAAAATTAGCTGGGCATGGTGGCGCGTGCCTGTAATCCCAGCTACTCGGGAGGCTGAGGCAGGAGAATTGCCTGAACCCAGGAGGCAGAGGTTGCGGTGAGCTGAGATCGAGCCATTGCACTCCAGCCTGGGTAACAAGAGCGAAACTCCGTCTCAAAAAAAAAAAAA","GCCAGGCGTGGTGGCTCATGCCTGTAATCCCAGCACTTTGGGAGGCCGAGGCGGGCAGATCACGAGGTCAGGAGTTCGAGACCAGCCTGACCAATATGGTGAAACCCCATCTCCACTAAAAACACACACACACACACACACACACACACACAAAATTAGCTGGGCGTGGTGGCACGTGCCTGTAGTCCCAGCTACTCAGGAGGCTGAGGCAGGAGAATTGCTTGAACCCAGGAGGCAGAGGTTGCAATGAGCTGAGATTGCACCATTGCACTCCAGCCTGGGTGACAGAGCGAGACTCCATCTCAAAGAAAAAAAAAAAGAA"
"chr1","2262805","2263097","chr14","38774640","38774953","67","36511835","GGCCAGGCACGATGGCTCACGTCTGTAATACTAGCACGTTGGGAGGCCAAGGCAGGCAAATCATGAGGTCAGGAGTTCAAGACCAACCTGACCAAGATGGTGAAACACAATCTCTACTAAAAATACAAAAAGATTAGCTGGGTGTAGTGGCGCGTGCCTATAGTCCCAGATACTCAGGAGGCTGAAGCAGAAGAATCGCCTTAACCCAGGAGGAAGAGGTTGCAGTGAGCCAAGATCACGCCACTGCCCTCCAGCCTGGGCAACAGAGTGAGACTCTATCTCAAATAAATAAA","GGCCAGGTGTGGTGGCTCACACCTGTAATACTAGCACTTTGGGAGGCCAAGGCGGGTGGATCACGAGGTCAGGAGATCAAGACCAGCCTGGCCAACATGGTGAAACCCCATCTCTACTTAAAAAAAAAAAAAAAAAAAAAAAAATTAGCTGGGTATAGTGGCGTGCACCTGCAGTCTCAGCTACTCGGGAGGCTGAGGCAGGAGAATCACTTGAACCCGGGAGGTGGAGGTTGCAGTGAGCCAAGATCAGGCCACTGCACTCCAGCCTGGGTGACAGAGTGAGACCCTGTCTCAAAAAAAAAAAAAAAAAAAAA"
"chr1","2311300","2311597","chr14","38774640","38774953","72","36463340","GGCCGGGTGTGGTGGTGCATGCCTGTCATACCAGCAGTTTGGGAGGCAGAGCCTGGCAGATTGCCTGAGCTCAGGAGTTCGAGACCAGCCTGAGCAACTGGTGAAACCCCATATCTACTAAAATACAAAAAATTAGCGGGGCTGGTGGCGTGCGCCTGTAGTCCCAGCTACTAGGGAGGCTGAGGCGGGACAATTGCAAGAACCTGAGAGGTGGAGGTTGCAGTGAGCCTATGTCACGCCACTGCACTCCAGCCTGGGTGACAGAGCAAGACTCCATCTCAAAAACATAAAGTAAAAA","GGCCAGGTGTGGTGGCTCACACCTGTAATACTAGCACTTTGGGAGGCCAAGGCGGGTGGATCACGAGGTCAGGAGATCAAGACCAGCCTGGCCAACATGGTGAAACCCCATCTCTACTTAAAAAAAAAAAAAAAAAAAAAAAAATTAGCTGGGTATAGTGGCGTGCACCTGCAGTCTCAGCTACTCGGGAGGCTGAGGCAGGAGAATCACTTGAACCCGGGAGGTGGAGGTTGCAGTGAGCCAAGATCAGGCCACTGCACTCCAGCCTGGGTGACAGAGTGAGACCCTGTCTCAAAAAAAAAAAAAAAAAAAAA"
"chr1","2315878","2316173","chr22","7510099","7510400","66","5194221","GGTGGGGCACGGTGGGTCACACCTGTAATCCCAGCACTTTGGGAGGCCGAGGCGGGTGGATCACGAGGTCAAGAGATTGAGATCATCCTGTCCAACATGGTGAAACCCCATCTCTACTAAAAATACAAAAAATCAGCTGGGCATGGTGGTGCATGCCTGTAATCCCAGCTACTCAGGAGGCTGAGGCAGGAGAATTGCCTGAACCCAGGAGGCGGAGGTTGTGGTGAGTCAAGATCGCACCATTGCACTCCTGCCTGGGTAACAAGAGCGAAACTCCGTCTCAAAAAAAAAAAAAA","GGCGGGTCACGGTGGCTCACGCCTGTAATCCCAGCACTTTGGGAGAGCGAGGCAGGCAGATCACGAGGTCAACATAGTGAAACTCTGTCTCCTAAATATACAAAAATACAAAATATACTAAAAATACAAAAATTAGCTGGGCATGGCGATGCGTGCCTGTAGTCCCAGGTACGCGGGAGGCTGAGGCAAGAGAATCGCTTGAACCCAGGAGGCAGAAGTTGTGAGCTGAGCATCGCACCACTGCACTCCAGCCTGGGCAACAGAGCGAGACTCTGTCTCAAGAAAAACGAAAAGAAAAGAAA"
"chr1","2329816","2330111","chr1","131937127","131937450","69","129607311","TCAAGCCTGTAATCCCAGCACTTTAGGAGGCCGAGGCGGGTGGATCACGAGGTCAAGATATCGAGACCATCCTGGTCAACATGGTGAAACCCCATCTCTACTAAAGATACAAAAAATTAGCTGGGCATGGTGGCGCACGCCTGTAATCCCAGCTACTCAGGAGGCTGAGGCAGGAGAATTGCCTGAACCCAGGAAGCGGAGGTTGTGGTGAGCTGAGATCGCTCCATTGCACTCCAGCCTGGGTAACAAGAGCAAAACTCCGTCTCAAAAAAAAAAAAAAAAAAAATTAAAGAAAA","GCCAGGTGCGGTGCCTCATGCCTGTAATCCCAGCACTTTGGGATGCCGAGGCGGGTGGATCACAAGGTCAGGAGTTCAAGACCAGCCTGGCCAACATAGTGAAACCCCGTCTCTACTAAACATACAAAAAATTAGCCGGGCGTGGTGGCAGGTGCCTGTAATCCCAGCTATTCAGGGAGGCTGAGGCAGGAGAATTGCTTGAACCTGGGAGGCGGAGGTTGCAGTGAGCCAAGATCGCACCACTGCACTCCAGCCCAGGTGACAATGCGAGACTCCATCTCAAATAAATACATAAATAAATAAATAAATAAACAAACAAACAAA"
"chr1","2335622","2335932","chr1","131937127","131937450","57","129601505","GGCCGGGTGCGGTGGCTCAAGCTTGTAATCCCAGCACTTTGGGGGGCCGAGGCGGATGGATCACGATGCCAAGAGATCTAGACCATCCTGGTCAACATGGTGAAACCCCGTCTCTACTAAAAATACAAAAAATTAGCTGGGCATGGTGGCGCGTGCCTGTAATCCCAGTTACTCAGGAGGCTGAGGCAGGAGAATTGCCTGAACCCAGGAGGTGGAGGTTGCGGTGAGCCGAGATCGCGCCATTGCACTCCAGCCTGGGTAACAAGAGCGAAACTCCGTCTCAAAAAAAAAAAAAGAAAAAGAAAAAGAAA","GCCAGGTGCGGTGCCTCATGCCTGTAATCCCAGCACTTTGGGATGCCGAGGCGGGTGGATCACAAGGTCAGGAGTTCAAGACCAGCCTGGCCAACATAGTGAAACCCCGTCTCTACTAAACATACAAAAAATTAGCCGGGCGTGGTGGCAGGTGCCTGTAATCCCAGCTATTCAGGGAGGCTGAGGCAGGAGAATTGCTTGAACCTGGGAGGCGGAGGTTGCAGTGAGCCAAGATCGCACCACTGCACTCCAGCCCAGGTGACAATGCGAGACTCCATCTCAAATAAATACATAAATAAATAAATAAATAAACAAACAAACAAA"
"chr1","2436097","2436370","chr9","46299315","46299628","76","43863218","TCACTCCTGTAATCCCAGCACTTTGGGAGGCCGAGGCGGGTGGATCACGGGGTCAAGAGATCGAGACCATCCTGGTCAACATAGTGAAACCCATCTCTACTAAAAATACAAAAAATTAGCTGGGCATGGTGGCGCGTGCCTGTAATCCCAGCTACTCAGGAGGCTGAGGCAGGAGAATTGCTTGAATCCAGGAGGCGGAGGTTGCGGTGAGCCGAGATCGCGCCATTGCACTCCAGCCTGGGTAACAAGAGCGAAACTCCGTCTCAAAAAAAAA","GGCCAGACACAGTGGCTCACGTCTGTAATCCCAGCACTTTGGGAGGCAGAGGCGGGTGGATCACAAGGTCAGGAGTTTGAGAGCAGCCTGGCCAACATAGTGAAACCCTGTCTCTACTAAAAATACAAAAAAATTAGCCAGGTGTGGTGGTGGGTGCCTGTAATCCCACCTACTCAGGAGGCTGAGGCTGAGGCTGAGGCTGAGGAGAATCGTTTGAATCTGGGAGGCAGAGGTGGCAGTGAGCCGAGATTGCGCTACTGCACTCCAGCCTGGGCGACAGTGTGAGACTCTGTCTCAAAAAAAAAAAAAAAAAA"
"chr1","2449585","2449889","chr14","38774640","38774953","57","36325055","GGCCGGGCGCGGTGGCTCAAGCCTGTAATCCCAGCACTTTGGGAGGCCGAGGCGGGTGGATCACGAGGTCAAGAGATCGAGACCATCCTGGTCAACATGGTGAAACCCCGTCTCTACTAAAAATTACAAAAAATTAGCTGGGTATGGTGGCGCTTGCCTGTAATCCCAGCTACTCAGGAGGCTGAGGCAGGAGAATTGCCTGAACCCAGGGGGCAGAGGTTGTGGTGAGCCGAGATCGCGCCATTGCACTCCAGCCTGGGTAACAAGAGCGAAACTCCATCTCAAAAAAAAAAAAAAAAAAAAAA","GGCCAGGTGTGGTGGCTCACACCTGTAATACTAGCACTTTGGGAGGCCAAGGCGGGTGGATCACGAGGTCAGGAGATCAAGACCAGCCTGGCCAACATGGTGAAACCCCATCTCTACTTAAAAAAAAAAAAAAAAAAAAAAAAATTAGCTGGGTATAGTGGCGTGCACCTGCAGTCTCAGCTACTCGGGAGGCTGAGGCAGGAGAATCACTTGAACCCGGGAGGTGGAGGTTGCAGTGAGCCAAGATCAGGCCACTGCACTCCAGCCTGGGTGACAGAGTGAGACCCTGTCTCAAAAAAAAAAAAAAAAAAAAA"
"chr1","2461508","2461824","chr1","131937127","131937450","86","129475619","GGCTGGGCATGGTGGCTCACACCTGTAATCCTAGCACTTTGGGAAGCTGAGGCGGGCGGTGGAGGGCAGGGTGGGAATACAAGGTCAGGAGTTTGAGACCAGTCTGGCCAACATCGTGAAACTCCCGTCTTTACTAAAAATACAAAAAATTAACCAGGTGTGGTGCTGTGTGCCTGTACTCGGGAGGCTGAGGAAGGAGAATTGAGTAAACCGGGAAGGCAGAGGTTGCAGTGAGCTGAGATCATACCAGTGCACTACAGCCCGGGTGACAGTGCAGGACTCCATCTCACAAAGAAAGAAAAAGAAAAAAAAAAAAA","GCCAGGTGCGGTGCCTCATGCCTGTAATCCCAGCACTTTGGGATGCCGAGGCGGGTGGATCACAAGGTCAGGAGTTCAAGACCAGCCTGGCCAACATAGTGAAACCCCGTCTCTACTAAACATACAAAAAATTAGCCGGGCGTGGTGGCAGGTGCCTGTAATCCCAGCTATTCAGGGAGGCTGAGGCAGGAGAATTGCTTGAACCTGGGAGGCGGAGGTTGCAGTGAGCCAAGATCGCACCACTGCACTCCAGCCCAGGTGACAATGCGAGACTCCATCTCAAATAAATACATAAATAAATAAATAAATAAACAAACAAACAAA"
"chr1","2514950","2515235","chr18","43221019","43221313","83","40706069","CTGGGCATGGTGGTTCACACCTGTAATCCCAGCACTTTGGTAGGACAAAGTGGGCAGATCACCAGGTCAGGAGATGAAGACCATCCTGGCCAACATTGTTAAACACTGACTTAACTAAAAATACAAAAAAAACTAGCCAGGCATGGCAGTGTGCACCTCTAGGCCCACCTACTTGGGTGGCTAAGGCAGGATAATTGCTTGAACTTGGGAGGCAGAGGCTGCAGTGAGCCAAGATCACACCACTGCAGTGTAACCTGGGTGACAGAGCCAGACTATGTCTCAAAAA","GGCCGGGCATGGTGGCTCACACCTATAATGCCAGCACTTTGGGAGGCCAAGGCGGGAGGTCAGGAGTTCAAGACTAGCCTGGCCAACATGGTGAAACTAAAAATATAAAAATATAAAAATATAAAAATATAAAAATCTGCTGGGCATGGTGGTGCGCGCCTGTAGTCCCAGCTACTCAGGAGGCTGAGGCAGGAGAATCGCTTGAACCCGGGAGGGCAGGGGTTGCAGTGAGCTGAGATCGCACTACTGCACTCCATCCTGGGCGACAGAGTGAGACTCCATCTCAAAAAAAAAA"
"chr1","2522269","2522557","chr9","46299315","46299628","96","43777046","GCCCAGCATGGTGACTCACTTACAGCAATTTGGGAAGCCGAAGTGGGTGGATTGCCTGAGCAAACTCCTTAGGGAGTTGGAGACCAGCCTGGGCAACATGTTGAAACCCTGCCTGTACTAAAATACAAAAAATTAGTTGCACATGGCAGCATTCACCCATAGTCCCAGCTACTCGGGAGGCTGAGGCAGAATTGCTTGAACCTGGGAAGCTGAGGTTGAAGTGAGCTGAGATGGCATCACTGCATTCCAACCTCAGTGACAGAGTGAGACACTGTCTCAAAAAAAAAAA","GGCCAGACACAGTGGCTCACGTCTGTAATCCCAGCACTTTGGGAGGCAGAGGCGGGTGGATCACAAGGTCAGGAGTTTGAGAGCAGCCTGGCCAACATAGTGAAACCCTGTCTCTACTAAAAATACAAAAAAATTAGCCAGGTGTGGTGGTGGGTGCCTGTAATCCCACCTACTCAGGAGGCTGAGGCTGAGGCTGAGGCTGAGGAGAATCGTTTGAATCTGGGAGGCAGAGGTGGCAGTGAGCCGAGATTGCGCTACTGCACTCCAGCCTGGGCGACAGTGTGAGACTCTGTCTCAAAAAAAAAAAAAAAAAA"
"chr1","2586319","2586616","chr18","15009231","15009552","67","12422912","GCCGAGCGCGGTGGCTCAAGCCTGTAATCCCAGCACTTTTCGAGGCCGAGGTGGGTGGATCATGAGGTCAAGAGATCGAGACCATCCTGGTCAACATGATGAAACCCCGTCTCTACTAAAAATACAAAAAATTAGCTGGGCATGGTGGCGCGTGCCTGTAATCCCAGCTTCTCAGGAGACTGAGGCAGGAGAATTGCCTGAACCCAGGGGGCGGAGGTTGTGGTGAGCCGAGATCACGCCATTGCACTCCAGCCTGGGTAACAAGAGCAAAACAACGTCTCAAAGAAAAAAAAAAAAA","GCCAGGCGTGGTGGCTCATGCCTGTAATCCCAGCACTTTGGGAGGCCGAGGCGGGCAGATCACGAGGTCAGGAGTTCGAGACCAGCCTGACCAATATGGTGAAACCCCATCTCCACTAAAAACACACACACACACACACACACACACACACAAAATTAGCTGGGCGTGGTGGCACGTGCCTGTAGTCCCAGCTACTCAGGAGGCTGAGGCAGGAGAATTGCTTGAACCCAGGAGGCAGAGGTTGCAATGAGCTGAGATTGCACCATTGCACTCCAGCCTGGGTGACAGAGCGAGACTCCATCTCAAAGAAAAAAAAAAAGAA"
"chr1","2642988","2643241","chr1","184312086","184312333","86","181669098","TGGGAGGGCAAGACGAGTGGATGGTGAGGTCAGGAGATAGAGACCCTCCTGGACAACATGGTGAAACCCCATCTCTACTAAAATACAAAAAATTAGCCAGACCTGGTGATGCAAACCTGTAGTCTCAGCTTCTCTGGAGGCTGAGGCAGGGGAATCGCTTAAACCAATGAGGAGGAGATTGCAGTAAGCTGAGGTCGTGCCACTGAACTCCAGCCTGGGTGACATAGCGAGACTCCATCTCAAAAATAAATAAA","GGAATTCGGAGACCAGCCTGGGCAACACGGTGAAAACCCATCTCTACTAAAATACAAAAAAAAAAAAAAAAAAAAAAAAAATTAGCCGGGCATGGCGGCGTGTGCCTGTTGTCCCAGCTACTCGGGAGGCTGAGGCAGGAGAATTGCTTGAACCTGGGAGGCAAAGGGTGCAGTAAGCCGAGATTGTGCCACTGCACTCCAGCCTGGGCAACAGAGCGAGACTCATCTCCAGAAAAAAAAAAAAAAAA"
"chr1","2712902","2713212","chr1","131937127","131937450","55","129224225","GCCGGGCGCGGTGGCTCAAGCCTGTAATCCCAGCACTTTGGGAGGCCTAGGCGGGTGGATCACGAGGTCAAGAGATCGAGACCACCCTGGTCAACATGGTGAAACCCCGTCTCTACTAAAAATACAAAAAATTAGCTGGGCATGGTGATGCGTGCCTGTAATCCCAGCTACTCAGGAGGCTGAGGCAGGAGAATTGCCTGAACCCAGGAGGTGGAGGTTGTGGTGAGCTGAGATCGCGCCATTGCACTCCAGCCTAGGTAACAAAAGCGAAACTCCGTCTCAAAAAAAACCAAAAAACCAAAAAAAAAAAA","GCCAGGTGCGGTGCCTCATGCCTGTAATCCCAGCACTTTGGGATGCCGAGGCGGGTGGATCACAAGGTCAGGAGTTCAAGACCAGCCTGGCCAACATAGTGAAACCCCGTCTCTACTAAACATACAAAAAATTAGCCGGGCGTGGTGGCAGGTGCCTGTAATCCCAGCTATTCAGGGAGGCTGAGGCAGGAGAATTGCTTGAACCTGGGAGGCGGAGGTTGCAGTGAGCCAAGATCGCACCACTGCACTCCAGCCCAGGTGACAATGCGAGACTCCATCTCAAATAAATACATAAATAAATAAATAAATAAACAAACAAACAAA"
"chr1","2717393","2717514","chr1","178999882","178999998","61","176282489","GGCTGGGCATAGTGGCTCACGCCTGTAATCTCAGTATTTTGGGAGTCCAAGGCAGTTGGGTCACAAGGTCAGCAGTTCGAGACTAGCCTGACCAACATGGTAAAATCCCACATGCACTAAAA","GGAGGTTGCAGTGAGCTAAGATCATGCCACTGCACTCCAGCCTTGGTGACAGAGTGAGACCCTTTATCAAAAACAACAACAACAACAACAACAACAACAAAACAGAAAAGAAAAAGA"
"chr1","2721334","2721637","chr14","38774640","38774953","52","36053306","GGCTGGGTGTGGTGGCTCACGCCTATAATCCCAGCACTTTGGGAGGCTGGGGCAGGTGGATCACAAGGTCAAGAGATCAAGACCATCCTGGTCAACATGGTGAAACCCCATCTCTACTAAAAATACAAAAAATTAGCTGGGCATGGTGGCGCGTGCCTGTAGTCCCAACTACTTGGGAGGCTGAGGCAGGAGAATTGCTTGAACCCAGAAGGTGGAGGTTGCGGTGAGCCGAGATCATGCCATTGCACTCCATTCTGGGTAACAAGAGTGAAACTCTGTCTCAAAAAAAAAAAAAAAAAAAGAA","GGCCAGGTGTGGTGGCTCACACCTGTAATACTAGCACTTTGGGAGGCCAAGGCGGGTGGATCACGAGGTCAGGAGATCAAGACCAGCCTGGCCAACATGGTGAAACCCCATCTCTACTTAAAAAAAAAAAAAAAAAAAAAAAAATTAGCTGGGTATAGTGGCGTGCACCTGCAGTCTCAGCTACTCGGGAGGCTGAGGCAGGAGAATCACTTGAACCCGGGAGGTGGAGGTTGCAGTGAGCCAAGATCAGGCCACTGCACTCCAGCCTGGGTGACAGAGTGAGACCCTGTCTCAAAAAAAAAAAAAAAAAAAAA"
"chr1","2747669","2747969","chr14","38774640","38774953","57","36026971","GGCCGGGCACGGTGGCTCAAGCCTGTAATCCCAGCACTTTAGGAGGCCGAGGCGGGTGGATCACGAGGTCAACAGATCGAGACCATCCTGGTCAACATGGTGAAACCCCGTCTCTACTAAAAACACAAAAAATTAGCTGGGCATGGTGGCGCATGCCTGTAATCCCAGCTACTCAGGAGGCTGAGGCAGGAGAATTGCCTGAACCCAGGAGGCAGAGGTTGCAGTGAGCCAAGATCGCGCCATTACACTCCAGCCTGGGTAACAAGAGCGAAACTCTGTCTCAAAAAAAAAAAAAAAAAAA","GGCCAGGTGTGGTGGCTCACACCTGTAATACTAGCACTTTGGGAGGCCAAGGCGGGTGGATCACGAGGTCAGGAGATCAAGACCAGCCTGGCCAACATGGTGAAACCCCATCTCTACTTAAAAAAAAAAAAAAAAAAAAAAAAATTAGCTGGGTATAGTGGCGTGCACCTGCAGTCTCAGCTACTCGGGAGGCTGAGGCAGGAGAATCACTTGAACCCGGGAGGTGGAGGTTGCAGTGAGCCAAGATCAGGCCACTGCACTCCAGCCTGGGTGACAGAGTGAGACCCTGTCTCAAAAAAAAAAAAAAAAAAAAA"
"chr1","2837947","2838259","chr1","131937127","131937450","66","129099180","GGCCGGGCGCGATGGCTCAAGCCTGTAATCCCAGCACTTTGGGAGGCCGAGGTGGGTGGATCACGAGGTCAACAGATCGAGACCATCCCGGTCAATATGGTGAAACCCCGTCTCTACTAAAAATGCAAGAAATTAGCTGGGCACGGTGGCGCGTGCCTGTAATCCCAGCTACTCAGGAGGCTGAGGCAGGAGAATTGCCTGAACCCAGGAGGCGGAGGTTGCGGTGAGCCCCAGCCTGGGTAACAAGAATGAAACTCTGTCTCAAAAATAAATAAATAAATAAATAAATAAATAAATAAATAAATAAATAAAT","GCCAGGTGCGGTGCCTCATGCCTGTAATCCCAGCACTTTGGGATGCCGAGGCGGGTGGATCACAAGGTCAGGAGTTCAAGACCAGCCTGGCCAACATAGTGAAACCCCGTCTCTACTAAACATACAAAAAATTAGCCGGGCGTGGTGGCAGGTGCCTGTAATCCCAGCTATTCAGGGAGGCTGAGGCAGGAGAATTGCTTGAACCTGGGAGGCGGAGGTTGCAGTGAGCCAAGATCGCACCACTGCACTCCAGCCCAGGTGACAATGCGAGACTCCATCTCAAATAAATACATAAATAAATAAATAAATAAACAAACAAACAAA"
"chr1","2839811","2840111","chr14","38774640","38774953","56","35934829","GGCCGGGCGCGGTGGCTCAAGCCTGTAATCCCAGCACTTTGGGAGGCCGAGGCAGGTGGATCACGAGGTCAAGAGATCGAGACCATCCTGGTCAACATGGTGAAACCCCGTCTCTACTAAAAATACAAAAAATTAGCTGGGCATGGTGGCGCGTGCCTGTAATCCCAGCTACTCAGGAGGCTGAGGCAGGAGAATTGCCTGAACCCAGGAGGCGGAGGTTGTGGTGAGCCGAGATCGCGCCATTGCACTCCAGCCTGGGTAACAAGAGCGAAACTCCGTCTCAAAAAAAAAAAAAAAAAAA","GGCCAGGTGTGGTGGCTCACACCTGTAATACTAGCACTTTGGGAGGCCAAGGCGGGTGGATCACGAGGTCAGGAGATCAAGACCAGCCTGGCCAACATGGTGAAACCCCATCTCTACTTAAAAAAAAAAAAAAAAAAAAAAAAATTAGCTGGGTATAGTGGCGTGCACCTGCAGTCTCAGCTACTCGGGAGGCTGAGGCAGGAGAATCACTTGAACCCGGGAGGTGGAGGTTGCAGTGAGCCAAGATCAGGCCACTGCACTCCAGCCTGGGTGACAGAGTGAGACCCTGTCTCAAAAAAAAAAAAAAAAAAAAA"
"chr1","2920321","2920598","chr9","46299315","46299628","77","43378994","CCTGTAATCCCAGCACTTTGGGAGGCCGAGGCGGGTGGATCATGAGGTCAAGAGATTGAGACCATCCTGGTCAACATGGTAAAACCCTGTCTCTACTAAAAATACAAAAAATTAGCTGGGCATGCTGGTGCATGCCTGTAATCTCAGCTACTCAGGAGGCTGAGACAGGAGAATTGCCTGAATCCAGGAGGTGGAGGTTGCGGTGAGCCGAGATCGCGCCATTGCACTCCAGCCTGGGTAACAAGAGCGAAACTCCGTCTCCAGAAAAAAAAAAAAAA","GGCCAGACACAGTGGCTCACGTCTGTAATCCCAGCACTTTGGGAGGCAGAGGCGGGTGGATCACAAGGTCAGGAGTTTGAGAGCAGCCTGGCCAACATAGTGAAACCCTGTCTCTACTAAAAATACAAAAAAATTAGCCAGGTGTGGTGGTGGGTGCCTGTAATCCCACCTACTCAGGAGGCTGAGGCTGAGGCTGAGGCTGAGGAGAATCGTTTGAATCTGGGAGGCAGAGGTGGCAGTGAGCCGAGATTGCGCTACTGCACTCCAGCCTGGGCGACAGTGTGAGACTCTGTCTCAAAAAAAAAAAAAAAAAA"
"chr1","2941613","2941884","chr20","33014435","33014698","75","30072822","GCCAGGCGCAGTTGCTCAAGCCTGTAATCCCAGCACTTTGGGAGGCTGAATCAGGTGGATCACAAGGTCAAGAGATTGAGACCATCCTGGTCAACATGGTGAAACCCCGTCTCTACTAAAAATACAAAAAATTAGCTGGGCATGGTGGCGCGTGCCTGTAATCCCAGCTACTCAGGAGGCTGAGGCAGGAGAATTGCCTGAACCCAGGAGGCGGAGGTTGCGGTGAGCCGAGATCGCGCCATTGCACTCCAGCCTGGGTAACAAGAGCAAAA","GGCCAAGCCCAGTGGCTCACAGCTGTAATCCCAGCACTTTCAGAGGCCAAGGTGGGCAGATCACGAGGTCAGGAGTTCAAGACCAACCTGGCCAACATAGTAAAAACCCGTCTCTACTAAAAAAAAAAAAAAAAAAAAAAAAAGCCAGGCATGGTGGCACGTGCCTGTAGTCCCAGCTACTTGGGAGGCTGAGGCAGGAGAATCACTTGAACCTGAGAGGCGGAGGTTGTGGAGAGTCAAGATCATGCCACTGCACTCCAGTCT"
"chr1","3012611","3012900","chr9","46299315","46299628","69","43286704","CCAGGCATGGTGGCTCATGCCTTTAATCCCAGCATTTTGGGAGGCCCAGGCGAGTGGATCACAAGGTCAGGGGTTCAAGACCAGCCTGGCCAATGTGGTGAAACCCTGTTTCTACTAAAGATACAAAAAATTAGCCAGGCATGATGGAGCACACCTGTAATCCCAGCTACTTGAGACACTGATGCAGGAGGATCCCTTGAACCTGGGAGGTGGAGGTTGCAGTGAGCCGATTGCGCCATTGAACTCCAGCCTAGGCAACAGGGTGAGACTCTGTCTCAAAAACAAACAAA","GGCCAGACACAGTGGCTCACGTCTGTAATCCCAGCACTTTGGGAGGCAGAGGCGGGTGGATCACAAGGTCAGGAGTTTGAGAGCAGCCTGGCCAACATAGTGAAACCCTGTCTCTACTAAAAATACAAAAAAATTAGCCAGGTGTGGTGGTGGGTGCCTGTAATCCCACCTACTCAGGAGGCTGAGGCTGAGGCTGAGGCTGAGGAGAATCGTTTGAATCTGGGAGGCAGAGGTGGCAGTGAGCCGAGATTGCGCTACTGCACTCCAGCCTGGGCGACAGTGTGAGACTCTGTCTCAAAAAAAAAAAAAAAAAA"
"chr1","3273527","3273738","chr5","23483728","23483956","79","20210201","AGCCTGGCCAACATTGCAAAACCCCCTTTCTACTAAAAATACAAAAAAATTAGCTGGGTTTGCTGGTTTGTGCCTATAGTCCCAGCGACTCGGGCAGCTGAAACAGGAGAATTTCAACCAAGGAGGCAGAAGTCGCAGTGAGTGGAGATTGTGTCATTTAACTCCAGCCTGGGTTACAGAGCAAGACTCGGTCAGAAAAAAAAAAAAAAAAA","ACCAGTCCAGGCAACATGGGAAAACCCCACCTCTCCTGAAAACAAACAAACAAACAAACAAACAAAAATAGCCGAGTATGGTGATGTGTGCCTGTAGTCCCAGCTATTCAGGAAGCTGAGGAGGGAGGGTCTCTTGAACCTGGGAGATAGAGCTTGCAGTGAGCTGAGATCACACCACTGTATTCTAGCCTGGGCAACAAAATGAGATCCAGTCAAAAAAAAAAAAAAA"
"chr1","3303458","3303728","chr12","6861641","6861931","59","3558183","GGGAGGCCGAGGCGGGTGCATCACGAGGTCAAGATATCGAGACCATCCTGGTCGACATGGTGAAACCCCGTCTCTACTAAAAATACAAAAAATTAGCTGGGCATGGTGGCGCGTGCCTGTAATCCCAGCTACTCAGGAGGCTGAGGCAGGAGAATTGCCTGAACCCAGGAGGCGGAGATTGCGGTGAGCCGAGATCGCGCCATTGCACTCCAGCCTGGGTAACAAGAGCGAAACTCCATCTCAAAAAAAAGAAAAAAAAAAAAAAAAAAAA","CTTTGGGAGGCCGAGGCAGGTGGATCACCAGATCAGGAGTTCAAGACCAGCCTGGCCAACATAGTGAAACCCTGTCTCTACTAAAAATACAAAAAATTAGCTGAGCGTGGTGGCAGGCACCTGTAATCCCAGCTACTTGGGAGGCTGAGGCAGGAGAATTGCTTGAACCCGGGAGGTGGAGGTTGCAGTGAGCTGAGATCGCACCATAGCACTCCAGCCTGGGCGACAGTGTGAGACTCTGCCTCAAAACAACAACAACAACAAAAACAACAACAACAACGAAAAAAACAA"
"chr1","3342696","3342991","chr18","15009231","15009552","67","11666535","GGCCGGGCGCAGTGGCTCAAGCCTGTAATCCCAGCACTTTGGGAAGCCGAGACGGGTGGATCACGAGGTCAACAGATCGAGACCATCCTGGTCAACATGGTGAAACCCCGTCCCTATTAAAAATACAAAAAATTAGCTGGGCACGGTGGTGCGTGCCTGTATTCCCAGCTACTCAGGAGGCTGAGGCAGGAGAATTGCCTGAACCCAGGAGGTAGAGGTTGTGGTGAGCTGAGATTGCGCCTATGCACCCAGCCTGGGTAACAAGAGCGAAACTCCGTCTCAAAAAGAAAGAAAAA","GCCAGGCGTGGTGGCTCATGCCTGTAATCCCAGCACTTTGGGAGGCCGAGGCGGGCAGATCACGAGGTCAGGAGTTCGAGACCAGCCTGACCAATATGGTGAAACCCCATCTCCACTAAAAACACACACACACACACACACACACACACACAAAATTAGCTGGGCGTGGTGGCACGTGCCTGTAGTCCCAGCTACTCAGGAGGCTGAGGCAGGAGAATTGCTTGAACCCAGGAGGCAGAGGTTGCAATGAGCTGAGATTGCACCATTGCACTCCAGCCTGGGTGACAGAGCGAGACTCCATCTCAAAGAAAAAAAAAAAGAA"
"chr1","3361413","3361718","chr1","131937127","131937450","57","128575714","GGGCAGGCGCAGTGGCTCAAGCCTGTAATCCCAGCACTTTGGGAGGCTGAGGCGGGTGAATCACGAGGTCAAGAGATCGAGACCATCCTGGTCAACATGGTGAAACCCCGTCTCTACTAAAAATACAAAAAATTAGCTGGGCATGGTGGCGCGTGCCTGTAATCCCAGCTACTCAGGAGGCTGAGGCAGGAGAATTGCCTGAACCCAGGAGGCGGAGGTTGCGGTGAGCCGAGATCGCGCCATTGCACTCCAGCCTGGGTAACAAGGGCAAAACTCCGTCTCAAAAAAAAAAAAAAAAAAAAAAAA","GCCAGGTGCGGTGCCTCATGCCTGTAATCCCAGCACTTTGGGATGCCGAGGCGGGTGGATCACAAGGTCAGGAGTTCAAGACCAGCCTGGCCAACATAGTGAAACCCCGTCTCTACTAAACATACAAAAAATTAGCCGGGCGTGGTGGCAGGTGCCTGTAATCCCAGCTATTCAGGGAGGCTGAGGCAGGAGAATTGCTTGAACCTGGGAGGCGGAGGTTGCAGTGAGCCAAGATCGCACCACTGCACTCCAGCCCAGGTGACAATGCGAGACTCCATCTCAAATAAATACATAAATAAATAAATAAATAAACAAACAAACAAA"
"chr1","3379626","3379914","chr18","43221019","43221313","71","39841393","GGCTGGGTGCGGTGGCTCAAGCCTATGATCCCAGCACTTTGGGAGGCCGAGATGGGTGGATCACAAGGTCGAGAGATCGAGACCATCCTGGTCAACATTGTGAAACCCCATCTCTATTAAAAATACAAAAAGTTAGCTGGGCATGGTGGCGCGTGCCTGTAATCCCAGCTACTCAGGAGGCTGAGGCAGGAGAATTGCCTGAACCCAGGAGGCAGAGGTTGCGGTGAGCCGAGATCGTGCCACTGTATTCCAGCCTGGGTAACAAGAGTGAAACTCCGTCTCAAAAAAA","GGCCGGGCATGGTGGCTCACACCTATAATGCCAGCACTTTGGGAGGCCAAGGCGGGAGGTCAGGAGTTCAAGACTAGCCTGGCCAACATGGTGAAACTAAAAATATAAAAATATAAAAATATAAAAATATAAAAATCTGCTGGGCATGGTGGTGCGCGCCTGTAGTCCCAGCTACTCAGGAGGCTGAGGCAGGAGAATCGCTTGAACCCGGGAGGGCAGGGGTTGCAGTGAGCTGAGATCGCACTACTGCACTCCATCCTGGGCGACAGAGTGAGACTCCATCTCAAAAAAAAAA"
"chr1","3394280","3394583","chr14","38774640","38774953","60","35380360","GGCCAGGCGCGGTGGCTCACGCCTGTAATCCCAGCACTTTGGGAGGCCGAGGCTGGTGGATAACAAGGTCAAGAGATCGAGACCATCCTGGTCAACATGGTGACACCCCGTCTCTACTAAAAATACAAAAAATTAGCTGGGCATGGTGGCGTGTGCCTGTAATCCCAGCTACTCAGGAGGCTGAGGCAGGAGAATTGCCTGAACCCAGGAGGCGGAGGTTGCGGTGAGCCGAGATCGCACCATTGCACTCAAGCATGGGTAACCAGAGCAAAACTTCGTCTCAGGAAAAAAAAAAAAAAAAAAA","GGCCAGGTGTGGTGGCTCACACCTGTAATACTAGCACTTTGGGAGGCCAAGGCGGGTGGATCACGAGGTCAGGAGATCAAGACCAGCCTGGCCAACATGGTGAAACCCCATCTCTACTTAAAAAAAAAAAAAAAAAAAAAAAAATTAGCTGGGTATAGTGGCGTGCACCTGCAGTCTCAGCTACTCGGGAGGCTGAGGCAGGAGAATCACTTGAACCCGGGAGGTGGAGGTTGCAGTGAGCCAAGATCAGGCCACTGCACTCCAGCCTGGGTGACAGAGTGAGACCCTGTCTCAAAAAAAAAAAAAAAAAAAAA"
"chr1","3397401","3397711","chr1","131937127","131937450","53","128539726","GGCCGGGCGCGGTGGCTCAAGCCTGTAATCCCAGCACTTTGGGAGGCCGAGGCGGGTGGATCACGAGGTCAACAGATCGAGACCATCTTGGTCAACATGGTGAAACCCCGTCTCTACTAAAAATACAAAAAATTAGCTGGGCATGGTGGCGCGTGCCTGTAATCCCAGCTACTCAGGAGGCTGAGGCAAGAGAATTACTTGAACCCAGGAGGCAGAGGTGGCGGTGAGCCAAGATCGCGCCATTGCACTCCAGCCTGGGTAACAAGAGTGAACTCCGTCTCAAAAAAAAAAAAAAAAAAAAAAAAAAGAAA","GCCAGGTGCGGTGCCTCATGCCTGTAATCCCAGCACTTTGGGATGCCGAGGCGGGTGGATCACAAGGTCAGGAGTTCAAGACCAGCCTGGCCAACATAGTGAAACCCCGTCTCTACTAAACATACAAAAAATTAGCCGGGCGTGGTGGCAGGTGCCTGTAATCCCAGCTATTCAGGGAGGCTGAGGCAGGAGAATTGCTTGAACCTGGGAGGCGGAGGTTGCAGTGAGCCAAGATCGCACCACTGCACTCCAGCCCAGGTGACAATGCGAGACTCCATCTCAAATAAATACATAAATAAATAAATAAATAAACAAACAAACAAA"
"chr1","3404539","3404816","chr16_NW_019937290v1_random","735974","736277","82","2668565","CTGTAATCCCAGCACTTTGGGAGGACGAGGCCGGTGGATCACGAGGTCAAGAGATCGAGACCATCCAGGTCAACATGGTGAAACCCCGTCTCTACTAAAAATATAAAAAATTAGCTGGGCATGGTGGTGCATGCCTTTAATCCCAGCTACTCAGGAGGCTGAGGCAGGAGAATTGCCTGAACCCAGGAGGTGGAGGTTGTGGTGAGCTGAGATGGCGCCATTGCATTCCAGCCTGGGTAAGAAGAGCAAAACTCCGTCTCAGTAAATAAATAAATAAA","CTGGGTGTGGTGCCTCACACCTGTAATCCGAGCACTTTGAGAGGCTGAGGTGGGTGGATCACAAGGTCAGGAGTTCGAGACCAGCCTGACTAACATGGTGAAACCCCTTCTCTACTAAAAAAAAAAAAAAAAAAAAAAAAATTGGCCAGGCCTGGTGGTGTGTGCCTATAGCCCCAGCTACTCAGGGGGGTGAGGCAGGAGAATTGCCTGAACCTGGGAGGTGGAGGTTGCAGTGAGCTGAGGTCGTGCCACTGCACTCCAGCCTGGACGACAATGCGAGACTCCATCTCAAAAAAAAAAAAAA"
"chr1","3423788","3424028","chr20","33014435","33014698","83","29590647","TGTAATCCCAGCACTTTGGGAGGCCGAGGCGGGTGGATCACGAGGTCAACAAATCGAGACCATCCTGGTCAACATGGTGAAACCCCGTCTCTACTAAAAATACAAAAAATTAGCTGGGCATGGTGGCGCGTGCCTGTAATCCCAGCTACTCAGGAGGCTGAGCAGGAGAATTTGCCTGAACCCAGGAGGCGGAGTTGCGGTGAGCCGAGATCGCGCCATTGCACCTCCAGCCTGGGTAACA","GGCCAAGCCCAGTGGCTCACAGCTGTAATCCCAGCACTTTCAGAGGCCAAGGTGGGCAGATCACGAGGTCAGGAGTTCAAGACCAACCTGGCCAACATAGTAAAAACCCGTCTCTACTAAAAAAAAAAAAAAAAAAAAAAAAAGCCAGGCATGGTGGCACGTGCCTGTAGTCCCAGCTACTTGGGAGGCTGAGGCAGGAGAATCACTTGAACCTGAGAGGCGGAGGTTGTGGAGAGTCAAGATCATGCCACTGCACTCCAGTCT"
"chr1","3516639","3516945","chr1","131937127","131937450","56","128420488","GGCCAGGCGCGGTGGGTCAAGCCTGTAATCCCAGCACTTTGGGAGGCCGAGGCGGGTGGATCACGAGGTCAACAGATCGAGACCATCCTGGTCAACATGGTGAAACCCCGTCTCTACTAAAAATACAAAAAATTAGCTGGGCATGGTGGCGTGTGCCTGTAATCCCAGCTACTCGGGAGGCTGAGGCAGGAGAATTGCCTGAACCCAGGAGGCAGAGGTTGCAGTGAGCCGAGATTGCGCCATTGCACTCCAGCCTGGGTAACAAGAGCGAAACTCCGTCTCAAAAAAAAAAAAAAAGAAAGAAAAA","GCCAGGTGCGGTGCCTCATGCCTGTAATCCCAGCACTTTGGGATGCCGAGGCGGGTGGATCACAAGGTCAGGAGTTCAAGACCAGCCTGGCCAACATAGTGAAACCCCGTCTCTACTAAACATACAAAAAATTAGCCGGGCGTGGTGGCAGGTGCCTGTAATCCCAGCTATTCAGGGAGGCTGAGGCAGGAGAATTGCTTGAACCTGGGAGGCGGAGGTTGCAGTGAGCCAAGATCGCACCACTGCACTCCAGCCCAGGTGACAATGCGAGACTCCATCTCAAATAAATACATAAATAAATAAATAAATAAACAAACAAACAAA"
"chr1","3542133","3542438","chr1","131937127","131937450","67","128394994","GGCCGGGCACAGTGGCTCAAGCCTGTAATCCCAGCATTTTGGGAGGCCGAGGCAGGTGGATCATTGGGTCAAGAGATCGAGACCATCCTGGTCAACATGGTGAAACCCCGTCTCTACTAAAAATACAAAAAATTAGCTGGGCATGGTGGTGCATGCCTGTAATCCCAGCTACTCAGGAGGCTGAGGCAGAAAAATTGCCTGAACCGAGGAGGCGGAGGTTGCGGTGAGCTGAGATCACACCATTGCATTCCAGCCTGGGTAACAAGAGCGAAACTCTGTCTAAAAAAAAAAAAAGAAAGAAAGAAA","GCCAGGTGCGGTGCCTCATGCCTGTAATCCCAGCACTTTGGGATGCCGAGGCGGGTGGATCACAAGGTCAGGAGTTCAAGACCAGCCTGGCCAACATAGTGAAACCCCGTCTCTACTAAACATACAAAAAATTAGCCGGGCGTGGTGGCAGGTGCCTGTAATCCCAGCTATTCAGGGAGGCTGAGGCAGGAGAATTGCTTGAACCTGGGAGGCGGAGGTTGCAGTGAGCCAAGATCGCACCACTGCACTCCAGCCCAGGTGACAATGCGAGACTCCATCTCAAATAAATACATAAATAAATAAATAAATAAACAAACAAACAAA"
"chr1","3662429","3662738","chr1","131937127","131937450","52","128274698","GGCCGGGCGCGGTGGCTCAAGCCTGTAATCCCAGCACTTTGGGAGGCCGAGGCGGGTGGATCACGAGGTCAAGAGATCGAGACCATCTTGGTCAACATGGTGAAACCCCGTCTCTACTAAAATTACAAAAAATTAGCTGGGCATGGTGGCGCGTGCCTGTAATCCCAGCTACTCAGGAGGCTGAGGCAGGAGAATTGCCTGAACCCAGGAGGCGGAGGTTGCGGTGAGCCGAGATCGCGCCATTGCACTCCAGCCTGGGTAACAAGAGCGAAACTCCGTCTCAAAAAAAAAAAAAAAAAAAAAAAAGAAA","GCCAGGTGCGGTGCCTCATGCCTGTAATCCCAGCACTTTGGGATGCCGAGGCGGGTGGATCACAAGGTCAGGAGTTCAAGACCAGCCTGGCCAACATAGTGAAACCCCGTCTCTACTAAACATACAAAAAATTAGCCGGGCGTGGTGGCAGGTGCCTGTAATCCCAGCTATTCAGGGAGGCTGAGGCAGGAGAATTGCTTGAACCTGGGAGGCGGAGGTTGCAGTGAGCCAAGATCGCACCACTGCACTCCAGCCCAGGTGACAATGCGAGACTCCATCTCAAATAAATACATAAATAAATAAATAAATAAACAAACAAACAAA"
"chr1","3726068","3726377","chr3","13063317","13063638","57","9337249","GGCCGGGGGTGGTGGCTCACGCCTGTAATTTCAGCACTTTGGGAGGCCAAGGTGGGTGGATCATGAGGTCAGGAGATCGAGACCATCCTGGTCACCATGGTGAAACCCAGTCTCTACTAAATACAAAAAACTAGCTGGGCGTGGTGGCGCGTGCCTGTAATCCCAGCTACTCAGGAGGCTGAGGCAGGAGAATTGCCTGAACCCAGGAGGCGGAGGTTGCGGTGAGCGGAGATGGCGCCGTTGCACTCCAGCCTGGGTAACAAGAGCGAAACTTCGTCTCAAAAAAAACAAAAACAAAAACAAAAACAAA","GGCCGGGCACGATGGCTCACGCCTATAATCCCAGCACTTTGGGAGGCCAAGGTGGGCAGATCACGAGGTCAGGAGTTCGAGACCAGTCTGGCCAACATAGTGAAACCCTGTCTCTACTAAAAATACACAAAAAATTAGCCAGGTGTGGTGGCAGGTGCCTGTCATCCCAGCTACTCAGGTGGCTGAGGCAGGAGAATCGCGTGAACCCGGGAGGCGGAGGTTGCAGTGAGCCAAGATCGTGCCACTGCACTCCAGCCTGGGCAACAGAACGAGACTACATATCAAAAAAAAAAAAAAAAAAAAAAAAATCCCAAAAAACAAA"
"chr1","3763711","3764017","chr1","131937127","131937450","56","128173416","GGCCAGGTGCGGTGGCTCAAGCCTGTAATCCCAGCACTTTGGGAGCCCGAGGCGGGTGGATCACGAGGTCAAGAGATCGAGACCATCCTGGTCAACATGGTGAAACCCCGTCTCTACTAAAAATACAAAAAATTAGCTGGGCATGGTGGCGCCTGCCTGTAATCCCAGCTACTCAGGAGGCTGAGGCAGGAGAATTGCCTGAACCCAGGAGGCGGAGGTTGCAGTGAACCGAGATCGCGCCATTGCACTCCAGCCTGGGTAACAGCAGCGAAACTCCGTCTCAAAACAAACAAACAAACAAAAAAAC","GCCAGGTGCGGTGCCTCATGCCTGTAATCCCAGCACTTTGGGATGCCGAGGCGGGTGGATCACAAGGTCAGGAGTTCAAGACCAGCCTGGCCAACATAGTGAAACCCCGTCTCTACTAAACATACAAAAAATTAGCCGGGCGTGGTGGCAGGTGCCTGTAATCCCAGCTATTCAGGGAGGCTGAGGCAGGAGAATTGCTTGAACCTGGGAGGCGGAGGTTGCAGTGAGCCAAGATCGCACCACTGCACTCCAGCCCAGGTGACAATGCGAGACTCCATCTCAAATAAATACATAAATAAATAAATAAATAAACAAACAAACAAA"
"chr1","3818968","3819255","chr3","18778695","18779003","79","14959727","GGCTGGGCATGGTGGCTCATGCCCGTAATCCCAGCACTTAGGGAGGCTGCGATGGGTGGATCACGAGGTCAGGAGTTTGAGACCAGCCTGGCCAGTATGGTGAAACCCCCATCTCTACTAAAAATATTTAAAAAGTTAAACAGGCATGATGGCGCAGGTCTGTAGTCCCAGCTACTCAGGAGACTAAGGCAGGAGAATCGCTTGAACCTAGGAAGCAGAGACTGTACCGAGCCCAGATCTTGTCACTGCACTCCAGCCTGGGCGACAGAGTGAGACTATGTCTCAAAA","GGCCAGGTGCAGTGGCTCACGCCTGCAATCCCAGCACTTTAGGAGGCCGAGGTGGGAAGATCACAAGGTCAGGAGTTCGAGACCAGCCTGACCAATATGGTGAAACCCCATCTCTACTAAAAATACAAAAAAAAAAAAAAAAAAAAAAAAAAAAGCTGGGTGTCGTGGTGGGCACCTGTAGTTCCAGCTACTAGGGAGGCTGAGGCAGGAGAATGGTTTGAACCTGAGAGATGGAGGTTACAGTGAGCCAAGATCGTGCCACTGCACTCCAGCCTGGGCAACAGAGTGAGACTCTGTCTCAAAAAAAAA"
"chr1","3917553","3917864","chr3","13063317","13063638","62","9145764","GGCCGTGAGCGGTGGCTCAAGCCCGTAATCCCAGCGCTTTGGGAGGCCGAGGTCGGCGGATCACGAGGTCAGGAGATCGAGACCACCCTGATCAACATGGTGAAACCCGTCTCTACTAAAAATACAGAAAAAAAGTAGCTGGGCATGGTGGCGCGTGCCTGTGGTCCCAGCTACTCGGGAGGCTGAGGCAGGAGAATTGCCTGAACCCAGGAGGCGGAGGTTGCAGTGAGCCGGGATTGTGCCATTGCACTCCAGACTGGGTAACAAGAGCGAAACTCCGTCTCAAAAAAAAGAAAGAAAGAAAGAAAGAAA","GGCCGGGCACGATGGCTCACGCCTATAATCCCAGCACTTTGGGAGGCCAAGGTGGGCAGATCACGAGGTCAGGAGTTCGAGACCAGTCTGGCCAACATAGTGAAACCCTGTCTCTACTAAAAATACACAAAAAATTAGCCAGGTGTGGTGGCAGGTGCCTGTCATCCCAGCTACTCAGGTGGCTGAGGCAGGAGAATCGCGTGAACCCGGGAGGCGGAGGTTGCAGTGAGCCAAGATCGTGCCACTGCACTCCAGCCTGGGCAACAGAACGAGACTACATATCAAAAAAAAAAAAAAAAAAAAAAAAATCCCAAAAAACAAA"
"chr1","3951096","3951400","chr1","131937127","131937450","56","127986031","GGCCGGGCGCGGTGGCTCAAGCCTGTAATCCCAGCACTTTGGGAGGCGAGGCGGGTGGATCACGAGGTCAACAGATCGAGACCATCCTGGTCAACATGGTGAAACCCCGTCTCTACTAAAAATACAAAAAATTAGCTGGGCATGGTGGCGCGTGCCTGTAATCCCAGCTACTCAGGAGGCTGAGGCAGGAGAATTGCCTGAACCCAGGAGGCGGAGGTTGCCGTGAGCTGAGATCGCGCCATTGCACTCCAGCCTGGGTAACAAGAGCGAAACTCCGTCTCAAAAAAAAAAAAAAAAAAAAAAAA","GCCAGGTGCGGTGCCTCATGCCTGTAATCCCAGCACTTTGGGATGCCGAGGCGGGTGGATCACAAGGTCAGGAGTTCAAGACCAGCCTGGCCAACATAGTGAAACCCCGTCTCTACTAAACATACAAAAAATTAGCCGGGCGTGGTGGCAGGTGCCTGTAATCCCAGCTATTCAGGGAGGCTGAGGCAGGAGAATTGCTTGAACCTGGGAGGCGGAGGTTGCAGTGAGCCAAGATCGCACCACTGCACTCCAGCCCAGGTGACAATGCGAGACTCCATCTCAAATAAATACATAAATAAATAAATAAATAAACAAACAAACAAA"
"chr1","3963733","3964020","chr3","18778695","18779003","74","14814962","CCAGGTACCATGGCTCAAGCCTGTAATCCCAGCACTTTGGGAGGCCGAGGCGGGTGTATCATGAGGTTAAGAGATCGAGACCACCCTGGTCAATATGGTGAAACCCCGTCTCTACTAAAAATACAAAAAATTAGCTGGGCATGGTGGTGCGTGCCTGTAATCCCAGCTTCTCAGGAGGCTGAGGCAGGAGAATTGCCTGAACCCAGGAGGCGGAGGCTGCGGTGAGCCGAGATGGAGCCATTGCACTCCAGCCTGGGTAACAAGAACGAAACTCTGTCTAAAAAAAAA","GGCCAGGTGCAGTGGCTCACGCCTGCAATCCCAGCACTTTAGGAGGCCGAGGTGGGAAGATCACAAGGTCAGGAGTTCGAGACCAGCCTGACCAATATGGTGAAACCCCATCTCTACTAAAAATACAAAAAAAAAAAAAAAAAAAAAAAAAAAAGCTGGGTGTCGTGGTGGGCACCTGTAGTTCCAGCTACTAGGGAGGCTGAGGCAGGAGAATGGTTTGAACCTGAGAGATGGAGGTTACAGTGAGCCAAGATCGTGCCACTGCACTCCAGCCTGGGCAACAGAGTGAGACTCTGTCTCAAAAAAAAA"
"chr1","4002438","4002752","chr1","131937127","131937450","51","127934689","GGCCTGGCGAGGTGGCTCACACCTGTAATCCCAGCACTTTGGGATGCCGAGGCGGGTGGATCACGAGGTCAAGAGATCAAGACCATCCTGGTCAACATGGTGAAACCCCGTCTCTACTAAAAATACAAAAAATTAGCTGGGCATGGTGGTGCGTGCCTGTAATCCCAGCTACTCAGGAGGCTGAGGCAGGAGAATTGCCTGAACCCAGGAGGCGGAGGTTGCGGTGAGCCGAGATCGCACCATTGCACTCCAGCCTGGGTAACAAGAGCGAAACTCTGTCTCAAACAAACAAGCAAACAAACAAACAAAAGAAAA","GCCAGGTGCGGTGCCTCATGCCTGTAATCCCAGCACTTTGGGATGCCGAGGCGGGTGGATCACAAGGTCAGGAGTTCAAGACCAGCCTGGCCAACATAGTGAAACCCCGTCTCTACTAAACATACAAAAAATTAGCCGGGCGTGGTGGCAGGTGCCTGTAATCCCAGCTATTCAGGGAGGCTGAGGCAGGAGAATTGCTTGAACCTGGGAGGCGGAGGTTGCAGTGAGCCAAGATCGCACCACTGCACTCCAGCCCAGGTGACAATGCGAGACTCCATCTCAAATAAATACATAAATAAATAAATAAATAAACAAACAAACAAA"
"chr1","4033702","4034005","chr14","38774640","38774953","58","34740938","GGCCGGGCGTGGCGGCTCAAGCCTGTAATCCCAGCTCTTTGGGAGGCCGAGGCGGGTGGATCACGAGGTCAAGACATCGAGACCATCCTGGTCAACATGGTGAAACCCCGTCTCTACTAAAAATACAAAAAATTAGCTGGGCGTGGTGGTGCGTGCCTGTAATCCCAGCTACTCGGGAGGCTGAGGCAGGAGAATTGCCTGAACCCAGGAGGCGGAGGTTACGGTGAGCCGAGATCTCGCCATTGCACTCCAGCCTGGGTAACAAGAGCAAAACTCAGTCTCAAAAAAAAAAAAAAAAAAAGAA","GGCCAGGTGTGGTGGCTCACACCTGTAATACTAGCACTTTGGGAGGCCAAGGCGGGTGGATCACGAGGTCAGGAGATCAAGACCAGCCTGGCCAACATGGTGAAACCCCATCTCTACTTAAAAAAAAAAAAAAAAAAAAAAAAATTAGCTGGGTATAGTGGCGTGCACCTGCAGTCTCAGCTACTCGGGAGGCTGAGGCAGGAGAATCACTTGAACCCGGGAGGTGGAGGTTGCAGTGAGCCAAGATCAGGCCACTGCACTCCAGCCTGGGTGACAGAGTGAGACCCTGTCTCAAAAAAAAAAAAAAAAAAAAA"
"chr1","4036707","4037006","chr14","38774640","38774953","56","34737933","GGCCGGGCGCGGTGGCTCACGCCTGTAATCCCAGCACTTTGGGAGGCTGAGGCGGGTGAATCACGAGGTCCAGAGATCCAGACCATCCTGGTCAACATGGTGAAACCCCGTCTCTACTAAAAATACAAAAAATTAGCTGGGCATGGTGGCGCGTGCCTGTAATCCCAGCTACTCAGGAGGCTGAGGCAGGAGAATTGCCTGAACCCAGGAGGCGGAGGTTGTGGTGAGCCAAGATCGCGCCATTGCACTCCAGCCTGGGTGACAAGAGCGAAACTCCGTCTCAAAAAAAAAAAAAAAAAA","GGCCAGGTGTGGTGGCTCACACCTGTAATACTAGCACTTTGGGAGGCCAAGGCGGGTGGATCACGAGGTCAGGAGATCAAGACCAGCCTGGCCAACATGGTGAAACCCCATCTCTACTTAAAAAAAAAAAAAAAAAAAAAAAAATTAGCTGGGTATAGTGGCGTGCACCTGCAGTCTCAGCTACTCGGGAGGCTGAGGCAGGAGAATCACTTGAACCCGGGAGGTGGAGGTTGCAGTGAGCCAAGATCAGGCCACTGCACTCCAGCCTGGGTGACAGAGTGAGACCCTGTCTCAAAAAAAAAAAAAAAAAAAAA"
"chr1","4037676","4037985","chr1","131937127","131937450","59","127899451","GGCTGGGCGGGGTGGCTCACACCTGTAATCCCAGCACTTTGGGAGGCTGAGGCGGGTGGATCACGAGGTCAAGAGATCGAGACCATCCTGGTCAACATGGTGAAACCCCGTCTCTACTAAAAATACAAAAAATTAGCTGGGCACGGTGGTGTGTGCCTGTAATCCCAGCTACTCAGGAGGCTGAGACAGGAGAATTGCCTGAACCCAGGAGGCGGAGGTTGCGGTGAGCCGAGATGGCACCATTGCACTCCAGCCTGGGCAACGAGAGCGAAACTCCGTCTCAAAAAAAAATAAATAAATAAAATAAAAA","GCCAGGTGCGGTGCCTCATGCCTGTAATCCCAGCACTTTGGGATGCCGAGGCGGGTGGATCACAAGGTCAGGAGTTCAAGACCAGCCTGGCCAACATAGTGAAACCCCGTCTCTACTAAACATACAAAAAATTAGCCGGGCGTGGTGGCAGGTGCCTGTAATCCCAGCTATTCAGGGAGGCTGAGGCAGGAGAATTGCTTGAACCTGGGAGGCGGAGGTTGCAGTGAGCCAAGATCGCACCACTGCACTCCAGCCCAGGTGACAATGCGAGACTCCATCTCAAATAAATACATAAATAAATAAATAAATAAACAAACAAACAAA"
"chr1","4047523","4047820","chr14","38774640","38774953","58","34727117","GACCGGGCGCGGTGGCTCAAGCCTGTAATCCCAGCACTTTGGGAGGCCAAGGCGGGTGGATCACGAGGTCAAGTGATCAAGACCATCCTGGTCAACATGGTGAAACCCCGTCTCTACTAAAAATACAAAAAATTAGCTGGGCACGGTGGCGCGTGCCTGTAATCCCAGCTACTCAGGAGGCTGAGGCAGGAGAATTGCCTGAACCCAGGAGGCAGAGGTTGCGGTGAGCGGAGATCGCGCCATTGCACTCCAGCCTGGGTAACAAGAGTGAACTCCGTCTCAAAAAAAAAAAAAAAAA","GGCCAGGTGTGGTGGCTCACACCTGTAATACTAGCACTTTGGGAGGCCAAGGCGGGTGGATCACGAGGTCAGGAGATCAAGACCAGCCTGGCCAACATGGTGAAACCCCATCTCTACTTAAAAAAAAAAAAAAAAAAAAAAAAATTAGCTGGGTATAGTGGCGTGCACCTGCAGTCTCAGCTACTCGGGAGGCTGAGGCAGGAGAATCACTTGAACCCGGGAGGTGGAGGTTGCAGTGAGCCAAGATCAGGCCACTGCACTCCAGCCTGGGTGACAGAGTGAGACCCTGTCTCAAAAAAAAAAAAAAAAAAAAA"
"chr1","4179080","4179364","chr16_NW_019937290v1_random","735974","736277","75","3443106","GGCCGGGCGCGGTGGTTCAAGCCTGTAATCCCAGCACTTTGGGAGGCCGAGGTGGGTGAGTCACAAGGTCAAGAGATCGAGACCATCCTGGTCAACATGGTGAAACTCCGTCTCTACTAAAAATACAAAAAATTAGCTAGGCATGGTGGTGTGTGCCTGTAATCCCAGCTACTCAGGAGGCTGAGGCAGGAGAATTGCCTGAACCCAGGAGGCGGAGGTTACGGTAAGCCGAGATGGCGCCATTGCACTACAGCCTGGGTAACAAGGGAGAAACTCCGCCTCAAA","CTGGGTGTGGTGCCTCACACCTGTAATCCGAGCACTTTGAGAGGCTGAGGTGGGTGGATCACAAGGTCAGGAGTTCGAGACCAGCCTGACTAACATGGTGAAACCCCTTCTCTACTAAAAAAAAAAAAAAAAAAAAAAAAATTGGCCAGGCCTGGTGGTGTGTGCCTATAGCCCCAGCTACTCAGGGGGGTGAGGCAGGAGAATTGCCTGAACCTGGGAGGTGGAGGTTGCAGTGAGCTGAGGTCGTGCCACTGCACTCCAGCCTGGACGACAATGCGAGACTCCATCTCAAAAAAAAAAAAAA"
"chr1","4210208","4210513","chr1","131937127","131937450","61","127726919","CCAGGCGCGGTGGCTCAAGCCTGTAATCCCAGCACTTTGGGAGGCCGAGGCAGGTGGATCACGAGGTCAAAATATCGAGACCATCCTGGTCAACATGGTGAAACCCCGCCTCTACTAAAAATACAAAAAATTAGCTGGGCATGGTGGTGCGTGCCTGTAATCCCAGCTACTCAGGAGGCTGAGGCAGGAGAATTGCCTGAACCCAGGGGGCAGAGGTTGTGGTGAGCCGAGATCGCGCCATTGCACTCCAGCCTGGGTAACGAGAGAGAAACTCCGTCTCAAAAAAAAAAAAAAAAAAAAAAAGAA","GCCAGGTGCGGTGCCTCATGCCTGTAATCCCAGCACTTTGGGATGCCGAGGCGGGTGGATCACAAGGTCAGGAGTTCAAGACCAGCCTGGCCAACATAGTGAAACCCCGTCTCTACTAAACATACAAAAAATTAGCCGGGCGTGGTGGCAGGTGCCTGTAATCCCAGCTATTCAGGGAGGCTGAGGCAGGAGAATTGCTTGAACCTGGGAGGCGGAGGTTGCAGTGAGCCAAGATCGCACCACTGCACTCCAGCCCAGGTGACAATGCGAGACTCCATCTCAAATAAATACATAAATAAATAAATAAATAAACAAACAAACAAA"
"chr1","4230375","4230715","chr20","43864566","43864903","75","39634191","CCGGGCTCGGTGGCTCAAGCCTGTAATCCCAGCACTTTGGGAGGCCGAGGCGGGTGGATCACGAGTTCAAGAGTTTGAGAACATCCTGGTCAACATGGTGAAACCCCGTCTCTACTAAAAAATATAAAAAATTAGCTGGGCCAGGTGGCACACTCCTGTTATTCCTGCTACTGGGGAGGCTGAGGCAGGAGAATTGCCTGAACCCAGTAGGTGGAGGTTGCGGTGAGTGGAGATCACGCCATTGGAGGTTGCGGTGAGCGGAGATCACGCCACTGCACTCCAGCCTGGGTAACACAGGTGAAACTCCGTCTCAAAAAGAAAGAAAGAAAGAAAAAGAGAAA","GGCAGGGCGCGGTGGCTCACTCTGTCTGTAATCCCAGCACTTTGGGAGGCTGAGGTGGGTGGATTGCCTGAGGTCAGGAGTTTGAGCTCAGCCTGGGCAACATGGTGAAACCCCGTCTCTACTGAAATACAAAAAATTAGCTGGGTGTGGTGGCACATGCCTGTAGTCCCAGCTACTCAGGAGGCTGAGGCATGAGAATTGCTTGAACTCGGGAGGTGGAGGTTGCAGTAAGCTGAGATCGCACCACTGCACTGCACTGCAGTGCACTGCACTGCACTCCAGCCTGGGCGACAAAGTGATACTTTGTCTCAAAAAAAAAAAAAAAAAAAAAAAAAAAA"
"chr1","4244221","4244490","chr14","38774640","38774953","83","34530419","GGCCGGGCGTGGTGGCTCAAGCCTGTAATCCCAGCACTTGGGAGGCCGAGGCGAGTGGATCACGAGGTCAGGAAATCGAGACCATCCTGGTCAACATGGTGAAACCCCGTCTCTACTAAAAAATATGCAAAAAATTAGCTGGGCATGGTGGTGTGCGCCTGTAATCCCAGCTACTCAGGAGGCTGAGGCAGGAGAATTGCCTGAGTCGAGATCGCGCCATTGCACTCCAACCTGGGTAACAAGCGCAAAACTCCGTCTAAAAAAAAAGAA","GGCCAGGTGTGGTGGCTCACACCTGTAATACTAGCACTTTGGGAGGCCAAGGCGGGTGGATCACGAGGTCAGGAGATCAAGACCAGCCTGGCCAACATGGTGAAACCCCATCTCTACTTAAAAAAAAAAAAAAAAAAAAAAAAATTAGCTGGGTATAGTGGCGTGCACCTGCAGTCTCAGCTACTCGGGAGGCTGAGGCAGGAGAATCACTTGAACCCGGGAGGTGGAGGTTGCAGTGAGCCAAGATCAGGCCACTGCACTCCAGCCTGGGTGACAGAGTGAGACCCTGTCTCAAAAAAAAAAAAAAAAAAAAA"
"chr1","4250763","4251087","chr17","42462467","42462792","56","38211704","GGCTGGGCACGGTGGCTCAATCCTGTAATCCCAGCACTTTGGGAGGCTGATGCAGGTGGATCACGAGGTCAAGAGATCGAGACCATCCTGGTCAACATGGTGAAACCCCGTCTCTACTAAAAATACAAAAAATCAGCTGGGCATGGTGGCGCGTGCCTGTAATCCCAGCTACTCAGGAGGCTGAGGCAGGAGAATTGCCTGAACCCAGGAGGTGGAGGTTGCGGTGAGCCGAAATGACGCCATTGCACTCCAGCTTGGGTAACAAGAGCGAAACTCCATCTCAAAAAAAAAAAAAAGAAAAGAAAAGAAAAGAAAAGAAAAGAAA","GGCTGGGTGCGGTGGCTCACTCCTGTAATCCTAGCACTTTGGGAGGCTGAGGCAGGTGGATTGCCGGAGCTCAGGAGTTCGAGACCAGCCTGGGCAACTCGATGAAACCCCGTCTCTACTAAAATACAAAAAATTAGCTGGGTGTGGTGGCATGCGCCTATAATCCCAGCTACTCAGGAGGCTGAGACAGGAGAATCGCTTGAACCTGGGAAGCAGATGTTGCAGTGAGCCGAGATCACACCATTGCACTCCAGTCTTGGTGACAGAGCAAGACTCCATCTCAAAAAATAAATAAATAAATAAATAAATAAATACTAAAAAAAAAA"
"chr1","4316022","4316181","chr1","185542005","185542130","78","181225983","GGTGGCGCGTACCTGAATTGCCGGTGTAGTCCAGGAAGTGAGGCAGGAGAATCTCTGGAACCCGGGGGGGCTGAGGTGGCGATGGTCCAGGATCGTGTCAATTCGCTTCAGCCTGGGGGACAGAGCAAGAATGTGTCTCAAAAAAAAAAAAAAAAAAGAA","CTTGCCTGGGAGGCAGAGGTTGCAGGGAGCCGAGATGGTGCCACTGCACTCCAACCTGGGTGACAGAATGAAATCCCATCTCAAAACAAACAAACAAACAAACAAACAAAAAAAACCAACAAAAAA"
"chr1","4459400","4459701","chr14","38774640","38774953","61","34315240","GGCTGGGTGCGGTAGCTCAAGCCTGTAATCCCAGCACTTTGGGAGGACGAGGCGGGTGGATCACGAGGTCAAGAGATCCAGACCATCCTGGTCAACATGGTGAAACCCCGTCTCTACTAAAAGTACAAAAAATTAGCTGGGCACAGTGGCGCGTGCCTGTAATCCCAGCTACTCAGGAGGCTGAGGCAGGAGAATTGCCTGAACCCAGGAGGCGGAGGTTGCAGTGAGCCGAGATCGCCCCATTGCACTCCAGCCTGGGTAATAAGAGCGAAACTCCGTCTGGAAAGAAAAAAAAAAAAGAA","GGCCAGGTGTGGTGGCTCACACCTGTAATACTAGCACTTTGGGAGGCCAAGGCGGGTGGATCACGAGGTCAGGAGATCAAGACCAGCCTGGCCAACATGGTGAAACCCCATCTCTACTTAAAAAAAAAAAAAAAAAAAAAAAAATTAGCTGGGTATAGTGGCGTGCACCTGCAGTCTCAGCTACTCGGGAGGCTGAGGCAGGAGAATCACTTGAACCCGGGAGGTGGAGGTTGCAGTGAGCCAAGATCAGGCCACTGCACTCCAGCCTGGGTGACAGAGTGAGACCCTGTCTCAAAAAAAAAAAAAAAAAAAAA"
"chr1","4524180","4524507","chr14","39671842","39672177","57","35147662","TGGCTCAAGCCTGTAATCCCAGCACTTTGGGAGGCTGAAGCGGGTGAATCACAAGGTCAAGAGATCAAGACCATCTTGGTCAATATGGTGAAACCCCGTCTCTACTAAAAAAAAAAAAAAAAAAAAAAAAAAAAAAAAGTACAAAAAATTAGCTGGGCATGGTGGCGCGTGCCTGTAATCCCAGCTACTCGGGAGGCTGAGGCAGGAGAATTGCCTGAATCCAGGAGGCGGAGGTTGTGGTGAGCCAAGATCGCGCCATTGCACTCCAGCCTGGGTAACAAGAGCGAAACTCCTTCTCAAAAAAAACAAAAAACAAAAACAAAAAAAA","GGCTGGGCGTGGTGGCTCATGCCTGTAATCCCAGCACTTTGGGAGACTGAAGCAGGTGGATCACGAGGTCAGGAGTTCAAGACCAGCCTGGCCAATATGGTGAAACCCCATCTCTACTAAAAATACAAAAAAAAAAAAAAAAAAAAAAAAAAAAATTAGCCGGGTGTGGTGGCATGTGCTTGTAGTCCCAGCTGCTCAGGAGGCTGAGGCAGGAGAATCGCTTGAACCCAGGAGGCGGAGGTTGCAGTGAGCCAAGATTGCACCACTGCACTCCAGCCTGGGCAACAGAGCGAGACTCCGTCTCAAAAAACAAAATCAAAAACAAAACAAAACAAA"
"chr1","4556777","4557068","chr18","43221019","43221313","63","38664242","GGCTGGGCGCAGTGGCTCAAGCCTTTAATCCCAGCACTTTGGGAGGCCGAGGCGGGTGAATCACAAGGTCAAGAGATCAAGACTATCCTGGTCAACATGGTGAAACACCGTCTCTACTAAAAATACAAAAAATTAGCTGGGCATGGTGGCGCGTGCCTGTAATCCCAGCTACTCAGGAGGCTGAGGCAGGAGAATTGCCTGAACCCAGGAGGCGGAGGTTGCGGTGAGCCGAGATCGCGCCATTGCACTCCAGCCTGGGTAACAAGAGCGAAACTCCATCTCAAAAAAAAAA","GGCCGGGCATGGTGGCTCACACCTATAATGCCAGCACTTTGGGAGGCCAAGGCGGGAGGTCAGGAGTTCAAGACTAGCCTGGCCAACATGGTGAAACTAAAAATATAAAAATATAAAAATATAAAAATATAAAAATCTGCTGGGCATGGTGGTGCGCGCCTGTAGTCCCAGCTACTCAGGAGGCTGAGGCAGGAGAATCGCTTGAACCCGGGAGGGCAGGGGTTGCAGTGAGCTGAGATCGCACTACTGCACTCCATCCTGGGCGACAGAGTGAGACTCCATCTCAAAAAAAAAA"
"chr1","4594839","4594997","chr1","185542005","185542130","76","180947166","ATTAGCCAGACATGGTGGTGTGCACCTGTAGTCCCAGATACTTGGGAGGCTGAGGTGGGAGAATCATTTGAACCCAGGAGGCAAAGGTTGCAGTGAATTGAGATCATGCCACTGCACTCCAGCTAAGGCAACAGAGCGGGACTCCATCTCCAAAAAAAA","CTTGCCTGGGAGGCAGAGGTTGCAGGGAGCCGAGATGGTGCCACTGCACTCCAACCTGGGTGACAGAATGAAATCCCATCTCAAAACAAACAAACAAACAAACAAACAAAAAAAACCAACAAAAAA"
"chr1","4635260","4635512","chr12","6861641","6861931","75","2226381","GGGAGGCCGAGGCAGGTGGATCACGAGGTCAGGAGTTTGGGACTGGCCTGGCCAACATGGTGAAACTCTGCCTCTACTAAAGATACAAAAAATTAGATGGCCATGATATGCACACCTGTAATCCCAGCTACTAGAGAGGCTAAGGCAGGAAAATTGCTTGAACACAGGAGGCAGAGGTTGCAGTGAGCTGAGATCATGCCATTGCATTCCAGCCTGGGTGACAGGGCAAGACTCCATCTCAAAAAGAAAAAAA","CTTTGGGAGGCCGAGGCAGGTGGATCACCAGATCAGGAGTTCAAGACCAGCCTGGCCAACATAGTGAAACCCTGTCTCTACTAAAAATACAAAAAATTAGCTGAGCGTGGTGGCAGGCACCTGTAATCCCAGCTACTTGGGAGGCTGAGGCAGGAGAATTGCTTGAACCCGGGAGGTGGAGGTTGCAGTGAGCTGAGATCGCACCATAGCACTCCAGCCTGGGCGACAGTGTGAGACTCTGCCTCAAAACAACAACAACAACAAAAACAACAACAACAACGAAAAAAACAA"
"chr1","4649095","4649399","chr14","38774640","38774953","55","34125545","GGCCAGGCACAGTGGCTCACGCCTGTAATCCCAGCACTTTGGGAGGCCAAGGTGGGTGGATCACGAGGTCAAGAGATGGAGACCATCCTGGTCAACATGGTGAAACCCCGTCTCTACTAAAAATACAAAAAATTAGCTGGGCATGGTGGCGTGTGCCTGTAATCCCAGCTACTCAGGAGGCTGAGGCCAGAGAATTACTTGAACCCAGGAGGCGGAGGTTGCGGTGAGCCGAGATCGCGCCATTGCACTCCAGCCTGGGTAATAAGAGCGAAACTCCGTCTCAAAAAAAAAAAAAGAAAAGAAAA","GGCCAGGTGTGGTGGCTCACACCTGTAATACTAGCACTTTGGGAGGCCAAGGCGGGTGGATCACGAGGTCAGGAGATCAAGACCAGCCTGGCCAACATGGTGAAACCCCATCTCTACTTAAAAAAAAAAAAAAAAAAAAAAAAATTAGCTGGGTATAGTGGCGTGCACCTGCAGTCTCAGCTACTCGGGAGGCTGAGGCAGGAGAATCACTTGAACCCGGGAGGTGGAGGTTGCAGTGAGCCAAGATCAGGCCACTGCACTCCAGCCTGGGTGACAGAGTGAGACCCTGTCTCAAAAAAAAAAAAAAAAAAAAA"
"chr1","4650079","4650387","chr1","131937127","131937450","61","127287048","GGCCAGGTGCAGTGGCTCAAGCCTGTAATCCCAGCACTTTGGGAGACCGAGGCAGGAGGATCACAAGGTCAACAGATTGAGACCATCCTGGTCAATATGGTGAAACCCCGTCTCTACTAAAAATACAAAAAATTAGCTGGGCATGGTGGTGCGTGCCTGTAATCCCAGCTACTCAGGAGGCTCAGGCCAGAGAATTGCCTGAACCCAGGAGGCGGGGGTTGTGGTGAGCTAAGATCGCGCCATTGCACTCCAGCCTGGGTAACAAGAGTGAAACTCCATCTCCAAAAAAAAAAAAAAAAAAAAAAAAAA","GCCAGGTGCGGTGCCTCATGCCTGTAATCCCAGCACTTTGGGATGCCGAGGCGGGTGGATCACAAGGTCAGGAGTTCAAGACCAGCCTGGCCAACATAGTGAAACCCCGTCTCTACTAAACATACAAAAAATTAGCCGGGCGTGGTGGCAGGTGCCTGTAATCCCAGCTATTCAGGGAGGCTGAGGCAGGAGAATTGCTTGAACCTGGGAGGCGGAGGTTGCAGTGAGCCAAGATCGCACCACTGCACTCCAGCCCAGGTGACAATGCGAGACTCCATCTCAAATAAATACATAAATAAATAAATAAATAAACAAACAAACAAA"
"chr1","4663357","4663663","chr14","38774640","38774953","52","34111283","GGCCGGGCGCGGTGGCTCAAGCCTGTAATCCCAGCACTTTGGGAGGCCGAGGCGGGTGGATCACGAGGTCAGGATATCGAGACCATCCTGGTCAACCTGGTGAAACCCCGTCTCTACTAAAAAATATACAAAAAATCAGCTGGGCATGGTGGCGCGTGCCTGTAATCCCAGCTACTCGGGAGGCTGAGGCAGGAGAATTGCCTGAACCCAGGAGGCGGAGGTTGCGGTGAGCCGAGATCGCGCCATTGCACTCCAGCCTGGGTAACAAGAGCGAAACTCCGTCTCTAAAAAAAAAAAAAAAAAAAAA","GGCCAGGTGTGGTGGCTCACACCTGTAATACTAGCACTTTGGGAGGCCAAGGCGGGTGGATCACGAGGTCAGGAGATCAAGACCAGCCTGGCCAACATGGTGAAACCCCATCTCTACTTAAAAAAAAAAAAAAAAAAAAAAAAATTAGCTGGGTATAGTGGCGTGCACCTGCAGTCTCAGCTACTCGGGAGGCTGAGGCAGGAGAATCACTTGAACCCGGGAGGTGGAGGTTGCAGTGAGCCAAGATCAGGCCACTGCACTCCAGCCTGGGTGACAGAGTGAGACCCTGTCTCAAAAAAAAAAAAAAAAAAAAA"
"chr1","4684411","4684716","chr1","131937127","131937450","65","127252716","GGCCGGGTGCGGTGGCTCAAGTCTGTAATCCCAGCACTTTGGGAGGCCGAGGCGGGTGGATCACGAGGTTAACAGATCAAGACCAACCTGGTCAACATGGTGAAACCCCGTCTCTACTACAAATACAAAAAATTAGCCGGGCACGGTGGTGCATGCCTGTAATCCCAGCTACTCGGGAGGCTGAGGCAGGAGAATTGCCTGAACCTAGGAAGCAGAGGTTGCGGTGAGCCGAGATTGCACCATTGCACTCCAATGTGGGTAACAAGAGTGAAACTCCGTCTCAAAAACAAACAAACAAAAAAAGAA","GCCAGGTGCGGTGCCTCATGCCTGTAATCCCAGCACTTTGGGATGCCGAGGCGGGTGGATCACAAGGTCAGGAGTTCAAGACCAGCCTGGCCAACATAGTGAAACCCCGTCTCTACTAAACATACAAAAAATTAGCCGGGCGTGGTGGCAGGTGCCTGTAATCCCAGCTATTCAGGGAGGCTGAGGCAGGAGAATTGCTTGAACCTGGGAGGCGGAGGTTGCAGTGAGCCAAGATCGCACCACTGCACTCCAGCCCAGGTGACAATGCGAGACTCCATCTCAAATAAATACATAAATAAATAAATAAATAAACAAACAAACAAA"
"chr1","4738504","4738788","chr12","6861641","6861931","67","2123137","CTGTAATTCCAGCACTTTGGGAGGCCGAGGCGGGTGGATCACGAGGTCAAGAGATCGAGACCATCCTGGTCAACATGGTGAAACCCCGTCTCTACTAAAAATACAAAAAATTAGCTGGGCACGGTGGCGCGTGCCTGTAATCCCAGCTACTCAGGAGGCTGAGGCAGGAGAATTGCCTGAACCCAGGAGGTGGAGGTTGCAGTGAGCCGAGATCGCGCCATTGCACTCCAGCCTGGGTAACAAGAGCGAAACTCCATCTCAAAAAAAAAAAAAAAAAAAGAAGAA","CTTTGGGAGGCCGAGGCAGGTGGATCACCAGATCAGGAGTTCAAGACCAGCCTGGCCAACATAGTGAAACCCTGTCTCTACTAAAAATACAAAAAATTAGCTGAGCGTGGTGGCAGGCACCTGTAATCCCAGCTACTTGGGAGGCTGAGGCAGGAGAATTGCTTGAACCCGGGAGGTGGAGGTTGCAGTGAGCTGAGATCGCACCATAGCACTCCAGCCTGGGCGACAGTGTGAGACTCTGCCTCAAAACAACAACAACAACAAAAACAACAACAACAACGAAAAAAACAA"
"chr1","4750241","4750560","chr14","38774640","38774953","59","34024399","GGCCGGGTGTGGTGGCTCATGCCTGTAATTCCAGCACTTTGGGAGGCTGAGGCAGGTGGATCACGAGCTCAAGAGATCGAGACCATCCTGGTCAACATGGTGAAACCCTGTCTCTACTAAAAAAAAAAAAATACAAAAAATCAGCTGGGCATGGTGGTGCATGCCTGTAATCCCAGCTACTTAGGAGGCTGAGGGAGGAGAATTGCCTGAACCCAGAAGGCGGAGGTTGCAGTGAGCCGAGATCGCGCCATTGCACTCCAGCCTGGGTAACAAGAGCAAAACTCTGTCTCAAAAAAAATAATAATAATAAAATAAATAAA","GGCCAGGTGTGGTGGCTCACACCTGTAATACTAGCACTTTGGGAGGCCAAGGCGGGTGGATCACGAGGTCAGGAGATCAAGACCAGCCTGGCCAACATGGTGAAACCCCATCTCTACTTAAAAAAAAAAAAAAAAAAAAAAAAATTAGCTGGGTATAGTGGCGTGCACCTGCAGTCTCAGCTACTCGGGAGGCTGAGGCAGGAGAATCACTTGAACCCGGGAGGTGGAGGTTGCAGTGAGCCAAGATCAGGCCACTGCACTCCAGCCTGGGTGACAGAGTGAGACCCTGTCTCAAAAAAAAAAAAAAAAAAAAA"
"chr1","4790779","4791038","chr12","6861641","6861931","78","2070862","GGGCAGACCATGAGGTCGAGACCAAGGATTTGAGACCAGCCTGGCCAATATGGTGAAATCCTGTCTCTACTAAAAATATAAAAAAATAGACGGGTGTGGTGTGCTCTCCTGTAGTCCCAGCTACTTGGAAGTCTGAGGCAAGAGAATCGCTTCAACCAGCAGGCAGAGGTTGCAGTGAGCCAGGATTGCATTGCTGCACTCCAGCATGGGTGACAGAGTGAGACTCTGTTTCAAAAAAAAGAAAAAGAAAAAGAAAAAAA","CTTTGGGAGGCCGAGGCAGGTGGATCACCAGATCAGGAGTTCAAGACCAGCCTGGCCAACATAGTGAAACCCTGTCTCTACTAAAAATACAAAAAATTAGCTGAGCGTGGTGGCAGGCACCTGTAATCCCAGCTACTTGGGAGGCTGAGGCAGGAGAATTGCTTGAACCCGGGAGGTGGAGGTTGCAGTGAGCTGAGATCGCACCATAGCACTCCAGCCTGGGCGACAGTGTGAGACTCTGCCTCAAAACAACAACAACAACAAAAACAACAACAACAACGAAAAAAACAA"
"chr1","4907968","4908273","chr1","131937127","131937450","61","127029159","GGCCGGGCGCGGTGGCTCACGCCTGTAATCACAGCACTTTGGGACTCTGAGGTGTGTGGATCACGAGGTCAAGAGATCGAGACCATCCTGGTCAACATGGTGAAACCCCGTCTATACTAAAGATACAAAAAATTAGCTGGGCATGGTGGCGCCTGCCTGTAATCCCAGCTACTCAGGAGGCTGAGGCAGGAGAATTGCCTGAACCCAGGAGGCGGAGGTTGCCGTGAGCCGAGATCGCGCCATTGCACTCCAGCCTGGGTAACAAGAGCAAAACTCCGTCTCAAAAAAAAAAAAAAAAAAAAAAAA","GCCAGGTGCGGTGCCTCATGCCTGTAATCCCAGCACTTTGGGATGCCGAGGCGGGTGGATCACAAGGTCAGGAGTTCAAGACCAGCCTGGCCAACATAGTGAAACCCCGTCTCTACTAAACATACAAAAAATTAGCCGGGCGTGGTGGCAGGTGCCTGTAATCCCAGCTATTCAGGGAGGCTGAGGCAGGAGAATTGCTTGAACCTGGGAGGCGGAGGTTGCAGTGAGCCAAGATCGCACCACTGCACTCCAGCCCAGGTGACAATGCGAGACTCCATCTCAAATAAATACATAAATAAATAAATAAATAAACAAACAAACAAA"
"chr1","5008440","5008723","chr3","18778695","18779003","75","13770255","GCCAGGGGTGGTTGCTCACACCTGTAATCGCAGCACTTTGGGAGGCCAAAGTGGGCAGATCATGAGGTCAAGAGTTTGAGAGAAGCCTGGCCAACATAGTGAAACCCCATCTCTACTAAAACTACAAAAAATTAGTTGGGTGTGGTGGTGGGTGCCTATAATCCCAGCTACTCAGGAGGTTGAGGCAGGAGAATCACCTGAACCCAGGAGACAAAGGTTTCAGTGAGCCAAGATTGTACCATTGCACTCCAGCCCAGGCAACAGTGTGAGACTCTGTCTCAAAA","GGCCAGGTGCAGTGGCTCACGCCTGCAATCCCAGCACTTTAGGAGGCCGAGGTGGGAAGATCACAAGGTCAGGAGTTCGAGACCAGCCTGACCAATATGGTGAAACCCCATCTCTACTAAAAATACAAAAAAAAAAAAAAAAAAAAAAAAAAAAGCTGGGTGTCGTGGTGGGCACCTGTAGTTCCAGCTACTAGGGAGGCTGAGGCAGGAGAATGGTTTGAACCTGAGAGATGGAGGTTACAGTGAGCCAAGATCGTGCCACTGCACTCCAGCCTGGGCAACAGAGTGAGACTCTGTCTCAAAAAAAAA"
"chr1","5085094","5085401","chr3","13063317","13063638","67","7978223","GGCCAGGCACGGTGGCTCATGCCTGTAATCCCAGCAATTCAGCAGGCCAAGGTGGGCAGATCACGAGGTCAGGAGTTCCAGACCAGCCTGGCCAACATAGCGAAACCCCATTTCTACTAAAAACACAACAATTTAGCTGAGTGTGGTGGCAGACGCATGTGGTCCCAGCTACTCGGGAGGCTGAGGCAGGGGAATTGTTTGAACGCAGGAGGTGGAGCTTTGCAGTGGACTGAGACTGAGCCATTGCATTCCAGCCTGGGGAGGGCAAGACTCCGTCTCAAAAAAAAAAAAAAACAAAAACAAAAAAA","GGCCGGGCACGATGGCTCACGCCTATAATCCCAGCACTTTGGGAGGCCAAGGTGGGCAGATCACGAGGTCAGGAGTTCGAGACCAGTCTGGCCAACATAGTGAAACCCTGTCTCTACTAAAAATACACAAAAAATTAGCCAGGTGTGGTGGCAGGTGCCTGTCATCCCAGCTACTCAGGTGGCTGAGGCAGGAGAATCGCGTGAACCCGGGAGGCGGAGGTTGCAGTGAGCCAAGATCGTGCCACTGCACTCCAGCCTGGGCAACAGAACGAGACTACATATCAAAAAAAAAAAAAAAAAAAAAAAAATCCCAAAAAACAAA"
"chr1","5139031","5139313","chr18","15009231","15009552","72","9870200","ACATCTGTAATCCCAGCACTTTGGGAGGCCGAGGCGGGTGGATCACGAGGTCAAGAGATCGAGACCATCCTGGTCAAAATGGTGAAACCCCGTCTCTACTAAAAATACAAAAAATTAGCTGGGCATGGTGGTGCGTGCCTGTAGTCCCAGCTACTCAGGAGGCTGAGGCAGGAGAATTGCCTGAACCCAGGAGGCGGAGGTTGCGGTGAACTGAGATCGCGCCATTGCACTCCAGCCTGGGTAACGAGTGAAACTCCGTCTTGAAGAAAAAAAAAGAAAGAAA","GCCAGGCGTGGTGGCTCATGCCTGTAATCCCAGCACTTTGGGAGGCCGAGGCGGGCAGATCACGAGGTCAGGAGTTCGAGACCAGCCTGACCAATATGGTGAAACCCCATCTCCACTAAAAACACACACACACACACACACACACACACACAAAATTAGCTGGGCGTGGTGGCACGTGCCTGTAGTCCCAGCTACTCAGGAGGCTGAGGCAGGAGAATTGCTTGAACCCAGGAGGCAGAGGTTGCAATGAGCTGAGATTGCACCATTGCACTCCAGCCTGGGTGACAGAGCGAGACTCCATCTCAAAGAAAAAAAAAAAGAA"
"chr1","5152670","5152975","chr1","131937127","131937450","56","126784457","GGCCGGGCGCGGTGGCTCAAGCCTATAATCCCAGCACTTTGGGAGGCCGAGGCGGGTGGATCACGAGGTCAACAGATCGGGACCATCCTGGTCAACATGGTGAAACCCCGTCTCTACTAAAAATACAAAAAATTAGCTGGGCATGGTGGCGCGTGCCTGTAATCCCAGCTACTCGGGAGGCTGAGGCAGGAGAATTGCCTGAACCCAGGAGGTGGAGGTTGCGGTGAGCCGAGATCGCGCCATTGCACTCCAGCCTGGGTAACAAGAGCGAAACTCCATCTCAAAAAAAAAAAAAAAAAAAAAAAA","GCCAGGTGCGGTGCCTCATGCCTGTAATCCCAGCACTTTGGGATGCCGAGGCGGGTGGATCACAAGGTCAGGAGTTCAAGACCAGCCTGGCCAACATAGTGAAACCCCGTCTCTACTAAACATACAAAAAATTAGCCGGGCGTGGTGGCAGGTGCCTGTAATCCCAGCTATTCAGGGAGGCTGAGGCAGGAGAATTGCTTGAACCTGGGAGGCGGAGGTTGCAGTGAGCCAAGATCGCACCACTGCACTCCAGCCCAGGTGACAATGCGAGACTCCATCTCAAATAAATACATAAATAAATAAATAAATAAACAAACAAACAAA"
"chr1","5153599","5153733","chr1","178999882","178999998","66","173846283","GCATAGTTGCTCACGCCTGTAATCCTAGCACTCTGAGAGCAGAGTAGTGAAACACCCTGGGGAGGTCAGGAGTTCAAGAACCATTCTGGCAGACATGTGAAACCCAGTTTCTACTAAAACTATAAAAAATTAGCC","GGAGGTTGCAGTGAGCTAAGATCATGCCACTGCACTCCAGCCTTGGTGACAGAGTGAGACCCTTTATCAAAAACAACAACAACAACAACAACAACAACAAAACAGAAAAGAAAAAGA"
"chr1","5154088","5154179","chr1","87033573","87033696","54","81879485","GAGAGGTGGAGTTTGCAGTAAGCTGAGATTGGGCCACTGCTCCCCCAGCTTGGGTGAAAGAGCAAGATTCTGCCTCAAAAAATAAAAAAAAA","CGGGAGACGAAGGTTGCAGTGAGTCGAGATTGTACCACTGCACTCTAGCCTGGGCGACAGCGAGACTCCGTCTCAAAAAAAAAATAAATAAATACATAAATAAATAAATAAAAATAAAATAAAA"
"chr1","5193998","5194303","chr1","131937127","131937450","57","126743129","GGCCGGGTGCGGTGGCTCAAGCCTGTAATCCCAGCACTTTGGGAGGCCGAGGCGGGTGGATCACGAGGTCAACAGATCGAGACCATCTTGGTCAACATGGTAAAACCCCGTCTCTACTAAAATTACAAAAAATTAGCTGGGCACGGTGGCGCGTGCCTGTAATCCCAGCTACTCAGGAGGCTGAGGCAGGAGAATTGCCTGAACCCAGGAGGCGGAGGTTGCGGTGAGCCGAGATCGCGCCATTGCACTCCAGCCTGGGTAACAAGAGCAAAACTCCATCTCAAAAAAAAAAAAAAAAAAAAAAAA","GCCAGGTGCGGTGCCTCATGCCTGTAATCCCAGCACTTTGGGATGCCGAGGCGGGTGGATCACAAGGTCAGGAGTTCAAGACCAGCCTGGCCAACATAGTGAAACCCCGTCTCTACTAAACATACAAAAAATTAGCCGGGCGTGGTGGCAGGTGCCTGTAATCCCAGCTATTCAGGGAGGCTGAGGCAGGAGAATTGCTTGAACCTGGGAGGCGGAGGTTGCAGTGAGCCAAGATCGCACCACTGCACTCCAGCCCAGGTGACAATGCGAGACTCCATCTCAAATAAATACATAAATAAATAAATAAATAAACAAACAAACAAA"
"chr1","5270447","5270747","chr14","38774640","38774953","63","33504193","GCCGGGCGTGGTGGCTCAAGCCTGTAATCCCAACACTTTGGGAGGCCGAGGTGGGTGGATCACGAGGTCAAGACATCGAGACCATCCTGGTCAACATGGTGAGACCCCGTCTCTACTAAAAATACAAAAAATTAGCTGGGCATGGTGGCGCATGCCTGTAATCCCAGCTACTCAGGAGGCTGAGGCAGGAGAATTGCCTGAACCCAGGAGGCAGAGGTTGCGGTGAGCCGAGATCACACCATTGCACTCCAGCCTGGGCAACAAGAGTGAAACTCTGTCTCTAAATAAATAAATAAATAAA","GGCCAGGTGTGGTGGCTCACACCTGTAATACTAGCACTTTGGGAGGCCAAGGCGGGTGGATCACGAGGTCAGGAGATCAAGACCAGCCTGGCCAACATGGTGAAACCCCATCTCTACTTAAAAAAAAAAAAAAAAAAAAAAAAATTAGCTGGGTATAGTGGCGTGCACCTGCAGTCTCAGCTACTCGGGAGGCTGAGGCAGGAGAATCACTTGAACCCGGGAGGTGGAGGTTGCAGTGAGCCAAGATCAGGCCACTGCACTCCAGCCTGGGTGACAGAGTGAGACCCTGTCTCAAAAAAAAAAAAAAAAAAAAA"
"chr1","5319535","5319800","chr1","95031572","95031848","81","89712037","GGCCAGACGTGGTGGCTCAGGCCTATAATCCCAGCACTTTGAGATGACGAGGTGGGTGAAGAGGTCAGGAGATGGAGTTCAGCCTGGCCAACATGGTGAAACCCCTTCTCTACTAAAATACAAAAAATTAGCTGGGTGTGATGGGCAGCGCCTGTAGTCCCAGCTACTCATCAGGCTGAGGCAGGGGAATCGCTTGAACCCAGGCGGCAGAGGTTGCAGTGAGCCAAGATCGTGCCACTGCACTCCAGGTTGGCGACAGGGCAAGA","GGCTGGGCGTGGTGGCTCACACTTATAATCCCAGCACTTTGGGAGGCCGAGGCAGGCAGATCATGAGGTCAGGAGATCTAGACCGGCCTGGCCAACATGGTGAAACCCCGTCTCTACCAAAAAATGAAAAAAAAAAAAAAAAAAAAAAAAATTCACTGGGCGTGGTGGGGCACCTATAGTCACAGCTATTCCGGAGGCTGAGGTGGGAGAATCACTTGACCCTGGGAGGCAGAGGTTGCAGTGAGCTGAGATGTGCGCACTCCAGCCTGGGAGACAG"
"chr1","5355073","5355382","chr3","13063317","13063638","58","7708244","GGCCGGGCGCAGTGGCTCAAGCCTGTAATCCCAGCACTTTGGGAGGCCAAGGCAGGTGGATCACGAGGTCAAGATATTGAGACCATCCTGGTCAACATGGCGAAACCCCGTCTCTACTAAAAATACAAAAAATTAGCTGGGCATGGTGGCGCGTGCCTGTAGTCCCAGCTACTCAGGAGGCTGAGGCAGGAGAAGTGCCTGAACCCAGGAGGTGGAGGTTGCAGTGAGCTGAGATCGCGCCATTGCACTCCAGCCTGGGTAACGAGCGAAACTCCGTCTCAAAAAAAAAAAAAAAAAAAAGAAAGAGAAA","GGCCGGGCACGATGGCTCACGCCTATAATCCCAGCACTTTGGGAGGCCAAGGTGGGCAGATCACGAGGTCAGGAGTTCGAGACCAGTCTGGCCAACATAGTGAAACCCTGTCTCTACTAAAAATACACAAAAAATTAGCCAGGTGTGGTGGCAGGTGCCTGTCATCCCAGCTACTCAGGTGGCTGAGGCAGGAGAATCGCGTGAACCCGGGAGGCGGAGGTTGCAGTGAGCCAAGATCGTGCCACTGCACTCCAGCCTGGGCAACAGAACGAGACTACATATCAAAAAAAAAAAAAAAAAAAAAAAAATCCCAAAAAACAAA"
"chr1","5376985","5377275","chr10","59193901","59194213","68","53816916","GCACCATGGCTCACGCCTGTAATCCCAGCACTTTGGAGGCCAAGGTGGGTGGGTCACGAGGTCAAGAGATCGAGACCATCCTGGTCAACATGGTGAAACCCCGTCTCTACTAAAAATATGAAAAATTAGCTGGGCACGGTGGCGCATGCCTGTAATCCCAGCTACTCAGGAGGCTGAGGCAGGAGAATTGCCTGAACCCAGGAGGCGGAGGTTGCGGTGAGCCAAGATCGCGCCATTGCACTCCAGCCTGGGTAACAAGGGCGAAACTCCATCTCAAAAAAAAAAAAAAAA","GGCCAGGCACGGTGGCTCACTTCTGTAATCCCAGCACTTTGGGAGGCCGAGGTGGCCGAATCACAAGGTCAGGAGTTCAAGACCAGCCTGACTGACATGGAGAAACCCCGTCTCTACTAAAAATAAAAATAAAAATAAAAATAAAAATAATTAGCCGGGTATGGTGGCACACACCTGTAGTCCCAGCTAGTTAGGAGGCTGAGGCAGGAGAATGGCGTGAACCCAGGAGGCGGAGCTTGCAGTCAGCCAAGATTGTGCCACTGCACTCCAGCCTGGGCAACAGAGTGATACTCCATCTCAAAAAAAAAAAAAA"
"chr1","5394925","5395219","chr16_NW_019937290v1_random","735974","736277","66","4658951","GGCTGGGTGCAGTAGCTCATGCCTGTAATCCTAGGACTTTGGGAGGCACAGGCAGGTGGATCACAAGGTCAGGAGTTCGAGACCAGCCTGGCCAACATGGTGAAATTCCTTCTCTACTAAAAATACAAAAAATTAGCTGGGCATGGTGGCACATGCCTGTAATCCCAGCTACTCAGAAGGCTGAGGCAAGAGAATCACTTGAACCCAGGAGGGGGAGGTTGCAGTGAGCTGAGATTGTGCCACTGCACACCAGCCTGAATGACAGAGCAAGACTCCGTCACCAGGAAAAAAAAAA","CTGGGTGTGGTGCCTCACACCTGTAATCCGAGCACTTTGAGAGGCTGAGGTGGGTGGATCACAAGGTCAGGAGTTCGAGACCAGCCTGACTAACATGGTGAAACCCCTTCTCTACTAAAAAAAAAAAAAAAAAAAAAAAAATTGGCCAGGCCTGGTGGTGTGTGCCTATAGCCCCAGCTACTCAGGGGGGTGAGGCAGGAGAATTGCCTGAACCTGGGAGGTGGAGGTTGCAGTGAGCTGAGGTCGTGCCACTGCACTCCAGCCTGGACGACAATGCGAGACTCCATCTCAAAAAAAAAAAAAA"
"chr1","5428431","5428749","chr2B","57345825","57346153","71","51917394","GACTCAAGCCTGTAATCCCAGCACTTTGGGAGGCCGAGGTGGGTGGATCACAAGGTCAAGATATCGAGACCATCCTGGTCAACATGGTGACACCCCGTCTCTACTAAAAATACAAAAAATTAGCTGGGCACGGTGGCGCGTGCCTGTAATCCCAGCTACTCAGGAGGCTGAGGCAGGAGAATTGCCTGAACCCAGGAGGCGGAGGTTGCGGTGAGCCGAGATTGTCCCATTCCCCTCCAGCCGGGGTAAGAAGAGGGAAATTTTTTTTCAAAAAAAAAAAAAAAAAAAAAAAAAAAAAAAAAAAAAAAAAAAAAAAAAA","GGTCAGGCACAGTGGCTCACACCTGTAATCCCAGCACTTTGAGAGGCCAAGGTGGGCAGATCACAAGATCAGGAGTTCAAGACCAGCCTGGCCAACATAATGAAACCCCATCTCTACTAAAAATACAAAAAATTAGCCAGGCATGGTGGTGGGTGCGTGTAATCCCAGCTACTCGGGAGGCTGAGGCAGGAGAATGGCTTGAACCCAGGAGGCGGAGGTTGCAGTGAGTGGAGATCACGCCACTGCACTCCAGCCTGGGTGACAGAGCGAGACTCCGTCTCAAAAATAAATAAATAAATAAATAAATAAAATAAAAAAGAAAAGAAAAA"
"chr1","5432369","5432679","chr1","131937127","131937450","54","126504758","GGCCGGGCGCGGTGGCTCACGCCTGTAATCCTAGCACTTTGGGAGGCCGAGGCGGGTGGATCACGAGGTCAAGAGATCGAGACCATCCTGGTCAACATGGTGAAACCCCGTCTCTAAAGATACAAAAAATTAGCTGGGCATGGTGGCGCGTGCCTGTAATCCCAGCTACTCGCGAGGCTGAGGCAGGAGAATTGCCTGAACCCAGGAGGCGGAGGGTGCGGTGAGCCGAGATCGCGCCATTGCCCTCCAGCCTGGGTAACAAGAGCGAAACTCCGTCTCAAAAATAAATAAATAAATAAAAAATAAATAAA","GCCAGGTGCGGTGCCTCATGCCTGTAATCCCAGCACTTTGGGATGCCGAGGCGGGTGGATCACAAGGTCAGGAGTTCAAGACCAGCCTGGCCAACATAGTGAAACCCCGTCTCTACTAAACATACAAAAAATTAGCCGGGCGTGGTGGCAGGTGCCTGTAATCCCAGCTATTCAGGGAGGCTGAGGCAGGAGAATTGCTTGAACCTGGGAGGCGGAGGTTGCAGTGAGCCAAGATCGCACCACTGCACTCCAGCCCAGGTGACAATGCGAGACTCCATCTCAAATAAATACATAAATAAATAAATAAATAAACAAACAAACAAA"
"chr1","5473335","5473643","chr3","13063317","13063638","74","7589982","GACTGGGCACGATGGCTCATGCCTGTAATCCCAGCACTTTGGGAGGCCAGGACAGGTAGATCATGAGGTCAGGAGTTAGAGACCAGCCTGGCCAACATGGTGAAACTCTGTCTCTACTAAAAATACAAAAAATTAGCTGGGGGTGTGATAGGTGCCCATAATCCCAGCCATTCAGGAGGCTGAGGAAGGAGAATTGCCCAAAACCAGGAGGCAGAGGTTGGAGGTTGCAGTGATCCAAGATCGCATCATTATACTTTAACCTGGCAACAGAACACTCTTTCTCAAATAAAAAAAAAAAAAAAAAAAGAA","GGCCGGGCACGATGGCTCACGCCTATAATCCCAGCACTTTGGGAGGCCAAGGTGGGCAGATCACGAGGTCAGGAGTTCGAGACCAGTCTGGCCAACATAGTGAAACCCTGTCTCTACTAAAAATACACAAAAAATTAGCCAGGTGTGGTGGCAGGTGCCTGTCATCCCAGCTACTCAGGTGGCTGAGGCAGGAGAATCGCGTGAACCCGGGAGGCGGAGGTTGCAGTGAGCCAAGATCGTGCCACTGCACTCCAGCCTGGGCAACAGAACGAGACTACATATCAAAAAAAAAAAAAAAAAAAAAAAAATCCCAAAAAACAAA"
"chr1","5499345","5499574","chr1","184312086","184312333","69","178812741","GTTGGGAATTTGAGAACAGTCAGACCAACATGGTAATACCCCATCTCTACTAAAAATACAAAAAATTATCCGGGCATGATGGTGCATGCCTGCAGCCCCAGGTATTCGGGAGGCTGAGACATGAGAATTGCTTGAACCTGGGAGGTGGAGGTTTCAGTGAGCTGAGATTGCACCGCTGTACTCCAGCCAGGGTGACAGAGTGAGACCTCATCTCAAAAAGAAAAAAAAAA","GGAATTCGGAGACCAGCCTGGGCAACACGGTGAAAACCCATCTCTACTAAAATACAAAAAAAAAAAAAAAAAAAAAAAAAATTAGCCGGGCATGGCGGCGTGTGCCTGTTGTCCCAGCTACTCGGGAGGCTGAGGCAGGAGAATTGCTTGAACCTGGGAGGCAAAGGGTGCAGTAAGCCGAGATTGTGCCACTGCACTCCAGCCTGGGCAACAGAGCGAGACTCATCTCCAGAAAAAAAAAAAAAAAA"
"chr1","5559534","5559835","chr14","38774640","38774953","62","33215106","GGCCATGTGCGGTGGCTCACGCCTGTAATCCCAGTGCTTTGGGAGGCCGAGGCGGGTGAATCATGAGGGCAAGAGATTGAGACCATCCTGGTCAACATGGTGAAACCCTGTTTCTACTAATAATACAAAAAATTAGCTGGGCACAGTGGCGCGTGCCTGTAATCCCAGCTACTCAGGAGGCTGAGGCAGGAGAACTGACTGAACCCAGGAGGTGGAGGTTGTGGTGAGCCAAGATCGGGCCATTGCACTCCAGCCTGGGTAACAAAAGGGAAACTCCATGTCAAAAAAAAAAAAAAAGAAAA","GGCCAGGTGTGGTGGCTCACACCTGTAATACTAGCACTTTGGGAGGCCAAGGCGGGTGGATCACGAGGTCAGGAGATCAAGACCAGCCTGGCCAACATGGTGAAACCCCATCTCTACTTAAAAAAAAAAAAAAAAAAAAAAAAATTAGCTGGGTATAGTGGCGTGCACCTGCAGTCTCAGCTACTCGGGAGGCTGAGGCAGGAGAATCACTTGAACCCGGGAGGTGGAGGTTGCAGTGAGCCAAGATCAGGCCACTGCACTCCAGCCTGGGTGACAGAGTGAGACCCTGTCTCAAAAAAAAAAAAAAAAAAAAA"
"chr1","5599315","5599595","chr9","46299315","46299628","75","40700000","GGTGAGTCACACCTATAATCCCAGCACTTTGGGAGGCCAAGGCAGGTGGATCGCGAGGTCAGGAGTTCAATACTAGCCTGACCAACATGGTGAATCCCAGTCCCTACTAAAAATACATAAAAATTAGGCGGTATGGTGGCATATGCTTGTACTTCCAGCTACTCAGGAGGCTGAGGCAGGAGAATCCTTTGAACCCATGAGGCAGAGGTTGCAGTGAGCCGAGATTGTGCCACTGCACTCCAGCCTGGGCAACAGAGCAAGACTTTGTCTCAAAAAAAAAA","GGCCAGACACAGTGGCTCACGTCTGTAATCCCAGCACTTTGGGAGGCAGAGGCGGGTGGATCACAAGGTCAGGAGTTTGAGAGCAGCCTGGCCAACATAGTGAAACCCTGTCTCTACTAAAAATACAAAAAAATTAGCCAGGTGTGGTGGTGGGTGCCTGTAATCCCACCTACTCAGGAGGCTGAGGCTGAGGCTGAGGCTGAGGAGAATCGTTTGAATCTGGGAGGCAGAGGTGGCAGTGAGCCGAGATTGCGCTACTGCACTCCAGCCTGGGCGACAGTGTGAGACTCTGTCTCAAAAAAAAAAAAAAAAAA"
"chr1","5755981","5756287","chr9","46299315","46299628","76","40543334","GGCCAGGCATGGTGGCTCACTCCTGTAATCACAGCAGTTTGGGAGGCTGAGGCAGGTGGGTTTCGAAGTCAGAATAACCTTGTAGTCTGGCCAACATAGTGAAACCTCACCTGTACTAAAAATACAGAAAATTAGCCAGGTCTGGTGCTGTGTGCTGGTAATCCCAGCTACTCGGGAGGCTGTGGCAGTAGAATTGTGTGAGCCTGGGAGGCAGAGGTTGCAGTGAGCCGAGATCGCGCCTTGTACTCCAGTCCCGGCGACAGAGTGAGACTCTGTCTCAAAAAAAAAAGAAGGAAAGAAGAAAGAA","GGCCAGACACAGTGGCTCACGTCTGTAATCCCAGCACTTTGGGAGGCAGAGGCGGGTGGATCACAAGGTCAGGAGTTTGAGAGCAGCCTGGCCAACATAGTGAAACCCTGTCTCTACTAAAAATACAAAAAAATTAGCCAGGTGTGGTGGTGGGTGCCTGTAATCCCACCTACTCAGGAGGCTGAGGCTGAGGCTGAGGCTGAGGAGAATCGTTTGAATCTGGGAGGCAGAGGTGGCAGTGAGCCGAGATTGCGCTACTGCACTCCAGCCTGGGCGACAGTGTGAGACTCTGTCTCAAAAAAAAAAAAAAAAAA"
"chr1","5800514","5800810","chr10","59193901","59194213","61","53393387","GGCCGGGCGCAGTGGCTCAAGCCTGTAATCCCAGCACTTTGGGAGGCCGAGGCGGGTGGATCACGAGGTCAAGAGATCGAGACCATCCTGGTCAACATGGTGAAACCCCGTCTGTACTAAAAACACAAAAAATTAGCCGGGCATGGTGGCGCATGCCTGTAATCCCAGCTACTCAGGAGGCTGAGGCAGGAGAATTGCCTGAACCCAGGAGGCGGAGGTTGCGGTGAGCCAAGATCGTGCCATTGCACTCCAGCCTGGGTAACAAGAGCGAAACTCCGTCTCAAAAAAAAAAAAAAA","GGCCAGGCACGGTGGCTCACTTCTGTAATCCCAGCACTTTGGGAGGCCGAGGTGGCCGAATCACAAGGTCAGGAGTTCAAGACCAGCCTGACTGACATGGAGAAACCCCGTCTCTACTAAAAATAAAAATAAAAATAAAAATAAAAATAATTAGCCGGGTATGGTGGCACACACCTGTAGTCCCAGCTAGTTAGGAGGCTGAGGCAGGAGAATGGCGTGAACCCAGGAGGCGGAGCTTGCAGTCAGCCAAGATTGTGCCACTGCACTCCAGCCTGGGCAACAGAGTGATACTCCATCTCAAAAAAAAAAAAAA"
"chr1","5820251","5820548","chr1","131937127","131937450","81","126116876","CGGTGGCTCACACCATTGTAATCTCAGCACTTTGAGAGCCCGAGGTGGGTAGATCACTTGAGGTCAGGAGTTCGAGACCAGCCTGGCCAGCATGGTGAAACCTCATCTCTATTAAAAATATAAAAAATTGGCTGGGCGTGGTGGTGAGTGCCTATAGTCCCAGGTACTGGGAAGGTTGAGAGGAGAATGGGTTGAACCTGGGAGGCAGAAGTTGCAGTGGGCCAAGATCCTGCCATTGCACTCCAGCCTGGGCAACCAAGATTCCATCTCAAAAATAAAAGCAAGAAAAAAAAGGAAA","GCCAGGTGCGGTGCCTCATGCCTGTAATCCCAGCACTTTGGGATGCCGAGGCGGGTGGATCACAAGGTCAGGAGTTCAAGACCAGCCTGGCCAACATAGTGAAACCCCGTCTCTACTAAACATACAAAAAATTAGCCGGGCGTGGTGGCAGGTGCCTGTAATCCCAGCTATTCAGGGAGGCTGAGGCAGGAGAATTGCTTGAACCTGGGAGGCGGAGGTTGCAGTGAGCCAAGATCGCACCACTGCACTCCAGCCCAGGTGACAATGCGAGACTCCATCTCAAATAAATACATAAATAAATAAATAAATAAACAAACAAACAAA"
"chr1","5892820","5893125","chr1","131937127","131937450","60","126044307","GGCTGGGAGCGGTGGCTCAAGCCTGTAATCCCAGCACTTCGGGAGACCGAGGCAGGTGGATCACGAGGTCAAGAGATCGAGACCATCCTGGTCAACATGGTGAAACCCCGTCTCTACTAAAAATACAAAAAATTAGCTGGGCACGGTGGCGCGTGCCTGTAATCCCAGCTACTCAGGAGGCTGAGGCAGGAGAATTGCCTGAACCCAGGAGGTGGAGGTTGCGGTGAGCCGAGATCGCGCCATTGCACTCCAGCCTGGGCAACAAGAGCGAAACTCTGTCTCAAAAAAAATAAACAAACAAACAAA","GCCAGGTGCGGTGCCTCATGCCTGTAATCCCAGCACTTTGGGATGCCGAGGCGGGTGGATCACAAGGTCAGGAGTTCAAGACCAGCCTGGCCAACATAGTGAAACCCCGTCTCTACTAAACATACAAAAAATTAGCCGGGCGTGGTGGCAGGTGCCTGTAATCCCAGCTATTCAGGGAGGCTGAGGCAGGAGAATTGCTTGAACCTGGGAGGCGGAGGTTGCAGTGAGCCAAGATCGCACCACTGCACTCCAGCCCAGGTGACAATGCGAGACTCCATCTCAAATAAATACATAAATAAATAAATAAATAAACAAACAAACAAA"
"chr1","5894356","5894656","chr9","46299315","46299628","72","40404959","GGCCGGGCATGGTAGCTCAGGCCTGTAATCCCAGCATTTTGGGAGGCCAAGGTGGACAGATCACCTAACATCAGGAATTTGAGACCAGCATGGACAACAAGCCGAAACCTCGTCTTTACTAAAAATACAAAAAATTAGCCAGATGTAGTGGTGCATGCCTGTAGTCGCAACTACTAGGGGGGCTGAGGCAGGAGAATCACTTGAACCTGGGAGGTGGAAGTTGCAGTGAGAGATTGTGCCACTGCACTCCAGCCTAGGTGACAGAGCAAGACTCCGTCTCAAAAATAAATAAATAAATAAA","GGCCAGACACAGTGGCTCACGTCTGTAATCCCAGCACTTTGGGAGGCAGAGGCGGGTGGATCACAAGGTCAGGAGTTTGAGAGCAGCCTGGCCAACATAGTGAAACCCTGTCTCTACTAAAAATACAAAAAAATTAGCCAGGTGTGGTGGTGGGTGCCTGTAATCCCACCTACTCAGGAGGCTGAGGCTGAGGCTGAGGCTGAGGAGAATCGTTTGAATCTGGGAGGCAGAGGTGGCAGTGAGCCGAGATTGCGCTACTGCACTCCAGCCTGGGCGACAGTGTGAGACTCTGTCTCAAAAAAAAAAAAAAAAAA"
"chr1","5996806","5997118","chr1","131937127","131937450","54","125940321","GGCCGGGCGCGGTGGCTCAAGCCTGTAATCCCAGCACTTTGGGAGGCCGAGGCGGGTGGATCACGAGGTCAACAGATCGAGACCATCCTGGTCAACATGGTGAAACCCCGTCTCTACTAAAAATTACAAAAAGTTAGCTGGGCACGGTGGCGCATGCCTGTAATCCCAGCTACTCAGGAGGCTGAGGCAGGAGAATTGCCTGAACCCAGGGGGCGGAGGTTGCGGTGAGCCGAGATCGCGCCATTGCACTCCTGCCTGGGTAACAAGAGCGAAACTCCGTCTCAAAAAAAAAAAAAAAAAAAAAAAAAAAAAA","GCCAGGTGCGGTGCCTCATGCCTGTAATCCCAGCACTTTGGGATGCCGAGGCGGGTGGATCACAAGGTCAGGAGTTCAAGACCAGCCTGGCCAACATAGTGAAACCCCGTCTCTACTAAACATACAAAAAATTAGCCGGGCGTGGTGGCAGGTGCCTGTAATCCCAGCTATTCAGGGAGGCTGAGGCAGGAGAATTGCTTGAACCTGGGAGGCGGAGGTTGCAGTGAGCCAAGATCGCACCACTGCACTCCAGCCCAGGTGACAATGCGAGACTCCATCTCAAATAAATACATAAATAAATAAATAAATAAACAAACAAACAAA"
"chr1","6000846","6001140","chr18","15009231","15009552","61","9008385","GGCCAGGCGCGGTTGCTCATGCCTGTAATCCCAGCACTTTGGGAGGCCGAGGTGGGTGGATCACGAGGTCAAGAGATCGAGACCATCCTGGTCAACATGGTAAAACCCCGTCTCTACTAAAAATACAAAAAATTAGCTGGGCATGGTGGCGCGTGCCTGTAATCCCAGCTACTCGGGAGGCTGAGGCAGGAGAATTGCTCGAACCCAGGAGGCGGAGGTTGCGGTGAGCCGAGATCGCGCCATTGCACTCCAGCCTGGGTAACAACAGCAAAACTCCATCTCAAAAAAAAAAAAA","GCCAGGCGTGGTGGCTCATGCCTGTAATCCCAGCACTTTGGGAGGCCGAGGCGGGCAGATCACGAGGTCAGGAGTTCGAGACCAGCCTGACCAATATGGTGAAACCCCATCTCCACTAAAAACACACACACACACACACACACACACACACAAAATTAGCTGGGCGTGGTGGCACGTGCCTGTAGTCCCAGCTACTCAGGAGGCTGAGGCAGGAGAATTGCTTGAACCCAGGAGGCAGAGGTTGCAATGAGCTGAGATTGCACCATTGCACTCCAGCCTGGGTGACAGAGCGAGACTCCATCTCAAAGAAAAAAAAAAAGAA"
"chr1","6057792","6058104","chr3","13063317","13063638","53","7005525","GGCCGGGCGCAGTGGCTCACACCTGTAATCCCAGCACTTTGGGAGGCCAAGGTGGGTGGATCACGAGGTCAACAGATCGAGACCATCCTGGTCAACATGGTGAAACCCCGTCTCTACTAAAAATACAAAAAATTAGCTGGGCATGGTGGCGCGTGCCTGTAATCCCAGCTACTCAGGAGGCTGAGGCAGGAGAATTGCCTGAACCCAGGAGGCGGAGGTTGCGGTGAGCCGAGATTGCGCCATTGCACTCCAGCCTGGGTAACAAGAGTGAAACTCCGTCTCAAAAAAAAACCAAAAAAACAAAAAAACAAAA","GGCCGGGCACGATGGCTCACGCCTATAATCCCAGCACTTTGGGAGGCCAAGGTGGGCAGATCACGAGGTCAGGAGTTCGAGACCAGTCTGGCCAACATAGTGAAACCCTGTCTCTACTAAAAATACACAAAAAATTAGCCAGGTGTGGTGGCAGGTGCCTGTCATCCCAGCTACTCAGGTGGCTGAGGCAGGAGAATCGCGTGAACCCGGGAGGCGGAGGTTGCAGTGAGCCAAGATCGTGCCACTGCACTCCAGCCTGGGCAACAGAACGAGACTACATATCAAAAAAAAAAAAAAAAAAAAAAAAATCCCAAAAAACAAA"
"chr1","6058370","6058673","chr1","131937127","131937450","68","125878757","CGGTGGCTCAAGCCTATAATCCCAGCACTTTGGGAGGCTGAGGCGGGTGGATCACGAGGTCAACAGATCGAAACCATCCTGGTCAACATGGTGAAACCCCGTCTTTACTAAAAATACAAGAAATAAGCTGGGCATGGTGGCGCACACCTGTAATCTCAGCTACTCAGGAGGCTGAGGCAGGAGAATTGCCTGAACCCAGGAGGCAGAGGTTGTGGTGAGCCAAGATCACGCCATTGCACTCCAGCCTGGGTAACAAGAGTGAAAACTTCATCTCAAAAAAAAAAAAAAATCAATAAAATAAAAA","GCCAGGTGCGGTGCCTCATGCCTGTAATCCCAGCACTTTGGGATGCCGAGGCGGGTGGATCACAAGGTCAGGAGTTCAAGACCAGCCTGGCCAACATAGTGAAACCCCGTCTCTACTAAACATACAAAAAATTAGCCGGGCGTGGTGGCAGGTGCCTGTAATCCCAGCTATTCAGGGAGGCTGAGGCAGGAGAATTGCTTGAACCTGGGAGGCGGAGGTTGCAGTGAGCCAAGATCGCACCACTGCACTCCAGCCCAGGTGACAATGCGAGACTCCATCTCAAATAAATACATAAATAAATAAATAAATAAACAAACAAACAAA"
"chr1","6165926","6166224","chr14","38774640","38774953","58","32608714","GGCCGGGCGCGGTGGCTCACGCCTGTAATCCCAGCACTTTGGGAGGCCAAGGCGGGTGGATCACGAGGTCAACAGATCGAGACCAGCCTGGTCAACATGGTGAAACCCCGTCTCTACTAAAGATACAAAAAATTAGCTGGGCATGGTGGCGCGTGCCTGTAATCCCAGCTACTCGGGAGGCTGAGGCAGGAGAATTGCCTGAACCCGGGAGGCGGAGGTTGCGGTGAGCCGAGATTGCACCATTGCACTCCAGTCTGGGTAACAATAGCGAAACTCCATCTCAAAAAAAAAAAAAAAAA","GGCCAGGTGTGGTGGCTCACACCTGTAATACTAGCACTTTGGGAGGCCAAGGCGGGTGGATCACGAGGTCAGGAGATCAAGACCAGCCTGGCCAACATGGTGAAACCCCATCTCTACTTAAAAAAAAAAAAAAAAAAAAAAAAATTAGCTGGGTATAGTGGCGTGCACCTGCAGTCTCAGCTACTCGGGAGGCTGAGGCAGGAGAATCACTTGAACCCGGGAGGTGGAGGTTGCAGTGAGCCAAGATCAGGCCACTGCACTCCAGCCTGGGTGACAGAGTGAGACCCTGTCTCAAAAAAAAAAAAAAAAAAAAA"
"chr1","6241310","6241607","chr14","38774640","38774953","59","32533330","GGCCGGGCGCGGTGGCTCAAGCCTGTAATCCCAGCACTTTGGGAGGGTGAGGCGGGTGGATCACGAGGTCAGCAGATCAGGACCATCCTGGTCAACATGGTGAAACCCCGTCTCTACTAAAAATACAAAAAATTAGCTGGGCATGGTGGTGCTGCCTGTAATCCCAGCTACTCAGGAGGCTGAGGCAGGAGAATTGCCTGAACCCAGGAGGTGGAGGTTGCGGTGAGCCGAGATCGCGCCATTGCACTCCAGCCTGGGTAACAAGAGCGAAACTCCGTCTCAAAAAAAAAAAAAAGAA","GGCCAGGTGTGGTGGCTCACACCTGTAATACTAGCACTTTGGGAGGCCAAGGCGGGTGGATCACGAGGTCAGGAGATCAAGACCAGCCTGGCCAACATGGTGAAACCCCATCTCTACTTAAAAAAAAAAAAAAAAAAAAAAAAATTAGCTGGGTATAGTGGCGTGCACCTGCAGTCTCAGCTACTCGGGAGGCTGAGGCAGGAGAATCACTTGAACCCGGGAGGTGGAGGTTGCAGTGAGCCAAGATCAGGCCACTGCACTCCAGCCTGGGTGACAGAGTGAGACCCTGTCTCAAAAAAAAAAAAAAAAAAAAA"
"chr1","6381722","6382016","chr14","38774640","38774953","60","32392918","GGCCGGGCGCGGTGGCCAAGCCTGTAATCCCAGCACTTTGGGAGGCCGAGGCGGGTGGATCACGAGGTCAAGAGATCGAGACCATCCTGGTCAACATGGTGAAACCCCGTCTCTACTTAAAATACAAAAAATTAGCTGGGCATGGTGGCGCGTGCCTGTAATCCCAGCTACTCAGGAGGCTGAGGCAGGAGAATTGCCTGAACCCAGGAGGCGGAGGTTGCAGTGAGCCGAGATCACGCCATTGCACTCCAGCCTGGGTAACAAGAACAACACTCCGTCTCAAAAAAAAAAAAAA","GGCCAGGTGTGGTGGCTCACACCTGTAATACTAGCACTTTGGGAGGCCAAGGCGGGTGGATCACGAGGTCAGGAGATCAAGACCAGCCTGGCCAACATGGTGAAACCCCATCTCTACTTAAAAAAAAAAAAAAAAAAAAAAAAATTAGCTGGGTATAGTGGCGTGCACCTGCAGTCTCAGCTACTCGGGAGGCTGAGGCAGGAGAATCACTTGAACCCGGGAGGTGGAGGTTGCAGTGAGCCAAGATCAGGCCACTGCACTCCAGCCTGGGTGACAGAGTGAGACCCTGTCTCAAAAAAAAAAAAAAAAAAAAA"
"chr1","6392274","6392569","chr9","46299315","46299628","69","39907041","GGCAGGGTGCGGTGGCTCACACCTCTAATCCCAGCACTTTGGGAGGCTGAGGCAGGTGGATCACTTGAGGTCAGGAGTTTGAGACTAGTTTGGCCAACATGGTGAAACCCTTTCTCTACTAAAAATACAAAAAATTAGCTGAGTGTGGTAACACGCGCCTATAGTCCCAGCTACTCCAGAGGCTGAGGCATGAGAATCACTTGAGCCCAGGAGACGGAGGTTGCAGTGAGCCGAGATTGCACCACTACACTCCAGCCTGGGCAACAGAGTGAGACTCTGTCTTAAAAAAGAAAAAA","GGCCAGACACAGTGGCTCACGTCTGTAATCCCAGCACTTTGGGAGGCAGAGGCGGGTGGATCACAAGGTCAGGAGTTTGAGAGCAGCCTGGCCAACATAGTGAAACCCTGTCTCTACTAAAAATACAAAAAAATTAGCCAGGTGTGGTGGTGGGTGCCTGTAATCCCACCTACTCAGGAGGCTGAGGCTGAGGCTGAGGCTGAGGAGAATCGTTTGAATCTGGGAGGCAGAGGTGGCAGTGAGCCGAGATTGCGCTACTGCACTCCAGCCTGGGCGACAGTGTGAGACTCTGTCTCAAAAAAAAAAAAAAAAAA"
"chr1","6489544","6489847","chr1","131937127","131937450","60","125447583","GGCCGGGCGCGGTGGCTCAAGCCTGTAATCCCAGCACTTCGGGAGGACGAGGCGGGTGAATCACGAGGTCAAGAGATCGAGACCATCCTGGTCAACATGGTGAAACCCCGTCTCTACTAAAAATACAAAAAATTAGCTGGGCATGGTGGTGCGTGCCTGTAATCCCAGCTTCTCAGGAGGCTGAGGCAGGAGAATTGCCTGAACCCAGGAGGCGGAGGTTGCGGTGAGCTGAGATCGCGCCATTGCACTCCAGCCTGGGTAACAAGAGCGAAACTCCATCTCAAAAAAAAAAAAAAAAAAAAAA","GCCAGGTGCGGTGCCTCATGCCTGTAATCCCAGCACTTTGGGATGCCGAGGCGGGTGGATCACAAGGTCAGGAGTTCAAGACCAGCCTGGCCAACATAGTGAAACCCCGTCTCTACTAAACATACAAAAAATTAGCCGGGCGTGGTGGCAGGTGCCTGTAATCCCAGCTATTCAGGGAGGCTGAGGCAGGAGAATTGCTTGAACCTGGGAGGCGGAGGTTGCAGTGAGCCAAGATCGCACCACTGCACTCCAGCCCAGGTGACAATGCGAGACTCCATCTCAAATAAATACATAAATAAATAAATAAATAAACAAACAAACAAA"
"chr1","6493814","6494110","chr9","46299315","46299628","68","39805501","GGCCTAGCTTGGGGGCTCACACCTGTAATCCCAGCAATTTGGGAGACTGAGGCAGGTGAATCACAAGGTCAGGATTTTGAGACCAGCCTGGCTAACATGGTGAAACCCCGTATCTACTAAAAAAAAAAAAAATTAGACACACCTGGCAGTGCACACCTGTAATTCCAAACTACTTGGGAGGCTGAGGCAGGAGAATTTCTTGAACCTGGGAGGCAGAGGTTGCAGTGAGTCAAGATTGTGCCACTACACTTCAGCCTGGGTGACAGAGCAAGACTCTGTCCCAAAAAGAAAAAAAAA","GGCCAGACACAGTGGCTCACGTCTGTAATCCCAGCACTTTGGGAGGCAGAGGCGGGTGGATCACAAGGTCAGGAGTTTGAGAGCAGCCTGGCCAACATAGTGAAACCCTGTCTCTACTAAAAATACAAAAAAATTAGCCAGGTGTGGTGGTGGGTGCCTGTAATCCCACCTACTCAGGAGGCTGAGGCTGAGGCTGAGGCTGAGGAGAATCGTTTGAATCTGGGAGGCAGAGGTGGCAGTGAGCCGAGATTGCGCTACTGCACTCCAGCCTGGGCGACAGTGTGAGACTCTGTCTCAAAAAAAAAAAAAAAAAA"
"chr1","6499802","6500000","chr4","123011317","123011500","79","116511515","GAAACGCCATCTCTACTAAGAATACAAAAAAAAATTAGCTGGGCATAGTGGTGTGCCTGTAATTCCAGTTACTTGTGTGGCTGAGGCAGGACAATTGCTTGAACTGGGACCTGGGAGGTGGAGGTTGCAGTGAGTCAAGATTGTGCCACTGGATTCAAGCGTGGGCTACAGAGCAAGACTCCAACCTAAAAAACAAAAA","AAAAAAAAAAAAAATTATATATTTATATATATATATATATATATAGCCGGGCGCGGTGGCACATGCCTGTAGTCCCAGCTACTCGGGAGGCTGAGGCAGGAGAATTGCTTGAACCTAGGAGGCCAAGGTTGCAGTGAGATGAGATAGCACTCCAGCCTGGGGGACAGGAGCAGACTTCATCTCA"
"chr1","6633636","6633936","chr14","38774640","38774953","82","32141004","GGCTAACACCTGTAATCCCAGCACTTTGGGAGGCCAAGGCGGGCAGAAAACGAGGTCAGGAGTTTGAGACCAGCCTGGCCAACATAGTGAAACCTAGTGAAACCTCATCTCCACTAAAAATACACAAAAATAATTAGCTGTGCCTGATGGCGGACACCTGTAATCCCAGCTACTTTGGAGGCAGGAGAATCACTTGAACCCAGGAGGTGGAGGTTGTAGTGAGCCAAGAATGCACCACTGCACTTTAGCCCAGGTGACAGTGCAAGACTCCCTCTCAAAAAAATAGAAAATAAAAGAAAAA","GGCCAGGTGTGGTGGCTCACACCTGTAATACTAGCACTTTGGGAGGCCAAGGCGGGTGGATCACGAGGTCAGGAGATCAAGACCAGCCTGGCCAACATGGTGAAACCCCATCTCTACTTAAAAAAAAAAAAAAAAAAAAAAAAATTAGCTGGGTATAGTGGCGTGCACCTGCAGTCTCAGCTACTCGGGAGGCTGAGGCAGGAGAATCACTTGAACCCGGGAGGTGGAGGTTGCAGTGAGCCAAGATCAGGCCACTGCACTCCAGCCTGGGTGACAGAGTGAGACCCTGTCTCAAAAAAAAAAAAAAAAAAAAA"
"chr1","6637991","6638287","chr9","46299315","46299628","61","39661324","GGCCGGGCGCGGTGGCTCACGCCTGTAATCCCAGCACTTTGGGAGGCCGAGGCGGGTGGATCACAAGGTCAGGAGATCGAGACCATCCAGGTCAACATGGTGAAACCCCGTCTCTACTAAAAATACAAAAAATTAGCTGGGCGTGGTGGTGCGTGCCTGTAATCCCAGCTACTCAGGAGGCTGAGTCAGGAGAATTGCCTGAGCCCAGGAGGCGGAGATTGCAGTGAGATTGCACCATTGCACTCCAGCCTGGGTAACAAGAGCGAAACTCCGTCTCAAAAAAAAAAAAAAAAAAAA","GGCCAGACACAGTGGCTCACGTCTGTAATCCCAGCACTTTGGGAGGCAGAGGCGGGTGGATCACAAGGTCAGGAGTTTGAGAGCAGCCTGGCCAACATAGTGAAACCCTGTCTCTACTAAAAATACAAAAAAATTAGCCAGGTGTGGTGGTGGGTGCCTGTAATCCCACCTACTCAGGAGGCTGAGGCTGAGGCTGAGGCTGAGGAGAATCGTTTGAATCTGGGAGGCAGAGGTGGCAGTGAGCCGAGATTGCGCTACTGCACTCCAGCCTGGGCGACAGTGTGAGACTCTGTCTCAAAAAAAAAAAAAAAAAA"
"chr1","6667617","6667934","chr14","38774640","38774953","52","32107023","GGCCGGGAGCGGTGGCTCACGCCTGTAATCCCCGCACTTTGGGAGGCCGAGGCGGGTGGATCACGAGGTCAAGAGATCGAGACCATCCTGGTCAACATGGTGAAAACCTGTCTCTATTAAAAAAAAAAAAAAATACAAAAAATTAGCCCGGCATGGTGGCGCGTGCCTGTAATCCCAGCTACTCAGGAGGCTGAGGCAGGAGAATTGCCTGAACCCAGGAGGCGGAGGTTGCGGTGAGCCGAGATGGCGCCATTGCACTCCAGCCTGGGTAACAAGAGCGAAACTCCGTCTCAAAAAAAAAAAAAAAAGAAAAGAAAA","GGCCAGGTGTGGTGGCTCACACCTGTAATACTAGCACTTTGGGAGGCCAAGGCGGGTGGATCACGAGGTCAGGAGATCAAGACCAGCCTGGCCAACATGGTGAAACCCCATCTCTACTTAAAAAAAAAAAAAAAAAAAAAAAAATTAGCTGGGTATAGTGGCGTGCACCTGCAGTCTCAGCTACTCGGGAGGCTGAGGCAGGAGAATCACTTGAACCCGGGAGGTGGAGGTTGCAGTGAGCCAAGATCAGGCCACTGCACTCCAGCCTGGGTGACAGAGTGAGACCCTGTCTCAAAAAAAAAAAAAAAAAAAAA"
"chr1","6685026","6685325","chr9","46299315","46299628","63","39614289","GCCGAACTCAGTGGCTCACGCCTGCAATCCCAGCACTTTGGGAGGCCGAGGCAGGTGGATCATGAGGTCAAGAGATCGAGACCATGCTGGTCAACATGGTGAAACCCCGTCTCTACTAAAAATTACAAAAAATCAGCTGGGCATGGTGGCGCGTGCCTGTAATCCCAGCTACTCAGGAGGCTGAGGCAGGAGAATTGCCTGAACCCAGGAGGCGGAGGTTGCGGTGAGCCGAGATCGCGCAATTGCACTCCAGCCTGGGTAACAAGAGTGAAACTCCGTTTCCAAAAAAAAAAAAAAAAA","GGCCAGACACAGTGGCTCACGTCTGTAATCCCAGCACTTTGGGAGGCAGAGGCGGGTGGATCACAAGGTCAGGAGTTTGAGAGCAGCCTGGCCAACATAGTGAAACCCTGTCTCTACTAAAAATACAAAAAAATTAGCCAGGTGTGGTGGTGGGTGCCTGTAATCCCACCTACTCAGGAGGCTGAGGCTGAGGCTGAGGCTGAGGAGAATCGTTTGAATCTGGGAGGCAGAGGTGGCAGTGAGCCGAGATTGCGCTACTGCACTCCAGCCTGGGCGACAGTGTGAGACTCTGTCTCAAAAAAAAAAAAAAAAAA"
"chr1","6766735","6766991","chr12","6861641","6861931","78","94906","GAGGCCAAGGCAGGTGAATTACAAGGTCAGGAGTTCAAAACCAGCCTAACCAACATAATGAAACCCCATCTCTACTAAAAAAAAATACAAAAAATTAGCTGGGCATGGTGCCACTCACCTGTAATCCTAGCTACTTGAGAGGCTGAGGCAAGAGAATCGCTTGAACCCAGAAGGCAGAGGTTGCAGTGAGCCAAGATCACGCCACTGCACTCCAGCCTGGGTGACAGAGCAAGATTCTGTCTCAAAAAAAAAAAGAA","CTTTGGGAGGCCGAGGCAGGTGGATCACCAGATCAGGAGTTCAAGACCAGCCTGGCCAACATAGTGAAACCCTGTCTCTACTAAAAATACAAAAAATTAGCTGAGCGTGGTGGCAGGCACCTGTAATCCCAGCTACTTGGGAGGCTGAGGCAGGAGAATTGCTTGAACCCGGGAGGTGGAGGTTGCAGTGAGCTGAGATCGCACCATAGCACTCCAGCCTGGGCGACAGTGTGAGACTCTGCCTCAAAACAACAACAACAACAAAAACAACAACAACAACGAAAAAAACAA"
"chr1","6793596","6793890","chr16_NW_019937290v1_random","735974","736277","63","6057622","GGCTGGGCGCGGTGGCTCTTACCTGTAATCCCAGCATTTTGGGAGGCTGAGGTGGGTGGATCACGAGGTGAAGAGATTGAGACCATCCTGGTCAACATGGTGAAACCCCGTCTCTACTAAAAATACAAAAAATAAGCTGGGCATGGTGGCGCGTGCCTGTAATCTCAGCTACTCAGGAGGCTGAGGTAGGAGAATTGCCTGAACCCAGGAGGTGGAGGTTGCGGTGAGCCGAGATCGCACCATTGCACTCCAGCCTGGGTAACAAGAGCAAAACTCCGTCTCAAAAAAAAAAAAA","CTGGGTGTGGTGCCTCACACCTGTAATCCGAGCACTTTGAGAGGCTGAGGTGGGTGGATCACAAGGTCAGGAGTTCGAGACCAGCCTGACTAACATGGTGAAACCCCTTCTCTACTAAAAAAAAAAAAAAAAAAAAAAAAATTGGCCAGGCCTGGTGGTGTGTGCCTATAGCCCCAGCTACTCAGGGGGGTGAGGCAGGAGAATTGCCTGAACCTGGGAGGTGGAGGTTGCAGTGAGCTGAGGTCGTGCCACTGCACTCCAGCCTGGACGACAATGCGAGACTCCATCTCAAAAAAAAAAAAAA"
"chr1","6809047","6809347","chr14","38774640","38774953","54","31965593","CCAGGCGCGGTGGCTCACGCCTGTAATCCCAGCACTTTGGGAGGCCGAGGCGGGTGGATCACGAGGTCAAGAGATCAAGACCATCCTGGTCAACATGGTGAAACCCCGTCTCTACTAAAAATACAAAAAATTAGCTGGGCATGGTGGCGCGTGCCTGTAATCCCAGCTACTCAGGAGGCTGAGGCAGGAGAATTGCCTGAACCCAGGAGGCGGAGGTTGCAGTGAGCCGAGATTGCACCATTGCACTCCAGCCTGGGCAACAAGAGTGAAACTCCGTCTCAAAAAAAAAAAAAAATGAAAA","GGCCAGGTGTGGTGGCTCACACCTGTAATACTAGCACTTTGGGAGGCCAAGGCGGGTGGATCACGAGGTCAGGAGATCAAGACCAGCCTGGCCAACATGGTGAAACCCCATCTCTACTTAAAAAAAAAAAAAAAAAAAAAAAAATTAGCTGGGTATAGTGGCGTGCACCTGCAGTCTCAGCTACTCGGGAGGCTGAGGCAGGAGAATCACTTGAACCCGGGAGGTGGAGGTTGCAGTGAGCCAAGATCAGGCCACTGCACTCCAGCCTGGGTGACAGAGTGAGACCCTGTCTCAAAAAAAAAAAAAAAAAAAAA"
"chr1","6814078","6814378","chr14","38774640","38774953","63","31960562","GGCCAGGCGTGGTGGCTCAAGCCTGCAATCCCAGCACTTTGGGAGGCCGAGGCGGGTGGATCACAAGGTCAAGACATCGAGACCATCCTGGTCAACATGGTGAAACCCCGTCTCTACTAAAAATACAAAAAATTAGCTGGGCACGGTGGCGCATGCCTGTAATCCCAGCTACTCAGGAGGCTGAGGCAGAATTGCCTGAACCCAGGAGGTGGAGGTTGTGGTGAGCCGAGATCGCGCCATTGCACTCCAGCCTGGGTAACGAGCAAAACTCCATCTCAGGGAAAAAAAAAAAAAAAAAAAA","GGCCAGGTGTGGTGGCTCACACCTGTAATACTAGCACTTTGGGAGGCCAAGGCGGGTGGATCACGAGGTCAGGAGATCAAGACCAGCCTGGCCAACATGGTGAAACCCCATCTCTACTTAAAAAAAAAAAAAAAAAAAAAAAAATTAGCTGGGTATAGTGGCGTGCACCTGCAGTCTCAGCTACTCGGGAGGCTGAGGCAGGAGAATCACTTGAACCCGGGAGGTGGAGGTTGCAGTGAGCCAAGATCAGGCCACTGCACTCCAGCCTGGGTGACAGAGTGAGACCCTGTCTCAAAAAAAAAAAAAAAAAAAAA"
"chr1","6853283","6853583","chr3","13063317","13063638","74","6210034","GGCTGGGCGCAGTGGCTCACACCTGAACTTCTGGAGGCAGAGGCGGGCAGATCACAAGGTTAGGAATTCAAGACCAGCCTGGCCAACATAGTGAAACCCCGTCTCTACTAAAAATATAAAAAAATTAGCTGGGTGTGTGACAGGTGCCTGTAATCCCAGCTACTTGGGAAACTGAGACAGGAGAATTACGTGAACCCAGGAGGCAAAGGTTGCAGTGAGCCAAGATTGTGCCATTGTGCTCCAACCTGAGTGACAGTGCTACACTGCATCTCAAAAAAGAAAGGAAAAAGAAAGAAAGAAA","GGCCGGGCACGATGGCTCACGCCTATAATCCCAGCACTTTGGGAGGCCAAGGTGGGCAGATCACGAGGTCAGGAGTTCGAGACCAGTCTGGCCAACATAGTGAAACCCTGTCTCTACTAAAAATACACAAAAAATTAGCCAGGTGTGGTGGCAGGTGCCTGTCATCCCAGCTACTCAGGTGGCTGAGGCAGGAGAATCGCGTGAACCCGGGAGGCGGAGGTTGCAGTGAGCCAAGATCGTGCCACTGCACTCCAGCCTGGGCAACAGAACGAGACTACATATCAAAAAAAAAAAAAAAAAAAAAAAAATCCCAAAAAACAAA"
"chr1","6937949","6938231","chr18","43221019","43221313","61","36283070","CCGGGTGCAGTGGCTCACGCCTGTAATCCCAGCACTTTGGGAGGCCGAGGCGGGTGGATCACGAGGTCGAGACTATCCTGGTCAACATGGTGAAACACCATCTCTACTAAAAATACAAAAAATTAGCTGGGCATGGTGGCGCGTGCCTGTAGTCCCAGCTACTCGGGAGGCTGAGGCAGGAGAATTGCCTGAACCTAGGAGGCGGAGGTTGCGGTGAGCGGAGATTGAGCCATTGCACTCCAGCCTGGGTAACAAGAGCGAAACTCCATCTCAAAAAAAAAAA","GGCCGGGCATGGTGGCTCACACCTATAATGCCAGCACTTTGGGAGGCCAAGGCGGGAGGTCAGGAGTTCAAGACTAGCCTGGCCAACATGGTGAAACTAAAAATATAAAAATATAAAAATATAAAAATATAAAAATCTGCTGGGCATGGTGGTGCGCGCCTGTAGTCCCAGCTACTCAGGAGGCTGAGGCAGGAGAATCGCTTGAACCCGGGAGGGCAGGGGTTGCAGTGAGCTGAGATCGCACTACTGCACTCCATCCTGGGCGACAGAGTGAGACTCCATCTCAAAAAAAAAA"
"chr1","6965495","6965800","chr14","38774640","38774953","75","31809145","GGCCGTGAGTGGTGGCTCACGCCTGTAAACCCAGCGCTTTGGGAGGCCAAGGCAGGAGAATCTCAAGGTCAGGAGTTCAAGACTAGCCTGACTAACATGGTGAAATGCTGTCTCTACCAAAAATACAAAAAGTTAACTGGACATGGTGGTGGGCACCTGTAATCTCAACTACTCGGGAGGCTGAGGCAGGAGAATTGCTTGCCCCCAGGAGGCAAAAGTTGCAGTGAGCTGAGATTGCGCCAGTGTATTCAAGCCCAGGTGACAGTGCAAAACTCTGTCTCAAAAAAAAAAAAAAAAAGAAAGAAA","GGCCAGGTGTGGTGGCTCACACCTGTAATACTAGCACTTTGGGAGGCCAAGGCGGGTGGATCACGAGGTCAGGAGATCAAGACCAGCCTGGCCAACATGGTGAAACCCCATCTCTACTTAAAAAAAAAAAAAAAAAAAAAAAAATTAGCTGGGTATAGTGGCGTGCACCTGCAGTCTCAGCTACTCGGGAGGCTGAGGCAGGAGAATCACTTGAACCCGGGAGGTGGAGGTTGCAGTGAGCCAAGATCAGGCCACTGCACTCCAGCCTGGGTGACAGAGTGAGACCCTGTCTCAAAAAAAAAAAAAAAAAAAAA"
"chr1","6991919","6992230","chr3","13063317","13063638","60","6071398","GGCCGGGCACGGTGGCTCACGCCTGTAATCCCAGCACTTTGGGAGGTTGAGACGGGTGGATCACGAGGTCAAGAGATCGAGACCATCCTGGTCAACATGGTGAAACCCCGTCTCTACTAGAAATACAAAAAATTAGCTGGGCATGGTGGTGCATGCCTGTAGTCCCAGCTACTTGGGAGACTGAGGCAGGAGAATTGCCTGAACCCAGGAGGCAGAGGTTGTGGTGAGCCGAGATCGCGCCATTGCACTCCAGCCTGGGTAACAAGAGTGAAACTCCGTCTCAAAAAAAAGAAAAAAAAAAAAAAAAAAAAA","GGCCGGGCACGATGGCTCACGCCTATAATCCCAGCACTTTGGGAGGCCAAGGTGGGCAGATCACGAGGTCAGGAGTTCGAGACCAGTCTGGCCAACATAGTGAAACCCTGTCTCTACTAAAAATACACAAAAAATTAGCCAGGTGTGGTGGCAGGTGCCTGTCATCCCAGCTACTCAGGTGGCTGAGGCAGGAGAATCGCGTGAACCCGGGAGGCGGAGGTTGCAGTGAGCCAAGATCGTGCCACTGCACTCCAGCCTGGGCAACAGAACGAGACTACATATCAAAAAAAAAAAAAAAAAAAAAAAAATCCCAAAAAACAAA"
"chr1","7042400","7042698","chr10","59193901","59194213","58","52151501","GGCCGGGCGCGGTGGCTCACGTCTGTAATCCCAGCACTTTGGGAGGCTGAGGCGGGTGGATCACAAGGTCAAGAGATCGAGACCATGCTGGTCAACATGGTGAAACCCCGTCTCTACTAAAAAAAAAACAAAAAATTATCTGGGCATGGTGGTGCGTGCCTGTAATCCCATCTACTCAGGAGGCTGAGGCAGGAGAATTGTCTGAACCCAGGAGGCGGAGGTTGCGGTGAGCCAAGATTGCGCCATTGCACTCCAGCCTGGGTAACGAGAGCGAAACTCCGTCTCAAAAAAAAAAAAAA","GGCCAGGCACGGTGGCTCACTTCTGTAATCCCAGCACTTTGGGAGGCCGAGGTGGCCGAATCACAAGGTCAGGAGTTCAAGACCAGCCTGACTGACATGGAGAAACCCCGTCTCTACTAAAAATAAAAATAAAAATAAAAATAAAAATAATTAGCCGGGTATGGTGGCACACACCTGTAGTCCCAGCTAGTTAGGAGGCTGAGGCAGGAGAATGGCGTGAACCCAGGAGGCGGAGCTTGCAGTCAGCCAAGATTGTGCCACTGCACTCCAGCCTGGGCAACAGAGTGATACTCCATCTCAAAAAAAAAAAAAA"
"chr1","7115164","7115474","chr3","13063317","13063638","53","5948153","GGCCGGGCACGGTGGCTCACGCCTGTAATCCCAGCACTTTGGGAGGCTGAGGCGGGTGGATCATGAGGTCAAGACATCGAGACCATCCTGGTCAACATGGTGAAACCCTGTCTCTACTAAAAATACAAAAAATTAGCTGGGCATGGTGGCGCGTTCCTGTAATCCCAGCTACTCAGGAGGCTGAGGCAGGAGAATTGCCTGAACCCAGGAGGCAGAGGTTGCGGTGAGCCGAGATAGCGCCATTGCACTCCAGCCTGGGTAACAAGAGCGAAACTCCATCTCAAAAAAAAAAAAAAAAAAGATAAAAGAAA","GGCCGGGCACGATGGCTCACGCCTATAATCCCAGCACTTTGGGAGGCCAAGGTGGGCAGATCACGAGGTCAGGAGTTCGAGACCAGTCTGGCCAACATAGTGAAACCCTGTCTCTACTAAAAATACACAAAAAATTAGCCAGGTGTGGTGGCAGGTGCCTGTCATCCCAGCTACTCAGGTGGCTGAGGCAGGAGAATCGCGTGAACCCGGGAGGCGGAGGTTGCAGTGAGCCAAGATCGTGCCACTGCACTCCAGCCTGGGCAACAGAACGAGACTACATATCAAAAAAAAAAAAAAAAAAAAAAAAATCCCAAAAAACAAA"
"chr1","7126518","7126801","chr3","18778695","18779003","77","11652177","GGCACGGTGGATTACACCTGCAATCTCAGGTCGATGCCGAGGCGAGCAAATCATGAAGTTGGGAGTTCGAGACCAGCCTGGCCAACATGCTGAAACCCCGTCTCTACTAAAAATACAAAAAATTAGCTGGGCGTAATGGTTGGCACCTGTAGTCCCAGCTACTTGGGAGGCTGAGGCAAGAGAATTGTTTCAACCTGGGAGGCGGAGGTTGCAGTGAACTGAGATCACGCCACTGCACTCCAGCCCAGGCGACAGAGTGAGACTCTGTCTCAAAAATAAATAAA","GGCCAGGTGCAGTGGCTCACGCCTGCAATCCCAGCACTTTAGGAGGCCGAGGTGGGAAGATCACAAGGTCAGGAGTTCGAGACCAGCCTGACCAATATGGTGAAACCCCATCTCTACTAAAAATACAAAAAAAAAAAAAAAAAAAAAAAAAAAAGCTGGGTGTCGTGGTGGGCACCTGTAGTTCCAGCTACTAGGGAGGCTGAGGCAGGAGAATGGTTTGAACCTGAGAGATGGAGGTTACAGTGAGCCAAGATCGTGCCACTGCACTCCAGCCTGGGCAACAGAGTGAGACTCTGTCTCAAAAAAAAA"
"chr1","7195161","7195454","chr18","15009231","15009552","61","7814070","GGCCGGGCGTGGTGGCTCACGCCTGTAATCCCAGCACTTTGGGAGGCCGAGGAGGGTGGATCACGAGGTCAAGAGATCGAGACCATCCTGGTCAACATGGTGAAACCCCGTCTCTACTAAAAATACAAAAAATTAGCTGGGCACGGTGGCGCGTGCCTGTAATCCCAGCTACTCAGGAGGCTGAGGCAGGAGAATTGCCTGAACCCAGGAGGCAGAGGTTGCGGTGAGCCGAGATGGCGCCATTGCACTCCAGCCTGGGTAACAAGAGCAAAACTACGTCTCAGAAAAAAAAAA","GCCAGGCGTGGTGGCTCATGCCTGTAATCCCAGCACTTTGGGAGGCCGAGGCGGGCAGATCACGAGGTCAGGAGTTCGAGACCAGCCTGACCAATATGGTGAAACCCCATCTCCACTAAAAACACACACACACACACACACACACACACACAAAATTAGCTGGGCGTGGTGGCACGTGCCTGTAGTCCCAGCTACTCAGGAGGCTGAGGCAGGAGAATTGCTTGAACCCAGGAGGCAGAGGTTGCAATGAGCTGAGATTGCACCATTGCACTCCAGCCTGGGTGACAGAGCGAGACTCCATCTCAAAGAAAAAAAAAAAGAA"
"chr1","7212194","7212502","chr1","131937127","131937450","53","124724933","GGCCGGGCGCGGTGGCTCAACCCTGTAATCCCAGCACTTTGGGAGGCCGAGACGGGTGGATCACGAGGTCAAGAGATCGAGACCATCCTGGTCAACATGGTGAAACCCCGTCTCTACTAAAAATACAAAAAATTAGCTGGGCATGGTGGCGCGTGACTGTAATCCCAGCTACTCGGGAGGCTGAGGCAGGAGAATTGCCTGAACCCAGGAGGCGGAGGTTGCGGTGAGCCGAGATCGCACCATTGCACTCCAGCCTGGGTAACAAGAGCGAAACTCCGTCTCAAAAAAAAAAAACAAAAAACCAAAAAA","GCCAGGTGCGGTGCCTCATGCCTGTAATCCCAGCACTTTGGGATGCCGAGGCGGGTGGATCACAAGGTCAGGAGTTCAAGACCAGCCTGGCCAACATAGTGAAACCCCGTCTCTACTAAACATACAAAAAATTAGCCGGGCGTGGTGGCAGGTGCCTGTAATCCCAGCTATTCAGGGAGGCTGAGGCAGGAGAATTGCTTGAACCTGGGAGGCGGAGGTTGCAGTGAGCCAAGATCGCACCACTGCACTCCAGCCCAGGTGACAATGCGAGACTCCATCTCAAATAAATACATAAATAAATAAATAAATAAACAAACAAACAAA"
"chr1","7250935","7251243","chr1","131937127","131937450","56","124686192","GCCGGGCGCGGTGGCTCAGGCCTGTAATCCCAGCACTTTGGGAGGTCGAGGCGGGTGAATCACAAGGTCAAGAGATCGAGACCATCCCGGTCAACATGGTGAAACCCCGTCTCTACTAAAAATACAAAAAATTAGCTGGGCACGGTGGCGCGTGCCTGTAATCCCAGCTACTCAGGAGGCTGAGGCAGGAGAATTGCCTGAACCCAGGAGGCGGAGGTTGCGGTGAGCCGAGATTGCGCCATTGCACTCCAGGCTGGGTAACAAGAGCGAAACTCCGTCTCAACAACAACAACAAAAAAATACAAAAAA","GCCAGGTGCGGTGCCTCATGCCTGTAATCCCAGCACTTTGGGATGCCGAGGCGGGTGGATCACAAGGTCAGGAGTTCAAGACCAGCCTGGCCAACATAGTGAAACCCCGTCTCTACTAAACATACAAAAAATTAGCCGGGCGTGGTGGCAGGTGCCTGTAATCCCAGCTATTCAGGGAGGCTGAGGCAGGAGAATTGCTTGAACCTGGGAGGCGGAGGTTGCAGTGAGCCAAGATCGCACCACTGCACTCCAGCCCAGGTGACAATGCGAGACTCCATCTCAAATAAATACATAAATAAATAAATAAATAAACAAACAAACAAA"
"chr1","7326492","7326792","chr14","38774640","38774953","60","31448148","GGCCGGGCGCGGTGGCTCAAGCCTGTAATCCCAGCACTTTGGGAGGCCGAGGCGGGTGGATCATGAGGTCAAGAGCTCGAGACTATCCTGGTCAACATGGTGAAACCCCGTCTCTACTAAAAATACAAAAAATTAGCTGGGCATGGTGGTGCGTGCCTGTAATCTCAGCTACTCAGGAGGCTGAGGCAGGAGAATCGCCTGAACCCAGGAGGCGGAGGTTGCGGTGAGCCGAGATCGCACCATTGCACTCCAGCCTGGGTAACAAGAGCGAAACTCCGTCTCAAAACAAAACAAAACAAAA","GGCCAGGTGTGGTGGCTCACACCTGTAATACTAGCACTTTGGGAGGCCAAGGCGGGTGGATCACGAGGTCAGGAGATCAAGACCAGCCTGGCCAACATGGTGAAACCCCATCTCTACTTAAAAAAAAAAAAAAAAAAAAAAAAATTAGCTGGGTATAGTGGCGTGCACCTGCAGTCTCAGCTACTCGGGAGGCTGAGGCAGGAGAATCACTTGAACCCGGGAGGTGGAGGTTGCAGTGAGCCAAGATCAGGCCACTGCACTCCAGCCTGGGTGACAGAGTGAGACCCTGTCTCAAAAAAAAAAAAAAAAAAAAA"
"chr1","7420046","7420336","chr16_NW_019937290v1_random","735974","736277","68","6684072","GGCTCGGCGCGGTGGCTCACGCCTATAATCCCAGCACTTTGGGAGGCCGAGGCGGGTGGATCACGAGGTCAAGAGATCGAGACCATCCTGGTCAACATGGTGAAACCCCGTCTCTACTAAAAATACAAAAAATTAGCAGGGCATGGTGGTGCACGCCTGTAGTCCCAGCTACTCAGGAGGCTGAGGCAGGAGAATTGCTTGAACCCAGAAGGCGGACGTTGTGGTGACCCGAGATCGTGCCATTGCACTCCAGCCTGGGTAACAACAGCGAAACTCCATCTCAAGAAAAAA","CTGGGTGTGGTGCCTCACACCTGTAATCCGAGCACTTTGAGAGGCTGAGGTGGGTGGATCACAAGGTCAGGAGTTCGAGACCAGCCTGACTAACATGGTGAAACCCCTTCTCTACTAAAAAAAAAAAAAAAAAAAAAAAAATTGGCCAGGCCTGGTGGTGTGTGCCTATAGCCCCAGCTACTCAGGGGGGTGAGGCAGGAGAATTGCCTGAACCTGGGAGGTGGAGGTTGCAGTGAGCTGAGGTCGTGCCACTGCACTCCAGCCTGGACGACAATGCGAGACTCCATCTCAAAAAAAAAAAAAA"
"chr1","7428996","7429292","chr14","38774640","38774953","81","31345644","GGCCAGTGCGGTGGCTCACGCCTGTAATCCCAGCACTTTGGGAGACTAAGGCTGGTGGATCACAGGAAGCCAGTATTTCAAGACCAGCTTGGTAAACATGCAACACGCTGTCTCTACAAAGAGATAAAAAAAAATATGCTAGGAATGGTGGTGCATGTCTATAGTCCCAGTTACTTGGAAAGCTGAGGGAGGAGATTCACTTGAAGCCAGGAGGTAGAGGCTGCAGTGAAACAACATTGTGCCACTGCACTCCAGCCTGGGCAACAAGAGCAAGACTCTGTCTCCAAAAAAAAAAAA","GGCCAGGTGTGGTGGCTCACACCTGTAATACTAGCACTTTGGGAGGCCAAGGCGGGTGGATCACGAGGTCAGGAGATCAAGACCAGCCTGGCCAACATGGTGAAACCCCATCTCTACTTAAAAAAAAAAAAAAAAAAAAAAAAATTAGCTGGGTATAGTGGCGTGCACCTGCAGTCTCAGCTACTCGGGAGGCTGAGGCAGGAGAATCACTTGAACCCGGGAGGTGGAGGTTGCAGTGAGCCAAGATCAGGCCACTGCACTCCAGCCTGGGTGACAGAGTGAGACCCTGTCTCAAAAAAAAAAAAAAAAAAAAA"
"chr1","7450758","7451061","chr14","38774640","38774953","58","31323882","GGCTGGGCACGGTGGCTCAAGCCTGTAATCCCAGCACTTTGGGAGGCCGAGGCGGGTGGATCACGAGGTCAACAGATGGAGACCATCCTGGTCAACATGGTGAAACCCCGTCTCTACTAAAAATACAAAAAATTAGCTGGGCATGGTGGCGTGTACCTGTAATCCCAGCTACTCAGGAGGCTGAGGCAGGAGAATTGCCTGAACCCAGGAGGCGGAGGTTGCGGTGAGCCGAAATTGCGCCATTGCACTCCAGCCTGGGTAACAAGAGCAAAACTCCGTCTCAAAAAAAGAAAAAAAAAAAAAA","GGCCAGGTGTGGTGGCTCACACCTGTAATACTAGCACTTTGGGAGGCCAAGGCGGGTGGATCACGAGGTCAGGAGATCAAGACCAGCCTGGCCAACATGGTGAAACCCCATCTCTACTTAAAAAAAAAAAAAAAAAAAAAAAAATTAGCTGGGTATAGTGGCGTGCACCTGCAGTCTCAGCTACTCGGGAGGCTGAGGCAGGAGAATCACTTGAACCCGGGAGGTGGAGGTTGCAGTGAGCCAAGATCAGGCCACTGCACTCCAGCCTGGGTGACAGAGTGAGACCCTGTCTCAAAAAAAAAAAAAAAAAAAAA"
"chr1","7469242","7469535","chr9","46299315","46299628","67","38830073","GGCAGGTTTCAGTGGCTCACGCCTGTAATCTCAACACTTTGGGAGGCCAAGGTTGGTGGATCATGAGGTTAGGAGCTTGAGACAAGCCTGGCTAACATAATGAAACCCCATCTCTACTAAAAGTACAAAAAATGAGCCAGGCGTGGTGGTGTGCACCTGTAATCCCAGCTACTTAGGAGGCTGAGGCAGGAGAATCATGTGAACCCAAAAGGCAGAGGTTTCAGTGAGCCAAGATTGCGCCACTGCATTCCAGCCTGGGCAACAGAGTGAGACTCCATCTCAAAAACAAACAAA","GGCCAGACACAGTGGCTCACGTCTGTAATCCCAGCACTTTGGGAGGCAGAGGCGGGTGGATCACAAGGTCAGGAGTTTGAGAGCAGCCTGGCCAACATAGTGAAACCCTGTCTCTACTAAAAATACAAAAAAATTAGCCAGGTGTGGTGGTGGGTGCCTGTAATCCCACCTACTCAGGAGGCTGAGGCTGAGGCTGAGGCTGAGGAGAATCGTTTGAATCTGGGAGGCAGAGGTGGCAGTGAGCCGAGATTGCGCTACTGCACTCCAGCCTGGGCGACAGTGTGAGACTCTGTCTCAAAAAAAAAAAAAAAAAA"
"chr1","7522800","7523109","chr3","13063317","13063638","57","5540517","GGCCGGGCACGGTGGCTTAGGCCTATAATTCCAGCACTTTGGGAGGCCGAGGCGGGTAGATCACGAGGTCAAGAGATCGAGACCATCCTGGTCAACATGGTGAAACCCCGTCTCTACTAAAGATACAAAAAATTAGCTGGGCATGGTGGCGCGTGCCTGTAATCCCAGCTACTCAGGAGGCTGAGGCAGGAGAATTGCCTGAACCCAGGAGGCGGAGGTTGCGGTGAGCCGAGATCACGCCATTGCACTCCAGCCTGGGTAACAAGAGCGAAACTCCCCCTCAAAAAAAAATAGAAAGAAAGAAAGAAAA","GGCCGGGCACGATGGCTCACGCCTATAATCCCAGCACTTTGGGAGGCCAAGGTGGGCAGATCACGAGGTCAGGAGTTCGAGACCAGTCTGGCCAACATAGTGAAACCCTGTCTCTACTAAAAATACACAAAAAATTAGCCAGGTGTGGTGGCAGGTGCCTGTCATCCCAGCTACTCAGGTGGCTGAGGCAGGAGAATCGCGTGAACCCGGGAGGCGGAGGTTGCAGTGAGCCAAGATCGTGCCACTGCACTCCAGCCTGGGCAACAGAACGAGACTACATATCAAAAAAAAAAAAAAAAAAAAAAAAATCCCAAAAAACAAA"
"chr1","7589787","7590041","chr1","66623396","66623668","61","59033609","GGATCACGAGGTCAGGAGATCGAGACCATCTTGGTCAACATGGTGAAACCCCGTCTCTACTAAAAATACAAAAAATTAGCTGGGCATGGTGGCGCGTGCCTGTAATCCCAGCTACTCAGGAGGCTGAGGCAGGAGAATTGCCTGAACCCAGGAGGCGGAGGTTGCGGTGAGCCGAGATCGCGCCATTGCACTCCAGCCTGGGTAACAAGAGCGAAACTCCGTCTCAAAAAAAAAAAAAAAAAAAGAAAGAAAGAA","ATCACTAGGTTAGCAGTTCAAGACCAGCCTGGCCAACATAGTGAAACCCTGTCTCTACTAAAAATACAAAAAATTAGCCGGAAGTGGTGGTGGGCACCTGTAATCCCGCCTACTCTGGAGGCTGAGGCAGGAGAATCGCTTGAACCTGGGAAGTGGAGGTTGCAGTGAGCCAAGATCGCGCCACTGCACTCTAGCCTGTGAGACAGTGTGAGACTCCGTCTCAAACAACAACAACAACAACAACAACAACAAAGAATGAAAGAAAGAAAGAAA"
"chr1","7590582","7590747","chr9","80176817","80177026","72","72586235","GCTGGGCGTGGTGGCGTATGCCTGTAGTTCCAGCTACTCCAGAGGCTGAGGCAGGAGAAATGTCTGAATCCAGGAGGTGGAGATTGCAGTGAGCTGAGATTGAGCCACTACACTCCAGCCTGGCACCTGGCAACAGAGCAAGACTCTGTCTCAAAAAAAAAAAAAA","AAAATTAGCTGGGTGTGGTGGCGTGTGCCTGTAGTCTCAGCTACTCGAGAGGCTGAGGTAGGAGAATTGCATGAACCTGGGAGGTGGAGGTTGCAGTGAGCTGAGATCGCACCACTGCACTCCAGCCTGGGTGACACAGCAAGACTCCATCTCCAAAATAATAATAATAATAATAGTAATAATAATTAAGAATATAAGAATAAAAAAGAA"
"chr1","7605617","7605915","chr10","59193901","59194213","67","51588284","GGCCAGGGACAGTGGCTCACACCTGTAATCCTAGCACTTTGGGAGGCTGAGGTAGGTGGATCACAAGGTCAGGAGTTCGAGAGCATCCTGGTCAACTGGTGAAACCCACCTCTACCAAAAATACAAAAAAAAAAAAACTGTATAGCCGGTTGTGGTGTCACACACCTGTAATCCCAGCTACTTGGGAGTCTGAGGCTGGAGAATCACCTGAACCTGGGAGGCAGAGGTAGCAGTGAGCTGAGATCGCGCCACTGCACTCCATCCTTGGCTACAGGAGACACTGTCTCAAAAAGAAAAAA","GGCCAGGCACGGTGGCTCACTTCTGTAATCCCAGCACTTTGGGAGGCCGAGGTGGCCGAATCACAAGGTCAGGAGTTCAAGACCAGCCTGACTGACATGGAGAAACCCCGTCTCTACTAAAAATAAAAATAAAAATAAAAATAAAAATAATTAGCCGGGTATGGTGGCACACACCTGTAGTCCCAGCTAGTTAGGAGGCTGAGGCAGGAGAATGGCGTGAACCCAGGAGGCGGAGCTTGCAGTCAGCCAAGATTGTGCCACTGCACTCCAGCCTGGGCAACAGAGTGATACTCCATCTCAAAAAAAAAAAAAA"
"chr1","7629123","7629426","chr14","38774640","38774953","52","31145517","GGCCGGGCGCGGTGGCTCACGCCTGTAATCCCAGCACTCTGGGAGGCCGAGGCGGGTGGATCACGAGGTCAAGAGATCGAGACCATCCTGGTCAACATGGTGAAACCCCGTCTCTACTAAAAATACAAAAAATTAGCTGGGCATGGTGGTGTGTGCCTGTAATCCCAGCTACTCGGGAGGCTGAGGCAGGAGAATTGCCTGAACCCAGGAGGCGGAGGTTGCAGTGAGCTGAGATCGCGCCATTGCACTCCAGCCTGGGTAACAAGAGCGAAACTCCGTCTCAAAAAAAAAAAAAAAAAAAAAA","GGCCAGGTGTGGTGGCTCACACCTGTAATACTAGCACTTTGGGAGGCCAAGGCGGGTGGATCACGAGGTCAGGAGATCAAGACCAGCCTGGCCAACATGGTGAAACCCCATCTCTACTTAAAAAAAAAAAAAAAAAAAAAAAAATTAGCTGGGTATAGTGGCGTGCACCTGCAGTCTCAGCTACTCGGGAGGCTGAGGCAGGAGAATCACTTGAACCCGGGAGGTGGAGGTTGCAGTGAGCCAAGATCAGGCCACTGCACTCCAGCCTGGGTGACAGAGTGAGACCCTGTCTCAAAAAAAAAAAAAAAAAAAAA"
"chr1","7643186","7643501","chr1","131937127","131937450","52","124293941","GCCGGATGCGGTGGCTCAAGCCTGTAATCCCAGCACTTTGGGAGGCCGAGGCGGGTGGATCACGAGGTCAAGAGATCGAGACCATTCTGGTCAACATGGTGAAACCTCGTTTCTACTAAAATTACAAAAAATTAGCTGGGCATGGTGGCGCGTGCCTGTAATCCCAGCTACTCAGGAGGCTGAGGCAGGAGAATTGCCTGAACCCAGGGGGCGGAGGTTGCGGTGAGCCAAGATCGCGCCATTGCACTCTAGCTTGGGTAACAAGAGCAAAACTCCGTCTCAAAAAATAAATAAATAAATACATAAATAAATAAAT","GCCAGGTGCGGTGCCTCATGCCTGTAATCCCAGCACTTTGGGATGCCGAGGCGGGTGGATCACAAGGTCAGGAGTTCAAGACCAGCCTGGCCAACATAGTGAAACCCCGTCTCTACTAAACATACAAAAAATTAGCCGGGCGTGGTGGCAGGTGCCTGTAATCCCAGCTATTCAGGGAGGCTGAGGCAGGAGAATTGCTTGAACCTGGGAGGCGGAGGTTGCAGTGAGCCAAGATCGCACCACTGCACTCCAGCCCAGGTGACAATGCGAGACTCCATCTCAAATAAATACATAAATAAATAAATAAATAAACAAACAAACAAA"
"chr1","7648635","7648931","chr14","38774640","38774953","61","31126005","GGCTGTGTGCGGTGACTCACGCCTGTAATCCCAGCACTTTGGGAGGCCAAGGCGGGTGGATCAAGAGGTCAAGAGATCAAGACCATCCTGGTCAACGTGGTGAAACCCCGTCTCTACTAAAAATACAAAAAATTAGCTGGGCATGGTGGCGCGTGCCTGTAATCCCAGCTACTCAGGAGGCTGAGGCAGGAGAATTGCCTGAACCCAGGAGGCGGAGGTTGCGGTGAGCCGAGATCGCACCATCACACTCCAGCCTGGGTAACAAGAGTGAAACTCCGTCTCAAAAAAAAAAAAAAA","GGCCAGGTGTGGTGGCTCACACCTGTAATACTAGCACTTTGGGAGGCCAAGGCGGGTGGATCACGAGGTCAGGAGATCAAGACCAGCCTGGCCAACATGGTGAAACCCCATCTCTACTTAAAAAAAAAAAAAAAAAAAAAAAAATTAGCTGGGTATAGTGGCGTGCACCTGCAGTCTCAGCTACTCGGGAGGCTGAGGCAGGAGAATCACTTGAACCCGGGAGGTGGAGGTTGCAGTGAGCCAAGATCAGGCCACTGCACTCCAGCCTGGGTGACAGAGTGAGACCCTGTCTCAAAAAAAAAAAAAAAAAAAAA"
"chr1","7658963","7659246","chr14","38774640","38774953","77","31115677","GGCCGGGCGCGGTGGCTCAAGCTCTTTGGGAGGCCGAGGCAGGTGCATCACGAGGTCAAGAGATTGAGACCATCCCGGTCAACATGGTGAAACCCTGTCTCTACTAAAAATACAAAAAATTAGCTGGGCACGGTGGCGTGTGCCTGTAATCCCAGTTACTCAGGAGGCTGAGGCAGGAGAATTGCCTGAACCCAGGAGGCGGAGGTTGCGGTGAGCCGAGATCGCACCATTGCACTCCAGCCTGGGTAACAAGAGTGAAACTCCGCCTCAAAAAGAGAAAGAAA","GGCCAGGTGTGGTGGCTCACACCTGTAATACTAGCACTTTGGGAGGCCAAGGCGGGTGGATCACGAGGTCAGGAGATCAAGACCAGCCTGGCCAACATGGTGAAACCCCATCTCTACTTAAAAAAAAAAAAAAAAAAAAAAAAATTAGCTGGGTATAGTGGCGTGCACCTGCAGTCTCAGCTACTCGGGAGGCTGAGGCAGGAGAATCACTTGAACCCGGGAGGTGGAGGTTGCAGTGAGCCAAGATCAGGCCACTGCACTCCAGCCTGGGTGACAGAGTGAGACCCTGTCTCAAAAAAAAAAAAAAAAAAAAA"
"chr1","7721783","7722092","chr3","13063317","13063638","54","5341534","GGCCGGGCACGGTGGCTCAAGCCTGTAATCCCAGCACTTTGGGAGGCTGAGGCGGGTGGATCACGAGGTTAAGAGATCGAGACCATCCTGGTCAACATGGTGAAACCCCATCTCTACTAAAAATACAAAAAATTAGCTGGGCATGGTGGCGCGTGCCTGTAATCCCAGCTACTCAGGAGGCTGAGGCAGGAGAATTGCCTGAACCCAGGAGGTGGAGGTTGCGGTGAGCCGAGATCGTGCCATTGCACTCCAGCCTGGGTAACAAGAGTGAAACTCCGTCTCAAAAAAAAAAAAAAAACAAAAAAACAAA","GGCCGGGCACGATGGCTCACGCCTATAATCCCAGCACTTTGGGAGGCCAAGGTGGGCAGATCACGAGGTCAGGAGTTCGAGACCAGTCTGGCCAACATAGTGAAACCCTGTCTCTACTAAAAATACACAAAAAATTAGCCAGGTGTGGTGGCAGGTGCCTGTCATCCCAGCTACTCAGGTGGCTGAGGCAGGAGAATCGCGTGAACCCGGGAGGCGGAGGTTGCAGTGAGCCAAGATCGTGCCACTGCACTCCAGCCTGGGCAACAGAACGAGACTACATATCAAAAAAAAAAAAAAAAAAAAAAAAATCCCAAAAAACAAA"
"chr1","7750712","7751005","chr9","46299315","46299628","71","38548603","GCCTGGCACAGTGGCTCATGCCTGTAATCCCAGCACTTTGGGAGGCCACAGCAGGTAAATCATGAGGTCAGGAGTTCAAGACCAGCCTGACCAACATAGTGAAACCCTGTCTCTACTAAAAATACAGAAAAATTAGCTGGGCTTGGTGGTGCATGCCCGTAATCCCAGTCACTCAGGAGGCTGAAGCAGGAGAATCACTTGAACCTGAGAGGTGGAGGTTGTAGTGAGCTTAGATCGCACCATTGCACTCCTGCCTGGGTGATCAAGTGAGATTCCTTCTCAAGGAAAAAAAAA","GGCCAGACACAGTGGCTCACGTCTGTAATCCCAGCACTTTGGGAGGCAGAGGCGGGTGGATCACAAGGTCAGGAGTTTGAGAGCAGCCTGGCCAACATAGTGAAACCCTGTCTCTACTAAAAATACAAAAAAATTAGCCAGGTGTGGTGGTGGGTGCCTGTAATCCCACCTACTCAGGAGGCTGAGGCTGAGGCTGAGGCTGAGGAGAATCGTTTGAATCTGGGAGGCAGAGGTGGCAGTGAGCCGAGATTGCGCTACTGCACTCCAGCCTGGGCGACAGTGTGAGACTCTGTCTCAAAAAAAAAAAAAAAAAA"
"chr1","7765123","7765335","chr1","184312086","184312333","74","176546963","GTCAGGAATTCGAGACCAGCCTGGCCAACAAGGTGAAATCCCATCTCTACTAAAAATACAAAAAAATAGCCAGGCATGGTGGTGGATACCTGTAGTCCCTTCAGTTGGGAGGCTGAGGCAGGAGAATCACTGGAACCTAGGAGGCAGAGGCTGCTGTGAGCTGAGACTGTGCCACTGCACTCCAGCCTGGACAACAGAGTGAGACACTATCTC","GGAATTCGGAGACCAGCCTGGGCAACACGGTGAAAACCCATCTCTACTAAAATACAAAAAAAAAAAAAAAAAAAAAAAAAATTAGCCGGGCATGGCGGCGTGTGCCTGTTGTCCCAGCTACTCGGGAGGCTGAGGCAGGAGAATTGCTTGAACCTGGGAGGCAAAGGGTGCAGTAAGCCGAGATTGTGCCACTGCACTCCAGCCTGGGCAACAGAGCGAGACTCATCTCCAGAAAAAAAAAAAAAAAA"
"chr1","7795652","7795948","chr14","38774640","38774953","64","30978988","GGCTGGGCACGGTGGCTCAAGCCTGTAATCCCAGCACGTTGGGAGGCCAAGGCGGGTGGATCAGGAGGTCAAGAGATCGAGACCATACTGGCCAACATGGTGAAATCCCATTTCTACTAAAAATACAAAAAATTAGCTGGGTATGGTGGTGCGTGCCTGTAATCCCAGCTACTCAGGAGGCTGAGGCGGGAGAATTGCTTGAACCCAGGAGGCGGAGGTTGCGGTGAGCCGAGCTCGTGCCATTGCACTCCAGCCTGGGTAACAAGAGCGAAACTCCATCTCAAAAAAAAAAAAAAA","GGCCAGGTGTGGTGGCTCACACCTGTAATACTAGCACTTTGGGAGGCCAAGGCGGGTGGATCACGAGGTCAGGAGATCAAGACCAGCCTGGCCAACATGGTGAAACCCCATCTCTACTTAAAAAAAAAAAAAAAAAAAAAAAAATTAGCTGGGTATAGTGGCGTGCACCTGCAGTCTCAGCTACTCGGGAGGCTGAGGCAGGAGAATCACTTGAACCCGGGAGGTGGAGGTTGCAGTGAGCCAAGATCAGGCCACTGCACTCCAGCCTGGGTGACAGAGTGAGACCCTGTCTCAAAAAAAAAAAAAAAAAAAAA"
"chr1","7810921","7811148","chr1","184312086","184312333","66","176501165","TCAAGACCATCCTGGCCAACATGGTGAAACCCCGTCTTTACTAAAAATACAAAAAAATTAGCTGGGCATGGTGGCGTGCCCCTGTAGTTTCAGCTACTCAGGAGGCTGAGGCAGGAGAATTGCTTAAACCTGGGAGGCGGAGATTGCAGTGAGCTGCGGTTGCGCCATGCACTCTAGCCTGGTGCCTGGTGACAGAGTGAGACTCTGTCTCAAGAAAAAAAAAAAAAA","GGAATTCGGAGACCAGCCTGGGCAACACGGTGAAAACCCATCTCTACTAAAATACAAAAAAAAAAAAAAAAAAAAAAAAAATTAGCCGGGCATGGCGGCGTGTGCCTGTTGTCCCAGCTACTCGGGAGGCTGAGGCAGGAGAATTGCTTGAACCTGGGAGGCAAAGGGTGCAGTAAGCCGAGATTGTGCCACTGCACTCCAGCCTGGGCAACAGAGCGAGACTCATCTCCAGAAAAAAAAAAAAAAAA"
"chr1","7865824","7866109","chr18","15009231","15009552","67","7143407","GGCCGGCGCGGTGGCTCAAGCCTGTAATCCCAGCACTTTGGGAGGCCGAGACGGGTGGATCACGAGGTCAAGAGATCAAGACCATCTTGGTCAACATGGTGAAACCCCGTCTCTACTAAAAACACAAAAAATTAGCTGGGCGTGGTGGCGCGTGCCTGTAATCCCAGCTACTCAGGAGGCTGAGGCAGGAGAATTGCCTGAACCCAGGAGGCGGAGGTTGCGGTGAGCCGAGATCGCGCCATTGCACTCCAGCCTGGGTAACAAGAGCGAAACTCCGTCTCAAAAA","GCCAGGCGTGGTGGCTCATGCCTGTAATCCCAGCACTTTGGGAGGCCGAGGCGGGCAGATCACGAGGTCAGGAGTTCGAGACCAGCCTGACCAATATGGTGAAACCCCATCTCCACTAAAAACACACACACACACACACACACACACACACAAAATTAGCTGGGCGTGGTGGCACGTGCCTGTAGTCCCAGCTACTCAGGAGGCTGAGGCAGGAGAATTGCTTGAACCCAGGAGGCAGAGGTTGCAATGAGCTGAGATTGCACCATTGCACTCCAGCCTGGGTGACAGAGCGAGACTCCATCTCAAAGAAAAAAAAAAAGAA"
"chr1","7942692","7942986","chr9","46299315","46299628","62","38356623","GGCCGGGCACAGTGGCTCACTCCTGTAATCCCAGCACTTTGGGAGGCTGAGGCGGGTGGATCACAAGGTCAAGAGATCGAGACCATCCTGGTCAACATGGTGAAACCCCGTCTCTACTAAAAATACAAAAAATTAGCTGGGCACGGTGCTGCGTGCCTGTAATCCCAGCTACTCAGGAGGCTGAGGCAGGAGAATTGCCTGAACCCAGGAGGCGGAGATTGCGGTGAGCCGAGATCACGCCATTGCACTCCAGCCTGGGTAACAAGAGTGAAACTCCATCTCAAAAAAAAAAAAA","GGCCAGACACAGTGGCTCACGTCTGTAATCCCAGCACTTTGGGAGGCAGAGGCGGGTGGATCACAAGGTCAGGAGTTTGAGAGCAGCCTGGCCAACATAGTGAAACCCTGTCTCTACTAAAAATACAAAAAAATTAGCCAGGTGTGGTGGTGGGTGCCTGTAATCCCACCTACTCAGGAGGCTGAGGCTGAGGCTGAGGCTGAGGAGAATCGTTTGAATCTGGGAGGCAGAGGTGGCAGTGAGCCGAGATTGCGCTACTGCACTCCAGCCTGGGCGACAGTGTGAGACTCTGTCTCAAAAAAAAAAAAAAAAAA"
"chr1","7996712","7996992","chr18","43221019","43221313","79","35224307","GGCCGGGAGCGGTAGCTCACACCTGTAATCCCAGCACTTTGGGAGGCCGATGAGGGTGGATCACGAGGTCAAGAGATCGAAACCATCCTGGTCAACATGGTGAAACCCCATCTCTACTAAAAGTACAAAAAATTAGCTGGGCATGGTGGTGCGTGCTTGTAATTCCAGCTACTCAGGAGTCTGAGGCAGGAGAATTGCCTGAACCCAGGAGGCAGAGGTTGCGGTGAGCCGTGATCACGCCATTGCACTCCAGCCTGGGTAACAAGAGCGAAACTCCATCT","GGCCGGGCATGGTGGCTCACACCTATAATGCCAGCACTTTGGGAGGCCAAGGCGGGAGGTCAGGAGTTCAAGACTAGCCTGGCCAACATGGTGAAACTAAAAATATAAAAATATAAAAATATAAAAATATAAAAATCTGCTGGGCATGGTGGTGCGCGCCTGTAGTCCCAGCTACTCAGGAGGCTGAGGCAGGAGAATCGCTTGAACCCGGGAGGGCAGGGGTTGCAGTGAGCTGAGATCGCACTACTGCACTCCATCCTGGGCGACAGAGTGAGACTCCATCTCAAAAAAAAAA"
"chr1","8085523","8085834","chr1","131937127","131937450","63","123851604","GGCCGGGCGCTGTGGCTCACCCCTGTAATCCCACCACTTTGGGAGGCCGAGGCGGGTGGATCACGAGGTCAAGAGATTGAGATCATCCTGTTCAACATGGTGAAACCCCGTTTTTATTAAAAATACAAAAAATTAGCTGGGCATGGGGGGGCGTGCCTGTAATCCCAGTTATTCAGGAGGTTGAGGCAGGAGAATTGCCTGAACCCAGGAGGGGGAGGTTGCGGTGAGCGGAGATCGCCCCATTCCACTCCAGCCTGGGTAACAAGAGCAAAACTCCGTCTCAAAAAAAAAAAAAAAAAAAAAAAAAAAAAA","GCCAGGTGCGGTGCCTCATGCCTGTAATCCCAGCACTTTGGGATGCCGAGGCGGGTGGATCACAAGGTCAGGAGTTCAAGACCAGCCTGGCCAACATAGTGAAACCCCGTCTCTACTAAACATACAAAAAATTAGCCGGGCGTGGTGGCAGGTGCCTGTAATCCCAGCTATTCAGGGAGGCTGAGGCAGGAGAATTGCTTGAACCTGGGAGGCGGAGGTTGCAGTGAGCCAAGATCGCACCACTGCACTCCAGCCCAGGTGACAATGCGAGACTCCATCTCAAATAAATACATAAATAAATAAATAAATAAACAAACAAACAAA"
"chr1","8101301","8101616","chr1","131937127","131937450","47","123835826","GGCCAGGCACGGTGGCTCACGCCTGTAATCCCAGCACTTTGGGAGGCCGAGGCGGGTGGATCACGAGGTCAAGAGATCGAGACCATCCTGGTCAACATGGTGAAACCCCATCTCTACTAAAAATACAAAAAATTAGCTGGGCACAGTGGCGCGTGCCTGTAATCCCAGCTACTCAGGAGGCTGAGGCAGGAGAATTGCCTGAACCCAGGAGGCGGAGGTTGCGGTGAGCCGAGATCGCGCCATTGCACTCCAGCCTGGGTAACAAGAGCGAAACTCCATCTCAATAAATAAATAAATAAATAAATAAATAAGCAAA","GCCAGGTGCGGTGCCTCATGCCTGTAATCCCAGCACTTTGGGATGCCGAGGCGGGTGGATCACAAGGTCAGGAGTTCAAGACCAGCCTGGCCAACATAGTGAAACCCCGTCTCTACTAAACATACAAAAAATTAGCCGGGCGTGGTGGCAGGTGCCTGTAATCCCAGCTATTCAGGGAGGCTGAGGCAGGAGAATTGCTTGAACCTGGGAGGCGGAGGTTGCAGTGAGCCAAGATCGCACCACTGCACTCCAGCCCAGGTGACAATGCGAGACTCCATCTCAAATAAATACATAAATAAATAAATAAATAAACAAACAAACAAA"
"chr1","8126495","8126799","chr19","47193597","47193907","77","39067102","GGCTAGGCACGTGGCTCATGCCTGTAATCCCAGCACTTTAACAGGCTGAGGGAGGCAGATCACAGGAGGTCAGGATTTTGAGACCAGCCTGGCCAACATGGTGAAACCCTATTTCTACTAAAAATAAAAGTAAAAATAAAGATTAGGCATACTAACACACACCTCTAGCCCCAGGTGCTCAGGAGGCTGAGGAATGAGAATCCCTTGAACTTGAGAGGTGGAGAGTTCAGTGAGCTGTGATCGCACCACTGCACTCCAGCCTATGCAACACAGCAAGACTCTGTCTCAAAAAAAAGAAAAAAAAA","GGCCAGGCACAGTGGCTCAAGCCTGGAATCCCAGCACTTTGGGAGGCCGAGCCAGGCAGATCATGTGAGATCAGGAGTTCGAGACCAGCCTGGCTAATACAGTGAAACCCTGTCTCCACTAAAAAAAAAAAAAAAAAAAAAAAAAAATTATCCTGGTGTGGGGGCACATGCCTGTAGTCCCAGCTACTCGGGAGGCCGAGGCAGGAGAATCACTTGAACCTGGGACGTGGAGGTTGCAATGAGCTGAGATTGCACCACTGCATTCCAGCCTAGACAACAGAGTGATACCCTATCTGAAAGAAAGAAAGAAA"
"chr1","8166263","8166572","chr3","13063317","13063638","62","4897054","GGCCGGGCACGATGGCTCATGCCTGTAATCCCAGCACTTTAGGAGGCCGAGGTGAGTTGATCACAAGGTCAAGAGATCAAGATCATCCTGGTCAACATGGTGAAACCCCATCTCTACTAAAAATACAAAAAATTAGCTGGGCATGGTGGTGCGTGCCTGGTATCCCAGCTACTCAGGAGGCTGAGGCAGGAGAATTGCCTGAATCCAGAAGGCGGAGGTTGCGGTGAGCCGAGATTGCGCCTTTGCACTCCAACCTGGGTAACAAGTGCTAAACTGTCTCAAAAAAAAAAAAAAAAAAAAAAGAAAAGAA","GGCCGGGCACGATGGCTCACGCCTATAATCCCAGCACTTTGGGAGGCCAAGGTGGGCAGATCACGAGGTCAGGAGTTCGAGACCAGTCTGGCCAACATAGTGAAACCCTGTCTCTACTAAAAATACACAAAAAATTAGCCAGGTGTGGTGGCAGGTGCCTGTCATCCCAGCTACTCAGGTGGCTGAGGCAGGAGAATCGCGTGAACCCGGGAGGCGGAGGTTGCAGTGAGCCAAGATCGTGCCACTGCACTCCAGCCTGGGCAACAGAACGAGACTACATATCAAAAAAAAAAAAAAAAAAAAAAAAATCCCAAAAAACAAA"
"chr1","8172318","8172574","chr14","38774640","38774953","87","30602322","GCTAGGTGTGGTGGCCCTTGCCTGTAATCCTAGCACTTTGGGAGGCCAAGGCGTGCGGATCACAAGGTCAGGAGTTCAAGACCAGCCTGGCCAACATAGTGAAACCCCATCTCCCAAGTAGCTGCTACTTAGGAGGCTGAGGCAGGCAAATCGCTTGAACCTGGGAGTCAAAGGTTGCAGTGAGCTGAGACCATGCCATTGCACTTCAGCCTGGGTGACAGAGTGAGACTCCGTCTCAAAAAAAGAAAAGAAAAAAA","GGCCAGGTGTGGTGGCTCACACCTGTAATACTAGCACTTTGGGAGGCCAAGGCGGGTGGATCACGAGGTCAGGAGATCAAGACCAGCCTGGCCAACATGGTGAAACCCCATCTCTACTTAAAAAAAAAAAAAAAAAAAAAAAAATTAGCTGGGTATAGTGGCGTGCACCTGCAGTCTCAGCTACTCGGGAGGCTGAGGCAGGAGAATCACTTGAACCCGGGAGGTGGAGGTTGCAGTGAGCCAAGATCAGGCCACTGCACTCCAGCCTGGGTGACAGAGTGAGACCCTGTCTCAAAAAAAAAAAAAAAAAAAAA"
"chr1","8287100","8287397","chr9","46299315","46299628","63","38012215","GGCCGGGCGCGGTGGCTCAAGCCTGTAATCCCAGCACTTTGGGAGGCCGAGGCGGGTGGATCACAAGGTCAAGAGATCGGGACCATCCTGGTCAACATGGTGAAACCCTGTCTCTACTAAAAATACAAAAAATTAGCTGGGCACGGTGGCGTGTGCCTGTAATCCCAGCTACTTGGGAGGCTGAGGCAAGAGAATTGCCTGAACCCAGGAGGCGGAGGTTGCGGTGAGCCGAAATCGCGCCGTTGCACTCCAGCCTGGGTAACAAGAGCGAAACTCCGTCTCAAAAAAAAAAAAAGAA","GGCCAGACACAGTGGCTCACGTCTGTAATCCCAGCACTTTGGGAGGCAGAGGCGGGTGGATCACAAGGTCAGGAGTTTGAGAGCAGCCTGGCCAACATAGTGAAACCCTGTCTCTACTAAAAATACAAAAAAATTAGCCAGGTGTGGTGGTGGGTGCCTGTAATCCCACCTACTCAGGAGGCTGAGGCTGAGGCTGAGGCTGAGGAGAATCGTTTGAATCTGGGAGGCAGAGGTGGCAGTGAGCCGAGATTGCGCTACTGCACTCCAGCCTGGGCGACAGTGTGAGACTCTGTCTCAAAAAAAAAAAAAAAAAA"
"chr1","8342083","8342376","chr18","15009231","15009552","61","6667148","GGCCGGGCGCGGTGGCTCAAGCCTGTAATCCCAGCACTTTGGGAGGCCAAGGTGGGTGGATCACGAGGTCAAGAGATCGAGACCATCCCGGTCAACATGGTGAAACCCCGTCTCTACTAAAAATACAAAAAATTAGCTGGGCGTGGTGGCGCGTGCCTGTAATCCCAGCTACTCAGGAGGCTGAGGCAGGAGAATTGCCTGAACCCAGGAGGCGGAGGTTGCAGTGAGCCGAGATCGCGCCATTGCATTCCAGCCTGGGTAACAAGAGCGAAACTCCGTCTCAAAAAAAAAAAA","GCCAGGCGTGGTGGCTCATGCCTGTAATCCCAGCACTTTGGGAGGCCGAGGCGGGCAGATCACGAGGTCAGGAGTTCGAGACCAGCCTGACCAATATGGTGAAACCCCATCTCCACTAAAAACACACACACACACACACACACACACACACAAAATTAGCTGGGCGTGGTGGCACGTGCCTGTAGTCCCAGCTACTCAGGAGGCTGAGGCAGGAGAATTGCTTGAACCCAGGAGGCAGAGGTTGCAATGAGCTGAGATTGCACCATTGCACTCCAGCCTGGGTGACAGAGCGAGACTCCATCTCAAAGAAAAAAAAAAAGAA"
"chr1","8383196","8383505","chr1","131937127","131937450","60","123553931","GGCCAGGCGCAGTGGCTCAAGCCTGTAATCCCAGCACTTTGGGAGGCTGAGGTGGGTGGATCACGAGGTCAAGAGATCGAGACCATCCTGGTCAACATGGTGAAACCCCGTCTCTACTAAAATACAAAAAATTAGCTGGGCACGGTGGCGCATGCTTGTAATCCCAGCTACTCTGGAGGCTGAGACAGGAGAATTGCCTGAACCCAGGAGGCGGAGGTTGTGGTGAGCCGAGATCGCGCCATTGCACTCCAGCCTGGGTAACAAAAGCGAAACTCTGTCTCAAAAAAAAAAAAAAAAAGAAAGAAAGAAA","GCCAGGTGCGGTGCCTCATGCCTGTAATCCCAGCACTTTGGGATGCCGAGGCGGGTGGATCACAAGGTCAGGAGTTCAAGACCAGCCTGGCCAACATAGTGAAACCCCGTCTCTACTAAACATACAAAAAATTAGCCGGGCGTGGTGGCAGGTGCCTGTAATCCCAGCTATTCAGGGAGGCTGAGGCAGGAGAATTGCTTGAACCTGGGAGGCGGAGGTTGCAGTGAGCCAAGATCGCACCACTGCACTCCAGCCCAGGTGACAATGCGAGACTCCATCTCAAATAAATACATAAATAAATAAATAAATAAACAAACAAACAAA"
"chr1","8397364","8397675","chr3","13063317","13063638","54","4665953","GGCTGGGCGCGGTGGCTCACGCCTGTAATCCCAGCACTTTGGGAGGCCGAGGCGCGTCTATCACGGGGTCAAGAGATCGAGACCATCCTGGTCAACATGGTGAAACCCCGTCTCTACTAAAAATACAAAAAATTAGCTGGGCGTGGTGGCGCGTGCCTGCAATCCCAGCTACTCAGGAGGCTGAGGCAGGAGAATTGCCTGAACCCAGGAGGCGGAGGTTGCGGTGAGCCGAGATCGGGCCATTGCACTCCAGCCTGGGTAACAAGAGCGAAACTCTGTCTCAAAAAAATAAAAAATAAAAAATAAAATAAA","GGCCGGGCACGATGGCTCACGCCTATAATCCCAGCACTTTGGGAGGCCAAGGTGGGCAGATCACGAGGTCAGGAGTTCGAGACCAGTCTGGCCAACATAGTGAAACCCTGTCTCTACTAAAAATACACAAAAAATTAGCCAGGTGTGGTGGCAGGTGCCTGTCATCCCAGCTACTCAGGTGGCTGAGGCAGGAGAATCGCGTGAACCCGGGAGGCGGAGGTTGCAGTGAGCCAAGATCGTGCCACTGCACTCCAGCCTGGGCAACAGAACGAGACTACATATCAAAAAAAAAAAAAAAAAAAAAAAAATCCCAAAAAACAAA"
"chr1","8423440","8423726","chr16_NW_019937290v1_random","735974","736277","75","7687466","CGGTGGCTCACCCCTGTAACCCCAGCACTTTGGGAGTCCTAGGCAAGTGGATCACAAGCTCAGGAGCTGGAAACCATCCTGGCCAACATAGTGAAACCCCGTCTCTACTAAATATACAAAAAATTAGCCGGGCATGGTAACACATGCCTGTAGTCCCAGCTACTTGAGAGGCTGAGGCAGGAGAATCGCTTGAAACTGGGAGGCGAAGGTTACAGTGAGCTGAGATCGTGCCACCGCAATCCAGCCTGGTGACAGAGCATGACTCCATCTCAAAAAGAAAGGAAGAA","CTGGGTGTGGTGCCTCACACCTGTAATCCGAGCACTTTGAGAGGCTGAGGTGGGTGGATCACAAGGTCAGGAGTTCGAGACCAGCCTGACTAACATGGTGAAACCCCTTCTCTACTAAAAAAAAAAAAAAAAAAAAAAAAATTGGCCAGGCCTGGTGGTGTGTGCCTATAGCCCCAGCTACTCAGGGGGGTGAGGCAGGAGAATTGCCTGAACCTGGGAGGTGGAGGTTGCAGTGAGCTGAGGTCGTGCCACTGCACTCCAGCCTGGACGACAATGCGAGACTCCATCTCAAAAAAAAAAAAAA"
"chr1","8436376","8436648","chr16_NW_019937290v1_random","735974","736277","75","7700402","GCTGGGCACGGTGGCTCACGCCTGTAATCCCAGCACTTTGGGAGGCTGAGGCGGGTGGATCACGAGGTCAAGAGATCGAGACCATCCTGGTCAACATGGTGAAACCCCGTATCTACCAAAAATACAAAAAATTAGCTGGGCATGGTGGTGCCCCAGCTACTCAGGAGGCTGAGGCAGGAGAATTGCCTGAACCCAGGAGGTGGAGGTTGCGGTGAGCCGAGATTGTGCCATTGCACTCCAGCCTGGGTAACAAGAGCGAAACTCCATTGCAAA","CTGGGTGTGGTGCCTCACACCTGTAATCCGAGCACTTTGAGAGGCTGAGGTGGGTGGATCACAAGGTCAGGAGTTCGAGACCAGCCTGACTAACATGGTGAAACCCCTTCTCTACTAAAAAAAAAAAAAAAAAAAAAAAAATTGGCCAGGCCTGGTGGTGTGTGCCTATAGCCCCAGCTACTCAGGGGGGTGAGGCAGGAGAATTGCCTGAACCTGGGAGGTGGAGGTTGCAGTGAGCTGAGGTCGTGCCACTGCACTCCAGCCTGGACGACAATGCGAGACTCCATCTCAAAAAAAAAAAAAA"
"chr1","8475001","8475296","chr14","38774640","38774953","66","30299639","GGTCGGGCGCGGTGGCTCAAGGCTGTAATCCCAGCACTTTGGGAGGCCGAGGCAGGTGGATCACGAGGTCAAGAGATCGAGACCATCCTGGTCAACATGGTGAAATCCCGTCTCTACTAAAAATACAAAAAATTAGCTGGGCATGGGGGCGCGTGCCTGTAATCCCAGCTACTCAGGAGGCTGAGGCAGGAGAATTGCCTGAACCCAGGAGGCGGAAGTTGCAGTGAACCGAGATCATGCCATTGCACTCCAGCCTAGGTAACAAGAGCAAAACTCTGTCTCAAAAAAAAATAAAA","GGCCAGGTGTGGTGGCTCACACCTGTAATACTAGCACTTTGGGAGGCCAAGGCGGGTGGATCACGAGGTCAGGAGATCAAGACCAGCCTGGCCAACATGGTGAAACCCCATCTCTACTTAAAAAAAAAAAAAAAAAAAAAAAAATTAGCTGGGTATAGTGGCGTGCACCTGCAGTCTCAGCTACTCGGGAGGCTGAGGCAGGAGAATCACTTGAACCCGGGAGGTGGAGGTTGCAGTGAGCCAAGATCAGGCCACTGCACTCCAGCCTGGGTGACAGAGTGAGACCCTGTCTCAAAAAAAAAAAAAAAAAAAAA"
"chr1","8501544","8501847","chr1","131937127","131937450","60","123435583","GGCCGGTGGCTCAAGCCTGTAATCCCAGCACTTCGGGAGGCCGAGGCGGGTGGATCACGAGGTCAGGAGATCGAGACCATCCTGGTCAATTTGGTGAAACCCCATCTCTACTAAAAATACAAAAAATTAGCTGGGCACGCCGGCGCGTGCCTGTAATCCCAGCTACTCGGGAGGCTGAGGCAGGAGAATTGCCTGAACCCAGGAGGCGGAGGTTGCGGTGAGCCGAGATCGCGCCATTGCACTCCAGCCTGGGTAACAAGAGTGAAACTCCGTCTCAAAAAAAAAAAAAACAAAAAACAAAAAA","GCCAGGTGCGGTGCCTCATGCCTGTAATCCCAGCACTTTGGGATGCCGAGGCGGGTGGATCACAAGGTCAGGAGTTCAAGACCAGCCTGGCCAACATAGTGAAACCCCGTCTCTACTAAACATACAAAAAATTAGCCGGGCGTGGTGGCAGGTGCCTGTAATCCCAGCTATTCAGGGAGGCTGAGGCAGGAGAATTGCTTGAACCTGGGAGGCGGAGGTTGCAGTGAGCCAAGATCGCACCACTGCACTCCAGCCCAGGTGACAATGCGAGACTCCATCTCAAATAAATACATAAATAAATAAATAAATAAACAAACAAACAAA"
"chr1","8603987","8604272","chr14","38774640","38774953","70","30170653","CAAGCCTGTAATCCCAGCACTTTGGGAGGCCGAGGCGGGTGGATCACAAGGTCAACAGATCGAAACCATCCTGGTCAACATGGTGAAACCCCGTCTCTACTAAAAATTACAAAAAATTAGCTGGGCATGGTGGCGCGTGCCTGTAATCCCAGCTACTCGGGAGGCTGAGGCAGGAGAATTGCCTGAACCCAGGAGGCGGAGGTTGCGGTGAGCCGAGATTGCGCCATTGCACTCCAGCCTGGGTAACAAGAGCGAAACTCCGTCTCAAAAAAAAAAAAAAAAAGAA","GGCCAGGTGTGGTGGCTCACACCTGTAATACTAGCACTTTGGGAGGCCAAGGCGGGTGGATCACGAGGTCAGGAGATCAAGACCAGCCTGGCCAACATGGTGAAACCCCATCTCTACTTAAAAAAAAAAAAAAAAAAAAAAAAATTAGCTGGGTATAGTGGCGTGCACCTGCAGTCTCAGCTACTCGGGAGGCTGAGGCAGGAGAATCACTTGAACCCGGGAGGTGGAGGTTGCAGTGAGCCAAGATCAGGCCACTGCACTCCAGCCTGGGTGACAGAGTGAGACCCTGTCTCAAAAAAAAAAAAAAAAAAAAA"
"chr1","8682504","8682807","chr14","38774640","38774953","57","30092136","GGCCGGGCGCGGTGGCTCAAGCCTGTAATCCCAGCACTTTGGGAGGCCGAGGCGGGTGGATCACGAGGTCAAGATATCGAGACCATCCTGGTCAACATGGTGAAACCCCGTCTCTACTAAAAATACAAAAAATTAGCTGGGCCTGGTGGCGCGTGCCTGTAATCCCAGCTACTCAGGAGGCTGAGGCTGGAGAATTGCCTGAACCCAGGAGGCGGAGGTTGCGGTGAGCCGAGATCGCGCCATTACACTCCAGCCTGGGTAACAAGAGCGAAACTCCGTCTCAAAAAAAAAAAAAAAAAAAAAA","GGCCAGGTGTGGTGGCTCACACCTGTAATACTAGCACTTTGGGAGGCCAAGGCGGGTGGATCACGAGGTCAGGAGATCAAGACCAGCCTGGCCAACATGGTGAAACCCCATCTCTACTTAAAAAAAAAAAAAAAAAAAAAAAAATTAGCTGGGTATAGTGGCGTGCACCTGCAGTCTCAGCTACTCGGGAGGCTGAGGCAGGAGAATCACTTGAACCCGGGAGGTGGAGGTTGCAGTGAGCCAAGATCAGGCCACTGCACTCCAGCCTGGGTGACAGAGTGAGACCCTGTCTCAAAAAAAAAAAAAAAAAAAAA"
"chr1","8704157","8704423","chr12","6861641","6861931","65","1842516","GCCAAGGCGGGTGGATCACGAGGTCAAGAGATCGAGACCATCCTGGTCGACATGGTGCAACACCGTCTCTACTAAAAATACAAAAAATTAGCTGGGCATGGTGGCGCATGCCTGTAATCCCAGCTACTCAGGAGGATGAGGCAGAAGAATTGCCTGAACCCAGGAGGCGGAGGTTGCAGTGAGCCGAGATTGCGCCATTGCACTCCAGCCTGGGTAACAAGAGCGAAACTCTGTCTCAAAAAAAAAAAAAAAAAGAAAAGAAAAGAA","CTTTGGGAGGCCGAGGCAGGTGGATCACCAGATCAGGAGTTCAAGACCAGCCTGGCCAACATAGTGAAACCCTGTCTCTACTAAAAATACAAAAAATTAGCTGAGCGTGGTGGCAGGCACCTGTAATCCCAGCTACTTGGGAGGCTGAGGCAGGAGAATTGCTTGAACCCGGGAGGTGGAGGTTGCAGTGAGCTGAGATCGCACCATAGCACTCCAGCCTGGGCGACAGTGTGAGACTCTGCCTCAAAACAACAACAACAACAAAAACAACAACAACAACGAAAAAAACAA"
"chr1","8721931","8722241","chr3","13063317","13063638","50","4341386","GGCCGGGCGCGGTGGCTCACACCTGTAATCCCAGCACTTTGGGAGGCCGAGGTGGGTGGATCACAAGGTCAAGAAATCGAGACCATCCTGGTCAACATGGTGAAACCAGTCTCTACTAAAAATACAAAAAATTAGCTGGGCATGGTGGCGCGTGCCTGTAATCCCAGCTACTCAGGAGGCTGAGACAGGAGAATTGCCTGAACCCAGGAGGCGGAGGTTGCGGTGAGCCGAGATCGCGCCATTGCACTCCAGCCTGGGTAACAAGAGCGAAACTCCATCTCAAAAAAAAAAAAAAAAAAAAAAAAAAAAAA","GGCCGGGCACGATGGCTCACGCCTATAATCCCAGCACTTTGGGAGGCCAAGGTGGGCAGATCACGAGGTCAGGAGTTCGAGACCAGTCTGGCCAACATAGTGAAACCCTGTCTCTACTAAAAATACACAAAAAATTAGCCAGGTGTGGTGGCAGGTGCCTGTCATCCCAGCTACTCAGGTGGCTGAGGCAGGAGAATCGCGTGAACCCGGGAGGCGGAGGTTGCAGTGAGCCAAGATCGTGCCACTGCACTCCAGCCTGGGCAACAGAACGAGACTACATATCAAAAAAAAAAAAAAAAAAAAAAAAATCCCAAAAAACAAA"
"chr1","8830111","8830419","chr3","13063317","13063638","55","4233206","GGCCGGGCGACGTGGCTCACGCCTGTAATCCCAGCACTTTGGGAGGCCAAGGCGGGTGGATCACGAGGTCAAGAGATCGAGACCATCCTGGTCAACATGATGAAACCCCGTCTCTACTAAAAATACAAAAAATTAGCTGGGCACGGTGGCGCGTGCCTGTAATCCCAGCTCCTCAGGAGGCTGAGGCAGGAGAATTGCCTGAACCCAGGAGGCGGAGGTTGAGGTGAGCCGAGATCGCGCCGTTGCACTCCAGCCTGGGTAACAAGAGCGAAACTCCGTCTCAAAAAAAAAAAAAAATAAAAAATAAAA","GGCCGGGCACGATGGCTCACGCCTATAATCCCAGCACTTTGGGAGGCCAAGGTGGGCAGATCACGAGGTCAGGAGTTCGAGACCAGTCTGGCCAACATAGTGAAACCCTGTCTCTACTAAAAATACACAAAAAATTAGCCAGGTGTGGTGGCAGGTGCCTGTCATCCCAGCTACTCAGGTGGCTGAGGCAGGAGAATCGCGTGAACCCGGGAGGCGGAGGTTGCAGTGAGCCAAGATCGTGCCACTGCACTCCAGCCTGGGCAACAGAACGAGACTACATATCAAAAAAAAAAAAAAAAAAAAAAAAATCCCAAAAAACAAA"
"chr1","8899536","8899844","chr1","131937127","131937450","56","123037591","GGCCGGCCCGGTGGCTCAAGCCTGTAATCCCAGCACTTTGGGAGACCAAGGCGGGTGGATCATGAGGTCAAGAGATCAAGACCATCCTGGTCAACATGGTGAAACCCCGTCTCTACTAAAAATTACAAAAAATTAGCTGGGCATGGTGGCGCGTGCCTGTAATCCCAGCTACTCGGGAGGCTGAGGCAGGAGAATTGCCTGAACCCAGGAGGCGGAGGTTGTGGTGAGCCGAGATCGTGCCATTGCACTCCAGCCTGGGTAACAAGAGCGAAACTCCATCTCAAAATAAATAAATAAATAAAAATAAAA","GCCAGGTGCGGTGCCTCATGCCTGTAATCCCAGCACTTTGGGATGCCGAGGCGGGTGGATCACAAGGTCAGGAGTTCAAGACCAGCCTGGCCAACATAGTGAAACCCCGTCTCTACTAAACATACAAAAAATTAGCCGGGCGTGGTGGCAGGTGCCTGTAATCCCAGCTATTCAGGGAGGCTGAGGCAGGAGAATTGCTTGAACCTGGGAGGCGGAGGTTGCAGTGAGCCAAGATCGCACCACTGCACTCCAGCCCAGGTGACAATGCGAGACTCCATCTCAAATAAATACATAAATAAATAAATAAATAAACAAACAAACAAA"
"chr1","8970336","8970660","chr1","131937127","131937450","61","122966791","GCTGGGGGTGGTGGCTCACGCCTGTAATCCCAACACTTTGGGAGGCCAAGGTGGGTGGATCATGAGGTCAAGAGATCGATTCCATCCTGGTCAACATGGTGAAACCCCATCTCTACTAAAAATACAAAAAATTAGCTGGGGTTGGTGGCGCATGCCTGTAATCCCAGCTACTTGGGAGGCTGAGGCAGGAGAGTTGCCTGAGCCCAGGAGGCGGAGGTTGCAGTGAGCCGAGATTGCACCATTGCACTCCAGCCTGGGTAACAAGAGCAAAACTCTGTCTCAAACAAACAAACAAACAAACAAAAACAAACACACAAAGAAACAA","GCCAGGTGCGGTGCCTCATGCCTGTAATCCCAGCACTTTGGGATGCCGAGGCGGGTGGATCACAAGGTCAGGAGTTCAAGACCAGCCTGGCCAACATAGTGAAACCCCGTCTCTACTAAACATACAAAAAATTAGCCGGGCGTGGTGGCAGGTGCCTGTAATCCCAGCTATTCAGGGAGGCTGAGGCAGGAGAATTGCTTGAACCTGGGAGGCGGAGGTTGCAGTGAGCCAAGATCGCACCACTGCACTCCAGCCCAGGTGACAATGCGAGACTCCATCTCAAATAAATACATAAATAAATAAATAAATAAACAAACAAACAAA"
"chr1","9019525","9019835","chr1","131937127","131937450","60","122917602","GGCCAGGCGTGGTGGCTCAAGCCTGTAATCCCAGCACTTTGGGAGGCCGAGGCGGGTGGATCACGAGGTCAACAGATCGAGACCATCCTGGTCAACATGGTGAAACCCCGTCTCTACTAAAAATACAAAAAATTAGCTGGGCATGGTGGCGCGTGCCTGTAATCCCAGCTACTCAGGAGGCTGAGGCAGGAGAATTGCCTGAACCCAGGGGGTGGAGGTTGTGGTGAGCCAAGATCGCACCATCGCACTCCAGCCTGGGTAACAAGAGCAAAACTCCGTGAAAGAAAGAAAGAAGGAAAGAAAGAAAAGAA","GCCAGGTGCGGTGCCTCATGCCTGTAATCCCAGCACTTTGGGATGCCGAGGCGGGTGGATCACAAGGTCAGGAGTTCAAGACCAGCCTGGCCAACATAGTGAAACCCCGTCTCTACTAAACATACAAAAAATTAGCCGGGCGTGGTGGCAGGTGCCTGTAATCCCAGCTATTCAGGGAGGCTGAGGCAGGAGAATTGCTTGAACCTGGGAGGCGGAGGTTGCAGTGAGCCAAGATCGCACCACTGCACTCCAGCCCAGGTGACAATGCGAGACTCCATCTCAAATAAATACATAAATAAATAAATAAATAAACAAACAAACAAA"
"chr1","9025749","9026044","chr14","38774640","38774953","72","29748891","GGCTGGACTCAGTGACTCACACCTGTAATCCCAGCACTTTGGGAGGCCAAGGTGGGCAGATCACAAGGTCAGGAGATCGAGACCATCCTGGCCAACATGGTGAAACCCCCGTCTCTACTAAAATTCAAAAACATTAGCTGGGCATAGTGGTGTGCGCTTGTAGTCCCAGCTACTCAGGAGGCTAAGGCAGGGAAATCACTTGAACCCGGGCAGCAGAGGATGCCATGAGTCGAGATCATGCCACTGAACTATAACCTGGGTGACAGAGCACAGCTCCATCTCAAAAGAAAAAAAAA","GGCCAGGTGTGGTGGCTCACACCTGTAATACTAGCACTTTGGGAGGCCAAGGCGGGTGGATCACGAGGTCAGGAGATCAAGACCAGCCTGGCCAACATGGTGAAACCCCATCTCTACTTAAAAAAAAAAAAAAAAAAAAAAAAATTAGCTGGGTATAGTGGCGTGCACCTGCAGTCTCAGCTACTCGGGAGGCTGAGGCAGGAGAATCACTTGAACCCGGGAGGTGGAGGTTGCAGTGAGCCAAGATCAGGCCACTGCACTCCAGCCTGGGTGACAGAGTGAGACCCTGTCTCAAAAAAAAAAAAAAAAAAAAA"
"chr1","9094007","9094303","chr18","15009231","15009552","65","5915224","CTGGGCGGGTGGCTCAAGCCTGTAATCCCAGAACTTTGGGAGGCTGAGGCGGGTGGATCACGAGATCAAGAGATCGAGACCATCCTGGTCAACATGGTGAAACCCCGTCTCTACTAAAAATACAAAAAATTAGCTGGGCATGATGGCGCATGCCTGTAATCCCAGCTTCTCAGGAGGTGGAGGCAGGAGGATTGCCTGAACCCAGGAGGCGGAGGTTGCAGTGAGCTGAGATGGCGCCATTGCACTCCAGCCTGGGTAACAAGAGGGAAACTCGGTCTCAAAAAAAAAAAAAAAAAA","GCCAGGCGTGGTGGCTCATGCCTGTAATCCCAGCACTTTGGGAGGCCGAGGCGGGCAGATCACGAGGTCAGGAGTTCGAGACCAGCCTGACCAATATGGTGAAACCCCATCTCCACTAAAAACACACACACACACACACACACACACACACAAAATTAGCTGGGCGTGGTGGCACGTGCCTGTAGTCCCAGCTACTCAGGAGGCTGAGGCAGGAGAATTGCTTGAACCCAGGAGGCAGAGGTTGCAATGAGCTGAGATTGCACCATTGCACTCCAGCCTGGGTGACAGAGCGAGACTCCATCTCAAAGAAAAAAAAAAAGAA"
"chr1","9113504","9113802","chr14","38774640","38774953","64","29661136","CCGGGCACGGTGGCTCACACCTGTAATCCCAGCACTTTGGGAGGCCTAGGCAGGTGGATCACGAGGTCAACATATCGAGACTATCCTGGTCAACATGGTGAAACCCTGTCTCTACTAAAAATACAAAAAATTAGCTGGGCATGGTGGCGCGTGCGTGTAATCCCAGCTACTCAGGAGACTGAGGCAGGAGAATTGCCTGAACCCAGGGGGCAGAGGCTGCGGTGAGCCGAGATCATGCCATTGCACTCCAGCCTGGGTAACAAGAGCGAAACTCCGTCTCAAAAAAAAAAAAAAAAAAA","GGCCAGGTGTGGTGGCTCACACCTGTAATACTAGCACTTTGGGAGGCCAAGGCGGGTGGATCACGAGGTCAGGAGATCAAGACCAGCCTGGCCAACATGGTGAAACCCCATCTCTACTTAAAAAAAAAAAAAAAAAAAAAAAAATTAGCTGGGTATAGTGGCGTGCACCTGCAGTCTCAGCTACTCGGGAGGCTGAGGCAGGAGAATCACTTGAACCCGGGAGGTGGAGGTTGCAGTGAGCCAAGATCAGGCCACTGCACTCCAGCCTGGGTGACAGAGTGAGACCCTGTCTCAAAAAAAAAAAAAAAAAAAAA"
"chr1","9152984","9153278","chr16_NW_019937290v1_random","735974","736277","66","8417010","GGCCGAGCACAGTGGCTCAAGCCTGTAATCCCAGCACTTTGGGAGGCCGAGGCGGGTGGATCACGAGGTCAAGAGATCGAAACCATCCTGGTCAACATGGTGAAACCCCGTCTCTACTAAAAATACAAAAAATTGGCTGGGCATGGTGGCGTGTACCTGTAATCCCAGCTACTCAGGGGGCTGAGGCAGGAGAATTGCCTGAACCCAGGAGGCGAAGGTTGCGGTGAGCCGAGATCCAACCATTGCACTCTAGCCTGGGTAACAAGAGCGAAACTCCGTCTAAAAAAAAAAAAAA","CTGGGTGTGGTGCCTCACACCTGTAATCCGAGCACTTTGAGAGGCTGAGGTGGGTGGATCACAAGGTCAGGAGTTCGAGACCAGCCTGACTAACATGGTGAAACCCCTTCTCTACTAAAAAAAAAAAAAAAAAAAAAAAAATTGGCCAGGCCTGGTGGTGTGTGCCTATAGCCCCAGCTACTCAGGGGGGTGAGGCAGGAGAATTGCCTGAACCTGGGAGGTGGAGGTTGCAGTGAGCTGAGGTCGTGCCACTGCACTCCAGCCTGGACGACAATGCGAGACTCCATCTCAAAAAAAAAAAAAA"
"chr1","9320780","9321059","chr14","38774640","38774953","71","29453860","CTGTAATCCCAGCAATTTGGGAGGCCGAGGTGGGTGGATCACGAGGTCAAGAGATCGAGACCATCCTGGTCAACATGGTGAAACCCCGTCTCTACTAAAGATACAAAAAATTAGCTGGGCATGGTGGCGCGTGCCTGTAGTCCCAGCTACTCGGGAGGCTGAGGCAGGAGAATTGCCTGAATCCAGGAGGTGGAGATTGCAGTGAGCCGAGATCGCGCCATTGCACTCCAGCCTGGGTAACAAGAGCAAAACTCCGTCTCAAAAAAAAAAAAAAAAAAAA","GGCCAGGTGTGGTGGCTCACACCTGTAATACTAGCACTTTGGGAGGCCAAGGCGGGTGGATCACGAGGTCAGGAGATCAAGACCAGCCTGGCCAACATGGTGAAACCCCATCTCTACTTAAAAAAAAAAAAAAAAAAAAAAAAATTAGCTGGGTATAGTGGCGTGCACCTGCAGTCTCAGCTACTCGGGAGGCTGAGGCAGGAGAATCACTTGAACCCGGGAGGTGGAGGTTGCAGTGAGCCAAGATCAGGCCACTGCACTCCAGCCTGGGTGACAGAGTGAGACCCTGTCTCAAAAAAAAAAAAAAAAAAAAA"
"chr1","9396718","9397027","chr1","131937127","131937450","57","122540409","GGCCGGGCGCGGTGGCTCACGCCTGTAATCCCAGCACTTTGGGAGGCTGAGGCTGGTGGATCACGAGGTCAAGAGATCGAGACCATCCTGGTCAACATGGTGAAACCCCGTCTCTACTAAAAATACAAAAAATTAGCTGGGCACGATGGCGCATGCCTGTAATCCCAGCTACTCATGAGGCTGAGGCAGGAGAATTGCCTGAACCCAGAAGGCGGAGGTTGTGGTGAGCCAAGATCGCGCCATTGCACTCCAGCCTGGGTAACAAGAGCGAAACTCCATCTCAAAAAAAAAAAAAAAAAAAAAAGAGAAA","GCCAGGTGCGGTGCCTCATGCCTGTAATCCCAGCACTTTGGGATGCCGAGGCGGGTGGATCACAAGGTCAGGAGTTCAAGACCAGCCTGGCCAACATAGTGAAACCCCGTCTCTACTAAACATACAAAAAATTAGCCGGGCGTGGTGGCAGGTGCCTGTAATCCCAGCTATTCAGGGAGGCTGAGGCAGGAGAATTGCTTGAACCTGGGAGGCGGAGGTTGCAGTGAGCCAAGATCGCACCACTGCACTCCAGCCCAGGTGACAATGCGAGACTCCATCTCAAATAAATACATAAATAAATAAATAAATAAACAAACAAACAAA"
"chr1","9471607","9471902","chr14","38774640","38774953","71","29303033","GGCCAGGAGCAGTGACTCACACTTGTAATCCCAGAACTTTGGGAGGTCAGGGCAGGCGGATCACGAGGTCAGGTGTTCAAACCAGCCTAGCCAACATGATGAAACCTAGTCTCTACTAAAAATACAAAAAATTAGCCGAGCATAGTGGCAGGCACCTGTAATCCGAGCCACTCGGGAAACTGAGGCAGGAGAATCACTTGAACCCGGGAGACAGAGGTTTGCAGTGAGCCAAGACTGTGCCTCTGCACTCCAGCCTAGGCAACAGAGCAAGACTCCATCTCCAAAAGAAAAGAAAA","GGCCAGGTGTGGTGGCTCACACCTGTAATACTAGCACTTTGGGAGGCCAAGGCGGGTGGATCACGAGGTCAGGAGATCAAGACCAGCCTGGCCAACATGGTGAAACCCCATCTCTACTTAAAAAAAAAAAAAAAAAAAAAAAAATTAGCTGGGTATAGTGGCGTGCACCTGCAGTCTCAGCTACTCGGGAGGCTGAGGCAGGAGAATCACTTGAACCCGGGAGGTGGAGGTTGCAGTGAGCCAAGATCAGGCCACTGCACTCCAGCCTGGGTGACAGAGTGAGACCCTGTCTCAAAAAAAAAAAAAAAAAAAAA"
"chr1","9587289","9587573","chr14","38774640","38774953","76","29187351","GCCAGGCGCGGTGGCTCAAGCCTGTAATCCCAGCACTTTGGGAGGCCAAGGCGGGTGGATCACAAGGTCAAGAGATCGAGACCATCCAGGTCAACCTGATGAAACCCCGTCTCTACTAAATATTCAAAAAATTAGCTGGGCATAGTGGCGCGTGCCTGTAATCCCAGCTACTCAGGAGGCTGAGGCAGGAGAATTGCCTGAACCCAGGAGGCGGAGGTTGCGGTGAGCCGAAATCGCGCCATTGTACTCCAGCCTGGGTATCAAGAGTGGAACTCAGTCTCAAAA","GGCCAGGTGTGGTGGCTCACACCTGTAATACTAGCACTTTGGGAGGCCAAGGCGGGTGGATCACGAGGTCAGGAGATCAAGACCAGCCTGGCCAACATGGTGAAACCCCATCTCTACTTAAAAAAAAAAAAAAAAAAAAAAAAATTAGCTGGGTATAGTGGCGTGCACCTGCAGTCTCAGCTACTCGGGAGGCTGAGGCAGGAGAATCACTTGAACCCGGGAGGTGGAGGTTGCAGTGAGCCAAGATCAGGCCACTGCACTCCAGCCTGGGTGACAGAGTGAGACCCTGTCTCAAAAAAAAAAAAAAAAAAAAA"
"chr1","9592254","9592554","chr14","38774640","38774953","69","29182386","GGCAGGGCATGGAGGCTCATACCTGTAATCCTAGTACTTTGGGAGACTGAGGTGGGTGGATTGCTTGAGCTCAGGAGTTTGAGACCAGCCTGAGCAACATGGTGAAACCCCGTCTCTACTAAAATACAAAAAATTAGCAAGGTGTGGTGGCATGCACCTGTAGTCAACTACTCAGGAGACTAAGGCAGGAGAATTGCCAGAATCCGGGAAGGGGAGGCCACAGTGAGACAAGATCATGTCATTGCACTCCAGCCTGGGTGGCAGAGTGAGATTCTGTCTCTAAAAAAAAAAAAAAAAGAAA","GGCCAGGTGTGGTGGCTCACACCTGTAATACTAGCACTTTGGGAGGCCAAGGCGGGTGGATCACGAGGTCAGGAGATCAAGACCAGCCTGGCCAACATGGTGAAACCCCATCTCTACTTAAAAAAAAAAAAAAAAAAAAAAAAATTAGCTGGGTATAGTGGCGTGCACCTGCAGTCTCAGCTACTCGGGAGGCTGAGGCAGGAGAATCACTTGAACCCGGGAGGTGGAGGTTGCAGTGAGCCAAGATCAGGCCACTGCACTCCAGCCTGGGTGACAGAGTGAGACCCTGTCTCAAAAAAAAAAAAAAAAAAAAA"
"chr1","9647293","9647599","chr18","15009231","15009552","60","5361938","GCCAGGCATGGTGGCCCACAGTAATCCCAGCACTTTGGGAGGCTGAGGCAGGCGGATCACAATGTCAAGAGTTCAAAACCAGCCTGGCCAATATGGTGAAAGCTTGTCTCTACTAAATATACAAAAAATAAAAATAAACTAGCTGGGCATGGTGGCACGTGCCTGTAGTCCCAGCTACTTGGAAGGCTGAGGAAGGAGAATTGCTTGAACCTAGGAGGCAGAGGTTGCAGTGAACCAAGATTGTACCACTGTACTCCAGCCTGGGCAATAGAGGGAGACTCCATCTCAAAAAACAAACAAAAAAAAA","GCCAGGCGTGGTGGCTCATGCCTGTAATCCCAGCACTTTGGGAGGCCGAGGCGGGCAGATCACGAGGTCAGGAGTTCGAGACCAGCCTGACCAATATGGTGAAACCCCATCTCCACTAAAAACACACACACACACACACACACACACACACAAAATTAGCTGGGCGTGGTGGCACGTGCCTGTAGTCCCAGCTACTCAGGAGGCTGAGGCAGGAGAATTGCTTGAACCCAGGAGGCAGAGGTTGCAATGAGCTGAGATTGCACCATTGCACTCCAGCCTGGGTGACAGAGCGAGACTCCATCTCAAAGAAAAAAAAAAAGAA"
"chr1","9657761","9658053","chr16_NW_019937290v1_random","735974","736277","71","8921787","GCTGGACGCGGTGGTTCATGCCGGTAATCCCAGTACTTTGGGAGGCCAAGGTGAGCAGATCATGAAGTCAGGAGTTCAAGACCAGCCTGGCTAATATGGTGAAACCCTGTCTCTACTAAAAATACAAAAAAATAGCCGGGCACAGTGGCGGGCACCTGTAGTCCCAGCTACTCGGGGGGCTGAGGCACAAGAATTGCTTGAACCCAAAAGGCAGAGGTTGCAGTGAGCCGAGATCGTGCTGCTACATTCCAGCCTGGACAACAAAGCGATACTCCGTCTCAAAAAAAAAAAAA","CTGGGTGTGGTGCCTCACACCTGTAATCCGAGCACTTTGAGAGGCTGAGGTGGGTGGATCACAAGGTCAGGAGTTCGAGACCAGCCTGACTAACATGGTGAAACCCCTTCTCTACTAAAAAAAAAAAAAAAAAAAAAAAAATTGGCCAGGCCTGGTGGTGTGTGCCTATAGCCCCAGCTACTCAGGGGGGTGAGGCAGGAGAATTGCCTGAACCTGGGAGGTGGAGGTTGCAGTGAGCTGAGGTCGTGCCACTGCACTCCAGCCTGGACGACAATGCGAGACTCCATCTCAAAAAAAAAAAAAA"
"chr1","9739201","9739506","chr18","15009231","15009552","66","5270030","GGCCGGGCGTGTTGGCTCAAGCCTGTAATCCCAGCACTTTGGGAGGCTGAGGCGGGTGGATCACGAGGTCAAGAGATCGAGACCATCCTGGTCAATATGGTGAAACCCCGTCTCTACTAAAAATACAAAAAATTAGCTGGGCATGGTGGGCTAAAAAATTAGCGCGTGCCTGTAATCCCAGCTACTCAGGAGGCTGAGGCAGGAGAATTGCCTGAACCCAGGAGGCAGAGGTTGCGGTGAGACGAGATTGCGCCATTGCACTCCAGCCTGGGTAACAAGAGCGAAGCTCCGTCTCAAAAAAAAGAA","GCCAGGCGTGGTGGCTCATGCCTGTAATCCCAGCACTTTGGGAGGCCGAGGCGGGCAGATCACGAGGTCAGGAGTTCGAGACCAGCCTGACCAATATGGTGAAACCCCATCTCCACTAAAAACACACACACACACACACACACACACACACAAAATTAGCTGGGCGTGGTGGCACGTGCCTGTAGTCCCAGCTACTCAGGAGGCTGAGGCAGGAGAATTGCTTGAACCCAGGAGGCAGAGGTTGCAATGAGCTGAGATTGCACCATTGCACTCCAGCCTGGGTGACAGAGCGAGACTCCATCTCAAAGAAAAAAAAAAAGAA"
"chr1","9740500","9740804","chr14","38774640","38774953","57","29034140","GGCCGGGCGCGGTGGCTCAAGCCTGTAATCCCAGCACTTTGGGAGGCCGAGGCGGGTGGATCACGAGGTCAACAGATCGAGACCATCCTGGTCAACATGGTGAAACCCCGTCTCTACTAAAAAATACGAAAAATTAGCTGGGCATGGTGGCGTGTGCTTGTAATCCCAGCTACTCAGGAGGCTGAGACAGGAGAATTGCCTGAACCCAGGAGGCGGAGGTTGCGGTGAGCCGAGATCGCGCCATTGCACTCCAGCCTGGGTAACAAGAAGAAACACTTTGTCTCAAAAAAAAAAAAAAAAAGAAA","GGCCAGGTGTGGTGGCTCACACCTGTAATACTAGCACTTTGGGAGGCCAAGGCGGGTGGATCACGAGGTCAGGAGATCAAGACCAGCCTGGCCAACATGGTGAAACCCCATCTCTACTTAAAAAAAAAAAAAAAAAAAAAAAAATTAGCTGGGTATAGTGGCGTGCACCTGCAGTCTCAGCTACTCGGGAGGCTGAGGCAGGAGAATCACTTGAACCCGGGAGGTGGAGGTTGCAGTGAGCCAAGATCAGGCCACTGCACTCCAGCCTGGGTGACAGAGTGAGACCCTGTCTCAAAAAAAAAAAAAAAAAAAAA"
"chr1","9838874","9839169","chr14","38774640","38774953","58","28935766","GGCCGGGCGCGGTGGCTCAAGCCTGTAATCCCAGCACTTTGGGGGGCCGAGGCGGGTGGATCACGAGGTCAAGAGATCGAGACCATCCTGGTCAACATGGTGAAACCCCGTCTCTACTAAAAAAAAATACAAAAAATTAGCTGGGCATGGTGGCGCGTGCCTGTAATCCCAGCTACTTGGGAGGCTGAGGCAGGAGAATTGCCTGAACCCGGGAGGCGGAGGTTGCGGTGAGCCGAGATCACGCCATTGCACTCCAGCCTGGGTAACAAGAGTGAAACTCCATCTCAAAAAAAAAA","GGCCAGGTGTGGTGGCTCACACCTGTAATACTAGCACTTTGGGAGGCCAAGGCGGGTGGATCACGAGGTCAGGAGATCAAGACCAGCCTGGCCAACATGGTGAAACCCCATCTCTACTTAAAAAAAAAAAAAAAAAAAAAAAAATTAGCTGGGTATAGTGGCGTGCACCTGCAGTCTCAGCTACTCGGGAGGCTGAGGCAGGAGAATCACTTGAACCCGGGAGGTGGAGGTTGCAGTGAGCCAAGATCAGGCCACTGCACTCCAGCCTGGGTGACAGAGTGAGACCCTGTCTCAAAAAAAAAAAAAAAAAAAAA"
"chr1","9841329","9841638","chr14","38774640","38774953","67","28933311","GGCCAGGTGAGGTGGCTTATGCCTGCAATCCCAGCACTTTGGCATGTCAAGATGAGTGGGTGGATTGCCTGAGCTCAGGAGTTTCAGACCAGCCTGGGTAACATGGTGAAACGCCATCTCTACCAAAAGTACAAAAAATTAGCAGAGTATGGTGGAACGTGCCTATAGTCCCAGCTGCTCAGGAGGGTGAGGCATGAGAATCACTTGAACCAGGGAGGTGGAGGTTGCAGTGAGCAGAGATCAGGCCACTGCAGTCCAGCCTGAGTGACAGAGTGAGACTCCGTCTCAAAACAAACAACAAAAATAAAAA","GGCCAGGTGTGGTGGCTCACACCTGTAATACTAGCACTTTGGGAGGCCAAGGCGGGTGGATCACGAGGTCAGGAGATCAAGACCAGCCTGGCCAACATGGTGAAACCCCATCTCTACTTAAAAAAAAAAAAAAAAAAAAAAAAATTAGCTGGGTATAGTGGCGTGCACCTGCAGTCTCAGCTACTCGGGAGGCTGAGGCAGGAGAATCACTTGAACCCGGGAGGTGGAGGTTGCAGTGAGCCAAGATCAGGCCACTGCACTCCAGCCTGGGTGACAGAGTGAGACCCTGTCTCAAAAAAAAAAAAAAAAAAAAA"
"chr1","9864009","9864303","chr14","38774640","38774953","62","28910631","GGCCGGGCGCGGTGGCTCAAACCTGTAATCCCAGCACTTTGGGAGGCCGAGGCGGGTGGATCACGAGGTCAAGAGATCGAGACCATCCTGGTCAACGTGGTGAAACCCCCGTCTCTACTAAAAATACAAAAAATTAGCTGGGCATAGTGGCGCGTGCCTGTAATCCCAGCTACTCAGGAGGCTGAGGCAGGAGAATTGCCTGAACCCAGGAGGCAGAGGTTGCGGTGAGCCGAGATCGCGCCATTGCACTCCAGCCTGGGTAACAAGAGCGAAACTCCGTCTCAAAAAAAAAAAA","GGCCAGGTGTGGTGGCTCACACCTGTAATACTAGCACTTTGGGAGGCCAAGGCGGGTGGATCACGAGGTCAGGAGATCAAGACCAGCCTGGCCAACATGGTGAAACCCCATCTCTACTTAAAAAAAAAAAAAAAAAAAAAAAAATTAGCTGGGTATAGTGGCGTGCACCTGCAGTCTCAGCTACTCGGGAGGCTGAGGCAGGAGAATCACTTGAACCCGGGAGGTGGAGGTTGCAGTGAGCCAAGATCAGGCCACTGCACTCCAGCCTGGGTGACAGAGTGAGACCCTGTCTCAAAAAAAAAAAAAAAAAAAAA"
"chr1","9871150","9871451","chr18","15009231","15009552","60","5138081","GGCCAGGCGCGGTTGCTCAAGCCTGTAATCCCAGCACTCTGGGAGGCCGAGGCGGGTGGATCACGAGGTCAAGAGATCGAGACCATCCTGGTCAACATGGTGAAACCCCGTCTCTACTAAAAATACAAAAGATTAGCTGGGCGTGGTGGCGCGTGCCTGTAATCCCAGCTACTCAGGAGGCAGAGGTAGGAGAATTGCCTGAACCCAGGAGGCGGAGGTTGTGGTGAGCCGAGATCGCGCCATTGCACTCCAGCCTGGGTAACAAGAGCAAAACTCCATCTCGGAAAAAAAAAAAAAAAGAA","GCCAGGCGTGGTGGCTCATGCCTGTAATCCCAGCACTTTGGGAGGCCGAGGCGGGCAGATCACGAGGTCAGGAGTTCGAGACCAGCCTGACCAATATGGTGAAACCCCATCTCCACTAAAAACACACACACACACACACACACACACACACAAAATTAGCTGGGCGTGGTGGCACGTGCCTGTAGTCCCAGCTACTCAGGAGGCTGAGGCAGGAGAATTGCTTGAACCCAGGAGGCAGAGGTTGCAATGAGCTGAGATTGCACCATTGCACTCCAGCCTGGGTGACAGAGCGAGACTCCATCTCAAAGAAAAAAAAAAAGAA"
"chr1","9901957","9902238","chr16_NW_019937290v1_random","735974","736277","76","9165983","GCCTGTAATCCCAGCACTTTGGGAGGCCGAGGCGGGTGGATCATGAGGTCAAGAGATCGGGACCAACCTGGTCAACATGGTGAAACCCCGTCTCTACTAAAAATACAAAAAATTAGCTGGGATTACAGGGTGGTGCGTGCCTGTAATCCCAGCTACTCAGGAGGCTGAGGCAGGAGAATTTCCCGAACCCAGGAGGCGGAGGTTGCAGTGAGCCGAGATTGCGCCATTGCACTCCAGCCTGGGTAACAAGAGCAAAACTCCGTCTCAAAAATAAAAAGAAAA","CTGGGTGTGGTGCCTCACACCTGTAATCCGAGCACTTTGAGAGGCTGAGGTGGGTGGATCACAAGGTCAGGAGTTCGAGACCAGCCTGACTAACATGGTGAAACCCCTTCTCTACTAAAAAAAAAAAAAAAAAAAAAAAAATTGGCCAGGCCTGGTGGTGTGTGCCTATAGCCCCAGCTACTCAGGGGGGTGAGGCAGGAGAATTGCCTGAACCTGGGAGGTGGAGGTTGCAGTGAGCTGAGGTCGTGCCACTGCACTCCAGCCTGGACGACAATGCGAGACTCCATCTCAAAAAAAAAAAAAA"
"chr1","9957320","9957625","chr2B","57345825","57346153","59","47388505","GGCCGGGCGCAGTGGCTCAAGCCTGTAATCCCAGCACTTTGCGAGGCCGAGGCGGGTAGATCACGAGGTCAACAGATCAAGACCATCCTGGTCAACATGGTGAAACCCCGTCTCTACTAAAAATACAAAAAATTAGCTGGGCATGGTGGCGCGTGCCTGTAATCCCAGCTACTCAGGAGGCTGAGGCAGGAGAGTTGCCTGAACCCAGGAGGCGGAGGTTGCGGTGAGTGGAGATTGCGCCATTGCACTCCAGCCTGGGTAACAAGAGCGAAACTCCGTCTCAAAAATAAAAAATAAATAAATAAA","GGTCAGGCACAGTGGCTCACACCTGTAATCCCAGCACTTTGAGAGGCCAAGGTGGGCAGATCACAAGATCAGGAGTTCAAGACCAGCCTGGCCAACATAATGAAACCCCATCTCTACTAAAAATACAAAAAATTAGCCAGGCATGGTGGTGGGTGCGTGTAATCCCAGCTACTCGGGAGGCTGAGGCAGGAGAATGGCTTGAACCCAGGAGGCGGAGGTTGCAGTGAGTGGAGATCACGCCACTGCACTCCAGCCTGGGTGACAGAGCGAGACTCCGTCTCAAAAATAAATAAATAAATAAATAAATAAAATAAAAAAGAAAAGAAAAA"
"chr1","9962761","9963030","chr16_NW_019937290v1_random","735974","736277","75","9226787","TGGCTCACGCCTGTAATCCCAGCACTTTGGGAGGCTGAGGCAGGTGGATCACAAGGTCAAGAGATTGAGACCATCCTGGTCAACATGGTGAAACCCCGTCTCTACTAAAAATACAAAAAATTAGCTGGGCATGGTGGCGCGTGCCTGTAATCCCAGCTACTCAGGAGGCTGAGGCAGGAGAATTGCCTGAACCCAGGAGGCGGAGGTTGCGGTGAGCCGAGATCGCGCCATTGCACTCCAGCCTGGGTAACAAGATAAACTCCGTCTCAA","CTGGGTGTGGTGCCTCACACCTGTAATCCGAGCACTTTGAGAGGCTGAGGTGGGTGGATCACAAGGTCAGGAGTTCGAGACCAGCCTGACTAACATGGTGAAACCCCTTCTCTACTAAAAAAAAAAAAAAAAAAAAAAAAATTGGCCAGGCCTGGTGGTGTGTGCCTATAGCCCCAGCTACTCAGGGGGGTGAGGCAGGAGAATTGCCTGAACCTGGGAGGTGGAGGTTGCAGTGAGCTGAGGTCGTGCCACTGCACTCCAGCCTGGACGACAATGCGAGACTCCATCTCAAAAAAAAAAAAAA"
"chr1","10018883","10019181","chr14","38774640","38774953","59","28755757","GGCCGGGCGTGGTGGCTCACACCTGTAATCCCCGCACTTTGGGAGGCCGAGGCGGGTGGATCACAGGGTCAAGAGATCGAGACCATTCTGGTCAACATGGTGAAACCCCGTCTCTACTAAAAATACAAAAAATTAGTTGGGCATGGTGGCGTGTGCCTGTAATCCCAGCTACTCAGGAGGCTGAGGCAGGAGAATTGCCTGAACCCAGGAGGCAGAGGTTGTGGTGAGCCAAGATCACGCCATTGCACTCCAGCCTGGGTAAGGAGAGCGAAATTCCGTCTCAAAAAAAAAAAAAAAAA","GGCCAGGTGTGGTGGCTCACACCTGTAATACTAGCACTTTGGGAGGCCAAGGCGGGTGGATCACGAGGTCAGGAGATCAAGACCAGCCTGGCCAACATGGTGAAACCCCATCTCTACTTAAAAAAAAAAAAAAAAAAAAAAAAATTAGCTGGGTATAGTGGCGTGCACCTGCAGTCTCAGCTACTCGGGAGGCTGAGGCAGGAGAATCACTTGAACCCGGGAGGTGGAGGTTGCAGTGAGCCAAGATCAGGCCACTGCACTCCAGCCTGGGTGACAGAGTGAGACCCTGTCTCAAAAAAAAAAAAAAAAAAAAA"
"chr1","10101062","10101336","chr12","6861641","6861931","74","3239421","TCCCAGCACACTTTGGGAGGCCGAGGCGGGTGGATCACGAGGTCAAGAGATTGAGACCATGCTGGTCAACATGGTGAAACCCCGTCTCTACTAAAAATACAAAAAATTAGCTGAGTATGGTGGTGCGTGCCTGTAACCCCAGCTACTCAGGAGGCTGAGGCAGGAGAATTGCCTGAACCCAGGAGGCGGAGGTTGCGGTGAGCCGAGATCGTGCCATTGCACTCCAGCCTGGGTAACAAGAGTGAAACTCCGTCTCAAAAAAAAAAAAAAGAAAA","CTTTGGGAGGCCGAGGCAGGTGGATCACCAGATCAGGAGTTCAAGACCAGCCTGGCCAACATAGTGAAACCCTGTCTCTACTAAAAATACAAAAAATTAGCTGAGCGTGGTGGCAGGCACCTGTAATCCCAGCTACTTGGGAGGCTGAGGCAGGAGAATTGCTTGAACCCGGGAGGTGGAGGTTGCAGTGAGCTGAGATCGCACCATAGCACTCCAGCCTGGGCGACAGTGTGAGACTCTGCCTCAAAACAACAACAACAACAAAAACAACAACAACAACGAAAAAAACAA"
"chr1","10134676","10134969","chr14","38774640","38774953","68","28639964","GGCTGGGCACGGTGGCTCACACCTGTAATCCCAGCACTTTGGGAGGCGGAGGTTGGTGGATTACGAGATCAGGAGTTCAAGACTAACCTGGTCCACATGGCAAAACCCCATTTCTACTAAAAATACAAAAAATTAGCTGGGTGTGATGGCGTGCTCCTGTAATCCCAGCTACTCTGGGGCTGAGGTAGGAGACTCTCTTGAACCTGGGAGGCGGAGGTTGCAGTGAACCGAGATCACACCATTGCACTCTAGCCTGGGCAACAGAGCAAGACACCGTCTCAAAAAAAAAAAAAA","GGCCAGGTGTGGTGGCTCACACCTGTAATACTAGCACTTTGGGAGGCCAAGGCGGGTGGATCACGAGGTCAGGAGATCAAGACCAGCCTGGCCAACATGGTGAAACCCCATCTCTACTTAAAAAAAAAAAAAAAAAAAAAAAAATTAGCTGGGTATAGTGGCGTGCACCTGCAGTCTCAGCTACTCGGGAGGCTGAGGCAGGAGAATCACTTGAACCCGGGAGGTGGAGGTTGCAGTGAGCCAAGATCAGGCCACTGCACTCCAGCCTGGGTGACAGAGTGAGACCCTGTCTCAAAAAAAAAAAAAAAAAAAAA"
"chr1","10235255","10235551","chr3","13063317","13063638","67","2828062","GACTGGGCAAGATGGCTCACGCCTGTAATCCCAGCACTTTGGGAGGCCGAGGCAGGCAGATCACGAGGTCAGGAGTTCGAGACCAGCCTGGCCAACATGGTGGAACCCCGTATCAACTAAAAATACAAAAAATTAGCCGGGCGTGGTGTCGCGAACCTGTAATCCCAGCTAGGGAGGCTGAGGCAGGAGAATCACTTGAACCCAGGAGGTGGAGGATTTGGTGAGCAGAGATTGTGCCACTGCACTCCAGCCTGGGCAACAGAGCAAGACTCTGTCTCAGAAATGAAAACAAAAAAA","GGCCGGGCACGATGGCTCACGCCTATAATCCCAGCACTTTGGGAGGCCAAGGTGGGCAGATCACGAGGTCAGGAGTTCGAGACCAGTCTGGCCAACATAGTGAAACCCTGTCTCTACTAAAAATACACAAAAAATTAGCCAGGTGTGGTGGCAGGTGCCTGTCATCCCAGCTACTCAGGTGGCTGAGGCAGGAGAATCGCGTGAACCCGGGAGGCGGAGGTTGCAGTGAGCCAAGATCGTGCCACTGCACTCCAGCCTGGGCAACAGAACGAGACTACATATCAAAAAAAAAAAAAAAAAAAAAAAAATCCCAAAAAACAAA"
"chr1","10249941","10250251","chr5","162410049","162410372","66","152160108","GCCAGGCATGGTGGCTCGCACCCATAATCCCAGCACTTTGGGAAGCCAAGGCGGGTGGATCACGAGGTCCGGAGTTCAAGACCAGCCTGACCAACATGGTGAAACCTGTCTCTACTAAAAAAACAAAAAGTTAGTCGGGTGTGGCATTGTGTGCCTGTAGTCCCAGCTACTCAGGAGGCTGAGGCAGGAGAATCACTTGAACCTAGGAGGTAAAGATTGCAGTGAGCTGAGATCACACCACTGCACTCCAGCCTGGCAACAGAGCAAGTCTCCATCCCCCCCGCCCAAAAAAATGAAAAAGAAAAAGAAAA","GCTGGGCATGGTGGCTCACGCCTGTAATCCCAGCACTTTGGGAGGCCGAGGCGGGCGGATCAGGAGATCAGGAGTTCAGGACCAGCCTGGCCAATATAGTGAAACCCTGTCTCCACTAAAAATACAAAAAATTAGCCGGGTGTGGTGGCATGTGCCTATAATCCCAGCTACTCAGGAGCCTGAGGCAGGAGAATCACTTGAACCCAGGAGGCAGAGATTGCAGTGAGTTGAGACCACGCCATTGCATTCCAGCCTGGGTGACAGAGTGAGGCTCCATCTCAAATAATAATAATAATAATAATAATAATAATAAGTAAAAAAGAA"
"chr1","10265603","10265899","chr1","131937127","131937450","74","121671524","GGTATGGTGACTCATACCTGTAATCCCAGCACTTTGGGAGGCTGAAGGCAGATCACAGTCAGGAGTTCAAAACCAGCCTGGCCAACATGGTGAAACCCTGTCTCTACTGAAAATACAAAATTAGCCGAGCGTGGTGGCACATGCCTGTAGTTCCAGCTACTCAGGAGGCTGAGGCAGGAAAATTACTTGAGGCCAGAGGGCAAAGGTTGCAGTGAGCTGAGATCACACCACTGCACTCCAGCCTAGGCAACAGAGCAAGACTGTGTCACAAGAAAAAAAAAAGGAAGAAAAGAAGAA","GCCAGGTGCGGTGCCTCATGCCTGTAATCCCAGCACTTTGGGATGCCGAGGCGGGTGGATCACAAGGTCAGGAGTTCAAGACCAGCCTGGCCAACATAGTGAAACCCCGTCTCTACTAAACATACAAAAAATTAGCCGGGCGTGGTGGCAGGTGCCTGTAATCCCAGCTATTCAGGGAGGCTGAGGCAGGAGAATTGCTTGAACCTGGGAGGCGGAGGTTGCAGTGAGCCAAGATCGCACCACTGCACTCCAGCCCAGGTGACAATGCGAGACTCCATCTCAAATAAATACATAAATAAATAAATAAATAAACAAACAAACAAA"
"chr1","10285161","10285454","chr14","38774640","38774953","65","28489479","GGTGGCTCACGCCTGTAATTCCACCACTTTGGGAGGCTGAGGCAGGCGGATCACTTGAGGTCAGGAGTTTGAGACCAGCCTGTCCAACATGGTGAAACACCAGCTCTACTAAAAATACAAAAAATTAGCTGGGCATGGTGGCTCATGCCTGTAGTCCCAGCTGCTGGGGAGGCTGAGGAAGAGAATTGCTTGAACCTGGGAGGTGGAGGTTGTAGTGAGCCAAGATCATGCCATTGCACTCCAGCCTGGGCGACAGAGTGAGACTCTTTCTCAAAATAAATAAATAAAATAAAA","GGCCAGGTGTGGTGGCTCACACCTGTAATACTAGCACTTTGGGAGGCCAAGGCGGGTGGATCACGAGGTCAGGAGATCAAGACCAGCCTGGCCAACATGGTGAAACCCCATCTCTACTTAAAAAAAAAAAAAAAAAAAAAAAAATTAGCTGGGTATAGTGGCGTGCACCTGCAGTCTCAGCTACTCGGGAGGCTGAGGCAGGAGAATCACTTGAACCCGGGAGGTGGAGGTTGCAGTGAGCCAAGATCAGGCCACTGCACTCCAGCCTGGGTGACAGAGTGAGACCCTGTCTCAAAAAAAAAAAAAAAAAAAAA"
"chr1","10352562","10352864","chr17","42462467","42462792","77","32109905","GCCAGGCGCGGTGGCTCATGCCTGTAATCCTAGTACTTTGGAAGGCTGAGGCAGGCAGACTGCCTGAGCTCAGGAGTTCGAGACCAGCCTGGACAGTAAGAAAGAGTCCTGCCTCTACTAAAATGCAAAAAATTAGCCAGGCTTGGCAGCATGCGCCTTTAGTCCCAGCTACTTGGGAGGCTGAGGCAGGAGAATTGCTTGAACCTGGAGGCAGAGGTTGCAGTGAGCCGAGATTACGGCACTGTACTCCAGTCTGGAGACAAAGTGACAAAGTGAGACTCCATCTCAAAAATAAAAAACAAA","GGCTGGGTGCGGTGGCTCACTCCTGTAATCCTAGCACTTTGGGAGGCTGAGGCAGGTGGATTGCCGGAGCTCAGGAGTTCGAGACCAGCCTGGGCAACTCGATGAAACCCCGTCTCTACTAAAATACAAAAAATTAGCTGGGTGTGGTGGCATGCGCCTATAATCCCAGCTACTCAGGAGGCTGAGACAGGAGAATCGCTTGAACCTGGGAAGCAGATGTTGCAGTGAGCCGAGATCACACCATTGCACTCCAGTCTTGGTGACAGAGCAAGACTCCATCTCAAAAAATAAATAAATAAATAAATAAATAAATACTAAAAAAAAAA"
"chr1","10370811","10371094","chr18","43221019","43221313","84","32850208","CACAGTGGCTCACGCCTGTAATCGCAGCACTTTGGGAGAGCAAGGTGTGCCAATGGCTTGAGCTCGGGAGTTCTAGACTAGCCTGGGCAATGAGGCAAAACGTCGTCTCTACTAAAAATACAAAAAATAAGCCAGGTGTGGTGCATGCCTATAGTCACAGCTACTCAGGAGGCTGAGGCAGGAGGATTGCTTGAGCCCGGGGAGATGGAGGTTGCAGTGAGCTAAGATCACACCACTGGACTCCAGCCTGAGTGACAGAGTGAGACCCCCTCCTCAAACAAAAA","GGCCGGGCATGGTGGCTCACACCTATAATGCCAGCACTTTGGGAGGCCAAGGCGGGAGGTCAGGAGTTCAAGACTAGCCTGGCCAACATGGTGAAACTAAAAATATAAAAATATAAAAATATAAAAATATAAAAATCTGCTGGGCATGGTGGTGCGCGCCTGTAGTCCCAGCTACTCAGGAGGCTGAGGCAGGAGAATCGCTTGAACCCGGGAGGGCAGGGGTTGCAGTGAGCTGAGATCGCACTACTGCACTCCATCCTGGGCGACAGAGTGAGACTCCATCTCAAAAAAAAAA"
"chr1","10372981","10373251","chr1","95031572","95031848","83","84658591","GGTGTGTTGGCTCACGCCTATAATCCTAGCACTTTGGGAGGCTGAGGCAGGCAGATTGCCTGAGCTTAGGAATTTGAGACCAGCCTGGGAACACAGTGAAATCCCATCTCTACTAAAATACAAAAAATTAGCCAGGTGTGGCAGTGTGCACCTGTAGTCCCAACTACTCAAGAGGCTGAGGCAGGAGAATCGCTTGAACCTGGAAGGCAGAGGTTGCAGTGAGCTGAGATTGCACTACTGCACTCCAGCCTGGGTGACAGAGCAAGGCTCC","GGCTGGGCGTGGTGGCTCACACTTATAATCCCAGCACTTTGGGAGGCCGAGGCAGGCAGATCATGAGGTCAGGAGATCTAGACCGGCCTGGCCAACATGGTGAAACCCCGTCTCTACCAAAAAATGAAAAAAAAAAAAAAAAAAAAAAAAATTCACTGGGCGTGGTGGGGCACCTATAGTCACAGCTATTCCGGAGGCTGAGGTGGGAGAATCACTTGACCCTGGGAGGCAGAGGTTGCAGTGAGCTGAGATGTGCGCACTCCAGCCTGGGAGACAG"
"chr1","10374066","10374366","chr18","15009231","15009552","63","4635165","GGCCAGGTGTGGTGGCTCATGCCTGTAATCACAGCACTTTGGGAGGCCGAGGCAGGCAGATCATGAGGTCAAGACTTCAAGACCAGCCTGGCCAAGCATGGTGAAACCCTGTCTCTACTAAAAATACAAAAAAATTAGCCTGGCGTGGTGGCACATGCCTGTAGTCCCAGCTACTCAGGAGGCTGAGGTAGGAGAATCGCTTGAACCTGGGAGGCAGAGGTTGCAGTGAACCAGGATTATGCCACTGCACTCCAGCGCCTGGATGACAGAAAGAGGCTCCGTCTCAAAAAAAAAAAAAGAA","GCCAGGCGTGGTGGCTCATGCCTGTAATCCCAGCACTTTGGGAGGCCGAGGCGGGCAGATCACGAGGTCAGGAGTTCGAGACCAGCCTGACCAATATGGTGAAACCCCATCTCCACTAAAAACACACACACACACACACACACACACACACAAAATTAGCTGGGCGTGGTGGCACGTGCCTGTAGTCCCAGCTACTCAGGAGGCTGAGGCAGGAGAATTGCTTGAACCCAGGAGGCAGAGGTTGCAATGAGCTGAGATTGCACCATTGCACTCCAGCCTGGGTGACAGAGCGAGACTCCATCTCAAAGAAAAAAAAAAAGAA"
"chr1","10407118","10407414","chr3","13063317","13063638","65","2656199","GGCCTGGTGCAGTGGCTCATGCTGTAATCCCAGCACTCTGGGAGGCCAAGCCAGGCAGATCACGAGGTCAGGAGTTCGAGACCAACCTGGCTAATATGGTGAAACCTTGTCTTTACTAAAAATACAAAAAATCAGCCAGGCATGGTGGCAGGCTACTGTAATCCCAGATACTCAGGAGGCTGAGGCAGGAGAATCGCTTGAAACCAGGAGGTGGAGGTTGCAGCGAGCCAAGACCATGCCACTGCACTCTAGCCTGGACAACAGAGCAAGATTCCATCTCAAAAAAAAAAAAAAAAA","GGCCGGGCACGATGGCTCACGCCTATAATCCCAGCACTTTGGGAGGCCAAGGTGGGCAGATCACGAGGTCAGGAGTTCGAGACCAGTCTGGCCAACATAGTGAAACCCTGTCTCTACTAAAAATACACAAAAAATTAGCCAGGTGTGGTGGCAGGTGCCTGTCATCCCAGCTACTCAGGTGGCTGAGGCAGGAGAATCGCGTGAACCCGGGAGGCGGAGGTTGCAGTGAGCCAAGATCGTGCCACTGCACTCCAGCCTGGGCAACAGAACGAGACTACATATCAAAAAAAAAAAAAAAAAAAAAAAAATCCCAAAAAACAAA"
"chr1","10417381","10417657","chr10","59193901","59194213","86","48776520","GGGCACAGTGGCTCATTCCTGTAATCCTAGCATTTTGGGAGGCCAAGGTGGGCAGATTGCCTGAGCTCAGGAGTTGGAAACCAGGCTACCCAACATAGTGAAACCCTGTATCTACTAAAATACAAAAAATTAGCCAGGCATGGTGGCACGCACCTGTAGTCCCAGTTACTCAGAAGGCTGAGGCACGAGAATCACTTGAACCCGGAAGGTTACAATAAGCCAAGATTGTGCCACTGCACTTCAGCCTGGGCAACAGGGCAAAACTCCATCTCCAAAA","GGCCAGGCACGGTGGCTCACTTCTGTAATCCCAGCACTTTGGGAGGCCGAGGTGGCCGAATCACAAGGTCAGGAGTTCAAGACCAGCCTGACTGACATGGAGAAACCCCGTCTCTACTAAAAATAAAAATAAAAATAAAAATAAAAATAATTAGCCGGGTATGGTGGCACACACCTGTAGTCCCAGCTAGTTAGGAGGCTGAGGCAGGAGAATGGCGTGAACCCAGGAGGCGGAGCTTGCAGTCAGCCAAGATTGTGCCACTGCACTCCAGCCTGGGCAACAGAGTGATACTCCATCTCAAAAAAAAAAAAAA"
"chr1","10425923","10426200","chr9","46299315","46299628","76","35873392","GCCTGTAATTCCAGCACTTTGGGAGGCTGAGGCAGGCAGATCACGAGGTCAGGAATTTAAGACCAGCCTGGCCAATATAGTGAAGGCCCGTCTCTACTAAAAATACCAAAAAAAATTAGCCAGGCCTGGTGGCGGGTGTGTGGAATCCCAGCTACTTGGGGGGCTGAGGCAGAAGAATCACTTGAACCTGGGAGATAGAGGTTGCGGTGAGCCGAGATAGCGCCACTGCACTTCAGCCTGGGTGACAGAGTGAAACTCTGTCTCAAAGAAAATAAAAA","GGCCAGACACAGTGGCTCACGTCTGTAATCCCAGCACTTTGGGAGGCAGAGGCGGGTGGATCACAAGGTCAGGAGTTTGAGAGCAGCCTGGCCAACATAGTGAAACCCTGTCTCTACTAAAAATACAAAAAAATTAGCCAGGTGTGGTGGTGGGTGCCTGTAATCCCACCTACTCAGGAGGCTGAGGCTGAGGCTGAGGCTGAGGAGAATCGTTTGAATCTGGGAGGCAGAGGTGGCAGTGAGCCGAGATTGCGCTACTGCACTCCAGCCTGGGCGACAGTGTGAGACTCTGTCTCAAAAAAAAAAAAAAAAAA"
"chr1","10435317","10435534","chr4","123011317","123011500","76","112576000","CCAGCCTGGCAACAGAGCAAGACTCCCTCTCAAAGAAAAAAAAATTAGCCAGGCATGGTGGCATGTGCCTGTAGTTCCAGCTACTTGGGAGGCTGAGGCAGGAGAATTGCTTGAACCCAGGAGTCAGAGGTTGCAGTGAGCTGTGAGCCATGAGCCAAGAGCACGCTGCTGCACTCCAGCCTGGGTGACAGAGCTAGACTCCATCTCAGAAAAAAAAA","AAAAAAAAAAAAAATTATATATTTATATATATATATATATATATAGCCGGGCGCGGTGGCACATGCCTGTAGTCCCAGCTACTCGGGAGGCTGAGGCAGGAGAATTGCTTGAACCTAGGAGGCCAAGGTTGCAGTGAGATGAGATAGCACTCCAGCCTGGGGGACAGGAGCAGACTTCATCTCA"
"chr1","10462349","10462644","chr14","38774640","38774953","64","28312291","GGCCGGGTGCAGCGGCTCACACCTGTAATCCCAGCACTTTGGGAGGCAAAGGCAGACAGATCACGAGGTCAGGAGTTGGAGACCAGCCTGACCAACTAGTAAAACCCCTTCTCTACTAAAAATACAAAAAATTAGCTGGGCATGGTGGTGGGCACCTATAATCCTAGCTACCCAGTAGGCTGAGGCAGGAGAATCGCTTGAACCCGAGAGGTGGAGGTTGCAGCAAGCCAAGATCACACCACCGCACTGCAGCCTGGACAACAGTGTGAGACCCTTAACAAAAAAAAAAAAAAGAA","GGCCAGGTGTGGTGGCTCACACCTGTAATACTAGCACTTTGGGAGGCCAAGGCGGGTGGATCACGAGGTCAGGAGATCAAGACCAGCCTGGCCAACATGGTGAAACCCCATCTCTACTTAAAAAAAAAAAAAAAAAAAAAAAAATTAGCTGGGTATAGTGGCGTGCACCTGCAGTCTCAGCTACTCGGGAGGCTGAGGCAGGAGAATCACTTGAACCCGGGAGGTGGAGGTTGCAGTGAGCCAAGATCAGGCCACTGCACTCCAGCCTGGGTGACAGAGTGAGACCCTGTCTCAAAAAAAAAAAAAAAAAAAAA"
"chr1","10463296","10463591","chr14","38774640","38774953","74","28311344","GTGTGGTGGCTATTGCCTATAATCCCAGCACTTTGAGAAGCCAAGGCAGGTGGATCACCCGAGATCGGAGTTTGAGACCAGCCTGACCAACACGATGAAACCTCGACTCTACTAAAAAATACACACACACAAAAAAGTAGCTGGGCATGGTGGTGTGCACCTGTAGTCCCAGCTACTCAGGAGGCTGAGGCAGGAGAATCACTTGAACCCGGGAGACCAAGGTTGCAGTGAGCTAAGATCCCGCCATTGCACTCCAGCCTGAGACTGTGTCTCGGGGAAAAAAAGACACAAAGAAA","GGCCAGGTGTGGTGGCTCACACCTGTAATACTAGCACTTTGGGAGGCCAAGGCGGGTGGATCACGAGGTCAGGAGATCAAGACCAGCCTGGCCAACATGGTGAAACCCCATCTCTACTTAAAAAAAAAAAAAAAAAAAAAAAAATTAGCTGGGTATAGTGGCGTGCACCTGCAGTCTCAGCTACTCGGGAGGCTGAGGCAGGAGAATCACTTGAACCCGGGAGGTGGAGGTTGCAGTGAGCCAAGATCAGGCCACTGCACTCCAGCCTGGGTGACAGAGTGAGACCCTGTCTCAAAAAAAAAAAAAAAAAAAAA"
"chr1","10466315","10466608","chr14","38774640","38774953","66","28308325","GGCCGGGCACAATGGCTCACACCTGTAATCCCAGCACTTTGGAAGGCCAAGGTGGGTGAATCACGAGGTCAGGAGTTTGAGACCAGCCTGGCCAACATGGTAAAACCCAGTCTCTACTAAAAATACAAAAAAAAAATTAGCCAGGCGTGGTGGCATGCATCTGTGATCCCAGCTACTCGGGAGGCTGAGGCAGGAGAATTGCTTGATCCCAAGAGGCTGAGGTTGCAGTGCCACAGTATTCCATCCAGCCTGGACAACAGAGGGAGATTGTGTCAAAAAAAAAAAAAAAAAAAA","GGCCAGGTGTGGTGGCTCACACCTGTAATACTAGCACTTTGGGAGGCCAAGGCGGGTGGATCACGAGGTCAGGAGATCAAGACCAGCCTGGCCAACATGGTGAAACCCCATCTCTACTTAAAAAAAAAAAAAAAAAAAAAAAAATTAGCTGGGTATAGTGGCGTGCACCTGCAGTCTCAGCTACTCGGGAGGCTGAGGCAGGAGAATCACTTGAACCCGGGAGGTGGAGGTTGCAGTGAGCCAAGATCAGGCCACTGCACTCCAGCCTGGGTGACAGAGTGAGACCCTGTCTCAAAAAAAAAAAAAAAAAAAAA"
"chr1","10492071","10492358","chr14","38774640","38774953","65","28282569","GCAGTGGCTCATGCCTGTAATCCCAGCACTTTGGGAGGCCAAGGTGGCTGATCGTGAGGTAAGGAGTTTGAGACCAGCCTGGCCAACATGGTGAAACCCCATCTCTACTAAAAACACAAAAAATTAGCGGGGCATGGTGGCAGATGTCTGTGATCCCAGCTACTCGGGAGGCTGAGGCAGGAGAATCACTTGAACCCAGGAGGTGGAGGTTGCAGTGAGCCAAGATCGCACCACTGTACTTCAGCCTGGTGACAGAGCAAGATTCCATCTCAAAAAAAAAAAAAGAAA","GGCCAGGTGTGGTGGCTCACACCTGTAATACTAGCACTTTGGGAGGCCAAGGCGGGTGGATCACGAGGTCAGGAGATCAAGACCAGCCTGGCCAACATGGTGAAACCCCATCTCTACTTAAAAAAAAAAAAAAAAAAAAAAAAATTAGCTGGGTATAGTGGCGTGCACCTGCAGTCTCAGCTACTCGGGAGGCTGAGGCAGGAGAATCACTTGAACCCGGGAGGTGGAGGTTGCAGTGAGCCAAGATCAGGCCACTGCACTCCAGCCTGGGTGACAGAGTGAGACCCTGTCTCAAAAAAAAAAAAAAAAAAAAA"
"chr1","10494494","10494787","chr9","46299315","46299628","66","35804821","GACTGGGTGCAGTGGCTCACACTTGTAATCTCAGCACTTTGGGAGGCCAAGGCGGGTGGATCACCCGAGGTCAGGAGTTTGAGACCATCCTGGTCAACATGGTGCGACCCCTGTCTCTACTAAAAAACACAAAAAATTAGCCAGCTGTGGTGGTGCGTGCCTGTAGTCCCAGCTACTCAGGAGGTTGAGGCAGGAGAATTGCTTGAATCCAGGAGGCAGAGGTTGCAGTGAGCCGAGATTGTGCTATTGCACTCCAGCCTGGGTGACAAGAGCAAGACTCCATCTCAAAAAAAA","GGCCAGACACAGTGGCTCACGTCTGTAATCCCAGCACTTTGGGAGGCAGAGGCGGGTGGATCACAAGGTCAGGAGTTTGAGAGCAGCCTGGCCAACATAGTGAAACCCTGTCTCTACTAAAAATACAAAAAAATTAGCCAGGTGTGGTGGTGGGTGCCTGTAATCCCACCTACTCAGGAGGCTGAGGCTGAGGCTGAGGCTGAGGAGAATCGTTTGAATCTGGGAGGCAGAGGTGGCAGTGAGCCGAGATTGCGCTACTGCACTCCAGCCTGGGCGACAGTGTGAGACTCTGTCTCAAAAAAAAAAAAAAAAAA"
"chr1","10509090","10509158","chr1","178999882","178999998","74","168490792","AATTAGCCGGGTGTGGTGATGCACGACTGTAGTGCCAGCTACTTGGGAGGCTGAGGCAGAGAATTGCTT","GGAGGTTGCAGTGAGCTAAGATCATGCCACTGCACTCCAGCCTTGGTGACAGAGTGAGACCCTTTATCAAAAACAACAACAACAACAACAACAACAACAAAACAGAAAAGAAAAAGA"
"chr1","10525974","10526286","chr3","13063317","13063638","63","2537343","CTGGGGGTGGTGACTCAAGCCTGTAATCCCTGTACTTTGGGAGGCCGAGGTGGGCGGATCACAAGGTCAGGAGTTCGAGACCAGTCTAGTCAACATAGTGAGGCCCCATCTCTACTAAAACTAAAAAAAAGAATTAGCTGGGTATAGTGGTGTGTGCCTATAATCCCAGCTACTCAGGAGGCTGAGGCAGGAGAATCATGTGAACCCAGGAGGTGGAGGTTGCAGTAAGCCAAGATGGTGCCATTGCACTCCAGCCTGGGAGATGGTGTGAGACTTTATCTACAAAAAAAAAAAAAAAAGAAAGAAAAGAAAA","GGCCGGGCACGATGGCTCACGCCTATAATCCCAGCACTTTGGGAGGCCAAGGTGGGCAGATCACGAGGTCAGGAGTTCGAGACCAGTCTGGCCAACATAGTGAAACCCTGTCTCTACTAAAAATACACAAAAAATTAGCCAGGTGTGGTGGCAGGTGCCTGTCATCCCAGCTACTCAGGTGGCTGAGGCAGGAGAATCGCGTGAACCCGGGAGGCGGAGGTTGCAGTGAGCCAAGATCGTGCCACTGCACTCCAGCCTGGGCAACAGAACGAGACTACATATCAAAAAAAAAAAAAAAAAAAAAAAAATCCCAAAAAACAAA"
"chr1","10534695","10534992","chr3","18778695","18779003","69","8244000","GCCAGGAGCAGTGGCTCACACCTATAATCCTAGCACTTTGGGAGACAGAGGTGGGCGGATTGCCTGAACTCAGGAGTTCAAGACCAGCCTGGGCAACATGGTGAAACCTCGTCTCTACTAAAATACAAAAAATATATATATATAGCCAGTTGTGGCAGCGTGTGCCTGTAGGCCTAGCTACTCGGGAGGCTGAGGCAGGAGAATTGCTTGAACTCAGGAGGCGGAGGTTGCAGTGAGCCGAGATTGCGCCACTGCACTCCAGCCTGGGCAACAGAGCAAGACTCTGTCTCTTAAAAAA","GGCCAGGTGCAGTGGCTCACGCCTGCAATCCCAGCACTTTAGGAGGCCGAGGTGGGAAGATCACAAGGTCAGGAGTTCGAGACCAGCCTGACCAATATGGTGAAACCCCATCTCTACTAAAAATACAAAAAAAAAAAAAAAAAAAAAAAAAAAAGCTGGGTGTCGTGGTGGGCACCTGTAGTTCCAGCTACTAGGGAGGCTGAGGCAGGAGAATGGTTTGAACCTGAGAGATGGAGGTTACAGTGAGCCAAGATCGTGCCACTGCACTCCAGCCTGGGCAACAGAGTGAGACTCTGTCTCAAAAAAAAA"
"chr1","10538576","10538836","chr20","33014435","33014698","66","22475859","GGCTGCATGCAGTGGCTCAAGGCTGTAATCCCAGTACTTTGGGAGGCCAACGTGGGTGGATCATAAGGTCAGGAGTTTGAGACCAGCCTGGCCAACATGGTGAAACCCCGTCTGTACTAAAAATACAAAAAAATTAGCTGGGCATGGTGGTGTGCACCTGTAATCCTGACTACTTGGAAGGCTGAGGCAGGATAATTGCTTGAACCTGGGAGGTGGAGGTTGCAGTGAGCTATGATCGCAGCACTGCAGTCCAGCCTGGGC","GGCCAAGCCCAGTGGCTCACAGCTGTAATCCCAGCACTTTCAGAGGCCAAGGTGGGCAGATCACGAGGTCAGGAGTTCAAGACCAACCTGGCCAACATAGTAAAAACCCGTCTCTACTAAAAAAAAAAAAAAAAAAAAAAAAAGCCAGGCATGGTGGCACGTGCCTGTAGTCCCAGCTACTTGGGAGGCTGAGGCAGGAGAATCACTTGAACCTGAGAGGCGGAGGTTGTGGAGAGTCAAGATCATGCCACTGCACTCCAGTCT"
"chr1","10594167","10594418","chr12","6861641","6861931","69","3732526","GGGGGGCCGGGGGTGGTGGATCAATAGGTCAGGAGTTCAAGACCAGCCTGGCCAACATAGTGAAACCCTGTCTTTACTAAAAATACAAAAAGTTAGCCTGGGGTGGTGGCAGGCACCGGTAATCCCAACTGCTTGGGAAACTGAGGCAGGAGCATTGCTTGAACCAGGAGGTGAAGGTTGCCGTGGGCTGAGATTGGGCCATCGCACTCCAGCCTGGGCGACAGTGTGAGACTCCAACTCGGGAAAAGAAAA","CTTTGGGAGGCCGAGGCAGGTGGATCACCAGATCAGGAGTTCAAGACCAGCCTGGCCAACATAGTGAAACCCTGTCTCTACTAAAAATACAAAAAATTAGCTGAGCGTGGTGGCAGGCACCTGTAATCCCAGCTACTTGGGAGGCTGAGGCAGGAGAATTGCTTGAACCCGGGAGGTGGAGGTTGCAGTGAGCTGAGATCGCACCATAGCACTCCAGCCTGGGCGACAGTGTGAGACTCTGCCTCAAAACAACAACAACAACAAAAACAACAACAACAACGAAAAAAACAA"
"chr1","10655515","10655813","chr9","46299315","46299628","59","35643800","GGCCAGGCACTGTGGTATCTCACATCTGTAATCCCAGCACTTTGGGAGGCCGAGGCAGGTGGATCACCAGGTCAGGAGTTCAAGACCAGCCTGGCCAACATGGTAAAACCCTGTCTCTACTAAAAATACAAAAAATTAACCAGGCATGGTGGCAGAAGCCTGTAATCCCAGCTATTTGGGAGGCTGAGGCAGGAGAATCGCCTGAACCCAGGAGATGGAGGTTTCAGTGAGCCAAGATCACACCAATGCACTCTAGCCTGGGAGACATTGAGACTCTGTCTCAAAAAAAAAAAAAAAAA","GGCCAGACACAGTGGCTCACGTCTGTAATCCCAGCACTTTGGGAGGCAGAGGCGGGTGGATCACAAGGTCAGGAGTTTGAGAGCAGCCTGGCCAACATAGTGAAACCCTGTCTCTACTAAAAATACAAAAAAATTAGCCAGGTGTGGTGGTGGGTGCCTGTAATCCCACCTACTCAGGAGGCTGAGGCTGAGGCTGAGGCTGAGGAGAATCGTTTGAATCTGGGAGGCAGAGGTGGCAGTGAGCCGAGATTGCGCTACTGCACTCCAGCCTGGGCGACAGTGTGAGACTCTGTCTCAAAAAAAAAAAAAAAAAA"
"chr1","10664774","10665077","chr3","13063317","13063638","70","2398543","GGCTGGGTACAGTGGCTCATGCCTGTAATCTCAGCACTTTGGGAGTTCAAGGCAGGCAGATCACGAGCTCAGGAGTTTGAGACTAGCCTGACTAACACAGAGAAATCCTGTCTCTACTAAAAGTACAAAAAATTAGCCAGGCATGGTGGCGCACTCCTGTAATTCTAACTACTCTGGAGGCTGAGGCAGCAGAATTGCTTGAACCCAGGAGGCGGAGGTTGCAATGAGCTGAGATCATGTCACTGCACTCCAGCCTGGGCGACAAAGAGAGACTTCGTCTCAAAAAATAAAAAATAAAAATAAA","GGCCGGGCACGATGGCTCACGCCTATAATCCCAGCACTTTGGGAGGCCAAGGTGGGCAGATCACGAGGTCAGGAGTTCGAGACCAGTCTGGCCAACATAGTGAAACCCTGTCTCTACTAAAAATACACAAAAAATTAGCCAGGTGTGGTGGCAGGTGCCTGTCATCCCAGCTACTCAGGTGGCTGAGGCAGGAGAATCGCGTGAACCCGGGAGGCGGAGGTTGCAGTGAGCCAAGATCGTGCCACTGCACTCCAGCCTGGGCAACAGAACGAGACTACATATCAAAAAAAAAAAAAAAAAAAAAAAAATCCCAAAAAACAAA"
"chr1","10669568","10669843","chr10","18034574","18034865","73","7365006","GGCTGGGCGTGGTGACTCACTCCTATAATCCTAGCACTTTGGGAGGTCAAGAGGGGTGTATCATGAGATAAAGAGTTTGAGACCAGCCTGGCCAACATAGTGAAACCCCATCTCTACTAAAAAAAAAAAAATAACCTGGCATGGTGGTGGGCGCCTGTAGTCCCAGCTAATTGGGAGGCTGAGGTAGGAGAACTGCTTGAACCCAGGAGGTGGAGGTTGCAGTGAACTGAGATCGCACCACTGCCCTCCAGCCTGGGTGACAGAGTGAGACTCCAT","GGCTAGGCACAGTGGCTCACGCCCCCCAGCACTTTGGGAGGCCATAGTGGGTGGATCACAAGGTCAGGAGTTCAAGACCAGCCTGGCCAACATAGTGAAACCCTGTCTAAAAATACTAAAAATACAAAAAAAAAAAAAAAAAAAAAAAAAAAAGCCAGGCATGGTGGTGGGCACCTGTAGTCCCAGCTACTTGGGAGGCTGAGGCAGGAGAATCACTTGAACCCAGGAGGTGGAGGTTGCAGTGAGCCAAGATCGCACCACTGCTCTCCAGCCTGGGCGAGACAGCAAGACT"
"chr1","10780528","10780823","chr14","38774640","38774953","62","27994112","GGCCAGGTGTGGTGGCTCACGCCTGTAATCCCAGCACTTTGGGAGGCCGAGGCAGGTGGATCACAAGGTCAAGAGATGGAGACCATCCTGGTCAACATGGTAAAACCCCATCTCTACTAAAAATACAAAAAATTAGCTGGGCACGGTGGCGCGTGCCTGTAGTCCCAGCTACTTGGGAGGCTGAGGGAGGAGAATTGCCTGAACCCTGGAGGTGGAGGTTGTGGTGAGCCAAGATTGTACCATTGCACTCCAGCCTGGGTAACAAAAGCGAAACTCCTTCTCAAAAAAAAAGAAAA","GGCCAGGTGTGGTGGCTCACACCTGTAATACTAGCACTTTGGGAGGCCAAGGCGGGTGGATCACGAGGTCAGGAGATCAAGACCAGCCTGGCCAACATGGTGAAACCCCATCTCTACTTAAAAAAAAAAAAAAAAAAAAAAAAATTAGCTGGGTATAGTGGCGTGCACCTGCAGTCTCAGCTACTCGGGAGGCTGAGGCAGGAGAATCACTTGAACCCGGGAGGTGGAGGTTGCAGTGAGCCAAGATCAGGCCACTGCACTCCAGCCTGGGTGACAGAGTGAGACCCTGTCTCAAAAAAAAAAAAAAAAAAAAA"
"chr1","10798516","10798815","chr9","46299315","46299628","60","35500799","GGCCGGCCGCGGTGGCTCACGCCTGTAATCCCAGCACTTTGGGAGGCCGAGGTGGGTGGATCACGAGGTCAAGAGATCGAGACCATCCTGCTCAACATGGTGAAACCCCGTCTCTACTAAAAATACAAAAAATTAGCTGGGCATGGTGGCGCGTGCCTGTAATCCCAGCTACTCAGGAGGCTGAGGCTGGAGAATTGCCTGAACCCAGGAGGCAGAGGTTGTGGTGAGCCGAGATCGCGCCATTGCACTACAGCCTGGGTAACAAGAGCGAAACTCCGTCTCAAAAAAAGAAAAAAAAAA","GGCCAGACACAGTGGCTCACGTCTGTAATCCCAGCACTTTGGGAGGCAGAGGCGGGTGGATCACAAGGTCAGGAGTTTGAGAGCAGCCTGGCCAACATAGTGAAACCCTGTCTCTACTAAAAATACAAAAAAATTAGCCAGGTGTGGTGGTGGGTGCCTGTAATCCCACCTACTCAGGAGGCTGAGGCTGAGGCTGAGGCTGAGGAGAATCGTTTGAATCTGGGAGGCAGAGGTGGCAGTGAGCCGAGATTGCGCTACTGCACTCCAGCCTGGGCGACAGTGTGAGACTCTGTCTCAAAAAAAAAAAAAAAAAA"
"chr1","10853953","10854233","chr12","6861641","6861931","76","3992312","CTCTAATCCCGCCACTTTGAGAGGCCGAGGCGGGTGGATCACGAGGTCAAGAGATCGAGACCATCCTGGTCAACATGGTGAAACCCCGTCTTTACTAAAAGTACAAAAAATTAGCTGGGCATGGTGGCGCGTGCCTGTAATCCCAGCTACTCAGGAGGCTGAGGCAGGAGAACTGCCTGAATCCAGGAGGCGGAGGTTGTGGTGAGCCGAGATCACGCCATTGCACTCCAGCCTGGGTAACAAGAGCGAAATTCCATCTCAAAAAAAAAAAAAAAAAAAAA","CTTTGGGAGGCCGAGGCAGGTGGATCACCAGATCAGGAGTTCAAGACCAGCCTGGCCAACATAGTGAAACCCTGTCTCTACTAAAAATACAAAAAATTAGCTGAGCGTGGTGGCAGGCACCTGTAATCCCAGCTACTTGGGAGGCTGAGGCAGGAGAATTGCTTGAACCCGGGAGGTGGAGGTTGCAGTGAGCTGAGATCGCACCATAGCACTCCAGCCTGGGCGACAGTGTGAGACTCTGCCTCAAAACAACAACAACAACAAAAACAACAACAACAACGAAAAAAACAA"
"chr1","10870200","10870517","chr18","15009231","15009552","63","4139031","GGCCAGGCATGTTCGCTCATGCCTGTAATCCCAGCAGTCTGGGAGACTGAGGCAGGCAGATCATGAGGTCAGGAGTTCAGGACCAGCCTGGCCAACATGGTTAAAACCTCATCTCTACTAAAAAAAAAAAAAAAAAAAAAAAAAATTAGCTGGGCATGGTGGCACGTGCCTGTAATCCTAGCTACTCTGGAGGCTAAGGCAGGAGAATCACTTGAACCAGGACCCTGGAGGCAGAGACTGCAGTGAGCTGAGATTGCACCACTGCTGCACTCTAGCCTGGGTTACAGAGTAAGACACTGTCTCAAAAAAAAAAAAAAA","GCCAGGCGTGGTGGCTCATGCCTGTAATCCCAGCACTTTGGGAGGCCGAGGCGGGCAGATCACGAGGTCAGGAGTTCGAGACCAGCCTGACCAATATGGTGAAACCCCATCTCCACTAAAAACACACACACACACACACACACACACACACAAAATTAGCTGGGCGTGGTGGCACGTGCCTGTAGTCCCAGCTACTCAGGAGGCTGAGGCAGGAGAATTGCTTGAACCCAGGAGGCAGAGGTTGCAATGAGCTGAGATTGCACCATTGCACTCCAGCCTGGGTGACAGAGCGAGACTCCATCTCAAAGAAAAAAAAAAAGAA"
"chr1","10886317","10886601","chr20","33014435","33014698","74","22128118","GGCTGGGTGCAGGGGCTCGTGCCTATAATCCCAGCATTTTGAGAGGCTGAGGTGGGTGGATCACAAGGTCAGGAGTTCAAGACCAGCCTGGCCAACATAGCAAAACCCGTCTCTACTGAAAACAAAAACAAAAACAAAAAAACATTAGCCAGGCTTGGTGGTGCATGCCTGTAGTCCCAGCTACTCCAGAGGCTACGGCAATAGAATCACTTGAACCCAGGGGGCGGAAGTTGCACTCCAGACTGGGTGACAGAGTGAAACTCCCATCTCAAAAAAACCAAAAAA","GGCCAAGCCCAGTGGCTCACAGCTGTAATCCCAGCACTTTCAGAGGCCAAGGTGGGCAGATCACGAGGTCAGGAGTTCAAGACCAACCTGGCCAACATAGTAAAAACCCGTCTCTACTAAAAAAAAAAAAAAAAAAAAAAAAAGCCAGGCATGGTGGCACGTGCCTGTAGTCCCAGCTACTTGGGAGGCTGAGGCAGGAGAATCACTTGAACCTGAGAGGCGGAGGTTGTGGAGAGTCAAGATCATGCCACTGCACTCCAGTCT"
"chr1","10899228","10899517","chr14","38774640","38774953","77","27875412","GGCTGGGCCTGGTGGGTCATGCCTGTAATCCCAGCATTTTGGGAGGCCAAGGCAGGCGGATCACCTGAGGTCAGGAGTTTCAAGACCAGCCTAGCCAACATGATGAAACTCCATCTCTACTAAAAATATAAAAAATTAGCTGGACGTGATGATGCAAGTTTGTAGTCTCAGCTATTCAGGAGACTGAGGCAGAAGAATCTCTTGAACCCAGGAGGTATAAGTTGCAGTCAGCCAAGATCATGCCATTGCACTTCAGCCTGGGTGACAGTAAGACTCCGACTAAAAAAAAA","GGCCAGGTGTGGTGGCTCACACCTGTAATACTAGCACTTTGGGAGGCCAAGGCGGGTGGATCACGAGGTCAGGAGATCAAGACCAGCCTGGCCAACATGGTGAAACCCCATCTCTACTTAAAAAAAAAAAAAAAAAAAAAAAAATTAGCTGGGTATAGTGGCGTGCACCTGCAGTCTCAGCTACTCGGGAGGCTGAGGCAGGAGAATCACTTGAACCCGGGAGGTGGAGGTTGCAGTGAGCCAAGATCAGGCCACTGCACTCCAGCCTGGGTGACAGAGTGAGACCCTGTCTCAAAAAAAAAAAAAAAAAAAAA"
"chr1","10919109","10919413","chr1","131937127","131937450","58","121018018","GGCCAGGTACCATGGCTCATGCCTGTAATCCCAGCACTTTGGGAGGCCGAGGTGGGTGGATCACGAGGTCAAGAGATCGAGACCATCCTGGTCAACATGGTGAAACCCCGTCTCTACTAAAAATACAAAAAATTAGCTGGGCATGGTGGCGCGTGCCTGTAATCCCAGCTACTCAGGAGGCTGAGGCAGGAGAATTGCCTGAGCCCAGGAGGCGGAGATTGTGGTGAGCCGAGATCGCGCCATTGCACTCCAGCCTGGGTAACAAGAGCGAAACTCCGTCTCAAAAAAAAAAAAAAATACAAAAA","GCCAGGTGCGGTGCCTCATGCCTGTAATCCCAGCACTTTGGGATGCCGAGGCGGGTGGATCACAAGGTCAGGAGTTCAAGACCAGCCTGGCCAACATAGTGAAACCCCGTCTCTACTAAACATACAAAAAATTAGCCGGGCGTGGTGGCAGGTGCCTGTAATCCCAGCTATTCAGGGAGGCTGAGGCAGGAGAATTGCTTGAACCTGGGAGGCGGAGGTTGCAGTGAGCCAAGATCGCACCACTGCACTCCAGCCCAGGTGACAATGCGAGACTCCATCTCAAATAAATACATAAATAAATAAATAAATAAACAAACAAACAAA"
"chr1","11008412","11008703","chr14","38774640","38774953","61","27766228","GGCCGGGCGCGGTGGCTCAAGCCTGTAATCCCAGCACTTTGGGAGGCCGAGGTGGGTGGATCACGAGAGATCGAGACCATCCTGGTCAACATGGTGAAACCCCGTCTCTACTAAAAATACAAAAAATTAGCTGGGCACGGTGGCGCGTGCCTGTAATCCCAGCTACTCAGGAGGCTGAGGCAGGAGAATTGCCTGAACCCAGGAGGCGGAGGTTGCAGTGAGCCGAGATCGCGCCATTGCACTCCAGCCTGGGTAACAAGAGTGAAACTCTGTCTCAAAAAAAAAAAAAAAA","GGCCAGGTGTGGTGGCTCACACCTGTAATACTAGCACTTTGGGAGGCCAAGGCGGGTGGATCACGAGGTCAGGAGATCAAGACCAGCCTGGCCAACATGGTGAAACCCCATCTCTACTTAAAAAAAAAAAAAAAAAAAAAAAAATTAGCTGGGTATAGTGGCGTGCACCTGCAGTCTCAGCTACTCGGGAGGCTGAGGCAGGAGAATCACTTGAACCCGGGAGGTGGAGGTTGCAGTGAGCCAAGATCAGGCCACTGCACTCCAGCCTGGGTGACAGAGTGAGACCCTGTCTCAAAAAAAAAAAAAAAAAAAAA"
"chr1","11013387","11013687","chr14","38774640","38774953","59","27761253","GCCAGGCGGGGTGGCTCATGCCTGTAATCCCAGCACTTTGGGAGGCGGAGGCGGGTGGATCACCAGGTCAGTAGATCAAGACTGTGCTGGCCCACATGGTGAAACCCCATCTCTACTAAAAATACAAAAAATAAAAATTAGCTGGGCGTGGTGGTGCACACCTATAGTCTCAGTTACTCGGGAGGCTGAGGCAGGAGAATTGCTTGAACCCAGGAGGTGGAGATTTCAGTGAGCCAACATTGTGTCACTGCATTCCAGCCTGGGCAACATCGCGAGACTCTGTCTCAAGAAAAGAAAAAAA","GGCCAGGTGTGGTGGCTCACACCTGTAATACTAGCACTTTGGGAGGCCAAGGCGGGTGGATCACGAGGTCAGGAGATCAAGACCAGCCTGGCCAACATGGTGAAACCCCATCTCTACTTAAAAAAAAAAAAAAAAAAAAAAAAATTAGCTGGGTATAGTGGCGTGCACCTGCAGTCTCAGCTACTCGGGAGGCTGAGGCAGGAGAATCACTTGAACCCGGGAGGTGGAGGTTGCAGTGAGCCAAGATCAGGCCACTGCACTCCAGCCTGGGTGACAGAGTGAGACCCTGTCTCAAAAAAAAAAAAAAAAAAAAA"
"chr1","11025627","11025920","chr18","15009231","15009552","67","3983604","GGCCAGGCACGGTGGCTCATGCCTGTAATCCCAGCACTTTGGGAGGCCGAGGAAAGTGGATCACGAGGTCAAGATATCGAGACCATCCTGGTCAACATGGTGAAACCCCACCTCTACTAAAGATACAAAAAATTAGTTGGGCATGGTGGCGCGTGCCTGTCATCCCAGCTACTCAGGAGGCTGAGGCAGGAGAATTGCCTGAACCCAGGAGGCGGAGGTTGCAGTGAGCCGAGATCGTGCCATTGCACTCCAGCATGGGTAACGAGAGCGAAACTCAGTCTCAAAAAAAAAGAA","GCCAGGCGTGGTGGCTCATGCCTGTAATCCCAGCACTTTGGGAGGCCGAGGCGGGCAGATCACGAGGTCAGGAGTTCGAGACCAGCCTGACCAATATGGTGAAACCCCATCTCCACTAAAAACACACACACACACACACACACACACACACAAAATTAGCTGGGCGTGGTGGCACGTGCCTGTAGTCCCAGCTACTCAGGAGGCTGAGGCAGGAGAATTGCTTGAACCCAGGAGGCAGAGGTTGCAATGAGCTGAGATTGCACCATTGCACTCCAGCCTGGGTGACAGAGCGAGACTCCATCTCAAAGAAAAAAAAAAAGAA"
"chr1","11046579","11046838","chr12","6861641","6861931","72","4184938","ACTTTGGGAGGCCGAGGCGGGTGGATCACGAGGTCAAGATATGGAGACCATCTTGGTCAACATGGTGAAACCCCGTCTCTACTAAAAATACAAAAAATTAGCTGGGCATGTTGGTGCATGCCTGTAATCCCAGCTACTCAGGAGGCTGAGGCAGGAGTACTGCCTGAACCCAGAAGGCGGAGGTTGTGGTGAGCTGAGATCGCACCATTGCACTCCAGCCTGGGTAACGAGAGTGAAACTGTCTCAAAAAAAAAAAAAAA","CTTTGGGAGGCCGAGGCAGGTGGATCACCAGATCAGGAGTTCAAGACCAGCCTGGCCAACATAGTGAAACCCTGTCTCTACTAAAAATACAAAAAATTAGCTGAGCGTGGTGGCAGGCACCTGTAATCCCAGCTACTTGGGAGGCTGAGGCAGGAGAATTGCTTGAACCCGGGAGGTGGAGGTTGCAGTGAGCTGAGATCGCACCATAGCACTCCAGCCTGGGCGACAGTGTGAGACTCTGCCTCAAAACAACAACAACAACAAAAACAACAACAACAACGAAAAAAACAA"
"chr1","11053472","11053760","chr14","38774640","38774953","64","27721168","GGCTAGGCATGGTGTCTCATGCCTGTAATCCCAGCAGTTTGGGAGGCCAAGGTGGGCAAATGACAAGGTCAGGAGTTTGAGACAAGCTTGGCCAACATGGTGAAACCCCATCACTACAAAAAATACAAAAAATTAGCTGTGTGTAGTGTTGGGTGCCTGTAATACTAGCTACTCAGGAGGCTGAGGCAGGAGAATCACTTGAACCCAGGAGGTGGAGGTTGCAGTGAGCCAAGATCACGCCACTGCACTCCAGCCTGGGCAACAGAGACCGTCTCAAAAAAAAAAAAAA","GGCCAGGTGTGGTGGCTCACACCTGTAATACTAGCACTTTGGGAGGCCAAGGCGGGTGGATCACGAGGTCAGGAGATCAAGACCAGCCTGGCCAACATGGTGAAACCCCATCTCTACTTAAAAAAAAAAAAAAAAAAAAAAAAATTAGCTGGGTATAGTGGCGTGCACCTGCAGTCTCAGCTACTCGGGAGGCTGAGGCAGGAGAATCACTTGAACCCGGGAGGTGGAGGTTGCAGTGAGCCAAGATCAGGCCACTGCACTCCAGCCTGGGTGACAGAGTGAGACCCTGTCTCAAAAAAAAAAAAAAAAAAAAA"
"chr1","11065273","11065585","chr1","131937127","131937450","53","120871854","GGCCGGGCGCGGTGGCTCAAGCCTGTAATCCCAGCACTTTGGGAGGCCGAGGCGGGTGGATCACAAGGTCAACAGATCGAGACCATCCTGGTCAACATGGTGAAACCCCGTCTCTACTAAAAATTACAAAAAATTAGCTGGGCACGGTGGTGCGTGCCTGTAATCCCAGCTACTCAGGAGGCTGAGGCAGGAGAATTGCCTGAACCCAGGGGGCGGAGGTTGCGGTGAGCCGAGATTGCGCCATTGCACTCCAGCCTGGGTAACAAGAGCGAAACTCCGTCTCAGAAAAAAAAAAAAAAAAAAAAAAAAAAAA","GCCAGGTGCGGTGCCTCATGCCTGTAATCCCAGCACTTTGGGATGCCGAGGCGGGTGGATCACAAGGTCAGGAGTTCAAGACCAGCCTGGCCAACATAGTGAAACCCCGTCTCTACTAAACATACAAAAAATTAGCCGGGCGTGGTGGCAGGTGCCTGTAATCCCAGCTATTCAGGGAGGCTGAGGCAGGAGAATTGCTTGAACCTGGGAGGCGGAGGTTGCAGTGAGCCAAGATCGCACCACTGCACTCCAGCCCAGGTGACAATGCGAGACTCCATCTCAAATAAATACATAAATAAATAAATAAATAAACAAACAAACAAA"
"chr1","11066769","11067078","chr1","131937127","131937450","62","120870358","CCGGGCGCGGTGGTTCAAGCCTGTAATCCCAGCACTGGGGAGTCTGAGGCGGGCGGATCACAAGATCATCAGATCGAGACCATCTTGGTCAACATGGTGAAACCCCGTCTTTATTAAAAATTACAAAAAATTAGCTGGGCACGGTGGTGCGTGCCTGTAATCCCAGTTATTCAGGAGGCTGAGGCAGGAGAATTGCCTGAACCCAGGGGGCGGAGGTTGCGGTGAGCCGAGATTGCGCCATTGCACTCCAGCCTGGGTAACAAGAGCGAAACTCCGTCTCAAAAAAAAAAAAAAAAAAAAAAAAAAAAAA","GCCAGGTGCGGTGCCTCATGCCTGTAATCCCAGCACTTTGGGATGCCGAGGCGGGTGGATCACAAGGTCAGGAGTTCAAGACCAGCCTGGCCAACATAGTGAAACCCCGTCTCTACTAAACATACAAAAAATTAGCCGGGCGTGGTGGCAGGTGCCTGTAATCCCAGCTATTCAGGGAGGCTGAGGCAGGAGAATTGCTTGAACCTGGGAGGCGGAGGTTGCAGTGAGCCAAGATCGCACCACTGCACTCCAGCCCAGGTGACAATGCGAGACTCCATCTCAAATAAATACATAAATAAATAAATAAATAAACAAACAAACAAA"
"chr1","11093002","11093273","chr16_NW_019937290v1_random","735974","736277","77","10357028","TGTAATCCCAGCACTTTGGGAGGCTGAGGCAGGTGGATCACGAGGTCAAGAGATCAAGACCATCCTGGTCAGCATGGTGAGACCCCGTCTCTACTAAAAATACAGAAAATTAGCTGGGCATGGTGGCGCGTGCCTGTAATCCCAGCTACTCAGGAGGCTGAGGCAGGAGAATTGCCTGAACCCAGGAGGCGGAGGTTGCGGTGAGCCGAGGTCGCGCCATTGCACTCCAGCCTGGGTAACAAGAGCGAAAATCCGTCTCAAAAAAAAAAAAA","CTGGGTGTGGTGCCTCACACCTGTAATCCGAGCACTTTGAGAGGCTGAGGTGGGTGGATCACAAGGTCAGGAGTTCGAGACCAGCCTGACTAACATGGTGAAACCCCTTCTCTACTAAAAAAAAAAAAAAAAAAAAAAAAATTGGCCAGGCCTGGTGGTGTGTGCCTATAGCCCCAGCTACTCAGGGGGGTGAGGCAGGAGAATTGCCTGAACCTGGGAGGTGGAGGTTGCAGTGAGCTGAGGTCGTGCCACTGCACTCCAGCCTGGACGACAATGCGAGACTCCATCTCAAAAAAAAAAAAAA"
"chr1","11215599","11215910","chr1","131937127","131937450","57","120721528","GGCCGGGCGCGGTGGCTCAAGCCTGTAATCCCAGCACTTTGGGAGGCCGAGGCGGGTGGATCACAAGGTCAACAGATCGAGATCATCTTGGTCAACATGGTGAAACCCCGTCTCTACTAAAATTACAAAAAATTAGCTGGGCACGGTGGTGCGTGCCTGTAATCCCAGCTGCTCGGGAGGCTGAGGAAGGAGAATTGCCTGAACCCAGGAGGTGGAGATTGCGGTGAGCCGAAATCGCGCCATTGCACTCCAGCCTGGGTAACAAGAGCGAAACTCCGTCTCAAAAAAAAAAAAAAAAAAAAAAAAAACAAA","GCCAGGTGCGGTGCCTCATGCCTGTAATCCCAGCACTTTGGGATGCCGAGGCGGGTGGATCACAAGGTCAGGAGTTCAAGACCAGCCTGGCCAACATAGTGAAACCCCGTCTCTACTAAACATACAAAAAATTAGCCGGGCGTGGTGGCAGGTGCCTGTAATCCCAGCTATTCAGGGAGGCTGAGGCAGGAGAATTGCTTGAACCTGGGAGGCGGAGGTTGCAGTGAGCCAAGATCGCACCACTGCACTCCAGCCCAGGTGACAATGCGAGACTCCATCTCAAATAAATACATAAATAAATAAATAAATAAACAAACAAACAAA"
"chr1","11216303","11216585","chr20","40046641","40046949","82","28830338","GGACTTGGTGGCTCACATCTGTAATCCCAGCACTTTGGAAGGCTGAGGTGGGCAGAATGCTTGAGTCTAGCCTGGTAAACATGGTAAAACTCTGTCTGAAAAAAAAAATTAGCCAAGCTGGTGGTGTGCACCTGTGGTCCCAGCTACTCAGGAGGCTGAGGCAAGAGAATTGCTGGAGCCCAGGAGTTGGAGGTTGCAGTGAGCTGAGATCACATCACTGCACTCCAGCCTGGGCAACAGAACAAGACTCTGTTTCAACAAACAAAAAAAACAAGTAAATAAA","GGCTGGGCACGGTGGCTCACACCTGTAATCCCAGCACTTTGGGAGGCTGAGGTCAGGAGTTTGTAGATCAGCCCGGCCAGTATGGTGAAACCCTGTCTCTACTAAAAATACAAAAAATTAGCTGAGTGTGGTGGTGCATGCCTGTAGTCCCAGCTACTCAGGAGGCTGAGACACAAGAATCACTTGAACCCAGGAGATGGAGGTTGCAGTGAGCCAAGATCACACCACTGCACTCCAGTCTGGGCGACAGAGTGTGACTGTCTTATTAATAAATAAATAAATAAATAAATAAATAAACAAACAAGAAAA"
"chr1","11264742","11265034","chr9","46299315","46299628","68","35034573","GGCCAAGCACAGTGGCTCATGCCTGTAATCCCAGCACTTTGGGAGGCTGAGGCAGGTGGATCACGAGGTCAAGAGATCGAGACCATCCTGGTCAAAATGGTGAAACCCTGTCTCCACTAAAAATACAAAAAATTACCTGGGCATGGTGGTGTGTGCCTGTAATCCCAGCTACTCAGGAGGCTGAGGCAGGAGAATTGCCTGAACCCAGGAGGCGGAGGTTGTGGTGAGCCGAGATCGTGCCATTGCACTCCAGCCTGGGTAACAAGAGCGAAACTTCATCTCAAAAAAAAAAA","GGCCAGACACAGTGGCTCACGTCTGTAATCCCAGCACTTTGGGAGGCAGAGGCGGGTGGATCACAAGGTCAGGAGTTTGAGAGCAGCCTGGCCAACATAGTGAAACCCTGTCTCTACTAAAAATACAAAAAAATTAGCCAGGTGTGGTGGTGGGTGCCTGTAATCCCACCTACTCAGGAGGCTGAGGCTGAGGCTGAGGCTGAGGAGAATCGTTTGAATCTGGGAGGCAGAGGTGGCAGTGAGCCGAGATTGCGCTACTGCACTCCAGCCTGGGCGACAGTGTGAGACTCTGTCTCAAAAAAAAAAAAAAAAAA"
"chr1","11407226","11407528","chr14","38774640","38774953","57","27367414","GGCTGGGCGCAGTGGCTCACGCCTGTAATCCCAGCACTTTGGGAGGCCAAGGCGGGTGGATCACGAGGTCAGGAGTTTAAGACCAGCCTAACCAAAATGGTGAAAACCCATCTCTACTAAAAATACAAAAAAATTAACCAGTGTGGTGGCATGCACCTGTAATTCCAGCTACTCAGGATGCTGAGGCAGGAGCATCACTTGAACCCAGGAGGCAGAGGTTGCAATGAGCCAAGATCACACCACTGCACTCCAGCCTGGGAGACAGAGTAAAACTCCATCTCAAAACAAACAAACAAACAAAAA","GGCCAGGTGTGGTGGCTCACACCTGTAATACTAGCACTTTGGGAGGCCAAGGCGGGTGGATCACGAGGTCAGGAGATCAAGACCAGCCTGGCCAACATGGTGAAACCCCATCTCTACTTAAAAAAAAAAAAAAAAAAAAAAAAATTAGCTGGGTATAGTGGCGTGCACCTGCAGTCTCAGCTACTCGGGAGGCTGAGGCAGGAGAATCACTTGAACCCGGGAGGTGGAGGTTGCAGTGAGCCAAGATCAGGCCACTGCACTCCAGCCTGGGTGACAGAGTGAGACCCTGTCTCAAAAAAAAAAAAAAAAAAAAA"
"chr1","11460811","11461115","chr14","38774640","38774953","59","27313829","GGCCGGGCGCGGTGGCTCAAGCCTGTAATCCCAGCACTTTGGGAGGCCGAGGCGGGTGGATCACGAAGTCAAGAGATCGAGACCATACTGGTCAACATGGTGAAACCCCATCTCTACTAAAAATACAAAAAATTAGCTGGGCACCGTGGCGTGTGCCTGTAATCCCAGCTACTCAGGAGGCTGAGGCAGGTTAATTGCCTGAACGCAGGAGGTGGAGGTTGCGGTGAGCCGAGATCCCACCATTGCATTCCAGCCTGGGCAACAAGAGTGAAACTCCGTCTCAAAAAAAAAAAAAAAAAAAAAAA","GGCCAGGTGTGGTGGCTCACACCTGTAATACTAGCACTTTGGGAGGCCAAGGCGGGTGGATCACGAGGTCAGGAGATCAAGACCAGCCTGGCCAACATGGTGAAACCCCATCTCTACTTAAAAAAAAAAAAAAAAAAAAAAAAATTAGCTGGGTATAGTGGCGTGCACCTGCAGTCTCAGCTACTCGGGAGGCTGAGGCAGGAGAATCACTTGAACCCGGGAGGTGGAGGTTGCAGTGAGCCAAGATCAGGCCACTGCACTCCAGCCTGGGTGACAGAGTGAGACCCTGTCTCAAAAAAAAAAAAAAAAAAAAA"
"chr1","11476751","11477048","chr14","38774640","38774953","63","27297889","GGCCGGGCGCAGTGTGTCACGCCTGTAATTCCAGCACTTTCAGAGGCCGAGGCGGGTGGATCACGAGGTCAGCAGATCGAGACCATCCTGGTCAACATGGTGAAACCCCGTCTCTACTAAAAATACAAAAAATCAGCTGGGCATGGTGGCGCGTGCCTGTAATCCCAGCTACTCAGGAGGCTGAGGCAGGAGAATTGCCTGAACCCAGGAGGCGGAGGTTGCGGTGAGCCGAGATCGCGCCACTGCACTCCAGCCTGGGTAACAAGAGCGAAACTACGTCTCAAAATAAAAAAAAAAA","GGCCAGGTGTGGTGGCTCACACCTGTAATACTAGCACTTTGGGAGGCCAAGGCGGGTGGATCACGAGGTCAGGAGATCAAGACCAGCCTGGCCAACATGGTGAAACCCCATCTCTACTTAAAAAAAAAAAAAAAAAAAAAAAAATTAGCTGGGTATAGTGGCGTGCACCTGCAGTCTCAGCTACTCGGGAGGCTGAGGCAGGAGAATCACTTGAACCCGGGAGGTGGAGGTTGCAGTGAGCCAAGATCAGGCCACTGCACTCCAGCCTGGGTGACAGAGTGAGACCCTGTCTCAAAAAAAAAAAAAAAAAAAAA"
"chr1","11479258","11479555","chr9","46299315","46299628","71","34820057","GCTGGGCATGTTCGCTCACACCTGTAGTTAATCTTAGCACTTTGGGAGGCCCAGGTGGGTGGGTCATGAGGTCAGGAGTTTGAGACCAGCCTGGCCAACATAGTGAAACCAAGTCTCTACTAAAAATACAAAAAAATCAGTGGGACATGGTAGTGAGTGCCTGTAATCCCAGCTACTTGGGAGGCTGAGGCAGGAGAATCGCTTGAACCTGGGAGGCGGAGGTTGCAGTGAGCTGAGATGGCTCCATTGCACTCCAGCCCAGGTGACAGTGTGAGTTCCTGTCTCAAACAAATAAAAA","GGCCAGACACAGTGGCTCACGTCTGTAATCCCAGCACTTTGGGAGGCAGAGGCGGGTGGATCACAAGGTCAGGAGTTTGAGAGCAGCCTGGCCAACATAGTGAAACCCTGTCTCTACTAAAAATACAAAAAAATTAGCCAGGTGTGGTGGTGGGTGCCTGTAATCCCACCTACTCAGGAGGCTGAGGCTGAGGCTGAGGCTGAGGAGAATCGTTTGAATCTGGGAGGCAGAGGTGGCAGTGAGCCGAGATTGCGCTACTGCACTCCAGCCTGGGCGACAGTGTGAGACTCTGTCTCAAAAAAAAAAAAAAAAAA"
"chr1","11526468","11526767","chr18","15009231","15009552","57","3482763","GGCCGGGCGCGGTGGCTCAAGCCTGTAATCCCAGCACTTTGGGAGGCCGAGGCGGGTGGATCACGAGGTAAAGAGATCGAGACCATCCTGGTCAACATGGTGAAACCCCGTCTCTACTAAAAATACAAAAAATTAGCTGGGCATGGTGGCGCGTGCCTGTAATCCCAGCTACTCAGGAGGCTGAGGCAGGAGAATTGCCTGAACCCAGGAGGCAGAGGTTGCAGTGAGCCGAGATCGCACCATTGCACTCCAGCCTGGGTAACAAGAGCAAAACTCCGTCTCAAAAAAAAAGAAGTAAAA","GCCAGGCGTGGTGGCTCATGCCTGTAATCCCAGCACTTTGGGAGGCCGAGGCGGGCAGATCACGAGGTCAGGAGTTCGAGACCAGCCTGACCAATATGGTGAAACCCCATCTCCACTAAAAACACACACACACACACACACACACACACACAAAATTAGCTGGGCGTGGTGGCACGTGCCTGTAGTCCCAGCTACTCAGGAGGCTGAGGCAGGAGAATTGCTTGAACCCAGGAGGCAGAGGTTGCAATGAGCTGAGATTGCACCATTGCACTCCAGCCTGGGTGACAGAGCGAGACTCCATCTCAAAGAAAAAAAAAAAGAA"
"chr1","11550816","11551111","chr18","15009231","15009552","59","3458415","GGCCGGGCGCGGTGGCTCAAGCCTGTAATCCCAGCACTTTGGAAGGCCGAGGCGGGTAGATCACGAGGTCAAGAGATCGAGACCATCCTGGTCAACATGGTGAAACCCCGTCTCAACTAAAGATACAAAAAATTAGCTGGGCATGGTGGCGCGTGCCTGTAATCCCAGCTACTCAGGAGGCTGAGGCAGGAGAATTGCCTGAACCCAGGAGGCGGAGGTTGCGGTGAGCCGAGATCGCGCCATTGCACTCCAGCCTGGGTAACAAGAGCGAAACTCCGTCTCAAAAAAGAAAAGAA","GCCAGGCGTGGTGGCTCATGCCTGTAATCCCAGCACTTTGGGAGGCCGAGGCGGGCAGATCACGAGGTCAGGAGTTCGAGACCAGCCTGACCAATATGGTGAAACCCCATCTCCACTAAAAACACACACACACACACACACACACACACACAAAATTAGCTGGGCGTGGTGGCACGTGCCTGTAGTCCCAGCTACTCAGGAGGCTGAGGCAGGAGAATTGCTTGAACCCAGGAGGCAGAGGTTGCAATGAGCTGAGATTGCACCATTGCACTCCAGCCTGGGTGACAGAGCGAGACTCCATCTCAAAGAAAAAAAAAAAGAA"
"chr1","11557181","11557480","chr9","46299315","46299628","74","34742134","GGCTGGGCGCAGTGGCTCAGGCCTGTAATACCAGTGCTTTGGTAGGTGGAGGGAGGTGGATCACGAGGTCAGGAGTTTGAGACCAGCCTGGCCAACATGGTGAAACCCCGTCTCTACTAAAAACACAAAAAATTATCAGGGCGTCATGGCAGATGCCTGTGATCCCTGTTACTTGGGAGGCTGAGGCAGAAGAATTGCTTGAACACGGGAGGCGGAGGATTCGGTGAGCCGAGATCATTACAGCACTCCAGTCTGAGTGACAGAGTGAGACTTCGTCTCAAAAGAAAACAGAAGAAGAAA","GGCCAGACACAGTGGCTCACGTCTGTAATCCCAGCACTTTGGGAGGCAGAGGCGGGTGGATCACAAGGTCAGGAGTTTGAGAGCAGCCTGGCCAACATAGTGAAACCCTGTCTCTACTAAAAATACAAAAAAATTAGCCAGGTGTGGTGGTGGGTGCCTGTAATCCCACCTACTCAGGAGGCTGAGGCTGAGGCTGAGGCTGAGGAGAATCGTTTGAATCTGGGAGGCAGAGGTGGCAGTGAGCCGAGATTGCGCTACTGCACTCCAGCCTGGGCGACAGTGTGAGACTCTGTCTCAAAAAAAAAAAAAAAAAA"
"chr1","11580578","11580871","chr14","38774640","38774953","69","27194062","GGGTGGGTGTGGTGGCTCATGCCTGTAATCTCTGCACTTTGGGAAATCAAGAAGGGCGAATTATGAGATCAAAAGTTTGAGACCAGACTGACCAACATGGTGAAACCCCACCTCTACTAAAAATACAAAAAATTAGCCGGGCGTGGTGGTGTGTGCCTGCAATCCCAGCTACTCAGAAGACTGAGGCAGGAGAATCGCTTGAACCTGGGAGGCGGAGGTTGCAGTGAGCCAAGATTGCGCCACTGCACTCCAACCTGGGTGACTGAGTGAGCAAAAAAAAAAAAAAAAAAAAAA","GGCCAGGTGTGGTGGCTCACACCTGTAATACTAGCACTTTGGGAGGCCAAGGCGGGTGGATCACGAGGTCAGGAGATCAAGACCAGCCTGGCCAACATGGTGAAACCCCATCTCTACTTAAAAAAAAAAAAAAAAAAAAAAAAATTAGCTGGGTATAGTGGCGTGCACCTGCAGTCTCAGCTACTCGGGAGGCTGAGGCAGGAGAATCACTTGAACCCGGGAGGTGGAGGTTGCAGTGAGCCAAGATCAGGCCACTGCACTCCAGCCTGGGTGACAGAGTGAGACCCTGTCTCAAAAAAAAAAAAAAAAAAAAA"
"chr1","11692677","11692985","chr3","13063317","13063638","52","1370640","GGCTGGGCACGATGGCTCAAGCCTGTAATCCCAGCACTTTGGGAGGCCGAGGCGGGTGGATCACGAGGTCAAGAGATCGAGACCATCCTGGTCAACATGGTGAAACCCCGTCTCTACTAAAAATACAAAAAATTAGCTGGGCATGGTGGCGCGTGCCTGTAATCCCAGCTACTCAGGAGGCTGAGGCAGGAGAATTGCCTGAACCCAGGAGGCGGAGGTTGCGGTGAGCCGAGATCCCGCCATTGCACTCCTGCCTGGGTAACAAGAGCGAAACTCCGTCTCAAAAAAAAAAAAAAAAAAAAAAAAAAA","GGCCGGGCACGATGGCTCACGCCTATAATCCCAGCACTTTGGGAGGCCAAGGTGGGCAGATCACGAGGTCAGGAGTTCGAGACCAGTCTGGCCAACATAGTGAAACCCTGTCTCTACTAAAAATACACAAAAAATTAGCCAGGTGTGGTGGCAGGTGCCTGTCATCCCAGCTACTCAGGTGGCTGAGGCAGGAGAATCGCGTGAACCCGGGAGGCGGAGGTTGCAGTGAGCCAAGATCGTGCCACTGCACTCCAGCCTGGGCAACAGAACGAGACTACATATCAAAAAAAAAAAAAAAAAAAAAAAAATCCCAAAAAACAAA"
"chr1","11704076","11704380","chr14","38774640","38774953","61","27070564","GGCCGGGCGCGGTGACTCATGCCTGTAATCCTAGCACTTTGGGAGGCCAAGGTGGGTGGATCACAAGGTCAAGATATCGAGACCATCCTGGTCAACATGGTGAAACCACGTCTCTCCTAAAGATACAAAAAATTGGCTGGGCATGGTGGCGTGTGCCTGTAATCCCAGCTACTTAGGAGGCTGAGGCAGGAGAATTGCCTGAACCCAGGAGGCAGAGGTTGCACTGAGCCAAGATCGTGCCATTGCACTCCAGCCTGGGTAACAAGAGCAAAACTCCGTCTCAAAAAAAAAAAAAAGAAAAGAAA","GGCCAGGTGTGGTGGCTCACACCTGTAATACTAGCACTTTGGGAGGCCAAGGCGGGTGGATCACGAGGTCAGGAGATCAAGACCAGCCTGGCCAACATGGTGAAACCCCATCTCTACTTAAAAAAAAAAAAAAAAAAAAAAAAATTAGCTGGGTATAGTGGCGTGCACCTGCAGTCTCAGCTACTCGGGAGGCTGAGGCAGGAGAATCACTTGAACCCGGGAGGTGGAGGTTGCAGTGAGCCAAGATCAGGCCACTGCACTCCAGCCTGGGTGACAGAGTGAGACCCTGTCTCAAAAAAAAAAAAAAAAAAAAA"
"chr1","11704818","11705107","chr3","18778695","18779003","74","7073877","GGCCAGGTGCAATGGCTCACGGCTGTAATCCCAGCACTGTGGGAGGCTGAGGCAGGTGGATCACGAGGTCAGGAGTTCAAGATCAGCCTGGCCAGCATAGTAAAACTCAGTGTCTACTAAAAATACAAAAAAAAAATCACCCAGGCATGGTGGTGGGCACCTGTAAATGCCAGCTACTTGGGAGGCTAAGGCAGGAGAACTGCTTGAACCCGGGAGGTGGAGGTTGCAGTAAGCAAAGATCATGCCATCGTACTCTAACCCTAGTGACAGAGTGAGACTCTGTCTCAAAA","GGCCAGGTGCAGTGGCTCACGCCTGCAATCCCAGCACTTTAGGAGGCCGAGGTGGGAAGATCACAAGGTCAGGAGTTCGAGACCAGCCTGACCAATATGGTGAAACCCCATCTCTACTAAAAATACAAAAAAAAAAAAAAAAAAAAAAAAAAAAGCTGGGTGTCGTGGTGGGCACCTGTAGTTCCAGCTACTAGGGAGGCTGAGGCAGGAGAATGGTTTGAACCTGAGAGATGGAGGTTACAGTGAGCCAAGATCGTGCCACTGCACTCCAGCCTGGGCAACAGAGTGAGACTCTGTCTCAAAAAAAAA"
"chr1","11754297","11754599","chr14","38774640","38774953","56","27020343","GGCCGGGCGCGGTGGCTCAAGCCTGTAATCCCAGCACTTTGGGAGGCTGAGACGGGTGGATCACGAGGTCAAGAGATCGAGACCATCCTGGTCAACATGGTGAAACCCCGTCTCTACTAAAAATACAAAAAATTAGCTGGGCATGGTGGCGTGTGCCTGTCATCCCAGCTACTCGGGAGGCTGAGGCAGGAGAATTGCCTGAACCCAGGAGGCGGAGGTTGTGGTGAGCCGTGATCACGCCATTGCACTCCAGCCTAGGTAACAAGAGCAAAACTCCGTCTCAAAAAAAAAAAAAAAAGAAAA","GGCCAGGTGTGGTGGCTCACACCTGTAATACTAGCACTTTGGGAGGCCAAGGCGGGTGGATCACGAGGTCAGGAGATCAAGACCAGCCTGGCCAACATGGTGAAACCCCATCTCTACTTAAAAAAAAAAAAAAAAAAAAAAAAATTAGCTGGGTATAGTGGCGTGCACCTGCAGTCTCAGCTACTCGGGAGGCTGAGGCAGGAGAATCACTTGAACCCGGGAGGTGGAGGTTGCAGTGAGCCAAGATCAGGCCACTGCACTCCAGCCTGGGTGACAGAGTGAGACCCTGTCTCAAAAAAAAAAAAAAAAAAAAA"
"chr1","11837860","11838152","chr18","15009231","15009552","62","3171371","GGCCAGGCACGGTGGCTCAAGCCTGTAATCCCAGCACTTTGGGAGGCCGAGGCGGGTGGATCACGAGGTCAAGATATCGAGACCATCCTGGTCAACATGGTGAAACCCCATCTCTACTAAAGATACAAAAAATTAGCTGGGCATGGTGGCGCATGCCTGTAATCCCAGCTACTCAGGAGGCTGAGGCAGGAGAATTACCTGAACCCAGGAGGCGGAGGTTGCGGTGAGCCGAGATCGCGCCATTGCACTCCAGCCTGGGTAACAAGAGCGAAACTCCATCTCAAAAAAAAAAA","GCCAGGCGTGGTGGCTCATGCCTGTAATCCCAGCACTTTGGGAGGCCGAGGCGGGCAGATCACGAGGTCAGGAGTTCGAGACCAGCCTGACCAATATGGTGAAACCCCATCTCCACTAAAAACACACACACACACACACACACACACACACAAAATTAGCTGGGCGTGGTGGCACGTGCCTGTAGTCCCAGCTACTCAGGAGGCTGAGGCAGGAGAATTGCTTGAACCCAGGAGGCAGAGGTTGCAATGAGCTGAGATTGCACCATTGCACTCCAGCCTGGGTGACAGAGCGAGACTCCATCTCAAAGAAAAAAAAAAAGAA"
"chr1","11925456","11925731","chr14","38774640","38774953","76","26849184","CTTTACTCCCAGCACTTTGGGAGGCCGAGGCGGGTGGATCATGATGTCAAGAGATCGAGACCATCCTGGTCAACATGGTGAAACCCCGTCTCTACTCAAAATATAAAAAATTAGCTGGGCATGGTGGCGCATGCCTGTAATCCCAGCTACTCGGGAGGCTGAGGCAGGAGAATTGCCTGAACCCAGGAGGCGGAGGTTGCGGTGAGCCGAGATCGCGCCATTGCACTCCAGCCTGGGTAACAAGAGCGAAACTCTGTCTCAAAAAAAAAAAGAAAA","GGCCAGGTGTGGTGGCTCACACCTGTAATACTAGCACTTTGGGAGGCCAAGGCGGGTGGATCACGAGGTCAGGAGATCAAGACCAGCCTGGCCAACATGGTGAAACCCCATCTCTACTTAAAAAAAAAAAAAAAAAAAAAAAAATTAGCTGGGTATAGTGGCGTGCACCTGCAGTCTCAGCTACTCGGGAGGCTGAGGCAGGAGAATCACTTGAACCCGGGAGGTGGAGGTTGCAGTGAGCCAAGATCAGGCCACTGCACTCCAGCCTGGGTGACAGAGTGAGACCCTGTCTCAAAAAAAAAAAAAAAAAAAAA"
"chr1","12029631","12029938","chr1","131937127","131937450","56","119907496","GGCCGGGCGCGGTGGCTCAAGCCTGTAATCCCAGCACTTTGGGAGGCCGAGGCGGGTGGATCACGAGGCCAAGAGATCGAGACCATCCTGGTCAACATGGTGAAACCCCGTCTCTACTCAAAATATAAAAAATTAGCTGGGCATGGTGGCGCGTGCCTGTACTCCCAGCTACTCAGGAGGCTGAGGCAGGAGAATTGCCTGAACCCAGGAGGCAGAGGTTGCGGTGAGCCGAGATCGCGCCATTGCACTCCAGCCTGGGTAACAAGAGCGAAACTCCGTCTCAAAAAAAAAAAAAAAAAAAAAAAAAA","GCCAGGTGCGGTGCCTCATGCCTGTAATCCCAGCACTTTGGGATGCCGAGGCGGGTGGATCACAAGGTCAGGAGTTCAAGACCAGCCTGGCCAACATAGTGAAACCCCGTCTCTACTAAACATACAAAAAATTAGCCGGGCGTGGTGGCAGGTGCCTGTAATCCCAGCTATTCAGGGAGGCTGAGGCAGGAGAATTGCTTGAACCTGGGAGGCGGAGGTTGCAGTGAGCCAAGATCGCACCACTGCACTCCAGCCCAGGTGACAATGCGAGACTCCATCTCAAATAAATACATAAATAAATAAATAAATAAACAAACAAACAAA"
"chr1","12055571","12055867","chr9","46299315","46299628","62","34243744","GGCCGGGCGCGGTGGCTCACGCCTGTAATCCCAGCACTTTGGGAGGCCGAAACGGGTGGATCACAAGGTCAAGAGATTGAGACCATCCAGGTCAGCATGGTGAAACCCCGTCTCTACTAAAAATACAAAAAATTAGCTGGGCATGGTGGCGCATGCCTGTAATCCCAGCTACTCGGGAGGCTGAGGCAGGAGAATTGCCTGAGCCCAGGAGGCGGAGGTTGCGGTGAGCCGAGATTGCGCCATTGCACTCCAGCCTGGGTAACAAGAGCGAAACTCCGTCTCAAAAAAAAAAAAAAA","GGCCAGACACAGTGGCTCACGTCTGTAATCCCAGCACTTTGGGAGGCAGAGGCGGGTGGATCACAAGGTCAGGAGTTTGAGAGCAGCCTGGCCAACATAGTGAAACCCTGTCTCTACTAAAAATACAAAAAAATTAGCCAGGTGTGGTGGTGGGTGCCTGTAATCCCACCTACTCAGGAGGCTGAGGCTGAGGCTGAGGCTGAGGAGAATCGTTTGAATCTGGGAGGCAGAGGTGGCAGTGAGCCGAGATTGCGCTACTGCACTCCAGCCTGGGCGACAGTGTGAGACTCTGTCTCAAAAAAAAAAAAAAAAAA"
"chr1","12145547","12145858","chr1","131937127","131937450","59","119791580","GGCTGGGTGTGGTAGCTCACACCTGTAATCCCAGCACTTTGGGAGGCCGAGGCGGGTGGATCACGAGGTCAAGAGCTCGAGACCATCCTTGTCAACATGGTGAAACCCCGTCTCTACTAAAAATACAAAAAATTAGCTGGGCATGGTGGCGCGTGCCTGTAATCCCAGTTACTCAGGAGGCTGAGGCAAAAGAATTGCCTGAACCCAGGAGGTGCAGGTTGTGGTGAGCCGAGATCGCGCCATTGCACTCCAGCCTGGGTAACAAGAGCGAAACTCCGTCTCAAAAAAAAAAAAAAAAAGAAAAAGAAAAAA","GCCAGGTGCGGTGCCTCATGCCTGTAATCCCAGCACTTTGGGATGCCGAGGCGGGTGGATCACAAGGTCAGGAGTTCAAGACCAGCCTGGCCAACATAGTGAAACCCCGTCTCTACTAAACATACAAAAAATTAGCCGGGCGTGGTGGCAGGTGCCTGTAATCCCAGCTATTCAGGGAGGCTGAGGCAGGAGAATTGCTTGAACCTGGGAGGCGGAGGTTGCAGTGAGCCAAGATCGCACCACTGCACTCCAGCCCAGGTGACAATGCGAGACTCCATCTCAAATAAATACATAAATAAATAAATAAATAAACAAACAAACAAA"
"chr1","12206527","12206819","chr18","15009231","15009552","64","2802704","GGGCGCAGTGCCTCAAGCCTATAATCCCAGCACTTTGGGAGGCCGAGGCGGGTGGATCACGAGGTCAAGATATCGAGACCATCCTGGTCAACATGGTGAAACCCTGTCTCTACTAAAGACACAAAAAATTAGCTGGGCATGGTGGCGCGTGCCTGTAATCCCAGCTACTCAGGAGGCTGAGGCAGGAGAATTGCCTGAACCCAGGAGGCCGAGGTTGCGGTGAGCCGAGATTGTGCCATTGCACTCCAGCCTGGGTAACAAGAGCGAAACTCCGTCTTAAAAGAAAAAAAGAA","GCCAGGCGTGGTGGCTCATGCCTGTAATCCCAGCACTTTGGGAGGCCGAGGCGGGCAGATCACGAGGTCAGGAGTTCGAGACCAGCCTGACCAATATGGTGAAACCCCATCTCCACTAAAAACACACACACACACACACACACACACACACAAAATTAGCTGGGCGTGGTGGCACGTGCCTGTAGTCCCAGCTACTCAGGAGGCTGAGGCAGGAGAATTGCTTGAACCCAGGAGGCAGAGGTTGCAATGAGCTGAGATTGCACCATTGCACTCCAGCCTGGGTGACAGAGCGAGACTCCATCTCAAAGAAAAAAAAAAAGAA"
"chr1","12217286","12217592","chr14","38774640","38774953","66","26557354","CCGGGTGCAGTGGCTCACGCAGGTAATCCCAGCACTTTGGGAAGCCGAGGCGGTGATCACCAGGTCAAGAGTTCAAGACCAGCCTGGCCAACATGGTGAAACTCCATCTCTACTAAAATACAAAAAATTAGCTGGGCATGGTGGTGTGCTCCTGTAGTCCCAGCTACTCGGGAGACTGAAGTAGGGGAATCACTTGAACCCTGGAGGTGGAGGTTGCAGTCAGTAAGCCGAGATTGCGCCGCTGCACTCCAGCATGGCGACAGAGAAAGACTCTGTCTCAAAAAAAAAAAAAAAAAAAAAAAAAAAA","GGCCAGGTGTGGTGGCTCACACCTGTAATACTAGCACTTTGGGAGGCCAAGGCGGGTGGATCACGAGGTCAGGAGATCAAGACCAGCCTGGCCAACATGGTGAAACCCCATCTCTACTTAAAAAAAAAAAAAAAAAAAAAAAAATTAGCTGGGTATAGTGGCGTGCACCTGCAGTCTCAGCTACTCGGGAGGCTGAGGCAGGAGAATCACTTGAACCCGGGAGGTGGAGGTTGCAGTGAGCCAAGATCAGGCCACTGCACTCCAGCCTGGGTGACAGAGTGAGACCCTGTCTCAAAAAAAAAAAAAAAAAAAAA"
"chr1","12249985","12250295","chr3","13063317","13063638","63","813332","GGCAGGGCACAGTGGCTTAGGTCTGTAGTCCCAACACTTTGGGAGGCCGAGGCAGGTGGATTACCTGGCTCAGGAGTTCGAGACCAGCCTGGCCAAATGGTGAAACCCTGTCTCTACGAAAAAACAGAAAATTAGCTGTGCATAGTAGCATGTGTCTGTAGTCCCAGCTGCTTGGGAGGCTGAGACAGGAGAATTGCTTGAACCCAGGAGGTGGAGGTTGCAGTGAGCCAATATTGTGCCACTGCACTCCAGCCCGGGCAACAGAGTAAGACTCCATCTCAAAAAAAAAAAAAAACAAAAAACCCAAAAAA","GGCCGGGCACGATGGCTCACGCCTATAATCCCAGCACTTTGGGAGGCCAAGGTGGGCAGATCACGAGGTCAGGAGTTCGAGACCAGTCTGGCCAACATAGTGAAACCCTGTCTCTACTAAAAATACACAAAAAATTAGCCAGGTGTGGTGGCAGGTGCCTGTCATCCCAGCTACTCAGGTGGCTGAGGCAGGAGAATCGCGTGAACCCGGGAGGCGGAGGTTGCAGTGAGCCAAGATCGTGCCACTGCACTCCAGCCTGGGCAACAGAACGAGACTACATATCAAAAAAAAAAAAAAAAAAAAAAAAATCCCAAAAAACAAA"
"chr1","12281740","12282048","chr1","131937127","131937450","54","119655387","GGCGGGGCGCGGTGGCTCATGCCTGTAATCCCAGCACTTTGGGAGGCCGAGGTGGGTGGATCACGAGGTCAAGAGATCGAGACCATCCTGGTCAACATGGTGAAACCCCGTCTCTACTAAAAGTACAAAAAATTAGCTGGGCATGGTGGCGCGTGCCTGTAATCCCAGCTACTCAGGAGGCTGAGGCAGGAGAATTGCCTGAACCCAGGAGGCGGAGGTTGCGGTGAGCCGAGATCGCGCCATTGCACTCCAGCCTGGGTAACAAGAGCGAAACTCTGTCTCAAAAAAAAATAAATAAATAAAATAAAA","GCCAGGTGCGGTGCCTCATGCCTGTAATCCCAGCACTTTGGGATGCCGAGGCGGGTGGATCACAAGGTCAGGAGTTCAAGACCAGCCTGGCCAACATAGTGAAACCCCGTCTCTACTAAACATACAAAAAATTAGCCGGGCGTGGTGGCAGGTGCCTGTAATCCCAGCTATTCAGGGAGGCTGAGGCAGGAGAATTGCTTGAACCTGGGAGGCGGAGGTTGCAGTGAGCCAAGATCGCACCACTGCACTCCAGCCCAGGTGACAATGCGAGACTCCATCTCAAATAAATACATAAATAAATAAATAAATAAACAAACAAACAAA"
"chr1","12313616","12313916","chr18","15009231","15009552","55","2695615","GGCCGGGCGTGGTGGCTCTTGCCTATAATCCCAGCACTTTGGGAGGCCGAGGCGGGTGGATCACGAGGTCAAGAGATCGAGACCATCCTGGTCAACATGGTGAAACCCCGTCTCTACTAAAAATACAAAAAATTAGCTGGGCATGGTGGCGCCTGCCTGTAATCCCAGCTACTCAGGAGGCTGAGGCAGGAGAATTGCCTGAACCCAGGAGGCGGAGGTTGCGGTGAGCTGAGATTGCGCCATTGCACTCCAGCCTGGGTAACAAGAGCAAAACTCCATCTCAAAAAAAAAAAAAAAAAAA","GCCAGGCGTGGTGGCTCATGCCTGTAATCCCAGCACTTTGGGAGGCCGAGGCGGGCAGATCACGAGGTCAGGAGTTCGAGACCAGCCTGACCAATATGGTGAAACCCCATCTCCACTAAAAACACACACACACACACACACACACACACACAAAATTAGCTGGGCGTGGTGGCACGTGCCTGTAGTCCCAGCTACTCAGGAGGCTGAGGCAGGAGAATTGCTTGAACCCAGGAGGCAGAGGTTGCAATGAGCTGAGATTGCACCATTGCACTCCAGCCTGGGTGACAGAGCGAGACTCCATCTCAAAGAAAAAAAAAAAGAA"
"chr1","12349345","12349651","chr1","131937127","131937450","59","119587782","GGCCGGGCGCGGTGGCTCAAGCCTGTAATCCCAGCACTTTGGGAGACCGAGGCGGGTGGATCACGAGGTCAAGAGATCGAGACCATCCTGGTCAACATGGTGAAACCCTGTCTCTACTAAAAATACAAAAAATTAGCTGGGCATGGTGGCGCGTGCCTGTAATCCCAGCTACTCGGGAGGCTGAGGCAGGAGAATTTCCTGAACCCAGGAGGCAGACGTTGTGGTGAGCCGAGATCGCGCCATTGCACTCCAGCCTGGGTAACAAGAGCAAAACTCCGTCTCAAAAAAAAAAAAAAAAAAAAAAAAA","GCCAGGTGCGGTGCCTCATGCCTGTAATCCCAGCACTTTGGGATGCCGAGGCGGGTGGATCACAAGGTCAGGAGTTCAAGACCAGCCTGGCCAACATAGTGAAACCCCGTCTCTACTAAACATACAAAAAATTAGCCGGGCGTGGTGGCAGGTGCCTGTAATCCCAGCTATTCAGGGAGGCTGAGGCAGGAGAATTGCTTGAACCTGGGAGGCGGAGGTTGCAGTGAGCCAAGATCGCACCACTGCACTCCAGCCCAGGTGACAATGCGAGACTCCATCTCAAATAAATACATAAATAAATAAATAAATAAACAAACAAACAAA"
"chr1","12372085","12372400","chr14","38774640","38774953","60","26402555","GGCCGGGAGCGGTGGCTCACGCCTGTAATCCAAGCACTTTGAGAAGCCAAGGCAGGCGGATCACAAGGTCAGGAGTTTGAGACCAGCCTAGCCAATATGGTGAAATCCCATCTCTACTAAAAATACAAAAAAAAAAAAAAAAAAAAGAATTAGCTGGACACGGTGGTGCATGCCTGTAATCGCAGCTACTTGGGAGGCTGAGTCAGGAGAATTGCTTAAAACCTGGGCAGCAGAGGTTGCAGTGAGCCAAGACACTCCAGTCCCACCTGGGTGATGGAGCGAGACTCTGTCTCGAAAAAAAAAAAAAAAAAAAAAA","GGCCAGGTGTGGTGGCTCACACCTGTAATACTAGCACTTTGGGAGGCCAAGGCGGGTGGATCACGAGGTCAGGAGATCAAGACCAGCCTGGCCAACATGGTGAAACCCCATCTCTACTTAAAAAAAAAAAAAAAAAAAAAAAAATTAGCTGGGTATAGTGGCGTGCACCTGCAGTCTCAGCTACTCGGGAGGCTGAGGCAGGAGAATCACTTGAACCCGGGAGGTGGAGGTTGCAGTGAGCCAAGATCAGGCCACTGCACTCCAGCCTGGGTGACAGAGTGAGACCCTGTCTCAAAAAAAAAAAAAAAAAAAAA"
"chr1","12382325","12382618","chr14","38774640","38774953","69","26392315","CTGGGCACAATGGCTCACACCTGTAATCCCAGCACTTTGGGAGGCAAAGGTGGGTGGATCACAAGGTCAGGAGTTCAAGACTACCCTGGCCAGCATGGTGAAACCCCATCTCTACTAAAAATACAAAAAATTAGCTGGGCATGGTGGTGTGCGCCCGTAATCCCGGCTACTTGGAAGGCTGATGCACAAGAATCACTTGAACCCAGGAGGCAGAGTTTGTAGTGAGCTGAGATCATGCCACCGCACACTCCAGCCTGGGTGATAGAGAAAGACTCTGTCTCAAAAAAAAAAAAA","GGCCAGGTGTGGTGGCTCACACCTGTAATACTAGCACTTTGGGAGGCCAAGGCGGGTGGATCACGAGGTCAGGAGATCAAGACCAGCCTGGCCAACATGGTGAAACCCCATCTCTACTTAAAAAAAAAAAAAAAAAAAAAAAAATTAGCTGGGTATAGTGGCGTGCACCTGCAGTCTCAGCTACTCGGGAGGCTGAGGCAGGAGAATCACTTGAACCCGGGAGGTGGAGGTTGCAGTGAGCCAAGATCAGGCCACTGCACTCCAGCCTGGGTGACAGAGTGAGACCCTGTCTCAAAAAAAAAAAAAAAAAAAAA"
"chr1","12409707","12410009","chr1","131937127","131937450","61","119527420","GCCAGTCGCGATGGCTCATGCCTGTAATCCCAGCCCTTTGGGAGGCCAAGGCGGGTGGATCACAAGGCCAAGAGATCGAGACCATCCTGGTCAACATGGTGAAACCCCGTCTCTACTAAAAATACAAAAAATTAGCTGGGCACGGTGGCGCATGCCTGTAATACCAGCTACTCAGGAGGCTGAGGCAGGAGAATTGCCTGAACCCAGGAGGCGGAGGTTGCGGTGAGCCGAGATCACGCCATTGCACTCCAGCCTGGGTAACAAGCGTGAAACTCCATCTCAAAAAACAAACAAACAAAAAAA","GCCAGGTGCGGTGCCTCATGCCTGTAATCCCAGCACTTTGGGATGCCGAGGCGGGTGGATCACAAGGTCAGGAGTTCAAGACCAGCCTGGCCAACATAGTGAAACCCCGTCTCTACTAAACATACAAAAAATTAGCCGGGCGTGGTGGCAGGTGCCTGTAATCCCAGCTATTCAGGGAGGCTGAGGCAGGAGAATTGCTTGAACCTGGGAGGCGGAGGTTGCAGTGAGCCAAGATCGCACCACTGCACTCCAGCCCAGGTGACAATGCGAGACTCCATCTCAAATAAATACATAAATAAATAAATAAATAAACAAACAAACAAA"
"chr1","12486124","12486417","chr18","15009231","15009552","71","2523107","GGCCGGGCGCGGTGGCTCAAGCCTATAATCCCAGCACTTTGGGAGGCCGAGGCGGGTGGATCACGAGGTCAAGAGATCGAGACCATCCTGGTCAACATGGTGAAACCCCGTCTCTACTAAAAATACAAAAAATTGGCTGGGATTACAGGGTGGTGCGTGCCTGTAATCCCAGCTACTCAGGAGGCTGAGGCAGGAGAATTGCCTGAACCCCGGAGGCGGAGGTAACGGTGAGCCGAGATTGCGCCATTGCACTCCAGCCTGGGTAATAAAAGCGAAACTCCGTCTCAAAAAAAA","GCCAGGCGTGGTGGCTCATGCCTGTAATCCCAGCACTTTGGGAGGCCGAGGCGGGCAGATCACGAGGTCAGGAGTTCGAGACCAGCCTGACCAATATGGTGAAACCCCATCTCCACTAAAAACACACACACACACACACACACACACACACAAAATTAGCTGGGCGTGGTGGCACGTGCCTGTAGTCCCAGCTACTCAGGAGGCTGAGGCAGGAGAATTGCTTGAACCCAGGAGGCAGAGGTTGCAATGAGCTGAGATTGCACCATTGCACTCCAGCCTGGGTGACAGAGCGAGACTCCATCTCAAAGAAAAAAAAAAAGAA"
"chr1","12489807","12490011","chr5","23483728","23483956","72","10993921","GTGAAGTCCCGACTCTACTAAAACTGCAAAAAACAAACAAACAAACAAAAATAGGCATGGCCCATGCCTTTAATTCCAGCTGCTTAGGAGGCTGAGGCAGGAGAATCGCTTGAACCCGAGAGGCGAGGGCTGCAGTGAGCAAAGATTGCACCACTGCACTCCAGCCTGGGAACAGAGTGAGACCCCTGTCTCAAAAAAAAAAAAA","ACCAGTCCAGGCAACATGGGAAAACCCCACCTCTCCTGAAAACAAACAAACAAACAAACAAACAAAAATAGCCGAGTATGGTGATGTGTGCCTGTAGTCCCAGCTATTCAGGAAGCTGAGGAGGGAGGGTCTCTTGAACCTGGGAGATAGAGCTTGCAGTGAGCTGAGATCACACCACTGTATTCTAGCCTGGGCAACAAAATGAGATCCAGTCAAAAAAAAAAAAAAA"
"chr1","12492441","12492738","chr14","38774640","38774953","61","26282199","GGCTGGGTGCGGTGGCTCAAGCCTGTAATCTCAGCACTTTGGGAGGCCAAGGCGAGTGGATCATGAGGTCAAGAGATCGAGACCATCCTGGTCAACATGGTGAAACCCCGTCTCTACTAAAAATACAAAAAATTAGCTGGGCATGGTGGCGCGTGCCTGTAATCCCAGCTACTCAGGAGGCTGAGGCAGAATTGCCTGAACCCAGGAGGCGGAGGTTGCAGTGAGCTGAGATTGTGCCATTGCACTCCAGCCTGGGTAACAAGAGCGAAACTCCATCTCAAAAAAAAAAAAAAAGAAA","GGCCAGGTGTGGTGGCTCACACCTGTAATACTAGCACTTTGGGAGGCCAAGGCGGGTGGATCACGAGGTCAGGAGATCAAGACCAGCCTGGCCAACATGGTGAAACCCCATCTCTACTTAAAAAAAAAAAAAAAAAAAAAAAAATTAGCTGGGTATAGTGGCGTGCACCTGCAGTCTCAGCTACTCGGGAGGCTGAGGCAGGAGAATCACTTGAACCCGGGAGGTGGAGGTTGCAGTGAGCCAAGATCAGGCCACTGCACTCCAGCCTGGGTGACAGAGTGAGACCCTGTCTCAAAAAAAAAAAAAAAAAAAAA"
"chr1","12507916","12508208","chr18","43221019","43221313","66","30713103","GGCCGGGCGCTGTGGCTCACGCCTCTAATCCCAGCACTTTGGGAGGCCGAGGTGGGTGGATCACGAGGTCAAGAGATCGAGACCATCCTGGTCAACATGGTGAAACCCCCGTCTCTACTAAAAATACAAAAAATTAGCTGGGCACGGTGGCGCGTGCCTGTAATCCCAGCTACTCAGGAGGCTGAGGCAGGAGAATTGCCTGAACCCAGGAGGCGGAGGTTGCGGTGAACCGAGATCGCGCCATTGCACTCCAGCCTGGGTAACAAGAGTGAAACTCCGTCTCAAAAAAAAAA","GGCCGGGCATGGTGGCTCACACCTATAATGCCAGCACTTTGGGAGGCCAAGGCGGGAGGTCAGGAGTTCAAGACTAGCCTGGCCAACATGGTGAAACTAAAAATATAAAAATATAAAAATATAAAAATATAAAAATCTGCTGGGCATGGTGGTGCGCGCCTGTAGTCCCAGCTACTCAGGAGGCTGAGGCAGGAGAATCGCTTGAACCCGGGAGGGCAGGGGTTGCAGTGAGCTGAGATCGCACTACTGCACTCCATCCTGGGCGACAGAGTGAGACTCCATCTCAAAAAAAAAA"
"chr1","12539036","12539334","chr18","15009231","15009552","61","2470195","GGCCGGGCGCGGTGTCTCAAGCCTGTAATCCCAGCACTTTGGGAGGCCGAGGCGGGTGGATCACGAGGTCAACAGATCGAGACCATCCTGGTCAACATGGTGAAACCCCGTCTCTACTAAGAATTACAAAAAATTAGCTGGGCACGGTGGCGCGTGCCTGTAATCCCGGCTACTCAGGAGGCTGAGGCAGGAGAATTGCCTGAACCCAGGAGGCGGAGGTTGCGGTGAGCCGAGATCGCGCCATTGCACTCCAGCCTGGGTAACAAGAGCAAAACTCCGTCTCAAAAAAAAAAAAAGAA","GCCAGGCGTGGTGGCTCATGCCTGTAATCCCAGCACTTTGGGAGGCCGAGGCGGGCAGATCACGAGGTCAGGAGTTCGAGACCAGCCTGACCAATATGGTGAAACCCCATCTCCACTAAAAACACACACACACACACACACACACACACACAAAATTAGCTGGGCGTGGTGGCACGTGCCTGTAGTCCCAGCTACTCAGGAGGCTGAGGCAGGAGAATTGCTTGAACCCAGGAGGCAGAGGTTGCAATGAGCTGAGATTGCACCATTGCACTCCAGCCTGGGTGACAGAGCGAGACTCCATCTCAAAGAAAAAAAAAAAGAA"
"chr1","12643444","12643743","chr9","46299315","46299628","60","33655871","GGCCGGGCACAGTGGCTCATGCCTGTAATCCCAGCACTTTGGGAGGCCAAGGTGGGTGGATCACGAGGTCAAGAGATCGAGAACATCTTGGTCAACATGGTGAAACCCCGTCTCTACTAAAAATACAAAAAATTAGCTGGGCACGGTGGCGCGTGCCTGTAATCCCAGCTACTCAGGAGGCTGAGGCAGGAGAATTGCCTGAACCCAGGAGGCAGAGGTTGTGGTGAGCCGAGATCGCACCATTGCACTCCAGCCTGGGTAACAAGAGTGAAACTCCATCTCAAAAAAAAAAAAAAAAAA","GGCCAGACACAGTGGCTCACGTCTGTAATCCCAGCACTTTGGGAGGCAGAGGCGGGTGGATCACAAGGTCAGGAGTTTGAGAGCAGCCTGGCCAACATAGTGAAACCCTGTCTCTACTAAAAATACAAAAAAATTAGCCAGGTGTGGTGGTGGGTGCCTGTAATCCCACCTACTCAGGAGGCTGAGGCTGAGGCTGAGGCTGAGGAGAATCGTTTGAATCTGGGAGGCAGAGGTGGCAGTGAGCCGAGATTGCGCTACTGCACTCCAGCCTGGGCGACAGTGTGAGACTCTGTCTCAAAAAAAAAAAAAAAAAA"
"chr1","12660319","12660589","chr16_NW_019937290v1_random","735974","736277","76","11924345","CGCCTGTAATCCCAGCACTTTGGGAGGCCAAGGTGGGTGGATCACAAGGTCAAGAGATCGAGACCATCCTGGTCAACATGGTGAAACCCCGTCTCTACTATAAATAACAAAAAATGAGCTGGGCATGGTGGCGCGTGCCTGTAATCCCAGCTACTCAGGAGGCTGAGGCAGGAGAATTGCCTGAGCCCAGGAGGCGGAGGTTGCGGTGAGCCGAGATCGCGCCATTGCACTCCAGCCTGGGTAATGAGTGAAACTCCGTCTCAAAAAAAAA","CTGGGTGTGGTGCCTCACACCTGTAATCCGAGCACTTTGAGAGGCTGAGGTGGGTGGATCACAAGGTCAGGAGTTCGAGACCAGCCTGACTAACATGGTGAAACCCCTTCTCTACTAAAAAAAAAAAAAAAAAAAAAAAAATTGGCCAGGCCTGGTGGTGTGTGCCTATAGCCCCAGCTACTCAGGGGGGTGAGGCAGGAGAATTGCCTGAACCTGGGAGGTGGAGGTTGCAGTGAGCTGAGGTCGTGCCACTGCACTCCAGCCTGGACGACAATGCGAGACTCCATCTCAAAAAAAAAAAAAA"
"chr1","12703554","12703855","chr22","7510099","7510400","62","5193455","GGCCGGGCACGGTGGCTCACGCCTGTAATCCCAGCACTTTGGGAGGCTGAGGCGGGTGGATCAGGAGGTCAAGAGATTGAGCCCATCCTGGTCAACATGGTGAAACCCTGCCTCTACTAAAAATACAAAAAATTAGCTGGGCATGGTGGCGCGTGCCTGTAATCCCAGCTACTCAGGAGGCTGAGGCAGGAGAATTGCCTGAACCCAGGAGGCGGAGGTTGTGGTAAGCTGAGATCGCGCCATTGCCCTCCAGCCTGGGTAACAAGAGCAAAACTCCGTCTCAAAAAAAAAAAAAAAAAAAA","GGCGGGTCACGGTGGCTCACGCCTGTAATCCCAGCACTTTGGGAGAGCGAGGCAGGCAGATCACGAGGTCAACATAGTGAAACTCTGTCTCCTAAATATACAAAAATACAAAATATACTAAAAATACAAAAATTAGCTGGGCATGGCGATGCGTGCCTGTAGTCCCAGGTACGCGGGAGGCTGAGGCAAGAGAATCGCTTGAACCCAGGAGGCAGAAGTTGTGAGCTGAGCATCGCACCACTGCACTCCAGCCTGGGCAACAGAGCGAGACTCTGTCTCAAGAAAAACGAAAAGAAAAGAAA"
"chr1","12759192","12759495","chr9","46299315","46299628","69","33540123","GCTAGGCACGGTGGCTCGCGTCTGTAATCCCAGCACTTTGGGAGGCCGAAGTGGGTGGATCCACGAGGTCAGGAGATCAAGACCATCTGGGCCAACATGGTAAAACACCATCTCTACTAAAAATACATAAAAATTAGCTGGGCCTGGTGGTGCATGCCTGAAGTCCCAGCTACTCGGGAGGCTGAGGCAGGAGAATAGGAGAATTGCTTGAACCCAGGAGGTGGAGATTGCAGTGAGCCAAGATCACGCCATTGTACCACAGTCTGGGCAACAGTGCAAGACTCCATCTCAAAAAAAAAAAGAA","GGCCAGACACAGTGGCTCACGTCTGTAATCCCAGCACTTTGGGAGGCAGAGGCGGGTGGATCACAAGGTCAGGAGTTTGAGAGCAGCCTGGCCAACATAGTGAAACCCTGTCTCTACTAAAAATACAAAAAAATTAGCCAGGTGTGGTGGTGGGTGCCTGTAATCCCACCTACTCAGGAGGCTGAGGCTGAGGCTGAGGCTGAGGAGAATCGTTTGAATCTGGGAGGCAGAGGTGGCAGTGAGCCGAGATTGCGCTACTGCACTCCAGCCTGGGCGACAGTGTGAGACTCTGTCTCAAAAAAAAAAAAAAAAAA"
"chr1","12822513","12822819","chr3","13063317","13063638","63","240804","GGCTGGGCACAGTGGATCACGCCTGTAATCCCAGCACTTTGGGAGGCCGAGGTGGGCGGATCACGAGGTCAGGAGTTCCAGACCATCCAGGTCAACATGGTGAAAAACCGTCTCTACTAAAAATCCAAAAAAATTAACTGGGTGTGGCGGCGCATGCCTGTCGTCCCAGGTACACAGGAGGCTGAGGCAGGAGAATTGCTTGAACCCAGGAGGCAGAGATTGCAGGGAGCCAAGATCGCACCACCGCACTACAGCCTGGGCCACAGTGCGAGACTCTGTCTCAAATACAAAACAAAACAAAACAAAA","GGCCGGGCACGATGGCTCACGCCTATAATCCCAGCACTTTGGGAGGCCAAGGTGGGCAGATCACGAGGTCAGGAGTTCGAGACCAGTCTGGCCAACATAGTGAAACCCTGTCTCTACTAAAAATACACAAAAAATTAGCCAGGTGTGGTGGCAGGTGCCTGTCATCCCAGCTACTCAGGTGGCTGAGGCAGGAGAATCGCGTGAACCCGGGAGGCGGAGGTTGCAGTGAGCCAAGATCGTGCCACTGCACTCCAGCCTGGGCAACAGAACGAGACTACATATCAAAAAAAAAAAAAAAAAAAAAAAAATCCCAAAAAACAAA"
"chr1","12883449","12883754","chr1","131937127","131937450","61","119053678","GGCCGGGCGCGGTGGCTCACGCCTGTAATCCCAGCACTTTGGGAGGCCGAGACGGGTGGATCACGAGGTCAAGAGATTGAGACCATCCAGGTCAACATGGTGAAACCCCGTCTCTACCAAAAATACAAAAAATTAGCTGGGCAGGGTGGCGCGTGCCTGTAATCCCAGCTACTCGGGAGGCTGAGGCAGGAGAATTGCCTGAGCCCAGGAGGCGGAGGTTGCGGTGAGCGGAGATTGCGCCATTGCACTCCAGCCTGGGTAACAAGAGCGAAACTCCGTCTCAAAAATAAATAAATAAATAAATAA","GCCAGGTGCGGTGCCTCATGCCTGTAATCCCAGCACTTTGGGATGCCGAGGCGGGTGGATCACAAGGTCAGGAGTTCAAGACCAGCCTGGCCAACATAGTGAAACCCCGTCTCTACTAAACATACAAAAAATTAGCCGGGCGTGGTGGCAGGTGCCTGTAATCCCAGCTATTCAGGGAGGCTGAGGCAGGAGAATTGCTTGAACCTGGGAGGCGGAGGTTGCAGTGAGCCAAGATCGCACCACTGCACTCCAGCCCAGGTGACAATGCGAGACTCCATCTCAAATAAATACATAAATAAATAAATAAATAAACAAACAAACAAA"
"chr1","12894567","12894857","chr18","43221019","43221313","63","30326452","GGCTGGGCGCGGTGGCTCACACCTGTAATCCCAGCACTTTGGGAGGCCGAGGCGGGTGGATCACGAGGTCAAGAGATCGAGACTATCCTGGTCAACATGGTGAAACCCCATCTCTACTAAAAATACAGAAAATTAGCTGGGCATGGTGGCGCGTGCCTGTAATCCCAGCTACTCAGGAGGCTGAGGCAGGAGAATTGCCTGAACCCAGGAGGCGGAGGTTGCGGTGAGCCGAGATCGCACCATTGCACTCCAGCCTGGGTAACAGGAGCGAAACTCCGTCTCAAAAAAAAA","GGCCGGGCATGGTGGCTCACACCTATAATGCCAGCACTTTGGGAGGCCAAGGCGGGAGGTCAGGAGTTCAAGACTAGCCTGGCCAACATGGTGAAACTAAAAATATAAAAATATAAAAATATAAAAATATAAAAATCTGCTGGGCATGGTGGTGCGCGCCTGTAGTCCCAGCTACTCAGGAGGCTGAGGCAGGAGAATCGCTTGAACCCGGGAGGGCAGGGGTTGCAGTGAGCTGAGATCGCACTACTGCACTCCATCCTGGGCGACAGAGTGAGACTCCATCTCAAAAAAAAAA"
"chr1","12904479","12904767","chr18","15009231","15009552","68","2104752","GGCCGGGCGTGGTGACTCATGCCTGTAATCCCAGCACTTTGGGAGGCCGAGGCAGGTGGATCACGAGGTCAAGAGATCGAGACCATCCTGGTCAACATGGTGAAACCCCGTCTCTACTAAAAATACAAAAAATTAGCTGGGCATGGTGGTGCGTGCCTGTAATCCCAGCTACTCAGGAGACTGAGGCAGACTTGCCTGAACCCAGGAGGCAGAGGTTGCAGTGAGCCGAGATCCTGCCATTGCACTCCAGCCTGGGTAACAAGAGCAAAACTCGTCTCAAAAAAAAAAA","GCCAGGCGTGGTGGCTCATGCCTGTAATCCCAGCACTTTGGGAGGCCGAGGCGGGCAGATCACGAGGTCAGGAGTTCGAGACCAGCCTGACCAATATGGTGAAACCCCATCTCCACTAAAAACACACACACACACACACACACACACACACAAAATTAGCTGGGCGTGGTGGCACGTGCCTGTAGTCCCAGCTACTCAGGAGGCTGAGGCAGGAGAATTGCTTGAACCCAGGAGGCAGAGGTTGCAATGAGCTGAGATTGCACCATTGCACTCCAGCCTGGGTGACAGAGCGAGACTCCATCTCAAAGAAAAAAAAAAAGAA"
"chr1","12907644","12907951","chr3","13063317","13063638","56","155673","GGCCGGGCGCGGTGGCTCACGCCTGTAATCCCAGCACTTTGGGAGGCCGAGGCAGGTGGATCACGAGGTCAAGAGATCGAGACCATCTTGGTCAACATGGTGAAACCCCGTCTCTACTAAAAAATACAAAAAATTAGCTGGGCATGGTGGTGCGTGCCTGTAATCCCAGCTACTCGGGAGGCTGAGGCAGGAGAATTGCCTGAACCCAGGAGGAGGAGGTCGCGGTGAGCCGAGATCGTGCCATTGCACTCCAGCCTGGGTAACGAGAGCGAAACTCCATCTCAAAAAAACAAAAAACAAAAAACAAA","GGCCGGGCACGATGGCTCACGCCTATAATCCCAGCACTTTGGGAGGCCAAGGTGGGCAGATCACGAGGTCAGGAGTTCGAGACCAGTCTGGCCAACATAGTGAAACCCTGTCTCTACTAAAAATACACAAAAAATTAGCCAGGTGTGGTGGCAGGTGCCTGTCATCCCAGCTACTCAGGTGGCTGAGGCAGGAGAATCGCGTGAACCCGGGAGGCGGAGGTTGCAGTGAGCCAAGATCGTGCCACTGCACTCCAGCCTGGGCAACAGAACGAGACTACATATCAAAAAAAAAAAAAAAAAAAAAAAAATCCCAAAAAACAAA"
"chr1","12927581","12927891","chr1","131937127","131937450","59","119009546","GGCTGGGCGTGGTGGCTCACGCCTGTAATCCCAGCACTTTGGGAGGCCGAGGCAGGTGGATCACGAGGTCAAGAGATTGAGACCATCCTGGTCAACATGGTGAAACCCCGTCTCTACTAAAAATACAAAAAATTAGCTGGGCACGGTGGCGCACGCCTGTAATCCCAGCTACTCAGGAGGCTGAGGCAGGAGAATTGCCTGAACCCAGGAGGCAGAGGTTGCAGTGAGCCGAGGTCGCGCCATTGCACTCCAGCCTGGGTAACAAGAGCGAAACTCCGTCTCAAAAAACAAAAAAAGAAAAAGAAAAAGAA","GCCAGGTGCGGTGCCTCATGCCTGTAATCCCAGCACTTTGGGATGCCGAGGCGGGTGGATCACAAGGTCAGGAGTTCAAGACCAGCCTGGCCAACATAGTGAAACCCCGTCTCTACTAAACATACAAAAAATTAGCCGGGCGTGGTGGCAGGTGCCTGTAATCCCAGCTATTCAGGGAGGCTGAGGCAGGAGAATTGCTTGAACCTGGGAGGCGGAGGTTGCAGTGAGCCAAGATCGCACCACTGCACTCCAGCCCAGGTGACAATGCGAGACTCCATCTCAAATAAATACATAAATAAATAAATAAATAAACAAACAAACAAA"
"chr1","12930118","12930284","chr9","80176817","80177026","65","67246699","GTGGTGGTGCGTGACTGTAGTCCCAGCTACTCAGGAGGCTGAGGCAGGAGAATTGCTTGAACCCAGGAGGCATAGGTTACAGTAAGCTGAGATGGCATCACTGCACTCCAGCCTGGGTGACGGAGCAAGACTCTGTCAAAAAAAGAAAAAAAGGAAAGGAAAGGAAA","AAAATTAGCTGGGTGTGGTGGCGTGTGCCTGTAGTCTCAGCTACTCGAGAGGCTGAGGTAGGAGAATTGCATGAACCTGGGAGGTGGAGGTTGCAGTGAGCTGAGATCGCACCACTGCACTCCAGCCTGGGTGACACAGCAAGACTCCATCTCCAAAATAATAATAATAATAATAGTAATAATAATTAAGAATATAAGAATAAAAAAGAA"
"chr1","12988651","12988960","chr5","162410049","162410372","61","149421398","GGCTGGGCATGGTGGCTCATACCTGTAATCCCAGCACTTTGGGAGGCCGAGGTCAGCAGATCACGAGATCAGGAGTTCAAGACCAGCCTGTCCAATATAGTGAAACCTCATTTCTACTAAAAAAATATAAAAATTAGCTGGGTGTGGTGGCCCACACCTATAGTCCCAGCTACTTGGGAGGCTGAGGCAGGAGAATCGCTTGAACCTGGAAGGCAGAGGTTGCAATGAGCTGAGATTGCACCACTGCACTCCAGCCTAGTGACAGAGTAAGACTCCATCTCAAAAAAATTTAAAAATTTAAAAAAAAAAA","GCTGGGCATGGTGGCTCACGCCTGTAATCCCAGCACTTTGGGAGGCCGAGGCGGGCGGATCAGGAGATCAGGAGTTCAGGACCAGCCTGGCCAATATAGTGAAACCCTGTCTCCACTAAAAATACAAAAAATTAGCCGGGTGTGGTGGCATGTGCCTATAATCCCAGCTACTCAGGAGCCTGAGGCAGGAGAATCACTTGAACCCAGGAGGCAGAGATTGCAGTGAGTTGAGACCACGCCATTGCATTCCAGCCTGGGTGACAGAGTGAGGCTCCATCTCAAATAATAATAATAATAATAATAATAATAATAAGTAAAAAAGAA"
"chr1","13068944","13069251","chr17","42462467","42462792","66","29393523","GGCTGGGCGCAGTGGCTCACGCCTGTAATCCCAGCACTTTGGGAGGCTGAGGCAGGTGAATTGCCTGAGCTCAGGAGTTCGAGACCAGCCTGGGCAACATGGTGAAACCCTGTCTCTACTAAAAATAGAAAAAATTAGCTGGGCGAGGTGGCGTGCACCTGTAGTCTCAGTTACCTGGAAGGCTGAGGCAGGAGAATCGCTTGAACCCGTGAGGGAGAGGTTGCAGAGAGCCAGGGTCGCACCACTGCACTCCAGCCTGGACAACAGAGTAACTCTGGTTTAAAACAAAACAAAACAGACAAACAAAA","GGCTGGGTGCGGTGGCTCACTCCTGTAATCCTAGCACTTTGGGAGGCTGAGGCAGGTGGATTGCCGGAGCTCAGGAGTTCGAGACCAGCCTGGGCAACTCGATGAAACCCCGTCTCTACTAAAATACAAAAAATTAGCTGGGTGTGGTGGCATGCGCCTATAATCCCAGCTACTCAGGAGGCTGAGACAGGAGAATCGCTTGAACCTGGGAAGCAGATGTTGCAGTGAGCCGAGATCACACCATTGCACTCCAGTCTTGGTGACAGAGCAAGACTCCATCTCAAAAAATAAATAAATAAATAAATAAATAAATACTAAAAAAAAAA"
"chr1","13085149","13085474","chr11","3327883","3328212","68","9757266","GGCTGGGTGTGTGGCTCATGCCTGTAATCCCAGCACTTTGGGAGGCAGGTAGATTGCATGAGGTCAAAAATTAGAGACCAGCCTGGCCAACATGGCGAAAGCCTCTCTCTACTAAAAATACAAAAAAAATTAACCTTGTCTCTACTAAAAATACAAAATAAATACAGGCGTTGTGGCGAGTGCCTGTAGTCTCAGCTACTCAGGAGGCTGAGGCAAGAGAATAGCTTGAACCTGGGAGGCAGAGGCTGCAGTGAGCCAAGATCACCCCACTGCACTCCACTCTGGGCAACAGAGTGAGATTCCATCTCAAAAAAAAAAAAAAAGAA","GCCAGGTGCGGTGGCTCATGCCTGTAATCCCAGCACTTTGAGAGGCCGAGGCAGGTGGATCATGAGGTCAGGGGTTCAAGACCGGCCTGGCCAACATGGTGAAACACCCCTCTCTACTAAAAAAGAAAAAAATACAAATACAAATACAAAATACAAATACAAAAATCAGCTGGGTGTGGTGGCGCGTGCCTGTAATCCCAGCTTCTCATGAGGCTGAGGCAGGAGAATTGCTTGAACCCGGGAGGCAGAGGCTGCAGTGAGCCAAGATCATGCCACTGTACTCCAGCTTGGGCAACAGAGCAAGACTCCTCTCAAAAATAAATAAATAAA"
"chr1","13088711","13089005","chr9","46299315","46299628","65","33210604","GGCTGGGCACAGTTGCTCACACCTGTAATCCCAGCACTTTGGGAGGCCCAGGCAGGCAGATCACTTGAGGTCAGGAGTTGGAGACCAGCCTGGCCAACATGGTGAAACCCTGTCTGTATTAAAAATACAAAAAATTAGCTGGGTATGGTAACGCACGCCTGTAGTCCCAGCTACTCAGGAGGCTGAGGCACAATAGCTTTAGCCTGGGAGGCAGAGGTTGCGGTGAGCCAAGATCATGCCACTGCACTCCAGCCTGGGTGACAGGGTGAGACTCGGTCTCAAAAAAAGAAAAAAA","GGCCAGACACAGTGGCTCACGTCTGTAATCCCAGCACTTTGGGAGGCAGAGGCGGGTGGATCACAAGGTCAGGAGTTTGAGAGCAGCCTGGCCAACATAGTGAAACCCTGTCTCTACTAAAAATACAAAAAAATTAGCCAGGTGTGGTGGTGGGTGCCTGTAATCCCACCTACTCAGGAGGCTGAGGCTGAGGCTGAGGCTGAGGAGAATCGTTTGAATCTGGGAGGCAGAGGTGGCAGTGAGCCGAGATTGCGCTACTGCACTCCAGCCTGGGCGACAGTGTGAGACTCTGTCTCAAAAAAAAAAAAAAAAAA"
"chr1","13094466","13094585","chr1","87033573","87033696","63","73939107","GCTGGGCGTAGTGGCAGGTGCCTGTAATCTCATCACTTTGGGAGGCTGAGGCAGGCAGATCAGGAGTTTGAGACCAGCCTGGCCAACATGGTGAAATCTGTCTCTACTAAAAATACAAAA","CGGGAGACGAAGGTTGCAGTGAGTCGAGATTGTACCACTGCACTCTAGCCTGGGCGACAGCGAGACTCCGTCTCAAAAAAAAAATAAATAAATACATAAATAAATAAATAAAAATAAAATAAAA"
"chr1","13126928","13127228","chr14","38774640","38774953","60","25647712","GGCCAGGCGCGGTGGCTCAAGCCTGTAATCCCAGCACTTTGGGAGGCCGAGACGGGTGGATCACGAGGTTAAGAGATCGAGACCATTCTGGTCAACATGGTGAAACCCCGTCTCTACTAAAAATACAAAAAATTAGCTGGGCATGGTGGCGCGTGCCTGTAATCCCAGCTACTCGGGAGGTTGAGGCAGGAGAACTGCCTGAACCCAGGAGGCGGAGGATGCGGTGAGCCGAGATCGCGCCATTGCACTCCAGCCTGGGTAACAAGAGCGAAACTCCGTCTCAAAAAAAACCAAAAAAAAA","GGCCAGGTGTGGTGGCTCACACCTGTAATACTAGCACTTTGGGAGGCCAAGGCGGGTGGATCACGAGGTCAGGAGATCAAGACCAGCCTGGCCAACATGGTGAAACCCCATCTCTACTTAAAAAAAAAAAAAAAAAAAAAAAAATTAGCTGGGTATAGTGGCGTGCACCTGCAGTCTCAGCTACTCGGGAGGCTGAGGCAGGAGAATCACTTGAACCCGGGAGGTGGAGGTTGCAGTGAGCCAAGATCAGGCCACTGCACTCCAGCCTGGGTGACAGAGTGAGACCCTGTCTCAAAAAAAAAAAAAAAAAAAAA"
"chr1","13171079","13171379","chr2B","57345825","57346153","81","44174746","GGTCAGGCACAGTGACTCATGCCTGTAATTCTAGCACTTTGAGAGGCCAAGGTGGGTGAATCATTTGAGGGCATGAGTTCAAGACCAGCTTGGCCAACATGGCAAAAGCCTATCTCTACTAAAAATACAAAAAATTGGCCAGGCATGGTTGTGTGTGCCTGTAGAACTCGCTATTCGGGAGGCTGAGGCAGGAGAAATGCTTGAACCTGGGACAGGGAGGTTGTAGTGAGCTGTGATTATACCACTAGACAACAGAGTGAGACTCCACCTTAAAAAAAAAAGGAAAAAATAAAAAAGGAAA","GGTCAGGCACAGTGGCTCACACCTGTAATCCCAGCACTTTGAGAGGCCAAGGTGGGCAGATCACAAGATCAGGAGTTCAAGACCAGCCTGGCCAACATAATGAAACCCCATCTCTACTAAAAATACAAAAAATTAGCCAGGCATGGTGGTGGGTGCGTGTAATCCCAGCTACTCGGGAGGCTGAGGCAGGAGAATGGCTTGAACCCAGGAGGCGGAGGTTGCAGTGAGTGGAGATCACGCCACTGCACTCCAGCCTGGGTGACAGAGCGAGACTCCGTCTCAAAAATAAATAAATAAATAAATAAATAAAATAAAAAAGAAAAGAAAAA"
"chr1","13202499","13202795","chr14","38774640","38774953","63","25572141","CCAGGAGTGGTGGCTCACGCCTGTAATCCCAGCACTTTGGGAGGCCAAGGCGGGTGGATCACGAAGTCAGGAGTTTCACACCCGCCTGGCCAACATGGTGAAACCACATATCTACTAAAAATACAAAATTAGCCGGGTGTGGTGGCAGGCGCCTGTAGTCCCAGCTACTTGGGAGGCTGAGATGGGAGAATCACCTGAACCCGGGAGGTGGAGGTTGCTGTAAGCCAAGACTGAACTATTGTACTCCAGCCTGGGCTACAGAGTGTGCCTCCGTCTCAAAGAAAAGAAAAGAGAAAA","GGCCAGGTGTGGTGGCTCACACCTGTAATACTAGCACTTTGGGAGGCCAAGGCGGGTGGATCACGAGGTCAGGAGATCAAGACCAGCCTGGCCAACATGGTGAAACCCCATCTCTACTTAAAAAAAAAAAAAAAAAAAAAAAAATTAGCTGGGTATAGTGGCGTGCACCTGCAGTCTCAGCTACTCGGGAGGCTGAGGCAGGAGAATCACTTGAACCCGGGAGGTGGAGGTTGCAGTGAGCCAAGATCAGGCCACTGCACTCCAGCCTGGGTGACAGAGTGAGACCCTGTCTCAAAAAAAAAAAAAAAAAAAAA"
"chr1","13308117","13308414","chr4","160578223","160578549","71","147270106","GGATCACACCTGTAATCCCAGCACTTTGGGAGGCTGAGGTAGGTGGATCACGAGGTCGGGAGTTTGAGACCAGCCTGGCCAACAGAGTGAAACCCTGTCTCTACTAAAAGTACAAAAAACTAACTAAACATGGTGGTGGGCACCTGTAATCACAGCTACTTGGGAGGCTGAGGCAGGAGAATCGCTTGAACTCAGGCGGCAGAGGTTGCAGTGAGCCGAGATGGATCTAAAGTACTCCAGCCCGGGCGACAGTGTGAGACTCCATCTCAAAAAAAAAAAAAAAAAAAAAAAAAAAAAA","GCCAGCCACGGTGGCTCACACCTGTAATCCCAGCACTTTGGGAGGCTGAGGCAGGCGAATCACGAGGTCAGGAGTTCCAGACCAGCCTGGCCAACATGGTGAAACCCTGTCTCTACTAAAAATACAAAAAATTAGTTGGGCGTGGTGGCAGGCACCTGTAATCCCATCTACTTGGGAGGCTGAGGCAGGAGAATCTCTTGAACCTGGGTGGCAGAGGTTGCAATGAGCAGAGATCACGCCACTGTGTTCCAGCTCTGGCGACAGACTGAGACCCTGCCCCAAAAATCAAAACAAAACAAAACAAAACAAAAAAGAGAGAAAAATAAA"
"chr1","13327210","13327546","chr9","46299315","46299628","87","32972105","GGATGTGGTGGCTCACGCCTGTAACCCAGCCCTTTGAGAGGCCTAGGCAGCAAGATCAGGTGGTCAGGAGTTCGAGACCAGCCTGGACAACATGGTGACACACTGTCTCTACTAAAGATACAAAAAACATTAGTCGGGTGTGGTGGCACACGCCTGTAATCCCAGCTACTTGGGAGGCTGAGGCGGGAGAATCACTTGAGACAATCTTTGATAAAGGAGCAGAATGTTGACAGGTGGAGGTATGGGGGAGGCGGAGGTTGCAGTGAGCCGAGATTGTGCCATTGTACTCCAGCCTGGGTGACAGGGCAAGACTCCATCTCAAAAAAAAAAAAAAAAA","GGCCAGACACAGTGGCTCACGTCTGTAATCCCAGCACTTTGGGAGGCAGAGGCGGGTGGATCACAAGGTCAGGAGTTTGAGAGCAGCCTGGCCAACATAGTGAAACCCTGTCTCTACTAAAAATACAAAAAAATTAGCCAGGTGTGGTGGTGGGTGCCTGTAATCCCACCTACTCAGGAGGCTGAGGCTGAGGCTGAGGCTGAGGAGAATCGTTTGAATCTGGGAGGCAGAGGTGGCAGTGAGCCGAGATTGCGCTACTGCACTCCAGCCTGGGCGACAGTGTGAGACTCTGTCTCAAAAAAAAAAAAAAAAAA"
"chr1","13375543","13375844","chr16_NW_019937290v1_random","735974","736277","75","12639569","GCTGGGTGTGGTTTCTCACACCTGTAGTGCCTGCACTTTGGGAAGCTGAGGTGGGTGGATCACAAGGTCAGGAGTTTGAGACCAGCCTGGCCAACATGGTGAAACCTTGTCTCTACTAAAAATACACAAATAAATCAGCCAGGCTTGGTGGCACACACCTGTAATCCCAGCTACTCAGAGGCCGAGGCAGAAGAATTGCTTAAGCCTGGGAGGCAAAGGTTGCAGGGAGTAAAATTGTGTCACTGTACTCCAGCCTGGGCAATAGAGCAAGAGTCTGTCTTGGGAAAAAAATAAAAGGAAAA","CTGGGTGTGGTGCCTCACACCTGTAATCCGAGCACTTTGAGAGGCTGAGGTGGGTGGATCACAAGGTCAGGAGTTCGAGACCAGCCTGACTAACATGGTGAAACCCCTTCTCTACTAAAAAAAAAAAAAAAAAAAAAAAAATTGGCCAGGCCTGGTGGTGTGTGCCTATAGCCCCAGCTACTCAGGGGGGTGAGGCAGGAGAATTGCCTGAACCTGGGAGGTGGAGGTTGCAGTGAGCTGAGGTCGTGCCACTGCACTCCAGCCTGGACGACAATGCGAGACTCCATCTCAAAAAAAAAAAAAA"
"chr1","13383710","13383993","chr16_NW_019937290v1_random","735974","736277","86","12647736","GGCTGGGCCAGGTGGCTCATGCCTATAATCTCAGCACTTTGGGAGGCTGAGGTGTGTGGACTGTCTGAGCTCAGGAGTTCACAACCAGCCTGGGCAATACAGTGAAACCCCATCTCTACTAAAAAAACATACAAAAAATTATCCAGTGTGGCAGCATGCGCCTATAGTCCCAGCTACTCGGGAGGCTGAGATGAGAATTTCTTGAACCTGGGAGGCAAAGGTCGCAGTGAGCCGAGATCATGCCGCTACACTCCAGCCTGGGTGAGAGCGAGACTCAGTCTCAA","CTGGGTGTGGTGCCTCACACCTGTAATCCGAGCACTTTGAGAGGCTGAGGTGGGTGGATCACAAGGTCAGGAGTTCGAGACCAGCCTGACTAACATGGTGAAACCCCTTCTCTACTAAAAAAAAAAAAAAAAAAAAAAAAATTGGCCAGGCCTGGTGGTGTGTGCCTATAGCCCCAGCTACTCAGGGGGGTGAGGCAGGAGAATTGCCTGAACCTGGGAGGTGGAGGTTGCAGTGAGCTGAGGTCGTGCCACTGCACTCCAGCCTGGACGACAATGCGAGACTCCATCTCAAAAAAAAAAAAAA"
"chr1","13390680","13390995","chr1","131937127","131937450","58","118546447","GGCCAGGTGCAGTGGCTCACGCCTGTAATTCCAGCACTTTGGGAGGCTGAGGCCAGTGGATCTTGAGATCAGGAGTTCGAGACCAGCCTGGCTAACATGGTGAAACCCTGTCTCTACTAAAGATACAAAAAGTTAGCCAGGCATGGTGTTGCACCCCTGTAATCCCAGCTGCTCCAGGAGGCTGAGGCAGGAGAGTTGCTTGAAACCCGGGAGGCAGAGGTTGCAGTGAGCCGAGATCATGCCATTGCATTCCAGCCTGGGTGACAGGGCGAGACTCCGTCTCAAAAAAAAAAAAAAAAAAAAAAAAGCCAAAAAA","GCCAGGTGCGGTGCCTCATGCCTGTAATCCCAGCACTTTGGGATGCCGAGGCGGGTGGATCACAAGGTCAGGAGTTCAAGACCAGCCTGGCCAACATAGTGAAACCCCGTCTCTACTAAACATACAAAAAATTAGCCGGGCGTGGTGGCAGGTGCCTGTAATCCCAGCTATTCAGGGAGGCTGAGGCAGGAGAATTGCTTGAACCTGGGAGGCGGAGGTTGCAGTGAGCCAAGATCGCACCACTGCACTCCAGCCCAGGTGACAATGCGAGACTCCATCTCAAATAAATACATAAATAAATAAATAAATAAACAAACAAACAAA"
"chr1","13424060","13424356","chr16_NW_019937290v1_random","735974","736277","62","12688086","GGCTGGGTGTGGTGGCTCACGCCTGTAATCCCAGCAGTTGGGAGACTGAGGCGGGCGGATCATGAGGTCAGGAGCTTTGAGACTAGCCTGACCAACATGGAAACGCCATTTCTACTAAAAAATAAAAAATTAGCCGGGCATGGTGGTGTGCACCTATAATCCCAGGTACTCAGGAGGCTGAGGCAGGAGAATTTCTTGAACCTGGGAGGCGGAGGTTGGAGTGAGCTGAGATCGCGCCACTGCACTTCTAGCCTGGGTGACAGAGCGAGACTCCATCTTTAAAAAAAAAACACAAAA","CTGGGTGTGGTGCCTCACACCTGTAATCCGAGCACTTTGAGAGGCTGAGGTGGGTGGATCACAAGGTCAGGAGTTCGAGACCAGCCTGACTAACATGGTGAAACCCCTTCTCTACTAAAAAAAAAAAAAAAAAAAAAAAAATTGGCCAGGCCTGGTGGTGTGTGCCTATAGCCCCAGCTACTCAGGGGGGTGAGGCAGGAGAATTGCCTGAACCTGGGAGGTGGAGGTTGCAGTGAGCTGAGGTCGTGCCACTGCACTCCAGCCTGGACGACAATGCGAGACTCCATCTCAAAAAAAAAAAAAA"
"chr1","13520369","13520649","chr9","46299315","46299628","72","32778946","GGCTGGGTGCAGTGGCTCACGCCTATACTCCCAGCACTTTGGGAAGCCGAGGCAGGCGGATCACGAGGTCAGGAGTTGGAGACCAACCTGGCCAACATGGTGAAACCTCATCTGTACTAAAAATACAAAAAGTTAGCTGGGTGTGGTGGCGGGCGCCTGTACTCCCAGCTACTCGGGAGGCTGAGGCAGGAGAATCACTGGAACCTGGGAGGCAGAGATTGCACCACTGCACTCCAGCCTGGGTGACAGTGCGAGACTTCGTCTCAAAAAACAAACAAAAA","GGCCAGACACAGTGGCTCACGTCTGTAATCCCAGCACTTTGGGAGGCAGAGGCGGGTGGATCACAAGGTCAGGAGTTTGAGAGCAGCCTGGCCAACATAGTGAAACCCTGTCTCTACTAAAAATACAAAAAAATTAGCCAGGTGTGGTGGTGGGTGCCTGTAATCCCACCTACTCAGGAGGCTGAGGCTGAGGCTGAGGCTGAGGAGAATCGTTTGAATCTGGGAGGCAGAGGTGGCAGTGAGCCGAGATTGCGCTACTGCACTCCAGCCTGGGCGACAGTGTGAGACTCTGTCTCAAAAAAAAAAAAAAAAAA"
"chr1","13593344","13593619","chr3","18778695","18779003","72","5185351","GGCCGAGTGCAGTGGCTCACGCCTGTAATACCAGCACTTTGGGAGGCCGAGGTGGGTGAATCACAAGGTCAGGAGGTCAAGACCAGCCTGGCTAATACGGTGAAACCCTGTCTCTACTGAAAATACAAAAAATTAGCCTGGCGTGGTGGTGGGCGCCTGTATTCCCAGCTACTCAGGAGGCTGAGGCAGGAGAATCACTTGAACCTGAGAGACAGGTTGTAGTGAGCTGAGATCATGCCACTGCACTCCAACCTGGCAACAGAATGAGACTTCCTC","GGCCAGGTGCAGTGGCTCACGCCTGCAATCCCAGCACTTTAGGAGGCCGAGGTGGGAAGATCACAAGGTCAGGAGTTCGAGACCAGCCTGACCAATATGGTGAAACCCCATCTCTACTAAAAATACAAAAAAAAAAAAAAAAAAAAAAAAAAAAGCTGGGTGTCGTGGTGGGCACCTGTAGTTCCAGCTACTAGGGAGGCTGAGGCAGGAGAATGGTTTGAACCTGAGAGATGGAGGTTACAGTGAGCCAAGATCGTGCCACTGCACTCCAGCCTGGGCAACAGAGTGAGACTCTGTCTCAAAAAAAAA"
"chr1","13725133","13725381","chr20","33014435","33014698","66","19289302","GCTGGGCGCAGTGGCTTATGCCTGTATTCCTAGCACTTCAGGAGGCCAAGGCAGGCAGATCATGAGGTCAGGAGTTCGAGACCAGTCTGGCCAAAATACTGAAACCCCATCTCTACTAAAAACACAAAAAATTAGCCAGGCGTGGTGGTGTGTGCCTGTAATCCCAGCTACTCGGGAGGCTGAGGCAGGAAAAGCACGTGAACCCAGGAGGTGCGGGTTGCAGTGAGCTGAGATTGCACCATTGCACTC","GGCCAAGCCCAGTGGCTCACAGCTGTAATCCCAGCACTTTCAGAGGCCAAGGTGGGCAGATCACGAGGTCAGGAGTTCAAGACCAACCTGGCCAACATAGTAAAAACCCGTCTCTACTAAAAAAAAAAAAAAAAAAAAAAAAAGCCAGGCATGGTGGCACGTGCCTGTAGTCCCAGCTACTTGGGAGGCTGAGGCAGGAGAATCACTTGAACCTGAGAGGCGGAGGTTGTGGAGAGTCAAGATCATGCCACTGCACTCCAGTCT"
"chr1","13729982","13730273","chr18","15009231","15009552","70","1279249","GGCCAGGCACAGTGGGTCACGCCTATAATCCCAGCACTTTGGGAAGCTGAGGCGGGTGGATCATCCTAGGTCAGGAGTTCAAGACCAACCTGACCAACATGGTGAAACCCTGTCTCTACTAAAAACACATAACAATTAGCTGGGCATGGTGGCACATGCCAGCGGTCCCAGCTACTCAGGAGGCTAAGGCAGAATTGCTTGAACACGGGAGACAGAGGTCGCAATGAGCTGAGATCGTACCATTGCACTCCAGCCTGGGAGACAGAGCAAAACTCCATTTCAAAAAAAAAAA","GCCAGGCGTGGTGGCTCATGCCTGTAATCCCAGCACTTTGGGAGGCCGAGGCGGGCAGATCACGAGGTCAGGAGTTCGAGACCAGCCTGACCAATATGGTGAAACCCCATCTCCACTAAAAACACACACACACACACACACACACACACACAAAATTAGCTGGGCGTGGTGGCACGTGCCTGTAGTCCCAGCTACTCAGGAGGCTGAGGCAGGAGAATTGCTTGAACCCAGGAGGCAGAGGTTGCAATGAGCTGAGATTGCACCATTGCACTCCAGCCTGGGTGACAGAGCGAGACTCCATCTCAAAGAAAAAAAAAAAGAA"
"chr1","13776896","13777168","chr16_NW_019937290v1_random","735974","736277","71","13040922","CAGGCACGGTGGCTCATGCCTGCATTCCCAGCATTTTGAGAGGCTGAGGTGGGTAGATCATGAGGTCAGGAATTGGAGACCAGCCTGACCAACATGGTGAAACCCATTCTCTACTAAAAATACTATTAGCTGGGTGTGGTGGTGGGCGCCTGTAGTCCCAGCTACTCAGGAGGCTGAGGCAGGAGAATCCCTTGAATCTGGGAGGCAGAGGTTGCAGTGAGCTGAGATCGCGCCACTGCACTCCAGCCTGGAGTGAGACTCCATCTCAAAAAA","CTGGGTGTGGTGCCTCACACCTGTAATCCGAGCACTTTGAGAGGCTGAGGTGGGTGGATCACAAGGTCAGGAGTTCGAGACCAGCCTGACTAACATGGTGAAACCCCTTCTCTACTAAAAAAAAAAAAAAAAAAAAAAAAATTGGCCAGGCCTGGTGGTGTGTGCCTATAGCCCCAGCTACTCAGGGGGGTGAGGCAGGAGAATTGCCTGAACCTGGGAGGTGGAGGTTGCAGTGAGCTGAGGTCGTGCCACTGCACTCCAGCCTGGACGACAATGCGAGACTCCATCTCAAAAAAAAAAAAAA"
"chr1","13788764","13789063","chr14","38774640","38774953","71","24985876","GGCTGTGCAAGGCAGCTCATGCCTGTAATCTCATTACTTTGGGAGGCCAAGGTGGGTGAATCATTCGAGGTCAGGAGTTCGAGACCAGTCTGGGCAACATGGCAAACCCCATCTCTACTAAATACAAAAAATTAGCTGGGCATGGTGGTGTGCACCTGTAATCCCAGTTACTTGAGAGGCTGAGGCAAGAGAATTGCTTGAACATGGGAGGCAGAGGTTGCAGTGAGCTGAGATCGTGCCACTGCACTTCAACCTGGGTGACAGAGCAAGACTCCATCTCAAAATAAAAATAAAAATAAA","GGCCAGGTGTGGTGGCTCACACCTGTAATACTAGCACTTTGGGAGGCCAAGGCGGGTGGATCACGAGGTCAGGAGATCAAGACCAGCCTGGCCAACATGGTGAAACCCCATCTCTACTTAAAAAAAAAAAAAAAAAAAAAAAAATTAGCTGGGTATAGTGGCGTGCACCTGCAGTCTCAGCTACTCGGGAGGCTGAGGCAGGAGAATCACTTGAACCCGGGAGGTGGAGGTTGCAGTGAGCCAAGATCAGGCCACTGCACTCCAGCCTGGGTGACAGAGTGAGACCCTGTCTCAAAAAAAAAAAAAAAAAAAAA"
"chr1","13794751","13795052","chr14","38774640","38774953","75","24979889","GGCCGAGCATGATGGCTCATATTTGTAATCCCAGCACTTTGGGAGGCCAAAGCAGGCAAATCACCTGATGTCGGGAGTTCAAGACCAGCCTGATCAACATGGCAAAACCCCACCACTACTAAAAATACAAAAAATTAGCTCGGCATGGTGGTGCGTACCTGCAGTCCCAGCTACTCAGGAGACTGAGGTAGGAGAATTGCTTGAACCCGGGAGGCAGAGGTTGAGTGAGCCAAGATGGTGCCACTGCATGCACTCTAACCTAGGTGACAGAGCAAGAACTCTGTCTCAAAAAAAAAAAAAAA","GGCCAGGTGTGGTGGCTCACACCTGTAATACTAGCACTTTGGGAGGCCAAGGCGGGTGGATCACGAGGTCAGGAGATCAAGACCAGCCTGGCCAACATGGTGAAACCCCATCTCTACTTAAAAAAAAAAAAAAAAAAAAAAAAATTAGCTGGGTATAGTGGCGTGCACCTGCAGTCTCAGCTACTCGGGAGGCTGAGGCAGGAGAATCACTTGAACCCGGGAGGTGGAGGTTGCAGTGAGCCAAGATCAGGCCACTGCACTCCAGCCTGGGTGACAGAGTGAGACCCTGTCTCAAAAAAAAAAAAAAAAAAAAA"
"chr1","13925073","13925381","chr14","38774640","38774953","59","24849567","GACCAGGTGCGGTGGCTCACGCCTGTAATCCCAGCACTTTGGGAAGCCAAGGCGGGTGGATCACGAGGTCAGGAGTTTGAGACTAGGCTGACCAACATGGTGAAACCCCATCTTTACTAAAAATACAAAAATAATTAGCTGGGTGTAGTAGCACATGCCTGTAATGCCAGCTACTTGGGAGGCTGAGGCAGGAGAATTGTTTGAACTCAGGAGGCAGAGGTTGCAGTGAGCCGAGATCGCGCCATTGCACTCCAGCCTGGGTGACAGAACAAGACTCTGCCTCAAAAAACAAATGAACAAACAAAAAAA","GGCCAGGTGTGGTGGCTCACACCTGTAATACTAGCACTTTGGGAGGCCAAGGCGGGTGGATCACGAGGTCAGGAGATCAAGACCAGCCTGGCCAACATGGTGAAACCCCATCTCTACTTAAAAAAAAAAAAAAAAAAAAAAAAATTAGCTGGGTATAGTGGCGTGCACCTGCAGTCTCAGCTACTCGGGAGGCTGAGGCAGGAGAATCACTTGAACCCGGGAGGTGGAGGTTGCAGTGAGCCAAGATCAGGCCACTGCACTCCAGCCTGGGTGACAGAGTGAGACCCTGTCTCAAAAAAAAAAAAAAAAAAAAA"
"chr1","13935405","13935699","chr14","38774640","38774953","71","24839235","GGCTGAGCATGGTGACTCATGCCTGTAATCCCAGTACTTTGAGAGGCCAAGGTGAGTGGATCATGAGGTCAAGAGTTCAAGACCAGCCTGGACAACGTGGCAAAACCCCGTCTCTACTAAAAACACAAAAAATTAGCTGGCTCGTGCCTGTAATTCCAGTTACTCAGGAGGCTGAGGCAGGAGAATCGCTTGAATCTGGAAGGCAGAGGTTGCAGTGATCTGAGATTGTGCCACTGTACTCCAGCCTGGGTGACCGAGCAAGACTCTTGTCTCAAAAAAAAAAAAAAAAAAAAAA","GGCCAGGTGTGGTGGCTCACACCTGTAATACTAGCACTTTGGGAGGCCAAGGCGGGTGGATCACGAGGTCAGGAGATCAAGACCAGCCTGGCCAACATGGTGAAACCCCATCTCTACTTAAAAAAAAAAAAAAAAAAAAAAAAATTAGCTGGGTATAGTGGCGTGCACCTGCAGTCTCAGCTACTCGGGAGGCTGAGGCAGGAGAATCACTTGAACCCGGGAGGTGGAGGTTGCAGTGAGCCAAGATCAGGCCACTGCACTCCAGCCTGGGTGACAGAGTGAGACCCTGTCTCAAAAAAAAAAAAAAAAAAAAA"
"chr1","13961918","13962213","chr14","38774640","38774953","61","24812722","GGCCGGGCACGGTGGCTCAAGCCTGTAATCCCAGCACTTTGGGAGGCCAAGGCGGGTGGATCACGAGGTCGAGAGATCGAGACCAACCTGGTCAACATGGTGAAACCCCGTCTCTACTAAAAATACAAAAAATTAGCTGAGCATGGTGGGCGTGCCTGTAATCCCAGCTACTCAGGAGGCTGAGGCAGGAGAATTGCCTGAACCCAGGAGGCAGAGGTTGCGGTGAGCCGAGATCACGCCATTGCAATCCAGCCTGGGTAACATGAGTGAAACTCCGTCTAAAAAAAAAAAGAAAA","GGCCAGGTGTGGTGGCTCACACCTGTAATACTAGCACTTTGGGAGGCCAAGGCGGGTGGATCACGAGGTCAGGAGATCAAGACCAGCCTGGCCAACATGGTGAAACCCCATCTCTACTTAAAAAAAAAAAAAAAAAAAAAAAAATTAGCTGGGTATAGTGGCGTGCACCTGCAGTCTCAGCTACTCGGGAGGCTGAGGCAGGAGAATCACTTGAACCCGGGAGGTGGAGGTTGCAGTGAGCCAAGATCAGGCCACTGCACTCCAGCCTGGGTGACAGAGTGAGACCCTGTCTCAAAAAAAAAAAAAAAAAAAAA"
"chr1","14012835","14013131","chr9","46299315","46299628","58","32286480","GACCAGGCATGGTGGCTCATGCTTATAATCCCAGCACTTTGGGAGGCAGAGGCAGGTGGATTGCAAGGTCAGGAGTTAGAGACCAGCCTGGCCAACATAGTGAAACTGTCTCTACTAAAAATACAAAAAATTAGCTCAGTGTGATGGTGGGTGCCTGAAGTCCCAGCTACTCGGGAGGCTCAGGCAGGAGAATTGCTTGAACCCAGAAGGCGGAGGTTGCAGTGAGCTAAGATTGCACCACTGCACTCCAGCCTGGGCAACAGAGCAAGACTCTATCTTGGAAAAAAAATAAAGAAA","GGCCAGACACAGTGGCTCACGTCTGTAATCCCAGCACTTTGGGAGGCAGAGGCGGGTGGATCACAAGGTCAGGAGTTTGAGAGCAGCCTGGCCAACATAGTGAAACCCTGTCTCTACTAAAAATACAAAAAAATTAGCCAGGTGTGGTGGTGGGTGCCTGTAATCCCACCTACTCAGGAGGCTGAGGCTGAGGCTGAGGCTGAGGAGAATCGTTTGAATCTGGGAGGCAGAGGTGGCAGTGAGCCGAGATTGCGCTACTGCACTCCAGCCTGGGCGACAGTGTGAGACTCTGTCTCAAAAAAAAAAAAAAAAAA"
"chr1","14204081","14204378","chr9","46299315","46299628","73","32095234","GGCCAGGCTCAGTGGCTCCCATCTGTAATCCCAGCGCTTTGGGAGGCCACGGCAGGCGGATTGCCAGAGATCAGAAGTTCCAGACTAGCTTGGTCAACATGGTAAAACCTCGTCTCTACTAAAAATTCAAAAAAATTAGCCAGGCATCATAGTGTGCACCTGTGGTCCCAGCTACTTGGGAAGCTGAGGCAGGAGAATTGCTTGAATGTGGGAGGCAGAGGCTGCAGTTAGCCGAGATCACGCCACTGCATTCCAGCCTGGGCGACTGGGCGAGACTCCATCTCAAAAAAGAAAAAAA","GGCCAGACACAGTGGCTCACGTCTGTAATCCCAGCACTTTGGGAGGCAGAGGCGGGTGGATCACAAGGTCAGGAGTTTGAGAGCAGCCTGGCCAACATAGTGAAACCCTGTCTCTACTAAAAATACAAAAAAATTAGCCAGGTGTGGTGGTGGGTGCCTGTAATCCCACCTACTCAGGAGGCTGAGGCTGAGGCTGAGGCTGAGGAGAATCGTTTGAATCTGGGAGGCAGAGGTGGCAGTGAGCCGAGATTGCGCTACTGCACTCCAGCCTGGGCGACAGTGTGAGACTCTGTCTCAAAAAAAAAAAAAAAAAA"
"chr1","14206946","14207252","chr1","131937127","131937450","62","117730181","GGCCAGGCACGGTGGCTGAAGCCTGTAATCCCAGCACTTTGGGAGTCTGAGGCAGGCAGATCACAAGGTTGGACGTTCAAGACCAGCCTGGCCAACGTAGTGAAACCCCGTCTCTACTAAAAATACAAAAAGTTAGCCAGGTATGGTGGCAGGCACCTGTAATCCCAGCTACTCGGGAGGCTGAGGGAGGAGAAGCACTTGAACCTGTGAGCCAGAGATTACAGTGAGCCAAGATCGCACCTCTGCACTCCAGCTCGGGCAATAGTGCAAGACTACATCTCAAAAAAATAAAAGAAAATAAAATAAA","GCCAGGTGCGGTGCCTCATGCCTGTAATCCCAGCACTTTGGGATGCCGAGGCGGGTGGATCACAAGGTCAGGAGTTCAAGACCAGCCTGGCCAACATAGTGAAACCCCGTCTCTACTAAACATACAAAAAATTAGCCGGGCGTGGTGGCAGGTGCCTGTAATCCCAGCTATTCAGGGAGGCTGAGGCAGGAGAATTGCTTGAACCTGGGAGGCGGAGGTTGCAGTGAGCCAAGATCGCACCACTGCACTCCAGCCCAGGTGACAATGCGAGACTCCATCTCAAATAAATACATAAATAAATAAATAAATAAACAAACAAACAAA"
"chr1","14318978","14319258","chr9","46299315","46299628","70","31980337","GGCCGGGCGCAGTGGCTCACACCTGTAATCCCAGCACTTTGGGAGGCAGAGGTCATGAGTTTGAGACCAGTCAGGCCAACATAGTGAAACCCCGTCTCTACTAAAAATACAAAAAATTAGCCAGGTGTGGTGGTATGTGCCTGTAATCCCAGCTACTTGGGAGCCTGAGGCAGGAGAATCACGTGAACCCAGGAGGTGGAGGTTGTGTTAGCCGAGATCGCGCGATTGCACTCCCACCAGGGCAACAGTGCGAGACTCCATCTCAAAAACAAATAAATAAA","GGCCAGACACAGTGGCTCACGTCTGTAATCCCAGCACTTTGGGAGGCAGAGGCGGGTGGATCACAAGGTCAGGAGTTTGAGAGCAGCCTGGCCAACATAGTGAAACCCTGTCTCTACTAAAAATACAAAAAAATTAGCCAGGTGTGGTGGTGGGTGCCTGTAATCCCACCTACTCAGGAGGCTGAGGCTGAGGCTGAGGCTGAGGAGAATCGTTTGAATCTGGGAGGCAGAGGTGGCAGTGAGCCGAGATTGCGCTACTGCACTCCAGCCTGGGCGACAGTGTGAGACTCTGTCTCAAAAAAAAAAAAAAAAAA"
"chr1","14681430","14681718","chr9","46299315","46299628","82","31617885","GGACAGACACAGTGGCCCACATCTGTAACCCCAACACTTTGGGAGGCTGAGGCGGGCCTCACTTGAGTTCAGGGGTTTGAGACCAGCCCAGCCAACATGGTGGAACTCCATCTCTACTAAAAATACAAAAAACTAGCTGGGCATGGTGGCATGCACCTATAGTCCCGGCTACTCGGGAAGCTGAGGCATGAGAACTACTTGAAATCGGGAGGCAGAGGTGGCAGTGAGCCAAGATCTCACCACTACACTCGGCCTGGGTGACAGAGCAAGACGGTGTCTGAAAAAAAAA","GGCCAGACACAGTGGCTCACGTCTGTAATCCCAGCACTTTGGGAGGCAGAGGCGGGTGGATCACAAGGTCAGGAGTTTGAGAGCAGCCTGGCCAACATAGTGAAACCCTGTCTCTACTAAAAATACAAAAAAATTAGCCAGGTGTGGTGGTGGGTGCCTGTAATCCCACCTACTCAGGAGGCTGAGGCTGAGGCTGAGGCTGAGGAGAATCGTTTGAATCTGGGAGGCAGAGGTGGCAGTGAGCCGAGATTGCGCTACTGCACTCCAGCCTGGGCGACAGTGTGAGACTCTGTCTCAAAAAAAAAAAAAAAAAA"
"chr1","14778185","14778486","chr5","40719350","40719670","62","25941165","GCTGGGCATGGGGGCTCATGCTTGTAACCCCAGCACTTTGGGAGGCCGAGGTGGGCAGATCATGATGTCAGGAGTTTGAGACCAGCCTGACCAACATGGTGAAACCCCGTCTCTACTAAAAATACAAAAAAATAGCCAGGCATGGTAGTTGCACATCTGTAATCCCAGCTGCTTAGGAGACTGAGGCAGGAGAATCTCTTGAACCCAGGAGGTGGAGGTTGCTGAGATCACACCATTGCACTCCAGCCTGGGTGACAGAGTGAGACTCCATCTCAAAAAAAAAAAAAAAAAAGAAAGAGAAA","GGCTGGGCGCGGTGGCTCATGCCTGTAATCCCAGCACTTTGGGAGGCAGAGGTGGGCGGATCACGAGGTCAGGAGTTCAAGACCAGCCTGGCCAACATAGTGAAACCCAATCTTTACTAAAAATACAAAAAATTAGCCAGGCATGGTGGCAGGCACTTGTAATCCCAGCTATTCAGGAGACTGAGACAGGAGAATCATCTGAACCCAGGAGGAAGAGGTTGCAGTGAGCCAAGATCACACCATTGCACTCCAGCCCACGGGAAAGTGCGAGCCTCCATCTCAAAAACAACAACAACAACAACAACAACAAAAAACAAAAAA"
"chr1","14808456","14808749","chr9","46299315","46299628","64","31490859","GGCTGTGTGTGGTGGCTCACGCCTGTAATCCCAGCACTTTGGGAGGCTGAGGTGGGTGGATCACAAGGTCAGGAGTTTGAGGCTAGCCTGGCCAACATAGTGAAACCCCATCTCTACTAAAAATTCAAAAAAATCAGTTGGACCTGGGGGCTTGTGCCTGTAATTCCAGCTACGTGGGAGGCTGAGGCAGGAGAATCGCTTGAACCTAGGAGGCAGAGGTTGCAGTGAGCCGAGATCGCGCCATTGCAATCCAGCCTGGGTGACAGAGCAAGACTCTGTCTTGGAAAAAAAAAA","GGCCAGACACAGTGGCTCACGTCTGTAATCCCAGCACTTTGGGAGGCAGAGGCGGGTGGATCACAAGGTCAGGAGTTTGAGAGCAGCCTGGCCAACATAGTGAAACCCTGTCTCTACTAAAAATACAAAAAAATTAGCCAGGTGTGGTGGTGGGTGCCTGTAATCCCACCTACTCAGGAGGCTGAGGCTGAGGCTGAGGCTGAGGAGAATCGTTTGAATCTGGGAGGCAGAGGTGGCAGTGAGCCGAGATTGCGCTACTGCACTCCAGCCTGGGCGACAGTGTGAGACTCTGTCTCAAAAAAAAAAAAAAAAAA"
"chr1","14855321","14855604","chr14","16777276","16777596","81","1921955","TGTAATCTCAGCACTTTGGGAGGCCAAGGTGGGCAGATCACCTGAGGTCAGGAGTTTGAGGCCGGCGTGGCCAACGTGGTGAAACCCCATCTCTAATAATACAAAAAATTAGCCGGGCGTGGTAGTGTGTGCCTGTGGTCCAAGCTATTCAAGAGCCTGAGGCAGAAGAATCACTTGAACTCAGGAGGCAGAGGTTGCAGTGAGCTGAGGTCACACCACTGCACTCCAGACTGGGTGACAGAGTGAGACTTCGTCTCAAAAAATAATAATAAAATAAATAAAAA","GCCTGTAGTCCCAGCACTTTGGGAGACCGAGGCGGTGGATCACTTGAGGTCAGGAGTTTGAGACCAGCCTGGCCAACATGTTGAAACCCTGTCTCTACTGAAAATATAAAAAATTAGCCGGGCATGGTGGTATGTACCTGTAGTCCCAGCTACTCGGGAGGGTGAGGCGGGAGAATTGCTTGAACTCGGGAGGTGGAGGTTGCGGTGAGCCGAGATCGCACCACTGCACTCCAGCCTGGGTGACAGAGTGAGACTCCATCTCAAAATAATAATAATAATAATAATAATAATAATAATAATAATAATAATGGTAAAAAAAAA"
"chr1","14860905","14861212","chr14","38774640","38774953","58","23913735","GGCCAGGTGCAGTGGCTCACACCTATAATCCCAGCACTTTGGGATGCCAAGGCAGGTGGATCACAAGGTCAGGAGTTCAAGACCAGCTTGGCCAACATGGTGAAACCCCGTCTCTACTAAAGACACACACACAAAAATTAGCCGGTTTTGCTGGCATGCACCTGTAATCCCTGCTACTTGGGAGGCTGAGGCAGGAGAATTGCTTGAACATGGGAGGCGTAGGTTGCAGTGAGCCGAGACTGTGATACTGTACTCCAAACTGAGCAACAGGGAGAGACTCCGTCTCAAAAAAAAAAAAAAAAACAAAA","GGCCAGGTGTGGTGGCTCACACCTGTAATACTAGCACTTTGGGAGGCCAAGGCGGGTGGATCACGAGGTCAGGAGATCAAGACCAGCCTGGCCAACATGGTGAAACCCCATCTCTACTTAAAAAAAAAAAAAAAAAAAAAAAAATTAGCTGGGTATAGTGGCGTGCACCTGCAGTCTCAGCTACTCGGGAGGCTGAGGCAGGAGAATCACTTGAACCCGGGAGGTGGAGGTTGCAGTGAGCCAAGATCAGGCCACTGCACTCCAGCCTGGGTGACAGAGTGAGACCCTGTCTCAAAAAAAAAAAAAAAAAAAAA"
"chr1","15028301","15028585","chr9","46299315","46299628","74","31271014","GGCCAGGTGCGGTGGCTCCCAGCACTTTGGGAGTCCAAGGCAAGCAGATCACGAGGTCAGGAGCTCGAGACCAGCCTGGCTAACATGGTGAAACCCTGTCTCTACTAAAGATACAAAAAATTAGCCAGGTGTGGTGGTGCACACCTGTAATCCCTGCTACTTGGGAGACTGAGGCAGGAGGATAGCTTGAACCTAAGAGACAGAGGTTGCAGTGAGCCAAGATCGCACCATTGTACTCCAGCCTGGGCAACAGGGCAGAATCTGTCTCAAAAACAAACAAACAAA","GGCCAGACACAGTGGCTCACGTCTGTAATCCCAGCACTTTGGGAGGCAGAGGCGGGTGGATCACAAGGTCAGGAGTTTGAGAGCAGCCTGGCCAACATAGTGAAACCCTGTCTCTACTAAAAATACAAAAAAATTAGCCAGGTGTGGTGGTGGGTGCCTGTAATCCCACCTACTCAGGAGGCTGAGGCTGAGGCTGAGGCTGAGGAGAATCGTTTGAATCTGGGAGGCAGAGGTGGCAGTGAGCCGAGATTGCGCTACTGCACTCCAGCCTGGGCGACAGTGTGAGACTCTGTCTCAAAAAAAAAAAAAAAAAA"
"chr1","15041098","15041391","chr14","38774640","38774953","71","23733542","GGCCGGGTGCGGTGGCTCACGCCTATAATCCCAGCACTTTCAGAGGCCAAGGCAGGTGGATCACCTGAGGTCAGGAGTTCGAGACTAGCCTGGCCAACATGGCAAAACCTTGTCTCTACTAAAAACACAAAAAATTAGCTGGGCATGTAGTGTGTGCCTATAGTCCCAGCTACTCGGGAGGCTGAGGCAGAAGAATTGCTTGAACCTGGGAGGCGGAGGTTGCAGTGAGCCAAGGTCACACCACTATACTCCAGCATAGGCAATAGAGCAAGACTCTGCCTCAAAAAAAAGAAA","GGCCAGGTGTGGTGGCTCACACCTGTAATACTAGCACTTTGGGAGGCCAAGGCGGGTGGATCACGAGGTCAGGAGATCAAGACCAGCCTGGCCAACATGGTGAAACCCCATCTCTACTTAAAAAAAAAAAAAAAAAAAAAAAAATTAGCTGGGTATAGTGGCGTGCACCTGCAGTCTCAGCTACTCGGGAGGCTGAGGCAGGAGAATCACTTGAACCCGGGAGGTGGAGGTTGCAGTGAGCCAAGATCAGGCCACTGCACTCCAGCCTGGGTGACAGAGTGAGACCCTGTCTCAAAAAAAAAAAAAAAAAAAAA"
"chr1","15050080","15050381","chr14","38774640","38774953","55","23724560","GGCCAGATGTGGTGGCTCATGCCTGTAATCCAGCACTTTGGGAGGCCAAGGTGGGCAGATCACGAGGTCAGGAGTTTGAGACCAGACTGGCCAACATGGTGAAACCCTGTCTCTACTGCAAATACAAAAAATTAGCTGGGTGTGGTGGCGGGCACCTGTAATTCCAGCTACTTGGGAGGCTGAGGCAGGAGAATAGCTTGAACCCGGGAGTCAGAGGTTGCAGTGAGCTGAGACTGTGCCACTGCACTCTAGCCTGGGCAACAGAGTGAGACTCCATCTCAAAAAAAAAAAAAAAAAAGAAA","GGCCAGGTGTGGTGGCTCACACCTGTAATACTAGCACTTTGGGAGGCCAAGGCGGGTGGATCACGAGGTCAGGAGATCAAGACCAGCCTGGCCAACATGGTGAAACCCCATCTCTACTTAAAAAAAAAAAAAAAAAAAAAAAAATTAGCTGGGTATAGTGGCGTGCACCTGCAGTCTCAGCTACTCGGGAGGCTGAGGCAGGAGAATCACTTGAACCCGGGAGGTGGAGGTTGCAGTGAGCCAAGATCAGGCCACTGCACTCCAGCCTGGGTGACAGAGTGAGACCCTGTCTCAAAAAAAAAAAAAAAAAAAAA"
"chr1","15090754","15091073","chr3","13063317","13063638","72","2027437","GGCCAGGTGCAGTGGCTCATGCCTGTAATCCCAGCCCTGTGGGAGGTTGAGGTGGGTGAATCATGAGGTCAGGGGTTCGAGACCAGCCTGGCCAATATGGTGAAACCCCGTCTCTACTAAAAATGCAAAAATATTAGCTGGGCATAATGGCGGGTGCCTGCTGTTCCAGATGCTCTCCAGGCTGAGGCAGGAGAATTGCTTGAATTCCTCGGAAGGCTAAGGCAGAGGTTGTAGTGAGCTGAGATTGTGTCACTGCACTCCAGCCTGGGCAACAGAGCGAGACTCCATCTCAAAAAAAAAAAAAAAAAAAATTAAGAAAA","GGCCGGGCACGATGGCTCACGCCTATAATCCCAGCACTTTGGGAGGCCAAGGTGGGCAGATCACGAGGTCAGGAGTTCGAGACCAGTCTGGCCAACATAGTGAAACCCTGTCTCTACTAAAAATACACAAAAAATTAGCCAGGTGTGGTGGCAGGTGCCTGTCATCCCAGCTACTCAGGTGGCTGAGGCAGGAGAATCGCGTGAACCCGGGAGGCGGAGGTTGCAGTGAGCCAAGATCGTGCCACTGCACTCCAGCCTGGGCAACAGAACGAGACTACATATCAAAAAAAAAAAAAAAAAAAAAAAAATCCCAAAAAACAAA"
"chr1","15186390","15186672","chr9","46299315","46299628","83","31112925","GGCTGGGTGCAGTGGCTCATGCTTGTAATCCCAGCACTTTGGGGAGGCTGAGGCAGGTAGATTACAAGGTCAGGAGTTCAAGATCAGCCTAGGAAACATGGTCTCTACTAAAAATACAAAACATTAGCCAAGCATGAGGCATAAGCTTGTATCCAGCTACTCAGGAGGCTGAGGCAGGAGAATTGCTTTAACCTGGGAGGAAGAGGTTACAGTGATTCAAGAGTGCCCCACTATACTCCAGCCTGGGCAACAAAGTGAGACTCTCTCTTAAAAAAAAAAAAAA","GGCCAGACACAGTGGCTCACGTCTGTAATCCCAGCACTTTGGGAGGCAGAGGCGGGTGGATCACAAGGTCAGGAGTTTGAGAGCAGCCTGGCCAACATAGTGAAACCCTGTCTCTACTAAAAATACAAAAAAATTAGCCAGGTGTGGTGGTGGGTGCCTGTAATCCCACCTACTCAGGAGGCTGAGGCTGAGGCTGAGGCTGAGGAGAATCGTTTGAATCTGGGAGGCAGAGGTGGCAGTGAGCCGAGATTGCGCTACTGCACTCCAGCCTGGGCGACAGTGTGAGACTCTGTCTCAAAAAAAAAAAAAAAAAA"
"chr1","15194572","15194859","chr9","46299315","46299628","73","31104743","GGCCTGGCATGGTGGCTCACGACTGTAATTGCAGCACTTTGGGAGGCCAAGGCAGGTGGATCATGAGATCAGGAGTTCAAGACCAGCCTGGCCAACATGGTGAAACCCCGTCTCTACTAAAAATACAGAAAACAGGGTGTGATGGCACGTGCATGTAGTCCCAGCTACTCAAAAGGCTGAGGTAGGAGAACTGCTTTAACCCAGGAGGCGGAGGGGCAGTTAGCCAAGATGGCACCATTGCCCTCCAGCCTGGGCGACAAGCAAGACTCTGCCTAAAAAGAAAAAAAA","GGCCAGACACAGTGGCTCACGTCTGTAATCCCAGCACTTTGGGAGGCAGAGGCGGGTGGATCACAAGGTCAGGAGTTTGAGAGCAGCCTGGCCAACATAGTGAAACCCTGTCTCTACTAAAAATACAAAAAAATTAGCCAGGTGTGGTGGTGGGTGCCTGTAATCCCACCTACTCAGGAGGCTGAGGCTGAGGCTGAGGCTGAGGAGAATCGTTTGAATCTGGGAGGCAGAGGTGGCAGTGAGCCGAGATTGCGCTACTGCACTCCAGCCTGGGCGACAGTGTGAGACTCTGTCTCAAAAAAAAAAAAAAAAAA"
"chr1","15201232","15201530","chr14","38774640","38774953","74","23573408","GCTAGGTGAGGGGGTTGATGCCTATAATCCCTCTGCCTTGGGAGGCAGAGGCAGGCAGATCACGAGGTCAGGAGTTTGAGACCAATCTGGCCAACTGGTGAAATCCCATCTCTACTAAAAAATACAAAAAATTAGCCAGATATTGTGGCAGCTGCCTGTAGTCTCAGCTACTCAGGAGGCTGAGGCAGGAAACTCACTTGAACATGGGAGGCAGAGGTTGCAATGAGCTGAGACCATGCCACTACATTCCAGCCTGGGCAATAGAGCGAGACTCCATCTCAAAAAAATAAAAGAAAAAA","GGCCAGGTGTGGTGGCTCACACCTGTAATACTAGCACTTTGGGAGGCCAAGGCGGGTGGATCACGAGGTCAGGAGATCAAGACCAGCCTGGCCAACATGGTGAAACCCCATCTCTACTTAAAAAAAAAAAAAAAAAAAAAAAAATTAGCTGGGTATAGTGGCGTGCACCTGCAGTCTCAGCTACTCGGGAGGCTGAGGCAGGAGAATCACTTGAACCCGGGAGGTGGAGGTTGCAGTGAGCCAAGATCAGGCCACTGCACTCCAGCCTGGGTGACAGAGTGAGACCCTGTCTCAAAAAAAAAAAAAAAAAAAAA"
"chr1","15244790","15245100","chr1","131937127","131937450","52","116692337","GGCCGGGCGCGGTGGCTCAAGCCTGTAATCCCAGCACTTTGGGAGGCCGAGGCAGGTGGATCACGAGGTCAAGAGATCGAGACCATCCTGGTCAACATGGTGAAACCCCGTCTCTACTAAAAATTACAAAAAATTAGCTGGGCATGGTGGCGCGTGCCTGTAATCCCAGCTACTCAGGAGGCTGAGGCAGGAGAATTGCCTGAACCCAGGGGGCGGAGGTTGCAGTGAGCCGAGATTGCGCCATTGCACTCCAGCCTGGGTAACAAGAGCGAAACTCCGTCTCAAAAAAAAAAATAAAAAAAAAAAAAAAA","GCCAGGTGCGGTGCCTCATGCCTGTAATCCCAGCACTTTGGGATGCCGAGGCGGGTGGATCACAAGGTCAGGAGTTCAAGACCAGCCTGGCCAACATAGTGAAACCCCGTCTCTACTAAACATACAAAAAATTAGCCGGGCGTGGTGGCAGGTGCCTGTAATCCCAGCTATTCAGGGAGGCTGAGGCAGGAGAATTGCTTGAACCTGGGAGGCGGAGGTTGCAGTGAGCCAAGATCGCACCACTGCACTCCAGCCCAGGTGACAATGCGAGACTCCATCTCAAATAAATACATAAATAAATAAATAAATAAACAAACAAACAAA"
"chr1","15263816","15264120","chr3","13063317","13063638","64","2200499","GGCTGGGCATAGTGGCTCATGCCTGCAATCCGAGCACTTTGGGAGGCCAAGGTGGGTGAATCATGAGGTTTGAGTTCGAGACCAGCCTGGTCAACATGGTGAAACCCTGTCTCTACTAAAGATACAAAAAATTAGTCAGGCATGGTAGCATGTGCCTGTAATCCCAGCTACTTGGGAGGCTAAGGCAGGAGAACTGCTTGAACCCAGGAGGAAGAGGTTGCAGTGAGTCAAGATCATGCCACTGCACTGCAGCCTGGGGGACAGAGCAAGACTCTGTCTCTAAAAAAAAAAAAAAGAAAAGAAAA","GGCCGGGCACGATGGCTCACGCCTATAATCCCAGCACTTTGGGAGGCCAAGGTGGGCAGATCACGAGGTCAGGAGTTCGAGACCAGTCTGGCCAACATAGTGAAACCCTGTCTCTACTAAAAATACACAAAAAATTAGCCAGGTGTGGTGGCAGGTGCCTGTCATCCCAGCTACTCAGGTGGCTGAGGCAGGAGAATCGCGTGAACCCGGGAGGCGGAGGTTGCAGTGAGCCAAGATCGTGCCACTGCACTCCAGCCTGGGCAACAGAACGAGACTACATATCAAAAAAAAAAAAAAAAAAAAAAAAATCCCAAAAAACAAA"
"chr1","15279718","15280028","chr1","131937127","131937450","71","116657409","GGCCAGGTGCAGTCGCTCATGCTTGTACTCCCGACACTTTGGGAGGCTGAGGCAGATGGATCATCTGAGGTCAGTAGTTTAATACCAGCCTGACCAACATGGTGAAACCACATCTCTGCTAAAAATACAAAAAATTAGCTAGGTGTAGTGGTGCATGCCTGTAGTCCCTGCTACTTTGGAGGCTGAGGAAGGAGAATTGCTTGAATCCAGGAGGCGGAGGTTGCTGTGAGCTGAGATAGTACCACTGCACTCCAGCCTGGGAGACAGTGCAGCACTCCGTATCAAAAAAAAAAAAAAAAAGAAAACAAAAA","GCCAGGTGCGGTGCCTCATGCCTGTAATCCCAGCACTTTGGGATGCCGAGGCGGGTGGATCACAAGGTCAGGAGTTCAAGACCAGCCTGGCCAACATAGTGAAACCCCGTCTCTACTAAACATACAAAAAATTAGCCGGGCGTGGTGGCAGGTGCCTGTAATCCCAGCTATTCAGGGAGGCTGAGGCAGGAGAATTGCTTGAACCTGGGAGGCGGAGGTTGCAGTGAGCCAAGATCGCACCACTGCACTCCAGCCCAGGTGACAATGCGAGACTCCATCTCAAATAAATACATAAATAAATAAATAAATAAACAAACAAACAAA"
"chr1","15331676","15331971","chr18","15009231","15009552","59","322445","GGCCAGGCGCGGTGGCTCAAGCCTGTAATCCCAGCACTTTGGGAGGCCGAGGCAGGTGGATCACGAGGTCAAGAGATCGAGACCATCCTGGTCAACATGGTGAAACCCCGTCTCTACTGAAAATACAAAAAATTAGCTGGGCATGGTGGTGCATGCCTGTAATCCCAGCTACTCAGGAGGCTGAGGCAGGAGAATTGCCTGAACCCAGGAGGCGGAGGTTGCGGTGAGCTGAGATTGCGCCATTGCACTCCAGCCTGGGTAACAAGAGCGAAACTCTGTCTCAAAAAAAAAAAAAA","GCCAGGCGTGGTGGCTCATGCCTGTAATCCCAGCACTTTGGGAGGCCGAGGCGGGCAGATCACGAGGTCAGGAGTTCGAGACCAGCCTGACCAATATGGTGAAACCCCATCTCCACTAAAAACACACACACACACACACACACACACACACAAAATTAGCTGGGCGTGGTGGCACGTGCCTGTAGTCCCAGCTACTCAGGAGGCTGAGGCAGGAGAATTGCTTGAACCCAGGAGGCAGAGGTTGCAATGAGCTGAGATTGCACCATTGCACTCCAGCCTGGGTGACAGAGCGAGACTCCATCTCAAAGAAAAAAAAAAAGAA"
"chr1","15341214","15341507","chr10","59193901","59194213","64","43852687","GCCAGACGCAGTAGCTCACTCCTGTAATCCCAGCACTTTGGGAGGTGGATCACAAGGTCACGAGTTCGAGACCAGCCTGGTCAATATGGTGAAACCTGTCTCTACTAAAAAAAAAAAAAAAAAAAAAAAAAAAATTAGCCAGGCTTTGTGGCTAATGTCTGTAATCCCAGCTACTTGGGAGGCTGAGGCAGGAGAATTGCTTGAACTGGGGAGGCGGAGGCTGCAGTAAGCCAAGATTACACCACTGCACTCCAACCCGGGCAACAGAGAGAGACTCCATTTCAAAACAGAAAA","GGCCAGGCACGGTGGCTCACTTCTGTAATCCCAGCACTTTGGGAGGCCGAGGTGGCCGAATCACAAGGTCAGGAGTTCAAGACCAGCCTGACTGACATGGAGAAACCCCGTCTCTACTAAAAATAAAAATAAAAATAAAAATAAAAATAATTAGCCGGGTATGGTGGCACACACCTGTAGTCCCAGCTAGTTAGGAGGCTGAGGCAGGAGAATGGCGTGAACCCAGGAGGCGGAGCTTGCAGTCAGCCAAGATTGTGCCACTGCACTCCAGCCTGGGCAACAGAGTGATACTCCATCTCAAAAAAAAAAAAAA"
"chr1","15345465","15345737","chr20","33014435","33014698","73","17668970","GACCAGGCGTGGTGGCTCACTCCGGTAATCCCACACTTTGGGAGGCCGAGGCAGGCAGATCATGAGGTGAGGAGTTTGAGAGCAGCCTGGCCAACATAGTGAAACTTCGTCTCTACTAAAAATGCACAAAAAATTAGCTGGGTATGTTGGCAGACACCTGTAGTGCCAGCTACTTGGGAGGCTGAGGCAGGAGAATTGCTTGAACCCTGAAGGCAGAGGTTGCAGTGAGCCGATATCATGCCATTGCACTCCAACCTGGGTGACAGAGTGAGA","GGCCAAGCCCAGTGGCTCACAGCTGTAATCCCAGCACTTTCAGAGGCCAAGGTGGGCAGATCACGAGGTCAGGAGTTCAAGACCAACCTGGCCAACATAGTAAAAACCCGTCTCTACTAAAAAAAAAAAAAAAAAAAAAAAAAGCCAGGCATGGTGGCACGTGCCTGTAGTCCCAGCTACTTGGGAGGCTGAGGCAGGAGAATCACTTGAACCTGAGAGGCGGAGGTTGTGGAGAGTCAAGATCATGCCACTGCACTCCAGTCT"
"chr1","15363593","15363896","chr14","38774640","38774953","63","23411047","GGCCGGGCGCAGTGGCTCAAGCCTGTAATCCCAGCACTTTGGGAAGTCGAGGTGGGTGGATCACGAGGTCAACAAATCGAGACCATCCTGGACAACATGGTGAAACCCCGTCTCTACTAAAAATTACAAAAAATTAGCTGGTCACGGTGGCGCGTGCCTGTAATCCCAGCTACTCAGGAGGCTGAGGCAAGAGAAATGCCTGAACCCAGGGGGCGGCGGTTGCAGTGAGCCGAGATCGCGCCATTGCACTCCAGCCTGGGTAACAAGAGCGAAACTCCGTCTCAAAAAAAAAAAAAAAAAAAAA","GGCCAGGTGTGGTGGCTCACACCTGTAATACTAGCACTTTGGGAGGCCAAGGCGGGTGGATCACGAGGTCAGGAGATCAAGACCAGCCTGGCCAACATGGTGAAACCCCATCTCTACTTAAAAAAAAAAAAAAAAAAAAAAAAATTAGCTGGGTATAGTGGCGTGCACCTGCAGTCTCAGCTACTCGGGAGGCTGAGGCAGGAGAATCACTTGAACCCGGGAGGTGGAGGTTGCAGTGAGCCAAGATCAGGCCACTGCACTCCAGCCTGGGTGACAGAGTGAGACCCTGTCTCAAAAAAAAAAAAAAAAAAAAA"
"chr1","15366527","15366686","chr4","123011317","123011500","64","107644790","CCATCTTTTCTTAAAATACAAAAATTTAACTAGGGCGGGTGGTGTATGCCTGTAGTCCCAGCTACTCAGGAGGGTTAAGGCATGAGAATTGCTTAAACCCAGGAGGCTGAGGTTGCAGTGAACTGAGATTGCACCACTGCACTCCAGCCCCGGTGACAGA","AAAAAAAAAAAAAATTATATATTTATATATATATATATATATATAGCCGGGCGCGGTGGCACATGCCTGTAGTCCCAGCTACTCGGGAGGCTGAGGCAGGAGAATTGCTTGAACCTAGGAGGCCAAGGTTGCAGTGAGATGAGATAGCACTCCAGCCTGGGGGACAGGAGCAGACTTCATCTCA"
"chr1","15374325","15374578","chr20","33014435","33014698","76","17640110","GCTGGACACGGTGGCTCATGCCTGTAATCCCAGCACTTTGGGAGGCTGAAGTGGGTGGATCACAAGGTTAGAAGTTCAAGATCAGCCTGGCCAACATGGTGAAACCCTGTCTCTATTAAAAATACAAAAAGCTGGGTGTGGTGGTACACACCTGTAGTTCCAGTTGCTCTGGAGACTGAAGCAAGAGAATTACTTGAACTCAGGAGGCAGAGTTTGCAGTGAGCTGAGATCGCGCCAGTGCACTCCAGCCTGGG","GGCCAAGCCCAGTGGCTCACAGCTGTAATCCCAGCACTTTCAGAGGCCAAGGTGGGCAGATCACGAGGTCAGGAGTTCAAGACCAACCTGGCCAACATAGTAAAAACCCGTCTCTACTAAAAAAAAAAAAAAAAAAAAAAAAAGCCAGGCATGGTGGCACGTGCCTGTAGTCCCAGCTACTTGGGAGGCTGAGGCAGGAGAATCACTTGAACCTGAGAGGCGGAGGTTGTGGAGAGTCAAGATCATGCCACTGCACTCCAGTCT"
"chr1","15404676","15404980","chr1","131937127","131937450","64","116532451","GGCCGGGCGCGGTGGCTCAAGCCTGTAATCCCAGCACTTTGGGAGGCCGAGGCGGGTGGATCACGAGGTCAACAGATCGAGACCATCCTGGTCAACATGGTGAAACCCCGTCTCTACTAAAAATTACAAAAAATTAGCTGGGCACGGTGGCGCGTGCCTGTAATCCCAGCTACTCAGGAGGCTGAAACAGGAGAATTGCCTGAACCCAGGGGGCGGAGGTTGCGGTGAGCCGAGATTGCGCCATTGCACTCTAGCCTGGGTAACAAGAGCAAAACTCCGTCTCAAAATAAATAAATAAATAAATA","GCCAGGTGCGGTGCCTCATGCCTGTAATCCCAGCACTTTGGGATGCCGAGGCGGGTGGATCACAAGGTCAGGAGTTCAAGACCAGCCTGGCCAACATAGTGAAACCCCGTCTCTACTAAACATACAAAAAATTAGCCGGGCGTGGTGGCAGGTGCCTGTAATCCCAGCTATTCAGGGAGGCTGAGGCAGGAGAATTGCTTGAACCTGGGAGGCGGAGGTTGCAGTGAGCCAAGATCGCACCACTGCACTCCAGCCCAGGTGACAATGCGAGACTCCATCTCAAATAAATACATAAATAAATAAATAAATAAACAAACAAACAAA"
"chr1","15447386","15447700","chr1","131937127","131937450","56","116489741","GGCCGGGCGCGGTGGCTCAAGCCTGTAATCCCAGCACTTTGGGAGGCCGAGACGGGTGGATCACGAGGTCAAGAGATCGGGACCATCCTGGTCACCATGGTGAAACCCCGTCTCTACTAAAAAAAATACAAAAAATTAGCTGGGCATGGTGGCGCACGCCTGTAATCCCAGCTACTCGGGAGGCTGAGGCAGGAGAATTGCCTGAACCCAGGAGGCGGAGGTTGCGGTGAGCCGAGATCGCGCCATTGCACTCCAGCCTGGGTAACAAGAGCGAAACTCCGTCTCAAAAAAAAAAAAAAAAAAAAAAAAAAGAAA","GCCAGGTGCGGTGCCTCATGCCTGTAATCCCAGCACTTTGGGATGCCGAGGCGGGTGGATCACAAGGTCAGGAGTTCAAGACCAGCCTGGCCAACATAGTGAAACCCCGTCTCTACTAAACATACAAAAAATTAGCCGGGCGTGGTGGCAGGTGCCTGTAATCCCAGCTATTCAGGGAGGCTGAGGCAGGAGAATTGCTTGAACCTGGGAGGCGGAGGTTGCAGTGAGCCAAGATCGCACCACTGCACTCCAGCCCAGGTGACAATGCGAGACTCCATCTCAAATAAATACATAAATAAATAAATAAATAAACAAACAAACAAA"
"chr1","15454068","15454373","chr1","131937127","131937450","58","116483059","GGCCAGGCGCAGTGGCTCAAGCCTGTAATCCCAGCACTTTGGGAGGCAGAGGCAGGTGGATCACGAGGTCAAGAGATCGAGACCATCCTGGTCAACATGGTGAAACCCCGTCTCTACTAAAAATACAAAAAATTAGCTGGGCATGGTGGCGCGAGCCTGTAATCCCAGCTACTTGGGAGGCTAAGGCAGGAGAATTGCCTGAACCCAGGAGGCGGAGGTTACGGTGAGCCGAGATCGCGCCATTGCACTCCAGCCTGGGTAACAAGAGCGAAACTCCATCTCAAAAAAAAAAAAAAAAAAAAAAAA","GCCAGGTGCGGTGCCTCATGCCTGTAATCCCAGCACTTTGGGATGCCGAGGCGGGTGGATCACAAGGTCAGGAGTTCAAGACCAGCCTGGCCAACATAGTGAAACCCCGTCTCTACTAAACATACAAAAAATTAGCCGGGCGTGGTGGCAGGTGCCTGTAATCCCAGCTATTCAGGGAGGCTGAGGCAGGAGAATTGCTTGAACCTGGGAGGCGGAGGTTGCAGTGAGCCAAGATCGCACCACTGCACTCCAGCCCAGGTGACAATGCGAGACTCCATCTCAAATAAATACATAAATAAATAAATAAATAAACAAACAAACAAA"
"chr1","15454742","15455042","chr14","38774640","38774953","65","23319898","GGCTGGGCATGGTGGCTCACACCTGTAATCCCAGCACTTTGGGAGGCCGAGGCAGGTGGATCATGAGGTCAAGAGATTGAGACCATCCTGGTCAACATGGTGAAACCCCGTCTCTACTAAAAATACAAAAAATTAGCTGGGCATGGTGGTGCGTGCCTGTAATCCCAGCTGCTCAGGAGGCTGAGGCAGGAGAATTGCCCGAACCCATGGGCGGAGGTTGCGGTGAGCCGAGATCGCACCATTGCACTCCAGACTGGGTAACAAGAGCGAAACTCCGTCTCAAAAAATAAAATAAATAAAA","GGCCAGGTGTGGTGGCTCACACCTGTAATACTAGCACTTTGGGAGGCCAAGGCGGGTGGATCACGAGGTCAGGAGATCAAGACCAGCCTGGCCAACATGGTGAAACCCCATCTCTACTTAAAAAAAAAAAAAAAAAAAAAAAAATTAGCTGGGTATAGTGGCGTGCACCTGCAGTCTCAGCTACTCGGGAGGCTGAGGCAGGAGAATCACTTGAACCCGGGAGGTGGAGGTTGCAGTGAGCCAAGATCAGGCCACTGCACTCCAGCCTGGGTGACAGAGTGAGACCCTGTCTCAAAAAAAAAAAAAAAAAAAAA"
"chr1","15509516","15509819","chr14","38774640","38774953","53","23265124","GGCCGGGCGTGGTGGCTCAAGCCTGTAATCCCAGCACTTTGGGAGGCCGAGGCGGGTGGATCACGAGGTCAAAAGATCGAGACCATCCTGGTCAACATGGTGAAACCCCGTCTCTACTAAAAATACAAAAAATTAGCTGGGCATGGTGGTGCGTGCCTGTAATCCCAGCTACTCGGGAGGCTGAGGCAGGAGAATTGCCTGAACCCAGGAGGTGGAGGTTGCGGTGAGCTGAGATGGTGCCATTGCACTCCAGCCTGGGTAACAAGAGTGAAACTCCGTCTCAAAAAAAAAAAAAAAAAAAAAA","GGCCAGGTGTGGTGGCTCACACCTGTAATACTAGCACTTTGGGAGGCCAAGGCGGGTGGATCACGAGGTCAGGAGATCAAGACCAGCCTGGCCAACATGGTGAAACCCCATCTCTACTTAAAAAAAAAAAAAAAAAAAAAAAAATTAGCTGGGTATAGTGGCGTGCACCTGCAGTCTCAGCTACTCGGGAGGCTGAGGCAGGAGAATCACTTGAACCCGGGAGGTGGAGGTTGCAGTGAGCCAAGATCAGGCCACTGCACTCCAGCCTGGGTGACAGAGTGAGACCCTGTCTCAAAAAAAAAAAAAAAAAAAAA"
"chr1","15522093","15522395","chr14","38774640","38774953","60","23252547","GGCCGGGCGCAGTGGCTCAAGCCTGTAATCCCAGCACTTTGGGAGGCTAAGGCAGGTGGATCACTAGGTCAAGAGATCAAGACCATCCTAGTCAACATGGTGAAACCCTATCTCTACTAAAAATACAAAAAATTAGCTGGGCACAGTGGTGCGTGCCTGTAATCCCAGCTATTCAGGAGGCTGAGGCAGGAGAATTGCCCGAACCCAGGAGGTGGAGGTTGCGGTGAGCCGAGATCGCGCCATTGCACTCCAGCCTGGGCAACAAGAGCGAAACTTGGTCTCAAAAAAAAAAAAAAAAAGAAA","GGCCAGGTGTGGTGGCTCACACCTGTAATACTAGCACTTTGGGAGGCCAAGGCGGGTGGATCACGAGGTCAGGAGATCAAGACCAGCCTGGCCAACATGGTGAAACCCCATCTCTACTTAAAAAAAAAAAAAAAAAAAAAAAAATTAGCTGGGTATAGTGGCGTGCACCTGCAGTCTCAGCTACTCGGGAGGCTGAGGCAGGAGAATCACTTGAACCCGGGAGGTGGAGGTTGCAGTGAGCCAAGATCAGGCCACTGCACTCCAGCCTGGGTGACAGAGTGAGACCCTGTCTCAAAAAAAAAAAAAAAAAAAAA"
"chr1","15574549","15574852","chr14","38774640","38774953","69","23200091","GGTCAGGCACAGTGGCTCACTCCTGTAATCCCAGCACTTTGGGAGGCCAAGGCGGGCAAATCACAAGATCAGGAATTTGAGACCAGCCTGGCCAACATGGTGAAAGCCTGTCTCTACTAAAAAAAACCACAAAGTTAGCTGGGCATGGTGGCAGGCACCTTTAATTTCAGCTGTTCGGGAGATGAGGCAGGAGAATCACTTGAACCTGGGAGGCAGAGGCTGCAGTGAGCCGAGATCATGCCACTCCACTCCAGCTCAAGTGGCAGTGTGGGACTCTAACTGTCTCAAAAAAAAAGAAAGAAAA","GGCCAGGTGTGGTGGCTCACACCTGTAATACTAGCACTTTGGGAGGCCAAGGCGGGTGGATCACGAGGTCAGGAGATCAAGACCAGCCTGGCCAACATGGTGAAACCCCATCTCTACTTAAAAAAAAAAAAAAAAAAAAAAAAATTAGCTGGGTATAGTGGCGTGCACCTGCAGTCTCAGCTACTCGGGAGGCTGAGGCAGGAGAATCACTTGAACCCGGGAGGTGGAGGTTGCAGTGAGCCAAGATCAGGCCACTGCACTCCAGCCTGGGTGACAGAGTGAGACCCTGTCTCAAAAAAAAAAAAAAAAAAAAA"
"chr1","15603077","15603314","chr1","184312086","184312333","65","168709009","GAGGTCAAGAGTTTGAGACCAGCTTGGCCTACATGGTGAAACCTCATCTCTACTAAAAATACAAAAAAAAAAAAATTAGCTGGGCATGGTGGAGCATGCCTGTAGTCCCAGCTACTCGGGGAGGCTGAGGTAAGAGAATCACTTGAACCCAGGAGGCAGAGGTTGCAGTGAGCCAAGACCACGCCACGGTACTCCAACCTGAGCTACAGAGGGAGGACTCCATCTCAAAAAAAAAAAA","GGAATTCGGAGACCAGCCTGGGCAACACGGTGAAAACCCATCTCTACTAAAATACAAAAAAAAAAAAAAAAAAAAAAAAAATTAGCCGGGCATGGCGGCGTGTGCCTGTTGTCCCAGCTACTCGGGAGGCTGAGGCAGGAGAATTGCTTGAACCTGGGAGGCAAAGGGTGCAGTAAGCCGAGATTGTGCCACTGCACTCCAGCCTGGGCAACAGAGCGAGACTCATCTCCAGAAAAAAAAAAAAAAAA"
"chr1","15651499","15651771","chr18","43221019","43221313","83","27569520","GGCTGGGTATGATGGCTCATACCAGCACTTTGGGAGGCCAAGGCAGGTAGATCATGAGGTCAGGAGTTTGAGACCTGCCTGGCCAACATAGTGAAACCCCATCTGTAGTAAAAATACAAAAAACTTAGCGAGGCATGATGGTGCGTGCCTGTAATCCCAGCTAAGACTGAGGCAGGAGAATCACCTGAACCCGGGAAGTGGAGGTTGTGATGAGCTGAGATTACGCCACAGCACTCCAGCCTGGGCAACAGGGTGAGACTCCATCGGAAAAAA","GGCCGGGCATGGTGGCTCACACCTATAATGCCAGCACTTTGGGAGGCCAAGGCGGGAGGTCAGGAGTTCAAGACTAGCCTGGCCAACATGGTGAAACTAAAAATATAAAAATATAAAAATATAAAAATATAAAAATCTGCTGGGCATGGTGGTGCGCGCCTGTAGTCCCAGCTACTCAGGAGGCTGAGGCAGGAGAATCGCTTGAACCCGGGAGGGCAGGGGTTGCAGTGAGCTGAGATCGCACTACTGCACTCCATCCTGGGCGACAGAGTGAGACTCCATCTCAAAAAAAAAA"
"chr1","15688131","15688420","chr9","46299315","46299628","65","30611184","GGCTGGGCACGGTGGCTCACACCTGTAATCCCAGCACTGTGGGAGGCTGAGGCGGGTAGATCATGAGGTCTGGAGTTCGAGACTAGCCTGACCAGCATGGTGTAACCCCATCTCTTCTAAAAATAAAAAATTAGCCGGGTGTGGTGGCAGGTGCCTGTAGTCCCAGCTACTCAGGGAGCTGAGGCAGGAGAATCGCTTGAACCCAGGAGGCGGAGGTTACAGTGAGCCAAGATTGTGCCACTGCACTCCAGCCTGGGCGACAGAGAGAGACACGGTCTCAAAAAAAAAAA","GGCCAGACACAGTGGCTCACGTCTGTAATCCCAGCACTTTGGGAGGCAGAGGCGGGTGGATCACAAGGTCAGGAGTTTGAGAGCAGCCTGGCCAACATAGTGAAACCCTGTCTCTACTAAAAATACAAAAAAATTAGCCAGGTGTGGTGGTGGGTGCCTGTAATCCCACCTACTCAGGAGGCTGAGGCTGAGGCTGAGGCTGAGGAGAATCGTTTGAATCTGGGAGGCAGAGGTGGCAGTGAGCCGAGATTGCGCTACTGCACTCCAGCCTGGGCGACAGTGTGAGACTCTGTCTCAAAAAAAAAAAAAAAAAA"
"chr1","15737309","15737457","chr19","52210453","52210581","74","36473144","GCTGGGCACAGTGGCTCACGCTTGTAATCCCAGCACTTTGGGAGGCCGAGGCGGGCAGATCATGAGGTTAAGAGTTATAGACCAGCCTGACCAACACAGTGAAACCCTGTCTCTACCAAAATTACAAAAAATTAGCTGGGCATGGTGGC","GGAGGTTGCAGTGAGCCAAGACTGCAACACTGCACTGCAGCCTGGGTGACAGAGCCAGACCTTGTCTCAAAAAAAAAAAAGAACAACACACACACACACACACACACACACACAAACGAAGGAAAAAAA"
"chr1","15828779","15829063","chr18","43221019","43221313","63","27392240","GCCAGGCGCGGTGGCTCACACCTGTAATTCTAACACTGTGGGAGGCCAAGGCAGGCGAATCATGAGGTCAGGAGTTTGAGACCAGCCTGGCCAACATGGTGAAACCCCATCTCTATTAAAAATACAAAAAATTAGCTGGGCGTGGTGGTGGGCACCTGTAATCCTAGCTAGTCAGGAGGCTGAGGCAGGAGAATCGCTTGAACCTGGGAGGTGGAGGTTGCAGTGAGCTGAAATTGTGCCACTGCACTCCAGCCTGGGCGACAGAGTGAGACTCCATCTCAAAAA","GGCCGGGCATGGTGGCTCACACCTATAATGCCAGCACTTTGGGAGGCCAAGGCGGGAGGTCAGGAGTTCAAGACTAGCCTGGCCAACATGGTGAAACTAAAAATATAAAAATATAAAAATATAAAAATATAAAAATCTGCTGGGCATGGTGGTGCGCGCCTGTAGTCCCAGCTACTCAGGAGGCTGAGGCAGGAGAATCGCTTGAACCCGGGAGGGCAGGGGTTGCAGTGAGCTGAGATCGCACTACTGCACTCCATCCTGGGCGACAGAGTGAGACTCCATCTCAAAAAAAAAA"
"chr1","15881937","15882230","chr18","43221019","43221313","74","27339082","GGCTGGGCATGGTGGCTTATGCCTGTAATGCCAGCAGTTTGGGAGGCTAAGGCAGATGGATCACCTGAGGTCAGGAGTTCGACACCAGCCTCGTGAACATGCTTAAACCCCATCTTGATTAAAAACACAAAAAATCAGACAGGTGTGGTGGCATGCATCTGTAGTCCCAGCTACTCAGGAGGCTGAAGCAGGAGAATCACTTGAACCCAGGAGATGGAGGCTGCAGTGAGCTGAGATTGTGCCACTGTACTCCAACCTGGGCAGCAGAGTGAAACTCCATCTCAAAAAAAAAAA","GGCCGGGCATGGTGGCTCACACCTATAATGCCAGCACTTTGGGAGGCCAAGGCGGGAGGTCAGGAGTTCAAGACTAGCCTGGCCAACATGGTGAAACTAAAAATATAAAAATATAAAAATATAAAAATATAAAAATCTGCTGGGCATGGTGGTGCGCGCCTGTAGTCCCAGCTACTCAGGAGGCTGAGGCAGGAGAATCGCTTGAACCCGGGAGGGCAGGGGTTGCAGTGAGCTGAGATCGCACTACTGCACTCCATCCTGGGCGACAGAGTGAGACTCCATCTCAAAAAAAAAA"
"chr1","15945041","15945341","chr16","53300472","53300797","84","37355431","GGCCAGGTGTACTGGCTCACTCCTGTAATCCCAACACTTTGAGAGGCTGAGGTAGGCAGATCACCTGAGCTCGGGAATTTGAGACCAGCCTGGTAGGCGTTATGGTGAAACCTCATCTCTACCAAAAATACAAAAAATTAGCCAGACATGGTGGCGTGCACCTGTGGTCCCAGATACTTGGGAGGCTGGGGTGGGAGGATCTCTTGAGGCCCAAGAAGCACAGTTTGAAGTGAGCCGAGATCACACCACTGCACTCCAACTTGGGTGACAGAGCAAGACCTCATCTCAAAACAAAACAAAA","GGCCGGGCGTGGTGGCTCACACCTGTAATCCCACCACTTTGGGAGGCCGAGGTGGGCGAATCACGAGGTCAGGAGTTCAAGACCAGCCTGGCCAACATAGTGAAAACCTGTCTCTACTAAAAATACACACACACACACACACCACACACACACACACAAAATTAGCCAGGCATGGTGGCGGGCGCCTGTAGTCCCAGCTACTTGGGAGGCTGAGGCAGGAGAATCGCTTGAACCCAGGAGGCAGAGGTTGCAGTGAGCTGAGATCACACCACTGCACTCCAGCCTGGGTGACAGAATGACACTCCGTCTCAAAAAAAAAAAAAAAA"
"chr1","16010486","16010782","chr18","15009231","15009552","61","1001255","GGCTGGGCGCGGTGGCTCAAGCCTGTAATCCCAGCACTTTGGGAGGCCGAGGCAGGTGGATCACGAGGTCAAGAGATCAAGACCATTCTGGTCAACATGGTGAAACCCCGTCTCTACTAAAAATACAAAAAATTAGCTGGGCAAGGTGGCGCGTGCCTGTAATCCCAGCTACTCAGGAGGCTGAGGCAGGAGAATTGCCTGAACCCAGGAGGCAGAGGTTGAGTTGAGCCGAGATCACACCATTGCACTCCAGCCTGGGTAACAAGAGCGAAACTCCGTCTCAAAAAAAAAAAAAAA","GCCAGGCGTGGTGGCTCATGCCTGTAATCCCAGCACTTTGGGAGGCCGAGGCGGGCAGATCACGAGGTCAGGAGTTCGAGACCAGCCTGACCAATATGGTGAAACCCCATCTCCACTAAAAACACACACACACACACACACACACACACACAAAATTAGCTGGGCGTGGTGGCACGTGCCTGTAGTCCCAGCTACTCAGGAGGCTGAGGCAGGAGAATTGCTTGAACCCAGGAGGCAGAGGTTGCAATGAGCTGAGATTGCACCATTGCACTCCAGCCTGGGTGACAGAGCGAGACTCCATCTCAAAGAAAAAAAAAAAGAA"
"chr1","16186327","16186630","chr18","15009231","15009552","72","1177096","GGCCAGGAGCAGTGGCTCATGCCTATAATCCCAGAACTTTAGGAGGCCAAGACAGGCAGAAAACGACAAAAGGAGTTCAAGACCAGCCTGGACAACATGGTGAAACTCCCTCACTACTAAAGATACCAAAAAAAAAAAAAAATTAGCTGGGCATGGTGACCCACACCTATAATCCCAGCTACTTGAGAGGTTGAGGCAAGAAAGTTGCTTGAACCTGGGAGGTAGAGGTTGCAGTGAGCAGAGATTGCACCACTACACTCCAGCCTGGGTGATAGGGTGGGGCTCCATCTCAAAAAAAAAAAAA","GCCAGGCGTGGTGGCTCATGCCTGTAATCCCAGCACTTTGGGAGGCCGAGGCGGGCAGATCACGAGGTCAGGAGTTCGAGACCAGCCTGACCAATATGGTGAAACCCCATCTCCACTAAAAACACACACACACACACACACACACACACACAAAATTAGCTGGGCGTGGTGGCACGTGCCTGTAGTCCCAGCTACTCAGGAGGCTGAGGCAGGAGAATTGCTTGAACCCAGGAGGCAGAGGTTGCAATGAGCTGAGATTGCACCATTGCACTCCAGCCTGGGTGACAGAGCGAGACTCCATCTCAAAGAAAAAAAAAAAGAA"
"chr1","16207613","16207902","chr18","15009231","15009552","66","1198382","GCCAGGTGCGGTGGCTCACGCCTGTAACCCCAGCACTTTGGGAGGCCGAGGCGGGTGGAGAACGAGGTCAAGATCGAGACCATCCTGGTCAACATGGTGAAACCCCATCTCTACGAAAAATACAAAAAATTAGCTGGGCATGGTGGCGTGTGCCTGTAATCCCCGCTACTCAGGAGGCTGAGGCAGGAGAATTGCCTGAACCCAGGAGGCGGAGGTTGTGGTGAGCCGAGATCGCGCCATTGCGCTCCAGCCTGGGTAACAAGAGCAAAACTCCATCTCAAAAAAAAAAA","GCCAGGCGTGGTGGCTCATGCCTGTAATCCCAGCACTTTGGGAGGCCGAGGCGGGCAGATCACGAGGTCAGGAGTTCGAGACCAGCCTGACCAATATGGTGAAACCCCATCTCCACTAAAAACACACACACACACACACACACACACACACAAAATTAGCTGGGCGTGGTGGCACGTGCCTGTAGTCCCAGCTACTCAGGAGGCTGAGGCAGGAGAATTGCTTGAACCCAGGAGGCAGAGGTTGCAATGAGCTGAGATTGCACCATTGCACTCCAGCCTGGGTGACAGAGCGAGACTCCATCTCAAAGAAAAAAAAAAAGAA"
"chr1","16211468","16211764","chr14","38774640","38774953","80","22563172","CCTGGTGTAGTGGCTCACACCTATAATCCTAGCACTTTGGGAGGCAGAGGCAGGTGGATCACTTGAGGCCAGGAGTATGAGATTAGCCTGGCCAACAGGTGAAACCACGTCTTCATTAAAAATACAAAAAATTAGCCAGGTGTGGTGGTGCATGTCTGTCTGTAGTCCCAGCTACTCAGGAGGCTGAGACAGGAGAATTGCTTGAACCCAGGAGTCAGAGTTGCAGTGTGCCACTGCACTCCAGCTTGTGTGACAAATCAAGACACTGCCTCAAAAAAAAAAAAAAAAAAAAAAGAA","GGCCAGGTGTGGTGGCTCACACCTGTAATACTAGCACTTTGGGAGGCCAAGGCGGGTGGATCACGAGGTCAGGAGATCAAGACCAGCCTGGCCAACATGGTGAAACCCCATCTCTACTTAAAAAAAAAAAAAAAAAAAAAAAAATTAGCTGGGTATAGTGGCGTGCACCTGCAGTCTCAGCTACTCGGGAGGCTGAGGCAGGAGAATCACTTGAACCCGGGAGGTGGAGGTTGCAGTGAGCCAAGATCAGGCCACTGCACTCCAGCCTGGGTGACAGAGTGAGACCCTGTCTCAAAAAAAAAAAAAAAAAAAAA"
"chr1","16318948","16319251","chr9","46299315","46299628","61","29980367","GGCCGGGCACAGTGGCTCAAGCCTGTAATCCCAGCACTTTGGGAGGCCGAGGCGGGTGGATCATAAGGTCAAGAGATCGAGACCATCCTGGTCAACATGGTGACACCCTGTCTCTACTAAAAATACAAAAAATTAGCTGGGCACGGTGGTGCGTGCCTGTAATCCCAGCTACTCAGGAGGCTGAGGCAGGAGAATTGCCTGAACCCACGAGGCGGAGGTTGCGGTGAGCCGAGATCACGGCATTGCACTCCAGCCTGGGTAACAAGAGTGAAACTCCGTCTCAAAAAAAAAAGAAAAAGAAAAA","GGCCAGACACAGTGGCTCACGTCTGTAATCCCAGCACTTTGGGAGGCAGAGGCGGGTGGATCACAAGGTCAGGAGTTTGAGAGCAGCCTGGCCAACATAGTGAAACCCTGTCTCTACTAAAAATACAAAAAAATTAGCCAGGTGTGGTGGTGGGTGCCTGTAATCCCACCTACTCAGGAGGCTGAGGCTGAGGCTGAGGCTGAGGAGAATCGTTTGAATCTGGGAGGCAGAGGTGGCAGTGAGCCGAGATTGCGCTACTGCACTCCAGCCTGGGCGACAGTGTGAGACTCTGTCTCAAAAAAAAAAAAAAAAAA"
"chr1","16325627","16325937","chr1","131937127","131937450","55","115611500","GGCCAGGCGCGGTGGCTCACGCCTGTAATCCCAGCACTTTGGGAGGCCGAGGCGGGTGGATCACGCGGTCAAGAGATCGAGACCATCCTGGTCAACATGTGAAACCCTGTCTCTACTAAAAATACAAAAAATTAGCTGGGCATGGTGGTGCGTGCCTATAATCCCAGCTACTCAGGAGGCTGAGGCAGGAGAATTGCCTGAACCCAGGAGGCGGAGGTTGCGGTGAGCCGAGATCGCGCCATTGCACTCCAGCCTGGGTAACAAGAGTGAAACTCCGTCTCAAACAAAACAAAACCAAACAAAACAAAAAA","GCCAGGTGCGGTGCCTCATGCCTGTAATCCCAGCACTTTGGGATGCCGAGGCGGGTGGATCACAAGGTCAGGAGTTCAAGACCAGCCTGGCCAACATAGTGAAACCCCGTCTCTACTAAACATACAAAAAATTAGCCGGGCGTGGTGGCAGGTGCCTGTAATCCCAGCTATTCAGGGAGGCTGAGGCAGGAGAATTGCTTGAACCTGGGAGGCGGAGGTTGCAGTGAGCCAAGATCGCACCACTGCACTCCAGCCCAGGTGACAATGCGAGACTCCATCTCAAATAAATACATAAATAAATAAATAAATAAACAAACAAACAAA"
"chr1","16355480","16355778","chr14","38774640","38774953","61","22419160","GGCCGAGCGCGGTGGCTCACGCCTGTAATCCCAGCACTTTGGGAGGCCGAGGCGGGTGGATCACGAGGTGAACAGATCGAGACCATCCTGGTCAACATGGTGAAACCCTGTTTCTACTAAAAATACAAAAAATTAGCTGGGCATGGTGGCGCGTGCCTGTAATCCTAGCTACTCAGGAGGCTGAGGCAGGAGAATTGCCTGAACCCAGGAGGTGGAGGTTGTGGTGAGCCAAGATCGCGCCATTGTACTCCAGCCTGGATGAAAAAGTGAAACTCCGTCTAAAAAAAAAAAAAAAGAAA","GGCCAGGTGTGGTGGCTCACACCTGTAATACTAGCACTTTGGGAGGCCAAGGCGGGTGGATCACGAGGTCAGGAGATCAAGACCAGCCTGGCCAACATGGTGAAACCCCATCTCTACTTAAAAAAAAAAAAAAAAAAAAAAAAATTAGCTGGGTATAGTGGCGTGCACCTGCAGTCTCAGCTACTCGGGAGGCTGAGGCAGGAGAATCACTTGAACCCGGGAGGTGGAGGTTGCAGTGAGCCAAGATCAGGCCACTGCACTCCAGCCTGGGTGACAGAGTGAGACCCTGTCTCAAAAAAAAAAAAAAAAAAAAA"
"chr1","16434792","16435091","chr1","131937127","131937450","61","115502335","CGGTGGCTAAAGCCTGTAATCCCAGCACTTTGGGAGGCCGAGGCGGGTGGATCACGAGGTCAGGAGATCAAGACCATCCTGGTCAACATGGTAAAACCCTGTCTCTACTAAAAATACAAAAAATTAGCTGGGCATGGTGGCGCATGCCTGTAATCCCAGCTACTCAGGAGGCTGAGGCAGGAGAATTGCCTGAACCCAGGAGGCGGAGGTTGCGGTGAGCCGAGATCACATCATTGCACTCCAGCCTGGGTAACAAGAGTGAAAACTCTGTCTCAAAAAAAAAAGAAAACAAACCAAAAA","GCCAGGTGCGGTGCCTCATGCCTGTAATCCCAGCACTTTGGGATGCCGAGGCGGGTGGATCACAAGGTCAGGAGTTCAAGACCAGCCTGGCCAACATAGTGAAACCCCGTCTCTACTAAACATACAAAAAATTAGCCGGGCGTGGTGGCAGGTGCCTGTAATCCCAGCTATTCAGGGAGGCTGAGGCAGGAGAATTGCTTGAACCTGGGAGGCGGAGGTTGCAGTGAGCCAAGATCGCACCACTGCACTCCAGCCCAGGTGACAATGCGAGACTCCATCTCAAATAAATACATAAATAAATAAATAAATAAACAAACAAACAAA"
"chr1","16436254","16436527","chr9","46299315","46299628","80","29863061","GGCTGGATGCGGTGGCTCACACCAGTAATCCCAGCACTTTGGGGGCCGAGGCGGGTAAATCATGAGATCAGGAGTTCGAGACCAGCCTGGCCCCTCTCTACTAAAAATACAAAAAATTAGCCAGGTGTAGTGGCAGGCGCCTGTAATCCCAGCTACTCCGGAGGCTGAGACAGGAGGATCGCTTCAACCCGAGGGGCAGAGGTTGCCATAAGCCGAGATTGCGCCACTGCACTCCAGCTCAGGCAACAGAGTGAGACAGTCTCAAAACAAAAAA","GGCCAGACACAGTGGCTCACGTCTGTAATCCCAGCACTTTGGGAGGCAGAGGCGGGTGGATCACAAGGTCAGGAGTTTGAGAGCAGCCTGGCCAACATAGTGAAACCCTGTCTCTACTAAAAATACAAAAAAATTAGCCAGGTGTGGTGGTGGGTGCCTGTAATCCCACCTACTCAGGAGGCTGAGGCTGAGGCTGAGGCTGAGGAGAATCGTTTGAATCTGGGAGGCAGAGGTGGCAGTGAGCCGAGATTGCGCTACTGCACTCCAGCCTGGGCGACAGTGTGAGACTCTGTCTCAAAAAAAAAAAAAAAAAA"
"chr1","16437196","16437474","chr5","40719350","40719670","82","24282154","GGCTTCTGCCAATAATCCCAGCACTTTGGGAGGCCAAGGCAGGCAGATCGTGAGGTCAGGAGTTCAAGAGCAGCCTGGTGAATATAGTGAAACCCCATCTCTACTAAAAATACAAAAAATTAGCCAGGAGTGATGTCAGGTGCTTGTAATCCCAGCTACTCAGGAGGCAGAGACAGGAGAATCACTTGAACCTCGGAGGAGGAGGTTGTAGTGAGCTGAGATCATGCCATTGCACTCCCACCTAGGACTCTATCTCAAATAAAGGAAAACAAAACAAAA","GGCTGGGCGCGGTGGCTCATGCCTGTAATCCCAGCACTTTGGGAGGCAGAGGTGGGCGGATCACGAGGTCAGGAGTTCAAGACCAGCCTGGCCAACATAGTGAAACCCAATCTTTACTAAAAATACAAAAAATTAGCCAGGCATGGTGGCAGGCACTTGTAATCCCAGCTATTCAGGAGACTGAGACAGGAGAATCATCTGAACCCAGGAGGAAGAGGTTGCAGTGAGCCAAGATCACACCATTGCACTCCAGCCCACGGGAAAGTGCGAGCCTCCATCTCAAAAACAACAACAACAACAACAACAACAAAAAACAAAAAA"
"chr1","16456612","16456922","chr3","13063317","13063638","59","3393295","GGCTGGGCACAGTGGCTCACGCCTATAATCCCAGCACTTTGGGAGGCTGAGGCGGGTGGATCACGAGGTCAAGAGATCAAGACCATCTGGTCAACATGGTGAAACCCCATCTCTACTAAAAATACAAAAAATTAGCTGGGCATGGTGTTGCATGCCTGTAATCCCAGTTACTCAGGAGGATGAGGCAGGAGACTTGCCTGAACCCAGGAGGCGGAGGTTGCGGTGAGCCGAGATTGCGCCATGGCACTCCAGCCTGGGTAACAAGAGTGAAACTCCGTCTCAAAAAAAAAAAAAAAAAAAAGAAAAGAAAA","GGCCGGGCACGATGGCTCACGCCTATAATCCCAGCACTTTGGGAGGCCAAGGTGGGCAGATCACGAGGTCAGGAGTTCGAGACCAGTCTGGCCAACATAGTGAAACCCTGTCTCTACTAAAAATACACAAAAAATTAGCCAGGTGTGGTGGCAGGTGCCTGTCATCCCAGCTACTCAGGTGGCTGAGGCAGGAGAATCGCGTGAACCCGGGAGGCGGAGGTTGCAGTGAGCCAAGATCGTGCCACTGCACTCCAGCCTGGGCAACAGAACGAGACTACATATCAAAAAAAAAAAAAAAAAAAAAAAAATCCCAAAAAACAAA"
"chr1","16486426","16486742","chr14","38774640","38774953","57","22288214","GGCTGGGTGTGGTGGCTCACACCTGTAATCCTAGCACTTTGGGAGGCCAAGACAGGCAGATCACGAGGTCTGAACTTCGAGACCAGTCTGGCCCATATAGTGAAACCCTGTCTCTACTAAAAATACCAAAAAAAGAAAAAAAATTAGCCAGGTGTGGTGGTGTGTGCCTGTAATCCCAGCTACTCAGGTGGCTGAGGCAGGAGAATCACATGAACCTGGGAGGCAGAGGTTGCAATGAGCCAAGATTGTGCCATTGCTCTCCAGCGCTGGCAACAGTGTGAGACTCCATCTCAATTCAGAAAAAAAAAAAAAAAAAA","GGCCAGGTGTGGTGGCTCACACCTGTAATACTAGCACTTTGGGAGGCCAAGGCGGGTGGATCACGAGGTCAGGAGATCAAGACCAGCCTGGCCAACATGGTGAAACCCCATCTCTACTTAAAAAAAAAAAAAAAAAAAAAAAAATTAGCTGGGTATAGTGGCGTGCACCTGCAGTCTCAGCTACTCGGGAGGCTGAGGCAGGAGAATCACTTGAACCCGGGAGGTGGAGGTTGCAGTGAGCCAAGATCAGGCCACTGCACTCCAGCCTGGGTGACAGAGTGAGACCCTGTCTCAAAAAAAAAAAAAAAAAAAAA"
"chr1","16525550","16525852","chr14","38774640","38774953","58","22249090","GGCCGGGCGTGGTGGCTCAAGCCTGTAATCCCAGCACTTTGGGATGCCGAGGCGGGTGGATCACTAGGTCAACAGATCGAGACCATCCTGGTCAACATGGTGAAACCCCGTCTCTACTAAAAATTACAAAAAATTAGCTGGGCACGGTGGTGCGTGCCTGTAATCCCAGCTACTCAGGAGGCTGAGGCAGGAGAATTGCCTGAACCCAGGAGGCGGAGGTTGCGGTGAGCCGAGATTACGCCATTGCACTCCAGCCTGGGTAACAAGAGCGAAACTCCGTCACAAAAAAAAAAAAAAAAAAAA","GGCCAGGTGTGGTGGCTCACACCTGTAATACTAGCACTTTGGGAGGCCAAGGCGGGTGGATCACGAGGTCAGGAGATCAAGACCAGCCTGGCCAACATGGTGAAACCCCATCTCTACTTAAAAAAAAAAAAAAAAAAAAAAAAATTAGCTGGGTATAGTGGCGTGCACCTGCAGTCTCAGCTACTCGGGAGGCTGAGGCAGGAGAATCACTTGAACCCGGGAGGTGGAGGTTGCAGTGAGCCAAGATCAGGCCACTGCACTCCAGCCTGGGTGACAGAGTGAGACCCTGTCTCAAAAAAAAAAAAAAAAAAAAA"
"chr1","16526825","16527123","chr18","15009231","15009552","62","1517594","CCGGGCGTGGTGGCTCAAGCCTGTAATCCCAGCACTTTGGGAGGCTGAGGCGGGTGGATCACTAGGTCAACAGATCGAGACCATCCTGGTCAACATGGTGAAACCCTGTCTCTACTAAAAATTACAAAAAATTAGCTGGACACGGTGGCGCGTGCCTGTAATCCCAGCTACTCAGGAGGCTGAGGCAGGAGAATTGCCTGAACCCAGGGGGCGGAGGTTGCGGTGAGCCGAGATTGCGCCATTGCACTCCAGCCTGGGTAACAAGAGCGAAACTCTGTCACAAAAAAAAAAAAAAAAAA","GCCAGGCGTGGTGGCTCATGCCTGTAATCCCAGCACTTTGGGAGGCCGAGGCGGGCAGATCACGAGGTCAGGAGTTCGAGACCAGCCTGACCAATATGGTGAAACCCCATCTCCACTAAAAACACACACACACACACACACACACACACACAAAATTAGCTGGGCGTGGTGGCACGTGCCTGTAGTCCCAGCTACTCAGGAGGCTGAGGCAGGAGAATTGCTTGAACCCAGGAGGCAGAGGTTGCAATGAGCTGAGATTGCACCATTGCACTCCAGCCTGGGTGACAGAGCGAGACTCCATCTCAAAGAAAAAAAAAAAGAA"
"chr1","16539150","16539439","chr9","46299315","46299628","72","29760165","GCCGGGCATGGTGGCTCACGCCTGTAATCCCAGCACTTTGGGAGGCTGAGGCGGGTGGATCACAAGGTCAAGAGATCGAAACCATCATGGTCAACATGATGAAACCCCGTCTCTACTAAAAATTACAAAAAATTAGCTGGGCATGGTGGCGCATGCCTGTAATCCCAGCTACTCAGGAGGCTGAGGCAGGAGAATTGCCTGAACCCAGGAGGCGGAGGTGGCGGTGAGCCGAGATTGCACTCCAGCCTGGGTAACAAGAGCAAAACTATTTCTCAGAAAAAACAAACAAA","GGCCAGACACAGTGGCTCACGTCTGTAATCCCAGCACTTTGGGAGGCAGAGGCGGGTGGATCACAAGGTCAGGAGTTTGAGAGCAGCCTGGCCAACATAGTGAAACCCTGTCTCTACTAAAAATACAAAAAAATTAGCCAGGTGTGGTGGTGGGTGCCTGTAATCCCACCTACTCAGGAGGCTGAGGCTGAGGCTGAGGCTGAGGAGAATCGTTTGAATCTGGGAGGCAGAGGTGGCAGTGAGCCGAGATTGCGCTACTGCACTCCAGCCTGGGCGACAGTGTGAGACTCTGTCTCAAAAAAAAAAAAAAAAAA"
"chr1","16610327","16610636","chr14","38774640","38774953","64","22164313","GGCCGGGCGCGGTGGCTCAAGCCTGTAATCCCAGCACTTTGGGAGCCCGAGGCGGGTGGTCACAGGGTCACAAGGTCAACAGATCTAGACCATCCTGGTCAACATGGCGAAACCCCGTCTCTACTAAAAATACAAAAAATTCGCTGGGCATGGTGGTGCATGCCTGTAATCCCAGCTACTCAGGAGGCTGAGGCAGGAGAATTGCCTGAACCCAGGAGGCGGAGGTTGCAGTGAGCCGAGATCACGCCATTGCACTCCAGCCTGGGTAACAAGAGCAAAACTCCGTCTCAAAAAAAAAAAAAAAAAAAAA","GGCCAGGTGTGGTGGCTCACACCTGTAATACTAGCACTTTGGGAGGCCAAGGCGGGTGGATCACGAGGTCAGGAGATCAAGACCAGCCTGGCCAACATGGTGAAACCCCATCTCTACTTAAAAAAAAAAAAAAAAAAAAAAAAATTAGCTGGGTATAGTGGCGTGCACCTGCAGTCTCAGCTACTCGGGAGGCTGAGGCAGGAGAATCACTTGAACCCGGGAGGTGGAGGTTGCAGTGAGCCAAGATCAGGCCACTGCACTCCAGCCTGGGTGACAGAGTGAGACCCTGTCTCAAAAAAAAAAAAAAAAAAAAA"
"chr1","16717853","16718162","chr3","13063317","13063638","63","3654536","GGCTGGGTGCAGTGGCTCACACCTGTAATGCCAGCACTTTGGGAGGCCAACACAGGTGGATTATGAGGTCAGGGCTTCAAGACCAGCCTGACCAACATGGTGAAACCCCGTCTCTACAAAAATACAAAAAAATTAGCCGGGCATGGTGGCATACACCTGTAATCCCAGCTACTCAGGAGGCTGAGGCAGGAGAATCACTTGAAGCCAGAAGGCAGAGGTTGCAGTGAGTCAAGATTGTACCACCTCACTCCAGCCTGGGAGACAGAGCAAGACTCCATTTCAAAAAGAAAAAAAAAAAAAAAAAAAGAAA","GGCCGGGCACGATGGCTCACGCCTATAATCCCAGCACTTTGGGAGGCCAAGGTGGGCAGATCACGAGGTCAGGAGTTCGAGACCAGTCTGGCCAACATAGTGAAACCCTGTCTCTACTAAAAATACACAAAAAATTAGCCAGGTGTGGTGGCAGGTGCCTGTCATCCCAGCTACTCAGGTGGCTGAGGCAGGAGAATCGCGTGAACCCGGGAGGCGGAGGTTGCAGTGAGCCAAGATCGTGCCACTGCACTCCAGCCTGGGCAACAGAACGAGACTACATATCAAAAAAAAAAAAAAAAAAAAAAAAATCCCAAAAAACAAA"
"chr1","16745126","16745418","chr18","15009231","15009552","64","1735895","GGCCAGGCATGGTAGCTCACGCCTGTAATCCCAGCACTTTGGGAGGCCGAGGCGGGTGGATCACGAGGTCAAGAGATCGAGACCCATCCTGGCCAACATGGTGAAACCCGGTCTCTACTAAAAATACAAAAAATTAGCTGGGCATGGTGGCGCGTGCCTGTAATCCCAGCTACTCAGGAGGCTGAGGCAGGAGAATTGCCTGAACGCAGGAGGCGGAGGTTGAGGTGAGCCGAGATCCCGCCATTGCACTCCAGCCTGGGTAACAAGAGCGAAACTCCATCTCAAAAAAAAAA","GCCAGGCGTGGTGGCTCATGCCTGTAATCCCAGCACTTTGGGAGGCCGAGGCGGGCAGATCACGAGGTCAGGAGTTCGAGACCAGCCTGACCAATATGGTGAAACCCCATCTCCACTAAAAACACACACACACACACACACACACACACACAAAATTAGCTGGGCGTGGTGGCACGTGCCTGTAGTCCCAGCTACTCAGGAGGCTGAGGCAGGAGAATTGCTTGAACCCAGGAGGCAGAGGTTGCAATGAGCTGAGATTGCACCATTGCACTCCAGCCTGGGTGACAGAGCGAGACTCCATCTCAAAGAAAAAAAAAAAGAA"
"chr1","16788821","16789120","chr9","46299315","46299628","60","29510494","GGCCGGGCGCGGTGGCTCAAGCCTGTAATCCCAGCACTTTGGGAGGCTGAGGCGGGTGGATCATGAGGTCAACAGATCGAGACCATCCTGGTCAAAATGGTGAAACCCCGTCTCTACTAAAGATACAAAAAATTAGCTGGGCATGGTGGCGCGTGCCTATAATCCCAGCTACTCAGGAGGCTGAGGCAGGAGAATTGCCTGAACCCAGGAGGCGGAGGTTGCAGTGAGCCTAGATTGCGCCATTGCACTCCAGCCTGGGTAACAGGAGCGAAACTCTGTCTCAAAAAAAAAAAAAAAAAA","GGCCAGACACAGTGGCTCACGTCTGTAATCCCAGCACTTTGGGAGGCAGAGGCGGGTGGATCACAAGGTCAGGAGTTTGAGAGCAGCCTGGCCAACATAGTGAAACCCTGTCTCTACTAAAAATACAAAAAAATTAGCCAGGTGTGGTGGTGGGTGCCTGTAATCCCACCTACTCAGGAGGCTGAGGCTGAGGCTGAGGCTGAGGAGAATCGTTTGAATCTGGGAGGCAGAGGTGGCAGTGAGCCGAGATTGCGCTACTGCACTCCAGCCTGGGCGACAGTGTGAGACTCTGTCTCAAAAAAAAAAAAAAAAAA"
"chr1","16820091","16820352","chr9","46299315","46299628","90","29479224","CACACCTGTAATCCCAGCACTTTGGGAGGCCGAGGTGCGTGGATCATGAGGTCAGAAGTTCGAGACCAACTGGGCCAACATGGTGAAATCCTGTCTCTACTAAAAATACAAAAACATTAGTGATGCCTGCCTGTAATCCTAGCTACTTGGGAGGCTGAGGCAGGAATCTCTTGAACCTGGGAGGCAGAGGTTGTAGTGAGCCAAGATCGTGCCACTGCATTCCAGCCCGGGTGACAGAGCAATTCTCCATTTCAAAAAAAAA","GGCCAGACACAGTGGCTCACGTCTGTAATCCCAGCACTTTGGGAGGCAGAGGCGGGTGGATCACAAGGTCAGGAGTTTGAGAGCAGCCTGGCCAACATAGTGAAACCCTGTCTCTACTAAAAATACAAAAAAATTAGCCAGGTGTGGTGGTGGGTGCCTGTAATCCCACCTACTCAGGAGGCTGAGGCTGAGGCTGAGGCTGAGGAGAATCGTTTGAATCTGGGAGGCAGAGGTGGCAGTGAGCCGAGATTGCGCTACTGCACTCCAGCCTGGGCGACAGTGTGAGACTCTGTCTCAAAAAAAAAAAAAAAAAA"
"chr1","16831426","16831723","chr16_NW_019937290v1_random","735974","736277","70","16095452","GGCCGGGCACGGTGGCTAAAGCCTGTAATCCCAGCACTTTGGGAAGCCGACGTGGGTTGGATCACGAGATCAGGAATATTCGAGAACAGCCTGGCCAACATGGTGAAACTCCGTCTCTACTAAAAAATACAAAAAACAAAAAATTAGCCAGGCATGGTGGTGGGTGCCTGTAATTCCAACTACTCAGGGAGCTGAGGCAGGAGAATCACTTGAACCCAGAAGTGGTTACAGTGAGCCGAGATTGTGCCATTGCACTCCAGCCTGGGTGACAGAGCAAGACAACATCTCAATAAATAAA","CTGGGTGTGGTGCCTCACACCTGTAATCCGAGCACTTTGAGAGGCTGAGGTGGGTGGATCACAAGGTCAGGAGTTCGAGACCAGCCTGACTAACATGGTGAAACCCCTTCTCTACTAAAAAAAAAAAAAAAAAAAAAAAAATTGGCCAGGCCTGGTGGTGTGTGCCTATAGCCCCAGCTACTCAGGGGGGTGAGGCAGGAGAATTGCCTGAACCTGGGAGGTGGAGGTTGCAGTGAGCTGAGGTCGTGCCACTGCACTCCAGCCTGGACGACAATGCGAGACTCCATCTCAAAAAAAAAAAAAA"
"chr1","16879371","16879646","chr10","59193901","59194213","78","42314530","CCTGTAATCCCAGCACTTTGGGAGGCCGAGGCGGGTGGATCACGAGGTCAAGAGATCGAGACCATCCTGGTCAACATGGTGAAACCCTGTCTCTACTCAAAATAAAAAAAATTAGCTGGGCATGGTGGCGCACGCCTGTAATCCCAGCTACTCGGGAGGTTGAGGCAGGAGAATTGCCTGAACCCAGGAGGCGGAAGTTGCGGTGAGCCAAGATTGCGCCATTGCACTCCAGCCTGGGTAACAAGAGCAAAACTCCATCTCAAAAAAAAAAAAAAA","GGCCAGGCACGGTGGCTCACTTCTGTAATCCCAGCACTTTGGGAGGCCGAGGTGGCCGAATCACAAGGTCAGGAGTTCAAGACCAGCCTGACTGACATGGAGAAACCCCGTCTCTACTAAAAATAAAAATAAAAATAAAAATAAAAATAATTAGCCGGGTATGGTGGCACACACCTGTAGTCCCAGCTAGTTAGGAGGCTGAGGCAGGAGAATGGCGTGAACCCAGGAGGCGGAGCTTGCAGTCAGCCAAGATTGTGCCACTGCACTCCAGCCTGGGCAACAGAGTGATACTCCATCTCAAAAAAAAAAAAAA"
"chr1","16956613","16956912","chr14","38774640","38774953","61","21818027","GGCCGGGCGCGGTGGCTCACGCCTGTAATCCCAGCACTTTGGGAGGCCAAGGCGGGTGGATCACGAGGTCAAGAGATCGAGACCATCCTGGTCAACATGGTGAAACCCTGTTTCTACTAAAACTACAAAAAATTAGCTGGGCACAGTGGTGCCTGCCTGTAATCCCAGCTACTCAGGAAGCTGAGGCAGGAGAATTGCCTGAACCCAGGAGGCGGAGGTTGCGGTGAGCCGAGATCGCGCCATTGCACTCCAGCCTGGGTAACAAGAGTGAAACTCCATCTCAAAAAAAGAAAAAGAAAA","GGCCAGGTGTGGTGGCTCACACCTGTAATACTAGCACTTTGGGAGGCCAAGGCGGGTGGATCACGAGGTCAGGAGATCAAGACCAGCCTGGCCAACATGGTGAAACCCCATCTCTACTTAAAAAAAAAAAAAAAAAAAAAAAAATTAGCTGGGTATAGTGGCGTGCACCTGCAGTCTCAGCTACTCGGGAGGCTGAGGCAGGAGAATCACTTGAACCCGGGAGGTGGAGGTTGCAGTGAGCCAAGATCAGGCCACTGCACTCCAGCCTGGGTGACAGAGTGAGACCCTGTCTCAAAAAAAAAAAAAAAAAAAAA"
"chr1","16981436","16981748","chr1","1692162","1692484","70","15289274","GGCTAGACGCAGTGGCTCATGCCTGTAAACCCAGCACTTTGGGAGGCCGAGGTGGGCGGATCACAATGTCAGGAGTTTGAGAACAGTCTGGCCAATATAGTGAAACCCTGTTTCTACTAAAAATACAAAAAAAAAAAAATAGCAGGGCATGGTGGCTCATGCTTATAATCCCAGTTACTCGGGAGGCTGAGGCAGGAGAATTGCTTGAACCCAGGAGGAGAAAGTTGCAGTGAGCCGAGGTAGCACCACTGCACTTCAGCCTAGGTGACAGAAAGGACTCTGTCTCAAAAAAAAAAAAGTAAGTTAAATTAAA","GGCTGGGCATGGTGGCTCATGCCGGTAATCCCAGCACTTTGGGAGGCTGAGGTGGACGGATCACGAGGTCAGGAGTTTGAGACCAGCCTGGCCAGCATGATGAAACCGCATCTCTACTAAAAAAAAAAAAAAAAAAAAAAAAAATAGCCAGGCGTGGTGGCATGCGCCTGTAGTCCCAGCTACTCAAGAGGCTGAGGCAGGAGAATTTCTTGAACCCCGGAGGTGGAGGTTTCAGTGAGCCGAGATCACACCACTGCACTCCGGCCTCGGTGACAGAGCAAGACTCCCGTCTCAACAACAACAACAACAAAAAAAAAAAAAAA"
"chr1","17175064","17175362","chr14","38774640","38774953","57","21599576","GGCCGGGGGCGGTGGCTCTCGCCTGTAATCCCAGCACTTTGGGAAGCCAAGGCGGGTGGATCACGAGGTCAAGAGATTGAGACCATCCTGGTCAACATGGTGAAACCCCGCCTCTACTAAAAATACAAAAAATTAGCTGGGCATGGTGGCGCGTGCCTGTAATCCCAGCTACTCAGGAGGCTGAGGCAGGAGAATTGCTTGAACCCAGGAGGCGGAGGTTGTGGTGAGCCGAGATCACGCCATTGCACTCCAGCCTGGGTAACAAGAGCGAAACTCCGTCTCAAAAAAAAAAAAAAAAA","GGCCAGGTGTGGTGGCTCACACCTGTAATACTAGCACTTTGGGAGGCCAAGGCGGGTGGATCACGAGGTCAGGAGATCAAGACCAGCCTGGCCAACATGGTGAAACCCCATCTCTACTTAAAAAAAAAAAAAAAAAAAAAAAAATTAGCTGGGTATAGTGGCGTGCACCTGCAGTCTCAGCTACTCGGGAGGCTGAGGCAGGAGAATCACTTGAACCCGGGAGGTGGAGGTTGCAGTGAGCCAAGATCAGGCCACTGCACTCCAGCCTGGGTGACAGAGTGAGACCCTGTCTCAAAAAAAAAAAAAAAAAAAAA"
"chr1","17408104","17408412","chr14","38774640","38774953","62","21366536","GGCTGGGCGCAGCGGCTCAAGCCTGTAATCCCAGCACTTTGGGAGGCCGAGGCTGGTGGATCATGAGGTCAAGAGCTCAAGACCGTCTTGGTCAACATGGTGAGACCCCGTTTCTACTAAAAAAATACAAAAAAATTAGCTGGGTATGGTGGCGCATGCCTGTAATCCCAGCTACTTGGGAGGCTGAGGCAGGAGAATTGCCTGAACCCAGGAGGCGGAGGTTGCGGTGAGCCGAGATTGCGCCATTGCACTCCAGCCTGGGTCAGGAGAGTGAAACTCAGTCTCAAAAAAAAAAACAAAAACAGAAAA","GGCCAGGTGTGGTGGCTCACACCTGTAATACTAGCACTTTGGGAGGCCAAGGCGGGTGGATCACGAGGTCAGGAGATCAAGACCAGCCTGGCCAACATGGTGAAACCCCATCTCTACTTAAAAAAAAAAAAAAAAAAAAAAAAATTAGCTGGGTATAGTGGCGTGCACCTGCAGTCTCAGCTACTCGGGAGGCTGAGGCAGGAGAATCACTTGAACCCGGGAGGTGGAGGTTGCAGTGAGCCAAGATCAGGCCACTGCACTCCAGCCTGGGTGACAGAGTGAGACCCTGTCTCAAAAAAAAAAAAAAAAAAAAA"
"chr1","17411026","17411324","chr14","38774640","38774953","57","21363614","GGCCGGGCGCGGTGGCTCAAGCCTGTAATCCCAGCACTTTGGGAGGCCGAGGCGGGTGGATCACGAGGTCAAGAGATCGAGACCATCCTGGTCAACATGATGAAACCCCGTCTCTACTCAAAATACAAAAAATTAGCTGGGCATGGTGGCGCGCGCCTGTAATCCCAGCTACTCGGGAGGCTGAGGCAGGAGAATTGCCTGAACCCAGGAGGCGGAGGTTGCGGTGAGCCGAGATCGCGCCATTGCACTCCAGTCTGGGTAACAAGAGCGAAACTCCGTCTCAAAAAAAAAAAAAAAAA","GGCCAGGTGTGGTGGCTCACACCTGTAATACTAGCACTTTGGGAGGCCAAGGCGGGTGGATCACGAGGTCAGGAGATCAAGACCAGCCTGGCCAACATGGTGAAACCCCATCTCTACTTAAAAAAAAAAAAAAAAAAAAAAAAATTAGCTGGGTATAGTGGCGTGCACCTGCAGTCTCAGCTACTCGGGAGGCTGAGGCAGGAGAATCACTTGAACCCGGGAGGTGGAGGTTGCAGTGAGCCAAGATCAGGCCACTGCACTCCAGCCTGGGTGACAGAGTGAGACCCTGTCTCAAAAAAAAAAAAAAAAAAAAA"
"chr1","17434860","17435148","chr14","38774640","38774953","78","21339780","GTAAACCCAGCACTTTATGATGCCAAGGTGGGTGGATCCCGAGGTCAGGAATTCAAGACCAGCCTGGCCAGTACAGTGAAACCCCATCTCTACTAAAAATAAAAAATAAAATAAATAAAAATTAGCTGGGCGTGGCAGTGTGTGCCTGCAGTCCCAACTACTAGGGAGGCTGAGGCAGAAGAATCCCTTGAATCTGGGAGGTTGCCGTGAGTCAAGATTGCGCCACTGCAATCCAGCGTGGATGACAGAGTGAGACTCCAACTCAAATAAAAAAAGAAAGAAAGAAAAA","GGCCAGGTGTGGTGGCTCACACCTGTAATACTAGCACTTTGGGAGGCCAAGGCGGGTGGATCACGAGGTCAGGAGATCAAGACCAGCCTGGCCAACATGGTGAAACCCCATCTCTACTTAAAAAAAAAAAAAAAAAAAAAAAAATTAGCTGGGTATAGTGGCGTGCACCTGCAGTCTCAGCTACTCGGGAGGCTGAGGCAGGAGAATCACTTGAACCCGGGAGGTGGAGGTTGCAGTGAGCCAAGATCAGGCCACTGCACTCCAGCCTGGGTGACAGAGTGAGACCCTGTCTCAAAAAAAAAAAAAAAAAAAAA"
"chr1","17462385","17462567","chr5","135369404","135369606","49","117907019","AGCCAGGTGTGGTAGTGCACACCTGTAGTCCCAGTTTGTTGGGAGGCTGAGGCATGAGAATCACTTGAACCCAGGAAGCAGAGGTTGCAGTGAGCCAAGAGCATGACACTGCACTCCAGCCTGGGTGATAGAGTGAGACTGTCTCAAAAATTAGAACAACAACAACAACAAAAAAAAAAAAAA","TTAGCCGGGTGTGGTGACACATGCCTGTTGTCCCAGATACTCGAGGCTGAGGCAGGAGAATCGCTTGAACCCGGGAGGCGGAGGTTGCAATGAGCCAAGATCATGCCACTGCACTCCAGACTGGGTGATAGAGCGAGACTCCATCTCGAAACAACAACAACAACAACAACAACAAAAATAAATAAATAAAATAAAAAAGAGAA"
"chr1","17675159","17675460","chr14","38774640","38774953","55","21099481","GGCCAGGAGCGGTGGCTCACGCCTGTAATCCCAGCACTTTGGGAGGCCTAGGCAGGTGGATCACGAGGTCAAGAAATCGAGACCATCCTGGTCAACGTGGTGAAACCCCGTCTCTATTAAAAATACAAAAAATTAGCTGGGCATGGTGGCGCGTGCCTGTAATCCCAGCTACTCAGGAGGCTGAGGCAGGAGAATTGCCTGAACCCAGGAGGTGGAGGTTGCGATTAGCCAAGATTGCGCCATTGCACTCCAGCCTGGGTAACAAGAGCGAGACTCCGTCTCAACAAAAAAAAAAAAAAAAA","GGCCAGGTGTGGTGGCTCACACCTGTAATACTAGCACTTTGGGAGGCCAAGGCGGGTGGATCACGAGGTCAGGAGATCAAGACCAGCCTGGCCAACATGGTGAAACCCCATCTCTACTTAAAAAAAAAAAAAAAAAAAAAAAAATTAGCTGGGTATAGTGGCGTGCACCTGCAGTCTCAGCTACTCGGGAGGCTGAGGCAGGAGAATCACTTGAACCCGGGAGGTGGAGGTTGCAGTGAGCCAAGATCAGGCCACTGCACTCCAGCCTGGGTGACAGAGTGAGACCCTGTCTCAAAAAAAAAAAAAAAAAAAAA"
"chr1","17679199","17679491","chr16_NW_019937290v1_random","735974","736277","60","16943225","GGCTGGGTGCGGTGGCTCATGCCTGTAATCCCAGCACTTTGGGAGGCCGAGGCGGGTGGATCACGAGGTCAAGAGATTGAGACCATCCCGGTCAACATGGTGAAACCCCGTCTCTACTAAAAATACAAAAAATTAGCTGGGCATGGTGGTGTGTGCCTGTAATCCCAGCTACTCAGGAGGCTGAGGCAGGAGAATTGCCTGAACCCAGGAGGCGGAGGTTGCGGTGAGCTGAGATCGCACCATTGCACTCCAGCCTGGGTAACAAGAGCGAAACTCCGTCTCAAAAAAAAAAA","CTGGGTGTGGTGCCTCACACCTGTAATCCGAGCACTTTGAGAGGCTGAGGTGGGTGGATCACAAGGTCAGGAGTTCGAGACCAGCCTGACTAACATGGTGAAACCCCTTCTCTACTAAAAAAAAAAAAAAAAAAAAAAAAATTGGCCAGGCCTGGTGGTGTGTGCCTATAGCCCCAGCTACTCAGGGGGGTGAGGCAGGAGAATTGCCTGAACCTGGGAGGTGGAGGTTGCAGTGAGCTGAGGTCGTGCCACTGCACTCCAGCCTGGACGACAATGCGAGACTCCATCTCAAAAAAAAAAAAAA"
"chr1","17752105","17752320","chr1","184312086","184312333","70","166559981","TTTGAGACCATCCTGGTCAACATGGTGAAACACCATCTCTACTGAAAATACAAAAAATCAGCTGGGTGTGGTGGTGTCTGCCTGTAGTCCCAGCTACTTGGGAGGCTTAGGCAGGAGAATTGCTTGAACCCAGGTGACGGAGGTTGCGGTGAGCCGAGATCACGCCATTGCACTCCAGCCTGGGTAACAAGAGCAAAACTCCATCTCAAAAAAAAA","GGAATTCGGAGACCAGCCTGGGCAACACGGTGAAAACCCATCTCTACTAAAATACAAAAAAAAAAAAAAAAAAAAAAAAAATTAGCCGGGCATGGCGGCGTGTGCCTGTTGTCCCAGCTACTCGGGAGGCTGAGGCAGGAGAATTGCTTGAACCTGGGAGGCAAAGGGTGCAGTAAGCCGAGATTGTGCCACTGCACTCCAGCCTGGGCAACAGAGCGAGACTCATCTCCAGAAAAAAAAAAAAAAAA"
"chr1","17774476","17774772","chr16_NW_019937290v1_random","735974","736277","61","17038502","GGCCGGGCACGGTGGCTCACACCTGTAATCCCAGCACTTTGGGAGGCTGAGGTGAGTGGATCACGAGGTCAAGAGATCAAGACCATCCTGGTCAACATGGTGAAACCCCGTCTCTACTAAAAATACAAAAAACTAGCTGGGCACGGTGGCGCGTGCCTGTAATCCCAGCTACTCAGGAGGCTGAGGCAGGAGAATTGCCTGAACCCAGGAGGTGGAGGTTGTGGTGAGCCGAGATCGTGCCATTGCACTCCAGCCTGGGTAACAAGAATGAAACTCCAACTCAAAAAAAAAAAAAAA","CTGGGTGTGGTGCCTCACACCTGTAATCCGAGCACTTTGAGAGGCTGAGGTGGGTGGATCACAAGGTCAGGAGTTCGAGACCAGCCTGACTAACATGGTGAAACCCCTTCTCTACTAAAAAAAAAAAAAAAAAAAAAAAAATTGGCCAGGCCTGGTGGTGTGTGCCTATAGCCCCAGCTACTCAGGGGGGTGAGGCAGGAGAATTGCCTGAACCTGGGAGGTGGAGGTTGCAGTGAGCTGAGGTCGTGCCACTGCACTCCAGCCTGGACGACAATGCGAGACTCCATCTCAAAAAAAAAAAAAA"
"chr1","17816430","17816701","chr12","6861641","6861931","59","10954789","GGGAGGCTGAGGCGGGTGGATCACGAGGTCAAGAGCTCCAGACCATCTTGGTCAACATGATGAGACCCCGTCTCTACTAAAAATACAAAAAATTAGCTGGGCATGGTGGTGCGTGCCTGTAATCCCAGCTACTCTGGAGGCTGAGGCAGGAGAATTGACTGAACCCAGGAGGCGGAGGTTGCGGTGAGCCGAGATCGCGCCATTGCACTCCAGCCTGGGTAACAAGAGCGAAACTCCGTCTCAAAAAAAAAAAAAAAAAACAAAAAAAAAAA","CTTTGGGAGGCCGAGGCAGGTGGATCACCAGATCAGGAGTTCAAGACCAGCCTGGCCAACATAGTGAAACCCTGTCTCTACTAAAAATACAAAAAATTAGCTGAGCGTGGTGGCAGGCACCTGTAATCCCAGCTACTTGGGAGGCTGAGGCAGGAGAATTGCTTGAACCCGGGAGGTGGAGGTTGCAGTGAGCTGAGATCGCACCATAGCACTCCAGCCTGGGCGACAGTGTGAGACTCTGCCTCAAAACAACAACAACAACAAAAACAACAACAACAACGAAAAAAACAA"
"chr1","17826688","17826978","chr9","46299315","46299628","69","28472627","GGCCGGGCGCAGTGGCTCAAGCCTGTAATCCCAGCACTTTGGGAGGCTGAGGCGGGTGGATCACGAGGTCAAGACATCGAGACCATCCTGGTCAACATGGTGAAACCCTGTCTCTACTAAAGATACAAAAAATTAGCTGGGCATGGTGGCGCGTGCCTGTAATTCCAGCTACTCAGGAGGCTGAGGCAGGAGAATTGCCTGAACCCAGGAGGCGGAGGTTGTAGTGAGCCGAGATCACGCCATTGCACTCCAGCCTGGGTAACAAGATTGAAACTCTATCTCAAACAAAAA","GGCCAGACACAGTGGCTCACGTCTGTAATCCCAGCACTTTGGGAGGCAGAGGCGGGTGGATCACAAGGTCAGGAGTTTGAGAGCAGCCTGGCCAACATAGTGAAACCCTGTCTCTACTAAAAATACAAAAAAATTAGCCAGGTGTGGTGGTGGGTGCCTGTAATCCCACCTACTCAGGAGGCTGAGGCTGAGGCTGAGGCTGAGGAGAATCGTTTGAATCTGGGAGGCAGAGGTGGCAGTGAGCCGAGATTGCGCTACTGCACTCCAGCCTGGGCGACAGTGTGAGACTCTGTCTCAAAAAAAAAAAAAAAAAA"
"chr1","17860216","17860521","chr1","131937127","131937450","56","114076911","GGCCGGGCGCGGTGGCTCAAGCCTGTAATCCCAGCACTTTGGGAGGCCGAGGCGGGTGGATCACGAGGTCGAGAGACCGAGACCAACCTGGTCAACATGGTGAAACCCCGTCTCTACTAAAAATACAAAAAATTAGCTGGGCATGGTGGCGTGTGCCTGTAATCCCAGCTACTTGGGAGGCTGAGGCAGGAGAATTGCCTGAACCCAGGAGGCGAAGGTTGCAGTGAGCTGAGATCGCGCCATTGCACTCCAGCCTGGGTAACAAGAGCGAAACTCCATCTCAAAAAAAAAAAAAAAAAAAAAAAA","GCCAGGTGCGGTGCCTCATGCCTGTAATCCCAGCACTTTGGGATGCCGAGGCGGGTGGATCACAAGGTCAGGAGTTCAAGACCAGCCTGGCCAACATAGTGAAACCCCGTCTCTACTAAACATACAAAAAATTAGCCGGGCGTGGTGGCAGGTGCCTGTAATCCCAGCTATTCAGGGAGGCTGAGGCAGGAGAATTGCTTGAACCTGGGAGGCGGAGGTTGCAGTGAGCCAAGATCGCACCACTGCACTCCAGCCCAGGTGACAATGCGAGACTCCATCTCAAATAAATACATAAATAAATAAATAAATAAACAAACAAACAAA"
"chr1","17866767","17867071","chr14","38774640","38774953","63","20907873","GGCCGGGTGCGGTGGCTCAAGCCTGTAATCCCAGCACTTTGGGAGGCCGAGGCGGGTGGATCACGAGGTCAAGAGATCAAGACCATCCTGGTCAACATGGTGAAACCCGTCTCTACTAAAAATACAAAAAATTAGCTGGGCATGGTGGCGCGCGCCTGTAATCCCAGCTACTTGGGAGGCTGAGTTAGGAGAATTGCCTGAACCCAGGAGGCGGAAGTTGCAGTGAGCGGAGATTGTGCCATTGCATTCCAGCCTGGGTAACAAGAGCAAAACTCCGTCTCTAAAAAAAGAAAGAAGGAGAGAAA","GGCCAGGTGTGGTGGCTCACACCTGTAATACTAGCACTTTGGGAGGCCAAGGCGGGTGGATCACGAGGTCAGGAGATCAAGACCAGCCTGGCCAACATGGTGAAACCCCATCTCTACTTAAAAAAAAAAAAAAAAAAAAAAAAATTAGCTGGGTATAGTGGCGTGCACCTGCAGTCTCAGCTACTCGGGAGGCTGAGGCAGGAGAATCACTTGAACCCGGGAGGTGGAGGTTGCAGTGAGCCAAGATCAGGCCACTGCACTCCAGCCTGGGTGACAGAGTGAGACCCTGTCTCAAAAAAAAAAAAAAAAAAAAA"
"chr1","18137060","18137365","chr14","38774640","38774953","63","20637580","GGCTGGGCACGGTGGCTCAAGCCTGTAATCCCAGCACTTTGGGAGGCCAAGGCGGGTGGATCACGAGGTCAAGAGATGGAGACCATCCTGGTCAACATGGTGAAACTCCGTCTCTACTACAAATACAAAAAATTAGCTGGCCATGGTGGTGTGTGCCTGTAATTCCAGCTACTCAGGAGGCTGAGGCAGGAGAATTGCCTGAACCCAGGAGGCAGAGGTTGTGGTGAGCCAAGATCGCGCCATTGCACTCCAGCCTGGGTAACAAGAGCGAAACTCCGTCTCGCAAAAAAAAAAAAAAAAAGGAAA","GGCCAGGTGTGGTGGCTCACACCTGTAATACTAGCACTTTGGGAGGCCAAGGCGGGTGGATCACGAGGTCAGGAGATCAAGACCAGCCTGGCCAACATGGTGAAACCCCATCTCTACTTAAAAAAAAAAAAAAAAAAAAAAAAATTAGCTGGGTATAGTGGCGTGCACCTGCAGTCTCAGCTACTCGGGAGGCTGAGGCAGGAGAATCACTTGAACCCGGGAGGTGGAGGTTGCAGTGAGCCAAGATCAGGCCACTGCACTCCAGCCTGGGTGACAGAGTGAGACCCTGTCTCAAAAAAAAAAAAAAAAAAAAA"
"chr1","18251217","18251517","chr14","38774640","38774953","69","20523423","GCAGGGTGTAGTGGCTCACACCTGTAGTCCCAGTACTTTGGGAGGCTGAGGTAGGTGGATCACCTGAGGTCAGGAGTTCGAAACCATCCTGACCAACATGGTAAATGCTGTCTCTACTAAAAATACAAAAAATTAGCTGGTCGTGGTGGTGCGTGCCTGTAGTCCCAGCTACTCATGGAGGCTGAGGCAGGAGAATCACTTGAACCCAAGAGGCAGAGATTACAGTGAGCCAAGATCAGGCCACTGCACTCTAGTTTGGGCAACAGAGCAAAATTCTGTCTCAAAAAAAAAAAAAAAAGAA","GGCCAGGTGTGGTGGCTCACACCTGTAATACTAGCACTTTGGGAGGCCAAGGCGGGTGGATCACGAGGTCAGGAGATCAAGACCAGCCTGGCCAACATGGTGAAACCCCATCTCTACTTAAAAAAAAAAAAAAAAAAAAAAAAATTAGCTGGGTATAGTGGCGTGCACCTGCAGTCTCAGCTACTCGGGAGGCTGAGGCAGGAGAATCACTTGAACCCGGGAGGTGGAGGTTGCAGTGAGCCAAGATCAGGCCACTGCACTCCAGCCTGGGTGACAGAGTGAGACCCTGTCTCAAAAAAAAAAAAAAAAAAAAA"
"chr1","18342272","18342566","chr16_NW_019937290v1_random","735974","736277","70","17606298","GGCTTGGCATGGTGGCTCACGCCTGTAATCCCAGCACTTTGGGAGGCCGAGGAGGGCAGATCATGAGGTCAGGAGTTCAAGACCAGCCTGGCCAGCATGGTGAAACCCTGTCTCTACTAAAACTGTAAAAAATTAGCAGGACTTAGTGGCATGTGCTTATAGGTCCAGCTACTTTGGAGGCTGAGGCAGGAGAATTGCTTGAACCTGGTAGGCAGAGTTGCAGTGAGCTGAGATCACGGCACTGCATGCCAGTCTGGGCAACAGAGAAAGACTCCATCTAAAAAAAAAAAAAAAA","CTGGGTGTGGTGCCTCACACCTGTAATCCGAGCACTTTGAGAGGCTGAGGTGGGTGGATCACAAGGTCAGGAGTTCGAGACCAGCCTGACTAACATGGTGAAACCCCTTCTCTACTAAAAAAAAAAAAAAAAAAAAAAAAATTGGCCAGGCCTGGTGGTGTGTGCCTATAGCCCCAGCTACTCAGGGGGGTGAGGCAGGAGAATTGCCTGAACCTGGGAGGTGGAGGTTGCAGTGAGCTGAGGTCGTGCCACTGCACTCCAGCCTGGACGACAATGCGAGACTCCATCTCAAAAAAAAAAAAAA"
"chr1","18371813","18372103","chr18","15009231","15009552","66","3362582","GGCCGGGTGCGGTGGCTCAAGCCTGTAAACCCAGCACTTTGGGAGGCCGAGGCGGGTGGATCACGAGGTCAAGAGATTGAGACCATCCTGGTCAACATGGTGACACCCCGTCTCTACTAAAAATACAAAAAGTTAGCTGGGCATGGTGGCGCGTGCCTGTAATCCCAGCTACTCAGGAGGCAGAGGCAGGAGAATTGCCTGAACCCAGGAGGCAGAGGTTGAGGTGAGCTGAGATCGCACCATTGCACTCCAGCCTGGGTAACAAGAGCGAAACTCCGTCTCAAAAAAAAA","GCCAGGCGTGGTGGCTCATGCCTGTAATCCCAGCACTTTGGGAGGCCGAGGCGGGCAGATCACGAGGTCAGGAGTTCGAGACCAGCCTGACCAATATGGTGAAACCCCATCTCCACTAAAAACACACACACACACACACACACACACACACAAAATTAGCTGGGCGTGGTGGCACGTGCCTGTAGTCCCAGCTACTCAGGAGGCTGAGGCAGGAGAATTGCTTGAACCCAGGAGGCAGAGGTTGCAATGAGCTGAGATTGCACCATTGCACTCCAGCCTGGGTGACAGAGCGAGACTCCATCTCAAAGAAAAAAAAAAAGAA"
"chr1","18411403","18411693","chr18","43221019","43221313","65","24809616","GGCCAGGCGTGGTGGCTCAAACCTGTAATCCCAGCACTTTGGGAGGCCAAGGTGGGTGGATCAGGAGGTCAAGAGATCCAGACCATCCTGGTCAACATGGTGAAACCCTGTCTCTACTAAAAATACAAAAAATGAGCTGGGCATGGTGGCGTGTGCCTGTAATCCCAGCTACTCAGGAGGCTGAGACAGGAGAATTGCCTGAACCCAGGAGGCGGAGGTTGCGGTGAGCAGAGATCGCGCCATTGCACTCCAGCCTGGGTAACAAGAGCGAAACTCCGTCTCAGGAAAAAA","GGCCGGGCATGGTGGCTCACACCTATAATGCCAGCACTTTGGGAGGCCAAGGCGGGAGGTCAGGAGTTCAAGACTAGCCTGGCCAACATGGTGAAACTAAAAATATAAAAATATAAAAATATAAAAATATAAAAATCTGCTGGGCATGGTGGTGCGCGCCTGTAGTCCCAGCTACTCAGGAGGCTGAGGCAGGAGAATCGCTTGAACCCGGGAGGGCAGGGGTTGCAGTGAGCTGAGATCGCACTACTGCACTCCATCCTGGGCGACAGAGTGAGACTCCATCTCAAAAAAAAAA"
"chr1","18575752","18576060","chr3","13063317","13063638","59","5512435","GGCCGGGCGCGGTGGCTCACGCCTGTAATCCCAGCACTTTGGGAGGTCAAGGCAAGTGGATCACGAGGTCAAGAGATAGAGATCATCCTGGTCAACATGGTGAAATCCTGTCTCTACTAAACATACAAAAAATTAGCTTGGCATGGTGGTGTGTGCCTGTAGTCCCAGCTACTCAGGAGGCTGAGGCAGGAGAATTGCCTGAACCCAGGAGGCGGAGGTTGCTGTGAGCCGAGATCGCGCCATTGCACTCCAGCCTGGGTAACAAGAGCGAAACTCCGTCTCAAAAAAAAACAAAAACAAAAACAAAAA","GGCCGGGCACGATGGCTCACGCCTATAATCCCAGCACTTTGGGAGGCCAAGGTGGGCAGATCACGAGGTCAGGAGTTCGAGACCAGTCTGGCCAACATAGTGAAACCCTGTCTCTACTAAAAATACACAAAAAATTAGCCAGGTGTGGTGGCAGGTGCCTGTCATCCCAGCTACTCAGGTGGCTGAGGCAGGAGAATCGCGTGAACCCGGGAGGCGGAGGTTGCAGTGAGCCAAGATCGTGCCACTGCACTCCAGCCTGGGCAACAGAACGAGACTACATATCAAAAAAAAAAAAAAAAAAAAAAAAATCCCAAAAAACAAA"
"chr1","18661458","18661756","chr9","46299315","46299628","58","27637857","GGCCGGGCGCAGTGGCTCAAGCCTGTAATCCCAGCACTTTGGGAGGCCGAGGCAGGTGGATCACAAGGTCAACAGATTGAGACCATCCTGGTCAACATGGTGAAACCCCGTCTCTACTAAAAATTACAAAAAATTAGCTGGGCATGGTGGCGCGTGCCTGTAATCCCAGCTACTCAGGAGGCTGAGGCAGGAGAATTGCCTGAACCCGGGAGGCGGAGGTTGTGGTGAGCCGAGATTGCGCCATTGCACTCCAGCCTGGGTAACAAGAGCGAAACTCCGTCTCAAAAAAAAAAAAAAAA","GGCCAGACACAGTGGCTCACGTCTGTAATCCCAGCACTTTGGGAGGCAGAGGCGGGTGGATCACAAGGTCAGGAGTTTGAGAGCAGCCTGGCCAACATAGTGAAACCCTGTCTCTACTAAAAATACAAAAAAATTAGCCAGGTGTGGTGGTGGGTGCCTGTAATCCCACCTACTCAGGAGGCTGAGGCTGAGGCTGAGGCTGAGGAGAATCGTTTGAATCTGGGAGGCAGAGGTGGCAGTGAGCCGAGATTGCGCTACTGCACTCCAGCCTGGGCGACAGTGTGAGACTCTGTCTCAAAAAAAAAAAAAAAAAA"
"chr1","18804325","18804623","chr1","131937127","131937450","65","113132802","CTCACGCCTGTAATCCCAGCACTTTAGGAGGCCGAGGTGGGTGGATCACGAGGTCAAGAGATCCAGACCATCCTGGTCAACATGGTGAAACCCCGTCTCTACTAAAGATACAAAAAATTAGCTGGGTGTGGTGGTGCGTGCCTGTAATCCCAGCTACTCAGGAGGCTGAGGCAGGAGAATTGCCTGAACCCAGGAAGCGGAGGTTGCGGTAAGCCGAGATCGCGCCATTGCACTCCGGCCTGGGTAACAAGAGCGAAACTCTGTCCCAAAAATAAAAAAAATTAAAAAATAAAAATAAA","GCCAGGTGCGGTGCCTCATGCCTGTAATCCCAGCACTTTGGGATGCCGAGGCGGGTGGATCACAAGGTCAGGAGTTCAAGACCAGCCTGGCCAACATAGTGAAACCCCGTCTCTACTAAACATACAAAAAATTAGCCGGGCGTGGTGGCAGGTGCCTGTAATCCCAGCTATTCAGGGAGGCTGAGGCAGGAGAATTGCTTGAACCTGGGAGGCGGAGGTTGCAGTGAGCCAAGATCGCACCACTGCACTCCAGCCCAGGTGACAATGCGAGACTCCATCTCAAATAAATACATAAATAAATAAATAAATAAACAAACAAACAAA"
"chr1","18848304","18848611","chr5","162410049","162410372","79","143561745","GGCTGGGTGTGGTGGTTTACACCTGTAATCCCAACAATTTAGAAGACTGAGGTGGGCAGATCACTTGAGACCATAAGTTTGAGATCAGCCTAGCCAATATAGGGAAACTCTAACTCTACTAAAAATATAAAAAATTATCTGGATATAGTGGTACATACCTGTAGTCCTAACTACTCGAGAAGCTGAGGCAGGAGAATCTCTTGAACCCAGGAGGCAGAGGTTGCAGTGAACTGAGATCATGCCACTGCACCCCAGCCTGGGTGACAGAGCAGTTCTCCATCTCAAAATAAATAAATAATAAATAAAAA","GCTGGGCATGGTGGCTCACGCCTGTAATCCCAGCACTTTGGGAGGCCGAGGCGGGCGGATCAGGAGATCAGGAGTTCAGGACCAGCCTGGCCAATATAGTGAAACCCTGTCTCCACTAAAAATACAAAAAATTAGCCGGGTGTGGTGGCATGTGCCTATAATCCCAGCTACTCAGGAGCCTGAGGCAGGAGAATCACTTGAACCCAGGAGGCAGAGATTGCAGTGAGTTGAGACCACGCCATTGCATTCCAGCCTGGGTGACAGAGTGAGGCTCCATCTCAAATAATAATAATAATAATAATAATAATAATAAGTAAAAAAGAA"
"chr1","18874721","18875032","chr3","13063317","13063638","52","5811404","GGCCGGGCATGGTGGCTCACGCCTGTAATCCCAGCACTTTGGGAGACCAAGGCAAGTGGATCACAAGGTCAAGAGATGGAGACCATCCTGGTCAACATGGTGAAACTCCGTCTCTACTAAAAATACAAAAAATTAGCTGGGCATGGTGGCGCGTGCCTGTAATCCCAGCTACTCAGGAGGCTGAAGCAGGAGAATTGCCTGAACCCAGGAGGCGGAGGTTGCGGTGAGCCAAGATCGCGCCATTGCACTCCAGCCTGGGTAACAAGAGCGAAACTCCGTCTCAAAAAAAAAAAAAAAAAAAAAAAAAAAAAA","GGCCGGGCACGATGGCTCACGCCTATAATCCCAGCACTTTGGGAGGCCAAGGTGGGCAGATCACGAGGTCAGGAGTTCGAGACCAGTCTGGCCAACATAGTGAAACCCTGTCTCTACTAAAAATACACAAAAAATTAGCCAGGTGTGGTGGCAGGTGCCTGTCATCCCAGCTACTCAGGTGGCTGAGGCAGGAGAATCGCGTGAACCCGGGAGGCGGAGGTTGCAGTGAGCCAAGATCGTGCCACTGCACTCCAGCCTGGGCAACAGAACGAGACTACATATCAAAAAAAAAAAAAAAAAAAAAAAAATCCCAAAAAACAAA"
"chr1","18878592","18878883","chr16_NW_019937290v1_random","735974","736277","65","18142618","CCGGGTGCGGTGGCTCAAGCCTGTAATCCCAGCACTTTGGGAAGCCGAGGCGGGTGGATCACGAGGTCAAGTGATGGAGACCATCCTGGTCAACATGGTGAAACCCCGTCTCTACTAACAATACAAAAAATTAGCTGGGCATAGTGGCGTGTGCCTGTAATTCCAGCTACTCAGGAGGCTGAGGCAGGAGAATTGGCTGAACCCAGGAGGCGGAGGTTGCCGTGAGCAGAGATCACGCCATTGCACTCCAGCCTGGGTAACAAGAGCGAAACTCCGTCTCAAAAAAAAAAAA","CTGGGTGTGGTGCCTCACACCTGTAATCCGAGCACTTTGAGAGGCTGAGGTGGGTGGATCACAAGGTCAGGAGTTCGAGACCAGCCTGACTAACATGGTGAAACCCCTTCTCTACTAAAAAAAAAAAAAAAAAAAAAAAAATTGGCCAGGCCTGGTGGTGTGTGCCTATAGCCCCAGCTACTCAGGGGGGTGAGGCAGGAGAATTGCCTGAACCTGGGAGGTGGAGGTTGCAGTGAGCTGAGGTCGTGCCACTGCACTCCAGCCTGGACGACAATGCGAGACTCCATCTCAAAAAAAAAAAAAA"
"chr1","18960572","18960875","chr18","15009231","15009552","58","3951341","CACGGTGGCTCAAGCCTGTAATCCCAGCACTTTGGGAAACCGAGGCAGGTAGATCACGAGGTCAAGAGATCAAGACCATCCTGGTCAACATGGTGAAACCCCGTCTTTACTAAAAAAAAAAAAAATCCAAAAAATTAGCCGGGCATGGTGGTGCGTGTCTGTAATCCCAGCTACTCAGGAGGCTGAGGCAGGAGAATTGCCTGAACCCAGGAGGCAGAGGTTGTGGTGAGCCGAGATCGCGCCATTGCACTCCAACCTGGGTAACAAGAGCGAAACTCCATCTCAAAAAAAAAAAAAAAAAAAA","GCCAGGCGTGGTGGCTCATGCCTGTAATCCCAGCACTTTGGGAGGCCGAGGCGGGCAGATCACGAGGTCAGGAGTTCGAGACCAGCCTGACCAATATGGTGAAACCCCATCTCCACTAAAAACACACACACACACACACACACACACACACAAAATTAGCTGGGCGTGGTGGCACGTGCCTGTAGTCCCAGCTACTCAGGAGGCTGAGGCAGGAGAATTGCTTGAACCCAGGAGGCAGAGGTTGCAATGAGCTGAGATTGCACCATTGCACTCCAGCCTGGGTGACAGAGCGAGACTCCATCTCAAAGAAAAAAAAAAAGAA"
"chr1","19040000","19040293","chr14","38774640","38774953","65","19734640","GGCCGGGCGTGGTGGCTCAAGCCTGTAATCCCAGCACTTTTGGAGGCCGAGGCGGGTGGATCACGAGGTCAGGGGATCGAGACCATCCTGGTCAATTTGGTGAAACCCCATCTCTACTAAAAATACAAAAAATTAGCTGGGCATGGTGGCGCATGCCTGTAATCCCAGCTATTCGGGAGGCTGAGGCAGGAGAATTGCCTGAACCCAGGAGGCGGAGGTTGCGGTGAGCCGACATCGCGCCATTGCACTCCAGCCTGGGTAACAAAAGCAAAACTCTGTCTCAAAAAAAAAAAA","GGCCAGGTGTGGTGGCTCACACCTGTAATACTAGCACTTTGGGAGGCCAAGGCGGGTGGATCACGAGGTCAGGAGATCAAGACCAGCCTGGCCAACATGGTGAAACCCCATCTCTACTTAAAAAAAAAAAAAAAAAAAAAAAAATTAGCTGGGTATAGTGGCGTGCACCTGCAGTCTCAGCTACTCGGGAGGCTGAGGCAGGAGAATCACTTGAACCCGGGAGGTGGAGGTTGCAGTGAGCCAAGATCAGGCCACTGCACTCCAGCCTGGGTGACAGAGTGAGACCCTGTCTCAAAAAAAAAAAAAAAAAAAAA"
"chr1","19076113","19076359","chr1","184312086","184312333","74","165235973","CTGAGGCGGGTAGATCATGAGGTCAAGAGATCAAGACCATTCTGGTCAACATGATGAAAACCTGTCTCTACTAAAAACACAAAAAAATAGCTGTGCATGGTGGTGCATTCCTGTAGTCCCAGCTACTTGGGAGGCTGAAGCAGGAGAATTTCTTGAACCCAGGAGGCAGAGGTTGCAGTGAGCCGAGATCGCACCACTGCACTCTAGCCTGGGTAACAAGAGCGAAACTCGGTCTCAAAAAAAAAAA","GGAATTCGGAGACCAGCCTGGGCAACACGGTGAAAACCCATCTCTACTAAAATACAAAAAAAAAAAAAAAAAAAAAAAAAATTAGCCGGGCATGGCGGCGTGTGCCTGTTGTCCCAGCTACTCGGGAGGCTGAGGCAGGAGAATTGCTTGAACCTGGGAGGCAAAGGGTGCAGTAAGCCGAGATTGTGCCACTGCACTCCAGCCTGGGCAACAGAGCGAGACTCATCTCCAGAAAAAAAAAAAAAAAA"
"chr1","19133931","19134229","chr14","38774640","38774953","59","19640709","GGCCGGGCGCGGTGGCTCACGCCTGTAATCCCAGCACTTTGGGAGGCCGAGGCGGGTGGATCACAAGGTCAACAGATCGAGACCATCCTGGTCACCATGGTGAAACCCCATCTCTACTAAAAATACAAAAAATTAGCTTGGCACGGTGGCGCGTGCCTGTAATCCCAGCTACTCAGGAGGCTGAGGCAGGAGAATTGCCTGAACCCAGGAGGCGGAGGTTGCGGTGAGCCGAGATCGCGCCATTGCACTCCAGCCTGGGTAACAAGAGCGAAACTCAGTCTCAAAAAAAAAAAAAAAAA","GGCCAGGTGTGGTGGCTCACACCTGTAATACTAGCACTTTGGGAGGCCAAGGCGGGTGGATCACGAGGTCAGGAGATCAAGACCAGCCTGGCCAACATGGTGAAACCCCATCTCTACTTAAAAAAAAAAAAAAAAAAAAAAAAATTAGCTGGGTATAGTGGCGTGCACCTGCAGTCTCAGCTACTCGGGAGGCTGAGGCAGGAGAATCACTTGAACCCGGGAGGTGGAGGTTGCAGTGAGCCAAGATCAGGCCACTGCACTCCAGCCTGGGTGACAGAGTGAGACCCTGTCTCAAAAAAAAAAAAAAAAAAAAA"
"chr1","19215804","19216099","chr1","131937127","131937450","69","112721323","GGCCAGGCGCAGTCCTGTAATTCCAGGACTCTGGGAGGCCGAGGCGTGTGGATCACAAGGTCAAGAGACCGAGACCATCCTGGTCAACATGGTGAAACCCTGTCTCTACTAAAAATACAAAAAATTAGCTGGGCATGGTGGCGTGTGCCTGTAATCCCAGCTACTCAGGAGGTTGAGGCAGAATTGCCTGAACCCAGGAGGCAGAGGTTGCAGTGAGCCAAGATCGTGCCATTGCACTCCAGCCTGGGTAATAAGAGTGAAACTCTGTCTCAAAAAAAAAAAAAAAAAAAAAAAAA","GCCAGGTGCGGTGCCTCATGCCTGTAATCCCAGCACTTTGGGATGCCGAGGCGGGTGGATCACAAGGTCAGGAGTTCAAGACCAGCCTGGCCAACATAGTGAAACCCCGTCTCTACTAAACATACAAAAAATTAGCCGGGCGTGGTGGCAGGTGCCTGTAATCCCAGCTATTCAGGGAGGCTGAGGCAGGAGAATTGCTTGAACCTGGGAGGCGGAGGTTGCAGTGAGCCAAGATCGCACCACTGCACTCCAGCCCAGGTGACAATGCGAGACTCCATCTCAAATAAATACATAAATAAATAAATAAATAAACAAACAAACAAA"
"chr1","19224931","19225202","chr12","6861641","6861931","59","12363290","TTGGGAGGCTGAGGCAGGTGGATCACAAGGTCAAGAGATCAAGACCATCCTGGTCAACATGGTGAAACCCCGTCTCTACTAAAAATACAAAAAATTAGCTGGGCATGGTGGCGTGTGCCTGTAATCCCAGCTACTCAGGAGGCTGAGGCAGGAGAATTGCCAGAACCCAGGAGACGGAGGTTGTGGTGAGCTGAGATGGTGCCATTGCACTCCAGCCTGGGTAACAAGAGCAAAACTCTGTCTCAAAAAAAAAAAAGAAAGAAAGAAAGAAA","CTTTGGGAGGCCGAGGCAGGTGGATCACCAGATCAGGAGTTCAAGACCAGCCTGGCCAACATAGTGAAACCCTGTCTCTACTAAAAATACAAAAAATTAGCTGAGCGTGGTGGCAGGCACCTGTAATCCCAGCTACTTGGGAGGCTGAGGCAGGAGAATTGCTTGAACCCGGGAGGTGGAGGTTGCAGTGAGCTGAGATCGCACCATAGCACTCCAGCCTGGGCGACAGTGTGAGACTCTGCCTCAAAACAACAACAACAACAAAAACAACAACAACAACGAAAAAAACAA"
"chr1","19286121","19286414","chr9","46299315","46299628","80","27013194","GGCCGGGTGCAGTGGCTCACGCCTGTAATCCCAGCACTTTGGGACATTGAGATGGGTAGATTAAAAGGCCAGGAGATTGAGACCAGCCTGGTCAACATGGTGACAACCTGTATCTACCAAAAATGCAAATTTAGCTGGACATGGTGGTGCACACCTGCAGTCTCAAGTAGCCGGGAGGCTGAGGCAGAAGAATAGCTGGAACTTGGGAGGAAGGGGTCGCAGTGATTCAAGATCACACCACTGCACTCCAGCCTGGGCGACAGACTGAGGCTCCATCTCAAAAAAAAAAAAAAA","GGCCAGACACAGTGGCTCACGTCTGTAATCCCAGCACTTTGGGAGGCAGAGGCGGGTGGATCACAAGGTCAGGAGTTTGAGAGCAGCCTGGCCAACATAGTGAAACCCTGTCTCTACTAAAAATACAAAAAAATTAGCCAGGTGTGGTGGTGGGTGCCTGTAATCCCACCTACTCAGGAGGCTGAGGCTGAGGCTGAGGCTGAGGAGAATCGTTTGAATCTGGGAGGCAGAGGTGGCAGTGAGCCGAGATTGCGCTACTGCACTCCAGCCTGGGCGACAGTGTGAGACTCTGTCTCAAAAAAAAAAAAAAAAAA"
"chr1","19316306","19316606","chr14","38774640","38774953","58","19458334","GGCCGGGCGCGGTGGCTCAAGCCTGTAATCCCAGCACTTTGGGAGGCCGAGGCAGGTGGATCATGAGATCAGGAGATCGAGACCATCTTGGTCAACATGGTGAAACCCCGTCTCTACTAAAAATACAAAAAATTAGCTGGGCATGGTGGCGCGTGCCTGTAATCCCAGCTACTCGGGAGGCTGAGGCAGGAGAATCGCCTGAACCCAGGAGGCAGAGGTTGCGGTGAGCCGAGATCGCGCCATTGCACTCCAGCCTTGGTCACAAGAGCAAAACTCCGTCTCAAAAAAAAAAAAAAAAAAA","GGCCAGGTGTGGTGGCTCACACCTGTAATACTAGCACTTTGGGAGGCCAAGGCGGGTGGATCACGAGGTCAGGAGATCAAGACCAGCCTGGCCAACATGGTGAAACCCCATCTCTACTTAAAAAAAAAAAAAAAAAAAAAAAAATTAGCTGGGTATAGTGGCGTGCACCTGCAGTCTCAGCTACTCGGGAGGCTGAGGCAGGAGAATCACTTGAACCCGGGAGGTGGAGGTTGCAGTGAGCCAAGATCAGGCCACTGCACTCCAGCCTGGGTGACAGAGTGAGACCCTGTCTCAAAAAAAAAAAAAAAAAAAAA"
"chr1","19393623","19393913","chr14","38774640","38774953","61","19381017","CAGGTGCGGTGGCTCACGCCTGTAATCCCAACACTTTGGGAGGCCGAGGTGGGTGGATCACGAGGTCAAGAGATCGAGACCATCCTGGTCAACATGGTCAAACCCCATCTCTACTAAAAATACAAAAAATTAGCTGGGCATGGTGGCGCGTGCCTGTAATCCCAGCTACTCAGGAGGCTGAGGCAGGAGAATTGCCTGAACCCAGGAGGTGGAGGTTGCGGTGAGCCGAGATAGCGCCATTGCACTCCAGCCTGGGTAACAAGAGTGAAACTCTGACTCAAAAAAAAAAAA","GGCCAGGTGTGGTGGCTCACACCTGTAATACTAGCACTTTGGGAGGCCAAGGCGGGTGGATCACGAGGTCAGGAGATCAAGACCAGCCTGGCCAACATGGTGAAACCCCATCTCTACTTAAAAAAAAAAAAAAAAAAAAAAAAATTAGCTGGGTATAGTGGCGTGCACCTGCAGTCTCAGCTACTCGGGAGGCTGAGGCAGGAGAATCACTTGAACCCGGGAGGTGGAGGTTGCAGTGAGCCAAGATCAGGCCACTGCACTCCAGCCTGGGTGACAGAGTGAGACCCTGTCTCAAAAAAAAAAAAAAAAAAAAA"
"chr1","19487895","19488189","chr14","38774640","38774953","63","19286745","GGCCGGGCGCGGTGGCTCAAGCCTGTAATCCCAGCACTTTGGGAGGCCGAGGCGGGTGGATCACGAGGTCAACAGATCGAGACCATCCTGGTCAACATGGTGAAACCCTACTAAAAATTACAAAAAATTAGCTGGGCACAGTGGCGCGTGCCTGTAATCCCAGCTACTCAGGAGGCTGAGGCAGAAGAATTGCCTGAACCCAGGGGGCGGAGGTTGCGGTGGGCCGAGATCGCGCCATTGCACTCCAGCCTGGGTAACAAGAGTGAAACTCAGTCTCAAAAAAAAAAAAAAAAAA","GGCCAGGTGTGGTGGCTCACACCTGTAATACTAGCACTTTGGGAGGCCAAGGCGGGTGGATCACGAGGTCAGGAGATCAAGACCAGCCTGGCCAACATGGTGAAACCCCATCTCTACTTAAAAAAAAAAAAAAAAAAAAAAAAATTAGCTGGGTATAGTGGCGTGCACCTGCAGTCTCAGCTACTCGGGAGGCTGAGGCAGGAGAATCACTTGAACCCGGGAGGTGGAGGTTGCAGTGAGCCAAGATCAGGCCACTGCACTCCAGCCTGGGTGACAGAGTGAGACCCTGTCTCAAAAAAAAAAAAAAAAAAAAA"
"chr1","19546614","19546916","chr1","131937127","131937450","60","112390513","GGCCGGGCGCGGTGGCTCAAGCCTGTAATCCCAGCACTTTGGGAGGCTGAGGCAGGTGGATCACAAGGTCAAGAGATCGAGACCATCCTGGTCAACATGGTGAAACCCCGTCTCTACTAAAAATACAAAAAATTAGCTGGGCACGGTGGCGCGTGCCTGTAATCCCAGCTACTCAGGAGGCTGAGGCAGGAGAATTGCCTGAACCCAGGAGGCGGAGGTTGCGGTGAGCCGAGATCGTGCCATTGCACTCCAGCCTGGGTAACAAGAGCTAAACTCCGTCTCAAAAAAAATAAATAAATAAAA","GCCAGGTGCGGTGCCTCATGCCTGTAATCCCAGCACTTTGGGATGCCGAGGCGGGTGGATCACAAGGTCAGGAGTTCAAGACCAGCCTGGCCAACATAGTGAAACCCCGTCTCTACTAAACATACAAAAAATTAGCCGGGCGTGGTGGCAGGTGCCTGTAATCCCAGCTATTCAGGGAGGCTGAGGCAGGAGAATTGCTTGAACCTGGGAGGCGGAGGTTGCAGTGAGCCAAGATCGCACCACTGCACTCCAGCCCAGGTGACAATGCGAGACTCCATCTCAAATAAATACATAAATAAATAAATAAATAAACAAACAAACAAA"
"chr1","19587484","19587813","chr14","38774640","38774953","91","19187156","GGATGCAGTGGCTCATCCCTAAAATCCCAACACTGTGGGAGGTCAAGGCAGGCAGATTGCTTGCAGTCAAGAGTTTGAGACCAGCAGTCAAGAGTTTGAGACCAGCTTGGCCAACATGGTCAAATCCTGTTTATACAAAAAAAAAAAAAAATTAGCTGGGCATGGCGGTGCCCACCTGTAGTGTCTGCTATTCGGGAGAGGCTGAGGCAGGAGCATCACTCAAACCTGGGAGATGGAGGTTGCAGTGAGCTGAGATTGTGCCACTGCACTCCATCCTGGGTGAGAGAGTGAGACTCTATCTCAAGAAGCAATAAACAAAATAAAAATAAA","GGCCAGGTGTGGTGGCTCACACCTGTAATACTAGCACTTTGGGAGGCCAAGGCGGGTGGATCACGAGGTCAGGAGATCAAGACCAGCCTGGCCAACATGGTGAAACCCCATCTCTACTTAAAAAAAAAAAAAAAAAAAAAAAAATTAGCTGGGTATAGTGGCGTGCACCTGCAGTCTCAGCTACTCGGGAGGCTGAGGCAGGAGAATCACTTGAACCCGGGAGGTGGAGGTTGCAGTGAGCCAAGATCAGGCCACTGCACTCCAGCCTGGGTGACAGAGTGAGACCCTGTCTCAAAAAAAAAAAAAAAAAAAAA"
"chr1","19609240","19609544","chr3","13063317","13063638","62","6545923","GGCCTGGCACGGTGGCTCAAGCCTGTAATCCCAGCACTTTGGGAGGCCGAGGCGGGTAGATCACGAGGTCAAGATATCGAGACCATTCTGGTCAATATGGTGAAACCCCGTCTCTACTAAAGATATAAAAAGTTAGCTGGGCATGGTGGTGCGTGCCTGTAGTCCCAGCTACTCAGGAGGCTGAGGCAGGAGAATTGCCAGAACCCAGGAGGCGGAGGTTGCGGTGAGCCGAGATCGCGCCATTGCACTCCAGCCTGGGTAACAAGAGTGAAATTACGTCTCAAAAAAAAAAAAAAAAAACAAAA","GGCCGGGCACGATGGCTCACGCCTATAATCCCAGCACTTTGGGAGGCCAAGGTGGGCAGATCACGAGGTCAGGAGTTCGAGACCAGTCTGGCCAACATAGTGAAACCCTGTCTCTACTAAAAATACACAAAAAATTAGCCAGGTGTGGTGGCAGGTGCCTGTCATCCCAGCTACTCAGGTGGCTGAGGCAGGAGAATCGCGTGAACCCGGGAGGCGGAGGTTGCAGTGAGCCAAGATCGTGCCACTGCACTCCAGCCTGGGCAACAGAACGAGACTACATATCAAAAAAAAAAAAAAAAAAAAAAAAATCCCAAAAAACAAA"
"chr1","19782472","19782775","chr14","38774640","38774953","57","18992168","GGCCGGGCGCGGTGGCTCAAGCCTGTAATCCCAGCACTTTGGGAGGCCGAGGCGGGTGGATCACGAGGTCAACAGATCGAGACCATCCTGGTCAACATGGTGAAACCCCGTCTCTACTAAAAATTACAAAAAATTAGCTGGGCACGGTGGCGCGTGCCTGTAATCCCAGCTACTCAGGAGGCTGAGGCAGGAGAATTGCCTGAACCCAGGGGGCGGAGGTTGCGGTGAGCCGAGACTGCGCCATTGCACTCCAGCCTGGGTAACAAGAGCGAAACTCCGTCTCAAAAAAAAAAAAAAAAAGAAA","GGCCAGGTGTGGTGGCTCACACCTGTAATACTAGCACTTTGGGAGGCCAAGGCGGGTGGATCACGAGGTCAGGAGATCAAGACCAGCCTGGCCAACATGGTGAAACCCCATCTCTACTTAAAAAAAAAAAAAAAAAAAAAAAAATTAGCTGGGTATAGTGGCGTGCACCTGCAGTCTCAGCTACTCGGGAGGCTGAGGCAGGAGAATCACTTGAACCCGGGAGGTGGAGGTTGCAGTGAGCCAAGATCAGGCCACTGCACTCCAGCCTGGGTGACAGAGTGAGACCCTGTCTCAAAAAAAAAAAAAAAAAAAAA"
"chr1","19792143","19792441","chr14","38774640","38774953","59","18982497","GGCCGGGCGCGGTGGCTCAAGCCTGTAATCCTAGCACTTTGGGATGCCGAGGCGGGTGGATCACGAGGTCAACAGATCGAGACCATCCTGGTCAACATGGTGAAACCCCATCTCTACTAAAAATACAAAAAATTAGCTGAGCATGGTGGTGCGTGCCTGTAATCCCAGCTACTCAGGAGGCTGAGGCAGGAGAATTGCCTGAACCCAGGAGGCGGAGGTTGTGGTGAGCCGAGATCGCGCCATTGCACTCCAGCCTGGGTAACAAAAGCGAAACTCTGTCTCAAAAAAAAAAAAAAAAA","GGCCAGGTGTGGTGGCTCACACCTGTAATACTAGCACTTTGGGAGGCCAAGGCGGGTGGATCACGAGGTCAGGAGATCAAGACCAGCCTGGCCAACATGGTGAAACCCCATCTCTACTTAAAAAAAAAAAAAAAAAAAAAAAAATTAGCTGGGTATAGTGGCGTGCACCTGCAGTCTCAGCTACTCGGGAGGCTGAGGCAGGAGAATCACTTGAACCCGGGAGGTGGAGGTTGCAGTGAGCCAAGATCAGGCCACTGCACTCCAGCCTGGGTGACAGAGTGAGACCCTGTCTCAAAAAAAAAAAAAAAAAAAAA"
"chr1","19830859","19831139","chr20","40046641","40046949","83","20215782","GGCCAGGTTCAGTGGCTCACATCTGTAATCCCAGCACTTTGGGAGGCAAAGGCAGGTTGCCTGGCCAACATGGTGAAACCTGGTCTCTACTAAAAATATAAAAAATTAATTGGGCATGGTGGTACATGCCTGTAATCCTGGCTACCTGGGAGACTGAGGCAAGAGAATTGCTTGAACCTTGGAGGCGGAGGTTGCAGTGAGCTGAGATCACGCCACTACACTCCTGCCTGGATGACAGAGTGATACTCAATCTCAAAAAAGAAGAAGAGGAAAGAAAAGAA","GGCTGGGCACGGTGGCTCACACCTGTAATCCCAGCACTTTGGGAGGCTGAGGTCAGGAGTTTGTAGATCAGCCCGGCCAGTATGGTGAAACCCTGTCTCTACTAAAAATACAAAAAATTAGCTGAGTGTGGTGGTGCATGCCTGTAGTCCCAGCTACTCAGGAGGCTGAGACACAAGAATCACTTGAACCCAGGAGATGGAGGTTGCAGTGAGCCAAGATCACACCACTGCACTCCAGTCTGGGCGACAGAGTGTGACTGTCTTATTAATAAATAAATAAATAAATAAATAAATAAACAAACAAGAAAA"
"chr1","19890950","19891262","chr1","131937127","131937450","53","112046177","GGCCGGGCGCGGTGGCTCAAGCCTGTAATCCCAGCACTTTGGGAGGCCGAGGCGGGTGGATCACGAGGTCAACAGATCGAGACCATCCTGGTCAACATGGTGAAACCCCGTCTCTACTAAAAATTACAAAAAATTAGCTGGGCACGGTGGCGCGTGCCTGTAATCCCAGCTACTCAGGAGGCTGAGGCAGGAGAATTGCCTGAACCCAGGGGGCGGAGGTTGCGGTGAGCCGAGACTGCGCCATTGCACTCCAGCCTGGGTAACAAGAGCGAAACTCCGTCTCAAAAAAAAAAAAAAAAAAAAAAAAAAAAAA","GCCAGGTGCGGTGCCTCATGCCTGTAATCCCAGCACTTTGGGATGCCGAGGCGGGTGGATCACAAGGTCAGGAGTTCAAGACCAGCCTGGCCAACATAGTGAAACCCCGTCTCTACTAAACATACAAAAAATTAGCCGGGCGTGGTGGCAGGTGCCTGTAATCCCAGCTATTCAGGGAGGCTGAGGCAGGAGAATTGCTTGAACCTGGGAGGCGGAGGTTGCAGTGAGCCAAGATCGCACCACTGCACTCCAGCCCAGGTGACAATGCGAGACTCCATCTCAAATAAATACATAAATAAATAAATAAATAAACAAACAAACAAA"
"chr1","19899863","19900159","chr14","38774640","38774953","85","18874777","CTGGGCACGGTGGCTCACGCCTCTAATTCCAGCTCTTTGGGAGGCCGAGGTGTTCGAGAGGTCAGGAGTTCAAGACCAACCTGACCAACACGGTGAAACCTCATCTGTACTAAAAACAGAAAAAAAAAAATTGGTGGGGCACGGTGGCACACGCATGTAATCCCAGCTACTTGTGAGGCCGAGGCAGCGAATAGCTGTAACCGGAGGCAGAGGCTGTGGTGAGCTGAGATTGTGTCACTGCACAGCCTAAGTGACACAGTGAGACTCTGCCTCAAGAAAACAAACAACAACAAAAAA","GGCCAGGTGTGGTGGCTCACACCTGTAATACTAGCACTTTGGGAGGCCAAGGCGGGTGGATCACGAGGTCAGGAGATCAAGACCAGCCTGGCCAACATGGTGAAACCCCATCTCTACTTAAAAAAAAAAAAAAAAAAAAAAAAATTAGCTGGGTATAGTGGCGTGCACCTGCAGTCTCAGCTACTCGGGAGGCTGAGGCAGGAGAATCACTTGAACCCGGGAGGTGGAGGTTGCAGTGAGCCAAGATCAGGCCACTGCACTCCAGCCTGGGTGACAGAGTGAGACCCTGTCTCAAAAAAAAAAAAAAAAAAAAA"
"chr1","19914570","19914860","chr1","131937127","131937450","67","112022557","GCCTGTAATCCCAGCACTTTGGGAGGCCGAGGCGGGTGGATCACGAGGTCAGCAGATCGGGACCATCCTGGTCAACATGGTGAAACCCCGTCTCTACTAAAAATACAAAAAATTAGCTGGGCACGGTGGTGCGTGCCTGTAATCCCAGCTACTCGGGAGGCTGAGGCAGGAGAATTGCCTGAACCCAGGAGGCGGAGGTTGTGGTGAGCCGAGATTGCGCCATTGCACTCCAGCCTGGGTAACAAGAGCGAAACTCCGTCTCAAAAAAAAAAAAAAAAAAAAAAAAACAAA","GCCAGGTGCGGTGCCTCATGCCTGTAATCCCAGCACTTTGGGATGCCGAGGCGGGTGGATCACAAGGTCAGGAGTTCAAGACCAGCCTGGCCAACATAGTGAAACCCCGTCTCTACTAAACATACAAAAAATTAGCCGGGCGTGGTGGCAGGTGCCTGTAATCCCAGCTATTCAGGGAGGCTGAGGCAGGAGAATTGCTTGAACCTGGGAGGCGGAGGTTGCAGTGAGCCAAGATCGCACCACTGCACTCCAGCCCAGGTGACAATGCGAGACTCCATCTCAAATAAATACATAAATAAATAAATAAATAAACAAACAAACAAA"
"chr1","20108083","20108381","chr9","46299315","46299628","59","26191232","GGCCGAGCGCGGTGGCTAACGCCTGTAATCCCAGCACTTTGGGAGGCCGAGGCGGGTGGATCACGAGGTCAAGAGATCGAGATCATCCTGGTCAACATGGTGAAACCCCGTCTCTATTAAAAATACAAAAAATTAGCTGGGCATGGTGGTGCATGCCTGTAATCCCAGCTACTCAGGAGGCTGAGGCAGGAGAATTGCCTGAACCCAGGAGGCGGAGGTTGCGGTGAGCCGAGATCGCGCCATTGCACTCCAGCCTGGGTAACAAGAGTGAAACTCCGTCTCAAAAAAAAAAAAAAGAA","GGCCAGACACAGTGGCTCACGTCTGTAATCCCAGCACTTTGGGAGGCAGAGGCGGGTGGATCACAAGGTCAGGAGTTTGAGAGCAGCCTGGCCAACATAGTGAAACCCTGTCTCTACTAAAAATACAAAAAAATTAGCCAGGTGTGGTGGTGGGTGCCTGTAATCCCACCTACTCAGGAGGCTGAGGCTGAGGCTGAGGCTGAGGAGAATCGTTTGAATCTGGGAGGCAGAGGTGGCAGTGAGCCGAGATTGCGCTACTGCACTCCAGCCTGGGCGACAGTGTGAGACTCTGTCTCAAAAAAAAAAAAAAAAAA"
"chr1","20109293","20109595","chr14","38774640","38774953","58","18665347","GGCCGGGCGCGGTGGCTCAAGCCTGTATTCCCAGCACTTTGGGAGGCCAAGGAGGGTGGATCACGAGGTCAAGAGATCGAGACCATCCTGGTCAACATGGTGAAACCCCGTCTCTACTAAAGATACAAAAAATTAGCTGGGCACGGTGGTGCGTGCCTGTAATCCCAGCTACTCAGGAGGCTGAGGCAGGAGAATTGCCTGAACCCAGGAGGCGGAGGTTGCGGTGAGCCGAGATCGCTCCATTGCACTCCAGCCTGGGTAACAAGAGCGAAACTCCATCTCAAAAAAAAAAAAAAAAAAAAA","GGCCAGGTGTGGTGGCTCACACCTGTAATACTAGCACTTTGGGAGGCCAAGGCGGGTGGATCACGAGGTCAGGAGATCAAGACCAGCCTGGCCAACATGGTGAAACCCCATCTCTACTTAAAAAAAAAAAAAAAAAAAAAAAAATTAGCTGGGTATAGTGGCGTGCACCTGCAGTCTCAGCTACTCGGGAGGCTGAGGCAGGAGAATCACTTGAACCCGGGAGGTGGAGGTTGCAGTGAGCCAAGATCAGGCCACTGCACTCCAGCCTGGGTGACAGAGTGAGACCCTGTCTCAAAAAAAAAAAAAAAAAAAAA"
"chr1","20154571","20154870","chr14","38774640","38774953","63","18620069","GGCCGGGAGCGGTGGCTCAAGCCTGTAATCCCAGCACTTTGGGAGGCCAAGGCGGGTGGATCACGAGGTCAAGAGATTGAGACCATTTTGGTCAACATGATGAAACCCCGTCTCTACTAAAAATACAAAAAATTAGCTGGGCATGGTGGTGCGTGCCTGCAATCCCAGCTACTCAGGAGGCTGAGGCAGGAGAATTGCCTGAACCCAGGAGGCGGAGGTTGAGGTCAGCCGAGATTGCGCCATTGCACTCCAGCCTGGGTAACAAGAGCGAAACTCTGTCTCAAAAAATAAATAAATAAA","GGCCAGGTGTGGTGGCTCACACCTGTAATACTAGCACTTTGGGAGGCCAAGGCGGGTGGATCACGAGGTCAGGAGATCAAGACCAGCCTGGCCAACATGGTGAAACCCCATCTCTACTTAAAAAAAAAAAAAAAAAAAAAAAAATTAGCTGGGTATAGTGGCGTGCACCTGCAGTCTCAGCTACTCGGGAGGCTGAGGCAGGAGAATCACTTGAACCCGGGAGGTGGAGGTTGCAGTGAGCCAAGATCAGGCCACTGCACTCCAGCCTGGGTGACAGAGTGAGACCCTGTCTCAAAAAAAAAAAAAAAAAAAAA"
"chr1","20181200","20181493","chr14","38774640","38774953","66","18593440","CGGTGGCTCAAGCCTGTAATCCCAGCACTTTGGGAGGCCGAGGCGGGTGGATCACGAGTTCAGGAGATTGAGACCATCTTGGTCAACATGGTGAAACCCCGTCTCTACTAAAAGTATAAAAAATTAGCTGGGCATGGTGGCGCATGCCTGTAATCCCAGCTACTCAGGAGGCTGAGGCAGAAGAATTGCCTGAACCCAGGAGGTGGAGGTTGCGATGAGCCGAGATCGCGCCATTGCACTCCAGCCTGGGTAACAAGAGCGAAACTCCATCTCAAAAAAAAAAAAAGAAAGAAA","GGCCAGGTGTGGTGGCTCACACCTGTAATACTAGCACTTTGGGAGGCCAAGGCGGGTGGATCACGAGGTCAGGAGATCAAGACCAGCCTGGCCAACATGGTGAAACCCCATCTCTACTTAAAAAAAAAAAAAAAAAAAAAAAAATTAGCTGGGTATAGTGGCGTGCACCTGCAGTCTCAGCTACTCGGGAGGCTGAGGCAGGAGAATCACTTGAACCCGGGAGGTGGAGGTTGCAGTGAGCCAAGATCAGGCCACTGCACTCCAGCCTGGGTGACAGAGTGAGACCCTGTCTCAAAAAAAAAAAAAAAAAAAAA"
"chr1","20183668","20183924","chr12","6861641","6861931","70","13322027","GGCCGAGGCGGGTGGATCACGAGGTCAAGAGATCGAGACCGTCTGGTCAACATGGTGAAACCCCCTCTCTACTAAAAATACAAAAAATTAGCTGGGCATGGTGGCGCGTGCCTGTAATCCCAGCTACTCAGGAGGCTGAGGTAGGAGAATTGCTTGAACCCAGGAGGTGGAGGTTGTGGTGAGCCGAGATCGCGCCATTGCACTCCAGCCTGGGTAACAAGAGCGAAACTCCGTCTGTGAAACAAAACAAAAAAAAA","CTTTGGGAGGCCGAGGCAGGTGGATCACCAGATCAGGAGTTCAAGACCAGCCTGGCCAACATAGTGAAACCCTGTCTCTACTAAAAATACAAAAAATTAGCTGAGCGTGGTGGCAGGCACCTGTAATCCCAGCTACTTGGGAGGCTGAGGCAGGAGAATTGCTTGAACCCGGGAGGTGGAGGTTGCAGTGAGCTGAGATCGCACCATAGCACTCCAGCCTGGGCGACAGTGTGAGACTCTGCCTCAAAACAACAACAACAACAAAAACAACAACAACAACGAAAAAAACAA"
"chr1","20198943","20199220","chr12","6861641","6861931","77","13337302","GACTGGGCGCGGTGGCTCAAGCCTGTAATCCCAGCACTTTGGGAGGCTGAGACCATCCTGGTCCACATGGTGAAACCCCGTCTCTACTAAAAATACAAAAAATTAGCTGGGCATGGTGGCGCGTGCCTGTAATCCCAGCTACTCAGGAGAATGAGGCAGGAGAATTGCCTGAACCCAGGAGGCGGAGGTTGCGGTGAGCCGAGATCGCCCCATTGCACTCCAGCCTGGGTAACGAGAGAGAAACTCCGTCTCTGGAAAAAAAAAAAAAAAAAAAAAAA","CTTTGGGAGGCCGAGGCAGGTGGATCACCAGATCAGGAGTTCAAGACCAGCCTGGCCAACATAGTGAAACCCTGTCTCTACTAAAAATACAAAAAATTAGCTGAGCGTGGTGGCAGGCACCTGTAATCCCAGCTACTTGGGAGGCTGAGGCAGGAGAATTGCTTGAACCCGGGAGGTGGAGGTTGCAGTGAGCTGAGATCGCACCATAGCACTCCAGCCTGGGCGACAGTGTGAGACTCTGCCTCAAAACAACAACAACAACAAAAACAACAACAACAACGAAAAAAACAA"
"chr1","20199644","20199765","chr1","178999882","178999998","69","158800238","GTAGTCCCAGCTACTCAGGAGTCTGAGGTGGGAGAATTGCTTAAACCCGGGAGACATAGGGTACAGTGAGCCGAGACCATGCCATTGCACTCCAGCCTGGGTGACAGAGTGAGACTCTGTCT","GGAGGTTGCAGTGAGCTAAGATCATGCCACTGCACTCCAGCCTTGGTGACAGAGTGAGACCCTTTATCAAAAACAACAACAACAACAACAACAACAACAAAACAGAAAAGAAAAAGA"
"chr1","20271012","20271309","chr18","15009231","15009552","61","5261781","GGCCAGGCGCGGTGGCTCACGCCTGTAATCCCAGCACTTTGGGAGGCCGAGGTGGGTGGATCATGAGATCAAGAGATCGAGACCATCCTGGTCAACATGGTGAAACCCCGTCTCTACTAAAAATACAAAAAATTAGCTGGGCATGGTGGTGCGTGCCTGTAATCCCAGCTACTCAGGAGGCTGAGGCAGGAGAATTGCCTGAACACAGGAGGTGGAGGTTGTGGTGAGCTGAGATTGCGCCATTGCACTCCAGCCTGGGTAACAAGAGCGAAACTCCGTCTCAATAAAAAACAAAAAA","GCCAGGCGTGGTGGCTCATGCCTGTAATCCCAGCACTTTGGGAGGCCGAGGCGGGCAGATCACGAGGTCAGGAGTTCGAGACCAGCCTGACCAATATGGTGAAACCCCATCTCCACTAAAAACACACACACACACACACACACACACACACAAAATTAGCTGGGCGTGGTGGCACGTGCCTGTAGTCCCAGCTACTCAGGAGGCTGAGGCAGGAGAATTGCTTGAACCCAGGAGGCAGAGGTTGCAATGAGCTGAGATTGCACCATTGCACTCCAGCCTGGGTGACAGAGCGAGACTCCATCTCAAAGAAAAAAAAAAAGAA"
"chr1","20293105","20293395","chr14","38774640","38774953","66","18481535","GGCCGGGTGCGGTGGCTCAAGCCTGTAATCCTAGCACTTTGGGAGGCCGAGGGCGGGCGGATCACGAGGTCAAGAGATTGAGACCATCCTGGTCAACATGGTGAAACCCCGTCTCTACTAAAAATTACAAAAAATTAGCTGGGCATGGTGTGCGTGCCTGTAATCCCAGCTACTCAGGAGGCTGAGGCAGGAGAATTGCCTGAACCCAGGAGGCGGAGGTTGCAGTGAGCCGGGATCGTGCCATTGCACTCCAGCCTGGGTAACAAGAGTGAAACTCCATCTCAAAAAAAA","GGCCAGGTGTGGTGGCTCACACCTGTAATACTAGCACTTTGGGAGGCCAAGGCGGGTGGATCACGAGGTCAGGAGATCAAGACCAGCCTGGCCAACATGGTGAAACCCCATCTCTACTTAAAAAAAAAAAAAAAAAAAAAAAAATTAGCTGGGTATAGTGGCGTGCACCTGCAGTCTCAGCTACTCGGGAGGCTGAGGCAGGAGAATCACTTGAACCCGGGAGGTGGAGGTTGCAGTGAGCCAAGATCAGGCCACTGCACTCCAGCCTGGGTGACAGAGTGAGACCCTGTCTCAAAAAAAAAAAAAAAAAAAAA"
"chr1","20361065","20361338","chr16_NW_019937290v1_random","735974","736277","75","19625091","TGGCTCAAGCCTGTAATCCCAGCACTTTGGGAGGCCGAGGCGGGTGGATCACGAGGTCAAGAGATTGAGACCATCCTGGTCAACATGGTGAAACCCCGTCTCTACTAAAAATACAAAAAATTAGCTGGGCATGGTGGCGTGTGCCTGTAATCCCAGCTACTCAGGAGGCTGAGGCAGGAGAATTGCCTGAACCCAGGAGGCGGAGGTTGCTGTGAGCCGAGATTGCGCCATTGCACTCCAGCCTGGGTAACAAGAGCGAAATTCCCTCTCAAAA","CTGGGTGTGGTGCCTCACACCTGTAATCCGAGCACTTTGAGAGGCTGAGGTGGGTGGATCACAAGGTCAGGAGTTCGAGACCAGCCTGACTAACATGGTGAAACCCCTTCTCTACTAAAAAAAAAAAAAAAAAAAAAAAAATTGGCCAGGCCTGGTGGTGTGTGCCTATAGCCCCAGCTACTCAGGGGGGTGAGGCAGGAGAATTGCCTGAACCTGGGAGGTGGAGGTTGCAGTGAGCTGAGGTCGTGCCACTGCACTCCAGCCTGGACGACAATGCGAGACTCCATCTCAAAAAAAAAAAAAA"
"chr1","20389007","20389300","chr16_NW_019937290v1_random","735974","736277","63","19653033","GGCCGGGAGCGGTGGCTCACGCCTGTAATCCCAGCACTTTGGCAGCCTGAGGCAGGTGGATCACGAGGTCAAGAGATCGAGACCATCCTGGTCAACATGGTGAAACCCCGTCTCTACTAAAAATACAAAAAATTAGCCGGGCATGGTGGCGCGTGCTGTAATCCCAGCTACTCAGGAGGCTGAGGCGGGAGAATTGTCTGATCCCAGGAAGTGGAGGTTGCGGTGAGCCGAGATCGCGCCATTGCACTCCAGCCTGGGTAACAAGAGCGAGACTCCGTCTCAAAAAAAAAAAAA","CTGGGTGTGGTGCCTCACACCTGTAATCCGAGCACTTTGAGAGGCTGAGGTGGGTGGATCACAAGGTCAGGAGTTCGAGACCAGCCTGACTAACATGGTGAAACCCCTTCTCTACTAAAAAAAAAAAAAAAAAAAAAAAAATTGGCCAGGCCTGGTGGTGTGTGCCTATAGCCCCAGCTACTCAGGGGGGTGAGGCAGGAGAATTGCCTGAACCTGGGAGGTGGAGGTTGCAGTGAGCTGAGGTCGTGCCACTGCACTCCAGCCTGGACGACAATGCGAGACTCCATCTCAAAAAAAAAAAAAA"
"chr1","20462518","20462828","chr1","131937127","131937450","57","111474609","GGCCGGGCGCGGTGGCTCAAGCCTGTAATCCCAGCACTTTGGGAGGCCGAAGGGGGTGGATCATGAGGTCAAGAGATCGAGACCATCCTGGTCAACATGGTGAAACCCCGTCTCTACTAAAAATACAAAAAATTAGCTGGGCCTGGTGGCGCGTGCCTGTAATCCCAGCTACTCAGGAGGCTGAGGCAGGAGAATTGCCTGAACCCAGGAGGCGGAGGTTGCAGTGAGCCGAGATTGTGCCATGGCACTCCAGCCTGAGTAACGAGAGCAGAACTCCATCTCAATAAATAAATAAATACATAAAATAAAAA","GCCAGGTGCGGTGCCTCATGCCTGTAATCCCAGCACTTTGGGATGCCGAGGCGGGTGGATCACAAGGTCAGGAGTTCAAGACCAGCCTGGCCAACATAGTGAAACCCCGTCTCTACTAAACATACAAAAAATTAGCCGGGCGTGGTGGCAGGTGCCTGTAATCCCAGCTATTCAGGGAGGCTGAGGCAGGAGAATTGCTTGAACCTGGGAGGCGGAGGTTGCAGTGAGCCAAGATCGCACCACTGCACTCCAGCCCAGGTGACAATGCGAGACTCCATCTCAAATAAATACATAAATAAATAAATAAATAAACAAACAAACAAA"
"chr1","20481078","20481275","chr17","45956274","45956427","98","25475196","GGTTGGGTGTGGTGGCTCACACCTGTTATCCCAGCACTTTGGGAGGCCAAGGCAGGCAGATCAATTGAGGTCAGGAGTTTGAGACCAGCCTGACCAACATAGTGGAAACCCCAACTCGACCGAAAATACAAAAAATTAGCCAGGCATGGTGACGGGGACCTGTAATCCCCGCTACTTAGGAGGCTGAGGCAGGAGAAT","GAGAATTGCTTGAACCCGGGTGGCGGAGGTTGCAGTGAGCCAAGATCGCACCACTGCACTCCAGCCTGGGCAACAGAGTGAAACTCCGTCTCAAAAATAGATAACATAACACAATATAACATAACATAACATAACATAAAACAAAACAATAAAA"
"chr1","20487245","20487541","chr14","38774640","38774953","67","18287395","GGCCAGGCGCGGTGGCCTGTAATCCCAGCACTTTGGGAGGCTGAGGCGGGTGGATCATGAGGTCAAGAGATAGAGCCCATCCTGGTCAACATGGTGAAACCCCCGTCTCTACTAAAAATACAAAAAATTAGCTGGGCATGGTGGCGCGTGCCTGTAATCCCAGTTACTCGGGAGGCTGAGGCAGGAGAATTGCCTGAACCCAGGAGGCAGAGGTTGCGGTGAGCTGAGATCGCGCCATTGTACTCCAGCCTGGGTAACAAGAGCAAAACTCTGTCTCAAAAACAAACAAACAAAAAA","GGCCAGGTGTGGTGGCTCACACCTGTAATACTAGCACTTTGGGAGGCCAAGGCGGGTGGATCACGAGGTCAGGAGATCAAGACCAGCCTGGCCAACATGGTGAAACCCCATCTCTACTTAAAAAAAAAAAAAAAAAAAAAAAAATTAGCTGGGTATAGTGGCGTGCACCTGCAGTCTCAGCTACTCGGGAGGCTGAGGCAGGAGAATCACTTGAACCCGGGAGGTGGAGGTTGCAGTGAGCCAAGATCAGGCCACTGCACTCCAGCCTGGGTGACAGAGTGAGACCCTGTCTCAAAAAAAAAAAAAAAAAAAAA"
"chr1","20559974","20560269","chr18","15009231","15009552","59","5550743","GCTCGGCGCGGTGGCTCAAGCCTGTAATCCCAGCACTTTGGGAGGCCGAGGCGGGTGGATCATGAGGTCAAGAGATCGAGACCATCCTGGTCAACATGGTGAAACCCCGTCTCTACTAAAGATACAAAAAATTAGCTGGGCATGGTGGCGCGTGCCTGTAATCCCAGCTACTCAGGAGGCTGAGGCAGGAGAATTGCCTGAACCCAGGAGGCGGAGGTTACGGTGAGCCGAGATCGCGCCATTGCACTCCAGCCTGGGTAACAAGAGCGAAACTCCGTCTCAAAAAAAAAAAAAAA","GCCAGGCGTGGTGGCTCATGCCTGTAATCCCAGCACTTTGGGAGGCCGAGGCGGGCAGATCACGAGGTCAGGAGTTCGAGACCAGCCTGACCAATATGGTGAAACCCCATCTCCACTAAAAACACACACACACACACACACACACACACACAAAATTAGCTGGGCGTGGTGGCACGTGCCTGTAGTCCCAGCTACTCAGGAGGCTGAGGCAGGAGAATTGCTTGAACCCAGGAGGCAGAGGTTGCAATGAGCTGAGATTGCACCATTGCACTCCAGCCTGGGTGACAGAGCGAGACTCCATCTCAAAGAAAAAAAAAAAGAA"
"chr1","20611532","20611836","chr14","38774640","38774953","55","18163108","GGCCGGGCGCGGTGGCTCAAGCCTGTAATCCCAGCACTTTGGGAGGCCGAGGCGGGTGGATCACGAGGTCAACAGATCGAGACCATCCTGGTCAACATGGTGAAACCCCGTCTCTACTAAAAAAAATACAAAAAACTAGCTGGGCATGGTGGTGCGTGCCTGTAATCCCGGCTACACGGGAGGCTGAGGCAGGAGAATTGCCTGAACCCAGGAGGCGGAGGTTGCGGTGAGCCGAGATCGCACCATTGCACTCCAGCCTGGGTGAAAAGAGCGAAACTCCGTCTCAAAAAAAAAAAAAAAAAAAA","GGCCAGGTGTGGTGGCTCACACCTGTAATACTAGCACTTTGGGAGGCCAAGGCGGGTGGATCACGAGGTCAGGAGATCAAGACCAGCCTGGCCAACATGGTGAAACCCCATCTCTACTTAAAAAAAAAAAAAAAAAAAAAAAAATTAGCTGGGTATAGTGGCGTGCACCTGCAGTCTCAGCTACTCGGGAGGCTGAGGCAGGAGAATCACTTGAACCCGGGAGGTGGAGGTTGCAGTGAGCCAAGATCAGGCCACTGCACTCCAGCCTGGGTGACAGAGTGAGACCCTGTCTCAAAAAAAAAAAAAAAAAAAAA"
"chr1","20668615","20668903","chr16_NW_019937290v1_random","735974","736277","66","19932641","GGCCAGGTGCGGTGGCTCAAGCCTGTAATTCCAGCACTTTGGGAGGCTGAGACGGGTGGATCACAAGGTCAAGAGATCGAGACCTGGTCAACATGGTGAAACCCCGTCTCTACTAAAAATACAAAAAATTAGCTGGGCACGGTGGCGCGTGCCTGTAATCCCAGCTACTCAGGAGGCTGAGGCAGGAGAATTGCCTGAACCCAGGAGGCGGAGGTTGTGGTGAGCCGAGATCGCGCCATTGCACTCCAGCTTGGGTGACAAGAGCGAAACTCCGTCTAAAAAAAAAAAA","CTGGGTGTGGTGCCTCACACCTGTAATCCGAGCACTTTGAGAGGCTGAGGTGGGTGGATCACAAGGTCAGGAGTTCGAGACCAGCCTGACTAACATGGTGAAACCCCTTCTCTACTAAAAAAAAAAAAAAAAAAAAAAAAATTGGCCAGGCCTGGTGGTGTGTGCCTATAGCCCCAGCTACTCAGGGGGGTGAGGCAGGAGAATTGCCTGAACCTGGGAGGTGGAGGTTGCAGTGAGCTGAGGTCGTGCCACTGCACTCCAGCCTGGACGACAATGCGAGACTCCATCTCAAAAAAAAAAAAAA"
"chr1","20686524","20686812","chr16_NW_019937290v1_random","735974","736277","67","19950550","GGGCGCGGTGGCTCAAGCCTGTAATCCCAGCACTTTGGGAGGCCGAGGCGGGTGGATCAAGAGGTCAAAAGATCGAGACCATCGTGGTCAACGTGGTGAAACCCCGTCTCTACTAAAAATACAAAAAATTAGCTGGGCATGGTGGTGCATGCCTGTAATCCCAGCTACTCAGGAGGCTGAGGCAAGAGAATTGCCTGAACCCAGGAGGCGGAGGTTGCGGTGAGCCGAGATCACGCCATTGCACTCCAGCCTGGGTAACAAGAGCGAAACTCCGTCTCAAAAAAAAAAA","CTGGGTGTGGTGCCTCACACCTGTAATCCGAGCACTTTGAGAGGCTGAGGTGGGTGGATCACAAGGTCAGGAGTTCGAGACCAGCCTGACTAACATGGTGAAACCCCTTCTCTACTAAAAAAAAAAAAAAAAAAAAAAAAATTGGCCAGGCCTGGTGGTGTGTGCCTATAGCCCCAGCTACTCAGGGGGGTGAGGCAGGAGAATTGCCTGAACCTGGGAGGTGGAGGTTGCAGTGAGCTGAGGTCGTGCCACTGCACTCCAGCCTGGACGACAATGCGAGACTCCATCTCAAAAAAAAAAAAAA"
"chr1","20720136","20720447","chr3","13063317","13063638","61","7656819","GGCTGGGCGAGGTGGCTCACGCCTATAATCCCAGCACTTTGGGAGGCAGAGGCGGGTAGATCACGAGGTCAAGAGATCGAGACCATCCTGGTCAACATGGTGAAACCCCGTCTCTACTAAAAATACAAAAAATTAACTGGGCATGGTGGTGTGCGCCTGTAGTCCCAGCTACTCAGAAGGCTGAGGGAGGAGAATTGCTTGAACCCAGAAGGCGGAGGTTGTGGTGAGCCGAGATCATGTCATTGCACTCCAGCCTGGGTAACAACAGCTAAACTCCATCTCAAAAAATAAAAAATAAAAAAAATAAATAAA","GGCCGGGCACGATGGCTCACGCCTATAATCCCAGCACTTTGGGAGGCCAAGGTGGGCAGATCACGAGGTCAGGAGTTCGAGACCAGTCTGGCCAACATAGTGAAACCCTGTCTCTACTAAAAATACACAAAAAATTAGCCAGGTGTGGTGGCAGGTGCCTGTCATCCCAGCTACTCAGGTGGCTGAGGCAGGAGAATCGCGTGAACCCGGGAGGCGGAGGTTGCAGTGAGCCAAGATCGTGCCACTGCACTCCAGCCTGGGCAACAGAACGAGACTACATATCAAAAAAAAAAAAAAAAAAAAAAAAATCCCAAAAAACAAA"
"chr1","20730923","20731230","chr3","13063317","13063638","63","7667606","GGCCGGGCGCGGTGGCTCGCTCCTGTAATCCCAGCATTTTGGGAGGCCGAGGTGAGTAGATCATGAGGTCAAGAGATCCAGACCATCCTGGTCAACATGATGAAACTCCGTCTCTACTAAAAATACAAAAAATAAGCTGGGCATGGTGGCGCATGCCTGTAATCCCAGCTACTCAAGAGGCTGAGGCAGGAGAATTGCCTGAACCCAGGAGGCGGAGGTTGCGGTAAGCTGAGATGGCGCCATTGCACTCCAGCCTGGGTAACAAGAGCGAAACTCCGTCTCAAAAAAAAAAAAAAAAAAAAAAAAAA","GGCCGGGCACGATGGCTCACGCCTATAATCCCAGCACTTTGGGAGGCCAAGGTGGGCAGATCACGAGGTCAGGAGTTCGAGACCAGTCTGGCCAACATAGTGAAACCCTGTCTCTACTAAAAATACACAAAAAATTAGCCAGGTGTGGTGGCAGGTGCCTGTCATCCCAGCTACTCAGGTGGCTGAGGCAGGAGAATCGCGTGAACCCGGGAGGCGGAGGTTGCAGTGAGCCAAGATCGTGCCACTGCACTCCAGCCTGGGCAACAGAACGAGACTACATATCAAAAAAAAAAAAAAAAAAAAAAAAATCCCAAAAAACAAA"
"chr1","20770047","20770345","chr9","46299315","46299628","61","25529268","GGCCGGGCACGGTGGCTCAAGCCTGTAATCCCAGCACTTTGGGAGGCCGAGGCGGGTGGATCACGAGGTCAAGAGATCGAGACCATCCTGGTCAAAATGGTGAAACCCTGTCTCTACTAAAGATACAAAAAATTAGCTGGGCATGGTGGCGCGTGCCTGTAATCCCAGCTACTCAGGAGGCTGAGGCAGGAGAATTGCCTGAACCCAGGAGGCGGAGGTTGTGGTGAGCCGAGATCGTGCCATTGCACTCCAGCCTGGGTAACAACAGCGAAACTCTGTCTCAAAAAAAAAAAAAGAAA","GGCCAGACACAGTGGCTCACGTCTGTAATCCCAGCACTTTGGGAGGCAGAGGCGGGTGGATCACAAGGTCAGGAGTTTGAGAGCAGCCTGGCCAACATAGTGAAACCCTGTCTCTACTAAAAATACAAAAAAATTAGCCAGGTGTGGTGGTGGGTGCCTGTAATCCCACCTACTCAGGAGGCTGAGGCTGAGGCTGAGGCTGAGGAGAATCGTTTGAATCTGGGAGGCAGAGGTGGCAGTGAGCCGAGATTGCGCTACTGCACTCCAGCCTGGGCGACAGTGTGAGACTCTGTCTCAAAAAAAAAAAAAAAAAA"
"chr1","20862819","20863106","chr9","46299315","46299628","86","25436496","GGCCGGACGCGGTGGCTCATGCCTGTGATCCCAGGACTTTGGGAGGCCAAGGTGGGCAGATCCAAGGTCAGGAGTTTGAGGAAAGCCTGGCAAACATGATGAAACCCCTGTCTCTACTAACGATACAAAAAATTAGCCAGGTATGGTGGCACAAGCGTGTAATCTCAGCTACTGGGGAGACTGAGGTGGCAGAAGAATCACTTAAACGCAGAAGGCAGAGCTTTTAGGGTGCCAAGATCATGTCACTGCACTCCAGCCTGGGCAACAAAGCTAGATCCTGTCTCAAAA","GGCCAGACACAGTGGCTCACGTCTGTAATCCCAGCACTTTGGGAGGCAGAGGCGGGTGGATCACAAGGTCAGGAGTTTGAGAGCAGCCTGGCCAACATAGTGAAACCCTGTCTCTACTAAAAATACAAAAAAATTAGCCAGGTGTGGTGGTGGGTGCCTGTAATCCCACCTACTCAGGAGGCTGAGGCTGAGGCTGAGGCTGAGGAGAATCGTTTGAATCTGGGAGGCAGAGGTGGCAGTGAGCCGAGATTGCGCTACTGCACTCCAGCCTGGGCGACAGTGTGAGACTCTGTCTCAAAAAAAAAAAAAAAAAA"
"chr1","20893189","20893480","chr18","43221019","43221313","63","22327830","GGCCGGGAGCGGTGGCTCACACCTGTAATCCCAGCACTTTGGGAGGCCGAGGCGGGGGGATCATGAGGTCAAGAGATCGAGACCATCCTGGTCAACATGGTGAAACCCCGTCTCTACTAAAAATACAAAAAATTAGCTGGGCACGGTGGTGCGTGCCTGTAATCCCAGCTACTCAGGAGGCTGAGGTAGGAGAATTGCCTGAACCCAGGAGGCGGAGGTTGCGGTGAGCCGAGATCGCGCCATTGCACTCCAGCCTGGGTAACAGCAGCGAAACTCCATCTCAAAAAAAAAA","GGCCGGGCATGGTGGCTCACACCTATAATGCCAGCACTTTGGGAGGCCAAGGCGGGAGGTCAGGAGTTCAAGACTAGCCTGGCCAACATGGTGAAACTAAAAATATAAAAATATAAAAATATAAAAATATAAAAATCTGCTGGGCATGGTGGTGCGCGCCTGTAGTCCCAGCTACTCAGGAGGCTGAGGCAGGAGAATCGCTTGAACCCGGGAGGGCAGGGGTTGCAGTGAGCTGAGATCGCACTACTGCACTCCATCCTGGGCGACAGAGTGAGACTCCATCTCAAAAAAAAAA"
"chr1","20910177","20910450","chr5","40719350","40719670","83","19809173","CGGGCGCGGTGGCTCAAGCCTGTAATCCCAGCACTTTGGGAGGCTGAAGTGGGTGGATCATGAGGTCAAGAGATCGAGACCATCCTGGCCAACATGGTGAAACCCTGTCTCTACTAAAAATACAAAAAAGTAGCTGGGCATGGTGGGGCGTGCCTGTGTTCAGGAGAATTGCCTGAACCCAGGAGGCAGAGGTTGCGGTGAGCCGAGATCACGCCATTGCACTCCAGCCTGGGTAACAAGAGCGAAACTCGGTCTCAAACAAACAAAAAAAAAA","GGCTGGGCGCGGTGGCTCATGCCTGTAATCCCAGCACTTTGGGAGGCAGAGGTGGGCGGATCACGAGGTCAGGAGTTCAAGACCAGCCTGGCCAACATAGTGAAACCCAATCTTTACTAAAAATACAAAAAATTAGCCAGGCATGGTGGCAGGCACTTGTAATCCCAGCTATTCAGGAGACTGAGACAGGAGAATCATCTGAACCCAGGAGGAAGAGGTTGCAGTGAGCCAAGATCACACCATTGCACTCCAGCCCACGGGAAAGTGCGAGCCTCCATCTCAAAAACAACAACAACAACAACAACAACAAAAAACAAAAAA"
"chr1","20939213","20939523","chr3","13063317","13063638","64","7875896","GGCCAGGCACGGTGGCTCAAGCCTGTAATTCCAGCACTTTGGGAGGCCGAGGAGAGTGGATCATGAGGTCAAGAGATTGAAACCATCCTGGTCAACATGGTGAAATCTCGTCTCTACTACAAATACAAAAAATTAGCTGGGCATGATGGCGCATGCCTGTAATCACAGCTACTCAGGAGGCTGAGGCAGGAGAATTGCCTGAACCCAGGAGGCGGAGGTTGCAGTGAGCCGAGATCATGCCATTGCACTCCAGCCTGGATAACAAGAGCAAATCTCTGTCTCAAAAAAAAAAAAAAAAGAAAAAAGAAAAA","GGCCGGGCACGATGGCTCACGCCTATAATCCCAGCACTTTGGGAGGCCAAGGTGGGCAGATCACGAGGTCAGGAGTTCGAGACCAGTCTGGCCAACATAGTGAAACCCTGTCTCTACTAAAAATACACAAAAAATTAGCCAGGTGTGGTGGCAGGTGCCTGTCATCCCAGCTACTCAGGTGGCTGAGGCAGGAGAATCGCGTGAACCCGGGAGGCGGAGGTTGCAGTGAGCCAAGATCGTGCCACTGCACTCCAGCCTGGGCAACAGAACGAGACTACATATCAAAAAAAAAAAAAAAAAAAAAAAAATCCCAAAAAACAAA"
"chr1","20956140","20956435","chr18","15009231","15009552","62","5946909","GGCTGGGCGTGGTGGCTCAAGCCTGTAATCCCAGCACTTTGGGAGGCCGAGGCAGGTGGATCACGAGGTTAAGCGATCAAGACCATCCTGGTCAACATGGTGAAACCCCGTCTCTACTAAAGACACAAAAAATTAGCTGGGCATGGTGGCGCGTGCCTGTAGTCCCAGCTACTCAGGAGGCTGAGGCAGGAGAATTGCCTGAACCCAGGAAGCGGAGGTTGCGGTGAGCCGAGATTGCACCATTGCACCCCAGCCTAGGTAACAAGAGCGAAACTCCGCCTCAAAAAAAAAAAAAA","GCCAGGCGTGGTGGCTCATGCCTGTAATCCCAGCACTTTGGGAGGCCGAGGCGGGCAGATCACGAGGTCAGGAGTTCGAGACCAGCCTGACCAATATGGTGAAACCCCATCTCCACTAAAAACACACACACACACACACACACACACACACAAAATTAGCTGGGCGTGGTGGCACGTGCCTGTAGTCCCAGCTACTCAGGAGGCTGAGGCAGGAGAATTGCTTGAACCCAGGAGGCAGAGGTTGCAATGAGCTGAGATTGCACCATTGCACTCCAGCCTGGGTGACAGAGCGAGACTCCATCTCAAAGAAAAAAAAAAAGAA"
"chr1","20969933","20970205","chr10","18034574","18034865","82","2935359","GTGCAGTGGCTCATGCCTGTAATCTCAGCACTTTGGGAGGTTAGAGGTGGATTACGAGGTCAGGAGTTCAAGACTAGCCTGGCCAATATGGTGAAACCATGTCTCTACTAAAAATACAATAAAACCTAGCTGGGCATGGTGGCACCTGCCTGTAGTCCCAGCTACTCGGGAGGCTGAAGCAGAAGAATCCCTTGAACCCAAAAGGTGGAGGTTGCCATGAGCCAAGATAGCGCCACTGCAGTCCAGCCTGGGCAATAGAGGGAGACTCTGTCT","GGCTAGGCACAGTGGCTCACGCCCCCCAGCACTTTGGGAGGCCATAGTGGGTGGATCACAAGGTCAGGAGTTCAAGACCAGCCTGGCCAACATAGTGAAACCCTGTCTAAAAATACTAAAAATACAAAAAAAAAAAAAAAAAAAAAAAAAAAAGCCAGGCATGGTGGTGGGCACCTGTAGTCCCAGCTACTTGGGAGGCTGAGGCAGGAGAATCACTTGAACCCAGGAGGTGGAGGTTGCAGTGAGCCAAGATCGCACCACTGCTCTCCAGCCTGGGCGAGACAGCAAGACT"
"chr1","20997602","20997907","chr14","38774640","38774953","60","17777038","GGCCGGGCGCTGTGGCTCATGCTTGTAATCTCAGCACTTTGGGAGGCCAAGGCCGGTGGATCACGTCGTCAAGAGATCGAGACCATCCTGGTCAACATGGTGAAACCCCGTCTCTACTACAAATACAAAAAATTAGCTGGGTATGGTGGAGCGTGCCTGTGATTCCAGCTACTCAGGAGGCTGAGGCAGGAGAATTGCCTGAAGCCAGGAGGCGGAGGTTGCAGTGAGCCGAGATCACGCCATTGCACTCCAGCCTGGGTAACAAGAGCGAAACTCCGTCTCAAAAAAAAAAAAAAATACAAAAAA","GGCCAGGTGTGGTGGCTCACACCTGTAATACTAGCACTTTGGGAGGCCAAGGCGGGTGGATCACGAGGTCAGGAGATCAAGACCAGCCTGGCCAACATGGTGAAACCCCATCTCTACTTAAAAAAAAAAAAAAAAAAAAAAAAATTAGCTGGGTATAGTGGCGTGCACCTGCAGTCTCAGCTACTCGGGAGGCTGAGGCAGGAGAATCACTTGAACCCGGGAGGTGGAGGTTGCAGTGAGCCAAGATCAGGCCACTGCACTCCAGCCTGGGTGACAGAGTGAGACCCTGTCTCAAAAAAAAAAAAAAAAAAAAA"
"chr1","21064449","21064768","chr18","15009231","15009552","73","6055218","GGCCAGGTGTGGTGGCTCATGCTTGTAATCCCAGCACTTTGGGAGGCCGAGGCGGGTGGATCCCAAGGTCAAGAGATCGAGACCATCCTGGTCAACATGGTGAAACCCCGTCTCTACAAAAATACAAAAAATTAGCTGGGCATGCTAGCGCATTTAGTACAATGCTAGCGCATTAGTAGTAGTAATCCCAGCTGCTCAGGAGGCTGAGGCAGGAGAATTGCCTGAACCCAGGAGGCGGAGGTTGTGGTGAGCCGAGATCGCGCCATTGCACTCCAGCCTGAGTAATAAGAGTGAAACTCTGTCTCAAAAAAAAAAAAAAA","GCCAGGCGTGGTGGCTCATGCCTGTAATCCCAGCACTTTGGGAGGCCGAGGCGGGCAGATCACGAGGTCAGGAGTTCGAGACCAGCCTGACCAATATGGTGAAACCCCATCTCCACTAAAAACACACACACACACACACACACACACACACAAAATTAGCTGGGCGTGGTGGCACGTGCCTGTAGTCCCAGCTACTCAGGAGGCTGAGGCAGGAGAATTGCTTGAACCCAGGAGGCAGAGGTTGCAATGAGCTGAGATTGCACCATTGCACTCCAGCCTGGGTGACAGAGCGAGACTCCATCTCAAAGAAAAAAAAAAAGAA"
"chr1","21109199","21109509","chr1","131937127","131937450","59","110827928","GGCCGGGCGCAGTGGCTCAAGCCTGTAATCCCAGCACTTTGGGAGGCCGAGGTAGGTGGATCACGAGGTCAGGATATCGAGACCATCCTGGTCAACATGGTGAAACTCCGCCTCTACTAAAGATACAAAAAATTAGCTGGGCATGGTGGCGCGTGCCTGTAATCCCAGCTACTCGGGAGGCTGAGGCAGGAGAATTGCCTGATCCCAGGAGGCAGAGGTTGCGGTGAGCCGAGATCGCGCCATTGCACTCCAGCCTGGGTAACAAGAGCGAAACTCCTTCTCAAAAAAAAAGAAAGAAAAAGAAAAAGAAA","GCCAGGTGCGGTGCCTCATGCCTGTAATCCCAGCACTTTGGGATGCCGAGGCGGGTGGATCACAAGGTCAGGAGTTCAAGACCAGCCTGGCCAACATAGTGAAACCCCGTCTCTACTAAACATACAAAAAATTAGCCGGGCGTGGTGGCAGGTGCCTGTAATCCCAGCTATTCAGGGAGGCTGAGGCAGGAGAATTGCTTGAACCTGGGAGGCGGAGGTTGCAGTGAGCCAAGATCGCACCACTGCACTCCAGCCCAGGTGACAATGCGAGACTCCATCTCAAATAAATACATAAATAAATAAATAAATAAACAAACAAACAAA"
"chr1","21155413","21155714","chr14","38774640","38774953","74","17619227","GGACGGGCGCGGTGGTTCATGCCTGTAATCTCAGCACTTTGTGAGGCCATGGCAGGTGAATCACGAGGTCAGGAGTTTGAGACCAGCCTGGCTAACATGGTGAAATCCCATCTCTACTAAAAACACAGAAAAATTAGCTGAGCGTGGTGGCACATGCCTGTAATCCCAGCTACTTGGGAGGCTGAGACAAGAAAATTACTTGAATAAGGCGGAGGTTGCAGTGAACTGAGATCTTGCTACTGCACTCCAGCCTGGGCAACGAAGCAAGACTCTGTCTCAAAAACAAACAACAACAACAAAAA","GGCCAGGTGTGGTGGCTCACACCTGTAATACTAGCACTTTGGGAGGCCAAGGCGGGTGGATCACGAGGTCAGGAGATCAAGACCAGCCTGGCCAACATGGTGAAACCCCATCTCTACTTAAAAAAAAAAAAAAAAAAAAAAAAATTAGCTGGGTATAGTGGCGTGCACCTGCAGTCTCAGCTACTCGGGAGGCTGAGGCAGGAGAATCACTTGAACCCGGGAGGTGGAGGTTGCAGTGAGCCAAGATCAGGCCACTGCACTCCAGCCTGGGTGACAGAGTGAGACCCTGTCTCAAAAAAAAAAAAAAAAAAAAA"
"chr1","21216569","21216867","chr14","38774640","38774953","64","17558071","GGCCGGGTGCGGTGGCTCAAGCCTGTAATCCCAGCACTTTGGGAAGCCGAGATGGGTGGATCACGAGGTTAAGAGATGAGACCATCCCGGTCAACATGGTAAAACCCCGTTTATAAAAATACAAAAAATTAGCTGGGCACGGTGATGCGTGCCTGTAATCCCAGCTACTCAGGAGGCTGAGGCAGGAGAATTGCCTGAACCCGGGAGGTGGAGGTTGCGGTGAGCCGAGATTGCGCCATTGCACTCCAGCCTGGGTAACAATAGCGAAACTCCGTTTCAAAAAAAAAAAAAAAAAAAAA","GGCCAGGTGTGGTGGCTCACACCTGTAATACTAGCACTTTGGGAGGCCAAGGCGGGTGGATCACGAGGTCAGGAGATCAAGACCAGCCTGGCCAACATGGTGAAACCCCATCTCTACTTAAAAAAAAAAAAAAAAAAAAAAAAATTAGCTGGGTATAGTGGCGTGCACCTGCAGTCTCAGCTACTCGGGAGGCTGAGGCAGGAGAATCACTTGAACCCGGGAGGTGGAGGTTGCAGTGAGCCAAGATCAGGCCACTGCACTCCAGCCTGGGTGACAGAGTGAGACCCTGTCTCAAAAAAAAAAAAAAAAAAAAA"
"chr1","21237782","21238058","chr12","6861641","6861931","63","14376141","AGGCCGAGGCGGGTGGATCACGAGGTCAAGAGATCAAGACCATCCTGGTCAACATGGTGAAACCCCGTCTCTAGTAAAGATACAAAAAATTAGCTGGGCGTGGTAGTGCATGCTTCTAATCCCAGCTACTCAGGAGGCTGAGGCAGGAGAATTGCCTGAACCCAGGAGGTGGAGGTTGCGGTGAGCCAAGCTCGCGCCATTGCACTCCAGCCTGGGTAACAAGAGCGAAACTCCATCTCAATAAATAAATAAATAAATAAATAAATAAATAAATAAA","CTTTGGGAGGCCGAGGCAGGTGGATCACCAGATCAGGAGTTCAAGACCAGCCTGGCCAACATAGTGAAACCCTGTCTCTACTAAAAATACAAAAAATTAGCTGAGCGTGGTGGCAGGCACCTGTAATCCCAGCTACTTGGGAGGCTGAGGCAGGAGAATTGCTTGAACCCGGGAGGTGGAGGTTGCAGTGAGCTGAGATCGCACCATAGCACTCCAGCCTGGGCGACAGTGTGAGACTCTGCCTCAAAACAACAACAACAACAAAAACAACAACAACAACGAAAAAAACAA"
"chr1","21255531","21255845","chr14","38774640","38774953","52","17519109","GTCGGGCGTGGTGGCTCATGCCTGTAATCCCAGCACTTTGGGAGGCTGAGGCCGGTGGATCACGAGGTCAGGAGTTCAAGACCAGCCTGGCCAAGATGGTGAAACCCTGTCTCTACTAATAATACAAAAAAAAAAAAAAAAATAGTGGGGTGTGTTAGCGCACACCTGTAGACCCAGCTACTGGGGAGGCTGAGGCACAAGAATCGCTTGAACCCGGGTGGCAGAGGTTGTAGTGAGCCAGGAATGTGCCACTGCACTCCAGCCTGGGTGACAGAATAAGACTCCTTCTCAAAAAAAAAAAAAAAAAAACAAGAA","GGCCAGGTGTGGTGGCTCACACCTGTAATACTAGCACTTTGGGAGGCCAAGGCGGGTGGATCACGAGGTCAGGAGATCAAGACCAGCCTGGCCAACATGGTGAAACCCCATCTCTACTTAAAAAAAAAAAAAAAAAAAAAAAAATTAGCTGGGTATAGTGGCGTGCACCTGCAGTCTCAGCTACTCGGGAGGCTGAGGCAGGAGAATCACTTGAACCCGGGAGGTGGAGGTTGCAGTGAGCCAAGATCAGGCCACTGCACTCCAGCCTGGGTGACAGAGTGAGACCCTGTCTCAAAAAAAAAAAAAAAAAAAAA"
"chr1","21259691","21259974","chr18","15009231","15009552","74","6250460","GGCCGGGCGCGGTGGCTCACGCCTGTAATCCCAGCACTTTGGGAGGCCGAGGCGGGTGGATCACGAGGTCAAGAGATCGAGACCATCCTGGTCAACATGGTGAAACCCCGTCTCTATTAAAAACACAAAAAATTAGCTGGGCATGGTGGCGCATGCCTGTAATCCCAGCTACTCAGGAGGCCGAGGCGGGAGAATTGCCTGAACCCAGGAGGCGGAGGCTGCGGTTAGCCGAGATGGCGCCATTGCACTCCAGCCTGGGTAACAAGAGCGAAACTCCGTCTCAA","GCCAGGCGTGGTGGCTCATGCCTGTAATCCCAGCACTTTGGGAGGCCGAGGCGGGCAGATCACGAGGTCAGGAGTTCGAGACCAGCCTGACCAATATGGTGAAACCCCATCTCCACTAAAAACACACACACACACACACACACACACACACAAAATTAGCTGGGCGTGGTGGCACGTGCCTGTAGTCCCAGCTACTCAGGAGGCTGAGGCAGGAGAATTGCTTGAACCCAGGAGGCAGAGGTTGCAATGAGCTGAGATTGCACCATTGCACTCCAGCCTGGGTGACAGAGCGAGACTCCATCTCAAAGAAAAAAAAAAAGAA"
"chr1","21299911","21300029","chr1","178999882","178999998","65","157699971","CCTATAGACTCAGTTACTCGGGGGCTGAGGCATGAGAGTCACTTGAGCCCAGGAGGCAGAAGTGGCAGTGAGCCAAGATCTCACCACTGCACTCCAGCCTGGGTGATAGAGTGAGACTC","GGAGGTTGCAGTGAGCTAAGATCATGCCACTGCACTCCAGCCTTGGTGACAGAGTGAGACCCTTTATCAAAAACAACAACAACAACAACAACAACAACAAAACAGAAAAGAAAAAGA"
"chr1","21346289","21346591","chr14","38774640","38774953","59","17428351","GCCGGGCACGGTGGCTCACACCTGTAATCCCAGCACTTTGGGAGGCTGAGGTGGGTGGATCACGAGGTCAAGAGATCAAGACCATCTTGGTCAACATGGTGAAACCCCGTCTTTACTAAAAATACAAAAAATTAGCTGGGCATGGTGGCGCGTGCCTGTGATCCCAGCTACGCAGGAGGCTGAGGCAGGAGAATTGCCTGAACCCAGGAGGCGGAGGTTGCGGTGAGCCGAGATCATGCCATTGCCCTCCAGCCTGGGTAACAAGAGCGAAACTCCATCTCAAAAAAAAAGAAAAAAAAAAAA","GGCCAGGTGTGGTGGCTCACACCTGTAATACTAGCACTTTGGGAGGCCAAGGCGGGTGGATCACGAGGTCAGGAGATCAAGACCAGCCTGGCCAACATGGTGAAACCCCATCTCTACTTAAAAAAAAAAAAAAAAAAAAAAAAATTAGCTGGGTATAGTGGCGTGCACCTGCAGTCTCAGCTACTCGGGAGGCTGAGGCAGGAGAATCACTTGAACCCGGGAGGTGGAGGTTGCAGTGAGCCAAGATCAGGCCACTGCACTCCAGCCTGGGTGACAGAGTGAGACCCTGTCTCAAAAAAAAAAAAAAAAAAAAA"
"chr1","21347846","21348115","chr20","33014435","33014698","81","11666589","GCCTGGCTTGGTGTCTCACGCCTTTAATCCCAGCACTTTGGGAGGTCAAGGAGGGCAGATCATGAAGTCAGGGTTTCAAGACCAGTGTGGCCAACATAGTGAAAACCCACCTCTACTAAAAGTACAAAAAATTAGCTGGGTATGGTGGCAGACATCTGTAATTCCAGCTAGACAGGAGGCTGATGCAGGAGAATCGTTTGAACCCGGGAGGCGGAGATTGGAGTGAGCCGAGATTGTGCCATTGTACCCTAGCCCAGGTAATGTGAGACT","GGCCAAGCCCAGTGGCTCACAGCTGTAATCCCAGCACTTTCAGAGGCCAAGGTGGGCAGATCACGAGGTCAGGAGTTCAAGACCAACCTGGCCAACATAGTAAAAACCCGTCTCTACTAAAAAAAAAAAAAAAAAAAAAAAAAGCCAGGCATGGTGGCACGTGCCTGTAGTCCCAGCTACTTGGGAGGCTGAGGCAGGAGAATCACTTGAACCTGAGAGGCGGAGGTTGTGGAGAGTCAAGATCATGCCACTGCACTCCAGTCT"
"chr1","21353549","21353859","chr1","131937127","131937450","56","110583578","GCCAGGTGTGGTGCCTCACGCCTGTAATCCCAGCACTTTGGGAGGCTGAGGTAGGTGAATCACGAGGTCAAGAGATCGAGACCATCCTGGTCAACATGGTGAAACCCTGTCTCTACTAAAAATACAAAAAATTAGGTGGGCATGGTGGCGCGTGCCTGTAATCCCAGCTACTCAGGAGGCTGAGGGAGGAGAATTGCCTGAGCCCAGGAGGCGGAGGTTGCGGTGAGCCGAAATCGCACCATTGCACTCCAGCCTGGGTAACAAGAGCAAAACTCCGTCTTAAAAAAAAAAAAAACAACAAAAAAACAAAA","GCCAGGTGCGGTGCCTCATGCCTGTAATCCCAGCACTTTGGGATGCCGAGGCGGGTGGATCACAAGGTCAGGAGTTCAAGACCAGCCTGGCCAACATAGTGAAACCCCGTCTCTACTAAACATACAAAAAATTAGCCGGGCGTGGTGGCAGGTGCCTGTAATCCCAGCTATTCAGGGAGGCTGAGGCAGGAGAATTGCTTGAACCTGGGAGGCGGAGGTTGCAGTGAGCCAAGATCGCACCACTGCACTCCAGCCCAGGTGACAATGCGAGACTCCATCTCAAATAAATACATAAATAAATAAATAAATAAACAAACAAACAAA"
"chr1","21424685","21424986","chr14","38774640","38774953","62","17349955","GACCTGGCACGGTGGCTCACGCCTGTAATCCCCGCACTTTGGGAGGCCGAGGCGGGTGGCTCACGAGGTCAACAGATCGAGACCATCCTGGTCAACATGGTGAAACCCTGTCTCTACTAAAAATACAAAAAATTAGCTGGGCACGGTGGTGCATGTCTGTAATCCCAGCTGCTCGGGAGGCTGAGGCAGGAGAATTGCCTGAACCCAGGAGGCGGAGGTTGTGGTGAGCCGAGATCGCGCCATTGCACTCCAGCCTGGGTAACAAGAGCGAAACTCCGTCTCAAAAAAAAAAAAAAAAAAAA","GGCCAGGTGTGGTGGCTCACACCTGTAATACTAGCACTTTGGGAGGCCAAGGCGGGTGGATCACGAGGTCAGGAGATCAAGACCAGCCTGGCCAACATGGTGAAACCCCATCTCTACTTAAAAAAAAAAAAAAAAAAAAAAAAATTAGCTGGGTATAGTGGCGTGCACCTGCAGTCTCAGCTACTCGGGAGGCTGAGGCAGGAGAATCACTTGAACCCGGGAGGTGGAGGTTGCAGTGAGCCAAGATCAGGCCACTGCACTCCAGCCTGGGTGACAGAGTGAGACCCTGTCTCAAAAAAAAAAAAAAAAAAAAA"
"chr1","21463477","21463783","chr1","131937127","131937450","63","110473650","GGACAGGCGCAGTGGCTCAAGCCTGTAATCTCAGCACTTTGGGAGGCCGAGGTGGGTGGATCACAAGGTCAAGAGATCGAGACCATCCTGGTCAACATGGTGACACCCCATCTCTACTCAAAATACAAAAAATTAGCTGGGCATGGTGGCGCATGCCTGTAAACTCAGCTACTCAGGAGGCTGAGGCAGGAGAATTGCCTGAATCCAGGGGGTGGAGGTTGCGGTGAGCCGAGATTGCGCCATTGCACTCCAGCCTGGGTAACAAGAGCGAAACTCCGTCTCAAAAAAAAAAAAAAAAAAAAAAAAA","GCCAGGTGCGGTGCCTCATGCCTGTAATCCCAGCACTTTGGGATGCCGAGGCGGGTGGATCACAAGGTCAGGAGTTCAAGACCAGCCTGGCCAACATAGTGAAACCCCGTCTCTACTAAACATACAAAAAATTAGCCGGGCGTGGTGGCAGGTGCCTGTAATCCCAGCTATTCAGGGAGGCTGAGGCAGGAGAATTGCTTGAACCTGGGAGGCGGAGGTTGCAGTGAGCCAAGATCGCACCACTGCACTCCAGCCCAGGTGACAATGCGAGACTCCATCTCAAATAAATACATAAATAAATAAATAAATAAACAAACAAACAAA"
"chr1","21489306","21489604","chr18","15009231","15009552","60","6480075","GGCTGGGCGCAGTGGCTCAAGCCTGTAATCCCAGCACTTTGGGAGGCCGAGGCGGGTGGATCACAAGGTCAAGAGATCGAGACCATCCTGGTCAACATGGTGAAACCCCATCTCTACTCAAAATACAAAAAATTATCTGGGCACGGCGGTGCGTGCCTGTAATCCCAGCTACTCGGGAGGCTGAGGCAGGAGAATTGCCTGAACCCAGGAGGCGGAGGTTGCGGTGAGCCGAGATTGCGCCATTGCACTCCAGCCTGGGTAACAAGAGCGAAACTCCATCTCAAAAAAAAAAAAAAAAA","GCCAGGCGTGGTGGCTCATGCCTGTAATCCCAGCACTTTGGGAGGCCGAGGCGGGCAGATCACGAGGTCAGGAGTTCGAGACCAGCCTGACCAATATGGTGAAACCCCATCTCCACTAAAAACACACACACACACACACACACACACACACAAAATTAGCTGGGCGTGGTGGCACGTGCCTGTAGTCCCAGCTACTCAGGAGGCTGAGGCAGGAGAATTGCTTGAACCCAGGAGGCAGAGGTTGCAATGAGCTGAGATTGCACCATTGCACTCCAGCCTGGGTGACAGAGCGAGACTCCATCTCAAAGAAAAAAAAAAAGAA"
"chr1","21544827","21545124","chr14","38774640","38774953","63","17229813","CAGTGGCTCACGCCTGTAATCCAAGCACATTGGGAGGCCGAGGCGGGCAGATCACTAGGTCAAGAGATCGATACCATCCTGGTCAACATGGTGAAACCCCGTCTCTACTAAAAAATACAAAAAATTAGCTGGGCATGGTGGCGCGTGCCTGTAATCCCAGCTACTCAGGAGGCTGAGGCAGGATAATTACCTGAACCCAGGAGGCGGAGGTTGCCGTGAGCCGAGATCGGGCCATTGCACTCCAGCCTGGGTAACAAGAGCGAAACTCCGTCTCAAAAAAAAAAAAAAAAAAAAAAAA","GGCCAGGTGTGGTGGCTCACACCTGTAATACTAGCACTTTGGGAGGCCAAGGCGGGTGGATCACGAGGTCAGGAGATCAAGACCAGCCTGGCCAACATGGTGAAACCCCATCTCTACTTAAAAAAAAAAAAAAAAAAAAAAAAATTAGCTGGGTATAGTGGCGTGCACCTGCAGTCTCAGCTACTCGGGAGGCTGAGGCAGGAGAATCACTTGAACCCGGGAGGTGGAGGTTGCAGTGAGCCAAGATCAGGCCACTGCACTCCAGCCTGGGTGACAGAGTGAGACCCTGTCTCAAAAAAAAAAAAAAAAAAAAA"
"chr1","21642839","21643181","chr2B","1041037","1041379","63","20601802","GGCCAGGTGCAGTGGCTCAGGCCTGTAATCCCAGCACTTTGGTAGGCCAAGGTGGGCAGACAACGAGGTCAGGAGTTCGAGACCAGCCTGACCAACATGATGAAACCCTGTCTCTACTAAAAAAAAAAAAAAAAAAAAAACAAAACCCCAAACAAAACAAAACAAAAAAAAATTAGCCAGGTGTGGTGGTGCACACCTATAATCCCAGCTACTCGGTAGGCTGAGATAGGAGAATCACTTGAATCCGGGAGGCAGAGGTTGCAGTGAGCCAAGATTGCGCCATTGCACTCCAGCCTGGATGACAGAGTGAGACTCCATCTCAAAAAAAAAAAAATAAATAAAA","GGCCGGGCGCCATGGCTCACGCCTGTAATCCCTGCACTTTGGGAGGCCGAGGCGGGCGGATCACAAGGTCATGAGTTCGAGACCAGCCTGGCCAACATGGTGAAACCCCCGACTCTACTAAATACTAAAAATGCAAAAAAAAAAAAAAAAAAAAAAAAAAAAAAACAGCCGGGTGTGGTGGCGGGCGCCTGTAATCTCAGCTACTCTGGAGGCTGAGGCAGGAGAATTGCTTGAACCCGGGAGGCAGAGGTTGCAGTGAGCCAAGATTGCGCCACTGCACTCCAGTCTGGATGACAGAGCTAGACTCCGTCTCAAAAAAATAATAATAAAAATAAAAAAATAA"
"chr1","21657965","21658234","chr20","33014435","33014698","68","11356470","GGCCGGGCGTGGTGGCTCACGCCTGTAATCCCAGCATTTTGGGAGGCCAAGGTGGGTGGATCATGAGGTCAAGAGATCGAGACCATCCTGGTCAACATGGTGAAACCCCGTCTCTACTCAAAATACAAAAAATTAGCTGGGCATGGTGGCGCGTGCCTGTAATCCCAGCTACTCGGGAGGCTGAGGCGGGAGAATTGCCTGAACCCAGGAGGCGGAGGTTGCGGTGAGTCGAGATTGCGCCATTGCACTCCAGCCTGGGTAACAAGAGCG","GGCCAAGCCCAGTGGCTCACAGCTGTAATCCCAGCACTTTCAGAGGCCAAGGTGGGCAGATCACGAGGTCAGGAGTTCAAGACCAACCTGGCCAACATAGTAAAAACCCGTCTCTACTAAAAAAAAAAAAAAAAAAAAAAAAAGCCAGGCATGGTGGCACGTGCCTGTAGTCCCAGCTACTTGGGAGGCTGAGGCAGGAGAATCACTTGAACCTGAGAGGCGGAGGTTGTGGAGAGTCAAGATCATGCCACTGCACTCCAGTCT"
"chr1","21881286","21881589","chr3","13063317","13063638","65","8817969","GGCCGGGTGCGGTGGCTCAAGCCTGTAATCCCAGCACTTTGGGAGGCCGAGGCGGGTGGATCACGAGGTCAAGAGACCGAGACCATTCTGGTCAACATGGTGAAACCCCGTCTCTACTAAAAATACAAAAAATTAGCTGGGCACGGTGGCGCGTGCCTGTAATCCCAGCTACTCAGGAGGCTGAAGCATTCTCATTGCCTGAACCCAGGAAGCGGAGGTTGAGGTGAGCCGAGACCGCGCCATTGCACTCCAGCCTGGGCAACAAGAGCGAAACTCCATCTCAAAAAAAAAAAAAAAAAAAAAA","GGCCGGGCACGATGGCTCACGCCTATAATCCCAGCACTTTGGGAGGCCAAGGTGGGCAGATCACGAGGTCAGGAGTTCGAGACCAGTCTGGCCAACATAGTGAAACCCTGTCTCTACTAAAAATACACAAAAAATTAGCCAGGTGTGGTGGCAGGTGCCTGTCATCCCAGCTACTCAGGTGGCTGAGGCAGGAGAATCGCGTGAACCCGGGAGGCGGAGGTTGCAGTGAGCCAAGATCGTGCCACTGCACTCCAGCCTGGGCAACAGAACGAGACTACATATCAAAAAAAAAAAAAAAAAAAAAAAAATCCCAAAAAACAAA"
"chr1","21916050","21916354","chr9","46299315","46299628","64","24383265","GGCTGGGTATGGTGGCTCACACCTATAATCCCAGCACTTTGGGAGGCTGAGGAAGGTGGATCATGAGGTCAGGAGTTTGAGACCAGCCTGGCCAACATAGTGAAACCCCGTCTCTACTAAAAACACAAAAAATTAGCCAGGCATGGGAGTGGGCACCTGTAATTCCAGCTAGTCAAGAGGCTGAGGCAGGAGAATTGCTTGAACCCAGGAGGTGGAGGTTGCAGTGAGCCAAGATTGTGCCATTACACTCCAACCCCAGGCGACAGTGCGAGACTCTGTCTCAAAAAAATAAAAATAAAAATAAA","GGCCAGACACAGTGGCTCACGTCTGTAATCCCAGCACTTTGGGAGGCAGAGGCGGGTGGATCACAAGGTCAGGAGTTTGAGAGCAGCCTGGCCAACATAGTGAAACCCTGTCTCTACTAAAAATACAAAAAAATTAGCCAGGTGTGGTGGTGGGTGCCTGTAATCCCACCTACTCAGGAGGCTGAGGCTGAGGCTGAGGCTGAGGAGAATCGTTTGAATCTGGGAGGCAGAGGTGGCAGTGAGCCGAGATTGCGCTACTGCACTCCAGCCTGGGCGACAGTGTGAGACTCTGTCTCAAAAAAAAAAAAAAAAAA"
"chr1","21942387","21942698","chr1","131937127","131937450","56","109994740","GGCCAGGCGCGGTGGCTCAAGCCTGTAATCCCAGCTACTTTGGGAGGCCAAGGCAGGTGAATCACGAGGTCAAGAGATCGAGACCATCCCGGTCAACATGGTGAAACCCCGTCTCTACTAAAAATACAAAAAATTAGCTGGGCATGGTGGCGCGTGCCTGTAATCCCAGCTACTTGGGAGGCTGAGGCAGGAGAATTGCCTGAACCCAGGAGGCGGAGGTTGCGGTGAGCTGAGATCACACCATTGCACTCCAGCCTGGGTAACAGGAGCGAAACTCCATCTCAAAAAAAAAAAAAGAAAATAAAAAATAAA","GCCAGGTGCGGTGCCTCATGCCTGTAATCCCAGCACTTTGGGATGCCGAGGCGGGTGGATCACAAGGTCAGGAGTTCAAGACCAGCCTGGCCAACATAGTGAAACCCCGTCTCTACTAAACATACAAAAAATTAGCCGGGCGTGGTGGCAGGTGCCTGTAATCCCAGCTATTCAGGGAGGCTGAGGCAGGAGAATTGCTTGAACCTGGGAGGCGGAGGTTGCAGTGAGCCAAGATCGCACCACTGCACTCCAGCCCAGGTGACAATGCGAGACTCCATCTCAAATAAATACATAAATAAATAAATAAATAAACAAACAAACAAA"
"chr1","22022364","22022673","chr3","13063317","13063638","58","8959047","GGCTGGGCGCAGTGGCTCAAGCCTGTAATCCCAGCACTTTGGGAGGCTGAGGTGGGTGGATCACGAGGTCAGGAGATCGAGACCATCCTGGTCAACATGGTGAAACCCCGTCTCTACTAAAAATACAAAAAATTAGCTGGGTGCGATGGTGCGTGCCTGTAATCCCAGCTACTCAGGAGGCTGAGGCAGGAGAATTGCCTGATCCCAGGAGGCGGAGGTTGCGGTGAGCCGAGATCGCACCATTGCACTCCAGCCTGGGTAACAAGAGCAAAACTCCGTCTCAAAAAAAAAAAGAAAAGAAAAAGAAAAA","GGCCGGGCACGATGGCTCACGCCTATAATCCCAGCACTTTGGGAGGCCAAGGTGGGCAGATCACGAGGTCAGGAGTTCGAGACCAGTCTGGCCAACATAGTGAAACCCTGTCTCTACTAAAAATACACAAAAAATTAGCCAGGTGTGGTGGCAGGTGCCTGTCATCCCAGCTACTCAGGTGGCTGAGGCAGGAGAATCGCGTGAACCCGGGAGGCGGAGGTTGCAGTGAGCCAAGATCGTGCCACTGCACTCCAGCCTGGGCAACAGAACGAGACTACATATCAAAAAAAAAAAAAAAAAAAAAAAAATCCCAAAAAACAAA"
"chr1","22037847","22038157","chr1","131937127","131937450","53","109899280","CCGGGCGCGGTGGCTCAAGCCTGTAATCCCGGCACTTTGGGAGGCCAAGGAGGGTGGATCACGAGGTCAAGATATCGAGACCATCCTGGTCAACATGGTGAAACCCCGTCTCTACTAAAGATACAAAAAATTAGCTGGGCGTGGTGGCGCGTGCCTGTAATCCCAGCTATGCAGGAGGCTGAGGCAGGAGAATTGCCTGAACCCAGGAGGCGGAGGTTGCGGTGAGCCGAGATCGCGCCATTGCACTCCAGCCTGGGTAACAAGAGCGAAACTCCGTCTCACACACAAAAAAATAAAAATTAAAAATAAAA","GCCAGGTGCGGTGCCTCATGCCTGTAATCCCAGCACTTTGGGATGCCGAGGCGGGTGGATCACAAGGTCAGGAGTTCAAGACCAGCCTGGCCAACATAGTGAAACCCCGTCTCTACTAAACATACAAAAAATTAGCCGGGCGTGGTGGCAGGTGCCTGTAATCCCAGCTATTCAGGGAGGCTGAGGCAGGAGAATTGCTTGAACCTGGGAGGCGGAGGTTGCAGTGAGCCAAGATCGCACCACTGCACTCCAGCCCAGGTGACAATGCGAGACTCCATCTCAAATAAATACATAAATAAATAAATAAATAAACAAACAAACAAA"
"chr1","22052118","22052404","chr16_NW_019937290v1_random","735974","736277","61","21316144","CGCGGTGGCTCACGCCTGTAATCCCAGCACTTTGGGAGGCCGAGGCGGGTGGATCACGAGGTCAAGAGATCGAGACCATCCTGGTCAACATGGTGAAACCCCGTCTCTACTAAAAATACAAAAAAGTAGCTGGGCACGGTGGCGCGTGCCTGTAATCCCAGCTACTCAGGAGGTGGGCAGGAGAATTGCCTGAACCCAGGGAGGTGGAGGTTGTCGTGAGCCGAGATCGCGCCATTGCACTCCAGCCTGGGTAACAAGAGCGAAACTCCGTCTCAAAAAAAAAAAAA","CTGGGTGTGGTGCCTCACACCTGTAATCCGAGCACTTTGAGAGGCTGAGGTGGGTGGATCACAAGGTCAGGAGTTCGAGACCAGCCTGACTAACATGGTGAAACCCCTTCTCTACTAAAAAAAAAAAAAAAAAAAAAAAAATTGGCCAGGCCTGGTGGTGTGTGCCTATAGCCCCAGCTACTCAGGGGGGTGAGGCAGGAGAATTGCCTGAACCTGGGAGGTGGAGGTTGCAGTGAGCTGAGGTCGTGCCACTGCACTCCAGCCTGGACGACAATGCGAGACTCCATCTCAAAAAAAAAAAAAA"
"chr1","22112113","22112405","chr16_NW_019937290v1_random","735974","736277","67","21376139","GGCTGGGTGAGGTGGCTCACACCTGTAATCCCAGCACTTTGGGAGGCCGAGGCAGGTGGTTCACAAGGTCAAGAGATCGAGACCATCCAGGTCAACATGGTGAAACCCCGTCTCTACTAAAAATACAAAAAATTAGCTGGGCATGGTAGGGCGTGCCTGTAATCCTAGCTACTCAGGAGGCCGAGGCAGGAGAATTGCCTGAACCCAGGAGGCGGAGGTTGCATTGAGCCGAGATCGCATCATTGCACTCCAGCCTGGGTAACAGGAGCGAAACCCCAACTCAAAAAAAAAAA","CTGGGTGTGGTGCCTCACACCTGTAATCCGAGCACTTTGAGAGGCTGAGGTGGGTGGATCACAAGGTCAGGAGTTCGAGACCAGCCTGACTAACATGGTGAAACCCCTTCTCTACTAAAAAAAAAAAAAAAAAAAAAAAAATTGGCCAGGCCTGGTGGTGTGTGCCTATAGCCCCAGCTACTCAGGGGGGTGAGGCAGGAGAATTGCCTGAACCTGGGAGGTGGAGGTTGCAGTGAGCTGAGGTCGTGCCACTGCACTCCAGCCTGGACGACAATGCGAGACTCCATCTCAAAAAAAAAAAAAA"
"chr1","22120037","22120326","chr9","46299315","46299628","68","24179278","GGCCGGGCATGGTGGCTCATGTCTGTAATCCCAGCACTTTGGGAGGCCGAGGCGGGTGGATCACAAGGTCAAGAGATCGAGACCATCCTGGTCAACATGGTGAAACCCTGTCTCTACTAAAAATACAAAAAATTAGCTGGGCATGGTGGCGCGTGCCTGTAATCCCAGCTACTCAGGATGCTGAGGCAGAAGAATTGCCTGAACTCAGGAGGCGGAGGTTGCGGTGAGCCGAAATCACGCCATTGCACTCCAGCCTGGGTAATAAGAGTGAAACTCCATCTCAGAAAAAA","GGCCAGACACAGTGGCTCACGTCTGTAATCCCAGCACTTTGGGAGGCAGAGGCGGGTGGATCACAAGGTCAGGAGTTTGAGAGCAGCCTGGCCAACATAGTGAAACCCTGTCTCTACTAAAAATACAAAAAAATTAGCCAGGTGTGGTGGTGGGTGCCTGTAATCCCACCTACTCAGGAGGCTGAGGCTGAGGCTGAGGCTGAGGAGAATCGTTTGAATCTGGGAGGCAGAGGTGGCAGTGAGCCGAGATTGCGCTACTGCACTCCAGCCTGGGCGACAGTGTGAGACTCTGTCTCAAAAAAAAAAAAAAAAAA"
"chr1","22136355","22136532","chr5","135369404","135369606","56","113233049","AATTAGCTGGGCATGGTTGTGCCTGCCTGTGTCCCAGATACTGAGAGGCCGAGGCAGGAGAATCACTAGAACCGGAAGGCAGAGATTGCAGTGAGCCAATATCATGCCACTGCACTCCAGCCTGAGTGACAGACCAAGACTCCATCTCAAAAATAATAATAATAAAAATAAATAAAAA","TTAGCCGGGTGTGGTGACACATGCCTGTTGTCCCAGATACTCGAGGCTGAGGCAGGAGAATCGCTTGAACCCGGGAGGCGGAGGTTGCAATGAGCCAAGATCATGCCACTGCACTCCAGACTGGGTGATAGAGCGAGACTCCATCTCGAAACAACAACAACAACAACAACAACAAAAATAAATAAATAAAATAAAAAAGAGAA"
"chr1","22151350","22151644","chr9","46299315","46299628","67","24147965","GGCCGGGCGCGGTGGCTCAAGCCTGTTATCCCAGCACTTTGGGAGGCCGAGGCGGGTGGATCATGAGGTCAAAAGATCAAGACCATCCTGGTCAACATGGTGAAACCCCGTCTCTACTAAAAATACAAAAAATTAGCTGGTCATGGTGGCGCGTGCCTGTAATCCCAGATATTCAGGAGGCTGAGGCAAGAGAATTGCCTGAACCCAGGAGGCGGAGGTTGTGGTGAGCCGAGATTGCACCATTGCACTCCAGCCTGGGCAACAAGAGCGATACTCTGTCTCAAAAAAAAAAAAA","GGCCAGACACAGTGGCTCACGTCTGTAATCCCAGCACTTTGGGAGGCAGAGGCGGGTGGATCACAAGGTCAGGAGTTTGAGAGCAGCCTGGCCAACATAGTGAAACCCTGTCTCTACTAAAAATACAAAAAAATTAGCCAGGTGTGGTGGTGGGTGCCTGTAATCCCACCTACTCAGGAGGCTGAGGCTGAGGCTGAGGCTGAGGAGAATCGTTTGAATCTGGGAGGCAGAGGTGGCAGTGAGCCGAGATTGCGCTACTGCACTCCAGCCTGGGCGACAGTGTGAGACTCTGTCTCAAAAAAAAAAAAAAAAAA"
"chr1","22169734","22170054","chr1","131937127","131937450","56","109767393","GCTGGGTGCAGTGGCTCAAGCCTGTAATCCCAGCACTTTGGGAGGCCAAGGAGGGTGGATCACGAGGTCAAGAGATCGAGACCATCCCAGTCAACATGGTGAAACCTCGTCTCTACTAAAAATATACAAAAAATTAGCTGGGCATGGTGGCGCATGCCTGTAATCCCAGCTACTCAGGAGGCTGAGGCCGGAGAATTGCCTGAACCCGGGAGGTGGAGGTTGCGGTGAGCCGAGATCGCGCCATTGCACTGCAGCCTGGGTAACAAGAGTGAAACTCTGTCTCAAAAATAAGTAAATAAATAAATAAATAAATAATAAATA","GCCAGGTGCGGTGCCTCATGCCTGTAATCCCAGCACTTTGGGATGCCGAGGCGGGTGGATCACAAGGTCAGGAGTTCAAGACCAGCCTGGCCAACATAGTGAAACCCCGTCTCTACTAAACATACAAAAAATTAGCCGGGCGTGGTGGCAGGTGCCTGTAATCCCAGCTATTCAGGGAGGCTGAGGCAGGAGAATTGCTTGAACCTGGGAGGCGGAGGTTGCAGTGAGCCAAGATCGCACCACTGCACTCCAGCCCAGGTGACAATGCGAGACTCCATCTCAAATAAATACATAAATAAATAAATAAATAAACAAACAAACAAA"
"chr1","22201709","22202006","chr9","46299315","46299628","64","24097606","GGCCGGGCGCAGTGGCTCACGCCTGTAATCCCAGCATTTAGGGAGGCAGAGGCGGGTGGATCACGAGGTCATCAGATCGAGACCATCCTGGTCAATATGGTGAAACCCCGTCTCTACTAAAAATACAAAGAAATAGCTGGGCGTGGTGGCGAGTGCCTGTAATCCCAGCTACTCAGGAGGCTGAGGCAGGAGAATTGCCTGAACCCAGGAGGCGGAGGTTGCGGTGAGCTGAGATTGCGCCATTGTACTCCAGCCTGGGTAATGATCAAAACTCCGTCTCAAAACAAACAAACAAAAA","GGCCAGACACAGTGGCTCACGTCTGTAATCCCAGCACTTTGGGAGGCAGAGGCGGGTGGATCACAAGGTCAGGAGTTTGAGAGCAGCCTGGCCAACATAGTGAAACCCTGTCTCTACTAAAAATACAAAAAAATTAGCCAGGTGTGGTGGTGGGTGCCTGTAATCCCACCTACTCAGGAGGCTGAGGCTGAGGCTGAGGCTGAGGAGAATCGTTTGAATCTGGGAGGCAGAGGTGGCAGTGAGCCGAGATTGCGCTACTGCACTCCAGCCTGGGCGACAGTGTGAGACTCTGTCTCAAAAAAAAAAAAAAAAAA"
"chr1","22244056","22244353","chr1","131937127","131937450","85","109693071","GGTGGCTCACAACTGTAATTCCAATACTTTGGGAGACCGAAGTGGGTGGATCACTTGAGGTCAGGAGTTCAAGACTGGCCTGGTCAACAGGGCAAAGCCTCATCTTTACCAAAATACAAAAAATTAGCTGGCCGTGGTGGCCCGTGCCTGTAGTCCCAGCTACTTGGGAGGTAGGAGAATCGCTTGAAATAGGGAGGCGGAGGTTGCAGTGAGCTGACGTGGCGCCACTGCAGTCCAGCCTGGGTGACAGAGTGAGACACCTTCTCCCCTCCGCCAAAAATAAAAAATAAAAAACAAA","GCCAGGTGCGGTGCCTCATGCCTGTAATCCCAGCACTTTGGGATGCCGAGGCGGGTGGATCACAAGGTCAGGAGTTCAAGACCAGCCTGGCCAACATAGTGAAACCCCGTCTCTACTAAACATACAAAAAATTAGCCGGGCGTGGTGGCAGGTGCCTGTAATCCCAGCTATTCAGGGAGGCTGAGGCAGGAGAATTGCTTGAACCTGGGAGGCGGAGGTTGCAGTGAGCCAAGATCGCACCACTGCACTCCAGCCCAGGTGACAATGCGAGACTCCATCTCAAATAAATACATAAATAAATAAATAAATAAACAAACAAACAAA"
"chr1","22269212","22269517","chr1","131937127","131937450","56","109667915","GGCTGGGCGCGGTGGCTCACGCCTGTAATCCCAGCACTTTGGGAGGCCGAGGCGGGTGGATCACGAGGTCAAGAGATCGAGACCATCCTGGTCAACATGGTGAAACTCCGTCTCTACTAAAAATACAAAAAATTAGCTGGGCATGGTGGCGTGTGCCTGTAATCCCAGCTACTCAGGAGGCCGAGGCAGGAGAATTGCTTGAACCCAGGAGGCAGAGGTTGCAGTGAGCTGAGATCACACCATTGCACTCCAGCCTGGGTAACAAGAGCGAAACTCCGTCTCAAAAAAAAAAAAAAAAAAAAAAAA","GCCAGGTGCGGTGCCTCATGCCTGTAATCCCAGCACTTTGGGATGCCGAGGCGGGTGGATCACAAGGTCAGGAGTTCAAGACCAGCCTGGCCAACATAGTGAAACCCCGTCTCTACTAAACATACAAAAAATTAGCCGGGCGTGGTGGCAGGTGCCTGTAATCCCAGCTATTCAGGGAGGCTGAGGCAGGAGAATTGCTTGAACCTGGGAGGCGGAGGTTGCAGTGAGCCAAGATCGCACCACTGCACTCCAGCCCAGGTGACAATGCGAGACTCCATCTCAAATAAATACATAAATAAATAAATAAATAAACAAACAAACAAA"
"chr1","22277547","22277850","chr1","131937127","131937450","73","109659580","GGCGTGGTGGATCATGCTTGTAATCCCAGCAATTTGGGAGGCTGAAGCAGGTAGATCACAAGGTCAGAAGATCAAGACCATCCTGGCCAACATGGTGAAACCCCATCTCTACTAAAAATACAAAAAATTAGCTGGATGTGGCAGTGTGCACCTGTAGTCCAAACCACTTCAGAGGCTAAAGCAGGAAAATTGCTTGAACCCAAGAGACAGAGGCTGTGGTGAACTGAGATCCCACCACTGCACTCCAGCCTGGGTGACAGAGCAAGACTATGTCTCAAAAAAAATAACAAAAAACAAAAAAAAA","GCCAGGTGCGGTGCCTCATGCCTGTAATCCCAGCACTTTGGGATGCCGAGGCGGGTGGATCACAAGGTCAGGAGTTCAAGACCAGCCTGGCCAACATAGTGAAACCCCGTCTCTACTAAACATACAAAAAATTAGCCGGGCGTGGTGGCAGGTGCCTGTAATCCCAGCTATTCAGGGAGGCTGAGGCAGGAGAATTGCTTGAACCTGGGAGGCGGAGGTTGCAGTGAGCCAAGATCGCACCACTGCACTCCAGCCCAGGTGACAATGCGAGACTCCATCTCAAATAAATACATAAATAAATAAATAAATAAACAAACAAACAAA"
"chr1","22304387","22304599","chr4","123011317","123011500","75","100706930","TCGGGAGATGAAGGCCAGCCTGGCCAACATGGTGAAACCCTGTCTATACTAAAAATACAAAATATTAGCCAGACATGGTGGGGTGAACCTGTAGTCTCAGCTACTCGGGAGGCTGAGGCATAAGAATTTCTTGAACCTGGGAAGTGGAGGTTGCAGTGAGCTGAGGTCACACCACTGCACTGCAGCCTGGGAGACAGAGCAAGATTCTGTCCC","AAAAAAAAAAAAAATTATATATTTATATATATATATATATATATAGCCGGGCGCGGTGGCACATGCCTGTAGTCCCAGCTACTCGGGAGGCTGAGGCAGGAGAATTGCTTGAACCTAGGAGGCCAAGGTTGCAGTGAGATGAGATAGCACTCCAGCCTGGGGGACAGGAGCAGACTTCATCTCA"
"chr1","22388813","22389005","chr4","123011317","123011500","79","100622504","CTGGGCAGCATTGTAAAACTCTGTCTCTCCTAAAAATATAAAAAATTAACCAAGTGCATGCCTGTGGTCTCAGCTACTTGGGAAGTCAAGGTGGAAGGACCACTTGAGCCCAGGAGGTGGAGGTTGCAGTGAGCCAAGATTGTGTCACTGCACGCCAGCCTGGGTGATAGAGGCTGACTCACTCTCAAAAAAA","AAAAAAAAAAAAAATTATATATTTATATATATATATATATATATAGCCGGGCGCGGTGGCACATGCCTGTAGTCCCAGCTACTCGGGAGGCTGAGGCAGGAGAATTGCTTGAACCTAGGAGGCCAAGGTTGCAGTGAGATGAGATAGCACTCCAGCCTGGGGGACAGGAGCAGACTTCATCTCA"
"chr1","22402171","22402464","chr18","15009231","15009552","66","7392940","CTGGGCGTGGTGGCTCAAGCCTGTAATCCCAGCACTTTGGGAGACCGAGGCAGGTGGATCACAAGGTCCAGAGATCGAGACCATCATGGTCAACGTGGTGAAACCCTGTCTCTACTAAACATACAAAAAATTAGCTGGGCATGGTGGCGCGTGCCTGTAATCCCAGCTACTCGGGAGGCTGAGGCAGGAGAATTGCCTGAACCCAGGAGGCAGAGGTTGCAGTGAGCCGAGATCACGCCATTGTACCCCAGCCTGGGTAACAAGAGCAAAACTCCATCTAAAAAAAAAAAAAAA","GCCAGGCGTGGTGGCTCATGCCTGTAATCCCAGCACTTTGGGAGGCCGAGGCGGGCAGATCACGAGGTCAGGAGTTCGAGACCAGCCTGACCAATATGGTGAAACCCCATCTCCACTAAAAACACACACACACACACACACACACACACACAAAATTAGCTGGGCGTGGTGGCACGTGCCTGTAGTCCCAGCTACTCAGGAGGCTGAGGCAGGAGAATTGCTTGAACCCAGGAGGCAGAGGTTGCAATGAGCTGAGATTGCACCATTGCACTCCAGCCTGGGTGACAGAGCGAGACTCCATCTCAAAGAAAAAAAAAAAGAA"
"chr1","22448011","22448296","chr1","131937127","131937450","78","109489116","GTCTGTAATCCCAGCACTTTGGGAGGCCGAGGCGGGTGGATCACAAGGTCAAGAGATCCAGACCATCATGGTCAACATGCTGAAAACCCGTCTCTACTAAAAATACAAAAAATTAGCTGGGCACGGTGGTGCATGCCTGTAATCCCAGCTACTCAGGAGGCTGAGGCAGGAGAATTGCCTGAACCCAGGAGGCGGATGTTGCGGTGAGCCGAGATTGCACCATTGCACTCCAGCCTGGGCAATAAGAGCGAAACTCCTTCTCAAGAATAAATAAACGGAAATAAAA","GCCAGGTGCGGTGCCTCATGCCTGTAATCCCAGCACTTTGGGATGCCGAGGCGGGTGGATCACAAGGTCAGGAGTTCAAGACCAGCCTGGCCAACATAGTGAAACCCCGTCTCTACTAAACATACAAAAAATTAGCCGGGCGTGGTGGCAGGTGCCTGTAATCCCAGCTATTCAGGGAGGCTGAGGCAGGAGAATTGCTTGAACCTGGGAGGCGGAGGTTGCAGTGAGCCAAGATCGCACCACTGCACTCCAGCCCAGGTGACAATGCGAGACTCCATCTCAAATAAATACATAAATAAATAAATAAATAAACAAACAAACAAA"
"chr1","22471066","22471371","chr3","13063317","13063638","61","9407749","GGCCGGGCACGGTGGCTCACGCCTGTAATCCCAGCACTTTGGGAGGCCGAGGCGGGTGGATCACGAGGTCAACAGATCGAAACCATCCTGGTCGACATGGTGAAATCCCGTCTCTACTAAAAATACAAAAAATTAGCTGGGCATGGTGGTGCGTGCCTGTAATCCCAGCTACTCAGGAGGCTGAGGCAGAATTGCCTGAACCCAGGAGGCGGAGGTTGCGGTGCCGAGATCGCGCCATTGCACTCCAGCCTGGGTAACAAGAGTTAAACTCCATCTCAAAAAAAAAAAAAAGAAGAAAAAAGAAAA","GGCCGGGCACGATGGCTCACGCCTATAATCCCAGCACTTTGGGAGGCCAAGGTGGGCAGATCACGAGGTCAGGAGTTCGAGACCAGTCTGGCCAACATAGTGAAACCCTGTCTCTACTAAAAATACACAAAAAATTAGCCAGGTGTGGTGGCAGGTGCCTGTCATCCCAGCTACTCAGGTGGCTGAGGCAGGAGAATCGCGTGAACCCGGGAGGCGGAGGTTGCAGTGAGCCAAGATCGTGCCACTGCACTCCAGCCTGGGCAACAGAACGAGACTACATATCAAAAAAAAAAAAAAAAAAAAAAAAATCCCAAAAAACAAA"
"chr1","22486934","22487240","chr1","1692162","1692484","73","20794772","GACTAGGTGTGGGGGCTCATGCACGTAATCCCAGCCCTTTGGGAGGCCAAGGCAGATGGATCATCTCAGGTCAGGAGTTTGAGACCAACCTGGCTCACTTAGCAAAACGCTGTCTCTAGTAAAAATACAAAAAATTAGCCAGATGCGGTGGCACGAGCCTGTAGTCCCAGTTACCCAGGAGGCTGAGGCTGGAGAATGGCTTGAACCTGGGAGGTGGAGGTTGCAGTGAGCTGAGATCACACCACTGCACTCTAGCCTGGGCAACAGAGCAAGACTGTGTCTCAAAAGAAAAGACAAGAAAAAGAAA","GGCTGGGCATGGTGGCTCATGCCGGTAATCCCAGCACTTTGGGAGGCTGAGGTGGACGGATCACGAGGTCAGGAGTTTGAGACCAGCCTGGCCAGCATGATGAAACCGCATCTCTACTAAAAAAAAAAAAAAAAAAAAAAAAAATAGCCAGGCGTGGTGGCATGCGCCTGTAGTCCCAGCTACTCAAGAGGCTGAGGCAGGAGAATTTCTTGAACCCCGGAGGTGGAGGTTTCAGTGAGCCGAGATCACACCACTGCACTCCGGCCTCGGTGACAGAGCAAGACTCCCGTCTCAACAACAACAACAACAAAAAAAAAAAAAAA"
"chr1","22527590","22527892","chr1","131937127","131937450","60","109409537","GGCCGGGCACGGTGGCTCAAGCCTGTAATCCCAGCACTTTGGGAGGCCGAGGCGGGTGGAACACAAGGTCCAGAGATCGAGACCATCCTGGTCAACATGGTGAAACCCCGTCTCTACTAAAAATACAAAAAATTAGCTGGACATGGTGGCGCGTGCCTGTAATCCCAGCTACTCAGGAGGCTGAGGCAGGAGAATTGCCTGAACCCAGGAGGCGGAGGTTGCCGTGAGCTGAGATCGCGCCATTGCACTCCAGCCTGGGTAACAAGAGCGAAACTCCGTCTCAAAAATAAATAAATAAATAAA","GCCAGGTGCGGTGCCTCATGCCTGTAATCCCAGCACTTTGGGATGCCGAGGCGGGTGGATCACAAGGTCAGGAGTTCAAGACCAGCCTGGCCAACATAGTGAAACCCCGTCTCTACTAAACATACAAAAAATTAGCCGGGCGTGGTGGCAGGTGCCTGTAATCCCAGCTATTCAGGGAGGCTGAGGCAGGAGAATTGCTTGAACCTGGGAGGCGGAGGTTGCAGTGAGCCAAGATCGCACCACTGCACTCCAGCCCAGGTGACAATGCGAGACTCCATCTCAAATAAATACATAAATAAATAAATAAATAAACAAACAAACAAA"
"chr1","22565388","22565678","chr3","18778695","18779003","75","3786693","GGCTGGGTGCAGTGTCTCATGCTTGGAATCCCAGCACACTGGGAGGCCGAGGCGGGCAGATCACGAGGTCAGGAGTTTGAGACCACACTGGCCAACATGTTGAAATCCTGTCTCTACTAAAAAAATACACAAAATTAGCTGGGTATGGTGGTGTGTGCCTGTAATCCCAGCTACTTGGAGGCTGAGGCACGAGAATTGCTTGAACCCAGTAGGCGGAGGTTGCAGTGAACCTAGATCATGCCACTGCACTCCAGCGTGGTGACAAAGTGAGATTCCCTCTAAATAAATAAA","GGCCAGGTGCAGTGGCTCACGCCTGCAATCCCAGCACTTTAGGAGGCCGAGGTGGGAAGATCACAAGGTCAGGAGTTCGAGACCAGCCTGACCAATATGGTGAAACCCCATCTCTACTAAAAATACAAAAAAAAAAAAAAAAAAAAAAAAAAAAGCTGGGTGTCGTGGTGGGCACCTGTAGTTCCAGCTACTAGGGAGGCTGAGGCAGGAGAATGGTTTGAACCTGAGAGATGGAGGTTACAGTGAGCCAAGATCGTGCCACTGCACTCCAGCCTGGGCAACAGAGTGAGACTCTGTCTCAAAAAAAAA"
"chr1","22590866","22591166","chr14","38774640","38774953","59","16183774","GGCTGGGCGCGGTCGCTCACACCTGTAATCCCAGCACTTTGGGAGGCCTAGGCGGGTGGATCACGAGGTCAAGATATCGAGACCATCCTGGTCAACATGATGAAACCCCGTCTCTACTAAAAATACAAAAAATTAGCTGGGCCTGGTGGCGTGTGCCTGTAATCCCAGCTACTCAGGAGGCTGAGGCAGAAGAATTGCCTGAACCCAGGAGGCGGAGGCTGCAGAGAGCCGAGATCGCGCCATTGCACTCCAGCCTGGGTAGCAAGAGAGAAACTCCGTCTCAAAAAAAAAAAAAAAAAAA","GGCCAGGTGTGGTGGCTCACACCTGTAATACTAGCACTTTGGGAGGCCAAGGCGGGTGGATCACGAGGTCAGGAGATCAAGACCAGCCTGGCCAACATGGTGAAACCCCATCTCTACTTAAAAAAAAAAAAAAAAAAAAAAAAATTAGCTGGGTATAGTGGCGTGCACCTGCAGTCTCAGCTACTCGGGAGGCTGAGGCAGGAGAATCACTTGAACCCGGGAGGTGGAGGTTGCAGTGAGCCAAGATCAGGCCACTGCACTCCAGCCTGGGTGACAGAGTGAGACCCTGTCTCAAAAAAAAAAAAAAAAAAAAA"
"chr1","22676158","22676459","chr14","38774640","38774953","52","16098482","GGCTGGGTGCGGTGGCTCACACCTGTAATCCCAGCACTTTGGGAGGCCGAGGTGGGTGGATCACAAGGTCAAGGGATCAAGACCATCCTGGTCAACATGGTGAAACCCCATCTCTACTAAAAATACAAAAAATTAGCTGGGCATGGTGGTGCGTGCCTGTAATCCCAGCTACTCGGGAGGCTGAGGCAGGAGAATTGCCTGAACCCAGGAGGCGGAGGTTGCGGTGAGCCGAGATTGTGCCATTGCACTCCAGCCTGGGTAACAAGAGTGAAACTCTGTCTCAAAAAAAAAAAAAAAAGAAA","GGCCAGGTGTGGTGGCTCACACCTGTAATACTAGCACTTTGGGAGGCCAAGGCGGGTGGATCACGAGGTCAGGAGATCAAGACCAGCCTGGCCAACATGGTGAAACCCCATCTCTACTTAAAAAAAAAAAAAAAAAAAAAAAAATTAGCTGGGTATAGTGGCGTGCACCTGCAGTCTCAGCTACTCGGGAGGCTGAGGCAGGAGAATCACTTGAACCCGGGAGGTGGAGGTTGCAGTGAGCCAAGATCAGGCCACTGCACTCCAGCCTGGGTGACAGAGTGAGACCCTGTCTCAAAAAAAAAAAAAAAAAAAAA"
"chr1","22709247","22709558","chr3","13063317","13063638","52","9645930","GGCCGGGCACGGTGGCTCACGCCTGTAATCCCAGCACTTTGGGAGGCCGAGGCGGGTGGATCACGAGGTCCAGAGATCGAGACCATCCTGGTCAACATGGTGAAACCCCATCTCTACTAAAAATAGAAAAAATTAGCTGGGTATGGTGGCGCATGCCTGTAATCCCAGCTACTCGGGAGGCTGAGGCAGGAGAATTGCCTGAACCCAGGAGGCGGAGGTTGCAGTGAGCCGAGATCTCGCCATTGCACTCCAGTCTGGGTAACAAGAGCAAAACTCCGTCTCAAAAAAAAAAAAAAAAAAAAAAAAAAAAAA","GGCCGGGCACGATGGCTCACGCCTATAATCCCAGCACTTTGGGAGGCCAAGGTGGGCAGATCACGAGGTCAGGAGTTCGAGACCAGTCTGGCCAACATAGTGAAACCCTGTCTCTACTAAAAATACACAAAAAATTAGCCAGGTGTGGTGGCAGGTGCCTGTCATCCCAGCTACTCAGGTGGCTGAGGCAGGAGAATCGCGTGAACCCGGGAGGCGGAGGTTGCAGTGAGCCAAGATCGTGCCACTGCACTCCAGCCTGGGCAACAGAACGAGACTACATATCAAAAAAAAAAAAAAAAAAAAAAAAATCCCAAAAAACAAA"
"chr1","22745040","22745337","chr18","15009231","15009552","58","7735809","GGCCAGGCGTGGTGGCTCATGCCTGTAATCCCAGCACTTTGGGAGGACGAGGCGGGTGGATCACGAGGTCAAGAGATCGAGACCATCCCAGTCAACATGGTGAAACCCCGTCTCTACTAAAAATACAAAAAATTAACTGGGCGTGGTGGTGTGTGCCTGTAATCCCAGCTACTCAGGAGGCTGAGGCAGGAGAATTGCCTGAACCCAGGAGGCGGAGGTTGCAGTGAGCTGAGATCACGCCATTGCACTCAGCCTGGGTAACAAGAGCGAAACTACGTCTCAAAAAAAAAAAAAAAAA","GCCAGGCGTGGTGGCTCATGCCTGTAATCCCAGCACTTTGGGAGGCCGAGGCGGGCAGATCACGAGGTCAGGAGTTCGAGACCAGCCTGACCAATATGGTGAAACCCCATCTCCACTAAAAACACACACACACACACACACACACACACACAAAATTAGCTGGGCGTGGTGGCACGTGCCTGTAGTCCCAGCTACTCAGGAGGCTGAGGCAGGAGAATTGCTTGAACCCAGGAGGCAGAGGTTGCAATGAGCTGAGATTGCACCATTGCACTCCAGCCTGGGTGACAGAGCGAGACTCCATCTCAAAGAAAAAAAAAAAGAA"
"chr1","22750596","22750896","chr9","46299315","46299628","60","23548719","GGCCAGGCTTGGTAGCTCACGTCTGTGATCTCGGCACTTTGGGAGGCTGAGGCGGGCAGATCACAAGGTCAGAAGGTTGAGACCAGTGTGGCCAACATAGTGAAACCTTGTTTCTACTAAAAATACAAAAAATTAGACAGGTGTGGTGGGTGTTCACCTATAATCCCAGTTACTCAGGAGGCTGAGGCAGGAGAATCACGTGAACCCAGGAGGCAGAGGTTGCAGTGACCCAAGATGGCACCACTGCACTCCAGCCCAGGGGGATAGTACAAGACTCTGTCTCAAAAAAAAAAAAAAAAAA","GGCCAGACACAGTGGCTCACGTCTGTAATCCCAGCACTTTGGGAGGCAGAGGCGGGTGGATCACAAGGTCAGGAGTTTGAGAGCAGCCTGGCCAACATAGTGAAACCCTGTCTCTACTAAAAATACAAAAAAATTAGCCAGGTGTGGTGGTGGGTGCCTGTAATCCCACCTACTCAGGAGGCTGAGGCTGAGGCTGAGGCTGAGGAGAATCGTTTGAATCTGGGAGGCAGAGGTGGCAGTGAGCCGAGATTGCGCTACTGCACTCCAGCCTGGGCGACAGTGTGAGACTCTGTCTCAAAAAAAAAAAAAAAAAA"
"chr1","22816889","22817184","chr18","15009231","15009552","66","7807658","GGCCAGGCGCGGTGGCTCACGCCTGTAATCTCAGCACTTTGGGAGGCCGAGGCAGGTGGATCACGTGGCCAAGAGATCGAGACCATCCTGGTCAACATGGTGAAACCCTGTCTCTACTAAAAATACAAAAAAATAGCTGGGCACGGTGGCGCGTGCCTGTAATCCCAGCTACTCAAGAGGCTGAGGCAGGAATTGCCTGAACCCAGAAAGCGGAGGTTGTGGTGAGCCGAGATCGTGCCATTGCACTCCAGCCTGGGTAACAAGAGCGAAACTCCATCTCAAAAAAAAAAAAAAAA","GCCAGGCGTGGTGGCTCATGCCTGTAATCCCAGCACTTTGGGAGGCCGAGGCGGGCAGATCACGAGGTCAGGAGTTCGAGACCAGCCTGACCAATATGGTGAAACCCCATCTCCACTAAAAACACACACACACACACACACACACACACACAAAATTAGCTGGGCGTGGTGGCACGTGCCTGTAGTCCCAGCTACTCAGGAGGCTGAGGCAGGAGAATTGCTTGAACCCAGGAGGCAGAGGTTGCAATGAGCTGAGATTGCACCATTGCACTCCAGCCTGGGTGACAGAGCGAGACTCCATCTCAAAGAAAAAAAAAAAGAA"
"chr1","22865929","22866206","chr12","6861641","6861931","68","16004288","ATCCCAGCACTTTGGGAGGCCGAGGCGGGTGGATCACGAGGTCAAGAGATCAAGACCATCCTGGTCAACATGGTCAAACCCCGTCTCTACTAAAAATACAAAAAATTAGCTGGGCATGGTGGTGCGTGCCTGTGATCCCAGCTACTCGGGAGGCTGAGGCAGGAGAATTGCCTGAACCCAGGAGGTAGAGGTTGCGGTGAGCCGAGATCACGCCATTGCACTCCAGCCTGGGTAACAAGAGCGAAACTCTGTCTCAAAAAAAAAAAAGGAAGAAAAAA","CTTTGGGAGGCCGAGGCAGGTGGATCACCAGATCAGGAGTTCAAGACCAGCCTGGCCAACATAGTGAAACCCTGTCTCTACTAAAAATACAAAAAATTAGCTGAGCGTGGTGGCAGGCACCTGTAATCCCAGCTACTTGGGAGGCTGAGGCAGGAGAATTGCTTGAACCCGGGAGGTGGAGGTTGCAGTGAGCTGAGATCGCACCATAGCACTCCAGCCTGGGCGACAGTGTGAGACTCTGCCTCAAAACAACAACAACAACAAAAACAACAACAACAACGAAAAAAACAA"
"chr1","22894855","22895139","chr9","46299315","46299628","66","23404460","GCGGTGGCTCACGCCTGTAATCCCAGCACTTTGGGAGGCCGAGGTGGGTGGATCACGAGGTCAAGAGATTGAGACCATCCTGGTCAACATGTTGAAACCCCGTCTCTACTGAAAATACAAAAAATTGGCATGGTGGTGCGTGCCTGTAATCCCAGCTACTCAGGAGGCTGAGGCAGGAGAATAGCCTGAACCCAGGAGGCGGAGGTTGCGGTGAGCCGAGATCGCGCCATTGCACTCCAGCCAGGGTAACAAGAGTGAAACTCCGTCTCAGAAAAAAAAAAAAAA","GGCCAGACACAGTGGCTCACGTCTGTAATCCCAGCACTTTGGGAGGCAGAGGCGGGTGGATCACAAGGTCAGGAGTTTGAGAGCAGCCTGGCCAACATAGTGAAACCCTGTCTCTACTAAAAATACAAAAAAATTAGCCAGGTGTGGTGGTGGGTGCCTGTAATCCCACCTACTCAGGAGGCTGAGGCTGAGGCTGAGGCTGAGGAGAATCGTTTGAATCTGGGAGGCAGAGGTGGCAGTGAGCCGAGATTGCGCTACTGCACTCCAGCCTGGGCGACAGTGTGAGACTCTGTCTCAAAAAAAAAAAAAAAAAA"
"chr1","22951277","22951588","chr1","131937127","131937450","57","108985850","GGCACGGTGTGGTGGATCACTCCTGTAATCCCAGCACTTTGGGAGCCCGAGGCGGGTGAATCACAAGGTCAAGAGATTGAGACCATCCAGGTCAACATGCTGAAACCCCGTCTCTACTAAAAATACAAAAAATTAGCTGGGCATGGTGGTGCATGCCTGTAATCCCAGCTACTCAGGAGGCTGAGGCAGGAGAATTGCCTGAGCCCAGGAGGCGGAGGTTGCGGTGAGCTAAGATCGCGCCATTGCACTCCAGCCTGGGTTACAAGAGCGAAACTCCGTCTCAAAAAAAAAAAAAAAAAACAAAAAACAAAA","GCCAGGTGCGGTGCCTCATGCCTGTAATCCCAGCACTTTGGGATGCCGAGGCGGGTGGATCACAAGGTCAGGAGTTCAAGACCAGCCTGGCCAACATAGTGAAACCCCGTCTCTACTAAACATACAAAAAATTAGCCGGGCGTGGTGGCAGGTGCCTGTAATCCCAGCTATTCAGGGAGGCTGAGGCAGGAGAATTGCTTGAACCTGGGAGGCGGAGGTTGCAGTGAGCCAAGATCGCACCACTGCACTCCAGCCCAGGTGACAATGCGAGACTCCATCTCAAATAAATACATAAATAAATAAATAAATAAACAAACAAACAAA"
"chr1","22974223","22974531","chr1","131937127","131937450","61","108962904","GCCGGGCGTGGTGGCTCACTCCTGTAAACCCAGCACTTTGGGAGGCTGAGGCGGGTGGATTACGAGGTCAAGAGATGGAGACCATCCTGGTCAACATGGTGAAACCCCGTCTCTGCTAAAAATACAAAAAATTAGCTGGGCACAGTGGCGCGTACCTGTAATCCCAGCTACGCAGGAGGCTGAGGCAGGAGAATTGCCTGAACCCAGGGGGCGGAGGTTGCGGTGAGCCGAGATTGCGCCATTGCACTCCAGCCTGGGTAACAAGAGCGAAACTCCGTCTCAAAAAAAAAAAAAAAAAAAAAAAAAAAA","GCCAGGTGCGGTGCCTCATGCCTGTAATCCCAGCACTTTGGGATGCCGAGGCGGGTGGATCACAAGGTCAGGAGTTCAAGACCAGCCTGGCCAACATAGTGAAACCCCGTCTCTACTAAACATACAAAAAATTAGCCGGGCGTGGTGGCAGGTGCCTGTAATCCCAGCTATTCAGGGAGGCTGAGGCAGGAGAATTGCTTGAACCTGGGAGGCGGAGGTTGCAGTGAGCCAAGATCGCACCACTGCACTCCAGCCCAGGTGACAATGCGAGACTCCATCTCAAATAAATACATAAATAAATAAATAAATAAACAAACAAACAAA"
"chr1","22981749","22982018","chr12","6861641","6861931","65","16120108","CACTTTGGGAGGCCGAGGCGGGTGGATCACGAGGTCAACAGATCGAGACCATCCTGGTCAACATGGTGAAACCCCGTCTTTACTAAAAATTACAAAAAATTAGCTGGGCACGGTGGTGCGTGCCTGTAATCCCAGCTACTCAGGAGGCTGAGGCAGGAGAATTGCCTGAACCCAGGGGGCGGAGGTTGCGGTGAGCCGAGATTGCGCCATTGCACTCCAGCCTGGGTAACAAGAGCGAAACTCCGTCTCAAAAAAAAAAAAAAAAAAAAA","CTTTGGGAGGCCGAGGCAGGTGGATCACCAGATCAGGAGTTCAAGACCAGCCTGGCCAACATAGTGAAACCCTGTCTCTACTAAAAATACAAAAAATTAGCTGAGCGTGGTGGCAGGCACCTGTAATCCCAGCTACTTGGGAGGCTGAGGCAGGAGAATTGCTTGAACCCGGGAGGTGGAGGTTGCAGTGAGCTGAGATCGCACCATAGCACTCCAGCCTGGGCGACAGTGTGAGACTCTGCCTCAAAACAACAACAACAACAAAAACAACAACAACAACGAAAAAAACAA"
"chr1","23023537","23023821","chr9","46299315","46299628","79","23275778","GGGCGTATGGCTCACGCCTATAATCCCAGCACTTTGGGAGGCCGAGGCAGGCGGATCACAAGGTCAGGAGACCATCCGGCCAACATATTGAATCCCTGTCTCTACTAAAACTACAGAAAAATTAGTTGGGCATGGTAGTGCATGCCTGTAGTCCCCGCTATTTGGGAGGCTGAGGCAGGAGAATTGCTTGAACCCAGGAGGCAGAGATTGCAGTGAGCCGAGACCACGCCACTGTGCTACAGCTTAGGTGACAATGCAATGTCTCAAAAAATAAATTTAAAAAAA","GGCCAGACACAGTGGCTCACGTCTGTAATCCCAGCACTTTGGGAGGCAGAGGCGGGTGGATCACAAGGTCAGGAGTTTGAGAGCAGCCTGGCCAACATAGTGAAACCCTGTCTCTACTAAAAATACAAAAAAATTAGCCAGGTGTGGTGGTGGGTGCCTGTAATCCCACCTACTCAGGAGGCTGAGGCTGAGGCTGAGGCTGAGGAGAATCGTTTGAATCTGGGAGGCAGAGGTGGCAGTGAGCCGAGATTGCGCTACTGCACTCCAGCCTGGGCGACAGTGTGAGACTCTGTCTCAAAAAAAAAAAAAAAAAA"
"chr1","23025087","23025387","chr14","38774640","38774953","57","15749553","GCCGGGCGTGGTGGCTTACGCCTGTAATCCCAGCACTTTGGGAGGCCGAGGCGGGTGGATCATGAGGTCAAGAGATCGAGACCATCCTGGTCAACATGGTGAAACCCCGTCTCTACTAAAAATACAAAAAATTAGCTGGGCATGGTGGCGCGTGCCTGTAATCCCAGCTACTCAGGAGGCTGAGGCAGGAGAATTGCCTGAACCCAGGAGGCGGAGGTTGCGGTAAGCCGAGATCATGCCATTGCACTCCAGTCTGGGTAAGAAGAGCGAAACTTTGTCTCAAAAAAAAAAAAAAAGAAAA","GGCCAGGTGTGGTGGCTCACACCTGTAATACTAGCACTTTGGGAGGCCAAGGCGGGTGGATCACGAGGTCAGGAGATCAAGACCAGCCTGGCCAACATGGTGAAACCCCATCTCTACTTAAAAAAAAAAAAAAAAAAAAAAAAATTAGCTGGGTATAGTGGCGTGCACCTGCAGTCTCAGCTACTCGGGAGGCTGAGGCAGGAGAATCACTTGAACCCGGGAGGTGGAGGTTGCAGTGAGCCAAGATCAGGCCACTGCACTCCAGCCTGGGTGACAGAGTGAGACCCTGTCTCAAAAAAAAAAAAAAAAAAAAA"
"chr1","23069706","23070001","chr14","38774640","38774953","62","15704934","GCCGGGCGCGGTGGCTCAAGCCTGTAATCCCAGCACTTTGGGAGGCCGAGGCGGGTGGATCACGAGGTCAAGAGATCGAGACCATACTGGTCAACATGTTGAAACCCCGTCTCTACTAAAAATACAAAAAATTAGCTGGGTCTGGTGGCGCGTGCCTGTAATCCCAGCTACTCAGGAGGCTGAGGCAGGAGAATTGCTTGAACCCAGGAGGCGGAGGTTGCGGTGAGCCGAGATCACGCCATTGCACTCCAGCCTGGGTGTAACAAGAGTAAAACTCAGTCAAAAAAAAAAAAAAA","GGCCAGGTGTGGTGGCTCACACCTGTAATACTAGCACTTTGGGAGGCCAAGGCGGGTGGATCACGAGGTCAGGAGATCAAGACCAGCCTGGCCAACATGGTGAAACCCCATCTCTACTTAAAAAAAAAAAAAAAAAAAAAAAAATTAGCTGGGTATAGTGGCGTGCACCTGCAGTCTCAGCTACTCGGGAGGCTGAGGCAGGAGAATCACTTGAACCCGGGAGGTGGAGGTTGCAGTGAGCCAAGATCAGGCCACTGCACTCCAGCCTGGGTGACAGAGTGAGACCCTGTCTCAAAAAAAAAAAAAAAAAAAAA"
"chr1","23094213","23094522","chr4","160578223","160578549","89","137484010","GGCTGGCCATGGTGGTTAACACCTGCATTCCCACCACTGTGGAGGTTGAGGCAGGCAAATCACAAGTTCAGGAGTTGGAGCCCAGCTTGCCCAACATGGGGAAAACCCTTTTTTTATTAAAAATACAAAAAAGTTACTTGGGCTGGGTGGCAGGTCCCTGTAATTCCAGTTATTCAGGAGGGTGAGGCAGGAGAATTGCTTGATTTTGAGAGGGGGGGGTTGCAGAGCCCAGATTCCCCTTCTCCATTTCCATTCTGGGGGACAGATTAAGACGTTTCCCAAAAAAAAAAAAAAAAAAAAAAAAAAAAAA","GCCAGCCACGGTGGCTCACACCTGTAATCCCAGCACTTTGGGAGGCTGAGGCAGGCGAATCACGAGGTCAGGAGTTCCAGACCAGCCTGGCCAACATGGTGAAACCCTGTCTCTACTAAAAATACAAAAAATTAGTTGGGCGTGGTGGCAGGCACCTGTAATCCCATCTACTTGGGAGGCTGAGGCAGGAGAATCTCTTGAACCTGGGTGGCAGAGGTTGCAATGAGCAGAGATCACGCCACTGTGTTCCAGCTCTGGCGACAGACTGAGACCCTGCCCCAAAAATCAAAACAAAACAAAACAAAACAAAAAAGAGAGAAAAATAAA"
"chr1","23094994","23095291","chr9","46299315","46299628","71","23204321","GGCTGGGCATGGTGGCTAACACCTGCAATCCCAGCACTGTGGAGGCTGAGGCAGGCAAATCACAAGGTCAGGAGTTCGAGACCAGCCTGGCCAACATGGCGAAAACCCTGTCTCTACTAAAAATACAAAAAAGTTACCTGGGCTTGGTGGCAGGTGCCTGTAATTCCAGCTACTCAGGAGGCTGAGGCAGGAGAATTGCTTGAATCTGAGAGGCGGAGGTTGCAGAGCCCAGATTGCACCTCTGCATTTACAGTCCTGGGGACAGAGTAAGACGCTTCACGAAGAGAAAAAAGGAAAA","GGCCAGACACAGTGGCTCACGTCTGTAATCCCAGCACTTTGGGAGGCAGAGGCGGGTGGATCACAAGGTCAGGAGTTTGAGAGCAGCCTGGCCAACATAGTGAAACCCTGTCTCTACTAAAAATACAAAAAAATTAGCCAGGTGTGGTGGTGGGTGCCTGTAATCCCACCTACTCAGGAGGCTGAGGCTGAGGCTGAGGCTGAGGAGAATCGTTTGAATCTGGGAGGCAGAGGTGGCAGTGAGCCGAGATTGCGCTACTGCACTCCAGCCTGGGCGACAGTGTGAGACTCTGTCTCAAAAAAAAAAAAAAAAAA"
"chr1","23098924","23099193","chr12","6861641","6861931","66","16237283","GCACTTTGGGAGGCCGAGGCGGGTGGATCACGAGGTCAAGATATCGAGACCATCCGGTCAACATGGTGAAACCCCGTCTCTACTAAAGATACAAAAAATTAGCTGGGCACAGTGGCGCGTGTCTGTAATCCCAGCTACTCAGGAGGCTGAGGCAGGAGAATTGCCGGAACCCAGGGGGCGGAGGTTGCGGTGAGCCGAGATCGCGCCATTGCACTCCAGCCTGGGTAACGAGAGAAACTCCGTCTCAAAAAAAAAAAAAAAAAAAAAAAA","CTTTGGGAGGCCGAGGCAGGTGGATCACCAGATCAGGAGTTCAAGACCAGCCTGGCCAACATAGTGAAACCCTGTCTCTACTAAAAATACAAAAAATTAGCTGAGCGTGGTGGCAGGCACCTGTAATCCCAGCTACTTGGGAGGCTGAGGCAGGAGAATTGCTTGAACCCGGGAGGTGGAGGTTGCAGTGAGCTGAGATCGCACCATAGCACTCCAGCCTGGGCGACAGTGTGAGACTCTGCCTCAAAACAACAACAACAACAAAAACAACAACAACAACGAAAAAAACAA"
"chr1","23223193","23223441","chr20","33014435","33014698","63","9791242","GGCTGGGCGTGATGGCTCATATCTGTAATCCCAGGATTTTGGGAGGCCAAGGTAGGTGGATCACAAGGTCAGGAGTTTGAGACCAGCCTGGCAACAAGGTGAAACCCATCTTTACTAAAAATAAAAACAAAAAATTTAGCCGGGCGTGGTGGTGGGTGCCTGTAATCCCAGCTACTCGGGAGGTTGAGGCAGGAGAATTGCTTGAACCCAGGAGGCAGAGGTTGCGGTGAGCCGAGATCGCATGCCACT","GGCCAAGCCCAGTGGCTCACAGCTGTAATCCCAGCACTTTCAGAGGCCAAGGTGGGCAGATCACGAGGTCAGGAGTTCAAGACCAACCTGGCCAACATAGTAAAAACCCGTCTCTACTAAAAAAAAAAAAAAAAAAAAAAAAAGCCAGGCATGGTGGCACGTGCCTGTAGTCCCAGCTACTTGGGAGGCTGAGGCAGGAGAATCACTTGAACCTGAGAGGCGGAGGTTGTGGAGAGTCAAGATCATGCCACTGCACTCCAGTCT"
"chr1","23334464","23334584","chr1","178999882","178999998","62","155665418","GCTGGATGCGATGGCTCATACCTGTAATCCCAGGACTTTGGGGGGCTGAGGTGCGTGGATCACGAGGTCAGGAATTCGAGATCTGCCTGGCCAACATGGTGAAACCCTGTTATAAAAAATA","GGAGGTTGCAGTGAGCTAAGATCATGCCACTGCACTCCAGCCTTGGTGACAGAGTGAGACCCTTTATCAAAAACAACAACAACAACAACAACAACAACAAAACAGAAAAGAAAAAGA"
"chr1","23379857","23380160","chr14","38774640","38774953","59","15394783","GGCCGGGCGTGGTGGCTCAAGCCTGTAATCCCAGCACTTGGGAGGCCGAGGCGGGTGGATCACGAGGTCAACAGATCGAGACCATCTTGGTCAACATGGTGAAACCCCGTCTCTACTAAAATTACAAAAAATTAGCTGGGCACGGTGGTGCGTGCCTGTAATCCCAGCTGCTCGGGAGGCTGAGGCAGGAGAATTGCCTGAACCCAGGAGGCGGAGGTTGCGGTGAGCCAAGATTGCGCCATTGCACTCCAGCCTGGGTAACAAGAGCGAAACTCCGTCTCAAAAAAAAAAAAAAAAAAAAAAA","GGCCAGGTGTGGTGGCTCACACCTGTAATACTAGCACTTTGGGAGGCCAAGGCGGGTGGATCACGAGGTCAGGAGATCAAGACCAGCCTGGCCAACATGGTGAAACCCCATCTCTACTTAAAAAAAAAAAAAAAAAAAAAAAAATTAGCTGGGTATAGTGGCGTGCACCTGCAGTCTCAGCTACTCGGGAGGCTGAGGCAGGAGAATCACTTGAACCCGGGAGGTGGAGGTTGCAGTGAGCCAAGATCAGGCCACTGCACTCCAGCCTGGGTGACAGAGTGAGACCCTGTCTCAAAAAAAAAAAAAAAAAAAAA"
"chr1","23452825","23453124","chr14","38774640","38774953","61","15321815","GGCCGGGCGTGGTGGCTCAAGCCTTTAATCCTAGGACTTTGGGAGGCTGAGGCGGGTGGATCACGAGGTCAAAAGATCGAGACCATCCAGGTCAACATGATGAAACCCCGTCTCTACTAAAAATACAAAAAATTAGCTGTACATAGTGGCGCGTGCCTGTAGTCCCAGCTACTCAGGAGGCTGAGGCAGGAGAATTGCCTGAACCCAGGAGGCGGAGGTTGCGGTGAGCCGAGATTGTGCCATTGCACTCCAGCCTGGGTAAGAAGAGTGAAACTCCGTCTCAAAAAAAAAAAAAAGAAA","GGCCAGGTGTGGTGGCTCACACCTGTAATACTAGCACTTTGGGAGGCCAAGGCGGGTGGATCACGAGGTCAGGAGATCAAGACCAGCCTGGCCAACATGGTGAAACCCCATCTCTACTTAAAAAAAAAAAAAAAAAAAAAAAAATTAGCTGGGTATAGTGGCGTGCACCTGCAGTCTCAGCTACTCGGGAGGCTGAGGCAGGAGAATCACTTGAACCCGGGAGGTGGAGGTTGCAGTGAGCCAAGATCAGGCCACTGCACTCCAGCCTGGGTGACAGAGTGAGACCCTGTCTCAAAAAAAAAAAAAAAAAAAAA"
"chr1","23471392","23471692","chr9","46299315","46299628","60","22827923","GGCTGGGCGCGGTGGCTCAAGCCTGTAATCCCAGCACTTTGAGAGGCCGAGGCGGGTGGATCACGAGGTCAAGAGATGGAGATCATCCTGGTCAACATGGTGAAACCCTGTCTCTACTAAAAATGCAAAAAATTAGCTGGGCATGGTGGCGCGTGCCTGTAATCCCAGCTACTGAGGAGGCTGAGGCAGGAGAATAGCCTGAACCCAGGAGGCGGAGGTTGTGGTGAGCCGAGATTGTGCCATTGCACTCCAGCCTGGGTAACAAGAGTGAAACTCCGTCTCAAAAATAAAAAAAAAAAAA","GGCCAGACACAGTGGCTCACGTCTGTAATCCCAGCACTTTGGGAGGCAGAGGCGGGTGGATCACAAGGTCAGGAGTTTGAGAGCAGCCTGGCCAACATAGTGAAACCCTGTCTCTACTAAAAATACAAAAAAATTAGCCAGGTGTGGTGGTGGGTGCCTGTAATCCCACCTACTCAGGAGGCTGAGGCTGAGGCTGAGGCTGAGGAGAATCGTTTGAATCTGGGAGGCAGAGGTGGCAGTGAGCCGAGATTGCGCTACTGCACTCCAGCCTGGGCGACAGTGTGAGACTCTGTCTCAAAAAAAAAAAAAAAAAA"
"chr1","23484912","23485222","chr2B","57345825","57346153","57","33860913","GGCCGGGCACAGTGGCTCAAGCCTGTAATCCCAGCACTTTGAGAGGCCGAGGCAGGTGGATCATGAGGTCAAGAGATCGAGATGATCCTGGTCAACATGGTGAAACCCCATCTCTACTAAAAATACAAAAAATTAGCTGGGCATGGTGGTGCGTGCCTGTAATCCCAGCTACTCAGGAGGCTGAGGCAGGAGAATTGCCTGAACCCAGGAGGTGGAGGTTGCGGTGAGCCGAGATCACGCCATTGCACTCCAGCCTGGGTAACAAGAGCGAAACTCCGTGTCAAAAAAAAAATAGATAAAATAAAATAAAA","GGTCAGGCACAGTGGCTCACACCTGTAATCCCAGCACTTTGAGAGGCCAAGGTGGGCAGATCACAAGATCAGGAGTTCAAGACCAGCCTGGCCAACATAATGAAACCCCATCTCTACTAAAAATACAAAAAATTAGCCAGGCATGGTGGTGGGTGCGTGTAATCCCAGCTACTCGGGAGGCTGAGGCAGGAGAATGGCTTGAACCCAGGAGGCGGAGGTTGCAGTGAGTGGAGATCACGCCACTGCACTCCAGCCTGGGTGACAGAGCGAGACTCCGTCTCAAAAATAAATAAATAAATAAATAAATAAAATAAAAAAGAAAAGAAAAA"
"chr1","23562937","23563234","chr14","38774640","38774953","65","15211703","GGCTGGGCGCGGTGGCTTAAGCCTGAAATCCCAGCACTTTGGGAGGTCGAGGCAGGTGGATCACGAGGTCAAGAGATCGAGACCATCCTGGTCAACATGGTGAAACCCCGTCTCGACTAAAAATACAAAAAATTAGCTGGGCACGGTGGCGCGTGCCTGTAATCCCAGCTACTCAGGAGGCTGAGGCAGGAGAATTGCCTGAACCCAGGAGGCGGAGGTTGTGGTGAGCCAAGATCCTGCTATTGCACTCCAGCCTGGGTAACAACAGTGAAACTCCGTCTCAAAAAAAAAAAAAAAA","GGCCAGGTGTGGTGGCTCACACCTGTAATACTAGCACTTTGGGAGGCCAAGGCGGGTGGATCACGAGGTCAGGAGATCAAGACCAGCCTGGCCAACATGGTGAAACCCCATCTCTACTTAAAAAAAAAAAAAAAAAAAAAAAAATTAGCTGGGTATAGTGGCGTGCACCTGCAGTCTCAGCTACTCGGGAGGCTGAGGCAGGAGAATCACTTGAACCCGGGAGGTGGAGGTTGCAGTGAGCCAAGATCAGGCCACTGCACTCCAGCCTGGGTGACAGAGTGAGACCCTGTCTCAAAAAAAAAAAAAAAAAAAAA"
"chr1","23628007","23628306","chr14","38774640","38774953","58","15146633","GGCCAGGCGTGGTGGCTCATGCCTGTAATCCCAGCACTTTGGGAGGCCGAGGCAGGTGGATCACGAGGTCAAGAGATCGAGACTATCCCGGTCAACGTGGTGAAACCCCATCTCTATTAAAAAAAAATACAAAAAATTAGCTGGGCATGGTGGTGCTTGCCTGTAATCCCAGCTACTCGGGAGGCTGAGGCAGGAGAATTGCCTGAACCCAGAAGGTGGAGGTTGCGGTGAGCCAAGATCGCACCATTGCACTCCAGCCTGGGTAACAAGAGCGAAACTCCATCTCAAAAAAAAAAAAAA","GGCCAGGTGTGGTGGCTCACACCTGTAATACTAGCACTTTGGGAGGCCAAGGCGGGTGGATCACGAGGTCAGGAGATCAAGACCAGCCTGGCCAACATGGTGAAACCCCATCTCTACTTAAAAAAAAAAAAAAAAAAAAAAAAATTAGCTGGGTATAGTGGCGTGCACCTGCAGTCTCAGCTACTCGGGAGGCTGAGGCAGGAGAATCACTTGAACCCGGGAGGTGGAGGTTGCAGTGAGCCAAGATCAGGCCACTGCACTCCAGCCTGGGTGACAGAGTGAGACCCTGTCTCAAAAAAAAAAAAAAAAAAAAA"
"chr1","23646216","23646522","chr1","131937127","131937450","56","108290911","GGCCGGGCGCGGTGGCTCAAGCCTGTGATCCCAGCACTTTGGGAGGCCAAGGCGGGTGGATCACGAGGTCAAGAGAACCAGACCATCCTGGTCAACATGGTGAAACCCCGTCTCTACTAAAAATACAAAAAATTAGCTGGGCATGGTGGTGCGTGCCTGTAATCCCAGCTACTCGGGAGGCTGAGGCAGGAGAATTGCCTGAACCCAGGAGGCGGAGGTTGCGGTGAGCCGAGATCGCGCCATTGCACTCCAGCCTGGGTAACAAGAGCGAAACTCCGTCTCAAAAAAAAAAAAAAAAAAAAAAAAA","GCCAGGTGCGGTGCCTCATGCCTGTAATCCCAGCACTTTGGGATGCCGAGGCGGGTGGATCACAAGGTCAGGAGTTCAAGACCAGCCTGGCCAACATAGTGAAACCCCGTCTCTACTAAACATACAAAAAATTAGCCGGGCGTGGTGGCAGGTGCCTGTAATCCCAGCTATTCAGGGAGGCTGAGGCAGGAGAATTGCTTGAACCTGGGAGGCGGAGGTTGCAGTGAGCCAAGATCGCACCACTGCACTCCAGCCCAGGTGACAATGCGAGACTCCATCTCAAATAAATACATAAATAAATAAATAAATAAACAAACAAACAAA"
"chr1","23668212","23668420","chr19","45045039","45045270","67","21376827","CCTGGCCAACATTGCAAAACTCCATCTCTACTAAAATACAAAAAATTAGCTGGGCATGGTGGTGCACACCTGTAGTCCCAGCTACTTGGGAGGCTGAAGCAGGGGAATTGCTTGAACCTGGGAGGGAGAGGTTGCTGTGAGCCAGCATAGCACCACTGCACTCTAGCCTGGGTAACAGAGCGAGACTCCATCTCAAAAAAAGAAAAAAA","AAAAATATAATAAAATAATATATATATATATATATATACACATATATATATAATTAGCCGGGTGTGGTGGTGGGCGCCTGTAGTCCCAGCTACTCGGGAGGCTGAGGCAGGAGAATTGCTTGAACGCGGGAGGCAGAGATTGCAGTGAGATGAGATCGCCCCCACTGCACTCCAGCCTGGGCAACAGAGGGAGACTCCATCTCAAAAAAAAAAAAAAAGAAAAGAAATAAAA"
"chr1","23668906","23669179","chr12","6861641","6861931","70","16807265","ATCCCAGCACTTTGGGAGGCCGAGGCTGGTGGATCACGAGGTCAAGAGATCGAGACCATCCTGGTCAACATGGTGAAATCCCGTCTCTACTAAAAATACAAAAAATTAGCTGGGCATGGTGGCGCGTGCCTGTAATCCCAGCTACTCAGGAGTCTGAGGCAGGAGAATTGCCTGAACCCAGGAGGCGGAGGTTGCGGTGAGCCGAGATCGCGCCATTGCACTCCAGCCTGGGTAACAAGAGCGAAACTCTGTCTCAAAAAAAAAAAAAAAAGAA","CTTTGGGAGGCCGAGGCAGGTGGATCACCAGATCAGGAGTTCAAGACCAGCCTGGCCAACATAGTGAAACCCTGTCTCTACTAAAAATACAAAAAATTAGCTGAGCGTGGTGGCAGGCACCTGTAATCCCAGCTACTTGGGAGGCTGAGGCAGGAGAATTGCTTGAACCCGGGAGGTGGAGGTTGCAGTGAGCTGAGATCGCACCATAGCACTCCAGCCTGGGCGACAGTGTGAGACTCTGCCTCAAAACAACAACAACAACAAAAACAACAACAACAACGAAAAAAACAA"
"chr1","23672715","23673000","chr16_NW_019937290v1_random","735974","736277","72","22936741","TCACGCCTGTAAACCCAGCACTTTGGGAGGCTGAGGCGGGTGGATCATGAGGTCAAGAGATCGGGACCATCCTGGTCAACATGGTGAAACCCCGTCTCTACTAAAAAAATACAAAAAATTAGCTGGGCACGGTAGTGCGTGCCTGTAATCCCAGCTACTCAGGAGGCTGAGGCAGGAGAATTGCCTGAACCCAGGAGGCGGAGGTTGCAGTGAGCCGAGATCGTGTCATTGAACTCCAGCCTGGGTAACAAGAGCAAAACTCCGTCTCAAAAAAAAAAAAAAAAAA","CTGGGTGTGGTGCCTCACACCTGTAATCCGAGCACTTTGAGAGGCTGAGGTGGGTGGATCACAAGGTCAGGAGTTCGAGACCAGCCTGACTAACATGGTGAAACCCCTTCTCTACTAAAAAAAAAAAAAAAAAAAAAAAAATTGGCCAGGCCTGGTGGTGTGTGCCTATAGCCCCAGCTACTCAGGGGGGTGAGGCAGGAGAATTGCCTGAACCTGGGAGGTGGAGGTTGCAGTGAGCTGAGGTCGTGCCACTGCACTCCAGCCTGGACGACAATGCGAGACTCCATCTCAAAAAAAAAAAAAA"
"chr1","23697246","23697543","chr18","15009231","15009552","61","8688015","GGCCGGGCGCGGTGGCTCAAGCCTGTAATCCCAGCACTTTGGGAGGCCGAGACGGGTGGATCACGAGGTCAAGAGATCGAGACCATCCTGGTCAACATGGTGAAACCCCGTCTCTACTAAAAATACAAAAAATTAGCTGGGCACGGTGGTGCGTGCCTGTAATCCCAACTACTCAGAAGGCTGAGGCAGGAGAATTGCCTGAACCCAGGAGGCGGAAGTTGCGGTGAGCTGATATCGCGCCATTGCACTCCAGCCTGGGTAACAAGAGCGAAACTCCGTCTCAAAAAAAAAAAAAAAA","GCCAGGCGTGGTGGCTCATGCCTGTAATCCCAGCACTTTGGGAGGCCGAGGCGGGCAGATCACGAGGTCAGGAGTTCGAGACCAGCCTGACCAATATGGTGAAACCCCATCTCCACTAAAAACACACACACACACACACACACACACACACAAAATTAGCTGGGCGTGGTGGCACGTGCCTGTAGTCCCAGCTACTCAGGAGGCTGAGGCAGGAGAATTGCTTGAACCCAGGAGGCAGAGGTTGCAATGAGCTGAGATTGCACCATTGCACTCCAGCCTGGGTGACAGAGCGAGACTCCATCTCAAAGAAAAAAAAAAAGAA"
"chr1","23729960","23730255","chr16_NW_019937290v1_random","735974","736277","58","22993986","GGCCGGGCGCCGTGGCTCAAGCCTGTAATCCCAGCACTTTGGGAGGCCGAGGAGGGTGGATCACGAGGTCAAGAGATCGAGACCATCCTGGTCAACATGGTGAAACCCCGTCTCTACTAAAAATACAAAAAATTAGCTGGGCACGGTGGCGTGTGCCTGTAATCCCAGCTACTCAGGAGGCTGAGGCAGGAGAATTGCCTGATCCCAGGAGGCGGAGGTTGCGGTGAGCTGAGATCGCGCCATTGCACTCCAGCCTGGGCAACAAGAGCGAAACTCCATCTCAAAAAAAAAAAAAA","CTGGGTGTGGTGCCTCACACCTGTAATCCGAGCACTTTGAGAGGCTGAGGTGGGTGGATCACAAGGTCAGGAGTTCGAGACCAGCCTGACTAACATGGTGAAACCCCTTCTCTACTAAAAAAAAAAAAAAAAAAAAAAAAATTGGCCAGGCCTGGTGGTGTGTGCCTATAGCCCCAGCTACTCAGGGGGGTGAGGCAGGAGAATTGCCTGAACCTGGGAGGTGGAGGTTGCAGTGAGCTGAGGTCGTGCCACTGCACTCCAGCCTGGACGACAATGCGAGACTCCATCTCAAAAAAAAAAAAAA"
"chr1","23742490","23742796","chr1","131937127","131937450","58","108194637","GGCCGGGCGCGGTGGCTCACGCCTGTAATCCCAGGACTTTGGGAGGCCGAGGCGGGTGGATCACGAGGTCAAGAGATCGAGACCATCCTGGTCAACATGGTGAAACCCCATCTCTACTAAAAATACAAAAAATTAGCTGGGCATGGTGGTGCGTGCCTGTAATCCCAGCTACTCAGGAGGCTGAGGCAGGAGAATTGCCTGAACCCAGGAGGCAGAGGTTGCCGTGAGCCGAGATCGCGCCATTGCACTCCAGCCTGGGTAACAAGAGCGGAACTCCATCTCAAAAACAAAACAAAACAAAACAAAA","GCCAGGTGCGGTGCCTCATGCCTGTAATCCCAGCACTTTGGGATGCCGAGGCGGGTGGATCACAAGGTCAGGAGTTCAAGACCAGCCTGGCCAACATAGTGAAACCCCGTCTCTACTAAACATACAAAAAATTAGCCGGGCGTGGTGGCAGGTGCCTGTAATCCCAGCTATTCAGGGAGGCTGAGGCAGGAGAATTGCTTGAACCTGGGAGGCGGAGGTTGCAGTGAGCCAAGATCGCACCACTGCACTCCAGCCCAGGTGACAATGCGAGACTCCATCTCAAATAAATACATAAATAAATAAATAAATAAACAAACAAACAAA"
"chr1","23850381","23850674","chr10","59193901","59194213","66","35343520","GGCCGGGCGCGATGGCTCAAGCCTGTAATCCCAGCACTTTGGGAGGCCGAGGAGGGTGGATCACGAGGTCAAGAGATCGAGACCATCCTGGTCAACATGGTGAAACCCCGTCTCTACTAAAAATACAAAAAATTAGCCGGGCACGGTGGCGCATGCTTGTAATCCCAGCTACTCAGGAGGCTGAGGCAGGAGAATTGCCTGAACCCAGGAGGCGGAGTCTGCGGTGAGCCAAGATCGCACCATTGCACTCCAGCCTGGGTAACAAGAGCAAAACTCCGTCTCAAAAAAAAAAAA","GGCCAGGCACGGTGGCTCACTTCTGTAATCCCAGCACTTTGGGAGGCCGAGGTGGCCGAATCACAAGGTCAGGAGTTCAAGACCAGCCTGACTGACATGGAGAAACCCCGTCTCTACTAAAAATAAAAATAAAAATAAAAATAAAAATAATTAGCCGGGTATGGTGGCACACACCTGTAGTCCCAGCTAGTTAGGAGGCTGAGGCAGGAGAATGGCGTGAACCCAGGAGGCGGAGCTTGCAGTCAGCCAAGATTGTGCCACTGCACTCCAGCCTGGGCAACAGAGTGATACTCCATCTCAAAAAAAAAAAAAA"
"chr1","23877977","23878282","chr3","13063317","13063638","59","10814660","GGCCGGGCGCGGTGGCTCAAGCCTGTAATCCCAGCACTTTGGGAGGCCGAGGTGGGTGGATCACGAGGTCAAGAGATCGAGACCATCCTGGTCAACATGGTGAAACCCTGTCACTACTAAAAATACAAAAAATTAGGCGGGCACAGTGGCGCGTGCCTGTAATCCCAGCTACTCACGAGGCTGAGGCAGGAGAATTGCCTGAACCCAGGAGGCAGAGGTTGTGGTGAGCCAAGATCACGCCATTGCACTCCAGCCTGGGTAACAAGAGCAAAACTCCATCTCAAAAAAAAAAAAAAAAAAAAAGAA","GGCCGGGCACGATGGCTCACGCCTATAATCCCAGCACTTTGGGAGGCCAAGGTGGGCAGATCACGAGGTCAGGAGTTCGAGACCAGTCTGGCCAACATAGTGAAACCCTGTCTCTACTAAAAATACACAAAAAATTAGCCAGGTGTGGTGGCAGGTGCCTGTCATCCCAGCTACTCAGGTGGCTGAGGCAGGAGAATCGCGTGAACCCGGGAGGCGGAGGTTGCAGTGAGCCAAGATCGTGCCACTGCACTCCAGCCTGGGCAACAGAACGAGACTACATATCAAAAAAAAAAAAAAAAAAAAAAAAATCCCAAAAAACAAA"
"chr1","23915637","23915945","chr1","131937127","131937450","58","108021490","GGCCGGGCGCGGTGGCTCAAGCCTGTAATCCCAGCACTTTGGGAGGCTGAGGCGGGTGGATCACGAGGTCAAGAGATCGAGACCATCCTGGTCAACATGGTGAAACCCCGTCTCTACTAAAAATACAAAAAATTAGCTGGGCACAGTGGCGCGTGCCTGTAATCCCAGCTACTCAGGAGGCTGAGGCAGGAGAATTGCCTGAACCCAGGAGGCGGAGATTGTGGTGAGCCGAGATGGCGCCATTGCACTCCAGCCTGGGTAACAAGAGTGAAACTCTGTCTCAAAAAAAAAAAAAAAAAAAAAAAAAAA","GCCAGGTGCGGTGCCTCATGCCTGTAATCCCAGCACTTTGGGATGCCGAGGCGGGTGGATCACAAGGTCAGGAGTTCAAGACCAGCCTGGCCAACATAGTGAAACCCCGTCTCTACTAAACATACAAAAAATTAGCCGGGCGTGGTGGCAGGTGCCTGTAATCCCAGCTATTCAGGGAGGCTGAGGCAGGAGAATTGCTTGAACCTGGGAGGCGGAGGTTGCAGTGAGCCAAGATCGCACCACTGCACTCCAGCCCAGGTGACAATGCGAGACTCCATCTCAAATAAATACATAAATAAATAAATAAATAAACAAACAAACAAA"
"chr1","23919467","23919762","chr14","38774640","38774953","65","14855173","GGCCGGGCGCAGTGGCTCAAGCTTGTAATCCCAGCACTTTGGGAGGCCGAGGCGGGTGGATCACGAGGTCAACAGATCGAGACCATCCTGGTCAACATGGTGAAACCCCGTCTCTATTAAAAATTACAAAAAATTAGCTGGGCACGGTGGCGTGTGCCTGTAATCCCAGCTACTCAGGAGGCTGAGGCAGGAGAATTGCCTGAACCCAAGGGGCGGAGGTTGCAGTGAACCGAGATTGCGCCATTGCACTCCAGCCTGGGTAACAAGAGCGAAACTCTGTCTCAAAAAAAAAAAAA","GGCCAGGTGTGGTGGCTCACACCTGTAATACTAGCACTTTGGGAGGCCAAGGCGGGTGGATCACGAGGTCAGGAGATCAAGACCAGCCTGGCCAACATGGTGAAACCCCATCTCTACTTAAAAAAAAAAAAAAAAAAAAAAAAATTAGCTGGGTATAGTGGCGTGCACCTGCAGTCTCAGCTACTCGGGAGGCTGAGGCAGGAGAATCACTTGAACCCGGGAGGTGGAGGTTGCAGTGAGCCAAGATCAGGCCACTGCACTCCAGCCTGGGTGACAGAGTGAGACCCTGTCTCAAAAAAAAAAAAAAAAAAAAA"
"chr1","23977662","23977951","chr9","46299315","46299628","67","22321653","GGCCAGGAACGGTGGCTCAAGTCTCTAATCCCAGCACTTTGGGAGGCCGAGGCGGGTGGATCACGAGGTCAAGAGATGGAGACCATCCTGGTCAACATGGTGAAACCCCGTCTCTACTAAAAATACAAAAAATTAGCTGGGCACGGTGGCGTGTGCCTGTAATCCCAGCTACTGAGGAGGCTGAGGCAGGAGAATTGCCTGAACCCAGGAGGCAGAGGTTGCGGTGAGCTGAGATCGCGCCATTGCACTCCAGCCTGGGTAACAATAGCGAAACTCCGTCTCAAAAAAAA","GGCCAGACACAGTGGCTCACGTCTGTAATCCCAGCACTTTGGGAGGCAGAGGCGGGTGGATCACAAGGTCAGGAGTTTGAGAGCAGCCTGGCCAACATAGTGAAACCCTGTCTCTACTAAAAATACAAAAAAATTAGCCAGGTGTGGTGGTGGGTGCCTGTAATCCCACCTACTCAGGAGGCTGAGGCTGAGGCTGAGGCTGAGGAGAATCGTTTGAATCTGGGAGGCAGAGGTGGCAGTGAGCCGAGATTGCGCTACTGCACTCCAGCCTGGGCGACAGTGTGAGACTCTGTCTCAAAAAAAAAAAAAAAAAA"
"chr1","24017202","24017489","chr18","15009231","15009552","67","9007971","GGTGGCTCACGCCTGTAATCCCAGCACTTTGGGAGGCCGAGGTGGGTGGATCACAAGGTGAATAGATCGAGACCATCTTGGTCAACATGGTGAAACCCCGTCTCTACTAAAAATACAAAAAATTAGCTGGGCATGGTGGCGCATGCCTGTAATCCCAGCTACTCAGGAGGCTGAGGCAGAAGAATTGCCTGAACCCAGGAGGCAGAGGTTGCGGTGAGCCGAGATCGCACCATTGTACTCCAGCCTGGGTAACAAGAGCGAAACTCCATCTCAAAAAAAAACAAAAAA","GCCAGGCGTGGTGGCTCATGCCTGTAATCCCAGCACTTTGGGAGGCCGAGGCGGGCAGATCACGAGGTCAGGAGTTCGAGACCAGCCTGACCAATATGGTGAAACCCCATCTCCACTAAAAACACACACACACACACACACACACACACACAAAATTAGCTGGGCGTGGTGGCACGTGCCTGTAGTCCCAGCTACTCAGGAGGCTGAGGCAGGAGAATTGCTTGAACCCAGGAGGCAGAGGTTGCAATGAGCTGAGATTGCACCATTGCACTCCAGCCTGGGTGACAGAGCGAGACTCCATCTCAAAGAAAAAAAAAAAGAA"
"chr1","24031853","24032159","chr14","38774640","38774953","62","14742787","GGCCTGGAATGGTGGCTCACACCTGTAATCCCAGCACGATGGGAGGCCAAGGAGGGTGAATCATGAGATCAGGAGATCAAGACCATCCTGACCAACATGGTGAAACCCTGTCTCTACTAAAAGTACAAAAAATAGCTGGGCGTGGTGGTGTGCACCTGTAGCCCCAGCTACTCGGGAGCCTGGGGCAGGAGAAGCGCTTGAACCCAGGAGGCAGAGGTTGCAGTGAGCTGAGATCGCACCACTGCACTCCAGCCTGGGTGAAAGTGCAAGACTCTGTCCCAAAACAACAACAACAACAAAAAAAGAA","GGCCAGGTGTGGTGGCTCACACCTGTAATACTAGCACTTTGGGAGGCCAAGGCGGGTGGATCACGAGGTCAGGAGATCAAGACCAGCCTGGCCAACATGGTGAAACCCCATCTCTACTTAAAAAAAAAAAAAAAAAAAAAAAAATTAGCTGGGTATAGTGGCGTGCACCTGCAGTCTCAGCTACTCGGGAGGCTGAGGCAGGAGAATCACTTGAACCCGGGAGGTGGAGGTTGCAGTGAGCCAAGATCAGGCCACTGCACTCCAGCCTGGGTGACAGAGTGAGACCCTGTCTCAAAAAAAAAAAAAAAAAAAAA"
"chr1","24036875","24037183","chr3","13063317","13063638","56","10973558","GGCCGGGCGCGGTGGCTCAAGCCTGTAATCCCAGCACTTTGGGAGGCCGAGGAGGGTGGATCATGAGGTCAACAGATCGAGACCATCCTGGTCAACATGGTGAAACCCTGTCTCTACTAAAAATTACAAAAAATTAGCTGGGCACGGTGGTGCGTGCCTGTAATCCCAGCTACTCAGGAGGCTGAGGCAGGAGAATTGCCTGAACCCAGGAGGCGGAGGTTGCGGTGAGCCGAGATCGCGCCATTGCACTCCAGCCTGGGTAACAAGAGCGAAACTCCGTCTCAAAAAAAAAAAAAAAAAAAAAAAGAA","GGCCGGGCACGATGGCTCACGCCTATAATCCCAGCACTTTGGGAGGCCAAGGTGGGCAGATCACGAGGTCAGGAGTTCGAGACCAGTCTGGCCAACATAGTGAAACCCTGTCTCTACTAAAAATACACAAAAAATTAGCCAGGTGTGGTGGCAGGTGCCTGTCATCCCAGCTACTCAGGTGGCTGAGGCAGGAGAATCGCGTGAACCCGGGAGGCGGAGGTTGCAGTGAGCCAAGATCGTGCCACTGCACTCCAGCCTGGGCAACAGAACGAGACTACATATCAAAAAAAAAAAAAAAAAAAAAAAAATCCCAAAAAACAAA"
"chr1","24089005","24089287","chr18","43221019","43221313","86","19132014","GGCTGGGAGTGGTGGAAGACACCTGTAATCCCAGCACTTTGGGAGGCTGTCAGGTGGGTCACTTGACTTCAGGAGTTCAAGACCAGCCTGGCCAATAAGGGGAAAACCTATCTCTACTAAAAATACAAAAAATTAGCTGGGCATGGTGGCGTGCGCCTGTAGTCCCAGCTCTTCAGGCAGCTGAGACATGTGAATTGCTTGTACCCAGGGTACGGAGGTTGCAGTGAGCTGAGATCATGCCATTGTACTTCAGCTTGGACAACAAAGTAAGATTGTCTCAAAA","GGCCGGGCATGGTGGCTCACACCTATAATGCCAGCACTTTGGGAGGCCAAGGCGGGAGGTCAGGAGTTCAAGACTAGCCTGGCCAACATGGTGAAACTAAAAATATAAAAATATAAAAATATAAAAATATAAAAATCTGCTGGGCATGGTGGTGCGCGCCTGTAGTCCCAGCTACTCAGGAGGCTGAGGCAGGAGAATCGCTTGAACCCGGGAGGGCAGGGGTTGCAGTGAGCTGAGATCGCACTACTGCACTCCATCCTGGGCGACAGAGTGAGACTCCATCTCAAAAAAAAAA"
"chr1","24091671","24091977","chr3","13063317","13063638","61","11028354","GACCGGGCGCAGTGGCTTAGCCTGTAATCCCAGCACTTTGGGAGACTGACATGGGTGGATCACAAGGTCAAGAGATTGAGACCATCCTGGCCAACATGGTGAAACCCTGTCTCTACTAAAAATACAAAAAATTAGCTGGGCATGGTGGCGCGTGCCTGTAATCCCAGCTACTCAGGAGGCTGAGGCAGGAGAATCGCCTGGACCCAGGAGGCAGAAGTTGCGGTGAGCGGAGATCGCGCCATTGCACTCCAGCCTGGGTAACAAGAACAAAACTCCGTCTCAAAAAAAAAAAAAAAAAAAAAAAAAA","GGCCGGGCACGATGGCTCACGCCTATAATCCCAGCACTTTGGGAGGCCAAGGTGGGCAGATCACGAGGTCAGGAGTTCGAGACCAGTCTGGCCAACATAGTGAAACCCTGTCTCTACTAAAAATACACAAAAAATTAGCCAGGTGTGGTGGCAGGTGCCTGTCATCCCAGCTACTCAGGTGGCTGAGGCAGGAGAATCGCGTGAACCCGGGAGGCGGAGGTTGCAGTGAGCCAAGATCGTGCCACTGCACTCCAGCCTGGGCAACAGAACGAGACTACATATCAAAAAAAAAAAAAAAAAAAAAAAAATCCCAAAAAACAAA"
"chr1","24104980","24105288","chr5","40719350","40719670","62","16614370","GGCCGGGAGCGGTGGCTCATGCCTGTAGTCCCAGCACTTTGGGAGGCCGAGGTGGGTGGATCATGAGGTCAAGAGATCGAGACCATCCTGGTCAACATGGTGAAACCCCATCTGTACTAAAAATACAAAAAATTAGCTGGGCATGGTGGTGCATGCCTGTAATCCCAGCTACTCAGGAGGCTGAGGCAGGAGAATTGCCTGAACCCAGGAGGCGGAGGTTGCGGTTAGTCGAGATCGTGCCATTGCACTCCAGCCTGGGTAACAAGAGCGAAACTCCGACACTCCAACTCAAAAAAAAAAAAAAAAAAA","GGCTGGGCGCGGTGGCTCATGCCTGTAATCCCAGCACTTTGGGAGGCAGAGGTGGGCGGATCACGAGGTCAGGAGTTCAAGACCAGCCTGGCCAACATAGTGAAACCCAATCTTTACTAAAAATACAAAAAATTAGCCAGGCATGGTGGCAGGCACTTGTAATCCCAGCTATTCAGGAGACTGAGACAGGAGAATCATCTGAACCCAGGAGGAAGAGGTTGCAGTGAGCCAAGATCACACCATTGCACTCCAGCCCACGGGAAAGTGCGAGCCTCCATCTCAAAAACAACAACAACAACAACAACAACAAAAAACAAAAAA"
"chr1","24126140","24126439","chr9","46299315","46299628","61","22173175","GGCCAGGCGCGGTGGCTCAAGCCTGTAATCCCAGCACTTTGGGAGGCTGAGGCGGGTGGATCACGAGGTCAACAGATCAAGACCATCCTGGTCAACATAGTGAAACCCCGGCTTTACTAAAAATACAAAAAATTAGCTGGGTACGGTGGCGCGTGCCTGTAATCCCAGCTACTCAGGAGGCTGAGGCAGGAGAATTGCCTGAACCCAGGTGGCGGAGGTTGCGGTGAGCCGAGATCGCGCCATTGCACTCCAGCCTGGGTAACAAGGGCGAAACTCCATCTCAAAAAAAAAAAAAAAAAA","GGCCAGACACAGTGGCTCACGTCTGTAATCCCAGCACTTTGGGAGGCAGAGGCGGGTGGATCACAAGGTCAGGAGTTTGAGAGCAGCCTGGCCAACATAGTGAAACCCTGTCTCTACTAAAAATACAAAAAAATTAGCCAGGTGTGGTGGTGGGTGCCTGTAATCCCACCTACTCAGGAGGCTGAGGCTGAGGCTGAGGCTGAGGAGAATCGTTTGAATCTGGGAGGCAGAGGTGGCAGTGAGCCGAGATTGCGCTACTGCACTCCAGCCTGGGCGACAGTGTGAGACTCTGTCTCAAAAAAAAAAAAAAAAAA"
"chr1","24230669","24230977","chr1","131937127","131937450","56","107706458","GGCTGGATGCTGTGGCTCATGCCTGTAATCCCAGCACTTTGGGAGGCCGAGGTGGGTGGATCACAAGGTCAAGAGATCGAGACCATCCTGGTCGACATGTGAAACCCCGTCTTTACTAAAAATACAAAAAATTAGCTGGGCATGGTGGCGCATGCCTGTAATCCCAGCTACTCAGGAGGCTGAGGCAGGAGAATTGCCTGAATCTAGGAGGCGGAGATTGCGGTGAGCCGAGATCGTGCCATTGCACTCCAGCCTGGGTAACAAGAGCGAAACTCCTTCTCCAAAAAAAATAAAAATAAAAAAAAGAAA","GCCAGGTGCGGTGCCTCATGCCTGTAATCCCAGCACTTTGGGATGCCGAGGCGGGTGGATCACAAGGTCAGGAGTTCAAGACCAGCCTGGCCAACATAGTGAAACCCCGTCTCTACTAAACATACAAAAAATTAGCCGGGCGTGGTGGCAGGTGCCTGTAATCCCAGCTATTCAGGGAGGCTGAGGCAGGAGAATTGCTTGAACCTGGGAGGCGGAGGTTGCAGTGAGCCAAGATCGCACCACTGCACTCCAGCCCAGGTGACAATGCGAGACTCCATCTCAAATAAATACATAAATAAATAAATAAATAAACAAACAAACAAA"
"chr1","24233987","24234281","chr16_NW_019937290v1_random","735974","736277","64","23498013","GGCGGGGCGCGGTGGCTCAAGCCTGTAATCCCAGCACTTTGGGAGGCCGAGGCGGGTGGACCACGAGGTCAAGAGATCGGGACCATCCTGGTCAACATGGTGAAACCCCGTCTCTACTAAAAATACAAAAAATTAGCTGGGCACGGTGGTGCGTGCCTGTAATCCCAGCTACTCAGGAGGCTGAGGCAGGAGAATTGCCTGAACCCAGGAGGCGGAGGTTGCGGTGAGCCGAGATCGCGTCATTGCACTCCAGCCTGGGTAACAAGAGCGGAACTCCGTCTCAAAAAAAAAAAAA","CTGGGTGTGGTGCCTCACACCTGTAATCCGAGCACTTTGAGAGGCTGAGGTGGGTGGATCACAAGGTCAGGAGTTCGAGACCAGCCTGACTAACATGGTGAAACCCCTTCTCTACTAAAAAAAAAAAAAAAAAAAAAAAAATTGGCCAGGCCTGGTGGTGTGTGCCTATAGCCCCAGCTACTCAGGGGGGTGAGGCAGGAGAATTGCCTGAACCTGGGAGGTGGAGGTTGCAGTGAGCTGAGGTCGTGCCACTGCACTCCAGCCTGGACGACAATGCGAGACTCCATCTCAAAAAAAAAAAAAA"
"chr1","24290655","24290942","chr1","131937127","131937450","69","107646472","GGCCAGGTGCGGCGGCTCATGCCTGTAATCCCAGCACTTTGGGAGGCTGAGGCGGGTGGATCATGAGGTCAGGAGTTTGAGACCAGCCTGGCCAACATGGTAAAACCTCATCTCTACTAAAAATACAAAAAATTAGCCAGGTTTGGTGGCAGATGCCTGTAATCCCAGCTACTCAGGAGGCTGAGGCAGGAGAATCACTTCAACCCAGGAGGCAGAGGTTGCAGTGCACTCCAGCCTCAGTGACAAGAGTAAGACTCCCTCTCAAAAATAAATAAATAAAAAATAAAA","GCCAGGTGCGGTGCCTCATGCCTGTAATCCCAGCACTTTGGGATGCCGAGGCGGGTGGATCACAAGGTCAGGAGTTCAAGACCAGCCTGGCCAACATAGTGAAACCCCGTCTCTACTAAACATACAAAAAATTAGCCGGGCGTGGTGGCAGGTGCCTGTAATCCCAGCTATTCAGGGAGGCTGAGGCAGGAGAATTGCTTGAACCTGGGAGGCGGAGGTTGCAGTGAGCCAAGATCGCACCACTGCACTCCAGCCCAGGTGACAATGCGAGACTCCATCTCAAATAAATACATAAATAAATAAATAAATAAACAAACAAACAAA"
"chr1","24295656","24295956","chr18","15009231","15009552","57","9286425","GGTCGGGCGCGGTGGCTCATGCCTGTAATCCCAGCACTTTGGGAGGCCGAGGCGGGTGGATCACGAGGTCAAGAGATCGAGACCATCCTGATCAACATGGTGAAACCCCGTCTCTTCTAAAGATACAAAAAATTAGCTGGGCATGGTGGCGTGTGCCTGTAATCCCAGCTACTCAGGAGGCTGAGGCAGGAGAATTGCCTGAACCCAGGAGGCAGAGGTTGCAGTGAGCCGAGATCGCGCCATTGCACTCCAGCCTGGGTAACAAGAGCAAAACTCCGTCTCAAAAAAAAAAAAAAAAAAA","GCCAGGCGTGGTGGCTCATGCCTGTAATCCCAGCACTTTGGGAGGCCGAGGCGGGCAGATCACGAGGTCAGGAGTTCGAGACCAGCCTGACCAATATGGTGAAACCCCATCTCCACTAAAAACACACACACACACACACACACACACACACAAAATTAGCTGGGCGTGGTGGCACGTGCCTGTAGTCCCAGCTACTCAGGAGGCTGAGGCAGGAGAATTGCTTGAACCCAGGAGGCAGAGGTTGCAATGAGCTGAGATTGCACCATTGCACTCCAGCCTGGGTGACAGAGCGAGACTCCATCTCAAAGAAAAAAAAAAAGAA"
"chr1","24341847","24342143","chr14","38774640","38774953","60","14432793","GGCCGGGCGCGGTGGCTCAAGCCTGTAATCCCAGCACTTTGGGAGGCCGAGGCGGGTGGATCACGAGGTCAAGAGATGGAGACCATCCTGGTCAACATGGTGAAACCCCATGTCTACTAAAAATACAAAAAATTAGCTGGGCATGGTGGCGCATGCCTGTAATCCCAGCTACTTAGGAGGCTGAGGCAGGAGAATTCCCTGAACCCAGGAGGTGGAGGTTGCAGTGAGCCGAGATCGTGTCATTGCACTCCAGCCTGGGTAACAAGAGTGAAACTCAGTCTCAGAAAAAAAAAAAAA","GGCCAGGTGTGGTGGCTCACACCTGTAATACTAGCACTTTGGGAGGCCAAGGCGGGTGGATCACGAGGTCAGGAGATCAAGACCAGCCTGGCCAACATGGTGAAACCCCATCTCTACTTAAAAAAAAAAAAAAAAAAAAAAAAATTAGCTGGGTATAGTGGCGTGCACCTGCAGTCTCAGCTACTCGGGAGGCTGAGGCAGGAGAATCACTTGAACCCGGGAGGTGGAGGTTGCAGTGAGCCAAGATCAGGCCACTGCACTCCAGCCTGGGTGACAGAGTGAGACCCTGTCTCAAAAAAAAAAAAAAAAAAAAA"
"chr1","24346248","24346551","chr14","38774640","38774953","54","14428392","GGCCGGGCGTGGTGGCTCATGCCTGTAATCCCAGCACTTTGGAAGGCCGAGGTGGGTGGATCACGAGGTCAGGAGATCGAGACCATCCTGGTCAACATGGTGAAACCCCATCTCTACTAAAAATACAAAAAATTAGCTGGGCATGGTGGTGCGTGCCTGTAATCCCAGCTACTCAGGAGGCTGAGGCAGGAGAATTGCCTGAACCCAGGAGGCGGAGGTTGCGGTGAGCCGAGATCCTGCCATTGCACTCCAGCCTGGGTAACAAGAGCGAAACTCTGTCTCAAAAAACAAAACAAAACAAAAA","GGCCAGGTGTGGTGGCTCACACCTGTAATACTAGCACTTTGGGAGGCCAAGGCGGGTGGATCACGAGGTCAGGAGATCAAGACCAGCCTGGCCAACATGGTGAAACCCCATCTCTACTTAAAAAAAAAAAAAAAAAAAAAAAAATTAGCTGGGTATAGTGGCGTGCACCTGCAGTCTCAGCTACTCGGGAGGCTGAGGCAGGAGAATCACTTGAACCCGGGAGGTGGAGGTTGCAGTGAGCCAAGATCAGGCCACTGCACTCCAGCCTGGGTGACAGAGTGAGACCCTGTCTCAAAAAAAAAAAAAAAAAAAAA"
"chr1","24350779","24351075","chr18","15009231","15009552","72","9341548","CCAGGCATGCTGACTCACACCTGTAATCCCGACACTTTGAGAGGCCAAGGCAGGCAGATCACAAGGTCAAGAGTTTGATACTCTCCTGGCCAACATAGTGAAACCCCATCTCTACTAAAAAAAAAACCCAAAACTCAGCTGGGCATGGTAGTGCATGCCTGTAGTCCCAGCTACTATGGAGGCTGAGGCAAAACAATCACTTGAACCAGGAGACAGAGGTTGCAGTGAGCTGAAATCACACCACTGCACTCCAGCCTGGGCCACAGAGCAAGACTCTGACTCAAAAATAAAAAAAAA","GCCAGGCGTGGTGGCTCATGCCTGTAATCCCAGCACTTTGGGAGGCCGAGGCGGGCAGATCACGAGGTCAGGAGTTCGAGACCAGCCTGACCAATATGGTGAAACCCCATCTCCACTAAAAACACACACACACACACACACACACACACACAAAATTAGCTGGGCGTGGTGGCACGTGCCTGTAGTCCCAGCTACTCAGGAGGCTGAGGCAGGAGAATTGCTTGAACCCAGGAGGCAGAGGTTGCAATGAGCTGAGATTGCACCATTGCACTCCAGCCTGGGTGACAGAGCGAGACTCCATCTCAAAGAAAAAAAAAAAGAA"
"chr1","24414041","24414342","chr9","46299315","46299628","62","21885274","GGCTGGGCACGGTGGCTCACGCCTGTAACCCCAGCACTTTGGGAGGCCGAGGCGTGTGGATCACGAGGTCAAGAGATCGAGACCATCTTGGTCAACATGGTGAAACCCCGTCTCTACTAAAAATACAAAAAATTAGCCGGGCATGGTGGTGCGTGCCTGTAGTCCCAGCTACTCAGGAGGCTGAGGTAGGAGAATTGCCTGAACCCAGGAGGCAGAGGTTGCGGTGAGCCAAGATCGCGCCATTGCACTGCAGCCTGGGTAACAAGAGCAAAACTCCGTCTCAAAAAAACAAAAAACAAAAA","GGCCAGACACAGTGGCTCACGTCTGTAATCCCAGCACTTTGGGAGGCAGAGGCGGGTGGATCACAAGGTCAGGAGTTTGAGAGCAGCCTGGCCAACATAGTGAAACCCTGTCTCTACTAAAAATACAAAAAAATTAGCCAGGTGTGGTGGTGGGTGCCTGTAATCCCACCTACTCAGGAGGCTGAGGCTGAGGCTGAGGCTGAGGAGAATCGTTTGAATCTGGGAGGCAGAGGTGGCAGTGAGCCGAGATTGCGCTACTGCACTCCAGCCTGGGCGACAGTGTGAGACTCTGTCTCAAAAAAAAAAAAAAAAAA"
