"KQ052968v1","3893007","3893157","GL873563","1239709","1239871","41","2653298"
"KQ052968v1","4081273","4081344","GL873648","3589838","3589918","22","491435"
"KQ052968v1","4532725","4532840","GL873537","3585071","3585182","27","947654"
"KQ052968v1","5623821","5623956","GL873544","17571369","17571492","46","11947548"
"KQ052968v1","5665327","5665419","GL873534","11358248","11358337","24","5692921"
"KQ052968v1","5733293","5733433","GL873548","16510188","16510322","34","10776895"
"KQ052968v1","5950465","5950589","GL873543","6159335","6159461","46","208870"
"KQ052968v1","6131350","6131484","GL873524","15100689","15100811","38","8969339"
"KQ052968v1","6274524","6274660","GL873537","23793080","23793213","28","17518556"
"KQ052968v1","6275424","6275547","GL873532","28609093","28609206","42","22333669"
"KQ052968v1","6289504","6289649","GL873654","1584614","1584769","46","4704890"
"KQ052968v1","6290605","6290720","GL873520","41374051","41374157","35","35083446"
"KQ052968v1","6570511","6570809","GL873583","10657575","10657866","66","4087064"
"KQ052968v1","6580311","6580560","GL873523","29061330","29061604","87","22481019"
"KQ052968v1","6590733","6591034","GL873583","10657575","10657866","65","4066842"
"KQ052968v1","6653626","6653753","GL873522","21387611","21387741","28","14733985"
"KQ052968v1","6731548","6731560","GL873540","25093623","25093633","3","18362075"
"KQ052968v1","6732093","6732250","GL873521","7573100","7573248","49","841007"
"KQ052968v1","6891396","6891575","GL873666","3782052","3782242","58","3109344"
"KQ052968v1","6891774","6891879","GL873723","297143","297244","29","6594631"
"KQ052968v1","6979562","6979738","GL873530","18413799","18413969","52","11434237"
"KQ052968v1","7059429","7059522","GL873522","41513306","41513390","34","34453877"
"KQ052968v1","7061073","7061196","GL873622","1006481","1006610","49","6054592"
"KQ052968v1","7072582","7072656","GL873616","3616178","3616249","15","3456404"
"KQ052968v1","7294515","7294634","GL873554","12795185","12795308","25","5500670"
"KQ052968v1","7295349","7295389","GL873555","15094894","15094930","11","7799545"
"KQ052968v1","8210004","8210267","GL873520","25419245","25419523","87","17209241"
"KQ052968v1","8270302","8270463","GL873534","18003782","18003939","37","9733480"
"KQ052968v1","8299899","8300056","GL873525","44171605","44171763","43","35871706"
"KQ052968v1","8344966","8345134","GL873523","24466125","24466288","45","16121159"
"KQ052968v1","8349814","8349907","GL873613","1225841","1225943","33","7123973"
"KQ052968v1","8828800","8828976","GL873628","1898646","1898811","59","6930154"
"KQ052968v1","8948677","8948810","GL873520","28922151","28922284","37","19973474"
"KQ052968v1","9342640","9342983","GL873633","646500","646826","88","8696140"
"KQ052968v1","9370367","9370553","GL873526","11157591","11157777","47","1787224"
"KQ052968v1","9598438","9598730","GL873530","12202849","12203138","81","2604411"
"KQ052968v1","9601595","9601657","GL873635","5873227","5873283","16","3728368"
"KQ052968v1","9711397","9711598","GL873562","7356680","7356879","47","2354717"
"KQ052968v1","9711636","9711748","GL873699","414115","414229","32","9297521"
"KQ052968v1","9818470","9818483","GL873536","2116448","2116459","4","7702022"
"KQ052968v1","9819055","9819124","GL873597","8332094","8332158","13","1486961"
"KQ052968v1","10195006","10195169","GL873550","7710291","7710423","58","2484715"
"KQ052968v1","10310765","10310811","GL873522","41172412","41172459","14","30861647"
"KQ052968v1","10311728","10311854","GL873524","15100689","15100811","45","4788961"
"KQ052968v1","10404905","10405107","GL873613","2914211","2914407","53","7490694"
"KQ052968v1","10673586","10673772","GL873536","26796642","26796815","49","16123056"
"KQ052968v1","10792718","10793029","GL873525","33134730","33135000","101","22342012"
"KQ052968v1","10904295","10904362","GL873576","10785823","10785890","18","118472"
"KQ052968v1","10941379","10941454","GL873606","4461499","4461578","19","6479880"
"KQ052968v1","10941457","10941584","GL873542","1603710","1603823","33","9337747"
"KQ052968v1","10948241","10948316","GL873526","6633387","6633466","20","4314854"
"KQ052968v1","10984138","10984280","GL873541","15305637","15305768","35","4321499"
"KQ052968v1","12687600","12687932","GL873525","12282921","12283242","82","404679"
"KQ052968v1","13194684","13194826","GL873534","17878711","17878854","26","4684027"
"KQ052968v1","13194969","13195123","GL873579","10428645","10428799","40","2766324"
"KQ052968v1","13223805","13223971","GL873698","2997362","2997525","38","10226443"
"KQ052968v1","13431165","13431207","GL873528","3372584","3372625","18","10058581"
"KQ052968v1","13432964","13433126","GL873521","47769285","47769441","44","34336321"
"KQ052968v1","13491325","13491499","GL873565","11529864","11530029","46","1961461"
"KQ052969v1","1118775","1119074","GL873549","3867971","3868263","72","2749196"
"KQ052969v1","1284411","1284567","GL873646","1626816","1626971","42","342405"
"KQ052969v1","1284568","1284620","GL873542","10738518","10738572","16","9453950"
"KQ052969v1","1293144","1293303","GL873530","17834459","17834617","41","16541315"
"KQ052969v1","1563235","1563385","GL873610","3712585","3712733","55","2149350"
"KQ052969v1","4079017","4079176","GL873564","2605193","2605362","45","1473824"
"KQ052969v1","4227058","4227120","GL873605","3622485","3622552","15","604573"
"KQ052969v1","4231325","4231611","GL873521","9138426","9138710","69","4907101"
"KQ052969v1","4525657","4525849","GL873613","3099103","3099287","54","1426554"
"KQ052969v1","4822888","4823190","GL873548","17662282","17662576","82","12839394"
"KQ052969v1","5474557","5474719","GL873593","9009576","9009749","47","3535019"
"KQ052969v1","6485359","6485450","GL873608","151754","151851","27","6333605"
"KQ052969v1","6556035","6556097","GL873543","19894770","19894833","16","13338735"
"KQ052969v1","6571961","6572047","GL873562","10482969","10483058","24","3911008"
"KQ052969v1","6745885","6746080","GL873535","18594940","18595128","59","11849055"
"KQ052969v1","6961523","6961752","GL873539","4203726","4203936","82","2757797"
"KQ052969v1","7049431","7049454","GL873521","11332916","11332939","4","4283485"
"KQ052969v1","7049780","7049970","GL873558","6856610","6856797","61","193170"
"KQ052969v1","7051115","7051372","GL873587","1762847","1763106","71","5288268"
"KQ052969v1","7619550","7619614","GL873569","7276074","7276133","17","343476"
"KQ052969v1","7629581","7629668","GL873590","6051075","6051159","20","1578506"
"KQ052969v1","7630548","7630685","GL873521","8041789","8041920","28","411241"
"KQ052969v1","7650064","7650226","GL873565","11529864","11530029","37","3879800"
"KQ052969v1","7805882","7806015","GL873781","800194","800335","41","7005688"
"KQ052969v1","7820421","7820574","GL873608","861084","861237","34","6959337"
"KQ052969v1","7820911","7820923","GL873537","23272550","23272562","0","15451639"
"KQ052969v1","7821026","7821168","GL873781","800194","800335","28","7020832"
"KQ052969v1","8352503","8352657","GL873577","1770064","1770222","41","6582439"
"KQ052969v1","8374722","8374796","GL873520","39493346","39493419","20","31118624"
"KQ052969v1","8375053","8375269","GL873520","59757203","59757413","63","51382150"
"KQ052969v1","8418420","8418485","GL873691","1672307","1672372","14","6746113"
"KQ052969v1","8584226","8584413","GL873565","12020687","12020873","53","3436461"
"KQ052969v1","8743504","8743754","GL873586","7127657","7127906","75","1615847"
"KQ052969v1","8943131","8943288","GL873566","9284993","9285144","42","341862"
"KQ052969v1","9347873","9348053","GL873713","1240209","1240384","40","8107664"
"KQ052969v1","9457203","9457265","GL873785","76099","76161","11","9381104"
"KQ052969v1","10507785","10507964","GL873529","15451139","15451309","46","4943354"
"KQ052969v1","10652836","10652906","GL873520","39493346","39493419","22","28840510"
"KQ052969v1","10745101","10745402","GL873544","15371154","15371445","94","4626053"
"KQ052969v1","10751148","10751458","GL873645","5912741","5913043","84","4838407"
"KQ052969v1","10752183","10752385","GL873698","943503","943692","61","9808680"
"KQ052969v1","10762824","10762893","GL873659","2890845","2890913","21","7871979"
"KQ052969v1","10864889","10865079","GL873653","3321333","3321524","44","7543556"
"KQ052969v1","10879756","10879924","GL873520","9366784","9366942","50","1512972"
"KQ052969v1","10973739","10973838","GL873520","26741293","26741389","25","15767554"
"KQ052969v1","10973845","10973956","GL873615","2633095","2633199","27","8340750"
"KQ052969v1","11644488","11644627","GL873571","3644776","3644919","46","7999712"
"KQ052969v1","11656779","11656925","GL873563","11056083","11056238","36","600696"
"KQ052969v1","11673257","11673536","GL873527","37857519","37857783","95","26184262"
"KQ052969v1","12116633","12116853","GL873548","13734632","13734823","73","1617999"
"KQ052970v1","654244","654424","GL873583","7561214","7561397","41","6906970"
"KQ052970v1","675295","675604","GL873646","609878","610182","88","65417"
"KQ052970v1","2484910","2485036","GL873557","4324192","4324310","37","1839282"
"KQ052970v1","2485037","2485082","GL873529","9778058","9778099","11","7293021"
"KQ052970v1","2813197","2813479","GL873523","24198882","24199159","54","21385685"
"KQ052970v1","3141754","3141951","GL873537","24056965","24057156","42","20915211"
"KQ052970v1","3260732","3260872","GL873647","5068614","5068759","36","1807882"
"KQ052970v1","3550247","3550327","GL873520","39493346","39493419","19","35943099"
"KQ052970v1","3763238","3763411","GL873537","20495866","20496045","35","16732628"
"KQ052970v1","4239251","4239441","GL873674","3861515","3861706","46","377736"
"KQ052970v1","4603681","4603788","GL873667","3487098","3487189","33","1116583"
"KQ052970v1","4771449","4771596","GL873683","83581","83730","31","4687868"
"KQ052970v1","4841614","4841791","GL873647","2719255","2719428","42","2122359"
"KQ052970v1","4896266","4896413","GL873527","39428682","39428824","35","34532416"
"KQ052970v1","5416624","5416775","GL873534","21144337","21144480","43","15727713"
"KQ052970v1","5445278","5445581","GL873537","21933645","21933949","89","16488367"
"KQ052970v1","5720521","5720713","GL873646","629916","630106","46","5090605"
"KQ052970v1","5723965","5724163","GL873538","14914683","14914859","62","9190718"
"KQ052970v1","6730246","6730407","GL873544","20418813","20418964","46","13688567"
"KQ052970v1","7104288","7104439","GL873614","7151747","7151875","49","47459"
"KQ052970v1","7173743","7173860","GL873605","763742","763858","43","6410001"
"KQ052970v1","7324168","7324358","GL873584","1282750","1282946","54","6041418"
"KQ052970v1","7324565","7324646","GL873550","5148043","5148126","14","2176522"
"KQ052970v1","7382237","7382422","GL873538","4582637","4582802","61","2799600"
"KQ052970v1","7944266","7944445","GL873522","41138717","41138855","71","33194451"
"KQ052970v1","8094980","8095048","GL873695","2343199","2343264","16","5751781"
"KQ052970v1","8783214","8783291","GL873602","4785404","4785466","21","3997810"
"KQ052970v1","8822517","8822705","GL873749","1462647","1462817","48","7359870"
"KQ052970v1","8879864","8880146","GL873557","11386288","11386552","78","2506424"
"KQ052970v1","9084149","9084270","GL873525","12129856","12129974","27","3045707"
"KQ052970v1","9230965","9231132","GL873674","1481948","1482110","54","7749017"
"KQ052970v1","9438106","9438159","GL873565","9864589","9864640","14","426483"
"KQ052970v1","9506437","9506506","GL873548","15778852","15778916","16","6272415"
"KQ052970v1","9762560","9762837","GL873539","18698866","18699150","83","8936306"
"KQ052970v1","9844653","9844721","GL873540","20165746","20165810","14","10321093"
"KQ052970v1","10015613","10015921","GL873526","12885338","12885635","66","2869725"
"KQ052970v1","11042068","11042150","GL873523","1322902","1322986","24","9719166"
"KQ052970v1","11180056","11180167","GL873520","24575875","24575985","28","13395819"
"KQ052970v1","11376102","11376346","GL873675","187779","188024","86","11188323"
"KQ052970v1","11443464","11443768","GL873537","22056827","22057146","78","10613363"
"KQ052970v1","11493629","11493858","GL873723","743790","744026","63","10749839"
"KQ052970v1","11638290","11638613","GL873529","3609476","3609766","97","8028814"
"KQ052970v1","11817169","11817367","GL873540","7931580","7931774","54","3885589"
"KQ052970v1","11869741","11869757","GL873520","43443655","43443669","3","31573914"
"KQ052970v1","11873168","11873361","GL873619","7169239","7169406","64","4703929"
"KQ052970v1","12062859","12063109","GL873545","16091903","16092161","80","4029044"
"KQ052970v1","12191876","12192031","GL873530","15061906","15062052","41","2870030"
"KQ052970v1","12327788","12327937","GL873568","4513505","4513640","43","7814283"
"KQ052970v1","12328285","12328442","GL873530","23771605","23771754","49","11443320"
"KQ052970v1","12455297","12455614","GL873538","12840789","12841072","107","385492"
"KQ052970v1","13541680","13541984","GL873537","933429","933713","86","12608251"
"KQ052970v1","17610891","17611065","GL873548","15177062","15177219","45","2433829"
"KQ052970v1","18303338","18303483","GL873731","487756","487896","38","17815582"
"KQ052970v1","18346107","18346307","GL873526","6597075","6597264","57","11749032"
"KQ052970v1","19133620","19133787","GL873563","11012897","11013053","42","8120723"
"KQ052970v1","19235753","19235908","GL873526","13142090","13142233","43","6093663"
"KQ052970v1","19835629","19835853","GL873800","270695","270907","53","19564934"
"KQ052970v1","19980531","19980690","GL873573","4925007","4925156","35","15055524"
"KQ052971v1","932162","932443","GL873532","28842247","28842509","78","27910085"
"KQ052971v1","2510904","2510991","GL873551","12695724","12695812","21","10184820"
"KQ052971v1","3164882","3165054","GL873551","611423","611588","49","2553459"
"KQ052971v1","3624491","3624696","GL873530","23999064","23999256","60","20374573"
"KQ052971v1","3640390","3640736","GL873528","22975249","22975543","122","19334859"
"KQ052971v1","4672706","4672984","GL873672","1021931","1022209","76","3650775"
"KQ052971v1","4756094","4756151","GL873606","5156787","5156847","15","400693"
"KQ052971v1","4760998","4761202","GL873613","3099103","3099287","59","1661895"
"KQ052971v1","4902466","4902551","GL873551","12695724","12695812","18","7793258"
"KQ052971v1","5183370","5183631","GL873573","3460440","3460720","74","1722930"
"KQ052971v1","6095260","6095413","GL873657","3038072","3038214","41","3057188"
"KQ052971v1","6095414","6095512","GL873839","378918","379012","20","5716496"
"KQ052977v1","9447","9589","GL873576","6955193","6955339","45","6945746"
"KQ052979v1","14710","14772","GL873631","5215945","5216006","12","5201235"
"KQ052981v1","732242","732423","GL873646","1947713","1947886","49","1215471"
"KQ052982v1","256457","256666","GL873737","1829090","1829283","68","1572633"
"KQ052982v1","1001711","1001874","GL873569","10979411","10979569","48","9977700"
"KQ052982v1","1254878","1255085","GL873547","4408518","4408726","48","3153640"
"KQ052982v1","1255239","1255328","GL873659","3588254","3588344","15","2333015"
"KQ052982v1","1559760","1559901","GL873523","24817721","24817841","49","23257961"
"KQ052982v1","1566507","1566640","GL873520","64280098","64280238","47","62713591"
"KQ052982v1","2036315","2036489","GL873542","10690881","10691053","48","8654566"
"KQ052982v1","2040675","2040808","GL873537","22242145","22242258","45","20201470"
"KQ052982v1","2045465","2045639","GL873635","4314366","4314538","45","2268901"
"KQ052982v1","2052403","2052485","GL873576","10555704","10555786","19","8503301"
"KQ052982v1","2054431","2054653","GL873557","11501188","11501405","64","9446757"
"KQ052982v1","4492749","4492819","GL873691","1672307","1672372","18","2820442"
"KQ052982v1","4529793","4530033","GL873565","1483803","1484057","81","3045990"
"KQ052982v1","5053593","5053796","GL873574","3884566","3884768","54","1169027"
"KQ052984v1","435952","436031","GL873535","28232153","28232224","20","27796201"
"KQ052984v1","915846","915951","GL873522","30057503","30057587","40","29141657"
"KQ052984v1","1039096","1039274","GL873540","18329258","18329429","49","17290162"
"KQ052988v1","63776","63850","GL873553","14472135","14472211","14","14408359"
"KQ052993v1","48297","48401","GL873580","2414037","2414127","27","2365740"
"KQ052993v1","665280","665593","GL873533","3521578","3521868","91","2856298"
"KQ052993v1","668574","668677","GL873522","34120084","34120180","29","33451510"
"KQ052994v1","194319","194417","GL873561","7577349","7577445","18","7383030"
"KQ052994v1","194422","194505","GL873536","13263988","13264067","24","13069566"
"KQ052999v1","10360","10432","GL873616","3616178","3616249","17","3605818"
"KQ053001v1","386011","386171","GL873571","3716166","3716311","42","3330155"
"KQ053004v1","20837","21061","GL873664","3657197","3657391","76","3636360"
"KQ053004v1","570299","570500","GL873527","8276156","8276355","43","7705857"
"KQ053004v1","570629","570732","GL873573","4568137","4568235","28","3997508"
"KQ053004v1","726779","727078","GL873539","1523501","1523808","66","796722"
"KQ053004v1","1443419","1443660","GL873521","36471582","36471808","80","35028163"
"KQ053004v1","1443993","1444033","GL873525","11014348","11014388","10","9570355"
"KQ053004v1","1473188","1473259","GL873528","9014723","9014792","19","7541535"
"KQ053004v1","1492100","1492306","GL873780","157840","158032","50","1334260"
"KQ053004v1","1530764","1530838","GL873550","13355325","13355393","15","11824561"
"KQ053004v1","1716246","1716499","GL873525","30037556","30037771","82","28321310"
"KQ053004v1","2695776","2695975","GL873767","208231","208414","45","2487545"
"KQ053004v1","2821124","2821313","GL873944","77315","77500","52","2743809"
"KQ053004v1","3153136","3153271","GL873541","18287180","18287318","27","15134044"
"KQ053004v1","5101806","5102114","GL873521","14703100","14703421","74","9601294"
"KQ053005v1","234397","234543","GL873553","5781462","5781603","30","5547065"
"KQ053005v1","756214","756454","GL873520","27402423","27402646","66","26646209"
"KQ053005v1","893535","893681","GL873586","3940856","3941001","41","3047321"
"KQ053007v1","396389","396541","GL873703","98957","99117","31","297432"
"KQ053014v1","173656","173815","GL873588","7142294","7142443","44","6968638"
"KQ053014v1","189784","189974","GL873668","995153","995324","61","805369"
"KQ053015v1","378037","378187","GL873527","19986574","19986720","39","19608537"
"KQ053015v1","458705","458795","GL873535","28232153","28232224","29","27773448"
"KQ053019v1","20132","20426","GL873526","12885338","12885635","60","12865206"
"KQ053019v1","266069","266131","GL873640","2362398","2362459","9","2096329"
"KQ053021v1","30810","30991","GL873526","11157591","11157777","51","11126781"
"KQ053023v1","272164","272393","GL873548","15778224","15778454","55","15506060"
"KQ053023v1","272931","273000","GL873569","98512","98574","19","174419"
"KQ053023v1","280153","280228","GL873616","3616178","3616249","20","3336025"
"KQ053026v1","77357","77438","GL873581","8789401","8789479","22","8712044"
"KQ053026v1","884452","884541","GL873576","10555704","10555786","22","9671252"
"KQ053026v1","1493710","1493888","GL873550","13635794","13635967","39","12142084"
"KQ053026v1","1494414","1494539","GL873653","1395168","1395293","28","99246"
"KQ053026v1","1525567","1525655","GL873537","13617110","13617198","18","12091543"
"KQ053026v1","1526688","1526857","GL873615","7003895","7004047","50","5477207"
"KQ053026v1","1636624","1636910","GL873530","25890570","25890847","69","24253946"
"KQ053026v1","1784475","1784649","GL873544","21223957","21224123","43","19439482"
"KQ053026v1","1793189","1793255","GL873546","13327865","13327925","20","11534676"
"KQ053026v1","1812895","1813071","GL873695","3013396","3013565","37","1200501"
"KQ053026v1","1818163","1818326","GL873646","1577575","1577742","43","240588"
"KQ053026v1","2310936","2311209","GL873533","920545","920824","70","1390391"
"KQ053026v1","2944790","2944970","GL873551","8931530","8931694","60","5986740"
"KQ053026v1","3266442","3266606","GL873523","24466125","24466288","42","21199683"
"KQ053026v1","3273362","3273536","GL873716","352923","353095","48","2920439"
"KQ053026v1","5381899","5382023","GL873541","15305637","15305768","37","9923738"
"KQ053026v1","5390917","5391100","GL873530","6645242","6645426","49","1254325"
"KQ053026v1","5391103","5391160","GL873523","25808127","25808181","12","20417024"
"KQ053028v1","11878","12033","GL873674","1041977","1042129","43","1030099"
"KQ053029v1","15977","16138","GL873642","1791679","1791841","47","1775702"
"KQ053035v1","88640","88737","GL873610","2460908","2461006","25","2372268"
"KQ053037v1","522983","523160","GL873528","8488291","8488468","42","7965308"
"KQ053037v1","523305","523448","GL873737","1318266","1318409","46","794961"
"KQ053037v1","673125","673207","GL873521","13041237","13041319","16","12368112"
"KQ053037v1","673259","673441","GL873553","7501553","7501737","56","6828294"
"KQ053037v1","3090104","3090393","GL873538","23689752","23690030","82","20599648"
"KQ053037v1","3108139","3108324","GL873522","34343365","34343533","54","31235226"
"KQ053037v1","3599175","3599230","GL873636","2811521","2811568","19","787654"
"KQ053040v1","7734","7807","GL873522","53565","53639","18","45831"
"KQ053040v1","8454","8598","GL873525","19234183","19234331","39","19225729"
"KQ053040v1","16395","16625","GL873602","5227399","5227627","63","5211004"
"KQ053041v1","567101","567370","GL873710","924379","924638","79","357278"
"KQ053041v1","572461","572730","GL873710","924379","924638","79","351918"
"KQ053048v1","1197984","1198154","GL873584","7461826","7461978","49","6263842"
"KQ053048v1","1307702","1307813","GL873544","21836605","21836714","22","20528903"
"KQ053048v1","1308382","1308567","GL873547","4543190","4543358","53","3234808"
"KQ053048v1","2008600","2008685","GL873565","13097309","13097398","28","11088709"
"KQ053048v1","2822552","2822841","GL873538","8852731","8852990","93","6030179"
"KQ053048v1","3159599","3159790","GL873601","8615326","8615512","44","5455727"
"KQ053048v1","3222315","3222457","GL873534","17878711","17878854","36","14656396"
"KQ053048v1","3222756","3222921","GL873523","24466125","24466288","28","21243369"
"KQ053049v1","383907","383993","GL873562","12669372","12669455","24","12285465"
"KQ053049v1","384316","384466","GL873529","2444544","2444685","39","2060228"
"KQ053052v1","65933","66045","GL873563","2928193","2928304","42","2862260"
"KQ053054v1","244396","244662","GL873532","25692054","25692332","82","25447658"
"KQ053055v1","100125","100205","GL873522","45287121","45287196","26","45186996"
"KQ053055v1","499817","500000","GL873611","312898","313067","42","186919"
"KQ053059v1","966151","966318","GL873522","44149338","44149506","53","43183187"
"KQ053059v1","1924557","1924851","GL873626","2645761","2646052","70","721204"
"KQ053059v1","2344438","2344543","GL873659","3523039","3523140","38","1178601"
"KQ053059v1","2431426","2431568","GL873548","17167323","17167469","38","14735897"
"KQ053059v1","2453922","2454002","GL873532","30084562","30084642","21","27630640"
"KQ053059v1","2497713","2497758","GL873636","3684809","3684843","16","1187096"
"KQ053059v1","2524471","2524546","GL873527","35474643","35474706","21","32950172"
"KQ053059v1","2611327","2611504","GL873536","26796642","26796815","49","24185315"
"KQ053059v1","2728934","2729199","GL873550","4336431","4336682","73","1607497"
"KQ053059v1","4367968","4368122","GL873522","35777912","35778062","48","31409944"
"KQ053060v1","15642","15668","GL873521","13902315","13902339","11","13886673"
"KQ053060v1","15725","15744","GL873526","6782101","6782115","8","6766376"
"KQ053067v1","51527","51812","GL873541","111630","111913","80","60103"
"KQ053070v1","147155","147233","GL873525","1119099","1119178","19","971944"
"KQ053070v1","147562","147789","GL873532","694355","694576","59","546793"
"KQ053070v1","311220","311403","GL873540","21003073","21003251","41","20691853"
"KQ053070v1","314798","314927","GL873564","962376","962493","39","647578"
"KQ053070v1","315267","315344","GL873527","35029446","35029527","16","34714179"
"KQ053070v1","345141","345387","GL873527","36993675","36993920","82","36648534"
"KQ053070v1","354460","354638","GL873627","5778385","5778551","57","5423925"
"KQ053070v1","373157","373356","GL873520","26766966","26767159","50","26393809"
"KQ053070v1","396308","396525","GL873534","14053080","14053269","64","13656772"
"KQ053070v1","471731","471910","GL873569","6597460","6597634","52","6125729"
"KQ053070v1","472105","472217","GL873579","390332","390445","26","81773"
"KQ053070v1","627064","627366","GL873611","6110656","6110939","74","5483592"
"KQ053070v1","649850","650079","GL873537","22108584","22108816","67","21458734"
"KQ053070v1","818164","818321","GL873593","9631746","9631892","52","8813582"
"KQ053070v1","855251","855426","GL873580","4334470","4334660","62","3479219"
"KQ053070v1","1006990","1007076","GL873527","37818842","37818919","29","36811852"
"KQ053070v1","1037131","1037291","GL873613","5967705","5967861","38","4930574"
"KQ053070v1","1038173","1038268","GL873530","29089858","29089954","20","28051685"
"KQ053070v1","1255577","1255916","GL873675","1680618","1680938","104","425041"
"KQ053070v1","1354760","1354915","GL873550","11981977","11982122","45","10627217"
"KQ053070v1","1484591","1484655","GL873530","29089961","29090021","18","27605370"
"KQ053070v1","1971272","1971368","GL873551","12695724","12695812","28","10724452"
"KQ053070v1","2849146","2849300","GL873520","27656746","27656902","38","24807600"
"KQ053070v1","3163358","3163552","GL873520","69844761","69844932","55","66681403"
"KQ053070v1","4049518","4049695","GL873593","9009576","9009749","44","4960058"
"KQ053070v1","4399024","4399097","GL873535","28232153","28232224","16","23833129"
"KQ053072v1","305422","305584","GL873521","13902129","13902272","44","13596707"
"KQ053072v1","431224","431391","GL873640","4826831","4826998","44","4395607"
"KQ053079v1","51754","52020","GL873537","19159456","19159726","70","19107702"
"KQ053079v1","72079","72360","GL873566","4210148","4210433","61","4138069"
"KQ053081v1","1238500","1238674","GL873557","3545287","3545458","34","2306787"
"KQ053081v1","1353626","1353805","GL873640","514684","514855","39","838942"
"KQ053081v1","2115628","2115705","GL873523","1322902","1322986","17","792726"
"KQ053081v1","2296581","2296654","GL873530","16707968","16708031","15","14411387"
"KQ053081v1","2402283","2402373","GL873587","1527784","1527875","23","874499"
"KQ053081v1","2432654","2432693","GL873651","5125250","5125292","11","2692596"
"KQ053081v1","2432699","2432865","GL873615","7536942","7537115","47","5104243"
"KQ053081v1","2924588","2924741","GL873540","880491","880639","39","2044097"
"KQ053081v1","3062587","3062922","GL873544","15371154","15371445","127","12308567"
"KQ053081v1","3905319","3905398","GL873553","14472135","14472211","24","10566816"
"KQ053081v1","4469835","4469935","GL873556","606564","606655","25","3863271"
"KQ053081v1","4470077","4470286","GL873579","1684022","1684232","54","2786055"
"KQ053081v1","4657639","4657754","GL873564","962376","962493","32","3695263"
"KQ053081v1","4767122","4767243","GL873542","1257752","1257878","43","3509370"
"KQ053081v1","5689145","5689295","GL873544","13018195","13018312","63","7329050"
"KQ053081v1","5770698","5770876","GL873538","4582637","4582802","58","1188061"
"KQ053081v1","6351880","6351950","GL873691","1672307","1672372","12","4679573"
"KQ053081v1","6383448","6383630","GL873638","5802382","5802546","44","581066"
"KQ053081v1","6384952","6385084","GL873670","2301302","2301432","26","4083650"
"KQ053081v1","6674712","6674874","GL873565","11529864","11530029","51","4855152"
"KQ053081v1","6687236","6687386","GL873613","7635807","7635949","44","948571"
"KQ053081v1","6691932","6692022","GL873536","28283422","28283510","21","21591490"
"KQ053081v1","7123837","7123899","GL873547","5980761","5980817","22","1143076"
"KQ053081v1","7503938","7504243","GL873542","14491202","14491501","71","6987264"
"KQ053082v1","546783","546943","GL873536","11682913","11683071","42","11136130"
"KQ053082v1","1065840","1065974","GL873678","194049","194182","24","871791"
"KQ053082v1","1069083","1069275","GL873540","7931580","7931774","52","6862497"
"KQ053082v1","1137751","1137909","GL873706","1714490","1714653","39","576739"
"KQ053082v1","1988448","1988522","GL873749","1804200","1804268","19","184248"
"KQ053082v1","2018372","2018654","GL873523","24198882","24199159","65","22180510"
"KQ053082v1","2018954","2019009","GL873565","9864589","9864640","15","7845635"
"KQ053082v1","2699379","2699660","GL873580","1537481","1537759","81","1161898"
"KQ053082v1","4052805","4052882","GL873553","14472135","14472211","14","10419330"
"KQ053082v1","5723750","5723848","GL873537","23989868","23989957","28","18266118"
"KQ053082v1","5724675","5724775","GL873525","22422535","22422638","24","16697860"
"KQ053082v1","5885825","5886008","GL873537","22556337","22556479","67","16670512"
"KQ053082v1","5886095","5886281","GL873525","43804266","43804448","46","37918171"
"KQ053082v1","5889177","5889357","GL873713","1240209","1240384","45","4648968"
"KQ053082v1","6473714","6473759","GL873555","15094894","15094930","13","8621180"
"KQ053082v1","7285354","7285496","GL873537","22556337","22556479","32","15270983"
"KQ053082v1","7286511","7286689","GL873619","2621655","2621835","45","4664856"
"KQ053082v1","7300200","7300271","GL873558","7830519","7830580","22","530319"
"KQ053082v1","7348149","7348169","GL873536","7132623","7132646","7","215526"
"KQ053082v1","7348566","7348662","GL873657","814781","814874","27","6533785"
"KQ053082v1","7348736","7348910","GL873640","514684","514855","43","6834052"
"KQ053082v1","7357830","7357983","GL873621","4933651","4933796","45","2424179"
"KQ053082v1","7368713","7368852","GL873543","5632839","5632958","45","1735874"
"KQ053082v1","7371357","7371451","GL873534","23693337","23693428","21","16321980"
"KQ053082v1","7402310","7402494","GL873620","6043468","6043652","40","1358842"
"KQ053082v1","8305746","8305905","GL873615","1446439","1446597","37","6859307"
"KQ053084v1","22621","22936","GL873536","7704009","7704312","74","7681388"
"KQ053086v1","23424","23481","GL873591","9476876","9476933","18","9453452"
"KQ053086v1","25077","25168","GL873624","3557312","3557402","22","3532235"
"KQ053093v1","1999262","1999457","GL873616","3525537","3525720","46","1526275"
"KQ053093v1","2066806","2066875","GL873822","333170","333244","23","1733636"
"KQ053093v1","2231212","2231465","GL873533","14905877","14906108","94","12674665"
"KQ053093v1","2409534","2409715","GL873829","50475","50654","46","2359059"
"KQ053093v1","2508422","2508508","GL873762","1487903","1487986","28","1020519"
"KQ053093v1","3334032","3334210","GL873654","2870500","2870674","46","463532"
"KQ053093v1","3344583","3344631","GL873591","1592648","1592700","13","1751935"
"KQ053093v1","3457796","3458043","GL873520","51211323","51211567","61","47753527"
"KQ053093v1","3522619","3522903","GL873580","1959436","1959717","61","1563183"
"KQ053095v1","11687","11855","GL873751","293413","293583","48","281726"
"KQ053096v1","636619","636783","GL873585","10630413","10630578","56","9993794"
"KQ053096v1","637130","637144","GL873523","19068499","19068513","0","18431369"
"KQ053097v1","95069","95318","GL873525","30037556","30037771","86","29942487"
"KQ053098v1","17289","17573","GL873530","3607679","3607965","66","3590390"
"KQ053102v1","314997","315097","GL873608","151754","151851","27","163243"
"KQ053102v1","664913","665051","GL873584","9904503","9904637","29","9239590"
"KQ053102v1","768063","768213","GL873592","7841500","7841643","53","7073437"
"KQ053104v1","542377","542666","GL873526","23915326","23915602","73","23372949"
"KQ053104v1","1366944","1367042","GL873533","11302003","11302079","38","9935059"
"KQ053104v1","1367084","1367226","GL873618","5342178","5342327","34","3975094"
"KQ053104v1","2773092","2773172","GL873535","28232153","28232224","21","25459061"
"KQ053104v1","4059173","4059303","GL873542","1257752","1257878","40","2801421"
"KQ053104v1","4178921","4179109","GL873618","1464271","1464442","51","2714650"
"KQ053104v1","4329783","4329953","GL873672","195411","195568","45","4134372"
"KQ053104v1","4330258","4330399","GL873610","3712973","3713107","33","617285"
"KQ053104v1","4355165","4355328","GL873629","3101155","3101304","40","1254010"
"KQ053108v1","476829","476979","GL873543","15941550","15941695","47","15464721"
"KQ053112v1","111294","111456","GL873591","7096828","7096990","36","6985534"
"KQ053115v1","471550","471816","GL873703","2627912","2628170","86","2156362"
"KQ053115v1","553093","553232","GL873525","27764476","27764621","40","27211383"
"KQ053115v1","708608","708783","GL873804","487423","487578","47","221185"
"KQ053115v1","747980","748126","GL873522","7311511","7311651","49","6563531"
"KQ053115v1","758689","758811","GL873533","6060574","6060704","32","5301885"
"KQ053115v1","759124","759255","GL873780","173209","173324","42","585915"
"KQ053115v1","871959","872079","GL873543","13186810","13186925","36","12314851"
"KQ053115v1","917529","917659","GL873557","15604688","15604820","34","14687159"
"KQ053115v1","926008","926127","GL873557","15604688","15604820","37","14678680"
"KQ053115v1","1040516","1040765","GL873599","4015740","4015975","92","2975224"
"KQ053115v1","1475677","1475821","GL873544","17571369","17571492","52","16095692"
"KQ053115v1","1484440","1484749","GL873523","3117097","3117402","89","1632657"
"KQ053115v1","1517805","1518005","GL873782","411225","411411","48","1106580"
"KQ053115v1","2037061","2037155","GL873525","20182002","20182091","32","18144941"
"KQ053115v1","2081510","2081605","GL873646","380736","380826","18","1700774"
"KQ053115v1","2362817","2362982","GL873521","7573100","7573248","47","5210283"
"KQ053115v1","2365999","2366139","GL873538","18959223","18959360","28","16593224"
"KQ053115v1","2395098","2395217","GL873603","5712632","5712757","34","3317534"
"KQ053115v1","2897477","2897554","GL873553","14472135","14472211","14","11574658"
"KQ053115v1","3108212","3108298","GL873674","531838","531912","24","2576374"
"KQ053115v1","3193282","3193398","GL873568","4354751","4354868","34","1161469"
"KQ053115v1","3704564","3704844","GL873752","1532630","1532906","78","2171934"
"KQ053115v1","4002040","4002140","GL873608","6114171","6114270","23","2112131"
"KQ053115v1","4410102","4410236","GL873538","4434156","4434296","43","24054"
"KQ053115v1","4594838","4594975","GL873525","33130008","33130141","44","28535170"
"KQ053115v1","4629622","4629688","GL873562","8008414","8008478","14","3378792"
"KQ053115v1","4629693","4629873","GL873685","2125446","2125621","51","2504247"
"KQ053115v1","4803190","4803344","GL873528","8786441","8786575","46","3983251"
"KQ053115v1","5017914","5017988","GL873539","4628893","4628968","16","389021"
"KQ053116v1","121050","121234","GL873553","7501553","7501737","52","7380503"
"KQ053117v1","209189","209307","GL873554","12795185","12795308","30","12585996"
"KQ053120v1","146906","146990","GL873555","12192987","12193070","20","12046081"
"KQ053120v1","148558","148781","GL873530","12610330","12610553","58","12461772"
"KQ053126v1","494005","494085","GL873547","14107890","14107966","22","13613885"
"KQ053126v1","676587","676655","GL873535","28232153","28232224","16","27555566"
"KQ053126v1","863065","863192","GL873601","8230706","8230827","27","7367641"
"KQ053126v1","863277","863461","GL873531","8304610","8304797","50","7441333"
"KQ053126v1","1309994","1310079","GL873523","1322902","1322986","18","12908"
"KQ053126v1","1479733","1479812","GL873549","18949847","18949924","14","17470114"
"KQ053126v1","3265611","3265772","GL873601","6664470","6664628","50","3398859"
"KQ053135v1","1361869","1362032","GL873526","8967256","8967420","53","7605387"
"KQ053135v1","1933098","1933116","GL873530","24520011","24520028","4","22586913"
"KQ053135v1","1934555","1934747","GL873618","2095781","2095986","50","161226"
"KQ053135v1","1985551","1985809","GL873522","3581829","3582079","69","1596278"
"KQ053135v1","2959587","2959884","GL873544","15371154","15371445","76","12411567"
"KQ053135v1","3025312","3025502","GL873544","21657434","21657616","47","18632122"
"KQ053135v1","3464572","3464664","GL873551","12695724","12695812","20","9231152"
"KQ053135v1","3724957","3725193","GL873531","28766902","28767118","61","25041945"
"KQ053135v1","3725353","3725448","GL873534","6861987","6862081","16","3136634"
"KQ053135v1","4240403","4240562","GL873584","7461826","7461978","51","3221423"
"KQ053135v1","4254556","4254720","GL873584","7461826","7461978","50","3207270"
"KQ053135v1","4443637","4443723","GL873624","1967502","1967589","15","2476135"
"KQ053135v1","4444050","4444206","GL873573","2498691","2498852","48","1945359"
"KQ053135v1","4467461","4467551","GL873613","4108551","4108639","24","358910"
"KQ053135v1","4682937","4683142","GL873538","2008708","2008915","51","2674229"
"KQ053135v1","4683176","4683289","GL873541","17721019","17721131","27","13037843"
"KQ053135v1","4866051","4866093","GL873535","2636779","2636826","11","2229272"
"KQ053135v1","4866115","4866261","GL873682","1358732","1358871","36","3507383"
"KQ053135v1","4898242","4898504","GL873522","3581829","3582079","73","1316413"
"KQ053135v1","4990696","4990823","GL873540","10636263","10636384","38","5645567"
"KQ053135v1","5004841","5005166","GL873706","2194204","2194500","77","2810637"
"KQ053135v1","5320877","5321090","GL873666","4038194","4038395","58","1282683"
"KQ053135v1","6005428","6005589","GL873521","30774731","30774888","48","24769303"
"KQ053135v1","6120543","6120791","GL873523","28700554","28700818","79","22580011"
"KQ053135v1","6309250","6309343","GL873580","9041080","9041176","35","2731830"
"KQ053135v1","6936452","6936607","GL873599","5452822","5452978","47","1483630"
"KQ053135v1","7040806","7040888","GL873545","6958691","6958775","20","82115"
"KQ053135v1","7041202","7041427","GL873578","5795236","5795460","56","1245966"
"KQ053135v1","7377097","7377195","GL873530","28599860","28599964","30","21222763"
"KQ053135v1","7378573","7378650","GL873580","1757800","1757878","24","5620773"
"KQ053135v1","7714910","7715054","GL873667","4114593","4114747","39","3600317"
"KQ053136v1","335481","335626","GL873693","1671512","1671671","38","1336031"
"KQ053136v1","336583","336735","GL873632","3640461","3640608","36","3303878"
"KQ053146v1","2197632","2197879","GL873526","10283026","10283285","77","8085394"
"KQ053146v1","2219562","2219773","GL873563","6189855","6190043","69","3970293"
"KQ053146v1","2455013","2455177","GL873565","11529864","11530029","33","9074851"
"KQ053146v1","2560350","2560455","GL873565","11788207","11788309","25","9227857"
"KQ053146v1","2600644","2600727","GL873537","19792630","19792706","24","17191986"
"KQ053146v1","2666809","2666998","GL873557","3545287","3545458","43","878478"
"KQ053149v1","37133","37221","GL873534","23693337","23693428","25","23656204"
"KQ053150v1","136674","136745","GL873524","18072881","18072947","21","17936207"
"KQ053151v1","424771","425046","GL873535","23402447","23402723","88","22977676"
"KQ053152v1","19918","20003","GL873520","27402066","27402147","21","27382148"
"KQ053152v1","22327","22457","GL873550","11987057","11987190","48","11964730"
"KQ053156v1","130060","130260","GL873606","6318218","6318409","50","6188158"
"KQ053156v1","147246","147365","GL873531","27529977","27530099","28","27382731"
"KQ053156v1","149455","149652","GL873541","17671601","17671781","58","17522146"
"KQ053157v1","984008","984093","GL873530","2658910","2658989","31","1674902"
"KQ053157v1","1602846","1602976","GL873537","28378121","28378257","33","26775275"
"KQ053157v1","5181670","5181715","GL873536","2012008","2012048","10","3169662"
"KQ053157v1","5182046","5182211","GL873604","945430","945583","48","4236616"
"KQ053157v1","5397351","5397483","GL873528","8786441","8786575","25","3389090"
"KQ053157v1","5397649","5397816","GL873526","3068268","3068435","38","2329381"
"KQ053157v1","7348797","7348949","GL873533","28349736","28349888","50","21000939"
"KQ053157v1","7621289","7621428","GL873563","9488536","9488674","33","1867247"
"KQ053157v1","8167372","8167438","GL873540","20165746","20165810","17","11998374"
"KQ053168v1","43349","43427","GL873717","1643331","1643407","19","1599982"
"KQ053168v1","59861","60006","GL873548","17568923","17569067","47","17509062"
"KQ053168v1","398728","398886","GL873546","16191099","16191242","43","15792371"
"KQ053168v1","1744549","1744718","GL873526","3068268","3068435","46","1323719"
"KQ053168v1","2044989","2045174","GL873520","48155219","48155407","46","46110230"
"KQ053168v1","2056329","2056520","GL873520","48155219","48155407","47","46098890"
"KQ053174v1","24372","24598","GL873545","121526","121755","59","97154"
"KQ053174v1","25057","25127","GL873613","5633641","5633700","20","5608584"
"KQ053176v1","31008","31120","GL873531","15526373","15526470","31","15495365"
"KQ053178v1","43574","43808","GL873738","947112","947318","77","903538"
"KQ053179v1","1076159","1076244","GL873659","693275","693362","21","382884"
"KQ053179v1","1162414","1162657","GL873663","2458713","2458950","65","1296299"
"KQ053179v1","1163012","1163063","GL873626","5544485","5544532","12","4381473"
"KQ053179v1","1288283","1288321","GL873527","12767187","12767236","14","11478904"
"KQ053179v1","1512968","1513284","GL873535","28223384","28223692","93","26710416"
"KQ053179v1","1522441","1522749","GL873547","888888","889145","112","633553"
"KQ053179v1","1537973","1538098","GL873542","10824773","10824891","43","9286800"
"KQ053179v1","1625700","1625859","GL873565","11529864","11530029","35","9904164"
"KQ053179v1","1643756","1643927","GL873542","11440083","11440244","56","9796327"
"KQ053179v1","1643966","1644040","GL873547","14107890","14107966","16","12463924"
"KQ053179v1","1677410","1677550","GL873538","23164192","23164337","34","21486782"
"KQ053179v1","1972922","1972991","GL873525","34810561","34810624","19","32837639"
"KQ053179v1","2007740","2007800","GL873537","1014842","1014903","17","992898"
"KQ053179v1","2009594","2009735","GL873618","5342178","5342327","36","3332584"
"KQ053179v1","2050064","2050182","GL873557","15734873","15734991","30","13684809"
"KQ053179v1","2051399","2051505","GL873780","173209","173324","30","1878190"
"KQ053179v1","2155852","2156123","GL873612","6787318","6787578","96","4631466"
"KQ053190v1","1809026","1809178","GL873561","3424782","3424934","42","1615756"
"KQ053190v1","1820355","1820509","GL873561","3424782","3424934","44","1604427"
"KQ053190v1","1947613","1947718","GL873551","1958642","1958742","37","11029"
"KQ053190v1","2010323","2010405","GL873528","593313","593393","27","1417010"
"KQ053190v1","2298004","2298140","GL873526","8711798","8711907","50","6413794"
"KQ053190v1","2438317","2438600","GL873566","4210148","4210433","72","1771831"
"KQ053190v1","2984800","2984848","GL873580","691310","691355","12","2293490"
"KQ053190v1","3790303","3790498","GL873540","7931580","7931774","57","4141277"
"KQ053190v1","4535735","4535826","GL873527","4662493","4662577","25","126758"
"KQ053190v1","4610974","4611111","GL873544","15615647","15615780","45","11004673"
"KQ053190v1","4611307","4611452","GL873553","7189686","7189818","37","2578379"
"KQ053190v1","5164319","5164536","GL873520","29146685","29146907","71","23982366"
"KQ053190v1","5389590","5389721","GL873558","2006441","2006566","39","3383149"
"KQ053190v1","5412379","5412587","GL873622","7329537","7329726","76","1917158"
"KQ053190v1","5413368","5413497","GL873537","5260158","5260287","35","153210"
"KQ053190v1","5414335","5414490","GL873571","1440891","1441047","44","3973444"
"KQ053190v1","5499223","5499409","GL873616","3525537","3525720","46","1973686"
"KQ053190v1","5667404","5667532","GL873597","1637764","1637886","37","4029640"
"KQ053190v1","5667539","5667590","GL873845","114284","114334","14","5553255"
"KQ053190v1","6512963","6513112","GL873528","8786441","8786575","40","2273478"
"KQ053190v1","6514861","6515036","GL873527","24571289","24571457","52","18056428"
"KQ053190v1","6652381","6652573","GL873613","3099103","3099287","42","3553278"
"KQ053190v1","6658211","6658402","GL873613","3099103","3099287","43","3559108"
"KQ053190v1","6664208","6664278","GL873527","37818842","37818919","17","31154634"
"KQ053190v1","6692251","6692374","GL873629","3096234","3096349","34","3596017"
"KQ053190v1","6731984","6732132","GL873562","11430701","11430825","44","4698717"
"KQ053190v1","7010255","7010405","GL873666","1033059","1033198","54","5977196"
"KQ053191v1","663","805","GL873576","6955193","6955339","45","6954530"
"KQ053191v1","908533","908678","GL873613","7635807","7635949","32","6727274"
"KQ053191v1","973311","973390","GL873561","8121282","8121363","22","7147971"
"KQ053191v1","1072583","1072657","GL873557","13776148","13776222","13","12703565"
"KQ053191v1","1075279","1075416","GL873539","4383105","4383232","36","3307826"
"KQ053191v1","1075743","1075753","GL873522","836381","836391","1","239362"
"KQ053191v1","1351705","1351794","GL873549","5323276","5323364","25","3971571"
"KQ053191v1","1512354","1512416","GL873520","38591692","38591748","19","37079338"
"KQ053191v1","1574398","1574631","GL873526","3699793","3700016","67","2125395"
"KQ053191v1","1588844","1589121","GL873534","29775332","29775600","72","28186488"
"KQ053191v1","1991397","1991562","GL873540","18329258","18329429","47","16337861"
"KQ053191v1","2058774","2059026","GL873580","3669704","3669968","74","1610930"
"KQ053191v1","3030791","3030988","GL873620","6043468","6043652","50","3012677"
"KQ053191v1","3724540","3724810","GL873618","5334866","5335119","102","1610326"
"KQ053191v1","3746096","3746165","GL873559","507465","507523","15","3238631"
"KQ053191v1","3748676","3748753","GL873581","8789401","8789479","19","5040725"
"KQ053191v1","3790269","3790539","GL873530","35485326","35485599","98","31695057"
"KQ053191v1","3807671","3807755","GL873535","28232153","28232224","23","24424482"
"KQ053197v1","59733","59928","GL873535","19427312","19427481","61","19367579"
"KQ053202v1","5213","5306","GL873587","1527784","1527875","21","1522571"
"KQ053202v1","176883","177043","GL873521","47769285","47769441","43","47592402"
"KQ053202v1","723248","723307","GL873576","8987785","8987841","16","8264537"
"KQ053202v1","723840","723982","GL873572","8091596","8091738","47","7367756"
"KQ053202v1","1637567","1637679","GL873611","3454306","3454412","40","1816739"
"KQ053202v1","3761397","3761671","GL873631","5676943","5677202","89","1915546"
"KQ053202v1","5941606","5941694","GL873531","15526373","15526470","32","9584767"
"KQ053207v1","24222","24452","GL873586","6466685","6466915","73","6442463"
"KQ053212v1","350803","350892","GL873541","22384542","22384628","23","22033739"
"KQ053212v1","463889","463933","GL873554","10059036","10059081","13","9595147"
"KQ053212v1","488272","488392","GL873540","18684101","18684210","34","18195829"
"KQ053212v1","488437","488647","GL873573","2632207","2632410","42","2143770"
"KQ053212v1","711371","711492","GL873592","8881356","8881488","38","8169985"
"KQ053212v1","1212741","1212911","GL873619","4428164","4428325","50","3215423"
"KQ053212v1","1213250","1213275","GL873541","15752751","15752771","6","14539501"
"KQ053212v1","1699644","1699713","GL873537","22345519","22345589","17","20645875"
"KQ053212v1","1699714","1699888","GL873565","11529864","11530029","40","9830150"
"KQ053212v1","1955908","1956006","GL873595","5275899","5275992","30","3319991"
"KQ053212v1","2984455","2984510","GL873529","15792906","15792958","16","12808451"
"KQ053212v1","3025485","3025581","GL873666","869484","869586","27","2156001"
"KQ053212v1","3028237","3028331","GL873666","869484","869586","27","2158753"
"KQ053212v1","3128615","3128917","GL873589","9611498","9611790","64","6482883"
"KQ053212v1","3441572","3441754","GL873620","6043468","6043652","39","2601896"
"KQ053223v1","8179","8376","GL873562","10128417","10128610","57","10120238"
"KQ053223v1","228588","228749","GL873615","1446439","1446597","39","1217851"
"KQ053223v1","1285694","1285877","GL873715","163081","163263","50","1122613"
"KQ053223v1","1286532","1286723","GL873566","13748260","13748437","58","12461728"
"KQ053223v1","1447851","1448025","GL873640","514684","514855","39","933167"
"KQ053223v1","1599405","1599706","GL873613","2809237","2809531","79","1209832"
"KQ053223v1","2025686","2025847","GL873650","1671635","1671784","44","354051"
"KQ053223v1","2150216","2150335","GL873526","8711798","8711907","43","6561582"
"KQ053223v1","2287538","2287647","GL873532","3402243","3402363","36","1114705"
"KQ053223v1","2584974","2585099","GL873540","22879164","22879283","33","20294190"
"KQ053223v1","2586357","2586531","GL873685","2125446","2125621","46","460911"
"KQ053223v1","2599325","2599607","GL873535","28636931","28637211","71","26037606"
"KQ053223v1","2690468","2690619","GL873548","15263461","15263604","41","12572993"
"KQ053223v1","2818638","2818825","GL873525","24057469","24057662","48","21238831"
"KQ053223v1","2818924","2819044","GL873548","12258939","12259059","29","9440015"
"KQ053223v1","2844610","2844870","GL873525","33134730","33135000","76","30290120"
"KQ053223v1","2904116","2904269","GL873613","7847638","7847794","41","4943522"
"KQ053223v1","2964481","2964628","GL873539","16519193","16519341","39","13554712"
"KQ053223v1","3151788","3151962","GL873529","15451139","15451309","45","12299351"
"KQ053223v1","3339649","3339840","GL873522","44149338","44149506","60","40809689"
"KQ053223v1","3393678","3393816","GL873530","8694967","8695095","29","5301289"
"KQ053225v1","5288","5546","GL873576","4625166","4625454","91","4619878"
"KQ053230v1","876825","876932","GL873629","3096234","3096349","29","2219409"
"KQ053234v1","179261","179348","GL873523","1322902","1322986","25","1143641"
"KQ053234v1","182437","182510","GL873520","39493346","39493419","22","39310909"
"KQ053234v1","232017","232161","GL873538","3485782","3485914","34","3253765"
"KQ053234v1","449373","449555","GL873537","23946671","23946844","66","23497298"
"KQ053234v1","498075","498352","GL873532","8077601","8077870","104","7579526"
"KQ053234v1","501410","501561","GL873613","7635807","7635949","40","7134397"
"KQ053234v1","972868","973076","GL873527","128734","128937","51","844134"
"KQ053234v1","1100735","1100915","GL873618","1464271","1464442","47","363536"
"KQ053234v1","1242992","1243146","GL873532","13757593","13757743","43","12514601"
"KQ053234v1","1292886","1292995","GL873545","20799455","20799557","28","19506569"
"KQ053234v1","1438395","1438634","GL873685","3620613","3620844","71","2182218"
"KQ053234v1","1490566","1490826","GL873794","243801","244052","67","1246765"
"KQ053234v1","1521664","1521937","GL873587","1762847","1763106","74","241183"
"KQ053234v1","1525929","1526202","GL873587","1762847","1763106","75","236918"
"KQ053234v1","1529451","1529724","GL873587","1762847","1763106","74","233396"
"KQ053234v1","1613643","1613705","GL873550","678043","678106","15","935600"
"KQ053234v1","1924369","1924420","GL873685","3884722","3884774","9","1960353"
"KQ053234v1","1928348","1928584","GL873532","13643876","13644094","56","11715528"
"KQ053236v1","152855","153008","GL873527","19986574","19986720","50","19833719"
"KQ053238v1","130245","130403","GL873659","4718557","4718717","33","4588312"
"KQ053238v1","130661","130804","GL873592","8191167","8191306","29","8060506"
"KQ053243v1","278119","278317","GL873540","7931580","7931774","52","7653461"
"KQ053243v1","335513","335624","GL873580","2698446","2698554","40","2362933"
"KQ053245v1","411152","411376","GL873690","3559474","3559691","61","3148322"
"KQ053250v1","145898","146068","GL873538","12716777","12716930","41","12570879"
"KQ053250v1","160514","160657","GL873529","16546323","16546458","29","16385809"
"KQ053250v1","204278","204487","GL873619","5967735","5967941","62","5763457"
"KQ053251v1","38271","38579","GL873534","15150313","15150597","109","15112042"
"KQ053256v1","6442","6605","GL873530","34437251","34437408","47","34430809"
"KQ053256v1","555899","556166","GL873618","5334866","5335119","89","4778967"
"KQ053256v1","1364552","1364628","GL873553","14472135","14472211","12","13107583"
"KQ053256v1","1488146","1488443","GL873779","1256802","1257106","81","231344"
"KQ053256v1","1488826","1489062","GL873520","364242","364482","71","1124584"
"KQ053256v1","2272220","2272389","GL873539","3969904","3970059","47","1697684"
"KQ053256v1","3112433","3112684","GL873663","2458713","2458950","81","653720"
"KQ053256v1","4802323","4802565","GL873754","308428","308626","96","4493895"
"KQ053256v1","4933906","4934068","GL873522","35524784","35524943","43","30590878"
"KQ053256v1","5005599","5005890","GL873535","28636931","28637211","79","23631332"
"KQ053260v1","3761","4049","GL873613","2809237","2809531","97","2805476"
"KQ053260v1","55701","55844","GL873538","2765015","2765153","33","2709314"
"KQ053260v1","92571","92662","GL873537","19708547","19708642","26","19615976"
"KQ053267v1","1565668","1565835","GL873565","11529864","11530029","40","9964196"
"KQ053267v1","1565836","1565915","GL873717","376523","376609","15","1189313"
"KQ053267v1","1871582","1871690","GL873520","24575875","24575985","30","22704293"
"KQ053267v1","2014474","2014651","GL873521","29712461","29712641","42","27697987"
"KQ053267v1","2045366","2045546","GL873526","11157591","11157777","50","9112225"
"KQ053267v1","2621286","2621424","GL873522","21632201","21632328","32","19010915"
"KQ053267v1","2622929","2623050","GL873660","1148077","1148196","33","1474852"
"KQ053267v1","2671199","2671404","GL873520","38256477","38256680","55","35585278"
"KQ053267v1","2895048","2895207","GL873527","11843103","11843261","48","8948055"
"KQ053267v1","2990871","2990952","GL873717","1643331","1643407","21","1347540"
"KQ053267v1","3692320","3692387","GL873543","18076003","18076069","14","14383683"
"KQ053267v1","3862659","3862836","GL873708","2677172","2677353","48","1185487"
"KQ053267v1","4372493","4372619","GL873549","15789641","15789760","29","11417148"
"KQ053267v1","4376116","4376277","GL873611","312898","313067","50","4063218"
"KQ053278v1","66664","66750","GL873621","780236","780324","22","713572"
"KQ053278v1","80428","80514","GL873621","780236","780324","22","699808"
"KQ053278v1","843082","843276","GL873944","77315","77500","56","765767"
"KQ053278v1","1257948","1258140","GL873613","3099103","3099287","51","1841155"
"KQ053278v1","1589765","1589813","GL873579","8858590","8858631","13","7268825"
"KQ053278v1","1589814","1589985","GL873670","1279458","1279619","45","310356"
"KQ053278v1","2335618","2335910","GL873526","26619087","26619371","80","24283469"
"KQ053278v1","2356883","2357075","GL873532","3132451","3132638","50","775568"
"KQ053278v1","2503761","2503812","GL873590","4932680","4932735","13","2428919"
"KQ053278v1","2597761","2597919","GL873528","8617429","8617577","39","6019668"
"KQ053278v1","2649740","2649839","GL873548","17503091","17503180","28","14853351"
"KQ053278v1","2886834","2887019","GL873699","317262","317436","42","2569572"
"KQ053278v1","2887097","2887233","GL873533","23392912","23393044","33","20505815"
"KQ053278v1","3116133","3116419","GL873625","6434421","6434695","96","3318288"
"KQ053279v1","1","183","GL873619","2621655","2621835","40","2621654"
"KQ053279v1","3078","3201","GL873616","5174872","5174990","36","5171794"
"KQ053284v1","12002","12097","GL873527","13794942","13795025","27","13782940"
"KQ053284v1","12917","13149","GL873578","5795236","5795460","63","5782319"
"KQ053287v1","9436","9589","GL873539","18690134","18690271","43","18680698"
"KQ053288v1","2100512","2100589","GL873536","4587748","4587825","18","2487236"
"KQ053288v1","2117982","2118063","GL873553","14472135","14472211","18","12354153"
"KQ053288v1","2294841","2294978","GL873527","17326544","17326681","30","15031703"
"KQ053288v1","2295067","2295113","GL873562","11435482","11435529","19","9140415"
"KQ053288v1","2295305","2295408","GL873533","3769440","3769558","35","1474135"
"KQ053288v1","2421521","2421727","GL873526","11157591","11157777","65","8736070"
"KQ053288v1","2471600","2471772","GL873667","4114593","4114747","50","1642993"
"KQ053288v1","2693746","2693829","GL873550","14671752","14671838","20","11978006"
"KQ053288v1","2878059","2878221","GL873551","611423","611588","49","2266636"
"KQ053288v1","3212933","3213012","GL873553","14472135","14472211","19","11259202"
"KQ053288v1","5290061","5290141","GL873544","10978372","10978448","22","5688311"
"KQ053288v1","5315059","5315341","GL873530","12202849","12203138","73","6887790"
"KQ053288v1","5397187","5397256","GL873569","98512","98574","20","5298675"
"KQ053288v1","5665547","5665671","GL873527","26502298","26502423","35","20836751"
"KQ053288v1","6383276","6383531","GL873626","929384","929633","79","5453892"
"KQ053288v1","6499052","6499129","GL873520","38965595","38965670","27","32466543"
"KQ053289v1","7443","7546","GL873539","1073993","1074098","30","1066550"
"KQ053289v1","173135","173227","GL873540","11030070","11030163","29","10856935"
"KQ053298v1","58062","58239","GL873522","44334843","44335015","51","44276781"
"KQ053299v1","488627","488669","GL873528","3372584","3372625","17","2883957"
"KQ053299v1","856597","856894","GL873534","14725366","14725650","72","13868769"
"KQ053299v1","1885143","1885290","GL873618","5342178","5342327","37","3457035"
"KQ053299v1","2579426","2579594","GL873557","3545287","3545458","42","965861"
"KQ053299v1","2677391","2677462","GL873719","1695265","1695330","18","982126"
"KQ053299v1","2690112","2690321","GL873590","8461446","8461659","64","5771334"
"KQ053299v1","2717683","2717820","GL873539","3514435","3514584","51","796752"
"KQ053299v1","3361174","3361295","GL873540","17734424","17734555","34","14373250"
"KQ053299v1","3906303","3906366","GL873520","58119856","58119916","17","54213553"
"KQ053299v1","3907030","3907257","GL873621","7535631","7535854","50","3628601"
"KQ053299v1","4024012","4024107","GL873551","12695724","12695812","21","8671712"
"KQ053299v1","4438924","4439093","GL873615","1446439","1446597","41","2992485"
"KQ053299v1","5440768","5441051","GL873572","1985899","1986179","77","3454869"
"KQ053299v1","5445812","5445965","GL873677","1702151","1702314","40","3743661"
"KQ053299v1","5532288","5532532","GL873596","2913905","2914145","72","2618383"
"KQ053299v1","5952009","5952104","GL873587","1527784","1527875","26","4424225"
"KQ053299v1","6389500","6389723","GL873728","733792","734000","72","5655708"
"KQ053299v1","6480812","6480922","GL873606","1206766","1206867","33","5274046"
"KQ053299v1","6502412","6502495","GL873616","3616178","3616249","19","2886234"
"KQ053299v1","6539088","6539207","GL873523","24817721","24817841","32","18278633"
"KQ053299v1","6539324","6539407","GL873572","1399207","1399291","26","5140117"
"KQ053299v1","6548198","6548269","GL873613","5858185","5858251","18","690013"
"KQ053299v1","6581489","6581661","GL873565","11529864","11530029","36","4948375"
"KQ053299v1","6639338","6639460","GL873522","37554475","37554589","39","30915137"
"KQ053299v1","6685875","6685995","GL873520","59444812","59444943","37","52758937"
"KQ053299v1","7074601","7074704","GL873530","5271719","5271811","31","1802882"
"KQ053299v1","7076072","7076196","GL873536","5760065","5760185","34","1316007"
"KQ053299v1","7107026","7107129","GL873550","12351836","12351941","31","5244810"
"KQ053299v1","7575250","7575311","GL873527","16661678","16661743","17","9086428"
"KQ053299v1","8713384","8713435","GL873591","1592648","1592700","15","7120736"
"KQ053299v1","9610661","9610742","GL873622","7570866","7570951","27","2039795"
"KQ053299v1","9982338","9982482","GL873537","4006294","4006441","41","5976044"
"KQ053299v1","11035836","11035878","GL873614","2479563","2479608","11","8556273"
"KQ053299v1","11035881","11036025","GL873524","6469923","6470050","44","4565958"
"KQ053299v1","11142460","11142637","GL873668","995153","995324","61","10147307"
"KQ053299v1","11190214","11190386","GL873585","10630413","10630578","54","559801"
"KQ053299v1","11320551","11320633","GL873527","21675770","21675857","26","10355219"
"KQ053299v1","11385341","11385517","GL873526","11157591","11157777","39","227750"
"KQ053299v1","11464968","11465108","GL873672","2922173","2922309","41","8542795"
"KQ053299v1","11465149","11465163","GL873523","6717624","6717637","3","4747525"
"KQ053299v1","11465355","11465469","GL873581","9220223","9220343","28","2245132"
"KQ053299v1","13536779","13536940","GL873654","1584614","1584769","44","11952165"
"KQ053299v1","13697069","13697382","GL873654","2950445","2950728","114","10746624"
"KQ053299v1","13891257","13891347","GL873528","11074419","11074512","22","2816838"
"KQ053299v1","14295022","14295079","GL873565","9864589","9864640","13","4430433"
"KQ053299v1","14295093","14295243","GL873704","1120669","1120815","39","13174424"
"KQ053299v1","14895930","14896127","GL873628","3933481","3933675","67","10962449"
"KQ053299v1","15052634","15052752","GL873522","26024006","26024115","35","10971372"
"KQ053299v1","15055770","15056008","GL873558","672772","672997","64","14382998"
"KQ053299v1","15703604","15703741","GL873548","16510188","16510322","32","806584"
"KQ053299v1","15877163","15877317","GL873539","11870458","11870614","32","4006705"
"KQ053299v1","18611490","18611706","GL873590","1508945","1509155","56","17102545"
"KQ053299v1","21213056","21213164","GL873526","31713651","31713760","37","10500595"
"KQ053299v1","22169302","22169448","GL873639","4644137","4644287","30","17525165"
"KQ053300v1","425668","425831","GL873565","11529864","11530029","29","11104196"
"KQ053300v1","3120232","3120534","GL873538","19327235","19327529","76","16207003"
"KQ053302v1","3247","3304","GL873591","9476876","9476933","18","9473629"
"KQ053302v1","3386","3518","GL873580","1291897","1292043","33","1288511"
"KQ053310v1","207496","207652","GL873654","4647194","4647348","41","4439698"
"KQ053310v1","210862","211034","GL873535","15527090","15527262","33","15316228"
"KQ053310v1","907479","907628","GL873534","17878711","17878854","35","16971232"
"KQ053310v1","1712131","1712300","GL873557","3545287","3545458","40","1833156"
"KQ053310v1","1993651","1993804","GL873543","18358250","18358399","35","16364599"
"KQ053310v1","2140982","2141082","GL873537","27036793","27036889","25","24895811"
"KQ053310v1","2178773","2178853","GL873537","24584386","24584452","23","22405613"
"KQ053310v1","2178856","2178970","GL873544","15627269","15627375","35","13448413"
"KQ053310v1","2305382","2305541","GL873624","3265796","3265938","48","960414"
"KQ053310v1","2623921","2624036","GL873535","14527366","14527483","38","11903445"
"KQ053310v1","2625495","2625662","GL873619","4428164","4428325","48","1802669"
"KQ053310v1","2640346","2640447","GL873530","10063365","10063460","27","7423019"
"KQ053310v1","2776643","2776778","GL873619","7327021","7327157","41","4550378"
"KQ053310v1","2836718","2836766","GL873548","15010720","15010758","15","12174002"
"KQ053310v1","2941228","2941503","GL873656","321103","321377","75","2620125"
"KQ053310v1","3125861","3125942","GL873520","39493346","39493419","23","36367485"
"KQ053317v1","19640","19920","GL873541","3999510","3999787","86","3979870"
"KQ053317v1","29588","29791","GL873602","7081239","7081440","59","7051651"
"KQ053321v1","268229","268313","GL873584","2043784","2043864","33","1775555"
"KQ053321v1","1675367","1675580","GL873544","11432532","11432738","59","9757165"
"KQ053322v1","10768","11068","GL873665","1170071","1170374","109","1159303"
"KQ053328v1","61261","61399","GL873612","653978","654114","49","592717"
"KQ053332v1","550184","550263","GL873549","18949847","18949924","19","18399663"
"KQ053332v1","550291","550353","GL873532","14046817","14046884","19","13496526"
"KQ053332v1","602662","602850","GL873526","11157591","11157777","43","10554929"
"KQ053332v1","719053","719219","GL873522","44149338","44149506","40","43430285"
"KQ053332v1","1373034","1373190","GL873540","24569522","24569676","48","23196488"
"KQ053332v1","1406240","1406440","GL873717","117745","117964","53","1288495"
"KQ053332v1","1434405","1434633","GL873521","49677532","49677758","80","48243127"
"KQ053332v1","1642267","1642468","GL873796","663615","663821","58","978652"
"KQ053332v1","1645758","1645934","GL873640","514684","514855","41","1131074"
"KQ053332v1","1662793","1662809","GL873523","24447337","24447352","2","22784544"
"KQ053332v1","1663336","1663624","GL873526","23915326","23915602","72","22251990"
"KQ053332v1","1971520","1971708","GL873562","7257718","7257895","37","5286198"
"KQ053332v1","2126589","2126741","GL873526","6457726","6457876","46","4331137"
"KQ053332v1","2186886","2187069","GL873629","7011721","7011910","40","4824835"
"KQ053332v1","2187233","2187356","GL873572","6211390","6211510","23","4024157"
"KQ053332v1","2343715","2343995","GL873535","28636931","28637211","70","26293216"
"KQ053332v1","2448452","2448604","GL873737","1318266","1318409","40","1130186"
"KQ053332v1","2569178","2569460","GL873580","1537481","1537759","69","1031697"
"KQ053332v1","2571252","2571407","GL873526","24569155","24569301","47","21997903"
"KQ053332v1","2578367","2578644","GL873580","1537481","1537759","73","1040886"
"KQ053332v1","2583712","2583990","GL873580","1537481","1537759","73","1046231"
"KQ053332v1","2601722","2601880","GL873563","11056083","11056238","34","8454361"
"KQ053332v1","2891939","2892125","GL873561","3424782","3424934","65","532843"
"KQ053334v1","4974","5055","GL873618","3007087","3007163","24","3002113"
"KQ053334v1","5185","5271","GL873537","5955724","5955808","28","5950539"
"KQ053334v1","15280","15358","GL873618","3007087","3007163","24","2991807"
"KQ053334v1","15491","15558","GL873589","2084992","2085057","14","2069501"
"KQ053343v1","1568974","1569049","GL873562","8008414","8008478","20","6439440"
"KQ053343v1","1569055","1569305","GL873663","2458713","2458950","57","889658"
"KQ053343v1","1896539","1896611","GL873522","17017698","17017772","18","15121159"
"KQ053343v1","1896615","1896766","GL873550","5905769","5905909","37","4009154"
"KQ053343v1","1905706","1905890","GL873571","3716166","3716311","67","1810460"
"KQ053343v1","1908478","1908522","GL873537","25804693","25804738","13","23896215"
"KQ053343v1","1908582","1908819","GL873529","31082098","31082319","70","29173516"
"KQ053343v1","2138876","2139048","GL873523","44481752","44481906","55","42342876"
"KQ053343v1","2140055","2140141","GL873565","13097309","13097398","23","10957254"
"KQ053343v1","2236471","2236730","GL873643","670415","670673","79","1566056"
"KQ053343v1","2319790","2319973","GL873542","10690881","10691053","50","8371091"
"KQ053343v1","2337317","2337464","GL873752","505642","505764","52","1831675"
"KQ053343v1","2454249","2454411","GL873598","6369172","6369317","55","3914923"
"KQ053348v1","989417","989707","GL873530","12202849","12203138","82","11213432"
"KQ053354v1","129867","130036","GL873557","3545287","3545458","40","3415420"
"KQ053354v1","518620","518797","GL873797","219056","219227","43","299564"
"KQ053354v1","928303","928581","GL873578","10170926","10171203","67","9242623"
"KQ053354v1","1388018","1388333","GL873675","3338200","3338511","87","1950182"
"KQ053354v1","1751759","1751867","GL873520","45967945","45968041","28","44216186"
"KQ053354v1","1843630","1843649","GL873565","12367002","12367019","4","10523372"
"KQ053354v1","1845162","1845340","GL873526","7142398","7142576","56","5297236"
"KQ053354v1","3850124","3850297","GL873544","21575741","21575923","48","17725617"
"KQ053357v1","34978","35275","GL873576","11347292","11347585","93","11312314"
"KQ053365v1","561209","561291","GL873629","3293915","3293989","22","2732706"
"KQ053365v1","1027753","1027929","GL873612","6684986","6685153","42","5657233"
"KQ053365v1","1029091","1029205","GL873645","5843481","5843597","34","4814390"
"KQ053370v1","6506","6652","GL873652","993457","993593","39","986951"
"KQ053376v1","210849","211010","GL873795","276582","276739","50","65733"
"KQ053376v1","867457","867522","GL873525","30627601","30627667","21","29760144"
"KQ053378v1","17254","17362","GL873537","14344763","14344868","33","14327509"
"KQ053384v1","7040","7124","GL873613","2245728","2245814","25","2238688"
"KQ053387v1","1640595","1640722","GL873520","59488852","59488964","45","57848257"
"KQ053387v1","3266478","3266641","GL873520","38998100","38998244","49","35731622"
"KQ053387v1","3281397","3281498","GL873526","25625835","25625930","27","22344438"
"KQ053387v1","3506434","3506503","GL873526","24186688","24186746","20","20680254"
"KQ053387v1","3523762","3523967","GL873548","17499497","17499690","63","13975735"
"KQ053387v1","3645675","3645744","GL873538","15621450","15621524","18","11975775"
"KQ053387v1","3722309","3722471","GL873560","8222068","8222243","46","4499759"
"KQ053387v1","4045810","4046061","GL873586","6466685","6466915","73","2420875"
"KQ053387v1","4046379","4046447","GL873548","16245504","16245574","11","12199125"
"KQ053387v1","4121013","4121179","GL873548","16510188","16510322","48","12389175"
"KQ053387v1","4932649","4932945","GL873557","2943893","2944174","79","1988756"
"KQ053391v1","6652","6788","GL873580","9524466","9524615","45","9517814"
"KQ053392v1","69961","70258","GL873534","18608541","18608828","91","18538580"
"KQ053398v1","199237","199433","GL873526","11157591","11157777","55","10958354"
"KQ053398v1","979782","979955","GL873618","7696874","7697042","59","6717092"
"KQ053398v1","1254980","1255044","GL873655","3442273","3442336","18","2187293"
"KQ053398v1","1594608","1594695","GL873522","30057503","30057587","26","28462895"
"KQ053398v1","2046354","2046441","GL873533","28516613","28516696","22","26470259"
"KQ053398v1","2061820","2061997","GL873566","8971079","8971244","47","6909259"
"KQ053398v1","2064166","2064259","GL873569","10442739","10442842","31","8378573"
"KQ053398v1","2078913","2079118","GL873534","25125870","25126053","61","23046957"
"KQ053398v1","2080870","2080962","GL873521","3958462","3958555","20","1877592"
"KQ053398v1","2290128","2290190","GL873542","10738518","10738572","15","8448390"
"KQ053398v1","2493445","2493606","GL873693","1671512","1671671","35","821933"
"KQ053398v1","2506206","2506421","GL873573","2632207","2632410","44","126001"
"KQ053398v1","2506768","2506850","GL873584","9399885","9399955","23","6893117"
"KQ053398v1","2519639","2519797","GL873629","2758052","2758208","34","238413"
"KQ053398v1","2574985","2575070","GL873550","14671752","14671838","21","12096767"
"KQ053398v1","2575322","2575488","GL873577","3113100","3113257","51","537778"
"KQ053398v1","2575818","2575880","GL873640","2362398","2362459","9","213420"
"KQ053398v1","2765773","2765939","GL873615","7003895","7004047","43","4238122"
"KQ053398v1","2893325","2893523","GL873659","2624190","2624396","50","269135"
"KQ053398v1","3547669","3547826","GL873572","4711350","4711515","38","1163681"
"KQ053398v1","4084793","4084952","GL873741","941091","941249","35","3143702"
"KQ053398v1","4263895","4264160","GL873624","4794382","4794643","57","530487"
"KQ053398v1","4272569","4272865","GL873544","15371154","15371445","71","11098585"
"KQ053398v1","4423285","4423465","GL873567","9414180","9414351","51","4990895"
"KQ053398v1","4528372","4528555","GL873544","21575741","21575923","52","17047369"
"KQ053398v1","4555581","4555832","GL873615","6141028","6141265","58","1585447"
"KQ053398v1","4626843","4626984","GL873560","10337614","10337749","52","5710771"
"KQ053398v1","4898029","4898101","GL873527","16933164","16933240","28","12035135"
"KQ053398v1","4912739","4912991","GL873526","5074955","5075208","60","162216"
"KQ053398v1","5048746","5048804","GL873528","1354469","1354524","21","3694277"
"KQ053398v1","5088713","5088953","GL873557","2787264","2787498","71","2301449"
"KQ053398v1","5226596","5226836","GL873557","2787264","2787498","71","2439332"
"KQ053409v1","1834887","1835028","GL873553","7189686","7189818","35","5354799"
"KQ053409v1","882646","882694","GL873537","25804693","25804738","8","24922047"
"KQ053409v1","882695","882855","GL873521","49917142","49917302","37","49034447"
"KQ053409v1","1151900","1151917","GL873631","2050557","2050575","4","898657"
"KQ053409v1","1316653","1316851","GL873646","629916","630106","52","686737"
"KQ053409v1","1635862","1635928","GL873521","49416477","49416544","10","47780615"
"KQ053409v1","1636060","1636276","GL873780","157840","158032","61","1478220"
"KQ053409v1","2202261","2202396","GL873553","7189686","7189818","29","4987425"
"KQ053409v1","2969468","2969645","GL873619","5868177","5868332","60","2898709"
"KQ053409v1","3460263","3460476","GL873717","117745","117964","56","3342518"
"KQ053409v1","3556113","3556290","GL873534","2194545","2194719","45","1361568"
"KQ053409v1","3556589","3556706","GL873571","2875581","2875697","19","681008"
"KQ053409v1","3676436","3676587","GL873646","2790192","2790336","35","886244"
"KQ053409v1","3676974","3677117","GL873523","27487029","27487162","36","23810055"
"KQ053409v1","3904110","3904313","GL873596","8523280","8523472","52","4619170"
"KQ053409v1","3953497","3953785","GL873589","9611498","9611790","73","5658001"
"KQ053409v1","4149427","4149658","GL873615","6141028","6141265","63","1991601"
"KQ053409v1","4372622","4372838","GL873533","9327295","9327502","83","4954673"
"KQ053409v1","4549706","4549811","GL873645","352847","352942","40","4196859"
"KQ053409v1","4855917","4855939","GL873528","8575851","8575867","7","3719934"
"KQ053409v1","4860219","4860370","GL873627","1684215","1684364","48","3176004"
"KQ053409v1","4864880","4865163","GL873539","20676184","20676463","89","15811304"
"KQ053409v1","4897380","4897395","GL873764","1063920","1063936","1","3833460"
"KQ053409v1","4902520","4902675","GL873528","17667949","17668096","43","12765429"
"KQ053409v1","4945787","4945846","GL873607","4803060","4803117","16","142727"
"KQ053409v1","5270752","5270919","GL873565","11529864","11530029","36","6259112"
"KQ053409v1","5282608","5282774","GL873523","24466125","24466288","45","19183517"
"KQ053409v1","5306678","5306699","GL873564","787836","787855","2","4518842"
"KQ053409v1","5307035","5307186","GL873710","2346274","2346413","53","2960761"
"KQ053409v1","5308402","5308656","GL873527","11172750","11172983","95","5864348"
"KQ053409v1","5352441","5352529","GL873520","30230386","30230482","27","24877945"
"KQ053409v1","5423889","5423902","GL873520","26754569","26754581","3","21330680"
"KQ053409v1","5424022","5424218","GL873782","411225","411411","58","5012797"
"KQ053409v1","5445630","5445721","GL873587","1527784","1527875","20","3917846"
"KQ053409v1","5679121","5679241","GL873572","74619","74740","29","5604502"
"KQ053409v1","5884241","5884423","GL873558","4852948","4853133","50","1031293"
"KQ053409v1","6642201","6642372","GL873542","10919573","10919746","49","4277372"
"KQ053409v1","6844304","6844468","GL873536","27353626","27353795","37","20509322"
"KQ053409v1","6915068","6915282","GL873531","28766902","28767118","56","21851834"
"KQ053409v1","7116372","7116541","GL873640","4826831","4826998","45","2289541"
"KQ053410v1","11769","11887","GL873533","3769440","3769558","35","3757671"
"KQ053410v1","399849","400135","GL873700","1823132","1823405","62","1423283"
"KQ053410v1","634668","634907","GL873537","15545198","15545418","73","14910530"
"KQ053410v1","1160224","1160300","GL873525","1119099","1119178","16","41125"
"KQ053410v1","2422437","2422574","GL873605","3840684","3840804","35","1418247"
"KQ053410v1","3073339","3073411","GL873674","531838","531912","18","2541501"
"KQ053410v1","3288019","3288161","GL873654","4647194","4647348","41","1359175"
"KQ053410v1","4455792","4455930","GL873542","1257752","1257878","50","3198040"
"KQ053410v1","5134901","5135025","GL873525","45593277","45593395","29","40458376"
"KQ053410v1","5397123","5397216","GL873829","380129","380225","25","5016994"
"KQ053421v1","1706134","1706449","GL873554","4702418","4702727","74","2996284"
"KQ053421v1","2643100","2643293","GL873548","12535304","12535495","55","9892204"
"KQ053421v1","3565042","3565175","GL873630","3033052","3033187","25","531990"
"KQ053421v1","3568761","3568874","GL873699","414115","414229","30","3154646"
"KQ053421v1","4351526","4351801","GL873523","26494306","26494572","69","22142780"
"KQ053421v1","5514137","5514362","GL873525","30037556","30037771","84","24523419"
"KQ053432v1","1782509","1782679","GL873538","4582637","4582802","56","2800128"
"KQ053432v1","2574940","2575117","GL873536","11888560","11888738","54","9313620"
"KQ053432v1","3231282","3231344","GL873534","3242139","3242196","23","10857"
"KQ053432v1","3273214","3273369","GL873615","1446439","1446597","46","1826775"
"KQ053432v1","3702589","3702717","GL873539","4383105","4383232","36","680516"
"KQ053432v1","3749710","3749810","GL873524","4599048","4599136","30","849338"
"KQ053432v1","5377054","5377218","GL873562","6841564","6841698","53","1464510"
"KQ053432v1","5377335","5377522","GL873737","199095","199288","51","5178240"
"KQ053432v1","6234811","6234970","GL873567","11955747","11955914","39","5720936"
"KQ053432v1","8340586","8340667","GL873538","15621450","15621524","19","7280864"
"KQ053432v1","8658026","8658186","GL873700","376240","376380","49","8281786"
"KQ053432v1","8658441","8658610","GL873618","1464271","1464442","49","7194170"
"KQ053443v1","303763","303899","GL873521","8041789","8041920","37","7738026"
"KQ053443v1","304079","304167","GL873537","18161706","18161798","22","17857627"
"KQ053443v1","346169","346483","GL873526","10356312","10356623","70","10010143"
"KQ053443v1","560313","560485","GL873565","11529864","11530029","42","10969551"
"KQ053443v1","1013047","1013200","GL873785","82861","83001","45","930186"
"KQ053443v1","1457385","1457570","GL873610","5092208","5092385","51","3634823"
"KQ053454v1","453689","453948","GL873523","26494306","26494572","85","26040617"
"KQ053454v1","1694410","1694470","GL873649","3660885","3660940","18","1966475"
"KQ053454v1","1694494","1694714","GL873522","29988755","29988971","68","28294261"
"KQ053464v1","11523","11647","GL873534","26159066","26159178","50","26147543"
"KQ053465v1","2752510","2752651","GL873568","10947226","10947361","32","8194716"
"KQ053465v1","1582228","1582268","GL873536","7656747","7656788","9","6074519"
"KQ053465v1","1582270","1582383","GL873571","2875581","2875697","26","1293311"
"KQ053465v1","1783362","1783478","GL873533","15362577","15362693","25","13579215"
"KQ053465v1","1783617","1783831","GL873537","24056965","24057156","57","22273348"
"KQ053465v1","2083454","2083517","GL873586","6854833","6854895","14","4771379"
"KQ053465v1","2083571","2083781","GL873553","7501553","7501737","58","5417982"
"KQ053465v1","2280676","2280969","GL873542","18962601","18962885","74","16681925"
"KQ053465v1","2365627","2365776","GL873539","16212028","16212159","51","13846401"
"KQ053465v1","2513870","2514026","GL873569","451975","452122","50","2061895"
"KQ053465v1","2514425","2514558","GL873553","7189686","7189818","35","4675261"
"KQ053465v1","3347815","3347878","GL873530","29089961","29090021","11","25742146"
"KQ053465v1","3541457","3541532","GL873553","14472135","14472211","15","10930678"
"KQ053476v1","824936","825120","GL873570","4403423","4403595","47","3578487"
"KQ053476v1","855489","855795","GL873520","39100369","39100676","67","38244880"
"KQ053476v1","1041889","1042113","GL873561","10205301","10205510","71","9163412"
"KQ053476v1","1091007","1091267","GL873540","18569828","18570043","93","17478821"
"KQ053476v1","1463411","1463545","GL873542","1257752","1257878","56","205659"
"KQ053476v1","1465467","1465561","GL873666","3015082","3015181","27","1549615"
"KQ053476v1","1553398","1553494","GL873522","34120084","34120180","27","32566686"
"KQ053476v1","1553526","1553587","GL873589","773164","773226","16","780362"
"KQ053476v1","1658771","1658966","GL873539","412205","412393","40","1246566"
"KQ053476v1","1687238","1687405","GL873532","25025974","25026138","47","23338736"
"KQ053476v1","1691618","1691707","GL873537","4005944","4006031","31","2314326"
"KQ053476v1","2596015","2596030","GL873522","35747673","35747685","4","33151658"
"KQ053476v1","2596201","2596266","GL873543","19894770","19894833","15","17298569"
"KQ053476v1","3183721","3183858","GL873556","7472209","7472329","38","4288488"
"KQ053476v1","3624272","3624472","GL873537","24056965","24057156","54","20432693"
"KQ053476v1","4259276","4259533","GL873671","1827730","1827990","70","2431546"
"KQ053476v1","4261315","4261630","GL873572","7101902","7102196","80","2840587"
"KQ053476v1","4290502","4290776","GL873557","1616895","1617160","64","2673607"
"KQ053476v1","4304276","4304361","GL873535","28232153","28232224","21","23927877"
"KQ053476v1","4616575","4616719","GL873602","5190085","5190207","55","573510"
"KQ053476v1","4732361","4732411","GL873562","12698074","12698120","13","7965713"
"KQ053476v1","4792367","4792421","GL873527","12767187","12767236","18","7974820"
"KQ053476v1","5665746","5665882","GL873537","21798868","21799010","34","16133122"
"KQ053481v1","5263","5376","GL873545","20799455","20799557","35","20794192"
"KQ053483v1","178492","178654","GL873557","15240946","15241109","43","15062454"
"KQ053487v1","965983","966271","GL873589","9611498","9611790","79","8645515"
"KQ053487v1","1763827","1763991","GL873647","5068614","5068759","50","3304787"
"KQ053487v1","3116809","3117101","GL873526","25679318","25679620","72","22562509"
"KQ053487v1","3774866","3774961","GL873542","9325219","9325308","24","5550353"
"KQ053490v1","550","730","GL873563","3010983","3011159","39","3010433"
"KQ053490v1","10105","10221","GL873522","9101582","9101691","33","9091477"
"KQ053490v1","12877","12956","AAQR03196213","1026","1104","15","11851"
"KQ053498v1","225175","225325","GL873674","1041977","1042129","40","816802"
"KQ053498v1","1737385","1737507","GL873528","2572839","2572945","49","835454"
"KQ053498v1","1744846","1745002","GL873752","1552947","1553069","57","191899"
"KQ053498v1","2978277","2978361","GL873538","23084958","23085049","28","20106681"
"KQ053498v1","3080828","3080939","GL873639","4742849","4742954","33","1662021"
"KQ053498v1","3925583","3925723","GL873638","5801670","5801817","30","1876087"
"KQ053498v1","4770822","4770937","GL873564","1361125","1361228","40","3409697"
"KQ053498v1","5443568","5443825","GL873590","6273421","6273665","78","829853"
"KQ053498v1","5472056","5472299","GL873562","4594751","4594957","80","877305"
"KQ053498v1","5883618","5883904","GL873562","3851660","3851944","70","2031958"
"KQ053498v1","5969280","5969333","GL873610","3352883","3352933","13","2616397"
"KQ053504v1","13691","13789","GL873560","10337489","10337588","30","10323798"
"KQ053509v1","1441118","1441273","GL873535","21338777","21338930","58","19897659"
"KQ053509v1","1441301","1441434","GL873670","2301302","2301432","33","860001"
"KQ053509v1","1940873","1940938","GL873559","507465","507523","18","1433408"
"KQ053509v1","3728796","3728891","GL873532","23745295","23745388","28","20016499"
"KQ053509v1","3857362","3857491","GL873537","20653414","20653533","37","16796052"
"KQ053509v1","3857492","3857592","GL873579","3051836","3051919","36","805656"
"KQ053517v1","151396","151527","GL873527","16144331","16144465","35","15992935"
"KQ053520v1","313602","313771","GL873539","25508865","25509031","41","25195263"
"KQ053520v1","440621","440837","GL873596","1775452","1775678","66","1334831"
"KQ053520v1","497541","497732","GL873558","6379635","6379825","40","5882094"
"KQ053520v1","727800","727876","GL873537","19792630","19792706","18","19064830"
"KQ053520v1","730648","730781","GL873542","1257752","1257878","45","527104"
"KQ053520v1","782423","782706","GL873532","28614059","28614341","79","27831636"
"KQ053520v1","905671","905858","GL873738","153780","153955","53","751891"
"KQ053520v1","1151583","1151696","GL873520","30735675","30735777","34","29584092"
"KQ053520v1","1311405","1311559","GL873590","7807273","7807397","59","6495868"
"KQ053520v1","1315072","1315176","GL873729","557128","557224","39","757944"
"KQ053520v1","1315178","1315282","GL873629","3096234","3096349","24","1781056"
"KQ053520v1","3112244","3112416","GL873540","17733668","17733835","47","14621424"
"KQ053520v1","3112464","3112571","GL873538","24387625","24387735","23","21275161"
"KQ053520v1","3417966","3418049","GL873527","13794942","13795025","18","10376976"
"KQ053520v1","3500604","3500749","GL873667","4114593","4114747","43","613989"
"KQ053520v1","3503246","3503262","GL873582","917271","917286","1","2585975"
"KQ053520v1","3506865","3507119","GL873530","7760468","7760727","99","4253603"
"KQ053520v1","3645333","3645500","GL873677","2806122","2806285","48","839211"
"KQ053520v1","3874742","3874809","GL873524","29909406","29909464","24","26034664"
"KQ053520v1","3932544","3932587","GL873537","27442124","27442160","12","23509580"
"KQ053520v1","3936031","3936062","GL873527","32000931","32000965","8","28064900"
"KQ053520v1","3940449","3940645","GL873659","2624190","2624396","58","1316259"
"KQ053520v1","3970013","3970140","GL873541","15161092","15161205","41","11191079"
"KQ053520v1","3970741","3970857","GL873675","431450","431558","35","3539291"
"KQ053520v1","4215223","4215384","GL873703","84458","84617","44","4130765"
"KQ053520v1","4642206","4642347","GL873540","18705244","18705378","33","14063038"
"KQ053520v1","4701230","4701509","GL873557","13647283","13647574","66","8946053"
"KQ053520v1","4783743","4783811","GL873842","313596","313661","15","4470147"
"KQ053520v1","4862867","4863020","GL873539","11870458","11870614","38","7007591"
"KQ053520v1","4863118","4863293","GL873603","1757197","1757357","50","3105921"
"KQ053520v1","4897841","4898025","GL873530","6645242","6645426","56","1747401"
"KQ053520v1","4899291","4899334","GL873651","5125250","5125292","12","225959"
"KQ053521v1","338828","339002","GL873536","15885035","15885195","51","15546207"
"KQ053521v1","573890","573977","GL873523","1322902","1322986","19","749012"
"KQ053521v1","912538","912645","GL873537","14344763","14344868","24","13432225"
"KQ053521v1","924719","924825","GL873537","14344763","14344868","24","13420044"
"KQ053521v1","1500645","1500672","GL873613","2962511","2962535","7","1461866"
"KQ053521v1","1501803","1501996","GL873536","5725651","5725841","42","4223848"
"KQ053521v1","1545149","1545235","GL873596","2423984","2424062","27","878835"
"KQ053521v1","1715864","1716025","GL873650","1671635","1671784","55","44229"
"KQ053523v1","486315","486472","GL873579","740294","740453","38","253979"
"KQ053532v1","106117","106397","GL873625","2914869","2915144","81","2808752"
"KQ053532v1","520928","521043","GL873542","7970656","7970771","30","7449728"
"KQ053532v1","753115","753303","GL873533","13638006","13638192","57","12884891"
"KQ053532v1","815177","815297","GL873657","1130375","1130500","42","315198"
"KQ053532v1","1306747","1306986","GL873672","2291510","2291744","75","984763"
"KQ053532v1","1383526","1383698","GL873524","17989499","17989666","58","16605973"
"KQ053532v1","1383787","1383911","GL873539","2609332","2609456","33","1225545"
"KQ053532v1","1551661","1551813","GL873580","9524466","9524615","48","7972805"
"KQ053543v1","1128166","1128434","GL873544","8294325","8294593","75","7166159"
"KQ053543v1","1423400","1423586","GL873545","14505557","14505731","54","13082157"
"KQ053543v1","1717232","1717381","GL873600","2190403","2190542","41","473171"
"KQ053543v1","1743698","1743815","GL873539","16562375","16562490","28","14818677"
"KQ053543v1","1770760","1770939","GL873749","1462647","1462817","57","308113"
"KQ053543v1","1850392","1850556","GL873534","30433938","30434092","42","28583546"
"KQ053543v1","1860492","1860664","GL873624","2189213","2189375","44","328721"
"KQ053543v1","1861632","1861763","GL873548","16510188","16510322","25","14648556"
"KQ053554v1","157350","157441","GL873545","6958691","6958775","20","6801341"
"KQ053554v1","192551","192759","GL873613","2914211","2914407","54","2721660"
"KQ053554v1","374894","374978","GL873535","25169802","25169890","23","24794908"
"KQ053554v1","663317","663466","GL873638","5801670","5801817","40","5138353"
"KQ053554v1","810502","810792","GL873580","1959436","1959717","73","1148934"
"KQ053554v1","1188807","1188873","GL873754","1882944","1883011","22","694137"
"KQ053554v1","1220590","1220750","GL873582","5192301","5192454","42","3971711"
"KQ053554v1","1220755","1220799","GL873617","6160381","6160423","9","4939626"
"KQ053554v1","1738645","1738793","GL873580","9524466","9524615","33","7785821"
"KQ053554v1","2298234","2298362","GL873542","9353269","9353390","33","7055035"
"KQ053554v1","2392406","2392574","GL873526","11157591","11157777","48","8765185"
"KQ053554v1","2501389","2501469","GL873549","18949847","18949924","19","16448458"
"KQ053554v1","2537519","2537585","GL873593","6314116","6314179","19","3776597"
"KQ053565v1","57346","57443","GL873537","22338706","22338789","37","22281360"
"KQ053565v1","57445","57496","GL873530","15973246","15973296","13","15915801"
"KQ053565v1","1917968","1918130","GL873530","28746077","28746227","49","26828109"
"KQ053565v1","1939501","1939635","GL873562","7683000","7683116","36","5743499"
"KQ053565v1","1972239","1972403","GL873521","30774731","30774888","44","28802492"
"KQ053565v1","2197773","2197838","GL873530","8263717","8263779","20","6065944"
"KQ053565v1","2348497","2348699","GL873527","8276156","8276355","47","5927659"
"KQ053565v1","2348705","2348770","GL873533","11302073","11302139","20","8953368"
"KQ053565v1","2351339","2351496","GL873654","4647194","4647348","36","2295855"
"KQ053565v1","2409452","2409500","GL873591","1592648","1592700","16","816804"
"KQ053565v1","2487991","2488250","GL873645","3918175","3918435","74","1430184"
"KQ053565v1","2546346","2546407","GL873531","15784836","15784898","19","13238490"
"KQ053565v1","2546528","2546629","GL873520","45967945","45968041","20","43421417"
"KQ053565v1","2577413","2577601","GL873566","13748260","13748437","49","11170847"
"KQ053565v1","2637339","2637397","GL873792","206449","206508","13","2430890"
"KQ053565v1","2672802","2673062","GL873582","2674686","2674935","75","1884"
"KQ053565v1","2710871","2711042","GL873646","1083631","1083795","44","1627240"
"KQ053565v1","2714976","2715099","GL873563","10587864","10587987","29","7872888"
"KQ053565v1","2889208","2889357","GL873553","7189686","7189818","43","4300478"
"KQ053565v1","3072547","3072746","GL873608","1915904","1916081","56","1156643"
"KQ053565v1","4386628","4386725","GL873771","698947","699039","26","3687681"
"KQ053565v1","4437619","4437688","GL873523","33758553","33758616","18","29320934"
"KQ053587v1","758841","758926","GL873520","71995816","71995902","30","71236975"
"KQ053587v1","1583673","1583715","GL874141","10394","10437","13","1573279"
"KQ053587v1","2022655","2022935","GL873523","29061330","29061604","70","27038675"
"KQ053598v1","1038483","1038614","GL873537","25036415","25036545","18","23997932"
"KQ053598v1","1038956","1039111","GL873523","44009959","44010115","34","42971003"
"KQ053598v1","1219374","1219525","GL873632","3640461","3640608","32","2421087"
"KQ053598v1","1219527","1219578","GL873523","25808127","25808181","13","24588600"
"KQ053598v1","1269459","1269567","GL873537","3585071","3585182","37","2315612"
"KQ053598v1","1322627","1322706","GL873535","28232153","28232224","18","26909526"
"KQ053598v1","1322851","1322929","GL873535","28232153","28232224","16","26909302"
"KQ053598v1","1389221","1389421","GL873565","13646929","13647113","55","12257708"
"KQ053598v1","1644532","1644618","GL873551","12695724","12695812","20","11051192"
"KQ053598v1","1844098","1844234","GL873554","12795185","12795308","38","10951087"
"KQ053598v1","2568988","2569047","GL873544","20332758","20332811","13","17763770"
"KQ053598v1","2586770","2586944","GL873535","10894906","10895068","50","8308136"
"KQ053598v1","2603578","2603743","GL873521","41613040","41613211","58","39009462"
"KQ053598v1","2909371","2909655","GL873557","1616895","1617160","74","1292476"
"KQ053603v1","2693","2869","GL873563","11056083","11056238","50","11053390"
"KQ053609v1","94907","95027","GL873523","28800441","28800582","49","28705534"
"KQ053609v1","173474","173766","GL873562","3851660","3851944","75","3678186"
"KQ053609v1","645139","645308","GL873640","514684","514855","40","130455"
"KQ053609v1","1211422","1211598","GL873535","19427312","19427481","38","18215890"
"KQ053609v1","1538138","1538343","GL873721","982083","982271","80","556055"
"KQ053609v1","2028519","2028611","GL873537","18161706","18161798","24","16133187"
"KQ053620v1","971708","971727","GL873544","21478504","21478515","8","20506796"
"KQ053620v1","971834","971851","GL873520","45839269","45839283","6","44867435"
"KQ053620v1","1599414","1599538","GL873553","7189686","7189818","39","5590272"
"KQ053620v1","1711847","1711976","GL873564","962376","962493","35","749471"
"KQ053620v1","2956573","2956702","GL873533","3769440","3769558","36","812867"
"KQ053620v1","3643339","3643465","GL873543","6159335","6159461","46","2515996"
"KQ053620v1","4006248","4006388","GL873545","3926917","3927055","32","79331"
"KQ053622v1","1813","2081","GL873559","13237127","13237378","101","13235314"
"KQ053631v1","3828626","3828741","GL873557","8086448","8086558","37","4257822"
"KQ053631v1","4469027","4469282","GL873587","1762847","1763106","88","2706180"
"KQ053631v1","4656552","4656834","GL873598","4479666","4479946","69","176886"
"KQ053631v1","6162295","6162472","GL873634","2880942","2881112","39","3281353"
"KQ053631v1","6163469","6163604","GL873585","10630876","10631011","37","4467407"
"KQ053631v1","6271586","6271763","GL873542","10690881","10691053","37","4419295"
"KQ053631v1","6272126","6272248","GL873829","147032","147154","27","6125094"
"KQ053631v1","6304777","6304959","GL873544","10585715","10585891","38","4280938"
"KQ053631v1","6305006","6305056","GL873813","652066","652118","11","5652940"
"KQ053631v1","6497854","6498052","GL873678","1331537","1331734","40","5166317"
"KQ053631v1","6604544","6604692","GL873580","9524466","9524615","37","2919922"
"KQ053631v1","6605361","6605628","GL873678","100056","100314","69","6505305"
"KQ053631v1","6696782","6696845","GL873530","29089961","29090021","20","22393179"
"KQ053631v1","6702156","6702209","GL873658","3978143","3978194","17","2724013"
"KQ053631v1","6876693","6876826","GL873525","34073232","34073353","37","27196539"
"KQ053631v1","6905451","6905668","GL873608","754780","754991","50","6150671"
"KQ053631v1","6945503","6945551","GL873538","20101011","20101054","11","13155508"
"KQ053631v1","6948668","6948816","GL873539","16519193","16519341","45","9570525"
"KQ053631v1","6991068","6991231","GL873613","7847638","7847794","50","856570"
"KQ053631v1","7025177","7025273","GL873570","4075997","4076087","28","2949180"
"KQ053631v1","7220542","7220701","GL873589","9595106","9595269","38","2374564"
"KQ053631v1","7418492","7418763","GL873580","1537481","1537759","78","5881011"
"KQ053631v1","7751706","7751818","GL873530","27530439","27530553","33","19778733"
"KQ053631v1","8156868","8157060","GL873698","943503","943692","42","7213365"
"KQ053631v1","8383730","8383891","GL873565","11529864","11530029","36","3146134"
"KQ053631v1","8398301","8398447","GL873529","4480767","4480903","47","3917534"
"KQ053631v1","8649493","8649767","GL873523","29061330","29061604","86","20411837"
"KQ053631v1","8680899","8680931","GL873530","11342787","11342816","12","2661888"
"KQ053631v1","9046423","9046630","GL873565","2671924","2672131","78","6374499"
"KQ053631v1","9054999","9055206","GL873565","2671924","2672131","77","6383075"
"KQ053631v1","9450891","9451024","GL873537","254859","254986","35","9196032"
"KQ053631v1","9892905","9892968","GL873525","29934286","29934353","18","20041381"
"KQ053631v1","10005980","10006118","GL873525","30177666","30177801","29","20171686"
"KQ053631v1","10008095","10008171","GL873538","24497574","24497645","24","14489479"
"KQ053631v1","10290848","10290913","GL873566","11471386","11471450","15","1180538"
"KQ053631v1","10331691","10331885","GL873526","6597075","6597264","44","3734616"
"KQ053632v1","195649","195758","GL873557","8086448","8086558","31","7890799"
"KQ053632v1","339267","339530","GL873608","689790","690075","91","350523"
"KQ053632v1","342418","342616","GL873536","12809382","12809562","59","12466964"
"KQ053643v1","755697","755892","GL873616","3525537","3525720","43","2769840"
"KQ053643v1","771432","771493","GL873536","5433583","5433641","16","4662151"
"KQ053643v1","786462","786655","GL873619","2621655","2621835","46","1835193"
"KQ053643v1","877825","878001","GL873523","26767600","26767768","37","25889775"
"KQ053643v1","1000001","1000082","GL873630","4196214","4196289","19","3196213"
"KQ053643v1","1130327","1130509","GL873829","50475","50654","39","1079852"
"KQ053643v1","1292970","1293236","GL873645","3918175","3918435","99","2625205"
"KQ053643v1","1332710","1332888","GL873834","489592","489759","45","843118"
"KQ053643v1","1490392","1490543","GL873624","3052706","3052849","42","1562314"
"KQ053643v1","2242150","2242396","GL873663","2458713","2458950","59","216563"
"KQ053643v1","2242997","2243073","GL873629","3293915","3293989","17","1050918"
"KQ053643v1","2505794","2506013","GL873566","8596834","8597044","59","6091040"
"KQ053643v1","2506186","2506244","GL873569","98512","98574","13","2407674"
"KQ053654v1","406096","406176","GL873592","4672666","4672746","19","4266570"
"KQ053654v1","4002726","4002860","GL873520","72846280","72846400","39","68843554"
"KQ053654v1","4156281","4156584","GL873611","2233203","2233500","88","1923078"
"KQ053654v1","5262376","5262432","GL873635","5873227","5873283","13","610851"
"KQ053654v1","5263369","5263480","GL873535","14527366","14527483","32","9263997"
"KQ053665v1","631856","631941","GL873547","13522080","13522165","29","12890224"
"KQ053665v1","908685","908875","GL873615","7080170","7080352","54","6171485"
"KQ053667v1","211801","211966","GL873530","17834459","17834617","46","17622658"
"KQ053675v1","189471","189801","GL873675","1680618","1680938","94","1491147"
"KQ053675v1","1316375","1316422","GL873571","4720621","4720673","17","3404246"
"KQ053675v1","1316475","1316601","GL873539","4383105","4383232","34","3066630"
"KQ053675v1","1331117","1331375","GL873533","5905355","5905592","100","4574238"
"KQ053686v1","1620747","1620919","GL873528","5820268","5820439","56","4199521"
"KQ053686v1","3600128","3600266","GL873553","7189686","7189818","38","3589558"
"KQ053686v1","3600670","3600837","GL873550","13545017","13545170","43","9944347"
"KQ053686v1","3844220","3844361","GL873571","3865586","3865722","28","21366"
"KQ053696v1","164465","164683","GL873526","276246","276450","55","111781"
"KQ053696v1","330264","330318","GL873530","4904964","4905018","12","4574700"
"KQ053696v1","499927","499971","GL873535","2636779","2636826","15","2136852"
"KQ053696v1","1577654","1577816","GL873544","17411331","17411496","33","15833677"
"KQ053696v1","1717293","1717368","GL873765","517632","517700","19","1199661"
"KQ053696v1","1717701","1717928","GL873578","5795236","5795460","49","4077535"
"KQ053696v1","1743579","1743651","GL873528","593313","593393","22","1150266"
"KQ053696v1","2751497","2751657","GL873532","16419362","16419519","40","13667865"
"KQ053696v1","3432714","3432795","GL873520","10815554","10815622","24","7382840"
"KQ053696v1","3848010","3848313","GL873530","12202849","12203138","76","8354839"
"KQ053696v1","4228928","4229150","GL873712","2010416","2010633","60","2218512"
"KQ053696v1","4229609","4229703","GL873527","35087411","35087505","21","30857802"
"KQ053696v1","5024260","5024439","GL873751","293413","293583","44","4730847"
"KQ053696v1","5220117","5220414","GL873659","653066","653356","75","4567051"
"KQ053696v1","5869135","5869265","GL873556","783661","783786","39","5085474"
"KQ053696v1","5870932","5871029","GL873620","2862455","2862549","26","3008477"
"KQ053701v1","15160","15288","GL873563","4158437","4158547","44","4143277"
"KQ053707v1","734951","735262","GL873526","12885338","12885635","105","12150387"
"KQ053707v1","1975015","1975176","GL873520","27656746","27656902","61","25681731"
"KQ053707v1","2180439","2180646","GL873543","2471727","2471921","46","291288"
"KQ053707v1","4148042","4148169","GL873580","2910004","2910128","34","1238038"
"KQ053711v1","8243","8385","GL873600","2190403","2190542","45","2182160"
"KQ053718v1","220731","220797","GL873602","4785404","4785466","16","4564673"
"KQ053718v1","1039399","1039591","GL873544","10598018","10598185","64","9558619"
"KQ053718v1","1156291","1156405","GL873547","12207587","12207706","36","11051296"
"KQ053718v1","1241246","1241419","GL873520","61310865","61311035","56","60069619"
"KQ053718v1","1710349","1710468","GL873532","28609093","28609206","30","26898744"
"KQ053718v1","1875319","1875584","GL873524","990856","991096","63","884463"
"KQ053718v1","2020509","2020590","GL873674","531838","531912","19","1488671"
"KQ053718v1","2643579","2643677","GL873520","26610606","26610702","20","23967027"
"KQ053718v1","2643720","2643838","GL873533","26201871","26201976","42","23558151"
"KQ053718v1","2731148","2731407","GL873530","4823250","4823506","81","2092102"
"KQ053718v1","2914668","2914957","GL873602","6673668","6673951","75","3759000"
"KQ053718v1","4014894","4015043","GL873522","41445105","41445262","45","37430211"
"KQ053729v1","2408985","2409279","GL873565","2844506","2844797","60","435521"
"KQ053740v1","1382658","1382815","GL873807","489268","489429","53","893390"
"KQ053740v1","1400004","1400199","GL873537","24056965","24057156","50","22656961"
"KQ053740v1","1412800","1412980","GL873537","19519913","19520080","68","18107113"
"KQ053740v1","1421421","1421561","GL873531","27529977","27530099","41","26108556"
"KQ053740v1","2120187","2120425","GL873583","3791081","3791340","71","1670894"
"KQ053740v1","2120459","2120470","GL873522","4152044","4152054","2","2031585"
"KQ053740v1","2599365","2599451","GL873521","13041237","13041319","24","10441872"
"KQ053740v1","2600683","2600865","GL873797","219056","219227","51","2381627"
"KQ053740v1","2700945","2701067","GL873663","2751141","2751260","34","50196"
"KQ053740v1","2882370","2882640","GL873532","25692054","25692332","81","22809684"
"KQ053740v1","2943031","2943129","GL873596","3585657","3585742","32","642626"
"KQ053740v1","2945275","2945321","GL873626","5544485","5544532","12","2599210"
"KQ053740v1","2979179","2979364","GL873782","411225","411411","41","2567954"
"KQ053740v1","3297934","3298001","GL873527","38883960","38884028","21","35586026"
"KQ053740v1","3298004","3298122","GL873563","5461295","5461408","27","2163291"
"KQ053740v1","3519262","3519340","GL873522","41513306","41513390","25","37994044"
"KQ053741v1","767390","767566","GL873575","6391810","6391979","45","5624420"
"KQ053741v1","768606","768705","GL873575","197944","198032","30","570662"
"KQ053741v1","1059928","1060097","GL873536","14409851","14410024","46","13349923"
"KQ053741v1","1566977","1567140","GL873591","7096828","7096990","33","5529851"
"KQ053741v1","1579112","1579277","GL873541","19722445","19722602","42","18143333"
"KQ053741v1","1683401","1683454","GL873581","10780246","10780297","13","9096845"
"KQ053741v1","1686995","1687099","GL873538","23084958","23085049","32","21397963"
"KQ053741v1","1731638","1731834","GL873542","10690881","10691053","53","8959243"
"KQ053741v1","1732347","1732445","GL873630","2442001","2442087","35","709654"
"KQ053741v1","1732744","1732796","GL873548","16653091","16653146","15","14920347"
"KQ053741v1","1823774","1824120","GL873523","15200626","15200927","140","13376852"
"KQ053741v1","1886779","1886904","GL873667","1636545","1636665","34","250234"
"KQ053741v1","2166030","2166082","GL873530","16781806","16781854","18","14615776"
"KQ053741v1","2168996","2169131","GL873728","836197","836327","45","1332799"
"KQ053741v1","2350651","2350765","GL873540","19565431","19565549","30","17214780"
"KQ053741v1","2354092","2354267","GL873849","340620","340773","56","2013472"
"KQ053747v1","14559","14820","GL873522","2701971","2702205","94","2687412"
"KQ053752v1","185836","186013","GL873693","2752027","2752194","48","2566191"
"KQ053752v1","749562","749720","GL873532","25025974","25026138","46","24276412"
"KQ053752v1","907712","907845","GL873656","4064064","4064204","39","3156352"
"KQ053752v1","910330","910378","GL873537","25804693","25804738","9","24894363"
"KQ053752v1","1095399","1095595","GL873562","10128417","10128610","49","9033018"
"KQ053752v1","1453058","1453240","GL873526","11157591","11157777","50","9704533"
"KQ053752v1","1650229","1650342","GL873744","941439","941540","40","708790"
"KQ053752v1","1919901","1919925","GL873582","10023195","10023216","4","8103294"
"KQ053752v1","1920365","1920442","GL873522","43250781","43250850","18","41330416"
"KQ053752v1","3414282","3414358","GL873520","24844342","24844416","23","21430060"
"KQ053752v1","3414361","3414410","GL873532","19730271","19730326","10","16315910"
"KQ053752v1","5666860","5666919","GL873572","6513333","6513389","16","846473"
"KQ053752v1","7948163","7948279","GL873521","40805787","40805891","33","32857624"
"KQ053752v1","7958145","7958264","GL873585","1191352","1191457","37","6766793"
"KQ053752v1","7961821","7961908","GL873565","13000540","13000622","21","5038719"
"KQ053752v1","8016277","8016558","GL873589","9888431","9888685","88","1872154"
"KQ053761v1","10351","10411","GL873638","5274998","5275053","20","5264647"
"KQ053763v1","242935","243138","GL873586","6592083","6592291","50","6349148"
"KQ053763v1","346529","346569","GL873579","4356122","4356161","12","4009593"
"KQ053763v1","346570","346726","GL873524","428970","429145","57","82400"
"KQ053763v1","410715","410789","GL873520","39493346","39493419","20","39082631"
"KQ053763v1","783123","783261","GL873672","3731101","3731233","27","2947978"
"KQ053763v1","1310399","1310497","GL873530","26697936","26698029","28","25387537"
"KQ053763v1","1695892","1695979","GL873520","28170073","28170157","31","26474181"
"KQ053763v1","2106101","2106382","GL873566","13596793","13597070","69","11490692"
"KQ053763v1","2154552","2154702","GL873624","3052706","3052849","45","898154"
"KQ053763v1","3113620","3113731","GL873570","1425685","1425791","27","1687935"
"KQ053763v1","3114111","3114310","GL873606","819970","820168","54","2294141"
"KQ053763v1","3125005","3125085","GL873542","7959062","7959138","20","4834057"
"KQ053763v1","3154817","3154926","GL873524","3379164","3379258","44","224347"
"KQ053763v1","3287336","3287478","GL873533","15772522","15772671","35","12485186"
"KQ053763v1","3443650","3443945","GL873557","13647283","13647574","70","10203633"
"KQ053763v1","3751786","3752062","GL873580","1537481","1537759","67","2214305"
"KQ053763v1","3795210","3795355","GL873521","47769285","47769441","43","43974075"
"KQ053763v1","3798036","3798197","GL873654","4647194","4647348","45","849158"
"KQ053763v1","4695150","4695206","GL873523","31290055","31290117","17","26594905"
"KQ053774v1","830315","830394","GL873520","39493346","39493419","21","38663031"
"KQ053774v1","868120","868298","GL873640","514684","514855","44","353436"
"KQ053774v1","1030004","1030133","GL873542","1604095","1604238","38","574091"
"KQ053774v1","2537119","2537196","GL873549","18949847","18949924","21","16412728"
"KQ053774v1","2765835","2765977","GL873678","116669","116809","38","2649166"
"KQ053774v1","2778009","2778083","GL873671","3512709","3512783","14","734700"
"KQ053774v1","4453919","4454007","GL873629","3293915","3293989","21","1160004"
"KQ053782v1","6451","6768","GL873534","6609713","6610008","99","6603262"
"KQ053783v1","134251","134546","GL873653","2876549","2876827","80","2742298"
"KQ053785v1","75228","75400","GL873537","8606581","8606747","46","8531353"
"KQ053785v1","295979","296230","GL873663","2458713","2458950","64","2162734"
"KQ053785v1","708210","708373","AAQR03195853","558","724","42","707652"
"KQ053785v1","2401322","2401501","GL873713","1240209","1240384","48","1161113"
"KQ053795v1","377844","378065","GL873537","22108584","22108816","56","21730740"
"KQ053795v1","646200","646452","GL873543","6838042","6838290","74","6191842"
"KQ053795v1","660462","660742","GL873536","4538396","4538681","84","3877934"
"KQ053795v1","733584","733621","GL873721","461510","461541","8","272074"
"KQ053795v1","735696","735876","GL873557","3545287","3545458","44","2809591"
"KQ053795v1","736215","736348","GL873537","14783572","14783698","29","14047357"
"KQ053795v1","1090644","1090808","GL873590","6072590","6072724","50","4981946"
"KQ053795v1","1132862","1133046","GL873619","5867980","5868149","44","4735118"
"KQ053795v1","1133651","1133799","GL873606","2508526","2508650","53","1374875"
"KQ053795v1","1375281","1375576","GL873520","30326316","30326597","78","28951035"
"KQ053795v1","1490952","1491039","GL873618","971292","971375","24","519660"
"KQ053795v1","1511016","1511104","GL873530","28458051","28458137","25","26947035"
"KQ053795v1","1517217","1517288","GL873540","14623123","14623190","23","13105906"
"KQ053795v1","1549106","1549221","GL873529","10002792","10002919","39","8453686"
"KQ053795v1","1751085","1751156","GL873520","19646140","19646214","19","17895055"
"KQ053795v1","1858922","1859070","GL873547","8473782","8473931","35","6614860"
"KQ053795v1","1859174","1859290","GL873520","43348624","43348735","28","41489450"
"KQ053806v1","3402","3462","GL873551","18431154","18431217","16","18427752"
"KQ053806v1","172504","172528","GL873527","11963010","11963030","11","11790506"
"KQ053806v1","347043","347241","GL873623","5726357","5726521","64","5379314"
"KQ053806v1","552360","552446","GL873545","6958691","6958775","20","6406331"
"KQ053816v1","615598","615655","GL873537","15819150","15819201","12","15203552"
"KQ053816v1","3966531","3966704","GL873565","11529864","11530029","35","7563333"
"KQ053816v1","6674646","6674739","GL873569","7644748","7644840","24","970102"
"KQ053816v1","6788232","6788267","GL873520","72910901","72910936","14","66122669"
"KQ053816v1","6808781","6808817","GL873520","72910901","72910936","14","66102120"
"KQ053816v1","7054199","7054332","GL873533","23392912","23393044","33","16338713"
"KQ053816v1","7143483","7143576","GL873520","59757956","59758049","31","52614473"
"KQ053816v1","7150790","7150867","GL873553","14472135","14472211","21","7321345"
"KQ053816v1","7207950","7208120","GL873520","66697774","66697947","52","59489824"
"KQ053816v1","7213748","7213940","GL873548","17499497","17499690","51","10285749"
"KQ053827v1","327921","327999","GL873522","37917377","37917457","28","37589456"
"KQ053827v1","347321","347400","GL873536","9846056","9846138","29","9498735"
"KQ053827v1","2314493","2314684","GL873620","6043468","6043652","46","3728975"
"KQ053827v1","2461325","2461430","GL873593","52113","52198","35","2409212"
"KQ053827v1","2468824","2468879","GL873565","9864589","9864640","11","7395765"
"KQ053827v1","2469079","2469207","GL873668","1252657","1252780","38","1216422"
"KQ053827v1","2517553","2517724","GL873640","514684","514855","32","2002869"
"KQ053827v1","3074385","3074559","GL873596","6106662","6106840","44","3032277"
"KQ053827v1","3828630","3828736","GL873533","26225316","26225415","30","22396686"
"KQ053827v1","3829201","3829413","GL874494","4598","4803","56","3824603"
"KQ053827v1","4478734","4478908","GL873565","11529864","11530029","38","7051130"
"KQ053827v1","4572570","4572727","GL873800","486913","487082","52","4085657"
"KQ053827v1","5995622","5995812","GL873580","8821566","8821768","48","2825944"
"KQ053835v1","3641","3749","GL873520","24575875","24575985","23","24572234"
"KQ053838v1","1731049","1731151","GL873527","35087411","35087505","31","33356362"
"KQ053838v1","3109879","3110051","GL873657","2607136","2607302","39","502743"
"KQ053838v1","3252814","3252920","GL873787","181160","181267","32","3071654"
"KQ053838v1","3253374","3253543","GL873533","3372748","3372917","46","119374"
"KQ053838v1","4085457","4085525","GL873525","17979027","17979095","22","13893570"
"KQ053849v1","520279","520543","GL873524","990856","991096","82","470577"
"KQ053849v1","719755","719980","GL873521","54576051","54576263","75","53856296"
"KQ053849v1","1035740","1035794","GL873523","25808127","25808181","11","24772387"
"KQ053849v1","1035800","1035959","GL873661","2236839","2237001","47","1201039"
"KQ053849v1","1057619","1057806","GL873532","9828307","9828484","64","8770688"
"KQ053849v1","1064063","1064320","GL873602","2818493","2818731","85","1754430"
"KQ053849v1","1090354","1090514","GL873665","3301668","3301823","42","2211314"
"KQ053849v1","1148266","1148373","GL873531","24236174","24236271","36","23087908"
"KQ053849v1","1602126","1602243","GL873579","3282054","3282157","36","1679928"
"KQ053849v1","1631301","1631522","GL873588","5014333","5014558","54","3383032"
"KQ053849v1","1638448","1638650","GL873634","1362630","1362835","52","275818"
"KQ053849v1","1931455","1931606","GL873531","29118441","29118592","46","27186986"
"KQ053849v1","2127486","2127592","GL873666","3015082","3015181","27","887596"
"KQ053849v1","2142199","2142367","GL873565","11529864","11530029","32","9387665"
"KQ053849v1","2946460","2946597","GL873608","5583028","5583162","40","2636568"
"KQ053849v1","2953280","2953414","GL873527","16860794","16860916","39","13907514"
"KQ053850v1","90073","90333","GL873618","5334866","5335119","80","5244793"
"KQ053850v1","139060","139181","GL873699","414115","414229","34","275055"
"KQ053850v1","177161","177302","GL873608","860640","860786","42","683479"
"KQ053850v1","178333","178472","GL873580","9524466","9524615","32","9346133"
"KQ053850v1","186008","186349","GL873583","10657575","10657866","107","10471567"
"KQ053850v1","252033","252343","GL873706","2194204","2194500","95","1942171"
"KQ053850v1","273178","273466","GL873526","26619087","26619371","84","26345909"
"KQ053850v1","358554","358739","GL873549","4248401","4248575","42","3889847"
"KQ053850v1","711090","711239","GL873613","7635807","7635949","34","6924717"
"KQ053850v1","716912","717093","GL873563","3010983","3011159","40","2294071"
"KQ053850v1","813524","813642","GL873564","962376","962493","26","148852"
"KQ053850v1","894721","894905","GL873533","13638006","13638192","58","12743285"
"KQ053850v1","944347","944452","GL873647","1573439","1573546","32","629092"
"KQ053850v1","944852","945000","GL873577","5739799","5739940","29","4794947"
"KQ053850v1","1239446","1239664","GL873550","6696720","6696920","72","5457274"
"KQ053850v1","1359207","1359286","GL873549","18949847","18949924","19","17590640"
"KQ053850v1","1929920","1930004","GL873588","1245243","1245324","20","684677"
"KQ053850v1","1947284","1947586","GL873555","9940605","9940894","98","7993321"
"KQ053850v1","1958891","1959011","GL873740","614168","614297","29","1344723"
"KQ053850v1","1961621","1961794","GL873565","11529864","11530029","35","9568243"
"KQ053850v1","2002400","2002547","GL873531","29118441","29118592","43","27116041"
"KQ053850v1","2038485","2038500","GL873592","9864811","9864826","2","7826326"
"KQ053850v1","2038830","2038994","GL873521","31604341","31604497","44","29565511"
"KQ053861v1","1144145","1144373","GL873520","39543134","39543377","77","38398989"
"KQ053861v1","1149965","1150058","GL873659","822305","822391","28","327660"
"KQ053861v1","2027216","2027287","GL873522","41140917","41140991","17","39113701"
"KQ053861v1","3408799","3408856","GL873661","3750585","3750642","8","341786"
"KQ053861v1","3408866","3408998","GL873570","5215086","5215210","27","1806220"
"KQ053872v1","208670","208765","GL873520","45967945","45968041","27","45759275"
"KQ053872v1","283689","283873","GL873521","7411261","7411442","51","7127572"
"KQ053872v1","386070","386154","GL873610","6615318","6615406","20","6229248"
"KQ053872v1","388912","389102","GL873563","9291394","9291585","50","8902482"
"KQ053872v1","549662","549823","GL873528","8786441","8786575","52","8236779"
"KQ053872v1","618516","618665","GL873563","10880928","10881067","46","10262412"
"KQ053872v1","638534","638687","GL873563","10880928","10881067","43","10242394"
"KQ053872v1","644296","644444","GL873530","17834459","17834617","45","17190163"
"KQ053872v1","1044221","1044376","GL873640","5953279","5953438","38","4909058"
"KQ053872v1","1167072","1167229","GL873567","11955747","11955914","37","10788675"
"KQ053872v1","1348944","1349162","GL873693","2698605","2698820","43","1349661"
"KQ053883v1","2192647","2192968","GL873612","4465120","4465433","86","2272473"
"KQ053883v1","2225995","2226054","GL873528","1354469","1354524","17","871526"
"KQ053883v1","3691613","3691711","GL873690","626601","626698","20","3065012"
"KQ053883v1","3694277","3694450","GL873591","7096828","7096990","38","3402551"
"KQ053883v1","5340422","5340582","GL873539","11870458","11870614","34","6530036"
"KQ053883v1","5394386","5394554","GL873629","3634331","3634506","40","1760055"
"KQ053883v1","5508907","5509064","GL873536","9924177","9924330","47","4415270"
"KQ053883v1","5912711","5912915","GL873675","2847415","2847620","45","3065296"
"KQ053883v1","5977295","5977372","GL873528","11341160","11341236","16","5363865"
"KQ053883v1","6990109","6990259","GL873522","41262478","41262639","52","34272369"
"KQ053883v1","7040248","7040547","GL873530","32861788","32862087","93","25821540"
"KQ053894v1","1416486","1416559","GL873522","41140917","41140991","19","39724431"
"KQ053894v1","1435508","1435650","GL873618","3891968","3892105","45","2456460"
"KQ053894v1","1451680","1451797","GL873531","3253648","3253770","42","1801968"
"KQ053894v1","1506644","1506757","GL873621","336361","336463","37","1170283"
"KQ053894v1","1581185","1581260","GL873595","3418659","3418733","18","1837474"
"KQ053894v1","1877077","1877372","GL873530","34701015","34701315","76","32823938"
"KQ053894v1","2097880","2098109","GL873596","1775452","1775678","62","322428"
"KQ053894v1","2199418","2199582","GL873557","3821961","3822114","44","1622543"
"KQ053894v1","2288200","2288299","GL873565","3162297","3162399","28","874097"
"KQ053894v1","2692934","2693090","GL873618","5342178","5342327","37","2649244"
"KQ053894v1","3157565","3157796","GL873586","6466685","6466915","56","3309120"
"KQ053894v1","3341080","3341396","GL873613","2809237","2809531","85","531843"
"KQ053898v1","5336","5568","GL873800","270695","270907","61","265359"
"KQ053905v1","829064","829210","GL873521","46898366","46898498","49","46069302"
"KQ053905v1","841949","842129","GL873611","450231","450403","59","391718"
"KQ053905v1","2956023","2956131","GL873537","27036793","27036889","32","24080770"
"KQ053905v1","3406638","3406734","GL873624","1563788","1563879","28","1842850"
"KQ053905v1","3663717","3663933","GL873629","2759321","2759537","54","904396"
"KQ053905v1","4617364","4617424","GL873578","5795538","5795590","19","1178174"
"KQ053905v1","5799384","5799502","GL873533","3769440","3769558","35","2029944"
"KQ053916v1","1291351","1291529","GL873529","26724662","26724839","47","25433311"
"KQ053916v1","2400887","2401044","GL873624","3052706","3052849","39","651819"
"KQ053916v1","2553353","2553551","GL873535","29561032","29561202","67","27007679"
"KQ053916v1","2793266","2793354","GL873640","5392985","5393074","23","2599719"
"KQ053927v1","855884","856023","GL873593","6325573","6325710","32","5469689"
"KQ053927v1","973476","973615","GL873541","15305637","15305768","45","14332161"
"KQ053927v1","1129727","1129850","GL873532","3402243","3402363","30","2272516"
"KQ053927v1","1130305","1130466","GL873670","1279458","1279619","44","149153"
"KQ053937v1","17458","17624","GL873522","7768384","7768544","40","7750926"
"KQ053940v1","3455","3747","GL873566","4210148","4210433","77","4206693"
"KQ053946v1","5777","5868","GL873542","175942","176022","29","170165"
"KQ053948v1","139654","140033","GL873627","7093100","7093489","128","6953446"
"KQ053948v1","180276","180360","GL873558","7829947","7830026","22","7649671"
"KQ053948v1","900298","900484","GL873606","8452674","8452845","52","7552376"
"KQ053948v1","1281199","1281214","GL873533","16672467","16672481","4","15391268"
"KQ053948v1","1752120","1752247","GL873712","2825104","2825233","37","1072984"
"KQ053948v1","1892483","1892728","GL873564","4046545","4046778","74","2154062"
"KQ053948v1","2228443","2228491","GL873542","16392904","16392947","14","14164461"
"KQ053948v1","2237568","2237584","GL873521","50557836","50557852","0","48320268"
"KQ053948v1","2237867","2237936","GL873751","340820","340883","17","1897047"
"KQ053948v1","2264045","2264184","GL873520","64280098","64280238","40","62016053"
"KQ053948v1","2275532","2275662","GL873537","14783572","14783698","24","12508040"
"KQ053948v1","2277578","2277761","GL873525","31896548","31896715","53","29618970"
"KQ053948v1","2301584","2301690","GL873683","2150739","2150840","26","150845"
"KQ053948v1","2373703","2373789","GL873536","8143398","8143484","20","5769695"
"KQ053948v1","2462053","2462174","GL873663","2751141","2751260","26","289088"
"KQ053948v1","2489556","2489607","GL873666","3781926","3781982","15","1292370"
"KQ053948v1","2514671","2514809","GL873520","59444812","59444943","42","56930141"
"KQ053948v1","2548623","2548702","GL873528","11341160","11341236","22","8792537"
"KQ053948v1","2692575","2692639","GL873602","5271051","5271120","16","2578476"
"KQ053948v1","2725388","2725452","GL873602","5271051","5271120","18","2545663"
"KQ053948v1","2787441","2787603","GL873613","7847638","7847794","42","5060197"
"KQ053948v1","3064316","3064466","GL873545","3926917","3927055","46","862601"
"KQ053948v1","3064850","3064968","GL873563","5744482","5744596","29","2679632"
"KQ053959v1","166037","166175","GL873700","329705","329842","25","163668"
"KQ053959v1","167233","167286","GL873571","4720621","4720673","15","4553388"
"KQ053959v1","1944815","1944936","GL873522","3999618","3999715","48","2054803"
"KQ053959v1","2295259","2295389","GL873698","784586","784712","44","1510673"
"KQ053959v1","2430806","2430954","GL873563","11056083","11056238","34","8625277"
"KQ053959v1","4169460","4169521","GL873522","2702480","2702540","19","1466980"
"KQ053959v1","4259575","4259797","GL873527","12767460","12767679","69","8507885"
"KQ053959v1","4308610","4308728","GL873573","8335644","8335762","33","4027034"
"KQ053959v1","4308783","4308799","GL873520","71712775","71712792","4","67403992"
"KQ053959v1","4309143","4309305","GL873562","6198104","6198260","51","1888961"
"KQ053959v1","4311405","4311530","GL873568","4308898","4309020","30","2507"
"KQ053959v1","4311582","4311598","GL873536","1759629","1759646","3","2551953"
"KQ053959v1","4311927","4312089","GL873562","6198104","6198260","49","1886177"
"KQ053959v1","4376954","4377138","GL873713","1240209","1240384","47","3136745"
"KQ053959v1","4437712","4437793","GL873602","5267428","5267515","21","829716"
"KQ053959v1","4742322","4742483","GL873646","3195605","3195756","45","1546717"
"KQ053959v1","5146442","5146568","GL873665","3395957","3396077","39","1750485"
"KQ053959v1","5311573","5311770","GL873570","7466861","7467061","44","2155288"
"KQ053959v1","5387787","5387916","GL873629","3096234","3096349","38","2291553"
"KQ053959v1","5401943","5402148","GL873537","3509266","3509464","48","1892677"
"KQ053959v1","5402542","5402638","GL873537","19708547","19708642","19","14306005"
"KQ053960v1","179445","179566","GL873581","9220223","9220343","33","9040778"
"KQ053960v1","203434","203510","GL873554","16539931","16540006","19","16336497"
"KQ053960v1","1358165","1358408","GL873532","8932608","8932838","52","7574443"
"KQ053960v1","2070259","2070388","GL873561","9184997","9185138","35","7114738"
"KQ053968v1","7444","7569","GL873527","38920186","38920316","39","38912742"
"KQ053968v1","11151","11308","GL873527","12117821","12117965","49","12106670"
"KQ053971v1","37644","37730","GL873537","23989868","23989957","26","23952224"
"KQ053971v1","841578","841722","GL873527","6305264","6305397","41","5463686"
"KQ053971v1","1716839","1716926","GL873535","28232153","28232224","28","26515314"
"KQ053971v1","1980339","1980488","GL873530","17776139","17776291","38","15795800"
"KQ053971v1","1980490","1980535","GL873755","633006","633047","11","1347484"
"KQ053971v1","2148704","2148828","GL873591","9408224","9408346","23","7259520"
"KQ053971v1","2149089","2149257","GL873618","1994807","1994971","39","154282"
"KQ053971v1","2237569","2237719","GL873522","41262478","41262639","42","39024909"
"KQ053971v1","2412353","2412491","GL873538","4434156","4434296","42","2021803"
"KQ053971v1","3527511","3527709","GL873548","15227811","15227996","52","11700300"
"KQ053982v1","59549","59687","GL873545","12511963","12512099","41","12452414"
"KQ053982v1","493360","493482","GL873564","962376","962493","32","469016"
"KQ053982v1","667712","668029","GL873566","4210148","4210433","94","3542436"
"KQ053982v1","1976636","1976728","GL873624","1563788","1563879","25","412848"
"KQ053982v1","2310280","2310416","GL873580","11279171","11279311","42","8968891"
"KQ053982v1","2556273","2556424","GL873544","20418813","20418964","42","17862540"
"KQ053982v1","2556758","2556817","GL873566","8368219","8368274","19","5811461"
"KQ053982v1","4000384","4000597","GL873531","28766902","28767118","58","24766518"
"KQ053982v1","4002840","4002933","GL873582","1509490","1509584","21","2493350"
"KQ053982v1","4611200","4611391","GL873520","26766966","26767159","50","22155766"
"KQ053982v1","5041898","5042071","GL873646","1577575","1577742","47","3464323"
"KQ053993v1","694972","695273","GL873544","15371154","15371445","66","14676182"
"KQ053993v1","697814","698103","GL873589","9611498","9611790","66","8913684"
"KQ053993v1","755956","756024","GL873537","24584386","24584452","23","23828430"
"KQ053993v1","825416","825586","GL873657","2607136","2607302","48","1781720"
"KQ053993v1","828516","828656","GL873539","1302205","1302338","43","473689"
"KQ053993v1","893943","894145","AAQR03195824","1600","1804","53","892343"
"KQ053993v1","895198","895309","GL873601","6732211","6732318","30","5837013"
"KQ053993v1","920574","920630","GL873521","7636438","7636492","16","6715864"
"KQ053993v1","1004686","1004977","GL873545","11089266","11089551","99","10084580"
"KQ053993v1","1048720","1048855","GL873620","6043932","6044064","35","4995212"
"KQ053993v1","1052173","1052360","GL873520","27906561","27906726","58","26854388"
"KQ054004v1","497443","497532","GL873650","5051750","5051839","32","4554307"
"KQ054004v1","506081","506183","GL873562","4475551","4475647","30","3969470"
"KQ054004v1","536218","536339","GL873531","16903930","16904055","37","16367712"
"KQ054004v1","538406","538527","GL873531","16903930","16904055","37","16365524"
"KQ054004v1","541599","541706","GL873524","6288718","6288818","39","5747119"
"KQ054004v1","545290","545386","GL873550","6452750","6452848","37","5907460"
"KQ054004v1","564230","564379","GL873619","7327021","7327157","51","6762791"
"KQ054004v1","570943","571096","GL873542","11565814","11565967","48","10994871"
"KQ054004v1","576966","577131","GL873663","2969895","2970053","52","2392929"
"KQ054004v1","592649","592772","GL873527","16860794","16860916","41","16268145"
"KQ054004v1","629582","629736","GL873532","28503383","28503531","46","27873801"
"KQ054004v1","638421","638502","GL873558","7829947","7830026","22","7191526"
"KQ054004v1","638503","638649","GL873533","15772522","15772671","47","15134019"
"KQ054004v1","667908","668071","GL873622","7180094","7180225","54","6512186"
"KQ054004v1","996412","996582","GL873693","1671512","1671671","49","675100"
"KQ054014v1","2438","2582","GL873520","28922151","28922284","51","28919713"
"KQ054026v1","73363","73523","GL873527","37868378","37868536","43","37795015"
"KQ054026v1","185832","186108","GL873539","4313095","4313359","73","4127263"
"KQ054026v1","314231","314504","GL873534","14832700","14832974","75","14518469"
"KQ054026v1","1880446","1880586","GL873550","11987057","11987190","42","10106611"
"KQ054026v1","1892966","1893133","GL873584","10856922","10857081","44","8963956"
"KQ054026v1","2008001","2008140","GL873708","2636190","2636321","45","628189"
"KQ054026v1","2016555","2016762","GL873563","10808977","10809168","54","8792422"
"KQ054037v1","261257","261431","GL873584","3087589","3087753","44","2826332"
"KQ054037v1","544362","544449","GL873523","25823948","25824032","20","25279586"
"KQ054037v1","544660","544841","GL873557","3545287","3545458","44","3000627"
"KQ054037v1","563936","564020","GL873523","25823948","25824032","23","25260012"
"KQ054037v1","564225","564403","GL873557","3545287","3545458","44","2981062"
"KQ054037v1","872553","872619","GL873520","39493346","39493419","21","38620793"
"KQ054037v1","1260721","1260877","GL873537","21092239","21092386","48","19831518"
"KQ054047v1","223731","223996","GL873532","28842247","28842509","71","28618516"
"KQ054047v1","241180","241446","GL873525","12172740","12172999","70","11931560"
"KQ054047v1","469281","469525","GL873559","989721","989966","76","520440"
"KQ054047v1","476895","477061","GL873627","1684215","1684364","57","1207320"
"KQ054047v1","499875","499948","GL873595","3418659","3418733","16","2918784"
"KQ054047v1","579602","579649","GL873622","4188967","4189011","11","3609365"
"KQ054047v1","582994","583271","GL873621","2955159","2955418","87","2372165"
"KQ054054v1","6730","6779","GL873635","5873227","5873283","13","5866497"
"KQ054058v1","826872","826946","GL873520","71738384","71738456","27","70911512"
"KQ054058v1","2335243","2335543","GL873779","1256802","1257106","83","1078441"
"KQ054058v1","3199007","3199195","GL873535","29561032","29561202","46","26362025"
"KQ054068v1","1056262","1056411","GL873530","10321707","10321839","40","9265445"
"KQ054068v1","1412878","1413078","GL873566","8971079","8971244","73","7558201"
"KQ054068v1","1413205","1413340","GL873565","9868643","9868763","38","8455438"
"KQ054068v1","1471008","1471168","GL873530","30382087","30382233","49","28911079"
"KQ054068v1","1520040","1520188","GL873639","4644137","4644287","40","3124097"
"KQ054068v1","1542342","1542403","GL873543","19894770","19894833","21","18352428"
"KQ054068v1","1572506","1572626","GL873536","14387710","14387822","48","12815204"
"KQ054068v1","1573806","1573910","GL873560","3905596","3905700","30","2331790"
"KQ054068v1","1622094","1622250","GL873547","17806794","17806961","46","16184700"
"KQ054068v1","1653550","1653593","GL873537","25804693","25804738","10","24151143"
"KQ054068v1","1653594","1653778","GL873618","5092021","5092203","56","3438427"
"KQ054068v1","1746734","1746821","GL873584","2043784","2043864","28","297050"
"KQ054068v1","1747136","1747210","GL873523","24818108","24818177","22","23070972"
"KQ054068v1","1747497","1747606","GL873640","4749062","4749159","33","3001565"
"KQ054068v1","1844634","1844775","GL873537","25036415","25036545","40","23191781"
"KQ054068v1","1994289","1994459","GL873523","24466125","24466288","36","22471836"
"KQ054068v1","2010682","2010817","GL873832","363256","363388","26","1647426"
"KQ054068v1","2013695","2013884","GL873664","3494537","3494722","51","1480842"
"KQ054068v1","2498726","2498912","GL873536","11888560","11888738","57","9389834"
"KQ054068v1","2625603","2625714","GL873634","3649622","3649732","26","1024019"
"KQ054068v1","2626313","2626461","GL873648","3207543","3207682","40","581230"
"KQ054068v1","2672607","2672753","GL873613","7635807","7635949","35","4963200"
"KQ054068v1","3021771","3021949","GL873530","26904461","26904641","43","23882690"
"KQ054068v1","3085885","3086033","GL873666","1033059","1033198","43","2052826"
"KQ054068v1","3645345","3645553","GL874494","4598","4803","43","3640747"
"KQ054068v1","3645822","3645887","GL873564","4670499","4670557","17","1024677"
"KQ054068v1","3694567","3694703","GL873543","15709661","15709813","43","12015094"
"KQ054068v1","3898497","3898651","GL873537","27993531","27993702","50","24095034"
"KQ054068v1","5328378","5328536","GL873560","10481750","10481903","43","5153372"
"KQ054068v1","5420421","5420604","GL873526","6768677","6768831","65","1348256"
"KQ054068v1","5845227","5845274","GL873532","3402398","3402445","16","2442829"
"KQ054068v1","5845363","5845469","GL873532","5765409","5765517","23","79954"
"KQ054068v1","5851083","5851129","GL873532","3402398","3402445","16","2448685"
"KQ054068v1","5851215","5851320","GL873532","5765409","5765517","24","85806"
"KQ054068v1","6122274","6122414","GL873648","3207543","3207682","40","2914731"
"KQ054068v1","6161807","6161980","GL873640","514684","514855","40","5647123"
"KQ054068v1","6450011","6450165","GL873548","17392173","17392327","39","10942162"
"KQ054068v1","6819204","6819215","GL873527","6177424","6177435","2","641780"
"KQ054068v1","6819540","6819697","GL873543","20573761","20573920","34","13754221"
"KQ054068v1","6820570","6820841","GL873560","9844284","9844555","58","3023714"
"KQ054068v1","6832911","6833094","GL873562","7651933","7652105","53","819022"
"KQ054068v1","7382887","7382937","GL873551","11686827","11686882","15","4303940"
"KQ054069v1","621948","622141","GL873618","1220030","1220228","53","598082"
"KQ054069v1","953477","953642","GL873565","11529864","11530029","34","10576387"
"KQ054069v1","1439095","1439194","GL873551","12695724","12695812","23","11256629"
"KQ054069v1","1439363","1439479","GL873598","1932300","1932413","31","492937"
"KQ054069v1","1798610","1798977","GL873653","1101074","1101444","124","697536"
"KQ054069v1","2221797","2221931","GL873534","17878711","17878854","29","15656914"
"KQ054069v1","2430510","2430712","GL873538","6312543","6312729","66","3882033"
"KQ054069v1","2517101","2517388","GL873523","26097997","26098292","79","23580896"
"KQ054069v1","2641515","2641709","GL873841","109987","110168","55","2531528"
"KQ054069v1","2998917","2998961","GL873554","10059036","10059081","14","7060119"
"KQ054069v1","4253373","4253633","GL873533","5905355","5905592","94","1651982"
"KQ054069v1","4253849","4253891","GL873623","2456978","2457018","10","1796871"
"KQ054069v1","4300271","4300320","GL873607","7038297","7038345","17","2738026"
"KQ054069v1","5669146","5669204","GL873535","2636779","2636826","21","3032367"
"KQ054069v1","6067172","6067251","GL873627","5398830","5398906","26","668342"
"KQ054069v1","6177825","6178102","GL873553","4449967","4450222","88","1727858"
"KQ054069v1","6295412","6295609","GL873542","10690881","10691053","69","4395469"
"KQ054069v1","6331668","6331774","GL873538","19779363","19779460","35","13447695"
"KQ054069v1","6332835","6332947","GL873523","24399940","24400046","33","18067105"
"KQ054069v1","6503686","6503845","GL873724","1561055","1561214","38","4942631"
"KQ054069v1","6513245","6513404","GL873724","1561055","1561214","38","4952190"
"KQ054069v1","6768863","6769153","GL873580","1959436","1959717","71","4809427"
"KQ054069v1","7049560","7049657","GL873551","12695724","12695812","30","5646164"
"KQ054069v1","7090624","7090792","GL873537","3891978","3892149","55","3198646"
"KQ054069v1","7255366","7255656","GL873526","12885338","12885635","54","5629972"
"KQ054069v1","7336251","7336311","GL873569","98512","98574","12","7237739"
"KQ054069v1","7337737","7337937","GL873829","379659","379858","54","6958078"
"KQ054069v1","7345662","7345728","GL873610","4367467","4367527","18","2978195"
"KQ054069v1","7346236","7346341","GL873520","24575875","24575985","28","17229639"
"KQ054069v1","7350929","7351029","GL873537","19101737","19101836","19","11750808"
"KQ054069v1","7353974","7354051","GL873569","7553805","7553875","22","199831"
"KQ054069v1","7486188","7486534","GL873530","5569271","5569572","118","1916917"
"KQ054069v1","7522259","7522440","GL873535","29561032","29561202","44","22038773"
"KQ054069v1","7522599","7522730","GL873542","9353269","9353390","29","1830670"
"KQ054069v1","8256336","8256519","GL873591","2150368","2150534","42","6105968"
"KQ054069v1","8273582","8273598","GL873534","894275","894290","2","7379307"
"KQ054069v1","8275198","8275488","GL873549","3867971","3868263","93","4407227"
"KQ054069v1","8276152","8276305","GL873534","18003782","18003939","54","9727630"
"KQ054069v1","8311537","8311664","GL873628","1209743","1209878","21","7101794"
"KQ054069v1","8311999","8312040","GL873544","14344397","14344436","11","6032398"
"KQ054069v1","8352016","8352137","GL873629","3096234","3096349","31","5255782"
"KQ054069v1","8390286","8390507","GL873537","22108584","22108816","50","13718298"
"KQ054069v1","8415293","8415375","GL873527","13794942","13795025","17","5379649"
"KQ054069v1","8601033","8601139","GL873529","2484955","2485057","28","6116078"
"KQ054069v1","8601544","8601611","GL873601","6250643","6250718","19","2350901"
"KQ054069v1","8601642","8601672","GL873530","35748124","35748151","9","27146482"
"KQ054070v1","10501","10573","GL873577","7219795","7219870","24","7209294"
"KQ054070v1","61227","61534","GL873694","2154883","2155176","90","2093656"
"KQ054070v1","1238831","1238991","GL873557","7331485","7331632","49","6092654"
"KQ054070v1","1239436","1239604","GL873530","15062276","15062436","43","13822840"
"KQ054070v1","1277622","1277737","GL873534","13817425","13817540","21","12539803"
"KQ054070v1","1277769","1277929","GL873520","59993886","59994033","39","58716117"
"KQ054070v1","2675252","2675399","GL873563","10880928","10881067","39","8205676"
"KQ054081v1","775286","775380","GL873574","10612639","10612735","17","9837353"
"KQ054081v1","996724","996809","GL873561","8121282","8121363","18","7124558"
"KQ054081v1","999152","999375","GL873525","30037556","30037771","78","29038404"
"KQ054081v1","1206611","1206680","GL873665","3501152","3501217","21","2294541"
"KQ054081v1","1363989","1364114","GL873533","3769440","3769558","36","2405451"
"KQ054091v1","94437","94494","GL873571","4720621","4720673","16","4626184"
"KQ054091v1","95455","95579","GL873554","2555922","2556044","30","2460467"
"KQ054091v1","908881","909066","GL873767","208231","208414","46","700650"
"KQ054091v1","909233","909368","GL873553","1386849","1386980","25","477616"
"KQ054091v1","1015454","1015617","GL873537","16281315","16281474","52","15265861"
"KQ054091v1","1026569","1026734","GL873654","4647194","4647348","53","3620625"
"KQ054091v1","1183418","1183602","GL873550","13458171","13458356","62","12274753"
"KQ054091v1","1186539","1186624","GL873527","14944395","14944477","18","13757856"
"KQ054091v1","1338268","1338448","GL873526","11157591","11157777","45","9819323"
"KQ054091v1","1339174","1339284","GL873537","3509674","3509772","29","2170500"
"KQ054091v1","1381332","1381500","GL873571","10940290","10940470","48","9558958"
"KQ054091v1","1732584","1732726","GL873530","36057982","36058110","46","34325398"
"KQ054091v1","1779554","1779651","GL873744","1512026","1512122","21","267528"
"KQ054091v1","1779662","1779744","GL873592","6982305","6982388","22","5202643"
"KQ054091v1","1977054","1977324","GL873520","30326316","30326597","90","28349262"
"KQ054091v1","3645494","3645564","GL873528","9014723","9014792","18","5369229"
"KQ054102v1","186641","186714","GL873730","1282887","1282964","19","1096246"
"KQ054102v1","188165","188213","GL873698","1586447","1586488","18","1398282"
"KQ054102v1","229422","229520","GL873526","25625835","25625930","25","25396413"
"KQ054102v1","1009254","1009447","GL873526","6597075","6597264","59","5587821"
"KQ054102v1","1063429","1063644","GL873615","8016573","8016783","67","6953144"
"KQ054113v1","540947","541058","GL873520","28899250","28899352","36","28358303"
"KQ054113v1","2012479","2012565","GL873562","12669372","12669455","19","10656893"
"KQ054113v1","2019583","2019647","GL873559","507465","507523","14","1512118"
"KQ054113v1","2719854","2719994","GL873538","4434156","4434296","50","1714302"
"KQ054116v1","1882","1960","GL873530","23282597","23282674","23","23280715"
"KQ054124v1","16750","16791","GL873644","232195","232237","12","215445"
"KQ054124v1","112085","112234","GL873543","15941550","15941695","29","15829465"
"KQ054124v1","464492","464641","GL873520","27656746","27656902","39","27192254"
"KQ054124v1","643882","643968","GL873580","2625751","2625840","15","1981869"
"KQ054124v1","664263","664585","GL873521","48995852","48996137","122","48331589"
"KQ054124v1","704107","704323","GL873534","1712960","1713149","72","1008853"
"KQ054124v1","856777","856944","GL873695","3059073","3059257","53","2202296"
"KQ054124v1","4428623","4428933","GL873527","10921070","10921360","78","6492447"
"KQ054124v1","4870964","4871017","GL873543","19383704","19383756","8","14512740"
"KQ054124v1","4871018","4871180","GL873804","487423","487578","45","4383595"
"KQ054124v1","4925669","4925819","GL873536","14973633","14973765","47","10047964"
"KQ054124v1","4984616","4984762","GL873523","44009959","44010115","50","39025343"
"KQ054124v1","5418690","5418790","GL873587","1527784","1527875","31","3890906"
"KQ054124v1","5419119","5419341","GL873532","694355","694576","54","4724764"
"KQ054125v1","70010","70047","GL873636","3684809","3684843","13","3614799"
"KQ054125v1","77950","77987","GL873636","3684809","3684843","13","3606859"
"KQ054131v1","949","1070","GL873629","3096234","3096349","37","3095285"
"KQ054135v1","1447989","1448203","GL873534","23692874","23693068","73","22244885"
"KQ054135v1","1460197","1460404","GL873534","23692874","23693068","71","22232677"
"KQ054135v1","1469982","1470125","GL873667","4114593","4114747","36","2644611"
"KQ054135v1","1492361","1492501","GL873537","25935657","25935797","50","24443296"
"KQ054135v1","1629093","1629350","GL873794","243801","244052","83","1385292"
"KQ054135v1","1887503","1887625","GL873585","7946845","7946956","36","6059342"
"KQ054135v1","1889203","1889355","GL873646","2790192","2790336","35","900989"
"KQ054135v1","2492545","2492703","GL873548","16510188","16510322","45","14017643"
"KQ054146v1","201642","201717","GL873526","23882570","23882642","24","23680928"
"KQ054146v1","359331","359466","GL873525","33029690","33029829","36","32670359"
"KQ054146v1","363376","363556","GL873566","9021763","9021944","39","8658387"
"KQ054146v1","611215","611364","GL873529","9534453","9534584","54","8923238"
"KQ054146v1","630989","631115","GL873605","763742","763858","39","132753"
"KQ054146v1","734034","734189","GL873586","3940856","3941001","56","3206822"
"KQ054146v1","1047122","1047424","GL873534","14725366","14725650","93","13678244"
"KQ054146v1","1598502","1598595","GL873537","23989868","23989957","26","22391366"
"KQ054157v1","1117467","1117654","GL873521","7411261","7411442","57","6293794"
"KQ054157v1","1157140","1157303","GL873754","517259","517416","52","639881"
"KQ054157v1","1268284","1268365","GL873615","6553474","6553553","24","5285190"
"KQ054157v1","1451589","1451757","GL873565","11529864","11530029","51","10078275"
"KQ054157v1","1724948","1725109","GL873740","1135830","1135977","51","589118"
"KQ054157v1","1725204","1725288","GL873523","23839484","23839557","28","22114280"
"KQ054157v1","2027037","2027124","GL873588","1245243","1245324","27","781794"
"KQ054157v1","2075966","2076066","GL873574","10157843","10157941","34","8081877"
"KQ054157v1","2220470","2220650","GL873526","7824587","7824764","52","5604117"
"KQ054157v1","2238832","2239004","GL873523","24466125","24466288","40","22227293"
"KQ054157v1","2326138","2326273","GL873558","2138586","2138722","39","187552"
"KQ054157v1","2478018","2478142","GL873566","9290795","9290919","29","6812777"
"KQ054157v1","2480330","2480444","GL873563","10639188","10639288","39","8158858"
"KQ054157v1","2710004","2710083","GL873532","23551175","23551259","25","20841171"
"KQ054157v1","2710142","2710397","GL873523","7170765","7171008","74","4460623"
"KQ054168v1","357761","358062","GL873523","35959513","35959815","78","35601752"
"KQ054168v1","746223","746279","GL873731","1185222","1185270","20","438999"
"KQ054168v1","753681","753793","GL873561","4945920","4946036","38","4192239"
"KQ054168v1","996064","996227","GL873545","3926917","3927055","60","2930853"
"KQ054168v1","1005727","1005882","GL873521","30774731","30774888","37","29769004"
"KQ054168v1","1016508","1016695","GL873612","6684986","6685153","45","5668478"
"KQ054168v1","1059349","1059509","GL873576","6955193","6955339","38","5895844"
"KQ054168v1","1064983","1065167","GL873547","16536820","16536997","46","15471837"
"KQ054168v1","1070320","1070518","GL873580","8821566","8821768","57","7751246"
"KQ054168v1","1089195","1089274","GL873562","12669372","12669455","17","11580177"
"KQ054168v1","1091329","1091409","GL873562","12669372","12669455","17","11578043"
"KQ054168v1","1338325","1338473","GL873624","2484545","2484687","54","1146220"
"KQ054168v1","1413019","1413181","GL873693","1671512","1671671","36","258493"
"KQ054168v1","2037902","2038107","GL873550","12355843","12356047","42","10317941"
"KQ054179v1","211234","211384","GL873586","3966705","3966848","43","3755471"
"KQ054179v1","1661192","1661279","GL873528","11341160","11341236","17","9679968"
"KQ054179v1","1717346","1717635","GL873557","13647283","13647574","75","11929937"
"KQ054179v1","1778656","1778740","GL873528","11341160","11341236","20","9562504"
"KQ054179v1","2115339","2115499","GL873663","2185690","2185851","55","70351"
"KQ054179v1","2352241","2352413","GL873540","23174211","23174379","45","20821970"
"KQ054179v1","2522551","2522734","GL873548","17499497","17499690","52","14976946"
"KQ054179v1","2567842","2568004","GL873530","35437596","35437748","55","32869754"
"KQ054179v1","3076385","3076466","GL873553","14472135","14472211","19","11395750"
"KQ054179v1","3153319","3153408","GL873537","27036793","27036889","24","23883474"
"KQ054179v1","3171904","3172038","GL873635","2360200","2360327","43","811704"
"KQ054179v1","3399944","3400213","GL873571","3443880","3444126","76","43936"
"KQ054179v1","4169987","4170259","GL873534","14832700","14832974","75","10662713"
"KQ054179v1","4415484","4415556","GL873520","39493346","39493419","19","35077862"
"KQ054179v1","4758196","4758302","GL873542","18977384","18977495","29","14219188"
"KQ054179v1","4876629","4876810","GL873573","433917","434080","61","4442712"
"KQ054179v1","5292886","5293011","GL873564","962376","962493","32","4330510"
"KQ054179v1","5293525","5293582","GL873547","9798339","9798399","14","4504814"
"KQ054179v1","5898296","5898407","GL873654","4446368","4446476","41","1451928"
"KQ054179v1","5924812","5924978","GL873620","5376183","5376341","42","548629"
"KQ054180v1","1834889","1835148","GL873530","4823250","4823506","78","2988361"
"KQ054180v1","34790","34990","GL873521","27123844","27124033","44","27089054"
"KQ054180v1","1114436","1114541","GL873551","12695724","12695812","31","11581288"
"KQ054180v1","1335252","1335495","GL873526","41045178","41045433","68","39709926"
"KQ054180v1","1919138","1919256","GL873533","16561640","16561760","32","14642502"
"KQ054180v1","1919429","1919593","GL873699","2513617","2513769","48","594188"
"KQ054180v1","2222276","2222312","GL873529","9941482","9941513","11","7719206"
"KQ054180v1","2222780","2222911","GL873536","5760065","5760185","42","3537285"
"KQ054180v1","2952110","2952283","GL873534","22883634","22883810","43","19931524"
"KQ054180v1","4296736","4296853","GL873570","4156778","4156896","22","139958"
"KQ054180v1","4297247","4297360","GL873564","6309155","6309273","29","2011908"
"KQ054180v1","5388663","5388856","GL873526","11157591","11157777","58","5768928"
"KQ054180v1","5542904","5543074","GL873574","5448083","5448229","61","94821"
"KQ054180v1","6626697","6626846","GL873521","7573100","7573248","44","946403"
"KQ054191v1","318144","318212","GL873559","507465","507523","23","189321"
"KQ054191v1","520714","520949","GL873522","36369784","36369995","77","35849070"
"KQ054191v1","674833","674941","GL873531","15526373","15526470","31","14851540"
"KQ054191v1","675318","675393","GL873624","382016","382098","25","293302"
"KQ054191v1","1821565","1821879","GL873523","19068130","19068412","124","17246565"
"KQ054191v1","1895477","1895613","GL873530","10321707","10321839","30","8426230"
"KQ054191v1","1897374","1897470","GL873535","19204375","19204463","23","17307001"
"KQ054191v1","2543617","2543817","GL873580","8821566","8821768","45","6277949"
"KQ054191v1","2813376","2813539","GL873520","18428750","18428900","55","15615374"
"KQ054191v1","3504418","3504487","GL873559","507465","507523","18","2996953"
"KQ054202v1","44115","44269","GL873628","5618177","5618328","43","5574062"
"KQ054202v1","354745","354889","GL873588","7142294","7142443","40","6787549"
"KQ054202v1","357149","357293","GL873588","7142294","7142443","40","6785145"
"KQ054202v1","453753","453850","GL873605","5789841","5789934","26","5336088"
"KQ054202v1","583185","583254","GL873548","15778852","15778916","16","15195667"
"KQ054202v1","601741","601902","GL873569","10979411","10979569","43","10377670"
"KQ054202v1","685087","685299","GL873729","364323","364518","77","320764"
"KQ054202v1","962064","962271","GL873535","7332366","7332550","69","6370302"
"KQ054202v1","1144128","1144265","GL873619","7327021","7327157","36","6182893"
"KQ054202v1","1155541","1155694","GL873620","2861771","2861906","35","1706230"
"KQ054202v1","1244748","1244933","GL873549","4248401","4248575","44","3003653"
"KQ054202v1","1538835","1539036","GL873590","532742","532941","66","1006093"
"KQ054202v1","1889899","1890035","GL873538","19836692","19836838","33","17946793"
"KQ054202v1","2699222","2699425","GL873530","12728243","12728455","64","10029021"
"KQ054213v1","2644221","2644385","GL873523","24466125","24466288","42","21821904"
"KQ054213v1","2729183","2729323","GL873595","1471173","1471306","43","1258010"
"KQ054224v1","110486","110601","GL873577","1029205","1029340","39","918719"
"KQ054224v1","607216","607320","GL873523","4243725","4243831","33","3636509"
"KQ054224v1","714159","714311","GL873605","3840684","3840804","44","3126525"
"KQ054224v1","788489","788630","GL873591","9408224","9408346","37","8619735"
"KQ054224v1","961413","961569","GL873565","11529864","11530029","38","10568451"
"KQ054235v1","122991","123072","GL873523","1322902","1322986","17","1199911"
"KQ054235v1","131121","131220","GL873533","26201871","26201976","33","26070750"
"KQ054235v1","1365665","1365842","GL873523","34255635","34255809","52","32889970"
"KQ054235v1","2007596","2007787","GL873541","18457887","18458077","40","16450291"
"KQ054235v1","2007961","2008094","GL873535","30105618","30105750","27","28097657"
"KQ054235v1","2036188","2036404","GL873544","20333081","20333294","52","18296893"
"KQ054235v1","2303954","2304209","GL873542","1297139","1297397","80","1006815"
"KQ054235v1","2331294","2331671","GL873527","22324261","22324521","171","19992967"
"KQ054238v1","3558","3822","GL873800","270695","270907","95","267137"
"KQ054246v1","341823","342120","GL873521","7870707","7870997","76","7528884"
"KQ054257v1","257574","257763","GL873640","514684","514855","43","257110"
"KQ054257v1","408446","408737","GL873608","812976","813258","90","404530"
"KQ054257v1","463448","463532","GL873618","3007087","3007163","26","2543639"
"KQ054257v1","463650","463717","GL873641","4771525","4771593","17","4307875"
"KQ054257v1","662192","662296","GL873520","28899250","28899352","24","28237058"
"KQ054257v1","962501","962676","GL873612","6684986","6685153","43","5722485"
"KQ054259v1","52","361","GL873520","25581622","25581918","92","25581570"
"KQ054268v1","284884","284946","GL873526","19121612","19121673","20","18836728"
"KQ054268v1","1564644","1564752","GL873629","3096234","3096349","24","1531590"
"KQ054268v1","1780683","1780843","GL873627","5778385","5778551","49","3997702"
"KQ054279v1","448663","448739","GL873613","3743484","3743565","18","3294821"
"KQ054279v1","825019","825174","GL873563","10880928","10881067","54","10055909"
"KQ054279v1","1740694","1740882","GL873664","1779907","1780101","45","39213"
"KQ054279v1","1740883","1740946","GL873532","19730271","19730326","16","17989388"
"KQ054279v1","1874442","1874679","GL873561","1208410","1208642","55","666032"
"KQ054279v1","2604798","2605103","GL873530","12202849","12203138","63","9598051"
"KQ054279v1","2909639","2909704","GL873529","15733324","15733389","13","12823685"
"KQ054279v1","2954912","2954991","GL873535","28232153","28232224","24","25277241"
"KQ054279v1","3255743","3255908","GL873585","979805","979969","44","2275938"
"KQ054279v1","3908793","3908949","GL873530","34437251","34437408","47","30528458"
"KQ054289v1","1661987","1662165","GL873545","10030078","10030236","48","8368091"
"KQ054289v1","1677485","1677577","GL873640","5392985","5393074","22","3715500"
"KQ054289v1","3047412","3047549","GL873520","6556407","6556544","41","3508995"
"KQ054289v1","5027367","5027471","GL873671","3625860","3625960","30","1401507"
"KQ054291v1","10769","10829","GL873531","15784836","15784898","16","15774067"
"KQ054301v1","1601372","1601484","GL873527","16880161","16880269","32","15278789"
"KQ054301v1","1608840","1608935","GL873556","13675588","13675681","22","12066748"
"KQ054301v1","1609362","1609587","GL873520","59757203","59757413","61","58147841"
"KQ054301v1","1636737","1636821","GL873565","13000540","13000622","16","11363803"
"KQ054301v1","3123301","3123588","GL873686","621323","621599","72","2501978"
"KQ054301v1","3148547","3148720","GL873539","4383633","4383802","53","1235086"
"KQ054301v1","3151205","3151277","GL873535","28232153","28232224","18","25080948"
"KQ054301v1","3161682","3161851","GL873539","4383633","4383802","48","1221951"
"KQ054301v1","3162305","3162417","GL873587","5995671","5995777","39","2833366"
"KQ054301v1","3186247","3186428","GL873782","411225","411411","39","2775022"
"KQ054301v1","3195423","3195596","GL873530","28477659","28477825","46","25282236"
"KQ054301v1","3258120","3258313","GL873629","1428023","1428223","57","1830097"
"KQ054301v1","3258422","3258523","GL873521","33055134","33055229","29","29796712"
"KQ054301v1","3388628","3388749","GL873572","74619","74740","24","3314009"
"KQ054301v1","3389201","3389326","GL873590","2687355","2687476","28","701846"
"KQ054301v1","3472627","3472806","GL873738","868388","868560","47","2604239"
"KQ054301v1","3493770","3493936","GL873556","783217","783382","39","2710553"
"KQ054301v1","3494205","3494346","GL873624","3265796","3265938","25","228409"
"KQ054312v1","1422980","1423139","GL873544","16592077","16592238","41","15169097"
"KQ054312v1","1495695","1495828","GL873537","254859","254986","41","1240836"
"KQ054312v1","1778851","1779118","GL873520","28646007","28646275","73","26867156"
"KQ054312v1","1957776","1958061","GL873588","8849199","8849480","89","6891423"
"KQ054323v1","183860","184046","GL873749","1663715","1663890","48","1479855"
"KQ054323v1","1472693","1472887","GL873526","11157591","11157777","57","9684898"
"KQ054323v1","1491268","1491362","GL873602","5267428","5267515","24","3776160"
"KQ054334v1","1757042","1757298","GL873541","9407970","9408227","94","7650928"
"KQ054334v1","2406328","2406573","GL873537","22108584","22108816","66","19702256"
"KQ054334v1","2530395","2530477","GL873528","11341160","11341236","19","8810765"
"KQ054334v1","2534449","2534535","GL873531","29407980","29408059","29","26873531"
"KQ054345v1","1209201","1209254","GL873551","8364632","8364685","13","7155431"
"KQ054345v1","1209691","1209805","GL873629","3096234","3096349","24","1886543"
"KQ054345v1","1354761","1355009","GL873663","2458713","2458950","78","1103952"
"KQ054345v1","1685207","1685391","GL873738","153780","153955","46","1531427"
"KQ054345v1","1748606","1748664","GL873678","655633","655691","19","1092973"
"KQ054345v1","1898502","1898620","GL873563","9543863","9543971","34","7645361"
"KQ054356v1","171934","172088","GL873580","9524466","9524615","34","9352532"
"KQ054356v1","577505","577604","GL873522","26024006","26024115","27","25446501"
"KQ054356v1","577606","577735","GL873558","3386392","3386528","46","2808786"
"KQ054356v1","772417","772505","GL873551","596749","596836","19","175668"
"KQ054356v1","857158","857230","GL873786","71506","71580","20","785652"
"KQ054356v1","1051376","1051430","GL873521","7636438","7636492","14","6585062"
"KQ054356v1","1053043","1053099","GL873524","29909406","29909464","12","28856363"
"KQ054356v1","1079789","1079856","GL873634","727704","727770","16","352085"
"KQ054356v1","1471676","1471729","GL873557","8763736","8763785","16","7292060"
"KQ054356v1","1471730","1471935","GL873526","276246","276450","45","1195484"
"KQ054356v1","1651270","1651566","GL873530","26024323","26024607","73","24373053"
"KQ054356v1","2107824","2107969","GL873536","13223681","13223820","56","11115857"
"KQ054356v1","2291496","2291670","AAQR03195853","558","724","44","2290938"
"KQ054356v1","2292153","2292266","GL873660","1148077","1148196","24","1144076"
"KQ054356v1","2333083","2333325","GL873524","990856","991096","60","1342227"
"KQ054356v1","2353027","2353104","GL873522","17017698","17017772","19","14664671"
"KQ054356v1","2675834","2676027","GL873786","671026","671227","42","2004808"
"KQ054356v1","2676269","2676386","GL873537","14344763","14344868","27","11668494"
"KQ054362v1","3118","3251","GL873554","12795185","12795308","32","12792067"
"KQ054367v1","2523","2818","GL873557","13647283","13647574","64","13644760"
"KQ054367v1","544959","545165","GL873664","3494537","3494722","58","2949578"
"KQ054367v1","683160","683271","GL873768","917812","917931","37","234652"
"KQ054367v1","1419725","1420007","GL873566","4210148","4210433","70","2790423"
"KQ054367v1","1448193","1448495","GL873592","1782809","1783091","95","334616"
"KQ054367v1","2596568","2596736","GL873537","27993531","27993702","40","25396963"
"KQ054378v1","126089","126337","GL873556","1466684","1466913","65","1340595"
"KQ054378v1","795963","796114","GL873535","21517249","21517392","35","20721286"
"KQ054378v1","975215","975372","GL873523","24466125","24466288","33","23490910"
"KQ054378v1","1543064","1543156","GL873531","19398528","19398612","25","17855464"
"KQ054378v1","1659742","1659819","GL873629","3293915","3293989","20","1634173"
"KQ054378v1","2172977","2173112","GL873595","3097846","3097982","43","924869"
"KQ054383v1","8535","8669","GL873544","15615647","15615780","34","15607112"
"KQ054383v1","8670","8714","GL873536","7656747","7656788","12","7648077"
"KQ054389v1","1181674","1181965","GL873645","2550149","2550439","70","1368475"
"KQ054389v1","2599836","2599953","GL873603","3084402","3084516","29","484566"
"KQ054389v1","2599992","2600158","GL873551","611423","611588","54","1988569"
"KQ054400v1","92258","92356","GL873621","7661913","7661999","29","7569655"
"KQ054400v1","350619","350745","GL873563","5744482","5744596","30","5393863"
"KQ054400v1","876032","876097","GL873531","3240376","3240449","20","2364344"
"KQ054400v1","1248632","1248702","GL873539","18992999","18993056","24","17744367"
"KQ054400v1","1738120","1738267","GL873539","16519193","16519341","37","14781073"
"KQ054400v1","1745831","1745977","GL873541","22744027","22744156","39","20998196"
"KQ054400v1","3728844","3728921","GL873601","3592553","3592628","23","136291"
"KQ054400v1","4573867","4573895","GL873521","30483388","30483411","8","25909521"
"KQ054400v1","4606973","4607086","GL873537","19430853","19430962","29","14823880"
"KQ054400v1","4725157","4725231","GL873539","1729389","1729452","23","2995768"
"KQ054400v1","4783282","4783445","GL873654","4097629","4097787","41","685653"
"KQ054400v1","4796779","4796940","GL873654","4097629","4097787","49","699150"
"KQ054400v1","4983346","4983424","GL873674","531838","531912","21","4451508"
"KQ054400v1","5016808","5017004","GL873672","1028693","1028869","60","3988115"
"KQ054400v1","6122801","6123065","GL873593","4584396","4584631","101","1538405"
"KQ054400v1","6306825","6307137","GL873522","578783","579080","68","5728042"
"KQ054400v1","7084781","7084834","GL873624","4887814","4887862","15","2196967"
"KQ054400v1","7285758","7285922","GL873627","5778385","5778551","45","1507373"
"KQ054401v1","4718516","4718651","GL873537","5260158","5260287","29","541642"
"KQ054401v1","446926","447076","GL873557","7331485","7331632","51","6884559"
"KQ054401v1","473478","473675","GL873703","651659","651849","56","178181"
"KQ054401v1","1100851","1100939","GL873525","20309702","20309793","18","19208851"
"KQ054401v1","1112503","1112778","GL873522","38026486","38026756","100","36913983"
"KQ054401v1","1465290","1465414","GL873535","14527366","14527483","36","13062076"
"KQ054401v1","2612987","2613131","GL873699","414115","414229","48","2198872"
"KQ054401v1","3001517","3001726","GL873574","7263459","7263649","54","4261942"
"KQ054401v1","3359067","3359198","GL873527","19986574","19986720","38","16627507"
"KQ054401v1","4785125","4785271","GL873944","6898","7040","44","4778227"
"KQ054412v1","330749","331047","GL873627","5886123","5886408","67","5555374"
"KQ054412v1","589513","589632","GL873525","34073232","34073353","31","33483719"
"KQ054412v1","589636","589680","GL873529","9778058","9778099","10","9188422"
"KQ054412v1","1154344","1154546","GL873551","7857741","7857917","55","6703397"
"KQ054412v1","1487444","1487529","GL873660","1473951","1474030","25","13493"
"KQ054412v1","2139582","2139853","GL873764","1064487","1064759","85","1075095"
"KQ054412v1","2220558","2220626","GL873550","678043","678106","18","1542515"
"KQ054412v1","2423989","2424060","GL873596","9593347","9593422","19","7169358"
"KQ054412v1","2455662","2455795","GL873527","25115722","25115818","49","22660060"
"KQ054412v1","2467677","2467898","GL873533","30400196","30400413","68","27932519"
"KQ054412v1","2467946","2468025","GL873528","2307412","2307489","22","160534"
"KQ054412v1","2480009","2480100","GL873541","2202473","2202561","25","277536"
"KQ054412v1","2983427","2983622","GL873619","2621655","2621835","46","361772"
"KQ054416v1","2499","2744","GL873663","2458713","2458950","59","2456214"
"KQ054416v1","4814","4861","GL873764","1511892","1511936","11","1507078"
"KQ054423v1","1160778","1160912","GL873544","11778018","11778143","34","10617240"
"KQ054423v1","1164807","1164976","GL873671","4052204","4052375","37","2887397"
"KQ054434v1","422552","422617","GL873537","1309503","1309574","19","886951"
"KQ054434v1","691751","691859","GL873713","410449","410559","28","281302"
"KQ054434v1","982824","982981","GL873538","4434156","4434296","53","3451332"
"KQ054434v1","1008027","1008247","GL873558","6379635","6379825","62","5371608"
"KQ054434v1","2349040","2349171","GL873606","2578971","2579105","40","229931"
"KQ054445v1","642634","642716","GL873534","15932201","15932280","24","15289567"
"KQ054445v1","1043688","1043768","GL873543","17612032","17612116","16","16568344"
"KQ054445v1","2895719","2895888","GL873724","1561055","1561214","44","1334664"
"KQ054456v1","627216","627307","GL873532","30246627","30246720","31","29619411"
"KQ054456v1","651865","652131","GL873569","9715284","9715563","92","9063419"
"KQ054456v1","806982","807213","GL873524","990856","991096","77","183874"
"KQ054456v1","821186","821295","GL873522","26024006","26024115","26","25202820"
"KQ054456v1","821629","821839","GL873527","14944117","14944314","46","14122488"
"KQ054456v1","900190","900441","GL873622","4189093","4189337","68","3288903"
"KQ054456v1","2997320","2997432","GL873525","22422535","22422638","33","19425215"
"KQ054456v1","3828056","3828113","GL873649","3660885","3660940","18","167171"
"KQ054456v1","3902499","3902643","GL873592","6777355","6777480","42","2874856"
"KQ054456v1","5234453","5234631","GL873540","880491","880639","50","4353962"
"KQ054456v1","5234634","5234687","GL873579","8858590","8858631","15","3623956"
"KQ054456v1","5294369","5294598","GL873534","21298708","21298911","77","16004339"
"KQ054456v1","5294650","5294774","GL873743","534634","534759","31","4760016"
"KQ054456v1","5420734","5420884","GL873520","9366784","9366942","53","3946050"
"KQ054456v1","5749833","5749942","GL873530","36225502","36225616","29","30475669"
"KQ054456v1","5782025","5782105","GL873606","4461499","4461578","21","1320526"
"KQ054466v1","770833","771127","GL873619","6346272","6346549","73","5575439"
"KQ054466v1","1379166","1379481","GL873665","1170071","1170374","101","209095"
"KQ054477v1","161804","162008","GL873526","11157591","11157777","65","10995787"
"KQ054488v1","710879","711009","GL873572","74619","74740","30","636260"
"KQ054499v1","1494729","1494888","GL873664","4867545","4867702","42","3372816"
"KQ054501v1","51603","51681","GL873549","18949847","18949924","18","18898244"
"KQ054501v1","54334","54410","GL873528","9014723","9014792","19","8960389"
"KQ054510v1","187167","187244","GL873527","16933164","16933240","19","16745997"
"KQ054510v1","324875","324980","GL873535","14527366","14527483","31","14202491"
"KQ054510v1","607942","608244","GL873535","28636931","28637211","71","28028989"
"KQ054510v1","1034201","1034324","GL873529","10002792","10002919","44","8968591"
"KQ054510v1","1258956","1259033","GL873620","6701200","6701282","18","5442244"
"KQ054510v1","1485405","1485488","GL873568","10289093","10289171","18","8803688"
"KQ054510v1","1485825","1485976","GL873573","2498691","2498852","39","1012866"
"KQ054510v1","1511249","1511358","GL873685","980113","980219","36","531136"
"KQ054510v1","1808521","1808642","GL873525","12129856","12129974","31","10321335"
"KQ054510v1","1878669","1878736","GL873536","14688555","14688619","28","12809886"
"KQ054510v1","1880529","1880690","GL873539","18689528","18689696","46","16808999"
"KQ054510v1","1882623","1882684","GL873533","16799656","16799727","25","14917033"
"KQ054510v1","1933306","1933468","GL873536","2190938","2191091","41","257632"
"KQ054510v1","2021396","2021513","GL873592","360215","360319","44","1661181"
"KQ054510v1","2026938","2027026","GL873522","16383635","16383721","25","14356697"
"KQ054510v1","2037157","2037239","GL873544","15337162","15337245","21","13300005"
"KQ054510v1","2109425","2109552","GL873553","7189686","7189818","37","5080261"
"KQ054510v1","2264715","2264831","GL873532","3402243","3402363","31","1137528"
"KQ054510v1","2272813","2272931","GL873532","3402243","3402363","34","1129430"
"KQ054510v1","2455127","2455271","GL873542","10824773","10824891","45","8369646"
"KQ054510v1","2981061","2981074","GL873520","16288939","16288953","2","13307878"
"KQ054510v1","2983156","2983454","GL873523","24483647","24483928","67","21500491"
"KQ054510v1","2986875","2987027","GL873613","7635807","7635949","40","4648932"
"KQ054510v1","3085050","3085064","GL873522","35747673","35747685","3","32662623"
"KQ054510v1","3085423","3085604","GL873523","24466125","24466288","56","21380702"
"KQ054510v1","3089058","3089216","GL873554","1190683","1190838","45","1898375"
"KQ054510v1","3089527","3089541","GL873522","35747673","35747685","3","32658146"
"KQ054510v1","3103101","3103272","GL873526","24899491","24899663","45","21796390"
"KQ054510v1","3330078","3330090","GL873550","5885367","5885378","1","2555289"
"KQ054510v1","3330424","3330592","GL873618","1464271","1464442","42","1866153"
"KQ054510v1","3971782","3971994","GL873537","15545198","15545418","44","11573416"
"KQ054510v1","4671305","4671424","GL873561","9474452","9474565","40","4803147"
"KQ054510v1","4779587","4779713","GL873537","1437697","1437809","39","3341890"
"KQ054510v1","4779757","4779944","GL873565","13373423","13373605","57","8593666"
"KQ054510v1","6594115","6594286","GL873520","24120406","24120554","61","17526291"
"KQ054510v1","7076514","7076624","GL873547","10344424","10344526","33","3267910"
"KQ054510v1","7211567","7211608","GL873529","36001492","36001528","13","28789925"
"KQ054510v1","7240097","7240355","GL873584","8059435","8059710","92","819338"
"KQ054510v1","8024691","8024852","GL873654","1584614","1584769","38","6440077"
"KQ054510v1","8157141","8157445","GL873698","2816557","2816859","87","5340584"
"KQ054510v1","8162621","8162843","GL873532","13643876","13644094","63","5481255"
"KQ054510v1","8169826","8169995","GL873523","24466125","24466288","32","16296299"
"KQ054510v1","8170125","8170186","GL873572","6909033","6909088","18","1261092"
"KQ054510v1","8216552","8216659","GL873538","17685593","17685700","37","9469041"
"KQ054510v1","8332211","8332403","GL873526","11157591","11157777","48","2825380"
"KQ054510v1","8430717","8430828","GL873699","414115","414229","32","8016602"
"KQ054510v1","8430931","8431079","GL873532","14192191","14192335","46","5761260"
"KQ054510v1","8471011","8471211","GL873610","4819130","4819340","72","3651881"
"KQ054510v1","8575795","8575862","GL873520","39493346","39493419","17","30917551"
"KQ054510v1","8578240","8578370","GL873567","11243791","11243914","35","2665551"
"KQ054510v1","8578477","8578682","GL873520","72195648","72195848","42","63617171"
"KQ054510v1","8876393","8876620","GL873569","216773","216998","77","8659620"
"KQ054510v1","8879546","8879588","GL873737","1646378","1646427","15","7233168"
"KQ054510v1","8879589","8879776","GL873527","16476811","16476996","54","7597222"
"KQ054510v1","9742862","9743043","GL873580","2175573","2175746","51","7567289"
"KQ054510v1","9755405","9755543","GL873619","7327021","7327157","43","2428384"
"KQ054510v1","9871907","9872043","GL873553","7189686","7189818","39","2682221"
"KQ054511v1","229306","229378","GL873531","29546265","29546331","24","29316959"
"KQ054511v1","267336","267510","GL873647","2719255","2719428","44","2451919"
"KQ054511v1","275785","275958","GL873647","2719255","2719428","42","2443470"
"KQ054511v1","578351","578468","GL873525","12129856","12129974","26","11551505"
"KQ054511v1","864278","864407","GL873592","1791857","1791980","35","927579"
"KQ054511v1","867064","867202","GL873538","4434156","4434296","43","3567092"
"KQ054511v1","883252","883665","GL873654","5454837","5455177","195","4571585"
"KQ054511v1","886547","886644","GL873615","7889092","7889173","28","7002545"
"KQ054511v1","898305","898569","GL873536","21551697","21551969","84","20653392"
"KQ054511v1","956565","956665","GL873521","34434991","34435090","34","33478426"
"KQ054511v1","1017160","1017445","GL873557","13647283","13647574","67","12630123"
"KQ054522v1","1830271","1830361","GL873535","25169802","25169890","23","23339531"
"KQ054522v1","2079660","2079838","GL873627","5778385","5778551","35","3698725"
"KQ054533v1","1584119","1584243","GL873525","12129856","12129974","33","10545737"
"KQ054533v1","1695378","1695544","GL873618","1994807","1994971","31","299429"
"KQ054533v1","1702449","1702644","GL873520","60002367","60002552","48","58299918"
"KQ054533v1","2003279","2003419","GL873624","6136622","6136747","46","4133343"
"KQ054533v1","2017754","2017909","GL873618","5342178","5342327","35","3324424"
"KQ054533v1","2114265","2114347","GL873545","6958691","6958775","21","4844426"
"KQ054533v1","2336109","2336294","GL873520","66697774","66697947","54","64361665"
"KQ054533v1","2368957","2369129","GL873618","1994807","1994971","44","374150"
"KQ054533v1","2372288","2372424","GL873593","6325573","6325710","32","3953285"
"KQ054533v1","2616582","2616777","GL873841","120398","120585","49","2496184"
"KQ054533v1","2616780","2616819","GL873651","5125250","5125292","7","2508470"
"KQ054533v1","2667125","2667265","GL873632","6672017","6672152","38","4004892"
"KQ054544v1","680086","680354","GL873660","539655","539935","86","140431"
"KQ054544v1","700920","701081","GL873530","17834459","17834617","42","17133539"
"KQ054544v1","719761","719986","GL873671","2607356","2607589","56","1887595"
"KQ054555v1","1661406","1661495","GL873551","12695724","12695812","21","11034318"
"KQ054555v1","1671378","1671578","GL873537","3509266","3509464","55","1837888"
"KQ054565v1","1112619","1112772","GL873624","3052706","3052849","47","1940087"
"KQ054565v1","4727950","4728243","GL873551","8965023","8965313","96","4237073"
"KQ054565v1","6565835","6566071","GL873590","4246037","4246284","66","2319798"
"KQ054565v1","7159854","7160218","GL873653","1101074","1101444","132","6058780"
"KQ054565v1","7183004","7183226","GL873540","3059613","3059818","75","4123391"
"KQ054565v1","7187574","7187724","GL873580","11279171","11279311","46","4091597"
"KQ054565v1","7208430","7208620","GL873646","285959","286143","51","6922471"
"KQ054565v1","7322780","7322952","GL873540","18329258","18329429","46","11006478"
"KQ054565v1","7381556","7381622","GL873807","576078","576147","16","6805478"
"KQ054565v1","7388226","7388515","GL873530","3607679","3607965","61","3780547"
"KQ054565v1","7829727","7829885","GL873764","974978","975130","38","6854749"
"KQ054565v1","7901098","7901395","GL873572","7101902","7102196","70","799196"
"KQ054576v1","167621","167817","GL873767","208231","208414","37","40610"
"KQ054576v1","167908","168031","GL873531","27529977","27530099","24","27362069"
"KQ054576v1","366970","367110","GL873521","40942574","40942707","28","40575604"
"KQ054576v1","368975","369113","GL873545","3926917","3927055","40","3557942"
"KQ054576v1","369971","370081","GL873604","3024931","3025049","29","2654960"
"KQ054576v1","582218","582414","GL873944","77315","77500","49","504903"
"KQ054576v1","640392","640461","GL873526","41641944","41642001","24","41001552"
"KQ054576v1","691726","692002","GL873528","5390311","5390587","64","4698585"
"KQ054576v1","863659","863848","GL873698","943503","943692","41","79844"
"KQ054576v1","865824","865921","GL873537","6788769","6788864","19","5922945"
"KQ054576v1","2928941","2929215","GL873520","25419245","25419523","74","22490304"
"KQ054587v1","1177278","1177437","GL873527","25081610","25081771","42","23904332"
"KQ054587v1","3051858","3051989","GL873534","2145903","2146040","41","905955"
"KQ054587v1","4794877","4795055","GL873604","945430","945583","50","3849447"
"KQ054596v1","144162","144436","GL873538","15228014","15228295","67","15083852"
"KQ054596v1","152610","152674","GL873644","196806","196867","13","44196"
"KQ054596v1","180408","180469","GL873620","5538205","5538259","18","5357797"
"KQ054596v1","180488","180537","GL873636","2811521","2811568","18","2631033"
"KQ054596v1","352176","352355","GL873547","16536820","16536997","56","16184644"
"KQ054596v1","352490","352516","GL873530","16476425","16476447","6","16123935"
"KQ054596v1","438956","439082","GL873629","3096234","3096349","38","2657278"
"KQ054596v1","462620","462793","GL873549","6429025","6429195","46","5966405"
"KQ054596v1","613726","613854","GL873520","6556270","6556371","41","5942544"
"KQ054596v1","713143","713291","GL873647","5068614","5068759","43","4355471"
"KQ054596v1","727037","727181","GL873615","7003895","7004047","37","6276858"
"KQ054606v1","237370","237528","GL873659","2800053","2800185","43","2562683"
"KQ054606v1","275076","275251","GL873578","4814227","4814404","39","4539151"
"KQ054606v1","324289","324475","GL873620","6043468","6043652","50","5719179"
"KQ054606v1","743201","743371","GL873656","3905942","3906112","42","3162741"
"KQ054606v1","743373","743424","GL873565","9864589","9864640","11","9121216"
"KQ054606v1","1773184","1773357","GL873724","1561055","1561214","55","212129"
"KQ054606v1","1789874","1790039","GL873724","1561055","1561214","34","228819"
"KQ054617v1","87133","87208","GL873553","14472135","14472211","20","14385002"
"KQ054617v1","308376","308619","GL873548","13675285","13675539","89","13366909"
"KQ054617v1","466529","466735","GL873531","28766902","28767118","53","28300373"
"KQ054617v1","509345","509466","GL873565","9766588","9766698","38","9257243"
"KQ054617v1","606335","606517","GL873520","24614027","24614196","52","24007692"
"KQ054617v1","722122","722311","GL873944","77315","77500","50","644807"
"KQ054617v1","722645","722661","GL873575","12071673","12071687","3","11349028"
"KQ054617v1","843894","844046","GL873697","3243049","3243178","46","2399155"
"KQ054617v1","844359","844517","GL873569","11792665","11792819","39","10948306"
"KQ054617v1","856703","856882","GL873562","7651933","7652105","39","6795230"
"KQ054617v1","1027696","1027860","GL873807","489268","489429","44","538428"
"KQ054617v1","1383148","1383251","GL873756","895486","895588","21","487662"
"KQ054617v1","1383252","1383364","GL873699","414115","414229","25","969137"
"KQ054617v1","1712810","1712994","GL873570","1362998","1363173","50","349812"
"KQ054617v1","1713587","1713765","GL873572","6008444","6008617","40","4294857"
"KQ054617v1","2080953","2081033","GL873562","12669372","12669455","19","10588419"
"KQ054617v1","2147454","2147670","GL873557","7934038","7934242","87","5786584"
"KQ054618v1","1319209","1319301","GL873760","548683","548772","23","770526"
"KQ054618v1","1319470","1319589","GL873533","31145638","31145758","31","29826168"
"KQ054618v1","2118741","2118901","GL873659","4718557","4718717","37","2599816"
"KQ054618v1","4477700","4477999","GL873698","2816557","2816859","79","1661143"
"KQ054618v1","4554067","4554157","GL873551","12695724","12695812","18","8141657"
"KQ054618v1","4713560","4713776","GL873531","28766902","28767118","61","24053342"
"KQ054628v1","642398","642497","GL873537","19708547","19708642","24","19066149"
"KQ054628v1","795602","795784","GL873640","5887816","5887980","49","5092214"
"KQ054628v1","942107","942268","GL873724","1561055","1561214","34","618948"
"KQ054628v1","982368","982521","GL873530","10321707","10321839","45","9339339"
"KQ054628v1","1016774","1016853","GL873520","39493346","39493419","17","38476572"
"KQ054628v1","3525348","3525640","GL873583","10657575","10657866","66","7132227"
"KQ054638v1","85753","85856","GL873707","2639015","2639123","30","2553262"
"KQ054638v1","455881","456133","GL873557","11523588","11523830","77","11067707"
"KQ054638v1","518357","518428","GL873540","20165746","20165810","22","19647389"
"KQ054638v1","541170","541280","GL873521","49618170","49618276","42","49077000"
"KQ054638v1","557576","557849","GL873545","11089266","11089551","75","10531690"
"KQ054638v1","632052","632177","GL873532","3402243","3402363","37","2770191"
"KQ054638v1","632625","632738","GL873561","10858718","10858821","40","10226093"
"KQ054638v1","642084","642173","GL873570","12548768","12548856","24","11906684"
"KQ054638v1","686921","686985","GL873530","16707968","16708031","16","16021047"
"KQ054638v1","941321","941360","GL873555","15094894","15094930","12","14153573"
"KQ054660v1","2328228","2328346","GL873522","47102622","47102740","40","44774394"
"KQ054660v1","2745303","2745528","GL873523","35290547","35290765","65","32545244"
"KQ054660v1","2922338","2922467","GL873665","3724327","3724453","35","801989"
"KQ054660v1","2922468","2922509","GL873557","11386820","11386857","8","8464352"
"KQ054660v1","3005177","3005469","GL873704","2850221","2850512","84","154956"
"KQ054660v1","3580751","3580981","GL873586","6466685","6466915","54","2885934"
"KQ054660v1","3591936","3592113","GL873536","9079364","9079521","46","5487428"
"KQ054660v1","3751796","3751887","GL873602","5267428","5267515","20","1515632"
"KQ054660v1","3783941","3784102","GL873565","11529864","11530029","35","7745923"
"KQ054660v1","4129253","4129386","GL873570","3270103","3270234","27","859150"
"KQ054660v1","4221733","4221920","GL873526","11157591","11157777","51","6935858"
"KQ054660v1","4255367","4255449","GL873538","4501517","4501595","17","246150"
"KQ054660v1","4289629","4289798","GL873565","11529864","11530029","37","7240235"
"KQ054660v1","4300582","4300707","GL873740","614168","614297","29","3686414"
"KQ054660v1","4386336","4386574","GL873528","8678356","8678598","80","4292020"
"KQ054660v1","4405803","4405945","GL873672","1650183","1650320","29","2755620"
"KQ054660v1","4533796","4533954","GL873563","11056083","11056238","32","6522287"
"KQ054660v1","5117945","5118037","GL873672","1009262","1009354","25","4108683"
"KQ054671v1","1354453","1354519","GL873530","16707968","16708031","17","15353515"
"KQ054671v1","2432222","2432336","GL873624","3243871","3243973","33","811649"
"KQ054676v1","3609","3771","GL873646","1083631","1083795","43","1080022"
"KQ054682v1","801082","801186","GL873527","25115722","25115818","22","24314640"
"KQ054682v1","801973","802099","GL873666","948515","948640","23","146542"
"KQ054682v1","1018104","1018417","GL873602","5430764","5431051","96","4412660"
"KQ054682v1","1557427","1557544","GL873574","11381468","11381581","33","9824041"
"KQ054682v1","1557659","1557830","GL873520","8919461","8919631","41","7361802"
"KQ054682v1","2190846","2190955","GL873628","4885841","4885942","27","2694995"
"KQ054682v1","2194562","2194620","GL873573","608264","608315","16","1586298"
"KQ054682v1","2194953","2195091","GL873521","8041789","8041920","33","5846836"
"KQ054682v1","2319133","2319306","GL873782","411225","411411","58","1907908"
"KQ054682v1","2366923","2366993","GL873537","7143523","7143592","19","4776600"
"KQ054682v1","2383430","2383500","GL873537","7143523","7143592","19","4760093"
"KQ054693v1","165964","166160","GL873703","651659","651849","39","485695"
"KQ054693v1","238717","238817","GL873541","2202473","2202561","33","1963756"
"KQ054693v1","243009","243165","GL873540","880491","880639","32","637482"
"KQ054693v1","597200","597339","GL873565","6531284","6531427","34","5934084"
"KQ054693v1","841658","841955","GL873570","1465365","1465655","57","623707"
"KQ054693v1","1059692","1059870","GL873537","16464380","16464550","58","15404688"
"KQ054693v1","1243789","1243900","GL873563","10639188","10639288","25","9395399"
"KQ054693v1","1244008","1244186","GL873557","10271613","10271786","53","9027605"
"KQ054693v1","1293085","1293252","GL873540","23174211","23174379","40","21881126"
"KQ054693v1","1361586","1361746","GL873520","9366784","9366942","33","8005198"
"KQ054693v1","1393990","1394156","GL873565","11529864","11530029","42","10135874"
"KQ054693v1","1803726","1803962","GL873522","4564659","4564922","72","2760933"
"KQ054693v1","1832574","1832706","GL873611","6995079","6995212","29","5162505"
"KQ054693v1","1833032","1833214","GL873797","219056","219227","43","1613976"
"KQ054693v1","1838376","1838536","GL873539","8013911","8014069","37","6175535"
"KQ054693v1","2018533","2018616","GL873520","72046958","72047043","16","70028425"
"KQ054693v1","2028575","2028739","GL873535","19427312","19427481","49","17398737"
"KQ054693v1","2083129","2083404","GL873752","1319798","1320075","72","763331"
"KQ054693v1","2570991","2571121","GL873535","7373560","7373692","30","4802569"
"KQ054693v1","2572194","2572401","GL873575","8520605","8520793","57","5948411"
"KQ054693v1","2636476","2636573","GL873658","2584883","2584976","26","51593"
"KQ054704v1","266235","266393","GL873527","38186869","38187003","47","37920634"
"KQ054704v1","274174","274316","GL873523","44684523","44684653","46","44410349"
"KQ054704v1","353140","353277","GL873537","14908011","14908132","48","14554871"
"KQ054704v1","361973","362089","GL873531","21878386","21878495","41","21516413"
"KQ054704v1","389543","389720","GL873631","195020","195194","32","194523"
"KQ054704v1","479856","480039","GL873589","3717158","3717308","65","3237302"
"KQ054704v1","501386","501602","GL873613","2914211","2914407","70","2412825"
"KQ054704v1","587890","588148","GL873626","6561324","6561580","88","5973434"
"KQ054704v1","611204","611309","GL873628","4885841","4885942","26","4274637"
"KQ054704v1","668158","668435","GL873580","1959436","1959717","68","1291278"
"KQ054704v1","672184","672466","GL873580","1959436","1959717","65","1287252"
"KQ054704v1","701065","701207","GL873537","28378121","28378257","39","27677056"
"KQ054704v1","725277","725410","GL873537","14783572","14783698","36","14058295"
"KQ054704v1","898876","899177","GL873563","10867620","10867926","71","9968744"
"KQ054704v1","1037003","1037230","GL873842","312979","313197","66","724024"
"KQ054704v1","1056869","1056975","GL873520","9615015","9615121","21","8558146"
"KQ054704v1","1057966","1058028","GL873542","5880410","5880462","19","4822444"
"KQ054704v1","1060618","1060764","GL873520","59860029","59860166","54","58799411"
"KQ054704v1","1110463","1110543","GL873547","14107890","14107966","24","12997427"
"KQ054704v1","1269883","1270197","GL873646","609878","610182","91","660005"
"KQ054713v1","6173","6371","GL873541","18457887","18458077","57","18451714"
"KQ054713v1","489575","489655","GL873567","12374245","12374328","22","11884670"
"KQ054713v1","639354","639570","GL873543","5991486","5991675","79","5352132"
"KQ054713v1","686862","687154","GL873545","11089266","11089551","76","10402404"
"KQ054713v1","724472","724744","GL873671","1827730","1827990","70","1103258"
"KQ054713v1","943407","943484","GL873553","14472135","14472211","17","13528728"
"KQ054713v1","1854729","1854903","GL873611","1575069","1575238","43","279660"
"KQ054713v1","2394101","2394217","GL873595","4652048","4652150","33","2257947"
"KQ054713v1","2394444","2394638","GL873664","1779907","1780101","43","614537"
"KQ054713v1","2546434","2546528","GL873650","5009098","5009191","32","2462664"
"KQ054722v1","3041","3129","GL873660","1473951","1474030","24","1470910"
"KQ054724v1","254987","255056","GL873540","18659891","18659961","19","18404904"
"KQ054724v1","255559","255744","GL873647","2719255","2719428","43","2463696"
"KQ054724v1","775618","775714","GL873527","35029446","35029527","41","34253828"
"KQ054724v1","776021","776070","GL873646","3151841","3151892","13","2375820"
"KQ054724v1","1451260","1451402","GL873670","2301302","2301432","36","850042"
"KQ054724v1","1483925","1484053","GL873648","781414","781536","42","702511"
"KQ054724v1","1484373","1484389","GL873564","8093302","8093318","1","6608929"
"KQ054724v1","1584164","1584252","GL873611","3539074","3539174","29","1954910"
"KQ054724v1","1584668","1584751","GL873635","3578224","3578308","16","1993556"
"KQ054724v1","1739327","1739466","GL873548","17226754","17226892","33","15487427"
"KQ054724v1","1743563","1743651","GL873522","4136127","4136216","39","2392564"
"KQ054724v1","2282862","2282940","GL873528","11341160","11341236","16","9058298"
"KQ054724v1","2427251","2427475","GL873730","2312853","2313040","85","114398"
"KQ054724v1","3074173","3074305","GL873563","7461479","7461610","36","4387306"
"KQ054724v1","4127687","4127977","GL873533","2554233","2554520","60","1573454"
"KQ054724v1","4812498","4812651","GL873615","7003895","7004047","35","2191397"
"KQ054725v1","1111710","1111837","GL873541","17127761","17127874","34","16016051"
"KQ054725v1","1659313","1659397","GL873576","10555704","10555786","22","8896391"
"KQ054725v1","1677506","1677650","GL873526","7053347","7053481","41","5375841"
"KQ054725v1","1785597","1785670","GL873547","14107890","14107966","18","12322293"
"KQ054725v1","1853440","1853633","GL873765","252878","253065","48","1600562"
"KQ054725v1","2230331","2230378","GL873783","418011","418060","12","1812320"
"KQ054725v1","2230725","2230890","GL873562","11961938","11962099","42","9731213"
"KQ054725v1","2334056","2334151","GL873769","864825","864919","24","1469231"
"KQ054727v1","1188","1507","GL873698","2596785","2597033","110","2595597"
"KQ054734v1","123482","123619","GL873785","82861","83001","38","40621"
"KQ054734v1","162035","162143","GL873573","813798","813903","29","651763"
"KQ054734v1","162271","162424","GL873576","6955193","6955339","36","6792922"
"KQ054734v1","225082","225237","GL873573","876113","876277","51","651031"
"KQ054734v1","292073","292090","GL873537","6332538","6332553","7","6040465"
"KQ054734v1","292974","293069","GL873520","7208044","7208133","29","6915070"
"KQ054734v1","441592","441766","GL873530","29175192","29175379","51","28733600"
"KQ054734v1","457594","457678","GL873523","38814448","38814531","20","38356854"
"KQ054734v1","611609","611716","GL873537","678217","678323","35","66608"
"KQ054745v1","108177","108366","GL873646","629916","630106","43","521739"
"KQ054745v1","176988","177135","GL873548","17167323","17167469","39","16990335"
"KQ054745v1","186150","186297","GL873548","17167323","17167469","39","16981173"
"KQ054745v1","337460","337737","GL873530","9802922","9803210","74","9465462"
"KQ054745v1","394967","395187","GL873671","2607356","2607589","64","2212389"
"KQ054745v1","395673","395779","GL873534","26159066","26159178","33","25763393"
"KQ054745v1","412754","412802","GL873717","1180954","1181002","12","768200"
"KQ054745v1","710801","711044","GL873525","30037556","30037771","86","29326755"
"KQ054745v1","920622","920844","GL873780","157840","158032","89","762782"
"KQ054745v1","928110","928263","GL873565","11529864","11530029","47","10601754"
"KQ054745v1","938901","939037","GL873617","6833336","6833475","28","5894435"
"KQ054756v1","115502","115743","GL873526","15343177","15343418","82","15227675"
"KQ054756v1","638664","638802","GL873603","7807867","7808021","51","7169203"
"KQ054756v1","1364052","1364132","GL873541","14991590","14991669","22","13627538"
"KQ054756v1","2572660","2572903","GL873520","38591830","38592053","76","36019170"
"KQ054765v1","661948","662134","GL873573","4612614","4612773","63","3950666"
"KQ054765v1","1922364","1922621","GL873522","3581829","3582079","83","1659465"
"KQ054765v1","2970059","2970207","GL873593","6325573","6325710","39","3355514"
"KQ054776v1","37319","37474","GL873571","3865586","3865722","55","3828267"
"KQ054776v1","51516","51680","GL873573","4641381","4641514","52","4589865"
"KQ054776v1","255791","255972","GL873525","33376996","33377166","47","33121205"
"KQ054776v1","310693","310775","GL873580","2883425","2883512","25","2572732"
"KQ054776v1","477390","477683","GL873589","9611498","9611790","71","9134108"
"KQ054776v1","491187","491479","GL873589","9611498","9611790","73","9120311"
"KQ054776v1","637931","638021","GL873541","22384542","22384628","23","21746611"
"KQ054776v1","1218270","1218470","GL873574","3884566","3884768","64","2666296"
"KQ054776v1","1327552","1327692","GL873693","1333584","1333717","38","6032"
"KQ054776v1","1330698","1330880","GL873526","15326882","15327059","41","13996184"
"KQ054786v1","1277297","1277429","GL873528","8427951","8428089","47","7150654"
"KQ054786v1","1445874","1445963","GL873629","2497211","2497296","28","1051337"
"KQ054795v1","863343","863437","GL873620","2132512","2132606","31","1269169"
"KQ054795v1","2134123","2134268","GL873586","3966705","3966848","38","1832582"
"KQ054795v1","2343387","2343559","GL873752","1344481","1344655","39","998906"
"KQ054795v1","2343829","2343945","GL873544","21224414","21224529","36","18880585"
"KQ054795v1","2546941","2547107","GL873615","5581684","5581847","35","3034743"
"KQ054804v1","671605","671789","GL873535","29561032","29561202","49","28889427"
"KQ054804v1","738852","738934","GL873534","23048747","23048826","16","22309895"
"KQ054804v1","868427","868491","GL873597","361157","361223","16","507270"
"KQ054804v1","1576732","1576817","GL873615","6553474","6553553","21","4976742"
"KQ054815v1","803382","803529","GL873665","3682769","3682912","39","2879387"
"KQ054815v1","3402949","3402998","GL873548","2054061","2054111","11","1348888"
"KQ054815v1","3403100","3403397","GL873532","25692054","25692332","98","22288954"
"KQ054826v1","579180","579324","GL873530","17834459","17834617","42","17255279"
"KQ054826v1","903921","904066","GL873624","3265796","3265938","33","2361875"
"KQ054826v1","904306","904491","GL873526","26819982","26820159","50","25915676"
"KQ054826v1","966530","966625","GL873535","13414244","13414344","30","12447714"
"KQ054826v1","1077331","1077459","GL873557","7450087","7450205","37","6372756"
"KQ054826v1","1096594","1096696","GL873535","8721717","8721822","37","7625123"
"KQ054826v1","3038175","3038332","GL873615","5581684","5581847","36","2543509"
"KQ054826v1","3088802","3088949","GL873573","813408","813540","50","2275394"
"KQ054826v1","5145142","5145223","GL873544","11558642","11558719","20","6413500"
"KQ054826v1","6255888","6256090","GL873559","6823028","6823227","60","567140"
"KQ054826v1","6710850","6711000","GL873537","21798868","21799010","41","15088018"
"KQ054826v1","7227813","7227876","GL873520","25400012","25400071","21","18172199"
"KQ054826v1","7429930","7429992","GL873550","678043","678106","16","6751887"
"KQ054826v1","7521336","7521479","GL873520","59860029","59860166","48","52338693"
"KQ054826v1","7602432","7602648","GL873532","7987979","7988182","69","385547"
"KQ054826v1","7624533","7624690","GL873521","7573100","7573248","45","51433"
"KQ054826v1","7631291","7631448","GL873521","7573100","7573248","45","58191"
"KQ054826v1","7763758","7764046","GL873538","23689752","23690030","62","15925994"
"KQ054826v1","7997168","7997244","GL873616","3616178","3616249","18","4380990"
"KQ054826v1","8684107","8684304","GL873558","6379635","6379825","45","2304472"
"KQ054826v1","11851428","11851564","GL873533","28583691","28583828","33","16732263"
"KQ054826v1","12249348","12249631","GL873540","23695509","23695768","90","11446161"
"KQ054827v1","1428854","1429033","GL873522","250567","250742","42","1178287"
"KQ054827v1","1431669","1431794","GL873629","1324768","1324888","27","106901"
"KQ054827v1","2183354","2183536","GL873526","11157591","11157777","45","8974237"
"KQ054827v1","2194516","2194700","GL873526","11157591","11157777","44","8963075"
"KQ054827v1","2371925","2372125","GL873548","17499497","17499690","64","15127572"
"KQ054827v1","2913819","2913948","GL873542","1257752","1257878","44","1656067"
"KQ054837v1","130261","130426","GL873532","23509285","23509448","39","23379024"
"KQ054837v1","166686","167003","GL873520","70984973","70985269","102","70818287"
"KQ054837v1","400624","400799","GL873526","38956295","38956461","54","38555671"
"KQ054837v1","453459","453634","GL873528","7078950","7079112","59","6625491"
"KQ054837v1","465606","465730","GL873537","678217","678323","36","212611"
"KQ054839v1","5097","5173","GL873616","3616178","3616249","20","3611081"
"KQ054844v1","1","190","GL873537","20166300","20166488","53","20166299"
"KQ054848v1","992464","992749","GL873538","12840789","12841072","74","11848325"
"KQ054857v1","801638","801950","GL873529","37871657","37871962","90","37070019"
"KQ054857v1","864639","864701","GL873858","132957","133017","11","731682"
"KQ054857v1","1953684","1953842","GL873548","15177062","15177219","36","13223378"
"KQ054868v1","8298","8577","GL873756","1111625","1111895","88","1103327"
"KQ054868v1","44023","44094","GL873520","39493346","39493419","19","39449323"
"KQ054868v1","108241","108432","GL873521","29712461","29712641","56","29604220"
"KQ054868v1","118694","118787","GL873769","864825","864919","27","746131"
"KQ054868v1","257636","257909","GL873618","5334866","5335119","87","5077230"
"KQ054868v1","765808","765947","GL873553","9272614","9272726","51","8506806"
"KQ054868v1","766010","766089","GL873607","5268036","5268119","25","4502026"
"KQ054868v1","772781","772860","GL873553","14472135","14472211","22","13699354"
"KQ054868v1","864632","864785","GL873521","7573100","7573248","49","6708468"
"KQ054868v1","1307003","1307168","GL873677","2806122","2806285","47","1499119"
"KQ054868v1","1947454","1947531","GL873522","17017698","17017772","19","15070244"
"KQ054868v1","2056536","2056694","GL873539","18690134","18690271","50","16633598"
"KQ054868v1","2057106","2057219","GL873646","3709079","3709190","29","1651973"
"KQ054868v1","2379384","2379449","GL873524","25496552","25496618","15","23117168"
"KQ054879v1","1856196","1856456","GL873685","2483204","2483455","79","627008"
"KQ054879v1","1969797","1970093","GL873532","25692054","25692332","90","23722257"
"KQ054879v1","2195003","2195284","GL873645","1754256","1754532","61","440747"
"KQ054879v1","2298200","2298350","GL873674","1041977","1042129","36","1256223"
"KQ054879v1","2641225","2641280","GL873578","5795538","5795590","13","3154313"
"KQ054879v1","2938644","2938657","GL873574","8086531","8086545","2","5147887"
"KQ054879v1","2939665","2939880","GL873542","176294","176504","46","2763371"
"KQ054901v1","2292174","2292350","GL873557","10255310","10255483","56","7963136"
"KQ054910v1","786401","786535","GL873544","15673302","15673438","37","14886901"
"KQ054910v1","121608","121702","GL873551","12695724","12695812","22","12574116"
"KQ054910v1","334177","334331","GL873561","3424782","3424934","41","3090605"
"KQ054910v1","364003","364141","GL873539","16212028","16212159","53","15848025"
"KQ054910v1","432077","432303","GL873531","19459578","19459821","77","19027501"
"KQ054910v1","485422","485613","GL873580","9524466","9524615","67","9039044"
"KQ054910v1","834845","835016","GL873637","2325984","2326152","44","1491139"
"KQ054910v1","1344276","1344362","GL873528","37078998","37079082","19","35734722"
"KQ054910v1","1429864","1430041","GL873522","44334843","44335015","50","42904979"
"KQ054910v1","1451278","1451457","GL873565","11529864","11530029","52","10078586"
"KQ054910v1","1603163","1603347","GL873535","29561032","29561202","45","27957869"
"KQ054910v1","1709139","1709327","GL873547","16536820","16536997","50","14827681"
"KQ054921v1","1953641","1953717","GL873572","9304902","9304984","26","7351261"
"KQ054921v1","1954013","1954079","GL873565","4021397","4021460","21","2067384"
"KQ054921v1","2028515","2028723","GL873699","389480","389692","67","1639035"
"KQ054921v1","2035812","2036047","GL873615","7910066","7910284","68","5874254"
"KQ054921v1","3108706","3108760","GL873592","6855263","6855316","14","3746557"
"KQ054921v1","3109769","3109960","GL873526","6597075","6597264","49","3487306"
"KQ054921v1","3244286","3244445","GL873615","7003895","7004047","36","3759609"
"KQ054921v1","4146648","4146725","GL873523","24812869","24812944","21","20666221"
"KQ054932v1","70884","71030","GL873613","7635807","7635949","32","7564923"
"KQ054932v1","91176","91316","GL873548","17167323","17167469","48","17076147"
"KQ054932v1","887146","887217","GL873527","38883960","38884028","28","37996814"
"KQ054932v1","887259","887344","GL873557","11500491","11500576","15","10613232"
"KQ054932v1","2713291","2713428","GL873568","4513505","4513640","28","1800214"
"KQ054932v1","3214266","3214396","GL873540","22879164","22879283","42","19664898"
"KQ054932v1","3274044","3274108","GL873520","31045187","31045251","13","27771143"
"KQ054932v1","3442517","3442601","GL873528","11341160","11341236","17","7898643"
"KQ054932v1","3445985","3446074","GL873528","11341160","11341236","19","7895175"
"KQ054932v1","3446818","3446901","GL873536","8143398","8143484","21","4696580"
"KQ054932v1","3450963","3451046","GL873602","5267428","5267515","18","1816465"
"KQ054932v1","3468930","3469109","GL873608","1915904","1916081","43","1553026"
"KQ054932v1","3489842","3490018","GL873631","195020","195194","54","3294822"
"KQ054932v1","3530676","3530852","GL873584","9480618","9480784","50","5949942"
"KQ054932v1","3536773","3536953","GL873584","9480618","9480784","51","5943845"
"KQ054932v1","3643314","3643472","GL873561","3424782","3424934","47","218532"
"KQ054932v1","3723387","3723562","GL873741","209314","209478","51","3514073"
"KQ054932v1","3782756","3782927","GL873571","3865586","3865722","60","82830"
"KQ054932v1","3788620","3788871","GL873565","2671924","2672131","99","1116696"
"KQ054932v1","3796482","3796653","GL873526","15020009","15020169","49","11223527"
"KQ054932v1","4083083","4083174","GL873565","13097309","13097398","24","9014226"
"KQ054932v1","4086850","4086960","GL873537","24813059","24813170","38","20726209"
"KQ054932v1","4174576","4174744","GL873568","1497778","1497937","45","2676798"
"KQ054932v1","4298890","4299038","GL873526","16503825","16503960","38","12204935"
"KQ054932v1","4439048","4439124","GL873538","15621450","15621524","20","11182402"
"KQ054932v1","4652103","4652188","GL873621","7661913","7661999","20","3009810"
"KQ054932v1","4771686","4771730","GL873527","12767187","12767236","13","7995501"
"KQ054932v1","4840916","4841082","GL873565","11529864","11530029","36","6688948"
"KQ054932v1","4936832","4936913","GL873534","23048747","23048826","21","18111915"
"KQ054932v1","5182004","5182115","GL873580","2119955","2120070","22","3062049"
"KQ054932v1","5387691","5387919","GL873565","1350005","1350240","73","4037686"
"KQ054932v1","6229727","6229904","GL873677","2806122","2806285","43","3423605"
"KQ054932v1","6938923","6939088","GL873565","11529864","11530029","45","4590941"
"KQ054932v1","7076584","7076710","GL873532","3402243","3402363","32","3674341"
"KQ054932v1","7116935","7117037","GL873579","3051836","3051919","41","4065099"
"KQ054932v1","7286393","7286530","GL873537","14783572","14783698","30","7497179"
"KQ054932v1","7286659","7286830","GL873523","24466125","24466288","34","17179466"
"KQ054932v1","7855117","7855280","GL873620","6074006","6074163","45","1781111"
"KQ054932v1","8125633","8125805","GL873547","16536820","16536997","54","8411187"
"KQ054932v1","8217637","8217695","GL873644","196806","196867","12","8020831"
"KQ054932v1","8217696","8217834","GL873677","2805748","2805883","33","5411948"
"KQ054932v1","8554180","8554248","GL873659","2890845","2890913","14","5663335"
"KQ054932v1","8879315","8879454","GL873592","1791857","1791980","37","7087458"
"KQ054932v1","8912307","8912419","GL873620","2132113","2132223","35","6780194"
"KQ054932v1","8912464","8912656","GL873648","2895343","2895513","64","6017121"
"KQ054932v1","10128949","10129076","GL873619","7327021","7327157","33","2801928"
"KQ054933v1","505036","505208","GL873522","44334843","44335015","46","43829807"
"KQ054933v1","519783","519913","GL873587","2488921","2489051","28","1969138"
"KQ054933v1","520695","520848","GL873587","6360611","6360759","48","5839916"
"KQ054933v1","758597","758770","GL873674","1481948","1482110","48","723351"
"KQ054933v1","799449","799614","GL873591","7096828","7096990","36","6297379"
"KQ054933v1","847694","847741","GL873685","3884722","3884774","11","3037028"
"KQ054933v1","847742","847948","GL873530","17922217","17922420","49","17074475"
"KQ054933v1","1056088","1056378","GL873533","2554233","2554520","59","1498145"
"KQ054933v1","1417632","1417803","GL873565","11529864","11530029","34","10112232"
"KQ054933v1","1456241","1456400","GL873580","9524466","9524615","43","8068225"
"KQ054933v1","1890839","1891037","GL873531","8304610","8304797","49","6413771"
"KQ054933v1","1962458","1962619","GL873523","24466125","24466288","40","22503667"
"KQ054933v1","2114216","2114310","GL873689","297613","297696","29","1816603"
"KQ054933v1","3582895","3583007","GL873623","2233216","2233330","34","1349679"
"KQ054933v1","3713568","3713681","GL873521","40805787","40805891","30","37092219"
"KQ054933v1","3816259","3816447","GL873526","11157591","11157777","60","7341332"
"KQ054933v1","3995621","3995815","GL873713","1240209","1240384","50","2755412"
"KQ054933v1","4054412","4054623","GL873537","24056965","24057156","44","20002553"
"KQ054933v1","4113330","4113428","GL873525","24940049","24940143","38","20826719"
"KQ054943v1","10882","11147","GL873685","3884775","3885039","103","3873893"
"KQ054943v1","645885","646064","GL873525","43804266","43804448","44","43158381"
"KQ054954v1","106596","106683","GL873555","12192987","12193070","16","12086391"
"KQ054954v1","2132453","2132612","GL873576","6911108","6911267","39","4778655"
"KQ054964v1","280472","280610","GL873619","7327021","7327157","38","7046549"
"KQ054964v1","420026","420168","GL873545","20320753","20320888","44","19900727"
"KQ054964v1","978919","979226","GL873538","23689752","23690030","91","22710833"
"KQ054964v1","1289154","1289269","GL873542","1603710","1603823","32","314556"
"KQ054964v1","1289826","1289993","GL873693","1671512","1671671","51","381686"
"KQ054964v1","2014333","2014505","GL873635","4314366","4314538","49","2300033"
"KQ054964v1","2711760","2711840","GL873671","3364820","3364900","24","653060"
"KQ054973v1","248501","248645","GL873522","7311511","7311651","29","7063010"
"KQ054973v1","657635","657749","GL873579","390332","390445","28","267303"
"KQ054973v1","1534711","1534960","GL873520","25584355","25584602","96","24049644"
"KQ054973v1","1563008","1563150","GL873564","6454715","6454842","36","4891707"
"KQ054984v1","405850","405979","GL873537","3585071","3585182","37","3179221"
"KQ054984v1","2058660","2058802","GL873618","5342178","5342327","37","3283518"
"KQ054984v1","2082241","2082384","GL873545","3926917","3927055","41","1844676"
"KQ054984v1","2679709","2679864","GL873543","633479","633630","42","2046230"
"KQ054994v1","196110","196266","GL873536","24580020","24580152","48","24383910"
"KQ054994v1","317354","317547","GL873527","11963291","11963463","65","11645937"
"KQ054994v1","2727261","2727436","GL873627","5778385","5778551","42","3051124"
"KQ054994v1","3357949","3358113","GL873523","24466125","24466288","34","21108176"
"KQ054994v1","3393588","3393727","GL873569","7659082","7659224","46","4265494"
"KQ054994v1","3566077","3566180","GL873538","19779363","19779460","35","16213286"
"KQ054994v1","3566569","3566632","GL873559","507465","507523","13","3059104"
"KQ054994v1","3575543","3575701","GL873541","4195109","4195263","34","619566"
"KQ054994v1","4016436","4016581","GL873522","36546868","36547006","38","32530432"
"KQ054994v1","4437540","4437728","GL873866","174368","174541","50","4263172"
"KQ055004v1","4968","5198","GL873537","22108584","22108816","64","22103616"
"KQ055004v1","8474","8531","GL873602","6936274","6936342","17","6927800"
"KQ055004v1","70425","70479","GL873530","4904964","4905018","15","4834539"
"KQ055004v1","73833","74056","GL873540","24165557","24165779","53","24091724"
"KQ055004v1","162508","162576","GL873536","1727502","1727569","13","1564994"
"KQ055004v1","162899","163132","GL873530","20302880","20303092","75","20139981"
"KQ055014v1","613982","614147","GL873565","11529864","11530029","28","10915882"
"KQ055014v1","651904","652034","GL873524","15100689","15100811","35","14448785"
"KQ055014v1","1058701","1058770","GL873538","15621450","15621524","18","14562749"
"KQ055014v1","1340828","1341003","GL873535","21338777","21338930","63","19997949"
"KQ055014v1","1718027","1718195","GL873540","3619669","3619820","48","1901642"
"KQ055014v1","2008033","2008240","GL873574","3884566","3884768","57","1876533"
"KQ055014v1","2199436","2199707","GL873557","11523588","11523830","83","9324152"
"KQ055014v1","2931556","2931751","GL873526","11157591","11157777","54","8226035"
"KQ055024v1","343853","343935","GL873528","11341160","11341236","25","10997307"
"KQ055035v1","396999","397186","GL873544","21575741","21575923","56","21178742"
"KQ055035v1","1327699","1327851","GL873563","11056083","11056238","41","9728384"
"KQ055035v1","1335859","1336025","GL873627","5778385","5778551","43","4442526"
"KQ055035v1","2015575","2015749","GL873538","4582637","4582802","69","2567062"
"KQ055035v1","2674731","2674893","GL873533","28304695","28304853","42","25629964"
"KQ055035v1","2764480","2764754","GL873535","12233504","12233776","82","9469024"
"KQ055035v1","3608135","3608398","GL873521","46645817","46646090","80","43037682"
"KQ055035v1","3695779","3695861","GL873528","11341160","11341236","19","7645381"
"KQ055035v1","6924143","6924349","GL873767","208231","208414","60","6715912"
"KQ055035v1","7069670","7069870","GL873526","6597075","6597264","59","472595"
"KQ055035v1","7929256","7929356","GL873584","3032315","3032409","32","4896941"
"KQ055035v1","8268377","8268656","GL873557","5396817","5397111","80","2871560"
"KQ055035v1","8315747","8315882","GL873530","10321707","10321839","36","2005960"
"KQ055035v1","8587055","8587160","GL873716","1908196","1908299","27","6678859"
"KQ055035v1","8632336","8632552","GL873522","30258085","30258277","84","21625749"
"KQ055036v1","604363","604498","GL873553","7189686","7189818","35","6585323"
"KQ055036v1","721028","721222","GL873548","17499497","17499690","59","16778469"
"KQ055036v1","1468361","1468493","GL873541","14893220","14893349","34","13424859"
"KQ055036v1","2023439","2023587","GL873530","8391171","8391296","36","6367732"
"KQ055036v1","3347458","3347686","GL873530","11407584","11407803","90","8060126"
"KQ055036v1","4378676","4378819","GL873574","6316962","6317111","41","1938286"
"KQ055043v1","4138","4206","GL873537","7143523","7143592","18","7139385"
"KQ055043v1","9817","9887","GL873537","7143523","7143592","19","7133706"
"KQ055044v1","37288","37402","GL873605","763742","763858","29","726454"
"KQ055044v1","172693","172782","GL873581","8789401","8789479","23","8616708"
"KQ055044v1","473495","473507","GL873763","1148203","1148215","2","674708"
"KQ055044v1","479958","480187","GL873585","759244","759473","74","279286"
"KQ055044v1","571207","571529","GL873543","4735553","4735862","105","4164346"
"KQ055044v1","857065","857169","GL873547","5138612","5138708","35","4281547"
"KQ055055v1","2059760","2060035","GL873662","519945","520225","81","1539815"
"KQ055065v1","657993","658138","GL873593","6325573","6325710","48","5667580"
"KQ055065v1","933060","933235","GL873717","379666","379839","56","553394"
"KQ055065v1","934102","934275","GL873738","153780","153955","40","780322"
"KQ055065v1","938450","938635","GL873623","5024316","5024496","37","4085866"
"KQ055065v1","952920","953099","GL873535","29561032","29561202","41","28608112"
"KQ055065v1","2239304","2239364","GL873562","11341454","11341514","18","9102150"
"KQ055065v1","2648566","2648657","GL873545","17558967","17559056","32","14910401"
"KQ055065v1","3089229","3089492","GL873593","6955841","6956119","82","3866612"
"KQ055065v1","3165928","3166109","GL873738","153780","153955","42","3012148"
"KQ055076v1","1920981","1921060","GL873534","23048747","23048826","16","21127766"
"KQ055076v1","1964818","1964895","GL873561","8121282","8121363","18","6156464"
"KQ055087v1","163435","163487","GL873527","2824006","2824057","14","2660571"
"KQ055087v1","834097","834185","GL873525","1119099","1119178","24","285002"
"KQ055087v1","1038380","1038520","GL873623","2259316","2259430","48","1220936"
"KQ055087v1","1044000","1044161","GL873544","16592077","16592238","43","15548077"
"KQ055087v1","1277574","1277867","GL873530","34601111","34601406","61","33323537"
"KQ055087v1","1340247","1340340","GL873536","9846056","9846138","31","8505809"
"KQ055097v1","1996718","1997061","GL873539","1523501","1523808","97","473217"
"KQ055097v1","2149765","2149993","GL873678","100056","100314","70","2049709"
"KQ055097v1","2290130","2290245","GL873520","13285725","13285827","40","10995595"
"KQ055097v1","3726162","3726322","GL873569","10979411","10979569","35","7253249"
"KQ055097v1","3845742","3845888","GL873550","11981977","11982122","34","8136235"
"KQ055099v1","1940","2063","GL873723","11630","11758","34","9690"
"KQ055099v1","8839","9101","GL873522","3581829","3582079","73","3572990"
"KQ055108v1","857334","857536","GL873539","4003308","4003495","55","3145974"
"KQ055108v1","1153203","1153285","GL873730","1282887","1282964","19","129684"
"KQ055108v1","1210492","1210552","GL873528","1354469","1354524","17","143977"
"KQ055108v1","1224488","1224597","GL873572","546601","546697","32","677887"
"KQ055108v1","1749607","1749720","GL873520","26730986","26731095","28","24981379"
"KQ055108v1","1750233","1750390","GL873580","2901692","2901855","46","1151459"
"KQ055108v1","2814745","2814824","GL873538","15621450","15621524","19","12806705"
"KQ055108v1","2815389","2815679","GL873534","18053823","18054116","75","15238434"
"KQ055119v1","165631","165914","GL873549","17886592","17886854","86","17720961"
"KQ055119v1","218680","218831","GL873550","9044577","9044731","44","8825897"
"KQ055119v1","315153","315305","GL873647","5068614","5068759","39","4753461"
"KQ055119v1","315646","315674","GL873527","21511724","21511745","8","21196078"
"KQ055119v1","785084","785172","GL873551","12695724","12695812","16","11910640"
"KQ055119v1","1377695","1377878","GL873562","7257718","7257895","38","5880023"
"KQ055119v1","1403348","1403606","GL873608","689790","690075","84","713558"
"KQ055119v1","2287247","2287508","GL873756","1111625","1111895","72","1175622"
"KQ055119v1","2340272","2340428","GL873543","15941550","15941695","41","13601278"
"KQ055119v1","2616109","2616257","GL873667","4114593","4114747","31","1498484"
"KQ055119v1","2757245","2757472","GL873522","34192212","34192430","49","31434967"
"KQ055119v1","3062096","3062349","GL873526","3790253","3790512","80","728157"
"KQ055119v1","3150358","3150503","GL873527","19986574","19986720","36","16836216"
"KQ055119v1","4009339","4009535","GL873520","38256477","38256680","48","34247138"
"KQ055119v1","4040028","4040188","GL873565","11529864","11530029","35","7489836"
"KQ055119v1","4071778","4071858","GL873528","11341160","11341236","22","7269382"
"KQ055119v1","4241035","4241316","GL873700","692303","692572","70","3548732"
"KQ055126v1","3015","3347","GL873520","24206089","24206353","126","24203074"
"KQ055129v1","381183","381479","GL873522","3581829","3582079","98","3200646"
"KQ055129v1","385750","386040","GL873522","3581829","3582079","82","3196079"
"KQ055129v1","665225","665396","GL873523","25965080","25965242","53","25299855"
"KQ055129v1","760638","760713","GL873601","6250643","6250718","23","5490005"
"KQ055129v1","837421","837575","GL873563","11056083","11056238","38","10218662"
"KQ055129v1","1067217","1067415","GL873526","6597075","6597264","52","5529858"
"KQ055129v1","1598739","1598922","GL873522","44334843","44335015","54","42736104"
"KQ055129v1","2186268","2186424","GL873584","10856922","10857081","43","8670654"
"KQ055129v1","2271064","2271165","GL873530","2102738","2102825","31","168326"
"KQ055129v1","2330535","2330608","GL873520","39493346","39493419","17","37162811"
"KQ055129v1","2399421","2399645","GL873590","1508945","1509155","50","890476"
"KQ055131v1","2445","2525","GL873535","28232153","28232224","23","28229708"
"KQ055140v1","367677","367748","GL873530","27617175","27617235","22","27249498"
"KQ055140v1","600625","600758","GL873619","7327021","7327157","27","6726396"
"KQ055140v1","637854","637985","GL873619","7327021","7327157","33","6689167"
"KQ055140v1","886974","887143","GL873677","2806122","2806285","43","1919148"
"KQ055140v1","934253","934419","GL873567","11955747","11955914","48","11021494"
"KQ055140v1","1115816","1115913","GL873618","4534141","4534245","33","3418325"
"KQ055140v1","1301690","1301843","GL873528","8617429","8617577","34","7315739"
"KQ055140v1","1339588","1339758","GL873575","6391810","6391979","33","5052222"
"KQ055140v1","1504329","1504410","GL873576","10555704","10555786","20","9051375"
"KQ055140v1","1504841","1505113","GL873663","2458713","2458950","87","953872"
"KQ055140v1","1554577","1554772","GL873576","4910247","4910432","59","3355670"
"KQ055140v1","1555154","1555278","GL873548","16798825","16798941","32","15243671"
"KQ055140v1","1591371","1591454","GL873528","11341160","11341236","20","9749789"
"KQ055140v1","2029745","2029830","GL873561","8121282","8121363","26","6091537"
"KQ055140v1","2210048","2210218","GL873751","293413","293583","34","1916635"
"KQ055140v1","2221037","2221156","GL873572","74619","74740","28","2146418"
"KQ055140v1","2277336","2277468","GL873666","1033059","1033198","43","1244277"
"KQ055140v1","2398599","2398795","GL873571","3551647","3551851","55","1153048"
"KQ055140v1","2554163","2554328","GL873565","11529864","11530029","38","8975701"
"KQ055140v1","2632055","2632178","GL873520","6565358","6565481","34","3933303"
"KQ055140v1","2635629","2635763","GL873572","8087351","8087487","26","5451722"
"KQ055140v1","2673925","2674198","GL873521","46645817","46646090","66","43971892"
"KQ055140v1","2677277","2677445","GL873539","25508865","25509031","40","22831588"
"KQ055140v1","2693522","2693675","GL873522","34260116","34260249","46","31566594"
"KQ055140v1","2697905","2698084","GL873629","3241077","3241256","56","543172"
"KQ055140v1","2699520","2699670","GL873543","962136","962269","43","1737384"
"KQ055140v1","2704129","2704303","GL873629","3241077","3241256","54","536948"
"KQ055140v1","2716512","2716639","GL873526","8711798","8711907","42","5995286"
"KQ055140v1","2716683","2716753","GL873596","9593347","9593422","17","6876664"
"KQ055140v1","2726024","2726092","GL873550","678043","678106","19","2047981"
"KQ055140v1","2947306","2947419","GL873542","6096584","6096694","38","3149278"
"KQ055140v1","2947715","2947830","GL873550","12351836","12351941","38","9404121"
"KQ055140v1","2955445","2955577","GL873824","499873","499999","44","2455572"
"KQ055140v1","3149739","3149807","GL873729","665145","665216","20","2484594"
"KQ055140v1","3150600","3150714","GL873577","3442121","3442246","30","291521"
"KQ055140v1","3219121","3219260","GL873536","24274431","24274572","44","21055310"
"KQ055140v1","3232943","3233118","GL873567","9414180","9414351","45","6181237"
"KQ055140v1","3625124","3625225","GL873547","13522080","13522165","39","9896956"
"KQ055140v1","3748707","3748976","GL873606","2083375","2083636","70","1665332"
"KQ055140v1","3774174","3774312","GL873540","8917690","8917825","34","5143516"
"KQ055140v1","3775282","3775454","GL873521","7411261","7411442","47","3635979"
"KQ055140v1","3811316","3811468","GL873565","11529864","11530029","38","7718548"
"KQ055140v1","3828929","3829091","GL873565","11529864","11530029","30","7700935"
"KQ055140v1","3831829","3832108","GL873540","20902291","20902564","80","17070462"
"KQ055140v1","4197238","4197300","GL873528","4444674","4444738","22","247436"
"KQ055140v1","4340462","4340776","GL873646","609878","610182","91","3730584"
"KQ055141v1","65101","65204","GL873522","3999618","3999715","35","3934517"
"KQ055141v1","159434","159518","GL873624","1563788","1563879","25","1404354"
"KQ055141v1","658028","658313","GL873526","12991435","12991733","88","12333407"
"KQ055141v1","1079742","1080044","GL873659","81190","81482","81","998552"
"KQ055141v1","1776933","1777001","GL873644","196806","196867","16","1580127"
"KQ055141v1","2462845","2462937","GL873538","4501517","4501595","27","2038672"
"KQ055141v1","2509497","2509670","GL873532","31266167","31266324","52","28756670"
"KQ055141v1","4388884","4388949","GL873600","2970276","2970335","18","1418608"
"KQ055141v1","5592528","5592693","GL873618","1464271","1464442","44","4128257"
"KQ055141v1","6534579","6534856","GL873598","7966632","7966921","83","1432053"
"KQ055141v1","7784477","7784628","GL873529","28747951","28748083","46","20963474"
"KQ055142v1","164383","164540","GL873521","30774731","30774888","42","30610348"
"KQ055142v1","2614396","2614504","GL873520","73083525","73083631","35","70469129"
"KQ055142v1","2823938","2824090","GL873620","4623935","4624087","33","1799997"
"KQ055142v1","3157662","3157711","GL873527","12767187","12767236","14","9609525"
"KQ055152v1","63976","64100","GL873668","1296172","1296286","28","1232196"
"KQ055152v1","878818","879082","GL873751","670930","671200","68","207888"
"KQ055152v1","1716017","1716118","GL873666","3015082","3015181","19","1299065"
"KQ055152v1","1716123","1716194","GL873598","8192373","8192437","17","6476250"
"KQ055160v1","1348","1429","GL873710","2898492","2898569","22","2897144"
"KQ055162v1","680725","680947","GL873600","6308133","6308365","74","5627408"
"KQ055162v1","1176662","1176749","GL873802","894473","894558","18","282189"
"KQ055162v1","1177167","1177233","GL873562","8008414","8008478","14","6831247"
"KQ055162v1","1346843","1347025","GL873693","1671512","1671671","51","324669"
"KQ055173v1","503753","503944","GL873664","3592074","3592261","44","3088321"
"KQ055173v1","573628","573698","GL873559","507465","507523","18","66163"
"KQ055173v1","811607","811691","GL873569","8288959","8289041","22","7477352"
"KQ055173v1","3334179","3334324","GL873545","16147006","16147136","39","12812827"
"KQ055183v1","1434879","1435116","GL873690","371058","371288","54","1063821"
"KQ055183v1","1435335","1435414","GL873527","4662493","4662577","18","3227158"
"KQ055183v1","1517485","1517727","GL873648","3590183","3590408","85","2072698"
"KQ055183v1","2328024","2328181","GL873521","31604341","31604497","39","29276317"
"KQ055183v1","2681072","2681218","GL873561","11100301","11100456","40","8419229"
"KQ055183v1","2758697","2758880","GL873529","9566885","9567048","67","6808188"
"KQ055183v1","2818771","2818865","GL873602","1806988","1807090","25","1011783"
"KQ055183v1","2855610","2855759","GL873536","10126346","10126489","36","7270736"
"KQ055183v1","2867910","2868062","GL873536","10126346","10126489","37","7258436"
"KQ055183v1","3305291","3305410","GL873561","11100485","11100603","31","7795194"
"KQ055192v1","29039","29161","GL873565","9868643","9868763","25","9839604"
"KQ055192v1","29577","29756","GL873565","11529864","11530029","40","11500287"
"KQ055192v1","1585572","1585674","GL873527","6305491","6305594","26","4719919"
"KQ055192v1","2327781","2327957","GL873543","4183956","4184121","50","1856175"
"KQ055192v1","2863213","2863332","GL873520","24575875","24575985","40","21712662"
"KQ055192v1","3175946","3176077","GL875002","2","137","39","3175944"
"KQ055192v1","3178987","3179129","GL873618","2889382","2889524","32","289605"
"KQ055203v1","70731","71034","GL873526","12885338","12885635","67","12814607"
"KQ055203v1","150286","150450","GL873612","6684986","6685153","44","6534700"
"KQ055203v1","151757","151897","GL873571","3865586","3865722","33","3713829"
"KQ055206v1","24529","24639","GL873540","18684101","18684210","24","18659572"
"KQ055214v1","468646","468837","GL873531","8304610","8304797","59","7835964"
"KQ055214v1","2204130","2204187","GL873528","1354469","1354524","18","849661"
"KQ055214v1","3960737","3960803","GL873540","14623123","14623190","19","10662386"
"KQ055214v1","3960926","3961135","GL873524","25496078","25496290","52","21535152"
"KQ055225v1","396676","396797","GL873564","962376","962493","27","565700"
"KQ055225v1","482332","482486","GL873654","4647194","4647348","33","4164862"
"KQ055225v1","495384","495570","GL873627","2328246","2328430","62","1832862"
"KQ055225v1","552158","552414","GL873551","2590284","2590539","79","2038126"
"KQ055225v1","593242","593400","GL873540","3128772","3128935","37","2535530"
"KQ055225v1","593477","593488","GL873527","11979471","11979481","3","11385994"
"KQ055225v1","601684","601818","GL873523","44374598","44374717","40","43772914"
"KQ055225v1","863675","863765","GL873576","10555704","10555786","22","9692029"
"KQ055225v1","879555","879640","GL873576","10555704","10555786","17","9676149"
"KQ055225v1","1053487","1053530","GL873622","4188967","4189011","11","3135480"
"KQ055225v1","1053552","1053766","GL873524","28920554","28920775","71","27867002"
"KQ055225v1","1347629","1347771","GL873553","7189686","7189818","41","5842057"
"KQ055225v1","1349310","1349478","GL873552","13268803","13268975","48","11919493"
"KQ055225v1","1353466","1353547","GL873674","828078","828158","21","525388"
"KQ055225v1","1353884","1354069","GL873526","15326882","15327059","50","13972998"
"KQ055225v1","1372486","1372651","GL873724","159999","160158","45","1212487"
"KQ055225v1","1628664","1628755","GL873807","2901","2990","19","1625763"
"KQ055225v1","1628818","1628924","GL873600","3364195","3364301","30","1735377"
"KQ055236v1","350390","350466","GL873557","14467548","14467625","27","14117158"
"KQ055236v1","448374","448533","GL873521","30774731","30774888","40","30326357"
"KQ055236v1","550620","550830","GL873580","8821566","8821768","60","8270946"
"KQ055236v1","959895","959994","GL873537","27036793","27036889","24","26076898"
"KQ055236v1","1649530","1649633","GL873665","3724727","3724830","21","2075197"
"KQ055236v1","2026780","2026945","GL873618","1464271","1464442","37","562509"
"KQ055247v1","772578","772734","GL873565","1126565","1126718","43","353987"
"KQ055247v1","1394166","1394472","GL873526","856750","857041","82","537416"
"KQ055247v1","1622161","1622432","GL873542","1297139","1297397","81","325022"
"KQ055247v1","1748121","1748280","GL873551","4091657","4091810","50","2343536"
"KQ055247v1","1858214","1858312","GL873525","8270208","8270295","35","6411994"
"KQ055247v1","2148522","2148775","GL873618","2331574","2331785","94","183052"
"KQ055247v1","2158450","2158636","GL873675","2178044","2178217","49","19594"
"KQ055247v1","2286068","2286207","GL873593","6325573","6325710","52","4039505"
"KQ055247v1","2332495","2332752","GL873525","34076466","34076722","74","31743971"
"KQ055247v1","3404939","3405121","GL873639","2082092","2082249","53","1322847"
"KQ055247v1","3462483","3462648","GL873627","5778385","5778551","35","2315902"
"KQ055247v1","4044488","4044770","GL873605","3611064","3611345","75","433424"
"KQ055247v1","4115051","4115237","GL873537","21595077","21595239","54","17480026"
"KQ055247v1","5060314","5060491","GL873537","5260566","5260734","40","200252"
"KQ055247v1","5224834","5224967","GL873565","6531284","6531427","35","1306450"
"KQ055247v1","6706777","6706914","GL873538","4434156","4434296","30","2272621"
"KQ055248v1","45926","46054","GL873530","17186686","17186818","38","17140760"
"KQ055248v1","913717","913786","GL873538","15621450","15621524","17","14707733"
"KQ055248v1","1222205","1222467","GL873615","6141028","6141265","74","4918823"
"KQ055248v1","2723820","2724000","GL873523","1403864","1404039","41","1319956"
"KQ055258v1","258440","258513","GL873569","7553805","7553875","16","7295365"
"KQ055258v1","562775","562890","GL873548","13536700","13536806","33","12973925"
"KQ055258v1","1213397","1213625","GL873525","30037556","30037771","69","28824159"
"KQ055258v1","1466520","1466697","GL873526","26819982","26820159","46","25353462"
"KQ055258v1","2121952","2122267","GL873554","4702418","4702727","68","2580466"
"KQ055258v1","3083342","3083505","GL873665","1662674","1662831","40","1420668"
"KQ055258v1","3083650","3083774","GL873577","9960434","9960558","27","6876784"
"KQ055260v1","2256","2323","GL873528","1354469","1354524","18","1352213"
"KQ055261v1","2610","2768","GL873586","3940856","3941001","38","3938246"
"KQ055267v1","202804","203006","GL873550","5530577","5530775","52","5327773"
"KQ055267v1","203376","203470","GL873526","11967012","11967102","27","11763636"
"KQ055267v1","913884","914039","GL873706","2861369","2861527","47","1947485"
"KQ055267v1","1754911","1755030","GL873613","3408624","3408735","36","1653713"
"KQ055267v1","1838715","1838828","GL873574","5356015","5356106","40","3517300"
"KQ055267v1","2647628","2647925","GL873585","9463446","9463726","65","6815818"
"KQ055277v1","1218404","1218545","GL873542","1604095","1604238","33","385691"
"KQ055288v1","337706","338020","GL873544","15371154","15371445","108","15033448"
"KQ055288v1","492533","492652","GL873533","3769440","3769558","40","3276907"
"KQ055298v1","2083443","2083744","GL873520","26754676","26754948","94","24671233"
"KQ055298v1","2178222","2178444","GL873733","944739","944940","56","1233483"
"KQ055298v1","2856777","2856902","GL873577","9960434","9960558","24","7103657"
"KQ055298v1","2857238","2857415","GL873521","30980018","30980189","47","28122780"
"KQ055309v1","292507","292623","GL873525","12129856","12129974","23","11837349"
"KQ055309v1","1147708","1147832","GL873541","16732252","16732372","35","15584544"
"KQ055309v1","1178757","1178826","GL873534","5911654","5911720","24","4732897"
"KQ055309v1","1330391","1330562","GL873565","11529864","11530029","34","10199473"
"KQ055309v1","1375852","1375903","GL873682","1010364","1010413","14","365488"
"KQ055309v1","1375905","1375984","GL873527","16933164","16933240","27","15557259"
"KQ055309v1","1435699","1435892","GL873543","2471727","2471921","58","1036028"
"KQ055314v1","4155","4411","GL873660","19711","19948","86","15556"
"KQ055314v1","4846","4966","GL873525","12129856","12129974","35","12125010"
"KQ055320v1","1154620","1154794","GL873616","3525537","3525720","53","2370917"
"KQ055320v1","1300702","1300789","GL873523","7396531","7396612","24","6095829"
"KQ055320v1","2035119","2035411","GL873559","332768","333056","82","1702351"
"KQ055331v1","702145","702307","GL873565","11529864","11530029","35","10827719"
"KQ055331v1","705218","705371","GL873627","907725","907879","48","202507"
"KQ055340v1","3","175","GL873520","9366784","9366942","46","9366781"
"KQ055342v1","290583","290665","GL873804","676490","676568","22","385907"
"KQ055342v1","865414","865565","GL873576","6911108","6911267","40","6045694"
"KQ055342v1","991753","991881","GL873613","3408736","3408851","49","2416983"
"KQ055342v1","991937","992063","GL873527","26502298","26502423","26","25510361"
"KQ055342v1","1216267","1216488","GL873520","45348559","45348775","75","44132292"
"KQ055342v1","1242229","1242456","GL873625","3533448","3533701","81","2291219"
"KQ055342v1","1270984","1271091","GL873530","3537004","3537103","37","2266020"
"KQ055352v1","128563","128708","GL873576","6955193","6955339","34","6826630"
"KQ055352v1","2136289","2136416","GL873521","7784733","7784858","30","5648444"
"KQ055352v1","2137559","2137716","GL873586","3940856","3941001","39","1803297"
"KQ055352v1","2502799","2502944","GL873563","7608042","7608174","42","5105243"
"KQ055352v1","4042780","4043031","GL873794","243801","244052","75","3798979"
"KQ055352v1","4188604","4188812","GL873527","128734","128937","54","4059870"
"KQ055352v1","4229267","4229422","GL873638","5801670","5801817","35","1572403"
"KQ055352v1","4230410","4230564","GL873521","47769285","47769441","40","43538875"
"KQ055352v1","4694898","4695089","GL873526","19450594","19450773","46","14755696"
"KQ055352v1","4807978","4808132","GL873663","2879197","2879342","56","1928781"
"KQ055352v1","4967826","4968083","GL873530","2296507","2296751","74","2671319"
"KQ055352v1","5325992","5326087","GL873527","13694832","13694925","31","8368840"
"KQ055352v1","6143130","6143260","GL873554","12795185","12795308","41","6652055"
"KQ055352v1","6171226","6171373","GL873537","28122321","28122455","38","21951095"
"KQ055352v1","6283781","6283914","GL873550","3481041","3481178","42","2802740"
"KQ055352v1","6342664","6342777","GL873691","2949988","2950081","46","3392676"
"KQ055352v1","6511779","6511953","GL873902","176595","176780","52","6335184"
"KQ055352v1","7010309","7010389","GL873532","23551175","23551259","26","16540866"
"KQ055352v1","7131078","7131247","GL873521","21355913","21356066","45","14224835"
"KQ055352v1","7189858","7190016","GL873523","44009959","44010115","33","36820101"
"KQ055352v1","7538146","7538297","GL873525","44171605","44171763","42","36633459"
"KQ055352v1","7936346","7936514","GL873530","17834459","17834617","45","9898113"
"KQ055352v1","8076386","8076565","GL873593","9009576","9009749","53","933190"
"KQ055352v1","9084115","9084303","GL873765","252878","253065","46","8831237"
"KQ055352v1","9301904","9301976","GL873596","9593347","9593422","19","291443"
"KQ055352v1","9686349","9686531","GL873695","3013396","3013565","52","6672953"
"KQ055352v1","9709351","9709491","GL873526","16503825","16503960","31","6794474"
"KQ055352v1","12665655","12665810","GL873523","24466125","24466288","34","11800470"
"KQ055352v1","14430074","14430215","GL873538","24391920","24392049","41","9961846"
"KQ055353v1","804274","804338","GL873524","18072881","18072947","20","17268607"
"KQ055353v1","1202681","1202761","GL873523","1322902","1322986","19","120221"
"KQ055353v1","1202768","1202807","GL873661","3750643","3750675","12","2547875"
"KQ055353v1","1952432","1952578","GL873670","2301302","2301432","43","348870"
"KQ055364v1","258649","258720","GL873528","20579898","20579975","25","20321249"
"KQ055364v1","465660","465735","GL873562","8008414","8008478","20","7542754"
"KQ055364v1","1210146","1210311","GL873665","1662674","1662831","31","452528"
"KQ055364v1","1210312","1210374","GL873538","17432946","17433014","14","16222634"
"KQ055364v1","1381868","1381909","GL873554","10059036","10059081","14","8677168"
"KQ055364v1","1444049","1444216","GL873638","5802382","5802546","38","4358333"
"KQ055364v1","1449295","1449462","GL873565","11529864","11530029","40","10080569"
"KQ055364v1","1454528","1454690","GL873565","11529864","11530029","36","10075336"
"KQ055364v1","1512063","1512164","GL873796","638214","638311","32","873849"
"KQ055364v1","1882977","1883203","GL873525","33245439","33245634","77","31362462"
"KQ055364v1","1950219","1950288","GL873525","30627601","30627667","20","28677382"
"KQ055364v1","2046355","2046526","GL873545","16147401","16147576","42","14101046"
"KQ055375v1","959686","959741","GL873626","5544485","5544532","15","4584799"
"KQ055375v1","960334","960566","GL873525","39317043","39317276","57","38356709"
"KQ055375v1","1091371","1091476","GL873538","12667512","12667612","29","11576141"
"KQ055375v1","2267318","2267556","GL873550","3073054","3073287","63","805736"
"KQ055375v1","2899552","2899718","GL873540","18329258","18329429","36","15429706"
"KQ055375v1","3305289","3305567","GL873625","6434421","6434695","74","3129132"
"KQ055375v1","3944626","3944793","GL873618","1994807","1994971","44","1949819"
"KQ055375v1","4567116","4567303","GL873631","195020","195194","40","4372096"
"KQ055384v1","202671","202722","GL873651","5125250","5125292","15","4922579"
"KQ055384v1","285258","285398","GL873713","390020","390146","46","104762"
"KQ055384v1","288589","288672","GL873527","13794942","13795025","16","13506353"
"KQ055384v1","336194","336410","GL873538","6312543","6312729","68","5976349"
"KQ055384v1","389777","389806","GL873560","238920","238949","6","150857"
"KQ055384v1","389808","390018","GL873596","7939448","7939655","42","7549640"
"KQ055384v1","429783","429899","GL873629","3096234","3096349","33","2666451"
"KQ055384v1","434576","434691","GL873629","3096234","3096349","31","2661658"
"KQ055384v1","537992","538277","GL873645","3918175","3918435","94","3380183"
"KQ055384v1","553146","553301","GL873567","11979824","11979980","44","11426678"
"KQ055384v1","861818","861918","GL873550","14071324","14071433","35","13209506"
"KQ055384v1","913859","913947","GL873528","11341160","11341236","25","10427301"
"KQ055384v1","1303380","1303523","GL873527","17326544","17326681","34","16023164"
"KQ055384v1","1346943","1347103","GL873584","7461826","7461978","35","6114883"
"KQ055384v1","1479547","1479591","GL873644","232195","232237","16","1247352"
"KQ055391v1","2391","2578","GL873629","7011721","7011910","48","7009330"
"KQ055394v1","2480622","2480694","GL873596","9593347","9593422","15","7112725"
"KQ055394v1","2807072","2807230","GL873530","18258349","18258496","43","15451277"
"KQ055394v1","2982307","2982431","GL873553","4542855","4542980","27","1560548"
"KQ055394v1","2983063","2983238","GL873562","4674545","4674716","52","1691482"
"KQ055394v1","3180021","3180298","GL873610","5989558","5989825","82","2809537"
"KQ055394v1","3192256","3192352","GL873530","29089858","29089954","14","25897602"
"KQ055394v1","3192817","3192959","GL873561","9184997","9185138","32","5992180"
"KQ055394v1","3328321","3328431","GL873631","6826739","6826865","40","3498418"
"KQ055394v1","3976564","3976727","GL873633","367021","367175","39","3609543"
"KQ055394v1","4399383","4399556","GL873532","25025974","25026138","52","20626591"
"KQ055394v1","4676030","4676175","GL873639","4644137","4644287","43","31893"
"KQ055394v1","4756409","4756564","GL873615","1446439","1446597","33","3309970"
"KQ055404v1","2327387","2327686","GL873592","1249408","1249710","78","1077979"
"KQ055404v1","3633573","3633771","GL873520","72954546","72954724","51","69320973"
"KQ055404v1","3704719","3704858","GL873618","5342178","5342327","32","1637459"
"KQ055404v1","3881015","3881122","GL873577","9853474","9853582","22","5972459"
"KQ055404v1","3882888","3883014","GL873740","614168","614297","36","3268720"
"KQ055404v1","3890831","3890900","GL873595","3418659","3418733","20","472172"
"KQ055404v1","4244698","4244888","GL873646","629916","630106","49","3614782"
"KQ055414v1","729330","729370","GL873527","5574062","5574107","12","4844732"
"KQ055414v1","773462","773601","GL873944","6898","7040","47","766564"
"KQ055425v1","278412","278514","GL873659","1885161","1885272","33","1606749"
"KQ055425v1","854113","854265","GL873529","38198428","38198574","49","37344315"
"KQ055425v1","1129698","1129866","GL873612","6684986","6685153","35","5555288"
"KQ055425v1","1174028","1174198","GL873523","24466125","24466288","41","23292097"
"KQ055425v1","3551356","3551438","GL873533","9327765","9327834","27","5776409"
"KQ055425v1","3551447","3551561","GL873579","390332","390445","31","3161115"
"KQ055425v1","3686773","3686917","GL873520","59860029","59860166","55","56173256"
"KQ055436v1","68935","69033","GL873539","8271775","8271863","29","8202840"
"KQ055436v1","79439","79449","GL873634","1012137","1012147","0","932698"
"KQ055436v1","212075","212362","GL873520","19080012","19080300","90","18867937"
"KQ055436v1","228174","228479","GL873526","12885338","12885635","75","12657164"
"KQ055436v1","232804","233102","GL873548","17662282","17662576","78","17429478"
"KQ055436v1","320036","320156","GL873524","23725481","23725601","43","23405445"
"KQ055436v1","333093","333297","GL873690","3150177","3150376","59","2817084"
"KQ055436v1","387910","388015","GL873658","1038437","1038533","31","650527"
"KQ055436v1","390894","391067","GL873562","7651933","7652105","40","7261039"
"KQ055436v1","957496","957640","GL873563","11056083","11056238","33","10098587"
"KQ055447v1","1033907","1033972","GL873522","32703004","32703071","19","31669097"
"KQ055447v1","2254127","2254316","GL873526","11157591","11157777","50","8903464"
"KQ055447v1","2594256","2594361","GL873631","1748071","1748172","31","846185"
"KQ055457v1","1331352","1331510","GL873523","24466125","24466288","33","23134773"
"KQ055457v1","1399506","1399657","GL873521","30774731","30774888","47","29375225"
"KQ055457v1","1595779","1595982","GL873664","1779907","1780101","45","184128"
"KQ055457v1","1596722","1596796","GL873812","646951","647021","19","949771"
"KQ055457v1","1775178","1775357","GL873640","514684","514855","47","1260494"
"KQ055457v1","1968845","1969133","GL873656","321103","321377","67","1647742"
"KQ055457v1","2028586","2028731","GL873570","7432352","7432500","43","5403766"
"KQ055457v1","2368969","2369259","GL873537","25731210","25731489","81","23362241"
"KQ055457v1","2723186","2723257","GL873540","14623123","14623190","18","11899937"
"KQ055457v1","3274719","3274781","GL873644","196806","196867","16","3077913"
"KQ055457v1","3274807","3274927","GL873570","5215086","5215210","24","1940279"
"KQ055457v1","3805877","3806012","GL873542","1257752","1257878","39","2548125"
"KQ055457v1","3965647","3965829","GL873544","21575741","21575923","45","17610094"
"KQ055457v1","5459356","5459490","GL873522","43241883","43242015","31","37782527"
"KQ055457v1","5601700","5601982","GL873710","924379","924638","85","4677321"
"KQ055457v1","6548770","6548939","GL873637","2325984","2326152","38","4222786"
"KQ055457v1","7102047","7102334","GL873530","12202849","12203138","67","5100802"
"KQ055457v1","8101209","8101376","GL873602","5214661","5214815","40","2886548"
"KQ055457v1","8706075","8706257","GL873535","29561032","29561202","39","20854957"
"KQ055457v1","8766706","8766981","GL873534","14832700","14832974","75","6065994"
"KQ055457v1","8836260","8836343","GL873562","12669372","12669455","22","3833112"
"KQ055457v1","9354240","9354435","GL873559","6823028","6823227","48","2531212"
"KQ055457v1","9464050","9464171","GL873646","1054139","1054247","36","8409911"
"KQ055457v1","9841566","9841628","GL873607","1125574","1125635","10","8715992"
"KQ055457v1","9841762","9841851","GL873527","25115722","25115818","20","15273960"
"KQ055457v1","11970214","11970360","GL873525","44171605","44171763","38","32201391"
"KQ055457v1","12164033","12164219","GL874098","12963","13129","47","12151070"
"KQ055457v1","12182818","12182888","GL873529","1501133","1501204","15","10681685"
"KQ055457v1","12768940","12769029","GL873523","38814448","38814531","22","26045508"
"KQ055457v1","13964385","13964536","GL873616","3525129","3525264","50","10439256"
"KQ055468v1","616966","617244","GL873530","25890570","25890847","60","25273604"
"KQ055468v1","703250","703346","GL873548","14116191","14116282","21","13412941"
"KQ055468v1","1243599","1243711","AAQR03200074","1","99","31","1243598"
"KQ055468v1","1245806","1245955","GL873528","17667949","17668096","34","16422143"
"KQ055468v1","1547507","1547652","GL873591","6305431","6305570","48","4757924"
"KQ055468v1","2369078","2369199","GL873615","2557874","2557989","33","188796"
"KQ055468v1","2416297","2416477","GL873535","29561032","29561202","45","27144735"
"KQ055477v1","3750","3932","GL873619","5868177","5868332","57","5864427"
"KQ055479v1","937632","937693","GL873520","25400012","25400071","14","24462380"
"KQ055479v1","1675230","1675377","GL873593","9631746","9631892","35","7956516"
"KQ055479v1","2031675","2031768","GL873528","1920922","1921012","17","110753"
"KQ055479v1","2622345","2622442","GL873587","6402703","6402799","26","3780358"
"KQ055488v1","1","122","GL873525","12129856","12129974","27","12129855"
"KQ055490v1","260656","260863","GL873531","28766902","28767118","49","28506246"
"KQ055490v1","2007374","2007426","GL873685","3884722","3884774","10","1877348"
"KQ055490v1","2007433","2007553","GL873623","2142174","2142300","34","134741"
"KQ055490v1","4090930","4091015","GL873528","11341160","11341236","21","7250230"
"KQ055490v1","4093021","4093276","GL873578","7151268","7151523","67","3058247"
"KQ055490v1","4211141","4211262","GL873530","17321439","17321543","34","13110298"
"KQ055496v1","4809","4928","GL873554","14422580","14422690","40","14417771"
"KQ055498v1","19031","19178","GL873578","5367884","5368030","39","5348853"
"KQ055498v1","1201254","1201433","GL873526","11157591","11157777","51","9956337"
"KQ055506v1","101","229","GL873523","3242402","3242537","47","3242301"
"KQ055506v1","1458","1806","GL873533","920545","920824","120","919087"
"KQ055508v1","2193695","2193881","GL873542","14507701","14507891","61","12314006"
"KQ055518v1","1643661","1643851","GL873541","18457887","18458077","45","16814226"
"KQ055518v1","2156634","2156725","GL873551","12695724","12695812","13","10539090"
"KQ055518v1","2590011","2590203","GL873623","5024316","5024496","51","2434305"
"KQ055518v1","2596139","2596308","GL873638","5802382","5802546","45","3206243"
"KQ055518v1","2696427","2696584","GL873638","5801670","5801817","36","3105243"
"KQ055518v1","2696597","2696644","GL873626","5544485","5544532","11","2847888"
"KQ055518v1","2734483","2734650","GL873540","880910","881053","56","1853573"
"KQ055518v1","2939790","2939893","GL873576","10785689","10785796","32","7845899"
"KQ055529v1","12805","12899","GL873624","215642","215745","30","202837"
"KQ055529v1","497780","497935","GL873654","4647194","4647348","38","4149414"
"KQ055529v1","611660","611826","GL873646","3152298","3152430","50","2540638"
"KQ055529v1","712492","712558","GL873719","1695265","1695330","18","982773"
"KQ055529v1","868220","868274","GL873636","5857066","5857109","19","4988846"
"KQ055540v1","81176","81248","GL873596","8435936","8436005","20","8354760"
"KQ055540v1","3295628","3295717","GL873602","5267428","5267515","20","1971800"
"KQ055540v1","3295992","3296112","GL873577","9776444","9776564","37","6480452"
"KQ055540v1","3296149","3296271","GL873535","25789092","25789212","31","22492943"
"KQ055540v1","4143187","4143279","GL873672","1009262","1009354","31","3133925"
"KQ055540v1","4143618","4143694","GL873631","6750577","6750656","27","2606959"
"KQ055540v1","4173459","4173550","GL873762","1487903","1487986","28","2685556"
"KQ055540v1","5023722","5023921","GL873544","20758687","20758869","61","15734965"
"KQ055549v1","410578","410843","GL873590","6273421","6273665","104","5862843"
"KQ055549v1","2173445","2173754","GL873665","1170071","1170374","84","1003374"
"KQ055557v1","1406114","1406289","GL873529","15451139","15451309","50","14045025"
"KQ055557v1","3336282","3336315","GL873691","2281843","2281869","12","1054439"
"KQ055557v1","3532710","3532915","GL873667","2821131","2821345","66","711579"
"KQ055557v1","3581861","3582046","GL873581","8026006","8026188","49","4444145"
"KQ055558v1","333026","333125","GL873546","18019330","18019417","31","17686304"
"KQ055558v1","1427857","1428076","GL873807","682001","682203","77","745856"
"KQ055569v1","145054","145225","GL873529","15451139","15451309","38","15306085"
"KQ055569v1","263035","263129","GL873535","23117329","23117421","31","22854294"
"KQ055569v1","666119","666405","GL873603","7738570","7738852","82","7072451"
"KQ055579v1","53502","53787","GL873606","7483902","7484187","77","7430400"
"KQ055579v1","340090","340157","GL873569","10253303","10253368","14","9913213"
"KQ055579v1","444168","444223","GL873658","3978143","3978194","12","3533975"
"KQ055579v1","898180","898366","GL873629","3241077","3241256","50","2342897"
"KQ055579v1","949055","949350","GL873521","33409417","33409713","67","32460362"
"KQ055579v1","994977","995093","GL873533","3769440","3769558","35","2774463"
"KQ055588v1","7329","7460","GL873532","21984468","21984587","45","21977139"
"KQ055590v1","7029","7138","GL873529","2484955","2485057","35","2477926"
"KQ055590v1","160276","160568","GL873574","2358534","2358831","70","2198258"
"KQ055590v1","322436","322665","GL873584","948499","948724","62","626063"
"KQ055590v1","572692","572860","GL873699","2185208","2185359","49","1612516"
"KQ055590v1","734210","734512","GL873526","12885338","12885635","81","12151128"
"KQ055590v1","960193","960352","GL873521","30774731","30774888","43","29814538"
"KQ055590v1","1734110","1734258","GL873718","1680603","1680754","33","53507"
"KQ055590v1","2172248","2172344","GL873640","5392985","5393074","25","3220737"
"KQ055590v1","2376823","2376921","GL873536","8143398","8143484","28","5766575"
"KQ055590v1","2377244","2377345","GL873638","4517336","4517435","38","2140092"
"KQ055590v1","2614785","2614859","GL873537","7143523","7143592","18","4528738"
"KQ055600v1","55364","55572","GL873649","4829831","4830025","79","4774467"
"KQ055600v1","169569","169740","GL873542","9113152","9113320","49","8943583"
"KQ055600v1","368721","368878","GL873545","10030078","10030236","35","9661357"
"KQ055600v1","889704","889777","GL873520","39493346","39493419","18","38603642"
"KQ055610v1","221499","221532","GL873530","24765903","24765929","10","24544404"
"KQ055610v1","971919","972024","GL873543","21973196","21973301","23","21001277"
"KQ055610v1","1251465","1251642","GL873640","514684","514855","45","736781"
"KQ055610v1","1669320","1669553","GL873520","11177255","11177490","81","9507935"
"KQ055610v1","2831555","2831841","GL873521","12059316","12059592","86","9227761"
"KQ055629v1","42289","42573","GL873524","35862919","35863202","78","35820630"
"KQ055629v1","1520996","1521192","GL873627","5511983","5512171","53","3990987"
"KQ055629v1","3712761","3712833","GL873562","8008414","8008478","20","4295653"
"KQ055629v1","4288430","4288565","GL873590","7807273","7807397","36","3518843"
"KQ055629v1","4439163","4439394","GL873544","12086808","12087032","81","7647645"
"KQ055629v1","4440078","4440140","GL873589","2084992","2085057","15","2355086"
"KQ055629v1","5109428","5109582","GL873539","15416215","15416352","42","10306787"
"KQ055640v1","949239","949394","GL873565","11529864","11530029","37","10580625"
"KQ055640v1","1421025","1421123","GL873629","1781162","1781246","32","360137"
"KQ055640v1","1640733","1640841","GL873527","9862374","9862484","34","8221641"
"KQ055651v1","3411818","3411996","GL873729","189766","189938","42","3222052"
"KQ055651v1","4699842","4699917","GL873528","20439285","20439356","18","15739443"
"KQ055662v1","331639","331838","GL873721","818842","819005","74","487203"
"KQ055662v1","1121075","1121093","GL873520","58610776","58610791","7","57489701"
"KQ055662v1","1123944","1124085","GL873619","7327021","7327157","37","6203077"
"KQ055662v1","1437825","1437955","GL873537","20653414","20653533","40","19215589"
"KQ055662v1","1438477","1438642","GL873638","5801670","5801817","44","4363193"
"KQ055662v1","1442657","1442864","GL873524","41507081","41507263","67","40064424"
"KQ055662v1","1530919","1531101","GL873565","11529864","11530029","43","9998945"
"KQ055662v1","1717527","1717680","GL873654","4647194","4647348","39","2929667"
"KQ055662v1","2035947","2036248","GL873563","10867620","10867926","79","8831673"
"KQ055662v1","2222323","2222496","GL873797","219056","219227","43","2003267"
"KQ055662v1","2222879","2223001","GL873569","11081069","11081189","28","8858190"
"KQ055662v1","2281336","2281612","GL873625","6434421","6434695","63","4153085"
"KQ055662v1","2389587","2389736","GL873576","6955193","6955339","38","4565606"
"KQ055662v1","5113016","5113178","GL873538","19836692","19836838","40","14723676"
"KQ055662v1","5537721","5537991","GL873645","3918175","3918435","69","1619546"
"KQ055662v1","5872264","5872325","GL873551","18431154","18431217","18","12558890"
"KQ055662v1","5873798","5873884","GL873533","16799656","16799727","30","10925858"
"KQ055662v1","5932108","5932383","GL873533","15376938","15377209","78","9444830"
"KQ055662v1","6325675","6325825","GL873654","4647194","4647348","48","1678481"
"KQ055662v1","6592025","6592094","GL873613","5858185","5858251","18","733840"
"KQ055662v1","6610463","6610537","GL873542","22313987","22314061","26","15703524"
"KQ055662v1","6629222","6629345","GL873657","1130375","1130500","39","5498847"
"KQ055662v1","6629684","6629720","GL873537","14014999","14015026","9","7385315"
"KQ055662v1","6634137","6634364","GL873533","30400196","30400413","69","23766059"
"KQ055662v1","6634468","6634530","GL873537","25253839","25253898","14","18619371"
"KQ055662v1","6655686","6655842","GL873548","15177062","15177219","43","8521376"
"KQ055662v1","7334031","7334297","GL873703","2805508","2805773","72","4528523"
"KQ055662v1","7815332","7815462","GL873520","28784630","28784761","35","20969298"
"KQ055663v1","917443","917506","GL873531","15784836","15784898","21","14867393"
"KQ055674v1","437048","437115","GL873528","1354469","1354524","18","917421"
"KQ055674v1","544730","544898","GL873565","11529864","11530029","42","10985134"
"KQ055674v1","636560","636755","GL873782","411225","411411","52","225335"
"KQ055674v1","637424","637505","GL873553","14472135","14472211","18","13834711"
"KQ055674v1","686432","686585","GL873533","5747365","5747505","56","5060933"
"KQ055674v1","819099","819232","GL873540","18705244","18705378","38","17886145"
"KQ055684v1","1075159","1075345","GL873713","410007","410174","62","665152"
"KQ055695v1","256769","256900","GL873541","15305637","15305768","34","15048868"
"KQ055695v1","407658","407850","GL873532","12818709","12818892","61","12411051"
"KQ055706v1","2096365","2096709","GL873569","12191043","12191333","119","10094678"
"KQ055706v1","2597653","2597732","GL873553","14472135","14472211","17","11874482"
"KQ055713v1","1403","1481","GL873605","3841068","3841136","22","3839665"
"KQ055717v1","151445","151609","GL873677","3930835","3930992","42","3779390"
"KQ055717v1","226426","226520","GL873543","6810969","6811056","24","6584543"
"KQ055717v1","426146","426311","GL873521","47769285","47769441","33","47343139"
"KQ055717v1","611921","612057","GL873646","3152298","3152430","30","2540377"
"KQ055717v1","660490","660554","GL873532","19730271","19730326","23","19069781"
"KQ055717v1","863866","864106","GL873530","18881340","18881537","85","18017474"
"KQ055717v1","1080495","1080722","GL873537","22108584","22108816","55","21028089"
"KQ055717v1","1371767","1371854","GL873675","1693136","1693220","20","321369"
"KQ055717v1","1486046","1486118","GL873807","576078","576147","18","909968"
"KQ055717v1","1540659","1540862","GL873550","12355843","12356047","61","10815184"
"KQ055717v1","1918149","1918237","GL873606","4461499","4461578","21","2543350"
"KQ055717v1","1918276","1918476","GL873671","308694","308877","58","1609582"
"KQ055725v1","82586","82691","GL873522","21435968","21436068","29","21353382"
"KQ055725v1","83040","83249","GL873538","2008708","2008915","51","1925668"
"KQ055725v1","120932","121138","GL873596","7939448","7939655","53","7818516"
"KQ055725v1","121726","121836","GL873551","12169949","12170059","25","12048223"
"KQ055725v1","502026","502192","GL873677","2806122","2806285","40","2304096"
"KQ055725v1","502591","502709","GL873570","5215086","5215210","25","4712495"
"KQ055725v1","580613","580774","GL873523","24466125","24466288","31","23885512"
"KQ055725v1","1037975","1038112","GL873548","16510188","16510322","26","15472213"
"KQ055725v1","1038293","1038439","GL873528","17667949","17668096","40","16629656"
"KQ055725v1","2156644","2156817","GL873657","2607136","2607302","38","450492"
"KQ055725v1","2469706","2469902","GL873782","411225","411411","58","2058481"
"KQ055725v1","2849963","2850106","GL873548","17167323","17167469","35","14317360"
"KQ055725v1","3228589","3228775","GL873782","411225","411411","39","2817364"
"KQ055725v1","3229451","3229570","GL873529","16202948","16203066","26","12973497"
"KQ055735v1","844292","844471","GL873640","514684","514855","42","329608"
"KQ055735v1","966354","966499","GL873537","25241659","25241789","35","24275305"
"KQ055735v1","1093463","1093508","GL873537","6638384","6638427","11","5544921"
"KQ055735v1","1099072","1099354","GL873537","17876409","17876687","78","16777337"
"KQ055735v1","1700196","1700215","GL873521","3526643","3526661","8","1826447"
"KQ055745v1","66386","66619","GL873527","11172750","11172983","80","11106364"
"KQ055745v1","455861","456059","GL873544","18629559","18629746","50","18173698"
"KQ055745v1","500001","500093","GL873534","23693337","23693428","18","23193336"
"KQ055745v1","556156","556167","GL873591","6226240","6226251","1","5670084"
"KQ055745v1","556198","556480","GL873556","10951396","10951676","71","10395198"
"KQ055745v1","948417","948524","GL873531","20278610","20278729","33","19330193"
"KQ055745v1","1257569","1257714","GL873523","27816407","27816554","45","26558838"
"KQ055755v1","236859","236933","GL873520","39493346","39493419","16","39256487"
"KQ055755v1","603121","603332","GL873531","28766902","28767118","51","28163781"
"KQ055755v1","811763","811904","GL873621","4933651","4933796","42","4121888"
"KQ055755v1","1151967","1152114","GL873577","9960434","9960558","46","8808467"
"KQ055755v1","1473840","1473908","GL873528","9014723","9014792","17","7540883"
"KQ055755v1","1791184","1791416","GL873567","12847241","12847488","70","11056057"
"KQ055766v1","229220","229339","GL873525","12129856","12129974","32","11900636"
"KQ055766v1","269151","269165","GL873522","2702629","2702641","4","2433478"
"KQ055766v1","544949","545144","GL873548","15227811","15227996","58","14682862"
"KQ055766v1","2374167","2374238","GL873530","29089961","29090021","20","26715794"
"KQ055766v1","2791623","2791781","GL873530","17834459","17834617","38","15042836"
"KQ055766v1","3053580","3053771","GL873538","27606298","27606479","67","24552718"
"KQ055766v1","3424530","3424632","GL873573","1310881","1310981","31","2113649"
"KQ055766v1","3547074","3547217","GL873740","614168","614297","44","2932906"
"KQ055766v1","4273040","4273245","GL873627","2328246","2328430","60","1944794"
"KQ055766v1","4485660","4485805","GL873526","7912086","7912226","29","3426426"
"KQ055766v1","4487569","4487674","GL873534","7000605","7000706","28","2513036"
"KQ055766v1","4522410","4522568","GL873565","11529864","11530029","39","7007454"
"KQ055766v1","4552307","4552459","GL873527","12117821","12117965","52","7565514"
"KQ055766v1","4598786","4598932","GL873579","10428645","10428799","46","5829859"
"KQ055766v1","4601607","4601738","GL873529","16057892","16058013","36","11456285"
"KQ055767v1","2540910","2541195","GL873525","8748694","8748973","86","6207784"
"KQ055767v1","3079538","3079602","GL873562","8008414","8008478","12","4928876"
"KQ055767v1","3080230","3080451","GL873613","5858331","5858550","51","2778101"
"KQ055777v1","736768","736844","GL873520","39493346","39493419","16","38756578"
"KQ055777v1","988038","988317","GL873549","3867971","3868263","73","2879933"
"KQ055777v1","1382134","1382411","GL873659","81190","81482","82","1300944"
"KQ055777v1","2022286","2022342","GL873530","29089961","29090021","15","27067675"
"KQ055777v1","2129672","2129955","GL873523","24483647","24483928","92","22353975"
"KQ055777v1","2152574","2152640","GL873812","646951","647021","22","1505623"
"KQ055787v1","2561","2718","GL873547","8473782","8473931","40","8471221"
"KQ055787v1","2813","2929","GL873520","43348624","43348735","28","43345811"
"KQ055787v1","111461","111525","GL873578","7064561","7064623","20","6953100"
"KQ055787v1","111537","111780","GL873586","7127657","7127906","56","7016120"
"KQ055787v1","124182","124196","GL873533","5877359","5877372","2","5753177"
"KQ055787v1","124596","124850","GL873586","7127657","7127906","56","7003061"
"KQ055787v1","462297","462352","GL873528","7188329","7188387","18","6726032"
"KQ055787v1","1136914","1136931","GL873530","27602074","27602089","3","26465160"
"KQ055787v1","1138998","1139159","GL873706","2264519","2264675","44","1125521"
"KQ055787v1","1370632","1370760","GL873660","1148077","1148196","48","222555"
"KQ055792v1","318","485","GL873585","10630413","10630578","42","10630095"
"KQ055796v1","4236","4463","GL873550","3073054","3073287","77","3068818"
"KQ055796v1","5447","5515","GL873530","16751801","16751869","12","16746354"
"KQ055798v1","323573","323741","GL873677","2806122","2806285","41","2482549"
"KQ055798v1","540841","540998","GL873653","4145276","4145416","64","3604435"
"KQ055798v1","550761","550816","GL873635","5873227","5873283","14","5322466"
"KQ055798v1","550820","550967","GL873580","3399798","3399945","29","2848978"
"KQ055798v1","568211","568417","GL873526","11157591","11157777","61","10589380"
"KQ055808v1","553028","553199","GL873551","7857741","7857917","39","7304713"
"KQ055808v1","1254825","1255107","GL873557","11386288","11386552","85","10131463"
"KQ055808v1","1453221","1453386","GL873565","11529864","11530029","37","10076643"
"KQ055808v1","1675192","1675269","GL873606","2577351","2577423","22","902159"
"KQ055808v1","1903845","1903920","GL873520","39493346","39493419","17","37589501"
"KQ055808v1","2866852","2866990","GL873561","9184997","9185138","34","6318145"
"KQ055808v1","3529399","3529591","GL873533","14949238","14949419","56","11419839"
"KQ055830v1","553873","554045","GL873571","3865144","3865307","48","3311271"
"KQ055830v1","921533","921657","GL873531","19103435","19103554","41","18181902"
"KQ055830v1","1280502","1280661","GL873525","4625139","4625301","34","3344637"
"KQ055852v1","1110720","1110864","GL873539","14765955","14766103","51","13655235"
"KQ055852v1","2116810","2116982","GL873751","293413","293583","35","1823397"
"KQ055852v1","2217665","2217734","GL873543","20298131","20298199","14","18080466"
"KQ055852v1","2573920","2574066","GL873529","28747951","28748083","52","26174031"
"KQ055858v1","4100","4548","GL873520","19452867","19453237","194","19448767"
"KQ055862v1","1257223","1257528","GL873583","10657575","10657866","74","9400352"
"KQ055862v1","1538948","1538984","GL873548","13735306","13735342","10","12196358"
"KQ055862v1","1539078","1539204","GL873606","7670481","7670605","38","6131403"
"KQ055862v1","1728846","1728970","GL873523","6584490","6584603","35","4855644"
"KQ055862v1","1729372","1729440","GL873524","29909406","29909464","24","28180034"
"KQ055862v1","1806583","1806753","AAQR03195853","558","724","42","1806025"
"KQ055862v1","1806915","1807054","GL873567","11243791","11243914","36","9436876"
"KQ055872v1","369409","369473","GL873631","5215945","5216006","14","4846536"
"KQ055872v1","946917","946993","GL873553","14472135","14472211","20","13525218"
"KQ055872v1","1647191","1647353","GL873574","8910117","8910260","46","7262926"
"KQ055872v1","1705720","1705930","GL873596","7939448","7939655","54","6233728"
"KQ055872v1","1823499","1823620","GL873567","11587690","11587816","32","9764191"
"KQ055872v1","2033269","2033417","GL873534","30433938","30434092","38","28400669"
"KQ055872v1","2088423","2088568","GL873520","27656746","27656902","33","25568323"
"KQ055872v1","2106271","2106412","GL873539","16519193","16519341","27","14412922"
"KQ055872v1","2601467","2601621","GL873615","7003895","7004047","34","4402428"
"KQ055872v1","2775964","2776076","GL873574","11381468","11381581","28","8605504"
"KQ055872v1","2796293","2796438","GL873675","2117716","2117847","38","678577"
"KQ055872v1","2833288","2833355","GL873715","1987809","1987880","17","845479"
"KQ055872v1","2945122","2945303","GL873570","10458194","10458363","54","7513072"
"KQ055872v1","3277050","3277323","GL873534","8394806","8395077","68","5117756"
"KQ055872v1","3490361","3490508","GL873624","3052706","3052849","46","437655"
"KQ055872v1","3497559","3497715","GL873520","28495046","28495204","39","24997487"
"KQ055872v1","3505874","3505913","GL873555","15094894","15094930","8","11589020"
"KQ055872v1","3506345","3506563","GL873608","6106245","6106472","52","2599900"
"KQ055872v1","3682676","3682743","GL873559","507465","507523","19","3175211"
"KQ055872v1","3838389","3838460","GL873535","28232153","28232224","16","24393764"
"KQ055872v1","4064659","4064816","GL873536","16154076","16154221","54","12089417"
"KQ055872v1","4613302","4613468","GL873520","29429122","29429283","40","24815820"
"KQ055872v1","4686403","4686578","GL873530","29175192","29175379","52","24488789"
"KQ055872v1","4827590","4827678","GL873520","28170073","28170157","31","23342483"
"KQ055872v1","4842757","4842961","GL873540","23174211","23174379","71","18331454"
"KQ055872v1","5151692","5151848","GL873521","47769285","47769441","39","42617593"
"KQ055872v1","5904503","5904629","GL873533","28350182","28350310","29","22445679"
"KQ055872v1","8632251","8632422","GL873723","381644","381804","42","8250607"
"KQ055872v1","8632879","8632998","GL873615","2557874","2557989","33","6075005"
"KQ055872v1","8682003","8682094","GL873715","2403154","2403243","17","6278849"
"KQ055872v1","8682215","8682400","GL873553","7501553","7501737","58","1180662"
"KQ055872v1","8711546","8711696","GL873546","12884846","12884977","52","4173300"
"KQ055872v1","8771981","8772159","GL873659","2573830","2574003","45","6198151"
"KQ055872v1","8825920","8826019","GL873675","3550026","3550122","25","5275894"
"KQ055872v1","8826423","8826507","GL873542","8200048","8200132","24","626375"
"KQ055872v1","8826831","8826957","GL873521","40284603","40284726","30","31457772"
"KQ055872v1","9022608","9022704","GL873606","4461499","4461578","30","4561109"
"KQ055872v1","9331240","9331415","GL873535","10894906","10895068","52","1563666"
"KQ055872v1","12862183","12862258","GL873613","4061697","4061774","17","8800486"
"KQ055872v1","12901995","12902076","GL873528","593313","593393","21","12308682"
"KQ055872v1","13103414","13103523","GL873551","12695724","12695812","30","407690"
"KQ055872v1","13112155","13112314","GL873565","11529864","11530029","36","1582291"
"KQ055872v1","13154571","13154737","GL873591","7096828","7096990","41","6057743"
"KQ055872v1","13169869","13170149","GL873752","1532630","1532906","76","11637239"
"KQ055872v1","14264581","14264679","GL873584","2043784","2043864","34","12220797"
"KQ055872v1","14270624","14270766","GL873597","5282296","5282442","36","8988328"
"KQ055872v1","14336562","14336783","GL873684","2140479","2140702","49","12196083"
"KQ055872v1","14337515","14337582","GL873564","4670499","4670557","17","9667016"
"KQ055872v1","14999676","14999783","GL873580","1833733","1833834","24","13165943"
"KQ055872v1","15771532","15771758","GL873525","30037556","30037771","74","14266024"
"KQ055872v1","17133025","17133182","GL873557","2778851","2779012","45","14354174"
"KQ055872v1","17135629","17135752","GL873528","4445037","4445161","41","12690592"
"KQ055873v1","384877","385044","GL873525","44292742","44292905","42","43907865"
"KQ055873v1","385820","385948","GL873565","11770241","11770358","27","11384421"
"KQ055873v1","388922","389212","GL873545","11089266","11089551","88","10700344"
"KQ055873v1","1129256","1129393","GL873539","4383105","4383232","37","3253849"
"KQ055873v1","1131641","1131809","GL873530","15062276","15062436","44","13930635"
"KQ055883v1","379747","379774","GL873526","21240964","21240987","5","20861217"
"KQ055883v1","380345","380465","GL873582","5140187","5140306","32","4759842"
"KQ055883v1","565811","566041","GL873596","8436824","8437053","53","7871013"
"KQ055883v1","566846","566905","GL873569","98512","98574","13","468334"
"KQ055883v1","813276","813398","GL873537","20994447","20994570","27","20181171"
"KQ055883v1","813737","813846","GL873537","14344763","14344868","25","13531026"
"KQ055883v1","886128","886219","GL873537","18161706","18161798","18","17275578"
"KQ055883v1","1177412","1177586","GL873538","19836692","19836838","58","18659280"
"KQ055893v1","715549","715719","GL873567","11955747","11955914","42","11240198"
"KQ055893v1","1753679","1753801","GL873573","258734","258863","35","1494945"
"KQ055893v1","1782051","1782228","GL873523","9208278","9208456","47","7426227"
"KQ055893v1","2064549","2064622","GL873596","9593347","9593422","16","7528798"
"KQ055893v1","2364802","2364930","GL873553","7189686","7189818","28","4824884"
"KQ055893v1","2371284","2371436","GL873529","17494160","17494316","38","15122876"
"KQ055893v1","2745147","2745285","GL873523","27487029","27487162","39","24741882"
"KQ055903v1","107369","107516","GL873545","3926917","3927055","39","3819548"
"KQ055903v1","199595","199661","GL873528","9014723","9014792","20","8815128"
"KQ055903v1","496975","497226","GL873536","21592387","21592625","74","21095412"
"KQ055903v1","503845","504028","GL873526","11262921","11263089","67","10759076"
"KQ055903v1","530498","530697","GL873547","7035193","7035390","58","6504695"
"KQ055903v1","530952","531057","GL873542","3699874","3699966","26","3168922"
"KQ055912v1","10755","10911","GL873547","8473782","8473931","41","8463027"
"KQ055914v1","215144","215221","GL873522","41140917","41140991","25","40925773"
"KQ055914v1","463818","464005","GL873829","50475","50654","46","413343"
"KQ055914v1","603915","604042","GL873520","8921077","8921208","50","8317162"
"KQ055924v1","1293329","1293522","GL873562","7651933","7652105","61","6358604"
"KQ055935v1","794342","794439","GL873537","26284138","26284225","32","25489796"
"KQ055935v1","959117","959264","GL873599","5452822","5452978","42","4493705"
"KQ055935v1","1073363","1073528","GL873565","11529864","11530029","32","10456501"
"KQ055935v1","1149461","1149545","GL873560","10799856","10799934","25","9650395"
"KQ055946v1","298629","298887","GL873557","11523588","11523830","78","11224959"
"KQ055946v1","548977","549083","GL873586","9265859","9265950","41","8716882"
"KQ055946v1","687125","687303","GL873533","13638006","13638192","40","12950881"
"KQ055946v1","696247","696427","GL873533","13638006","13638192","41","12941759"
"KQ055946v1","807987","808163","GL873617","5084821","5084988","56","4276834"
"KQ055957v1","129847","130140","GL873557","5396817","5397111","66","5266970"
"KQ055957v1","573744","573908","GL873533","29711184","29711348","41","29137440"
"KQ055957v1","574060","574197","GL873539","18690134","18690271","33","18116074"
"KQ055957v1","582179","582276","GL873524","4599440","4599540","26","4017261"
"KQ055957v1","1204420","1204511","GL873576","10555704","10555786","21","9351284"
"KQ055957v1","1627080","1627204","GL873537","19802673","19802792","27","18175593"
"KQ055957v1","1627855","1628030","GL873703","3129654","3129822","38","1501799"
"KQ055957v1","2042761","2042875","GL873562","10369311","10369420","33","8326550"
"KQ055957v1","2146614","2146784","GL873523","25965080","25965242","44","23818466"
"KQ055957v1","2149079","2149224","GL873534","17878711","17878854","32","15729632"
"KQ055957v1","2493746","2493911","GL873565","11529864","11530029","39","9036118"
"KQ055968v1","1395199","1395293","GL873646","2616628","2616714","32","1221429"
"KQ055968v1","1646746","1646960","GL873629","2759321","2759537","59","1112575"
"KQ055968v1","1706476","1706627","GL873562","11962377","11962508","39","10255901"
"KQ055978v1","209942","210023","GL873544","15337162","15337245","13","15127220"
"KQ055978v1","550589","550654","GL873530","29089961","29090021","18","28539372"
"KQ055978v1","1298997","1299294","GL873521","33009908","33010206","86","31710911"
"KQ055978v1","3136685","3136976","GL873583","10657575","10657866","62","7520890"
"KQ055978v1","3510023","3510233","GL873738","1101396","1101579","61","2408627"
"KQ055978v1","3674592","3674766","GL873527","38187291","38187461","45","34512699"
"KQ055978v1","3996612","3996718","GL873700","222961","223064","23","3773651"
"KQ055978v1","4021497","4021665","GL873547","2262751","2262920","52","1758746"
"KQ055978v1","4031462","4031528","GL873528","9014723","9014792","14","4983261"
"KQ055978v1","4031718","4031952","GL873596","8436824","8437053","53","4405106"
"KQ055978v1","4060025","4060098","GL873535","28232153","28232224","18","24172128"
"KQ055978v1","4294300","4294409","GL873543","21973196","21973301","29","17678896"
"KQ055978v1","4294484","4294673","GL873523","29968644","29968849","46","25674160"
"KQ055978v1","4299732","4299885","GL873579","11240463","11240624","36","6940731"
"KQ055978v1","4523298","4523440","GL873530","27404682","27404824","42","22881384"
"KQ055978v1","4552893","4553020","GL873554","12795185","12795308","32","8242292"
"KQ055978v1","5013324","5013586","GL873663","2458713","2458950","61","2554611"
"KQ055978v1","5020415","5020497","GL873653","4282322","4282404","22","738093"
"KQ055978v1","5133635","5133742","GL873537","13860091","13860199","20","8726456"
"KQ055978v1","5135587","5135763","GL873534","17878249","17878424","49","12742662"
"KQ055978v1","5203120","5203406","GL873592","385137","385414","79","4817983"
"KQ055978v1","5361325","5361416","GL873650","5051750","5051839","28","309575"
"KQ055978v1","5889271","5889326","GL873532","28503562","28503619","27","22614291"
"KQ055978v1","5889773","5889935","GL873528","17667949","17668096","49","11778176"
"KQ055978v1","6092681","6092979","GL873721","937758","938042","74","5154923"
"KQ055978v1","6134528","6134705","GL873547","17281406","17281565","68","11146878"
"KQ055978v1","6407220","6407356","GL873637","1733988","1734120","41","4673232"
"KQ055978v1","6408948","6409120","GL873564","5053562","5053724","47","1355386"
"KQ055978v1","6463944","6464098","GL873530","17530705","17530851","39","11066761"
"KQ055978v1","6583622","6583706","GL873648","3589838","3589918","20","2993784"
"KQ055979v1","575068","575232","GL873716","352923","353095","38","222145"
"KQ055984v1","15351","15549","GL873537","24056965","24057156","45","24041614"
"KQ055984v1","15660","15726","GL873579","9240607","9240673","15","9224947"
"KQ055987v1","52712","52787","GL873545","7600090","7600163","20","7547378"
"KQ055987v1","52833","53024","GL873520","38619115","38619310","59","38566282"
"KQ055987v1","193391","193564","GL873533","23916549","23916723","47","23723158"
"KQ055987v1","200389","200538","GL873539","18690134","18690271","49","18489745"
"KQ055987v1","241256","241455","GL873611","6105355","6105533","72","5864099"
"KQ055987v1","248743","248931","GL873715","163081","163263","44","85662"
"KQ055987v1","266579","266887","GL873665","1170071","1170374","91","903492"
"KQ055987v1","512091","512219","GL873566","9141504","9141619","39","8629413"
"KQ055987v1","586283","586333","GL873529","36001492","36001528","18","35415209"
"KQ055987v1","586326","586375","GL873627","5056184","5056224","18","4469858"
"KQ055987v1","586368","586418","GL873529","36001492","36001528","19","35415124"
"KQ055987v1","586411","586461","GL873529","36001492","36001528","18","35415081"
"KQ055987v1","586535","586624","GL873523","38814448","38814531","23","38227913"
"KQ056000v1","4221","4300","GL873539","510524","510598","23","506303"
"KQ056000v1","4652","4723","GL873618","2918212","2918278","22","2913560"
"KQ056005v1","24586","24745","GL873540","3619669","3619820","49","3595083"
"KQ056005v1","65501","65653","GL873586","3940856","3941001","41","3875355"
"KQ056005v1","135323","135475","GL873615","1446439","1446597","33","1311116"
"KQ056005v1","266415","266524","GL873596","3585657","3585742","38","3319242"
"KQ056005v1","301982","302149","GL873691","1861749","1861915","46","1559767"
"KQ056005v1","379327","379433","GL873580","1833733","1833834","34","1454406"
"KQ056005v1","838952","839109","GL873565","11529864","11530029","47","10690912"
"KQ056005v1","927332","927486","GL873618","5342178","5342327","37","4414846"
"KQ056014v1","279491","279673","GL873829","50475","50654","41","229016"
"KQ056014v1","298762","298933","GL873548","16779906","16780071","60","16481144"
"KQ056014v1","304865","305149","GL873530","34601111","34601406","83","34296246"
"KQ056014v1","363379","363611","GL873528","8678356","8678598","78","8314977"
"KQ056014v1","428334","428435","GL873527","8451684","8451769","38","8023350"
"KQ056014v1","521032","521182","GL873639","4644137","4644287","40","4123105"
"KQ056014v1","591140","591296","GL873693","1671512","1671671","34","1080372"
"KQ056014v1","791762","791932","GL873565","11529864","11530029","45","10738102"
"KQ056014v1","923515","923541","GL873520","72365603","72365622","7","71442088"
"KQ056014v1","923857","923987","GL873523","4380093","4380221","33","3456236"
"KQ056014v1","966612","966769","GL873646","1083631","1083795","41","117019"
"KQ056014v1","1029312","1029370","GL873537","15819150","15819201","19","14789838"
"KQ056024v1","1847732","1848019","GL873526","24395502","24395781","92","22547770"
"KQ056035v1","956833","957136","GL873523","24198882","24199159","81","23242049"
"KQ056035v1","1541390","1541540","GL873568","4547498","4547641","32","3006108"
"KQ056035v1","1541542","1541623","GL873580","8344646","8344724","19","6803104"
"KQ056035v1","1569721","1569815","GL873532","23745295","23745388","22","22175574"
"KQ056035v1","1747012","1747173","GL873590","118802","118954","37","1628210"
"KQ056035v1","1838877","1839155","GL873530","12202849","12203138","82","10363972"
"KQ056035v1","1851639","1851897","GL873631","3429508","3429749","84","1577869"
"KQ056035v1","1985849","1985992","GL873665","3724327","3724453","54","1738478"
"KQ056035v1","1986067","1986158","GL873524","42621268","42621358","19","40635201"
"KQ056035v1","1986867","1987008","GL873618","1811071","1811215","44","175796"
"KQ056039v1","4174","4373","GL873537","21971983","21972171","65","21967809"
"KQ056044v1","1300163","1300299","GL873537","25241659","25241789","28","23941496"
"KQ056044v1","1300446","1300619","GL873565","11529864","11530029","49","10229418"
"KQ056044v1","2388369","2388496","GL873653","3180115","3180240","28","791746"
"KQ056049v1","3191","3280","GL873538","10516189","10516275","23","10512998"
"KQ056051v1","22565","22881","GL873578","10170926","10171203","119","10148361"
"KQ056056v1","150233","150430","GL873541","18457887","18458077","50","18307654"
"KQ056056v1","321231","321353","GL873564","9277916","9278041","38","8956685"
"KQ056056v1","856707","856812","GL873557","8016739","8016850","33","7160032"
"KQ056064v1","100161","100417","GL873540","4878278","4878537","78","4778117"
"KQ056064v1","410271","410366","GL873527","25115722","25115818","21","24705451"
"KQ056064v1","725693","725863","GL873565","11529864","11530029","38","10804171"
"KQ056064v1","755386","755412","GL873537","23946435","23946459","6","23191049"
"KQ056064v1","761700","761723","GL873537","23946435","23946459","5","23184735"
"KQ056064v1","762326","762470","GL873524","15100689","15100811","50","14338363"
"KQ056064v1","3786469","3786622","GL873520","27656746","27656902","36","23870277"
"KQ056064v1","5555801","5555980","GL873562","7257718","7257895","49","1701917"
"KQ056065v1","158855","159019","GL873523","24466125","24466288","37","24307270"
"KQ056065v1","159023","159291","GL873665","3173858","3174115","105","3014835"
"KQ056074v1","14269","14437","GL873565","11529864","11530029","32","11515595"
"KQ056074v1","1642423","1642577","GL873521","7573100","7573248","42","5930677"
"KQ056074v1","1642679","1642690","GL873591","6226240","6226251","0","4583561"
"KQ056084v1","227462","227650","GL873525","33199900","33200071","74","32972438"
"KQ056084v1","323518","323867","GL873564","8093410","8093696","144","7769892"
"KQ056093v1","146566","146795","GL873586","6466685","6466915","57","6320119"
"KQ056093v1","1757526","1757648","GL873526","2170325","2170438","44","412799"
"KQ056108v1","1962893","1963014","GL873531","19103435","19103554","38","17140542"
"KQ056118v1","142966","143249","GL873542","18962601","18962885","73","18819635"
"KQ056118v1","1115980","1116121","GL873521","19907026","19907166","40","18791046"
"KQ056118v1","1214604","1214739","GL873619","7327021","7327157","32","6112417"
"KQ056118v1","1343521","1343752","GL873545","3975067","3975279","70","2631546"
"KQ056118v1","3386372","3386544","GL873537","25932921","25933094","36","22546549"
"KQ056118v1","4281706","4281881","GL873866","174368","174541","45","4107338"
"KQ056134v1","3504915","3504997","GL873606","4461499","4461578","21","956584"
"KQ056147v1","148721","149043","GL873645","522742","523040","93","374021"
"KQ056147v1","150587","150893","GL873645","522742","523040","90","372155"
"KQ056147v1","233987","234222","GL873635","245410","245639","82","11423"
"KQ056147v1","715031","715139","GL873531","19103435","19103554","36","18388404"
"KQ056147v1","860097","860324","GL873548","12997372","12997588","78","12137275"
"KQ056147v1","860513","860610","GL873663","4089988","4090081","25","3229475"
"KQ056147v1","872258","872354","GL873663","4089988","4090081","26","3217730"
"KQ056147v1","981657","981739","GL873535","28232153","28232224","24","27250496"
"KQ056147v1","1049647","1049831","GL873523","9208278","9208456","44","8158631"
"KQ056147v1","1439486","1439608","GL873615","2557874","2557989","38","1118388"
"KQ056147v1","1439602","1439809","GL873563","10808977","10809168","65","9369375"
"KQ056147v1","1448817","1448997","GL873635","4314366","4314538","58","2865549"
"KQ056147v1","1451560","1451683","GL873615","2557874","2557989","37","1106314"
"KQ056147v1","1451677","1451882","GL873520","60903513","60903710","65","59451836"
"KQ056147v1","1470837","1470976","GL873570","9622550","9622666","52","8151713"
"KQ056147v1","1705317","1705448","GL873665","553533","553677","40","1151784"
"KQ056147v1","1870844","1870983","GL873553","7189686","7189818","34","5318842"
"KQ056147v1","1902879","1902989","GL873532","23509157","23509255","30","21606278"
"KQ056147v1","1924768","1925033","GL873535","28636931","28637211","71","26712163"
"KQ056147v1","1977862","1977922","GL873689","2003326","2003380","19","25464"
"KQ056147v1","2021741","2021923","GL873866","174368","174541","46","1847373"
"KQ056147v1","2032790","2032976","GL873526","26369128","26369321","71","24336338"
"KQ056147v1","2058051","2058193","GL873544","20508409","20508544","53","18450358"
"KQ056147v1","2128779","2128944","GL873526","24569155","24569301","53","22440376"
"KQ056147v1","2172185","2172319","GL873525","30133034","30133167","38","27960849"
"KQ056147v1","2179435","2179524","GL873562","10482969","10483058","21","8303534"
"KQ056147v1","2278403","2278591","GL873675","3058576","3058761","44","780173"
"KQ056147v1","2336314","2336475","GL873530","10321707","10321839","49","7985393"
"KQ056147v1","2396773","2396918","GL873693","1671512","1671671","41","725261"
"KQ056147v1","2397999","2398122","GL873569","11081069","11081189","28","8683070"
"KQ056147v1","2443568","2443704","GL873740","614168","614297","33","1829400"
"KQ056147v1","2546011","2546091","GL873522","16383635","16383721","28","13837624"
"KQ056147v1","2552130","2552262","GL873520","39463292","39463428","55","36911162"
"KQ056147v1","2645910","2645972","GL873559","774871","774933","15","1871039"
"KQ056147v1","2758243","2758398","GL873532","28503383","28503531","37","25745140"
"KQ056147v1","3122837","3122928","GL873523","1322902","1322986","21","1799935"
"KQ056147v1","3183634","3183723","GL873551","12695724","12695812","17","9512090"
"KQ056147v1","3248478","3248687","GL873607","76443","76648","37","3172035"
"KQ056147v1","3248689","3248729","GL873622","5874298","5874337","3","2625609"
"KQ056147v1","3293246","3293391","GL873638","5801670","5801817","28","2508424"
"KQ056147v1","3293495","3293665","GL873640","514684","514855","37","2778811"
"KQ056147v1","3409263","3409354","GL873554","16600142","16600226","21","13190879"
"KQ056147v1","3489677","3489733","GL873530","4904964","4905018","16","1415287"
"KQ056147v1","3523469","3523599","GL873553","7189686","7189818","39","3666217"
"KQ056147v1","3532293","3532377","GL873526","6633387","6633466","20","3101094"
"KQ056147v1","3532470","3532670","GL873600","3322290","3322483","47","210180"
"KQ056147v1","3809608","3809696","GL873568","10289093","10289171","24","6479485"
"KQ056147v1","3810051","3810264","GL873531","28766902","28767118","56","24956851"
"KQ056147v1","3862386","3862553","GL873530","17834459","17834617","39","13972073"
"KQ056147v1","4057980","4058174","GL873730","2062963","2063154","45","1995017"
"KQ056147v1","4196155","4196212","GL873635","5873227","5873283","12","1677072"
"KQ056147v1","4202360","4202496","GL873539","1302205","1302338","23","2900155"
"KQ056147v1","4336635","4336796","GL873527","17326544","17326681","60","12989909"
"KQ056148v1","159359","159489","GL873683","2262274","2262403","40","2102915"
"KQ056148v1","395111","395228","GL873615","6330865","6330966","34","5935754"
"KQ056148v1","397227","397441","GL873812","647293","647504","47","250066"
"KQ056148v1","1919435","1919624","GL873544","21575741","21575923","52","19656306"
"KQ056148v1","2278776","2278909","GL873548","15263461","15263604","33","12984685"
"KQ056148v1","2472544","2472622","GL873553","14472135","14472211","20","11999591"
"KQ056148v1","2491584","2491751","GL873565","11529864","11530029","39","9038280"
"KQ056148v1","3149047","3149242","GL873703","651659","651849","42","2497388"
"KQ056148v1","3154985","3155180","GL873703","651659","651849","45","2503326"
"KQ056148v1","3512396","3512466","GL873530","16751801","16751869","13","13239405"
"KQ056148v1","3582997","3583178","GL873544","21575741","21575923","56","17992744"
"KQ056148v1","3813824","3814007","GL873679","407589","407765","67","3406235"
"KQ056148v1","4010975","4011133","GL873546","17251150","17251302","37","13240175"
"KQ056148v1","4252413","4252554","GL873531","3159129","3159264","52","1093284"
"KQ056148v1","4567386","4567497","GL873573","1310881","1310981","35","3256505"
"KQ056149v1","1452851","1453116","GL873645","1754256","1754532","62","301405"
"KQ056157v1","900272","900353","GL873522","26588684","26588768","22","25688412"
"KQ056157v1","924287","924436","GL873528","8786441","8786575","48","7862154"
"KQ056157v1","925009","925134","GL873657","2261332","2261457","33","1336323"
"KQ056157v1","932285","932369","GL873523","25823948","25824032","21","24891663"
"KQ056166v1","669457","669592","GL873648","781414","781536","40","111957"
"KQ056166v1","669695","669823","GL873675","905510","905623","39","235815"
"KQ056166v1","841784","842030","GL873618","5334866","5335119","86","4493082"
"KQ056166v1","1170422","1170550","GL873520","28784630","28784761","43","27614208"
"KQ056166v1","1339429","1339491","GL873640","2362398","2362459","11","1022969"
"KQ056173v1","1080183","1080470","GL873665","2751562","2751857","81","1671379"
"KQ056173v1","1900666","1900824","GL873654","4647194","4647348","38","2746528"
"KQ056173v1","2223252","2223419","GL873526","5593159","5593310","60","3369907"
"KQ056173v1","2308303","2308478","GL873611","312898","313067","47","1995405"
"KQ056173v1","2335320","2335497","GL873570","1362998","1363173","46","972322"
"KQ056182v1","2070855","2070917","GL873520","25400012","25400071","15","23329157"
"KQ056200v1","16568","16662","GL873612","995562","995657","28","978994"
"KQ056200v1","29559","29647","GL873586","6036811","6036893","22","6007252"
"KQ056200v1","39374","39490","GL873550","7899073","7899177","33","7859699"
"KQ056200v1","192789","192961","GL873536","11888560","11888738","46","11695771"
"KQ056200v1","438227","438515","GL873698","2816557","2816859","85","2378330"
"KQ056200v1","480243","480429","GL873623","2425641","2425812","59","1945398"
"KQ056207v1","835724","835881","GL873540","3619669","3619820","41","2783945"
"KQ056234v1","704118","704257","GL873568","8910535","8910682","48","8206417"
"KQ056234v1","719173","719335","GL873664","4867545","4867702","48","4148372"
"KQ056234v1","773585","773600","GL873623","6701614","6701625","6","5928029"
"KQ056234v1","774166","774365","GL873586","6037098","6037298","65","5262932"
"KQ056234v1","902885","902963","GL873531","3240376","3240449","20","2337491"
"KQ056234v1","910405","910569","GL873540","18329258","18329429","47","17418853"
"KQ056234v1","1190627","1190713","GL873530","2102738","2102825","21","912111"
"KQ056234v1","1196161","1196267","GL873578","1166167","1166266","37","29994"
"KQ056234v1","1234405","1234703","GL873611","6110656","6110939","67","4876251"
"KQ056234v1","1291646","1291795","GL873593","6325573","6325710","40","5033927"
"KQ056234v1","1291877","1291962","GL873526","23163614","23163696","17","21871737"
"KQ056234v1","1302580","1302865","GL873557","13647283","13647574","71","12344703"
"KQ056234v1","1609647","1609814","GL873637","2325984","2326152","45","716337"
"KQ056234v1","1764535","1764709","GL873618","2598955","2599132","50","834420"
"KQ056234v1","1765227","1765295","GL873587","1348936","1349003","9","416291"
"KQ056234v1","2197170","2197494","GL873700","2464092","2464409","89","266922"
"KQ056234v1","2357403","2357578","GL873541","11224716","11224888","55","8867313"
"KQ056234v1","2485747","2486031","GL873524","6054132","6054412","80","3568385"
"KQ056234v1","2733035","2733119","GL873553","4053112","4053197","29","1320077"
"KQ056234v1","2811117","2811283","GL873611","312898","313067","33","2498219"
"KQ056234v1","3002952","3003113","GL873566","805015","805164","78","2197937"
"KQ056234v1","4127403","4127570","GL873620","5376183","5376341","39","1248780"
"KQ056234v1","4129544","4129711","GL873693","1671512","1671671","42","2458032"
"KQ056235v1","207269","207373","GL873530","28599860","28599964","36","28392591"
"KQ056235v1","211723","211827","GL873530","28599860","28599964","36","28388137"
"KQ056235v1","880097","880381","GL873585","2122587","2122855","89","1242490"
"KQ056235v1","1017794","1017935","GL873565","1758657","1758797","38","740863"
"KQ056235v1","1018378","1018470","GL873553","11821841","11821941","31","10803463"
"KQ056235v1","1713157","1713174","GL873533","15377487","15377503","3","13664330"
"KQ056235v1","1713200","1713347","GL873528","8617429","8617577","30","6904229"
"KQ056235v1","1715251","1715490","GL873565","13000872","13001090","77","11285621"
"KQ056235v1","1753059","1753334","GL873700","692303","692572","81","1060756"
"KQ056235v1","1839541","1839678","GL873538","4434156","4434296","34","2594615"
"KQ056235v1","1839720","1839735","GL873611","287070","287083","3","1552650"
"KQ056235v1","1860153","1860311","GL873674","2418991","2419148","37","558838"
"KQ056235v1","1873736","1873930","GL873520","5491957","5492147","50","3618221"
"KQ056235v1","1908542","1908691","GL873613","7635807","7635949","49","5727265"
"KQ056235v1","1925658","1925673","GL873611","287070","287083","3","1638588"
"KQ056235v1","1925709","1925846","GL873538","4434156","4434296","35","2508447"
"KQ056245v1","2431593","2431671","GL873540","22710630","22710713","19","20279037"
"KQ056253v1","100","267","GL873540","880910","881053","56","880810"
"KQ056254v1","880162","880238","GL873601","6250643","6250718","20","5370481"
"KQ056262v1","71467","71563","GL873675","1693136","1693220","25","1621669"
"KQ056268v1","1445782","1445920","GL873537","19795580","19795701","40","18349798"
"KQ056268v1","1446000","1446130","GL873538","24391920","24392049","40","22945920"
"KQ056279v1","635630","635909","GL873541","3999510","3999787","89","3363880"
"KQ056279v1","642196","642496","GL873530","12202849","12203138","73","11560653"
"KQ056279v1","648776","648901","GL873524","5485429","5485551","37","4836653"
"KQ056279v1","757062","757264","GL873548","14856430","14856634","52","14099368"
"KQ056279v1","1038594","1038726","GL873531","16903930","16904055","42","15865336"
"KQ056279v1","1075185","1075460","GL873532","25692054","25692332","82","24616869"
"KQ056286v1","927252","927354","GL873646","380736","380826","27","546516"
"KQ056286v1","1330551","1330695","GL873579","10428645","10428799","42","9098094"
"KQ056293v1","1441559","1441833","GL873716","2156401","2156657","83","714842"
"KQ056310v1","34195","34257","GL873770","948625","948687","15","914430"
"KQ056310v1","44287","44472","GL873540","21003073","21003251","50","20958786"
"KQ056310v1","1320757","1321056","GL873562","3851660","3851944","75","2530903"
"KQ056310v1","2112976","2113148","GL873713","1240209","1240384","48","872767"
"KQ056310v1","3042067","3042203","GL873593","6325573","6325710","42","3283506"
"KQ056310v1","4593108","4593251","GL873541","18287180","18287318","29","13694072"
"KQ056310v1","4596331","4596489","GL873520","30370218","30370370","51","25773887"
"KQ056310v1","4903767","4903908","GL873534","2145903","2146040","33","2757864"
"KQ056320v1","240293","240450","GL873690","2769578","2769733","40","2529285"
"KQ056320v1","351179","351327","GL873559","542203","542356","56","191024"
"KQ056320v1","380198","380367","GL873523","9208278","9208456","53","8828080"
"KQ056320v1","445520","445842","GL873537","22056827","22057146","120","21611307"
"KQ056320v1","518445","518578","GL873522","41197794","41197928","31","40679349"
"KQ056320v1","522113","522319","GL873585","1257724","1257910","65","735611"
"KQ056320v1","634414","634575","GL873561","3424782","3424934","52","2790368"
"KQ056320v1","712248","712433","GL873646","1083631","1083795","67","371383"
"KQ056320v1","820069","820236","GL873565","11529864","11530029","36","10709795"
"KQ056320v1","948302","948477","GL873557","3545287","3545458","53","2596985"
"KQ056320v1","1038891","1039019","GL873557","7331089","7331209","34","6292198"
"KQ056320v1","1965389","1965657","GL873549","17147884","17148151","67","15182495"
"KQ056321v1","293233","293524","GL873530","26024323","26024607","81","25731090"
"KQ056321v1","756664","756849","GL873544","10585715","10585891","38","9829051"
"KQ056321v1","772134","772294","GL873564","9526766","9526932","57","8754632"
"KQ056321v1","784863","785023","GL873564","9526766","9526932","57","8741903"
"KQ056321v1","851845","852039","GL873548","15864219","15864398","53","15012374"
"KQ056326v1","334","482","GL873586","3966705","3966848","49","3966371"
"KQ056331v1","921152","921181","GL873689","168996","169019","8","752156"
"KQ056339v1","830802","831024","GL873534","29979762","29979967","80","29148960"
"KQ056345v1","277504","277765","GL873520","25132927","25133177","85","24855423"
"KQ056345v1","817909","818130","GL873548","15388156","15388361","73","14570247"
"KQ056345v1","874466","874665","GL873541","18457887","18458077","63","17583421"
"KQ056345v1","882571","882653","GL873550","5148043","5148126","20","4265472"
"KQ056345v1","1762959","1763042","GL873640","5392985","5393074","19","3630026"
"KQ056345v1","1864294","1864438","GL873624","3265796","3265938","30","1401502"
"KQ056345v1","1864452","1864505","GL873522","41258685","41258741","17","39394233"
"KQ056345v1","2276307","2276584","GL873608","3535731","3535993","72","1259424"
"KQ056361v1","489212","489356","GL873593","6325573","6325710","49","5836361"
"KQ056361v1","3129093","3129284","GL873620","2628623","2628793","60","500470"
"KQ056368v1","412826","413118","GL873535","2251739","2252032","61","1838913"
"KQ056368v1","1465583","1465790","GL873532","19852130","19852322","65","18386547"
"KQ056368v1","2290573","2290655","GL873554","2161317","2161395","23","129256"
"KQ056368v1","2831586","2831757","GL873738","153780","153955","49","2677806"
"KQ056375v1","557136","557270","GL873579","10774307","10774439","52","10217171"
"KQ056375v1","992462","992678","GL873634","1362630","1362835","71","370168"
"KQ056375v1","1000030","1000151","GL873577","9776444","9776564","42","8776414"
"KQ056375v1","1354938","1355135","GL873526","26819982","26820159","54","25465044"
"KQ056375v1","1659493","1659554","GL873520","25400012","25400071","15","23740519"
"KQ056375v1","1975953","1976018","GL873550","678043","678106","18","1297910"
"KQ056375v1","2222014","2222323","GL873522","16407316","16407618","81","14185302"
"KQ056375v1","2382623","2382752","GL873539","16212028","16212159","39","13829405"
"KQ056386v1","1962377","1962546","GL873565","11529864","11530029","42","9567487"
"KQ056393v1","40","108","GL873528","9014723","9014792","16","9014683"
"KQ056393v1","2499","2615","GL873571","2875581","2875697","26","2873082"
"KQ056394v1","46826","46979","GL873526","264617","264772","33","217791"
"KQ056394v1","323607","323727","GL873530","35437454","35437556","38","35113847"
"KQ056394v1","1768128","1768292","GL873530","17834459","17834617","49","16066331"
"KQ056404v1","36046","36135","GL873522","36217956","36218045","24","36181910"
"KQ056404v1","217204","217264","GL873591","9476876","9476933","17","9259672"
"KQ056404v1","770968","771044","GL873553","14472135","14472211","16","13701167"
"KQ056404v1","775005","775174","GL873562","7651933","7652105","38","6876928"
"KQ056404v1","1069161","1069232","GL873579","1284969","1285041","14","215808"
"KQ056405v1","24058","24346","GL873602","5412183","5412471","78","5388125"
"KQ056405v1","771095","771408","GL873520","25581622","25581918","85","24810527"
"KQ056405v1","1611501","1611627","GL873537","15035089","15035212","27","13423588"
"KQ056405v1","1616492","1616676","GL873541","18457887","18458077","50","16841395"
"KQ056414v1","80075","80140","GL873545","1384824","1384889","15","1304749"
"KQ056414v1","86698","86850","GL873640","6382764","6382920","50","6296066"
"KQ056414v1","354746","354921","GL873567","11955747","11955914","43","11601001"
"KQ056414v1","824468","824720","GL873540","18410185","18410430","88","17585717"
"KQ056423v1","175874","176048","GL873611","312898","313067","34","137024"
"KQ056423v1","176541","176667","GL873526","16522135","16522261","36","16345594"
"KQ056423v1","195532","195686","GL873654","4647194","4647348","38","4451662"
"KQ056423v1","570799","571087","GL873544","15371154","15371445","67","14800355"
"KQ056423v1","840525","840642","GL873520","24575875","24575985","25","23735350"
"KQ056423v1","1041465","1041614","GL873544","19192214","19192355","55","18150749"
"KQ056423v1","1345479","1345534","GL873542","5880410","5880462","20","4534931"
"KQ056423v1","1506802","1507032","GL873588","5014333","5014558","69","3507531"
"KQ056423v1","1788079","1788175","GL873659","739275","739360","33","1048804"
"KQ056432v1","600516","600597","GL873528","11341160","11341236","19","10740644"
"KQ056432v1","1485225","1485294","GL873520","72046628","72046682","27","70561403"
"KQ056432v1","1669757","1669936","GL873526","26819982","26820159","57","25150225"
"KQ056432v1","1799825","1799896","GL873547","8418714","8418783","23","6618889"
"KQ056432v1","1875205","1875352","GL873528","9525287","9525411","44","7650082"
"KQ056432v1","2523000","2523152","GL873545","12511963","12512099","44","9988963"
"KQ056432v1","2561912","2562071","GL873545","19875266","19875423","48","17313354"
"KQ056432v1","3297921","3298080","GL873525","36687583","36687742","34","33389662"
"KQ056432v1","3371881","3372024","GL873578","4950267","4950411","40","1578386"
"KQ056440v1","52557","52732","GL873624","4349558","4349723","43","4297001"
"KQ056440v1","314084","314344","GL873688","513219","513459","76","199135"
"KQ056440v1","624675","624831","GL873665","1662674","1662831","35","1037999"
"KQ056440v1","673993","674166","GL873521","7784884","7785052","39","7110891"
"KQ056440v1","676090","676204","GL873561","10858718","10858821","45","10182628"
"KQ056440v1","932080","932222","GL873561","9184997","9185138","31","8252917"
"KQ056440v1","932648","932732","GL873520","27402066","27402147","18","26469418"
"KQ056447v1","980800","980950","GL873611","6995079","6995212","42","6014279"
"KQ056447v1","1339087","1339264","GL873540","18329258","18329429","49","16990171"
"KQ056447v1","2228785","2228845","GL873792","206449","206508","17","2022336"
"KQ056447v1","2408086","2408166","GL873562","12669372","12669455","18","10261286"
"KQ056447v1","2436140","2436341","GL873537","24056965","24057156","40","21620825"
"KQ056447v1","4350054","4350213","GL873548","16510188","16510322","48","12160134"
"KQ056447v1","4554355","4554546","GL873634","1644757","1644951","46","2909598"
"KQ056447v1","4555169","4555264","GL873666","3015082","3015181","18","1540087"
"KQ056447v1","4841603","4841778","GL873544","11002459","11002615","52","6160856"
"KQ056465v1","84107","84292","GL873618","2848733","2848916","52","2764626"
"KQ056465v1","503221","503399","GL873533","23916549","23916723","42","23413328"
"KQ056465v1","544084","544245","GL873535","21338777","21338930","50","20794693"
"KQ056465v1","1194590","1194764","GL873524","868981","869153","57","325609"
"KQ056475v1","151175","151344","GL873615","5581684","5581847","38","5430509"
"KQ056475v1","207423","207570","GL873538","23164192","23164337","48","22956769"
"KQ056475v1","585734","585896","GL873637","2325984","2326152","39","1740250"
"KQ056475v1","897914","898021","GL873521","19598410","19598508","34","18700496"
"KQ056475v1","1193071","1193221","GL873530","25382344","25382491","38","24189273"
"KQ056475v1","1193330","1193426","GL873631","3588889","3588984","21","2395559"
"KQ056475v1","1274139","1274226","GL873551","12695724","12695812","17","11421585"
"KQ056475v1","1378504","1378679","GL873545","16147401","16147576","39","14768897"
"KQ056475v1","2202724","2202762","GL873622","5874298","5874337","4","3671574"
"KQ056475v1","2202763","2202816","GL873634","2953084","2953126","18","750321"
"KQ056475v1","2203147","2203269","GL873540","3148827","3148948","28","945680"
"KQ056475v1","2644255","2644557","GL873521","48995852","48996137","71","46351597"
"KQ056475v1","2664951","2665166","GL873549","6652952","6653164","52","3988001"
"KQ056475v1","2667553","2667641","GL873522","29997164","29997251","17","27329611"
"KQ056475v1","3309937","3310006","GL873543","20298131","20298199","13","16988194"
"KQ056475v1","3534919","3534933","GL873642","3546280","3546293","4","11361"
"KQ056475v1","3535227","3535268","GL873529","16437534","16437573","10","12902307"
"KQ056475v1","3766149","3766222","GL873648","4639099","4639176","18","872950"
"KQ056475v1","3902426","3902512","GL873551","12695724","12695812","16","8793298"
"KQ056475v1","5118525","5118700","GL873597","2698686","2698859","50","2419839"
"KQ056475v1","5219447","5219576","GL873530","10321707","10321839","28","5102260"
"KQ056475v1","5221139","5221298","GL873527","12072977","12073134","33","6851838"
"KQ056475v1","5314254","5314404","GL873528","8786441","8786575","40","3472187"
"KQ056488v1","3001","3034","GL873560","5162909","5162938","9","5159908"
"KQ056493v1","99255","99305","GL873618","516233","516280","10","416978"
"KQ056493v1","276592","276729","GL873528","7863016","7863147","36","7586424"
"KQ056493v1","799612","799756","GL873543","962136","962269","38","162524"
"KQ056493v1","2388633","2388698","GL873691","1672307","1672372","19","716326"
"KQ056493v1","2588268","2588341","GL873535","28232153","28232224","18","25643885"
"KQ056493v1","3005112","3005332","GL873531","19459578","19459821","82","16454466"
"KQ056493v1","3134631","3134712","GL873615","6553474","6553553","21","3418843"
"KQ056493v1","3889693","3889801","GL873546","13781396","13781509","38","9891703"
"KQ056493v1","4168725","4168987","GL873530","15484616","15484880","80","11315891"
"KQ056493v1","5176326","5176484","GL873724","1561055","1561214","40","3615271"
"KQ056493v1","5210493","5210583","GL873829","380129","380225","24","4830364"
"KQ056493v1","6288067","6288157","GL873537","3888797","3888880","26","2399270"
"KQ056494v1","1953951","1954107","GL873624","6136622","6136747","62","4182671"
"KQ056494v1","1995474","1995754","GL873540","23695509","23695768","78","21700035"
"KQ056494v1","3294007","3294062","GL873530","29089961","29090021","15","25795954"
"KQ056494v1","3472843","3473055","GL873565","3013674","3013902","67","459169"
"KQ056494v1","3473372","3473509","GL873662","485048","485178","41","2988324"
"KQ056512v1","13543","13641","GL873523","1322902","1322986","31","1309359"
"KQ056512v1","100990","101212","GL873565","9707701","9707908","96","9606711"
"KQ056512v1","190496","190805","GL873542","3456161","3456450","72","3265665"
"KQ056512v1","232543","232686","GL873737","1318266","1318409","37","1085723"
"KQ056512v1","385131","385290","GL873528","8617429","8617577","48","8232298"
"KQ056521v1","334199","334315","GL873532","17266120","17266239","24","16931921"
"KQ056521v1","334525","334678","GL873530","25382344","25382491","40","25047819"
"KQ056521v1","793750","793884","GL873593","6325573","6325710","33","5531823"
"KQ056521v1","794377","794509","GL873527","38186869","38187003","28","37392492"
"KQ056521v1","962443","962585","GL873520","27656746","27656902","40","26694303"
"KQ056521v1","1329443","1329543","GL873534","6861987","6862081","19","5532544"
"KQ056530v1","12510","12645","GL873537","14783572","14783698","37","14771062"
"KQ056530v1","803365","803542","GL873752","1610348","1610527","44","806983"
"KQ056534v1","147","285","GL873543","6159335","6159461","51","6159188"
"KQ056540v1","609233","609350","GL873532","3402243","3402363","31","2793010"
"KQ056540v1","878112","878210","GL873523","1322902","1322986","32","444790"
"KQ056550v1","66582","66675","GL873624","1563788","1563879","26","1497206"
"KQ056550v1","70000","70317","GL873523","24483647","24483928","102","24413647"
"KQ056550v1","113585","113831","GL873526","19322534","19322762","82","19208949"
"KQ056550v1","265873","266175","GL873549","3867971","3868263","96","3602098"
"KQ056558v1","323608","323668","GL873646","3309283","3309338","22","2985675"
"KQ056558v1","749780","749844","GL873547","5980761","5980817","21","5230981"
"KQ056558v1","1151590","1151769","GL873530","27617491","27617661","60","26465901"
"KQ056558v1","1228098","1228278","GL873569","9398702","9398880","41","8170604"
"KQ056558v1","1375164","1375302","GL873677","90331","90460","49","1284833"
"KQ056568v1","248594","248774","GL873527","12103753","12103940","50","11855159"
"KQ056568v1","251065","251236","GL873671","2791853","2792023","50","2540788"
"KQ056568v1","333759","333893","GL873538","4434156","4434296","36","4100397"
"KQ056568v1","415994","416192","GL873570","7466861","7467061","46","7050867"
"KQ056568v1","793161","793317","GL873565","11529864","11530029","42","10736703"
"KQ056568v1","793322","793386","GL873562","11744194","11744254","16","10950872"
"KQ056568v1","1074980","1075175","GL873782","411225","411411","59","663755"
"KQ056568v1","1138074","1138291","GL873560","10882545","10882762","68","9744471"
"KQ056568v1","1204335","1204520","GL873526","6597075","6597264","48","5392740"
"KQ056568v1","1395676","1395721","GL874141","10394","10437","16","1385282"
"KQ056568v1","1402106","1402287","GL873533","23916549","23916723","60","22514443"
"KQ056568v1","1622530","1622573","GL873610","3352883","3352933","16","1730353"
"KQ056568v1","1622861","1622904","GL873610","3352883","3352933","16","1730022"
"KQ056568v1","1631460","1631613","GL873537","7505653","7505817","56","5874193"
"KQ056568v1","1719273","1719383","GL873639","4650222","4650314","38","2930949"
"KQ056579v1","2803","2974","GL873530","9855252","9855406","61","9852449"
"KQ056587v1","300108","300283","GL873540","23174211","23174379","41","22874103"
"KQ056587v1","333652","333927","GL873539","4313095","4313359","73","3979443"
"KQ056587v1","342157","342323","GL873724","1561055","1561214","40","1218898"
"KQ056587v1","449213","449300","GL873551","12695724","12695812","15","12246511"
"KQ056587v1","499767","499918","GL873588","7142294","7142443","40","6642527"
"KQ056587v1","703700","703882","GL873688","217016","217182","57","486684"
"KQ056587v1","713759","713925","GL873537","6477106","6477274","39","5763347"
"KQ056587v1","1271697","1271785","GL873520","19646140","19646214","30","18374443"
"KQ056587v1","5073817","5074007","GL873685","2125446","2125621","56","2948371"
"KQ056587v1","5074110","5074223","GL873537","14344763","14344868","32","9270653"
"KQ056587v1","6371989","6372167","GL873654","2870500","2870674","51","3501489"
"KQ056587v1","6372441","6372535","GL873527","35087411","35087505","23","28714970"
"KQ056587v1","8954467","8954645","GL873520","24119939","24120127","49","15165472"
"KQ056587v1","10980663","10980736","GL873520","39493346","39493419","14","28512683"
"KQ056587v1","10999050","10999144","GL873693","1672324","1672419","16","9326726"
"KQ056587v1","10999297","10999465","GL873536","7652088","7652252","39","3347209"
"KQ056587v1","16647111","16647175","GL873540","20165746","20165810","19","3518635"
"KQ056587v1","16839990","16840169","GL873567","9414180","9414351","46","7425810"
"KQ056587v1","16891525","16891664","GL873574","5448083","5448229","41","11443442"
"KQ056587v1","17089172","17089262","GL873738","1613396","1613480","32","15475776"
"KQ056587v1","17630550","17630678","GL873534","1713417","1713521","47","15917133"
"KQ056587v1","17693566","17693753","GL873544","21575741","21575923","43","3882175"
"KQ056587v1","17754526","17754630","GL873634","5425938","5426025","34","12328588"
"KQ056587v1","17999604","17999785","GL873526","11157591","11157777","53","6842013"
"KQ056587v1","18126960","18127114","GL873615","1446439","1446597","38","16680521"
"KQ056597v1","25921","26191","GL873571","391380","391662","67","365459"
"KQ056597v1","1361741","1361825","GL873520","72916937","72917022","24","71555196"
"KQ056613v1","41205","41417","GL873526","11157591","11157777","65","11116386"
"KQ056613v1","179817","180095","GL873562","3851660","3851944","71","3671843"
"KQ056613v1","217792","217946","GL873521","30774731","30774888","51","30556939"
"KQ056613v1","1556974","1557183","GL873800","270695","270907","46","1286279"
"KQ056613v1","1571166","1571254","GL873537","18161706","18161798","24","16590540"
"KQ056620v1","409391","409537","GL873561","3424782","3424934","46","3015391"
"KQ056627v1","73896","74127","GL873551","6418235","6418469","71","6344339"
"KQ056627v1","524882","525041","GL873581","9218818","9218983","38","8693936"
"KQ056635v1","195400","195484","GL873565","343188","343271","23","147788"
"KQ056635v1","274432","274482","GL873530","15973246","15973296","13","15698814"
"KQ056635v1","274483","274602","GL873571","4008443","4008559","47","3733960"
"KQ056635v1","298483","298634","GL873539","611209","611354","45","312726"
"KQ056635v1","372258","372415","GL873660","2350841","2350988","58","1978583"
"KQ056635v1","422159","422409","GL873532","10172750","10172995","92","9750591"
"KQ056635v1","509349","509453","GL873608","151754","151851","24","357595"
"KQ056635v1","671333","671490","GL873586","3940856","3941001","48","3269523"
"KQ056635v1","683319","683453","GL873537","13622039","13622156","44","12938720"
"KQ056635v1","751299","751458","GL873596","8930610","8930771","47","8179311"
"KQ056643v1","149700","149777","GL873563","795543","795616","19","645843"
"KQ056643v1","248523","248691","GL873611","312898","313067","31","64375"
"KQ056643v1","434460","434571","GL873563","5461295","5461408","38","5026835"
"KQ056643v1","465300","465430","GL873530","27530439","27530553","44","27065139"
"KQ056643v1","482433","482671","GL873526","23170830","23171078","83","22688397"
"KQ056643v1","757518","757684","GL873620","3804067","3804227","44","3046549"
"KQ056643v1","766988","767222","GL873526","4055161","4055404","86","3288173"
"KQ056643v1","775727","775892","GL873620","3804067","3804227","45","3028340"
"KQ056643v1","1006619","1006682","GL873577","343461","343524","22","663158"
"KQ056643v1","1265010","1265155","GL873564","8296777","8296907","50","7031767"
"KQ056652v1","605765","606004","GL873531","28766902","28767118","68","28161137"
"KQ056652v1","1168798","1168982","GL873671","4516100","4516279","37","3347302"
"KQ056652v1","1709037","1709212","GL873563","7475995","7476174","46","5766958"
"KQ056663v1","438816","438898","GL873565","13097309","13097398","24","12658493"
"KQ056663v1","439157","439363","GL873672","1010020","1010203","52","570863"
"KQ056663v1","777331","777463","GL873681","2771431","2771558","35","1994100"
"KQ056663v1","778045","778138","GL873575","197944","198032","25","580101"
"KQ056663v1","998456","998625","GL873631","3887186","3887334","61","2888730"
"KQ056672v1","326917","327067","GL873665","553533","553677","41","226616"
"KQ056672v1","864935","865079","GL873520","59444812","59444943","42","58579877"
"KQ056672v1","1466855","1467022","GL873521","47769285","47769441","42","46302430"
"KQ056672v1","1961959","1962036","GL873698","293784","293864","20","1668175"
"KQ056672v1","2238050","2238248","GL873545","4437992","4438170","51","2199942"
"KQ056672v1","3943537","3943726","GL873534","24827204","24827384","61","20883667"
"KQ056672v1","4320507","4320583","GL873581","9327206","9327277","16","5006699"
"KQ056672v1","4326307","4326589","GL873796","724583","724873","77","3601724"
"KQ056672v1","4340780","4340846","GL873523","26749947","26750014","14","22409167"
"KQ056672v1","4340962","4341151","GL873607","3577817","3578003","49","763145"
"KQ056672v1","4343256","4343531","GL873618","5334866","5335119","80","991610"
"KQ056672v1","5074346","5074388","GL873613","2791996","2792045","15","2282350"
"KQ056672v1","5074390","5074462","GL873522","41140917","41140991","15","36066527"
"KQ056672v1","5459626","5459687","GL873572","8738611","8738664","21","3278985"
"KQ056672v1","5566488","5566785","GL873559","332768","333056","90","5233720"
"KQ056672v1","5624678","5624871","GL873635","4314366","4314538","47","1310312"
"KQ056672v1","6480254","6480432","GL873548","13709366","13709544","48","7229112"
"KQ056672v1","6907224","6907382","GL873565","11529864","11530029","49","4622640"
"KQ056672v1","7297257","7297483","GL873530","25263561","25263799","70","17966304"
"KQ056673v1","514117","514153","GL873636","3684809","3684843","10","3170692"
"KQ056673v1","615392","615571","GL873685","2125446","2125621","45","1510054"
"KQ056673v1","615764","615864","GL873522","36217956","36218045","29","35602192"
"KQ056673v1","884259","884426","GL873520","27656746","27656902","39","26772487"
"KQ056673v1","886360","886652","GL873530","12202849","12203138","70","11316489"
"KQ056673v1","1328441","1328490","GL873554","10059036","10059081","16","8730595"
"KQ056673v1","1470931","1471043","GL873585","1246635","1246749","29","224296"
"KQ056681v1","61185","61321","GL873624","3052706","3052849","47","2991521"
"KQ056681v1","82615","82826","GL873585","1257724","1257910","64","1175109"
"KQ056681v1","82904","83066","GL873730","884914","885074","49","802010"
"KQ056681v1","97704","97890","GL873627","5778385","5778551","65","5680681"
"KQ056681v1","199958","200079","GL873523","24817721","24817841","31","24617763"
"KQ056699v1","605611","605664","GL873528","1354469","1354524","11","748858"
"KQ056699v1","1052181","1052336","GL873572","6008444","6008617","52","4956263"
"KQ056699v1","1142210","1142421","GL873540","7931580","7931774","64","6789370"
"KQ056707v1","1388088","1388253","GL873654","4647194","4647348","35","3259106"
"KQ056707v1","1388334","1388427","GL873534","6861987","6862081","15","5473653"
"KQ056707v1","1718328","1718458","GL873539","16212028","16212159","44","14493700"
"KQ056707v1","2131546","2131709","GL873672","1650183","1650320","53","481363"
"KQ056707v1","2714451","2714584","GL873666","1033059","1033198","39","1681392"
"KQ056707v1","2746678","2746759","GL873553","14472135","14472211","17","11725457"
"KQ056716v1","1929843","1930129","GL873536","11036686","11036964","80","9106843"
"KQ056716v1","2034377","2034547","GL873646","1083631","1083795","45","950746"
"KQ056733v1","537703","537776","GL873659","2890845","2890913","18","2353142"
"KQ056733v1","575624","575760","GL873565","6531284","6531427","38","5955660"
"KQ056733v1","646257","646313","GL873571","4720621","4720673","20","4074364"
"KQ056733v1","646359","646497","GL873693","2229330","2229465","42","1582971"
"KQ056733v1","996181","996429","GL873807","846371","846584","85","149810"
"KQ056733v1","1248728","1249029","GL873582","794071","794362","84","454657"
"KQ056733v1","1593811","1594002","GL873634","5875586","5875782","39","4281775"
"KQ056733v1","1658016","1658187","AAQR03195853","558","724","44","1657458"
"KQ056733v1","1659759","1659885","GL873661","3209658","3209769","38","1549899"
"KQ056733v1","1714342","1714480","GL873530","8694967","8695095","31","6980625"
"KQ056733v1","1714799","1714956","GL873565","4536806","4536968","46","2822007"
"KQ056751v1","448181","448251","GL873596","9593347","9593422","18","9145166"
"KQ056761v1","724548","724737","GL873525","44292742","44292905","71","43568194"
"KQ056761v1","760388","760493","GL873534","21380555","21380653","29","20620167"
"KQ056761v1","2186048","2186127","GL873562","12669372","12669455","17","10483324"
"KQ056761v1","2468690","2468847","GL873563","5296892","5297050","41","2828202"
"KQ056761v1","3294527","3294818","GL873526","12885338","12885635","76","9590811"
"KQ056761v1","3415590","3415835","GL873531","24575993","24576253","85","21160403"
"KQ056762v1","955982","956054","GL873807","576078","576147","17","379904"
"KQ056773v1","159873","160024","GL873526","16503825","16503960","42","16343952"
"KQ056773v1","206521","206583","GL873520","31045187","31045251","15","30838666"
"KQ056773v1","360612","360686","GL873528","593313","593393","20","232701"
"KQ056773v1","378590","378667","GL873528","7466203","7466277","23","7087613"
"KQ056773v1","390376","390460","GL873554","16539931","16540006","25","16149555"
"KQ056773v1","416779","416926","GL873528","17667949","17668096","40","17251170"
"KQ056790v1","99667","99750","GL873526","19933253","19933333","24","19833586"
"KQ056790v1","942751","942908","GL873547","7266922","7267075","45","6324171"
"KQ056790v1","1904377","1904508","GL873565","2043277","2043390","36","138900"
"KQ056790v1","1955706","1955890","GL873724","1561055","1561214","51","394651"
"KQ056790v1","1990825","1990980","GL873619","4757420","4757580","40","2766595"
"KQ056790v1","2138830","2139022","GL873561","9373096","9373310","61","7234266"
"KQ056800v1","822839","822941","GL873534","6861987","6862081","33","6039148"
"KQ056800v1","936994","937119","GL873660","1148077","1148196","33","211083"
"KQ056800v1","937321","937486","GL873540","17271845","17271991","44","16334524"
"KQ056800v1","1673694","1673867","GL873565","11529864","11530029","39","9856170"
"KQ056800v1","2508623","2508806","GL873563","7475995","7476174","46","4967372"
"KQ056800v1","2966415","2966494","GL873671","3512709","3512783","22","546294"
"KQ056810v1","25141","25226","GL873574","9055081","9055157","27","9029940"
"KQ056810v1","108280","108468","GL873526","11157591","11157777","50","11049311"
"KQ056810v1","120594","120759","GL873612","6684986","6685153","35","6564392"
"KQ056815v1","139","306","GL873637","2325984","2326152","36","2325845"
"KQ056827v1","615786","615907","GL873711","126610","126727","36","489176"
"KQ056837v1","483644","483850","GL873569","9383005","9383211","51","8899361"
"KQ056837v1","638469","638578","GL873731","1657809","1657911","35","1019340"
"KQ056837v1","1253011","1253295","GL873566","4210148","4210433","63","2957137"
"KQ056837v1","1422982","1423059","GL873659","2890845","2890913","22","1467863"
"KQ056837v1","2536943","2537110","GL873640","4826831","4826998","54","2289888"
"KQ056847v1","112469","112767","GL873532","25692054","25692332","75","25579585"
"KQ056847v1","1109757","1109993","GL873663","2458713","2458950","62","1348956"
"KQ056847v1","1110761","1110822","GL873564","4670499","4670557","15","3559738"
"KQ056855v1","10360","10468","GL873520","24575875","24575985","23","24565515"
"KQ056855v1","571747","571930","GL873563","3010983","3011159","64","2439236"
"KQ056855v1","633638","633799","GL873677","1702151","1702314","37","1068513"
"KQ056855v1","2951740","2951887","GL873522","7311511","7311651","39","4359771"
"KQ056855v1","2965482","2965647","GL873723","381644","381804","37","2583838"
"KQ056855v1","2966100","2966235","GL873523","4380093","4380221","32","1413993"
"KQ056855v1","3241207","3241334","GL873550","6453819","6453941","32","3212612"
"KQ056855v1","3243889","3244029","GL873536","24580020","24580152","38","21336131"
"KQ056855v1","3700723","3700793","GL873535","28232153","28232224","19","24531430"
"KQ056855v1","3718326","3718465","GL873562","10958155","10958292","37","7239829"
"KQ056855v1","3804077","3804454","GL873653","1101074","1101444","128","2703003"
"KQ056855v1","3861540","3861637","GL873737","1828726","1828811","29","2032814"
"KQ056855v1","3861794","3862012","GL873523","5831794","5832011","56","1970000"
"KQ056855v1","3871770","3871876","GL873595","5275899","5275992","35","1404129"
"KQ056855v1","3911340","3911400","GL873558","12905992","12906053","14","8994652"
"KQ056855v1","4017695","4017778","GL873691","435536","435620","28","3582159"
"KQ056855v1","4030227","4030257","GL873521","16987716","16987746","8","12957489"
"KQ056855v1","4032141","4032297","GL873706","2264519","2264675","45","1767622"
"KQ056855v1","4370300","4370440","GL873527","17326544","17326681","30","12956244"
"KQ056855v1","4370442","4370526","GL873738","1613396","1613480","24","2757046"
"KQ056855v1","5963092","5963373","GL873533","2554233","2554520","77","3408859"
"KQ056864v1","314659","314824","GL873695","1547821","1547990","52","1233162"
"KQ056864v1","315100","315210","GL873528","3795621","3795738","33","3480521"
"KQ056864v1","359485","359612","GL873526","8711798","8711907","44","8352313"
"KQ056864v1","2304344","2304488","GL873615","7003895","7004047","49","4699551"
"KQ056864v1","2532704","2532893","GL873620","6043468","6043652","38","3510764"
"KQ056873v1","834557","834721","GL873527","11843103","11843261","43","11008546"
"KQ056873v1","1109503","1109639","GL873584","9904503","9904637","24","8795000"
"KQ056873v1","1174814","1174889","GL873649","3291588","3291664","19","2116774"
"KQ056873v1","1356107","1356259","GL873579","10428645","10428799","39","9072538"
"KQ056881v1","2765","2858","GL873551","12695724","12695812","21","12692959"
"KQ056883v1","8594","8860","GL873645","3918175","3918435","69","3909581"
"KQ056891v1","719716","719835","GL873699","414115","414229","31","305601"
"KQ056891v1","1604873","1604946","GL873540","14623123","14623190","20","13018250"
"KQ056891v1","2227237","2227346","GL873550","5611991","5612099","21","3384754"
"KQ056891v1","2227348","2227441","GL873537","18161706","18161798","22","15934358"
"KQ056911v1","483931","484224","GL873843","141414","141710","86","342517"
"KQ056911v1","509899","509946","GL873627","5056184","5056224","11","4546285"
"KQ056911v1","601916","602165","GL873540","11300607","11300845","78","10698691"
"KQ056911v1","1242077","1242307","GL873596","1775452","1775678","76","533375"
"KQ056911v1","1319856","1320017","GL873565","11529864","11530029","30","10210008"
"KQ056911v1","1457762","1458062","GL873611","6110656","6110939","76","4652894"
"KQ056920v1","116114","116299","GL873782","411225","411411","69","295111"
"KQ056920v1","138934","139083","GL873522","36546868","36547006","59","36407934"
"KQ056920v1","546367","546447","GL873592","1563160","1563231","24","1016793"
"KQ056920v1","567361","567440","GL873592","1563160","1563231","24","995799"
"KQ056920v1","681343","681403","GL873613","5633641","5633700","15","4952298"
"KQ056920v1","681563","681822","GL873557","11386288","11386552","69","10704725"
"KQ056920v1","704799","704896","GL873834","93440","93535","29","611359"
"KQ056920v1","1170970","1171163","GL873679","407589","407765","43","763381"
"KQ056920v1","1208232","1208388","GL873698","1066127","1066280","46","142105"
"KQ056920v1","1317252","1317545","GL873530","34601111","34601406","66","33283859"
"KQ056920v1","1633025","1633350","GL873635","3842709","3843027","83","2209684"
"KQ056928v1","319892","319972","GL873527","16095895","16095971","20","15776003"
"KQ056928v1","1586232","1586332","GL873589","1187873","1187980","27","398359"
"KQ056928v1","2099527","2099703","GL873640","514684","514855","39","1584843"
"KQ056928v1","2315416","2315541","GL873525","12129856","12129974","35","9814440"
"KQ056928v1","2458102","2458229","GL873652","2351740","2351869","32","106362"
"KQ056928v1","2469045","2469164","GL873531","27529977","27530099","32","25060932"
"KQ056928v1","2526860","2527161","GL873557","5396817","5397111","81","2869957"
"KQ056936v1","1593745","1593883","GL873593","9631746","9631892","52","8038001"
"KQ056945v1","410839","410925","GL873527","13794942","13795025","21","13384103"
"KQ056945v1","889325","889385","GL873655","3442273","3442336","17","2552948"
"KQ056945v1","1031923","1032128","GL873526","19450594","19450773","61","18418671"
"KQ056945v1","1058022","1058101","GL873558","6709877","6709951","24","5651855"
"KQ056945v1","1134198","1134467","GL873558","3185623","3185895","76","2051425"
"KQ056945v1","1343629","1343807","GL873533","3373163","3373340","54","2029534"
"KQ056945v1","1343815","1343907","GL873535","21255953","21256045","20","19912138"
"KQ056945v1","2216089","2216218","GL873554","12795185","12795308","43","10579096"
"KQ056945v1","2216550","2216620","GL873526","8490690","8490751","26","6274140"
"KQ056945v1","2226313","2226487","GL873532","899565","899733","49","1326748"
"KQ056945v1","3283355","3283471","GL873525","34073232","34073353","37","30789877"
"KQ056946v1","281481","281729","GL873639","749610","749865","72","468129"
"KQ056946v1","1379558","1379734","GL873745","1562257","1562424","56","182699"
"KQ056955v1","1655264","1655357","GL873610","2460908","2461006","20","805644"
"KQ056965v1","54108","54383","GL873573","3460440","3460720","61","3406332"
"KQ056965v1","227327","227476","GL873522","821303","821441","46","593976"
"KQ056965v1","278151","278318","GL873520","27906561","27906726","44","27628410"
"KQ056973v1","351721","351872","GL873522","21487791","21487947","44","21136070"
"KQ056973v1","1462917","1463080","GL873528","20669564","20669722","41","19206647"
"KQ056973v1","2318730","2318824","GL873551","12695724","12695812","20","10376994"
"KQ056973v1","2565662","2565818","GL873548","14384117","14384248","51","11818455"
"KQ056976v1","6803","6885","GL873592","4672666","4672746","23","4665863"
"KQ056988v1","644666","644810","GL873529","18387416","18387540","50","17742750"
"KQ056996v1","695450","695523","GL873520","39493346","39493419","18","38797896"
"KQ056996v1","788246","788378","GL873534","2145903","2146040","30","1357657"
"KQ056996v1","1138248","1138275","GL873520","29008396","29008423","7","27870148"
"KQ056996v1","1316599","1316723","GL873577","9776444","9776564","46","8459845"
"KQ056996v1","1456366","1456583","GL873580","3294704","3294888","75","1838338"
"KQ057004v1","433420","433506","GL873608","3727642","3727723","20","3294222"
"KQ057004v1","1085135","1085423","GL873585","2122587","2122855","83","1037452"
"KQ057004v1","1086547","1086685","GL873525","21057628","21057763","38","19971081"
"KQ057004v1","1147953","1148071","GL873540","22879164","22879283","30","21731211"
"KQ057004v1","1148293","1148456","GL873530","15062276","15062436","42","13913983"
"KQ057004v1","1209163","1209336","GL873523","24466125","24466288","39","23256962"
"KQ057004v1","1532820","1532966","GL873521","40123131","40123261","47","38590311"
"KQ057004v1","2045553","2045715","GL873646","1083631","1083795","49","961922"
"KQ057013v1","1044031","1044236","GL873527","38309875","38310069","57","37265844"
"KQ057023v1","88754","88928","GL873520","60002367","60002552","47","59913613"
"KQ057023v1","515496","515665","GL873646","1083631","1083795","54","568135"
"KQ057023v1","680116","680283","GL873533","28304695","28304853","46","27624579"
"KQ057023v1","908602","908769","GL873557","15240946","15241109","43","14332344"
"KQ057023v1","1066509","1066711","GL873738","153780","153955","56","912729"
"KQ057023v1","1074252","1074435","GL873670","4062184","4062353","56","2987932"
"KQ057034v1","33968","34086","GL873537","26604724","26604851","42","26570756"
"KQ057034v1","231685","231949","GL873634","859944","860206","71","628259"
"KQ057034v1","608240","608329","GL873520","5968307","5968388","31","5360067"
"KQ057034v1","1157005","1157257","GL873540","18628619","18628857","68","17471614"
"KQ057034v1","1157756","1157808","GL873530","15973246","15973296","12","14815490"
"KQ057034v1","1554511","1554646","GL873732","2283087","2283223","41","728576"
"KQ057034v1","2365706","2365851","GL873533","23392912","23393044","34","21027206"
"KQ057034v1","3316549","3316642","GL873530","17632425","17632530","23","14315876"
"KQ057034v1","3580999","3581260","GL873548","11990707","11990982","82","8409708"
"KQ057034v1","3712019","3712194","GL873535","18594940","18595128","54","14882921"
"KQ057034v1","3826806","3826966","GL873527","12117821","12117965","51","8291015"
"KQ057034v1","3898669","3898838","GL873530","17834459","17834617","52","13935790"
"KQ057035v1","1388651","1388756","GL873595","4652048","4652150","26","3263397"
"KQ057035v1","1388758","1388890","GL873537","14783572","14783698","24","13394814"
"KQ057035v1","1397014","1397118","GL873537","3509674","3509772","25","2112660"
"KQ057035v1","1397120","1397252","GL873537","14783572","14783698","24","13386452"
"KQ057035v1","2437789","2437866","GL873540","22710630","22710713","22","20272841"
"KQ057035v1","2571710","2571827","GL873530","27530439","27530553","38","24958729"
"KQ057035v1","2606729","2606850","GL873557","15173492","15173615","29","12566763"
"KQ057035v1","3067679","3067812","GL873579","334657","334791","46","2733022"
"KQ057035v1","4675624","4675804","GL873565","13710368","13710535","49","9034744"
"KQ057035v1","5034021","5034081","GL873539","18992999","18993056","15","13958978"
"KQ057035v1","5034250","5034337","GL873553","9272431","9272521","30","4238181"
"KQ057035v1","5656190","5656347","GL873571","3865586","3865722","47","1790604"
"KQ057036v1","355496","355560","GL873547","8418714","8418783","19","8063218"
"KQ057036v1","876143","876271","GL873525","43950774","43950893","40","43074631"
"KQ057036v1","983082","983181","GL873532","23745295","23745388","27","22762213"
"KQ057036v1","983870","984089","GL873526","11967398","11967615","61","10983528"
"KQ057036v1","1155856","1155936","GL873561","8121282","8121363","21","6965426"
"KQ057036v1","1241988","1242254","GL873634","859944","860206","88","382044"
"KQ057036v1","1282191","1282386","GL873574","5073000","5073194","50","3790809"
"KQ057045v1","226214","226399","GL873527","17559952","17560140","39","17333738"
"KQ057045v1","285231","285450","GL873613","3384662","3384865","65","3099431"
"KQ057045v1","309657","309880","GL873613","3384662","3384865","67","3075005"
"KQ057045v1","702367","702441","GL873523","24818108","24818177","24","24115741"
"KQ057053v1","933574","933787","GL873812","647293","647504","49","286281"
"KQ057053v1","933855","933920","GL873543","19894770","19894833","13","18960915"
"KQ057053v1","1284560","1284679","GL873520","6556270","6556371","39","5271710"
"KQ057053v1","1284978","1285142","GL873634","2880942","2881112","39","1595964"
"KQ057053v1","1622593","1622845","GL873520","39543134","39543377","80","37920541"
"KQ057053v1","1631628","1631913","GL873573","3460440","3460720","56","1828812"
"KQ057059v1","5174","5254","GL873544","15337162","15337245","20","15331988"
"KQ057059v1","698241","698295","GL873520","72316870","72316922","9","71618629"
"KQ057059v1","2108882","2109075","GL873574","7263459","7263649","55","5154577"
"KQ057059v1","4376805","4376893","GL873547","14107531","14107618","24","9730726"
"KQ057074v1","130256","130356","GL873523","7396531","7396612","34","7266275"
"KQ057082v1","440100","440384","GL873752","1532630","1532906","72","1092530"
"KQ057082v1","642997","643016","GL873571","3561279","3561296","5","2918282"
"KQ057082v1","643017","643144","GL873525","12129856","12129974","33","11486839"
"KQ057082v1","657160","657328","GL873525","42062598","42062757","50","41405438"
"KQ057082v1","682432","682706","GL873549","6995318","6995585","87","6312886"
"KQ057091v1","690445","690649","GL873541","18457887","18458077","59","17767442"
"KQ057108v1","434984","435143","GL873543","962136","962269","49","527152"
"KQ057108v1","587650","587787","GL873633","6892398","6892528","39","6304748"
"KQ057108v1","644495","644568","GL873535","28232153","28232224","20","27587658"
"KQ057109v1","35368","35667","GL873557","13647283","13647574","73","13611915"
"KQ057118v1","277102","277178","GL873522","41140917","41140991","18","40863815"
"KQ057118v1","1005496","1005638","GL873530","33962085","33962226","45","32956589"
"KQ057118v1","1015892","1015955","GL873565","10821908","10821960","17","9806016"
"KQ057118v1","1276926","1277045","GL873568","8796962","8797084","28","7520036"
"KQ057118v1","1277109","1277343","GL873520","57545359","57545555","70","56268250"
"KQ057118v1","1752427","1752644","GL873618","3884109","3884328","62","2131682"
"KQ057118v1","1806827","1807125","GL873533","2554233","2554520","72","747406"
"KQ057118v1","1813112","1813266","GL873544","17570999","17571142","36","15757887"
"KQ057118v1","1844502","1844652","GL873624","3265796","3265938","32","1421294"
"KQ057118v1","1844661","1844717","GL873635","5873227","5873283","16","4028566"
"KQ057118v1","1981276","1981366","GL873541","22384542","22384628","17","20403266"
"KQ057118v1","1981745","1981956","GL873730","1862745","1862956","53","119000"
"KQ057118v1","2037359","2037486","GL873557","15604688","15604820","29","13567329"
"KQ057118v1","2040344","2040465","GL873663","2879617","2879741","25","839273"
"KQ057118v1","2067693","2067751","GL873537","3886519","3886572","17","1818826"
"KQ057118v1","2087284","2087481","GL873678","1331537","1331734","46","755747"
"KQ057118v1","2260665","2260747","GL873804","676490","676568","20","1584175"
"KQ057118v1","2261410","2261629","GL873566","12602509","12602723","49","10341099"
"KQ057118v1","2636491","2636672","GL873521","7411261","7411442","45","4774770"
"KQ057118v1","2639391","2639570","GL873521","7411261","7411442","46","4771870"
"KQ057118v1","2684450","2684721","GL873589","9888431","9888685","76","7203981"
"KQ057118v1","3200991","3201138","GL873527","19986574","19986720","37","16785583"
"KQ057118v1","3389167","3389434","GL873560","9844284","9844555","62","6455117"
"KQ057118v1","3483283","3483479","GL873601","8615326","8615512","60","5132043"
"KQ057118v1","3483758","3483792","GL873804","903301","903334","5","2580457"
"KQ057118v1","3572448","3572828","GL873653","1101074","1101444","115","2471374"
"KQ057118v1","3601775","3602058","GL873538","2871305","2871583","73","730470"
"KQ057118v1","3614909","3614982","GL873704","1226630","1226699","18","2388279"
"KQ057118v1","3890085","3890204","GL873521","30978540","30978647","39","27088455"
"KQ057118v1","3961607","3961894","GL873559","332768","333056","69","3628839"
"KQ057118v1","4473564","4473705","GL873653","1395168","1395293","41","3078396"
"KQ057118v1","4631523","4631769","GL873520","24806668","24806896","75","20175145"
"KQ057118v1","4804328","4804404","GL873710","2898492","2898569","19","1905836"
"KQ057119v1","89205","89342","GL873529","18387416","18387540","46","18298211"
"KQ057119v1","633895","633978","GL873537","23972229","23972305","27","23338334"
"KQ057119v1","1317712","1317877","GL873566","9284993","9285144","46","7967281"
"KQ057127v1","151639","151759","GL873574","11381468","11381581","26","11229829"
"KQ057127v1","172963","173264","GL873580","1917799","1918086","85","1744836"
"KQ057136v1","1659128","1659209","GL873585","1676706","1676785","29","17578"
"KQ057143v1","793348","793417","GL873569","98512","98574","16","694836"
"KQ057143v1","1861958","1862220","GL873526","4055161","4055404","94","2193203"
"KQ057143v1","1865007","1865268","GL873526","4055161","4055404","95","2190154"
"KQ057151v1","144818","145020","GL873665","2474168","2474358","60","2329350"
"KQ057151v1","280294","280466","GL873565","11529864","11530029","45","11249570"
"KQ057168v1","71372","71481","GL873522","37467407","37467511","40","37396035"
"KQ057168v1","192919","193017","GL873534","7000605","7000706","28","6807686"
"KQ057168v1","650053","650160","GL873646","1269997","1270107","28","619944"
"KQ057168v1","1020375","1020662","GL873557","4434835","4435117","86","3414460"
"KQ057168v1","1088228","1088398","GL873620","7377425","7377585","46","6289197"
"KQ057168v1","1782271","1782414","GL873544","19192214","19192355","39","17409943"
"KQ057177v1","604710","604902","GL873544","16133718","16133907","41","15529008"
"KQ057186v1","384190","384298","GL873562","10369311","10369420","38","9985121"
"KQ057186v1","418934","419010","GL873581","9327206","9327277","23","8908272"
"KQ057186v1","658632","658793","GL873543","15941550","15941695","42","15282918"
"KQ057186v1","828704","828849","GL873638","5801670","5801817","30","4972966"
"KQ057186v1","830012","830148","GL873558","2006441","2006566","43","1176429"
"KQ057186v1","926356","926504","GL873657","3038072","3038214","49","2111716"
"KQ057186v1","926906","927001","GL873556","13675588","13675681","26","12748682"
"KQ057204v1","1486037","1486150","GL873716","1908196","1908299","27","422159"
"KQ057204v1","1885760","1885949","GL873701","2666229","2666429","55","780469"
"KQ057204v1","1886846","1886915","GL873530","16751801","16751869","12","14864955"
"KQ057204v1","1894270","1894454","GL873544","10585715","10585891","52","8691445"
"KQ057204v1","3383580","3383868","GL873535","28636931","28637211","68","25253351"
"KQ057204v1","3590751","3590914","GL873529","669721","669881","41","2921030"
"KQ057204v1","4078983","4079151","GL873592","4426983","4427155","46","348000"
"KQ057205v1","1168553","1168845","GL873540","16726208","16726489","66","15557655"
"KQ057205v1","1197669","1197757","GL873634","5174618","5174704","31","3976949"
"KQ057205v1","1269138","1269368","GL873528","8678356","8678598","76","7409218"
"KQ057205v1","1485345","1485512","GL873681","2771067","2771234","38","1285722"
"KQ057205v1","1544151","1544445","GL873672","1021931","1022209","86","522220"
"KQ057205v1","1581317","1581412","GL873570","9512938","9513025","29","7931621"
"KQ057205v1","1676349","1676496","GL873586","3940856","3941001","47","2264507"
"KQ057205v1","1689696","1689799","GL873542","16894450","16894545","25","15204754"
"KQ057205v1","1689847","1690082","GL873537","2993976","2994213","64","1304129"
"KQ057205v1","1824649","1824830","GL873525","43804266","43804448","41","41979617"
"KQ057205v1","1983281","1983392","GL873527","30755190","30755309","37","28771909"
"KQ057205v1","2065204","2065302","GL873554","8220064","8220142","36","6154860"
"KQ057205v1","2407127","2407231","GL873572","546601","546697","26","1860526"
"KQ057205v1","2528118","2528303","GL873592","4320242","4320398","62","1792124"
"KQ057213v1","249922","249995","GL873597","1234437","1234499","20","984515"
"KQ057213v1","434006","434331","GL873567","8429592","8429903","95","7995586"
"KQ057213v1","436332","436406","GL873613","7273887","7273960","20","6837555"
"KQ057213v1","437740","437972","GL873608","1001022","1001228","85","563282"
"KQ057213v1","458973","459283","GL873530","12202849","12203138","76","11743876"
"KQ057213v1","475763","475812","GL873570","1401139","1401185","11","925376"
"KQ057213v1","481171","481240","GL873564","4670499","4670557","20","4189328"
"KQ057213v1","482023","482185","GL873629","3975945","3976112","42","3493922"
"KQ057223v1","146413","146551","GL873553","8362415","8362546","26","8216002"
"KQ057223v1","203945","204066","GL873564","962376","962493","40","758431"
"KQ057223v1","216580","216640","GL873620","5538205","5538259","16","5321625"
"KQ057232v1","9703","9870","GL873601","5810936","5811110","44","5801233"
"KQ057232v1","9874","9933","GL873559","774871","774933","15","764997"
"KQ057232v1","14254","14395","GL873522","41197794","41197928","34","41183540"
"KQ057232v1","14573","14636","GL873562","11341454","11341514","20","11326881"
"KQ057232v1","129626","129772","GL873586","3940856","3941001","35","3811230"
"KQ057232v1","132580","132758","GL873685","2871735","2871900","70","2739155"
"KQ057232v1","302391","302532","GL873563","9488068","9488209","36","9185677"
"KQ057232v1","396643","396895","GL873523","26494306","26494572","92","26097663"
"KQ057232v1","491935","492105","GL873723","1760804","1760974","41","1268869"
"KQ057260v1","233164","233239","GL873819","556576","556653","18","323412"
"KQ057260v1","590353","590476","GL873540","19565431","19565549","23","18975078"
"KQ057260v1","590609","590771","GL873601","6664470","6664628","39","6073861"
"KQ057260v1","742471","742638","GL873698","849274","849433","50","106803"
"KQ057268v1","222499","222684","GL873544","21575741","21575923","52","21353242"
"KQ057268v1","642761","642980","GL873539","412205","412393","67","230556"
"KQ057268v1","762695","762831","GL873550","6453819","6453941","31","5691124"
"KQ057268v1","972157","972280","GL873548","16798825","16798941","28","15826668"
"KQ057268v1","1560015","1560090","GL873537","7143523","7143592","24","5583508"
"KQ057290v1","35660","35674","GL873521","3526643","3526661","6","3490983"
"KQ057290v1","36013","36186","GL873668","995153","995324","52","959140"
"KQ057290v1","82156","82433","GL873634","859944","860206","101","777788"
"KQ057290v1","282777","282837","GL873546","13327865","13327925","15","13045088"
"KQ057290v1","355772","356030","GL873795","275400","275640","80","80372"
"KQ057290v1","1000731","1000902","GL873530","27102336","27102503","40","26101605"
"KQ057290v1","1032003","1032182","GL873540","16400602","16400784","47","15368599"
"KQ057290v1","1034782","1034889","GL873666","3015082","3015181","31","1980300"
"KQ057290v1","1054326","1054479","GL873520","27656746","27656902","38","26602420"
"KQ057290v1","1301216","1301358","GL873681","2771431","2771558","37","1470215"
"KQ057290v1","1385622","1385730","GL873595","4652048","4652150","31","3266426"
"KQ057290v1","1531737","1531871","GL873548","16510188","16510322","29","14978451"
"KQ057290v1","1535329","1535523","GL873548","13171723","13171898","56","11636394"
"KQ057290v1","1696583","1696738","GL873532","28503383","28503531","42","26806800"
"KQ057290v1","1730785","1730944","GL873561","9184997","9185138","44","7454212"
"KQ057290v1","1764377","1764668","GL873521","27303645","27303934","77","25539268"
"KQ057290v1","1816229","1816292","GL873540","20165746","20165810","10","18349517"
"KQ057290v1","1816363","1816589","GL873578","5795236","5795460","56","3978873"
"KQ057290v1","2063804","2063860","GL873530","29089961","29090021","13","27026157"
"KQ057290v1","2334180","2334277","GL873744","598213","598305","28","1735967"
"KQ057290v1","2334281","2334347","GL873597","8332094","8332158","14","5997813"
"KQ057290v1","2556911","2556975","GL873600","3061691","3061756","18","504780"
"KQ057290v1","2647105","2647163","GL873591","1592648","1592700","16","1054457"
"KQ057290v1","2804814","2804903","GL873543","17612032","17612116","22","14807218"
"KQ057290v1","3287474","3287724","GL873520","24806668","24806896","82","21519194"
"KQ057290v1","3323330","3323505","GL873540","18329258","18329429","52","15005928"
"KQ057290v1","4081931","4082075","GL873572","7395203","7395347","41","3313272"
"KQ057290v1","4545387","4545460","GL873574","6539321","6539386","27","1993934"
"KQ057290v1","4659976","4660192","GL873580","2698809","2698998","58","1961167"
"KQ057299v1","81750","81943","GL873613","2914211","2914407","57","2832461"
"KQ057299v1","263851","263981","GL873529","38447042","38447186","45","38183191"
"KQ057299v1","984850","984933","GL873522","770963","771034","28","213887"
"KQ057299v1","1577011","1577161","GL873542","12110764","12110917","44","10533753"
"KQ057308v1","42963","43142","GL873749","1462647","1462817","46","1419684"
"KQ057308v1","748434","748481","GL873658","3978143","3978194","16","3229709"
"KQ057308v1","911437","911489","GL873537","15819150","15819201","16","14907713"
"KQ057308v1","919566","919730","GL873537","27993531","27993702","42","27073965"
"KQ057308v1","1075523","1075841","GL873526","12885338","12885635","81","11809815"
"KQ057308v1","1099381","1099507","GL873654","4647374","4647491","46","3547993"
"KQ057308v1","1429093","1429269","GL873540","23174211","23174379","61","21745118"
"KQ057308v1","1583382","1583651","GL873672","2119434","2119700","82","536052"
"KQ057308v1","1642147","1642217","GL873537","24584386","24584452","22","22942239"
"KQ057308v1","1716583","1716782","GL873527","17559952","17560140","53","15843369"
"KQ057308v1","1845811","1846009","GL873545","15681206","15681390","56","13835395"
"KQ057308v1","2167129","2167293","GL873520","9366784","9366942","44","7199655"
"KQ057317v1","306420","306505","GL873675","3926012","3926095","22","3619592"
"KQ057317v1","421641","421731","GL873634","1395123","1395215","25","973482"
"KQ057317v1","421757","421860","GL873619","4546459","4546557","33","4124702"
"KQ057317v1","969775","969886","GL873597","1312057","1312145","40","342282"
"KQ057336v1","589366","589513","GL873755","1859620","1859777","41","1270254"
"KQ057345v1","80412","80699","GL873533","920545","920824","85","840133"
"KQ057345v1","84824","84872","GL873528","3372584","3372625","21","3287760"
"KQ057345v1","84874","84971","GL873610","4256233","4256332","22","4171359"
"KQ057345v1","87534","87821","GL873533","920545","920824","85","833011"
"KQ057345v1","369883","370020","GL873563","10880928","10881067","47","10511045"
"KQ057345v1","479782","479882","GL873523","37365693","37365797","31","36885911"
"KQ057345v1","482338","482502","GL873557","8431792","8431942","52","7949454"
"KQ057345v1","513754","513878","GL873556","7472209","7472329","34","6958455"
"KQ057345v1","1163140","1163202","GL873640","2362398","2362459","12","1199258"
"KQ057345v1","1297003","1297193","GL873613","3099103","3099287","51","1802100"
"KQ057345v1","1299709","1299902","GL873664","3494537","3494722","48","2194828"
"KQ057353v1","694914","695080","GL873610","3718917","3719061","43","3024003"
"KQ057353v1","821763","821990","GL873534","21474190","21474385","78","20652427"
"KQ057363v1","160946","161028","GL873537","27036969","27037050","40","26876023"
"KQ057363v1","509927","510038","GL873541","18457758","18457862","32","17947831"
"KQ057363v1","510484","510655","GL873685","2125446","2125621","34","1614962"
"KQ057373v1","43298","43398","GL873530","28599860","28599964","36","28556562"
"KQ057373v1","806070","806219","GL873532","29409276","29409420","42","28603206"
"KQ057373v1","807044","807208","GL873520","65812040","65812202","39","65004996"
"KQ057380v1","1051511","1051589","GL873596","9593347","9593422","22","8541836"
"KQ057380v1","1478755","1478925","GL873612","6684986","6685153","40","5206231"
"KQ057380v1","1719147","1719425","GL873536","7704009","7704312","93","5984862"
"KQ057380v1","2483222","2483490","GL873693","3133229","3133458","101","650007"
"KQ057380v1","2573871","2574017","GL873537","14767899","14768045","29","12194028"
"KQ057380v1","2575847","2575999","GL873525","44171605","44171763","39","41595758"
"KQ057380v1","2677160","2677317","GL873528","17667949","17668096","46","14990789"
"KQ057380v1","2697602","2697622","GL873586","6400132","6400151","8","3702530"
"KQ057380v1","2697759","2697931","GL873537","18020197","18020362","46","15322438"
"KQ057380v1","2701833","2701948","GL873632","2905268","2905384","41","203435"
"KQ057380v1","2748946","2749009","GL873522","41139110","41139168","17","38390164"
"KQ057380v1","2749010","2749148","GL873713","390020","390146","43","2358990"
"KQ057380v1","2760629","2760814","GL873526","6162464","6162647","49","3401835"
"KQ057380v1","2837957","2838035","AAQR03197765","690","773","22","2837267"
"KQ057380v1","2869355","2869463","GL873529","2484955","2485057","31","384400"
"KQ057380v1","2896401","2896498","GL873537","3509674","3509772","22","613273"
"KQ057380v1","2896578","2896689","GL873550","14217250","14217346","41","11320672"
"KQ057380v1","3134298","3134421","GL873567","11243791","11243914","29","8109493"
"KQ057380v1","3134817","3134951","GL873548","14384117","14384248","27","11249300"
"KQ057380v1","3349898","3350076","GL873525","35130616","35130786","41","31780718"
"KQ057380v1","3354755","3354861","GL873610","7129069","7129177","29","3774314"
"KQ057380v1","3371908","3371983","GL873524","18072881","18072947","23","14700973"
"KQ057380v1","3373744","3373928","GL873557","3821499","3821675","40","447755"
"KQ057380v1","3376986","3377042","GL873538","12713008","12713067","20","9336022"
"KQ057380v1","3381554","3381648","GL873537","27036793","27036889","26","23655239"
"KQ057380v1","3668515","3668684","GL873523","24466125","24466288","32","20797610"
"KQ057380v1","3668694","3668759","GL873569","10253303","10253368","11","6584609"
"KQ057380v1","3793090","3793330","GL873660","19711","19948","74","3773379"
"KQ057380v1","3824099","3824193","GL873526","7984521","7984608","31","4160422"
"KQ057380v1","3826825","3826987","GL873520","71859848","71860010","35","68033023"
"KQ057380v1","3826988","3827064","GL873527","4662493","4662577","20","835505"
"KQ057380v1","4120440","4120515","GL873539","10719702","10719779","17","6599262"
"KQ057380v1","4120648","4120787","GL873629","3727773","3727917","44","392875"
"KQ057380v1","4166953","4167245","GL873566","4210148","4210433","78","43195"
"KQ057380v1","4229111","4229233","GL873524","15100689","15100811","33","10871578"
"KQ057380v1","4229335","4229450","GL873535","19209033","19209146","25","14979698"
"KQ057380v1","5583502","5583757","GL873530","4823250","4823506","68","760252"
"KQ057380v1","6400999","6401114","GL873631","339089","339196","36","6061910"
"KQ057380v1","6578144","6578213","GL873562","8008414","8008478","20","1430270"
"KQ057381v1","1428659","1428746","GL873539","510524","510598","26","918135"
"KQ057397v1","484994","485058","GL873589","2084992","2085057","12","1599998"
"KQ057397v1","507138","507398","GL873537","25683029","25683254","97","25175891"
"KQ057397v1","725279","725472","GL873692","1862367","1862550","73","1137088"
"KQ057397v1","725959","726127","GL873665","3724327","3724453","66","2998368"
"KQ057404v1","86953","87152","GL873541","18457887","18458077","48","18370934"
"KQ057404v1","1345390","1345556","GL873526","8972789","8972963","48","7627399"
"KQ057404v1","1345561","1345610","GL873597","1428472","1428516","11","82911"
"KQ057404v1","1900237","1900384","GL873557","7696812","7696941","45","5796575"
"KQ057413v1","598066","598124","GL873528","1354469","1354524","18","756403"
"KQ057413v1","598764","598988","GL873578","5795236","5795460","65","5196472"
"KQ057413v1","1222712","1222737","GL873526","4195972","4195993","4","2973260"
"KQ057413v1","1223128","1223245","GL873521","13902374","13902499","27","12679246"
"KQ057413v1","1223643","1223776","GL873531","15947837","15947965","42","14724194"
"KQ057413v1","1738450","1738602","GL873624","5629955","5630103","35","3891505"
"KQ057429v1","1189","1364","GL873540","17733668","17733835","52","17732479"
"KQ057431v1","741878","741998","GL873624","2388757","2388872","31","1646879"
"KQ057431v1","742321","742484","GL873520","27656746","27656902","42","26914425"
"KQ057431v1","757420","757600","GL873526","15326882","15327059","31","14569462"
"KQ057431v1","1315450","1315591","GL873632","2905268","2905384","55","1589818"
"KQ057431v1","1493033","1493343","GL873526","9723683","9723966","91","8230650"
"KQ057431v1","1813877","1814056","GL873532","12818709","12818892","50","11004832"
"KQ057431v1","1973159","1973308","GL873648","3207543","3207682","37","1234384"
"KQ057431v1","2078174","2078337","GL873584","7461826","7461978","32","5383652"
"KQ057440v1","671489","671665","GL873596","6106662","6106840","49","5435173"
"KQ057449v1","773170","773315","GL873713","410007","410174","44","363163"
"KQ057449v1","834657","834667","GL873528","7656297","7656307","4","6821640"
"KQ057449v1","836340","836367","GL873537","28377845","28377864","10","27541505"
"KQ057449v1","836397","836501","GL873530","35437454","35437556","25","34601057"
"KQ057449v1","884919","885000","GL873528","11341160","11341236","16","10456241"
"KQ057449v1","1518317","1518409","GL873528","7531151","7531226","32","6012834"
"KQ057449v1","2138798","2138997","GL873561","438507","438702","50","1700291"
"KQ057449v1","2139155","2139278","GL873544","21836605","21836714","35","19697450"
"KQ057459v1","1042623","1042725","GL873553","15580833","15580943","30","14538210"
"KQ057459v1","1233720","1233854","GL873652","2675091","2675225","34","1441371"
"KQ057459v1","1234144","1234297","GL873665","1662674","1662831","34","428530"
"KQ057470v1","2022688","2022886","GL873534","21694431","21694619","54","19671743"
"KQ057471v1","294780","294871","GL873528","12919431","12919517","22","12624651"
"KQ057471v1","295086","295284","GL873534","21694431","21694619","66","21399345"
"KQ057471v1","539595","539663","GL873559","507465","507523","17","32130"
"KQ057471v1","812163","812410","GL873615","6141028","6141265","70","5328865"
"KQ057471v1","827330","827385","GL873565","9864589","9864640","11","9037259"
"KQ057480v1","558874","559083","GL873529","14346928","14347119","59","13788054"
"KQ057480v1","577086","577255","GL873539","11870458","11870614","48","11293372"
"KQ057480v1","590683","590912","GL873540","24165557","24165779","59","23574874"
"KQ057480v1","931059","931189","GL873534","9163012","9163133","37","8231953"
"KQ057480v1","1337888","1337961","GL873540","14623123","14623190","16","13285235"
"KQ057488v1","168461","168700","GL873526","15025151","15025407","65","14856690"
"KQ057488v1","217488","217561","GL873572","1797014","1797079","19","1579526"
"KQ057488v1","238927","239085","GL873640","514684","514855","44","275757"
"KQ057488v1","285774","285963","GL873540","18653109","18653296","49","18367335"
"KQ057488v1","309504","309693","GL873540","18653109","18653296","49","18343605"
"KQ057488v1","325488","325653","GL873537","27993531","27993702","36","27668043"
"KQ057488v1","325720","325853","GL873541","18287180","18287318","29","17961460"
"KQ057488v1","875870","875949","GL873549","18949847","18949924","23","18073977"
"KQ057495v1","233822","233971","GL873566","9415858","9416003","46","9182036"
"KQ057495v1","234183","234286","GL873610","2460908","2461006","29","2226725"
"KQ057495v1","743742","743895","GL873520","59860029","59860166","59","59116287"
"KQ057500v1","6006","6340","GL873832","434656","434948","109","428650"
"KQ057500v1","8211","8382","GL873672","1531313","1531478","57","1523102"
"KQ057504v1","132349","132480","GL873544","11778018","11778143","29","11645669"
"KQ057504v1","139816","140002","GL873619","2621655","2621835","42","2481839"
"KQ057504v1","1239251","1239417","GL873550","7710700","7710863","43","6471449"
"KQ057522v1","81558","81652","GL873646","380736","380826","22","299178"
"KQ057532v1","2309093","2309161","GL873522","32703004","32703071","15","30393911"
"KQ057532v1","2676238","2676357","GL873520","71031681","71031796","29","68355443"
"KQ057541v1","130608","130686","GL873632","1922456","1922526","25","1791848"
"KQ057541v1","469894","470089","GL873548","15227811","15227996","39","14757917"
"KQ057541v1","713763","713916","GL873522","24548092","24548253","42","23834329"
"KQ057541v1","987904","987994","GL873565","13097309","13097398","21","12109405"
"KQ057541v1","1072577","1072644","GL873529","1501133","1501204","17","428556"
"KQ057541v1","1153352","1153560","GL873545","17178640","17178857","64","16025288"
"KQ057560v1","300269","300547","GL873583","10657575","10657866","65","10357306"
"KQ057560v1","356877","356979","GL873545","20799455","20799557","33","20442578"
"KQ057560v1","466169","466244","GL873547","14107890","14107966","19","13641721"
"KQ057560v1","504701","504820","GL873532","3402243","3402363","30","2897542"
"KQ057560v1","575211","575399","GL873551","8825391","8825571","46","8250180"
"KQ057560v1","755798","755855","GL873527","2824006","2824057","16","2068208"
"KQ057560v1","1226711","1226899","GL873520","37853526","37853701","59","36626815"
"KQ057560v1","1247145","1247184","GL873536","2012008","2012048","10","764863"
"KQ057560v1","1247686","1247978","GL873534","1888153","1888445","74","640467"
"KQ057560v1","1283960","1284120","GL873530","34437251","34437408","42","33153291"
"KQ057560v1","1467979","1468048","GL873576","10701700","10701778","22","9233721"
"KQ057560v1","1899630","1899809","GL873526","11157591","11157777","47","9257961"
"KQ057560v1","2122487","2122613","GL873524","15100689","15100811","40","12978202"
"KQ057560v1","2404551","2404825","GL873700","1823132","1823405","82","581419"
"KQ057560v1","2559262","2559473","GL873557","8243986","8244180","70","5684724"
"KQ057560v1","2702721","2702852","GL873562","10958155","10958292","41","8255434"
"KQ057560v1","2836758","2836823","GL873535","28232153","28232224","14","25395395"
"KQ057560v1","3184317","3184390","GL873576","10785823","10785890","19","7601506"
"KQ057560v1","3266738","3266787","GL873644","232195","232237","17","3034543"
"KQ057560v1","3273607","3273769","GL873572","4711350","4711515","39","1437743"
"KQ057560v1","3291997","3292089","GL873762","377100","377181","28","2914897"
"KQ057560v1","3294562","3294732","GL873549","10163978","10164136","56","6869416"
"KQ057560v1","3305469","3305637","GL873567","11955747","11955914","41","8650278"
"KQ057560v1","4489251","4489330","GL873522","43250781","43250850","23","38761530"
"KQ057561v1","14437","14480","GL873636","3684809","3684843","16","3670372"
"KQ057561v1","225384","225540","GL873539","11870458","11870614","41","11645074"
"KQ057561v1","237528","237715","GL873533","3373163","3373340","53","3135635"
"KQ057561v1","2019804","2019919","GL873574","11381468","11381581","35","9361664"
"KQ057570v1","150736","151016","GL873526","12885338","12885635","72","12734602"
"KQ057570v1","210205","210502","GL873592","1782809","1783091","92","1572604"
"KQ057570v1","542617","542692","GL873553","14472135","14472211","14","13929518"
"KQ057587v1","35267","35441","GL873545","16147401","16147576","48","16112134"
"KQ057587v1","93030","93300","GL873557","8178019","8178300","79","8084989"
"KQ057587v1","828763","828947","GL873713","1240209","1240384","48","411446"
"KQ057603v1","63645","63725","GL873674","531838","531912","20","468193"
"KQ057603v1","738110","738310","GL873543","2471727","2471921","46","1733617"
"KQ057603v1","765050","765169","GL873537","1437697","1437809","30","672647"
"KQ057603v1","1569831","1569985","GL873613","7847638","7847794","37","6277807"
"KQ057603v1","1584430","1584627","GL873646","629916","630106","45","954514"
"KQ057603v1","1615068","1615237","GL873586","4872857","4873026","53","3257789"
"KQ057611v1","681488","681726","GL873527","11172750","11172983","75","10491262"
"KQ057611v1","681865","681955","GL873558","6379855","6379946","14","5697990"
"KQ057611v1","755957","756255","GL873526","12885338","12885635","59","12129381"
"KQ057611v1","976576","976874","GL873549","3867971","3868263","65","2891395"
"KQ057621v1","327269","327398","GL873539","4383105","4383232","32","4055836"
"KQ057621v1","1466342","1466638","GL873582","794071","794362","81","672271"
"KQ057621v1","1477903","1478201","GL873582","794071","794362","82","683832"
"KQ057629v1","115928","116232","GL873537","18299092","18299397","80","18183164"
"KQ057639v1","369550","369756","GL873618","3244191","3244381","68","2874641"
"KQ057639v1","527901","528085","GL873581","8026006","8026188","47","7498105"
"KQ057640v1","1","110","GL873580","9041080","9041176","41","9041079"
"KQ057648v1","291474","291769","GL873625","2914869","2915144","112","2623395"
"KQ057648v1","1354568","1354732","GL873615","1446439","1446597","43","91871"
"KQ057648v1","1486792","1486940","GL873580","9524466","9524615","29","8037674"
"KQ057648v1","1908367","1908461","GL873675","3926012","3926095","30","2017645"
"KQ057648v1","1911220","1911314","GL873675","3926012","3926095","30","2014792"
"KQ057648v1","1918778","1918973","GL873596","6106662","6106840","58","4187884"
"KQ057648v1","2103750","2103938","GL873530","32518832","32519002","72","30415082"
"KQ057648v1","4255264","4255629","GL873608","5443483","5443785","138","1188219"
"KQ057649v1","109583","109925","GL873619","4498117","4498406","120","4388534"
"KQ057649v1","501715","501760","GL873543","18337815","18337851","13","17836100"
"KQ057649v1","501762","501931","GL873562","7625570","7625720","52","7123808"
"KQ057649v1","1726096","1726178","GL873528","11341160","11341236","16","9615064"
"KQ057656v1","762513","762589","GL873534","23048747","23048826","18","22286234"
"KQ057664v1","138160","138327","GL873535","19427312","19427481","46","19289152"
"KQ057664v1","309573","309868","GL873645","5912741","5913043","89","5603168"
"KQ057664v1","385258","385392","GL873555","9248632","9248774","41","8863374"
"KQ057664v1","430880","431029","GL873627","5778385","5778551","41","5347505"
"KQ057673v1","2175308","2175614","GL873623","369353","369670","63","1805955"
"KQ057684v1","57641","57875","GL873527","11172750","11172983","68","11115109"
"KQ057684v1","60580","60763","GL873716","1806090","1806273","43","1745510"
"KQ057693v1","315904","316045","GL873704","1101292","1101428","32","785388"
"KQ057693v1","316101","316284","GL873782","411225","411411","41","95124"
"KQ057693v1","369030","369132","GL873787","181160","181267","29","187870"
"KQ057693v1","369134","369185","GL873716","1867983","1868032","13","1498849"
"KQ057693v1","383189","383293","GL873787","181160","181267","28","202029"
"KQ057693v1","383295","383346","GL873716","1867983","1868032","12","1484688"
"KQ057693v1","493211","493397","GL873659","5075626","5075806","55","4582415"
"KQ057693v1","582383","582447","GL873527","16661678","16661743","20","16079295"
"KQ057693v1","584702","584785","GL873571","4383121","4383204","15","3798419"
"KQ057693v1","687645","687813","GL873540","17733668","17733835","44","17046023"
"KQ057699v1","444","610","GL873729","1616193","1616361","54","1615749"
"KQ057702v1","890626","890929","GL873665","1170071","1170374","81","279445"
"KQ057702v1","1661983","1662067","GL873629","3293915","3293989","22","1631932"
"KQ057711v1","169560","169864","GL873538","23689752","23690030","86","23520192"
"KQ057711v1","2725755","2725863","GL873573","1229371","1229475","22","1496384"
"KQ057711v1","2730176","2730331","GL873526","264617","264772","39","2465559"
"KQ057737v1","135780","135967","GL873698","943503","943692","54","807723"
"KQ057737v1","139041","139106","GL873574","8575617","8575682","16","8436576"
"KQ057737v1","212272","212381","GL873523","28607264","28607355","34","28394992"
"KQ057737v1","214672","214810","GL873653","1723087","1723226","38","1508415"
"KQ057737v1","323298","323368","GL873538","15621450","15621524","17","15298152"
"KQ057737v1","327285","327481","GL873631","195020","195194","47","132265"
"KQ057737v1","904829","904908","GL873522","41140917","41140991","23","40236088"
"KQ057737v1","904931","905057","GL873563","10587864","10587987","37","9682933"
"KQ057737v1","999518","999680","GL873573","433917","434080","40","565601"
"KQ057737v1","1458007","1458184","GL873540","17349723","17349903","53","15891716"
"KQ057737v1","1978462","1978533","GL873528","9014723","9014792","21","7036261"
"KQ057737v1","2603486","2603611","GL873648","781414","781536","37","1822072"
"KQ057737v1","2649207","2649319","GL873543","18303085","18303190","34","15653878"
"KQ057737v1","2769707","2769933","GL873607","5888040","5888249","67","3118333"
"KQ057737v1","3022333","3022559","GL873530","12610330","12610553","53","9587997"
"KQ057737v1","3022927","3023013","GL873551","12695724","12695812","19","9672797"
"KQ057737v1","3367737","3367808","GL873524","18072881","18072947","19","14705144"
"KQ057737v1","3397922","3398049","GL873529","18387416","18387540","46","14989494"
"KQ057737v1","3507325","3507514","GL873523","24403273","24403448","70","20895948"
"KQ057737v1","3528969","3529125","GL873571","3716166","3716311","40","187197"
"KQ057737v1","3569813","3569958","GL873543","15941550","15941695","37","12371737"
"KQ057737v1","3710932","3711010","GL873547","8418714","8418783","22","4707782"
"KQ057737v1","3719500","3719579","GL873674","531838","531912","17","3187662"
"KQ057737v1","3869048","3869126","GL873596","6790608","6790684","12","2921560"
"KQ057737v1","3879635","3879829","GL873580","2698809","2698998","44","1180826"
"KQ057737v1","3916591","3916856","GL873530","36268260","36268535","85","32351669"
"KQ057737v1","3944697","3944847","GL873627","5276079","5276219","40","1331382"
"KQ057737v1","4287562","4287749","GL873520","24119939","24120127","54","19832377"
"KQ057737v1","4448708","4448793","GL873528","593313","593393","24","3855395"
"KQ057737v1","4462199","4462283","GL873536","8143398","8143484","23","3681199"
"KQ057737v1","4979332","4979498","GL873529","15451139","15451309","46","10471807"
"KQ057737v1","5153022","5153135","GL873542","6096584","6096694","28","943562"
"KQ057737v1","5282033","5282189","GL873654","4647194","4647348","39","634839"
"KQ057737v1","5527479","5527561","GL873523","24812869","24812944","18","19285390"
"KQ057737v1","5781114","5781251","GL873595","9635836","9635968","39","3854722"
"KQ057738v1","129071","129225","GL873665","553533","553677","37","424462"
"KQ057738v1","730875","731043","GL873533","13638006","13638192","55","12907131"
"KQ057747v1","1485292","1485473","GL873527","25081610","25081771","55","23596318"
"KQ057755v1","1562666","1562758","GL873557","7933667","7933751","22","6371001"
"KQ057764v1","542355","542521","GL873563","8301871","8302039","40","7759516"
"KQ057764v1","554520","554705","GL873561","13951011","13951195","54","13396491"
"KQ057764v1","571238","571386","GL873659","2086638","2086760","51","1515400"
"KQ057764v1","571776","571856","GL873534","15932201","15932280","22","15360425"
"KQ057764v1","1077410","1077575","GL873565","11529864","11530029","38","10452454"
"KQ057764v1","1827903","1828051","GL873604","5294005","5294130","59","3466102"
"KQ057781v1","1307110","1307198","GL873548","12664666","12664751","22","11357556"
"KQ057788v1","573764","573829","GL873616","7292429","7292484","18","6718665"
"KQ057788v1","573977","574227","GL873590","4246037","4246284","57","3672060"
"KQ057788v1","882532","882678","GL873578","4950267","4950411","38","4067735"
"KQ057788v1","1146798","1146875","GL873545","14421817","14421890","24","13275019"
"KQ057788v1","1406139","1406284","GL873685","2125842","2125967","53","719703"
"KQ057788v1","1473774","1473841","GL873812","646951","647021","20","826823"
"KQ057788v1","1498472","1498554","GL873730","1282887","1282964","22","215585"
"KQ057796v1","1552196","1552271","GL873538","15621450","15621524","19","14069254"
"KQ057796v1","1677982","1678028","GL873535","2636779","2636826","16","958797"
"KQ057796v1","1686219","1686265","GL873535","2636779","2636826","16","950560"
"KQ057805v1","684124","684324","GL873530","18681725","18681921","48","17997601"
"KQ057805v1","1290413","1290562","GL873522","34260116","34260249","48","32969703"
"KQ057805v1","1744559","1744876","GL873652","2600654","2600963","88","856095"
"KQ057813v1","53916","53975","GL873621","7536558","7536614","16","7482642"
"KQ057813v1","70036","70098","GL873537","15819150","15819201","19","15749114"
"KQ057813v1","80896","80961","GL873520","25400012","25400071","15","25319116"
"KQ057821v1","4108769","4108840","GL873560","5521235","5521307","20","1412466"
"KQ057821v1","5105177","5105377","GL873547","10439473","10439662","59","5334296"
"KQ057821v1","5748608","5748689","GL873534","23048747","23048826","22","17300139"
"KQ057821v1","5808122","5808201","GL873608","2692030","2692107","24","3116092"
"KQ057821v1","5811325","5811398","GL873631","1294923","1294992","17","4516402"
"KQ057821v1","5811490","5811649","GL873829","146854","147007","47","5664636"
"KQ057821v1","5923472","5923604","GL873539","547136","547262","43","5376336"
"KQ057821v1","6148730","6148895","GL873565","11529864","11530029","42","5381134"
"KQ057822v1","1154247","1154424","GL873537","27993531","27993702","42","26839284"
"KQ057832v1","358581","358652","GL873594","1457955","1458022","21","1099374"
"KQ057840v1","287963","288139","GL873536","11682913","11683071","50","11394950"
"KQ057848v1","1221443","1221678","GL873625","3533448","3533701","86","2312005"
"KQ057858v1","416907","417194","GL873580","1959436","1959717","56","1542529"
"KQ057875v1","253705","253914","GL873527","128734","128937","48","124971"
"KQ057875v1","362852","362996","GL873631","1353626","1353772","41","990774"
"KQ057875v1","367163","367278","GL873632","1858221","1858329","34","1491058"
"KQ057883v1","26009","26279","GL873561","468617","468894","58","442608"
"KQ057883v1","46786","46859","GL873562","12669372","12669455","20","12622586"
"KQ057883v1","106812","106969","GL873813","766128","766287","44","659316"
"KQ057883v1","114445","114547","GL873572","546601","546697","34","432156"
"KQ057883v1","118066","118226","GL873527","13666778","13666941","46","13548712"
"KQ057883v1","124969","125134","GL873565","11529864","11530029","44","11404895"
"KQ057883v1","127720","127902","GL873580","2698809","2698998","50","2571089"
"KQ057883v1","250493","250646","GL873561","3424782","3424934","36","3174289"
"KQ057883v1","261646","261833","GL873620","6043468","6043652","47","5781822"
"KQ057883v1","287108","287268","GL873693","1671512","1671671","38","1384404"
"KQ057883v1","427235","427384","GL873554","1361433","1361579","28","934198"
"KQ057883v1","428045","428180","GL873568","4325873","4326014","35","3897828"
"KQ057883v1","482400","482549","GL873665","553533","553677","30","71133"
"KQ057883v1","609587","609761","GL873552","13268803","13268975","51","12659216"
"KQ057883v1","612242","612394","GL873580","9524466","9524615","37","8912224"
"KQ057883v1","942907","943096","GL873660","911556","911746","58","31351"
"KQ057883v1","943553","943623","GL873536","1727502","1727569","15","783949"
"KQ057883v1","1104557","1104680","GL873554","12795185","12795308","31","11690628"
"KQ057883v1","1119367","1119482","GL873521","49853447","49853558","36","48734080"
"KQ057883v1","1142577","1142648","GL873538","15621450","15621524","18","14478873"
"KQ057883v1","1269845","1270138","GL873535","23402447","23402723","83","22132602"
"KQ057901v1","744823","745088","GL873522","3581829","3582079","74","2837006"
"KQ057901v1","943324","943400","GL873542","16815355","16815427","23","15872031"
"KQ057901v1","1200294","1200497","GL873563","3018385","3018563","66","1818091"
"KQ057901v1","1244689","1244854","GL873593","9631746","9631892","60","8387057"
"KQ057901v1","1278175","1278268","GL873551","12695724","12695812","19","11417549"
"KQ057901v1","1282415","1282566","GL873548","15177062","15177219","35","13894647"
"KQ057901v1","1299215","1299237","GL873522","5698489","5698508","4","4399274"
"KQ057901v1","1299575","1299865","GL873535","28636931","28637211","68","27337356"
"KQ057909v1","331035","331200","GL873944","6898","7040","53","324137"
"KQ057909v1","334800","334992","GL873525","12182548","12182734","53","11847748"
"KQ057909v1","753490","753631","GL873648","3207543","3207682","40","2454053"
"KQ057909v1","778266","778446","GL873529","15451139","15451309","44","14672873"
"KQ057909v1","795395","795518","GL873631","6876194","6876316","34","6080799"
"KQ057909v1","1112003","1112169","GL873627","5778385","5778551","38","4666382"
"KQ057909v1","1242796","1242984","GL873538","14914683","14914859","47","13671887"
"KQ057909v1","1422450","1422578","GL873537","5260158","5260287","25","3837708"
"KQ057909v1","3194688","3194827","GL873619","7327021","7327157","32","4132333"
"KQ057909v1","4039686","4039831","GL873593","6325573","6325710","37","2285887"
"KQ057909v1","5569030","5569189","GL873685","2713555","2713702","40","2855475"
"KQ057909v1","6479987","6480029","GL873678","100342","100382","12","6379645"
"KQ057909v1","6480030","6480186","GL873617","6833336","6833475","41","353306"
"KQ057909v1","7739159","7739301","GL873732","2283087","2283223","22","5456072"
"KQ057909v1","7862278","7862343","GL873530","29089961","29090021","16","21227683"
"KQ057909v1","9035417","9035569","GL873528","8617429","8617577","37","417988"
"KQ057909v1","9752583","9752671","GL873522","29997164","29997251","19","20244581"
"KQ057909v1","9754056","9754268","GL873531","28766902","28767118","46","19012846"
"KQ057909v1","9756321","9756408","GL873644","232647","232728","19","9523674"
"KQ057909v1","9765072","9765235","GL873615","5581684","5581847","40","4183388"
"KQ057909v1","11005672","11005756","GL873581","8789401","8789479","26","2216271"
"KQ057909v1","11586436","11586576","GL873586","4016149","4016289","47","7570287"
"KQ057909v1","12408486","12408795","GL873523","3117097","3117402","85","9291389"
"KQ057909v1","12469309","12469472","GL873523","24466125","24466288","34","11996816"
"KQ057909v1","12537991","12538128","GL873539","15416215","15416352","34","2878224"
"KQ057909v1","12539565","12539764","GL873543","2471727","2471921","64","10067838"
"KQ057909v1","12620599","12620756","GL873565","11529864","11530029","39","1090735"
"KQ057909v1","12664107","12664270","GL873520","27906561","27906726","45","15242454"
"KQ057909v1","12744545","12744715","GL873534","1252376","1252532","59","11492169"
"KQ057909v1","12749379","12749549","GL873540","17349723","17349903","58","4600344"
"KQ057909v1","12754231","12754381","GL873611","7888389","7888523","43","4865842"
"KQ057909v1","12782747","12782813","GL873531","29546265","29546331","20","16763518"
"KQ057909v1","13116636","13116833","GL873613","2914211","2914407","60","10202425"
"KQ057909v1","13227402","13227456","GL873530","29089961","29090021","18","15862559"
"KQ057909v1","13375120","13375287","GL873721","818842","819005","54","12556278"
"KQ057909v1","13382586","13382822","GL873738","882782","883005","61","12499804"
"KQ057909v1","13992447","13992548","GL873565","11788207","11788309","27","2204240"
"KQ057909v1","14543196","14543280","GL873585","69838","69917","22","14473358"
"KQ057909v1","15481327","15481418","GL873569","7644748","7644840","20","7836579"
"KQ057910v1","271514","271645","GL873577","1551284","1551409","31","1279770"
"KQ057910v1","300996","301218","GL873690","3559474","3559691","65","3258478"
"KQ057910v1","320437","320520","GL873527","13794942","13795025","22","13474505"
"KQ057910v1","383028","383219","GL873647","2719255","2719428","44","2336227"
"KQ057910v1","400699","400880","GL873534","22883634","22883810","48","22482935"
"KQ057910v1","406799","406952","GL873737","1318266","1318409","43","911467"
"KQ057910v1","408347","408521","GL873538","3067975","3068143","47","2659628"
"KQ057910v1","412354","412533","GL873534","22883634","22883810","50","22471280"
"KQ057910v1","595287","595394","GL873520","73083525","73083631","35","72488238"
"KQ057910v1","729115","729236","GL873699","414115","414229","37","315000"
"KQ057910v1","729537","729712","GL873619","7169239","7169406","41","6439702"
"KQ057910v1","1450215","1450471","GL873523","7170765","7171008","66","5720550"
"KQ057910v1","1490356","1490503","GL873619","7327021","7327157","36","5836665"
"KQ057910v1","1555402","1555569","GL873646","1083631","1083795","46","471771"
"KQ057910v1","1579972","1580099","GL873524","23725481","23725601","45","22145509"
"KQ057910v1","1616165","1616311","GL873530","36057982","36058110","37","34441817"
"KQ057910v1","1643617","1643689","GL873632","6080082","6080156","26","4436465"
"KQ057910v1","1688387","1688584","GL873526","6597075","6597264","51","4908688"
"KQ057910v1","1689338","1689468","GL873535","30105618","30105750","34","28416280"
"KQ057910v1","1814088","1814261","GL873535","19427312","19427481","39","17613224"
"KQ057910v1","1841688","1841761","GL873712","1291343","1291414","21","550345"
"KQ057910v1","1896255","1896423","GL873693","1671512","1671671","48","224743"
"KQ057910v1","2008826","2009026","GL873538","1878716","1878891","59","130110"
"KQ057910v1","2622787","2622968","GL873597","9429859","9430031","49","6807072"
"KQ057910v1","2698890","2699088","GL873572","1269287","1269461","61","1429603"
"KQ057910v1","2701375","2701551","GL873664","4468192","4468371","44","1766817"
"KQ057910v1","2887988","2888128","GL873619","7327021","7327157","31","4439033"
"KQ057910v1","3074052","3074305","GL873628","1239387","1239612","88","1834665"
"KQ057910v1","3086123","3086224","GL873773","90997","91087","33","2995126"
"KQ057910v1","3102468","3102679","GL873536","15084195","15084401","80","11981727"
"KQ057910v1","3111350","3111443","GL873675","3137192","3137279","17","25842"
"KQ057910v1","3111782","3112010","GL873537","22108584","22108816","49","18996802"
"KQ057910v1","3166917","3167132","GL873616","474662","474850","63","2692255"
"KQ057910v1","3295371","3295539","GL873524","2956926","2957076","59","338445"
"KQ057911v1","19506","19714","GL873523","7381571","7381789","65","7362065"
"KQ057911v1","77165","77308","GL873654","4647194","4647348","34","4570029"
"KQ057911v1","225099","225251","GL873523","26059955","26060117","42","25834856"
"KQ057911v1","226265","226409","GL873638","5801670","5801817","34","5575405"
"KQ057911v1","622440","622619","GL873738","153780","153955","40","468660"
"KQ057911v1","764085","764195","GL873541","18457758","18457862","39","17693673"
"KQ057922v1","183728","183870","GL873553","7189686","7189818","36","7005958"
"KQ057922v1","184064","184236","GL873656","3905942","3906112","54","3721878"
"KQ057922v1","1249164","1249361","GL873551","8825391","8825571","56","7576227"
"KQ057931v1","220566","220654","GL873537","18161706","18161798","23","17941140"
"KQ057931v1","689752","689959","GL873576","7129760","7129946","64","6440008"
"KQ057934v1","4986","5122","GL873554","12795185","12795308","44","12790199"
"KQ057938v1","1264353","1264530","GL873552","13656839","13657007","50","12392486"
"KQ057947v1","275272","275433","GL873700","1436033","1436195","50","1160761"
"KQ057958v1","614","696","GL873527","13794942","13795025","28","13794328"
"KQ057989v1","223","300","GL873553","14472135","14472211","18","14471912"
"KQ057995v1","66312","66870","GL873653","1101074","1101444","278","1034762"
"KQ058004v1","709518","709634","GL873524","15100689","15100811","40","14391171"
"KQ058004v1","771747","771892","GL873531","16903930","16904055","46","16132183"
"KQ058004v1","830199","830357","GL873537","22556337","22556479","44","21726138"
"KQ058004v1","1103028","1103222","GL873537","24056965","24057156","50","22953937"
"KQ058004v1","1208010","1208250","GL873532","24860399","24860616","55","23652389"
"KQ058004v1","1395051","1395211","GL873557","10919743","10919876","48","9524692"
"KQ058004v1","1396772","1396891","GL873629","1324768","1324888","31","72004"
"KQ058004v1","1417681","1417922","GL873523","35290547","35290765","68","33872866"
"KQ058004v1","1849644","1849675","GL873548","13398942","13398963","13","11549298"
"KQ058004v1","1850550","1850720","GL873525","6188126","6188286","39","4337576"
"KQ058004v1","1988014","1988185","GL873544","10585715","10585891","40","8597701"
"KQ058004v1","2029995","2030033","GL873644","232195","232237","14","1797800"
"KQ058004v1","2509548","2509740","GL873526","11157591","11157777","56","8648043"
"KQ058004v1","2534629","2534833","GL873703","651659","651849","43","1882970"
"KQ058004v1","3220565","3220738","GL873522","44334843","44335015","51","41114278"
"KQ058004v1","3225837","3225974","GL873721","2101130","2101266","34","1124707"
"KQ058004v1","3226431","3226577","GL873580","9524466","9524615","27","6298035"
"KQ058004v1","3337410","3337561","GL873521","47769285","47769441","36","44431875"
"KQ058004v1","3810126","3810368","GL873671","2607356","2607589","79","1202770"
"KQ058004v1","3941346","3941519","GL873537","307543","307711","47","3633803"
"KQ058004v1","4043548","4043810","GL873523","26494306","26494572","75","22450758"
"KQ058005v1","773548","773679","GL873544","17571369","17571492","39","16797821"
"KQ058023v1","81688","81844","GL873526","24569155","24569301","59","24487467"
"KQ058033v1","359422","359565","GL873637","1733988","1734120","48","1374566"
"KQ058042v1","225798","225877","GL873618","5020794","5020865","25","4794996"
"KQ058042v1","231621","231765","GL873618","5342178","5342327","36","5110557"
"KQ058050v1","602475","602534","GL873528","1354469","1354524","16","751994"
"KQ058050v1","602863","602877","GL873522","36516349","36516364","1","35913486"
"KQ058050v1","615300","615356","GL873528","1354469","1354524","14","739169"
"KQ058050v1","627155","627241","GL873573","2498946","2499032","13","1871791"
"KQ058050v1","627567","627708","GL873580","1291897","1292043","40","664330"
"KQ058050v1","984992","985084","GL873520","28170073","28170157","27","27185081"
"KQ058065v1","291936","292206","GL873728","813732","813988","80","521796"
"KQ058065v1","370697","370770","GL873522","41140917","41140991","20","40770220"
"KQ058065v1","698137","698216","GL873535","28232153","28232224","23","27534016"
"KQ058065v1","890262","890422","GL873565","11529864","11530029","34","10639602"
"KQ058076v1","978","1281","GL873533","16805845","16806125","105","16804867"
"KQ058076v1","48081","48158","GL873674","531838","531912","16","483757"
"KQ058076v1","110201","110305","GL873587","1527784","1527875","29","1417583"
"KQ058076v1","255204","255265","GL873520","28382106","28382162","20","28126902"
"KQ058076v1","1048006","1048318","GL873544","15371154","15371445","99","14323148"
"KQ058084v1","34078","34096","GL873520","14962157","14962175","3","14928079"
"KQ058084v1","37056","37336","GL873580","1537481","1537759","70","1500425"
"KQ058084v1","424562","424825","GL873530","3872348","3872610","89","3447786"
"KQ058084v1","553782","553938","GL873576","6955193","6955339","40","6401411"
"KQ058084v1","732867","733077","GL873800","270695","270907","48","462172"
"KQ058084v1","921156","921423","GL873540","16726208","16726489","70","15805052"
"KQ058084v1","1097786","1097952","GL873640","514684","514855","48","583102"
"KQ058084v1","1664254","1664485","GL873624","205250","205479","64","1459004"
"KQ058092v1","3950","4095","GL873608","861084","861237","39","857134"
"KQ058092v1","5980","6100","GL873587","2488921","2489051","36","2482941"
"KQ058094v1","2544457","2544626","GL873535","18976394","18976558","40","16431937"
"KQ058094v1","2844026","2844223","GL873550","862715","862924","63","1981311"
"KQ058094v1","3273211","3273348","GL873551","6241637","6241757","40","2968426"
"KQ058094v1","3273386","3273478","GL873535","21255953","21256045","18","17982567"
"KQ058094v1","3827773","3828036","GL873557","11386288","11386552","72","7558515"
"KQ058094v1","3900242","3900310","GL873528","9014723","9014792","16","5114481"
"KQ058094v1","4532425","4532518","GL873531","19286394","19286495","35","14753969"
"KQ058094v1","4643161","4643276","GL873579","390332","390445","32","4252829"
"KQ058094v1","4644450","4644556","GL873550","14217250","14217346","39","9572800"
"KQ058094v1","4744304","4744349","GL873554","10059036","10059081","17","5314732"
"KQ058094v1","5227363","5227485","GL873521","49597021","49597130","42","44369658"
"KQ058094v1","5357688","5357750","GL873520","25400012","25400071","14","20042324"
"KQ058094v1","5437110","5437255","GL873530","33962085","33962226","38","28524975"
"KQ058094v1","5444122","5444265","GL873530","33962085","33962226","38","28517963"
"KQ058094v1","5858022","5858122","GL873538","23084958","23085049","32","17226936"
"KQ058094v1","5860902","5861091","GL873522","30258085","30258277","39","24397183"
"KQ058094v1","5926741","5926893","GL873674","1925438","1925588","43","4001303"
"KQ058094v1","5926900","5926981","GL873680","2664220","2664294","25","3262680"
"KQ058094v1","5985905","5986039","GL873554","16195743","16195874","40","10209838"
"KQ058094v1","6448407","6448497","GL873674","1642138","1642230","25","4806269"
"KQ058094v1","6449279","6449511","GL873550","3073054","3073287","59","3376225"
"KQ058094v1","6515475","6515593","GL873521","19598410","19598508","45","13082935"
"KQ058094v1","6585246","6585398","GL873548","17226754","17226892","41","10641508"
"KQ058094v1","6715844","6716042","GL873534","24827204","24827384","57","18111360"
"KQ058094v1","6717078","6717274","GL873534","24827204","24827384","60","18110126"
"KQ058094v1","6836940","6837027","GL873532","26978668","26978759","27","20141728"
"KQ058094v1","6954997","6955101","GL873534","23693337","23693428","32","16738340"
"KQ058094v1","6968358","6968513","GL873588","7142294","7142443","35","173936"
"KQ058094v1","7421800","7421875","GL873523","7396531","7396612","26","25269"
"KQ058094v1","7536411","7536685","GL873596","1775452","1775678","111","5760959"
"KQ058094v1","7949131","7949259","GL873530","8391171","8391296","27","442040"
"KQ058094v1","7950222","7950375","GL873706","2264519","2264675","41","5685703"
"KQ058094v1","7968295","7968393","GL873560","13361703","13361797","28","5393408"
"KQ058095v1","382782","382840","GL873591","9476876","9476933","14","9094094"
"KQ058113v1","242331","242503","GL873751","293413","293583","36","51082"
"KQ058113v1","373753","373895","GL873527","19986574","19986720","38","19612821"
"KQ058122v1","45078","45248","GL873545","10030078","10030236","45","9985000"
"KQ058122v1","57959","58131","GL873525","4625139","4625301","49","4567180"
"KQ058122v1","61088","61223","GL873537","14783572","14783698","40","14722484"
"KQ058122v1","557472","557617","GL873613","7847638","7847794","38","7290166"
"KQ058122v1","565687","565870","GL873534","851797","851974","40","286110"
"KQ058129v1","279884","280000","GL873520","24575875","24575985","27","24295991"
"KQ058129v1","332950","333142","GL873526","25203882","25204072","56","24870932"
"KQ058129v1","362409","362647","GL873539","510856","511082","66","148447"
"KQ058129v1","363002","363075","GL873536","6443804","6443878","13","6080802"
"KQ058129v1","490219","490324","GL873611","3454306","3454412","28","2964087"
"KQ058129v1","651719","651898","GL873859","104204","104363","58","547515"
"KQ058136v1","397907","398002","GL873587","1527784","1527875","26","1129877"
"KQ058136v1","567650","567816","GL873750","1020869","1021034","51","453219"
"KQ058136v1","740730","740944","GL873526","11157591","11157777","62","10416861"
"KQ058136v1","1051622","1051784","GL873541","19722445","19722602","38","18670823"
"KQ058136v1","1052012","1052165","GL873527","38186869","38187003","39","37134857"
"KQ058146v1","224094","224170","GL873535","28232153","28232224","21","28008059"
"KQ058146v1","225912","226026","GL873532","13106594","13106707","33","12880682"
"KQ058155v1","651252","651400","GL873740","1431257","1431402","41","780005"
"KQ058155v1","1325289","1325362","GL873616","3616178","3616249","16","2290889"
"KQ058164v1","96739","96749","GL873522","836381","836391","1","739642"
"KQ058164v1","97064","97227","GL873591","7096828","7096990","35","6999764"
"KQ058164v1","97272","97321","GL873600","3299087","3299135","10","3201815"
"KQ058164v1","98635","98873","GL873800","270695","270907","69","172060"
"KQ058164v1","100640","100692","GL873557","8763736","8763785","13","8663096"
"KQ058164v1","101007","101108","GL873534","6861987","6862081","30","6760980"
"KQ058173v1","1583465","1583633","GL873565","11529864","11530029","40","9946399"
"KQ058183v1","9671","9791","GL873533","3769440","3769558","33","3759769"
"KQ058183v1","102319","102506","GL873526","6597075","6597264","53","6494756"
"KQ058183v1","127270","127375","GL873524","13647696","13647809","35","13520426"
"KQ058183v1","560446","560596","GL873565","11529864","11530029","36","10969418"
"KQ058183v1","1001902","1002090","GL873538","14914683","14914859","63","13912781"
"KQ058183v1","1816108","1816281","GL873523","24466125","24466288","44","22650017"
"KQ058183v1","1901652","1901927","GL873550","7241196","7241468","78","5339544"
"KQ058183v1","2048975","2049147","GL873610","3718917","3719061","51","1669942"
"KQ058183v1","2241029","2241305","GL873580","1537481","1537759","66","703548"
"KQ058183v1","3146487","3146641","GL873530","28477659","28477825","30","25331172"
"KQ058183v1","3486299","3486411","GL873564","9883229","9883328","43","6396930"
"KQ058183v1","3488715","3488794","GL873565","343188","343271","20","3145527"
"KQ058183v1","3526081","3526229","GL873528","8786441","8786575","39","5260360"
"KQ058183v1","3716686","3716827","GL873534","2145903","2146040","48","1570783"
"KQ058183v1","3758238","3758307","GL873535","30128771","30128830","24","26370533"
"KQ058183v1","3786694","3786824","GL873619","7327021","7327157","35","3540327"
"KQ058183v1","4471815","4471928","GL873533","3769440","3769558","38","702375"
"KQ058184v1","132091","132167","GL873674","531838","531912","19","399747"
"KQ058184v1","945761","945952","GL873767","208231","208414","44","737530"
"KQ058184v1","1456709","1456774","GL873522","37090864","37090933","22","35634155"
"KQ058184v1","1456933","1457001","GL873522","25409509","25409576","19","23952576"
"KQ058190v1","235068","235217","GL873589","1145505","1145657","46","910437"
"KQ058190v1","1114788","1114862","GL873520","364155","364221","20","750633"
"KQ058199v1","1084160","1084239","GL873534","23048747","23048826","15","21964587"
"KQ058199v1","1765102","1765262","GL873546","17251150","17251302","45","15486048"
"KQ058207v1","287761","287905","GL873584","9904503","9904637","34","9616742"
"KQ058207v1","1238834","1238872","GL873526","24734902","24734936","17","23496068"
"KQ058207v1","1668140","1668314","GL873698","2997362","2997525","42","1329222"
"KQ058215v1","811172","811330","GL873540","880491","880639","44","69319"
"KQ058226v1","30650","30736","GL873548","17597381","17597463","26","17566731"
"KQ058226v1","346140","346293","GL873537","2563739","2563893","46","2217599"
"KQ058226v1","668065","668164","GL873526","25625835","25625930","27","24957770"
"KQ058226v1","693141","693247","GL873698","1061257","1061345","32","368116"
"KQ058242v1","604473","604636","GL873771","613374","613540","45","8901"
"KQ058248v1","384216","384336","GL873740","614168","614297","38","229952"
"KQ058248v1","838299","838450","GL873571","1440891","1441047","34","602592"
"KQ058248v1","957261","957557","GL873779","1256802","1257106","71","299541"
"KQ058248v1","1136285","1136344","GL873523","44105044","44105093","19","42968759"
"KQ058249v1","564182","564211","GL873633","5409564","5409590","4","4845382"
"KQ058249v1","565757","565895","GL873539","4383105","4383232","43","3817348"
"KQ058249v1","797819","797966","GL873532","3402243","3402363","41","2604424"
"KQ058249v1","884198","884337","GL873537","5926973","5927101","37","5042775"
"KQ058249v1","889643","889801","GL873576","10858109","10858270","42","9968466"
"KQ058249v1","985322","985561","GL873593","4584396","4584631","61","3599074"
"KQ058250v1","182339","182628","GL873534","8394806","8395077","82","8212467"
"KQ058250v1","645817","645991","GL873535","19427312","19427481","42","18781495"
"KQ058250v1","736881","737067","GL873613","3099103","3099287","43","2362222"
"KQ058250v1","1951941","1952068","GL873551","3173894","3174005","37","1221953"
"KQ058252v1","371345","371582","GL873573","962161","962397","87","590816"
"KQ058252v1","504869","505010","GL873543","15941550","15941695","40","15436681"
"KQ058253v1","74836","74913","GL873547","14107890","14107966","25","14033054"
"KQ058253v1","1229308","1229417","GL873531","28918430","28918534","33","27689122"
"KQ058255v1","1151827","1151930","GL873572","546601","546697","21","605226"
"KQ058255v1","1152285","1152479","GL873664","4989166","4989358","46","3836881"
"KQ058256v1","98122","98242","GL873573","1229371","1229475","38","1131249"
"KQ058257v1","252411","252592","GL873640","514684","514855","41","262273"
"KQ058257v1","727032","727093","GL873542","5880410","5880462","20","5153378"
"KQ058258v1","222588","222658","GL873527","35474643","35474706","19","35252055"
"KQ058258v1","298826","298982","GL873729","556959","557107","43","258133"
"KQ058259v1","1708578","1708665","GL873523","25823948","25824032","23","24115370"
"KQ058261v1","261274","261429","GL873543","12187915","12188051","49","11926641"
"KQ058261v1","261747","261852","GL873530","17321439","17321543","29","17059692"
"KQ058261v1","543448","543619","GL873800","486913","487082","42","56535"
"KQ058261v1","627223","627415","GL873562","7257718","7257895","51","6630495"
"KQ058261v1","1344966","1345102","GL873532","3402243","3402363","45","2057277"
"KQ058265v1","508953","509110","GL873530","11388754","11388911","46","10879801"
"KQ058266v1","748887","748980","GL873524","4599440","4599540","30","3850553"
"KQ058266v1","899309","899436","GL873710","1228791","1228918","34","329482"
"KQ058266v1","1044935","1045128","GL873520","24614027","24614196","54","23569092"
"KQ058266v1","1065959","1066055","GL873553","9545179","9545275","29","8479220"
"KQ058267v1","858777","858940","GL873813","766128","766287","40","92649"
"KQ058268v1","556711","556788","GL873562","12669372","12669455","24","12112661"
"KQ058270v1","899372","899445","GL873540","14623123","14623190","16","13723751"
"KQ058272v1","83256","83316","GL873646","3309283","3309338","16","3226027"
"KQ058272v1","3595318","3595447","GL873539","530023","530154","42","3065295"
"KQ058272v1","3596018","3596163","GL873539","18008209","18008346","29","14412191"
"KQ058272v1","4255385","4255531","GL873723","478325","478483","41","3777060"
"KQ058272v1","4259718","4259732","GL873562","10590403","10590413","5","6330685"
"KQ058272v1","4259733","4259848","GL873646","1269997","1270107","31","2989736"
"KQ058272v1","4286107","4286299","GL873545","16147401","16147576","53","11861294"
"KQ058272v1","4354147","4354256","GL873592","360215","360319","41","3993932"
"KQ058272v1","4357408","4357469","GL873520","31045187","31045251","17","26687779"
"KQ058272v1","4558512","4558601","GL873547","17762601","17762682","25","13204089"
"KQ058272v1","5264497","5264559","GL873659","501330","501382","20","4763167"
"KQ058272v1","5266107","5266300","GL873530","18194589","18194760","67","12928482"
"KQ058272v1","5281435","5281554","GL873544","11778018","11778143","30","6496583"
"KQ058272v1","5282094","5282261","GL873611","3804921","3805078","51","1477173"
"KQ058272v1","5402959","5403218","GL873598","7966632","7966921","99","2563673"
"KQ058272v1","5572051","5572140","GL873610","2460908","2461006","25","3111143"
"KQ058272v1","5572241","5572321","GL873613","4061697","4061774","19","1510544"
"KQ058272v1","5572643","5572781","GL873617","6833336","6833475","27","1260693"
"KQ058272v1","5614582","5614732","GL873645","4879680","4879821","35","734902"
"KQ058272v1","5643659","5643787","GL873553","7189686","7189818","36","1546027"
"KQ058272v1","5741186","5741360","GL873540","18329258","18329429","47","12588072"
"KQ058272v1","5768885","5769057","GL873522","37032357","37032521","36","31263472"
"KQ058272v1","5855978","5856156","GL873550","5331588","5331758","43","524390"
"KQ058272v1","5939179","5939442","GL873618","5334866","5335119","69","604313"
"KQ058272v1","5939498","5939676","GL873538","23097892","23098063","67","17158394"
"KQ058272v1","6191631","6191697","GL873524","37025685","37025743","16","30834054"
"KQ058272v1","6527143","6527202","GL873530","16707968","16708031","14","10180825"
"KQ058272v1","6718551","6718676","GL873579","1842616","1842736","46","4875935"
"KQ058272v1","6737314","6737488","GL873543","1004941","1005115","41","5732373"
"KQ058272v1","6839771","6839844","GL873542","8928097","8928165","17","2088326"
"KQ058274v1","78791","79083","GL873598","2082827","2083108","50","2004036"
"KQ058274v1","398306","398429","GL873587","2468943","2469053","38","2070637"
"KQ058274v1","460771","460908","GL873564","8853982","8854123","52","8393211"
"KQ058274v1","523544","523723","GL873536","10125888","10126066","47","9602344"
"KQ058275v1","45876","46018","GL873545","3926917","3927055","35","3881041"
"KQ058275v1","75680","75821","GL873618","5342178","5342327","38","5266498"
"KQ058275v1","109928","110068","GL873618","5342178","5342327","37","5232250"
"KQ058275v1","138902","139206","GL873611","3713891","3714200","74","3574989"
"KQ058275v1","395599","395769","GL873540","880491","880639","59","484892"
"KQ058275v1","754983","755277","GL873534","18608541","18608828","78","17853558"
"KQ058277v1","118945","118968","GL873526","4195972","4195993","4","4077027"
"KQ058277v1","119400","119591","GL873618","5092021","5092203","53","4972621"
"KQ058277v1","227615","227787","GL873608","2732217","2732392","49","2504602"
"KQ058277v1","960556","960729","GL873721","818842","819005","49","141714"
"KQ058280v1","757513","757669","GL873645","769196","769350","42","11683"
"KQ058280v1","1000842","1000903","GL873531","15784836","15784898","17","14783994"
"KQ058281v1","338220","338297","GL873648","4639099","4639176","16","4300879"
"KQ058282v1","86870","87093","GL873537","15545198","15545418","51","15458328"
"KQ058283v1","102424","102507","GL873534","23048747","23048826","19","22946323"
"KQ058283v1","698803","698890","GL873606","2577351","2577423","27","1878548"
"KQ058283v1","698892","699010","GL873532","28609093","28609206","34","27910201"
"KQ058283v1","2974623","2974694","GL873691","1672307","1672372","20","1302316"
"KQ058283v1","3365997","3366161","GL873530","34437251","34437408","47","31071254"
"KQ058283v1","6007844","6008008","GL873624","3052706","3052849","49","2955138"
"KQ058285v1","339193","339483","GL873526","26058180","26058434","116","25718987"
"KQ058286v1","168796","168947","GL873606","6674799","6674931","49","6506003"
"KQ058286v1","169231","169347","GL873689","168465","168576","26","766"
"KQ058286v1","825275","825436","GL873566","9284993","9285144","47","8459718"
"KQ058287v1","626320","626609","GL873557","13647283","13647574","66","13020963"
"KQ058287v1","868185","868380","GL873585","1257724","1257910","49","389539"
"KQ058288v1","127266","127338","GL873530","23282597","23282674","18","23155331"
"KQ058288v1","142707","142776","GL873537","7143523","7143592","21","7000816"
"KQ058288v1","484852","484998","GL873524","13647831","13647970","43","13162979"
"KQ058288v1","901850","902022","GL873540","18329258","18329429","47","17427408"
"KQ058288v1","998142","998452","GL873520","39100369","39100676","67","38102227"
"KQ058288v1","1003692","1003782","GL873551","12695724","12695812","21","11692032"
"KQ058290v1","60328","60539","GL873540","23876953","23877156","70","23816625"
"KQ058290v1","74613","74768","GL873654","4647194","4647348","38","4572581"
"KQ058290v1","320096","320233","GL873561","9184997","9185138","28","8864901"
"KQ058290v1","445106","445230","GL873542","6096584","6096694","34","5651478"
"KQ058290v1","445722","445748","GL873521","30483388","30483411","9","30037666"
"KQ058290v1","507537","507604","GL873536","4587748","4587825","17","4080211"
"KQ058290v1","721177","721261","GL873520","72046958","72047043","28","71325781"
"KQ058290v1","722508","722738","GL873533","28516295","28516523","59","27793787"
"KQ058291v1","18147","18307","GL873646","1577575","1577742","37","1559428"
"KQ058291v1","60843","61011","GL873561","6414850","6414993","58","6354007"
"KQ058291v1","300933","301004","GL873616","3616178","3616249","16","3315245"
"KQ058291v1","313850","313997","GL873543","15709661","15709813","38","15395811"
"KQ058291v1","496938","497143","GL873528","2371494","2371694","56","1874556"
"KQ058291v1","864459","864602","GL873638","5801670","5801817","30","4937211"
"KQ058291v1","870512","870667","GL873530","25382344","25382491","40","24511832"
"KQ058292v1","337917","337996","GL873528","593313","593393","22","255396"
"KQ058292v1","351059","351315","GL873526","15025151","15025407","92","14674092"
"KQ058293v1","1088803","1088983","GL873535","21338777","21338930","68","20249974"
"KQ058293v1","1152552","1152589","GL873521","1760611","1760644","12","608059"
"KQ058294v1","1284804","1284985","GL873656","4062798","4062977","54","2777994"
"KQ058294v1","1286304","1286441","GL873670","2301302","2301432","34","1014998"
"KQ058294v1","2232687","2232772","GL873547","3753333","3753427","25","1520646"
"KQ058294v1","5259267","5259343","GL873616","3616178","3616249","17","1643089"
"KQ058294v1","5607702","5607994","GL873586","2032362","2032640","104","3575340"
"KQ058294v1","6338013","6338127","GL873756","895486","895588","29","5442527"
"KQ058294v1","6499618","6499906","GL873589","9611498","9611790","66","3111880"
"KQ058294v1","8144743","8144838","GL873524","3379164","3379258","28","4765579"
"KQ058295v1","15425","15704","GL873526","23915326","23915602","67","23899901"
"KQ058295v1","212890","213136","GL873698","2596785","2597033","68","2383895"
"KQ058295v1","520062","520204","GL873543","15709661","15709813","37","15189599"
"KQ058295v1","522947","523113","GL873564","5053562","5053724","41","4530615"
"KQ058299v1","196922","197082","GL873584","10856922","10857081","42","10660000"
"KQ058299v1","450267","450382","GL873550","6453819","6453941","29","6003552"
"KQ058299v1","450872","451049","GL873538","1843853","1844042","52","1392981"
"KQ058299v1","786982","787048","GL873562","8008414","8008478","16","7221432"
"KQ058299v1","1007449","1007663","GL873701","2937058","2937271","72","1929609"
"KQ058299v1","1008125","1008184","GL873523","25808127","25808181","17","24800002"
"KQ058299v1","1274150","1274261","GL873537","3585071","3585182","27","2310921"
"KQ058300v1","340640","340691","GL873520","195010","195064","12","145630"
"KQ058300v1","342109","342342","GL873533","30400196","30400413","67","30058087"
"KQ058300v1","512174","512310","GL873713","709053","709185","38","196879"
"KQ058303v1","24567","24710","GL873521","41121492","41121629","49","41096925"
"KQ058303v1","1258850","1259053","GL873579","11116331","11116516","55","9857481"
"KQ058304v1","108282","108367","GL873693","2315958","2316042","24","2207676"
"KQ058305v1","1093440","1093613","GL873640","514684","514855","38","578756"
"KQ058305v1","1106086","1106269","GL873542","10690881","10691053","56","9584795"
"KQ058305v1","1934737","1934819","GL873563","7601765","7601837","16","5667028"
"KQ058305v1","2003290","2003397","GL873537","27036793","27036889","29","25033503"
"KQ058305v1","2009364","2009447","GL873523","41861269","41861348","18","39851905"
"KQ058305v1","2616721","2616768","GL873613","4111165","4111201","21","1494444"
"KQ058305v1","2617416","2617672","GL873594","320721","320979","60","2296695"
"KQ058305v1","3023426","3023495","GL873523","33758553","33758616","20","30735127"
"KQ058305v1","3247623","3247763","GL873663","2700834","2700962","49","546789"
"KQ058305v1","3272422","3272630","GL873520","45540492","45540666","74","42268070"
"KQ058305v1","3710729","3710893","GL873694","960807","960949","50","2749922"
"KQ058305v1","3999153","3999313","GL873565","11529864","11530029","50","7530711"
"KQ058305v1","4866546","4866658","GL873534","7000605","7000706","30","2134059"
"KQ058305v1","5170847","5171093","GL873541","3988332","3988544","87","1182515"
"KQ058305v1","5278658","5278674","GL873521","12822938","12822952","2","7544280"
"KQ058305v1","5282073","5282366","GL873589","9611498","9611790","61","4329425"
"KQ058305v1","5528915","5529103","GL873526","6597075","6597264","45","1068160"
"KQ058308v1","441669","441858","GL873613","3099103","3099287","54","2657434"
"KQ058309v1","346478","346575","GL873611","3539074","3539174","23","3192596"
"KQ058310v1","223411","223582","GL873698","2997362","2997525","39","2773951"
"KQ058310v1","256354","256469","GL873628","6355944","6356065","36","6099590"
"KQ058313v1","272690","272804","GL873609","7417625","7417730","33","7144935"
"KQ058313v1","381263","381476","GL873601","1246979","1247214","76","865716"
"KQ058313v1","1267280","1267341","GL873564","4670499","4670557","14","3403219"
"KQ058313v1","1267388","1267522","GL873729","316474","316617","39","950914"
"KQ058313v1","2549721","2549806","GL873592","4672666","4672746","24","2122945"
"KQ058313v1","3568478","3568549","GL873559","507465","507523","19","3061013"
"KQ058315v1","254257","254398","GL873530","15061906","15062052","34","14807649"
"KQ058315v1","254396","254453","GL873530","4904964","4905018","8","4650568"
"KQ058315v1","417823","417983","GL873596","8930610","8930771","42","8512787"
"KQ058316v1","1220591","1220757","GL873523","24466125","24466288","37","23245534"
"KQ058316v1","1326992","1327253","GL873706","2194204","2194500","86","867212"
"KQ058316v1","1330704","1330852","GL873693","1671512","1671671","46","340808"
"KQ058316v1","1374888","1374980","GL873796","638214","638311","31","736674"
"KQ058316v1","1375924","1376057","GL873568","12446820","12446953","33","11070896"
"KQ058316v1","1389367","1389570","GL873526","6633742","6633912","84","5244375"
"KQ058316v1","1573249","1573416","GL873541","19722445","19722602","52","18149196"
"KQ058316v1","1727243","1727532","GL873605","2379570","2379850","82","652327"
"KQ058316v1","2045739","2045881","GL873561","11100301","11100456","36","9054562"
"KQ058316v1","2047828","2047949","GL873700","1102937","1103050","38","944891"
"KQ058316v1","2098227","2098325","GL873530","22742672","22742772","28","20644445"
"KQ058316v1","2657733","2657944","GL873537","24056965","24057156","67","21399232"
"KQ058316v1","2681419","2681611","GL873526","11157591","11157777","42","8476172"
"KQ058316v1","2922927","2922938","GL873522","35747673","35747685","4","32824746"
"KQ058316v1","2923247","2923439","GL873540","24569090","24569262","57","21645843"
"KQ058316v1","2938716","2938887","GL873530","18413799","18413969","44","15475083"
"KQ058316v1","2942860","2943117","GL873530","4823250","4823506","80","1880390"
"KQ058316v1","2957289","2957476","GL873526","11157591","11157777","45","8200302"
"KQ058316v1","3041236","3041373","GL873533","282752","282891","28","2758484"
"KQ058316v1","3074248","3074351","GL873548","16306846","16306953","31","13232598"
"KQ058316v1","3198789","3198871","GL873540","21689364","21689443","16","18490575"
"KQ058316v1","3207030","3207184","GL873698","2997362","2997525","47","209668"
"KQ058316v1","4053826","4054007","GL873556","784532","784711","56","3269294"
"KQ058316v1","5508468","5508608","GL873541","18287180","18287318","28","12778712"
"KQ058316v1","5511876","5512004","GL873561","9184997","9185138","33","3673121"
"KQ058316v1","5676924","5677075","GL873631","3887186","3887334","36","1789738"
"KQ058316v1","5678733","5678874","GL873624","3265796","3265938","28","2412937"
"KQ058316v1","6322818","6322976","GL873530","17834459","17834617","41","11511641"
"KQ058317v1","1819993","1820130","GL873558","2006441","2006566","37","186448"
"KQ058317v1","1950039","1950309","GL873569","11878119","11878384","71","9928080"
"KQ058317v1","3803229","3803435","GL873782","411225","411411","62","3392004"
"KQ058317v1","3974294","3974378","GL873528","11341160","11341236","18","7366866"
"KQ058317v1","4117899","4118070","GL873523","24466125","24466288","39","20348226"
"KQ058317v1","5369412","5369534","GL873752","264221","264348","25","5105191"
"KQ058318v1","39994","40267","GL873548","120091","120375","80","80097"
"KQ058318v1","587927","588046","GL873528","31731500","31731619","27","31143573"
"KQ058319v1","17926","18047","GL873660","1148077","1148196","34","1130151"
"KQ058320v1","318018","318218","GL873550","7319462","7319659","59","7001444"
"KQ058320v1","318308","318409","GL873527","25115722","25115818","27","24797414"
"KQ058320v1","716801","716940","GL873522","10475113","10475229","54","9758312"
"KQ058321v1","54408","54573","GL873615","7003895","7004047","64","6949487"
"KQ058321v1","104847","104917","GL873528","11341160","11341236","18","11236313"
"KQ058321v1","152855","153011","GL873563","11056083","11056238","36","10903228"
"KQ058321v1","318445","318535","GL873521","51053861","51053954","30","50735416"
"KQ058321v1","733901","734052","GL873624","3052706","3052849","47","2318805"
"KQ058321v1","855911","856011","GL873555","12192987","12193070","34","11337076"
"KQ058322v1","469837","469981","GL873600","6122057","6122207","40","5652220"
"KQ058325v1","264086","264243","GL873665","1662674","1662831","32","1398588"
"KQ058325v1","661231","661520","GL873645","1754256","1754532","74","1093025"
"KQ058325v1","1410421","1410526","GL873526","38207233","38207329","33","36796812"
"KQ058325v1","1410741","1410883","GL873637","1402699","1402838","41","8042"
"KQ058325v1","1501407","1501641","GL873531","27864804","27865027","100","26363397"
"KQ058325v1","2839598","2839672","GL873586","9370223","9370295","20","6530625"
"KQ058328v1","503380","503511","GL873703","1125321","1125449","29","621941"
"KQ058328v1","634416","634533","GL873561","9412354","9412463","31","8777938"
"KQ058328v1","856300","856460","GL873548","16779906","16780071","59","15923606"
"KQ058328v1","1766626","1766694","GL873528","9014723","9014792","19","7248097"
"KQ058328v1","1879529","1879719","GL873664","3494537","3494722","50","1615008"
"KQ058328v1","2689241","2689378","GL873527","38186869","38187003","29","35497628"
"KQ058328v1","2822820","2822960","GL873618","5342178","5342327","32","2519358"
"KQ058328v1","2860001","2860149","GL873530","8391171","8391296","47","5531170"
"KQ058328v1","3246868","3247006","GL873715","1527225","1527369","40","1719643"
"KQ058328v1","3279771","3279861","GL873606","5383274","5383358","20","2103503"
"KQ058328v1","4032761","4032951","GL873562","10432470","10432651","49","6399709"
"KQ058328v1","4643223","4643295","GL873540","14623123","14623190","20","9979900"
"KQ058328v1","5603693","5603777","GL873538","4501517","4501595","22","1102176"
"KQ058328v1","5660670","5660941","GL873600","6361862","6362136","64","701192"
"KQ058328v1","7231217","7231306","GL873550","7319090","7319182","25","87873"
"KQ058328v1","7499829","7500000","GL873751","293413","293583","39","7206416"
"KQ058328v1","7622446","7622623","GL873520","61310865","61311035","46","53688419"
"KQ058329v1","325286","325417","GL873557","3615527","3615660","32","3290241"
"KQ058329v1","325747","325941","GL873580","3484855","3485039","60","3159108"
"KQ058329v1","330799","330930","GL873557","3615527","3615660","32","3284728"
"KQ058329v1","331260","331453","GL873580","3484855","3485039","60","3153595"
"KQ058329v1","475449","475561","GL873529","16610588","16610696","27","16135139"
"KQ058330v1","346258","346379","GL873543","2270768","2270888","26","1924510"
"KQ058330v1","346908","347067","GL873548","15259466","15259624","33","14912558"
"KQ058333v1","297194","297393","GL873692","2459718","2459923","55","2162524"
"KQ058333v1","922791","922930","GL873543","2770290","2770426","44","1847499"
"KQ058333v1","1846118","1846203","GL873770","20299","20388","24","1825819"
"KQ058334v1","67208","67385","GL873523","24466125","24466288","40","24398917"
"KQ058335v1","300855","300936","GL873520","72046958","72047043","17","71746103"
"KQ058337v1","38488","38617","GL873564","5053042","5053170","32","5014554"
"KQ058337v1","39017","39187","GL873670","1279458","1279619","44","1240441"
"KQ058337v1","85495","85658","GL873627","5778385","5778551","36","5692890"
"KQ058338v1","315388","315560","GL873738","153780","153955","51","161608"
"KQ058338v1","1255612","1255698","GL873548","13810228","13810314","24","12554616"
"KQ058339v1","849292","849370","GL873616","3616178","3616249","19","2766886"
"KQ058339v1","1354901","1355030","GL873570","3270103","3270234","34","1915202"
"KQ058339v1","2220174","2220283","GL873521","40805787","40805891","35","38585613"
"KQ058339v1","2581021","2581089","GL873538","4501517","4501595","23","1920496"
"KQ058339v1","3951009","3951197","GL873755","1285194","1285370","57","2665815"
"KQ058339v1","4367215","4367277","GL873604","8764718","8764773","17","4397503"
"KQ058339v1","4401503","4401672","GL873591","7096828","7096990","51","2695325"
"KQ058339v1","4521769","4522030","GL873526","3790253","3790512","80","731516"
"KQ058339v1","4537477","4537747","GL873676","724247","724510","62","3813230"
"KQ058339v1","4683101","4683187","GL873541","16108646","16108734","24","11425545"
"KQ058339v1","4793171","4793253","GL873579","10093793","10093878","21","5300622"
"KQ058339v1","4913528","4913672","GL873542","28905","29050","50","4884623"
"KQ058339v1","5031488","5031696","GL873618","2095781","2095986","60","2935707"
"KQ058339v1","5191589","5191703","GL873563","5461295","5461408","30","269706"
"KQ058339v1","6303190","6303312","GL873531","1895083","1895197","40","4408107"
"KQ058339v1","6406283","6406536","GL873583","3791081","3791340","82","2615202"
"KQ058339v1","6415930","6416209","GL873598","3510714","3510993","77","2905216"
"KQ058339v1","6824644","6824725","GL873699","1976360","1976437","26","4848284"
"KQ058340v1","147184","147445","GL873526","41045178","41045433","87","40897994"
"KQ058341v1","504665","504826","GL873724","1561055","1561214","32","1056390"
"KQ058341v1","1708396","1708540","GL873576","6955193","6955339","42","5246797"
"KQ058341v1","1740609","1740630","GL873521","46847325","46847345","8","45106716"
"KQ058342v1","39273","39382","GL873537","14344763","14344868","25","14305490"
"KQ058342v1","39810","40021","GL873732","765043","765251","62","725233"
"KQ058343v1","93881","94033","GL873615","1446439","1446597","34","1352558"
"KQ058343v1","96594","96729","GL873565","13130192","13130324","24","13033598"
"KQ058343v1","127432","127634","GL873540","11475065","11475254","59","11347633"
"KQ058343v1","211031","211172","GL873638","5801670","5801817","31","5590639"
"KQ058343v1","212958","213116","GL873665","553533","553677","49","340575"
"KQ058345v1","51634","51743","GL873685","980113","980219","32","928479"
"KQ058345v1","167014","167279","GL873769","365375","365643","64","198361"
"KQ058345v1","174166","174425","GL873527","37857519","37857783","69","37683353"
"KQ058345v1","220620","220772","GL873592","1791857","1791980","50","1571237"
"KQ058347v1","1284156","1284210","GL873731","1026610","1026664","12","257546"
"KQ058347v1","1286993","1287108","GL873562","10369311","10369420","31","9082318"
"KQ058348v1","1372864","1373078","GL873721","286810","287002","74","1086054"
"KQ058348v1","1800986","1801138","GL873530","15062276","15062436","34","13261290"
"KQ058348v1","1801139","1801206","GL873558","6709877","6709951","16","4908738"
"KQ058349v1","539051","539132","GL873522","41140917","41140991","25","40601866"
"KQ058349v1","539742","539835","GL873556","606564","606655","28","66822"
"KQ058349v1","1042700","1042838","GL873539","1302205","1302338","25","259505"
"KQ058350v1","13107023","13107215","GL873715","163081","163263","59","12943942"
"KQ058350v1","19284","19346","GL873589","2084992","2085057","10","2065708"
"KQ058350v1","168905","169040","GL873550","11987057","11987190","30","11818152"
"KQ058350v1","221591","221658","GL873526","14451698","14451759","27","14230107"
"KQ058350v1","320363","320569","GL873813","596538","596744","46","276175"
"KQ058350v1","922408","922721","GL873665","1170071","1170374","95","247663"
"KQ058350v1","923732","923984","GL873575","10282745","10283002","72","9359013"
"KQ058350v1","1033665","1033752","GL873624","5811769","5811850","20","4778104"
"KQ058350v1","2317231","2317431","GL873571","3551647","3551851","52","1234416"
"KQ058350v1","2849095","2849184","GL873698","1061257","1061345","16","1787838"
"KQ058350v1","2849771","2849971","GL873533","31034275","31034460","53","28184504"
"KQ058350v1","3438998","3439149","GL873775","925242","925393","34","2513756"
"KQ058350v1","5881203","5881289","GL873522","36217956","36218045","19","30336753"
"KQ058350v1","7063936","7064005","GL873528","9014723","9014792","17","1950787"
"KQ058350v1","8619386","8619529","GL873521","8041789","8041920","33","577597"
"KQ058350v1","8619668","8619839","GL873528","8419912","8420075","35","199756"
"KQ058350v1","9192652","9192719","GL873538","15621450","15621524","19","6428798"
"KQ058350v1","9689416","9689500","GL873601","6250643","6250718","25","3438773"
"KQ058350v1","13008203","13008345","GL873619","7327021","7327157","45","5681182"
"KQ058350v1","13249333","13249606","GL873730","485750","486015","81","12763583"
"KQ058351v1","100678","100780","GL873535","13414244","13414344","19","13313566"
"KQ058352v1","111692","111766","GL873522","41140917","41140991","20","41029225"
"KQ058352v1","289665","289798","GL873530","8694967","8695095","34","8405302"
"KQ058352v1","324219","324297","GL873528","593313","593393","22","269094"
"KQ058352v1","372809","372983","GL873687","74632","74807","46","298177"
"KQ058352v1","688046","688119","GL873527","16933164","16933240","18","16245118"
"KQ058352v1","822088","822190","GL873608","151754","151851","33","670334"
"KQ058352v1","822234","822268","GL873553","8802641","8802674","10","7980407"
"KQ058353v1","253144","253293","GL873574","5447668","5447799","56","5194524"
"KQ058353v1","254054","254169","GL873520","28578222","28578347","30","28324168"
"KQ058353v1","1376502","1376749","GL873660","4829684","4829946","77","3453182"
"KQ058357v1","592976","593124","GL873533","23392912","23393044","46","22799936"
"KQ058358v1","239912","240013","GL873743","98405","98513","33","141507"
"KQ058358v1","249578","249770","GL873548","17499497","17499690","56","17249919"
"KQ058358v1","345490","345781","GL873534","14725366","14725650","66","14379876"
"KQ058358v1","412880","413001","GL873529","16159289","16159419","36","15746409"
"KQ058358v1","574146","574345","GL873678","1331537","1331734","44","757391"
"KQ058359v1","531102","531284","GL873537","20495866","20496045","50","19964764"
"KQ058359v1","677004","677195","GL873608","3339654","3339830","49","2662650"
"KQ058359v1","678189","678271","GL873526","23163614","23163696","12","22485425"
"KQ058360v1","87905","88003","GL873533","30371180","30371278","23","30283275"
"KQ058360v1","88117","88341","GL873530","24568328","24568528","53","24480211"
"KQ058361v1","685226","685383","GL873545","10030078","10030236","38","9344852"
"KQ058361v1","778260","778401","GL873613","7635807","7635949","34","6857547"
"KQ058363v1","437760","437839","GL873533","28516613","28516696","21","28078853"
"KQ058364v1","119425","119570","GL873528","17667949","17668096","34","17548524"
"KQ058364v1","857205","857397","GL873522","16208523","16208711","44","15351318"
"KQ058365v1","94376","94510","GL873572","74619","74740","41","19757"
"KQ058369v1","336200","336351","GL873537","14767899","14768045","37","14431699"
"KQ058369v1","336352","336409","GL873635","5873227","5873283","12","5536875"
"KQ058370v1","853276","853425","GL873524","24172737","24172898","48","23319461"
"KQ058371v1","69311","69393","GL873565","13000540","13000622","18","12931229"
"KQ058371v1","69878","70081","GL873522","16274359","16274546","63","16204481"
"KQ058371v1","1248092","1248190","GL873523","1439605","1439698","23","191513"
"KQ058372v1","507132","507377","GL873685","2483204","2483455","78","1976072"
"KQ058372v1","803571","803731","GL873549","10163978","10164136","42","9360407"
"KQ058372v1","1190605","1190741","GL873542","1257752","1257878","42","67147"
"KQ058372v1","1312103","1312236","GL873542","1257752","1257878","46","54351"
"KQ058372v1","2397834","2397975","GL873553","7189686","7189818","38","4791852"
"KQ058372v1","2996459","2996810","GL873550","6335429","6335702","138","3338970"
"KQ058372v1","3586476","3586646","GL873536","14409851","14410024","43","10823375"
"KQ058372v1","3818937","3819005","GL873562","8008414","8008478","14","4189477"
"KQ058373v1","300104","300294","GL873538","3067975","3068143","49","2767871"
"KQ058373v1","320398","320588","GL873866","174368","174541","47","146030"
"KQ058373v1","337648","337739","GL873522","33899802","33899897","22","33562154"
"KQ058373v1","337852","337936","GL873550","5148043","5148126","13","4810191"
"KQ058374v1","439328","439492","GL873521","48444947","48445101","39","48005619"
"KQ058378v1","168455","168528","GL873596","6790608","6790684","16","6622153"
"KQ058378v1","168531","168669","GL873532","29409276","29409420","37","29240745"
"KQ058378v1","1060723","1060958","GL873737","1400565","1400800","64","339842"
"KQ058378v1","1113231","1113317","GL873528","11341160","11341236","22","10227929"
"KQ058378v1","1437506","1437684","GL873529","9566885","9567048","69","8129379"
"KQ058381v1","656187","656349","GL873523","24466125","24466288","35","23809938"
"KQ058382v1","63672","63727","GL873520","45449980","45450036","17","45386308"
"KQ058383v1","495471","495510","GL873563","6189538","6189578","12","5694067"
"KQ058383v1","665460","665549","GL873579","10093793","10093878","25","9428333"
"KQ058383v1","4568396","4568551","GL873543","18303486","18303651","41","13735090"
"KQ058383v1","6724596","6724736","GL873561","9609983","9610132","35","2885387"
"KQ058383v1","6724799","6724981","GL873562","6897098","6897270","41","172299"
"KQ058383v1","7110965","7111044","GL873729","665145","665216","26","6445820"
"KQ058383v1","7201739","7201813","GL873547","14107890","14107966","13","6906151"
"KQ058383v1","7202306","7202509","GL873565","10822263","10822473","58","3619957"
"KQ058383v1","7203182","7203338","GL873703","98957","99117","34","7104225"
"KQ058383v1","7273750","7274047","GL873709","1964717","1965019","79","5309033"
"KQ058383v1","7289780","7289917","GL873525","17505980","17506107","40","10216200"
"KQ058383v1","7317421","7317524","GL873520","19440103","19440210","32","12122682"
"KQ058383v1","7321067","7321187","GL873577","10382467","10382567","39","3061400"
"KQ058383v1","7411173","7411288","GL873580","2175194","2175304","27","5235979"
"KQ058383v1","7411627","7411758","GL873607","3824825","3824945","43","3586802"
"KQ058383v1","7428414","7428549","GL873570","7432777","7432908","30","4363"
"KQ058383v1","7538823","7538979","GL873586","3966705","3966848","45","3572118"
"KQ058383v1","7708145","7708350","GL873592","6634518","6634719","49","1073627"
"KQ058383v1","8035990","8036169","GL873566","9021763","9021944","54","985773"
"KQ058383v1","8218322","8218470","GL873556","107511","107642","46","8110811"
"KQ058383v1","8769012","8769209","GL873534","30142835","30143018","49","21373823"
"KQ058383v1","8769522","8769598","GL873606","4461499","4461578","17","4308023"
"KQ058383v1","9149582","9149764","GL873635","4314366","4314538","37","4835216"
"KQ058383v1","9666669","9666981","GL873526","9762114","9762417","79","95445"
"KQ058383v1","10268276","10268338","GL873540","14623123","14623190","19","4354847"
"KQ058384v1","790665","790859","GL873553","7501553","7501737","55","6710888"
"KQ058384v1","790991","791079","GL873716","568846","568934","16","222145"
"KQ058384v1","795176","795356","GL873553","7501553","7501737","51","6706377"
"KQ058384v1","795486","795568","GL873527","4662493","4662577","19","3867007"
"KQ058384v1","808225","808371","GL873537","21798868","21799010","30","20990643"
"KQ058385v1","983825","983982","GL873565","11529864","11530029","37","10546039"
"KQ058385v1","995880","996039","GL873562","11962377","11962508","46","10966497"
"KQ058386v1","35419","35540","GL873699","414115","414229","28","378696"
"KQ058386v1","36124","36263","GL873697","3242623","3242764","32","3206499"
"KQ058386v1","48331","48405","GL873535","28232153","28232224","21","28183822"
"KQ058386v1","124640","124698","GL873532","19730271","19730326","13","19605631"
"KQ058387v1","37560","37832","GL873548","17627432","17627692","82","17589872"
"KQ058389v1","751969","752145","GL873557","3545287","3545458","54","2793318"
"KQ058389v1","817406","817643","GL873615","6141028","6141265","72","5323622"
"KQ058389v1","1218868","1219036","GL873685","3889406","3889566","47","2670538"
"KQ058389v1","1408394","1408602","GL873567","11198405","11198591","62","9790011"
"KQ058389v1","2209685","2209839","GL873526","24569155","24569301","54","22359470"
"KQ058394v1","380941","381290","GL873530","5569271","5569572","141","5188330"
"KQ058394v1","1609769","1609900","GL873546","12884846","12884977","44","11275077"
"KQ058394v1","2513174","2513444","GL873583","3791081","3791340","86","1277907"
"KQ058394v1","2672330","2672492","GL873540","880491","880639","46","1791839"
"KQ058394v1","3009445","3009621","GL873521","27984679","27984859","46","24975234"
"KQ058394v1","3094250","3094460","GL873521","7411261","7411442","70","4317011"
"KQ058394v1","5635691","5635894","GL873537","3509266","3509464","52","2126425"
"KQ058394v1","5636015","5636073","GL873644","196806","196867","14","5439209"
"KQ058394v1","6389822","6390019","GL873521","27123844","27124033","42","20734022"
"KQ058394v1","7302774","7302933","GL873523","24466125","24466288","34","17163351"
"KQ058394v1","7673716","7673813","GL873536","8143398","8143484","24","469682"
"KQ058394v1","7778749","7778840","GL873589","9707524","9707609","26","1928775"
"KQ058394v1","7924009","7924183","GL873661","2236839","2237001","42","5687170"
"KQ058394v1","7924190","7924222","GL873544","17461896","17461922","9","9537706"
"KQ058394v1","9693823","9693886","GL873532","23586147","23586207","17","13892324"
"KQ058394v1","9805806","9805996","GL873570","9849265","9849438","52","43459"
"KQ058394v1","10047319","10047408","GL873580","2625751","2625840","20","7421568"
"KQ058394v1","11530711","11530875","GL873545","13870764","13870942","50","2340053"
"KQ058394v1","11635428","11635736","GL873611","6110656","6110939","66","5524772"
"KQ058394v1","11641277","11641364","GL873531","19398528","19398612","18","7757251"
"KQ058394v1","12006129","12006287","GL873567","11955747","11955914","44","50382"
"KQ058394v1","12037865","12038036","GL873671","4516100","4516279","51","7521765"
"KQ058394v1","12148474","12148641","GL873544","16592077","16592238","40","4443603"
"KQ058394v1","12235739","12235935","GL873544","18629559","18629746","55","6393820"
"KQ058394v1","12362952","12363109","GL873700","624227","624362","51","11738725"
"KQ058394v1","12494840","12494994","GL873543","15709661","15709813","43","3214821"
"KQ058394v1","13207106","13207277","GL873535","10894906","10895068","56","2312200"
"KQ058394v1","13346862","13347022","GL873610","5092208","5092385","48","8254654"
"KQ058394v1","14667319","14667391","GL873523","24448231","24448308","18","9780912"
"KQ058394v1","14982576","14982823","GL873613","5633009","5633252","56","9349567"
"KQ058394v1","15558024","15558076","GL873521","6828199","6828251","17","8729825"
"KQ058394v1","15644286","15644436","GL873703","2705733","2705893","44","12938553"
"KQ058399v1","1042320","1042508","GL873533","13638006","13638192","50","12595686"
"KQ058399v1","1295261","1295414","GL873550","4944567","4944713","36","3649306"
"KQ058400v1","21592","21786","GL873674","3861515","3861706","54","3839923"
"KQ058405v1","1179472","1179752","GL873528","22975249","22975543","77","21795777"
"KQ058405v1","152187","152364","GL873540","880491","880639","56","728304"
"KQ058405v1","587827","588086","GL873645","3918175","3918435","74","3330348"
"KQ058405v1","969543","969713","GL873724","1561055","1561214","46","591512"
"KQ058405v1","1095331","1095378","GL873535","2636779","2636826","16","1541448"
"KQ058405v1","1095380","1095428","GL873535","2636779","2636826","14","1541399"
"KQ058405v1","1095429","1095476","GL873535","2636779","2636826","15","1541350"
"KQ058405v1","1095482","1095525","GL873644","232195","232237","15","863287"
"KQ058405v1","1095531","1095575","GL873644","232195","232237","15","863336"
"KQ058405v1","1095580","1095624","GL873644","232195","232237","16","863385"
"KQ058405v1","1095625","1095673","GL873535","2636779","2636826","16","1541154"
"KQ058405v1","1095678","1095722","GL873644","232195","232237","16","863483"
"KQ058405v1","1095723","1095770","GL873535","2636779","2636826","14","1541056"
"KQ058405v1","1095776","1095820","GL874141","10394","10437","16","1085382"
"KQ058405v1","1095824","1095868","GL873644","232195","232237","17","863629"
"KQ058405v1","1095869","1095917","GL873535","2636779","2636826","17","1540910"
"KQ058405v1","1095922","1095965","GL873644","232195","232237","14","863727"
"KQ058405v1","1095967","1096032","GL873523","33758553","33758616","19","32662586"
"KQ058405v1","1325313","1325386","GL873581","8789401","8789479","18","7464088"
"KQ058405v1","1565371","1565566","GL873537","6109068","6109247","61","4543697"
"KQ058405v1","1567812","1567887","GL873540","18659891","18659961","20","17092079"
"KQ058405v1","1586426","1586617","GL873629","7011721","7011910","52","5425295"
"KQ058405v1","1760475","1760556","GL873812","544200","544284","21","1216275"
"KQ058405v1","1863745","1863814","GL873556","4325516","4325581","20","2461771"
"KQ058407v1","10087","10353","GL873645","3918175","3918435","69","3908088"
"KQ058410v1","405935","406130","GL873609","610500","610681","53","204565"
"KQ058410v1","790156","790442","GL873573","3460440","3460720","63","2670284"
"KQ058413v1","308287","308496","GL873574","3884566","3884768","56","3576279"
"KQ058414v1","53845","53964","GL873533","3769440","3769558","29","3715595"
"KQ058415v1","68157","68339","GL873821","195981","196152","46","127824"
"KQ058416v1","113148","113241","GL873557","2826495","2826587","29","2713347"
"KQ058416v1","387265","387325","GL873523","33758553","33758616","15","33371288"
"KQ058416v1","612108","612324","GL873606","2632065","2632263","64","2019957"
"KQ058416v1","612809","612922","GL873541","17721019","17721131","28","17108210"
"KQ058416v1","822854","823013","GL873665","3682769","3682912","47","2859915"
"KQ058416v1","1022861","1022999","GL873543","2770290","2770426","45","1747429"
"KQ058416v1","1027693","1027889","GL873703","651659","651849","51","376034"
"KQ058416v1","1149912","1150147","GL873539","865019","865213","84","284893"
"KQ058416v1","1193769","1193935","GL873529","25590101","25590260","53","24396332"
"KQ058416v1","1231462","1231642","GL873533","11362427","11362598","60","10130965"
"KQ058416v1","1239446","1239560","GL873521","12689719","12689822","38","11450273"
"KQ058416v1","1317151","1317301","GL873530","15061906","15062052","40","13744755"
"KQ058416v1","1317451","1317523","GL873566","13440676","13440748","14","12123225"
"KQ058416v1","1384592","1384778","GL873782","411225","411411","51","973367"
"KQ058416v1","1406959","1406969","GL873522","4152044","4152054","1","2745085"
"KQ058416v1","1407317","1407632","GL873530","31864512","31864826","77","30457195"
"KQ058416v1","1550152","1550320","GL873623","6845719","6845887","47","5295567"
"KQ058416v1","1550504","1550628","GL873565","9868643","9868763","23","8318139"
"KQ058416v1","2068518","2068557","GL873579","4356122","4356161","8","2287604"
"KQ058416v1","2069101","2069346","GL873663","2458713","2458950","70","389612"
"KQ058416v1","2184334","2184396","GL873564","4670499","4670557","17","2486165"
"KQ058416v1","2319946","2320151","GL873561","9394221","9394415","56","7074275"
"KQ058418v1","544185","544352","GL873657","2607136","2607302","42","2062951"
"KQ058419v1","263540","263671","GL873605","7558323","7558455","34","7294783"
"KQ058419v1","264098","264273","GL873565","11529864","11530029","40","11265766"
"KQ058421v1","98360","98490","GL873550","6453819","6453941","34","6355459"
"KQ058421v1","300341","300414","GL873543","19894770","19894833","23","19594429"
"KQ058423v1","540246","540313","GL873540","20165746","20165810","17","19625500"
"KQ058425v1","483364","483492","GL873592","6940270","6940410","47","6456906"
"KQ058427v1","358682","358834","GL873526","16503825","16503960","39","16145143"
"KQ058427v1","373263","373412","GL873618","5342178","5342327","41","4968915"
"KQ058427v1","1789630","1789832","GL873540","7931580","7931774","61","6141950"
"KQ058427v1","2041651","2041836","GL873579","11327356","11327530","53","9285705"
"KQ058427v1","2342281","2342355","GL873528","9014723","9014792","18","6672442"
"KQ058427v1","2633779","2633882","GL873666","3015082","3015181","25","381303"
"KQ058427v1","3343982","3344136","GL873537","25241659","25241789","44","21897677"
"KQ058427v1","3712547","3712676","GL873523","3145336","3145470","35","567211"
"KQ058427v1","3712677","3712739","GL873528","1354469","1354524","17","2358208"
"KQ058427v1","3731983","3732083","GL873537","3509674","3509772","27","222309"
"KQ058427v1","3817185","3817361","GL873540","18329258","18329429","48","14512073"
"KQ058427v1","3885246","3885407","GL873534","18003782","18003939","39","14118536"
"KQ058427v1","3899607","3899851","GL873528","9014447","9014687","76","5114840"
"KQ058427v1","4041940","4042013","GL873710","2898492","2898569","19","1143448"
"KQ058427v1","4157291","4157362","GL873520","39493346","39493419","16","35336055"
"KQ058427v1","4180155","4180318","GL873664","4867545","4867702","50","687390"
"KQ058427v1","4449320","4449468","GL873740","1431257","1431402","37","3018063"
"KQ058427v1","4813021","4813146","GL873713","390020","390146","33","4423001"
"KQ058427v1","4813208","4813367","GL873529","9502023","9502169","42","4688815"
"KQ058427v1","4860226","4860439","GL873615","8016573","8016783","68","3156347"
"KQ058427v1","4882356","4882535","GL873529","15451139","15451309","45","10568783"
"KQ058427v1","4887279","4887427","GL873537","21798868","21799010","37","16911589"
"KQ058427v1","4887752","4887776","GL873520","14962157","14962175","9","10074405"
"KQ058427v1","4898882","4899031","GL873534","29731838","29731995","46","24832956"
"KQ058427v1","5151755","5151770","GL873520","19079924","19079938","2","13928169"
"KQ058427v1","5152101","5152407","GL873611","2233203","2233500","88","2918898"
"KQ058427v1","5439884","5440028","GL873670","2301302","2301432","36","3138582"
"KQ058427v1","5596459","5596656","GL873540","7931580","7931774","52","2335121"
"KQ058427v1","5597243","5597505","GL873538","23689752","23690030","66","18092509"
"KQ058427v1","5665719","5665792","GL873579","8858912","8858993","22","3193193"
"KQ058427v1","6170988","6171136","GL873550","13970441","13970588","30","7799453"
"KQ058427v1","6171137","6171201","GL873655","3442273","3442336","15","2728864"
"KQ058427v1","6358477","6358688","GL873542","176294","176504","57","6182183"
"KQ058427v1","6359308","6359392","GL873531","19398528","19398612","18","13039220"
"KQ058427v1","6383065","6383093","GL873527","2060861","2060891","6","4322204"
"KQ058427v1","6383210","6383487","GL873560","9844284","9844555","80","3461074"
"KQ058427v1","6385401","6385646","GL873663","2458713","2458950","58","3926688"
"KQ058427v1","6442523","6442586","GL873785","76099","76161","11","6366424"
"KQ058427v1","6776620","6776757","GL873525","12129856","12129974","42","5353236"
"KQ058427v1","6904272","6904433","GL873521","7573100","7573248","52","668828"
"KQ058427v1","6978354","6978511","GL873520","27656746","27656902","42","20678392"
"KQ058427v1","7674736","7674897","GL873565","11529864","11530029","34","3855128"
"KQ058427v1","7838285","7838488","GL873537","24056965","24057156","52","16218680"
"KQ058427v1","7874942","7875046","GL873569","11345782","11345877","29","3470840"
"KQ058427v1","7876659","7876824","GL873665","1662674","1662831","37","6213985"
"KQ058427v1","8093475","8093580","GL873527","25115722","25115818","34","17022247"
"KQ058427v1","8169315","8169466","GL873608","861084","861237","42","7308231"
"KQ058427v1","8465735","8465968","GL873536","13201324","13201522","70","4735589"
"KQ058427v1","8525655","8525826","GL873723","381644","381804","44","8144011"
"KQ058427v1","8525827","8525877","GL873565","9864589","9864640","12","1338762"
"KQ058427v1","8953023","8953141","GL873569","11081069","11081189","30","2128046"
"KQ058427v1","8954162","8954212","GL873619","6468824","6468872","13","2485338"
"KQ058427v1","10530739","10530896","GL873543","962136","962269","46","9568603"
"KQ058427v1","10723077","10723333","GL873534","8394806","8395077","81","2328271"
"KQ058427v1","10850201","10850331","GL873523","24296206","24296335","26","13446005"
"KQ058427v1","10854121","10854280","GL873675","2547112","2547267","38","8307009"
"KQ058427v1","10955918","10955932","GL873520","43443655","43443669","1","32487737"
"KQ058427v1","10957076","10957387","GL873698","2816557","2816859","78","8140519"
"KQ058427v1","10999097","10999270","GL873535","29561032","29561202","39","18561935"
"KQ058427v1","11117345","11117436","GL873526","7984521","7984608","28","3132824"
"KQ058427v1","11504801","11505055","GL873532","15928797","15929040","74","4423996"
"KQ058427v1","11679831","11680047","GL873573","2750027","2750217","79","8929804"
"KQ058427v1","11730241","11730440","GL873526","11157591","11157777","60","572650"
"KQ058427v1","11730768","11730785","GL873520","29147002","29147019","3","17416234"
"KQ058427v1","11752401","11752504","GL873612","1354463","1354557","30","10397938"
"KQ058427v1","11790511","11790618","GL873527","25115722","25115818","26","13325211"
"KQ058427v1","11791153","11791361","GL873532","1789938","1790135","72","10001215"
"KQ058427v1","12375530","12375726","GL873526","26819982","26820159","59","14444452"
"KQ058427v1","13487044","13487143","GL873690","626601","626698","18","12860443"
"KQ058427v1","13487787","13487964","GL873596","6106662","6106840","40","7381125"
"KQ058427v1","14778195","14778289","GL873561","7577349","7577445","29","7200846"
"KQ058427v1","15220489","15220577","GL873674","828078","828158","23","14392411"
"KQ058428v1","415374","415465","GL873576","10555704","10555786","24","10140330"
"KQ058428v1","432139","432219","GL873521","26298260","26298339","17","25866121"
"KQ058428v1","432423","432660","GL873566","8733811","8734035","72","8301388"
"KQ058428v1","843798","843867","GL873524","37025685","37025743","19","36181887"
"KQ058428v1","1329374","1329420","GL873526","10038092","10038138","17","8708718"
"KQ058428v1","1331901","1332185","GL873539","1673841","1674120","75","341940"
"KQ058428v1","1538676","1538850","GL873530","18413799","18413969","49","16875123"
"KQ058428v1","1709039","1709219","GL873526","15326882","15327059","54","13617843"
"KQ058428v1","1709350","1709481","GL873740","614168","614297","30","1095182"
"KQ058428v1","1712208","1712353","GL873711","2035797","2035944","48","323589"
"KQ058428v1","1718191","1718374","GL873685","2125446","2125621","50","407255"
"KQ058428v1","1718506","1718637","GL873536","9830879","9831004","30","8112373"
"KQ058428v1","2448163","2448238","GL873520","39493346","39493419","17","37045183"
"KQ058429v1","180414","180705","GL873558","3185623","3185895","91","3005209"
"KQ058429v1","203566","203747","GL873563","5296892","5297050","59","5093326"
"KQ058429v1","462966","463281","GL873658","2534047","2534372","82","2071081"
"KQ058429v1","487785","487953","GL873609","7117503","7117657","45","6629718"
"KQ058429v1","492215","492349","GL873646","3152298","3152430","26","2660083"
"KQ058429v1","499914","499995","GL873523","41861269","41861348","18","41361355"
"KQ058431v1","402514","402664","GL873521","41732639","41732788","39","41330125"
"KQ058431v1","402665","402727","GL873785","76099","76161","10","326566"
"KQ058432v1","521040","521139","GL873525","28354857","28354945","29","27833817"
"KQ058433v1","521952","522036","GL873581","8789401","8789479","21","8267449"
"KQ058436v1","80096","80240","GL873580","9524466","9524615","36","9444370"
"KQ058436v1","102467","102653","GL873540","22773695","22773874","45","22671228"
"KQ058438v1","50362","50480","GL873698","2354400","2354521","38","2304038"
"KQ058438v1","50489","50603","GL873525","12129856","12129974","32","12079367"
"KQ058438v1","308865","309029","GL873675","2547112","2547267","40","2238247"
"KQ058438v1","462163","462183","GL873550","7718762","7718779","3","7256599"
"KQ058438v1","465919","466091","GL873767","208231","208414","47","257688"
"KQ058441v1","6343","6634","GL873530","34601111","34601406","82","34594768"
"KQ058441v1","7563","7660","GL873587","1527784","1527875","27","1520221"
"KQ058441v1","127101","127343","GL873663","2458713","2458950","47","2331612"
"KQ058441v1","171230","171373","GL873538","10282168","10282327","49","10110938"
"KQ058442v1","398627","398898","GL873585","2122587","2122855","77","1723960"
"KQ058442v1","425310","425603","GL873526","12885338","12885635","80","12460028"
"KQ058445v1","62574","62640","GL873625","3136248","3136312","16","3073674"
"KQ058445v1","164206","164365","GL873756","1604500","1604648","56","1440294"
"KQ058445v1","210893","211065","GL873540","3345476","3345649","43","3134583"
"KQ058448v1","300165","300228","GL873754","1680029","1680088","16","1379864"
"KQ058448v1","300254","300350","GL873531","15526373","15526470","24","15226119"
"KQ058450v1","21022","21141","GL873604","3024931","3025049","39","3003909"
"KQ058450v1","136475","136635","GL873533","3373163","3373340","54","3236688"
"KQ058450v1","294653","294853","GL873520","43393269","43393461","60","43098616"
"KQ058450v1","308451","308526","GL873520","39493346","39493419","15","39184895"
"KQ058450v1","2140494","2140654","GL873565","11529864","11530029","42","9389370"
"KQ058450v1","2908545","2908651","GL873600","3364195","3364301","28","455650"
"KQ058450v1","2909583","2909705","GL873622","7004999","7005119","27","4095416"
"KQ058451v1","358883","358949","GL873540","14623123","14623190","17","14264240"
"KQ058451v1","399109","399167","GL873678","4161651","4161708","12","3762542"
"KQ058451v1","476464","476660","GL873737","199095","199288","41","277369"
"KQ058451v1","692022","692108","GL873536","8143398","8143484","18","7451376"
"KQ058452v1","414885","414977","GL873573","10689777","10689868","25","10274892"
"KQ058452v1","417315","417414","GL873535","21255953","21256045","26","20838638"
"KQ058453v1","103459","103639","GL873553","8569780","8569941","51","8466321"
"KQ058453v1","221031","221131","GL873522","33899802","33899897","33","33678771"
"KQ058453v1","222503","222626","GL873674","1614594","1614717","36","1392091"
"KQ058453v1","443829","443910","GL873528","11341160","11341236","16","10897331"
"KQ058454v1","876554","876724","GL873542","6058242","6058415","38","5181688"
"KQ058460v1","32909","33041","GL873780","173209","173324","40","140300"
"KQ058461v1","2342781","2342846","GL873534","23401679","23401738","14","21058898"
"KQ058461v1","2342857","2343038","GL873703","651659","651849","44","1691198"
"KQ058461v1","3318603","3318901","GL873530","12202849","12203138","65","8884246"
"KQ058461v1","3414146","3414358","GL873531","28766902","28767118","57","25352756"
"KQ058468v1","358339","358513","GL873646","3897237","3897397","63","3538898"
"KQ058468v1","609962","610148","GL873727","392048","392220","43","217914"
"KQ058468v1","720470","720637","GL873565","11529864","11530029","40","10809394"
"KQ058468v1","1248518","1248710","GL873537","24056965","24057156","41","22808447"
"KQ058468v1","1269476","1269702","GL873520","59757203","59757413","66","58487727"
"KQ058468v1","1269842","1269938","GL873585","9425211","9425301","27","8155369"
"KQ058468v1","1527950","1528181","GL873523","35290547","35290765","60","33762597"
"KQ058468v1","1628032","1628153","GL873548","13536700","13536806","40","11908668"
"KQ058470v1","281557","281729","GL873537","8606581","8606747","38","8325024"
"KQ058472v1","421760","421916","GL873543","15709661","15709813","44","15287901"
"KQ058472v1","601156","601313","GL873532","24718616","24718772","38","24117460"
"KQ058472v1","952554","952730","GL873690","2769578","2769733","60","1817024"
"KQ058472v1","1134227","1134413","GL873629","7011721","7011910","45","5877494"
"KQ058472v1","1134875","1134952","GL873560","13113389","13113465","26","11978514"
"KQ058472v1","1409823","1409930","GL873602","5267428","5267515","37","3857605"
"KQ058472v1","2492582","2492708","GL873585","7946845","7946956","39","5454263"
"KQ058472v1","2636863","2636993","GL873533","3769440","3769558","36","1132577"
"KQ058473v1","14279","14462","GL873537","27993531","27993702","52","27979252"
"KQ058473v1","339861","340124","GL873555","12236290","12236569","72","11896429"
"KQ058473v1","392201","392336","GL873530","10169354","10169489","27","9777153"
"KQ058473v1","395299","395426","GL873533","31145638","31145758","38","30750339"
"KQ058475v1","140596","140885","GL873535","28636931","28637211","65","28496335"
"KQ058480v1","369375","369534","GL873560","10481750","10481903","41","10112375"
"KQ058480v1","396330","396551","GL873690","3559474","3559691","59","3163144"
"KQ058480v1","397131","397216","GL873526","23163614","23163696","18","22766483"
"KQ058480v1","601983","602148","GL873521","37131693","37131857","54","36529710"
"KQ058481v1","94039","94223","GL873535","29561032","29561202","49","29466993"
"KQ058482v1","283199","283340","GL873536","5725451","5725573","47","5442252"
"KQ058482v1","579474","579618","GL873568","5835555","5835709","38","5256081"
"KQ058483v1","1216688","1216761","GL873695","2343199","2343264","17","1126511"
"KQ058483v1","1345868","1346028","GL873565","11529864","11530029","42","10183996"
"KQ058483v1","1671839","1672100","GL873554","9656594","9656865","91","7984755"
"KQ058483v1","1695435","1695584","GL873537","21798868","21799010","43","20103433"
"KQ058483v1","1755388","1755682","GL873557","13647283","13647574","62","11891895"
"KQ058483v1","1823611","1823675","GL873525","30627601","30627667","17","28803990"
"KQ058483v1","1823960","1823978","GL873534","29819883","29819899","4","27995923"
"KQ058483v1","1962064","1962148","GL873554","16600142","16600226","27","14638078"
"KQ058483v1","1980414","1980722","GL873652","2600654","2600963","67","620240"
"KQ058483v1","2233947","2234031","GL873544","15337162","15337245","19","13103215"
"KQ058483v1","2559282","2559347","GL873589","2084992","2085057","10","474290"
"KQ058483v1","2559348","2559498","GL873528","17667949","17668096","32","15108601"
"KQ058483v1","2642356","2642642","GL873583","10357076","10357354","62","7714720"
"KQ058483v1","3944708","3944767","GL873576","2312687","2312745","14","1632021"
"KQ058483v1","3944791","3944925","GL873646","560613","560744","30","3384178"
"KQ058483v1","3973651","3973875","GL873674","3861515","3861706","84","112136"
"KQ058483v1","4367762","4368010","GL873523","28700554","28700818","86","24332792"
"KQ058483v1","4419375","4419653","GL873530","24913176","24913439","81","20493801"
"KQ058483v1","4487017","4487078","GL873528","1354469","1354524","15","3132548"
"KQ058483v1","4550614","4550699","GL873533","11302003","11302079","38","6751389"
"KQ058483v1","4713672","4713716","GL873526","24569588","24569627","12","19855916"
"KQ058483v1","4764605","4764746","GL873587","2488921","2489051","37","2275684"
"KQ058483v1","4900522","4900674","GL873548","15177062","15177219","41","10276540"
"KQ058483v1","4905939","4906048","GL873661","4549964","4550078","33","355975"
"KQ058483v1","5061829","5061980","GL873530","33962085","33962226","51","28900256"
"KQ058483v1","5308527","5308563","GL873617","6160381","6160423","9","851854"
"KQ058483v1","5308564","5308752","GL873678","1696224","1696407","45","3612340"
"KQ058483v1","6132119","6132142","GL873525","27987913","27987936","10","21855794"
"KQ058483v1","6338002","6338160","GL873576","6955193","6955339","39","617191"
"KQ058483v1","6387615","6387775","GL873586","3966705","3966848","55","2420910"
"KQ058483v1","6949721","6949973","GL873569","11878119","11878384","75","4928398"
"KQ058485v1","920675","920748","GL873527","16933164","16933240","22","16012489"
"KQ058485v1","992239","992431","GL873782","411225","411411","48","581014"
"KQ058488v1","532469","532638","GL873548","17579875","17580048","40","17047406"
"KQ058491v1","380355","380535","GL873532","12818709","12818892","50","12438354"
"KQ058492v1","236665","236780","GL873659","2086638","2086760","32","1849973"
"KQ058493v1","77610","77902","GL873533","2554233","2554520","70","2476623"
"KQ058494v1","414392","414545","GL873537","4006294","4006441","58","3591902"
"KQ058494v1","1666470","1666544","GL873523","24812869","24812944","16","23146399"
"KQ058494v1","1666774","1666964","GL873550","2967394","2967582","40","1300620"
"KQ058494v1","4356359","4356611","GL873545","121526","121755","66","4234833"
"KQ058494v1","4760410","4760553","GL873731","487756","487896","41","4272654"
"KQ058494v1","4761012","4761162","GL873536","10126346","10126489","40","5365334"
"KQ058494v1","4844176","4844471","GL873585","9497162","9497458","69","4652986"
"KQ058494v1","7301474","7301577","GL873534","1713417","1713521","35","5588057"
"KQ058494v1","8979367","8979468","GL873781","1024271","1024365","23","7955096"
"KQ058494v1","8979999","8980138","GL873539","16519193","16519341","32","7539194"
"KQ058494v1","8980492","8980518","GL873526","21240964","21240987","6","12260472"
"KQ058494v1","11001777","11001952","GL873557","3545287","3545458","52","7456490"
"KQ058494v1","11131183","11131337","GL873537","14783572","14783698","43","3652389"
"KQ058494v1","12240567","12240628","GL873529","15733324","15733389","13","3492757"
"KQ058494v1","12241176","12241423","GL873557","11523588","11523830","63","717588"
"KQ058494v1","12557389","12557520","GL873522","10286054","10286172","42","2271335"
"KQ058497v1","500039","500180","GL873550","5905769","5905909","36","5405730"
"KQ058497v1","510280","510455","GL873557","3545287","3545458","39","3035007"
"KQ058498v1","148728","149047","GL873550","14235451","14235748","87","14086723"
"KQ058498v1","346685","346930","GL873636","813595","813833","72","466910"
"KQ058499v1","128508","128749","GL873538","9673343","9673585","74","9544835"
"KQ058500v1","86851","86999","GL873531","29118441","29118592","46","29031590"
"KQ058505v1","1433909","1433976","GL873542","10738518","10738572","19","9304609"
"KQ058505v1","3459397","3459476","GL873531","3240376","3240449","22","219021"
"KQ058505v1","3556729","3557036","GL873572","7101902","7102196","77","3545173"
"KQ058505v1","3987038","3987133","GL873612","1354463","1354557","27","2632575"
"KQ058505v1","4020512","4020672","GL873530","34437251","34437408","41","30416739"
"KQ058505v1","5443954","5444253","GL873704","2850221","2850512","80","2593733"
"KQ058505v1","5564017","5564096","GL873528","3705473","3705550","26","1858544"
"KQ058505v1","6731065","6731156","GL873535","2169012","2169100","20","4562053"
"KQ058505v1","8206807","8207061","GL873557","11386288","11386552","82","3179481"
"KQ058506v1","51111","51321","AAQR03195824","1600","1804","55","49511"
"KQ058506v1","54622","54719","GL873537","27036793","27036889","22","26982171"
"KQ058506v1","510142","510209","GL873566","3640473","3640543","17","3130331"
"KQ058506v1","607823","608001","GL873530","30740784","30740927","55","30132961"
"KQ058509v1","30532","30650","GL873563","10819590","10819710","35","10789058"
"KQ058512v1","265512","265589","GL873568","5831728","5831805","19","5566216"
"KQ058512v1","405651","405836","GL873537","24056965","24057156","45","23651314"
"KQ058513v1","753775","753974","GL873520","72830940","72831132","55","72077165"
"KQ058516v1","635265","635418","GL873527","6305264","6305397","50","5669999"
"KQ058516v1","785973","786057","GL873523","1322902","1322986","26","536929"
"KQ058516v1","1005493","1005685","GL873620","6043468","6043652","37","5037975"
"KQ058516v1","1292274","1292437","GL873528","8419912","8420075","37","7127638"
"KQ058516v1","1356606","1356816","GL873583","3750449","3750630","84","2393843"
"KQ058516v1","1724859","1724916","GL873562","12698074","12698120","17","10973215"
"KQ058516v1","1743799","1743878","GL873643","1495913","1495993","18","247886"
"KQ058516v1","2228406","2228477","GL873584","2043784","2043864","26","184622"
"KQ058516v1","2388892","2389046","GL873587","2134971","2135134","39","253921"
"KQ058516v1","2577040","2577333","GL873618","5334866","5335119","97","2757826"
"KQ058516v1","2626223","2626399","GL873629","3241077","3241256","41","614854"
"KQ058516v1","2778939","2779096","GL873521","31604341","31604497","44","28825402"
"KQ058516v1","2779631","2779733","GL873551","6980362","6980462","22","4200731"
"KQ058516v1","2827829","2827973","GL873531","16903930","16904055","44","14076101"
"KQ058516v1","3037082","3037148","GL873571","167717","167783","14","2869365"
"KQ058516v1","3037524","3037769","GL873550","7888898","7889141","58","4851374"
"KQ058516v1","3042523","3042650","GL873681","3310265","3310400","41","267742"
"KQ058516v1","3724656","3724818","GL873600","6922264","6922418","46","3197608"
"KQ058516v1","4157978","4158246","GL873569","11878119","11878384","83","7720141"
"KQ058518v1","63126","63322","GL873767","208231","208414","42","145105"
"KQ058519v1","206961","206985","GL873566","10788824","10788849","9","10581863"
"KQ058519v1","392352","392504","GL873665","553533","553677","39","161181"
"KQ058520v1","12921","13051","GL873533","3769440","3769558","35","3756519"
"KQ058523v1","166058","166125","GL873646","3309283","3309338","19","3143225"
"KQ058523v1","176158","176262","GL873829","380129","380225","33","203971"
"KQ058523v1","183802","183869","GL873646","3309283","3309338","19","3125481"
"KQ058524v1","545085","545189","GL873527","25115722","25115818","33","24570637"
"KQ058527v1","526","635","GL873529","2484955","2485057","35","2484429"
"KQ058527v1","146071","146170","GL873573","1229371","1229475","24","1083300"
"KQ058527v1","1633227","1633374","GL873675","431290","431427","33","1201937"
"KQ058527v1","2524115","2524257","GL873586","3966705","3966848","42","1442590"
"KQ058527v1","3366384","3366471","GL873543","17612032","17612116","18","14245648"
"KQ058527v1","3988248","3988397","GL873543","2270768","2270888","46","1717480"
"KQ058527v1","4023548","4023662","GL873599","3524812","3524925","39","498736"
"KQ058527v1","4423748","4423949","GL873690","3150177","3150376","50","1273571"
"KQ058527v1","4424385","4424485","GL873620","5376391","5376492","22","952006"
"KQ058527v1","4487406","4487493","GL873548","13810228","13810314","21","9322822"
"KQ058527v1","5021463","5021528","GL873520","25400012","25400071","15","20378549"
"KQ058527v1","5186054","5186149","GL873691","2949988","2950081","22","2236066"
"KQ058527v1","5188892","5189018","GL873530","10321707","10321839","25","5132815"
"KQ058527v1","5306050","5306083","GL873721","461510","461541","6","4844540"
"KQ058527v1","5306408","5306665","GL873533","28226858","28227116","82","22920450"
"KQ058527v1","5599955","5600048","GL873540","11030070","11030163","27","5430115"
"KQ058527v1","5644276","5644449","GL873693","1671512","1671671","49","3972764"
"KQ058527v1","5761039","5761184","GL873527","38186869","38187003","36","32425830"
"KQ058528v1","101626","101867","GL873671","2607356","2607589","67","2505730"
"KQ058530v1","1487256","1487305","GL873520","72316870","72316922","10","70829614"
"KQ058532v1","5071","5152","GL873553","14472135","14472211","17","14467064"
"KQ058532v1","955118","955186","GL873528","9014723","9014792","18","8059605"
"KQ058533v1","602463","602753","GL873530","12202849","12203138","70","11600386"
"KQ058534v1","209773","209873","GL873551","12695724","12695812","23","12485951"
"KQ058534v1","209978","210175","GL873527","8276156","8276355","39","8066178"
"KQ058537v1","22811","22882","GL873659","2890845","2890913","15","2868034"
"KQ058538v1","1193900","1194210","GL873770","1305099","1305393","82","111199"
"KQ058538v1","1539591","1539743","GL873675","2547112","2547267","38","1007521"
"KQ058538v1","1852574","1852887","GL873625","2914869","2915144","103","1062295"
"KQ058538v1","2142005","2142019","GL873605","4884508","4884520","3","2742503"
"KQ058538v1","2142350","2142520","GL873565","11529864","11530029","35","9387514"
"KQ058538v1","2358672","2358831","GL873536","9149970","9150134","52","6791298"
"KQ058538v1","3177293","3177578","GL873530","12202849","12203138","99","9025556"
"KQ058538v1","4272958","4273265","GL873526","12885338","12885635","94","8612380"
"KQ058538v1","5108963","5109127","GL873615","1446439","1446597","47","3662524"
"KQ058539v1","3475","3633","GL873677","1702151","1702314","37","1698676"
"KQ058539v1","228818","228985","GL873539","11870458","11870614","45","11641640"
"KQ058539v1","325168","325317","GL873528","8786441","8786575","37","8461273"
"KQ058539v1","725969","726138","GL873565","11529864","11530029","44","10803895"
"KQ058539v1","791886","792171","GL873526","26619087","26619371","97","25827201"
"KQ058539v1","818525","818712","GL873535","29561032","29561202","48","28742507"
"KQ058539v1","940527","940703","GL873751","293413","293583","41","647114"
"KQ058539v1","945263","945409","GL873665","553533","553677","35","391730"
"KQ058539v1","962908","963017","GL873531","19685062","19685174","31","18722154"
"KQ058539v1","965024","965204","GL873619","7169239","7169406","44","6204215"
"KQ058539v1","1078806","1078976","GL873540","17349723","17349903","59","16270917"
"KQ058539v1","1135739","1135952","GL873550","7750495","7750697","69","6614756"
"KQ058539v1","1728672","1728855","GL873640","514684","514855","40","1213988"
"KQ058539v1","2014341","2014574","GL873690","371058","371288","76","1643283"
"KQ058539v1","2227907","2228046","GL873639","4644137","4644287","47","2416230"
"KQ058544v1","177358","177489","GL873603","5712632","5712757","38","5535274"
"KQ058547v1","252033","252153","GL873592","10578","10700","41","241455"
"KQ058550v1","68308","68501","GL873767","208231","208414","53","139923"
"KQ058550v1","958814","958987","GL873536","11888560","11888738","54","10929746"
"KQ058550v1","2335006","2335133","GL873522","34283904","34284014","46","31948898"
"KQ058550v1","2644840","2644909","GL873527","35474643","35474706","19","32829803"
"KQ058550v1","2922834","2923081","GL873585","2122587","2122855","83","800247"
"KQ058550v1","2989055","2989220","GL873632","5293451","5293600","56","2304396"
"KQ058550v1","2997183","2997279","GL873635","4108775","4108869","27","1111592"
"KQ058550v1","3012234","3012319","GL873521","2389393","2389473","26","622841"
"KQ058550v1","3016179","3016361","GL873596","6106662","6106840","51","3090483"
"KQ058550v1","3079890","3079963","GL873577","2372906","2372980","18","706984"
"KQ058550v1","3119046","3119158","GL873609","7417625","7417730","38","4298579"
"KQ058550v1","3202524","3202704","GL873539","412205","412393","48","2790319"
"KQ058550v1","3256668","3256853","GL873544","10585715","10585891","42","7329047"
"KQ058550v1","3409626","3409766","GL873527","6305264","6305397","43","2895638"
"KQ058550v1","3410473","3410614","GL873622","7180094","7180225","38","3769621"
"KQ058550v1","3556512","3556710","GL873596","6106662","6106840","59","2550150"
"KQ058550v1","3620110","3620223","GL873628","4885841","4885942","29","1265731"
"KQ058550v1","3731492","3731546","GL873523","25808127","25808181","15","22076635"
"KQ058550v1","3731940","3732091","GL873534","20224163","20224292","49","16492223"
"KQ058550v1","4012841","4012947","GL873544","18358479","18358573","31","14345638"
"KQ058550v1","4013313","4013403","GL873534","15974522","15974605","30","11961209"
"KQ058550v1","4849958","4850121","GL873569","8784324","8784477","47","3934366"
"KQ058550v1","4899443","4899608","GL873521","21355913","21356066","56","16456470"
"KQ058550v1","4953307","4953435","GL873532","3402243","3402363","34","1551064"
"KQ058550v1","4953473","4953512","GL873520","28064590","28064626","12","23111117"
"KQ058550v1","5109069","5109378","GL873539","1523501","1523808","79","3585568"
"KQ058552v1","81158","81451","GL873530","3607679","3607965","69","3526521"
"KQ058558v1","6059","6123","GL873646","3309283","3309338","18","3303224"
"KQ058558v1","6601","6690","GL873648","2845711","2845800","30","2839110"
"KQ058561v1","310311","310480","GL873563","7420030","7420189","33","7109719"
"KQ058561v1","408446","408566","GL873532","3402243","3402363","32","2993797"
"KQ058561v1","408898","408913","GL873523","15200580","15200595","1","14791682"
"KQ058561v1","772455","772628","GL873612","6684986","6685153","51","5912531"
"KQ058561v1","1563301","1563411","GL873699","2029583","2029698","29","466282"
"KQ058561v1","2210915","2211059","GL873744","1808990","1809124","32","401925"
"KQ058561v1","2325679","2325809","GL873671","4051831","4051958","21","1726152"
"KQ058561v1","2325811","2325896","GL873545","6958691","6958775","17","4632880"
"KQ058561v1","2333088","2333180","GL873554","16600142","16600226","26","14267054"
"KQ058561v1","2347172","2347453","GL873672","1021931","1022209","74","1325241"
"KQ058561v1","2914306","2914483","GL873610","5092208","5092385","42","2177902"
"KQ058561v1","3062803","3062977","GL873601","5810936","5811110","47","2748133"
"KQ058561v1","3063556","3063651","GL873533","20340449","20340542","31","17276893"
"KQ058561v1","3100984","3101253","GL873545","16091903","16092161","67","12990919"
"KQ058561v1","3162499","3162710","GL873800","270695","270907","53","2891804"
"KQ058561v1","3668213","3668398","GL873563","10928941","10929118","48","7260728"
"KQ058561v1","3674498","3674789","GL873557","13647283","13647574","68","9972785"
"KQ058561v1","3998387","3998458","GL873674","531838","531912","17","3466549"
"KQ058561v1","4980181","4980329","GL873582","5140187","5140306","52","160006"
"KQ058561v1","5060568","5060700","GL873523","24817721","24817841","45","19757153"
"KQ058561v1","5252662","5252903","GL873688","513219","513459","72","4739443"
"KQ058561v1","5577040","5577121","GL873674","531838","531912","18","5045202"
"KQ058561v1","6593060","6593203","GL873586","3966705","3966848","39","2626355"
"KQ058561v1","7561873","7562016","GL873586","3966705","3966848","43","3595168"
"KQ058561v1","7674229","7674414","GL873520","50643212","50643386","48","42968983"
"KQ058561v1","8062270","8062516","GL873586","7127657","7127906","71","934613"
"KQ058561v1","8062981","8063011","GL873537","16773587","16773617","8","8710606"
"KQ058561v1","8345528","8345705","GL873637","2325984","2326152","53","6019544"
"KQ058561v1","8393055","8393159","GL873573","1310881","1310981","32","7082174"
"KQ058561v1","8852558","8852733","GL873677","2806122","2806285","52","6046436"
"KQ058561v1","9019856","9019951","GL873551","12695724","12695812","21","3675868"
"KQ058561v1","9251379","9251528","GL873670","153257","153404","33","9098122"
"KQ058561v1","9748004","9748178","GL873529","15451139","15451309","37","5703135"
"KQ058561v1","9811904","9811989","GL873646","5134877","5134959","22","4677027"
"KQ058561v1","10133414","10133593","GL873620","6043468","6043652","38","4089946"
"KQ058561v1","10207546","10207617","GL873536","26796557","26796621","21","16589011"
"KQ058561v1","10223301","10223454","GL873520","27656746","27656902","38","17433445"
"KQ058562v1","106210","106291","GL873544","15337162","15337245","18","15230952"
"KQ058563v1","101713","101786","GL873521","30307719","30307794","21","30206006"
"KQ058563v1","101787","101953","GL873563","5296892","5297050","45","5195105"
"KQ058565v1","306973","307171","GL873535","29561032","29561202","52","29254059"
"KQ058565v1","336133","336215","GL873544","16572282","16572358","28","16236149"
"KQ058568v1","34881","34943","GL873571","4720621","4720673","23","4685740"
"KQ058568v1","36514","36651","GL873606","6674799","6674931","37","6638285"
"KQ058568v1","37075","37216","GL873737","1318266","1318409","36","1281191"
"KQ058572v1","1196953","1197146","GL873667","2774694","2774877","56","1577741"
"KQ058572v1","1198157","1198216","GL873565","9864589","9864640","13","8666432"
"KQ058572v1","1374803","1374876","GL873520","39493346","39493419","16","38118543"
"KQ058572v1","1507433","1507587","GL873539","7559232","7559364","40","6051799"
"KQ058572v1","2100750","2100909","GL873544","15615647","15615780","56","13514897"
"KQ058572v1","2109740","2109972","GL873787","490921","491139","61","1618819"
"KQ058572v1","2110275","2110346","GL873528","9014723","9014792","17","6904448"
"KQ058572v1","2782911","2783142","GL873529","8529179","8529402","56","5746268"
"KQ058572v1","2828079","2828151","GL873710","2898492","2898569","20","70413"
"KQ058572v1","3110270","3110335","GL873625","1839244","1839302","22","1271026"
"KQ058572v1","3480923","3481012","GL873522","29997164","29997251","23","26516241"
"KQ058572v1","3481597","3481797","GL873533","31034275","31034460","53","27552678"
"KQ058572v1","3639818","3639974","GL873584","10856922","10857081","37","7217104"
"KQ058577v1","274769","274929","GL873537","5260566","5260734","45","4985797"
"KQ058577v1","275457","275591","GL873681","473096","473229","30","197639"
"KQ058577v1","572665","572813","GL873544","20710640","20710788","34","20137975"
"KQ058580v1","56984","57289","GL873557","13647283","13647574","82","13590299"
"KQ058580v1","116205","116327","GL873699","414115","414229","36","297910"
"KQ058580v1","117407","117523","GL873699","414115","414229","34","296708"
"KQ058580v1","146684","146971","GL873569","9715284","9715563","72","9568600"
"KQ058580v1","175322","175631","GL873698","2816557","2816859","77","2641235"
"KQ058582v1","1745923","1746081","GL873520","38775744","38775904","34","37029821"
"KQ058583v1","1706064","1706380","GL873592","1249408","1249710","79","456656"
"KQ058583v1","1976308","1976382","GL873566","13440676","13440748","14","11464368"
"KQ058583v1","1976432","1976531","GL873543","6810969","6811056","29","4834537"
"KQ058583v1","2648714","2649029","GL873665","1170071","1170374","83","1478643"
"KQ058583v1","3582351","3582488","GL873543","962136","962269","37","2620215"
"KQ058589v1","222251","222390","GL873538","23164192","23164337","41","22941941"
"KQ058589v1","456614","456804","GL873533","13638006","13638192","51","13181392"
"KQ058594v1","97179","97317","GL873543","15941550","15941695","43","15844371"
"KQ058594v1","184012","184195","GL873526","6633742","6633912","64","6449730"
"KQ058594v1","187698","187744","GL873591","1592648","1592700","14","1404950"
"KQ058594v1","309768","309897","GL873520","59444812","59444943","44","59135044"
"KQ058594v1","361755","361829","GL873528","9014723","9014792","18","8652968"
"KQ058594v1","405525","405694","GL873541","17128152","17128315","44","16722627"
"KQ058594v1","663514","663571","GL873520","25400012","25400071","13","24736498"
"KQ058594v1","785509","785598","GL873585","1676706","1676785","31","891197"
"KQ058594v1","1010091","1010271","GL873541","15753083","15753251","45","14742992"
"KQ058594v1","1511377","1511508","GL873603","5712632","5712757","37","4201255"
"KQ058594v1","1511698","1511861","GL873603","1757197","1757357","36","245499"
"KQ058594v1","1822597","1822764","GL873601","6664470","6664628","40","4841873"
"KQ058594v1","1823026","1823169","GL873562","5493635","5493769","30","3670609"
"KQ058594v1","2293525","2293594","GL873546","10799952","10800014","18","8506427"
"KQ058594v1","4222195","4222392","GL873531","8304610","8304797","66","4082415"
"KQ058594v1","4224819","4224893","GL873534","23048747","23048826","24","18823928"
"KQ058594v1","5243737","5243917","GL873526","16309427","16309597","42","11065690"
"KQ058594v1","5244472","5244541","GL873544","9565783","9565850","24","4321311"
"KQ058594v1","5439677","5439773","GL873534","6861987","6862081","17","1422310"
"KQ058594v1","5441093","5441276","GL873646","1577575","1577742","52","3863518"
"KQ058594v1","5587824","5587947","GL873653","3180115","3180240","29","2407709"
"KQ058594v1","5589085","5589262","GL873524","46334287","46334461","40","40745202"
"KQ058594v1","5920186","5920380","GL873521","29712461","29712641","52","23792275"
"KQ058594v1","5922687","5922818","GL873670","2301302","2301432","28","3621385"
"KQ058594v1","6194539","6194684","GL873533","15772522","15772671","37","9577983"
"KQ058595v1","219646","219697","GL873658","3978143","3978194","14","3758497"
"KQ058595v1","270495","270579","GL873527","17470574","17470653","27","17200079"
"KQ058595v1","322348","322418","GL873613","5858185","5858251","19","5535837"
"KQ058595v1","410509","410640","GL873531","16903930","16904055","36","16493421"
"KQ058597v1","31341","31485","GL873557","15604688","15604820","36","15573347"
"KQ058597v1","33812","33960","GL873650","4879861","4880013","51","4846049"
"KQ058603v1","404569","404645","GL873585","69838","69917","23","334731"
"KQ058603v1","674841","675137","GL873715","658317","658593","97","16524"
"KQ058603v1","677206","677250","GL873570","1401139","1401185","14","723933"
"KQ058604v1","233111","233141","GL873532","3619847","3619872","7","3386736"
"KQ058604v1","235490","235770","GL873526","10283026","10283285","80","10047536"
"KQ058604v1","547993","548213","GL873565","2671924","2672131","79","2123931"
"KQ058605v1","710739","710819","GL873535","28232153","28232224","22","27521414"
"KQ058605v1","733768","733866","GL873597","1319836","1319909","37","586068"
"KQ058605v1","1241772","1241836","GL873527","35474643","35474706","14","34232871"
"KQ058605v1","1327770","1327894","GL873579","1842616","1842736","46","514846"
"KQ058605v1","2075989","2076146","GL873667","4114593","4114747","34","2038604"
"KQ058605v1","2482037","2482182","GL873680","2270514","2270674","41","211523"
"KQ058605v1","2531144","2531293","GL873666","2142215","2142350","41","388929"
"KQ058605v1","2532515","2532603","GL873605","1411799","1411884","22","1120716"
"KQ058605v1","2724101","2724197","GL873525","26769211","26769304","20","24045110"
"KQ058605v1","2728084","2728301","GL873540","24165557","24165779","54","21437473"
"KQ058605v1","2796411","2796478","GL873580","384499","384563","20","2411912"
"KQ058608v1","90317","90621","GL873608","250096","250396","88","159779"
"KQ058613v1","453294","453380","GL873533","28516613","28516696","21","28063319"
"KQ058613v1","474621","474746","GL873520","40070095","40070209","36","39595474"
"KQ058616v1","147129","147198","GL873559","507465","507523","16","360336"
"KQ058616v1","693996","694046","GL873628","3431043","3431087","11","2737047"
"KQ058616v1","1176645","1176791","GL873586","4016149","4016289","38","2839504"
"KQ058616v1","2522524","2522684","GL873654","4304604","4304763","43","1782080"
"KQ058616v1","3743141","3743306","GL873550","13545017","13545170","53","9801876"
"KQ058616v1","3743308","3743361","GL873635","5873227","5873283","15","2129919"
"KQ058616v1","3801851","3801903","GL873545","10296227","10296278","17","6494376"
"KQ058617v1","595883","595989","GL873550","6452750","6452848","29","5856867"
"KQ058619v1","43718","43915","GL873548","17041519","17041719","70","16997801"
"KQ058619v1","98504","98666","GL873536","9079364","9079521","57","8980860"
"KQ058619v1","107319","107450","GL873524","6469923","6470050","47","6362604"
"KQ058619v1","184951","185078","GL873603","5712632","5712757","32","5527681"
"KQ058622v1","145861","146043","GL873713","1240209","1240384","40","1094348"
"KQ058622v1","146233","146359","GL873531","27529977","27530099","30","27383744"
"KQ058626v1","47605","47696","GL873602","5267428","5267515","26","5219823"
"KQ058626v1","106776","106855","GL873561","9570975","9571053","28","9464199"
"KQ058626v1","108189","108354","GL873580","9524466","9524615","52","9416277"
"KQ058626v1","158389","158492","GL873548","13536700","13536806","32","13378311"
"KQ058627v1","1887711","1887791","GL873689","297289","297370","25","1590422"
"KQ058627v1","2289857","2290079","GL873596","7939448","7939655","64","5649591"
"KQ058627v1","2311409","2311615","GL873660","1474306","1474501","60","837103"
"KQ058627v1","3252842","3252991","GL873533","15772522","15772671","38","12519680"
"KQ058627v1","3254436","3254603","GL873591","7096828","7096990","41","3842392"
"KQ058629v1","320607","320771","GL873532","28679629","28679799","44","28359022"
"KQ058629v1","322063","322210","GL873638","5801670","5801817","35","5479607"
"KQ058629v1","401633","401755","GL873522","37554475","37554589","47","37152842"
"KQ058630v1","339659","339731","GL873819","556576","556653","17","216917"
"KQ058630v1","797060","797248","GL873601","8615326","8615512","42","7818266"
"KQ058630v1","1028624","1028667","GL873542","5880410","5880462","15","4851786"
"KQ058630v1","1240730","1240894","GL873721","818842","819005","44","421888"
"KQ058630v1","1326494","1326807","GL873572","7101902","7102196","80","5775408"
"KQ058631v1","153048","153200","GL873537","16773641","16773797","44","16620593"
"KQ058634v1","305943","306031","GL873543","17612032","17612116","24","17306089"
"KQ058634v1","560272","560611","GL873653","1101074","1101444","122","540802"
"KQ058636v1","77980","78347","GL873570","12504705","12505016","140","12426725"
"KQ058636v1","819763","819930","GL873612","6684986","6685153","38","5865223"
"KQ058636v1","1180843","1180965","GL873570","5215086","5215210","29","4034243"
"KQ058636v1","1184417","1184617","GL873522","16208523","16208711","45","15024106"
"KQ058636v1","1616089","1616184","GL873551","12695724","12695812","25","11079635"
"KQ058637v1","546863","546967","GL873839","378918","379012","31","167945"
"KQ058638v1","134796","134856","GL873520","25400012","25400071","19","25265216"
"KQ058638v1","390509","390824","GL873613","2809237","2809531","86","2418728"
"KQ058638v1","742245","742533","GL873631","3925523","3925809","89","3183278"
"KQ058638v1","766615","766801","GL873520","72876242","72876423","53","72109627"
"KQ058638v1","1198952","1199114","GL873546","17251150","17251302","51","16052198"
"KQ058638v1","2184218","2184392","GL873537","6477106","6477274","53","4292888"
"KQ058638v1","2610956","2611129","GL873578","2700168","2700323","58","89212"
"KQ058638v1","2798407","2798592","GL873738","153780","153955","43","2644627"
"KQ058638v1","2840958","2841050","GL873536","8143398","8143484","24","5302440"
"KQ058641v1","294560","294694","GL873531","16903930","16904055","41","16609370"
"KQ058643v1","268084","268162","GL873520","39493346","39493419","21","39225262"
"KQ058643v1","354847","355141","GL873613","2809237","2809531","75","2454390"
"KQ058643v1","355148","355250","GL873551","12695724","12695812","26","12340576"
"ABDC02000589v1","1032","1115","GL873562","12669372","12669455","22","12668340"
"ABDC02003384v1","253072","253244","GL873529","15451139","15451309","47","15198067"
"ABDC02005909v1","142631","142838","GL873667","2821131","2821345","76","2678500"
"ABDC02013809v1","6760","7050","GL873606","7483902","7484187","82","7477142"
"ABDC02022299v1","497","699","GL873530","17027604","17027792","84","17027107"
"ABDC02022752v1","207540","207709","GL873724","1561055","1561214","44","1353515"
"ABDC02026549v1","2860","3116","GL873635","245410","245639","93","242550"
"ABDC02027018v1","5976","6119","GL873647","5068614","5068759","53","5062638"
"ABDC02027136v1","15722","15860","GL873563","10819590","10819710","54","10803868"
"ABDC02029150v1","2040","2119","GL873522","43250781","43250850","23","43248741"
"ABDC02030531v1","1485","1716","GL873538","6295604","6295841","71","6294119"
"ABDC02031352v1","1577","1712","GL873539","18690134","18690271","49","18688557"
"ABDC02031352v1","1713","1799","GL873586","6466323","6466407","25","6464610"
"ABDC02031867v1","3838","3941","GL873584","2043784","2043864","37","2039946"
"ABDC02032138v1","2759","2934","GL873565","11529864","11530029","46","11527105"
"ABDC02032138v1","7046","7101","GL873572","6909033","6909088","18","6901987"
"ABDC02032857v1","20","215","GL873525","28230051","28230233","68","28230031"
"ABDC02033170v1","2","114","GL873540","18684101","18684210","31","18684099"
"ABDC02033394v1","2328","2486","GL873537","2563739","2563893","45","2561411"
"ABDC02034485v1","29","110","GL873581","8789401","8789479","17","8789372"
"ABDC02035056v1","3097","3177","GL873528","11341160","11341236","14","11338063"
"ABDC02037249v1","1595","1843","GL873525","10966987","10967263","92","10965392"
"ABDC02037849v1","2067","2341","GL873557","11386288","11386552","85","11384221"
"ABDC02038574v1","273","437","GL873545","9682366","9682520","55","9682093"
"ABDC02039509v1","792","963","GL873537","5260566","5260734","44","5259774"
"ABDC02039735v1","4885","5059","GL873557","3545287","3545458","37","3540402"
"ABDC02039735v1","5227","5305","GL873534","15932201","15932280","15","15926974"
"ABDC02040602v1","3158","3234","GL873842","269762","269835","19","266604"
"ABDC02040602v1","3911","4212","GL873580","1537481","1537759","89","1533570"
"ABDC02040793v1","1788","1954","GL873550","7829693","7829850","41","7827905"
"ABDC02043021v1","2265","2444","GL873572","6008444","6008617","37","6006179"
"ABDC02044826v1","1565","1631","GL873536","14688555","14688619","27","14686990"
"ABDC02045271v1","596","739","GL873584","7461826","7461978","44","7461230"
"ABDC02045528v1","29","285","GL873625","2313557","2313781","75","2313528"
"ABDC02046283v1","3670","3746","GL873576","10555704","10555786","19","10552034"
"ABDC02046716v1","1083","1146","GL873550","678043","678106","19","676960"
"ABDC02046721v1","4840","5030","GL873566","9399776","9399968","48","9394936"
"ABDC02047098v1","12","88","GL873765","517632","517700","18","517620"
"ABDC02047165v1","4343","4419","GL873520","39493346","39493419","19","39489003"
"ABDC02048058v1","4880","5114","GL873523","29968644","29968849","74","29963764"
"ABDC02048409v1","559","716","GL873541","17743960","17744103","49","17743401"
"ABDC02048439v1","2","121","GL873590","7807273","7807397","42","7807271"
"ABDC02048559v1","721","992","GL873603","7738570","7738852","77","7737849"
"ABDC02049653v1","1035","1224","GL873530","29175192","29175379","57","29174157"
"ABDC02049896v1","2297","2492","GL873520","38841883","38842083","60","38839586"
"ABDC02050330v1","2587","2744","GL873562","6841564","6841698","45","6838977"
"ABDC02050334v1","3072","3253","GL873601","8615326","8615512","54","8612254"
"ABDC02051269v1","1975","2185","GL873556","843270","843481","80","841295"
"ABDC02051742v1","913","1016","GL873534","23693337","23693428","28","23692424"
"ABDC02051923v1","647","810","GL873548","15177062","15177219","33","15176415"
"ABDC02052540v1","749","868","GL873526","9136223","9136345","29","9135474"
"ABDC02052580v1","990","1169","GL873613","3099103","3099287","53","3098113"
"ABDC02052801v1","260","433","GL873533","23916549","23916723","57","23916289"
"ABDC02053658v1","2461","2734","GL873610","5989558","5989825","86","5987097"
"ABDC02053660v1","470","621","GL873544","11002459","11002615","49","11001989"
"ABDC02053834v1","1","131","GL873646","1746529","1746665","43","1746528"
"ABDC02054532v1","861","1020","GL873533","23392912","23393044","45","23392051"
"ABDC02054757v1","1","163","GL873550","13374667","13374830","41","13374666"
"ABDC02055627v1","1","76","GL873527","37818842","37818919","19","37818841"
"ABDC02055665v1","5851","6015","GL873525","44171605","44171763","53","44165754"
"ABDC02055802v1","1","82","GL873528","11341160","11341236","20","11341159"
"ABDC02055858v1","2593","2750","GL873526","24569155","24569301","46","24566562"
"ABDC02055881v1","1021","1117","GL873615","7585517","7585604","28","7584496"
"ABDC02056200v1","15","201","GL873581","8026006","8026188","44","8025991"
