"KQ052969v1","10646862","10646914","chr1","211955722","211955775","11","201308860"
"KQ053179v1","1743993","1744067","chr3","202069085","202069157","24","200325092"
"KQ053189v1","71470","71544","chr12","40262118","40262192","12","40190648"
"KQ053593v1","11525","11569","chr17","49351725","49351769","4","49340200"
"KQ053816v1","4827610","4827677","chr9","127189571","127189634","16","122361961"
"KQ053822v1","14139","14195","chr15","63871176","63871229","11","63857037"
"KQ055035v1","2588241","2588316","chr18","70328921","70328996","20","67740680"
"KQ055267v1","2174347","2174402","chr1","139620046","139620103","10","137445699"
"KQ055457v1","11782830","11782886","chr1","139620046","139620103","7","127837216"
"KQ055830v1","805231","805456","chr7","83896933","83897129","80","83091702"
"KQ056404v1","442577","442839","chr4","90427531","90427799","82","89984954"
"KQ056790v1","2025532","2025789","chr6","159251733","159251992","62","157226201"
"KQ057290v1","1837712","1838010","chr6","140279124","140279407","89","138441412"
"KQ057404v1","3342229","3342315","chr8","39075107","39075191","17","35732878"
"KQ057560v1","589461","589538","chr3","202069085","202069157","27","201479624"
"KQ058094v1","6976981","6977039","chr9","127189571","127189634","14","120212590"
"KQ058533v1","164154","164222","chrX","24339908","24339976","32","24175754"
