"KQ052968v1","2976357","2976507","JH378189","8263066","8263229","46","5286709","CTGGGCACGGTGGCAGGTGCCTGTAATCCCAGCACTTTGGGAGATCACTTGGGCCCAGAAGCTGGAGGTTGCAGTGAGCTGTGATCACACCACTGCATTCCAGCCTGAGCTACAGAGTGATATCCTGTCTCTAAAACAAACAAACAAACAA","CTGGGCACGGTGGCAGGCGCCTGTAATCCTAGCTACTCCAGAGGCTGAGGCAGGAAAATTGCTTGAACTCGGGAGGCAGGGGTTGCAGTGAGCTGAGATAGTGCCATTGCACTCCAGCCTGGGCAACAGAGCGAGATTCCTTCTCAAAAAAAAAAGAAAAAAAA"
"KQ052968v1","9913639","9913858","JH378131","3131219","3131453","50","6782420","TTCGAGACCAGCTTGAACAAAAGTGAGACCCTATCTCTACTAAAAATAGAAAAATTAGCTGAAGGCACCTGTAGTCCCATCTATTCGGGAGGCTGAGGCAGGAGAATGGCTTGAACCCAGGAGTTTGAGGTTGCAGTGAGCTGTAATGATGCCACTGCAGTCTAGCCTGGGTGACAGAGTGAGACTCTGTTTCAAAAACAAAAAAAATAAAAAACAAAAA","TTCAAGATCAGCCTGGCCAAGATGGTGAAACCCCGGCTCTACTAACAATACAAAAATTAGCTAGGCACTGTGGCAGGCACCTGCAATCCCAGCTACTCGGGAGGCTGGGGCAGGAGAATTGCTTGAACCCGGGCAGCAGAGGTTGCAGTGAGCTGAAATGGTGCCACTGCACTCCAGCCTGGGTGATAGAGTGAGACTCCAACTTAAAAAACAAAAAACAAACAAACAAAAAAAA"
"KQ052969v1","2894151","2894221","JH378403","36815","36893","23","2857336","GGGAGTTACAGTAAGGACGCCACTGCACTCTGCTCAGGGAGACTGAGTGAGACTCTCTCAACAAAAACAAA","GGGGTTGCAGTGAGCCTAGATCGCACCATTGCACTCCAGCTTGGGTGACAGAGTAAGACTCAGTCTCAAAGAAAAAAAA"
"KQ052982v1","1216748","1216894","JH378133","7625508","7625665","34","6408760","CCTGTAATCCTAGCTCTCTGGGAGGCTGAGGCAGGAGAATCACTTGAACCCAGGAGTTGGAGGTGGCAGAGAGCTCTGATGACGCCACCATACTCTAGCCAGGGCGACAGAGCAAGACTCCAAAAAAAAAAAAAAAAAAGACAAGAA","CCTGTAATCCCAGCCACTTGGGAGGCTGAGGCAGGAGAATTGCTTGAACCCAGGAGGCGGAGGTTGCAGTGAGCCGAGAGTGCACCATTGCACTCCAGCCTGGGTGACAGAGCAAGACTCTGTCTCAAAAATAAAAGAAAAAAAAAGAAAATGAAAAA"
"KQ053004v1","3744930","3745008","JH378403","36815","36893","22","3708115","AGGTTGCAGTGAGCTGTGATGACGCCACTGTACTAGCCCAGGTGACAGAGTGAGACTCTGTCTAAAAAAAAAAAAAAAA","GGGGTTGCAGTGAGCCTAGATCGCACCATTGCACTCCAGCTTGGGTGACAGAGTAAGACTCAGTCTCAAAGAAAAAAAA"
"KQ053004v1","4816812","4816892","JH378403","36815","36893","22","4779997","GGTTACAGTGAGCTACGATGACACCACTGTACTCTGGCCAGGGCGAAAGAACAAGACTCAGTCTCAAAAAAAAAAAAGGAA","GGGGTTGCAGTGAGCCTAGATCGCACCATTGCACTCCAGCTTGGGTGACAGAGTAAGACTCAGTCTCAAAGAAAAAAAA"
"KQ053070v1","5405807","5405892","JH378291","2591618","2591703","28","2814189","GGTTGCAGCGAGCTGGATTGTACCCTGTACTCCATTCTCAGTCTAGGCAACAAACAGAATCTATCTCTAAAAAAAAAAAAAGAAAA","GGTTGTGGTCAGCAGAGAGCCTGCCATTGCACTCCAGCCTGGGCAACAGAATGAGACTTAAGTCTCAAAAAAAAAAAAAAAAAAAA"
"KQ053082v1","6721591","6721669","JH378403","36815","36893","28","6684776","GATTGCATGAGCTATGATGACAACACTGCATTTTAGTTTGGGTGACTGACAATCTATCTCAAAACATAACAAAACAAAA","GGGGTTGCAGTGAGCCTAGATCGCACCATTGCACTCCAGCTTGGGTGACAGAGTAAGACTCAGTCTCAAAGAAAAAAAA"
"KQ053108v1","395813","395947","JH378127","3375612","3375750","37","2979799","GGGAGGTTGAGGCGGGAGGATCACTTAAGGCCTGAGTTAGAGTGTTACTGTGAGATAATATAGTGCCACTGCACTCCAGCCTAAGTGACAGAGTGAGACTCTGTCTCCCAAAAAAGAAAAAAAGAAAGGAAAAAA","GGGAGGCTGAGGCAGGAGAATTGCTTGAACCCAGGAGGTAGAGGTTGCAGTGAACTAGGATTGTGCCACTGCACTCCAGTCTGGGTGACAGAGCGAGACACCATGTCAAAAAAGAAAAAGTAAAGAAAACAAAAAGAAA"
"KQ053115v1","1394410","1394486","JH378244","4434058","4434132","21","3039648","AACTGGGTTTAGTGGCTGGCATCTGTAATTCAGCTACTTGGAAGGCAAAGGCAGGAAGATTGCTTGAGCTCAGGAGG","GGTCGGGTATAGTGGCTCACATCTGTAATCCCAGCACTTTGGGAGGCCAAGGCAGGTGGATCACGAGGTCAGGAG"
"KQ053115v1","4826409","4826594","JH378146","10249648","10249836","51","5423239","AAAATAACAAAAAGAGCTGGGTGTGGTGGCTAGCACCCTATAATCCCAGCTCCTCGGGAGACTGAGGTGGGAGGATCACTTGAGCCTAGGTTGCAACGAGCCAGCCGTGATTACATCACTGCACTCCAGCCTGGGCAACAGAGTGAGAATCCATCTCAAAAAAATAAAATAAAATGACAAAAAGAA","TAAAAATACAAAAACTAGCTAGGTATGGTGGTGCACATCTGTAATTCCAGCTACTTGGGAGGCTGAGGCAGGAGAATCACTTGAATGTAGGAGGCAGAGGTTGCAGTGAGCCAAAATTGCACGACTGCACTCCAAAGTGGACAACAGAGCAAGACTTCATCTCAAAAAAAAAAAAAAAAGGAAAAAAAA"
"KQ053157v1","2321144","2321236","JH378403","36815","36893","30","2284329","CAGAGGTTTGCCTACTGAGCTATGATCACGCCACTACATTCCAGCCTGAGCAACAGAGCAAGACATCATTCCTCCCAAAAATAAGTAAATAAA","GGGGTTGCAGTGAGCCTAGATCGCACCATTGCACTCCAGCTTGGGTGACAGAGTAAGACTCAGTCTCAAAGAAAAAAAA"
"KQ053190v1","2236231","2236299","JH378403","36815","36893","26","2199416","GAGGTTGCAATGAGCTATGATGCTACTGTAGTCTAGCCAGGGTGACAGAGTGAGACTCTATCTTACAAA","GGGGTTGCAGTGAGCCTAGATCGCACCATTGCACTCCAGCTTGGGTGACAGAGTAAGACTCAGTCTCAAAGAAAAAAAA"
"KQ053190v1","5835675","5835731","JH378299","1098001","1098055","17","4737674","AGCCAGGTGTGGTGGCTAGTGCCTGTAATCCCAACTATTCAAGAGGCTGACAAGGGA","GCCGGGCGCGGTGGCTCAAGCCTGTAATCCCAGCACTTTGGGAGGCTGAGGCGGG"
"KQ053191v1","3041556","3041820","JH378106","32099945","32100235","83","29058389","GGCGCTGCGGTCAGTCTATTATCCAGCCCTCTGGGGCAAGAGGAGATGGCTTGAGGTAAGGAGTTCGAGACCGACTGAACAAGAGTGAACCGCCCCATCTCTACTAAAAAAAAAAATAGGCCCGCGTGGTGTGTACTCCTAGTCAGTACTCGGGAGGCTGGGCAGAGATCGCTATGAGCCAGGATGTGAGGTTGCTGTGGAGCTAGGCTGACGCACGCACTTAGCCAGGAACAGAGGAGATCTGTCTCAAAAAAAAAAACAATAA","GGTGCAGTGGCTCATGCCTATAATCCCAGCACTTTGGGAGGCCAAGACGAGTGGATCACGAGGTCAGGAGTTTGAGACCAGCCTGGCCAATATGGTGAAACCCCGTCGCTACTAAAAATACAAAAATTAGCCGGGCATGGTGGCTGGTGTCTGTAGTCTCAGCTACTCGGGAGGCTGAGGCAGGAGAATTGCTTGAACCTGGGAGGTGGAGGTTGCAGTGCGCCAAGATGCACCAGTGACTCCAGCCTGCATGACAGAGTGAGACTCCGTCTCAAAAAAAAAAAAAAAGAA"
"KQ053223v1","2825452","2825728","JH378137","4048187","4048471","68","1222735","GCCAGGTGTGGTGGCTCACGCCTATAATCCTAGCACTCTGGGAGGCTGAGATGGGTGGATTGCCCAAGGTCAGGAGTTCGAGACCAGCCTGAGCAAGAGCGAGAATCCAGGCATGGTGGCTGGTGGCCATGCCTGTAGTCCCAGCTACTCGGGAGGCTGAGGCAGGAGAATTGCCTGAGCCCAGGAGTTTGAGGTTGCTGTGAGCTAAGCTGACACCATGGCACTGTAGCCCGGGCAATGGAAGTGAGACTCTGTCTCAAAAAAAAAAAAAAAAAAA","GCTGGGTGTGGTGGCTCATGCCTGTAATCCTAGCAGTTTGGGAGGCCGAGGCAGGTGGATCACGAGGTCAGGAGTTCCAGACCAGCCTGACCAACCCCGACTCTGCTAAAAATACAAAAATTAGCCAGGTGTGGTGGTGGGTGCCTGTAATTCCAGCTACTCGGGAGGCTGAGGCTGGAGAACTGCTTGAATCCAGGAGGTGGAGGTTGCAGTGACCAGAGATCACACTGTTGCACTGTAGCCTGGGCAACAAAGTGAGGCTCTGTCTCAAAAAAAAAAAAAAAA"
"KQ053267v1","4102461","4102565","JH378124","22222371","22222482","33","18119910","CCCAGGAGGCCAGGTAACCTTCAGCTAAGACTGTACCACTGCTCTCCAGCCTGGGCTACAGAGCAAGACCCCGTCTCTATAAAATAAAAAAAAATTGTAAAAAAA","AAACTGGGAGGCAGAGGTTACAGTGAGCCAAGACCATGCCATCGCACTCCAGCCTGGGTGACAGAGCGAGACTCCGTCCCAAAAAATAAAATAAAAGTAAATAAACAGAAAA"
"KQ053299v1","4500502","4500643","JH378110","19929","20067","41","4480573","GGGCGCGGTGGCAGCTGACGCCTGTAATCCCAGTTCTCCTGGAGGCTGAGGCCGGAGGATCACTTGAGCCCAGGGGGATGGCACCACTGCACTCTAGCTGGGGCGACAGAGGGAGACTCTGTCTCCAAAAATAAATAAATAA","GCTGGGTGCAGTAGCTGACGCCTGTAATCCCAGCTACTCAGGAGGGTGAGGCAGGGAGGATTGCTTGAACACAGGAGGCAGAGATTGCACTCCAGCCTGGGCAACAGAGTGAGGCTCCACCTCAAAAAAACCAAAACAA"
"KQ053299v1","11388114","11388227","JH378144","7333546","7333661","26","4054568","CGCTTGAGCCTAGGAGTTAGAGGTTGTGGTGAGCTGTGATGATGCCACTCCACTCTACCCTAGGCAACAGAGTGAGACTCTTGTCACAAGAAAAAAAAAAAAAAAAAAAGAAAA","CTTGTACCCAGGAGAAGGAGGTTGCAGTGAGCCGAGATCATGCCACTGCACTCCAGCCTGGGCAACAGAGTGAGACTCTGTCTCAAAAAGGGGAAAAAATAAAAAAAAAAAAGAAA"
"KQ053310v1","2141870","2141945","JH378291","1747007","1747081","22","394863","TAAAAACATACAACTCCTAGCTGGATGTGGTGGCTGGCACCTGTATTCCCAGCAATTCAGGAGGCTGAGACAGGAG","AAAAAAACCAAAATTAGTCTGGTGTGGTGGTGCATGCCTGTAGCCCCAGCCACTCAGGAGACTGAGGCAGGAGAA"
"KQ053310v1","2626061","2626228","JH378113","33412355","33412497","61","30786294","GCTGAGTGCTGGGTGGCAACAGTGCCTATAGTCGGCTGGCTACTGGGGAGGATACTTCCGAGCCCAAGAAGTTGGGAGGTAACAGTGAGGGCTATGATCACACCTGAAACTGCACCTCCAGCCTGGGTGACCAGAGCAACACCTGTCCCTCTTAAAAAAATCAAAAAA","AGCTGGGTACAGTGGAAAGTGCCTGTGATGTCAGCTACTCCAGAGGCAGGAGAACACTTAAACCCAGAAGGTGGAGGTTTCAGTGAGCCGAGATCACACTGCCACTCCAGCCTGGGCAGCACAGCAATACTATCTCAAAAAAA"
"KQ053398v1","4291068","4291219","JH378112","25595866","25596016","35","21304798","GCCAGGTATAGTGGCTGAGATCTGTAATCCCAGCATTTTGGGAGGCTGAGGCAGAAGGATCACGTAAAGCCAGGAGTTCAAGGTTTACAATGAGCTAAGATCATGCCACTGAACTCTAGCCTGGGCACAGAGCAATACTTTGTCTCTAAAAA","GCCAGGTGCGGTGGCTTATGCCTGTAATCCCCACACTTTGGGAGGCTGAGGCAGGAGAATCATTTGAACCCAGGAGGTGGAGGTTGCAGTGAGCTGAGATCACGCCATTGCACTCCAGCCTGGGTAACAGAGCAAAACCTCTGCCTCAAAA"
"KQ053432v1","6225583","6225673","JH378115","33043429","33043515","18","26817846","TGAGCCTAGGAGTTGGAGGTTGCAGTGAGGTACGATCATGCCACTGCACTCCAGCCTGGGTGACAGAGTGATACTCTGTCTCAAAAAAAAA","ACCCAGGAGGTGAAGGTTGCAGTGAGCCGAGATCATGCCACTGCACTGCAGCCTGATGACAGAGCAAGACTGTGTCTCCAAAAAAAA"
"KQ053432v1","7650209","7650392","JH378109","48698905","48699066","63","41048696","CAGGAATTCAAGACCATCCTAAACAGGAATGACACCCTGTGTCTACTAAAAATAGAAAACTATCCAGGCATAGTGGCACGCCAGTAGGCAGGAGGATTGCTTGAGCCCAGGAGTTGGAGGTTGCAGTGAACTATGATGATGCCACTGTACTCTAGCCAGGTGACAGAGCAAGACTTTGTCTCAA","AAATACAAAAGTTAGCCGGGCAGGGTGGCAGACACCTGTAATCCCAGATACTCAGGAAGCCGAGGCAGGAAAATTGCTTGAACCCGGATCGTGGAGGTTGTAGCGAGCTGAGATGGCACCACTGCACTCCAGTCTGGATGACAGAGCAAGACTTTGTCTCAA"
"KQ053498v1","5866766","5866863","JH378199","1702755","1702851","33","4164011","TCTTTTAAAAATGTAAAAACTGAGCTGGATAGTGGGGGATGCCTGTAATTCTAGCTACTTAGGAGGCTGAGGCAGCAGAATCACATGAAACCCAAGAG","AAAATTACACAATCTCTAGGCCGGGTGCATTGGCTGACATCTGTAGTCCCAGCTACTTGGGAGGCTGGGGCAGTAGAATCACTTGAACCCAGGAGGC"
"KQ053520v1","4931690","4931822","JH378213","3731490","3731620","37","1200200","CAGGAAGCTGGAGGGCAGGAGGATCACTGACCCCACGGAGCTGAGGGTTGCAATAAGCTTATGAATCATGCCACCACATCTACTGGGCGACAGAGTGAGACTCTGTCTCAAAAAAAAACAAAAAAAAAAAAGA","CAGGAGGCTGAGGCAGGAGAATTGCCTGAACCCAGGAGGCGGAGGTTGCGGTGAGCCGAGATCGCGCCATTGCACTCCAGCCTGGGTAACGAGCGAAACTCCGTCTCAAAAAAAAAAAAAAAGAAAAAAAA"
"KQ053576v1","545839","545944","JH378177","6804658","6804770","32","6258819","GGCTGGGCCTATAATCCCAACACTTTGGGAGGCCCAGGCAGGAGGATCACTTGAGGCCACGAGTTAAGACCAGCCAGGACAACATAGCGAAACTCCCTGTCTCTAA","GCATGGTGGCTCACACCTGTAATCCCAGCACTTTGGGAGGCTGAAGCAGGTGGATCACAAGGTCAGGAGTTTGAGACCAGCCAGACCAATATGGTGAAACCCCGTCTCTACTA"
"KQ053631v1","6933614","6933759","JH378133","7625508","7625665","41","691894","GCTCGTAATCCTAGCATTCTGGGAGGCCAAGGTGGGATGCTTCAGCTCAGGAGTTTGAGGTTGCAGTGAGGAGATGATACCACTGCACCCTACCCAGGACAACAGAGCAAGACTCTTCTCCAAAAAAAAAAAAAAAAAAAAAAAGA","CCTGTAATCCCAGCCACTTGGGAGGCTGAGGCAGGAGAATTGCTTGAACCCAGGAGGCGGAGGTTGCAGTGAGCCGAGAGTGCACCATTGCACTCCAGCCTGGGTGACAGAGCAAGACTCTGTCTCAAAAATAAAAGAAAAAAAAAGAAAATGAAAAA"
"KQ053643v1","999947","1000000","JH378116","37150108","37150156","24","36150161","GGAGGTTGCATGAGGTAAGTTAGCACCACTGCACTGCGGCCTGGGTGACAGAGC","TTAGCTGCATGTGGTGGCAGATGCCTGTAATCCCAGCTACTTGAGAGGC"
"KQ053654v1","4072652","4072750","JH378199","1702755","1702851","28","2369897","AAAAACTTATAGAAATATAGGGACCCAGTGGGGCTGGGCGAGCCTGTAATTCCAGCTACTTGGGAGGCTGTGGCAGGAGGATCACTTGAATCTAAGAGG","AAAATTACACAATCTCTAGGCCGGGTGCATTGGCTGACATCTGTAGTCCCAGCTACTTGGGAGGCTGGGGCAGTAGAATCACTTGAACCCAGGAGGC"
"KQ053696v1","3728263","3728353","JH378232","2076455","2076546","19","1651808","AGGCACGAGGTTGCAGTGAGTTAAGATGATGCTACTGCACTCTAGCCTGGGCAACAGAGCAAGAGTCTGTCTCAAAAAAAAAAAAAAAAAA","GCAGAGGTTGCAGTGAGCCAAGATGGCGCCACTGCACTCTAGCCTGGGCGACAGAGGGAGACTGTGTCAAAAAAAAAAAAAAAAAAAAAAAA"
"KQ053741v1","712850","713068","JH378157","6602787","6602970","74","5889937","GGCCAGGCACTGTGGCTCATGTCTGTAATCCTAGCACTCTGTAATCCTAGCACTCAGGGATAGCCAGTTGTACCAGGGGGTGGGGTTAGGGGAGGGGGAAGGAAGTTCAAGAGTAGACTGAGCAAGAGTGATACCTCTTCTCTACAAAAAAATAGAAAAATTAGCTGGGCTCAGTGGCATGTGCCTGTAGTCCCAGCTGTTGCAGGAGGAGAAGGAGGA","GGCCGGGCGCGGTGGCTCATGCCTGTAAACCCAGCACTTTGGGAGGCCAAGGAGGGTGGATCACAAGGTCAGGAGTTCGAGACCAGCCTGGCCAAAATGCTGAAACCCCATCTCTACTAAAAATACAAAAATTAGCTGGGCACAGTGGCACGGGCCTGTAATCCCAGCTACTCAGGAGGCTGAG"
"KQ053752v1","7992976","7993052","AGCE01150435","1209","1288","29","7991767","AAAAAGCAGCTTAGTGCAGGGGTGAGCTCCTGCCTTCCTAGCTAATCAGGAGGCGGAAGGATTGCTTGAACCCAGGA","AATCAGCCAGGTGCGTTGGTGTGTTCCTGTAATCCCACCTGCTCAGGAGGCTGCGGCAGGAGAATCGCTTGAACCCGAGA"
"KQ053850v1","2065757","2065960","JH378123","22179540","22179745","48","20113783","CAGCTTGAGCAGGAGGGAGACCCCGTTTCTACTAAAAATAGAAAAATTAGCCAGGCGTGATGGTGGCAACTATAGTCCCAGCTACTCGGGAGGCTGAGGCAGGAGAATCGCTTGAGCCCAGGAGTTGGAGGATGCAGTGAGCTGTAATGACACCACTGCATTCCAGCCTGGGTGTCAGAATGAGACCCCATCTCTTAAAAAAAA","ACCAGCCTGGCCAAGATGGTGAAACCCCATGTCTACTCAAAATACAAAAATTACCAGGTGTGATGGCGATGCCTGTAATTCCAGCTGCTCGGGAGGCTGAGGCAGGAGAACTGCTTGAACCTGGGAGGTGGAGGTAGCAGTAAGCTGAGATCTCATCACTGTACTCCAGCCTGGGTGACAGAGCCAAGACTCCATCTCAAAAAAAA"
"KQ053935v1","3852","4009","JH378256","1762139","1762297","41","1758287","GCCGGGCATTGGGCTGCAGTCCCAGCTACTCGGGCAGCTGAGGGCAGGAAGGATCACTTGACCCAGGGAGGTGGAGGTGGCATGTGAGCAGAGGCTCAGACTGCCACGGCACTGCAGCTCAGGAGACAGAGCAGGACTGTCTCAAAAGAAAAAAAAAA","GCCAGGCGCAGTGGTGTGTGCCTGTAATTCCAGCTACTCAGGAGGCTGAAGCAGAAGGATCACTTGTATCCAGAAGGGGGAGTTTGCAGTGAGCTGAGATCATGCAACAGCACTCCAGCCTGAGCAACAGAGCAAGACTGTCTCAAAACAAAAACAAAA"
"KQ054068v1","2014487","2014575","JH378135","15203311","15203398","26","13188824","GAGGTTGCAGTGAGCTAACAATGATGCTATTGCTCTACAGCTGGGGTGACAGAGCAAGACTCGTTCTCAAAAAAAAATTAAAAAATAAA","GAGGTTGCAGTGAGCTGAGATGATGCCACTGCACTCCAACCTAGTTGACAGAGTAAAAAAAAAAAAAAAAAAAAAAAAAAAAAAGAAA"
"KQ054069v1","175436","175478","JH378145","6425113","6425150","21","6249677","TCCCACTGCTACTTGGAAGGCTGAGGCAAGAGCATTTCTTTCT","ACTAGCCTGGCCAAGATGGTAAAAGCCCATTTCTACTA"
"KQ054069v1","6707169","6707319","JH378151","4901285","4901428","54","1805884","CTACTAAAAATTTAAATGACAGGCGTAGGTTGGGCGAGGTGGAGGTGGTAATCCTAGCACTTTGGGAGAACGCGCCAGGAGGATCGTTTGACGCCCAGGAGGTGTACCGTTGCAGTGAGCCTATGATGCCACTGCCTCCAGCGTGAGCCAC","AAAATACAAAAATTAGCCAGGCACGGTGGCGGATGCCTATCATCCCAGCTACTCAGGAGGCTGAGACAGGAGAATCCCTTGAACCCGGGAGGTGGAGGTTGCAGTGAGCCGAGATTGTGCCACTGCGCTCCTGCCTGGACAACA"
"KQ054091v1","552850","553003","JH378144","18256735","18256895","43","17703885","GGTGTAGGGGCTGGTGCCTGTAATCCTGGCATTTGGGAGGCTGAGGTGGAAGATCACTTAAGCCTAGGAGTTGGAGGTTGCAGTGAGCTAGGATGATGCTGTTGCACTCTAGACCAGATGACAGAGCAAGACCCTGTCTGAAAAAGAAACAAAA","CCAGGTGGAGTGGCAGGCACCTGTAATCCCAGCTACTTGGGAGGCTGAGGCAGGAGAATCACTTGAACCTGGGGGTGGAGGTTGCAGTGAGCCAAGATCATATCACTGCACTCTAGCCTGGACAACAGAGCAAGGCTACATCTCAAAAAAAGAAAAAAAAA"
"KQ054145v1","5687","5831","JH378119","33969013","33969148","55","33963326","GTGGTGGCAGCTGTTACCCGCTGGCTGGAGGGGAGGGCAAGGAGGATCGCTAACCCAGGATTTAGGCTGCAGTAACTATGACTGAATCACTGGGCATTTCCATCCTGTACATAGCAAACCCCTTCTCCCAAAAAAAAAAAAAAAA","ATCCCAGTTACTCTGGAGGCTGAGGCAGGAGAATCCCTTGAACCCAGAAGATAGAGGTTGCAGTGAGCCGAGATTGCACCTGCACTTCAGCCTGGGCAACAGAGTGAGACTCTGTCTCAAAAAAAAAAAAAAAAAA"
"KQ054146v1","2273319","2273454","JH378149","10709003","10709139","40","8435684","CCTGTAACTGGGCCACAACAGGAAGCTGCAGAGGAGGAGCACTGGAGCCTAGGAGATGGAGGATAGGGACTATGATCACACCACTGAAATCCAGACTGGGTGACAGAGTGAGACACTATCTCAAAAGAAAAAAAAA","TATAATCCCAGCTACTTGAGAGGCTGAGGCAGGAGAATCGCTTGAACCTGGGAGATGGAGGTTGCAGTGAGCCAAGATCATGCCACTGCACTCCAGCCTGAGTGACAAAGTGAGACTCTGTCTCAAAAAAATAAAAA"
"KQ054146v1","2276720","2276858","JH378149","10709003","10709139","38","8432283","CCTGTAACTGGGCCACAACAGGAAGCTGCAGGAGGAGGAGCACTGGAGCCTAGGAGATGGAGGCTACGGGAGCTATGATCACACCACTGAAATCCAGACTGGGTGACAGAGTGAGACACTATCTCAAAAGAAAAAAAAA","TATAATCCCAGCTACTTGAGAGGCTGAGGCAGGAGAATCGCTTGAACCTGGGAGATGGAGGTTGCAGTGAGCCAAGATCATGCCACTGCACTCCAGCCTGAGTGACAAAGTGAGACTCTGTCTCAAAAAAATAAAAA"
"KQ054160v1","3731","4018","JH378143","134461","134738","101","130730","GGCCGGCCCTGTGCCGCTGCTCACCGGCCCTATAATGCCTGGCACTTGGAGGCCCAGTGTAGTTTGAGACCATGCTCTTGTCAGATATTGATGTTTCCTTGCCTCTTTCTTACAAAAAATTACAAAAATTTATGTCTGGGCGACGGTGGCTGGCAGCTGTAGTCCCCAGCTTCTCAAGGAGCTGAAGCAGCGAGGAGGTCATTGAGCTCCAAGGAGTTTGAGGCTGCAGTGACAAATGATGATGCCTCCTGGCGGCAGTAACTAGACTGTGCCTAAAAAAACAAAAAA","GGCCAGGCACAGTGGCTCACACCTGTAATTCCAGTGCTTTGGTAAGCCAAGGTCAGGAGTTTGAGACCAGCCTGGCCAAGATGGTGAAACCCTGTCTCTACTAAAAATACAAAAATTAGCTGGGCACGGAGGTGGGCACCTGTAATCCTAGCTACACGGGAGGCTGAGGCAGGAGAATCACTTGAACCCAGGGGGCAGAGGTTGCAGTGAGTGGAGAATGTGCCACTGCACTCCAGCCTGACCGACAGTGTAAGACTCCATCTTAAAAAAAAAAAAAA"
"KQ054168v1","1064922","1064975","JH378146","10246343","10246392","18","9181421","ATACAAAAATTTAATATAGGTGGGTGCAGTGGCTCTTGCCTGTAATCCCAGCTA","AAAAAAACAAAAGTTAGGCGGGCACAGTAGCAGGCACCTGTAATCCCAGC"
"KQ054401v1","1697175","1697333","JH378120","31598728","31598891","38","29901553","CAGGCACAGTGGTGAGGCGCCTGGGTGGCCCAGCTACTTGGGAGGCTGAGGTGGAGAATCCTTGAGCCCAGGAGTTGGAAGATGTAGTGAGCCAGATTATGCCACTGCACTCTAGCCAGGTGAAAGAGTGAACTCTGTCTCAAAAAAAAAAAAGAAAAA","AGCCGGCACGGTGGCAGGCGCCTGTAATCCCAGCTACTCAGGAGGCTGAGACATGAGAATCACTTGAACCCGGTGTGGCAGAGATTGCAGTGAGCCGAGATTGTGCCACTGCACTTCAGCCTGGGTGACAGAGTGAGACTCCATCTCAAAAAAGAAAAAAAAAA"
"KQ054401v1","3256434","3256598","JH378145","6404592","6404746","49","3148158","CTGTTAAAAAAAAAATTAGCTGGGTGTAGTGGTCCAGCAACTTGGGAGGTTGAGATGGCAGAATCACTTGAGCCCAGGAGTTGGAGGTTACAGTGAGCTACGATGGCACCACTCATTGCACTCCAGCCTCTGTGACAGAGCAAGACTCTGTTTCTAAAAAAAAAA","GCTGGGCACAATGGCTTACGCCTGTAATCCCAGCACTTCAAGAGGATGAGGTGAGAGGATCACTTGAGCCTGGGAGGCAGAGATTGCAGTGAGCCAAGATCACACCACTGCACTCCAGTTTGGGTGACAGAGCAAGACTCTGTCTCAAAAAGAAA"
"KQ054510v1","3070193","3070357","JH378105","57433121","57433286","56","54362928","TACAAAAATTAGCTGCGGCAGGGGCAATGCCTTGTGATCCCAAGGCTACTCAGCGAGGAGATGGTTGGCGGATCCCTTGAGCCCTAGTGTTCGGAGGTAACAAGTTAACTGTGATGATGCCACTGCACTCCAGCCAGACAGTACTTTGTCTCTTAAAAAAAAAAA","AATAGAAAAATTAGCTGGGTGCCGTGGCAGGCACCTTTAATCTCAGCTACTCAGGAGGCTGAGGCAGGAGGATCGCTTGAACCCGGGAGGCGGAGGCCGCAGTGAGCCGAGACTGCACCCCTGCGCTCCAGCCTGGGTCACAGAGACTCTGTCTCAATAATAAAAA"
"KQ054510v1","9843410","9843577","JH378267","2026883","2027049","32","7816527","ATTAGCCAGGCATAGTGGTGTGCCTGTAATCCCAGCTACTGGGGAGGCTGAGGCAGGAGGATTGCTTGAACCGGAGCTGGAGGCTGGAGTGAGCTATGATCATGCCACTGCACTCCAGACCTGGCAACAGAGTGAGGCACTGTCTCTAAAATAAATAAGTAAATAAAA","AATTAGCCAGGTGCAGTGGCAGGTGCCTGTAATCCCAGCTAATCGGGAGGCTGAGGCAGGAGAATCACTTGAACCTGAGAGATGGAGGCTGCAGTGAGCCAAGATAATGCCACTGCACTCCAGCCTGGGCAACAGAGTAAGACTTCATCTCAAAAAAAAAAAAAAAA"
"KQ054565v1","1626271","1626328","JH378116","37150108","37150156","18","35523837","AATTAACTGGATACAGTGGCATGTGCCTGTAAACCCAGCTACTCCAGAGGCTGAGGCA","TTAGCTGCATGTGGTGGCAGATGCCTGTAATCCCAGCTACTTGAGAGGC"
"KQ054638v1","395362","395640","JH378110","11912094","11912378","99","11516732","GCCAGACATGATGGCTCACACCTGTCAATCCGCCGCGCCTCTTGCGTCGCGGAGGCGGCTGGGGCGGAGATCAGGAAGGATCAGTTGACGGCCAGGGAGTTTGGACCTCTTTCTCTATTCTATAAAATAAATTAGCTAGGGACATACAGGTCCCTCAACTACTCTGGGGCTAAGGGGTGGGAGGGATAATTGCTTGAGCTCGAGTTTGAGGCTGCAGTATACTGTGATGGTGTCACTATACTCCAGCCTGGGCAAGAAGTAAAACTCCCATCTCTAAAA","GGCCAGGCACTGTGGCTTACACCTGTAATCCCAGCCCTTTGGGAGGCTGAGGTGGGTGGATCACAAGGTCAGGGGTTTGAGTCCAGCCTGGCCAAGATGGTGAAACCCCGTCTCTATTAAAAATACAAAAATTAGCCAGGGGTGGTGGAAGGTGCCTGTAGTCCCAGCTACTCAGGAGGCTGAGGCAGGATAATTTCTTGAACCCAGGAGGCAGAGGTTGCAGTGAGCCAAGATTGTGCCACTGTACTCCAGCCTGGGCAATAGAGCAAGACTCCATTAAAAAAA"
"KQ054693v1","2252460","2252562","JH378232","2076455","2076546","32","176005","ACCCGAGGCTGAGGATTTTACAAAGAAAAGAGATTTGGCCAGGCACTCACTCTAGCCTGGGCAACAAAGTGAGACTCTGTCTCAAAAAAAAAAAAAAAAAAAA","GCAGAGGTTGCAGTGAGCCAAGATGGCGCCACTGCACTCTAGCCTGGGCGACAGAGGGAGACTGTGTCAAAAAAAAAAAAAAAAAAAAAAAA"
"KQ054693v1","3122129","3122315","JH378303","552719","552908","50","2569410","CCCTGTCTCTACTAAAAATGGAAAAATTAGCCAGGTGTCACCTGTAGTCTCAGCTACTCGGGAGGCTGAGTCAGGAGGATCTCTTGAGCCCAGGAGTTGGAGATTGCAGTGAGCTATGATGATGACGCCACTGCACTCTACCCGGGGTGGCAAAGCGAAGACTCCATCTCAAAACAAACCAAAGAAA","GAAACCCTGTCTCTACTAAAAATACAAAAATCAGCCAAGCACAGTGTCGGGCACCTGCAATCCCAGCTACTCAGGAGGCTGAGGCAAGAGAATCGCTTGAACCCAGGAGGCAGAGGTTGCAGTGAGCAGAGATCACACCACTGCACTCCAGCCTGGGCAACAGAGCAAGACTCCGTTTAAAAAAAAAAAA"
"KQ054724v1","1448082","1448137","JH378123","29220765","29220818","12","27772683","GACCAGCCTGAGCCAAGAGTGAGACCCTATCTCTACTAAAAATAAAAAAATTAGCC","GACCAGCATGGCCAAGATGGTGAAACACTGTCTCTAATAAAAATACAAAAATTA"
"KQ054827v1","2377691","2377794","JH378232","2076455","2076546","31","301236","GAACCCAGGAGTTGGAGGTTGCAATGAACTATATGATGCCACTGCACTGTACTCTGGCTGACAGAGGAAGGAGATTCTGTCTCAAAAAAAAAAAAAAAAAAAAA","GCAGAGGTTGCAGTGAGCCAAGATGGCGCCACTGCACTCTAGCCTGGGCGACAGAGGGAGACTGTGTCAAAAAAAAAAAAAAAAAAAAAAAA"
"KQ054933v1","779456","779549","JH378110","32299310","32299405","21","31519854","AAGTTGCAGGAATCAAAAAAGTGGCATTCACTCTAGCCTGGGCAACAAAGTGAGACTCTGTCTCAAAAAAAAAAAAAAGAAAGAAAGAAAGAAA","GGTTGCGGTGAGCCGAGATCGCGCCATTGCACTCCAGCCTGGGTAACAAGAGTGAAACTCCGTCTCAAAAAAAAAAAAAGAAAGAAAGAAAAAGAA"
"KQ054943v1","2115318","2115448","JH378113","10548572","10548691","37","8433254","TTGGGAGGCTGAGGCAGGAGGATCGCCTAAGCTCAGGAGTTGGAGGTTTAAGTGAGCTCAGTGAGATCACATCACCACACTTCAGCTTGGGTGACAGAATGAGAGCCTGCGTCCAAAAAGAAAAAAGAAAA","GGAGGCTGAGACAGGAGAATTGCTTGAACCCAGGAGGCGGAGGTTGCAGTGAGCCGAGATTGTGCCACTGCACTCCAGCCTGGGCGACAGAGCGAGACTGTGTCTCAAAAAAAAAAAAAA"
"KQ055035v1","2692030","2692344","JH378136","17873441","17873708","113","15181411","GCACTTTGGGAGGGGCTTGTTGGGCAGGTGATGTCTTAAGGCCCAGGGGGAAGTTCGAGAATCAGCCTGGCAAGAAGGCAAGACACCATCTTCTACCAAAAAAAATCAGGTAAGGGGCACCAACGGAAAGTGTGTTTTTTGTAGTTTCCAAGGCTTTACCTTTTCCAGGGAGGCTGGAGGAAGAAAGGAGGCACTATTGAAGCCCCAGGGGTTTGAGATTGCAGGTGAAAGCTATTTTTTAATAATGCTATTGCCCACCTTCTAGCCTGGGCAAAAAAGCCAGACCCTCTCTCAAAAAAAAAAAAAAAAAAAGAA","ACTTTGGGAGGCTGAGGCAGGTGGATCATGAGGTCAGGAGTTCAAAACCAGCCTGGCCAAGATGAGGAAACCCCATCTCTACTAAAAATATGAAAAATTAGCCAGGTGAAGTCGCAGGTACCTGTAATCCCAGCTACTCAAGAGGCTGAGGCAGGAGAATCACTTGAACTCAGGAGGTGGACGTTGCAGTGAGCTGAGATTGCGCCATTGCACTCCAGCCTGGACAACAGAGCTAGACTCCGTCTCAAAAAAAAACAAAAACAAAAAA"
"KQ055097v1","2028213","2028306","JH378197","374009","374104","21","1654204","AGGTTTCATTGAGCCATGATTGTGCCACTGCACTCCAGCCTGGGTAACAGGGCTAGACTCTGTCTCAACAACAACAACAACAACAACAAGAAAA","AGGTTGCAGTGAGCTGAGATTGCGCCACTGCACTCCAGTCTGGGGAACAGAGCGAGACTCTGTCAAAAAAAACAAAAAAACAAAAAAAAAAAAAAA"
"KQ055119v1","3628802","3628869","JH378403","36815","36893","28","3591987","GAGGTTGTAGTGATCTGTGATGTCACTGTACTCTACCTGGGGCAACAGAGCAAGCCTCTGTCTCAAAA","GGGGTTGCAGTGAGCCTAGATCGCACCATTGCACTCCAGCTTGGGTGACAGAGTAAGACTCAGTCTCAAAGAAAAAAAA"
"KQ055247v1","7299504","7299775","JH378328","168464","168734","86","7131040","TAATCCTAGAACACCTCTGGAGAAGCCAAGGCGAGAGGATCACTTGGCTCAGGAATTTGAGACCACCCTGAGCAAGAGCGAGTCTCTGTCTCTTACTAAAAATAAGCAAAACAATAGCTGGCATCGGTGGGCGCCTGTAGTTCCTAGCTAATTGGGACTGGATGGGAGGATAGCTTGAACCCAGGCAGTTGATGTTGCAATGAACTAAATGATGCCATCTGTACTTGTTGGCAGAGTGACAGATGGAACTCTGTCTTCAAAAAAAAAAAAAA","TAATCCCAGCACTTTGGGAGGCCGAGGCAGGTGGATTGCAAGGTCAGGAGTTTGAGACCAGCCTGGTCAAAATGGTGAAACCCTGTCTCTACTAAAAATACAGAAATTAGCTGGATGTGGTCGCAGGCACCTGTAGTCCCAGCTACTTGGTAGGCTGAGGCAGGAGAATTGCTTGAACCTGGGAGGCAGAGGCTGCAGTGAGCCGAGATTGCGTCACTGTACTCCAGCCTGGCGACAGAGCCAGACTCTGTCTCAAAAAAGAAAAAAAAGA"
"KQ055267v1","749735","749838","JH378197","374009","374104","28","375726","GAGGCTGAGGTAGGTAACTATGATTGCACCACTGCATTCCAATCAGCCTGGGAAACAGAGCAAGATTCTATCTTCAAAAAAAAAAAAAGAAAAGAAAAGAAAAA","AGGTTGCAGTGAGCTGAGATTGCGCCACTGCACTCCAGTCTGGGGAACAGAGCGAGACTCTGTCAAAAAAAACAAAAAAACAAAAAAAAAAAAAAA"
"KQ055309v1","1433305","1433424","JH378113","31627188","31627312","24","30193883","GGAGGATCGCTTGAACTCAGGAGTTGGAGGTTGCATCGAGCTGTGATCACACCACTGCACTCCAGCCTGGGCAACAGATGAGACTCTGTCTCAAAAAAATAAAGAAAGAAATAAAGAAAA","GGAGAATCGCTGGAACCTGGGAGGCAGAGGTTGCAGTGAGCTGAGATCACGACACTGCACTCTAGCCTGGGCAACAGAGTGAGACTCTGCCTCCAAAAAAACAAACAAAGCAAAAGAAACAAAAA"
"KQ055352v1","6314441","6314525","JH378128","11101313","11101385","25","4786872","TAATAAAAATACAGACAATAAGACTTGTAGCCTGGCCCAGTGGCGTGCTCTGAAATCCCAGCTACTCCGGAGGCTGAAGTGGGAG","AAAAAAAAAAATATTGGCTGAGCACGGCAGCATGTGCCTGTAATCCCAGCTACTCAGGAGGCTGAAGCAGGAG"
"KQ055394v1","4617303","4617388","JH378232","2076455","2076546","21","2540848","AGGTTGCAGTGAGCTGTGATGACACCACTGCACTCTACCTGGGGCAACAGAGTGAGACTCTGTCTCAAAAAATAAATAAAATAAAA","GCAGAGGTTGCAGTGAGCCAAGATGGCGCCACTGCACTCTAGCCTGGGCGACAGAGGGAGACTGTGTCAAAAAAAAAAAAAAAAAAAAAAAA"
"KQ055457v1","1176580","1176722","JH378137","4343324","4343463","39","3166744","TACTAGGGAGGCTGAGGCAGGAGGATCATATGAACTCAGGAGTTAGAGGCTACAGTGAGCTGTAAATAGTACCACTGCACTCCAGCCTGGGGAACAGTATGAGACTCTCTCTCTATTTAAAAAAAAATAGGGGGGAAAAAAAA","CTACTCAGGAGGCTGAGGCAGGGAGAATCACTTGAACCCGGGAGGCAGAGGTTGTGAGCCAAGATCATGCCACTGCACTCTAGCCTGGGCAACAGAGAGAGACTCATCTCAAAAAAAGAAAAAATAAAAAAGAAAAAAAA"
"KQ055457v1","1184120","1184262","JH378137","4343324","4343463","39","3159204","TACTAGGGAGGCTGAGGCAGGAGGATCATATGAACTCAGGAGTTAGAGGCTACAGTGAGCTGTAAATAGTACCACTGCACTCCAGCCTGGGGAACAGTATGAGACTCTCTCTCTATTTAAAAAAAAATAGGGGGGAAAAAAAA","CTACTCAGGAGGCTGAGGCAGGGAGAATCACTTGAACCCGGGAGGCAGAGGTTGTGAGCCAAGATCATGCCACTGCACTCTAGCCTGGGCAACAGAGAGAGACTCATCTCAAAAAAAGAAAAAATAAAAAAGAAAAAAAA"
"KQ055619v1","157190","157332","JH378291","2674771","2674885","48","2517581","GGTGCCTCCCGGCCTGTCACCCCAGCACTCTGGCTGAGGCCCGAGGAGGGAGGCATCTCCCTGGAGAGGTCAGGAGGTGGAGGCCAGCCCTGGAGCAAGACTGAGACCCCGTCTCTACTAAAAAAATAGCAAAGAATAATCGG","TGGCTCACGCCTGTACTCCCAGCAGTTTGGGAGGCCGAGGAGGGTGGATCACAAGGTCGGGAGTTTGAGACCAGCCTGGCCAATGTACTGAACCCTTGTCTTTAAAAAGAAAAAA"
"KQ055706v1","102231","102383","JH378106","32950671","32950833","39","32848440","TTAGCAGGGTGTGGTAGCTGGATCTTGTAATGCCAGCTACTCGGCAGGCTGAGGCAGGAGGACTGCTTGAGCCCAGGAGGTTGCAGTGAGCCAAGATCACACCACTGCTCTCCAGCCTGGGAGTCAGAGCGAGTGTCTGGAAAAAGAAAAAAA","TTAGCCAGGCGCAGTGGCTGACGCATGTAATCTCAACTCCTCGGGAGGCTGAGGCAGGAGAATTGCTTGAACCCGGGTGGCAGAGGTTGCAGTGAGCCAAGATCGCACCACTGCACTCCAGCCTGGGCAACAGAGTGAGACTCTGGCTCAAAAAAAAGAGAAA"
"KQ055725v1","1639256","1639344","JH378232","2076455","2076546","23","437199","AGGTTGTAGTGAGCTACAATGATGCCACTGAATTCTATGTAGGGCAGCACAGAGAGACTCTGTCTTAAAAAAAAAAAAAAAAAAAAAAA","GCAGAGGTTGCAGTGAGCCAAGATGGCGCCACTGCACTCTAGCCTGGGCGACAGAGGGAGACTGTGTCAAAAAAAAAAAAAAAAAAAAAAAA"
"KQ055735v1","1369617","1369749","JH378188","9057866","9058009","30","7688249","CAGCTACTCAAGAGGCTGAAGCAGGAGCTTGAGCCCAGGAGTTGGAGGCTGCAGTGAGCTAAGACTGCTCCCTGCACTCCAGCCTGGGTGACTGAGTGAGACTCTGTCTCTAAAAAACATTAAAAAATAAAAA","CCCAGCTACTAAGGAGGCTGAGGCAGGAGAATTGCTTGAACCCAGGAGGTGGAGGTTGCAGTGAGCCAAGATCGCGCCACTGCACTCCAGCCTGGGCGACAGAGTGAGACCCCGTCTCAAAAAACAAAACAAAACAAAATAAAA"
"KQ055924v1","1027233","1027391","JH378139","9836244","9836409","43","8809011","GCTGGGCGCGACAGCACCTATCATCCCAGCAGTTTGGGAGGCTGAGGTGGGCGCACTGCTGGAGCCTGGGAATCAGAGGCTGTGGGGAGCTGAGATGGGCCGCTGCACCCCAGCCTGGGTGACAGAGAGGGACCCAGTCTAAAAAGAAAAAAGAAGAAA","TAGCTGGGCACGGTGGCATGCACCTGTAATCCCAGTTACTTGGGAGGCTGAGGCTGGAGAATTGCTTGAACCTAGGAGGCAGAGGTTGCAGTGAGCCAAGATCATGCCACTGCACTCCAGCCTGGGTGACAGAGAGAGACTGCATCTCAAAAAAAAAAAAAAAAAA"
"KQ055946v1","899570","899676","JH378197","5359822","5359914","31","4460252","GGCCAAGGCAGGAGGATCAGTTGAGCCTGGGAGTTGGAGGCTTTAGTGAGCTGTCACGCACTCCAGCCTGGGTGACAGAGTGAGACTCCACCTCTAAAACAAAAGAA","AACCTGGCAGGTGGAGGTTGCAGTGAGCTGAGATTGTGCCACTGCACTCCAGTTTGGATGACAGAGTGAGACTCCACCTCAAAAAAAAAAAAA"
"KQ055968v1","402101","402258","JH378115","32283831","32283993","49","31881730","GCCTGGCGCGGTGGCTGGTGCCTGTGACCCCAGCACTCTGGGAGGCTGAGGCGGGAGTTTGAGGTGCAGTGCTGATGCCACTGCACTCCAGCCTGGGGACAGAGTGAGACTCTGTCTCAGAAAACAAAACAAAACAAAAAAAAAAACAAAAACAAAAA","GTAATCCTAGCTACTTGGGAGGCTGAGGCAGTAGAATCACCTGAACCTGGGAGGCAAAGGTTGCAGTGAGCCAAGATTGTGCCATTGCACTCCAGCCTGGGCAACAGAGCAAGATTCTGTCTCAAAAACAAAACAAAACAAAACAAAATAGAACAAAACAAAA"
"KQ055978v1","3826175","3826466","JH378111","32622018","32622311","68","28795843","GGCTTGGCATGGTGGCTCACACCTGTAATCCTAGCATTCTGGGAGGCCAAGGTGCTTGAGGTCAGGAGTTTGAGACCAGCCTGAGCAAGAGGGAGACCCCCATCTCTACTAAAAATAGAAAAAGGTTAGCCAGGGCCAGTGGTCCTCACCTATAATCCTAGGTACTTGGGAGGCCAAGGTAGGAGGATCACTTGAGCCTGGGAGTTAGAGATTGCCATGAGCTATGATGATGCCACTGTACTCCAGCTGGGGTGACAGATTGAGAGACTCTGTCTCCAGGAAAAAAAGAAAA","GACTGGGCATGGTGGCTCATGTCTGCAATCCCAGCACTCTGGGAGGCTAAGGCGGGTGCTGACCACGAGGTCAGGAGTTGGAGACCAGCCTGGCTAACATGGTAAAACCCTGTCTCTCCTAAAAATACAAAAATTAGCCAGGTGCGGTGGTGGGTGACTGTAATCCCAGCTATTTGGGAGGCTGAGGCAGGAGAATCACTTGAACCTGGGAGGCAGAGGTTGCAATGAGCCAAGATTGTGCCACTGTACTCCAGCCTGGGTGACAGAGCAAGACTCTGTCTGGAAAAAAAAAAA"
"KQ056005v1","602985","603030","JH378211","5553425","5553469","10","4950440","GCCAGGCACGGTGGCCAGCGCCCGTGATCCCAGCTATTCAGGAGGC","GTCAGGCACCGTGGCTTGCACCTGTCATTCCAGCTACTCAGGAGG"
"KQ056147v1","1274961","1275164","JH378177","3045941","3046115","74","1770980","AAAATGCTAGGCGTGGTGGTGAGTGCCTGCCATCTCAGCTACTTGGGAGGTGGAAGAAGGAGAAGAGCTTCTGTTCAGCGCTTCGGGACGCTGTAGGCAGTTGGGAGATGGATTGAGCAAGTAGTTGAGTTGCAGTGAGCTACAATGGCAGCGCTGCACTCTCCCAGGGTGACAGAGAGAGATTCTGTCTCAAAAAAAAAAAAA","AAAAATTAGCTGGGCATGGTGGCAGGTGCCTGTAATCCCAGCTACTCGGGAGGCTGAGGCAGGAGAATCACTTGAACCCCGGGGGGCAGAAGTTACAGTGAGGCAAAATTGTGCCACTGCACCACTCCAGTCTAGGTGACAGAGTGAGACTCCGTCTCAAAAAACAAACAAAAAA"
"KQ056147v1","2027989","2028061","JH378118","9912562","9912626","20","7884573","TCAGGAAGTTTTGAGACCAGCCTGGAGCAAGATGCCGCAGACCCCATCTGCTTACTAAAAATACGGAAAATAG","CAGAAGTTTGAGACCAGCCTTGGTAAGATGGTGAGACCCTCATCTCCATTTTAAAAAATAAAAAT"
"KQ056148v1","4262218","4262436","JH378110","30770841","30771063","47","26508623","CCAGCTTAAGCAGGAGTGAGACCCTGTCTCTATTAAGAATAGAAAAATTAGCTGGGTTCAGTGGCGAGTGCCTGTAGTCCCAGCTACTCAGGAGGCTGAGGCAGGAAGATTGCTTGAACCCAGGAGTTTGAGGTTGTAGTGCTAGGCTGATGCCAATGCACTCTACCCAGGGCGACAGAGTGAGACTCTGTCTCAAAAAAAAAAAAAAAAAAAAAAAAA","CAGCCTGGCCAAAATGTTGAAACCCTGTCTCTACTAAAAATACAAAAATTAGCTGGACACAGTGGCACACGCCTGCAATCCCAGCTACTCAGGAGGCTGAGGCAGGAGAATCGCTTGAACCTGGGAGGCGGAGGTTGCAGTGAGCCGAGGTCGCACCATTGTACTCCAGCCTGGGTGACAGAGTGAGACTCTGTCTCAAAAAAAAAAAAAAAAAAAAAAAAAA"
"KQ056149v1","1435640","1435713","JH378139","519724","519790","23","915916","AGCTGGGCACAGTAGTGTGTACCTGTAATCCCAGCTACTTGGGAGGCTGAAACAAGAGAAGTGCTTGAACCCAG","GGCCGGGCACAGTGGCTCAAGCCTGTAATCCCAGCACTTTGGGAGGCTGAGGCGGGTGGATCACAAG"
"KQ056173v1","2057616","2057720","JH378232","2076455","2076546","34","18839","GGGAGCTGAAGGTAGCAGTGAGCTACAATGATGCCACTGCACTCTACCTGGGGCGACAGAGCAAGACTCTTTTTTTGTTGTTGTTAAAAAAAAGAAGAAGAAGAA","GCAGAGGTTGCAGTGAGCCAAGATGGCGCCACTGCACTCTAGCCTGGGCGACAGAGGGAGACTGTGTCAAAAAAAAAAAAAAAAAAAAAAAA"
"KQ056234v1","873759","873994","JH378112","18250906","18251145","60","17377147","GGCTAGGCACAGTGGCTCATGTCTATAATCCCAGCACTCTGGGAGGCCAGGGCGGGAGAATAGCATGAGGTCAGGAGTTCAAGACCAGCCTGAACAAAAGTGAGACCCCCATCTCTACTCAAAATAGAAAAATTAGTTAGGCATGGTTGTAGGTTGCAATGAGCTATGATGATGCCACTGAACTCTACCCTGGGCAACAGAGCAAGACTCTGTCTCAAACAAAAAACAAAACAAAA","GGCCAGGTGCACTGGCTCATGCTTGTAATCCCAGCACTTTGGGAGGCTGAGGTGGGTGGATCATGAGGTCAGGAGCTCAATGCTAGCCTGGCCAAGATGGTGAAACCCAGTCTCTACTAAAAATACAAAAATTAGCCAGGTGCAGTGGCAGGGGTAGAGGTTGCAGTGAGCAGAGATCATGCCATTGCACTCCAGCCTGGGCAACACAGTAAGACTCTATCTAAAAAAAATAAAATAAAA"
"KQ056331v1","115841","115972","JH378105","32487078","32487207","29","32371237","GGCCAGGTGGCGGTGGCTCACGCCTGTAATCCAGACACTCTGGGGAGGCCAAGGAGGGAGGACCTCAAGGTCAGGCAGTTCAAGCCAGCCTGAGCAAGAGTGAGCCCTTTCTCTACTTGAAAAATAGAAGAA","GGCCGGGCGTGTGGCTCACGCCTGTAATCCCAGCACTTTGGGAGGCCAAGGCGGGTAGATCACAAGGTCAGGAGTTTGAGACCAGCCTGGCCAAGATGTTGAAACCCTGTCTCTATTAAAAAAAAAAAAA"
"KQ056404v1","230172","230268","JH378232","2076455","2076546","32","1846283","GGGAAGCAGAGGTTGCGGCTTAGCTGTTGATGACGCTACTCGTCCTCTACCCGGGGCAACAGATGGAACTCTGTCTCAAAACAAACAAACAGAGAAA","GCAGAGGTTGCAGTGAGCCAAGATGGCGCCACTGCACTCTAGCCTGGGCGACAGAGGGAGACTGTGTCAAAAAAAAAAAAAAAAAAAAAAAA"
"KQ056404v1","240445","240541","JH378232","2076455","2076546","27","1836010","CTGGGAAGCAGAGGTTGCGGTTAGCTGTGATGACGCTACTGCACTCTACCCGGGGCAACAGAGTGAGACTCTGTCTCAAAACAAACAAACAGAAAAA","GCAGAGGTTGCAGTGAGCCAAGATGGCGCCACTGCACTCTAGCCTGGGCGACAGAGGGAGACTGTGTCAAAAAAAAAAAAAAAAAAAAAAAA"
"KQ056512v1","495354","495530","JH378178","6976163","6976332","46","6480809","AAAAACTATTTTGGGCTGGGTGTGGCAGCTGGAGCCTGTAATCCTAGCACTCTGGGAGGCTGAGGCAGGAGGACCATGTGAGCCCAGCAGTTGGGAGGCTGAGTGAGCTGTGATGGACACACTGCACTCTACCTGGGAGACAGAGTGAGACTCTGTTTCAAAAAAAAAAAAAAAAAA","TAGCAGGGTGCAGTGGCAGGTGCCTATAGTCCCAGCTACTCAGGAGGCTGAGGCAGGAGAATCACTTGAACCCCGGAGGTGGGAAGTTGCAGTGAGCTGAGATTGCACCACTGCACTCCAGCCTGGGTGACAGAGTGAGACTCTGTCTAAGAAAAAAAAAAAAAAAAGAA"
"KQ056587v1","7383888","7383999","JH378108","45950184","45950294","27","38566296","ACTCAGAAGGCTGAGGCTGCAGGGAGCTGGGATCAGGCCACTGCACTCCAGCCTGGACAACAGAGCAAGACTCTGTCTCTAAAACAAACAAACAACCCCAAAACAAAACAAA","GGACCCGGAAGGCGGAGGCTGCAGTGAGCTGAGATTGCACCACTGTACTCCAGTCTTGGCTACAGAGTGAGACTCCATCTCAAAAAACAAACAAAACAAAACAAAACAAAA"
"KQ056621v1","3305","3411","JH378273","798343","798456","40","795038","CGTCTCTAACGCCTACGCTACCCTCAGGAGACAGAGACAAGAGGATCGCTTGAGCCCAAGAGTTCGAACCAGCCTGGGATATGGTGAGACTCCATCTCAAAAAAAAA","TGGCTTATACCCATAATCCCAGCACTTCGGGAGGCTAAGGTGGGTGGATCACACAGTCAGGAGTTCGAGACCAGCCTGGCCAATATGGTGAAACCCCCATCTCCACTAAAAATA"
"KQ056635v1","365616","365795","JH378278","464685","464891","63","99069","GCCAGGCCCAGATGAGCGAGACTCGTCTCTACAAAAAATAAAAAACTCAGCTGGGCGTAGGGGCAGCTGCAGTCCCAGCGGCTCGGGAGGCTGTGGCAGGAGGATCGTGGAGCCCAGGAGTCAGAGGCTGCTGTGACTCTACCCGGGCAGCCGAGCAAGACTCTGTCTCAAAAAAAAAAA","CAGCCTGGCCAAGATGATGGAACCCAGCTCTACTAAAAATTAAAAAAAATAGCCGGGTGTGGTGGTGGGAGCCTGTAATCCCAGTTACTTGGGAGGCTGAGGCAGGAGAATCGTTTGAACCCAGGAGGTGGAGGTTGCAGTGAGTCTACCACACCACTGCACTGCAGCCTGGATGACAAAGACAGATTCCGTCTAAAAAAAAAAAAA"
"KQ056652v1","1651727","1651826","JH378197","5359822","5359914","34","3708095","GCTTGAGCCCAGGAGTCACCAGTTGCAGTGAACTATGATGACATTGCACTCCTGCCTGGGCCACAGAGTGAGACTCTGTCTCTAAAATATATATAAAAAA","AACCTGGCAGGTGGAGGTTGCAGTGAGCTGAGATTGTGCCACTGCACTCCAGTTTGGATGACAGAGTGAGACTCCACCTCAAAAAAAAAAAAA"
"KQ056707v1","1762480","1762592","JH378116","27736673","27736777","32","25974193","GGAAGATTGTTTGAGGGCAGAGGCAGTGAGCTAAGATCATGACACTTCACTTCAACCCAGGTGACAGAGCAAGACCCTGTCTCTCAAAAAAAAAAAAAAAAAAAAAAAAAAAA","GAGATGGAGATTGCAATGAGCCAAGATCATGCCACTGCACTCCAGACTGGGTGACAGAGTGAGACTTAGTCTCAAAAACAAAATCAAAAAAAAAAAAAAAAGAAA"
"KQ056762v1","1870351","1870501","JH378235","5349462","5349612","49","3479111","GGCACGAGGCAGGCGCCTCTAATCCCAGCTATTTGGGAGGATGGCTCGAGGCCAGAAGTTGGAGTCTGCAGTGAGCTGTGATTGCACCACTGCACCCCAGCCTGGGTGACAGACTGAGACTTTGTCTCCTGAAGGAAAAGAAAGGGAAGAA","GCCGTGGTGGGTGCCTGTAATCCCAGCTACTCAGGAGCCTGAGGCAGAACCCCTTGAACCCAGTAGGCAGAGGCTGCAGTGAACCGAGATCACACCACCGCACTCCAGCCTGGGTGACAGAGTGAGACGTTGTCTCAAAAAATAATAATAA"
"KQ056837v1","1396366","1396506","JH378116","37907968","37908099","37","36511602","TAGCCAGGTACGGTTGCTAGTGCCTATAATCCCAGCTATTCAGGAGGCTGAGGCAGGAGTATTGCTTGAACCTAAGAGTCCAAGTGCTGCAGTGTGCTATGATCAGATCATGCCGTTGCACTCCAGCCTGGGCAACAGAAC","TTAGCCAGGCACGGTGGCAGGCATCTATAAGCCTACATACTCGGGAGGCTGAGGCAGGAGAATCGCTTGAACCTGAGAGGTGGAGGCTGCAATGAGCCAAGATTGTGCCATTGCACTGCAGCCTGGGCAACA"
"KQ057013v1","299540","299591","JH378211","5553425","5553469","17","5253885","AAAATAGGCTAGGTGCAGTGACATGCTCCTGTAATCCCAGCTACCCAGGAGG","GTCAGGCACCGTGGCTTGCACCTGTCATTCCAGCTACTCAGGAGG"
"KQ057023v1","1121459","1121519","JH378127","9761903","9761961","19","8640444","CAAAACTTAAGCCAGGCACAGCAGCATGCACCTGTAATCCCCGCTACTTGGGGAACTGTGG","AAATCAGCCAGGTGCTGTGGCAGGCACCTGTCATCCCAGCTACTTGGTTGGGGGTGGGG"
"KQ057082v1","389943","390036","JH378291","2591618","2591703","29","2201675","GGATGTTGTGGTGAGCTTTAATTGTGGATCGTGCCACCACACCCCAGCCTGGGCAACAGAGTGAGACTCTGTCCCAGAAAAGAAGATAAATAAA","GGTTGTGGTCAGCAGAGAGCCTGCCATTGCACTCCAGCCTGGGCAACAGAATGAGACTTAAGTCTCAAAAAAAAAAAAAAAAAAAA"
"KQ057380v1","3412559","3412730","JH378111","43270523","43270670","54","39857964","CTGTAATCTCAGCTTATTCAGGAGTAAAGTGCTGGGAAAGGAAGGTATCGCATTAAAGCCCAGAGTTAGAGGTTGCAGTAAGCTAGATGATCACCAAACTGCACTTCTAGAGCGCAGGGAAACAGAGCGATGACTTACTATCAACACAAAAATAAAAAAAAAAAAAAATAAA","GTAATCCCAGCTACTCGGGAGGCTGAGCCAGGAGAATTGCTTGAACCCAGGAGGCAGAGGATGCAGTGAGCTGAGATCTCACCACTGTACCCCAGGCAACAGTGCAAGACTCCATCAAAAAAAAAACAAAAAAACAAAAAAACAAAAA"
"KQ057541v1","1037891","1037947","JH378129","13491559","13491615","17","12453668","GGTGGCTCACACCTATAATCCTAACACTTTGGGAGGCTTGAACTCAGGAGTTTGAGA","GGTGGCTCACGTCTGTAATCCCAGCACTTTGGGAGGCCGAGGCGGGTGGATCACGAG"
"KQ057560v1","2312950","2312987","JH378117","3499964","3500000","19","1187014","GGCTCACGAGTTCAGGAGTTCGAAACCAGCCTGAGCAA","AGCCTGGCCAAGATGGCGAAACGCCATCTCTACTAAA"
"KQ057883v1","1031490","1031733","JH378106","61200547","61200791","64","60169057","GGCTGGGCGCAGTGGCTCAGGCTGTAATCCTAGCATGCTGGGAGGCCCAGGCAGGTGCCTCTACTAAAAATAGAAAAATTAGTGGGGCATGTGCAGTGGCTGGCGCCTGCAGGCCCAACTGCTCGGGAGGCTGAGGCAGGAGGATTGCTTGAGCCCAGGAGTTGGAGGTTGCAGTGAGCTACGATGATGCCACTGCACTACATCCAGGGTGAGATTGAGACACTGTCTCAAAAAAAAAACAAAA","GGCTGGGCGAGATGGATCATGCCTGTAATCCCAGCACTTTGGGAGGCCGAGGTGGGTGGATCACCTAAAAATACAAAAATTAGCTGGTGCGGTGGTGCATGCCTGTAATAACAGCTACTCAGGAGGCTGAGGCAGGAGAATCACTTGAATCCAGGAGGCAGAGGTTGCAGTGAGCTGAGATCACGCCACTGCCCTCCATCCTGGGCGACAGAGCAAGACTGTCTCAAAAAAAAAAAGGAAAGAAA"
"KQ057909v1","4428479","4428607","JH378124","6630583","6630707","29","2202104","CAGCTGCTCAGGAGGCTGAGGCAGGAAAATCACTTGAGCCCAGGAGTAGAGGAGGTTGCAGTGAGCTATGATGATGCCATTGTGCTCTATCTGGGGTGACAGAGCAAGACTCTGTCTCAAAAAAAAAAA","GCTACTCAGGAGGCAGAGACATGAGAATCACTTGAACCCAGGAGGGGAAGGTTGCAGTGAGCTGAATGATCATGCTATTGCACTCCAGACTGGGTAACAGAGCAAGACTCCATTGCAAAAAAAAA"
"KQ057965v1","772430","772711","JH378142","1572729","1572999","101","800299","GGCCAAGTACTTTGGTGCACACATCTAAGTCCCAGCTACTTCGGATGTTGAGGCCAGGAGTTAGAGATCAGACTGAGCAACGTAGCCAGACCCAGATTCTAAAAAATAAAAATGAAAAATAAATCAGGCTGGCACAGTGGCACATGTCTGAGGTCTCAGCTACTGGAAGGATCAGCAGGAGCAGGCCCAGAGTTTGAAACTGCAGTGAGGTATGGACTGTGCCACTGAACTCCAGCCTGGGTGATGGAAAGAAATTACTCTGTCTACAACAACAACAAAAAA","GCCGGGCACAGTGGTTCATACCTGTAATCCCAGCTACTCGGGAGGCTGAGGTGGGGTGGATCATGAGGTCAGCCTGGCCAAGATGGTCAAACCCTGTCTCTACTAAAAATAAAAATATTAGCCAGGTGCAGTGTTGGGTGCCTGTAATCCCAGCTACTTGGGAGGCTGAGGCAGAAGAATTGCTTGAACCTGGGAGGCAGAGGTTAGAGTGATGCCACTGCACTCTAGGCTGGGCGACAGAGCTAGACGCCATCTCAAAAAAAACAAAAAA"
"KQ057975v1","91531","91669","JH378342","80962","81090","47","10569","CCGAGGCGGGAGGCTCGTTGCTGGAGGCCAGGACTCGGAGGCTGCCGTGAGGGAGGCTGAGGCCACGGCGCTCACCCCGGCCCGGGCGGCAGAGCGGGACTCTTGTCTCAAGAAATAAAAAATTAAAAAAAAAAATAAA","TGAGGCAGGCAAATCACTTGAACCCAGAGGCAGAGGTTGCAGAGAGCCAAGATCATGCCACTGCACTCCAGCCTGGGTGACAGAGCAAGACTCCATCTCAAAAAAAAAAAAAAGAAAAAAAGAAAAAAA"
"KQ058014v1","94714","94842","JH378113","10548572","10548691","42","10453858","GGCAGGAGGCTCGCTGTATGGACTGGTGCGCAGGAGTCGAGCGCTGTGGGCTGGAGGCCGTGCCACGGCACTCACTCCAGCCCGGGCGACAGAGCGATGACTCTTGTCTCTATAATAACATAAAAAAAA","GGAGGCTGAGACAGGAGAATTGCTTGAACCCAGGAGGCGGAGGTTGCAGTGAGCCGAGATTGTGCCACTGCACTCCAGCCTGGGCGACAGAGCGAGACTGTGTCTCAAAAAAAAAAAAAA"
"KQ058173v1","1692774","1692879","JH378127","10263701","10263800","33","8570927","GGAAGATTGTTTGAGGGCAGAGGCAGTGAGCTAAGATCATGACACTTCACTTCAACCCAGGTGACAGAGCAAGACCCTGTCTCTCAAAAAAAAAAAAAAAAAAAAA","TGAACCCAGGAGGCAGAGGCTGCAGTGAGCGGAGATCATGCCACCATACTCCAACCTTGGTGACCGAGCAAGACTCTGTCTCAAAAACAAACAGGAGAAA"
"KQ058261v1","1322823","1323039","JH378236","2603992","2604172","79","1281169","CCCCTCTCTCATTAAATATATAGCATTAGCCAGGATAGCGAGTGGCTGATCGCTCGCTCGCTCACCCCAGACTACTCGGGAGCCATACTGAGGCAGTCCAGCGATCGCGCTCTGCACGCCACGGACGTTCTAGAGGCTTGCTGTGAGCCGGCCCTAGAATGCACGAGCACCTCACTCTAGCCTGGGCAACAGAGCCGACGACTCCTCGCGCTCAAAA","AAACCCAGTCTCTACTAAAATAAAAAAATTAGCTGGACACAGTGGCAGATGTCTGTAATCCCAGCTACTGGGAAGGCTGAGGCAGGAGAATGGTTTGAACCTGGCAGGCAGAGGTTGCAGTGAGCTGAAATCACGCTACTGCAGTTCCAGCCTGGGCAATAGAACGAGACTCCCTCTCAAA"
"KQ058261v1","1403233","1403355","JH378127","45958","46068","41","1357275","ATCGCTTGACCCAGGAGGTGGACGTTGCTGTGAGCCATAGCGATACGGCAGGTACACCCTCCCCTAGCTTGTCATAGAGCAACAGTACACGTGAGATCGTCTCAAGAAAAGATATAAAAAAAA","AATTGCCTGAACCCAGGAGGCGGAGGTTGCGGTGAGCCGAGATCGCGCCATTGCACTCCAGCCTGGGTAACAAGAGCAAAACTCTGTCTCCAAAAAAGAAAAAAAAGAAAA"
"KQ058310v1","298286","298403","JH378165","3874299","3874412","44","3576013","ATCAGCTTGAACAAGAGCTAATCCATCTCTACTAAAAAATTAAAAAAGTTACTGGGCGCAGCAGTGCCCATCTGTAGTCCAGCTACACGGGATAGCTGAGTGCAGAGAGGATTCACTT","GAGACCAGCCTGACCAAAATGGCTAAATCCCATCTCTACTAAAAATTCAGAAATTAGCTGGGAGCTGTGGAAGGTGCCTGTAATCCCAGCTACTTGGGATACTGAGACAGCAGA"
"KQ058313v1","3515324","3515391","JH378213","3793347","3793399","27","278023","GAGGTTGCATGAGCTATGATGATGCCACTGTGCTCTAGCATGGGTGAAAGTGTGAGACTCTATCTCAA","AGGTCAGGAGTTCAAGATCAGTCTGACCAAGATGGTGAAACCCTGTCTCTACT"
"KQ058339v1","4851347","4851436","JH378130","1660648","1660732","31","3190699","GAATCACTTAATCTTGGAAGTTGGAGGTGACAGTGAGCTGTGATCACACCACTGCACTCCAGCCTGGGTAATAGACTGAGACCTTGTCTC","TTGCTTGAACCCAGGAGGCAAAGGTCGCAGTGAGCTGAGATCTCACCACTGCCCTCTAGCCAGGGCGACAGAGCAAGACTCTGTC"
"KQ058343v1","125697","125844","JH378149","10709003","10709139","36","10583306","CGGGCACCCTGGCTATCCCAAGCAATTGGGGAGGCCGAGGCAGGAGGATGGCTCCAGCCCAGGAGTTGGAGGCTGCAGTGAGCTGTGATCACGCCACTGCACTCCAGCCTAGGTGACAGAGTGAGACCCTATCTCAAAAAAATAAAAA","TATAATCCCAGCTACTTGAGAGGCTGAGGCAGGAGAATCGCTTGAACCTGGGAGATGGAGGTTGCAGTGAGCCAAGATCATGCCACTGCACTCCAGCCTGAGTGACAAAGTGAGACTCTGTCTCAAAAAAATAAAAA"
"KQ058383v1","8959091","8959224","JH378113","14701362","14701498","30","5742271","AGACTGAGACAGGAGAATAGATTGAGCCTGGGAGTTGGAGGTTGTAGTGAACTATGATGATGCCATTGCACTCTATCTGGGGTGACAGAGACAGACTCTGTCTTAAAAAAAAAAAAATAATAATAATAATAAAA","GAGGCTGAGGCAGGAGAATTGCTTGAACCCGGGAGGTGGAGGTTGCAGTGAACTAAGATCGTGCCACTGCACTGCATCCTGGGCAACAGAGCAAGACTCTGTCTCAAAAAAAACCAAAAACCAAAAAGAAAACAAAA"
"KQ058394v1","13059107","13059185","JH378191","2739293","2739360","23","10319814","GCGGTGGCTGACACCACGGCACTCACTCTAGCCTAGGCAAGAAAGCGAGACTCTGTCTCAAAAAAAAAAAAAAAAAAAA","ATAGCATCACTGCACTCCAGCCTGGGTGACACAGCGAGACTCTGTCTCAAAAAAAATAAAATAAAGAA"
"KQ058405v1","1213849","1213936","JH378115","33043429","33043515","27","31829580","ACTCAGGAGGCTGAGGAGGGAAGTCACATAGAGCCACTGCACCCCAGCCTGGGCCACAGAGCAAGACTCTGTCTCAAAAAAAAAAGAA","ACCCAGGAGGTGAAGGTTGCAGTGAGCCGAGATCATGCCACTGCACTGCAGCCTGATGACAGAGCAAGACTGTGTCTCCAAAAAAAA"
"KQ058472v1","969563","969726","JH378110","32198789","32198953","47","31229226","GCCTGGTGTGGTGGCTGGTGACTGTAGTCCCAGGCTAGTTCGAGGAGGCTGGAGGCAGGGAAATTGCTTCGCCAGGAATGAGGTTGCTGGGTGAGCTCTGATGATGCCACTACACGCTAGCCTGGGCTGAAAGAAGCTAGGACTCTCGTCTCAAAAAAAAAAAA","TAGCCGGGTGCAGTGGCAGGTGCCTGTAATCCCAGCTATTTGGGAGGCTGAGGCAGGGGAATTGCTTGAAACCGGGAGGTGGAGGTTGCAGTGAGCTTAGATCGCACCACTGCACTCTAGCCTGGGCGACGTAGCAAGACACCATCTCAAAAAAAAAAAAAAGAA"
"KQ058482v1","496282","496365","JH378232","2076455","2076546","21","1580173","GCGGAGGTTGCAGTGAGCTATGATGATGCCACTGCACTCTACCTGGGGTGACAGAGTGAGACTGTCTCAGGAAAAAAAAAAAGA","GCAGAGGTTGCAGTGAGCCAAGATGGCGCCACTGCACTCTAGCCTGGGCGACAGAGGGAGACTGTGTCAAAAAAAAAAAAAAAAAAAAAAAA"
"KQ058483v1","4910777","4910924","JH378110","17766805","17766952","47","12856028","GCCGGTACGGTGGTTAGAAACTGCAATCAGACTCTTGGGGGCCGAGGCAGGAGGATCGCTTGAGCAGGATGGTTTGCGGCTTATAGTGAGTATTATGACGATCATTGCACTCCAACTGGAAACAGAGCAAGCTCTCGTCTAAAAGAAA","GCCAGGCACAGTGGCTTACGCCTGTAATTCCAACACTTTAAGAGGCCAAGGCAGGAGGATTGCTTGAACTTAGGAGGTGGAGGTTGTAGAGATCATACCACTGCACTCCATCCTGGATGACAGAGCAAGACCCTGTCTCAAAATAAAA"
"KQ058494v1","7814369","7814539","JH378108","30367641","30367808","41","22553272","AAAAATAGAAAACTTAGCCAGATGTGGTGGTGGATGCCTGTTCTCCCAGATACCCAGGAGGCTGAGGCAGGAGGATCGCTTGAACCCAGGAGTTGGAGGTTGTAGTGAGCTATGATGAAGCCTCCTGCACCTCTACCTAGGGTGACAGAGCAAGCACTTTGTTCCAATAAA","AAAAATACAAAAATTAGCCAGGCGTGATGGTGGTCACCTGTAATCCCAGCTACTTGGGAGGCTGAGGCAGGAGAATCACTTGAACCTGGGAAGCAAAGGTTGCAGTGAGCCAAGATCACACCACTGCACTATAGCCTGGGAGACAGAGCAAGACTCTTTCTCAAAAAA"
"KQ058505v1","1108900","1109069","JH378179","329497","329662","40","779403","GCAGGGCATGGGGGCTGACGCCTATAATTCCAGCACTTTGGGAGGCTGCGGCAAGAGGATCACTTGAACCTAGCAGTTTGAGGTTGCTGTGAGCTGGGACTGTGCCACTGCCCTCCAGTCTGTGTGAAAGGGTGAGCTCTGTCTCTAAAAAATAAAAAAAAATTAAAAAA","GCCGGGCGCAGTGGCCGACGCCTGTAATTCCAGTACTTTGGGAGGCAGAGGCAGGAGGATCGCTTGAACCCAGGAGGTCGAGGTTGTAGTAAGCTGGGATGCGCCACTGCACTCCAGCTTGGGCAACAGAACGAGACCCTATCTCAAAAAATAAACAAACAGAAAA"
"KQ058519v1","372145","372273","JH378149","10709003","10709139","40","10336858","CCTGCAATCCCAGCACTTGGGAGGCTGAGCAAGGAGGATTTGCTGAAGCAGCAGTGGAGGTTGCCAGTGAGCTGTGATGATTCCACTGAGCTCCAGCCCGGGCCACAGCTGACGTTCTTAAAAAAAAAA","TATAATCCCAGCTACTTGAGAGGCTGAGGCAGGAGAATCGCTTGAACCTGGGAGATGGAGGTTGCAGTGAGCCAAGATCATGCCACTGCACTCCAGCCTGAGTGACAAAGTGAGACTCTGTCTCAAAAAAATAAAAA"
"KQ058527v1","1157081","1157156","JH378156","8867813","8867887","27","7710732","AGCCAGGCACAGCAGTCGGCCTTGAGTCCTAGCTACTCGGGAAGCTAAGGCAGGAGGATCCCCTGAACCTAAAAGG","GGCCAGGCACGCTAGCTCATGCCTGTAATCCCAACACTTTGGGAGGCCAAGGCAGGTGGATCACGAGGTCAGGAG"
"KQ058539v1","34509","34604","JH378197","5359822","5359914","22","5325313","TGAGCCCGGGAGTTGGAGGTTGCAGTGAGCTGTGAGGAGGCCACTGCACTCCAGCCCAAGCGACAGAGTGAGACTCTGTCTCAAAAAAGAAAAAAA","AACCTGGCAGGTGGAGGTTGCAGTGAGCTGAGATTGTGCCACTGCACTCCAGTTTGGATGACAGAGTGAGACTCCACCTCAAAAAAAAAAAAA"
"KQ058550v1","4336344","4336465","JH378156","3383989","3384104","30","952355","GGCTGGACATGGTGGTTCATGCCTGTAATCCTAGAACTCTGGGAGGCTAGGTGGGAGGAGTTTGAGACCAGCCTGAGCAAAGGCAAGAGAGCGCCCATCTATACTAAAAGATAAGAAAATTA","GGCCGAGCATGGTGGCTCGTGCCTGTAATTCCAGCACTTTGGGAGGTCGAGGAGTGAGGAGTTCGAGACCAGCCTGGCCAATGGTGAAACCCCATCTCTAAAAAAAATAATAAAAT"
"KQ058550v1","4336787","4336939","JH378127","12741225","12741385","52","8404438","GAAAAAAAAATTAGTATGGTGGCAGTGCCTGTAGTCCTAGCCTACTCGGAGGGCTGTGCAGGAGAAACTTGACTTGGATGCAGAGCAGCAATGATAGCCGCCACTGCACCTAGCCAAGCTGACAGAGCAAGACTTCGTCTAAAAAAAAAAAAA","AAAAATTAGCTGGGCACGGTGGCATGTGCCTGTAATTCCAGCTACTCGAGAGGCTGAGGCAGGAGAATTGCTTGAACCTGAAAGGCAGAAGTTGCAGTGAGCTGAGATCACATCATTGCACTCCAGCCTGGGTGACAGAGCAAGACTCTGTCTCAAAAAAA"
"KQ058583v1","2098313","2098539","JH378123","23921299","23921543","86","21822986","GAGAGGCAGAACCGGACCCTGCACCAGAAGTCAGGATTTCAAGACCAGGCCTTAGCAGAAGTGGACCTCATCTCTAAAATACGCAAAAATCTACAGATGATGGTAGAGCCTGTAAGTTCATACTTGGAGCTGAGAAGGAGGATACCTTCTTAAGCGGGTTTGAGGTTCTGTAGCATATTGTGCCACTATGCTTCTACAATCTGTCTCAAAAAAAAATAAAAAAGGAA","GGAAGGCTGAGGGGTGCATCATAAGGTCAGGAGCTCAAGACCAGCTTGGCTAATATGGTGAAACCCTGTCTCTACTAAAACTACAAAAATTAGCCAAGTGTGGTGGTAGGTTTCTGTAGTCCCAGCTACTTGGGAGGCTGAGGCAGGAGAATCACCATAGCCCGGGAGGTGGAGGTTGCAGTGAGCCAAGATTGCTCCACTGGCTACAGAGTAAGATCTGTCTCAAAAAAATAAAAAAAAAAAAA"
"KQ058594v1","2740603","2740753","JH378188","9057866","9058009","36","6317263","CATCTACTCAGGAGGCTGAAGCAGGAGGATCCCTTGAAGCCCGGGAGTTACATGTTGCAGTGAGTTATGATGATGCCACTGCACTCCAGTCTACCTGAGGTGGCAGAGCGAGGCTCTGTCTCAAAAAAAACAAAAACAACAACAAAAAAAA","CCCAGCTACTAAGGAGGCTGAGGCAGGAGAATTGCTTGAACCCAGGAGGTGGAGGTTGCAGTGAGCCAAGATCGCGCCACTGCACTCCAGCCTGGGCGACAGAGTGAGACCCCGTCTCAAAAAACAAAACAAAACAAAATAAAA"
"KQ058595v1","331953","332108","JH378323","506409","506561","48","174456","GGCCTGGTGGCGTGGCCTCCACCTGTAATCCAGCCACTTTGGGAGGGCAAGGTGGGGTCCTTGAGCTCGAGGAGTTTTGAGACCAGCTGAGCAAGAACGAAACCCAAACGTCCTCCTACTGAAATGAAAAATTAGCCAGGCATTGTAGCTAGCGCC","GGCCGGGCGTGGCGGCTCACGCCTGTAATCTCAGCACTTTGGGAGGCCGAGGTGGGTGGATCATGAGGTCAGGAGTTTGAGACCAGCCTGGTCAAGACGGTGAAATCCCGTCTCTACTAAAGATATTTTAAAAACTAGCCGGGCATGGTGGTG"
"ABDC02025472v1","4234","4531","JH378105","23104111","23104400","110","23099877","GGCTGGGCAGGCAGGTGGCTCATCACCTTAATTCTAGCATCTGGGAGTCCAAGCTAGAGATTGTTGATCAGGATCAACCTCAGCCCAAGCATAGTTTGTGGACCGTCCCTAGAAAAAGAAAAGAAATAATAAAATTAAAAAAAAAAAGCCAGTGGGACTACAGATCCCGAGTAACGGCTGAGCAGAAGCATCGCTTAGAGCAGGAGTTGGGCTCGCAGTGAGGACCAACATCATGCTCTCTACCCAGGGTACAGAGTGAGACTCATCTCAATTAAAAAAAAAAATACCAAGAGAAAAA","GCTGGGCATGGTGGCTCACGCCTGTAATCCCAGGACTTTGGGAGGCAGAGGTGGATGGATTACGAGGTCAGGAGTTCAAGACCAGCCTGGGCAATATGGTGAAAACCTGTTTCTACTAAAAGTACAAAAATTAGCCAGGTGTGTAGTATCAGCTACTCGGGAGGCTGAGGCAGGATAATCACTTCAACCCGGGAGGTGGAGGTTGCAGTGAGCCGAGATCATGCCACTACACCCCAGCCGGGGTGACAGAGTGAGACTCCATCTCAAAAAACAAAACAAAACAAAAAAAA"
