"KQ052968v1","13107093","13107355","GL873700","2296876","2297142","57","10810217"
"KQ052968v1","75786","76084","GL873542","10947911","10948204","69","10872125"
"KQ052968v1","130048","130164","GL873604","8601212","8601325","22","8471164"
"KQ052968v1","295097","295386","GL873677","4203427","4203715","62","3908330"
"KQ052968v1","332648","332777","GL873661","3406932","3407058","28","3074284"
"KQ052968v1","458237","458511","GL873533","1213374","1213646","77","755137"
"KQ052968v1","531972","532274","GL873645","1598419","1598714","65","1066447"
"KQ052968v1","538804","539082","GL873573","8282675","8282954","57","7743871"
"KQ052968v1","651781","652092","GL873537","20806240","20806550","72","20154459"
"KQ052968v1","669745","670060","GL873537","20108472","20108765","77","19438727"
"KQ052968v1","737048","737355","GL873521","14599825","14600115","70","13862777"
"KQ052968v1","853420","853718","GL873620","1328487","1328778","92","475067"
"KQ052968v1","1015407","1015535","GL873525","28446082","28446208","27","27430675"
"KQ052968v1","1245224","1245390","GL873583","7007844","7008003","41","5762620"
"KQ052968v1","1245448","1245564","GL873591","8929862","8929981","22","7684414"
"KQ052968v1","1314220","1314502","GL873592","8396855","8397140","58","7082635"
"KQ052968v1","1384088","1384368","GL873542","1844453","1844733","71","460365"
"KQ052968v1","1561126","1561243","GL873631","4278378","4278496","26","2717252"
"KQ052968v1","1629342","1629612","GL873548","18208901","18209174","72","16579559"
"KQ052968v1","1653696","1653829","GL873661","1946863","1946995","29","293167"
"KQ052968v1","1760420","1760723","GL873523","8076383","8076689","78","6315963"
"KQ052968v1","1832945","1833256","GL873607","4584668","4584965","76","2751723"
"KQ052968v1","1833808","1834109","GL873543","18814397","18814694","61","16980589"
"KQ052968v1","2070584","2070882","GL873615","5162108","5162422","70","3091524"
"KQ052968v1","2086076","2086392","GL873615","5162108","5162422","75","3076032"
"KQ052968v1","2157613","2157906","GL873544","12852108","12852394","61","10694495"
"KQ052968v1","2187980","2188301","GL873670","892443","892746","90","1295537"
"KQ052968v1","2262814","2263111","GL873681","3254162","3254457","61","991348"
"KQ052968v1","2297034","2297327","GL873605","8631615","8631911","64","6334581"
"KQ052968v1","2356900","2357163","GL873710","888426","888690","76","1468474"
"KQ052968v1","2371219","2371421","GL873536","29470838","29471040","54","27099619"
"KQ052968v1","2374153","2374415","GL873544","12820517","12820779","75","10446364"
"KQ052968v1","2470401","2470615","GL873529","14559599","14559814","55","12089198"
"KQ052968v1","2633873","2634027","GL873533","2655543","2655710","40","21670"
"KQ052968v1","2634170","2634332","GL873574","4453635","4453791","38","1819465"
"KQ052968v1","2664514","2664820","GL873586","7525917","7526207","78","4861403"
"KQ052968v1","2667350","2667645","GL873593","2667655","2667944","62","305"
"KQ052968v1","2670208","2670468","GL873565","9724105","9724364","60","7053897"
"KQ052968v1","2728901","2729215","GL873567","11832891","11833198","71","9103990"
"KQ052968v1","2884915","2885221","GL873527","22505305","22505602","87","19620390"
"KQ052968v1","2917080","2917250","GL873520","62895587","62895754","38","59978507"
"KQ052968v1","2939051","2939347","GL873589","8159658","8159953","65","5220607"
"KQ052968v1","2977356","2977542","GL873524","1211458","1211633","49","1765898"
"KQ052968v1","2980717","2980921","GL873550","14886379","14886570","55","11905662"
"KQ052968v1","2983705","2984019","GL873613","7768900","7769194","77","4785195"
"KQ052968v1","2989067","2989317","GL873660","1384330","1384596","63","1604737"
"KQ052968v1","2991304","2991557","GL873660","1384330","1384596","66","1606974"
"KQ052968v1","3008729","3009016","GL873529","17970712","17970985","51","14961983"
"KQ052968v1","3028383","3028672","GL873527","11533238","11533536","61","8504855"
"KQ052968v1","3044498","3044798","GL873677","3216100","3216400","55","171602"
"KQ052968v1","3074931","3075210","GL873532","10198610","10198878","64","7123679"
"KQ052968v1","3104768","3104973","GL873625","5640863","5641072","45","2536095"
"KQ052968v1","3107440","3107730","GL873530","17375868","17376165","52","14268428"
"KQ052968v1","3125461","3125685","GL873520","40069156","40069375","54","36943695"
"KQ052968v1","3167495","3167786","GL873538","24663308","24663595","59","21495813"
"KQ052968v1","3174532","3174849","GL873544","19347362","19347661","67","16172830"
"KQ052968v1","3402604","3402860","GL873544","20973701","20973958","72","17571097"
"KQ052968v1","3565187","3565473","GL873528","8480165","8480458","64","4914978"
"KQ052968v1","3728959","3729239","GL873521","49874189","49874492","66","46145230"
"KQ052968v1","3771853","3772162","GL873523","28431022","28431322","67","24659169"
"KQ052968v1","3829182","3829483","GL873530","16695374","16695671","59","12866192"
"KQ052968v1","3852938","3853061","GL873834","415652","415774","24","3437286"
"KQ052968v1","3896942","3897145","GL873537","5923378","5923565","62","2026436"
"KQ052968v1","3936106","3936363","GL873682","1440233","1440490","60","2495873"
"KQ052968v1","3952932","3953255","GL873608","4218070","4218374","78","265138"
"KQ052968v1","4024163","4024458","GL873586","3828887","3829179","64","195276"
"KQ052968v1","4040337","4040656","GL873557","10964192","10964504","75","6923855"
"KQ052968v1","4048085","4048370","GL873614","1996310","1996595","56","2051775"
"KQ052968v1","4066312","4066613","GL873549","7423907","7424189","74","3357595"
"KQ052968v1","4080963","4081188","GL873523","6187641","6187865","53","2106678"
"KQ052968v1","4096647","4096766","GL873570","10645932","10646052","22","6549285"
"KQ052968v1","4127119","4127380","GL873613","1052320","1052567","50","3074799"
"KQ052968v1","4149705","4149955","GL873533","30950415","30950665","58","26800710"
"KQ052968v1","4162152","4162445","GL873573","944182","944464","57","3217970"
"KQ052968v1","4173798","4174103","GL873677","3216100","3216400","65","957698"
"KQ052968v1","4174835","4175116","GL873573","4852729","4853003","62","677894"
"KQ052968v1","4181394","4181699","GL873540","11122200","11122500","77","6940806"
"KQ052968v1","4193020","4193263","GL873551","18593657","18593892","68","14400637"
"KQ052968v1","4194711","4194976","GL873607","3682953","3683211","68","511758"
"KQ052968v1","4202682","4202953","GL873536","15258518","15258796","56","11055836"
"KQ052968v1","4224244","4224522","GL873613","4450657","4450940","67","226413"
"KQ052968v1","4231283","4231584","GL873691","2020436","2020716","101","2210847"
"KQ052968v1","4238410","4238702","GL873540","19013371","19013667","62","14774961"
"KQ052968v1","4244178","4244459","GL873522","4222168","4222461","74","22010"
"KQ052968v1","4271002","4271286","GL873522","7457027","7457307","71","3186025"
"KQ052968v1","4280227","4280511","GL873545","1994498","1994781","57","2285729"
"KQ052968v1","4303314","4303499","GL873613","1163416","1163603","43","3139898"
"KQ052968v1","4305059","4305316","GL873553","8989980","8990229","64","4684921"
"KQ052968v1","4311321","4311612","GL873579","984876","985165","55","3326445"
"KQ052968v1","4315754","4316025","GL873525","39406047","39406306","63","35090293"
"KQ052968v1","4338054","4338364","GL873570","10513643","10513944","59","6175589"
"KQ052968v1","4338608","4338873","GL873534","24162892","24163143","58","19824284"
"KQ052968v1","4392982","4393277","GL873537","20108472","20108765","69","15715490"
"KQ052968v1","4548922","4549038","GL873564","8287026","8287143","19","3738104"
"KQ052968v1","4563484","4563763","GL873543","7212670","7212944","68","2649186"
"KQ052968v1","4573562","4573855","GL873539","2994635","2994920","67","1578927"
"KQ052968v1","4578830","4579098","GL873522","38826479","38826750","60","34247649"
"KQ052968v1","4607111","4607334","GL873573","3160046","3160257","60","1447065"
"KQ052968v1","4610076","4610396","GL873615","5162108","5162422","73","552032"
"KQ052968v1","4644834","4645133","GL873546","17023307","17023603","71","12378473"
"KQ052968v1","4646187","4646458","GL873632","2531304","2531561","66","2114883"
"KQ052968v1","4659791","4660066","GL873557","7607404","7607682","62","2947613"
"KQ052968v1","4667088","4667319","GL873543","5602973","5603204","47","935885"
"KQ052968v1","4721435","4721714","GL873573","3786511","3786793","64","934924"
"KQ052968v1","4732698","4732898","GL873601","6865106","6865307","44","2132408"
"KQ052968v1","4823458","4823756","GL873521","49874189","49874492","63","45050731"
"KQ052968v1","4868737","4869022","GL873664","4813585","4813876","73","55152"
"KQ052968v1","4970688","4970957","GL873715","335322","335574","66","4635366"
"KQ052968v1","5017099","5017398","GL873536","15301730","15302032","59","10284631"
"KQ052968v1","5063264","5063556","GL873596","6774480","6774760","69","1711216"
"KQ052968v1","5064887","5065190","GL873639","6063193","6063485","77","998306"
"KQ052968v1","5094249","5094544","GL873542","10945575","10945861","60","5851326"
"KQ052968v1","5107043","5107350","GL873608","4218070","4218374","62","888973"
"KQ052968v1","5108561","5108862","GL873800","736311","736599","62","4372250"
"KQ052968v1","5122255","5122535","GL873521","48918353","48918639","66","43796098"
"KQ052968v1","5125763","5126047","GL873521","35569062","35569354","61","30443299"
"KQ052968v1","5138014","5138172","GL873678","1555223","1555380","39","3582791"
"KQ052968v1","5166144","5166304","GL873574","4453635","4453791","33","712509"
"KQ052968v1","5166336","5166471","GL873636","45383","45517","34","5120953"
"KQ052968v1","5182569","5182870","GL873557","7046743","7047040","70","1864174"
"KQ052968v1","5183729","5184024","GL873643","4292639","4292935","69","891090"
"KQ052968v1","5220388","5220692","GL873551","10987258","10987553","71","5766870"
"KQ052968v1","5235652","5235863","GL873529","29033639","29033862","56","23797987"
"KQ052968v1","5247676","5247887","GL873653","3147036","3147246","48","2100640"
"KQ052968v1","5253620","5253910","GL873530","25470658","25470937","62","20217038"
"KQ052968v1","5259154","5259456","GL873538","3482547","3482845","65","1776607"
"KQ052968v1","5270620","5270920","GL873537","20108472","20108765","50","14837852"
"KQ052968v1","5299588","5299885","GL873545","17052684","17052979","61","11753096"
"KQ052968v1","5345554","5345841","GL873738","1635488","1635766","74","3710066"
"KQ052968v1","5349562","5349876","GL873565","6321679","6321988","69","972117"
"KQ052968v1","5376371","5376668","GL873542","1286122","1286423","59","4090249"
"KQ052968v1","5404039","5404370","GL873618","3564487","3564820","88","1839552"
"KQ052968v1","5430528","5430819","GL873610","4431407","4431713","66","999121"
"KQ052968v1","5490658","5490858","GL873527","15576050","15576235","53","10085392"
"KQ052968v1","5498479","5498769","GL873544","12852108","12852394","59","7353629"
"KQ052968v1","5514827","5515115","GL873546","16423062","16423344","60","10908235"
"KQ052968v1","5545973","5546270","GL873671","1289718","1290012","68","4256255"
"KQ052968v1","5557133","5557455","GL873615","5162108","5162422","84","395025"
"KQ052968v1","5569599","5569727","GL873533","24102251","24102371","23","18532652"
"KQ052968v1","5570057","5570218","GL873534","14551683","14551840","32","8981626"
"KQ052968v1","5579988","5580240","GL873525","39406047","39406306","53","33826059"
"KQ052968v1","5603768","5604053","GL873536","2020684","2020955","57","3583084"
"KQ052968v1","5620876","5621148","GL873550","13693419","13693701","57","8072543"
"KQ052968v1","5642074","5642266","GL873530","27752066","27752252","50","22109992"
"KQ052968v1","5642921","5643020","GL873551","11749297","11749402","25","6106376"
"KQ052968v1","5643876","5644169","GL873544","12852108","12852394","66","7208232"
"KQ052968v1","5664093","5664386","GL873699","2877203","2877487","65","2786890"
"KQ052968v1","5671108","5671381","GL873547","5493694","5493965","84","177414"
"KQ052968v1","5675900","5676204","GL873521","53893978","53894270","71","48218078"
"KQ052968v1","5685810","5686103","GL873566","11130254","11130540","57","5444444"
"KQ052968v1","5688090","5688380","GL873701","1779434","1779720","71","3908656"
"KQ052968v1","5688963","5689249","GL873544","12852108","12852394","48","7163145"
"KQ052968v1","5696358","5696656","GL873570","11394548","11394837","60","5698190"
"KQ052968v1","5706298","5706601","GL873537","20806240","20806550","76","15099942"
"KQ052968v1","5739218","5739258","GL873547","3921636","3921674","10","1817582"
"KQ052968v1","5739541","5739720","GL873520","16857651","16857831","60","11118110"
"KQ052968v1","5742109","5742398","GL873533","23793613","23793905","52","18051504"
"KQ052968v1","5743840","5744118","GL873543","12526309","12526602","67","6782469"
"KQ052968v1","5746676","5746990","GL873521","40267880","40268182","83","34521204"
"KQ052968v1","5773381","5773693","GL873729","432103","432405","73","5341278"
"KQ052968v1","5774575","5774877","GL873571","11494345","11494646","87","5719770"
"KQ052968v1","5775347","5775655","GL873542","5759453","5759749","66","15894"
"KQ052968v1","5777936","5778230","GL873586","6643146","6643447","72","865210"
"KQ052968v1","5782795","5783083","GL873812","400580","400858","73","5382215"
"KQ052968v1","5791196","5791484","GL873530","29310505","29310781","72","23519309"
"KQ052968v1","5796965","5797266","GL873562","5077584","5077879","61","719381"
"KQ052968v1","5803447","5803737","GL873794","562933","563223","67","5240514"
"KQ052968v1","5804644","5804939","GL873558","11891524","11891812","73","6086880"
"KQ052968v1","5812454","5812747","GL873677","4203427","4203715","67","1609027"
"KQ052968v1","5833973","5834277","GL873624","3973803","3974104","68","1860170"
"KQ052968v1","5843296","5843465","GL873531","2636452","2636619","51","3206844"
"KQ052968v1","5861788","5862087","GL873522","44570582","44570880","61","38708794"
"KQ052968v1","5887482","5887750","GL873526","15440232","15440524","83","9552750"
"KQ052968v1","5919031","5919150","GL873700","3246607","3246735","31","2672424"
"KQ052968v1","5926898","5927015","GL873523","11754849","11754966","25","5827951"
"KQ052968v1","5937163","5937456","GL873530","36065055","36065338","67","30127892"
"KQ052968v1","5947671","5947969","GL873523","28431022","28431322","67","22483351"
"KQ052968v1","5953999","5954280","GL873578","7843139","7843432","79","1889140"
"KQ052968v1","5959715","5960018","GL873570","4233529","4233818","73","1726186"
"KQ052968v1","5962646","5962928","GL873737","1691288","1691582","72","4271358"
"KQ052968v1","5974807","5975095","GL873544","12852108","12852394","59","6877301"
"KQ052968v1","5975282","5975581","GL873557","7267236","7267535","75","1291954"
"KQ052968v1","5976816","5977109","GL873587","2747170","2747463","60","3229646"
"KQ052968v1","5979523","5979739","GL873657","2612721","2612936","46","3366802"
"KQ052968v1","5991697","5992003","GL873567","11975579","11975880","60","5983882"
"KQ052968v1","6001049","6001267","GL873657","2612721","2612936","51","3388328"
"KQ052968v1","6013561","6013870","GL873531","27860265","27860563","56","21846704"
"KQ052968v1","6019017","6019293","GL873520","30303968","30304235","69","24284951"
"KQ052968v1","6030107","6030392","GL873550","16189253","16189537","61","10159146"
"KQ052968v1","6047977","6048281","GL873587","4544418","4544715","65","1503559"
"KQ052968v1","6054741","6055034","GL873593","480828","481113","60","5573913"
"KQ052968v1","6059454","6059745","GL873542","7542952","7543241","51","1483498"
"KQ052968v1","6085570","6085856","GL873547","6470095","6470381","74","384525"
"KQ052968v1","6108801","6109085","GL873700","423134","423410","71","5685667"
"KQ052968v1","6121445","6121711","GL873547","7031032","7031302","64","909587"
"KQ052968v1","6122560","6122682","GL873550","10760270","10760390","34","4637710"
"KQ052968v1","6122982","6123147","GL873521","2502408","2502561","56","3620574"
"KQ052968v1","6134835","6135104","GL873547","7031032","7031302","67","896197"
"KQ052968v1","6135979","6136101","GL873550","10760270","10760390","34","4624291"
"KQ052968v1","6136412","6136582","GL873521","31787630","31787780","59","25651218"
"KQ052968v1","6153644","6153826","GL873530","27752066","27752252","47","21598422"
"KQ052968v1","6155232","6155525","GL873613","971789","972086","69","5183443"
"KQ052968v1","6162982","6163298","GL873545","20390330","20390642","73","14227348"
"KQ052968v1","6167708","6167952","GL873529","1741772","1742006","69","4425936"
"KQ052968v1","6168004","6168299","GL873534","24828530","24828825","70","18660526"
"KQ052968v1","6168897","6169192","GL873520","47857319","47857608","72","41688422"
"KQ052968v1","6179747","6180047","GL873603","794609","794907","86","5385138"
"KQ052968v1","6181225","6181527","GL873592","146799","147090","63","6034426"
"KQ052968v1","6184109","6184401","GL873522","21710982","21711273","63","15526873"
"KQ052968v1","6196211","6196315","GL873623","7232366","7232466","26","1036155"
"KQ052968v1","6200290","6200610","GL873547","8917733","8918044","80","2717443"
"KQ052968v1","6200872","6201167","GL873598","2997153","2997446","73","3203719"
"KQ052968v1","6248139","6248394","GL873565","11833498","11833739","75","5585359"
"KQ052968v1","6257982","6258209","GL873539","19386731","19386950","67","13128749"
"KQ052968v1","6271519","6271654","GL873539","17136906","17137041","24","10865387"
"KQ052968v1","6271655","6271949","GL873543","2904962","2905248","67","3366693"
"KQ052968v1","6273443","6273730","GL873533","28007103","28007375","68","21733660"
"KQ052968v1","6277763","6277967","GL873602","2243399","2243603","59","4034364"
"KQ052968v1","6292059","6292320","GL873541","22629511","22629772","58","16337452"
"KQ052968v1","6293949","6294251","GL873530","23555027","23555331","57","17261078"
"KQ052968v1","6305568","6305870","GL873596","8979189","8979479","58","2673621"
"KQ052968v1","6321889","6322188","GL873537","23325667","23325965","64","17003778"
"KQ052968v1","6325379","6325636","GL873534","26049622","26049880","62","19724243"
"KQ052968v1","6333752","6333876","GL873679","2598513","2598636","19","3735239"
"KQ052968v1","6355223","6355477","GL873576","10704896","10705155","65","4349673"
"KQ052968v1","6359552","6359839","GL873529","16865259","16865563","50","10505707"
"KQ052968v1","6360033","6360311","GL873545","17052684","17052979","69","10692651"
"KQ052968v1","6373946","6374252","GL873520","60883623","60883917","70","54509677"
"KQ052968v1","6375547","6375762","GL873602","56544","56752","52","6319003"
"KQ052968v1","6384351","6384530","GL873612","1890574","1890750","45","4493777"
"KQ052968v1","6388676","6388953","GL873526","10008853","10009121","61","3620177"
"KQ052968v1","6417401","6417710","GL873715","2615423","2615727","66","3801978"
"KQ052968v1","6433692","6433987","GL873521","35075462","35075742","73","28641770"
"KQ052968v1","6454949","6455233","GL873540","4711812","4712090","63","1743137"
"KQ052968v1","6463397","6463592","GL873526","3895419","3895608","50","2567978"
"KQ052968v1","6463912","6463924","GL873520","25523108","25523120","3","19059196"
"KQ052968v1","6478474","6478668","GL873612","1890574","1890750","53","4587900"
"KQ052968v1","6485756","6486072","GL873661","1884549","1884860","74","4601207"
"KQ052968v1","6487404","6487703","GL873570","2671142","2671430","79","3816262"
"KQ052968v1","6529132","6529406","GL873526","12865197","12865466","61","6336065"
"KQ052968v1","6536574","6536812","GL873557","6395178","6395429","66","141396"
"KQ052968v1","6540802","6541085","GL873538","2102031","2102304","71","4438771"
"KQ052968v1","6547195","6547432","GL873557","6395178","6395429","68","152017"
"KQ052968v1","6551935","6552232","GL873524","43577965","43578256","71","37026030"
"KQ052968v1","6565134","6565385","GL873800","162596","162852","58","6402538"
"KQ052968v1","6608506","6608756","GL873549","6587606","6587864","65","20900"
"KQ052968v1","6647623","6647825","GL873626","7169260","7169467","59","521637"
"KQ052968v1","6712111","6712404","GL873541","21985689","21985982","62","15273578"
"KQ052968v1","6718198","6718503","GL873545","13698150","13698456","82","6979952"
"KQ052968v1","6736484","6736783","GL873570","9532646","9532938","64","2796162"
"KQ052968v1","6755074","6755366","GL873570","4233529","4233818","63","2521545"
"KQ052968v1","6774708","6775012","GL873561","9330005","9330309","69","2555297"
"KQ052968v1","6776975","6777272","GL873538","1998739","1999037","59","4778236"
"KQ052968v1","6788089","6788352","GL873544","16638194","16638448","54","9850105"
"KQ052968v1","6801778","6802071","GL873635","2454054","2454336","68","4347724"
"KQ052968v1","6808079","6808240","GL873607","5089534","5089685","45","1718545"
"KQ052968v1","6808268","6808384","GL873596","2674100","2674216","21","4134168"
"KQ052968v1","6812663","6812944","GL873543","13000816","13001093","57","6188153"
"KQ052968v1","6815775","6816076","GL873547","17485346","17485626","95","10669571"
"KQ052968v1","6823938","6824111","GL873613","5554859","5555020","52","1269079"
"KQ052968v1","6828815","6828989","GL873742","616637","616810","49","6212178"
"KQ052968v1","6833697","6833997","GL873537","20108472","20108765","72","13274775"
"KQ052968v1","6862534","6862841","GL873563","5489805","5490109","70","1372729"
"KQ052968v1","6863015","6863287","GL873628","1375418","1375692","59","5487597"
"KQ052968v1","6873150","6873423","GL873548","15510967","15511237","66","8637817"
"KQ052968v1","6889107","6889256","GL873570","10511074","10511223","46","3621967"
"KQ052968v1","6889918","6890086","GL873602","5194854","5195026","49","1695064"
"KQ052968v1","6906780","6907079","GL873542","9313163","9313452","68","2406383"
"KQ052968v1","6917999","6918264","GL873593","2507984","2508249","61","4410015"
"KQ052968v1","6921168","6921301","GL873601","6334962","6335086","26","586206"
"KQ052968v1","6930332","6930599","GL873608","1050675","1050948","70","5879657"
"KQ052968v1","6934636","6934940","GL873535","28542258","28542562","67","21607622"
"KQ052968v1","6951586","6951864","GL873613","4074930","4075203","54","2876656"
"KQ052968v1","6964233","6964519","GL873525","19236997","19237288","73","12272764"
"KQ052968v1","6974274","6974518","GL873579","10953212","10953437","60","3978938"
"KQ052968v1","6989382","6989668","GL873613","4122045","4122330","60","2867337"
"KQ052968v1","6991558","6991861","GL873530","5179711","5180017","69","1811847"
"KQ052968v1","7005470","7005652","GL873526","524997","525159","45","6480473"
"KQ052968v1","7007374","7007667","GL873586","3828887","3829179","61","3178487"
"KQ052968v1","7023571","7023855","GL873541","14451118","14451418","75","7427547"
"KQ052968v1","7025024","7025312","GL873586","3828887","3829179","65","3196137"
"KQ052968v1","7029028","7029236","GL873521","46427393","46427598","46","39398365"
"KQ052968v1","7063540","7063837","GL873524","42149014","42149308","54","35085474"
"KQ052968v1","7068610","7068908","GL873610","5611406","5611710","70","1457204"
"KQ052968v1","7074001","7074296","GL873530","11054128","11054411","58","3980127"
"KQ052968v1","7079801","7080084","GL873613","4209761","4210053","77","2870040"
"KQ052968v1","7085833","7086132","GL873563","11017887","11018197","76","3932054"
"KQ052968v1","7096535","7096833","GL873731","181058","181352","66","6915477"
"KQ052968v1","7102832","7103127","GL873573","3157560","3157850","63","3945272"
"KQ052968v1","7131198","7131440","GL873558","6465429","6465665","60","665769"
"KQ052968v1","7140963","7141172","GL873625","5640863","5641072","47","1500100"
"KQ052968v1","7143159","7143430","GL873534","15140925","15141195","66","7997766"
"KQ052968v1","7161618","7161915","GL873557","7046743","7047040","59","114875"
"KQ052968v1","7166408","7166677","GL873592","6478296","6478567","65","688112"
"KQ052968v1","7168426","7168706","GL873677","3168668","3168943","66","3999758"
"KQ052968v1","7182834","7183119","GL873624","287486","287760","74","6895348"
"KQ052968v1","7185288","7185519","GL873540","17231565","17231783","62","10046277"
"KQ052968v1","7186701","7186981","GL873547","17485346","17485626","62","10298645"
"KQ052968v1","7205267","7205560","GL873522","4222168","4222461","59","2983099"
"KQ052968v1","7219340","7219552","GL873557","11743410","11743626","47","4524070"
"KQ052968v1","7223622","7223924","GL873556","996424","996728","70","6227198"
"KQ052968v1","7225551","7225742","GL873554","16344820","16345011","59","9119269"
"KQ052968v1","7236741","7236857","GL873520","38664461","38664577","22","31427720"
"KQ052968v1","7237060","7237321","GL873600","1350506","1350763","80","5886554"
"KQ052968v1","7239210","7239473","GL873520","47023487","47023758","63","39784277"
"KQ052968v1","7248346","7248580","GL873547","17268581","17268812","59","10020235"
"KQ052968v1","7269175","7269464","GL873596","3802430","3802714","67","3466745"
"KQ052968v1","7276387","7276665","GL873752","219309","219580","64","7057078"
"KQ052968v1","7277583","7277895","GL873530","16055785","16056089","63","8778202"
"KQ052968v1","7287691","7287995","GL873629","1991833","1992133","63","5295858"
"KQ052968v1","7288471","7288772","GL873628","6678937","6679236","66","609534"
"KQ052968v1","7292327","7292612","GL873593","2667655","2667944","63","4624672"
"KQ052968v1","7299975","7300162","GL873546","2845476","2845656","50","4454499"
"KQ052968v1","7304747","7305038","GL873545","17052684","17052979","55","9747937"
"KQ052968v1","7326630","7326932","GL873545","20254912","20255212","73","12928282"
"KQ052968v1","7341248","7341552","GL873568","4562469","4562774","74","2778779"
"KQ052968v1","7349316","7349613","GL873545","17052684","17052979","64","9703368"
"KQ052968v1","7354871","7355129","GL873527","37009121","37009363","72","29654250"
"KQ052968v1","7356078","7356379","GL873545","17052684","17052979","65","9696606"
"KQ052968v1","7359830","7360115","AAQR03197459","355","630","73","7359475"
"KQ052968v1","7368411","7368704","GL873729","432103","432405","59","6936308"
"KQ052968v1","7393882","7394174","GL873531","26742442","26742730","72","19348560"
"KQ052968v1","7396723","7397002","GL873520","72570173","72570449","70","65173450"
"KQ052968v1","7406068","7406358","GL873543","2904962","2905248","63","4501106"
"KQ052968v1","7412870","7413160","GL873538","19856647","19856926","74","12443777"
"KQ052968v1","7419771","7420062","GL873557","5844700","5844982","73","1575071"
"KQ052968v1","7456702","7456998","GL873537","20108472","20108765","48","12651770"
"KQ052968v1","7471258","7471538","GL873628","1375418","1375692","59","6095840"
"KQ052968v1","7491734","7491935","GL873524","14926238","14926432","50","7434504"
"KQ052968v1","7502135","7502423","GL873654","440874","441161","56","7061261"
"KQ052968v1","7502503","7502785","GL873610","5232940","5233227","70","2269563"
"KQ052968v1","7503250","7503589","GL873623","2646027","2646351","82","4857223"
"KQ052968v1","7504535","7504849","GL873529","9421454","9421749","63","1916919"
"KQ052968v1","7505358","7505663","GL873523","28431022","28431322","72","20925664"
"KQ052968v1","7513157","7513470","GL873521","4537344","4537658","65","2975813"
"KQ052968v1","7519058","7519407","GL873574","8287269","8287594","89","768211"
"KQ052968v1","7538627","7538921","GL873557","7133081","7133372","62","405546"
"KQ052968v1","7539888","7540240","GL873574","8287269","8287594","103","747381"
"KQ052968v1","7550065","7550394","GL873730","1783861","1784158","79","5766204"
"KQ052968v1","7583021","7583323","GL873646","1344622","1344918","66","6238399"
"KQ052968v1","7591411","7591683","GL873540","24947889","24948166","68","17356478"
"KQ052968v1","7596764","7597068","GL873538","19622743","19623037","63","12025979"
"KQ052968v1","7601823","7601973","GL873563","9053222","9053385","43","1451399"
"KQ052968v1","7602010","7602109","GL873521","7790863","7790963","25","188853"
"KQ052968v1","7803019","7803322","GL873578","4990005","4990295","66","2813014"
"KQ052968v1","7844564","7844814","GL873536","6719825","6720098","74","1124739"
"KQ052968v1","7883772","7884088","GL873613","971789","972086","68","6911983"
"KQ052968v1","7913373","7913628","GL873664","4915614","4915853","75","2997759"
"KQ052968v1","7943192","7943477","GL873672","89308","89598","54","7853884"
"KQ052968v1","8002731","8003028","GL873548","17370076","17370375","71","9367345"
"KQ052968v1","8003705","8003876","GL873675","894917","895080","48","7108788"
"KQ052968v1","8011150","8011439","GL873665","2891460","2891748","60","5119690"
"KQ052968v1","8016305","8016539","GL873520","30129293","30129518","83","22112988"
"KQ052968v1","8016836","8016972","GL873545","20031078","20031208","27","12014242"
"KQ052968v1","8048755","8049027","GL873550","14672546","14672814","82","6623791"
"KQ052968v1","8074034","8074339","GL873593","3958983","3959265","81","4115051"
"KQ052968v1","8096341","8096620","GL873752","219309","219580","71","7877032"
"KQ052968v1","8112847","8113151","GL873525","26089021","26089319","87","17976174"
"KQ052968v1","8144442","8144727","GL873539","15781624","15781906","66","7637182"
"KQ052968v1","8146387","8146503","GL873542","1259218","1259335","23","6887169"
"KQ052968v1","8146558","8146620","GL873657","4410096","4410158","22","3736462"
"KQ052968v1","8154377","8154658","GL873535","12038298","12038580","58","3883921"
"KQ052968v1","8173958","8174101","GL873606","5672183","5672315","34","2501775"
"KQ052968v1","8174427","8174590","GL873577","4898264","4898426","38","3276163"
"KQ052968v1","8182844","8183163","GL873615","5162108","5162422","72","3020736"
"KQ052968v1","8187796","8188039","GL873660","4460196","4460433","66","3727600"
"KQ052968v1","8202464","8202689","GL873709","110895","111095","67","8091569"
"KQ052968v1","8264448","8264735","GL873531","29723463","29723734","77","21459015"
"KQ052968v1","8273496","8273799","GL873570","4233529","4233818","70","4039967"
"KQ052968v1","8288933","8289212","GL873542","9612407","9612676","59","1323474"
"KQ052968v1","8294491","8294816","GL873719","1251966","1252261","83","7042525"
"KQ052968v1","8298181","8298309","GL873625","1318826","1318953","25","6979355"
"KQ052968v1","8302203","8302506","GL873720","1268124","1268434","63","7034079"
"KQ052968v1","8310302","8310586","GL873535","26642711","26642984","73","18332409"
"KQ052968v1","8317255","8317527","GL873548","15230226","15230477","67","6912971"
"KQ052968v1","8322195","8322341","GL873539","4214872","4215015","36","4107323"
"KQ052968v1","8322423","8322581","GL873626","7082756","7082915","37","1239667"
"KQ052968v1","8351354","8351471","GL873671","4280104","4280225","23","4071250"
"KQ052968v1","8366404","8366666","GL873560","5488928","5489198","69","2877476"
"KQ052968v1","8368389","8368642","GL873568","12674938","12675190","60","4306549"
"KQ052968v1","8377406","8377678","GL873526","17110885","17111154","77","8733479"
"KQ052968v1","8381883","8382175","GL873544","12852108","12852394","56","4470225"
"KQ052968v1","8386533","8386820","GL873821","136463","136745","66","8250070"
"KQ052968v1","8391417","8391718","GL873563","11929501","11929790","75","3538084"
"KQ052968v1","8393733","8393854","GL873570","10645932","10646052","23","2252199"
"KQ052968v1","8399923","8400205","GL873550","7644303","7644582","72","755620"
"KQ052968v1","8403292","8403602","GL873574","2979143","2979454","63","5424149"
"KQ052968v1","8404462","8404756","GL873667","3712894","3713183","68","4691568"
"KQ052968v1","8411675","8411975","GL873613","5663062","5663367","63","2748613"
"KQ052968v1","8413698","8413964","GL873520","24648310","24648574","66","16234612"
"KQ052968v1","8421490","8421770","GL873538","2102031","2102304","64","6319459"
"KQ052968v1","8440834","8441119","GL873520","16709587","16709864","62","8268753"
"KQ052968v1","8447369","8447641","GL873752","219309","219580","53","8228060"
"KQ052968v1","8456834","8457111","GL873752","219309","219580","52","8237525"
"KQ052968v1","8465055","8465332","GL873526","25295506","25295789","69","16830451"
"KQ052968v1","8468737","8469047","GL873537","20806240","20806550","71","12337503"
"KQ052968v1","8474536","8474828","GL873526","7882436","7882722","74","592100"
"KQ052968v1","8478266","8478543","GL873614","3834643","3834917","69","4643623"
"KQ052968v1","8482630","8482931","GL873561","9330005","9330309","68","847375"
"KQ052968v1","8484893","8485195","GL873520","48675796","48676094","67","40190903"
"KQ052968v1","8501749","8502032","GL873525","45380033","45380317","71","36878284"
"KQ052968v1","8509511","8509794","GL873574","4855555","4855848","62","3653956"
"KQ052968v1","8537418","8537630","GL873523","24005577","24005782","51","15468159"
"KQ052968v1","8538712","8538972","GL873624","1833935","1834197","64","6704777"
"KQ052968v1","8546230","8546529","GL873531","27860265","27860563","61","19314035"
"KQ052968v1","8548046","8548271","GL873528","38341719","38341932","58","29793673"
"KQ052968v1","8566070","8566268","GL873548","11633832","11634036","42","3067762"
"KQ052968v1","8568158","8568473","GL873770","559098","559399","83","8009060"
"KQ052968v1","8572198","8572446","GL873616","392960","393205","61","8179238"
"KQ052968v1","8574901","8575164","GL873646","1021900","1022148","61","7553001"
"KQ052968v1","8575820","8576113","GL873524","42149014","42149308","58","33573194"
"KQ052968v1","8579531","8579833","GL873524","42149014","42149308","70","33569483"
"KQ052968v1","8583445","8583731","GL873544","12852108","12852394","70","4268663"
"KQ052968v1","8585944","8586072","GL873520","24084579","24084710","29","15498635"
"KQ052968v1","8589063","8589351","GL873584","10485893","10486179","57","1896830"
"KQ052968v1","8590572","8590882","GL873618","2399274","2399558","82","6191298"
"KQ052968v1","8591021","8591136","GL873536","13380865","13380974","39","4789844"
"KQ052968v1","8591468","8591598","GL873544","20997175","20997301","30","12405707"
"KQ052968v1","8599202","8599483","GL873561","9330005","9330309","75","730803"
"KQ052968v1","8600076","8600326","GL873577","6423795","6424047","57","2176281"
"KQ052968v1","8602487","8602704","GL873700","505955","506172","71","8096532"
"KQ052968v1","8602722","8602923","GL873550","14886379","14886570","59","6283657"
"KQ052968v1","8603256","8603351","GL873596","5689703","5689798","26","2913553"
"KQ052968v1","8615945","8616065","GL873521","24507360","24507481","26","15891415"
"KQ052968v1","8635166","8635290","GL873540","9446474","9446596","26","811308"
"KQ052968v1","8636955","8637243","GL873752","219309","219580","62","8417646"
"KQ052968v1","8643630","8643804","GL873521","29859775","29859939","45","21216145"
"KQ052968v1","8643879","8643969","GL873563","6257326","6257416","18","2386553"
"KQ052968v1","8658968","8659252","GL873524","2199972","2200244","80","6458996"
"KQ052968v1","8660090","8660397","GL873613","3096431","3096738","74","5563659"
"KQ052968v1","8666624","8666886","GL873521","4722562","4722827","65","3944062"
"KQ052968v1","8686070","8686349","GL873579","260762","261037","61","8425308"
"KQ052968v1","8699710","8699997","GL873575","2687372","2687665","59","6012338"
"KQ052968v1","8700172","8700469","GL873523","35749330","35749615","73","27049158"
"KQ052968v1","8708057","8708332","GL873565","1322212","1322476","58","7385845"
"KQ052968v1","8732291","8732581","GL873569","2257365","2257661","60","6474926"
"KQ052968v1","8732952","8733242","GL873565","13021413","13021691","81","4288461"
"KQ052968v1","8734530","8734846","GL873565","12235234","12235534","80","3500704"
"KQ052968v1","8734881","8735201","GL873563","11017887","11018197","71","2283006"
"KQ052968v1","8746260","8746549","GL873520","16709587","16709864","61","7963327"
"KQ052968v1","8808568","8808802","GL873621","640182","640418","50","8168386"
"KQ052968v1","8815836","8816134","GL873520","38764685","38764975","69","29948849"
"KQ052968v1","8830047","8830331","GL873547","14329017","14329292","68","5498970"
"KQ052968v1","8835510","8835780","GL873553","8989980","8990229","63","154470"
"KQ052968v1","8836048","8836313","GL873523","29788890","29789147","67","20952842"
"KQ052968v1","8852606","8852893","GL873522","40388442","40388729","63","31535836"
"KQ052968v1","8855277","8855568","GL873543","13000816","13001093","69","4145539"
"KQ052968v1","8865623","8865828","GL873626","7169260","7169467","46","1696363"
"KQ052968v1","8892101","8892409","GL873616","6664512","6664809","71","2227589"
"KQ052968v1","8909136","8909398","GL873535","10475213","10475479","68","1566077"
"KQ052968v1","8917090","8917340","GL873563","2661732","2661982","57","6255358"
"KQ052968v1","8917709","8917831","GL873527","12676657","12676776","23","3758948"
"KQ052968v1","8937591","8937892","GL873612","1562587","1562872","69","7375004"
"KQ052968v1","8947927","8948184","GL873553","8989980","8990229","67","42053"
"KQ052968v1","8970955","8971264","GL873663","3818781","3819087","61","5152174"
"KQ052968v1","8991578","8991866","GL873634","2627489","2627772","54","6364089"
"KQ052968v1","9034170","9034476","GL873720","1268124","1268434","62","7766046"
"KQ052968v1","9061332","9061631","GL873661","1884549","1884860","60","7176783"
"KQ052968v1","9064931","9065225","GL873568","10563353","10563640","52","1498422"
"KQ052968v1","9107711","9107994","GL873542","11639485","11639766","55","2531774"
"KQ052968v1","9133044","9133180","GL873545","16320529","16320660","26","7187485"
"KQ052968v1","9141948","9142219","GL873738","937622","937887","67","8204326"
"KQ052968v1","9260537","9260844","GL873720","1268124","1268434","64","7992413"
"KQ052968v1","9270325","9270586","GL873535","10475213","10475479","52","1204888"
"KQ052968v1","9276578","9276875","GL873720","1268124","1268434","65","8008454"
"KQ052968v1","9278442","9278728","GL873531","25381659","25381942","62","16103217"
"KQ052968v1","9279633","9279934","GL873541","18220450","18220758","71","8940817"
"KQ052968v1","9282199","9282428","GL873522","21258404","21258617","62","11976205"
"KQ052968v1","9290179","9290483","GL873545","12978830","12979129","70","3688651"
"KQ052968v1","9291225","9291540","GL873538","10256256","10256566","71","965031"
"KQ052968v1","9312723","9313025","GL873567","11848801","11849096","58","2536078"
"KQ052968v1","9322180","9322427","GL873618","170347","170584","58","9151833"
"KQ052968v1","9322528","9322706","GL873534","14159190","14159365","45","4836662"
"KQ052968v1","9329885","9330206","GL873589","8355256","8355553","89","974629"
"KQ052968v1","9364249","9364495","GL873522","666047","666315","71","8698202"
"KQ052968v1","9381769","9381887","GL873528","5975901","5976014","29","3405868"
"KQ052968v1","9392592","9392890","GL873530","16695374","16695671","63","7302782"
"KQ052968v1","9432888","9433176","GL873543","2904962","2905248","60","6527926"
"KQ052968v1","9438118","9438416","GL873561","9330005","9330309","67","108113"
"KQ052968v1","9443130","9443408","GL873535","25657238","25657514","61","16214108"
"KQ052968v1","9450959","9451227","GL873790","430011","430293","62","9020948"
"KQ052968v1","9455614","9455903","GL873613","4450657","4450940","60","5004957"
"KQ052968v1","9458171","9458494","GL873615","5162108","5162422","73","4296063"
"KQ052968v1","9461359","9461642","GL873524","42149014","42149308","59","32687655"
"KQ052968v1","9471221","9471508","GL873584","10201756","10202045","57","730535"
"KQ052968v1","9507912","9508204","GL873727","1293510","1293797","68","8214402"
"KQ052968v1","9543215","9543522","GL873531","19369345","19369649","59","9826130"
"KQ052968v1","9560945","9561061","GL873613","6886306","6886421","22","2674639"
"KQ052968v1","9564525","9564830","GL873641","3338767","3339075","63","6225758"
"KQ052968v1","9572475","9572638","GL873538","1588442","1588593","39","7984033"
"KQ052968v1","9572671","9572781","GL873543","18494162","18494275","25","8921491"
"KQ052968v1","9574912","9575221","GL873720","1268124","1268434","60","8306788"
"KQ052968v1","9578695","9578945","GL873522","4831490","4831754","68","4747205"
"KQ052968v1","9581713","9581983","GL873624","3232808","3233080","73","6348905"
"KQ052968v1","9602908","9603187","GL873538","3757160","3757448","60","5845748"
"KQ052968v1","9604617","9604914","GL873540","11122200","11122500","64","1517583"
"KQ052968v1","9613237","9613508","GL873545","2508162","2508439","68","7105075"
"KQ052968v1","9619612","9619880","GL873611","607167","607439","58","9012445"
"KQ052968v1","9621139","9621269","GL873539","8727683","8727815","25","893456"
"KQ052968v1","9630539","9630813","GL873526","27363782","27364052","70","17733243"
"KQ052968v1","9639798","9640002","GL873522","4143100","4143302","49","5496698"
"KQ052968v1","9643797","9644065","GL873534","14629130","14629395","80","4985333"
"KQ052968v1","9645382","9645649","GL873680","785863","786136","65","8859519"
"KQ052968v1","9645657","9645873","GL873522","21258404","21258617","54","11612747"
"KQ052968v1","9653490","9653762","GL873631","6764697","6764964","59","2888793"
"KQ052968v1","9661083","9661349","GL873537","20994120","20994387","74","11333037"
"KQ052968v1","9679267","9679539","GL873546","13143077","13143343","65","3463810"
"KQ052968v1","9684847","9685068","GL873522","3805123","3805354","59","5879724"
"KQ052968v1","9711088","9711392","GL873557","7046743","7047040","71","2664345"
"KQ052968v1","9734028","9734321","GL873616","6664512","6664809","76","3069516"
"KQ052968v1","9762148","9762349","GL873543","11364051","11364263","59","1601903"
"KQ052968v1","9770408","9770686","GL873659","1551093","1551381","63","8219315"
"KQ052968v1","9809673","9809942","GL873618","3140219","3140472","63","6669454"
"KQ052968v1","9813327","9813625","GL873539","18506813","18507102","62","8693486"
"KQ052968v1","9817987","9818228","GL873613","7193630","7193869","53","2624357"
"KQ052968v1","9837489","9837804","GL873628","6998448","6998759","69","2839041"
"KQ052968v1","9842428","9842708","GL873627","5254766","5255045","67","4587662"
"KQ052968v1","9846236","9846537","GL873563","5489805","5490109","57","4356431"
"KQ052968v1","9848047","9848252","GL873523","24005577","24005782","47","14157530"
"KQ052968v1","9874341","9874619","GL873576","10218517","10218787","66","344176"
"KQ052968v1","9914778","9915076","GL873530","16695374","16695671","61","6780596"
"KQ052968v1","9916227","9916524","GL873599","3843599","3843887","57","6072628"
"KQ052968v1","9938788","9939069","GL873535","12038298","12038580","60","2099510"
"KQ052968v1","10003495","10003801","GL873542","8032564","8032870","62","1970931"
"KQ052968v1","10007937","10008245","GL873537","23325667","23325965","71","13317730"
"KQ052968v1","10011084","10011205","GL873542","1259218","1259335","28","8751866"
"KQ052968v1","10065907","10066204","GL873615","5889225","5889521","59","4176682"
"KQ052968v1","10078028","10078335","GL873561","9330005","9330309","63","748023"
"KQ052968v1","10132830","10133121","GL873569","6836240","6836526","63","3296590"
"KQ052968v1","10144815","10145107","GL873525","35143537","35143806","80","24998722"
"KQ052968v1","10242121","10242404","GL873523","36092279","36092558","62","25850158"
"KQ052968v1","10244968","10245246","GL873535","25725404","25725671","79","15480436"
"KQ052968v1","10277980","10278249","GL873627","7185483","7185750","52","3092497"
"KQ052968v1","10313530","10313831","GL873524","42149014","42149308","59","31835484"
"KQ052968v1","10342406","10342701","GL873523","25103659","25103947","59","14761253"
"KQ052968v1","10349491","10349791","GL873521","6835945","6836242","63","3513546"
"KQ052968v1","10349893","10350180","GL873526","25295506","25295789","66","14945613"
"KQ052968v1","10356971","10357281","GL873661","1884549","1884860","58","8472422"
"KQ052968v1","10364413","10364717","GL873561","9330005","9330309","65","1034408"
"KQ052968v1","10369069","10369369","GL873609","7137543","7137854","63","3231526"
"KQ052968v1","10389834","10390125","GL873584","6755696","6755989","67","3634138"
"KQ052968v1","10393655","10393945","GL873720","1268124","1268434","72","9125531"
"KQ052968v1","10401514","10401824","GL873530","17375868","17376165","60","6974354"
"KQ052968v1","10402094","10402409","GL873540","11122200","11122500","80","720106"
"KQ052968v1","10405110","10405428","GL873533","15364100","15364398","83","4958990"
"KQ052968v1","10409298","10409577","GL873524","15273262","15273553","66","4863964"
"KQ052968v1","10421609","10421960","GL873540","10889957","10890291","106","468348"
"KQ052968v1","10461979","10462249","GL873520","60131042","60131319","55","49669063"
"KQ052968v1","10488668","10488834","GL873520","24923364","24923512","57","14434696"
"KQ052968v1","10499088","10499359","GL873586","8120080","8120363","69","2379008"
"KQ052968v1","10499512","10499798","GL873800","736311","736599","55","9763201"
"KQ052968v1","10503671","10503965","GL873618","1644125","1644404","75","8859546"
"KQ052968v1","10504130","10504341","GL873611","1923705","1923913","49","8580425"
"KQ052968v1","10518778","10519093","GL873720","1268124","1268434","60","9250654"
"KQ052968v1","10529230","10529432","GL873579","11042363","11042566","46","513133"
"KQ052968v1","10555127","10555429","GL873643","4844327","4844611","78","5710800"
"KQ052968v1","10556309","10556553","GL873522","47576823","47577070","69","37020514"
"KQ052968v1","10557084","10557381","GL873523","28417992","28418279","67","17860908"
"KQ052968v1","10571737","10572013","GL873547","17485346","17485626","67","6913609"
"KQ052968v1","10577867","10578144","GL873752","219309","219580","53","10358558"
"KQ052968v1","10578748","10578926","GL873583","7437530","7437707","52","3141218"
"KQ052968v1","10590211","10590462","GL873545","10389094","10389339","65","201117"
"KQ052968v1","10597638","10597905","GL873547","12234315","12234581","76","1636677"
"KQ052968v1","10606910","10607062","GL873528","38418942","38419087","38","27812032"
"KQ052968v1","10624294","10624509","GL873546","14122456","14122651","64","3498162"
"KQ052968v1","10624510","10624804","GL873522","25185925","25186218","69","14561415"
"KQ052968v1","10624805","10624939","GL873530","26696256","26696387","29","16071451"
"KQ052968v1","10670641","10670937","GL873579","984876","985165","72","9685765"
"KQ052968v1","10708078","10708365","GL873550","16189253","16189537","60","5481175"
"KQ052968v1","10712798","10713094","GL873586","8120080","8120363","76","2592718"
"KQ052968v1","10729928","10730048","GL873537","18687435","18687554","16","7957507"
"KQ052968v1","10750695","10750904","GL873522","4143100","4143302","58","6607595"
"KQ052968v1","10753146","10753359","GL873549","8221995","8222198","51","2531151"
"KQ052968v1","10753948","10754007","GL873551","2623547","2623605","18","8130401"
"KQ052968v1","10759790","10759953","GL873577","4898264","4898426","34","5861526"
"KQ052968v1","10776068","10776328","GL873632","6442574","6442826","62","4333494"
"KQ052968v1","10814691","10814856","GL873576","8672404","8672571","41","2142287"
"KQ052968v1","10828866","10828899","GL873589","8476009","8476037","10","2352857"
"KQ052968v1","10829222","10829489","GL873585","1666594","1666867","73","9162628"
"KQ052968v1","10846821","10847091","GL873531","25381659","25381942","69","14534838"
"KQ052968v1","10851613","10851893","GL873525","35143537","35143806","73","24291924"
"KQ052968v1","10856219","10856487","GL873523","38838706","38838972","73","27982487"
"KQ052968v1","10857754","10857959","GL873649","2490086","2490294","45","8367668"
"KQ052968v1","10873094","10873362","GL873526","7380015","7380272","75","3493079"
"KQ052968v1","10879844","10879971","GL873564","3265109","3265236","21","7614735"
"KQ052968v1","10882798","10883072","GL873541","22474927","22475209","91","11592129"
"KQ052968v1","10894337","10894447","GL873535","10000001","10000113","33","894336"
"KQ052968v1","10902072","10902182","GL873533","17008389","17008498","27","6106317"
"KQ052968v1","10903990","10904271","GL873596","3562116","3562414","70","7341874"
"KQ052968v1","10913087","10913201","GL873589","9558780","9558894","30","1354307"
"KQ052968v1","10913827","10913985","GL873631","6752351","6752514","33","4161476"
"KQ052968v1","10931665","10931961","GL873523","28857284","28857574","70","17925619"
"KQ052968v1","10941603","10941908","GL873532","16063689","16063996","69","5122086"
"KQ052968v1","10962774","10963083","GL873548","17482771","17483070","73","6519997"
"KQ052968v1","10963356","10963461","GL873668","475595","475705","21","10487761"
"KQ052968v1","10998322","10998611","GL873653","2463372","2463673","73","8534950"
"KQ052968v1","11000315","11000626","GL873545","13698150","13698456","75","2697835"
"KQ052968v1","11012094","11012379","GL873529","23083772","23084054","50","12071678"
"KQ052968v1","11037700","11037784","GL873650","4908471","4908562","26","6129229"
"KQ052968v1","11050111","11050402","GL873536","11777148","11777412","66","727037"
"KQ052968v1","11053947","11054249","GL873527","10910929","10911225","62","143018"
"KQ052968v1","11082460","11082764","GL873524","6095319","6095622","79","4987141"
"KQ052968v1","11095033","11095290","GL873522","36470419","36470671","55","25375386"
"KQ052968v1","11165176","11165402","GL873582","6648049","6648280","50","4517127"
"KQ052968v1","11438237","11438559","GL873729","432103","432405","78","11006134"
"KQ052968v1","11526235","11526513","GL873546","13143077","13143343","63","1616842"
"KQ052968v1","11584447","11584756","GL873560","524189","524503","65","11060258"
"KQ052968v1","11951703","11952003","GL873521","3525777","3526067","72","8425926"
"KQ052968v1","12026593","12026888","GL873523","28431022","28431322","75","16404429"
"KQ052968v1","12042916","12043213","GL873671","1289718","1290012","61","10753198"
"KQ052968v1","12193868","12194164","GL873532","21611611","21611905","71","9417743"
"KQ052968v1","12472561","12472857","GL873528","8480165","8480458","79","3992396"
"KQ052968v1","12483289","12483468","GL873525","28490691","28490876","46","16007402"
"KQ052968v1","12603127","12603310","GL873540","24287721","24287887","51","11684594"
"KQ052968v1","12848996","12849188","GL873530","15113216","15113396","49","2264220"
"KQ052968v1","12849878","12850151","GL873542","22849812","22850088","63","9999934"
"KQ052968v1","12853947","12854244","GL873546","13542628","13542944","79","688681"
"KQ052968v1","12854823","12855042","GL873539","18737169","18737376","55","5882346"
"KQ052968v1","12855044","12855153","GL873623","7232366","7232466","23","5622678"
"KQ052968v1","12855908","12856209","GL873553","7968267","7968561","59","4887641"
"KQ052968v1","12863118","12863293","GL873521","8923587","8923754","48","3939531"
"KQ052968v1","12915281","12915584","GL873631","4669290","4669599","63","8245991"
"KQ052968v1","12924776","12925072","GL873545","20254912","20255212","60","7330136"
"KQ052968v1","12944946","12945247","GL873575","8875744","8876043","64","4069202"
"KQ052968v1","12963860","12964158","GL873660","4839990","4840286","63","8123870"
"KQ052968v1","13021301","13021606","GL873526","20255818","20256125","75","7234517"
"KQ052968v1","13038224","13038511","GL873531","19369345","19369649","74","6331121"
"KQ052968v1","13066072","13066377","GL873530","14578517","14578828","66","1512445"
"KQ052968v1","13078483","13078789","GL873625","3330882","3331184","73","9747601"
"KQ052968v1","13122953","13123064","GL873523","4603332","4603429","29","8519621"
"KQ052968v1","13148419","13148728","GL873646","2478007","2478313","67","10670412"
"KQ052968v1","13152995","13153141","GL873576","2990867","2991012","33","10162128"
"KQ052968v1","13159466","13159774","GL873631","4408537","4408829","66","8750929"
"KQ052968v1","13167459","13167786","GL873533","30536772","30537060","82","17369313"
"KQ052968v1","13169586","13169875","GL873624","2242923","2243207","60","10926663"
"KQ052968v1","13187328","13187616","GL873544","17089279","17089563","62","3901951"
"KQ052968v1","13232219","13232515","GL873531","27860265","27860563","62","14628046"
"KQ052968v1","13243000","13243288","GL873528","4452981","4453269","76","8790019"
"KQ052968v1","13267068","13267191","GL873528","8778344","8778466","23","4488724"
"KQ052968v1","13271518","13271737","GL873598","8002802","8003019","70","5268716"
"KQ052968v1","13282326","13282621","GL873537","20108472","20108765","63","6826146"
"KQ052968v1","13290267","13290567","GL873664","3420714","3420988","78","9869553"
"KQ052968v1","13293676","13293950","GL873544","12852108","12852394","66","441568"
"KQ052968v1","13312816","13313109","GL873523","28857284","28857574","70","15544468"
"KQ052968v1","13316489","13316652","GL873541","17651346","17651496","41","4334857"
"KQ052968v1","13319555","13319657","GL873526","17489919","17490018","24","4170364"
"KQ052968v1","13323088","13323244","GL873541","17651346","17651496","38","4328258"
"KQ052968v1","13350852","13351138","GL873586","8120080","8120363","58","5230772"
"KQ052968v1","13418244","13418564","GL873720","1268124","1268434","79","12150120"
"KQ052968v1","13439869","13440157","GL873600","6105074","6105355","73","7334795"
"KQ052968v1","13443779","13444072","GL873595","1989740","1990031","64","11454039"
"KQ052968v1","13476057","13476324","GL873534","15140925","15141195","62","1664868"
"KQ052968v1","13477837","13478119","GL873646","1073675","1073956","59","12404162"
"KQ052968v1","13483679","13483752","GL873582","995718","995783","20","12487961"
"KQ052968v1","13484083","13484212","GL873589","9755988","9756114","32","3728095"
"KQ052968v1","13484243","13484418","GL873596","4481441","4481614","37","9002802"
"KQ052968v1","13487970","13488271","GL873520","38236690","38236980","86","24748720"
"KQ052968v1","13494366","13494665","GL873540","11122200","11122500","70","2372166"
"KQ052968v1","13497750","13497907","GL873536","4785209","4785370","42","8712541"
"KQ052968v1","13508098","13508217","GL873541","2356868","2356988","27","11151230"
"KQ052968v1","13515100","13515399","GL873639","3932137","3932423","67","9582963"
"KQ052968v1","13515741","13516049","GL873563","5489805","5490109","60","8025936"
"KQ052968v1","13524188","13524482","GL873574","5160157","5160440","61","8364031"
"KQ052968v1","13525117","13525414","GL873545","12978830","12979129","57","546287"
"KQ052968v1","13533198","13533498","GL873565","12300518","12300811","54","1232680"
"KQ052968v1","13543914","13544219","GL873528","11285622","11285914","74","2258292"
"KQ052968v1","13564621","13564932","GL873720","1268124","1268434","54","12296497"
"KQ052968v1","13566098","13566403","GL873575","2687372","2687665","75","10878726"
"KQ052968v1","13570122","13570426","GL873613","971789","972086","55","12598333"
"KQ052968v1","13577959","13578274","GL873529","25134351","25134664","80","11556392"
"KQ052968v1","13580267","13580502","GL873520","8050197","8050448","62","5530070"
"KQ052968v1","13587966","13588261","GL873558","11891524","11891812","62","1696442"
"KQ052968v1","13590996","13591305","GL873530","28263781","28264089","64","14672785"
"KQ052968v1","13600184","13600482","GL873537","20108472","20108765","60","6508288"
"KQ052968v1","13622637","13622848","GL873579","11042363","11042566","58","2580274"
"KQ052968v1","13623388","13623683","GL873545","12978830","12979129","68","644558"
"KQ052968v1","13632425","13632623","GL873562","10216984","10217160","59","3415441"
"KQ052968v1","13650496","13650774","GL873532","2413129","2413399","63","11237367"
"KQ052968v1","13651133","13651435","GL873529","13655569","13655868","62","4436"
"KQ052968v1","13654353","13654658","GL873563","5489805","5490109","67","8164548"
"KQ052968v1","13655285","13655549","GL873631","290821","291077","71","13364464"
"KQ052968v1","13655939","13656223","GL873525","35143537","35143806","63","21487598"
"KQ052968v1","13671268","13671556","GL873537","20108472","20108765","59","6437204"
"KQ052968v1","13672692","13672980","GL873536","13666883","13667160","71","5809"
"KQ052968v1","13682211","13682463","GL873522","16842869","16843111","75","3160658"
"KQ052968v1","13692812","13693086","GL873563","3383434","3383704","62","10309378"
"KQ052968v1","13701415","13701649","GL873529","13280338","13280571","64","421077"
"KQ052968v1","13714577","13714857","GL873520","15940530","15940809","63","2225953"
"KQ052968v1","13716430","13716778","GL873577","7611226","7611549","112","6105204"
"KQ052968v1","13723097","13723397","GL873802","684737","685024","70","13038360"
"KQ052968v1","13729282","13729559","GL873628","1375418","1375692","69","12353864"
"KQ052968v1","13736619","13736913","GL873800","736311","736599","75","13000308"
"KQ052968v1","13758289","13758591","GL873557","7267236","7267535","68","6491053"
"KQ052968v1","13762625","13762903","GL873789","87737","88019","66","13674888"
"KQ052968v1","13762941","13763222","GL873654","440874","441161","66","13322067"
"KQ052968v1","13773566","13773843","GL873579","2621286","2621561","73","11152280"
"KQ052968v1","13788499","13788770","GL873554","8077993","8078275","71","5710506"
"KQ052968v1","13798595","13798906","GL873574","2979143","2979454","60","10819452"
"KQ052968v1","13817124","13817414","GL873526","4353131","4353412","59","9463993"
"KQ052968v1","13825411","13825654","GL873526","8449466","8449690","73","5375945"
"KQ052968v1","13869752","13870038","GL873532","17044604","17044891","63","3174852"
"KQ052968v1","13871564","13871872","GL873540","19013371","19013667","58","5141807"
"KQ052968v1","13886674","13886984","GL873663","2383516","2383802","78","11503158"
"KQ052968v1","13892182","13892390","GL873625","5640863","5641072","55","8251319"
"KQ052968v1","13908568","13908844","GL873563","1340706","1340977","60","12567862"
"KQ052968v1","13912093","13912391","GL873590","120357","120643","64","13791736"
"KQ052968v1","13920102","13920327","GL873631","3545746","3545938","57","10374356"
"KQ052968v1","13929223","13929502","GL873571","4051253","4051534","58","9877970"
"KQ052968v1","13991839","13992062","GL873586","8075604","8075806","58","5916235"
"KQ052968v1","13992420","13992629","GL873613","1163416","1163603","58","12829004"
"KQ052968v1","13992819","13993094","GL873520","68861486","68861764","75","54868667"
"KQ052968v1","13993414","13993716","GL873720","1268124","1268434","56","12725290"
"KQ052968v1","14000286","14000448","GL873653","642593","642744","50","13357693"
"KQ052968v1","14000967","14001232","GL873531","19349136","19349405","66","5348169"
"KQ052968v1","14009162","14009364","GL873528","4022890","4023088","48","9986272"
"KQ052968v1","14011295","14011561","GL873522","18050101","18050365","65","4038806"
"KQ052968v1","14015878","14016187","GL873720","1268124","1268434","63","12747754"
"KQ052968v1","14016517","14016826","GL873720","1268124","1268434","65","12748393"
"KQ052968v1","14018590","14018882","GL873557","8775388","8775677","68","5243202"
"KQ052968v1","14035065","14035348","GL873523","44192751","44193025","71","30157686"
"KQ052968v1","14038545","14038778","GL873607","7162733","7162962","66","6875812"
"KQ052968v1","14046297","14046604","GL873634","655416","655720","72","13390881"
"KQ052968v1","14058517","14058757","GL873591","2049698","2049916","69","12008819"
"KQ052968v1","14082015","14082332","GL873523","32494078","32494381","76","18412063"
"KQ052968v1","14090683","14091003","GL873616","3422086","3422397","64","10668597"
"KQ052968v1","14173241","14173527","GL873586","6854900","6855180","56","7318341"
"KQ052968v1","14186133","14186427","GL873528","4485266","4485552","67","9700867"
"KQ052968v1","14207023","14207096","GL873664","3965926","3966001","17","10241097"
"KQ052968v1","14217280","14217501","GL873566","13161077","13161300","46","1056203"
"KQ052968v1","14224284","14224586","GL873615","5162108","5162422","78","9062176"
"KQ052968v1","14225150","14225452","GL873802","628011","628305","68","13597139"
"KQ052968v1","14235679","14235959","GL873721","824739","825025","63","13410940"
"KQ052968v1","14245619","14245890","GL873568","12674938","12675190","63","1570681"
"KQ052968v1","14321212","14321496","GL873526","23339585","23339869","77","9018373"
"KQ052968v1","14327200","14327469","GL873520","40141775","40142036","78","25814575"
"KQ052968v1","14367575","14367781","GL873585","680235","680441","51","13687340"
"KQ052968v1","14389967","14390271","GL873572","9034316","9034616","71","5355651"
"KQ052968v1","14403905","14404178","GL873527","9534119","9534390","71","4869786"
"KQ052968v1","14421387","14421548","GL873522","36614954","36615106","50","22193567"
"KQ052968v1","14440282","14440563","GL873686","584235","584523","58","13856047"
"KQ052968v1","14441541","14441820","GL873534","15140925","15141195","53","699384"
"KQ052968v1","14454317","14454614","GL873834","390670","390970","60","14063647"
"KQ052968v1","14455873","14456175","GL873530","6899034","6899333","74","7556839"
"KQ052968v1","14470420","14470643","GL873545","3758091","3758301","54","10712329"
"KQ052968v1","14470973","14471034","GL873615","6575295","6575353","15","7895678"
"KQ052968v1","14473669","14473967","GL873547","17354481","17354764","77","2880812"
"KQ052968v1","14477221","14477482","GL873782","841549","841830","72","13635672"
"KQ052968v1","14481639","14481928","GL873538","2102031","2102304","65","12379608"
"KQ052968v1","14492291","14492580","GL873557","7267236","7267535","64","7225055"
"KQ052968v1","14507780","14508077","GL873596","6774480","6774760","80","7733300"
"KQ052968v1","14509565","14509867","GL873545","16381881","16382184","63","1872316"
"KQ052968v1","14516646","14516943","GL873577","10149931","10150226","78","4366715"
"KQ052968v1","14556002","14556259","GL873560","8931049","8931288","54","5624953"
"KQ052968v1","14569106","14569407","GL873521","49874189","49874492","65","35305083"
"KQ052968v1","14660231","14660528","GL873631","2720016","2720313","75","11940215"
"KQ052968v1","14722443","14722758","GL873623","4501593","4501900","59","10220850"
"KQ052968v1","14726247","14726543","GL873545","17052684","17052979","52","2326437"
"KQ052968v1","14802967","14803254","GL873537","20108472","20108765","62","5305505"
"KQ052969v1","3145609","3145907","GL873522","26487461","26487763","62","23341852"
"KQ052969v1","150196","150505","GL873535","11877698","11878000","68","11727502"
"KQ052969v1","168216","168545","GL873656","4223738","4224049","79","4055522"
"KQ052969v1","188652","188923","GL873632","5546235","5546488","64","5357583"
"KQ052969v1","386118","386397","GL873528","17703992","17704266","58","17317874"
"KQ052969v1","548315","548610","GL873525","12278825","12279119","65","11730510"
"KQ052969v1","595854","596165","GL873709","1487557","1487853","75","891703"
"KQ052969v1","636871","637107","GL873531","6081940","6082177","64","5445069"
"KQ052969v1","647746","647993","GL873825","388120","388377","58","259626"
"KQ052969v1","656337","656575","GL873825","388120","388377","62","268217"
"KQ052969v1","718931","719218","GL873579","984876","985165","67","265945"
"KQ052969v1","805862","806163","GL873556","451239","451541","67","354623"
"KQ052969v1","831905","832220","GL873574","2979143","2979454","80","2147238"
"KQ052969v1","839560","839704","GL873593","4524709","4524854","33","3685149"
"KQ052969v1","848391","848676","GL873531","25381659","25381942","67","24533268"
"KQ052969v1","862078","862392","GL873624","4145937","4146255","67","3283859"
"KQ052969v1","865140","865457","GL873615","5162108","5162422","75","4296968"
"KQ052969v1","914518","914794","GL873577","10149931","10150226","68","9235413"
"KQ052969v1","969389","969683","GL873575","2687372","2687665","56","1717983"
"KQ052969v1","1003842","1004136","GL873520","48675796","48676094","62","47671954"
"KQ052969v1","1017200","1017498","GL873589","3378207","3378497","69","2361007"
"KQ052969v1","1024326","1024470","GL873557","6674981","6675119","36","5650655"
"KQ052969v1","1031389","1031688","GL873663","472158","472454","69","559231"
"KQ052969v1","1032188","1032333","GL873631","4278964","4279096","46","3246776"
"KQ052969v1","1041489","1041773","GL873700","423134","423410","68","618355"
"KQ052969v1","1046521","1046792","GL873592","6246431","6246712","71","5199910"
"KQ052969v1","1046794","1046986","GL873617","1147279","1147459","57","100485"
"KQ052969v1","1072178","1072474","GL873524","15224849","15225130","73","14152671"
"KQ052969v1","1083556","1083824","GL873527","10856961","10857228","66","9773405"
"KQ052969v1","1087270","1087517","GL873522","25331476","25331715","73","24244206"
"KQ052969v1","1087590","1087865","GL873526","12865197","12865466","66","11777607"
"KQ052969v1","1090422","1090499","GL873538","17481108","17481179","14","16390686"
"KQ052969v1","1092340","1092605","GL873609","7675469","7675734","56","6583129"
"KQ052969v1","1109185","1109431","GL873523","34762815","34763065","59","33653630"
"KQ052969v1","1112561","1112855","GL873529","18887066","18887356","63","17774505"
"KQ052969v1","1133408","1133700","GL873588","625098","625393","71","508310"
"KQ052969v1","1143375","1143640","GL873579","984876","985165","69","158499"
"KQ052969v1","1170368","1170660","AAQR03197459","355","630","76","1170013"
"KQ052969v1","1171563","1171662","GL873661","3407950","3408045","26","2236387"
"KQ052969v1","1185757","1186065","GL873563","5489805","5490109","63","4304048"
"KQ052969v1","1196970","1197217","GL873540","16410163","16410408","63","15213193"
"KQ052969v1","1214983","1215271","GL873661","1095299","1095581","58","119684"
"KQ052969v1","1230719","1230841","GL873628","7011769","7011893","24","5781050"
"KQ052969v1","1240778","1241061","GL873542","1917848","1918117","68","677070"
"KQ052969v1","1246748","1246835","GL873521","12211725","12211816","29","10964977"
"KQ052969v1","1250398","1250699","GL873531","27860265","27860563","58","26609867"
"KQ052969v1","1260235","1260532","GL873646","5530496","5530792","73","4270261"
"KQ052969v1","1270919","1271205","GL873530","15616709","15616998","61","14345790"
"KQ052969v1","1276923","1277124","GL873525","33587731","33587939","53","32310808"
"KQ052969v1","1286249","1286532","GL873579","620724","621006","65","665525"
"KQ052969v1","1304866","1305143","GL873601","5269322","5269589","62","3964456"
"KQ052969v1","1322723","1323004","GL873589","3682172","3682468","69","2359449"
"KQ052969v1","1324280","1324554","GL873536","11039988","11040262","69","9715708"
"KQ052969v1","1348716","1348872","GL873530","16082476","16082634","30","14733760"
"KQ052969v1","1348906","1349010","GL873531","5954788","5954897","25","4605882"
"KQ052969v1","1353500","1353722","GL873625","5640863","5641072","50","4287363"
"KQ052969v1","1364398","1364506","GL873548","14290617","14290727","23","12926219"
"KQ052969v1","1382988","1383277","GL873596","8378412","8378699","64","6995424"
"KQ052969v1","1401492","1401713","GL873591","2049698","2049916","48","648206"
"KQ052969v1","1401813","1402051","GL873641","1679724","1679978","68","277911"
"KQ052969v1","1421866","1422150","GL873527","23749251","23749546","70","22327385"
"KQ052969v1","1455870","1456176","GL873541","21985689","21985982","75","20529819"
"KQ052969v1","1478360","1478647","GL873536","6777364","6777651","67","5299004"
"KQ052969v1","1533113","1533390","GL873563","10148087","10148345","79","8614974"
"KQ052969v1","1550065","1550374","GL873620","6795585","6795887","60","5245520"
"KQ052969v1","1565922","1566214","GL873533","15128008","15128290","75","13562086"
"KQ052969v1","1614968","1615235","GL873576","7005736","7005999","62","5390768"
"KQ052969v1","1812768","1812990","GL873520","40069156","40069375","57","38256388"
"KQ052969v1","2039142","2039449","GL873619","5292487","5292792","59","3253345"
"KQ052969v1","2049267","2049565","GL873544","19347362","19347661","69","17298095"
"KQ052969v1","2190009","2190179","GL873558","6433449","6433610","45","4243440"
"KQ052969v1","2190208","2190328","GL873550","15022505","15022626","23","12832297"
"KQ052969v1","2259831","2260112","GL873573","8282675","8282954","58","6022844"
"KQ052969v1","2371523","2371792","GL873554","4809379","4809649","78","2437856"
"KQ052969v1","2409653","2409926","GL873632","2531304","2531561","78","121651"
"KQ052969v1","2487998","2488309","GL873720","1268124","1268434","65","1219874"
"KQ052969v1","2497410","2497574","GL873677","3513131","3513290","33","1015721"
"KQ052969v1","2501360","2501665","GL873560","12951592","12951892","63","10450232"
"KQ052969v1","2520669","2520734","GL873551","3148980","3149041","18","628311"
"KQ052969v1","2528480","2528775","GL873593","480828","481113","80","2047652"
"KQ052969v1","2587485","2587757","GL873595","3391839","3392118","61","804354"
"KQ052969v1","2658009","2658319","GL873608","4218070","4218374","72","1560061"
"KQ052969v1","2743976","2744237","GL873528","4366219","4366462","69","1622243"
"KQ052969v1","3041524","3041833","GL873521","3596755","3597054","69","555231"
"KQ052969v1","3258004","3258198","GL873532","30618605","30618788","48","27360601"
"KQ052969v1","3264886","3265193","GL873557","7267236","7267535","65","4002350"
"KQ052969v1","3298215","3298504","GL873646","999713","1000000","65","2298502"
"KQ052969v1","3402525","3402827","GL873589","5747212","5747511","66","2344687"
"KQ052969v1","3441032","3441284","GL873663","3255384","3255632","75","185648"
"KQ052969v1","3446633","3446842","GL873779","1081945","1082162","67","2364688"
"KQ052969v1","3555124","3555232","GL873653","8766","8880","27","3546358"
"KQ052969v1","3573929","3574222","GL873531","27860265","27860563","54","24286336"
"KQ052969v1","3705725","3706012","GL873544","12852108","12852394","56","9146383"
"KQ052969v1","3721015","3721164","GL873532","31617170","31617323","37","27896155"
"KQ052969v1","3782729","3783033","GL873545","17469759","17470056","66","13687030"
"KQ052969v1","3790249","3790536","GL873521","53893978","53894270","67","50103729"
"KQ052969v1","3850001","3850267","GL873520","16709587","16709864","73","12859586"
"KQ052969v1","3852672","3852972","GL873530","28263781","28264089","65","24411109"
"KQ052969v1","3898871","3899156","GL873535","25840890","25841174","62","21942019"
"KQ052969v1","4074489","4074773","GL873526","25295506","25295789","71","21221017"
"KQ052969v1","4107631","4107938","GL873521","6835945","6836242","60","2728314"
"KQ052969v1","4114493","4114793","GL873521","49874189","49874492","54","45759696"
"KQ052969v1","4135954","4136039","GL873520","40792539","40792622","17","36656585"
"KQ052969v1","4177637","4177761","GL873619","2868214","2868339","22","1309423"
"KQ052969v1","4192114","4192368","GL873536","15339065","15339320","74","11146951"
"KQ052969v1","4209933","4210231","GL873532","17044604","17044891","69","12834671"
"KQ052969v1","4219763","4220050","GL873574","9516622","9516906","63","5296859"
"KQ052969v1","4239590","4239878","GL873523","28439312","28439608","78","24199722"
"KQ052969v1","4272281","4272595","GL873548","17482771","17483070","76","13210490"
"KQ052969v1","4312072","4312358","GL873525","21434358","21434641","70","17122286"
"KQ052969v1","4337219","4337508","GL873525","8931053","8931313","81","4593834"
"KQ052969v1","4351051","4351391","GL873530","5381663","5381977","89","1030612"
"KQ052969v1","4351748","4351998","GL873539","2856357","2856613","67","1495391"
"KQ052969v1","4390893","4391180","GL873593","480828","481113","68","3910065"
"KQ052969v1","4444246","4444419","GL873677","3674922","3675096","43","769324"
"KQ052969v1","4464790","4465070","GL873526","25295506","25295789","60","20830716"
"KQ052969v1","4479781","4480115","GL873539","19375234","19375524","98","14895453"
"KQ052969v1","4494153","4494421","GL873538","25734742","25735003","71","21240589"
"KQ052969v1","4548547","4548848","GL873534","8473148","8473443","61","3924601"
"KQ052969v1","4608658","4608949","GL873550","16189253","16189537","59","11580595"
"KQ052969v1","4632415","4632720","GL873520","9594330","9594626","70","4961915"
"KQ052969v1","4660001","4660284","GL873522","26431469","26431747","55","21771468"
"KQ052969v1","4698360","4698664","GL873534","21227784","21228082","82","16529424"
"KQ052969v1","4733438","4733720","GL873521","53707997","53708279","68","48974559"
"KQ052969v1","4789476","4789787","GL873624","2308457","2308738","84","2481019"
"KQ052969v1","4888395","4888673","GL873587","2916612","2916896","70","1971783"
"KQ052969v1","4970376","4970674","GL873577","10149931","10150226","68","5179555"
"KQ052969v1","5070790","5071076","GL873532","30298418","30298687","76","25227628"
"KQ052969v1","5129498","5129791","GL873569","2257365","2257661","67","2872133"
"KQ052969v1","5169260","5169364","GL873697","3397234","3397337","17","1772026"
"KQ052969v1","5314102","5314408","GL873610","4431407","4431713","56","882695"
"KQ052969v1","5334082","5334294","GL873533","27455737","27455939","53","22121655"
"KQ052969v1","5424613","5424831","GL873569","6659570","6659776","53","1234957"
"KQ052969v1","5472045","5472333","GL873703","2548437","2548717","75","2923608"
"KQ052969v1","5473688","5473975","GL873532","21611611","21611905","66","16137923"
"KQ052969v1","5494731","5495042","GL873538","1998739","1999037","70","3495992"
"KQ052969v1","5579025","5579251","GL873544","10175160","10175375","60","4596135"
"KQ052969v1","5708478","5708773","GL873521","53893978","53894270","70","48185500"
"KQ052969v1","5716537","5716805","GL873535","13983140","13983420","71","8266603"
"KQ052969v1","5766526","5766844","GL873521","49874189","49874492","77","44107663"
"KQ052969v1","5847991","5848295","GL873589","8159658","8159953","52","2311667"
"KQ052969v1","5883082","5883388","GL873661","1884549","1884860","70","3998533"
"KQ052969v1","6028596","6028948","GL873623","2646027","2646351","86","3382569"
"KQ052969v1","6038402","6038743","GL873623","2646027","2646351","73","3392375"
"KQ052969v1","6042536","6042849","GL873624","3096011","3096304","73","2946525"
"KQ052969v1","6045809","6046144","GL873522","18765454","18765778","86","12719645"
"KQ052969v1","6108780","6108951","GL873564","9333051","9333222","40","3224271"
"KQ052969v1","6116096","6116368","GL873611","6012455","6012718","61","103641"
"KQ052969v1","6129495","6129791","GL873604","8660029","8660307","72","2530534"
"KQ052969v1","6182177","6182457","AAQR03198408","145","416","64","6182032"
"KQ052969v1","6211075","6211370","GL873565","846944","847233","59","5364131"
"KQ052969v1","6214854","6215147","GL873522","34632392","34632681","61","28417538"
"KQ052969v1","6216523","6216790","GL873523","29788890","29789147","73","23572367"
"KQ052969v1","6218624","6218933","GL873531","27860265","27860563","84","21641641"
"KQ052969v1","6225166","6225296","GL873606","6062519","6062650","23","162647"
"KQ052969v1","6232404","6232680","GL873613","4450657","4450940","65","1781747"
"KQ052969v1","6337598","6337841","GL873646","830387","830579","83","5507211"
"KQ052969v1","6436925","6437141","GL873586","8236164","8236367","51","1799239"
"KQ052969v1","6462109","6462362","GL873664","2039126","2039368","70","4422983"
"KQ052969v1","6492937","6493069","GL873531","27435012","27435141","25","20942075"
"KQ052969v1","6500450","6500756","GL873576","10180704","10180985","86","3680254"
"KQ052969v1","6503297","6503386","GL873730","1070638","1070725","18","5432659"
"KQ052969v1","6507850","6508147","GL873532","21611611","21611905","61","15103761"
"KQ052969v1","6511192","6511475","GL873562","11382494","11382780","67","4871302"
"KQ052969v1","6543556","6543868","GL873574","2653815","2654143","83","3889741"
"KQ052969v1","6554235","6554531","GL873522","18957010","18957306","74","12402775"
"KQ052969v1","6561102","6561395","GL873538","24663308","24663595","67","18102206"
"KQ052969v1","6580110","6580407","GL873531","27860265","27860563","53","21280155"
"KQ052969v1","6608378","6608642","GL873530","19803292","19803570","62","13194914"
"KQ052969v1","6614650","6614932","GL873577","10149931","10150226","69","3535281"
"KQ052969v1","6653708","6653942","GL873526","30876396","30876632","51","24222688"
"KQ052969v1","6654589","6654874","GL873522","8505730","8506010","67","1851141"
"KQ052969v1","6654882","6655229","GL873664","3440108","3440426","109","3214774"
"KQ052969v1","6661451","6661764","GL873530","24363122","24363429","68","17701671"
"KQ052969v1","6661765","6661958","GL873536","27553303","27553494","69","20891538"
"KQ052969v1","6666195","6666482","GL873568","5537783","5538076","57","1128412"
"KQ052969v1","6667153","6667440","GL873584","7490476","7490769","67","823323"
"KQ052969v1","6667443","6667799","GL873545","14301906","14302218","107","7634463"
"KQ052969v1","6673128","6673422","GL873522","25185925","25186218","56","18512797"
"KQ052969v1","6673430","6673701","GL873526","8965429","8965699","67","2291999"
"KQ052969v1","6690602","6690877","GL873800","736311","736599","56","5954291"
"KQ052969v1","6693278","6693572","GL873729","432103","432405","61","6261175"
"KQ052969v1","6694405","6694724","GL873546","13542628","13542944","75","6848223"
"KQ052969v1","6701250","6701375","GL873625","1170043","1170147","45","5531207"
"KQ052969v1","6701696","6701869","GL873524","1211458","1211633","28","5490238"
"KQ052969v1","6707809","6708096","GL873523","7327314","7327595","63","619505"
"KQ052969v1","6714669","6714968","GL873568","10563353","10563640","65","3848684"
"KQ052969v1","6728146","6728417","GL873533","13243838","13244110","67","6515692"
"KQ052969v1","6787642","6787887","GL873522","5110989","5111227","71","1676653"
"KQ052969v1","6806221","6806534","GL873720","1268124","1268434","75","5538097"
"KQ052969v1","6857741","6857886","GL873536","22370995","22371119","44","15513254"
"KQ052969v1","6862752","6862874","GL873584","9881686","9881805","20","3018934"
"KQ052969v1","6862884","6863183","GL873701","1489808","1490112","66","5373076"
"KQ052969v1","6878052","6878359","GL873530","28263781","28264089","67","21385729"
"KQ052969v1","6880885","6881196","GL873593","6523519","6523829","76","357366"
"KQ052969v1","6892126","6892389","GL873576","11191707","11191958","73","4299581"
"KQ052969v1","6900468","6900767","GL873565","2284360","2284655","72","4616108"
"KQ052969v1","6907066","6907142","GL873520","49620109","49620187","18","42713043"
"KQ052969v1","6913838","6913957","GL873589","9801107","9801233","30","2887269"
"KQ052969v1","6913958","6914251","GL873619","2816705","2816991","59","4097253"
"KQ052969v1","6914252","6914389","GL873520","38664461","38664577","61","31750209"
"KQ052969v1","6914712","6914817","GL873567","12026617","12026711","29","5111905"
"KQ052969v1","6923421","6923553","GL873589","9401169","9401299","44","2477748"
"KQ052969v1","6924286","6924579","GL873564","5116943","5117236","78","1807343"
"KQ052969v1","6934984","6935115","GL873618","3009847","3009964","42","3925137"
"KQ052969v1","6935869","6936162","GL873663","2383516","2383802","61","4552353"
"KQ052969v1","6947609","6947916","GL873641","3079760","3080070","65","3867849"
"KQ052969v1","6955940","6956228","GL873532","21611611","21611905","52","14655671"
"KQ052969v1","6956234","6956528","GL873530","1941184","1941472","70","5015050"
"KQ052969v1","6979245","6979360","GL873744","467443","467559","18","6511802"
"KQ052969v1","6982004","6982161","GL873536","16846184","16846353","39","9864180"
"KQ052969v1","7023610","7023903","GL873533","24205249","24205546","61","17181639"
"KQ052969v1","7042198","7042475","GL873559","956994","957266","69","6085204"
"KQ052969v1","7123563","7123757","GL873526","9825491","9825663","51","2701928"
"KQ052969v1","7125077","7125319","GL873589","9604501","9604747","61","2479424"
"KQ052969v1","7126469","7126745","GL873534","15140925","15141195","54","8014456"
"KQ052969v1","7127406","7127697","GL873627","2345622","2345921","72","4781784"
"KQ052969v1","7158774","7158957","GL873620","5777308","5777489","46","1381466"
"KQ052969v1","7159289","7159414","GL873557","4574915","4575045","25","2584374"
"KQ052969v1","7162695","7163008","GL873538","25891631","25891921","83","18728936"
"KQ052969v1","7166493","7166616","GL873628","1876330","1876452","22","5290163"
"KQ052969v1","7170131","7170442","GL873565","6321679","6321988","70","848452"
"KQ052969v1","7173298","7173591","GL873800","736311","736599","60","6436987"
"KQ052969v1","7181558","7181672","GL873624","2483426","2483542","21","4698132"
"KQ052969v1","7186689","7186978","GL873675","2464737","2465019","60","4721952"
"KQ052969v1","7190630","7190913","GL873538","23406111","23406389","65","16215481"
"KQ052969v1","7202728","7203014","GL873570","4448444","4448732","61","2754284"
"KQ052969v1","7208628","7208810","GL873577","4898264","4898426","47","2310364"
"KQ052969v1","7209149","7209287","GL873533","27639567","27639703","29","20430418"
"KQ052969v1","7211407","7211649","GL873525","11012850","11013094","49","3801443"
"KQ052969v1","7221531","7221825","GL873700","423134","423410","82","6798397"
"KQ052969v1","7226750","7227051","GL873700","423134","423410","77","6803616"
"KQ052969v1","7231568","7231863","GL873586","3828887","3829179","71","3402681"
"KQ052969v1","7235699","7235980","GL873543","7212670","7212944","78","23029"
"KQ052969v1","7238628","7238913","GL873561","923317","923608","73","6315311"
"KQ052969v1","7253921","7254045","GL873637","3392350","3392471","21","3861571"
"KQ052969v1","7273790","7274066","GL873546","18307234","18307526","84","11033444"
"KQ052969v1","7285359","7285661","GL873531","29056008","29056304","72","21770649"
"KQ052969v1","7296167","7296468","GL873724","2082729","2083029","67","5213438"
"KQ052969v1","7304774","7305068","GL873537","20108472","20108765","63","12803698"
"KQ052969v1","7330841","7331138","GL873542","4494419","4494721","61","2836422"
"KQ052969v1","7337219","7337495","GL873611","6802065","6802336","68","535154"
"KQ052969v1","7348005","7348269","GL873562","1255795","1256066","62","6092210"
"KQ052969v1","7351124","7351428","GL873667","538898","539194","71","6812226"
"KQ052969v1","7361853","7362116","GL873526","23761987","23762248","63","16400134"
"KQ052969v1","7383127","7383422","GL873520","38764685","38764975","59","31381558"
"KQ052969v1","7446290","7446470","GL873646","4024909","4025076","43","3421381"
"KQ052969v1","7458656","7458948","GL873596","8979189","8979479","56","1520533"
"KQ052969v1","7458960","7459261","GL873572","9034316","9034616","64","1575356"
"KQ052969v1","7461572","7461694","GL873548","6651882","6652005","22","809690"
"KQ052969v1","7462176","7462295","GL873667","1431656","1431766","37","6030520"
"KQ052969v1","7462324","7462444","GL873637","3392350","3392471","23","4069974"
"KQ052969v1","7463634","7463913","GL873699","1359336","1359622","58","6104298"
"KQ052969v1","7463925","7464231","GL873540","9410260","9410586","69","1946335"
"KQ052969v1","7466473","7466592","GL873548","6651882","6652005","22","814591"
"KQ052969v1","7467065","7467317","GL873646","4018341","4018580","69","3448724"
"KQ052969v1","7471252","7471550","GL873528","133996","134283","60","7337256"
"KQ052969v1","7471573","7471874","GL873524","42149014","42149308","57","34677441"
"KQ052969v1","7504044","7504323","GL873524","42196726","42196997","70","34692682"
"KQ052969v1","7508268","7508386","GL873546","16147824","16147944","28","8639556"
"KQ052969v1","7510790","7511085","GL873532","17044604","17044891","50","9533814"
"KQ052969v1","7511267","7511554","GL873528","5032075","5032370","64","2479192"
"KQ052969v1","7512920","7513200","GL873738","1646790","1647070","59","5866130"
"KQ052969v1","7538037","7538334","GL873621","5936356","5936644","72","1601681"
"KQ052969v1","7565196","7565391","GL873628","7012543","7012724","58","552653"
"KQ052969v1","7571302","7571621","GL873545","20390330","20390642","82","12819028"
"KQ052969v1","7586309","7586613","GL873643","1087107","1087400","71","6499202"
"KQ052969v1","7636536","7636819","GL873530","16303356","16303636","51","8666820"
"KQ052969v1","7652801","7653048","GL873611","4994670","4994910","54","2658131"
"KQ052969v1","7690699","7690972","GL873699","1359336","1359622","57","6331363"
"KQ052969v1","7701230","7701534","GL873568","4562469","4562774","72","3138761"
"KQ052969v1","7716984","7717232","GL873592","8185803","8186037","61","468819"
"KQ052969v1","7776827","7777120","GL873657","3029272","3029566","63","4747555"
"KQ052969v1","7777956","7778254","GL873530","28263781","28264089","67","20485825"
"KQ052969v1","7799648","7799935","GL873523","35749330","35749615","68","27949682"
"KQ052969v1","7806621","7806921","GL873530","10599809","10600111","52","2793188"
"KQ052969v1","7819873","7820143","GL873584","9283875","9284154","71","1464002"
"KQ052969v1","7824436","7824455","GL873590","330099","330111","8","7494337"
"KQ052969v1","7824456","7824755","GL873544","12852108","12852394","56","5027652"
"KQ052969v1","7824756","7824909","GL873541","17651346","17651496","43","9826590"
"KQ052969v1","7826338","7826615","GL873554","2098768","2099048","67","5727570"
"KQ052969v1","7834444","7834715","GL873531","19349136","19349405","71","11514692"
"KQ052969v1","7836666","7836950","GL873558","3156984","3157274","58","4679682"
"KQ052969v1","7838926","7839233","GL873653","2463372","2463673","73","5375554"
"KQ052969v1","7849062","7849361","GL873545","12978830","12979129","56","5129768"
"KQ052969v1","7852377","7852613","GL873520","40069156","40069375","66","32216779"
"KQ052969v1","7860008","7860371","GL873539","2206670","2207011","131","5653338"
"KQ052969v1","7884924","7885151","GL873526","40957560","40957777","49","33072636"
"KQ052969v1","7899747","7900042","GL873545","318766","319058","69","7580981"
"KQ052969v1","7900669","7900830","GL873548","16697976","16698117","55","8797307"
"KQ052969v1","7904549","7904834","GL873527","24605981","24606284","85","16701432"
"KQ052969v1","7911611","7911886","GL873550","17645061","17645322","66","9733450"
"KQ052969v1","7932071","7932289","GL873557","5125101","5125304","55","2806970"
"KQ052969v1","7943263","7943550","GL873537","20108472","20108765","61","12165209"
"KQ052969v1","7944938","7945204","GL873632","2531304","2531561","66","5413634"
"KQ052969v1","7950595","7950863","GL873562","4645495","4645751","67","3305100"
"KQ052969v1","7961991","7962290","GL873575","2687372","2687665","64","5274619"
"KQ052969v1","7968532","7968716","GL873566","13184558","13184754","55","5216026"
"KQ052969v1","7969200","7969497","GL873522","25185925","25186218","66","17216725"
"KQ052969v1","7970205","7970500","GL873531","11066991","11067284","79","3096786"
"KQ052969v1","7976188","7976492","GL873541","18220450","18220758","71","10244262"
"KQ052969v1","7978251","7978376","GL873528","4567428","4567552","22","3410823"
"KQ052969v1","7979391","7979675","GL873550","9887366","9887641","66","1907975"
"KQ052969v1","7985053","7985335","GL873522","18643197","18643468","89","10658144"
"KQ052969v1","7987044","7987167","GL873834","415652","415774","31","7571392"
"KQ052969v1","7988169","7988453","GL873526","25295506","25295789","87","17307337"
"KQ052969v1","7997632","7997894","GL873646","999713","1000000","75","6997919"
"KQ052969v1","8000176","8000464","GL873529","22377342","22377617","67","14377166"
"KQ052969v1","8078445","8078560","GL873600","2997737","2997854","27","5080708"
"KQ052969v1","8095263","8095562","GL873527","25101599","25101892","66","17006336"
"KQ052969v1","8101832","8102109","GL873520","16709587","16709864","60","8607755"
"KQ052969v1","8118272","8118574","GL873561","9330005","9330309","76","1211733"
"KQ052969v1","8119709","8120014","GL873561","9330005","9330309","75","1210296"
"KQ052969v1","8130902","8131116","GL873542","9122676","9122890","64","991774"
"KQ052969v1","8135636","8135910","GL873691","1286765","1287055","64","6848871"
"KQ052969v1","8167270","8167573","GL873539","16292037","16292334","64","8124767"
"KQ052969v1","8180286","8180409","GL873526","19257262","19257383","23","11076976"
"KQ052969v1","8184090","8184382","GL873562","11382494","11382780","66","3198404"
"KQ052969v1","8186639","8186917","GL873614","2652946","2653220","68","5533693"
"KQ052969v1","8204092","8204268","GL873661","195619","195780","58","8008473"
"KQ052969v1","8207635","8207814","GL873521","8923587","8923754","60","715952"
"KQ052969v1","8214416","8214712","GL873525","8368691","8368984","57","154275"
"KQ052969v1","8218982","8219169","GL873532","2531147","2531341","59","5687835"
"KQ052969v1","8232422","8232718","GL873531","19369345","19369649","72","11136923"
"KQ052969v1","8250138","8250424","GL873548","15755209","15755503","64","7505071"
"KQ052969v1","8260700","8260915","GL873524","19065990","19066189","57","10805290"
"KQ052969v1","8261469","8261592","GL873628","1876330","1876452","24","6385139"
"KQ052969v1","8270072","8270329","GL873611","4994670","4994910","70","3275402"
"KQ052969v1","8278025","8278302","GL873522","38826479","38826750","54","30548454"
"KQ052969v1","8285963","8286163","GL873546","13829137","13829335","49","5543174"
"KQ052969v1","8294807","8295087","GL873738","1635488","1635766","59","6659319"
"KQ052969v1","8308367","8308675","GL873531","19369345","19369649","77","11060978"
"KQ052969v1","8322497","8322796","GL873645","1598419","1598714","81","6724078"
"KQ052969v1","8329360","8329589","GL873730","1129261","1129488","47","7200099"
"KQ052969v1","8334811","8335109","GL873520","39057346","39057655","76","30722535"
"KQ052969v1","8340202","8340495","GL873521","6835945","6836242","69","1504257"
"KQ052969v1","8350653","8350933","GL873568","5010566","5010830","68","3340087"
"KQ052969v1","8360230","8360487","GL873549","1854009","1854279","66","6506221"
"KQ052969v1","8369641","8369912","GL873752","219309","219580","51","8150332"
"KQ052969v1","8382235","8382359","GL873526","19257262","19257383","24","10875027"
"KQ052969v1","8414749","8415051","GL873577","10149931","10150226","66","1735182"
"KQ052969v1","8422497","8422701","GL873544","1779376","1779573","56","6643121"
"KQ052969v1","8423030","8423140","GL873526","27736191","27736301","27","19313161"
"KQ052969v1","8432141","8432450","GL873524","42149014","42149308","68","33716873"
"KQ052969v1","8436551","8436672","GL873533","30313670","30313790","25","21877119"
"KQ052969v1","8439387","8439667","GL873522","44567873","44568151","64","36128486"
"KQ052969v1","8445084","8445378","GL873548","16911479","16911770","64","8466395"
"KQ052969v1","8446053","8446335","GL873547","13225472","13225745","77","4779419"
"KQ052969v1","8447932","8448230","GL873533","15015660","15015953","58","6567728"
"KQ052969v1","8451242","8451510","GL873534","1599256","1599518","62","6851986"
"KQ052969v1","8457585","8457852","GL873607","7820887","7821158","64","636698"
"KQ052969v1","8462098","8462403","GL873529","23083772","23084054","77","14621674"
"KQ052969v1","8467096","8467340","GL873614","4538714","4538964","67","3928382"
"KQ052969v1","8471825","8472120","GL873675","3360090","3360385","58","5111735"
"KQ052969v1","8473664","8473788","GL873715","2617146","2617274","25","5856518"
"KQ052969v1","8487088","8487247","GL873520","47156141","47156304","35","38669053"
"KQ052969v1","8487559","8487687","GL873533","27639567","27639703","28","19152008"
"KQ052969v1","8507537","8507831","GL873632","3524037","3524325","65","4983500"
"KQ052969v1","8509023","8509335","GL873544","19347362","19347661","70","10838339"
"KQ052969v1","8512907","8513034","GL873604","3367357","3367484","27","5145550"
"KQ052969v1","8513354","8513527","GL873522","3856634","3856803","48","4656720"
"KQ052969v1","8551708","8551990","GL873812","400580","400858","64","8151128"
"KQ052969v1","8567012","8567321","GL873632","5787814","5788105","68","2779198"
"KQ052969v1","8570568","8570875","GL873562","5328731","5329017","79","3241837"
"KQ052969v1","8573754","8574051","GL873544","12852108","12852394","60","4278354"
"KQ052969v1","8600636","8600916","GL873570","9393261","9393537","66","792625"
"KQ052969v1","8601542","8601769","GL873526","10173256","10173455","69","1571714"
"KQ052969v1","8602488","8602767","GL873530","19228479","19228762","83","10625991"
"KQ052969v1","8627810","8628116","GL873561","9330005","9330309","65","702195"
"KQ052969v1","8632203","8632484","GL873562","5328731","5329017","63","3303472"
"KQ052969v1","8658738","8659004","GL873530","18054695","18054970","61","9395957"
"KQ052969v1","8691192","8691470","GL873520","7308157","7308419","62","1383035"
"KQ052969v1","8708836","8709138","GL873538","10377403","10377700","76","1668567"
"KQ052969v1","8712643","8712934","GL873537","20108472","20108765","57","11395829"
"KQ052969v1","8714636","8714912","GL873618","1644125","1644404","60","7070511"
"KQ052969v1","8715494","8715777","GL873590","405216","405498","64","8310278"
"KQ052969v1","8729782","8729996","GL873528","38588474","38588680","60","29858692"
"KQ052969v1","8734470","8734717","GL873529","15065360","15065592","56","6330890"
"KQ052969v1","8755377","8755509","GL873540","11431093","11431221","31","2675716"
"KQ052969v1","8755849","8756024","GL873556","5873144","5873328","46","2882705"
"KQ052969v1","8759205","8759510","GL873720","1268124","1268434","61","7491081"
"KQ052969v1","8763588","8763892","GL873525","27816917","27817223","65","19053329"
"KQ052969v1","8775331","8775631","GL873618","3966684","3966991","69","4808647"
"KQ052969v1","8776396","8776693","GL873531","27860265","27860563","52","19083869"
"KQ052969v1","8789441","8789737","GL873563","10896387","10896675","76","2106946"
"KQ052969v1","8804557","8804860","GL873522","7486891","7487198","62","1317666"
"KQ052969v1","8838842","8839135","GL873528","4452981","4453269","66","4385861"
"KQ052969v1","8919117","8919309","GL873530","3934274","3934457","65","4984843"
"KQ052969v1","8919643","8919806","GL873596","6053542","6053682","54","2866101"
"KQ052969v1","8940780","8941067","GL873532","21611611","21611905","60","12670831"
"KQ052969v1","8960834","8961123","GL873521","25393132","25393414","67","16432298"
"KQ052969v1","8988064","8988366","GL873637","1659280","1659583","66","7328784"
"KQ052969v1","9023313","9023603","GL873593","2667655","2667944","69","6355658"
"KQ052969v1","9046152","9046441","GL873660","2751144","2751428","68","6295008"
"KQ052969v1","9052430","9052710","GL873584","8075346","8075626","73","977084"
"KQ052969v1","9065211","9065519","GL873536","9809571","9809857","72","744360"
"KQ052969v1","9205026","9205290","GL873534","15140925","15141195","55","5935899"
"KQ052969v1","9209000","9209257","GL873528","1268672","1268921","58","7940328"
"KQ052969v1","9300971","9301260","GL873520","17100070","17100359","74","7799099"
"KQ052969v1","9317713","9318015","GL873537","20108472","20108765","67","10790759"
"KQ052969v1","9319807","9320113","GL873535","17760318","17760611","75","8440511"
"KQ052969v1","9328106","9328409","GL873538","7382527","7382826","76","1945579"
"KQ052969v1","9367003","9367127","GL873646","2932986","2933108","19","6434017"
"KQ052969v1","9389645","9389929","GL873538","24663308","24663595","63","15273663"
"KQ052969v1","9391668","9391949","GL873596","1465664","1465943","58","7926004"
"KQ052969v1","9423395","9423681","GL873528","4452981","4453269","64","4970414"
"KQ052969v1","9435810","9436020","GL873529","24055381","24055597","56","14619571"
"KQ052969v1","9440781","9440805","GL873558","9911706","9911723","7","470925"
"KQ052969v1","9440836","9441112","GL873548","15510967","15511237","64","6070131"
"KQ052969v1","9442428","9442636","GL873674","3921866","3922072","54","5520562"
"KQ052969v1","9464634","9464916","GL873738","1635488","1635766","70","7829146"
"KQ052969v1","9508339","9508651","GL873588","6897685","6897994","67","2610654"
"KQ052969v1","9510044","9510326","GL873570","9393261","9393537","60","116783"
"KQ052969v1","9524181","9524491","GL873544","13109134","13109442","68","3584953"
"KQ052969v1","9532492","9532758","GL873623","1894661","1894923","59","7637831"
"KQ052969v1","9536261","9536559","GL873544","12852108","12852394","61","3315847"
"KQ052969v1","9555944","9556247","GL873544","16542936","16543226","68","6986992"
"KQ052969v1","9601357","9601652","GL873545","20254912","20255212","61","10653555"
"KQ052969v1","9656639","9656922","GL873544","12852108","12852394","53","3195469"
"KQ052969v1","9730672","9730908","GL873551","4428507","4428742","61","5302165"
"KQ052969v1","9742012","9742272","GL873590","671368","671605","74","9070644"
"KQ052969v1","9842306","9842472","GL873540","8756119","8756269","49","1086187"
"KQ052969v1","10139290","10139592","GL873532","21611611","21611905","66","11472321"
"KQ052969v1","10279905","10280188","GL873567","10304739","10305017","58","24834"
"KQ052969v1","10359886","10360195","GL873593","3982237","3982541","69","6377649"
"KQ052969v1","10379107","10379411","GL873596","3562116","3562414","64","6816991"
"KQ052969v1","10391145","10391465","GL873691","2033910","2034209","103","8357235"
"KQ052969v1","10392818","10393102","GL873530","18440487","18440774","75","8047669"
"KQ052969v1","10410347","10410641","GL873545","17052684","17052979","64","6642337"
"KQ052969v1","10416775","10416841","GL873520","24084411","24084462","23","13667636"
"KQ052969v1","10494639","10494834","GL873613","1163416","1163603","58","9331223"
"KQ052969v1","10495220","10495510","GL873655","1848503","1848783","62","8646717"
"KQ052969v1","10516112","10516397","GL873540","4711812","4712090","49","5804300"
"KQ052969v1","10532147","10532415","GL873576","7005736","7005999","62","3526411"
"KQ052969v1","10533654","10533785","GL873567","8019043","8019174","27","2514611"
"KQ052969v1","10548642","10548848","GL873579","11042363","11042566","55","493721"
"KQ052969v1","10559194","10559430","GL873560","8931049","8931288","64","1628145"
"KQ052969v1","10589040","10589288","GL873544","12820517","12820779","59","2231477"
"KQ052969v1","10610481","10610492","GL873623","445497","445509","2","10164984"
"KQ052969v1","10610818","10610990","GL873647","3571669","3571828","44","7039149"
"KQ052969v1","10611320","10611460","GL873521","32981338","32981473","30","22370018"
"KQ052969v1","10615165","10615366","GL873530","21916551","21916742","57","11301386"
"KQ052969v1","10626068","10626344","GL873574","2713431","2713702","59","7912637"
"KQ052969v1","10633349","10633661","GL873615","5162108","5162422","64","5471241"
"KQ052969v1","10649710","10649998","GL873529","9421454","9421749","51","1228256"
"KQ052969v1","10652703","10652812","GL873653","8766","8880","28","10643937"
"KQ052969v1","10693257","10693514","GL873532","10198610","10198878","61","494647"
"KQ052969v1","10707097","10707342","GL873532","10198610","10198878","67","508487"
"KQ052969v1","10713715","10713963","GL873844","119154","119386","72","10594561"
"KQ052969v1","10736580","10736850","GL873599","4643211","4643494","68","6093369"
"KQ052969v1","10738536","10738810","GL873537","24187385","24187658","78","13448849"
"KQ052969v1","10757129","10757433","GL873608","2622037","2622324","71","8135092"
"KQ052969v1","10760622","10760759","GL873547","17597232","17597356","27","6836610"
"KQ052969v1","10761815","10761998","GL873614","4234411","4234586","45","6527404"
"KQ052969v1","10780708","10781003","GL873720","1268124","1268434","70","9512584"
"KQ052969v1","10787509","10787802","GL873523","28857284","28857574","71","18069775"
"KQ052969v1","10789284","10789582","GL873531","27860265","27860563","59","17070981"
"KQ052969v1","10790583","10790738","GL873523","6098975","6099125","35","4691608"
"KQ052969v1","10793448","10793602","GL873534","15419156","15419306","51","4625708"
"KQ052969v1","10794608","10794894","GL873737","1691288","1691582","69","9103320"
"KQ052969v1","10795238","10795525","GL873537","20108472","20108765","60","9313234"
"KQ052969v1","10795907","10796184","GL873571","1179261","1179544","77","9616646"
"KQ052969v1","10805952","10806115","GL873523","19020148","19020292","52","8214196"
"KQ052969v1","10807155","10807447","GL873737","1691288","1691582","64","9115867"
"KQ052969v1","10808751","10808898","GL873523","6098975","6099125","36","4709776"
"KQ052969v1","10817622","10817887","GL873586","5915339","5915591","69","4902283"
"KQ052969v1","10818085","10818276","GL873532","28236886","28237075","64","17418801"
"KQ052969v1","10823184","10823476","GL873521","6835945","6836242","65","3987239"
"KQ052969v1","10844806","10845083","GL873601","8298689","8298958","69","2546117"
"KQ052969v1","10855104","10855375","GL873550","17645061","17645322","70","6789957"
"KQ052969v1","10867527","10867733","GL873561","9290771","9290977","45","1576756"
"KQ052969v1","10871759","10872020","GL873557","1303903","1304169","65","9567856"
"KQ052969v1","10878319","10878415","GL873663","760337","760430","27","10117982"
"KQ052969v1","10934513","10934799","GL873544","12852108","12852394","49","1917595"
"KQ052969v1","10939455","10939764","GL873701","1733044","1733352","57","9206411"
"KQ052969v1","10940436","10940699","GL873532","5741407","5741674","85","5199029"
"KQ052969v1","10956684","10956969","GL873526","25295506","25295789","51","14338822"
"KQ052969v1","10964989","10965274","GL873526","19273970","19274241","59","8308981"
"KQ052969v1","11011564","11011868","GL873574","2979143","2979454","48","8032421"
"KQ052969v1","11016328","11016450","GL873551","9157202","9157318","24","1859126"
"KQ052969v1","11020951","11021262","GL873569","10337360","10337668","78","683591"
"KQ052969v1","11023057","11023349","GL873535","12414612","12414904","66","1391555"
"KQ052969v1","11024695","11024992","GL873742","855119","855407","82","10169576"
"KQ052969v1","11027182","11027474","GL873557","13215871","13216171","72","2188689"
"KQ052969v1","11031738","11032012","GL873547","14329017","14329292","64","3297279"
"KQ052969v1","11036064","11036284","GL873529","33854312","33854534","63","22818248"
"KQ052969v1","11036322","11036458","GL873548","16697976","16698117","40","5661654"
"KQ052969v1","11038337","11038638","GL873619","5292487","5292792","62","5745850"
"KQ052969v1","11042206","11042511","GL873527","5721671","5721968","59","5320535"
"KQ052969v1","11057549","11057844","GL873541","3008892","3009179","72","8048657"
"KQ052969v1","11065712","11065921","GL873521","27266368","27266584","50","16200656"
"KQ052969v1","11080692","11080978","GL873585","974679","974963","75","10106013"
"KQ052969v1","11082563","11082668","GL873525","8812413","8812511","33","2270150"
"KQ052969v1","11088927","11089227","GL873624","1916988","1917283","60","9171939"
"KQ052969v1","11161396","11161680","GL873609","7774006","7774298","59","3387390"
"KQ052969v1","11184873","11185168","GL873586","3828887","3829179","67","7355986"
"KQ052969v1","11230511","11230781","GL873530","29321072","29321333","60","18090561"
"KQ052969v1","11320352","11320634","GL873544","12852108","12852394","63","1531756"
"KQ052969v1","11321788","11322061","GL873562","8001163","8001432","51","3320625"
"KQ052969v1","11326352","11326677","GL873631","6320849","6321152","77","5005503"
"KQ052969v1","11475172","11475448","GL873562","8157410","8157679","65","3317762"
"KQ052969v1","11501366","11501669","GL873561","9330005","9330309","61","2171361"
"KQ052969v1","11508753","11509018","GL873520","60848620","60848891","72","49339867"
"KQ052969v1","11538155","11538441","GL873607","8279011","8279297","72","3259144"
"KQ052969v1","11561606","11561914","GL873610","4431407","4431713","62","7130199"
"KQ052969v1","11567202","11567491","GL873596","3562116","3562414","60","8005086"
"KQ052969v1","11614702","11615002","GL873554","1015190","1015489","55","10599512"
"KQ052969v1","11631231","11631534","GL873544","20315778","20316071","68","8684547"
"KQ052969v1","11635760","11636059","GL873538","23098878","23099170","69","11463118"
"KQ052969v1","11641968","11642266","GL873538","23098878","23099170","68","11456910"
"KQ052969v1","11653239","11653513","GL873693","3290790","3291068","80","8362449"
"KQ052969v1","11662339","11662643","GL873538","23098878","23099170","69","11436539"
"KQ052969v1","11665520","11665831","GL873521","49874189","49874492","62","38208669"
"KQ052969v1","11676692","11676948","GL873606","5355796","5356059","64","6320896"
"KQ052969v1","11694686","11694945","GL873577","9802412","9802659","73","1892274"
"KQ052969v1","11705373","11705516","GL873525","39658011","39658147","36","27952638"
"KQ052969v1","11705850","11705987","GL873586","8502684","8502813","45","3203166"
"KQ052969v1","11720297","11720610","GL873531","27860265","27860563","65","16139968"
"KQ052969v1","11725426","11725549","GL873576","5524516","5524644","27","6200910"
"KQ052969v1","11725799","11726101","GL873531","27860265","27860563","64","16134466"
"KQ052969v1","11732899","11733219","GL873525","27816917","27817223","81","16084018"
"KQ052969v1","11737956","11738264","GL873530","5179711","5180017","70","6558245"
"KQ052969v1","11764683","11764906","GL873527","37887494","37887703","55","26122811"
"KQ052969v1","11805069","11805375","GL873525","27816917","27817223","67","16011848"
"KQ052969v1","11810719","11811018","GL873531","19369345","19369649","56","7558626"
"KQ052969v1","11843920","11844201","GL873528","3961284","3961573","64","7882636"
"KQ052969v1","11851211","11851394","GL873530","1860918","1861107","41","9990293"
"KQ052969v1","11857919","11858209","GL873590","643532","643818","57","11214387"
"KQ052969v1","11859350","11859637","GL873544","12852108","12852394","59","992758"
"KQ052969v1","11870342","11870519","GL873739","628260","628439","35","11242082"
"KQ052969v1","11894845","11895158","GL873720","1268124","1268434","63","10626721"
"KQ052969v1","11936002","11936280","GL873538","6549458","6549743","66","5386544"
"KQ052969v1","11957929","11958231","GL873562","8644548","8644839","67","3313381"
"KQ052969v1","11993602","11993896","GL873525","12050097","12050392","49","56495"
"KQ052969v1","11997279","11997588","GL873520","45551857","45552147","90","33554578"
"KQ052969v1","12282328","12282633","GL873800","736311","736599","80","11546017"
"KQ052969v1","12293202","12293512","GL873590","208973","209275","82","12084229"
"KQ052970v1","12058603","12058906","GL873530","16695374","16695671","62","4636771"
"KQ052970v1","90056","90362","GL873646","1344622","1344918","73","1254566"
"KQ052970v1","92327","92629","GL873701","1489808","1490112","76","1397481"
"KQ052970v1","149751","150058","GL873525","12050097","12050392","62","11900346"
"KQ052970v1","285035","285302","GL873527","34386659","34386925","53","34101624"
"KQ052970v1","319597","319872","GL873533","23633726","23633993","68","23314129"
"KQ052970v1","328848","329158","GL873593","6523519","6523829","77","6194671"
"KQ052970v1","332999","333279","GL873535","15017675","15017969","71","14684676"
"KQ052970v1","476550","476665","GL873529","3474452","3474569","20","2997902"
"KQ052970v1","583056","583332","GL873540","4711812","4712090","60","4128756"
"KQ052970v1","606231","606448","GL873566","13161077","13161300","51","12554846"
"KQ052970v1","702785","703093","GL873663","4135704","4136012","63","3432919"
"KQ052970v1","740926","741218","GL873561","13826809","13827093","59","13085883"
"KQ052970v1","766191","766494","GL873620","354557","354859","67","411634"
"KQ052970v1","796789","796910","GL873693","2864745","2864868","28","2067956"
"KQ052970v1","797238","797351","GL873602","56753","56851","35","740485"
"KQ052970v1","829879","830182","GL873539","1525679","1525967","71","695800"
"KQ052970v1","831540","831761","GL873660","4198779","4198982","54","3367239"
"KQ052970v1","841600","841888","GL873537","20108472","20108765","57","19266872"
"KQ052970v1","855319","855619","GL873520","26476309","26476612","73","25620990"
"KQ052970v1","856867","857166","GL873545","17052684","17052979","64","16195817"
"KQ052970v1","861131","861412","GL873538","12696139","12696415","64","11835008"
"KQ052970v1","864130","864387","GL873716","683696","683961","64","180434"
"KQ052970v1","872288","872583","GL873537","20108472","20108765","57","19236184"
"KQ052970v1","883464","883590","GL873536","22370995","22371119","20","21487531"
"KQ052970v1","890805","890929","GL873616","3529877","3529999","19","2639072"
"KQ052970v1","892051","892330","GL873586","6854900","6855180","64","5962849"
"KQ052970v1","906335","906625","GL873579","984876","985165","71","78541"
"KQ052970v1","906988","907267","GL873527","12014620","12014900","62","11107632"
"KQ052970v1","918920","919112","GL873545","20415656","20415850","46","19496736"
"KQ052970v1","937991","938240","GL873526","4830085","4830323","68","3892094"
"KQ052970v1","943099","943400","GL873531","27314747","27315039","78","26371648"
"KQ052970v1","950654","950832","GL873708","2084118","2084283","46","1133464"
"KQ052970v1","956570","956849","GL873676","1881961","1882246","59","925391"
"KQ052970v1","963913","964221","GL873613","2732879","2733172","77","1768966"
"KQ052970v1","967395","967671","GL873665","2891460","2891748","72","1924065"
"KQ052970v1","997379","997659","GL873654","440874","441161","53","556505"
"KQ052970v1","1002086","1002374","GL873613","4450657","4450940","71","3448571"
"KQ052970v1","1026375","1026660","GL873532","28890534","28890816","80","27864159"
"KQ052970v1","1325156","1325327","GL873531","2636452","2636619","48","1311296"
"KQ052970v1","1758950","1759220","GL873569","10006129","10006398","65","8247179"
"KQ052970v1","1762832","1763124","GL873593","2667655","2667944","60","904823"
"KQ052970v1","1780716","1780955","GL873548","14590268","14590513","55","12809552"
"KQ052970v1","1877074","1877378","GL873530","28263781","28264089","59","26386707"
"KQ052970v1","1881274","1881562","GL873543","2119744","2120014","64","238470"
"KQ052970v1","1882687","1882859","GL873607","8234777","8234947","42","6352090"
"KQ052970v1","1885493","1885827","GL873608","5348346","5348644","100","3462853"
"KQ052970v1","1892637","1892925","GL873576","7005736","7005999","74","5113099"
"KQ052970v1","1952450","1952748","GL873535","14266203","14266500","64","12313753"
"KQ052970v1","1982617","1982918","GL873520","48675796","48676094","61","46693179"
"KQ052970v1","2017944","2018244","GL873720","1268124","1268434","62","749820"
"KQ052970v1","2116736","2117024","GL873525","11639414","11639693","61","9522678"
"KQ052970v1","2273860","2274054","GL873709","110895","111095","49","2162965"
"KQ052970v1","2281656","2281921","GL873571","3628765","3629017","72","1347109"
"KQ052970v1","2302576","2302705","GL873545","12762342","12762467","25","10459766"
"KQ052970v1","2341561","2341688","GL873567","8402776","8402899","26","6061215"
"KQ052970v1","2347628","2347829","GL873541","8067298","8067504","47","5719670"
"KQ052970v1","2350798","2351085","GL873545","17052684","17052979","60","14701886"
"KQ052970v1","2361013","2361321","GL873671","1289718","1290012","72","1071295"
"KQ052970v1","2449919","2450211","GL873800","736311","736599","63","1713608"
"KQ052970v1","2479539","2479835","GL873748","238196","238496","55","2241343"
"KQ052970v1","2539997","2540287","GL873635","4186276","4186554","73","1646279"
"KQ052970v1","2569871","2570177","GL873530","28263781","28264089","63","25693910"
"KQ052970v1","2570486","2570777","GL873537","23325667","23325965","65","20755181"
"KQ052970v1","2665958","2666239","GL873533","15128008","15128290","60","12462050"
"KQ052970v1","2682987","2683193","GL873557","5125101","5125304","46","2442114"
"KQ052970v1","2703927","2704212","GL873525","44697145","44697424","80","41993218"
"KQ052970v1","2709867","2710079","GL873536","10988617","10988831","38","8278750"
"KQ052970v1","2712054","2712178","GL873570","9110469","9110593","15","6398415"
"KQ052970v1","2724040","2724294","GL873589","7760052","7760299","75","5036012"
"KQ052970v1","2742622","2742909","GL873545","17052684","17052979","64","14310062"
"KQ052970v1","2762355","2762465","GL873540","4588546","4588661","21","1826191"
"KQ052970v1","2776856","2777153","GL873618","1733361","1733668","78","1043495"
"KQ052970v1","2809885","2810181","GL873579","11031763","11032054","70","8221878"
"KQ052970v1","2818897","2819158","GL873687","1581151","1581422","71","1237746"
"KQ052970v1","2820997","2821255","GL873526","42001633","42001887","76","39180636"
"KQ052970v1","2829576","2829879","GL873537","21410001","21410301","66","18580425"
"KQ052970v1","2835499","2835776","GL873752","219309","219580","51","2616190"
"KQ052970v1","2879182","2879518","GL873530","25617673","25617981","69","22738491"
"KQ052970v1","2883772","2884055","GL873524","6995935","6996215","64","4112163"
"KQ052970v1","2896629","2896926","GL873545","20254912","20255212","69","17358283"
"KQ052970v1","2905068","2905355","GL873533","15015660","15015953","60","12110592"
"KQ052970v1","2912184","2912481","GL873544","17848104","17848395","68","14935920"
"KQ052970v1","2913454","2913731","GL873527","37362042","37362316","75","34448588"
"KQ052970v1","2914162","2914460","GL873522","21391630","21391924","67","18477468"
"KQ052970v1","2929555","2929868","GL873563","5314724","5315007","98","2385169"
"KQ052970v1","2933368","2933649","GL873531","25381659","25381942","66","22448291"
"KQ052970v1","2945531","2945837","GL873542","1286122","1286423","81","1659409"
"KQ052970v1","2990240","2990540","GL873538","1578197","1578506","71","1412043"
"KQ052970v1","2999327","2999599","GL873545","11263976","11264251","61","8264649"
"KQ052970v1","3030543","3030777","GL873586","7811099","7811330","68","4780556"
"KQ052970v1","3077723","3077998","GL873544","12852108","12852394","57","9774385"
"KQ052970v1","3081964","3082274","GL873527","14084030","14084325","74","11002066"
"KQ052970v1","3097348","3097632","GL873675","3360090","3360385","62","262742"
"KQ052970v1","3102504","3102729","GL873526","40957560","40957777","57","37855056"
"KQ052970v1","3107423","3107706","GL873610","4147321","4147609","71","1039898"
"KQ052970v1","3124121","3124409","GL873579","9847572","9847859","58","6723451"
"KQ052970v1","3147782","3147944","GL873598","8125192","8125355","35","4977410"
"KQ052970v1","3148274","3148408","AAQR03199654","739","868","24","3147535"
"KQ052970v1","3176325","3176631","GL873556","996424","996728","65","2179901"
"KQ052970v1","3179190","3179477","GL873557","7133081","7133372","58","3953891"
"KQ052970v1","3189936","3190239","GL873546","4478339","4478641","58","1288403"
"KQ052970v1","3207990","3208293","GL873596","3562116","3562414","66","354126"
"KQ052970v1","3210916","3211120","GL873709","110895","111095","61","3100021"
"KQ052970v1","3211453","3211544","GL873526","26027782","26027872","19","22816329"
"KQ052970v1","3211887","3212180","GL873555","12985384","12985684","69","9773497"
"KQ052970v1","3218285","3218462","GL873619","4734021","4734194","48","1515736"
"KQ052970v1","3228984","3229291","GL873533","15364100","15364398","65","12135116"
"KQ052970v1","3229635","3229925","GL873533","15128008","15128290","75","11898373"
"KQ052970v1","3232917","3233191","GL873733","1662135","1662410","62","1570782"
"KQ052970v1","3243929","3244187","GL873594","1280350","1280596","92","1963579"
"KQ052970v1","3261479","3261774","GL873547","11458791","11459084","55","8197312"
"KQ052970v1","3262858","3263193","GL873546","16423062","16423344","103","13160204"
"KQ052970v1","3265746","3266035","GL873532","18918268","18918559","65","15652522"
"KQ052970v1","3276107","3276325","GL873522","21258404","21258617","54","17982297"
"KQ052970v1","3280778","3280890","GL873632","1941037","1941152","19","1339741"
"KQ052970v1","3281225","3281417","GL873533","14999816","15000000","50","11718591"
"KQ052970v1","3286318","3286621","GL873528","3993640","3993923","85","707322"
"KQ052970v1","3291946","3292232","GL873611","6012455","6012718","78","2720509"
"KQ052970v1","3295048","3295351","GL873532","16943323","16943622","68","13648275"
"KQ052970v1","3301603","3301906","GL873520","48675796","48676094","59","45374193"
"KQ052970v1","3306899","3307193","GL873537","23446738","23447017","69","20139839"
"KQ052970v1","3311113","3311332","GL873531","30737498","30737707","68","27426385"
"KQ052970v1","3325169","3325473","GL873661","1929024","1929318","77","1396145"
"KQ052970v1","3345923","3346215","GL873780","428184","428483","60","2917739"
"KQ052970v1","3355200","3355500","GL873520","72415742","72416055","72","69060542"
"KQ052970v1","3361206","3361490","GL873590","664934","665195","77","2696272"
"KQ052970v1","3415631","3415816","GL873548","15437490","15437650","48","12021859"
"KQ052970v1","3419211","3419522","GL873626","2763258","2763550","76","655953"
"KQ052970v1","3428423","3428718","GL873624","2135262","2135546","62","1293161"
"KQ052970v1","3437596","3437819","GL873526","40957560","40957777","51","37519964"
"KQ052970v1","3449474","3449563","GL873550","140476","140564","20","3308998"
"KQ052970v1","3467628","3467738","GL873631","133283","133389","18","3334345"
"KQ052970v1","3468065","3468236","GL873570","4314175","4314334","51","846110"
"KQ052970v1","3485577","3485850","GL873521","7379932","7380202","69","3894355"
"KQ052970v1","3490262","3490569","GL873523","8076383","8076689","60","4586121"
"KQ052970v1","3505758","3506039","GL873621","6352530","6352801","74","2846772"
"KQ052970v1","3521729","3521909","GL873568","6058367","6058540","61","2536638"
"KQ052970v1","3529638","3529924","GL873546","859614","859905","63","2670024"
"KQ052970v1","3569490","3569798","GL873545","20390330","20390642","68","16820840"
"KQ052970v1","3582000","3582253","GL873522","36470419","36470671","64","32888419"
"KQ052970v1","3600746","3601048","GL873587","7500402","7500701","62","3899656"
"KQ052970v1","3602889","3603226","GL873530","28263781","28264089","80","24660892"
"KQ052970v1","3625753","3626049","GL873521","14803259","14803539","83","11177506"
"KQ052970v1","3659199","3659490","GL873632","5787814","5788105","60","2128615"
"KQ052970v1","3671742","3672024","GL873618","1681545","1681828","63","1990197"
"KQ052970v1","3695010","3695127","GL873650","1225473","1225590","25","2469537"
"KQ052970v1","3734950","3735231","GL873646","999713","1000000","56","2735237"
"KQ052970v1","3740240","3740505","GL873545","3933988","3934236","67","193748"
"KQ052970v1","3761347","3761622","GL873520","44394864","44395145","69","40633517"
"KQ052970v1","3789973","3790259","GL873520","60883623","60883917","56","57093650"
"KQ052970v1","3794209","3794514","GL873544","10503361","10503660","65","6709152"
"KQ052970v1","3862738","3863041","GL873537","22007087","22007389","57","18144349"
"KQ052970v1","3885282","3885561","GL873526","11964670","11964947","63","8079388"
"KQ052970v1","3917363","3917658","GL873596","3562116","3562414","63","355247"
"KQ052970v1","4028043","4028323","GL873678","229130","229409","64","3798913"
"KQ052970v1","4098896","4099195","GL873537","4549377","4549662","66","450481"
"KQ052970v1","4156832","4157139","GL873541","18220450","18220758","56","14063618"
"KQ052970v1","4191337","4191629","GL873545","12978830","12979129","78","8787493"
"KQ052970v1","4196581","4196879","GL873545","17052684","17052979","63","12856103"
"KQ052970v1","4228294","4228596","GL873631","6629455","6629755","53","2401161"
"KQ052970v1","4256225","4256506","GL873550","16189253","16189537","57","11933028"
"KQ052970v1","4268520","4268834","GL873720","1268124","1268434","64","3000396"
"KQ052970v1","4287929","4288239","GL873530","25617673","25617981","59","21329744"
"KQ052970v1","4292724","4293019","GL873538","7382527","7382826","74","3089803"
"KQ052970v1","4351363","4351466","GL873615","835203","835308","21","3516160"
"KQ052970v1","4356621","4356823","GL873587","6203136","6203319","51","1846515"
"KQ052970v1","4357875","4357999","GL873526","19257262","19257383","19","14899387"
"KQ052970v1","4377665","4377960","GL873521","7675245","7675546","63","3297580"
"KQ052970v1","4399025","4399155","GL873523","11296246","11296373","24","6897221"
"KQ052970v1","4405705","4405835","GL873764","390956","391075","24","4014749"
"KQ052970v1","4427534","4427841","GL873546","13542628","13542944","65","9115094"
"KQ052970v1","4468340","4468464","GL873547","9133192","9133316","20","4664852"
"KQ052970v1","4470191","4470490","GL873636","3104548","3104855","66","1365643"
"KQ052970v1","4471326","4471623","GL873584","10964552","10964836","62","6493226"
"KQ052970v1","4486820","4487132","GL873540","16795111","16795414","65","12308291"
"KQ052970v1","4488478","4488760","GL873601","5269322","5269589","66","780844"
"KQ052970v1","4498310","4498585","GL873691","1286765","1287055","56","3211545"
"KQ052970v1","4522527","4522817","GL873527","39140157","39140427","70","34617630"
"KQ052970v1","4526982","4527099","GL873632","1941037","1941152","24","2585945"
"KQ052970v1","4537235","4537528","GL873573","944182","944464","50","3593053"
"KQ052970v1","4537745","4538055","GL873720","1268124","1268434","66","3269621"
"KQ052970v1","4610648","4610954","GL873720","1268124","1268434","60","3342524"
"KQ052970v1","4614320","4614632","GL873522","42556538","42556845","68","37942218"
"KQ052970v1","4639905","4640212","GL873545","12978830","12979129","65","8338925"
"KQ052970v1","4642480","4642726","GL873524","41444510","41444771","57","36802030"
"KQ052970v1","4670534","4670810","GL873752","219309","219580","57","4451225"
"KQ052970v1","4690021","4690330","GL873586","6643146","6643447","65","1953125"
"KQ052970v1","4696849","4697149","GL873546","13542628","13542944","71","8845779"
"KQ052970v1","4745884","4746160","GL873534","15140925","15141195","59","10395041"
"KQ052970v1","4752331","4752611","GL873752","219309","219580","53","4533022"
"KQ052970v1","4752923","4753233","GL873558","12116555","12116839","77","7363632"
"KQ052970v1","4765179","4765468","GL873524","42149014","42149308","53","37383835"
"KQ052970v1","4776693","4776926","GL873627","2298803","2299025","65","2477890"
"KQ052970v1","4778709","4778790","GL873738","163035","163117","18","4615674"
"KQ052970v1","4780353","4780643","GL873563","2659773","2660053","62","2120580"
"KQ052970v1","4783689","4783985","GL873545","2508162","2508439","75","2275527"
"KQ052970v1","4785978","4786276","GL873660","743632","743918","71","4042346"
"KQ052970v1","4789980","4790257","GL873556","10525503","10525777","61","5735523"
"KQ052970v1","4792335","4792620","GL873520","38236690","38236980","68","33444355"
"KQ052970v1","4806123","4806405","GL873590","175282","175557","65","4630841"
"KQ052970v1","4808369","4808678","GL873543","14025064","14025366","74","9216695"
"KQ052970v1","4809567","4809843","GL873676","1881961","1882246","62","2927606"
"KQ052970v1","4816442","4816698","GL873538","15722302","15722548","60","10905860"
"KQ052970v1","4830754","4830973","GL873522","21258404","21258617","64","16427650"
"KQ052970v1","4839994","4840285","GL873520","38124828","38125119","55","33284834"
"KQ052970v1","4841277","4841574","GL873618","1121386","1121685","62","3719891"
"KQ052970v1","4843070","4843365","GL873659","3462845","3463127","66","1380225"
"KQ052970v1","4847583","4847900","GL873661","1884549","1884860","80","2963034"
"KQ052970v1","4849200","4849494","GL873526","4353131","4353412","62","496069"
"KQ052970v1","4850288","4850578","GL873537","14097659","14097958","79","9247371"
"KQ052970v1","4865096","4865382","GL873561","13826809","13827093","65","8961713"
"KQ052970v1","4866900","4866980","GL873675","155563","155638","14","4711337"
"KQ052970v1","4873640","4873926","GL873561","13826809","13827093","58","8953169"
"KQ052970v1","4875750","4875966","GL873665","3026687","3026898","52","1849063"
"KQ052970v1","4886812","4887080","GL873560","12765250","12765518","62","7878438"
"KQ052970v1","4889493","4889646","GL873521","40165561","40165719","35","35276068"
"KQ052970v1","4889691","4889815","GL873786","557088","557212","26","4332603"
"KQ052970v1","4899190","4899481","GL873613","4793569","4793857","62","105621"
"KQ052970v1","4901239","4901551","GL873538","6925462","6925764","75","2024223"
"KQ052970v1","4937268","4937537","GL873546","16284708","16284970","50","11347440"
"KQ052970v1","4945151","4945444","GL873545","1673397","1673691","62","3271754"
"KQ052970v1","4946465","4946715","GL873521","34293661","34293910","56","29347196"
"KQ052970v1","4949369","4949660","GL873528","4452981","4453269","78","496388"
"KQ052970v1","4955163","4955438","GL873536","27318293","27318570","64","22363130"
"KQ052970v1","4957290","4957388","GL873523","5370765","5370851","27","413475"
"KQ052970v1","4957454","4957749","GL873592","2439645","2439925","90","2517809"
"KQ052970v1","4965566","4965833","GL873532","24971926","24972191","70","20006360"
"KQ052970v1","4974402","4974697","GL873596","3562116","3562414","77","1412286"
"KQ052970v1","4986874","4987153","GL873567","13506451","13506726","63","8519577"
"KQ052970v1","4998049","4998262","GL873527","39679076","39679264","54","34681027"
"KQ052970v1","5033390","5033675","GL873527","39708049","39708341","62","34674659"
"KQ052970v1","5382347","5382640","GL873723","2488802","2489100","64","2893545"
"KQ052970v1","5416117","5416419","GL873566","10389947","10390236","66","4973830"
"KQ052970v1","5500001","5500251","GL873540","20714394","20714639","58","15214393"
"KQ052970v1","5505891","5506110","GL873520","40069156","40069375","56","34563265"
"KQ052970v1","5555747","5556036","GL873529","17122097","17122389","68","11566350"
"KQ052970v1","5658258","5658449","GL873635","5147070","5147250","46","511188"
"KQ052970v1","5688029","5688346","GL873615","5162108","5162422","73","525921"
"KQ052970v1","5744249","5744557","GL873528","5032075","5032370","68","712174"
"KQ052970v1","5763695","5764003","GL873538","12219285","12219590","67","6455590"
"KQ052970v1","5783459","5783734","GL873543","902938","903212","57","4880521"
"KQ052970v1","5788941","5789179","GL873545","16606576","16606804","59","10817635"
"KQ052970v1","5789640","5789937","GL873531","29956800","29957098","59","24167160"
"KQ052970v1","5795036","5795270","GL873712","1143608","1143844","56","4651428"
"KQ052970v1","5833817","5834139","GL873720","1268124","1268434","64","4565693"
"KQ052970v1","5843409","5843589","GL873709","2177659","2177837","48","3665750"
"KQ052970v1","5848644","5848861","GL873660","3931677","3931897","55","1916967"
"KQ052970v1","5870187","5870305","GL873628","1210964","1211081","21","4659223"
"KQ052970v1","5919107","5919233","GL873539","14678278","14678404","30","8759171"
"KQ052970v1","5952191","5952482","GL873540","24653518","24653814","53","18701327"
"KQ052970v1","5973269","5973350","GL873531","16275379","16275462","10","10302110"
"KQ052970v1","5989976","5990236","GL873534","1599256","1599518","66","4390720"
"KQ052970v1","6009717","6009999","GL873540","24563702","24564003","57","18553985"
"KQ052970v1","6053961","6054249","GL873575","2687372","2687665","56","3366589"
"KQ052970v1","6068726","6068865","GL873548","18022605","18022737","35","11953879"
"KQ052970v1","6135974","6136261","GL873677","4203427","4203715","58","1932547"
"KQ052970v1","6156644","6156939","GL873664","4813585","4813876","62","1343059"
"KQ052970v1","6174680","6174856","GL873564","4371507","4371687","36","1803173"
"KQ052970v1","6193875","6194158","GL873576","7333199","7333473","69","1139324"
"KQ052970v1","6253187","6253476","GL873570","9393261","9393537","59","3140074"
"KQ052970v1","6310104","6310423","GL873624","3183015","3183314","77","3127089"
"KQ052970v1","6320811","6321048","GL873550","3545538","3545776","53","2775273"
"KQ052970v1","6449821","6450122","GL873537","20108472","20108765","61","13658651"
"KQ052970v1","6540970","6541070","GL873655","160554","160657","23","6380416"
"KQ052970v1","6712996","6713120","GL873527","26269704","26269832","37","19556708"
"KQ052970v1","6756049","6756338","GL873662","726787","727068","63","6029262"
"KQ052970v1","6795828","6795957","GL873542","10908103","10908224","30","4112275"
"KQ052970v1","6796291","6796504","GL873522","3977611","3977816","71","2818680"
"KQ052970v1","6797484","6797772","GL873531","27860265","27860563","56","21062781"
"KQ052970v1","6802985","6803283","GL873596","8979189","8979479","67","2176204"
"KQ052970v1","6834612","6834896","GL873587","9900173","9900449","74","3065561"
"KQ052970v1","6873570","6873847","GL873573","8282675","8282954","52","1409105"
"KQ052970v1","6876983","6877270","GL873522","8095500","8095795","70","1218517"
"KQ052970v1","6883076","6883357","GL873544","12852108","12852394","64","5969032"
"KQ052970v1","6905891","6906188","GL873544","12852108","12852394","66","5946217"
"KQ052970v1","6963988","6964295","GL873521","49874189","49874492","69","42910201"
"KQ052970v1","7025161","7025471","GL873542","8032564","8032870","62","1007403"
"KQ052970v1","7073009","7073296","GL873568","10905493","10905774","64","3832484"
"KQ052970v1","7108476","7108782","GL873568","4562469","4562774","66","2546007"
"KQ052970v1","7119716","7119999","GL873685","3807796","3808062","66","3311920"
"KQ052970v1","7125103","7125291","GL873538","12618776","12618968","45","5493673"
"KQ052970v1","7135283","7135574","GL873607","8232308","8232601","70","1097025"
"KQ052970v1","7167291","7167589","GL873698","2569942","2570236","59","4597349"
"KQ052970v1","7169281","7169601","GL873545","20390330","20390642","76","13221049"
"KQ052970v1","7171863","7172168","GL873547","14946392","14946687","61","7774529"
"KQ052970v1","7176061","7176362","GL873530","35097298","35097565","79","27921237"
"KQ052970v1","7184193","7184321","GL873640","5637254","5637381","24","1546939"
"KQ052970v1","7213240","7213543","GL873546","18307234","18307526","65","11093994"
"KQ052970v1","7229254","7229540","GL873544","12852108","12852394","52","5622854"
"KQ052970v1","7240115","7240399","GL873586","6854900","6855180","62","385215"
"KQ052970v1","7261833","7262135","GL873526","25139071","25139367","81","17877238"
"KQ052970v1","7279215","7279530","GL873596","6157684","6157979","69","1121531"
"KQ052970v1","7310097","7310372","GL873693","2634108","2634374","64","4675989"
"KQ052970v1","7325129","7325271","GL873794","685261","685399","27","6639868"
"KQ052970v1","7348928","7349226","GL873520","60883623","60883917","58","53534695"
"KQ052970v1","7357932","7358226","GL873558","6357384","6357662","60","1000548"
"KQ052970v1","7362332","7362612","GL873763","1808729","1809001","87","5553603"
"KQ052970v1","7377192","7377495","GL873520","60883623","60883917","81","53506431"
"KQ052970v1","7387991","7388278","GL873571","4051253","4051534","64","3336738"
"KQ052970v1","7390552","7390828","GL873532","13087138","13087416","62","5696586"
"KQ052970v1","7430656","7430944","GL873561","13826809","13827093","61","6396153"
"KQ052970v1","7436810","7437089","GL873527","16315138","16315421","58","8878328"
"KQ052970v1","7437483","7437779","GL873549","6953214","6953507","56","484269"
"KQ052970v1","7439800","7440093","GL873608","5261767","5262063","49","2178033"
"KQ052970v1","7449344","7449553","GL873831","541154","541362","48","6908190"
"KQ052970v1","7464665","7464954","GL873526","21819455","21819728","62","14354790"
"KQ052970v1","7467584","7467882","GL873608","4218070","4218374","55","3249514"
"KQ052970v1","7477538","7477826","GL873528","4452981","4453269","62","3024557"
"KQ052970v1","7494021","7494268","GL873575","9277978","9278232","53","1783957"
"KQ052970v1","7497324","7497621","GL873537","20108472","20108765","60","12611148"
"KQ052970v1","7500856","7501146","GL873646","5530496","5530792","66","1970360"
"KQ052970v1","7505889","7506155","GL873565","1322212","1322476","65","6183677"
"KQ052970v1","7509712","7510004","GL873575","2687372","2687665","66","4822340"
"KQ052970v1","7515464","7515697","GL873551","4428507","4428742","54","3086957"
"KQ052970v1","7517224","7517537","GL873720","1268124","1268434","61","6249100"
"KQ052970v1","7522692","7522840","GL873521","3778511","3778654","46","3744181"
"KQ052970v1","7627835","7628125","GL873525","11639414","11639693","62","4011579"
"KQ052970v1","7638557","7638648","GL873635","4922057","4922142","18","2716500"
"KQ052970v1","7680001","7680299","GL873576","7141756","7142054","57","538245"
"KQ052970v1","7779916","7780205","GL873586","6854900","6855180","57","925016"
"KQ052970v1","7838441","7838722","GL873537","5174830","5175101","56","2663611"
"KQ052970v1","7851830","7852101","GL873534","15140925","15141195","47","7289095"
"KQ052970v1","7853223","7853406","GL873527","17564728","17564907","40","9711505"
"KQ052970v1","7918592","7918813","GL873659","1692343","1692545","62","6226249"
"KQ052970v1","7936498","7936811","GL873520","69943364","69943673","71","62006866"
"KQ052970v1","7958557","7958674","GL873591","8929862","8929981","21","971305"
"KQ052970v1","7985012","7985309","GL873528","4452981","4453269","54","3532031"
"KQ052970v1","8030485","8030641","GL873602","6306525","6306678","46","1723960"
"KQ052970v1","8095718","8095953","GL873529","8596265","8596494","50","500547"
"KQ052970v1","8099530","8099828","GL873534","8473148","8473443","59","373618"
"KQ052970v1","8220545","8220830","GL873802","684737","685024","76","7535808"
"KQ052970v1","8245366","8245669","GL873577","10149931","10150226","68","1904565"
"KQ052970v1","8370281","8370574","GL873562","7992633","7992915","70","377648"
"KQ052970v1","8395442","8395726","GL873537","20108472","20108765","59","11713030"
"KQ052970v1","8465416","8465733","GL873542","7872814","7873118","75","592602"
"KQ052970v1","8571265","8571551","GL873738","1635488","1635766","55","6935777"
"KQ052970v1","8577090","8577208","GL873587","2516222","2516344","22","6060868"
"KQ052970v1","8637131","8637442","GL873533","25255552","25255858","77","16618421"
"KQ052970v1","8671343","8671643","GL873526","4353131","4353412","67","4318212"
"KQ052970v1","8736764","8737060","GL873544","20315778","20316071","77","11579014"
"KQ052970v1","8752498","8752802","GL873547","3314614","3314902","72","5437884"
"KQ052970v1","8755659","8755941","GL873524","42149014","42149308","70","33393355"
"KQ052970v1","8768319","8768609","GL873524","42149014","42149308","68","33380695"
"KQ052970v1","8797500","8797735","GL873560","378713","378929","49","8418787"
"KQ052970v1","8803603","8803975","GL873580","3827897","3828285","107","4975706"
"KQ052970v1","8841000","8841303","GL873539","16292037","16292334","63","7451037"
"KQ052970v1","8852566","8852860","GL873589","8159658","8159953","71","692908"
"KQ052970v1","8853559","8853860","GL873540","21289449","21289754","64","12435890"
"KQ052970v1","8854694","8854927","GL873531","27399124","27399344","67","18544430"
"KQ052970v1","8857007","8857295","GL873543","2904962","2905248","55","5952045"
"KQ052970v1","8860845","8861127","GL873752","219309","219580","52","8641536"
"KQ052970v1","8894756","8895038","GL873586","3828887","3829179","63","5065869"
"KQ052970v1","8954292","8954582","GL873590","3904481","3904769","56","5049811"
"KQ052970v1","8967826","8968130","GL873530","16695374","16695671","67","7727548"
"KQ052970v1","8975775","8976070","GL873522","25185925","25186218","69","16210150"
"KQ052970v1","8985063","8985357","GL873531","26742442","26742730","60","17757379"
"KQ052970v1","8991282","8991337","GL873653","594139","594193","19","8397143"
"KQ052970v1","9002127","9002434","GL873577","10149931","10150226","66","1147804"
"KQ052970v1","9012298","9012610","GL873522","10042566","10042867","69","1030268"
"KQ052970v1","9015312","9015608","GL873530","23979294","23979589","64","14963982"
"KQ052970v1","9025180","9025401","GL873752","1264588","1264795","50","7760592"
"KQ052970v1","9034966","9035063","GL873675","2750714","2750801","24","6284252"
"KQ052970v1","9037878","9037995","GL873538","18382323","18382442","25","9344445"
"KQ052970v1","9081795","9082030","GL873613","78261","78491","61","9003534"
"KQ052970v1","9094943","9095072","GL873560","13049237","13049359","22","3954294"
"KQ052970v1","9122930","9123239","GL873615","5162108","5162422","70","3960822"
"KQ052970v1","9129228","9129513","GL873790","430011","430293","59","8699217"
"KQ052970v1","9130456","9130748","GL873573","8669513","8669800","74","460943"
"KQ052970v1","9131788","9131940","GL873570","2861025","2861180","45","6270763"
"KQ052970v1","9138966","9139258","GL873524","42149014","42149308","47","33010048"
"KQ052970v1","9144461","9144773","GL873525","34759396","34759697","72","25614935"
"KQ052970v1","9145930","9146220","GL873646","5190626","5190920","55","3955304"
"KQ052970v1","9146551","9146727","GL873520","22635186","22635354","52","13488635"
"KQ052970v1","9188829","9189123","GL873531","25381659","25381942","77","16192830"
"KQ052970v1","9203123","9203415","GL873537","23325667","23325965","63","14122544"
"KQ052970v1","9209990","9210273","GL873575","2687372","2687665","67","6522618"
"KQ052970v1","9212064","9212373","GL873605","7214121","7214418","70","1997943"
"KQ052970v1","9214287","9214574","GL873685","488298","488575","74","8725989"
"KQ052970v1","9220298","9220601","GL873530","16055785","16056089","61","6835487"
"KQ052970v1","9223942","9224249","GL873576","465956","466261","73","8757986"
"KQ052970v1","9246255","9246486","GL873528","38588474","38588680","66","29342219"
"KQ052970v1","9302714","9303022","GL873530","5179711","5180017","74","4123003"
"KQ052970v1","9322657","9322957","GL873533","11386997","11387294","62","2064340"
"KQ052970v1","9335430","9335708","GL873557","5844700","5844982","58","3490730"
"KQ052970v1","9343709","9344012","GL873533","23793613","23793905","67","14449904"
"KQ052970v1","9346217","9346343","GL873628","7011769","7011893","17","2334448"
"KQ052970v1","9360345","9360556","GL873538","5044491","5044690","47","4315854"
"KQ052970v1","9364489","9364780","GL873677","4225067","4225358","62","5139422"
"KQ052970v1","9365904","9366185","GL873542","1558388","1558675","63","7807516"
"KQ052970v1","9367651","9367971","GL873545","13698150","13698456","76","4330499"
"KQ052970v1","9406464","9406735","GL873546","13143077","13143343","64","3736613"
"KQ052970v1","9417571","9417892","GL873562","7999217","7999503","78","1418354"
"KQ052970v1","9441472","9441781","GL873625","3330882","3331184","72","6110590"
"KQ052970v1","9454474","9454766","GL873531","27860265","27860563","51","18405791"
"KQ052970v1","9484894","9485165","GL873526","4353131","4353412","71","5131763"
"KQ052970v1","9485395","9485702","GL873610","4431407","4431713","55","5053988"
"KQ052970v1","9489446","9489557","GL873730","410572","410677","28","9078874"
"KQ052970v1","9492110","9492414","GL873535","11877698","11878000","58","2385588"
"KQ052970v1","9509281","9509581","GL873571","2577537","2577837","64","6931744"
"KQ052970v1","9510486","9510767","GL873526","27363782","27364052","60","17853296"
"KQ052970v1","9528056","9528372","GL873615","5162108","5162422","59","4365948"
"KQ052970v1","9531596","9531767","GL873530","16082476","16082634","38","6550880"
"KQ052970v1","9539403","9539680","GL873752","219309","219580","52","9320094"
"KQ052970v1","9571731","9571849","GL873548","17244792","17244911","24","7673061"
"KQ052970v1","9576454","9576535","GL873646","3826283","3826364","13","5750171"
"KQ052970v1","9586578","9586872","GL873538","3757160","3757448","66","5829418"
"KQ052970v1","9595046","9595322","GL873573","3786511","3786793","69","5808535"
"KQ052970v1","9610090","9610410","GL873535","16988954","16989256","89","7378864"
"KQ052970v1","9637841","9638134","GL873657","3029272","3029566","57","6608569"
"KQ052970v1","9662768","9662893","GL873693","2864745","2864868","31","6798023"
"KQ052970v1","9662922","9663047","GL873532","19916845","19916963","24","10253923"
"KQ052970v1","9670123","9670352","GL873520","40069156","40069375","60","30399033"
"KQ052970v1","9677214","9677504","GL873570","2488198","2488491","57","7189016"
"KQ052970v1","9701588","9701897","GL873552","9485985","9486288","64","215603"
"KQ052970v1","9733643","9733769","GL873545","12762342","12762467","23","3028699"
"KQ052970v1","9736176","9736409","GL873548","2904841","2905067","60","6831335"
"KQ052970v1","9742004","9742303","GL873560","12951592","12951892","57","3209588"
"KQ052970v1","9763435","9763618","GL873615","1989548","1989743","54","7773887"
"KQ052970v1","9767901","9768213","GL873754","1677368","1677657","78","8090533"
"KQ052970v1","9770999","9771270","GL873544","12852108","12852394","66","3081109"
"KQ052970v1","9771281","9771403","GL873752","1821592","1821717","25","7949689"
"KQ052970v1","9780027","9780311","GL873572","1350250","1350536","75","8429777"
"KQ052970v1","9807761","9808050","GL873625","5819542","5819828","54","3988219"
"KQ052970v1","9815266","9815585","GL873646","5530496","5530792","79","4284770"
"KQ052970v1","9841950","9842202","GL873520","30972232","30972491","75","21130282"
"KQ052970v1","9857283","9857564","GL873523","7327314","7327595","64","2529969"
"KQ052970v1","9862482","9862751","GL873534","15140925","15141195","78","5278443"
"KQ052970v1","9877056","9877342","GL873530","15322533","15322819","69","5445477"
"KQ052970v1","9887609","9887772","GL873528","1120859","1121019","38","8766750"
"KQ052970v1","9888106","9888240","GL873543","13242093","13242230","28","3353987"
"KQ052970v1","9901502","9901795","GL873586","3828887","3829179","70","6072615"
"KQ052970v1","9905858","9906055","GL873524","15536151","15536338","50","5630293"
"KQ052970v1","9907291","9907492","GL873523","43616814","43617002","46","33709523"
"KQ052970v1","9917533","9917826","GL873557","11830297","11830593","61","1912764"
"KQ052970v1","9919437","9919735","GL873584","6966592","6966895","74","2952845"
"KQ052970v1","9942293","9942586","GL873537","20108472","20108765","52","10166179"
"KQ052970v1","9982512","9982798","GL873540","4711812","4712090","59","5270700"
"KQ052970v1","10014730","10015015","GL873573","3786511","3786793","64","6228219"
"KQ052970v1","10133003","10133272","GL873541","2827798","2828059","69","7305205"
"KQ052970v1","10142992","10143288","GL873621","545875","546169","49","9597117"
"KQ052970v1","10178913","10179221","GL873540","19800253","19800550","75","9621340"
"KQ052970v1","10192773","10193072","GL873524","42149014","42149308","53","31956241"
"KQ052970v1","10213031","10213293","GL873774","385968","386234","55","9827063"
"KQ052970v1","10220066","10220371","GL873542","3688341","3688623","85","6531725"
"KQ052970v1","10235455","10235745","GL873546","12679748","12680030","61","2444293"
"KQ052970v1","10324041","10324339","GL873523","28431022","28431322","61","18106981"
"KQ052970v1","10326789","10327042","GL873548","17914756","17915026","61","7587967"
"KQ052970v1","10365249","10365332","GL873530","16405598","16405685","17","6040349"
"KQ052970v1","10375769","10376061","GL873537","20108472","20108765","66","9732703"
"KQ052970v1","10377285","10377589","GL873657","3029272","3029566","64","7348013"
"KQ052970v1","10380481","10380775","GL873545","17052684","17052979","61","6672203"
"KQ052970v1","10413711","10414033","GL873544","14777159","14777470","66","4363448"
"KQ052970v1","10418758","10418938","GL873542","10862260","10862426","48","443502"
"KQ052970v1","10433401","10433688","GL873524","42149014","42149308","53","31715613"
"KQ052970v1","10441799","10442083","GL873586","8120080","8120363","57","2321719"
"KQ052970v1","10448022","10448145","GL873591","5814379","5814504","21","4633643"
"KQ052970v1","10470339","10470356","GL873551","11901032","11901042","8","1430693"
"KQ052970v1","10470383","10470640","GL873664","3384580","3384823","71","7085803"
"KQ052970v1","10489174","10489433","GL873611","4994670","4994910","62","5494504"
"KQ052970v1","10581219","10581511","GL873624","767587","767884","77","9813632"
"KQ052970v1","10584338","10584651","GL873557","4946813","4947122","75","5637525"
"KQ052970v1","10585842","10586125","GL873587","9900173","9900449","64","685669"
"KQ052970v1","10588544","10588812","GL873543","12275678","12275949","67","1687134"
"KQ052970v1","10593399","10593693","GL873537","20108472","20108765","65","9515073"
"KQ052970v1","10604146","10604284","GL873548","16697976","16698117","44","6093830"
"KQ052970v1","10632171","10632470","GL873535","12038298","12038580","65","1406127"
"KQ052970v1","10651025","10651320","GL873520","48675796","48676094","59","38024771"
"KQ052970v1","10657568","10657819","GL873527","36235779","36236022","79","25578211"
"KQ052970v1","10662585","10662868","GL873800","736311","736599","60","9926274"
"KQ052970v1","10676517","10676820","GL873575","8875744","8876043","62","1800773"
"KQ052970v1","10693032","10693323","GL873663","2383516","2383802","67","8309516"
"KQ052970v1","10718155","10718472","GL873560","524189","524503","60","10193966"
"KQ052970v1","10744331","10744481","GL873541","17651346","17651496","40","6907015"
"KQ052970v1","10773194","10773481","GL873563","10046343","10046633","62","726851"
"KQ052970v1","10805021","10805320","GL873629","1991833","1992133","66","8813188"
"KQ052970v1","10813053","10813344","GL873628","1904991","1905264","66","8908062"
"KQ052970v1","10813908","10814102","GL873618","3515605","3515778","62","7298303"
"KQ052970v1","10820203","10820483","GL873678","229130","229409","61","10591073"
"KQ052970v1","10826117","10826405","GL873568","5298632","5298909","77","5527485"
"KQ052970v1","10855036","10855196","GL873521","8158196","8158354","43","2696840"
"KQ052970v1","10875083","10875229","GL873543","13242093","13242230","36","2367010"
"KQ052970v1","10875563","10875737","GL873526","10575149","10575318","43","300414"
"KQ052970v1","10876454","10876748","GL873528","4452981","4453269","59","6423473"
"KQ052970v1","10896958","10897248","GL873548","13072238","13072531","57","2175280"
"KQ052970v1","10899004","10899288","GL873536","13779070","13779345","81","2880066"
"KQ052970v1","10901472","10901731","GL873534","14629130","14629395","65","3727658"
"KQ052970v1","10902685","10902979","GL873659","1551093","1551381","63","9351592"
"KQ052970v1","10920105","10920396","GL873543","21766493","21766785","54","10846388"
"KQ052970v1","10944329","10944656","GL873562","4526917","4527229","86","6417412"
"KQ052970v1","10958179","10958476","GL873524","42149014","42149308","58","31190835"
"KQ052970v1","11007335","11007620","GL873533","23633726","23633993","68","12626391"
"KQ052970v1","11055934","11056255","GL873557","7632313","7632632","72","3423621"
"KQ052970v1","11067398","11067687","GL873521","50172684","50172982","70","39105286"
"KQ052970v1","11069939","11070244","GL873565","12300518","12300811","56","1230579"
"KQ052970v1","11077276","11077564","GL873635","2454054","2454336","73","8623222"
"KQ052970v1","11096399","11096620","GL873529","8596265","8596494","60","2500134"
"KQ052970v1","11117322","11117606","GL873538","3757160","3757448","64","7360162"
"KQ052970v1","11124473","11124559","GL873563","2625427","2625506","25","8499046"
"KQ052970v1","11136979","11137237","GL873547","12234315","12234581","71","1097336"
"KQ052970v1","11137245","11137522","GL873535","20942348","20942633","61","9805103"
"KQ052970v1","11139789","11140115","GL873546","18307234","18307526","92","7167445"
"KQ052970v1","11176502","11176807","GL873737","1691288","1691582","66","9485214"
"KQ052970v1","11178946","11179070","GL873637","3392350","3392471","18","7786596"
"KQ052970v1","11214165","11214322","GL873539","18965545","18965701","44","7751380"
"KQ052970v1","11214649","11214781","GL873537","23931981","23932110","24","12717332"
"KQ052970v1","11215079","11215367","GL873531","25381659","25381942","66","14166580"
"KQ052970v1","11229786","11230078","GL873569","9377108","9377386","69","1852678"
"KQ052970v1","11231582","11231889","GL873660","426922","427227","73","10804660"
"KQ052970v1","11236606","11236855","GL873731","175506","175747","62","11061100"
"KQ052970v1","11244670","11244955","GL873645","5507010","5507308","66","5737660"
"KQ052970v1","11248737","11249029","GL873621","545875","546169","62","10702862"
"KQ052970v1","11252749","11253048","GL873520","38124828","38125119","63","26872079"
"KQ052970v1","11300898","11301079","GL873532","16061866","16062036","48","4760968"
"KQ052970v1","11312059","11312341","GL873537","23776882","23777153","78","12464823"
"KQ052970v1","11330336","11330559","GL873531","4298410","4298635","57","7031926"
"KQ052970v1","11330618","11330927","GL873522","35202953","35203254","65","23872335"
"KQ052970v1","11332026","11332185","GL873534","14551683","14551840","36","3219657"
"KQ052970v1","11368479","11368780","GL873565","12235234","12235534","61","866755"
"KQ052970v1","11369522","11369816","GL873530","2520158","2520454","56","8849364"
"KQ052970v1","11372642","11372920","GL873520","61251939","61252216","66","49879297"
"KQ052970v1","11384634","11384884","GL873679","2648388","2648640","61","8736246"
"KQ052970v1","11398567","11398852","GL873812","254748","255029","72","11143819"
"KQ052970v1","11399705","11400005","GL873539","898488","898789","61","10501217"
"KQ052970v1","11405919","11406218","GL873631","5465264","5465554","62","5940655"
"KQ052970v1","11407721","11407886","GL873629","3247949","3248110","38","8159772"
"KQ052970v1","11408572","11408719","GL873564","4371271","4371411","38","7037301"
"KQ052970v1","11409919","11410171","GL873645","656711","656977","64","10753208"
"KQ052970v1","11414956","11415181","GL873533","29114064","29114296","55","17699108"
"KQ052970v1","11416270","11416559","GL873635","4343440","4343723","68","7072830"
"KQ052970v1","11421903","11422194","GL873535","12414612","12414904","74","992709"
"KQ052970v1","11448059","11448275","GL873522","33961928","33962135","52","22513869"
"KQ052970v1","11451847","11452072","GL873533","9690889","9691109","56","1760958"
"KQ052970v1","11452850","11453137","GL873540","18283608","18283891","60","6830758"
"KQ052970v1","11460125","11460407","GL873600","6105074","6105355","56","5355051"
"KQ052970v1","11480367","11480662","GL873540","18639960","18640241","68","7159593"
"KQ052970v1","11549889","11550194","GL873575","2687372","2687665","71","8862517"
"KQ052970v1","11556541","11556670","GL873599","8075818","8075930","36","3480723"
"KQ052970v1","11556992","11557125","GL873653","3155921","3156051","24","8401071"
"KQ052970v1","11567447","11567731","GL873528","746535","746815","83","10820912"
"KQ052970v1","11568669","11568796","GL873537","18687435","18687554","29","7118766"
"KQ052970v1","11595062","11595229","GL873779","1257959","1258121","38","10337103"
"KQ052970v1","11595270","11595387","GL873609","3337260","3337375","26","8258010"
"KQ052970v1","11643391","11643494","GL873567","12026617","12026711","32","383226"
"KQ052970v1","11643531","11643649","GL873591","8929862","8929981","18","2713669"
"KQ052970v1","11699213","11699527","GL873544","9845241","9845544","69","1853972"
"KQ052970v1","11712899","11713185","GL873546","859614","859905","64","10853285"
"KQ052970v1","11726382","11726641","GL873653","1841225","1841488","77","9885157"
"KQ052970v1","11741225","11741521","GL873567","10304739","10305017","62","1436486"
"KQ052970v1","11781253","11781546","GL873532","29631533","29631825","66","17850280"
"KQ052970v1","11807981","11808263","GL873549","16218737","16219032","67","4410756"
"KQ052970v1","11830291","11830567","GL873752","219309","219580","58","11610982"
"KQ052970v1","11837321","11837496","GL873573","4052612","4052794","52","7784709"
"KQ052970v1","11848017","11848321","GL873547","11458791","11459084","60","389226"
"KQ052970v1","11863604","11863864","GL873526","9678265","9678543","74","2185339"
"KQ052970v1","11881138","11881399","GL873540","16621972","16622229","59","4740834"
"KQ052970v1","11882908","11883150","GL873565","3583321","3583574","69","8299587"
"KQ052970v1","11895370","11895516","GL873543","13242093","13242230","30","1346723"
"KQ052970v1","11895843","11896007","GL873530","16082476","16082634","36","4186633"
"KQ052970v1","11915303","11915600","GL873527","25101599","25101892","59","13186296"
"KQ052970v1","11916051","11916253","GL873525","25933203","25933400","57","14017152"
"KQ052970v1","11940279","11940592","GL873559","7100349","7100654","74","4839930"
"KQ052970v1","11961967","11962242","GL873547","17354481","17354764","68","5392514"
"KQ052970v1","11963632","11963904","GL873536","11777148","11777412","55","186484"
"KQ052970v1","11965479","11965781","GL873542","8032564","8032870","57","3932915"
"KQ052970v1","11970658","11970971","GL873531","29056008","29056304","83","17085350"
"KQ052970v1","11970997","11971288","GL873562","667494","667788","68","11303503"
"KQ052970v1","11977574","11977798","GL873522","19267704","19267921","52","7290130"
"KQ052970v1","11993218","11993500","GL873543","13000816","13001093","56","1007598"
"KQ052970v1","12016374","12016657","GL873603","794609","794907","80","11221765"
"KQ052970v1","12020216","12020511","GL873586","3828887","3829179","62","8191329"
"KQ052970v1","12026584","12026900","GL873540","17621298","17621599","64","5594714"
"KQ052970v1","12029134","12029469","GL873569","2257365","2257661","75","9771769"
"KQ052970v1","12029865","12030157","GL873531","27860265","27860563","68","15830400"
"KQ052970v1","12037590","12037906","GL873523","8076383","8076689","70","3961207"
"KQ052970v1","12039117","12039414","GL873596","3562116","3562414","68","8477001"
"KQ052970v1","12073957","12074151","GL873574","4057426","4057613","52","8016531"
"KQ052970v1","12087570","12087836","GL873562","1255795","1256066","63","10831775"
"KQ052970v1","12115157","12115421","GL873678","628908","629161","56","11486249"
"KQ052970v1","12120893","12121151","GL873570","1770982","1771233","68","10349911"
"KQ052970v1","12127601","12127871","GL873521","8420231","8420499","72","3707370"
"KQ052970v1","12144498","12144738","GL873613","5851680","5851898","73","6292818"
"KQ052970v1","12186375","12186636","GL873534","26049622","26049880","54","13863247"
"KQ052970v1","12188160","12188414","GL873540","16621972","16622229","60","4433812"
"KQ052970v1","12190990","12191082","GL873524","15135210","15135300","17","2944220"
"KQ052970v1","12233544","12233841","GL873531","27860265","27860563","52","15626721"
"KQ052970v1","12257672","12257789","GL873523","1370191","1370308","21","10887481"
"KQ052970v1","12265647","12265945","GL873529","9421454","9421749","59","2844193"
"KQ052970v1","12267804","12268084","GL873529","9421454","9421749","63","2846350"
"KQ052970v1","12270471","12270766","GL873677","4225067","4225358","59","8045404"
"KQ052970v1","12286634","12286808","GL873675","4154373","4154546","54","8132261"
"KQ052970v1","12310205","12310495","GL873557","5844700","5844982","60","6465505"
"KQ052970v1","12321444","12321697","GL873639","4790389","4790640","71","7531055"
"KQ052970v1","12337290","12337552","GL873546","2527308","2527575","69","9809982"
"KQ052970v1","12345462","12345608","GL873564","4371271","4371411","33","7974191"
"KQ052970v1","12345937","12346088","GL873551","7095679","7095814","38","5250258"
"KQ052970v1","12352617","12352867","GL873714","2029729","2029999","84","10322888"
"KQ052970v1","12355080","12355369","GL873663","2383516","2383802","57","9971564"
"KQ052970v1","12360451","12360583","GL873530","35302732","35302851","45","22942281"
"KQ052970v1","12360936","12361094","GL873551","7095679","7095814","46","5265257"
"KQ052970v1","12383544","12383848","GL873577","10149931","10150226","68","2233613"
"KQ052970v1","12394053","12394330","GL873752","219309","219580","69","12174744"
"KQ052970v1","12406285","12406576","GL873550","7644303","7644582","58","4761982"
"KQ052970v1","12407079","12407389","GL873593","6523519","6523829","74","5883560"
"KQ052970v1","12415820","12415967","GL873586","7442664","7442810","43","4973156"
"KQ052970v1","12442490","12442763","GL873568","5272622","5272897","67","7169868"
"KQ052970v1","12443301","12443600","GL873579","237527","237826","64","12205774"
"KQ052970v1","12452200","12452336","GL873557","6335565","6335686","45","6116635"
"KQ052970v1","12454401","12454712","GL873631","3844398","3844660","107","8610003"
"KQ052970v1","12462778","12463002","GL873548","12896522","12896746","62","433744"
"KQ052970v1","12488441","12488730","GL873536","2527252","2527542","66","9961189"
"KQ052970v1","12501364","12501519","GL873632","3002946","3003100","37","9498418"
"KQ052970v1","12501561","12501702","GL873560","6875568","6875697","38","5625993"
"KQ052970v1","12522914","12523184","GL873572","9034316","9034616","84","3488598"
"KQ052970v1","12525662","12525983","GL873720","1268124","1268434","67","11257538"
"KQ052970v1","12532575","12532877","GL873572","9034316","9034616","60","3498259"
"KQ052970v1","12539285","12539596","GL873556","996424","996728","78","11542861"
"KQ052970v1","12567831","12568118","GL873520","38236690","38236980","56","25668859"
"KQ052970v1","12667420","12667711","GL873708","1991577","1991868","62","10675843"
"KQ052970v1","12667753","12667939","GL873537","26260700","26260869","49","13592947"
"KQ052970v1","12707277","12707551","GL873546","13143077","13143343","62","435800"
"KQ052970v1","12742020","12742320","GL873548","13072238","13072531","61","330218"
"KQ052970v1","12764294","12764391","GL873525","8812413","8812511","24","3951881"
"KQ052970v1","12794696","12794818","GL873533","30313670","30313790","25","17518974"
"KQ052970v1","12800207","12800496","GL873540","16795111","16795414","62","3994904"
"KQ052970v1","12852227","12852535","GL873530","23979294","23979589","68","11127067"
"KQ052970v1","12858425","12858701","GL873572","202555","202827","62","12655870"
"KQ052970v1","12871639","12871912","GL873643","1651267","1651554","78","11220372"
"KQ052970v1","12877650","12877954","GL873538","12219285","12219590","66","658365"
"KQ052970v1","12878838","12878924","GL873531","16275379","16275462","18","3396541"
"KQ052970v1","12888300","12888562","GL873646","467878","468137","63","12420422"
"KQ052970v1","12888915","12889198","GL873541","15202216","15202496","54","2313301"
"KQ052970v1","12892257","12892518","GL873551","7886145","7886410","52","5006112"
"KQ052970v1","12907254","12907581","GL873607","33644","33960","93","12873610"
"KQ052970v1","12911377","12911626","GL873621","6165835","6166076","51","6745542"
"KQ052970v1","12927646","12927880","GL873551","4428507","4428742","57","8499139"
"KQ052970v1","12929610","12929896","GL873575","2687372","2687665","63","10242238"
"KQ052970v1","12950905","12951196","GL873540","16616058","16616333","55","3665153"
"KQ052970v1","12952118","12952380","GL873543","17916430","17916698","74","4964312"
"KQ052970v1","12953499","12953794","GL873540","24563702","24564003","64","11610203"
"KQ052970v1","12969335","12969593","GL873540","20714394","20714639","66","7745059"
"KQ052970v1","13010275","13010573","GL873528","4452981","4453269","62","8557294"
"KQ052970v1","13020530","13020838","GL873520","46491764","46492069","70","33471234"
"KQ052970v1","13021201","13021506","GL873563","5489805","5490109","61","7531396"
"KQ052970v1","13039727","13040030","GL873563","5489805","5490109","62","7549922"
"KQ052970v1","13045947","13046223","GL873530","9360390","9360665","62","3685557"
"KQ052970v1","13165358","13165660","GL873615","5162108","5162422","60","8003250"
"KQ052970v1","13170054","13170328","GL873550","7644303","7644582","66","5525751"
"KQ052970v1","13174777","13175069","GL873551","9483647","9483932","58","3691130"
"KQ052970v1","13195292","13195594","GL873623","6459306","6459605","60","6735986"
"KQ052970v1","13254581","13254879","GL873612","2357949","2358251","70","10896632"
"KQ052970v1","13255394","13255690","GL873531","27860265","27860563","55","14604871"
"KQ052970v1","13270722","13271006","GL873530","26485863","26486146","68","13215141"
"KQ052970v1","13273393","13273566","GL873531","2636452","2636619","57","10636941"
"KQ052970v1","13327834","13328148","GL873541","18220450","18220758","62","4892616"
"KQ052970v1","13372257","13372560","GL873672","3031881","3032180","67","10340376"
"KQ052970v1","13611066","13611332","GL873608","7376661","7376921","72","6234405"
"KQ052970v1","13693321","13693512","GL873526","9825491","9825663","53","3867830"
"KQ052970v1","13693561","13693679","GL873584","9881686","9881805","22","3811875"
"KQ052970v1","13787339","13787559","GL873657","2612721","2612936","62","11174618"
"KQ052970v1","14003161","14003415","GL873540","15520092","15520352","61","1516931"
"KQ052970v1","14193051","14193348","GL873646","5530496","5530792","74","8662555"
"KQ052970v1","14789607","14789904","GL873675","162005","162291","68","14627602"
"KQ052970v1","14959545","14959836","GL873566","10497746","10498044","60","4461799"
"KQ052970v1","14984198","14984497","GL873527","11533238","11533536","74","3450960"
"KQ052970v1","14993171","14993458","GL873538","24663308","24663595","64","9670137"
"KQ052970v1","15002599","15002881","GL873557","11516586","11516870","64","3486013"
"KQ052970v1","15025427","15025733","GL873575","8875744","8876043","67","6149683"
"KQ052970v1","15088198","15088508","GL873615","5162108","5162422","71","9926090"
"KQ052970v1","15177406","15177662","GL873565","8629386","8629649","73","6548020"
"KQ052970v1","15183473","15183726","GL873563","7829489","7829739","68","7353984"
"KQ052970v1","15192115","15192396","GL873537","18321122","18321392","75","3129007"
"KQ052970v1","15241764","15242059","GL873541","21969920","21970207","68","6728156"
"KQ052970v1","15429758","15430061","GL873715","1471860","1472165","69","13957898"
"KQ052970v1","15438108","15438368","GL873542","12132458","12132733","67","3305650"
"KQ052970v1","15497559","15497780","GL873531","27399124","27399344","54","11901565"
"KQ052970v1","15552488","15552775","GL873538","3757160","3757448","69","11795328"
"KQ052970v1","15660383","15660661","GL873560","11614888","11615174","72","4045495"
"KQ052970v1","15715499","15715755","GL873564","5092960","5093208","77","10622539"
"KQ052970v1","15810050","15810331","GL873653","2879660","2879926","86","12930390"
"KQ052970v1","15926727","15927009","GL873611","607167","607439","69","15319560"
"KQ052970v1","16094021","16094337","GL873520","38124828","38125119","88","22030807"
"KQ052970v1","16368575","16368878","GL873550","6780189","6780493","73","9588386"
"KQ052970v1","16386704","16387011","GL873557","11782256","11782544","75","4604448"
"KQ052970v1","16725289","16725405","GL873596","2674100","2674216","19","14051189"
"KQ052970v1","17064682","17064985","GL873551","11647764","11648060","81","5416918"
"KQ052970v1","17198912","17199216","GL873557","7133081","7133372","70","10065831"
"KQ052970v1","17325694","17325962","GL873520","19573814","19574073","61","2248120"
"KQ052970v1","17355192","17355480","GL873587","2747170","2747463","63","14608022"
"KQ052970v1","17380016","17380309","GL873545","20254912","20255212","58","2874896"
"KQ052970v1","17418034","17418329","GL873545","12978830","12979129","59","4439204"
"KQ052970v1","17503230","17503521","GL873605","693363","693649","68","16809867"
"KQ052970v1","17519524","17519763","GL873632","2992978","2993216","68","14526546"
"KQ052970v1","17523080","17523195","GL873542","1259218","1259335","21","16263862"
"KQ052970v1","17539274","17539484","GL873595","5966599","5966798","53","11572675"
"KQ052970v1","17558636","17558922","GL873631","3449698","3449977","69","14108938"
"KQ052970v1","17564193","17564262","GL873615","2513838","2513904","17","15050355"
"KQ052970v1","17578947","17579249","GL873547","11458791","11459084","68","6120156"
"KQ052970v1","17616647","17616659","GL873520","25523108","25523120","3","7906461"
"KQ052970v1","17616712","17616862","GL873526","18826375","18826525","34","1209663"
"KQ052970v1","17629313","17629615","GL873570","10513643","10513944","67","7115670"
"KQ052970v1","17633731","17634041","GL873548","16911479","16911770","74","722252"
"KQ052970v1","17660332","17660645","GL873575","7466758","7467059","67","10193574"
"KQ052970v1","17715017","17715160","GL873576","2990867","2991012","35","14724150"
"KQ052970v1","17740644","17740936","GL873526","21819455","21819728","61","4078811"
"KQ052970v1","17782167","17782454","GL873539","17936217","17936501","72","154050"
"KQ052970v1","17851433","17851565","GL873567","12490491","12490615","28","5360942"
"KQ052970v1","17854319","17854428","GL873522","18852640","18852754","22","998321"
"KQ052970v1","17905790","17906076","GL873540","11063749","11064053","63","6842041"
"KQ052970v1","17926256","17926548","GL873588","2417029","2417316","72","15509227"
"KQ052970v1","17927626","17927908","GL873574","5160157","5160440","63","12767469"
"KQ052970v1","17937493","17937681","GL873754","1344994","1345175","55","16592499"
"KQ052970v1","17953381","17953674","GL873578","2937572","2937865","59","15015809"
"KQ052970v1","17975481","17975783","GL873629","1991833","1992133","64","15983648"
"KQ052970v1","17998234","17998537","GL873545","17052684","17052979","64","945550"
"KQ052970v1","17999675","17999924","GL873532","9003845","9004088","67","8995830"
"KQ052970v1","18011852","18011956","GL873548","17337737","17337844","26","674115"
"KQ052970v1","18018520","18018689","GL873530","34598542","34598698","50","16580022"
"KQ052970v1","18036404","18036678","GL873636","2788755","2789028","60","15247649"
"KQ052970v1","18039357","18039635","GL873547","14329017","14329292","62","3710340"
"KQ052970v1","18059723","18060003","GL873537","12959422","12959706","60","5100301"
"KQ052970v1","18194748","18194951","GL873523","24005577","24005782","48","5810829"
"KQ052970v1","18202127","18202284","GL873541","3484142","3484299","33","14717985"
"KQ052970v1","18275422","18275701","GL873613","4450657","4450940","57","13824765"
"KQ052970v1","18296268","18296527","GL873530","27114472","27114746","68","8818204"
"KQ052970v1","18302231","18302535","GL873557","10430278","10430580","73","7871953"
"KQ052970v1","18329000","18329308","GL873720","1268124","1268434","55","17060876"
"KQ052970v1","18369497","18369762","GL873541","16881848","16882099","76","1487649"
"KQ052970v1","18372060","18372376","GL873596","3562116","3562414","89","14809944"
"KQ052970v1","18380202","18380510","GL873548","16062975","16063273","83","2317227"
"KQ052970v1","18382780","18383110","GL873596","3562116","3562414","86","14820664"
"KQ052970v1","18405741","18406021","GL873522","26431469","26431747","53","8025728"
"KQ052970v1","18417301","18417600","GL873586","6643146","6643447","73","11774155"
"KQ052970v1","18420138","18420419","GL873618","2956988","2957269","59","15463150"
"KQ052970v1","18723361","18723484","GL873522","41098155","41098287","38","22374794"
"KQ052970v1","18972120","18972412","GL873607","8232308","8232601","73","10739812"
"KQ052970v1","18974674","18974952","GL873523","7327314","7327595","66","11647360"
"KQ052970v1","19095569","19095848","GL873521","53707997","53708279","65","34612428"
"KQ052970v1","19099698","19099968","GL873812","400580","400858","85","18699118"
"KQ052970v1","19129178","19129484","GL873523","28431022","28431322","74","9301844"
"KQ052970v1","19317168","19317289","GL873613","1895461","1895578","27","17421707"
"KQ052970v1","19354603","19354903","GL873549","6971808","6972104","56","12382795"
"KQ052970v1","19401634","19401936","GL873540","9359424","9359716","65","10042210"
"KQ052970v1","19402851","19403141","GL873575","2687372","2687665","47","16715479"
"KQ052970v1","19433121","19433329","GL873545","3758091","3758301","52","15675030"
"KQ052970v1","19437262","19437307","GL873560","1448786","1448837","16","17988476"
"KQ052970v1","19437614","19437811","GL873620","3617712","3617892","56","15819902"
"KQ052970v1","19448093","19448362","GL873537","15735394","15735654","74","3712699"
"KQ052970v1","19456857","19457166","GL873530","25617673","25617981","61","6160816"
"KQ052970v1","19461290","19461570","GL873591","1508585","1508871","58","17952705"
"KQ052970v1","19474074","19474379","GL873565","12300518","12300811","71","7173556"
"KQ052970v1","19484286","19484570","GL873540","9263540","9263841","71","10220746"
"KQ052970v1","19497739","19498033","GL873560","857959","858253","65","18639780"
"KQ052970v1","19546727","19547020","GL873522","25185925","25186218","72","5639198"
"KQ052970v1","19677486","19677758","GL873585","253223","253496","69","19424263"
"KQ052970v1","19713347","19713636","GL873526","25295506","25295789","57","5582159"
"KQ052970v1","19714177","19714460","GL873557","5844700","5844982","62","13869477"
"KQ052970v1","19718100","19718402","GL873738","1646790","1647070","77","18071310"
"KQ052970v1","19738131","19738424","GL873607","4584668","4584965","65","15153463"
"KQ052970v1","19757013","19757307","GL873545","10172794","10173088","63","9584219"
"KQ052970v1","19840771","19841070","GL873563","5489805","5490109","64","14350966"
"KQ052970v1","19884319","19884603","GL873571","3916524","3916794","77","15967795"
"KQ052970v1","19909127","19909420","GL873535","26174710","26174993","65","6265583"
"KQ052970v1","19921524","19921749","GL873521","49362158","49362369","59","29440634"
"KQ052970v1","19936699","19936998","GL873534","24828530","24828825","55","4891831"
"KQ052970v1","19955823","19956097","GL873653","3996316","3996588","75","15959507"
"KQ052970v1","20329495","20329805","GL873530","28263781","28264089","54","7934286"
"KQ052970v1","20336638","20336928","GL873615","5889225","5889521","67","14447413"
"KQ052970v1","20370703","20370967","GL873624","1833935","1834197","63","18536768"
"KQ052970v1","20371066","20371239","GL873542","11567179","11567345","49","8803887"
"KQ052970v1","20614865","20615180","GL873615","5162108","5162422","66","15452757"
"KQ052970v1","20653794","20653930","GL873540","7290267","7290400","27","13363527"
"KQ052970v1","20744267","20744488","GL873586","9651668","9651899","53","11092599"
"KQ052970v1","20762941","20763063","GL873591","8929862","8929981","23","11833079"
"KQ052970v1","20823318","20823400","GL873523","1501084","1501163","24","19322234"
"KQ052970v1","20827089","20827358","GL873548","15510967","15511237","52","5316122"
"KQ052970v1","20836989","20837288","GL873612","2357949","2358251","62","18479040"
"KQ052970v1","20951928","20952055","GL873528","4567428","4567552","27","16384500"
"KQ052970v1","20982788","20983078","GL873540","4711812","4712090","56","16270976"
"KQ052970v1","21062848","21063156","GL873540","21071517","21071821","81","8669"
"KQ052970v1","21088692","21088803","GL873547","7325614","7325728","23","13763078"
"KQ052970v1","21094687","21094979","GL873601","4395673","4395957","64","16699014"
"KQ052970v1","21143995","21144263","GL873608","7376661","7376921","62","13767334"
"KQ052970v1","21161738","21161861","GL873539","18648181","18648300","24","2513557"
"KQ052970v1","21174128","21174410","GL873557","13571946","13572231","58","7602182"
"KQ052970v1","21258716","21258986","GL873550","9436456","9436728","63","11822260"
"KQ052970v1","21261167","21261469","GL873537","23325667","23325965","61","2064500"
"KQ052970v1","21306939","21307244","GL873561","6158970","6159266","63","15147969"
"KQ052970v1","21354223","21354364","GL873542","16716997","16717127","37","4637226"
"KQ052970v1","21489821","21490025","GL873524","3361925","3362129","55","18127896"
"KQ052970v1","21506784","21506882","GL873548","906505","906597","21","20600279"
"KQ052970v1","21507977","21508243","GL873620","6299026","6299294","62","15208951"
"KQ052970v1","21510992","21511282","GL873520","68775141","68775433","68","47264149"
"KQ052970v1","21512790","21512997","GL873625","5640863","5641072","44","15871927"
"KQ052970v1","21527968","21528262","GL873535","25840890","25841174","57","4312922"
"KQ052970v1","21539009","21539282","GL873563","9713700","9713970","52","11825309"
"KQ052970v1","21544105","21544400","GL873537","18349708","18349995","74","3194397"
"KQ052970v1","21564102","21564393","GL873584","5886716","5887005","69","15677386"
"KQ052970v1","21596321","21596533","GL873549","6805894","6806117","70","14790427"
"KQ052970v1","21597207","21597493","GL873812","400580","400858","70","21196627"
"KQ052970v1","21602292","21602547","GL873522","37212332","37212585","67","15610040"
"KQ052970v1","21606614","21606901","GL873659","1551093","1551381","65","20055521"
"KQ052970v1","21620936","21621236","GL873540","7023703","7024000","69","14597233"
"KQ052970v1","21640129","21640433","GL873800","736311","736599","65","20903818"
"KQ052970v1","21654217","21654517","GL873540","19013371","19013667","59","2640846"
"KQ052970v1","21657884","21658189","GL873577","10149931","10150226","70","11507953"
"KQ052970v1","21675378","21675675","GL873729","432103","432405","65","21243275"
"KQ052970v1","21716992","21717289","GL873531","19422058","19422356","50","2294934"
"KQ052970v1","21735425","21735707","GL873539","2476921","2477203","73","19258504"
"KQ052970v1","21738503","21738780","GL873653","2537437","2537699","68","19201066"
"KQ052970v1","21783513","21783823","GL873533","2289538","2289847","63","19493975"
"KQ052970v1","21800308","21800533","GL873539","20009899","20010128","57","1790409"
"KQ052970v1","21820199","21820402","GL873557","5125101","5125304","49","16695098"
"KQ052970v1","21837680","21837739","GL873529","1919773","1919828","17","19917907"
"KQ052970v1","22021930","22022162","GL873566","13161077","13161300","56","8860853"
"KQ052970v1","22093177","22093477","GL873561","9330005","9330309","60","12763172"
"KQ052970v1","22179482","22179753","GL873540","6424625","6424893","57","15754857"
"KQ052970v1","22241546","22241843","GL873563","5489805","5490109","61","16751741"
"KQ052970v1","22242027","22242322","GL873531","27860265","27860563","60","5618238"
"KQ052970v1","22398331","22398618","GL873522","26431469","26431747","57","4033138"
"KQ052970v1","22500965","22501275","GL873540","22714851","22715162","59","213886"
"KQ052971v1","11006","11331","GL873730","1783861","1784158","75","1772855"
"KQ052971v1","12084","12384","GL873608","4218070","4218374","68","4205986"
"KQ052971v1","26026","26358","GL873647","2592882","2593202","73","2566856"
"KQ052971v1","200769","201062","GL873561","11527410","11527710","66","11326641"
"KQ052971v1","244931","245053","GL873547","5989447","5989567","20","5744516"
"KQ052971v1","245071","245367","GL873531","27860265","27860563","62","27615194"
"KQ052971v1","333688","333996","GL873556","451239","451541","67","117551"
"KQ052971v1","461731","462014","GL873535","26174710","26174993","61","25712979"
"KQ052971v1","484309","484569","GL873530","29762382","29762641","60","29278073"
"KQ052971v1","595944","596222","GL873538","19592293","19592577","70","18996349"
"KQ052971v1","640941","641226","GL873723","667827","668116","62","26886"
"KQ052971v1","666190","666500","GL873720","1268124","1268434","62","601934"
"KQ052971v1","706927","707237","GL873540","22714851","22715162","77","22007924"
"KQ052971v1","713747","714015","GL873584","9974747","9975033","89","9261000"
"KQ052971v1","728970","729252","GL873541","16493302","16493573","80","15764332"
"KQ052971v1","733974","734278","GL873596","3562116","3562414","76","2828142"
"KQ052971v1","740855","741177","GL873575","8875744","8876043","100","8134889"
"KQ052971v1","796567","796928","GL873540","10889957","10890291","120","10093390"
"KQ052971v1","1000631","1000975","GL873623","2646027","2646351","78","1645396"
"KQ052971v1","1033353","1033676","GL873530","17375868","17376165","74","16342515"
"KQ052971v1","1044625","1044963","GL873610","4431407","4431713","83","3386782"
"KQ052971v1","1047722","1048056","GL873569","2257365","2257661","76","1209643"
"KQ052971v1","1050887","1051189","GL873546","18307234","18307526","77","17256347"
"KQ052971v1","1118554","1118854","GL873546","13542628","13542944","70","12424074"
"KQ052971v1","1135477","1135597","GL873561","11383485","11383605","24","10248008"
"KQ052971v1","1160645","1160951","GL873610","4431407","4431713","65","3270762"
"KQ052971v1","1163085","1163382","GL873615","6674985","6675280","66","5511900"
"KQ052971v1","1189670","1189953","GL873584","9965935","9966225","70","8776265"
"KQ052971v1","1201353","1201625","GL873526","25063122","25063377","75","23861769"
"KQ052971v1","1340699","1340862","GL873600","1409223","1409388","33","68524"
"KQ052971v1","1440203","1440282","GL873557","15730249","15730327","16","14290046"
"KQ052971v1","1583766","1584065","GL873568","10563353","10563640","58","8979587"
"KQ052971v1","1646517","1646646","GL873684","3564946","3565077","29","1918429"
"KQ052971v1","1738892","1739193","GL873631","6629455","6629755","61","4890563"
"KQ052971v1","1791600","1791898","GL873551","11482397","11482693","67","9690797"
"KQ052971v1","1826150","1826471","GL873530","3557676","3557949","92","1731526"
"KQ052971v1","1963010","1963278","GL873549","15132343","15132615","60","13169333"
"KQ052971v1","2023803","2024123","GL873637","1659280","1659583","88","364523"
"KQ052971v1","2062557","2062854","GL873530","16303356","16303636","65","14240799"
"KQ052971v1","2147469","2147771","GL873549","16218737","16219032","70","14071268"
"KQ052971v1","2228949","2229238","GL873540","3470128","3470411","71","1241179"
"KQ052971v1","2358548","2358846","GL873530","16695374","16695671","67","14336826"
"KQ052971v1","2370686","2370887","GL873627","2001982","2002169","59","368704"
"KQ052971v1","2458956","2459243","GL873623","5218769","5219054","58","2759813"
"KQ052971v1","2610560","2610870","GL873530","28263781","28264089","70","25653221"
"KQ052971v1","2665667","2665975","GL873586","3828887","3829179","80","1163220"
"KQ052971v1","2667480","2667761","GL873521","53707997","53708279","73","51040517"
"KQ052971v1","2781208","2781505","GL873566","8782628","8782921","70","6001420"
"KQ052971v1","2821985","2822282","GL873724","2082729","2083029","89","739256"
"KQ052971v1","2862008","2862287","GL873534","15140925","15141195","54","12278917"
"KQ052971v1","3117561","3117808","GL873594","1523127","1523375","60","1594434"
"KQ052971v1","3222660","3222832","GL873558","3010058","3010227","42","212602"
"KQ052971v1","3223161","3223304","GL873664","1703100","1703244","39","1520061"
"KQ052971v1","3305275","3305400","GL873560","13049237","13049359","24","9743962"
"KQ052971v1","3427198","3427498","GL873557","3158135","3158432","77","269063"
"KQ052971v1","3492952","3493257","GL873641","3079760","3080070","61","413192"
"KQ052971v1","3501332","3501605","GL873558","6357384","6357662","73","2856052"
"KQ052971v1","3556651","3556870","GL873577","5797533","5797747","52","2240882"
"KQ052971v1","3577314","3577599","GL873520","47857319","47857608","66","44280005"
"KQ052971v1","3589159","3589437","GL873558","6357384","6357662","64","2768225"
"KQ052971v1","3591583","3591885","GL873624","1736784","1737075","64","1854799"
"KQ052971v1","3602173","3602469","GL873550","15481259","15481557","66","11879086"
"KQ052971v1","3605314","3605605","GL873577","11009666","11009956","84","7404352"
"KQ052971v1","3615213","3615432","GL873635","268782","268999","53","3346431"
"KQ052971v1","3621679","3621979","GL873538","7823130","7823406","82","4201451"
"KQ052971v1","3626288","3626496","GL873649","2487844","2488052","44","1138444"
"KQ052971v1","3636612","3636961","GL873565","12080059","12080369","103","8443447"
"KQ052971v1","3642859","3643140","GL873528","17703992","17704266","61","14061133"
"KQ052971v1","3649426","3649753","GL873607","818467","818770","96","2830959"
"KQ052971v1","3673404","3673688","GL873584","8075346","8075626","66","4401942"
"KQ052971v1","3681746","3681995","GL873582","981772","982014","71","2699974"
"KQ052971v1","3685787","3686055","GL873666","3110704","3110992","75","575083"
"KQ052971v1","3693097","3693395","GL873537","20591524","20591797","72","16898427"
"KQ052971v1","3700436","3700723","GL873558","3156984","3157274","59","543452"
"KQ052971v1","3736123","3736417","GL873530","11054128","11054411","68","7318005"
"KQ052971v1","3788116","3788404","GL873544","12852108","12852394","56","9063992"
"KQ052971v1","3816397","3816690","GL873547","11450506","11450796","75","7634109"
"KQ052971v1","3830043","3830341","GL873525","26089021","26089319","71","22258978"
"KQ052971v1","3851226","3851476","GL873549","6551894","6552141","54","2700668"
"KQ052971v1","3889319","3889452","GL873523","25790998","25791129","31","21901679"
"KQ052971v1","4032827","4033117","GL873531","27860265","27860563","72","23827438"
"KQ052971v1","4045935","4046242","GL873581","10077852","10078142","76","6031917"
"KQ052971v1","4351938","4352253","GL873526","9439587","9439898","69","5087649"
"KQ052971v1","4506174","4506432","GL873620","3255746","3255994","74","1250428"
"KQ052971v1","4618555","4618864","GL873550","6485064","6485361","78","1866509"
"KQ052971v1","4635842","4636144","GL873544","12852108","12852394","71","8216266"
"KQ052971v1","4756182","4756336","GL873520","71993364","71993509","41","67237182"
"KQ052971v1","4756960","4757258","GL873678","1024189","1024471","62","3732771"
"KQ052971v1","4819374","4819585","GL873522","21258404","21258617","47","16439030"
"KQ052971v1","4842677","4842979","GL873577","10149931","10150226","62","5307254"
"KQ052971v1","5045128","5045430","GL873521","50684853","50685150","61","45639725"
"KQ052971v1","5287209","5287495","GL873522","4222168","4222461","68","1065041"
"KQ052971v1","5308647","5308952","GL873720","1268124","1268434","56","4040523"
"KQ052971v1","5321163","5321474","GL873659","252917","253227","73","5068246"
"KQ052971v1","5326217","5326517","GL873754","1754489","1754787","60","3571728"
"KQ052971v1","5469662","5469964","GL873673","398212","398508","58","5071450"
"KQ052971v1","5514018","5514316","GL873521","53893978","53894270","58","48379960"
"KQ052971v1","5520534","5520850","GL873615","5162108","5162422","73","358426"
"KQ052971v1","5628255","5628502","GL873564","5092960","5093208","68","535295"
"KQ052971v1","5758607","5758710","GL873528","38474872","38474974","26","32716265"
"KQ052971v1","5804069","5804354","GL873611","1428354","1428635","59","4375715"
"KQ052971v1","5860205","5860500","GL873524","42149014","42149308","60","36288809"
"KQ052971v1","5904354","5904632","GL873547","14329017","14329292","63","8424663"
"KQ052971v1","5908915","5909201","GL873660","1384330","1384596","64","4524585"
"KQ052971v1","5909541","5909735","GL873529","27264073","27264267","45","21354532"
"KQ052971v1","5922341","5922644","GL873625","3330882","3331184","66","2591459"
"KQ052971v1","5951023","5951318","GL873550","14987310","14987596","72","9036287"
"KQ052971v1","5971212","5971549","GL873540","22714851","22715162","90","16743639"
"KQ052971v1","6045664","6045954","GL873751","1385471","1385758","78","4660193"
"KQ052971v1","6050309","6050603","GL873538","3757160","3757448","65","2293149"
"KQ052971v1","6063995","6064258","GL873558","6954410","6954677","62","890415"
"KQ052971v1","6068640","6068916","GL873529","17122097","17122389","67","11053457"
"KQ052971v1","6221158","6221454","GL873529","9421454","9421749","57","3200296"
"KQ052971v1","6228881","6229163","GL873531","19846410","19846687","62","13617529"
"KQ052971v1","6299621","6299835","GL873521","13424125","13424342","53","7124504"
"KQ052971v1","6314682","6314850","GL873528","1120859","1121019","35","5193823"
"KQ052971v1","6338472","6338797","GL873522","18906088","18906411","75","12567616"
"KQ052971v1","6453686","6453988","GL873608","4218070","4218374","69","2235616"
"KQ052971v1","6510845","6511122","GL873526","25295506","25295789","59","18784661"
"KQ052971v1","6550227","6550503","GL873536","28911077","28911366","69","22360850"
"KQ052971v1","6561336","6561603","GL873624","1833935","1834197","57","4727401"
"KQ052971v1","6611103","6611409","GL873526","20255818","20256125","75","13644715"
"KQ052971v1","6613841","6614147","GL873613","5084983","5085278","65","1528858"
"KQ052971v1","6651788","6652062","GL873600","5468349","5468621","72","1183439"
"KQ052971v1","6653660","6653939","GL873547","14329017","14329292","64","7675357"
"KQ052971v1","6692758","6692879","GL873561","11383485","11383605","18","4690727"
"KQ052971v1","6843398","6843652","GL873538","11416277","11416524","57","4572879"
"KQ052971v1","7005656","7005926","GL873527","12014620","12014900","68","5008964"
"KQ052971v1","7008552","7008888","GL873569","2257365","2257661","80","4751187"
"KQ052971v1","7017687","7018021","GL873634","784653","784971","80","6233034"
"KQ052971v1","7023531","7023816","GL873571","2724260","2724543","67","4299271"
"KQ052971v1","7043422","7043712","GL873531","27860265","27860563","61","20816843"
"KQ052971v1","7089118","7089387","GL873547","14329017","14329292","56","7239899"
"KQ052972v1","13114","13390","GL873842","322251","322538","72","309137"
"KQ052972v1","266325","266621","GL873566","9008836","9009136","61","8742511"
"KQ052972v1","338932","339249","GL873530","36065055","36065338","71","35726123"
"KQ052972v1","507737","508045","GL873615","5162108","5162422","73","4654371"
"KQ052973v1","39135","39381","GL873574","1257621","1257861","60","1218486"
"KQ052973v1","52987","53265","GL873752","219309","219580","61","166322"
"KQ052973v1","53465","53731","GL873520","30303968","30304235","60","30250503"
"KQ052973v1","78227","78486","GL873624","1833935","1834197","63","1755708"
"KQ052973v1","195439","195563","GL873529","13075335","13075459","27","12879896"
"KQ052973v1","200020","200271","GL873557","15379055","15379305","60","15179035"
"KQ052973v1","204762","205023","GL873624","1833935","1834197","63","1629173"
"KQ052973v1","252014","252266","GL873520","8050197","8050448","60","7798183"
"KQ052973v1","271536","271825","GL873549","1794227","1794517","92","1522691"
"KQ052973v1","277395","277733","GL873618","3564487","3564820","90","3287092"
"KQ052974v1","32392","32688","GL873615","5889225","5889521","72","5856833"
"KQ052975v1","30939","31148","GL873626","7169260","7169467","48","7138321"
"KQ052975v1","94012","94289","GL873527","3852983","3853250","63","3758971"
"KQ052975v1","318643","318942","GL873800","736311","736599","60","417668"
"KQ052975v1","596061","596389","GL873520","26476309","26476612","85","25880248"
"KQ052975v1","667792","668081","GL873800","736311","736599","60","68519"
"KQ052975v1","688020","688285","GL873536","21644688","21644946","71","20956668"
"KQ052975v1","724067","724347","GL873563","9713700","9713970","69","8989633"
"KQ052976v1","11109","11233","GL873548","8652328","8652448","36","8641219"
"KQ052976v1","17595","17712","GL873551","8307099","8307212","26","8289504"
"KQ052977v1","134483","134785","GL873577","10149931","10150226","69","10015448"
"KQ052978v1","402196","402471","GL873561","13826809","13827093","72","13424613"
"KQ052978v1","503654","503892","GL873537","25753252","25753483","62","25249598"
"KQ052978v1","504038","504108","GL873522","33935514","33935588","16","33431476"
"KQ052978v1","538755","539052","GL873625","3330882","3331184","68","2792127"
"KQ052978v1","551620","551902","GL873540","4711812","4712090","63","4160192"
"KQ052979v1","2596","2817","GL873526","40957560","40957777","42","40954964"
"KQ052981v1","10360","10477","GL873637","3392350","3392471","20","3381990"
"KQ052981v1","49776","50069","GL873545","17052684","17052979","60","17002908"
"KQ052981v1","57314","57584","GL873520","42967256","42967520","65","42909942"
"KQ052981v1","117023","117334","GL873544","17387088","17387379","81","17270065"
"KQ052981v1","145703","145976","GL873540","5671836","5672121","73","5526133"
"KQ052981v1","201827","202117","GL873544","14031444","14031736","65","13829617"
"KQ052981v1","206261","206434","GL873533","9483294","9483455","49","9277033"
"KQ052981v1","225692","225999","GL873530","28263781","28264089","65","28038089"
"KQ052981v1","261879","262002","GL873603","7759348","7759471","22","7497469"
"KQ052981v1","308677","308992","GL873720","1268124","1268434","73","959447"
"KQ052981v1","348604","348913","GL873561","9330005","9330309","70","8981401"
"KQ052981v1","517891","518191","GL873520","48675796","48676094","63","48157905"
"KQ052981v1","562350","562653","GL873748","238196","238496","57","324154"
"KQ052981v1","578925","579216","GL873561","13826809","13827093","61","13247884"
"KQ052981v1","592483","592778","GL873590","657123","657393","71","64640"
"KQ052981v1","630939","630958","GL873558","9911706","9911723","5","9280767"
"KQ052981v1","630992","631277","GL873646","1321987","1322264","63","690995"
"KQ052981v1","638432","638721","GL873521","49874189","49874492","76","49235757"
"KQ052981v1","660260","660569","GL873631","6629455","6629755","84","5969195"
"KQ052981v1","716780","717068","GL873645","1598419","1598714","59","881639"
"KQ052981v1","724770","725065","GL873544","12852108","12852394","66","12127338"
"KQ052981v1","731881","732172","GL873607","5741170","5741465","70","5009289"
"KQ052981v1","793953","794272","GL873520","17142684","17142994","70","16348731"
"KQ052981v1","839325","839485","GL873536","1699696","1699848","40","860371"
"KQ052981v1","865484","865608","GL873538","618317","618439","22","247167"
"KQ052981v1","879036","879327","GL873535","17760318","17760611","60","16881282"
"KQ052981v1","884961","885245","GL873584","10485893","10486179","59","9600932"
"KQ052981v1","893058","893347","GL873590","803813","804097","56","89245"
"KQ052981v1","917371","917475","GL873635","1855647","1855749","24","938276"
"KQ052981v1","934167","934417","GL873530","4859305","4859554","75","3925138"
"KQ052981v1","966260","966561","GL873535","13345005","13345310","52","12378745"
"KQ052981v1","1016496","1016678","GL873526","9825491","9825663","47","8808995"
"KQ052981v1","1035548","1035846","GL873533","30534240","30534536","66","29498692"
"KQ052981v1","1052132","1052354","GL873526","40957560","40957777","55","39905428"
"KQ052981v1","1052686","1052780","GL873570","10511498","10511592","16","9458812"
"KQ052981v1","1090661","1090785","GL873529","13075335","13075459","22","11984674"
"KQ052981v1","1241601","1241916","GL873537","20806240","20806550","64","19564639"
"KQ052981v1","1468785","1469060","GL873537","19828470","19828745","65","18359685"
"KQ052981v1","1482445","1482558","GL873549","14691977","14692084","24","13209532"
"KQ052982v1","38120","38398","GL873557","5844700","5844982","62","5806580"
"KQ052982v1","46752","46931","GL873530","35050258","35050445","54","35003506"
"KQ052982v1","55990","56284","GL873586","6854900","6855180","59","6798910"
"KQ052982v1","71022","71158","GL873530","26696256","26696387","31","26625234"
"KQ052982v1","71520","71813","GL873575","1869548","1869842","66","1798028"
"KQ052982v1","145618","145917","GL873522","4222168","4222461","66","4076550"
"KQ052982v1","152851","153140","GL873520","60848620","60848891","72","60695769"
"KQ052982v1","193228","193515","GL873538","1693681","1693970","64","1500453"
"KQ052982v1","211306","211607","GL873545","12978830","12979129","60","12767524"
"KQ052982v1","243789","244009","GL873525","36348578","36348810","63","36104789"
"KQ052982v1","269160","269467","GL873531","19369345","19369649","65","19100185"
"KQ052982v1","331333","331620","GL873677","4203427","4203715","50","3872094"
"KQ052982v1","383356","383653","GL873520","30805589","30805881","68","30422233"
"KQ052982v1","391725","392025","GL873527","5721671","5721968","62","5329946"
"KQ052982v1","400406","400703","GL873527","16563255","16563544","61","16162849"
"KQ052982v1","480428","480715","GL873530","17375868","17376165","62","16895440"
"KQ052982v1","488627","488946","GL873678","1024189","1024471","89","535562"
"KQ052982v1","518340","518520","GL873537","17897136","17897316","39","17378796"
"KQ052982v1","536505","536785","GL873752","219309","219580","53","317196"
"KQ052982v1","573977","574265","GL873538","3757160","3757448","69","3183183"
"KQ052982v1","585477","585741","GL873563","10266735","10267001","72","9681258"
"KQ052982v1","615271","615476","GL873586","8236164","8236367","45","7620893"
"KQ052982v1","728731","728854","GL873629","3055754","3055875","31","2327023"
"KQ052982v1","730436","730736","GL873533","3428762","3429053","74","2698326"
"KQ052982v1","735219","735331","GL873530","3907901","3908012","29","3172682"
"KQ052982v1","736860","737160","GL873525","12569404","12569693","83","11832544"
"KQ052982v1","742015","742318","GL873610","4431407","4431713","56","3689392"
"KQ052982v1","805181","805393","GL873593","1888251","1888473","58","1083070"
"KQ052982v1","812522","812811","GL873584","9283875","9284154","71","8471353"
"KQ052982v1","822732","823002","GL873621","6554956","6555228","71","5732224"
"KQ052982v1","827332","827615","GL873591","3319595","3319861","64","2492263"
"KQ052982v1","844672","844946","GL873523","5398253","5398525","65","4553581"
"KQ052982v1","856308","856489","GL873582","10702530","10702701","40","9846222"
"KQ052982v1","856655","856937","GL873542","8742728","8743008","63","7886073"
"KQ052982v1","883551","883864","GL873542","8032564","8032870","73","7149013"
"KQ052982v1","900374","900493","GL873530","19085147","19085262","26","18184773"
"KQ052982v1","900957","901250","GL873659","3462845","3463127","80","2561888"
"KQ052982v1","903832","904137","GL873537","24421561","24421870","74","23517729"
"KQ052982v1","926436","926786","GL873668","1532647","1532972","102","606211"
"KQ052982v1","927915","928200","GL873618","1644125","1644404","72","716210"
"KQ052982v1","943411","943761","GL873668","1532647","1532972","102","589236"
"KQ052982v1","944885","945155","GL873535","10102962","10103237","96","9158077"
"KQ052982v1","964730","964985","GL873572","9561451","9561713","77","8596721"
"KQ052982v1","968697","968885","GL873677","3518199","3518384","68","2549502"
"KQ052982v1","969215","969334","GL873533","30313670","30313790","22","29344455"
"KQ052982v1","969787","969957","GL873537","26260700","26260869","37","25290913"
"KQ052982v1","1024164","1024272","GL873730","410572","410677","26","613592"
"KQ052982v1","1033776","1034079","GL873535","9013188","9013482","79","7979412"
"KQ052982v1","1049128","1049232","GL873578","10214389","10214501","26","9165261"
"KQ052982v1","1049565","1049724","GL873584","8016968","8017120","38","6967403"
"KQ052982v1","1087257","1087516","GL873548","14590268","14590513","74","13503011"
"KQ052982v1","1123807","1124107","GL873522","25185925","25186218","67","24062118"
"KQ052982v1","1163534","1163832","GL873531","27860265","27860563","62","26696731"
"KQ052982v1","1205088","1205384","GL873748","238196","238496","58","966892"
"KQ052982v1","1207344","1207629","GL873544","12852108","12852394","58","11644764"
"KQ052982v1","1226566","1226919","GL873534","17638922","17639254","100","16412356"
"KQ052982v1","1256663","1256916","GL873678","628908","629161","59","627755"
"KQ052982v1","1258025","1258327","GL873531","27860265","27860563","57","26602240"
"KQ052982v1","1269895","1270205","GL873720","1268124","1268434","73","1771"
"KQ052982v1","1331506","1331782","GL873618","1681545","1681828","61","350039"
"KQ052982v1","1336180","1336473","GL873520","38124828","38125119","65","36788648"
"KQ052982v1","1343098","1343392","GL873565","9471459","9471742","75","8128361"
"KQ052982v1","1387149","1387348","GL873550","14886379","14886570","48","13499230"
"KQ052982v1","1396369","1396683","GL873542","8082990","8083298","70","6686621"
"KQ052982v1","1423139","1423434","GL873545","12978830","12979129","61","11555691"
"KQ052982v1","1430811","1431103","GL873537","14571116","14571406","55","13140305"
"KQ052982v1","1432080","1432378","GL873585","7656177","7656474","66","6224097"
"KQ052982v1","1448458","1448703","GL873606","6386738","6386985","55","4938280"
"KQ052982v1","1468597","1468899","GL873677","3216100","3216400","52","1747503"
"KQ052982v1","1474691","1474822","GL873558","3871574","3871706","25","2396883"
"KQ052982v1","1476287","1476586","GL873562","5328731","5329017","65","3852444"
"KQ052982v1","1478568","1478871","GL873608","4218070","4218374","62","2739502"
"KQ052982v1","1487942","1488217","GL873544","12852108","12852394","53","11364166"
"KQ052982v1","1516884","1517147","GL873525","33055425","33055699","71","31538541"
"KQ052982v1","1519036","1519347","GL873574","2979143","2979454","72","1460107"
"KQ052982v1","1624125","1624412","GL873541","19081003","19081298","78","17456878"
"KQ052982v1","1624744","1625020","GL873544","12852108","12852394","74","11227364"
"KQ052982v1","1641281","1641404","GL873637","3392350","3392471","26","1751069"
"KQ052982v1","1643644","1643930","GL873800","736311","736599","52","907333"
"KQ052982v1","1656241","1656272","GL873523","26353643","26353678","11","24697402"
"KQ052982v1","1656890","1657083","GL873586","8236164","8236367","47","6579274"
"KQ052982v1","1665513","1665778","GL873525","8931053","8931313","70","7265540"
"KQ052982v1","1668136","1668409","GL873525","8931053","8931313","73","7262917"
"KQ052982v1","1673340","1673580","GL873602","7189561","7189785","74","5516221"
"KQ052982v1","1674925","1675123","GL873680","660452","660639","61","1014473"
"KQ052982v1","1687413","1687613","GL873564","4371507","4371687","65","2684094"
"KQ052982v1","1691790","1692060","GL873532","3501177","3501440","62","1809387"
"KQ052982v1","1716208","1716409","GL873700","410208","410373","62","1306000"
"KQ052982v1","1721112","1721324","GL873521","3563107","3563304","61","1841995"
"KQ052982v1","1792801","1793103","GL873632","5787814","5788105","62","3995013"
"KQ052982v1","1793363","1793597","GL873539","2593211","2593430","66","799848"
"KQ052982v1","1814739","1814944","GL873557","5125101","5125304","48","3310362"
"KQ052982v1","1820829","1821140","GL873531","19369345","19369649","60","17548516"
"KQ052982v1","1849835","1850126","GL873632","3524037","3524325","64","1674202"
"KQ052982v1","1888846","1889112","GL873540","20837847","20838133","90","18949001"
"KQ052982v1","1895127","1895472","GL873532","12756529","12756867","91","10861402"
"KQ052982v1","1955542","1955800","GL873548","13957494","13957742","63","12001952"
"KQ052982v1","1997158","1997408","GL873540","20714394","20714639","67","18717236"
"KQ052982v1","2005389","2005683","GL873607","310210","310498","64","1695179"
"KQ052982v1","2021646","2021929","GL873557","5844700","5844982","70","3823054"
"KQ052982v1","2026575","2026877","GL873524","42149014","42149308","62","40122439"
"KQ052982v1","2033224","2033516","GL873593","2667655","2667944","54","634431"
"KQ052982v1","2039689","2039993","GL873537","20108472","20108765","58","18068783"
"KQ052982v1","2048832","2049124","GL873529","28422778","28423065","66","26373946"
"KQ052982v1","2071555","2071838","GL873544","9739924","9740211","70","7668369"
"KQ052982v1","2076262","2076382","GL873592","3548712","3548831","22","1472450"
"KQ052982v1","2080648","2080949","GL873572","6984999","6985295","58","4904351"
"KQ052982v1","2087195","2087426","GL873731","551317","551553","61","1535878"
"KQ052982v1","2087685","2087969","GL873547","14329017","14329292","57","12241332"
"KQ052982v1","2126930","2127224","GL873607","5741170","5741465","69","3614240"
"KQ052982v1","2142676","2142977","GL873537","23325667","23325965","69","21182991"
"KQ052982v1","2160198","2160503","GL873783","352912","353222","70","1807286"
"KQ052982v1","2161277","2161476","GL873564","4371507","4371687","55","2210230"
"KQ052982v1","2231856","2232150","GL873525","12050097","12050392","53","9818241"
"KQ052982v1","2238318","2238634","GL873804","760354","760668","76","1477964"
"KQ052982v1","2243693","2243981","GL873522","24935378","24935675","63","22691685"
"KQ052982v1","2309026","2309110","GL873550","2472755","2472836","18","163729"
"KQ052982v1","2349561","2349862","GL873548","13072238","13072531","66","10722677"
"KQ052982v1","2415784","2416081","GL873529","9421454","9421749","56","7005670"
"KQ052982v1","2441935","2442258","GL873541","18220450","18220758","71","15778515"
"KQ052982v1","2457340","2457621","GL873580","7238391","7238676","69","4781051"
"KQ052982v1","2476081","2476201","GL873637","3392350","3392471","22","916269"
"KQ052982v1","2505486","2505778","GL873624","2308457","2308738","62","197029"
"KQ052982v1","2547195","2547474","GL873544","12852108","12852394","58","10304913"
"KQ052982v1","2555016","2555299","GL873529","23083772","23084054","57","20528756"
"KQ052982v1","2598654","2598940","GL873528","4452981","4453269","59","1854327"
"KQ052982v1","2610261","2610552","GL873558","3156984","3157274","60","546723"
"KQ052982v1","2810897","2811204","GL873720","1268124","1268434","59","1542773"
"KQ052982v1","2822498","2822782","GL873527","25101599","25101892","50","22279101"
"KQ052982v1","2883308","2883470","GL873661","2246575","2246729","39","636733"
"KQ052982v1","2938680","2938963","GL873800","736311","736599","56","2202369"
"KQ052982v1","3149426","3149681","GL873543","19566562","19566836","59","16417136"
"KQ052982v1","3156056","3156325","GL873639","587617","587880","69","2568439"
"KQ052982v1","3170814","3171072","GL873668","1518449","1518701","70","1652365"
"KQ052982v1","3182436","3182671","GL873573","2692306","2692546","67","490130"
"KQ052982v1","3197873","3198185","GL873522","3964749","3965050","88","766876"
"KQ052982v1","3205387","3205514","GL873644","384890","385010","25","2820497"
"KQ052982v1","3221611","3221909","GL873596","8378412","8378699","56","5156801"
"KQ052982v1","3322065","3322366","GL873579","9758474","9758769","69","6436409"
"KQ052982v1","3342098","3342400","GL873715","1471860","1472165","70","1870238"
"KQ052982v1","3348848","3348949","GL873576","5505912","5506010","21","2157064"
"KQ052982v1","3463564","3463866","GL873615","5162108","5162422","65","1698544"
"KQ052982v1","3612240","3612526","GL873570","9393261","9393537","59","5781021"
"KQ052982v1","3643462","3643765","GL873672","3166226","3166533","67","477236"
"KQ052982v1","3775866","3776167","GL873620","6795585","6795887","56","3019719"
"KQ052982v1","3808098","3808401","GL873577","10149931","10150226","71","6341833"
"KQ052982v1","3957630","3957816","GL873536","9334174","9334364","47","5376544"
"KQ052982v1","3988855","3989155","GL873544","10503361","10503660","76","6514506"
"KQ052982v1","4059557","4059643","GL873565","8071140","8071231","19","4011583"
"KQ052982v1","4109346","4109609","GL873632","2531304","2531561","60","1578042"
"KQ052982v1","4181094","4181384","GL873523","28431022","28431322","70","24249928"
"KQ052982v1","4255402","4255511","GL873533","17008389","17008498","20","12752987"
"KQ052982v1","4277084","4277364","GL873618","4254582","4254848","70","22502"
"KQ052982v1","4288505","4288780","GL873528","11019205","11019481","64","6730700"
"KQ052982v1","4406164","4406461","GL873545","17052684","17052979","63","12646520"
"KQ052982v1","4417689","4418019","GL873529","25134351","25134664","78","20716662"
"KQ052982v1","4452539","4452821","GL873677","3168668","3168943","63","1283871"
"KQ052982v1","4453700","4454003","GL873523","28439312","28439608","72","23985612"
"KQ052982v1","4518021","4518305","GL873562","12491967","12492259","73","7973946"
"KQ052982v1","4540824","4541095","GL873530","34744943","34745221","74","30204119"
"KQ052982v1","4558606","4558894","GL873580","178479","178779","84","4380127"
"KQ052982v1","4568177","4568480","GL873532","29784543","29784845","65","25216366"
"KQ052982v1","4620643","4620951","GL873545","13698150","13698456","71","9077507"
"KQ052982v1","4758489","4758792","GL873526","25738680","25738960","66","20980191"
"KQ052982v1","4782059","4782349","GL873531","27860265","27860563","64","23078206"
"KQ052982v1","4782554","4782844","GL873537","23325667","23325965","76","18543113"
"KQ052982v1","4807341","4807620","GL873616","3250436","3250713","71","1556905"
"KQ052982v1","4839145","4839456","GL873563","12809879","12810178","65","7970734"
"KQ052982v1","4916259","4916570","GL873634","4748349","4748642","95","167910"
"KQ052982v1","4953769","4953985","GL873529","36944120","36944337","45","31990351"
"KQ052982v1","4985074","4985384","GL873523","8076383","8076689","69","3091309"
"KQ052982v1","5020709","5020996","GL873563","5163235","5163505","64","142526"
"KQ052982v1","5047671","5047964","GL873533","23793613","23793905","60","18745942"
"KQ052982v1","5077126","5077422","GL873538","15635099","15635394","66","10557973"
"KQ052982v1","5115224","5115403","GL873600","4370631","4370804","43","744593"
"KQ052983v1","33436","33680","GL873682","443486","443736","62","410050"
"KQ052984v1","65627","65928","GL873605","7218962","7219256","75","7153335"
"KQ052984v1","293424","293722","GL873524","42149014","42149308","56","41855590"
"KQ052984v1","722988","723312","GL873615","5162108","5162422","66","4439120"
"KQ052984v1","831361","831481","GL873526","19052060","19052182","21","18220699"
"KQ052984v1","832614","832900","GL873521","53707997","53708279","72","52875383"
"KQ052984v1","869072","869344","GL873589","983624","983905","74","114552"
"KQ052984v1","877065","877138","GL873614","2576859","2576944","25","1699794"
"KQ052984v1","934444","934742","GL873538","25891631","25891921","66","24957187"
"KQ052984v1","938050","938313","GL873547","12497201","12497474","76","11559151"
"KQ052984v1","962497","962794","GL873587","2747170","2747463","61","1784673"
"KQ052984v1","976483","976767","GL873522","40882669","40882954","62","39906186"
"KQ052984v1","1078547","1078654","GL873631","6804068","6804174","19","5725521"
"KQ052984v1","1112874","1113197","GL873546","12554149","12554466","71","11441275"
"KQ052985v1","74953","75234","GL873571","11119451","11119729","78","11044498"
"KQ052986v1","4679","4995","GL873537","22007087","22007389","75","22002408"
"KQ052987v1","77971","78121","GL873627","3505293","3505456","47","3427322"
"KQ052988v1","2959","3148","GL873625","2276581","2276769","46","2273622"
"KQ052988v1","88420","88719","GL873539","2994635","2994920","76","2906215"
"KQ052988v1","97200","97363","GL873564","9333051","9333222","37","9235851"
"KQ052988v1","103114","103274","GL873564","9333051","9333222","40","9229937"
"KQ052988v1","136922","137025","GL873568","12474076","12474181","26","12337154"
"KQ052988v1","137309","137506","GL873587","6203136","6203319","52","6065827"
"KQ052988v1","141393","141576","GL873521","3264210","3264407","55","3122817"
"KQ052988v1","172593","172887","GL873593","480828","481113","66","308235"
"KQ052988v1","192949","193253","GL873596","3562116","3562414","63","3369167"
"KQ052988v1","199147","199404","GL873546","14125860","14126116","68","13926713"
"KQ052988v1","200586","200875","GL873522","4222168","4222461","59","4021582"
"KQ052988v1","205677","205955","GL873699","3226255","3226547","59","3020578"
"KQ052988v1","212947","213161","GL873625","5640863","5641072","52","5427916"
"KQ052988v1","242747","243042","GL873577","10149931","10150226","68","9907184"
"KQ052990v1","6808","7074","GL873521","35147818","35148081","74","35141010"
"KQ052990v1","95782","96081","GL873520","60883623","60883917","56","60787841"
"KQ052990v1","98623","98909","GL873590","221969","222250","67","123346"
"KQ052990v1","105490","105754","GL873569","11579151","11579421","54","11473661"
"KQ052990v1","106470","106774","GL873530","24363122","24363429","69","24256652"
"KQ052990v1","126610","126892","GL873522","37230271","37230549","63","37103661"
"KQ052990v1","155309","155560","GL873617","5602108","5602360","74","5446799"
"KQ052990v1","204665","204955","GL873738","1646790","1647070","65","1442125"
"KQ052990v1","240678","240974","GL873610","5611406","5611710","63","5370728"
"KQ052990v1","246595","246880","GL873535","15336457","15336745","79","15089862"
"KQ052990v1","302483","302771","GL873520","61898441","61898725","57","61595958"
"KQ052990v1","346696","346817","GL873596","2440198","2440321","26","2093502"
"KQ052990v1","380145","380418","GL873563","9713700","9713970","60","9333555"
"KQ052990v1","380448","380464","GL873623","445497","445509","5","65049"
"KQ052990v1","397670","397930","GL873671","621240","621502","62","223570"
"KQ052991v1","137580","137825","GL873538","19756877","19757117","60","19619297"
"KQ052991v1","145972","146216","GL873538","19756877","19757117","61","19610905"
"KQ052991v1","451126","451431","GL873575","2687372","2687665","79","2236246"
"KQ052991v1","471835","472100","GL873646","1358238","1358497","63","886403"
"KQ052991v1","506127","506443","GL873625","3330882","3331184","69","2824755"
"KQ052991v1","555579","555685","GL873530","3907901","3908012","20","3352322"
"KQ052992v1","16499","16666","GL873602","6306525","6306678","46","6290026"
"KQ052993v1","32315","32623","GL873663","4135704","4136012","64","4103389"
"KQ052993v1","48769","49074","GL873530","17375868","17376165","58","17327099"
"KQ052993v1","92149","92445","GL873537","20108472","20108765","52","20016323"
"KQ052993v1","105721","106015","GL873568","10905493","10905774","70","10799772"
"KQ052993v1","114623","114755","GL873538","2076639","2076766","25","1962016"
"KQ052993v1","121163","121372","GL873531","29211214","29211412","54","29090051"
"KQ052993v1","133459","133668","GL873531","29211214","29211412","51","29077755"
"KQ052993v1","146798","147070","GL873534","15140925","15141195","71","14994127"
"KQ052993v1","170655","170952","GL873529","14587588","14587876","68","14416933"
"KQ052993v1","189841","190099","GL873673","359620","359883","87","169779"
"KQ052993v1","216187","216454","GL873602","5386550","5386822","58","5170363"
"KQ052993v1","221776","221904","GL873525","44058387","44058516","31","43836611"
"KQ052993v1","221945","222219","GL873602","5386550","5386822","76","5164605"
"KQ052993v1","251937","252232","GL873527","37904637","37904931","77","37652700"
"KQ052993v1","263974","264274","GL873520","48675796","48676094","63","48411822"
"KQ052993v1","274422","274711","GL873580","7238391","7238676","62","6963969"
"KQ052993v1","304673","304832","GL873602","6306525","6306678","45","6001852"
"KQ052993v1","328952","329237","GL873752","219309","219580","59","109643"
"KQ052993v1","367055","367243","GL873812","540548","540728","48","173493"
"KQ052993v1","421585","421859","GL873646","1321987","1322264","65","900402"
"KQ052993v1","422943","423245","GL873540","22714851","22715162","70","22291908"
"KQ052993v1","433846","434029","GL873543","2540939","2541102","48","2107093"
"KQ052993v1","485134","485418","GL873555","13243779","13244054","76","12758645"
"KQ052993v1","489105","489396","GL873528","5032075","5032370","61","4542970"
"KQ052993v1","490314","490519","GL873706","2930781","2930977","51","2440467"
"KQ052993v1","497533","497847","GL873545","20254912","20255212","73","19757379"
"KQ052993v1","499845","499964","GL873628","1649374","1649496","21","1149529"
"KQ052993v1","506271","506585","GL873720","1268124","1268434","65","761853"
"KQ052993v1","506822","507131","GL873547","3818651","3818955","61","3311829"
"KQ052993v1","511315","511483","GL873740","668373","668539","35","157058"
"KQ052993v1","511488","511778","GL873586","3828887","3829179","63","3317399"
"KQ052993v1","520871","521085","GL873527","37887494","37887703","52","37366623"
"KQ052993v1","533410","533714","GL873530","7841662","7841971","64","7308252"
"KQ052993v1","570687","571010","GL873540","22714851","22715162","71","22144164"
"KQ052993v1","581243","581536","GL873537","20108472","20108765","66","19527229"
"KQ052993v1","585404","585717","GL873522","44570582","44570880","76","43985178"
"KQ052993v1","596695","596992","GL873532","21611611","21611905","60","21014916"
"KQ052993v1","619853","620078","GL873527","13236396","13236610","54","12616543"
"KQ052993v1","656627","656836","GL873566","13161077","13161300","51","12504450"
"KQ052993v1","747569","747748","GL873623","6943993","6944167","47","6196424"
"KQ052993v1","763014","763315","GL873565","12300518","12300811","66","11537504"
"KQ052993v1","1060984","1061288","GL873534","22277167","22277474","75","21216183"
"KQ052993v1","1322235","1322514","GL873596","8724296","8724570","65","7402061"
"KQ052993v1","1400868","1401103","GL873528","1107470","1107721","63","293398"
"KQ052993v1","1439903","1439983","GL873534","22733657","22733737","15","21293754"
"KQ052993v1","1519216","1519332","GL873587","448922","449042","20","1070294"
"KQ052993v1","1586443","1586747","GL873521","14599825","14600115","59","13013382"
"KQ052993v1","1599171","1599454","GL873627","5254766","5255045","58","3655595"
"KQ052993v1","1629105","1629424","GL873526","17279675","17279985","67","15650570"
"KQ052993v1","1660057","1660191","GL873671","920420","920550","38","739637"
"KQ052993v1","1728650","1728935","GL873544","17848104","17848395","76","16119454"
"KQ052993v1","1755856","1756078","GL873537","25121528","25121745","66","23365672"
"KQ052993v1","1769598","1769771","GL873574","9355705","9355879","41","7586107"
"KQ052993v1","1770094","1770224","GL873537","22409869","22410000","25","20639775"
"KQ052994v1","126592","126889","GL873709","2455422","2455722","53","2328830"
"KQ052994v1","267367","267553","GL873615","7632547","7632726","53","7365180"
"KQ052995v1","26838","27087","GL873547","14195005","14195265","65","14168167"
"KQ052995v1","322161","322368","GL873657","2612721","2612936","53","2290560"
"KQ052995v1","348750","348990","GL873523","39518511","39518749","65","39169761"
"KQ052997v1","180491","180768","GL873645","5919426","5919713","62","5738935"
"KQ052997v1","211726","211979","GL873601","7074690","7074961","60","6862964"
"KQ052997v1","245131","245431","GL873635","3120419","3120703","83","2875288"
"KQ052997v1","256652","256925","GL873547","14329017","14329292","57","14072365"
"KQ052997v1","487225","487507","GL873652","2812602","2812879","63","2325377"
"KQ052999v1","43547","43798","GL873606","6386738","6386985","49","6343191"
"KQ053000v1","21624","21928","GL873800","736311","736599","90","714687"
"KQ053001v1","27923","28178","GL873645","1936937","1937204","62","1909014"
"KQ053001v1","61722","62001","GL873548","15510967","15511237","62","15449245"
"KQ053001v1","72958","73261","GL873544","21039211","21039519","72","20966253"
"KQ053001v1","109007","109242","GL873701","237844","238080","59","128837"
"KQ053001v1","228526","228661","GL873640","5132536","5132663","29","4904010"
"KQ053001v1","268810","269054","GL873522","19249603","19249854","70","18980793"
"KQ053001v1","274198","274435","GL873522","19249603","19249854","76","18975405"
"KQ053002v1","225085","225383","GL873699","2684564","2684855","70","2459479"
"KQ053003v1","11307","11602","GL873524","42149014","42149308","65","42137707"
"KQ053004v1","3538939","3539219","GL873593","3958983","3959265","64","420044"
"KQ053004v1","1979","2194","GL873566","13161077","13161300","58","13159098"
"KQ053004v1","176393","176676","GL873789","87737","88019","64","88656"
"KQ053004v1","665976","666266","GL873579","11381917","11382212","54","10715941"
"KQ053004v1","681307","681615","GL873631","6629455","6629755","65","5948148"
"KQ053004v1","701572","701886","GL873523","32494078","32494381","71","31792506"
"KQ053004v1","738334","738599","GL873525","35143537","35143806","55","34405203"
"KQ053004v1","798631","798919","GL873668","1758784","1759074","60","960153"
"KQ053004v1","808456","808753","GL873643","1595792","1596074","76","787336"
"KQ053004v1","850918","851208","GL873586","3828887","3829179","71","2977969"
"KQ053004v1","874234","874552","GL873720","1268124","1268434","63","393890"
"KQ053004v1","889159","889442","GL873599","3962151","3962437","67","3072992"
"KQ053004v1","915579","915852","GL873532","8490201","8490467","62","7574622"
"KQ053004v1","915937","916149","GL873591","2049698","2049916","65","1133761"
"KQ053004v1","918722","919013","GL873527","11533238","11533536","63","10614516"
"KQ053004v1","922901","923197","GL873545","12978830","12979129","58","12055929"
"KQ053004v1","924631","924898","GL873532","8490201","8490467","83","7565570"
"KQ053004v1","924989","925159","GL873527","16746578","16746755","62","15821589"
"KQ053004v1","929982","930266","GL873598","2552069","2552303","110","1622087"
"KQ053004v1","955904","956183","GL873546","859614","859905","74","96290"
"KQ053004v1","962129","962399","GL873533","27652586","27652871","84","26690457"
"KQ053004v1","996889","997188","GL873545","20254912","20255212","63","19258023"
"KQ053004v1","1020905","1021198","GL873529","23083772","23084054","65","22062867"
"KQ053004v1","1023956","1024256","GL873520","38124828","38125119","63","37100872"
"KQ053004v1","1028204","1028497","GL873537","12959422","12959706","56","11931218"
"KQ053004v1","1052205","1052511","GL873534","1397829","1398128","57","345624"
"KQ053004v1","1059264","1059539","GL873752","219309","219580","51","839955"
"KQ053004v1","1079220","1079522","GL873526","6403254","6403551","68","5324034"
"KQ053004v1","1110417","1110540","GL873574","2691599","2691723","21","1581182"
"KQ053004v1","1152430","1152693","GL873525","39330773","39331048","74","38178343"
"KQ053004v1","1201574","1201823","GL873547","15230355","15230600","72","14028781"
"KQ053004v1","1323602","1323893","GL873596","6955959","6956250","55","5632357"
"KQ053004v1","1344630","1344868","GL873532","28645905","28646128","60","27301275"
"KQ053004v1","1359223","1359520","GL873544","20315778","20316071","74","18956555"
"KQ053004v1","1361614","1361840","GL873664","4915614","4915853","61","3554000"
"KQ053004v1","1413058","1413253","GL873670","2286620","2286812","46","873562"
"KQ053004v1","1421945","1422253","GL873677","3216100","3216400","64","1794155"
"KQ053004v1","1432081","1432351","GL873521","27490449","27490717","72","26058368"
"KQ053004v1","1445719","1445939","GL873624","2883081","2883295","66","1437362"
"KQ053004v1","1467629","1467842","GL873544","10175160","10175375","53","8707531"
"KQ053004v1","1485298","1485375","GL873527","12812706","12812783","22","11327408"
"KQ053004v1","1493423","1493711","GL873544","14068597","14068880","84","12575174"
"KQ053004v1","1519922","1520141","GL873547","5462867","5463080","65","3942945"
"KQ053004v1","1525400","1525523","GL873667","1431656","1431766","41","93744"
"KQ053004v1","1526234","1526457","GL873521","30472762","30472971","70","28946528"
"KQ053004v1","1560408","1560582","GL873675","179614","179763","60","1380794"
"KQ053004v1","1561463","1561778","GL873571","3571101","3571384","100","2009638"
"KQ053004v1","1653151","1653295","GL873699","3286200","3286339","40","1633049"
"KQ053004v1","1724846","1725148","GL873526","28619796","28620107","61","26894950"
"KQ053004v1","1756438","1756616","GL873544","20997590","20997773","43","19241152"
"KQ053004v1","1756959","1757093","GL873596","3689722","3689842","37","1932763"
"KQ053004v1","1780112","1780407","GL873531","27860265","27860563","69","26080153"
"KQ053004v1","1809184","1809429","GL873586","3931174","3931413","57","2121990"
"KQ053004v1","1809972","1810225","GL873576","7005736","7005999","55","5195764"
"KQ053004v1","1819687","1819806","GL873563","9896983","9897100","21","8077296"
"KQ053004v1","1871658","1871932","GL873608","2068414","2068687","63","196756"
"KQ053004v1","1903542","1903835","GL873521","6835945","6836242","60","4932403"
"KQ053004v1","1926831","1927053","GL873542","7378338","7378560","55","5451507"
"KQ053004v1","1952307","1952592","GL873521","12793191","12793478","74","10840884"
"KQ053004v1","1976097","1976359","GL873693","2243231","2243494","57","267134"
"KQ053004v1","1998940","1999255","GL873678","899224","899530","70","1099716"
"KQ053004v1","2027084","2027342","GL873541","18941167","18941427","74","16914083"
"KQ053004v1","2052674","2052948","GL873563","3947486","3947752","54","1894812"
"KQ053004v1","2055794","2056079","GL873540","4711812","4712090","49","2656018"
"KQ053004v1","2064415","2064697","GL873533","15128008","15128290","69","13063593"
"KQ053004v1","2124302","2124591","GL873561","13826809","13827093","49","11702507"
"KQ053004v1","2126183","2126478","GL873586","6643146","6643447","71","4516963"
"KQ053004v1","2288748","2288927","GL873618","5298308","5298487","54","3009560"
"KQ053004v1","2329408","2329700","GL873577","10065812","10066095","62","7736404"
"KQ053004v1","2343565","2343882","GL873520","48675796","48676094","63","46332231"
"KQ053004v1","2353825","2354066","GL873593","7033927","7034168","66","4680102"
"KQ053004v1","2380869","2381167","GL873586","3828887","3829179","65","1448018"
"KQ053004v1","2399368","2399668","GL873561","9330005","9330309","67","6930637"
"KQ053004v1","2413644","2413991","GL873540","9410260","9410586","99","6996616"
"KQ053004v1","2434615","2434728","GL873525","12053111","12053224","28","9618496"
"KQ053004v1","2440631","2440746","GL873525","12053111","12053224","27","9612480"
"KQ053004v1","2448446","2448518","GL873530","30744634","30744703","15","28296188"
"KQ053004v1","2450752","2450964","GL873541","22542231","22542429","65","20091479"
"KQ053004v1","2454224","2454516","GL873521","49874189","49874492","58","47419965"
"KQ053004v1","2565271","2565570","GL873539","2994635","2994920","69","429364"
"KQ053004v1","2574704","2574956","GL873596","8738568","8738818","54","6163864"
"KQ053004v1","2577530","2577831","GL873539","2994635","2994920","68","417105"
"KQ053004v1","2602050","2602345","GL873540","4711812","4712090","59","2109762"
"KQ053004v1","2611403","2611681","GL873572","6984999","6985295","65","4373596"
"KQ053004v1","2748193","2748451","GL873530","19357977","19358234","52","16609784"
"KQ053004v1","2756465","2756734","GL873550","14672546","14672814","63","11916081"
"KQ053004v1","2759120","2759246","GL873721","1121031","1121158","20","1638089"
"KQ053004v1","2844737","2844830","GL873607","14491","14583","20","2830246"
"KQ053004v1","2884320","2884515","GL873542","6414155","6414370","70","3529835"
"KQ053004v1","2901551","2901783","GL873542","6397161","6397405","57","3495610"
"KQ053004v1","2966103","2966236","GL873529","20178756","20178885","26","17212653"
"KQ053004v1","2975196","2975501","GL873542","6324574","6324861","58","3349378"
"KQ053004v1","3022647","3022942","GL873646","5530496","5530792","68","2507849"
"KQ053004v1","3031429","3031707","GL873536","11777148","11777412","68","8745719"
"KQ053004v1","3054793","3055115","GL873521","30769236","30769536","89","27714443"
"KQ053004v1","3069232","3069506","GL873544","20595601","20595868","61","17526369"
"KQ053004v1","3114524","3114806","GL873569","6835405","6835697","64","3720881"
"KQ053004v1","3121345","3121603","GL873646","4920816","4921070","55","1799471"
"KQ053004v1","3127167","3127462","GL873754","1677368","1677657","70","1449799"
"KQ053004v1","3131607","3131900","GL873539","25859408","25859692","71","22727801"
"KQ053004v1","3158102","3158326","GL873605","2289313","2289533","50","868789"
"KQ053004v1","3200044","3200327","GL873539","2994635","2994920","66","205409"
"KQ053004v1","3212098","3212396","GL873525","12278825","12279119","68","9066727"
"KQ053004v1","3217416","3217478","GL873716","2061281","2061343","20","1156135"
"KQ053004v1","3219154","3219469","GL873524","15323364","15323667","73","12104210"
"KQ053004v1","3223313","3223610","GL873558","1978239","1978534","68","1245074"
"KQ053004v1","3239003","3239056","GL873645","4809864","4809915","14","1570861"
"KQ053004v1","3239097","3239258","GL873526","41026546","41026718","40","37787449"
"KQ053004v1","3244741","3244959","GL873716","434005","434216","56","2810736"
"KQ053004v1","3251608","3251817","GL873547","9104520","9104727","59","5852912"
"KQ053004v1","3347791","3348070","GL873620","3551367","3551651","58","203576"
"KQ053004v1","3359027","3359303","GL873547","361265","361537","72","2997762"
"KQ053004v1","3402003","3402309","GL873619","5292487","5292792","58","1890484"
"KQ053004v1","3410468","3410768","GL873530","16055785","16056089","64","12645317"
"KQ053004v1","3476903","3477174","GL873530","14120772","14121055","61","10643869"
"KQ053004v1","3588217","3588490","GL873529","22377342","22377617","59","18789125"
"KQ053004v1","3602238","3602433","GL873628","7012543","7012724","55","3410305"
"KQ053004v1","3730427","3730546","GL873585","7505656","7505778","17","3775229"
"KQ053004v1","3985636","3985906","GL873533","1893495","1893767","58","2092141"
"KQ053004v1","4033067","4033361","GL873520","48675796","48676094","62","44642729"
"KQ053004v1","4045928","4046216","GL873831","345857","346142","61","3700071"
"KQ053004v1","4192855","4193147","GL873544","12852108","12852394","61","8659253"
"KQ053004v1","4291933","4292221","GL873565","12235234","12235534","69","7943301"
"KQ053004v1","4442650","4442852","GL873805","948213","948404","47","3494437"
"KQ053004v1","4581469","4581594","GL873752","1821592","1821717","23","2759877"
"KQ053004v1","4672489","4672685","GL873531","29211214","29211412","40","24538725"
"KQ053004v1","4759531","4759651","GL873540","20520291","20520415","24","15760760"
"KQ053004v1","4797331","4797450","GL873591","8929862","8929981","15","4132531"
"KQ053004v1","4821264","4821527","GL873692","2391107","2391377","59","2430157"
"KQ053004v1","4840856","4841129","GL873577","5810565","5810848","60","969709"
"KQ053004v1","4869087","4869389","GL873531","27860265","27860563","47","22991178"
"KQ053004v1","4911373","4911677","GL873703","552697","552985","75","4358676"
"KQ053004v1","4949846","4950146","GL873524","43577965","43578256","60","38628119"
"KQ053004v1","4951825","4952120","GL873624","271609","271905","74","4680216"
"KQ053004v1","5001910","5002177","GL873632","5546235","5546488","62","544325"
"KQ053004v1","5049517","5049785","GL873652","4612491","4612761","63","437026"
"KQ053004v1","5052994","5053263","GL873524","6995935","6996215","65","1942941"
"KQ053004v1","5065885","5066194","GL873522","10042566","10042867","72","4976681"
"KQ053004v1","5084505","5084823","GL873543","2139452","2139746","74","2945053"
"KQ053004v1","5096644","5096947","GL873522","42556538","42556845","63","37459894"
"KQ053004v1","5150196","5150499","GL873522","30284994","30285298","72","25134798"
"KQ053004v1","5156093","5156383","GL873547","11458791","11459084","51","6302698"
"KQ053004v1","5166678","5166973","GL873522","38740234","38740531","59","33573556"
"KQ053004v1","5168433","5168733","GL873522","25570684","25570992","72","20402251"
"KQ053004v1","5192153","5192321","GL873534","13696826","13696995","37","8504673"
"KQ053004v1","5202049","5202338","GL873557","5844700","5844982","56","642651"
"KQ053004v1","5202882","5203091","GL873548","11633832","11634036","56","6430950"
"KQ053005v1","94433","94724","GL873523","28431022","28431322","74","28336589"
"KQ053005v1","104087","104191","GL873528","3580608","3580712","24","3476521"
"KQ053005v1","176707","176934","GL873533","29114064","29114296","53","28937357"
"KQ053005v1","299726","300015","GL873544","12852108","12852394","61","12552382"
"KQ053005v1","380879","381017","GL873587","994734","994856","47","613855"
"KQ053005v1","381113","381229","GL873530","3907901","3908012","32","3526788"
"KQ053005v1","392278","392571","GL873541","18170809","18171099","75","17778531"
"KQ053005v1","439068","439359","GL873544","12852108","12852394","61","12413040"
"KQ053005v1","472871","473071","GL873539","14624205","14624411","49","14151334"
"KQ053005v1","531004","531312","GL873527","38042874","38043183","71","37511870"
"KQ053005v1","545720","546010","GL873664","4574460","4574746","61","4028740"
"KQ053005v1","592802","593063","GL873618","1681545","1681828","67","1088743"
"KQ053005v1","602266","602557","GL873541","21969920","21970207","76","21367654"
"KQ053005v1","877675","877967","GL873646","5190626","5190920","68","4312951"
"KQ053005v1","935832","936117","GL873655","1848503","1848783","68","912671"
"KQ053006v1","26883","27179","GL873535","25840890","25841174","85","25814007"
"KQ053007v1","13424","13633","GL873664","3970975","3971175","52","3957551"
"KQ053007v1","48801","49100","GL873545","17052684","17052979","57","17003883"
"KQ053007v1","59536","59840","GL873629","1991833","1992133","62","1932297"
"KQ053007v1","78885","78990","GL873522","18651111","18651210","29","18572226"
"KQ053007v1","93586","93778","GL873526","5617806","5617989","48","5524220"
"KQ053007v1","94100","94214","GL873659","1219404","1219517","25","1125304"
"KQ053007v1","119183","119446","GL873607","7820887","7821158","65","7701704"
"KQ053007v1","143599","143844","GL873537","3503136","3503365","84","3359537"
"KQ053007v1","164934","165231","GL873627","7020647","7020935","66","6855713"
"KQ053007v1","194410","194695","GL873523","28857284","28857574","70","28662874"
"KQ053007v1","201538","201852","GL873615","5162108","5162422","67","4960570"
"KQ053007v1","207008","207163","GL873534","14551683","14551840","34","14344675"
"KQ053007v1","207329","207472","GL873530","7874251","7874378","41","7666922"
"KQ053007v1","308375","308446","GL873522","44561279","44561351","16","44252904"
"KQ053007v1","349037","349310","GL873615","6211463","6211733","58","5862426"
"KQ053007v1","452796","453052","GL873579","260762","261037","60","192034"
"KQ053007v1","543643","543922","GL873526","11964670","11964947","68","11421027"
"KQ053007v1","568201","568388","GL873528","1120859","1121019","57","552658"
"KQ053007v1","608526","608715","GL873526","16325682","16325865","49","15717156"
"KQ053011v1","356465","356738","GL873678","4006772","4007053","76","3650307"
"KQ053011v1","412617","412794","GL873520","62895587","62895754","39","62482970"
"KQ053011v1","423628","423915","GL873661","1884167","1884461","61","1460539"
"KQ053012v1","26023","26331","GL873537","20806240","20806550","67","20780217"
"KQ053012v1","34036","34340","GL873560","12951592","12951892","61","12917556"
"KQ053012v1","95938","96246","GL873520","48675796","48676094","64","48579858"
"KQ053012v1","103058","103358","GL873591","6395821","6396131","63","6292763"
"KQ053012v1","122757","123043","GL873535","25840890","25841174","65","25718133"
"KQ053012v1","138063","138333","GL873556","10525503","10525777","71","10387440"
"KQ053012v1","157391","157471","GL873709","686855","686941","22","529464"
"KQ053012v1","158773","159077","GL873560","12951592","12951892","62","12792819"
"KQ053012v1","169496","169795","GL873530","17375868","17376165","60","17206372"
"KQ053012v1","192448","192745","GL873558","1978239","1978534","67","1785791"
"KQ053012v1","197320","197396","GL873521","41020415","41020494","15","40823095"
"KQ053013v1","205026","205293","GL873520","42967256","42967520","76","42762230"
"KQ053013v1","286074","286412","GL873562","4526917","4527229","102","4240843"
"KQ053013v1","287861","288155","GL873538","1418241","1418532","64","1130380"
"KQ053013v1","331871","332169","GL873554","1015190","1015489","65","683319"
"KQ053013v1","338616","338914","GL873554","1015190","1015489","65","676574"
"KQ053013v1","360473","360756","GL873549","15132343","15132615","61","14771870"
"KQ053013v1","363890","364173","GL873524","42149014","42149308","57","41785124"
"KQ053013v1","382872","383181","GL873545","12978830","12979129","58","12595958"
"KQ053013v1","433395","433609","GL873624","3432800","3433013","53","2999405"
"KQ053013v1","458626","458929","GL873523","28439312","28439608","81","27980686"
"KQ053013v1","474328","474570","GL873553","9682817","9683049","57","9208489"
"KQ053013v1","483972","484240","GL873611","6802065","6802336","81","6318093"
"KQ053013v1","489104","489406","GL873530","15322533","15322819","71","14833429"
"KQ053013v1","516017","516219","GL873613","6154164","6154355","49","5638147"
"KQ053013v1","544802","545095","GL873677","1383525","1383805","62","838723"
"KQ053013v1","566231","566493","GL873539","19728562","19728803","70","19162331"
"KQ053013v1","581823","582133","GL873599","290560","290867","66","291263"
"KQ053013v1","628904","629202","GL873542","7302503","7302792","64","6673599"
"KQ053013v1","640508","640799","GL873534","15235785","15236080","65","14595277"
"KQ053013v1","684202","684518","GL873609","7137543","7137854","63","6453341"
"KQ053013v1","704820","705023","GL873538","20322999","20323196","39","19618179"
"KQ053013v1","788201","788486","GL873586","3828887","3829179","56","3040686"
"KQ053013v1","791657","791942","GL873539","19375234","19375524","75","18583577"
"KQ053013v1","804895","805177","GL873613","6387091","6387369","65","5582196"
"KQ053013v1","894180","894474","GL873520","43157975","43158270","66","42263795"
"KQ053013v1","904358","904626","GL873521","16789750","16789994","79","15885392"
"KQ053014v1","13030","13204","GL873522","40978388","40978543","57","40965358"
"KQ053014v1","14576","14857","GL873530","19357977","19358234","71","19343401"
"KQ053014v1","15215","15512","GL873532","1592293","1592578","72","1577078"
"KQ053014v1","29979","30312","GL873569","2257365","2257661","79","2227386"
"KQ053014v1","44204","44513","GL873539","898488","898789","66","854284"
"KQ053014v1","76096","76410","GL873729","1249012","1249320","75","1172916"
"KQ053014v1","101477","101775","GL873545","17052684","17052979","65","16951207"
"KQ053014v1","138295","138414","GL873541","2356868","2356988","27","2218573"
"KQ053014v1","142520","142795","GL873526","8965429","8965699","71","8822909"
"KQ053014v1","144889","145205","GL873624","4145937","4146255","66","4001048"
"KQ053014v1","163366","163661","GL873530","3916122","3916410","74","3752756"
"KQ053014v1","197320","197610","GL873522","4222168","4222461","60","4024848"
"KQ053014v1","200218","200337","GL873603","7603972","7604091","22","7403754"
"KQ053014v1","211961","212130","GL873631","188832","188994","43","23129"
"KQ053014v1","217573","217865","GL873536","13622290","13622562","71","13404717"
"KQ053014v1","248283","248450","GL873554","13547693","13547858","29","13299410"
"KQ053014v1","309134","309364","GL873615","239286","239511","57","69848"
"KQ053014v1","411463","411759","GL873540","19013371","19013667","56","18601908"
"KQ053015v1","189507","189677","GL873558","3010058","3010227","46","2820551"
"KQ053015v1","394115","394347","GL873529","8596265","8596494","68","8202150"
"KQ053015v1","510558","510843","GL873563","2659773","2660053","75","2149215"
"KQ053015v1","512252","512509","GL873548","12575614","12575861","72","12063362"
"KQ053015v1","513116","513164","GL873522","4350163","4350209","17","3837047"
"KQ053016v1","31511","31818","GL873529","15416718","15417016","69","15385207"
"KQ053016v1","69193","69469","GL873657","3029272","3029566","73","2960079"
"KQ053018v1","31263","31389","GL873603","7603972","7604091","29","7572709"
"KQ053019v1","33846","34156","GL873579","11016265","11016573","79","10982419"
"KQ053019v1","35748","36027","AAQR03197459","355","630","66","35393"
"KQ053019v1","125596","125717","GL873637","3392350","3392471","20","3266754"
"KQ053019v1","225221","225529","GL873613","3096431","3096738","67","2871210"
"KQ053019v1","299762","299994","GL873586","5208491","5208719","60","4908729"
"KQ053019v1","333451","333746","GL873541","17608701","17608992","79","17275250"
"KQ053019v1","342070","342191","GL873541","16835213","16835332","22","16493143"
"KQ053019v1","366180","366457","GL873596","7181129","7181408","84","6814949"
"KQ053019v1","404085","404378","GL873545","17052684","17052979","74","16648599"
"KQ053019v1","509580","509884","GL873724","2082729","2083029","61","1573149"
"KQ053019v1","613200","613375","GL873697","1147375","1147546","39","534175"
"KQ053019v1","653390","653694","GL873525","12278825","12279119","77","11625435"
"KQ053020v1","105817","106003","GL873531","19668273","19668443","50","19562456"
"KQ053022v1","15354","15642","GL873800","561741","562019","70","546387"
"KQ053022v1","181375","181652","GL873532","28578235","28578513","81","28396860"
"KQ053022v1","190553","190831","GL873716","907742","908015","73","717189"
"KQ053022v1","305699","305968","GL873536","13666883","13667160","68","13361184"
"KQ053022v1","309449","309748","GL873523","31227427","31227718","69","30917978"
"KQ053022v1","351061","351354","GL873522","8407677","8407964","67","8056616"
"KQ053023v1","144612","144920","GL873677","2340073","2340369","71","2195461"
"KQ053023v1","202236","202524","GL873544","12852108","12852394","44","12649872"
"KQ053023v1","218168","218447","GL873589","7642170","7642429","76","7424002"
"KQ053023v1","279350","279585","GL873832","274705","274930","51","4645"
"KQ053023v1","338666","338953","GL873573","944182","944464","62","605516"
"KQ053023v1","355356","355662","GL873610","4431407","4431713","54","4076051"
"KQ053024v1","4134","4270","GL873543","13242093","13242230","26","13237959"
"KQ053024v1","50342","50600","GL873528","1852076","1852356","74","1801734"
"KQ053024v1","77906","78172","GL873537","20591524","20591797","71","20513618"
"KQ053024v1","111523","111799","GL873700","423134","423410","71","311611"
"KQ053025v1","24738","25050","GL873538","1998739","1999037","63","1974001"
"KQ053025v1","30341","30633","GL873697","2036952","2037234","75","2006611"
"KQ053025v1","32482","32774","GL873616","7318626","7318922","64","7286144"
"KQ053025v1","56603","56708","AAQR03194216","2055","2159","22","54548"
"KQ053025v1","61784","62083","GL873526","16492442","16492734","74","16430658"
"KQ053025v1","95007","95310","GL873563","12809879","12810178","79","12714872"
"KQ053025v1","127900","128189","GL873606","6177600","6177887","51","6049700"
"KQ053025v1","133247","133544","GL873558","12116555","12116839","72","11983308"
"KQ053025v1","136593","136905","GL873557","3159396","3159707","69","3022803"
"KQ053025v1","147807","148112","GL873630","3505485","3505779","72","3357678"
"KQ053025v1","148551","148827","GL873544","12852108","12852394","60","12703557"
"KQ053025v1","155224","155519","GL873527","10910929","10911225","58","10755705"
"KQ053025v1","167370","167668","GL873571","4374924","4375218","71","4207554"
"KQ053025v1","175841","176124","GL873551","872096","872374","61","696255"
"KQ053025v1","185531","185771","GL873566","13161077","13161300","64","12975546"
"KQ053025v1","195367","195503","GL873598","5890746","5890881","24","5695379"
"KQ053025v1","195955","196240","GL873573","944182","944464","55","748227"
"KQ053025v1","259685","259970","GL873677","2251813","2252104","65","1992128"
"KQ053026v1","1441511","1441795","GL873545","17052684","17052979","64","15611173"
"KQ053026v1","1965936","1966227","GL873520","60883623","60883917","73","58917687"
"KQ053026v1","29162","29459","GL873545","17052684","17052979","67","17023522"
"KQ053026v1","76822","77130","GL873521","44139418","44139729","66","44062596"
"KQ053026v1","173826","173993","GL873544","12711466","12711613","47","12537640"
"KQ053026v1","290492","290711","GL873624","2922938","2923157","58","2632446"
"KQ053026v1","342175","342456","GL873531","26742442","26742730","70","26400267"
"KQ053026v1","389589","389886","GL873546","859614","859905","65","470025"
"KQ053026v1","397856","398131","GL873526","24674977","24675257","69","24277121"
"KQ053026v1","500140","500456","GL873615","5162108","5162422","68","4661968"
"KQ053026v1","543634","543757","GL873542","11494580","11494704","27","10950946"
"KQ053026v1","568366","568670","GL873538","11682675","11682961","81","11114309"
"KQ053026v1","757332","757626","GL873520","38764685","38764975","61","38007353"
"KQ053026v1","777990","778296","GL873545","13698150","13698456","63","12920160"
"KQ053026v1","897141","897437","GL873520","38124828","38125119","62","37227687"
"KQ053026v1","924888","925177","GL873521","31180348","31180645","69","30255460"
"KQ053026v1","970598","970734","GL873671","920420","920550","24","50178"
"KQ053026v1","970735","971032","GL873521","49874189","49874492","70","48903454"
"KQ053026v1","1149323","1149583","GL874040","7263","7521","57","1142060"
"KQ053026v1","1165398","1165656","GL873590","664934","665195","57","500464"
"KQ053026v1","1181154","1181359","GL873541","8067298","8067504","47","6886144"
"KQ053026v1","1182429","1182549","GL873529","16400536","16400656","22","15218107"
"KQ053026v1","1268260","1268564","GL873520","38538206","38538481","72","37269946"
"KQ053026v1","1285061","1285343","GL873627","605730","606005","61","679331"
"KQ053026v1","1302799","1303066","GL873825","388120","388377","62","914679"
"KQ053026v1","1338615","1338841","GL873527","13236396","13236610","65","11897781"
"KQ053026v1","1346893","1347160","GL873532","24126355","24126621","81","22779462"
"KQ053026v1","1350605","1350950","GL873525","28197047","28197360","93","26846442"
"KQ053026v1","1350958","1351259","GL873538","19622743","19623037","80","18271785"
"KQ053026v1","1355441","1355730","GL873532","12550644","12550935","72","11195203"
"KQ053026v1","1373350","1373636","GL873533","15683255","15683543","63","14309905"
"KQ053026v1","1379815","1380095","GL873618","1681545","1681828","75","301730"
"KQ053026v1","1387497","1387782","GL873578","5176227","5176517","70","3788730"
"KQ053026v1","1390220","1390367","GL873536","5349656","5349815","35","3959436"
"KQ053026v1","1403513","1403815","GL873586","3828887","3829179","76","2425374"
"KQ053026v1","1407672","1407949","GL873531","19349136","19349405","60","17941464"
"KQ053026v1","1419382","1419606","GL873538","4542017","4542230","59","3122635"
"KQ053026v1","1420046","1420330","GL873593","2667655","2667944","60","1247609"
"KQ053026v1","1430151","1430339","GL873537","17897136","17897316","56","16466985"
"KQ053026v1","1432681","1432904","GL873538","4542017","4542230","59","3109336"
"KQ053026v1","1433341","1433625","GL873593","2667655","2667944","60","1234314"
"KQ053026v1","1453412","1453536","GL873624","2860538","2860662","19","1407126"
"KQ053026v1","1462423","1462734","GL873521","6835945","6836242","69","5373522"
"KQ053026v1","1469449","1469631","GL873547","11524227","11524378","60","10054778"
"KQ053026v1","1469635","1469954","GL873720","1268124","1268434","75","201511"
"KQ053026v1","1472173","1472460","GL873535","13345005","13345310","69","11872832"
"KQ053026v1","1475085","1475254","GL873556","5873144","5873328","52","4398059"
"KQ053026v1","1475579","1475720","AAQR03199654","739","868","36","1474840"
"KQ053026v1","1475756","1475959","GL873579","11042363","11042566","51","9566607"
"KQ053026v1","1479701","1479862","GL873540","24010390","24010544","40","22530689"
"KQ053026v1","1496071","1496203","GL873520","24084579","24084710","23","22588508"
"KQ053026v1","1496211","1496502","GL873586","3828887","3829179","63","2332676"
"KQ053026v1","1499640","1499708","GL873531","3456652","3456721","14","1957012"
"KQ053026v1","1510204","1510495","GL873535","24027766","24028060","61","22517562"
"KQ053026v1","1543348","1543398","GL873533","28250131","28250174","15","26706783"
"KQ053026v1","1543728","1543885","GL873607","5089534","5089685","37","3545806"
"KQ053026v1","1548880","1549149","GL873526","27363782","27364052","64","25814902"
"KQ053026v1","1560487","1560786","GL873660","743632","743918","74","816855"
"KQ053026v1","1561211","1561421","GL873522","21258404","21258617","56","19697193"
"KQ053026v1","1570941","1571241","GL873575","2687372","2687665","67","1116431"
"KQ053026v1","1594623","1594916","GL873537","20108472","20108765","54","18513849"
"KQ053026v1","1600028","1600310","GL873592","2439645","2439925","66","839617"
"KQ053026v1","1600405","1600699","GL873638","6356734","6357014","74","4756329"
"KQ053026v1","1606161","1606447","GL873611","607167","607439","75","998994"
"KQ053026v1","1608856","1609127","GL873525","39330773","39331048","81","37721917"
"KQ053026v1","1609578","1609659","GL873541","6162457","6162533","24","4552879"
"KQ053026v1","1611129","1611373","GL873557","9967376","9967610","66","8356247"
"KQ053026v1","1617523","1617829","GL873737","1691288","1691582","71","73765"
"KQ053026v1","1657331","1657602","GL873582","3323346","3323622","62","1666015"
"KQ053026v1","1659550","1659680","GL873542","9035516","9035642","22","7375966"
"KQ053026v1","1688668","1688949","GL873568","5607053","5607337","70","3918385"
"KQ053026v1","1693253","1693422","GL873586","1353695","1353851","39","339558"
"KQ053026v1","1698454","1698714","GL873536","5751345","5751585","54","4052891"
"KQ053026v1","1702377","1702668","GL873548","16911479","16911770","78","15209102"
"KQ053026v1","1718656","1718778","GL873594","2886647","2886770","22","1167991"
"KQ053026v1","1761109","1761403","GL873703","125416","125705","57","1635693"
"KQ053026v1","1765574","1765834","GL873535","10520906","10521184","68","8755332"
"KQ053026v1","1780557","1780876","GL873537","20806240","20806550","84","19025683"
"KQ053026v1","1781722","1782011","GL873529","22377342","22377617","67","20595620"
"KQ053026v1","1783037","1783350","GL873618","1121386","1121685","70","661651"
"KQ053026v1","1790994","1791064","GL873605","5710904","5710973","20","3919910"
"KQ053026v1","1793846","1793913","GL873639","2239413","2239479","17","445567"
"KQ053026v1","1798804","1799115","GL873571","2577537","2577837","80","778733"
"KQ053026v1","1802334","1802633","GL873598","8338964","8339257","69","6536630"
"KQ053026v1","1819739","1819867","GL873595","2472885","2473010","21","653146"
"KQ053026v1","1819874","1820098","GL873533","30112621","30112849","58","28292747"
"KQ053026v1","1820377","1820678","GL873540","11122200","11122500","73","9301823"
"KQ053026v1","1830424","1830716","GL873529","18227816","18228105","64","16397392"
"KQ053026v1","1833837","1834129","GL873629","1991833","1992133","58","157996"
"KQ053026v1","1835175","1835465","GL873544","12852108","12852394","49","11016933"
"KQ053026v1","1840231","1840529","GL873750","1418881","1419168","91","421350"
"KQ053026v1","1842745","1842863","GL873548","6651882","6652005","22","4809137"
"KQ053026v1","1849492","1849778","GL873800","736311","736599","62","1113181"
"KQ053026v1","1850595","1850867","GL873560","920817","921093","79","929778"
"KQ053026v1","1851076","1851367","GL873534","24828530","24828825","63","22977454"
"KQ053026v1","1855853","1855966","GL873521","4118295","4118397","22","2262442"
"KQ053026v1","1856297","1856506","GL873586","8236164","8236367","52","6379867"
"KQ053026v1","1862926","1863176","GL873587","2132152","2132387","60","269226"
"KQ053026v1","1867308","1867628","GL873720","1268124","1268434","71","599184"
"KQ053026v1","1873393","1873704","GL873541","18220450","18220758","65","16347057"
"KQ053026v1","1874411","1874695","GL873586","3828887","3829179","73","1954476"
"KQ053026v1","1881150","1881438","GL873537","20108472","20108765","53","18227322"
"KQ053026v1","1896295","1896586","GL873524","35370858","35371151","75","33474563"
"KQ053026v1","1904373","1904687","GL873537","20806240","20806550","78","18901867"
"KQ053026v1","1908408","1908708","GL873547","12238844","12239135","56","10330436"
"KQ053026v1","1941458","1941749","GL873520","60883623","60883917","65","58942165"
"KQ053026v1","1968594","1968890","GL873558","12116555","12116839","60","10147961"
"KQ053026v1","2027812","2027943","GL873619","5892419","5892549","24","3864607"
"KQ053026v1","2047790","2048098","GL873527","26378870","26379185","73","24331080"
"KQ053026v1","2069244","2069366","GL873628","1876330","1876452","19","192914"
"KQ053026v1","2073188","2073375","GL873548","15373945","15374141","53","13300757"
"KQ053026v1","2121543","2121836","GL873528","5032075","5032370","63","2910532"
"KQ053026v1","2168283","2168569","GL873520","28377142","28377427","67","26208859"
"KQ053026v1","2172555","2172771","GL873528","6359335","6359545","63","4186780"
"KQ053026v1","2178715","2179008","GL873623","426678","426976","58","1752037"
"KQ053026v1","2182128","2182331","GL873521","46427393","46427598","44","44245265"
"KQ053026v1","2282251","2282537","GL873647","3829599","3829890","60","1547348"
"KQ053026v1","2283252","2283542","GL873552","11205817","11206103","49","8922565"
"KQ053026v1","2293780","2294055","GL873674","3713686","3713961","46","1419906"
"KQ053026v1","2409240","2409553","GL873537","20108472","20108765","72","17699232"
"KQ053026v1","2451235","2451522","GL873527","24552205","24552484","64","22100970"
"KQ053026v1","2458776","2459077","GL873566","9008836","9009136","59","6550060"
"KQ053026v1","2465042","2465351","GL873543","5406105","5406406","73","2941063"
"KQ053026v1","2465626","2465863","GL873544","12794510","12794743","58","10328884"
"KQ053026v1","2474167","2474430","GL873527","8042354","8042614","64","5568187"
"KQ053026v1","2480009","2480293","GL873523","7327314","7327595","58","4847305"
"KQ053026v1","2505420","2505694","GL873602","7032948","7033214","66","4527528"
"KQ053026v1","2567870","2568180","GL873560","11470153","11470449","71","8902283"
"KQ053026v1","2575785","2576093","GL873520","72415742","72416055","69","69839957"
"KQ053026v1","2652795","2653097","GL873521","5341124","5341431","74","2688329"
"KQ053026v1","2866023","2866353","GL873535","11877698","11878000","79","9011675"
"KQ053026v1","2908043","2908335","GL873520","45522042","45522311","70","42613999"
"KQ053026v1","2908579","2908799","GL873615","239286","239511","59","2669293"
"KQ053026v1","2931880","2932172","GL873615","7395164","7395436","81","4463284"
"KQ053026v1","2940357","2940642","GL873534","8762624","8762908","62","5822267"
"KQ053026v1","2970749","2971042","GL873521","49874189","49874492","67","46903440"
"KQ053026v1","2993178","2993380","GL873579","11042363","11042566","51","8049185"
"KQ053026v1","2995038","2995300","GL873678","1001724","1001982","69","1993314"
"KQ053026v1","3027268","3027451","GL873562","7790665","7790841","53","4763397"
"KQ053026v1","3027587","3027872","GL873655","1848503","1848783","64","1179084"
"KQ053026v1","3030355","3030561","GL873547","9104520","9104727","55","6074165"
"KQ053026v1","3051815","3052092","GL873591","2307630","2307910","76","744185"
"KQ053026v1","3062155","3062422","GL873618","1681545","1681828","70","1380610"
"KQ053026v1","3127486","3127776","GL873575","7775816","7776105","63","4648330"
"KQ053026v1","3143534","3143704","GL873525","45740262","45740432","38","42596728"
"KQ053026v1","3153991","3154239","GL873575","9277978","9278232","66","6123987"
"KQ053026v1","3183312","3183515","GL873530","21916551","21916742","58","18733239"
"KQ053026v1","3213471","3213685","GL873521","14410112","14410337","49","11196641"
"KQ053026v1","3228631","3228912","GL873558","7836673","7836956","75","4608042"
"KQ053026v1","3269915","3270226","GL873618","3966684","3966991","63","696769"
"KQ053026v1","3283260","3283392","GL873520","17006374","17006503","25","13723114"
"KQ053026v1","3285974","3286259","GL873528","4060965","4061247","67","774991"
"KQ053026v1","3289585","3289886","GL873563","9050087","9050388","61","5760502"
"KQ053026v1","3351052","3351261","GL873522","33961928","33962135","56","30610876"
"KQ053026v1","3383597","3383895","GL873537","23325667","23325965","65","19942070"
"KQ053026v1","3452518","3452826","GL873561","9330005","9330309","75","5877487"
"KQ053026v1","3478226","3478517","GL873716","907742","908015","68","2570484"
"KQ053026v1","3499883","3499999","GL873537","23071568","23071685","22","19571685"
"KQ053026v1","3579082","3579260","GL873681","3131614","3131780","48","447468"
"KQ053026v1","3588987","3589279","GL873532","17044604","17044891","59","13455617"
"KQ053026v1","3595886","3596009","GL873603","7603972","7604091","18","4008086"
"KQ053026v1","3617749","3618038","GL873526","4353131","4353412","65","735382"
"KQ053026v1","3627603","3627898","GL873711","252964","253259","65","3374639"
"KQ053026v1","3636676","3636957","GL873522","26431469","26431747","59","22794793"
"KQ053026v1","3650240","3650564","GL873535","25840890","25841174","107","22190650"
"KQ053026v1","3660030","3660348","GL873602","8209282","8209594","76","4549252"
"KQ053026v1","3670854","3671170","GL873615","5162108","5162422","70","1491254"
"KQ053026v1","3727484","3727778","GL873607","5741170","5741465","70","2013686"
"KQ053026v1","3767227","3767532","GL873533","25255552","25255858","61","21488325"
"KQ053026v1","3775308","3775583","GL873557","7300154","7300426","68","3524846"
"KQ053026v1","3786945","3787244","GL873800","736311","736599","62","3050634"
"KQ053026v1","3830023","3830314","GL873561","923317","923608","67","2906706"
"KQ053026v1","3863618","3863921","GL873548","13072238","13072531","61","9208620"
"KQ053026v1","4156169","4156464","GL873525","26543304","26543592","66","22387135"
"KQ053026v1","4383357","4383667","GL873523","28431022","28431322","66","24047665"
"KQ053026v1","4384632","4384894","GL873553","8989980","8990229","58","4605348"
"KQ053026v1","4412514","4412815","GL873538","23098878","23099170","69","18686364"
"KQ053026v1","4461875","4462173","GL873598","2672628","2672914","70","1789247"
"KQ053026v1","4542650","4542927","GL873533","13243838","13244110","55","8701188"
"KQ053026v1","4598603","4598891","GL873545","15039472","15039760","66","10440869"
"KQ053026v1","4623689","4623975","GL873548","1041503","1041791","64","3582186"
"KQ053026v1","4634816","4635125","GL873561","11527410","11527710","68","6892594"
"KQ053026v1","4652825","4653121","GL873537","20108472","20108765","66","15455647"
"KQ053026v1","4664697","4664960","GL873566","8279958","8280226","59","3615261"
"KQ053026v1","4671392","4671516","GL873566","337876","337999","21","4333516"
"KQ053026v1","4682703","4682970","GL873569","6736052","6736306","64","2053349"
"KQ053026v1","4686441","4686741","GL873584","389821","390101","70","4296620"
"KQ053026v1","4694963","4695119","GL873624","3087438","3087585","45","1607525"
"KQ053026v1","4731241","4731388","GL873521","2097553","2097692","49","2633688"
"KQ053026v1","4733132","4733386","GL873610","106160","106408","68","4626972"
"KQ053026v1","4763575","4763869","GL873537","4549377","4549662","73","214198"
"KQ053026v1","4772363","4772625","GL873537","4549377","4549662","84","222986"
"KQ053026v1","4775688","4775935","GL873550","7698928","7699169","88","2923240"
"KQ053026v1","4780022","4780318","GL873537","4549377","4549662","76","230645"
"KQ053026v1","4780674","4780853","GL873537","26260700","26260869","43","21480026"
"KQ053026v1","4783608","4783873","GL873547","6878397","6878656","74","2094789"
"KQ053026v1","4797543","4797847","GL873528","5032075","5032370","68","234532"
"KQ053026v1","4808841","4809123","GL873551","2384698","2384980","62","2424143"
"KQ053026v1","4811403","4811474","GL873522","33935514","33935588","12","29124111"
"KQ053026v1","4840368","4840511","GL873521","838869","839018","33","4001499"
"KQ053026v1","4872217","4872516","GL873560","12392065","12392356","66","7519848"
"KQ053026v1","4893867","4894193","GL873560","12392065","12392356","100","7498198"
"KQ053026v1","4899981","4900190","GL873732","1459997","1460204","48","3439984"
"KQ053026v1","4962351","4962641","GL873616","3533934","3534221","67","1428417"
"KQ053026v1","5003588","5003887","GL873744","1361548","1361847","64","3642040"
"KQ053026v1","5057471","5057768","GL873544","20315778","20316071","74","15258307"
"KQ053026v1","5061436","5061674","GL873544","9665656","9665883","66","4604220"
"KQ053026v1","5067664","5067959","GL873537","22007087","22007389","65","16939423"
"KQ053026v1","5107384","5107680","GL873522","4222168","4222461","58","885216"
"KQ053026v1","5162435","5162729","GL873532","21611611","21611905","63","16449176"
"KQ053026v1","5174425","5174707","GL873557","2671169","2671463","73","2503256"
"KQ053026v1","5178287","5178597","GL873536","9729347","9729661","72","4551060"
"KQ053026v1","5187275","5187576","GL873530","16695374","16695671","61","11508099"
"KQ053026v1","5191342","5191574","GL873593","1888251","1888473","54","3303091"
"KQ053026v1","5195129","5195425","GL873522","4222168","4222461","59","972961"
"KQ053026v1","5208080","5208379","GL873540","19013371","19013667","48","13805291"
"KQ053026v1","5215554","5215761","GL873545","3758091","3758301","44","1457463"
"KQ053026v1","5215966","5216274","GL873590","643532","643818","72","4572434"
"KQ053026v1","5224771","5225024","GL873568","12674938","12675190","47","7450167"
"KQ053026v1","5239615","5239856","GL873538","11416277","11416524","52","6176662"
"KQ053026v1","5251096","5251391","GL873531","19651954","19652248","70","14400858"
"KQ053026v1","5292852","5293155","GL873565","10241052","10241359","66","4948200"
"KQ053026v1","5297028","5297337","GL873572","9034316","9034616","67","3737288"
"KQ053026v1","5298451","5298740","GL873552","11205817","11206103","60","5907366"
"KQ053026v1","5302508","5302817","GL873523","28431022","28431322","68","23128514"
"KQ053026v1","5304092","5304383","GL873537","20108472","20108765","52","14804380"
"KQ053026v1","5304577","5304727","GL873533","13896451","13896593","27","8591874"
"KQ053026v1","5345455","5345750","GL873536","9923583","9923883","67","4578128"
"KQ053026v1","5349552","5349857","GL873529","15224931","15225225","73","9875379"
"KQ053026v1","5392147","5392412","GL873624","1833935","1834197","59","3558212"
"KQ053026v1","5405831","5406085","GL873659","1635303","1635551","59","3770528"
"KQ053026v1","5457347","5457687","GL873532","12756529","12756867","84","7299182"
"KQ053026v1","5476143","5476428","GL873576","9553673","9553956","77","4077530"
"KQ053026v1","5476470","5476744","GL873530","24747988","24748262","66","19271518"
"KQ053026v1","5482168","5482462","GL873527","23749251","23749546","75","18267083"
"KQ053026v1","5546549","5546813","GL873618","1644125","1644404","66","3902424"
"KQ053026v1","5554200","5554368","GL873661","1432630","1432794","33","4121570"
"KQ053026v1","5556087","5556397","GL873527","16320073","16320376","76","10763986"
"KQ053028v1","80960","81162","GL873574","9355705","9355879","61","9274745"
"KQ053028v1","85443","85697","GL873522","18050101","18050365","60","17964658"
"KQ053029v1","17625","17935","GL873540","22714851","22715162","68","22697226"
"KQ053029v1","64357","64560","GL873634","6000067","6000267","53","5935710"
"KQ053029v1","87218","87422","GL873524","3361925","3362129","48","3274707"
"KQ053029v1","115549","115774","GL873584","8046439","8046668","58","7930890"
"KQ053029v1","153775","154086","GL873608","4218070","4218374","58","4064295"
"KQ053029v1","154864","155156","GL873557","7133081","7133372","56","6978217"
"KQ053029v1","167330","167616","GL873530","17375868","17376165","54","17208538"
"KQ053029v1","211892","212189","GL873533","23793613","23793905","58","23581721"
"KQ053029v1","214067","214359","GL873550","9775132","9775420","62","9561065"
"KQ053029v1","221699","222001","GL873521","49874189","49874492","55","49652490"
"KQ053029v1","252277","252572","GL873548","13072238","13072531","58","12819961"
"KQ053029v1","275992","276255","GL873618","4254582","4254848","66","3978590"
"KQ053029v1","279253","279535","GL873537","20108472","20108765","53","19829219"
"KQ053029v1","295156","295448","GL873550","9775132","9775420","70","9479976"
"KQ053029v1","307631","307922","GL873537","20108472","20108765","53","19800841"
"KQ053029v1","309939","310244","GL873571","4374924","4375218","63","4064985"
"KQ053029v1","327215","327497","GL873586","3828887","3829179","65","3501672"
"KQ053029v1","334323","334609","GL873538","3757160","3757448","64","3422837"
"KQ053029v1","342985","343279","GL873624","1642241","1642535","67","1299256"
"KQ053029v1","346985","347269","GL873526","4353131","4353412","68","4006146"
"KQ053029v1","426188","426495","GL873660","705565","705863","70","279377"
"KQ053032v1","84001","84302","GL873643","4292639","4292935","65","4208638"
"KQ053032v1","86213","86479","GL873543","2119744","2120014","66","2033531"
"KQ053032v1","87217","87499","GL873606","8335222","8335500","80","8248005"
"KQ053032v1","87508","87691","GL873520","73403204","73403389","41","73315696"
"KQ053032v1","233928","234230","GL873544","12852108","12852394","55","12618180"
"KQ053032v1","244033","244355","GL873747","1862711","1863025","78","1618678"
"KQ053032v1","286803","287077","GL873524","6995935","6996215","60","6709132"
"KQ053032v1","299230","299497","GL873581","10711805","10712063","74","10412575"
"KQ053032v1","304428","304553","GL873531","10273059","10273184","23","9968631"
"KQ053032v1","366734","366927","GL873674","1356827","1357013","48","990093"
"KQ053032v1","378825","379118","GL873613","2732879","2733172","64","2354054"
"KQ053032v1","388764","389068","GL873524","42149014","42149308","63","41760250"
"KQ053032v1","400931","401235","GL873521","49874189","49874492","63","49473258"
"KQ053032v1","432779","433081","GL873540","21071517","21071821","75","20638738"
"KQ053034v1","187716","188025","GL873544","14031444","14031736","76","13843728"
"KQ053035v1","281","609","GL873661","1884549","1884860","85","1884268"
"KQ053035v1","16001","16255","GL873569","2122462","2122714","49","2106461"
"KQ053035v1","27840","28134","GL873535","14266203","14266500","65","14238363"
"KQ053035v1","28635","28918","GL873551","3320450","3320731","68","3291815"
"KQ053035v1","88741","88867","GL873539","2890791","2890917","22","2802050"
"KQ053035v1","90341","90637","GL873575","2687372","2687665","60","2597031"
"KQ053035v1","106806","107062","GL873524","3823680","3823943","70","3716874"
"KQ053035v1","126901","127190","GL873675","162005","162291","67","35104"
"KQ053035v1","134951","135233","GL873535","12414612","12414904","62","12279661"
"KQ053035v1","138806","139108","GL873720","1268124","1268434","66","1129318"
"KQ053035v1","141263","141384","GL873555","11877504","11877628","24","11736241"
"KQ053035v1","158574","158806","GL873547","5337628","5337857","73","5179054"
"KQ053035v1","159838","160149","GL873545","13698150","13698456","64","13538312"
"KQ053035v1","164073","164360","GL873522","26431469","26431747","54","26267396"
"KQ053035v1","165540","165829","GL873546","16423062","16423344","72","16257522"
"KQ053035v1","166120","166429","GL873537","20108472","20108765","58","19942352"
"KQ053035v1","205825","206117","GL873543","21766493","21766785","53","21560668"
"KQ053035v1","241508","241789","GL873649","5587632","5587917","65","5346124"
"KQ053035v1","250303","250606","GL873754","1754489","1754787","60","1504186"
"KQ053035v1","257258","257555","GL873561","9330005","9330309","69","9072747"
"KQ053035v1","298021","298286","GL873543","2119744","2120014","65","1821723"
"KQ053035v1","301920","302218","GL873720","1268124","1268434","59","966204"
"KQ053035v1","304429","304675","GL873568","4702141","4702406","61","4397712"
"KQ053035v1","306086","306379","GL873572","6984999","6985295","60","6678913"
"KQ053035v1","307515","307807","GL873526","25295506","25295789","60","24987991"
"KQ053035v1","308144","308421","GL873556","10525503","10525777","57","10217359"
"KQ053035v1","351497","351777","GL873558","8037092","8037369","57","7685595"
"KQ053035v1","360680","360972","GL873547","11458791","11459084","51","11098111"
"KQ053035v1","363372","363648","GL873611","6802065","6802336","68","6438693"
"KQ053037v1","3014423","3014719","GL873631","1772","2067","66","3012651"
"KQ053037v1","33660","33964","GL873601","3845814","3846115","73","3812154"
"KQ053037v1","41342","41455","GL873768","1020794","1020920","26","979452"
"KQ053037v1","72455","72767","GL873557","3159396","3159707","83","3086941"
"KQ053037v1","74454","74765","GL873557","3159396","3159707","84","3084942"
"KQ053037v1","258839","259137","GL873521","49874189","49874492","68","49615350"
"KQ053037v1","278939","279237","GL873545","17052684","17052979","71","16773745"
"KQ053037v1","281359","281664","GL873577","10149931","10150226","68","9868572"
"KQ053037v1","295083","295376","GL873557","11830297","11830593","62","11535214"
"KQ053037v1","295390","295680","GL873593","480828","481113","74","185438"
"KQ053037v1","323400","323534","GL873647","2542132","2542263","37","2218732"
"KQ053037v1","395070","395331","GL873544","7801330","7801594","63","7406260"
"KQ053037v1","412733","412894","GL873586","1353695","1353851","44","940962"
"KQ053037v1","472571","472832","GL873708","1282790","1283064","67","810219"
"KQ053037v1","488877","489174","GL873544","20315778","20316071","53","19826901"
"KQ053037v1","510187","510455","GL873522","4831490","4831754","66","4321303"
"KQ053037v1","516315","516559","GL873708","1331342","1331606","73","815027"
"KQ053037v1","537033","537309","GL873660","2179110","2179383","57","1642077"
"KQ053037v1","552335","552587","GL873646","799956","800214","57","247621"
"KQ053037v1","562815","563106","GL873550","14645460","14645734","71","14082645"
"KQ053037v1","566706","566987","GL873616","6357982","6358241","76","5791276"
"KQ053037v1","594457","594758","GL873557","15070064","15070360","60","14475607"
"KQ053037v1","614924","615218","GL873620","7369000","7369291","59","6754076"
"KQ053037v1","621133","621375","GL873558","2574424","2574671","65","1953291"
"KQ053037v1","622169","622424","GL873600","8488206","8488466","63","7866037"
"KQ053037v1","628498","628744","GL873607","1421139","1421397","64","792641"
"KQ053037v1","629517","629788","GL873600","8488206","8488466","69","7858689"
"KQ053037v1","663287","663558","GL873679","2648388","2648640","96","1985101"
"KQ053037v1","671523","671822","GL873646","5530496","5530792","76","4858973"
"KQ053037v1","673208","673257","GL873520","37085579","37085620","15","36412371"
"KQ053037v1","685245","685540","GL873522","25185925","25186218","61","24500680"
"KQ053037v1","689868","690158","GL873535","15017675","15017969","80","14327807"
"KQ053037v1","696463","696752","GL873536","10393754","10394042","62","9697291"
"KQ053037v1","710547","710818","GL873546","16423062","16423344","74","15712515"
"KQ053037v1","725576","725683","GL873614","2406234","2406340","18","1680658"
"KQ053037v1","765100","765401","GL873532","13087138","13087416","85","12322038"
"KQ053037v1","770567","770871","GL873543","2476724","2477022","67","1706157"
"KQ053037v1","771732","772003","GL873563","11785554","11785816","69","11013822"
"KQ053037v1","787702","787979","GL873548","14640613","14640884","69","13852911"
"KQ053037v1","788362","788648","GL873586","8120080","8120363","56","7331718"
"KQ053037v1","792725","792861","GL873699","3286200","3286339","36","2493475"
"KQ053037v1","793434","793758","GL873540","22714851","22715162","70","21921417"
"KQ053037v1","808321","808622","GL873531","27860265","27860563","70","27051944"
"KQ053037v1","831148","831433","GL873549","7423907","7424189","64","6592759"
"KQ053037v1","840889","841139","GL873596","8531800","8532053","51","7690911"
"KQ053037v1","886148","886429","GL873536","10468108","10468389","63","9581960"
"KQ053037v1","897541","897835","GL873585","1585663","1585945","78","688122"
"KQ053037v1","899461","899604","GL873520","7885957","7886098","39","6986496"
"KQ053037v1","899650","899764","GL873581","9397393","9397501","26","8497743"
"KQ053037v1","959576","959845","GL873610","5075504","5075777","74","4115928"
"KQ053037v1","972054","972321","GL873534","15140925","15141195","62","14168871"
"KQ053037v1","991289","991523","GL873540","20654782","20655010","53","19663493"
"KQ053037v1","1003290","1003589","GL873531","27860265","27860563","59","26856975"
"KQ053037v1","1096717","1097015","GL873538","8341850","8342144","69","7245133"
"KQ053037v1","1133900","1134221","GL873686","3287349","3287664","72","2153449"
"KQ053037v1","1222008","1222304","GL873537","20108472","20108765","50","18886464"
"KQ053037v1","1241429","1241651","GL873529","29033639","29033862","60","27792210"
"KQ053037v1","1245637","1245821","GL873522","33866723","33866901","45","32621086"
"KQ053037v1","1293749","1294040","GL873585","703586","703874","72","590163"
"KQ053037v1","1323724","1323896","GL873534","9174247","9174422","45","7850523"
"KQ053037v1","1363338","1363626","GL873525","8368691","8368984","62","7005353"
"KQ053037v1","1377798","1378094","GL873529","9421454","9421749","55","8043656"
"KQ053037v1","1412334","1412626","GL873530","2253363","2253648","66","841029"
"KQ053037v1","1416191","1416490","GL873529","12427510","12427809","76","11011319"
"KQ053037v1","1430550","1430816","GL873586","4074287","4074561","71","2643737"
"KQ053037v1","1433689","1433970","GL873530","29798317","29798595","62","28364628"
"KQ053037v1","1574246","1574525","GL873520","28377142","28377427","48","26802896"
"KQ053037v1","1600258","1600550","GL873537","20108472","20108765","52","18508214"
"KQ053037v1","1664594","1664894","GL873524","42149014","42149308","68","40484420"
"KQ053037v1","1740713","1741004","GL873539","898488","898789","69","842225"
"KQ053037v1","1780581","1780848","GL873543","18076070","18076333","54","16295489"
"KQ053037v1","1801718","1802013","GL873554","16585189","16585484","66","14783471"
"KQ053037v1","1847193","1847485","GL873561","923317","923608","82","923876"
"KQ053037v1","1909545","1909838","GL873520","38124828","38125119","65","36215283"
"KQ053037v1","1992942","1993239","GL873577","10149931","10150226","60","8156989"
"KQ053037v1","2020262","2020437","GL873752","1264588","1264795","65","755674"
"KQ053037v1","2031715","2032012","GL873539","898488","898789","72","1133227"
"KQ053037v1","2036346","2036621","GL873563","11221227","11221501","81","9184881"
"KQ053037v1","2042223","2042511","GL873563","11221227","11221501","91","9179004"
"KQ053037v1","2047766","2047924","GL873602","6306525","6306678","42","4258759"
"KQ053037v1","2050826","2051096","GL873542","14156809","14157081","57","12105983"
"KQ053037v1","2062569","2062857","GL873531","25381659","25381942","73","23319090"
"KQ053037v1","2206933","2207234","GL873579","1693817","1694108","64","513116"
"KQ053037v1","2230008","2230265","GL873624","1833935","1834197","68","396073"
"KQ053037v1","2336434","2336739","GL873557","7267236","7267535","63","4930802"
"KQ053037v1","2371434","2371552","GL873526","20392718","20392833","24","18021284"
"KQ053037v1","2402742","2403029","GL873550","16189253","16189537","62","13786511"
"KQ053037v1","2409565","2409879","GL873618","6641535","6641840","74","4231970"
"KQ053037v1","2499032","2499138","GL873571","7421037","7421142","25","4922005"
"KQ053037v1","2520070","2520319","GL873611","4994670","4994910","69","2474600"
"KQ053037v1","2547997","2548291","GL873751","1385471","1385758","56","1162526"
"KQ053037v1","2800370","2800651","GL873646","4037377","4037644","68","1237007"
"KQ053037v1","2850539","2850846","GL873648","1272095","1272392","59","1578444"
"KQ053037v1","2868363","2868674","GL873557","14359480","14359791","68","11491117"
"KQ053037v1","2923941","2924066","GL873752","1821592","1821717","20","1102349"
"KQ053037v1","2957577","2957705","GL873594","2886647","2886770","20","70930"
"KQ053037v1","2972421","2972661","GL873533","15425290","15425535","56","12452869"
"KQ053037v1","2980596","2980872","GL873646","355001","355274","79","2625595"
"KQ053037v1","3020332","3020644","GL873540","11122200","11122500","73","8101868"
"KQ053037v1","3024500","3024790","GL873525","27816917","27817223","83","24792417"
"KQ053037v1","3030495","3030618","GL873596","2162768","2162890","22","867727"
"KQ053037v1","3034535","3034776","GL873550","3545538","3545776","56","511003"
"KQ053037v1","3037191","3037467","GL873678","199788","200042","75","2837403"
"KQ053037v1","3055647","3055940","GL873629","2465427","2465711","60","590220"
"KQ053037v1","3097070","3097329","GL873544","18730437","18730692","80","15633367"
"KQ053037v1","3105734","3105999","GL873593","7033927","7034168","85","3928193"
"KQ053037v1","3142758","3143060","GL873565","12235234","12235534","77","9092476"
"KQ053037v1","3160781","3161012","GL873546","12949147","12949380","78","9788366"
"KQ053037v1","3167417","3167564","GL873584","9881686","9881805","50","6714269"
"KQ053037v1","3169338","3169569","GL873546","12949147","12949380","78","9779809"
"KQ053037v1","3201265","3201552","GL873540","17119940","17120234","72","13918675"
"KQ053037v1","3258911","3259145","GL873614","7983310","7983547","60","4724399"
"KQ053037v1","3261041","3261329","GL873532","29631533","29631825","64","26370492"
"KQ053037v1","3269051","3269300","GL873557","6395178","6395429","62","3126127"
"KQ053037v1","3272831","3273060","GL873533","29114064","29114296","56","25841233"
"KQ053037v1","3285305","3285514","GL873538","4542017","4542230","51","1256712"
"KQ053037v1","3391025","3391251","GL873538","17630112","17630323","64","14239087"
"KQ053037v1","3406303","3406605","GL873822","707723","708023","73","2698580"
"KQ053037v1","3410915","3411209","GL873545","17052684","17052979","58","13641769"
"KQ053037v1","3420981","3421276","GL873520","48675796","48676094","58","45254815"
"KQ053037v1","3434501","3434792","GL873545","17052684","17052979","72","13618183"
"KQ053037v1","3646520","3646809","GL873592","8396855","8397140","59","4750335"
"KQ053037v1","3745699","3745815","GL873533","24102251","24102371","24","20356552"
"KQ053037v1","3752590","3752718","GL873606","6062519","6062650","21","2309929"
"KQ053037v1","3788880","3789180","GL873563","10896387","10896675","71","7107507"
"KQ053037v1","3797189","3797496","GL873596","3562116","3562414","59","235073"
"KQ053037v1","3813669","3813961","GL873537","20108472","20108765","69","16294803"
"KQ053037v1","3831652","3831937","GL873550","6250195","6250478","76","2418543"
"KQ053037v1","3852742","3853044","GL873530","17375868","17376165","61","13523126"
"KQ053037v1","3924647","3924954","GL873720","1268124","1268434","57","2656523"
"KQ053037v1","3931193","3931438","GL873545","3933988","3934236","64","2795"
"KQ053037v1","3976102","3976353","GL873717","1895062","1895313","64","2081040"
"KQ053037v1","3978238","3978502","GL873522","36470419","36470671","60","32492181"
"KQ053040v1","47849","48129","GL873538","21253639","21253917","81","21205790"
"KQ053041v1","23129","23409","GL873526","25295506","25295789","66","25272377"
"KQ053041v1","39490","39782","GL873561","4066578","4066869","71","4027088"
"KQ053041v1","157871","158050","GL873526","524997","525159","40","367126"
"KQ053041v1","158077","158194","GL873677","3182485","3182603","28","3024408"
"KQ053041v1","258615","258918","GL873540","19013371","19013667","58","18754756"
"KQ053041v1","271100","271381","GL873721","830643","830918","69","559543"
"KQ053041v1","326132","326426","GL873521","53893978","53894270","74","53567846"
"KQ053041v1","453968","454274","GL873627","7189498","7189791","64","6735530"
"KQ053041v1","503310","503512","GL873641","4841659","4841860","38","4338349"
"KQ053041v1","559913","560028","GL873618","2528187","2528297","21","1968274"
"KQ053041v1","656799","657087","GL873545","20254912","20255212","64","19598113"
"KQ053041v1","697795","698073","GL873529","23083772","23084054","68","22385977"
"KQ053041v1","739715","740022","GL873800","9534","9840","62","730181"
"KQ053041v1","779084","779344","GL873522","37212332","37212585","73","36433248"
"KQ053041v1","830182","830486","GL873522","40388442","40388729","74","39558260"
"KQ053042v1","39516","39802","GL873529","16449173","16449440","75","16409657"
"KQ053042v1","46627","46881","GL873520","19573814","19574073","56","19527187"
"KQ053042v1","192006","192291","GL873646","999713","1000000","64","807707"
"KQ053042v1","263251","263561","GL873531","27860265","27860563","64","27597014"
"KQ053042v1","263628","263752","GL873532","16974258","16974378","29","16710630"
"KQ053042v1","454549","454811","GL873527","15959106","15959367","53","15504557"
"KQ053042v1","539918","540237","GL873614","7081304","7081605","66","6541386"
"KQ053042v1","565229","565439","GL873522","33961928","33962135","59","33396699"
"KQ053042v1","610533","610647","GL873528","20183067","20183179","34","19572534"
"KQ053042v1","810201","810481","GL873629","7187807","7188085","63","6377606"
"KQ053042v1","829264","829457","GL873523","43616814","43617002","41","42787550"
"KQ053044v1","82420","82720","GL873577","10149931","10150226","66","10067511"
"KQ053044v1","119390","119510","GL873571","1682444","1682564","23","1563054"
"KQ053044v1","149110","149394","GL873520","57845450","57845728","60","57696340"
"KQ053044v1","242188","242313","GL873813","718648","718772","22","476460"
"KQ053044v1","277286","277509","GL873538","26184002","26184229","65","25906716"
"KQ053044v1","396036","396330","GL873543","2904962","2905248","61","2508926"
"KQ053044v1","452363","452660","GL873566","9008836","9009136","65","8556473"
"KQ053044v1","520654","520934","GL873605","216407","216684","62","304247"
"KQ053044v1","565261","565564","GL873530","28639620","28639925","64","28074359"
"KQ053044v1","605875","606169","GL873593","480828","481113","59","125047"
"KQ053044v1","659043","659313","GL873530","9360390","9360665","62","8701347"
"KQ053044v1","662987","663265","GL873606","5355796","5356059","65","4692809"
"KQ053044v1","665094","665376","GL873538","11682675","11682961","73","11017581"
"KQ053044v1","672503","672773","GL873534","18179873","18180143","60","17507370"
"KQ053044v1","688211","688503","GL873520","68711695","68711980","70","68023484"
"KQ053044v1","709985","710282","GL873520","58446164","58446462","66","57736179"
"KQ053044v1","784959","785244","GL873800","736311","736599","67","48648"
"KQ053044v1","785770","786006","GL873538","11489564","11489799","53","10703794"
"KQ053044v1","803286","803406","GL873600","2997737","2997854","26","2194451"
"KQ053044v1","804260","804556","GL873586","3828887","3829179","77","3024627"
"KQ053044v1","808257","808515","GL873639","2838387","2838655","67","2030130"
"KQ053044v1","809813","810093","GL873551","3320450","3320731","70","2510637"
"KQ053044v1","818062","818353","GL873593","2667655","2667944","54","1849593"
"KQ053044v1","818810","818901","GL873653","3172045","3172138","21","2353235"
"KQ053044v1","833853","834158","GL873671","1289718","1290012","69","455865"
"KQ053048v1","120988","121298","GL873565","6321679","6321988","67","6200691"
"KQ053048v1","152451","152719","GL873568","3901993","3902245","75","3749542"
"KQ053048v1","202044","202331","GL873544","12852108","12852394","54","12650064"
"KQ053048v1","233618","233914","GL873533","4761367","4761651","61","4527749"
"KQ053048v1","252260","252554","GL873533","4761367","4761651","66","4509107"
"KQ053048v1","297494","297626","GL873545","14400321","14400451","30","14102827"
"KQ053048v1","469835","470112","GL873569","10006129","10006398","73","9536294"
"KQ053048v1","592153","592394","GL873586","3931174","3931413","61","3339021"
"KQ053048v1","929497","929795","GL873545","17052684","17052979","58","16123187"
"KQ053048v1","937005","937293","GL873545","16381881","16382184","74","15444876"
"KQ053048v1","949477","949761","GL873535","12038298","12038580","51","11088821"
"KQ053048v1","994158","994276","GL873536","28968213","28968337","29","27974055"
"KQ053048v1","994310","994480","GL873525","41543419","41543581","37","40549109"
"KQ053048v1","1054218","1054493","GL873537","5716740","5717017","69","4662522"
"KQ053048v1","1127864","1128161","GL873528","11285622","11285914","56","10157758"
"KQ053048v1","1129556","1129847","GL873546","13221917","13222195","69","12092361"
"KQ053048v1","1172106","1172397","GL873576","10327019","10327291","69","9154913"
"KQ053048v1","1253307","1253509","GL873538","12618776","12618968","47","11365469"
"KQ053048v1","1291760","1292047","GL873520","46124581","46124870","75","44832821"
"KQ053048v1","1362455","1362737","GL873634","5735486","5735759","78","4373031"
"KQ053048v1","1365547","1365841","GL873646","2193528","2193801","79","827981"
"KQ053048v1","1378814","1379103","GL873543","2119744","2120014","61","740930"
"KQ053048v1","1434900","1435164","GL873706","2861799","2862055","72","1426899"
"KQ053048v1","1552454","1552746","GL873522","11844944","11845217","73","10292490"
"KQ053048v1","1692446","1692740","GL873522","4222168","4222461","66","2529722"
"KQ053048v1","1882359","1882478","GL873690","1057300","1057413","42","825059"
"KQ053048v1","2024076","2024324","GL873529","8596265","8596494","69","6572189"
"KQ053048v1","2040974","2041321","GL873530","17375868","17376165","85","15334894"
"KQ053048v1","2131888","2132172","GL873535","18566569","18566843","61","16434681"
"KQ053048v1","2137745","2138002","GL873534","15140925","15141195","74","13003180"
"KQ053048v1","2143674","2143958","GL873535","18566569","18566843","60","16422895"
"KQ053048v1","2284560","2284836","GL873674","3713686","3713961","59","1429126"
"KQ053048v1","2347773","2348049","GL873576","10218517","10218787","60","7870744"
"KQ053048v1","2399249","2399551","GL873598","2672628","2672914","65","273379"
"KQ053048v1","2543958","2544116","GL873551","18332970","18333126","34","15789012"
"KQ053048v1","2593225","2593413","GL873625","787508","787700","46","1805717"
"KQ053048v1","2593487","2593763","GL873527","8309922","8310213","65","5716435"
"KQ053048v1","2618004","2618316","GL873545","13698150","13698456","68","11080146"
"KQ053048v1","2639716","2640015","GL873530","16695374","16695671","72","14055658"
"KQ053048v1","2661100","2661412","GL873541","10081789","10082099","78","7420689"
"KQ053048v1","2662059","2662361","GL873530","16695374","16695671","63","14033315"
"KQ053048v1","2766387","2766677","GL873585","1808643","1808940","69","957744"
"KQ053048v1","2771379","2771639","GL873521","44299940","44300176","59","41528561"
"KQ053048v1","2775743","2775952","GL873658","2891014","2891232","54","115271"
"KQ053048v1","2778633","2778931","GL873591","1508585","1508871","72","1270048"
"KQ053048v1","2785102","2785396","GL873701","1489808","1490112","67","1295294"
"KQ053048v1","2794154","2794458","GL873530","28263781","28264089","74","25469627"
"KQ053048v1","2795524","2795821","GL873521","40262457","40262752","65","37466933"
"KQ053048v1","2814381","2814680","GL873588","6897685","6897994","81","4083304"
"KQ053048v1","2824693","2824988","GL873521","6180987","6181269","83","3356294"
"KQ053048v1","2849224","2849558","GL873525","27816917","27817223","99","24967693"
"KQ053048v1","2853560","2853805","GL873562","10057415","10057651","78","7203855"
"KQ053048v1","2864645","2864927","GL873752","219309","219580","49","2645336"
"KQ053048v1","2919092","2919379","GL873544","12852108","12852394","55","9933016"
"KQ053048v1","2931480","2931776","GL873544","12852108","12852394","66","9920628"
"KQ053048v1","2961164","2961458","GL873537","23325667","23325965","64","20364503"
"KQ053048v1","2965832","2966051","GL873620","3175975","3176189","65","210143"
"KQ053048v1","2972826","2973052","GL873620","3175975","3176189","67","203149"
"KQ053048v1","3028061","3028350","GL873521","27490449","27490717","71","24462388"
"KQ053048v1","3029371","3029648","GL873629","7187807","7188085","73","4158436"
"KQ053048v1","3062257","3062572","GL873521","44575931","44576230","80","41513674"
"KQ053048v1","3114113","3114384","GL873582","3323346","3323622","55","209233"
"KQ053048v1","3130300","3130553","GL873532","8066668","8066935","63","4936368"
"KQ053048v1","3147479","3147796","GL873540","19013371","19013667","72","15865892"
"KQ053048v1","3153404","3153700","GL873526","22093070","22093370","69","18939666"
"KQ053048v1","3177795","3178093","GL873522","8095500","8095795","63","4917705"
"KQ053048v1","3204206","3204502","GL873575","2687372","2687665","68","516834"
"KQ053048v1","3210061","3210353","GL873528","4452981","4453269","62","1242920"
"KQ053048v1","3264471","3264795","GL873685","3187667","3187972","84","76804"
"KQ053048v1","3352443","3352753","GL873632","5563150","5563458","69","2210707"
"KQ053048v1","3390491","3390744","GL873522","5198925","5199155","81","1808434"
"KQ053048v1","3425935","3426236","GL873537","23325667","23325965","71","19899732"
"KQ053048v1","3438550","3438841","GL873542","1286122","1286423","82","2152428"
"KQ053048v1","3450331","3450636","GL873542","1286122","1286423","73","2164209"
"KQ053048v1","3488113","3488409","GL873738","1646790","1647070","68","1841323"
"KQ053048v1","3547578","3547870","GL873545","1673397","1673691","68","1874181"
"KQ053048v1","3574227","3574523","GL873646","999713","1000000","61","2574514"
"KQ053048v1","3590199","3590512","GL873577","10149931","10150226","74","6559732"
"KQ053048v1","3717020","3717309","GL873524","42149014","42149308","66","38431994"
"KQ053048v1","3747809","3748086","GL873546","13143077","13143343","66","9395268"
"KQ053048v1","3773688","3773819","GL873544","15940749","15940872","34","12167061"
"KQ053048v1","4362221","4362535","GL873585","5429703","5430014","66","1067482"
"KQ053048v1","4402333","4402464","GL873587","994734","994856","38","3407599"
"KQ053048v1","4653809","4654092","GL873618","950010","950297","56","3703799"
"KQ053048v1","4733286","4733546","GL873527","3852983","3853250","60","880303"
"KQ053048v1","4807760","4808034","GL873549","15132343","15132615","75","10324583"
"KQ053048v1","4813188","4813393","GL873675","2119451","2119656","66","2693737"
"KQ053048v1","4822942","4823147","GL873579","11042363","11042566","47","6219421"
"KQ053048v1","4875787","4876097","GL873624","3183015","3183314","74","1692772"
"KQ053048v1","4897213","4897522","GL873720","1268124","1268434","69","3629089"
"KQ053048v1","4914476","4914593","GL873587","5952827","5952942","28","1038351"
"KQ053048v1","4915793","4916101","GL873608","4218070","4218374","64","697723"
"KQ053048v1","4971820","4972123","GL873638","3000197","3000507","72","1971623"
"KQ053048v1","5004543","5004754","GL873560","1619904","1620119","56","3384639"
"KQ053048v1","5030861","5031154","GL873522","25185925","25186218","54","20155064"
"KQ053048v1","5036385","5036498","GL873557","3693706","3693821","21","1342679"
"KQ053048v1","5049068","5049356","GL873523","44139826","44140123","83","39090758"
"KQ053048v1","5054875","5055170","GL873522","26416598","26416890","67","21361723"
"KQ053048v1","5072411","5072719","GL873720","1268124","1268434","55","3804287"
"KQ053048v1","5216227","5216356","GL873628","1876330","1876452","25","3339897"
"KQ053048v1","5242223","5242492","GL873538","1584722","1584989","65","3657501"
"KQ053048v1","5264203","5264479","GL873532","12863813","12864092","72","7599610"
"KQ053048v1","5470391","5470523","GL873536","24543112","24543243","25","19072721"
"KQ053048v1","5482678","5482810","GL873536","24543112","24543243","25","19060434"
"KQ053048v1","5525348","5525622","GL873542","9384814","9385097","79","3859466"
"KQ053048v1","5549131","5549427","GL873537","20108472","20108765","60","14559341"
"KQ053048v1","5574493","5574772","GL873591","2307630","2307910","66","3266863"
"KQ053048v1","5650314","5650594","GL873595","5907045","5907323","61","256731"
"KQ053048v1","5694214","5694503","GL873532","13087138","13087416","65","7392924"
"KQ053048v1","5802634","5802927","GL873520","39494376","39494655","62","33691742"
"KQ053049v1","9424","9710","GL873526","4353131","4353412","66","4343707"
"KQ053049v1","93790","94098","GL873720","1268124","1268434","57","1174334"
"KQ053049v1","106701","106972","GL873595","3862659","3862902","69","3755958"
"KQ053049v1","179442","179741","GL873544","12852108","12852394","62","12672666"
"KQ053049v1","192558","192840","GL873520","39908180","39908461","68","39715622"
"KQ053049v1","221669","221972","GL873585","703586","703874","80","481917"
"KQ053049v1","356662","356789","GL873610","4560358","4560482","26","4203696"
"KQ053049v1","384607","384905","GL873671","1289718","1290012","65","905111"
"KQ053049v1","387254","387552","GL873661","403096","403407","62","15842"
"KQ053049v1","414585","414709","GL873543","6168107","6168231","18","5753522"
"KQ053049v1","560309","560595","GL873521","28097187","28097470","58","27536878"
"KQ053052v1","47177","47443","GL873550","14276675","14276916","67","14229498"
"KQ053052v1","75308","75582","GL873811","722727","723009","69","647419"
"KQ053052v1","180769","180985","GL873527","37887494","37887703","52","37706725"
"KQ053052v1","192211","192513","GL873638","1144051","1144352","66","951840"
"KQ053052v1","193687","193962","GL873521","53839605","53839879","69","53645918"
"KQ053052v1","199980","200282","GL873638","1144051","1144352","66","944071"
"KQ053052v1","201456","201731","GL873521","53839605","53839879","69","53638149"
"KQ053052v1","201787","201902","GL873554","14205812","14205927","20","14004025"
"KQ053052v1","351971","352199","GL873547","9104520","9104727","60","8752549"
"KQ053052v1","447130","447386","GL873554","13917635","13917891","62","13470505"
"KQ053052v1","461952","462123","GL873710","973944","974109","42","511992"
"KQ053052v1","518854","519081","GL873566","13161077","13161300","64","12642223"
"KQ053053v1","54968","55228","GL873565","3583321","3583574","55","3528353"
"KQ053054v1","47924","48204","GL873782","841549","841830","72","793625"
"KQ053054v1","56672","56998","GL873615","5162108","5162422","72","5105436"
"KQ053054v1","100811","100936","GL873642","4786318","4786437","31","4685507"
"KQ053054v1","184454","184723","GL873525","26644695","26644943","84","26460241"
"KQ053054v1","270384","270678","GL873624","5411719","5412005","72","5141335"
"KQ053055v1","33651","33953","GL873533","11386997","11387294","70","11353346"
"KQ053055v1","46732","47041","GL873523","8076383","8076689","73","8029651"
"KQ053055v1","77582","77812","GL873539","20009899","20010128","53","19932317"
"KQ053055v1","77907","78142","GL873566","13161077","13161300","64","13083170"
"KQ053055v1","83854","84172","GL873720","1268124","1268434","78","1184270"
"KQ053055v1","88196","88478","GL873542","8742728","8743008","70","8654532"
"KQ053055v1","90704","90972","GL873537","8616491","8616762","68","8525787"
"KQ053055v1","100233","100521","GL873522","18643197","18643468","78","18542964"
"KQ053055v1","104459","104729","GL873542","14156809","14157081","70","14052350"
"KQ053055v1","106752","107063","GL873557","5391009","5391313","74","5284257"
"KQ053055v1","113892","114193","GL873575","2687372","2687665","60","2573480"
"KQ053055v1","137177","137488","GL873615","3887025","3887329","71","3749848"
"KQ053055v1","171447","171735","GL873562","7999217","7999503","73","7827770"
"KQ053055v1","244467","244636","GL873562","13110895","13111062","43","12866428"
"KQ053055v1","265890","266192","GL873520","38124828","38125119","64","37858938"
"KQ053055v1","298250","298472","GL873621","5902981","5903205","52","5604731"
"KQ053055v1","500007","500129","GL873715","2526191","2526308","18","2026184"
"KQ053056v1","96530","96814","GL873542","1558388","1558675","65","1461858"
"KQ053056v1","129196","129421","GL873619","7355939","7356159","52","7226743"
"KQ053056v1","347543","347667","GL873574","2691599","2691723","23","2344056"
"KQ053056v1","456636","456717","GL873531","16275379","16275462","14","15818743"
"KQ053056v1","560721","560934","GL873522","21258404","21258617","53","20697683"
"KQ053056v1","687156","687464","GL873584","467424","467715","74","219732"
"KQ053057v1","2722","2859","GL873675","3979266","3979395","32","3976544"
"KQ053059v1","4718530","4718751","GL873654","4226694","4226885","68","491836"
"KQ053059v1","6595","6793","GL873532","30618605","30618788","59","30612010"
"KQ053059v1","9591","9880","GL873570","7033978","7034272","77","7024387"
"KQ053059v1","12751","13038","GL873593","6705754","6706041","67","6693003"
"KQ053059v1","233836","234149","GL873691","3399404","3399711","74","3165568"
"KQ053059v1","369205","369300","GL873543","17625005","17625097","18","17255800"
"KQ053059v1","388556","388850","GL873531","29056008","29056304","62","28667452"
"KQ053059v1","553970","554288","GL873545","20390330","20390642","81","19836360"
"KQ053059v1","597508","597630","GL873542","1259218","1259335","27","661710"
"KQ053059v1","691497","691770","GL873526","8965429","8965699","67","8273932"
"KQ053059v1","830976","831278","GL873542","8032564","8032870","57","7201588"
"KQ053059v1","866363","866655","GL873709","2455422","2455722","74","1589059"
"KQ053059v1","910741","911043","GL873522","25185925","25186218","74","24275184"
"KQ053059v1","926756","927044","GL873526","25295506","25295789","58","24368750"
"KQ053059v1","1077084","1077258","GL873607","8234777","8234947","42","7157693"
"KQ053059v1","1114890","1115164","GL873547","12497201","12497474","62","11382311"
"KQ053059v1","1131906","1132152","GL873538","11416277","11416524","50","10284371"
"KQ053059v1","1261865","1262148","GL873525","39330773","39331048","66","38068908"
"KQ053059v1","1591123","1591415","GL873557","7133081","7133372","59","5541958"
"KQ053059v1","1640399","1640703","GL873522","4222168","4222461","75","2581769"
"KQ053059v1","1767382","1767664","GL873646","1073675","1073956","61","693707"
"KQ053059v1","1836073","1836310","GL873579","10953212","10953437","63","9117139"
"KQ053059v1","1867524","1867825","GL873671","1289718","1290012","74","577806"
"KQ053059v1","1972805","1973069","GL873525","35143537","35143806","56","33170732"
"KQ053059v1","2005513","2005822","GL873720","1268124","1268434","69","737389"
"KQ053059v1","2054607","2054891","GL873544","12852108","12852394","62","10797501"
"KQ053059v1","2105212","2105484","GL873570","9393261","9393537","65","7288049"
"KQ053059v1","2115358","2115666","GL873561","9330005","9330309","67","7214647"
"KQ053059v1","2119423","2119733","GL873526","9439587","9439898","60","7320164"
"KQ053059v1","2143663","2143780","GL873564","8287026","8287143","24","6143363"
"KQ053059v1","2152356","2152645","GL873528","1852076","1852356","62","300280"
"KQ053059v1","2158523","2158826","GL873660","4839990","4840286","70","2681467"
"KQ053059v1","2158987","2159278","GL873624","3811009","3811297","55","1652022"
"KQ053059v1","2189036","2189330","GL873643","4292639","4292935","68","2103603"
"KQ053059v1","2214844","2215107","GL873529","28617806","28618065","56","26402962"
"KQ053059v1","2221266","2221564","GL873539","898488","898789","79","1322778"
"KQ053059v1","2231657","2231964","GL873539","898488","898789","73","1333169"
"KQ053059v1","2239807","2240086","GL873523","39729565","39729844","61","37489758"
"KQ053059v1","2260315","2260598","GL873678","229130","229409","59","2031185"
"KQ053059v1","2288580","2288830","GL873563","2661732","2661982","52","373152"
"KQ053059v1","2289430","2289700","GL873530","21920494","21920765","66","19631064"
"KQ053059v1","2307153","2307446","GL873562","11382494","11382780","65","9075341"
"KQ053059v1","2310237","2310530","GL873528","4452981","4453269","57","2142744"
"KQ053059v1","2312177","2312463","GL873570","9393261","9393537","70","7081084"
"KQ053059v1","2335689","2335765","GL873639","2239413","2239479","22","96276"
"KQ053059v1","2362512","2362832","GL873540","9410260","9410586","65","7047748"
"KQ053059v1","2364208","2364510","GL873537","21410001","21410301","70","19045793"
"KQ053059v1","2376707","2377026","GL873540","9410260","9410586","66","7033553"
"KQ053059v1","2378421","2378728","GL873537","21410001","21410301","68","19031580"
"KQ053059v1","2383720","2384021","GL873720","1268124","1268434","63","1115596"
"KQ053059v1","2388052","2388342","GL873525","45380033","45380317","66","42991981"
"KQ053059v1","2389555","2389830","AAQR03192690","2356","2639","60","2387199"
"KQ053059v1","2417356","2417675","GL873587","4881987","4882277","100","2464631"
"KQ053059v1","2431087","2431356","GL873541","18622612","18622871","68","16191525"
"KQ053059v1","2434837","2435128","GL873522","25185925","25186218","60","22751088"
"KQ053059v1","2443011","2443291","GL873601","4898643","4898920","72","2455632"
"KQ053059v1","2445951","2446230","GL873526","27363782","27364052","56","24917831"
"KQ053059v1","2453233","2453508","GL873526","25295506","25295789","65","22842273"
"KQ053059v1","2453603","2453854","GL873632","5546235","5546488","58","3092632"
"KQ053059v1","2454089","2454367","GL873550","7644303","7644582","66","5190214"
"KQ053059v1","2454467","2454746","GL873592","8396855","8397140","62","5942388"
"KQ053059v1","2457921","2458169","GL873551","1981698","1981967","81","476223"
"KQ053059v1","2461887","2462072","GL873532","24822234","24822397","60","22360347"
"KQ053059v1","2464318","2464623","GL873545","12978830","12979129","68","10514512"
"KQ053059v1","2466131","2466420","GL873691","1964797","1965080","69","501334"
"KQ053059v1","2473695","2473872","GL873606","8071741","8071934","53","5598046"
"KQ053059v1","2475683","2475814","GL873576","5374996","5375124","21","2899313"
"KQ053059v1","2476118","2476308","GL873628","7012543","7012724","49","4536425"
"KQ053059v1","2476807","2477082","GL873544","12852108","12852394","54","10375301"
"KQ053059v1","2485447","2485737","GL873659","873896","874172","64","1611551"
"KQ053059v1","2527084","2527207","GL873596","2162768","2162890","21","364316"
"KQ053059v1","2535774","2536046","GL873544","12852108","12852394","63","10316334"
"KQ053059v1","2537306","2537624","GL873524","42149014","42149308","76","39611708"
"KQ053059v1","2538816","2538996","GL873534","13696826","13696995","41","11158010"
"KQ053059v1","2539033","2539173","GL873626","5643790","5643934","29","3104757"
"KQ053059v1","2539661","2539935","GL873526","11964670","11964947","66","9425009"
"KQ053059v1","2551542","2551866","GL873715","1119760","1120084","73","1431782"
"KQ053059v1","2559203","2559463","GL873543","21517863","21518121","68","18958660"
"KQ053059v1","2560670","2560911","GL873543","12780645","12780874","77","10219975"
"KQ053059v1","2572069","2572351","GL873566","13013070","13013346","64","10441001"
"KQ053059v1","2602089","2602341","GL873611","4916970","4917230","69","2314881"
"KQ053059v1","2611823","2612019","GL873674","3921866","3922072","61","1310043"
"KQ053059v1","2628571","2628916","GL873618","4797569","4797854","99","2168998"
"KQ053059v1","2663818","2663880","GL873522","34691387","34691442","21","32027569"
"KQ053059v1","2678880","2679167","GL873607","7650594","7650886","68","4971714"
"KQ053059v1","2687968","2688246","GL873628","1536931","1537223","68","1151037"
"KQ053059v1","2689995","2690304","GL873527","16320073","16320376","75","13630078"
"KQ053059v1","2753219","2753497","GL873520","47023487","47023758","63","44270268"
"KQ053059v1","2767961","2768091","GL873562","5335970","5336099","19","2568009"
"KQ053059v1","2776945","2777232","GL873543","2904962","2905248","65","128017"
"KQ053059v1","2785107","2785277","GL873521","7176848","7177016","45","4391741"
"KQ053059v1","2785481","2785787","GL873530","17375868","17376165","63","14590387"
"KQ053059v1","2795367","2795508","GL873557","6335565","6335686","43","3540198"
"KQ053059v1","2796545","2796757","GL873625","5640863","5641072","50","2844318"
"KQ053059v1","2801237","2801522","GL873535","12038298","12038580","59","9237061"
"KQ053059v1","2804664","2804968","GL873531","19369345","19369649","71","16564681"
"KQ053059v1","2807419","2807727","GL873608","4218070","4218374","61","1410651"
"KQ053059v1","2835100","2835344","GL873570","9627130","9627370","59","6792030"
"KQ053059v1","2841669","2841902","GL873520","27727357","27727577","63","24885688"
"KQ053059v1","2852377","2852689","GL873615","5162108","5162422","62","2309731"
"KQ053059v1","2855652","2855949","GL873557","7267236","7267535","67","4411584"
"KQ053059v1","2888191","2888278","GL873540","17219780","17219867","14","14331589"
"KQ053059v1","2955952","2956246","GL873544","13109134","13109442","66","10153182"
"KQ053059v1","2968550","2968740","GL873524","1211458","1211633","52","1757092"
"KQ053059v1","2979041","2979231","GL873524","1211458","1211633","52","1767583"
"KQ053059v1","3027408","3027706","GL873524","33771136","33771413","63","30743728"
"KQ053059v1","3030584","3030857","GL873611","6802065","6802336","64","3771481"
"KQ053059v1","3096202","3096496","GL873626","7294931","7295219","63","4198729"
"KQ053059v1","3109844","3110140","GL873586","3828887","3829179","64","719043"
"KQ053059v1","3180791","3181087","GL873731","181058","181352","58","2999733"
"KQ053059v1","3380093","3380385","GL873571","6104660","6104957","59","2724567"
"KQ053059v1","3423171","3423454","GL873544","21024658","21024936","65","17601487"
"KQ053059v1","3522198","3522488","GL873545","17052684","17052979","63","13530486"
"KQ053059v1","3603470","3603789","GL873638","5859781","5860110","80","2256311"
"KQ053059v1","3713586","3713888","GL873546","18307234","18307526","72","14593648"
"KQ053059v1","3872744","3873024","GL873632","3582886","3583150","71","289858"
"KQ053059v1","3891981","3892286","GL873565","12300518","12300811","57","8408537"
"KQ053059v1","4020971","4021277","GL873661","1884549","1884860","71","2136422"
"KQ053059v1","4031482","4031829","GL873623","2646027","2646351","76","1385455"
"KQ053059v1","4073505","4073672","GL873528","1120859","1121019","36","2952646"
"KQ053059v1","4161733","4162025","GL873629","1991833","1992133","68","2169900"
"KQ053059v1","4204520","4204833","GL873532","16063689","16063996","65","11859169"
"KQ053059v1","4213041","4213341","GL873529","16865259","16865563","61","12652218"
"KQ053059v1","4221809","4222069","GL873522","44498099","44498366","63","40276290"
"KQ053059v1","4223114","4223389","GL873540","4711812","4712090","63","488698"
"KQ053059v1","4233483","4233740","GL873553","8989980","8990229","65","4756497"
"KQ053059v1","4322552","4322861","GL873536","15301730","15302032","71","10979178"
"KQ053059v1","4337756","4338046","GL873591","6350046","6350337","58","2012290"
"KQ053059v1","4350563","4350762","GL873532","14139242","14139410","71","9788679"
"KQ053059v1","4360357","4360596","GL873634","652582","652828","75","3707775"
"KQ053059v1","4366649","4366889","GL873621","529340","529598","77","3837309"
"KQ053059v1","4377313","4377614","GL873537","20108472","20108765","65","15731159"
"KQ053059v1","4401783","4401916","GL873523","3186596","3186734","31","1215187"
"KQ053059v1","4406693","4406995","GL873537","20108472","20108765","59","15701779"
"KQ053059v1","4434372","4434659","GL873544","12852108","12852394","44","8417736"
"KQ053059v1","4435250","4435368","GL873562","5681529","5681647","18","1246279"
"KQ053059v1","4436410","4436534","GL873560","13049237","13049359","21","8612827"
"KQ053059v1","4451978","4452177","GL873537","27256820","27257025","47","22804842"
"KQ053059v1","4760954","4761075","GL873540","9446474","9446596","21","4685520"
"KQ053059v1","4822589","4822719","GL873551","4255823","4255945","24","566766"
"KQ053059v1","4885695","4885954","GL873537","782221","782471","74","4103474"
"KQ053059v1","4920368","4920650","GL873547","14329017","14329292","62","9408649"
"KQ053059v1","5046174","5046484","GL873620","354557","354859","68","4691617"
"KQ053060v1","2749","2968","GL873697","1503246","1503456","52","1500497"
"KQ053060v1","12975","13248","GL873611","607167","607439","68","594192"
"KQ053060v1","18554","18833","GL873523","7327314","7327595","63","7308760"
"KQ053060v1","38387","38693","GL873610","4431407","4431713","69","4393020"
"KQ053060v1","41117","41402","GL873543","2904962","2905248","57","2863845"
"KQ053060v1","63518","63678","GL873651","1739458","1739612","50","1675940"
"KQ053060v1","67330","67640","GL873530","28263781","28264089","76","28196451"
"KQ053060v1","85331","85605","GL873528","17703992","17704266","75","17618661"
"KQ053060v1","103911","104099","GL873549","6262277","6262457","53","6158366"
"KQ053061v1","42587","42880","GL873546","859614","859905","66","817027"
"KQ053062v1","10924","11199","GL873628","1904991","1905264","68","1894067"
"KQ053062v1","18837","19142","GL873533","25255552","25255858","65","25236715"
"KQ053062v1","128596","128885","GL873586","6854900","6855180","56","6726304"
"KQ053062v1","145803","146069","GL873525","35143537","35143806","59","34997734"
"KQ053062v1","153153","153437","GL873800","736311","736599","47","583158"
"KQ053062v1","183598","183895","GL873738","1646790","1647070","59","1463192"
"KQ053062v1","185417","185711","GL873531","27860265","27860563","59","27674848"
"KQ053062v1","231140","231411","GL873526","21819455","21819728","67","21588315"
"KQ053062v1","313322","313527","GL873672","1902668","1902865","40","1589346"
"KQ053063v1","214236","214520","GL873545","13984012","13984287","68","13769776"
"KQ053064v1","85122","85330","GL873603","8540083","8540277","63","8454961"
"KQ053067v1","43255","43542","GL873634","2627489","2627772","56","2584234"
"KQ053067v1","111353","111706","GL873668","1532647","1532972","112","1421294"
"KQ053067v1","131689","131972","GL873614","1996310","1996595","66","1864621"
"KQ053067v1","280662","280947","GL873544","12852108","12852394","65","12571446"
"KQ053068v1","71789","72077","GL873526","4353131","4353412","58","4281342"
"KQ053068v1","118910","119044","GL873543","13242093","13242230","23","13123183"
"KQ053068v1","155410","155706","GL873530","16695374","16695671","60","16539964"
"KQ053068v1","236817","237025","GL873677","3518199","3518384","65","3281382"
"KQ053068v1","342486","342788","GL873720","1268124","1268434","74","925638"
"KQ053068v1","362739","363024","GL873522","16444756","16445043","71","16082017"
"KQ053068v1","379370","379667","GL873831","43543","43812","78","335827"
"KQ053068v1","495275","495590","GL873720","1268124","1268434","64","772849"
"KQ053068v1","524544","524843","GL873537","20108472","20108765","59","19583928"
"KQ053068v1","529333","529610","GL873605","3929609","3929881","71","3400276"
"KQ053068v1","605445","605750","GL873577","10149931","10150226","62","9544486"
"KQ053069v1","27660","27953","GL873539","25922263","25922547","60","25894603"
"KQ053069v1","74604","74892","GL873532","29153473","29153758","69","29078869"
"KQ053069v1","197346","197509","GL873577","4898264","4898426","36","4700918"
"KQ053069v1","197562","197682","GL873530","19767980","19768099","21","19570418"
"KQ053069v1","215282","215579","GL873525","22063376","22063676","78","21848094"
"KQ053069v1","222212","222518","GL873526","20255818","20256125","72","20033606"
"KQ053070v1","524104","524395","GL873678","1024189","1024471","82","500085"
"KQ053070v1","19328","19631","GL873558","6447437","6447729","60","6428109"
"KQ053070v1","29181","29482","GL873569","2257365","2257661","63","2228184"
"KQ053070v1","55600","55902","GL873570","5636960","5637246","70","5581360"
"KQ053070v1","68105","68404","GL873537","20108472","20108765","54","20040367"
"KQ053070v1","112781","113092","GL873560","524189","524503","79","411408"
"KQ053070v1","137186","137497","GL873530","17375868","17376165","62","17238682"
"KQ053070v1","150807","151114","GL873539","19331028","19331326","73","19180221"
"KQ053070v1","176136","176435","GL873527","11533238","11533536","59","11357102"
"KQ053070v1","195793","196051","GL873554","14396276","14396531","73","14200483"
"KQ053070v1","199784","200059","GL873550","7644303","7644582","58","7444519"
"KQ053070v1","206872","207092","GL873743","493025","493244","51","286153"
"KQ053070v1","243798","244069","GL873593","2507984","2508249","65","2264186"
"KQ053070v1","262575","262686","GL873522","26133170","26133284","27","25870595"
"KQ053070v1","272784","273060","GL873629","2465427","2465711","63","2192643"
"KQ053070v1","275928","276194","GL873569","2122462","2122714","61","1846534"
"KQ053070v1","278609","278940","GL873659","252917","253227","90","25692"
"KQ053070v1","298294","298624","GL873659","252917","253227","89","45377"
"KQ053070v1","303346","303577","GL873533","30112621","30112849","56","29809275"
"KQ053070v1","322482","322773","GL873656","627007","627301","70","304525"
"KQ053070v1","328489","328782","GL873557","7267236","7267535","78","6938747"
"KQ053070v1","336788","337069","GL873629","7187807","7188085","63","6851019"
"KQ053070v1","340735","340996","GL873520","72894552","72894803","61","72553817"
"KQ053070v1","353722","354008","GL873544","12852108","12852394","61","12498386"
"KQ053070v1","357301","357414","GL873715","2526191","2526308","32","2168890"
"KQ053070v1","377592","377815","GL873615","239286","239511","47","138306"
"KQ053070v1","380642","380859","GL873520","40069156","40069375","58","39688514"
"KQ053070v1","390102","390161","GL873526","7476627","7476694","18","7086525"
"KQ053070v1","401330","401480","GL873531","26674109","26674257","35","26272779"
"KQ053070v1","401944","401975","GL873576","10440950","10440982","12","10039006"
"KQ053070v1","403601","403890","GL873544","12852108","12852394","60","12448507"
"KQ053070v1","404621","404914","GL873538","3757160","3757448","56","3352539"
"KQ053070v1","409258","409545","GL873593","480828","481113","61","71570"
"KQ053070v1","410800","410971","GL873521","54349616","54349781","43","53938816"
"KQ053070v1","414608","414906","GL873528","4452981","4453269","63","4038373"
"KQ053070v1","420110","420414","GL873549","7292643","7292937","68","6872533"
"KQ053070v1","432271","432412","GL873548","15426227","15426376","37","14993956"
"KQ053070v1","432709","432888","GL873534","17368521","17368687","59","16935812"
"KQ053070v1","434247","434333","GL873549","1886104","1886187","14","1451857"
"KQ053070v1","434671","434908","GL873598","8767307","8767538","57","8332636"
"KQ053070v1","435749","436040","GL873565","12300518","12300811","61","11864769"
"KQ053070v1","459744","460085","GL873526","17279675","17279985","107","16819931"
"KQ053070v1","463698","463808","GL873549","15172025","15172135","19","14708327"
"KQ053070v1","471412","471691","GL873579","478240","478517","76","6828"
"KQ053070v1","481824","482102","GL873522","18050101","18050365","69","17568277"
"KQ053070v1","509668","509838","GL873620","5777308","5777489","57","5267640"
"KQ053070v1","510183","510285","GL873522","27974065","27974167","25","27463882"
"KQ053070v1","511687","511975","GL873524","16524522","16524796","82","16012835"
"KQ053070v1","514778","514878","GL873524","43890728","43890829","25","43375950"
"KQ053070v1","526767","527065","GL873677","4203427","4203715","67","3676660"
"KQ053070v1","532826","533051","GL873548","661775","662011","68","128949"
"KQ053070v1","548826","549070","GL873586","5528542","5528797","73","4979716"
"KQ053070v1","551976","552081","GL873618","4595296","4595408","31","4043320"
"KQ053070v1","559980","560261","GL873587","2488638","2488920","64","1928658"
"KQ053070v1","573832","574129","GL873520","62837330","62837628","78","62263498"
"KQ053070v1","582445","582711","GL873627","4237922","4238189","65","3655477"
"KQ053070v1","583599","583886","GL873721","1994208","1994497","74","1410609"
"KQ053070v1","587934","588219","GL873800","736311","736599","66","148377"
"KQ053070v1","615922","616121","GL873620","5202502","5202699","53","4586580"
"KQ053070v1","617084","617336","GL873611","4994670","4994910","55","4377586"
"KQ053070v1","626281","626586","GL873575","2687372","2687665","69","2061091"
"KQ053070v1","633959","634259","GL873527","10910929","10911225","62","10276970"
"KQ053070v1","634947","635071","GL873560","13049237","13049359","20","12414290"
"KQ053070v1","661455","661562","GL873672","2470565","2470671","27","1809110"
"KQ053070v1","692512","692809","GL873575","5397185","5397466","68","4704673"
"KQ053070v1","694449","694663","GL873635","268782","268999","54","425667"
"KQ053070v1","707312","707609","GL873575","2687372","2687665","70","1980060"
"KQ053070v1","729765","730072","GL873593","9025866","9026173","66","8296101"
"KQ053070v1","733801","734101","GL873537","23325667","23325965","66","22591866"
"KQ053070v1","747595","747877","GL873677","1383525","1383805","70","635930"
"KQ053070v1","748062","748185","GL873628","7011769","7011893","21","6263707"
"KQ053070v1","764706","765005","GL873661","51289","51585","60","713417"
"KQ053070v1","776687","776848","GL873521","3008434","3008580","43","2231747"
"KQ053070v1","777182","777309","GL873601","6334962","6335086","27","5557780"
"KQ053070v1","788309","788594","GL873526","4353131","4353412","59","3564822"
"KQ053070v1","808205","808469","GL873520","72386624","72386872","58","71578419"
"KQ053070v1","827741","828023","GL873520","72362153","72362414","64","71534412"
"KQ053070v1","877231","877530","GL873631","1772","2067","63","875459"
"KQ053070v1","883956","884238","GL873646","1321987","1322264","67","438031"
"KQ053070v1","892285","892566","GL873522","33757222","33757499","77","32864937"
"KQ053070v1","909086","909344","GL873596","2177755","2178019","68","1268669"
"KQ053070v1","910840","911139","GL873527","13227316","13227607","61","12316476"
"KQ053070v1","912787","913060","GL873543","4452183","4452452","68","3539396"
"KQ053070v1","914696","914985","GL873570","9393261","9393537","62","8478565"
"KQ053070v1","916922","917204","GL873526","11964670","11964947","61","11047748"
"KQ053070v1","924017","924244","GL873522","21258404","21258617","63","20334387"
"KQ053070v1","930682","930843","GL873524","1211458","1211633","49","280776"
"KQ053070v1","931384","931686","GL873587","2916612","2916896","78","1985228"
"KQ053070v1","938854","939132","GL873625","5819542","5819828","59","4880688"
"KQ053070v1","941865","942145","GL873540","4711812","4712090","54","3769947"
"KQ053070v1","963293","963596","GL873551","9201762","9202063","80","8238469"
"KQ053070v1","977007","977306","GL873524","43577965","43578256","74","42600958"
"KQ053070v1","978176","978300","GL873526","10906259","10906385","25","9928083"
"KQ053070v1","988375","988618","GL873565","3583321","3583574","61","2594946"
"KQ053070v1","1007087","1007347","GL873534","22880897","22881154","65","21873810"
"KQ053070v1","1020630","1020902","GL873730","1659341","1659618","74","638711"
"KQ053070v1","1025957","1026207","GL873679","2648388","2648640","55","1622431"
"KQ053070v1","1031345","1031548","GL873521","30472762","30472971","43","29441417"
"KQ053070v1","1039069","1039372","GL873521","25545463","25545748","93","24506394"
"KQ053070v1","1041997","1042314","GL873522","25570684","25570992","68","24528687"
"KQ053070v1","1051728","1052039","GL873532","21611611","21611905","68","20559883"
"KQ053070v1","1058969","1059080","GL873536","13734163","13734272","25","12675194"
"KQ053070v1","1059391","1059588","GL873543","19091555","19091746","55","18032164"
"KQ053070v1","1068808","1068854","GL873596","9574109","9574153","10","8505301"
"KQ053070v1","1108728","1109019","GL873539","898488","898789","56","210240"
"KQ053070v1","1109759","1110064","GL873591","6395821","6396131","61","5286062"
"KQ053070v1","1120064","1120353","GL873531","4073293","4073584","67","2953229"
"KQ053070v1","1133609","1133695","GL873569","6660056","6660141","16","5526447"
"KQ053070v1","1134028","1134185","GL873672","3251785","3251938","37","2117757"
"KQ053070v1","1135058","1135162","GL873521","7790863","7790963","23","6655805"
"KQ053070v1","1135454","1135577","GL873542","9035516","9035642","20","7900062"
"KQ053070v1","1149344","1149569","GL873624","3432800","3433013","56","2283456"
"KQ053070v1","1158041","1158301","GL873525","39406047","39406306","65","38248006"
"KQ053070v1","1180472","1180766","GL873522","25185925","25186218","64","24005453"
"KQ053070v1","1194776","1194980","GL873522","3977611","3977816","62","2782835"
"KQ053070v1","1200543","1200853","GL873550","7755620","7755922","76","6555077"
"KQ053070v1","1280691","1281000","GL873531","27860265","27860563","67","26579574"
"KQ053070v1","1301396","1301688","GL873557","7133081","7133372","70","5831685"
"KQ053070v1","1316488","1316771","GL873544","12852108","12852394","55","11535620"
"KQ053070v1","1330827","1331091","GL873716","907742","908015","76","423085"
"KQ053070v1","1345663","1345906","GL873538","17117806","17118040","58","15772143"
"KQ053070v1","1348313","1348606","GL873557","8775388","8775677","71","7427075"
"KQ053070v1","1354348","1354567","GL873551","4428507","4428742","55","3074159"
"KQ053070v1","1356687","1357000","GL873521","5198887","5199193","76","3842200"
"KQ053070v1","1359904","1360218","GL873720","1268124","1268434","74","91780"
"KQ053070v1","1364241","1364484","GL873605","8629874","8630117","59","7265633"
"KQ053070v1","1366367","1366677","GL873565","6321679","6321988","73","4955312"
"KQ053070v1","1367493","1367753","GL873520","71734142","71734414","70","70366649"
"KQ053070v1","1379957","1380243","GL873533","15128008","15128290","71","13748051"
"KQ053070v1","1389603","1389928","GL873526","40560000","40560316","82","39170397"
"KQ053070v1","1391220","1391521","GL873534","25208090","25208384","68","23816870"
"KQ053070v1","1395155","1395456","GL873534","25208090","25208384","68","23812935"
"KQ053070v1","1413418","1413787","GL873563","5246149","5246497","118","3832731"
"KQ053070v1","1417680","1417976","GL873631","1772","2067","60","1415908"
"KQ053070v1","1428802","1429108","GL873528","4452981","4453269","79","3024179"
"KQ053070v1","1431969","1432264","GL873535","10102962","10103237","68","8670993"
"KQ053070v1","1437014","1437312","GL873560","11470153","11470449","65","10033139"
"KQ053070v1","1449291","1449604","GL873530","28263781","28264089","61","26814490"
"KQ053070v1","1454899","1455183","GL873677","4203427","4203715","64","2748528"
"KQ053070v1","1461136","1461452","GL873530","11560985","11561289","76","10099849"
"KQ053070v1","1483853","1484068","GL873579","11042363","11042566","50","9558510"
"KQ053070v1","1484221","1484518","GL873522","25185925","25186218","62","23701704"
"KQ053070v1","1492926","1493056","GL873521","4523051","4523179","35","3030125"
"KQ053070v1","1500462","1500689","GL873538","17630112","17630323","59","16129650"
"KQ053070v1","1504893","1505171","GL873678","229130","229409","63","1275763"
"KQ053070v1","1549599","1549891","GL873520","27917889","27918174","64","26368290"
"KQ053070v1","1583315","1583502","GL873805","948213","948404","43","635102"
"KQ053070v1","1583838","1583953","GL873539","7997784","7997900","21","6413946"
"KQ053070v1","1622683","1622990","GL873809","360893","361209","67","1261790"
"KQ053070v1","1652436","1652735","GL873531","27860265","27860563","59","26207829"
"KQ053070v1","1683784","1684073","GL873557","14125304","14125596","72","12441520"
"KQ053070v1","1694287","1694583","GL873572","6984999","6985295","58","5290712"
"KQ053070v1","1694671","1694687","GL873520","25523108","25523120","5","23828437"
"KQ053070v1","1731436","1731726","GL873533","15015660","15015953","67","13284224"
"KQ053070v1","1739456","1739754","GL873621","545875","546169","70","1193581"
"KQ053070v1","1756986","1757095","GL873580","3265576","3265689","24","1508590"
"KQ053070v1","1816924","1817220","GL873543","12526309","12526602","60","10709385"
"KQ053070v1","1868130","1868427","GL873631","4361857","4362155","66","2493727"
"KQ053070v1","1896226","1896511","GL873660","743632","743918","65","1152594"
"KQ053070v1","1902917","1903201","GL873577","10149931","10150226","76","8247014"
"KQ053070v1","1906415","1906721","GL873720","1268124","1268434","63","638291"
"KQ053070v1","1926697","1927014","GL873537","23325667","23325965","71","21398970"
"KQ053070v1","1997286","1997581","GL873546","18307234","18307526","62","16309948"
"KQ053070v1","2069222","2069425","GL873522","3582853","3583043","55","1513631"
"KQ053070v1","2100816","2101121","GL873560","12951592","12951892","63","10850776"
"KQ053070v1","2108680","2108986","GL873520","60883623","60883917","67","58774943"
"KQ053070v1","2114199","2114501","GL873944","39061","39359","55","2075138"
"KQ053070v1","2387531","2387813","GL873623","5218769","5219054","67","2831238"
"KQ053070v1","2451744","2452042","GL873520","70610614","70610916","63","68158870"
"KQ053070v1","2561092","2561403","GL873615","5162108","5162422","72","2601016"
"KQ053070v1","2596819","2597104","GL873533","23633726","23633993","73","21036907"
"KQ053070v1","2615870","2616172","GL873575","2687372","2687665","56","71502"
"KQ053070v1","2623447","2623740","GL873575","2687372","2687665","78","63925"
"KQ053070v1","2685064","2685366","GL873569","10832503","10832794","67","8147439"
"KQ053070v1","2908480","2908759","GL873634","2627489","2627772","58","280991"
"KQ053070v1","2948992","2949295","GL873590","803813","804097","78","2145179"
"KQ053070v1","3066259","3066528","GL873543","2119744","2120014","62","946515"
"KQ053070v1","3073007","3073287","GL873523","25131354","25131629","59","22058347"
"KQ053070v1","3081725","3082017","GL873543","12526309","12526602","63","9444584"
"KQ053070v1","3102101","3102393","GL873520","69906171","69906454","53","66804070"
"KQ053070v1","3136361","3136594","GL873684","3285290","3285515","54","148929"
"KQ053070v1","3143175","3143461","GL873530","27114472","27114746","65","23971297"
"KQ053070v1","3161189","3161478","GL873664","4813585","4813876","62","1652396"
"KQ053070v1","3444512","3444806","GL873534","1560172","1560461","67","1884340"
"KQ053070v1","3496823","3496982","GL873743","664335","664489","40","2832488"
"KQ053070v1","3540203","3540506","GL873530","17375868","17376165","50","13835665"
"KQ053070v1","3572970","3573237","GL873550","10919269","10919539","58","7346299"
"KQ053070v1","3759893","3760189","GL873529","17122097","17122389","60","13362204"
"KQ053070v1","3768704","3768970","GL873586","5528542","5528797","60","1759838"
"KQ053070v1","3790898","3791177","GL873544","12852108","12852394","56","9061210"
"KQ053070v1","3792454","3792763","GL873521","5341124","5341431","67","1548670"
"KQ053070v1","3837537","3837818","GL873624","2308457","2308738","56","1529080"
"KQ053070v1","3838071","3838376","GL873534","24828530","24828825","65","20990459"
"KQ053070v1","3842739","3842856","GL873715","2526191","2526308","18","1316548"
"KQ053070v1","3849261","3849536","GL873659","3680041","3680296","71","169220"
"KQ053070v1","3854001","3854289","GL873522","44477639","44477918","66","40623638"
"KQ053070v1","3896984","3897275","GL873520","69090191","69090469","74","65193207"
"KQ053070v1","3903749","3903853","GL873590","743308","743414","16","3160441"
"KQ053070v1","3907018","3907302","GL873535","26174710","26174993","61","22267692"
"KQ053070v1","3916879","3916997","GL873543","10580186","10580296","28","6663307"
"KQ053070v1","3917018","3917312","GL873570","9393261","9393537","65","5476243"
"KQ053070v1","3951014","3951283","GL873628","1375418","1375692","67","2575596"
"KQ053070v1","3970343","3970626","GL873576","7005736","7005999","66","3035393"
"KQ053070v1","3974593","3974692","GL873520","69015924","69016016","16","65041331"
"KQ053070v1","3990113","3990419","GL873531","19369345","19369649","66","15379232"
"KQ053070v1","4001984","4002266","GL873529","15384264","15384546","57","11382280"
"KQ053070v1","4016337","4016668","GL873647","2592882","2593202","75","1423455"
"KQ053070v1","4029088","4029414","GL873552","14389201","14389519","72","10360113"
"KQ053070v1","4032623","4032941","GL873666","2919280","2919561","88","1113343"
"KQ053070v1","4041425","4041720","GL873754","1754489","1754787","63","2286936"
"KQ053070v1","4047390","4047719","GL873569","2257365","2257661","73","1790025"
"KQ053070v1","4050564","4050872","GL873565","3073979","3074251","77","976585"
"KQ053070v1","4053908","4054201","GL873573","3786511","3786793","64","267397"
"KQ053070v1","4054486","4054778","GL873520","68924413","68924693","65","64869927"
"KQ053070v1","4063968","4064263","GL873532","29631533","29631825","66","25567565"
"KQ053070v1","4064653","4064792","GL873543","13242093","13242230","27","9177440"
"KQ053070v1","4102998","4103294","GL873527","25101599","25101892","58","20998601"
"KQ053070v1","4116811","4117113","GL873523","32494078","32494381","75","28377267"
"KQ053070v1","4189845","4190095","GL873540","23535978","23536222","83","19346133"
"KQ053070v1","4190422","4190531","GL873535","26247350","26247454","23","22056928"
"KQ053070v1","4223897","4224030","GL873526","10906259","10906385","29","6682362"
"KQ053070v1","4225769","4226084","GL873520","68739373","68739672","78","64513604"
"KQ053070v1","4243271","4243557","GL873546","859614","859905","73","3383657"
"KQ053070v1","4254515","4254818","GL873720","1268124","1268434","56","2986391"
"KQ053070v1","4256584","4256894","GL873526","9439587","9439898","72","5183003"
"KQ053070v1","4263501","4263805","GL873677","2340073","2340369","78","1923428"
"KQ053070v1","4354938","4355206","GL873652","2153321","2153594","53","2201617"
"KQ053070v1","4402997","4403292","GL873521","49874189","49874492","65","45471192"
"KQ053070v1","4413680","4413962","GL873575","140342","140618","63","4273338"
"KQ053070v1","4473187","4473316","GL873531","10273059","10273184","24","5799872"
"KQ053070v1","4662666","4662931","GL873520","25562285","25562550","68","20899619"
"KQ053070v1","4695774","4695978","GL873805","948213","948404","52","3747561"
"KQ053070v1","4801798","4801945","GL873527","34964944","34965090","35","30163146"
"KQ053070v1","4902235","4902506","GL873523","42339547","42339820","73","37437312"
"KQ053070v1","5366105","5366388","GL873676","1881961","1882246","63","3484144"
"KQ053070v1","5400533","5400846","GL873523","8076383","8076689","78","2675850"
"KQ053070v1","5503313","5503588","GL873738","1635488","1635766","62","3867825"
"KQ053070v1","5535660","5535913","GL873567","13195125","13195366","66","7659465"
"KQ053070v1","5541104","5541322","GL873541","816383","816592","56","4724721"
"KQ053070v1","5562983","5563274","GL873537","22007087","22007389","75","16444104"
"KQ053070v1","5649542","5649836","GL873536","5654007","5654284","81","4465"
"KQ053070v1","5650658","5650930","GL873667","1101787","1102064","65","4548871"
"KQ053070v1","5687417","5687722","GL873561","9330005","9330309","71","3642588"
"KQ053070v1","5994311","5994599","GL873611","4023344","4023633","73","1970967"
"KQ053070v1","6352455","6352745","GL873546","859614","859905","72","5492841"
"KQ053070v1","6373197","6373484","GL873543","11512460","11512744","83","5139263"
"KQ053070v1","6412756","6413025","GL873530","9360390","9360665","53","2947634"
"KQ053070v1","6808680","6808979","GL873678","501766","502072","70","6306914"
"KQ053070v1","6869371","6869634","GL873596","8896282","8896525","73","2026911"
"KQ053070v1","6918449","6918737","GL873678","4006772","4007053","69","2911677"
"KQ053070v1","6923625","6923921","GL873520","65893251","65893544","61","58969626"
"KQ053070v1","7002625","7002732","GL873593","165184","165292","29","6837441"
"KQ053072v1","36326","36441","GL873556","1632780","1632904","25","1596454"
"KQ053072v1","101429","101511","GL873563","11250314","11250398","17","11148885"
"KQ053072v1","137172","137248","GL873527","12812706","12812783","26","12675534"
"KQ053072v1","148332","148637","GL873563","5489805","5490109","57","5341473"
"KQ053072v1","151502","151804","GL873535","29101688","29101988","63","28950186"
"KQ053072v1","164886","165162","GL873520","16709587","16709864","67","16544701"
"KQ053072v1","174126","174415","GL873537","20108472","20108765","53","19934346"
"KQ053072v1","180603","180897","GL873566","10700480","10700761","70","10519877"
"KQ053072v1","191542","191803","GL873523","28505428","28505686","70","28313886"
"KQ053072v1","219052","219341","GL873529","10049753","10050042","74","9830701"
"KQ053072v1","221969","222254","GL873538","23406111","23406389","69","23184142"
"KQ053072v1","226972","227176","GL873533","23680427","23680639","58","23453455"
"KQ053072v1","243962","244291","GL873522","25570684","25570992","73","25326722"
"KQ053072v1","266057","266359","GL873577","9028833","9029124","83","8762776"
"KQ053072v1","319156","319457","GL873737","1691288","1691582","62","1372132"
"KQ053072v1","335662","335965","GL873592","7775568","7775869","65","7439906"
"KQ053072v1","416699","416952","GL873522","25381314","25381574","63","24964615"
"KQ053072v1","445333","445629","GL873646","5530496","5530792","56","5085163"
"KQ053072v1","449628","449905","GL873586","4074287","4074561","64","3624659"
"KQ053072v1","468326","468621","GL873545","12978830","12979129","54","12510504"
"KQ053072v1","476873","477168","GL873545","12978830","12979129","54","12501957"
"KQ053076v1","87822","88102","GL873540","4711812","4712090","57","4623990"
"KQ053076v1","148507","148794","GL873579","984876","985165","60","836369"
"KQ053076v1","168472","168752","GL873547","14329017","14329292","61","14160545"
"KQ053079v1","10727","10985","GL873586","6311175","6311430","58","6300448"
"KQ053079v1","11078","11228","GL873537","7614710","7614861","46","7603632"
"KQ053079v1","18451","18733","GL874040","7263","7521","85","11188"
"KQ053079v1","64954","65223","GL873548","13196124","13196383","62","13131170"
"KQ053079v1","71326","71618","GL873586","6643146","6643447","79","6571820"
"KQ053081v1","3407703","3408002","GL873527","5721671","5721968","60","2313968"
"KQ053081v1","147193","147514","GL873720","1268124","1268434","69","1120931"
"KQ053081v1","150216","150513","GL873527","25101599","25101892","58","24951383"
"KQ053081v1","281993","282139","GL873548","15426227","15426376","35","15144234"
"KQ053081v1","318472","318757","GL873568","10563353","10563640","62","10244881"
"KQ053081v1","327862","328095","GL873578","6797196","6797452","61","6469334"
"KQ053081v1","332279","332556","GL873543","507181","507451","74","174902"
"KQ053081v1","344936","345207","GL873621","6554956","6555228","65","6210020"
"KQ053081v1","442204","442326","GL873546","8378769","8378886","33","7936565"
"KQ053081v1","458720","459008","GL873525","33055425","33055699","60","32596705"
"KQ053081v1","500223","500487","GL873591","2307630","2307910","87","1807407"
"KQ053081v1","508465","508751","GL873557","6570365","6570644","62","6061900"
"KQ053081v1","762838","763114","GL873536","27318293","27318570","70","26555455"
"KQ053081v1","859511","859753","GL873564","471135","471381","65","388376"
"KQ053081v1","906375","906656","GL873526","12865197","12865466","67","11958822"
"KQ053081v1","943895","944153","GL873607","80579","80839","61","863316"
"KQ053081v1","968620","968926","GL873537","16621791","16622090","76","15653171"
"KQ053081v1","983996","984303","GL873748","238196","238496","64","745800"
"KQ053081v1","1017802","1018128","GL873624","6256010","6256303","86","5238208"
"KQ053081v1","1031758","1032037","GL873779","1068574","1068854","71","36816"
"KQ053081v1","1061704","1061956","GL873542","19529065","19529325","63","18467361"
"KQ053081v1","1069921","1070217","GL873537","20108472","20108765","50","19038551"
"KQ053081v1","1111354","1111646","GL873631","1772","2067","64","1109582"
"KQ053081v1","1118910","1119225","GL873613","3096431","3096738","67","1977521"
"KQ053081v1","1167746","1168030","GL873579","984876","985165","63","182870"
"KQ053081v1","1176930","1177223","GL873543","2904962","2905248","63","1728032"
"KQ053081v1","1189980","1190280","GL873600","5472761","5473065","71","4282781"
"KQ053081v1","1201270","1201566","GL873701","1489808","1490112","67","288538"
"KQ053081v1","1215795","1215971","GL873578","5258552","5258711","43","4042757"
"KQ053081v1","1241991","1242296","GL873615","5162108","5162422","68","3920117"
"KQ053081v1","1247080","1247368","GL873543","7212670","7212944","67","5965590"
"KQ053081v1","1256669","1256969","GL873729","432103","432405","63","824566"
"KQ053081v1","1357920","1358080","GL873560","8728786","8728954","45","7370866"
"KQ053081v1","1373570","1373838","GL873562","5444759","5445044","62","4071189"
"KQ053081v1","1385940","1386136","GL873584","4077535","4077730","57","2691595"
"KQ053081v1","1393759","1394021","GL873546","13143077","13143343","63","11749318"
"KQ053081v1","1457791","1457962","GL873564","9333051","9333222","56","7875260"
"KQ053081v1","1475975","1476283","GL873592","7775568","7775869","64","6299593"
"KQ053081v1","1477418","1477732","GL873620","6795585","6795887","71","5318167"
"KQ053081v1","1507489","1507611","GL873522","12369118","12369252","29","10861629"
"KQ053081v1","1587820","1588121","GL873520","28900538","28900833","64","27312718"
"KQ053081v1","1600437","1600641","GL873537","13745214","13745418","42","12144777"
"KQ053081v1","1607682","1607961","GL873738","1635488","1635766","65","27806"
"KQ053081v1","1610413","1610737","GL873610","4431407","4431713","71","2820994"
"KQ053081v1","1629639","1629928","GL873557","5844700","5844982","73","4215061"
"KQ053081v1","1670426","1670732","GL873621","545875","546169","64","1124551"
"KQ053081v1","1755214","1755503","GL873525","8368691","8368984","57","6613477"
"KQ053081v1","1762204","1762494","GL873579","3021095","3021392","68","1258891"
"KQ053081v1","1799316","1799601","GL873528","4452981","4453269","65","2653665"
"KQ053081v1","1804896","1805188","GL873546","12679748","12680030","68","10874852"
"KQ053081v1","1808581","1808774","GL873521","32809348","32809534","53","31000767"
"KQ053081v1","1825869","1826032","GL873520","8035624","8035788","32","6209755"
"KQ053081v1","1859849","1860197","GL873544","13109134","13109442","108","11249285"
"KQ053081v1","1864578","1864884","GL873531","19422058","19422356","68","17557480"
"KQ053081v1","1884391","1884684","GL873537","20108472","20108765","57","18224081"
"KQ053081v1","1884752","1885028","GL873526","17110885","17111154","69","15226133"
"KQ053081v1","1901170","1901463","GL873537","20108472","20108765","57","18207302"
"KQ053081v1","1943508","1943776","GL873548","17315454","17315711","76","15371946"
"KQ053081v1","1979285","1979565","GL873529","2111232","2111488","83","131947"
"KQ053081v1","1980982","1981290","GL873628","4492150","4492450","69","2511168"
"KQ053081v1","2003400","2003637","GL873520","40069156","40069375","63","38065756"
"KQ053081v1","2012224","2012375","GL873647","3571669","3571828","35","1559445"
"KQ053081v1","2016399","2016673","GL873527","14175567","14175857","77","12159168"
"KQ053081v1","2028254","2028491","GL873540","20654782","20655010","58","18626528"
"KQ053081v1","2028613","2028932","GL873577","8086851","8087166","76","6058238"
"KQ053081v1","2045316","2045526","GL873541","22679536","22679746","53","20634220"
"KQ053081v1","2047126","2047428","GL873535","13345005","13345310","67","11297879"
"KQ053081v1","2058870","2059147","GL873543","17913771","17914052","67","15854901"
"KQ053081v1","2072759","2073052","GL873520","38124828","38125119","62","36052069"
"KQ053081v1","2080958","2081252","GL873737","1634714","1635008","61","446244"
"KQ053081v1","2089233","2089443","GL873521","4504046","4504259","52","2414813"
"KQ053081v1","2111049","2111340","GL873536","11039988","11040262","65","8928939"
"KQ053081v1","2123053","2123259","GL873752","1264588","1264795","51","858465"
"KQ053081v1","2166553","2166853","GL873700","2524906","2525200","69","358353"
"KQ053081v1","2206217","2206514","GL873568","5537783","5538076","61","3331566"
"KQ053081v1","2231387","2231646","GL873525","28543936","28544184","66","26312549"
"KQ053081v1","2247937","2248229","GL873831","345857","346142","75","1902080"
"KQ053081v1","2249910","2250197","GL873532","28085187","28085462","72","25835277"
"KQ053081v1","2258505","2258785","GL873565","12300518","12300811","62","10042013"
"KQ053081v1","2264908","2265015","GL873567","12411564","12411658","30","10146656"
"KQ053081v1","2265052","2265200","GL873534","893256","893399","33","1371796"
"KQ053081v1","2280957","2281258","GL873572","9034316","9034616","71","6753359"
"KQ053081v1","2287330","2287488","GL873540","24287721","24287887","37","22000391"
"KQ053081v1","2295619","2295800","GL873812","540548","540728","51","1755071"
"KQ053081v1","2296126","2296255","GL873545","14400321","14400451","26","12104195"
"KQ053081v1","2303318","2303621","GL873566","10700480","10700761","85","8397162"
"KQ053081v1","2390879","2391170","GL873544","14048568","14048856","57","11657689"
"KQ053081v1","2391998","2392291","GL873528","4452981","4453269","59","2060983"
"KQ053081v1","2410396","2410701","GL873621","545875","546169","58","1864521"
"KQ053081v1","2442217","2442508","GL873563","5489805","5490109","62","3047588"
"KQ053081v1","2457823","2458102","GL873540","4711812","4712090","70","2253989"
"KQ053081v1","2584450","2584749","GL873538","7382527","7382826","67","4798077"
"KQ053081v1","2614213","2614515","GL873535","12704666","12704954","62","10090453"
"KQ053081v1","2624626","2624918","GL873535","12693801","12694083","63","10069175"
"KQ053081v1","2626005","2626314","GL873601","6392640","6392938","70","3766635"
"KQ053081v1","2663683","2663976","GL873557","5844700","5844982","57","3181017"
"KQ053081v1","2674260","2674557","GL873577","10149931","10150226","58","7475671"
"KQ053081v1","2696925","2697153","GL873539","20009899","20010128","56","17312974"
"KQ053081v1","2738052","2738340","GL873631","1772","2067","65","2736280"
"KQ053081v1","2759960","2760278","GL873530","25617673","25617981","80","22857713"
"KQ053081v1","2762300","2762592","GL873524","42149014","42149308","61","39386714"
"KQ053081v1","2772680","2772968","GL873547","14329017","14329292","65","11556337"
"KQ053081v1","2772984","2773261","GL873520","23742113","23742400","68","20969129"
"KQ053081v1","2780485","2780781","GL873528","4452981","4453269","65","1672496"
"KQ053081v1","2922909","2923216","GL873575","2687372","2687665","72","235537"
"KQ053081v1","2997880","2998171","GL873548","16548046","16548339","63","13550166"
"KQ053081v1","3265950","3266172","GL873674","3921866","3922072","76","655916"
"KQ053081v1","3369121","3369414","GL873557","5671180","5671473","54","2302059"
"KQ053081v1","3390646","3390942","GL873524","42149014","42149308","58","38758368"
"KQ053081v1","3513920","3514108","GL873660","1357553","1357730","46","2156367"
"KQ053081v1","3539983","3540243","GL873668","1518449","1518701","52","2021534"
"KQ053081v1","3562635","3562917","GL873579","984876","985165","68","2577759"
"KQ053081v1","3572656","3572785","GL873564","3265109","3265236","29","307547"
"KQ053081v1","3631345","3631551","GL873536","13158560","13158734","66","9527215"
"KQ053081v1","3640021","3640216","GL873530","21916551","21916742","42","18276530"
"KQ053081v1","3640392","3640412","GL873558","9911706","9911723","4","6271314"
"KQ053081v1","3686622","3686766","GL873620","7384712","7384854","26","3698090"
"KQ053081v1","3696484","3696753","GL873557","13758580","13758847","61","10062096"
"KQ053081v1","3794971","3795237","GL873536","11777148","11777412","62","7982177"
"KQ053081v1","3857189","3857433","GL873553","13754985","13755220","63","9897796"
"KQ053081v1","3949531","3949815","GL873527","16558692","16558981","55","12609161"
"KQ053081v1","3971498","3971729","GL873706","2167229","2167479","70","1804269"
"KQ053081v1","3981040","3981338","GL873562","5328731","5329017","77","1347691"
"KQ053081v1","4023673","4023964","GL873547","11458791","11459084","65","7435118"
"KQ053081v1","4038510","4038804","GL873545","12978830","12979129","60","8940320"
"KQ053081v1","4056090","4056387","GL873520","38236690","38236980","88","34180600"
"KQ053081v1","4076031","4076326","GL873550","11305584","11305884","73","7229553"
"KQ053081v1","4094279","4094557","GL873520","54721122","54721391","77","50626843"
"KQ053081v1","4107695","4107975","GL873566","13013070","13013346","66","8905375"
"KQ053081v1","4119009","4119255","GL873560","8931049","8931288","67","4812040"
"KQ053081v1","4179043","4179333","GL873552","12138493","12138784","57","7959450"
"KQ053081v1","4182377","4182629","GL873584","1327101","1327354","69","2855276"
"KQ053081v1","4192423","4192744","GL873723","2488802","2489100","89","1703621"
"KQ053081v1","4203862","4204165","GL873558","1978239","1978534","71","2225623"
"KQ053081v1","4239800","4240110","GL873577","10149931","10150226","68","5910131"
"KQ053081v1","4302531","4302814","GL873522","40615310","40615596","61","36312779"
"KQ053081v1","4317908","4318181","GL873540","4711812","4712090","60","393904"
"KQ053081v1","4362353","4362610","GL873569","6736052","6736306","68","2373699"
"KQ053081v1","4410437","4410738","GL873677","3216100","3216400","57","1194337"
"KQ053081v1","4478114","4478371","GL873535","10639404","10639666","67","6161290"
"KQ053081v1","4620307","4620608","GL873735","567909","568203","56","4052398"
"KQ053081v1","4625692","4625850","GL873539","18965545","18965701","40","14339853"
"KQ053081v1","4644829","4645124","GL873520","30319551","30319845","65","25674722"
"KQ053081v1","4661372","4661680","GL873720","1268124","1268434","66","3393248"
"KQ053081v1","4669598","4669884","GL873697","2854121","2854403","66","1815477"
"KQ053081v1","4704235","4704529","GL873737","1691288","1691582","65","3012947"
"KQ053081v1","4714712","4715005","GL873676","1881961","1882246","63","2832751"
"KQ053081v1","4730891","4731206","GL873557","2593590","2593897","73","2137301"
"KQ053081v1","4742364","4742662","GL873535","10369061","10369360","79","5626697"
"KQ053081v1","4748294","4748581","GL873520","48984447","48984734","74","44236153"
"KQ053081v1","4780500","4780784","GL873648","355307","355573","72","4425193"
"KQ053081v1","4796949","4797241","GL873606","7492971","7493252","61","2696022"
"KQ053081v1","4798924","4799218","GL873621","3247341","3247630","65","1551583"
"KQ053081v1","4817309","4817590","GL873624","3258695","3258975","67","1558614"
"KQ053081v1","4818382","4818501","GL873565","1889921","1890040","25","2928461"
"KQ053081v1","4870886","4871163","GL873541","15801777","15802054","52","10930891"
"KQ053081v1","4958812","4959112","GL873520","38124828","38125119","69","33166016"
"KQ053081v1","4973059","4973343","GL873571","6912205","6912478","78","1939146"
"KQ053081v1","5024170","5024442","GL873752","219309","219580","54","4804861"
"KQ053081v1","5101751","5101977","GL873531","4298410","4298635","58","803341"
"KQ053081v1","5120477","5120749","GL873611","4962578","4962847","53","157899"
"KQ053081v1","5156727","5156976","GL873571","3775468","3775732","63","1381259"
"KQ053081v1","5198062","5198295","GL873529","8596265","8596494","50","3398203"
"KQ053081v1","5213761","5214037","GL873549","15004480","15004746","67","9790719"
"KQ053081v1","5334966","5335259","GL873677","4203427","4203715","60","1131539"
"KQ053081v1","5361407","5361698","GL873565","12300518","12300811","62","6939111"
"KQ053081v1","5397425","5397672","GL873679","2648388","2648640","57","2749037"
"KQ053081v1","5401051","5401313","GL873653","2712699","2712966","72","2688352"
"KQ053081v1","5402087","5402234","GL873539","16145365","16145520","42","10743278"
"KQ053081v1","5501224","5501514","GL873546","16312323","16312610","63","10811099"
"KQ053081v1","5518631","5518922","GL873538","26301186","26301477","68","20782555"
"KQ053081v1","5521949","5522236","GL873538","26301186","26301477","70","20779237"
"KQ053081v1","5527117","5527233","GL873547","7325614","7325728","18","1798497"
"KQ053081v1","5568847","5569080","GL873611","4994670","4994910","67","574177"
"KQ053081v1","5618337","5618534","GL873697","1503246","1503456","59","4115091"
"KQ053081v1","5620778","5621060","GL873536","14595246","14595528","58","8974468"
"KQ053081v1","5664814","5665111","GL873537","20108472","20108765","58","14443658"
"KQ053081v1","5680220","5680497","GL873520","60131042","60131319","55","54450822"
"KQ053081v1","5693633","5693943","GL873677","3216100","3216400","70","2477533"
"KQ053081v1","5702750","5703054","GL873542","8032564","8032870","63","2329814"
"KQ053081v1","5719428","5719734","GL873596","3562116","3562414","76","2157312"
"KQ053081v1","5876189","5876463","GL873592","8783353","8783627","73","2907164"
"KQ053081v1","5906409","5906681","GL873547","17720932","17721199","61","11814523"
"KQ053081v1","5975851","5976149","GL873677","4203427","4203715","58","1772424"
"KQ053081v1","5984555","5984667","GL873534","18019104","18019217","24","12034549"
"KQ053081v1","6033580","6033873","GL873627","6247280","6247571","69","213700"
"KQ053081v1","6079797","6080077","GL873566","9667110","9667396","76","3587313"
"KQ053081v1","6124096","6124340","GL873554","2413383","2413629","62","3710713"
"KQ053081v1","6155518","6155778","GL873632","5546235","5546488","57","609283"
"KQ053081v1","6205319","6205632","GL873543","2554196","2554504","77","3651123"
"KQ053081v1","6215341","6215638","GL873540","19013371","19013667","67","12798030"
"KQ053081v1","6218965","6219151","GL873521","24671783","24671967","51","18452818"
"KQ053081v1","6227445","6227621","GL873530","16082476","16082634","54","9855031"
"KQ053081v1","6289084","6289371","GL873790","430011","430293","54","5859073"
"KQ053081v1","6292240","6292541","GL873560","11470153","11470449","70","5177913"
"KQ053081v1","6292916","6293192","GL873552","11205817","11206103","65","4912901"
"KQ053081v1","6303111","6303399","GL873624","5660177","5660468","69","642934"
"KQ053081v1","6307018","6307139","GL873783","131223","131345","22","6175795"
"KQ053081v1","6318709","6318998","GL873529","9654499","9654796","72","3335790"
"KQ053081v1","6351951","6352223","GL873585","9072153","9072427","65","2720202"
"KQ053081v1","6407423","6407491","GL873653","1941826","1941895","12","4465597"
"KQ053081v1","6412305","6412554","GL873557","6395178","6395429","56","17127"
"KQ053081v1","6514378","6514645","GL873568","10563353","10563640","77","4048975"
"KQ053081v1","6570600","6570907","GL873720","1268124","1268434","65","5302476"
"KQ053081v1","6607718","6607999","GL873523","44088610","44088895","72","37480892"
"KQ053081v1","6656014","6656191","GL873615","1631233","1631410","44","5024781"
"KQ053081v1","6704007","6704106","GL873524","43890728","43890829","22","37186721"
"KQ053081v1","6717426","6717735","GL873526","28619796","28620107","53","21902370"
"KQ053081v1","6841529","6841828","GL873627","7189498","7189791","58","347969"
"KQ053081v1","6873104","6873417","GL873533","25255552","25255858","74","18382448"
"KQ053081v1","6954197","6954479","GL873703","125416","125705","74","6828781"
"KQ053081v1","7035622","7035920","GL873646","5170084","5170369","70","1865538"
"KQ053081v1","7080808","7080879","GL873679","903213","903282","14","6177595"
"KQ053081v1","7109718","7109994","GL873770","696189","696473","77","6413529"
"KQ053081v1","7333377","7333499","GL873834","415652","415774","29","6917725"
"KQ053081v1","7341181","7341463","GL873554","2549379","2549650","67","4791802"
"KQ053081v1","7380462","7380719","GL873586","6311175","6311430","51","1069287"
"KQ053081v1","7447934","7448235","GL873532","30437489","30437785","84","22989555"
"KQ053081v1","7456976","7457103","GL873547","17597232","17597356","27","10140256"
"KQ053081v1","7497143","7497343","GL873577","9925660","9925854","61","2428517"
"KQ053081v1","7607628","7607921","GL873542","6622464","6622760","70","985164"
"KQ053081v1","7613170","7613385","GL873521","49480683","49480899","55","41867513"
"KQ053081v1","7647223","7647511","GL873526","25295506","25295789","65","17648283"
"KQ053081v1","7655276","7655591","GL873544","13109134","13109442","78","5453858"
"KQ053081v1","7669159","7669398","GL873605","5710202","5710429","61","1958957"
"KQ053081v1","7674182","7674468","GL873547","14329017","14329292","54","6654835"
"KQ053081v1","7685563","7685813","GL873530","11166589","11166845","62","3481026"
"KQ053081v1","7722818","7723046","GL873520","36993644","36993865","56","29270826"
"KQ053081v1","7745460","7745769","GL873547","8917733","8918044","76","1172273"
"KQ053081v1","7748524","7748640","GL873539","7997784","7997900","21","249260"
"KQ053081v1","7753306","7753582","GL873525","44374046","44374337","76","36620740"
"KQ053081v1","7845581","7845855","GL873534","15140925","15141195","60","7295344"
"KQ053081v1","7878440","7878579","GL873713","329878","330025","40","7548562"
"KQ053081v1","7971611","7971910","GL873660","426922","427227","61","7544689"
"KQ053081v1","8002094","8002397","GL873537","23325667","23325965","72","15323573"
"KQ053081v1","8109038","8109294","GL873646","355001","355274","78","7754037"
"KQ053081v1","8211852","8212098","GL873590","671368","671605","64","7540484"
"KQ053081v1","8320688","8320891","GL873521","46427393","46427598","49","38106705"
"KQ053081v1","8350741","8350941","GL873526","23998879","23999041","60","15648138"
"KQ053081v1","8378821","8379107","GL873604","8660029","8660307","74","281208"
"KQ053082v1","9228","9522","GL873537","20108472","20108765","61","20099244"
"KQ053082v1","11305","11611","GL873615","5162108","5162422","55","5150803"
"KQ053082v1","42230","42539","GL873552","9485985","9486288","73","9443755"
"KQ053082v1","94878","95052","GL873520","1429502","1429686","42","1334624"
"KQ053082v1","129191","129490","GL873660","743632","743918","71","614441"
"KQ053082v1","132777","133037","GL873527","38721095","38721362","69","38588318"
"KQ053082v1","187671","187971","GL873646","5530496","5530792","65","5342825"
"KQ053082v1","356498","356793","GL873539","15781624","15781906","62","15425126"
"KQ053082v1","372980","373284","GL873521","6835945","6836242","61","6462965"
"KQ053082v1","418349","418654","GL873521","3596755","3597054","66","3178406"
"KQ053082v1","497744","498044","GL873525","27816917","27817223","50","27319173"
"KQ053082v1","503686","503936","GL873536","13833495","13833751","61","13329809"
"KQ053082v1","508351","508609","GL873536","13833495","13833751","54","13325144"
"KQ053082v1","542477","542613","GL873751","463161","463291","26","79316"
"KQ053082v1","542950","543124","GL873740","668373","668539","43","125423"
"KQ053082v1","565582","565870","GL873537","20108472","20108765","57","19542890"
"KQ053082v1","583475","583762","GL873598","8452037","8452328","62","7868562"
"KQ053082v1","603369","603672","GL873635","4725660","4725971","71","4122291"
"KQ053082v1","648034","648334","GL873627","7189498","7189791","55","6541464"
"KQ053082v1","726409","726704","GL873586","3828887","3829179","57","3102478"
"KQ053082v1","759110","759399","GL873548","3017785","3018093","61","2258675"
"KQ053082v1","819904","820177","GL873550","99790","100066","67","720114"
"KQ053082v1","891990","892208","GL873538","4542017","4542230","44","3650027"
"KQ053082v1","897592","897669","GL873521","44571548","44571625","12","43673956"
"KQ053082v1","926205","926497","GL873568","10563353","10563640","48","9637148"
"KQ053082v1","968110","968413","GL873542","1286122","1286423","63","318012"
"KQ053082v1","979567","979805","GL873566","13161077","13161300","48","12181510"
"KQ053082v1","980132","980208","GL873565","13108265","13108340","12","12128133"
"KQ053082v1","993611","993887","GL873557","7300154","7300426","75","6306543"
"KQ053082v1","1049037","1049330","GL873537","25614440","25614733","59","24565403"
"KQ053082v1","1059536","1059776","GL873532","23341124","23341373","69","22281588"
"KQ053082v1","1059875","1060208","GL873720","1268124","1268434","74","208249"
"KQ053082v1","1065975","1066264","GL873698","2569942","2570236","55","1503967"
"KQ053082v1","1066265","1066420","GL873639","2245446","2245602","34","1179181"
"KQ053082v1","1084835","1085131","GL873543","2904962","2905248","59","1820127"
"KQ053082v1","1087466","1087675","GL873523","24005577","24005782","48","22918111"
"KQ053082v1","1103873","1104177","GL873663","3743946","3744258","67","2640073"
"KQ053082v1","1117180","1117398","GL873521","27266368","27266584","46","26149188"
"KQ053082v1","1124529","1124682","GL873541","17651346","17651496","46","16526817"
"KQ053082v1","1126135","1126428","GL873616","7318626","7318922","68","6192491"
"KQ053082v1","1145012","1145312","GL873537","20108472","20108765","56","18963460"
"KQ053082v1","1152120","1152297","GL873553","7984760","7984935","43","6832640"
"KQ053082v1","1177328","1177639","GL873577","10149931","10150226","61","8972603"
"KQ053082v1","1183087","1183336","GL873545","3933988","3934236","62","2750901"
"KQ053082v1","1446185","1446463","GL873821","70343","70619","63","1375842"
"KQ053082v1","1606177","1606427","GL873525","26644695","26644943","65","25038518"
"KQ053082v1","1633880","1634189","GL873522","42556538","42556845","61","40922658"
"KQ053082v1","1671498","1671715","GL873544","10175160","10175375","51","8503662"
"KQ053082v1","1705248","1705472","GL873731","551317","551553","61","1153931"
"KQ053082v1","1791764","1792064","GL873596","3562116","3562414","79","1770352"
"KQ053082v1","2025297","2025601","GL873572","6984999","6985295","64","4959702"
"KQ053082v1","2039988","2040273","GL873625","5809501","5809791","58","3769513"
"KQ053082v1","2124884","2125168","GL873600","3089698","3089990","63","964814"
"KQ053082v1","2138633","2138925","GL873562","11382494","11382780","55","9243861"
"KQ053082v1","2144419","2144727","GL873557","4097683","4097991","67","1953264"
"KQ053082v1","2162598","2162879","GL873615","1550718","1551000","78","611880"
"KQ053082v1","2172306","2172604","GL873531","27860265","27860563","54","25687959"
"KQ053082v1","2173335","2173399","GL873563","6255422","6255484","14","4082087"
"KQ053082v1","2174643","2174932","GL873675","2464737","2465019","63","290094"
"KQ053082v1","2181455","2181761","GL873557","7267236","7267535","66","5085781"
"KQ053082v1","2192182","2192470","GL873537","20108472","20108765","65","17916290"
"KQ053082v1","2250924","2251240","GL873537","23325667","23325965","71","21074743"
"KQ053082v1","2296247","2296534","GL873666","3106785","3107075","54","810538"
"KQ053082v1","2300266","2300547","GL873601","4395673","4395957","62","2095407"
"KQ053082v1","2307858","2308128","GL873589","7679708","7679981","55","5371850"
"KQ053082v1","2357358","2357648","GL873521","7873707","7874000","70","5516349"
"KQ053082v1","2401541","2401866","GL873548","15755209","15755503","91","13353668"
"KQ053082v1","2419089","2419400","GL873618","1733361","1733668","70","685728"
"KQ053082v1","2426903","2427197","GL873563","10411518","10411803","77","7984615"
"KQ053082v1","2434958","2435091","GL873520","24084579","24084710","23","21649621"
"KQ053082v1","2438326","2438628","GL873601","3845814","3846115","82","1407488"
"KQ053082v1","2446185","2446466","GL873529","16449173","16449440","82","14002988"
"KQ053082v1","2463916","2464228","GL873533","25255552","25255858","72","22791636"
"KQ053082v1","2478080","2478334","GL873611","4994670","4994910","66","2516590"
"KQ053082v1","2492446","2492744","GL873523","28431022","28431322","75","25938576"
"KQ053082v1","2494459","2494580","GL873520","16925416","16925538","23","14430957"
"KQ053082v1","2504877","2505184","GL873596","3562116","3562414","72","1057239"
"KQ053082v1","2514122","2514415","GL873562","5328731","5329017","68","2814609"
"KQ053082v1","2518681","2518974","GL873537","23325667","23325965","60","20806986"
"KQ053082v1","2530328","2530448","GL873640","5637254","5637381","23","3106926"
"KQ053082v1","2551826","2552112","GL873724","1776353","1776650","72","775473"
"KQ053082v1","2555582","2555750","GL873576","5114288","5114457","41","2558706"
"KQ053082v1","2677914","2678024","GL873538","2101868","2101977","28","576046"
"KQ053082v1","2678073","2678246","GL873522","37363427","37363592","36","34685354"
"KQ053082v1","2693505","2693785","GL873527","25069682","25069963","65","22376177"
"KQ053082v1","2695359","2695444","GL873520","30869174","30869257","14","28173815"
"KQ053082v1","2699872","2700161","GL873677","4203427","4203715","72","1503555"
"KQ053082v1","2703301","2703590","AAQR03197296","440","718","70","2702861"
"KQ053082v1","2735957","2736172","GL873535","27923927","27924141","50","25187970"
"KQ053082v1","2737470","2737763","GL873563","2230806","2231098","67","506664"
"KQ053082v1","2752004","2752294","GL873663","2383516","2383802","58","368488"
"KQ053082v1","2928709","2928978","GL873536","13241456","13241716","68","10312747"
"KQ053082v1","3021085","3021360","GL873528","7326954","7327222","71","4305869"
"KQ053082v1","3043556","3043852","GL873613","971789","972086","55","2071767"
"KQ053082v1","3051085","3051387","GL873545","17052684","17052979","61","14001599"
"KQ053082v1","3215285","3215582","GL873550","7755620","7755922","70","4540335"
"KQ053082v1","3425957","3426274","GL873610","4431407","4431713","63","1005450"
"KQ053082v1","3492781","3492964","GL873620","3617712","3617892","51","124931"
"KQ053082v1","3511217","3511522","GL873631","6629455","6629755","67","3118238"
"KQ053082v1","3577041","3577335","GL873529","9421454","9421749","51","5844413"
"KQ053082v1","3621952","3622239","GL873543","2119744","2120014","70","1502208"
"KQ053082v1","3845899","3846204","GL873608","4218070","4218374","65","372171"
"KQ053082v1","3847277","3847569","GL873520","23923056","23923353","56","20075779"
"KQ053082v1","4091722","4092028","GL873521","5341124","5341431","85","1249402"
"KQ053082v1","4157679","4157979","GL873533","15015660","15015953","62","10857981"
"KQ053082v1","4175937","4176136","GL873526","8303932","8304134","53","4127995"
"KQ053082v1","4178620","4178899","GL873596","1591307","1591593","59","2587313"
"KQ053082v1","4230932","4231102","GL873574","9355705","9355879","42","5124773"
"KQ053082v1","4335338","4335638","GL873556","451239","451541","55","3884099"
"KQ053082v1","4392966","4393193","GL873522","21258404","21258617","63","16865438"
"KQ053082v1","4395161","4395457","GL873529","16524419","16524713","62","12129258"
"KQ053082v1","4474892","4475177","GL873538","5676997","5677272","80","1202105"
"KQ053082v1","4720755","4721057","GL873527","11533238","11533536","65","6812483"
"KQ053082v1","4768582","4768709","GL873590","3760335","3760466","29","1008247"
"KQ053082v1","4828691","4828790","GL873530","21080432","21080525","35","16251741"
"KQ053082v1","4908913","4909199","GL873537","12959422","12959706","56","8050509"
"KQ053082v1","4925772","4926069","GL873534","25208090","25208384","58","20282318"
"KQ053082v1","5005082","5005391","GL873520","38124828","38125119","65","33119746"
"KQ053082v1","5107307","5107594","GL873530","3897752","3898024","79","1209555"
"KQ053082v1","5212520","5212771","GL873557","6395178","6395429","53","1182658"
"KQ053082v1","5244149","5244394","GL873731","175506","175747","59","5068643"
"KQ053082v1","5265340","5265634","GL873646","5530496","5530792","65","265156"
"KQ053082v1","5308735","5309055","GL873531","3746779","3747072","91","1561956"
"KQ053082v1","5356812","5357098","GL873579","823090","823369","73","4533722"
"KQ053082v1","5358131","5358331","GL873533","13936021","13936219","49","8577890"
"KQ053082v1","5407698","5407989","GL873530","27114472","27114746","71","21706774"
"KQ053082v1","5414830","5415078","GL873538","11416277","11416524","54","6001447"
"KQ053082v1","5448408","5448533","GL873624","868096","868216","23","4580312"
"KQ053082v1","5453640","5453911","GL873530","3815095","3815371","74","1638545"
"KQ053082v1","5520410","5520699","GL873527","16558692","16558981","69","11038282"
"KQ053082v1","5523475","5523597","GL873524","6089502","6089624","23","566027"
"KQ053082v1","5550012","5550298","GL873655","1848503","1848783","62","3701509"
"KQ053082v1","5614149","5614457","GL873525","22531896","22532203","59","16917747"
"KQ053082v1","5645528","5645817","GL873525","27441908","27442188","66","21796380"
"KQ053082v1","5689145","5689463","GL873530","14578517","14578828","74","8889372"
"KQ053082v1","5709686","5709920","GL873754","1706553","1706786","60","4003133"
"KQ053082v1","5718003","5718301","GL873596","3562116","3562414","80","2155887"
"KQ053082v1","5788798","5788928","GL873601","5084413","5084542","39","704385"
"KQ053082v1","5835557","5835840","GL873752","219309","219580","60","5616248"
"KQ053082v1","5846351","5846621","GL873525","33055425","33055699","68","27209074"
"KQ053082v1","5855896","5856125","GL873524","41742731","41742942","61","35886835"
"KQ053082v1","5887941","5888229","GL873539","15733833","15734119","69","9845892"
"KQ053082v1","5906383","5906682","GL873532","21611611","21611905","64","15705228"
"KQ053082v1","5918214","5918335","GL873596","3689722","3689842","34","2228492"
"KQ053082v1","5921218","5921483","GL873571","3775468","3775732","72","2145750"
"KQ053082v1","5930275","5930572","GL873754","1754489","1754787","55","4175786"
"KQ053082v1","5975082","5975360","GL873538","2204733","2205000","65","3770349"
"KQ053082v1","5977816","5978120","GL873627","5978834","5979103","108","1018"
"KQ053082v1","5989820","5990134","GL873527","22929623","22929921","85","16939803"
"KQ053082v1","5990756","5990933","GL873533","28008549","28008721","60","22017793"
"KQ053082v1","5996703","5997009","GL873533","16279236","16279539","67","10282533"
"KQ053082v1","5999382","5999648","GL873530","29321072","29321333","67","23321690"
"KQ053082v1","6030939","6031219","GL873667","3712894","3713183","78","2318045"
"KQ053082v1","6049119","6049238","GL873813","864906","865025","42","5184213"
"KQ053082v1","6059533","6059750","GL873752","1264588","1264795","50","4794945"
"KQ053082v1","6086377","6086679","GL873521","33844036","33844322","69","27757659"
"KQ053082v1","6102487","6102634","GL873675","3930410","3930553","27","2172077"
"KQ053082v1","6104875","6105170","GL873586","3828887","3829179","72","2275988"
"KQ053082v1","6115649","6115937","GL873520","38124828","38125119","52","32009179"
"KQ053082v1","6125644","6125930","GL873667","4712582","4712858","67","1413062"
"KQ053082v1","6126965","6127242","GL873526","12865197","12865466","71","6738232"
"KQ053082v1","6132507","6132792","GL873667","4712582","4712858","69","1419925"
"KQ053082v1","6146649","6146926","GL873646","1321987","1322264","61","4824662"
"KQ053082v1","6190805","6191083","GL873524","41675399","41675673","61","35484594"
"KQ053082v1","6344789","6345014","GL873602","7189561","7189785","48","844772"
"KQ053082v1","6353432","6353722","GL873593","480828","481113","73","5872604"
"KQ053082v1","6363811","6363930","GL873522","692891","693013","20","5670920"
"KQ053082v1","6375682","6375951","GL873677","3168668","3168943","53","3207014"
"KQ053082v1","6384234","6384539","GL873529","16865259","16865563","59","10481025"
"KQ053082v1","6407819","6408097","GL873525","21434358","21434641","67","15026539"
"KQ053082v1","6471901","6472186","GL873525","21372202","21372471","60","14900301"
"KQ053082v1","6497133","6497431","GL873544","12852108","12852394","57","6354975"
"KQ053082v1","6501182","6501471","GL873524","41701945","41702223","62","35200763"
"KQ053082v1","6510003","6510316","GL873673","3158340","3158642","59","3351663"
"KQ053082v1","6546924","6547228","GL873568","10563353","10563640","78","4016429"
"KQ053082v1","6549170","6549439","GL873592","410140","410410","64","6139030"
"KQ053082v1","6558236","6558542","GL873542","8032564","8032870","71","1474328"
"KQ053082v1","6564650","6564948","GL873522","4222168","4222461","69","2342482"
"KQ053082v1","6595412","6595704","GL873596","8378412","8378699","66","1783000"
"KQ053082v1","6615439","6615700","GL873574","8707427","8707691","77","2091988"
"KQ053082v1","6656017","6656309","GL873548","16911479","16911770","62","10255462"
"KQ053082v1","6676178","6676367","GL873526","23446231","23446412","55","16770053"
"KQ053082v1","6729968","6730262","GL873525","34759396","34759697","74","28029428"
"KQ053082v1","6755953","6756248","GL873673","4218625","4218921","67","2537328"
"KQ053082v1","6814819","6815089","GL873629","2967834","2968093","53","3846985"
"KQ053082v1","6820389","6820607","GL873561","571094","571301","53","6249295"
"KQ053082v1","6861112","6861407","GL873531","19369345","19369649","57","12508233"
"KQ053082v1","7029659","7029980","GL873686","3287349","3287664","83","3742310"
"KQ053082v1","7050749","7050979","GL873533","29114064","29114296","59","22063315"
"KQ053082v1","7051974","7052105","GL873675","2097752","2097883","28","4954222"
"KQ053082v1","7078092","7078374","GL873526","25295506","25295789","61","18217414"
"KQ053082v1","7107357","7107623","GL873534","15140925","15141195","68","8033568"
"KQ053082v1","7124111","7124403","GL873635","3120419","3120703","63","4003692"
"KQ053082v1","7127275","7127419","GL873528","38418942","38419087","33","31291667"
"KQ053082v1","7144027","7144310","GL873520","16709587","16709864","72","9565560"
"KQ053082v1","7172042","7172330","GL873533","27652586","27652871","69","20480544"
"KQ053082v1","7220638","7220943","GL873571","4374924","4375218","64","2845714"
"KQ053082v1","7226167","7226452","GL873667","4119460","4119738","70","3106707"
"KQ053082v1","7233471","7233754","GL873546","16423062","16423344","76","9189591"
"KQ053082v1","7260343","7260620","GL873583","3295149","3295415","73","3965194"
"KQ053082v1","7262115","7262403","GL873531","25381659","25381942","89","18119544"
"KQ053082v1","7264796","7265108","GL873530","28263781","28264089","64","20998985"
"KQ053082v1","7271719","7271845","GL873570","10645932","10646052","21","3374213"
"KQ053082v1","7277367","7277652","GL873665","2891460","2891748","57","4385907"
"KQ053082v1","7294037","7294216","GL873526","34945259","34945438","49","27651222"
"KQ053082v1","7299371","7299590","GL873611","3364559","3364776","47","3934812"
"KQ053082v1","7304920","7305036","GL873557","1890228","1890345","22","5414692"
"KQ053082v1","7312262","7312393","GL873563","1960088","1960225","24","5352174"
"KQ053082v1","7362722","7362977","GL873557","6395178","6395429","50","967544"
"KQ053082v1","7366653","7366799","GL873530","5352139","5352284","43","2014514"
"KQ053082v1","7366829","7366901","GL873556","6313674","6313749","20","1053155"
"KQ053082v1","7378289","7378453","GL873730","122968","123133","37","7255321"
"KQ053082v1","7404849","7405160","GL873521","53121399","53121710","69","45716550"
"KQ053082v1","7414893","7415037","GL873527","11423704","11423843","38","4008811"
"KQ053082v1","7420490","7420777","GL873544","12852108","12852394","59","5431618"
"KQ053082v1","7421040","7421161","GL873628","1876330","1876452","23","5544710"
"KQ053082v1","7424051","7424340","GL873618","950010","950297","65","6474041"
"KQ053082v1","7425645","7425780","GL873606","5096231","5096360","29","2329414"
"KQ053082v1","7427021","7427208","GL873615","3349553","3349741","56","4077468"
"KQ053082v1","7432451","7432729","GL873608","5494236","5494513","71","1938215"
"KQ053082v1","7437496","7437778","GL873522","7457027","7457307","75","19531"
"KQ053082v1","7449972","7450281","GL873525","20169605","20169898","74","12719633"
"KQ053082v1","7464750","7465036","GL873525","20144742","20145030","67","12679992"
"KQ053082v1","7581038","7581323","GL873614","7845166","7845444","68","264128"
"KQ053082v1","7666136","7666313","GL873538","1707462","1707639","47","5958674"
"KQ053082v1","7677551","7677845","GL873526","4353131","4353412","63","3324420"
"KQ053082v1","7781591","7781880","GL873537","20108472","20108765","61","12326881"
"KQ053082v1","7821993","7822109","GL873539","7997784","7997900","19","175791"
"KQ053082v1","7872652","7872951","GL873527","16558692","16558981","59","8686040"
"KQ053082v1","7916859","7917164","GL873625","3330882","3331184","64","4585977"
"KQ053082v1","7960539","7960871","GL873615","5162108","5162422","70","2798431"
"KQ053082v1","8211013","8211132","GL873561","11383485","11383605","23","3172472"
"KQ053082v1","8264418","8264729","GL873533","25255552","25255858","66","16991134"
"KQ053082v1","8315078","8315181","GL873528","4514969","4515068","16","3800109"
"KQ053082v1","8317030","8317338","GL873557","10964192","10964504","78","2647162"
"KQ053082v1","8522924","8523228","GL873565","10241052","10241359","65","1718128"
"KQ053082v1","8596338","8596497","GL873663","1909548","1909698","33","6686790"
"KQ053082v1","8610147","8610440","GL873549","6971808","6972104","68","1638339"
"KQ053082v1","8697452","8697770","GL873540","9410260","9410586","85","712808"
"KQ053082v1","8703458","8703718","GL873581","9710251","9710505","71","1006793"
"KQ053082v1","8706977","8707097","GL873610","7116213","7116343","38","1590764"
"KQ053083v1","241560","241856","GL873800","736311","736599","63","494751"
"KQ053083v1","254377","254665","GL873544","12852108","12852394","58","12597731"
"KQ053083v1","266961","267269","GL873530","28263781","28264089","65","27996820"
"KQ053083v1","319927","320194","GL873521","8420231","8420499","72","8100304"
"KQ053083v1","397557","397762","GL873615","1989548","1989743","56","1591991"
"KQ053085v1","14006","14266","GL873585","1753321","1753582","67","1739315"
"KQ053085v1","39793","40117","GL873691","3399404","3399711","76","3359611"
"KQ053088v1","26654","26908","GL873520","8050197","8050448","76","8023543"
"KQ053089v1","64270","64572","GL873530","17375868","17376165","71","17311598"
"KQ053089v1","100557","100850","GL873530","17375868","17376165","56","17275311"
"KQ053089v1","105723","105992","GL873526","12865197","12865466","76","12759474"
"KQ053089v1","133900","134197","GL873532","21611611","21611905","63","21477711"
"KQ053089v1","377226","377474","GL873565","3048519","3048752","64","2671293"
"KQ053089v1","450663","450978","GL873610","4431407","4431713","90","3980744"
"KQ053089v1","633830","634130","GL873652","2170389","2170689","53","1536559"
"KQ053090v1","30397","30722","GL873624","4145937","4146255","91","4115540"
"KQ053090v1","60225","60531","GL873699","2684564","2684855","92","2624339"
"KQ053090v1","74569","74828","GL873574","4413115","4413367","63","4338546"
"KQ053090v1","76470","76768","GL873607","60628","60921","79","15842"
"KQ053090v1","80572","80842","GL873549","7423907","7424189","64","7343335"
"KQ053090v1","243417","243590","GL873740","668373","668539","44","424956"
"KQ053093v1","3276713","3276988","GL873585","253223","253496","63","3023490"
"KQ053093v1","8387","8720","GL873716","850687","851011","97","842300"
"KQ053093v1","8781","8960","GL873574","8947359","8947516","53","8938578"
"KQ053093v1","30563","30871","GL873520","26476309","26476612","69","26445746"
"KQ053093v1","126387","126678","GL873684","3834220","3834508","68","3707833"
"KQ053093v1","192322","192414","GL873540","23115216","23115308","16","22922894"
"KQ053093v1","393248","393473","GL873579","10953212","10953437","56","10559964"
"KQ053093v1","405504","405812","GL873672","3031881","3032180","77","2626377"
"KQ053093v1","449497","449763","GL873676","1323256","1323523","81","873759"
"KQ053093v1","490419","490694","GL873533","1920914","1921187","75","1430495"
"KQ053093v1","673448","673774","GL873567","11815265","11815599","79","11141817"
"KQ053093v1","703739","704028","GL873617","6135882","6136161","68","5432143"
"KQ053093v1","1088164","1088441","GL873540","4711812","4712090","60","3623648"
"KQ053093v1","1090154","1090465","GL873521","7675245","7675546","70","6585091"
"KQ053093v1","1107743","1108039","GL873524","42149014","42149308","54","41041271"
"KQ053093v1","1246148","1246447","GL873577","10149931","10150226","62","8903783"
"KQ053093v1","1271336","1271612","GL873593","3746229","3746508","61","2474893"
"KQ053093v1","1292194","1292481","GL873638","6356734","6357014","73","5064540"
"KQ053093v1","1354702","1354829","GL873571","5880255","5880380","20","4525553"
"KQ053093v1","1358066","1358396","GL873577","10149931","10150226","83","8791865"
"KQ053093v1","1368308","1368584","GL873599","3356840","3357124","68","1988532"
"KQ053093v1","1378731","1379039","GL873547","8917733","8918044","68","7539002"
"KQ053093v1","1444604","1444797","GL873521","40969915","40970113","43","39525311"
"KQ053093v1","1465190","1465470","GL873522","38254221","38254501","68","36789031"
"KQ053093v1","1465590","1465709","GL873679","188241","188357","26","1277349"
"KQ053093v1","1508535","1508635","GL873678","4018914","4019012","19","2510379"
"KQ053093v1","1520622","1520908","GL873544","14048568","14048856","68","12527946"
"KQ053093v1","1528605","1528877","GL873537","384003","384261","85","1144602"
"KQ053093v1","1535171","1535437","GL873538","12893028","12893304","74","11357857"
"KQ053093v1","1536373","1536643","GL873628","1375418","1375692","67","160955"
"KQ053093v1","1584422","1584690","GL873541","2827798","2828059","68","1243376"
"KQ053093v1","1588126","1588232","GL873528","4514969","4515068","25","2926843"
"KQ053093v1","1646669","1646971","GL873671","1289718","1290012","59","356951"
"KQ053093v1","1668508","1668727","GL873629","3633946","3634164","35","1965438"
"KQ053093v1","1700614","1700898","GL873539","2476921","2477203","65","776307"
"KQ053093v1","1735462","1735724","GL873530","35540922","35541175","59","33805460"
"KQ053093v1","1833605","1833906","GL873646","5530496","5530792","69","3696891"
"KQ053093v1","1852858","1853156","GL873562","667494","667788","76","1185364"
"KQ053093v1","1868806","1869109","GL873540","11122200","11122500","71","9253394"
"KQ053093v1","1884476","1884589","GL873653","8766","8880","29","1875710"
"KQ053093v1","1899296","1899502","GL873625","5640863","5641072","53","3741567"
"KQ053093v1","1904283","1904578","GL873534","19760937","19761220","89","17856654"
"KQ053093v1","1947066","1947365","GL873586","6983272","6983569","70","5036206"
"KQ053093v1","1977029","1977324","GL873534","19760937","19761220","88","17783908"
"KQ053093v1","1982096","1982298","GL873526","8303932","8304134","57","6321836"
"KQ053093v1","2007229","2007305","GL873588","6120501","6120569","14","4113272"
"KQ053093v1","2036582","2036709","GL873533","30313670","30313790","30","28277088"
"KQ053093v1","2050624","2050824","GL873575","7419637","7419836","56","5369013"
"KQ053093v1","2051606","2051686","GL873524","3341088","3341170","21","1289482"
"KQ053093v1","2055347","2055458","GL873527","33368692","33368803","27","31313345"
"KQ053093v1","2060800","2060891","GL873521","6265804","6265895","18","4205004"
"KQ053093v1","2061303","2061511","GL873522","21258404","21258617","55","19197101"
"KQ053093v1","2085886","2086000","GL873690","1057300","1057413","40","1028586"
"KQ053093v1","2086525","2086638","GL873522","13919759","13919868","27","11833234"
"KQ053093v1","2104950","2105063","GL873530","27464314","27464429","27","25359364"
"KQ053093v1","2121586","2121667","GL873625","2144464","2144544","23","22878"
"KQ053093v1","2122196","2122308","GL873599","275933","276044","27","1846263"
"KQ053093v1","2130906","2131111","GL873524","19065990","19066189","57","16935084"
"KQ053093v1","2136276","2136579","GL873520","16709587","16709864","74","14573311"
"KQ053093v1","2142131","2142264","GL873678","204821","204953","24","1937310"
"KQ053093v1","2146800","2147080","GL873530","36065055","36065338","62","33918255"
"KQ053093v1","2198114","2198307","GL873522","8670954","8671158","57","6472840"
"KQ053093v1","2251147","2251266","GL873527","13593002","13593120","25","11341855"
"KQ053093v1","2251285","2251553","AAQR03194897","257","516","64","2251028"
"KQ053093v1","2253681","2253958","GL873620","3551367","3551651","58","1297686"
"KQ053093v1","2266867","2267178","GL873540","17825259","17825574","83","15558392"
"KQ053093v1","2269404","2269680","GL873738","1635488","1635766","64","633916"
"KQ053093v1","2289668","2289850","GL873536","13158560","13158734","49","10868892"
"KQ053093v1","2290478","2290498","GL873558","9911706","9911723","3","7621228"
"KQ053093v1","2292587","2292769","GL873532","27504202","27504387","45","25211615"
"KQ053093v1","2293433","2293605","GL873536","13158560","13158734","42","10865127"
"KQ053093v1","2295288","2295562","GL873574","3137763","3138042","77","842475"
"KQ053093v1","2295663","2295913","GL873522","36470419","36470671","62","34174756"
"KQ053093v1","2319502","2319683","GL873520","1429502","1429686","45","890000"
"KQ053093v1","2334408","2334489","GL873520","30869174","30869257","16","28534766"
"KQ053093v1","2349940","2350172","GL873531","4298410","4298635","60","1948470"
"KQ053093v1","2359341","2359473","GL873664","4101136","4101269","22","1741795"
"KQ053093v1","2365279","2365402","GL873544","15940749","15940872","20","13575470"
"KQ053093v1","2372704","2372968","GL873598","1550333","1550603","76","822371"
"KQ053093v1","2374738","2375016","GL873566","13013070","13013346","65","10638332"
"KQ053093v1","2406770","2406858","GL873533","13936820","13936910","20","11530050"
"KQ053093v1","2407294","2407497","GL873522","21258404","21258617","54","18851110"
"KQ053093v1","2419972","2420048","GL873588","6120501","6120569","14","3700529"
"KQ053093v1","2425926","2426040","GL873609","3337260","3337375","30","911334"
"KQ053093v1","2458774","2458895","GL873533","30313670","30313790","31","27854896"
"KQ053093v1","2476260","2476462","GL873557","5125101","5125304","54","2648841"
"KQ053093v1","2482028","2482220","GL873612","1890574","1890750","50","591454"
"KQ053093v1","2483673","2483878","GL873557","5125101","5125304","55","2641428"
"KQ053093v1","2501839","2502121","GL873659","3462845","3463127","55","961006"
"KQ053093v1","2516387","2516678","GL873593","3958983","3959265","67","1442596"
"KQ053093v1","2532198","2532496","GL873635","3120419","3120703","69","588221"
"KQ053093v1","2535405","2535689","GL873596","6612172","6612448","58","4076767"
"KQ053093v1","2544645","2544931","GL873566","1055405","1055702","74","1489240"
"KQ053093v1","2569159","2569465","GL873577","10149931","10150226","61","7580772"
"KQ053093v1","2579593","2579726","GL873540","7290267","7290400","24","4710674"
"KQ053093v1","2581827","2581958","GL873626","3018938","3019072","39","437111"
"KQ053093v1","2582288","2582436","GL873523","26063564","26063709","36","23481276"
"KQ053093v1","2629599","2629909","GL873537","23325667","23325965","68","20696068"
"KQ053093v1","2677718","2678009","GL873538","3757160","3757448","62","1079442"
"KQ053093v1","2736766","2737046","GL873534","15140925","15141195","55","12404159"
"KQ053093v1","2892175","2892487","GL873537","20806240","20806550","60","17914065"
"KQ053093v1","2894251","2894532","GL873539","15781624","15781906","47","12887373"
"KQ053093v1","2899349","2899662","GL873531","19369345","19369649","63","16469996"
"KQ053093v1","2900295","2900662","GL873577","7611226","7611549","113","4710931"
"KQ053093v1","2958924","2959202","GL873576","5410987","5411265","76","2452063"
"KQ053093v1","2969903","2970034","GL873536","10601654","10601780","22","7631751"
"KQ053093v1","2977555","2977694","GL873629","2564400","2564538","32","413155"
"KQ053093v1","2989442","2989701","GL873533","17727586","17727807","89","14738144"
"KQ053093v1","3035120","3035399","GL873546","16423062","16423344","62","13387942"
"KQ053093v1","3048205","3048493","GL873750","1418881","1419168","56","1629324"
"KQ053093v1","3058308","3058618","GL873720","1268124","1268434","57","1790184"
"KQ053093v1","3070215","3070451","GL873544","21041474","21041704","42","17971259"
"KQ053093v1","3139583","3139843","GL873533","23633726","23633993","81","20494143"
"KQ053093v1","3157327","3157620","GL873546","18307234","18307526","70","15149907"
"KQ053093v1","3291199","3291487","GL873528","5032075","5032370","63","1740876"
"KQ053093v1","3296166","3296355","GL873742","616637","616810","51","2679529"
"KQ053093v1","3296384","3296502","GL873531","5068193","5068311","21","1771809"
"KQ053093v1","3296605","3296870","GL873522","26431469","26431747","59","23134864"
"KQ053093v1","3298312","3298630","GL873521","4537344","4537658","72","1239032"
"KQ053093v1","3334846","3335135","GL873586","8120080","8120363","70","4785234"
"KQ053093v1","3395743","3395998","GL873525","13736761","13737023","51","10341018"
"KQ053093v1","3402217","3402514","GL873629","2136798","2137100","55","1265419"
"KQ053093v1","3487637","3487926","GL873586","8120080","8120363","63","4632443"
"KQ053093v1","3499249","3499427","GL873533","28250206","28250364","58","24750957"
"KQ053093v1","3527466","3527739","GL873645","1936937","1937204","58","1590529"
"KQ053093v1","3541594","3541882","GL873608","1769381","1769651","71","1772213"
"KQ053093v1","3551163","3551482","GL873540","9410260","9410586","79","5859097"
"KQ053093v1","3552127","3552425","GL873523","28431022","28431322","71","24878895"
"KQ053093v1","3579628","3579792","GL873560","11002583","11002741","54","7422955"
"KQ053093v1","3584234","3584545","GL873574","2979143","2979454","68","605091"
"KQ053093v1","3657648","3657926","GL873706","1281024","1281293","76","2376624"
"KQ053093v1","3684897","3685105","GL873537","13745214","13745418","42","10060317"
"KQ053093v1","3696858","3697165","GL873544","14356089","14356383","64","10659231"
"KQ053093v1","3706171","3706444","GL873677","1519113","1519383","86","2187058"
"KQ053093v1","3707603","3707911","GL873521","13388330","13388624","70","9680727"
"KQ053094v1","51039","51119","GL873544","16958587","16958668","18","16907548"
"KQ053094v1","66901","67209","GL873615","5162108","5162422","72","5095207"
"KQ053094v1","152048","152325","GL873618","4797569","4797854","62","4645521"
"KQ053095v1","8340","8458","GL873532","29673048","29673162","31","29664708"
"KQ053095v1","27192","27485","GL873657","3029272","3029566","69","3002080"
"KQ053095v1","29336","29621","GL873534","15140925","15141195","51","15111589"
"KQ053095v1","42568","42827","GL873536","13622290","13622562","58","13579722"
"KQ053095v1","45525","45803","GL873679","4025977","4026252","75","3980452"
"KQ053095v1","55097","55352","GL873522","36470419","36470671","59","36415322"
"KQ053095v1","58054","58346","GL873527","11533238","11533536","75","11475184"
"KQ053095v1","89400","89700","GL873522","10042566","10042867","65","9953166"
"KQ053095v1","171655","171781","GL873591","5814379","5814504","21","5642724"
"KQ053096v1","619976","620280","GL873571","4374924","4375218","70","3754948"
"KQ053096v1","640824","641135","GL873720","1268124","1268434","65","627300"
"KQ053097v1","133964","134271","GL873538","12219285","12219590","75","12085321"
"KQ053097v1","148576","148847","GL873621","5711103","5711374","77","5562527"
"KQ053097v1","172662","172958","GL873553","7968267","7968561","74","7795605"
"KQ053098v1","164034","164337","GL873729","432103","432405","60","268069"
"KQ053100v1","55290","55405","GL873602","56753","56851","32","1463"
"KQ053100v1","84196","84472","GL873602","6854277","6854560","79","6770081"
"KQ053100v1","91737","92026","GL873645","5815046","5815338","77","5723309"
"KQ053100v1","115712","115966","GL873521","18779455","18779729","79","18663743"
"KQ053100v1","132873","133148","GL873520","16709587","16709864","81","16576714"
"KQ053100v1","144214","144492","GL873520","16709587","16709864","79","16565373"
"KQ053101v1","20478","20738","GL873543","19566562","19566836","77","19546084"
"KQ053102v1","11189","11490","GL873530","17375868","17376165","62","17364679"
"KQ053102v1","54281","54403","GL873561","11383485","11383605","21","11329204"
"KQ053102v1","65463","65766","GL873532","16063689","16063996","61","15998226"
"KQ053102v1","107000","107241","GL873527","10603696","10603933","59","10496696"
"KQ053102v1","184295","184601","GL873596","1814683","1814984","61","1630388"
"KQ053102v1","202824","203136","GL873591","6395821","6396131","70","6192997"
"KQ053102v1","205639","205945","GL873545","11297458","11297757","69","11091819"
"KQ053102v1","308364","308649","GL873542","9313163","9313452","69","9004799"
"KQ053102v1","328603","328889","GL873584","10964552","10964836","67","10635949"
"KQ053102v1","360817","361101","GL873620","5306412","5306695","83","4945595"
"KQ053102v1","433017","433309","GL873593","480828","481113","76","47811"
"KQ053102v1","456151","456449","GL873624","3224015","3224315","63","2767864"
"KQ053102v1","496219","496510","GL873524","42149014","42149308","53","41652795"
"KQ053102v1","506658","506928","GL873640","4181935","4182205","63","3675277"
"KQ053102v1","554156","554433","GL873521","49352837","49353112","65","48798681"
"KQ053102v1","561462","561725","GL873563","7829489","7829739","69","7268027"
"KQ053102v1","586689","586935","GL873536","11039988","11040262","67","10453299"
"KQ053102v1","596033","596313","GL873628","1375418","1375692","57","779385"
"KQ053102v1","666565","666828","GL873723","268428","268703","75","398137"
"KQ053102v1","678344","678635","GL873575","2687372","2687665","67","2009028"
"KQ053102v1","711145","711417","GL873752","219309","219580","67","491836"
"KQ053102v1","726832","727122","GL873532","28085187","28085462","73","27358355"
"KQ053102v1","735673","735794","GL873768","1061203","1061325","34","325530"
"KQ053102v1","739179","739467","GL873535","30215666","30215959","61","29476487"
"KQ053102v1","793858","794148","GL873632","5787814","5788105","50","4993956"
"KQ053102v1","817433","817720","GL873552","12138493","12138784","54","11321060"
"KQ053102v1","823874","824163","GL873539","1769888","1770171","73","946014"
"KQ053102v1","827792","828106","GL873565","10241052","10241359","68","9413260"
"KQ053102v1","842134","842328","GL873554","16344820","16345011","48","15502686"
"KQ053102v1","850434","850737","GL873537","20108472","20108765","66","19258038"
"KQ053104v1","5673","5978","GL873543","5406105","5406406","64","5400432"
"KQ053104v1","15765","16089","GL873647","2592882","2593202","73","2577117"
"KQ053104v1","33595","33930","GL873530","25479833","25480146","87","25446238"
"KQ053104v1","129657","129893","GL873539","19728562","19728803","51","19598905"
"KQ053104v1","157549","157835","GL873684","3834220","3834508","59","3676671"
"KQ053104v1","282319","282596","GL873524","23740016","23740307","73","23457697"
"KQ053104v1","318083","318160","GL873551","10581304","10581384","19","10263221"
"KQ053104v1","371690","371990","GL873534","8473148","8473443","58","8101458"
"KQ053104v1","465622","465912","GL873527","16558692","16558981","49","16093070"
"KQ053104v1","599491","599814","GL873521","49874189","49874492","74","49274698"
"KQ053104v1","750295","750623","GL873523","32494078","32494381","86","31743783"
"KQ053104v1","795567","795844","GL873531","29723463","29723734","66","28927896"
"KQ053104v1","809432","809714","GL873541","2827798","2828059","83","2018366"
"KQ053104v1","872966","873248","GL873535","13983140","13983420","57","13110174"
"KQ053104v1","914709","914832","GL873664","1347718","1347839","27","433009"
"KQ053104v1","914862","915028","GL873547","11297925","11298087","34","10383063"
"KQ053104v1","1008950","1009248","GL873546","859614","859905","62","149336"
"KQ053104v1","1051391","1051687","GL873522","4222168","4222461","65","3170777"
"KQ053104v1","1123458","1123744","GL873537","23325667","23325965","71","22202209"
"KQ053104v1","1176929","1177150","GL873526","40957560","40957777","55","39780631"
"KQ053104v1","1287691","1287794","GL873653","3172045","3172138","26","1884354"
"KQ053104v1","1379691","1379963","GL873523","1443417","1443681","71","63726"
"KQ053104v1","1548613","1548731","GL873591","8929862","8929981","20","7381249"
"KQ053104v1","1553858","1554059","GL873533","12706488","12706681","55","11152630"
"KQ053104v1","1713273","1713455","GL873612","1890574","1890750","45","177301"
"KQ053104v1","1831513","1831709","GL873538","20322999","20323196","50","18491486"
"KQ053104v1","1878720","1879034","GL873610","4431407","4431713","64","2552687"
"KQ053104v1","1952259","1952561","GL873673","4218625","4218921","75","2266366"
"KQ053104v1","2130001","2130287","GL873573","45612","45900","72","2084389"
"KQ053104v1","2140756","2141057","GL873540","19013371","19013667","69","16872615"
"KQ053104v1","2152909","2153235","GL873628","5570361","5570675","77","3417452"
"KQ053104v1","2182722","2183028","GL873615","5162108","5162422","67","2979386"
"KQ053104v1","2248219","2248465","GL873701","950220","950459","61","1297999"
"KQ053104v1","2254108","2254344","GL873600","5897190","5897433","65","3643082"
"KQ053104v1","2254381","2254516","GL873566","3354590","3354727","37","1100209"
"KQ053104v1","2314018","2314300","GL873628","1375418","1375692","69","938600"
"KQ053104v1","2318859","2319167","GL873525","27816917","27817223","72","25498058"
"KQ053104v1","2348607","2348869","GL873635","5433791","5434041","64","3085184"
"KQ053104v1","2355475","2355658","GL873584","1077463","1077652","59","1278012"
"KQ053104v1","2369205","2369504","GL873529","17654556","17654858","72","15285351"
"KQ053104v1","2459818","2460104","GL873548","16911479","16911770","72","14451661"
"KQ053104v1","2463914","2464030","GL873537","18687435","18687554","21","16223521"
"KQ053104v1","2464119","2464289","GL873740","668373","668539","32","1795746"
"KQ053104v1","2507145","2507435","GL873537","23325667","23325965","61","20818522"
"KQ053104v1","2706724","2707023","GL873821","333367","333678","74","2373357"
"KQ053104v1","3009625","3009921","GL873570","9393261","9393537","68","6383636"
"KQ053104v1","3077309","3077624","GL873615","5162108","5162422","78","2084799"
"KQ053104v1","3161126","3161426","GL873531","27860265","27860563","55","24699139"
"KQ053104v1","3215552","3215832","GL873536","13622290","13622562","80","10406738"
"KQ053104v1","3296242","3296537","GL873671","3124715","3124996","83","171527"
"KQ053104v1","3388212","3388477","GL873557","13758580","13758847","61","10370368"
"KQ053104v1","3417159","3417436","GL873521","5212141","5212413","58","1794982"
"KQ053104v1","3473951","3474183","GL873611","4994670","4994910","52","1520719"
"KQ053104v1","3478166","3478486","GL873556","451239","451541","78","3026927"
"KQ053104v1","3525231","3525455","GL873532","4184844","4185061","57","659613"
"KQ053104v1","3584596","3584888","GL873566","9008836","9009136","74","5424240"
"KQ053104v1","3605678","3605970","GL873537","20108472","20108765","56","16502794"
"KQ053104v1","3634289","3634421","GL873834","415652","415774","27","3218637"
"KQ053104v1","3844356","3844620","GL873520","43051541","43051798","70","39207185"
"KQ053104v1","3953238","3953538","GL873701","662266","662551","93","3290972"
"KQ053104v1","3999157","3999443","GL873529","28724389","28724653","67","24725232"
"KQ053104v1","4017980","4018207","GL873624","2883081","2883295","58","1134899"
"KQ053104v1","4062162","4062283","GL873628","1876330","1876452","22","2185832"
"KQ053104v1","4065394","4065698","GL873534","9420397","9420691","66","5355003"
"KQ053104v1","4159956","4160245","GL873570","9348366","9348640","83","5188410"
"KQ053104v1","4251737","4252020","GL873577","10149931","10150226","69","5898194"
"KQ053104v1","4304228","4304529","GL873618","1121386","1121685","66","3182842"
"KQ053104v1","4326379","4326608","GL873594","9428411","9428631","61","5102032"
"KQ053104v1","4331806","4332140","GL873539","19122749","19123073","93","14790943"
"KQ053104v1","4368101","4368387","GL873535","12038298","12038580","63","7670197"
"KQ053104v1","4490248","4490327","GL873521","41020415","41020494","12","36530167"
"KQ053104v1","4494895","4495159","GL873595","3672621","3672875","74","822274"
"KQ053104v1","4512067","4512343","GL873595","3672621","3672875","70","839446"
"KQ053104v1","4557794","4558091","GL873527","5721671","5721968","58","1163877"
"KQ053104v1","4581243","4581537","GL873539","18506813","18507102","64","13925570"
"KQ053104v1","4600940","4601226","GL873522","40388442","40388729","66","35787502"
"KQ053104v1","4618128","4618381","GL873557","12816193","12816445","57","8198065"
"KQ053104v1","4717977","4718148","GL873570","2885019","2885181","40","1832958"
"KQ053104v1","4722180","4722458","GL873521","33844036","33844322","61","29121856"
"KQ053104v1","4728312","4728650","GL873720","1268124","1268434","78","3460188"
"KQ053106v1","164120","164245","GL873543","6689386","6689508","29","6525266"
"KQ053106v1","306171","306489","GL873720","1268124","1268434","82","961953"
"KQ053106v1","400569","400886","GL873531","19369345","19369649","75","18968776"
"KQ053106v1","494780","495023","GL873714","2722717","2722953","54","2227937"
"KQ053106v1","504278","504586","GL873544","19347362","19347661","70","18843084"
"KQ053107v1","6649","6841","GL873531","29211214","29211412","56","29204565"
"KQ053107v1","12696","12897","GL873531","29211214","29211412","65","29198518"
"KQ053107v1","28703","28986","GL873652","2812602","2812879","88","2783899"
"KQ053107v1","40370","40448","GL873533","10524080","10524153","26","10483710"
"KQ053107v1","48394","48689","GL873562","5077584","5077879","79","5029190"
"KQ053108v1","14207","14338","GL873606","6062519","6062650","24","6048312"
"KQ053108v1","28275","28373","GL873649","4918614","4918710","15","4890339"
"KQ053108v1","48340","48556","GL873526","10173256","10173455","56","10124916"
"KQ053108v1","62544","62854","GL873584","9965935","9966225","82","9903391"
"KQ053108v1","84384","84679","GL873523","28439312","28439608","69","28354928"
"KQ053108v1","89560","89849","GL873664","3998145","3998433","61","3908585"
"KQ053108v1","114305","114591","GL873584","10964552","10964836","78","10850247"
"KQ053108v1","120941","121057","GL873700","342340","342456","18","221399"
"KQ053108v1","133568","133870","GL873557","7267236","7267535","63","7133668"
"KQ053108v1","244139","244434","GL873550","7755620","7755922","68","7511481"
"KQ053108v1","250625","250917","GL873551","3320450","3320731","63","3069825"
"KQ053108v1","474636","474931","GL873615","5670322","5670614","69","5195686"
"KQ053108v1","494618","494882","GL873539","24893769","24894043","65","24399151"
"KQ053108v1","526697","526997","GL873523","5398253","5398525","85","4871556"
"KQ053109v1","79298","79610","GL873754","1754489","1754787","73","1675191"
"KQ053109v1","161181","161286","GL873668","475595","475705","22","314414"
"KQ053109v1","222166","222276","GL873526","9710377","9710495","25","9488211"
"KQ053110v1","4924","5053","GL873538","27182461","27182588","35","27177537"
"KQ053111v1","68662","68789","GL873737","418784","418905","33","350122"
"KQ053111v1","181586","181818","GL873631","1870107","1870340","67","1688521"
"KQ053111v1","284330","284628","GL873547","11458791","11459084","72","11174461"
"KQ053111v1","309182","309496","GL873537","23325667","23325965","74","23016485"
"KQ053111v1","312994","313305","GL873537","23325667","23325965","73","23012673"
"KQ053111v1","331339","331466","GL873631","3209905","3210035","26","2878566"
"KQ053112v1","28133","28417","GL873561","727749","728042","63","699616"
"KQ053112v1","29883","30179","GL873561","13826809","13827093","67","13796926"
"KQ053112v1","92707","93002","GL873530","20101565","20101856","66","20008858"
"KQ053112v1","125994","126288","GL873737","1691288","1691582","74","1565294"
"KQ053112v1","142138","142313","GL873534","14551683","14551840","52","14409545"
"KQ053112v1","237254","237569","GL873577","10149931","10150226","71","9912677"
"KQ053112v1","252365","252658","GL873531","27860265","27860563","62","27607900"
"KQ053112v1","361905","362186","GL873537","12959422","12959706","55","12597517"
"KQ053112v1","391676","391931","GL873569","2122462","2122714","62","1730786"
"KQ053114v1","163506","163789","GL873551","872096","872374","68","708590"
"KQ053114v1","265078","265330","GL873526","886530","886768","62","621452"
"KQ053114v1","318007","318313","GL873577","10149931","10150226","67","9831924"
"KQ053114v1","403018","403285","GL873646","4037377","4037644","72","3634359"
"KQ053114v1","477746","478044","GL873632","3524037","3524325","65","3046291"
"KQ053114v1","499663","499966","GL873530","20332957","20333259","58","19833294"
"KQ053114v1","500396","500682","GL873540","24563702","24564003","75","24063306"
"KQ053114v1","508322","508596","GL873534","15140925","15141195","62","14632603"
"KQ053114v1","510446","510738","GL873528","4452981","4453269","66","3942535"
"KQ053114v1","521553","521850","GL873558","11891524","11891812","67","11369971"
"KQ053114v1","539593","539893","GL873527","16320073","16320376","66","15780480"
"KQ053114v1","570443","570725","GL873566","11130254","11130540","57","10559811"
"KQ053115v1","786229","786521","GL873557","6889755","6890039","66","6103526"
"KQ053115v1","9734","10040","GL873550","8459598","8459880","66","8449864"
"KQ053115v1","255796","255978","GL873537","5923378","5923565","45","5667582"
"KQ053115v1","269415","269709","GL873522","4222168","4222461","54","3952753"
"KQ053115v1","287948","288250","GL873531","19369345","19369649","66","19081397"
"KQ053115v1","372272","372539","GL873586","6311175","6311430","63","5938903"
"KQ053115v1","374643","374893","GL873553","8989980","8990229","60","8615337"
"KQ053115v1","388973","389179","GL873625","5640863","5641072","51","5251890"
"KQ053115v1","389827","390100","GL873538","2102031","2102304","72","1712204"
"KQ053115v1","395754","396026","GL873615","6211463","6211733","58","5815709"
"KQ053115v1","396190","396475","GL873520","47857319","47857608","61","47461129"
"KQ053115v1","400802","401117","GL873574","2979143","2979454","78","2578341"
"KQ053115v1","419519","419714","GL873531","29211214","29211412","53","28791695"
"KQ053115v1","422963","423196","GL873560","13054128","13054362","54","12631165"
"KQ053115v1","428055","428342","GL873532","17044604","17044891","58","16616549"
"KQ053115v1","428406","428524","GL873526","20392718","20392833","21","19964312"
"KQ053115v1","433448","433758","GL873545","20390330","20390642","67","19956882"
"KQ053115v1","442863","443057","GL873526","3895419","3895608","51","3452556"
"KQ053115v1","448513","448795","GL873654","4374861","4375133","79","3926348"
"KQ053115v1","486935","487057","GL873537","18649253","18649377","21","18162318"
"KQ053115v1","488905","489162","GL873530","4864062","4864329","66","4375157"
"KQ053115v1","516839","517134","GL873537","21410001","21410301","70","20893162"
"KQ053115v1","527983","528256","GL873544","14048568","14048856","77","13520585"
"KQ053115v1","530638","530841","GL873540","17231565","17231783","52","16700927"
"KQ053115v1","539179","539311","GL873526","19052060","19052182","29","18512881"
"KQ053115v1","548768","549069","GL873530","17375868","17376165","65","16827100"
"KQ053115v1","549743","550048","GL873563","5489805","5490109","68","4940062"
"KQ053115v1","558701","558997","GL873527","13227316","13227607","66","12668615"
"KQ053115v1","561477","561781","GL873523","28431022","28431322","69","27869545"
"KQ053115v1","572574","572715","GL873525","40620289","40620434","34","40047715"
"KQ053115v1","573279","573590","GL873547","8917733","8918044","65","8344454"
"KQ053115v1","583400","583680","GL873520","69300675","69300955","74","68717275"
"KQ053115v1","586144","586441","GL873527","13227316","13227607","71","12641172"
"KQ053115v1","588475","588789","GL873545","20390330","20390642","65","19801855"
"KQ053115v1","589341","589481","GL873525","40620289","40620434","32","40030948"
"KQ053115v1","594081","594382","GL873620","6199111","6199413","65","5605030"
"KQ053115v1","611585","611846","GL873608","7376661","7376921","74","6765076"
"KQ053115v1","613921","614067","GL873533","28250206","28250364","48","27636285"
"KQ053115v1","615179","615473","GL873621","545875","546169","72","69304"
"KQ053115v1","631705","631970","GL873566","13013070","13013346","75","12381365"
"KQ053115v1","641861","642149","GL873538","16852862","16853138","67","16211001"
"KQ053115v1","674545","674824","GL873634","2627489","2627772","54","1952944"
"KQ053115v1","725740","726025","GL873591","1508585","1508871","64","782845"
"KQ053115v1","735823","736107","GL873529","35963369","35963647","58","35227546"
"KQ053115v1","739221","739458","GL873619","4332045","4332277","56","3592824"
"KQ053115v1","747714","747898","GL873737","1983119","1983300","61","1235405"
"KQ053115v1","756153","756401","GL873545","3933988","3934236","49","3177835"
"KQ053115v1","759472","759768","GL873643","3346796","3347084","72","2587324"
"KQ053115v1","789077","789360","GL873535","18200460","18200751","72","17411383"
"KQ053115v1","794862","795150","GL873612","1562587","1562872","62","767725"
"KQ053115v1","828664","828977","GL873562","12274934","12275232","101","11446270"
"KQ053115v1","839693","839980","GL873530","16695374","16695671","71","15855681"
"KQ053115v1","841033","841172","GL873536","9692718","9692867","48","8851685"
"KQ053115v1","848845","849124","GL873530","16695374","16695671","73","15846529"
"KQ053115v1","858355","858619","GL873565","10670119","10670377","66","9811764"
"KQ053115v1","862788","863001","GL873578","7455255","7455470","64","6592467"
"KQ053115v1","866080","866272","GL873593","2594539","2594732","40","1728459"
"KQ053115v1","870302","870593","GL873587","2094301","2094590","59","1223999"
"KQ053115v1","880887","880990","GL873697","3397234","3397337","20","2516347"
"KQ053115v1","882566","882849","GL873526","25847611","25847912","75","24965045"
"KQ053115v1","885200","885441","GL873587","5135257","5135515","69","4250057"
"KQ053115v1","899484","899748","GL873747","312965","313231","67","586519"
"KQ053115v1","917229","917462","GL873540","17231565","17231783","63","16314336"
"KQ053115v1","925719","925943","GL873538","17630112","17630323","63","16704393"
"KQ053115v1","937114","937383","GL873554","5085065","5085333","70","4147951"
"KQ053115v1","940692","940909","GL873542","17434728","17434936","56","16494036"
"KQ053115v1","943553","943803","GL873632","2531304","2531561","57","1587751"
"KQ053115v1","973972","974236","GL873546","17930521","17930786","70","16956549"
"KQ053115v1","981645","981901","GL873618","4265937","4266204","67","3284292"
"KQ053115v1","1021016","1021292","GL873521","12793191","12793478","78","11772175"
"KQ053115v1","1029747","1030041","GL873685","3807796","3808062","79","2778049"
"KQ053115v1","1031104","1031419","GL873738","1635488","1635766","86","604384"
"KQ053115v1","1035939","1036234","GL873674","1547295","1547583","72","511356"
"KQ053115v1","1058177","1058380","GL873615","1939870","1940077","54","881693"
"KQ053115v1","1063372","1063658","GL873525","27816917","27817223","80","26753545"
"KQ053115v1","1068578","1068691","GL873580","3265576","3265689","22","2196998"
"KQ053115v1","1071453","1071744","GL873525","27816917","27817223","76","26745464"
"KQ053115v1","1081411","1081689","GL873523","7327314","7327595","64","6245903"
"KQ053115v1","1086378","1086698","GL873720","1268124","1268434","74","181746"
"KQ053115v1","1102770","1102948","GL873539","239650","239821","44","863120"
"KQ053115v1","1124652","1124918","GL873749","1611564","1611840","75","486912"
"KQ053115v1","1128906","1129189","GL873596","8979189","8979479","69","7850283"
"KQ053115v1","1133046","1133351","GL873724","2082729","2083029","63","949683"
"KQ053115v1","1159931","1160219","GL873521","6835945","6836242","64","5676014"
"KQ053115v1","1170598","1170856","GL873545","3933988","3934236","53","2763390"
"KQ053115v1","1190141","1190421","GL873533","23793613","23793905","62","22603472"
"KQ053115v1","1222541","1222718","GL873531","2636452","2636619","45","1413911"
"KQ053115v1","1224610","1224908","GL873608","5261767","5262063","59","4037157"
"KQ053115v1","1229532","1229826","GL873646","5530496","5530792","53","4300964"
"KQ053115v1","1233043","1233345","GL873526","4353131","4353412","58","3120088"
"KQ053115v1","1239825","1240111","GL873528","4452981","4453269","72","3213156"
"KQ053115v1","1243810","1244081","GL873551","12461548","12461829","56","11217738"
"KQ053115v1","1244136","1244392","GL873522","35766139","35766394","67","34522003"
"KQ053115v1","1259943","1260221","GL873527","25069682","25069963","72","23809739"
"KQ053115v1","1262627","1262858","GL873521","49362158","49362369","51","48099531"
"KQ053115v1","1266646","1266922","GL873531","25381659","25381942","76","24115013"
"KQ053115v1","1275440","1275722","GL873528","9281384","9281642","82","8005944"
"KQ053115v1","1287821","1288119","GL873568","5537783","5538076","62","4249962"
"KQ053115v1","1298961","1299249","GL873546","18307234","18307526","69","17008273"
"KQ053115v1","1303803","1304124","GL873615","5162108","5162422","69","3858305"
"KQ053115v1","1308228","1308496","GL873530","27114472","27114746","67","25806244"
"KQ053115v1","1308651","1308976","GL873557","14359480","14359791","81","13050829"
"KQ053115v1","1314141","1314432","GL873543","2139452","2139746","65","825311"
"KQ053115v1","1321466","1321752","GL873534","21271197","21271474","70","19949731"
"KQ053115v1","1337686","1337978","GL873524","17976448","17976743","72","16638762"
"KQ053115v1","1341259","1341543","GL873582","5433923","5434214","71","4092664"
"KQ053115v1","1342017","1342300","GL873537","20108472","20108765","70","18766455"
"KQ053115v1","1370535","1370843","GL873609","7137543","7137854","68","5767008"
"KQ053115v1","1373474","1373746","GL873530","1615736","1615993","85","242262"
"KQ053115v1","1375803","1376084","GL873574","6877405","6877685","56","5501602"
"KQ053115v1","1385780","1386073","GL873624","3811009","3811297","72","2425229"
"KQ053115v1","1395995","1396289","GL873548","1041503","1041791","75","354492"
"KQ053115v1","1398538","1398829","GL873528","5032075","5032370","68","3633537"
"KQ053115v1","1433771","1434053","GL873741","885763","886051","67","548008"
"KQ053115v1","1454985","1455276","GL873549","4385445","4385738","66","2930460"
"KQ053115v1","1466685","1466982","GL873531","29056008","29056304","59","27589323"
"KQ053115v1","1469673","1469955","GL873520","38124828","38125119","61","36655155"
"KQ053115v1","1480043","1480321","GL873520","38124828","38125119","66","36644785"
"KQ053115v1","1484254","1484425","GL873539","18965545","18965701","45","17481291"
"KQ053115v1","1485102","1485391","GL873591","6350046","6350337","73","4864944"
"KQ053115v1","1504533","1504822","GL873591","6350046","6350337","64","4845513"
"KQ053115v1","1526047","1526339","GL873529","34692848","34693133","69","33166801"
"KQ053115v1","1540940","1541162","GL873520","30325762","30325984","59","28784822"
"KQ053115v1","1565418","1565588","GL873548","15437490","15437650","40","13872072"
"KQ053115v1","1583575","1583891","GL873615","5162108","5162422","76","3578533"
"KQ053115v1","1723157","1723479","GL873577","7611226","7611549","87","5888069"
"KQ053115v1","1723900","1724191","GL873546","859614","859905","58","864286"
"KQ053115v1","1759379","1759676","GL873659","1882636","1882937","69","123257"
"KQ053115v1","1798202","1798494","GL873545","1717278","1717555","64","80924"
"KQ053115v1","1829789","1830094","GL873579","9802541","9802838","55","7972752"
"KQ053115v1","1883645","1883756","GL873633","6105258","6105370","23","4221613"
"KQ053115v1","1925935","1926259","GL873615","5162108","5162422","76","3236173"
"KQ053115v1","1971932","1972235","GL873530","23555027","23555331","59","21583095"
"KQ053115v1","2029997","2030197","GL873523","43156740","43156935","55","41126743"
"KQ053115v1","2071086","2071385","GL873588","2417029","2417316","80","345943"
"KQ053115v1","2076113","2076426","GL873539","1394051","1394364","69","682062"
"KQ053115v1","2081062","2081360","GL873531","29056008","29056304","63","26974946"
"KQ053115v1","2096284","2096427","GL873623","1946112","1946258","35","150172"
"KQ053115v1","2119778","2120041","GL873577","3945234","3945493","62","1825456"
"KQ053115v1","2179001","2179274","GL873744","823863","824143","63","1355138"
"KQ053115v1","2218106","2218426","GL873530","28263781","28264089","59","26045675"
"KQ053115v1","2247318","2247610","GL873541","19081003","19081298","65","16833685"
"KQ053115v1","2267039","2267343","GL873521","49874189","49874492","57","47607150"
"KQ053115v1","2339186","2339440","GL873536","15339065","15339320","60","12999879"
"KQ053115v1","2358533","2358648","GL873596","2674100","2674216","21","315567"
"KQ053115v1","2365717","2365997","GL873524","42149014","42149308","53","39783297"
"KQ053115v1","2411097","2411409","GL873720","1268124","1268434","71","1142973"
"KQ053115v1","2426534","2426829","GL873594","6088027","6088321","62","3661493"
"KQ053115v1","2439130","2439408","GL873529","36137139","36137427","71","33698009"
"KQ053115v1","2505963","2506270","GL873574","5160157","5160440","73","2654194"
"KQ053115v1","2551102","2551385","GL873524","6995935","6996215","61","4444833"
"KQ053115v1","2551417","2551443","GL873558","9911706","9911723","9","7360289"
"KQ053115v1","2553324","2553582","GL873523","29003618","29003875","57","26450294"
"KQ053115v1","2609251","2609536","GL873524","42149014","42149308","62","39539763"
"KQ053115v1","2620633","2620925","GL873521","54280335","54280619","75","51659702"
"KQ053115v1","2623510","2623630","GL873628","1876330","1876452","20","747180"
"KQ053115v1","2665230","2665530","GL873530","17375868","17376165","52","14710638"
"KQ053115v1","2671765","2671990","GL873526","40957560","40957777","53","38285795"
"KQ053115v1","2720736","2721030","GL873537","20108472","20108765","54","17387736"
"KQ053115v1","2743918","2744213","GL873526","13214346","13214644","52","10470428"
"KQ053115v1","2790295","2790589","GL873537","20108472","20108765","62","17318177"
"KQ053115v1","2790910","2791189","GL873570","5172076","5172338","75","2381166"
"KQ053115v1","2805414","2805711","GL873529","9421454","9421749","62","6616040"
"KQ053115v1","2813962","2814221","GL873621","6165835","6166076","72","3351873"
"KQ053115v1","2847724","2848023","GL873537","20108472","20108765","53","17260748"
"KQ053115v1","2853392","2853523","GL873520","24084579","24084710","23","21231187"
"KQ053115v1","2861062","2861342","GL873551","8503637","8503909","65","5642575"
"KQ053115v1","2861572","2861771","GL873716","2147222","2147420","55","714350"
"KQ053115v1","2861898","2862182","GL873579","2665523","2665809","62","196375"
"KQ053115v1","2893815","2894112","GL873526","21833158","21833448","59","18939343"
"KQ053115v1","2896266","2896380","GL873743","664951","665066","21","2231315"
"KQ053115v1","2931581","2931887","GL873615","5162108","5162422","62","2230527"
"KQ053115v1","2942002","2942298","GL873538","1998739","1999037","66","943263"
"KQ053115v1","2967233","2967523","GL873524","42149014","42149308","55","39181781"
"KQ053115v1","2984235","2984508","GL873569","6583810","6584089","69","3599575"
"KQ053115v1","3003294","3003506","GL873752","1264588","1264795","56","1738706"
"KQ053115v1","3012889","3013101","GL873752","1264588","1264795","56","1748301"
"KQ053115v1","3069491","3069768","GL873593","3958983","3959265","58","889492"
"KQ053115v1","3135106","3135392","GL873539","2531227","2531508","67","603879"
"KQ053115v1","3158037","3158338","GL873561","923317","923608","74","2234720"
"KQ053115v1","3158707","3158962","GL873529","35629520","35629778","56","32470813"
"KQ053115v1","3195574","3195787","GL873561","9290771","9290977","50","6095197"
"KQ053115v1","3211535","3211790","GL873543","5602973","5603204","69","2391438"
"KQ053115v1","3216836","3217064","GL873525","33587731","33587939","66","30370895"
"KQ053115v1","3355464","3355759","GL873537","20108472","20108765","54","16753008"
"KQ053115v1","3356213","3356520","GL873661","1884549","1884860","67","1471664"
"KQ053115v1","3372139","3372440","GL873558","1940757","1941065","63","1431382"
"KQ053115v1","3429324","3429637","GL873544","10503361","10503660","68","7074037"
"KQ053115v1","3442314","3442613","GL873626","7146541","7146836","60","3704227"
"KQ053115v1","3446860","3446989","GL873520","24084579","24084710","21","20637719"
"KQ053115v1","3457093","3457306","GL873625","5640863","5641072","48","2183770"
"KQ053115v1","3548450","3548529","GL873537","25545971","25546054","16","21997521"
"KQ053115v1","3548860","3549090","GL873533","29114064","29114296","56","25565204"
"KQ053115v1","3590684","3591009","GL873542","8032564","8032870","93","4441880"
"KQ053115v1","3613188","3613424","GL873543","12780645","12780874","67","9167457"
"KQ053115v1","3615362","3615635","GL873557","13615508","13615790","71","10000146"
"KQ053115v1","3640111","3640325","GL873643","3277810","3278020","47","362301"
"KQ053115v1","3701471","3701740","GL873548","16782992","16783251","65","13081521"
"KQ053115v1","3722191","3722489","GL873566","9008836","9009136","71","5286645"
"KQ053115v1","3743139","3743435","GL873537","20108472","20108765","53","16365333"
"KQ053115v1","3748453","3748743","GL873537","20108472","20108765","54","16360019"
"KQ053115v1","3778303","3778412","GL873531","5954788","5954897","22","2176485"
"KQ053115v1","3789498","3789776","GL873546","12679748","12680030","64","8890250"
"KQ053115v1","3805508","3805822","GL873601","4674697","4675002","83","869189"
"KQ053115v1","3869978","3870093","GL873577","8018393","8018507","17","4148415"
"KQ053115v1","3977443","3977698","GL873540","20654782","20655010","70","16677339"
"KQ053115v1","3984424","3984713","GL873533","15015660","15015953","59","11031236"
"KQ053115v1","4014868","4015207","GL873522","18765454","18765778","76","14750586"
"KQ053115v1","4026051","4026341","GL873580","7238391","7238676","65","3212340"
"KQ053115v1","4050602","4050939","GL873577","7611226","7611549","80","3560624"
"KQ053115v1","4053425","4053757","GL873578","5004689","5005000","88","951264"
"KQ053115v1","4056098","4056393","GL873606","6177600","6177887","68","2121502"
"KQ053115v1","4069356","4069657","GL873537","20108472","20108765","55","16039116"
"KQ053115v1","4282664","4282973","GL873615","5162108","5162422","70","879444"
"KQ053115v1","4289752","4289905","GL873522","26945596","26945732","45","22655844"
"KQ053115v1","4290247","4290427","GL873586","6579237","6579406","50","2288990"
"KQ053115v1","4307520","4307754","GL873542","14464797","14465021","63","10157277"
"KQ053115v1","4324410","4324492","GL873583","8083267","8083350","14","3758857"
"KQ053115v1","4333039","4333311","GL873627","7185483","7185750","60","2852444"
"KQ053115v1","4336029","4336209","GL873530","16215829","16216006","62","11879800"
"KQ053115v1","4370513","4370689","GL873537","8665340","8665505","41","4294827"
"KQ053115v1","4370691","4370995","GL873537","20108472","20108765","63","15737781"
"KQ053115v1","4378941","4379085","GL873582","8142654","8142791","33","3763713"
"KQ053115v1","4383288","4383567","GL873701","1718159","1718435","59","2665129"
"KQ053115v1","4388758","4389071","GL873539","3918906","3919213","68","469852"
"KQ053115v1","4403443","4403584","GL873542","7332268","7332411","40","2928825"
"KQ053115v1","4408306","4408597","GL873544","12852108","12852394","57","8443802"
"KQ053115v1","4421618","4421899","GL873544","12852108","12852394","63","8430490"
"KQ053115v1","4438967","4439272","GL873631","6629455","6629755","71","2190488"
"KQ053115v1","4441572","4441864","GL873531","27860265","27860563","62","23418693"
"KQ053115v1","4451184","4451414","GL873560","8931049","8931288","58","4479865"
"KQ053115v1","4460489","4460742","GL873537","19797473","19797723","68","15336984"
"KQ053115v1","4466496","4466783","GL873520","38124828","38125119","66","33658332"
"KQ053115v1","4469480","4469775","GL873660","2918278","2918574","73","1551202"
"KQ053115v1","4470559","4470845","GL873623","6951295","6951573","65","2480736"
"KQ053115v1","4472335","4472622","GL873540","18283608","18283891","66","13811273"
"KQ053115v1","4480303","4480413","GL873587","448922","449042","25","4031381"
"KQ053115v1","4486200","4486500","GL873612","2357949","2358251","77","2128251"
"KQ053115v1","4490243","4490364","GL873825","251610","251729","27","4238633"
"KQ053115v1","4496927","4497225","GL873863","25606","25896","73","4471321"
"KQ053115v1","4522288","4522571","GL873523","28417992","28418279","62","23895704"
"KQ053115v1","4540577","4540867","GL873690","3502464","3502746","86","1038113"
"KQ053115v1","4550493","4550660","GL873563","9053222","9053385","50","4502729"
"KQ053115v1","4556448","4556739","GL873624","2242923","2243207","66","2313525"
"KQ053115v1","4568978","4569291","GL873540","22714851","22715162","73","18145873"
"KQ053115v1","4591144","4591368","GL873536","11768790","11769011","57","7177646"
"KQ053115v1","4615320","4615600","GL873530","26485863","26486146","65","21870543"
"KQ053115v1","4618930","4619227","GL873618","1121386","1121685","62","3497544"
"KQ053115v1","4625767","4626055","GL873539","4175126","4175411","58","450641"
"KQ053115v1","4631938","4632243","GL873534","24828530","24828825","66","20196592"
"KQ053115v1","4652046","4652320","GL873628","1375418","1375692","62","3276628"
"KQ053115v1","4660634","4660923","GL873579","984876","985165","77","3675758"
"KQ053115v1","4678332","4678560","GL873540","10988484","10988711","53","6310152"
"KQ053115v1","4679471","4679786","GL873530","28263781","28264089","69","23584310"
"KQ053115v1","4682503","4682675","GL873534","13696826","13696995","31","9014323"
"KQ053115v1","4686243","4686430","GL873716","2147222","2147420","53","2539021"
"KQ053115v1","4709435","4709631","GL873562","10378719","10378934","68","5669284"
"KQ053115v1","4727877","4728164","GL873522","4867970","4868269","72","140093"
"KQ053115v1","4735323","4735586","GL873539","4345510","4345763","54","389813"
"KQ053115v1","4738237","4738501","GL873538","2204733","2205000","69","2533504"
"KQ053115v1","4742306","4742574","GL873530","8314374","8314643","67","3572068"
"KQ053115v1","4763123","4763402","GL873752","219309","219580","51","4543814"
"KQ053115v1","4765814","4765900","GL873548","17923564","17923646","21","13157750"
"KQ053115v1","4800733","4801026","GL873547","4568091","4568386","64","232642"
"KQ053115v1","4864777","4865068","GL873521","33844036","33844322","50","28979259"
"KQ053115v1","4932354","4932653","GL873520","26476309","26476612","64","21543955"
"KQ053115v1","4986621","4986904","GL873535","29101688","29101988","61","24115067"
"KQ053115v1","5021585","5021886","GL873754","1677368","1677657","59","3344217"
"KQ053115v1","5029115","5029442","GL873647","2592882","2593202","69","2436233"
"KQ053116v1","14562","14860","GL873575","2687372","2687665","65","2672810"
"KQ053116v1","185354","185633","GL873586","6889069","6889346","80","6703715"
"KQ053116v1","191019","191295","GL873522","38826479","38826750","66","38635460"
"KQ053117v1","1964","2267","GL873884","162295","162592","58","160331"
"KQ053117v1","267391","267684","GL873613","5084983","5085278","57","4817592"
"KQ053117v1","280869","281155","GL873525","41528549","41528822","76","41247680"
"KQ053117v1","298071","298369","GL873544","13109134","13109442","76","12811063"
"KQ053117v1","457699","457992","GL873551","18153897","18154178","81","17696198"
"KQ053118v1","25330","25478","GL873542","1071328","1071473","43","1045998"
"KQ053120v1","153340","153654","GL873548","1016988","1017278","112","863648"
"KQ053120v1","159559","159866","GL873760","812865","813169","61","653306"
"KQ053120v1","171493","171672","GL873660","1357553","1357730","47","1186060"
"KQ053120v1","177202","177503","GL873557","10964192","10964504","77","10786990"
"KQ053120v1","187215","187390","GL873564","9333051","9333222","49","9145836"
"KQ053120v1","343766","344050","GL873520","38236690","38236980","56","37892924"
"KQ053122v1","19871","20155","GL873545","12978830","12979129","57","12958959"
"KQ053122v1","53747","54051","GL873537","21410001","21410301","76","21356254"
"KQ053125v1","22009","22328","GL873523","28431022","28431322","77","28409013"
"KQ053125v1","29132","29407","GL873526","25295506","25295789","58","25266374"
"KQ053125v1","66516","66827","GL873557","7267236","7267535","72","7200720"
"KQ053125v1","117524","117815","GL873560","11470153","11470449","61","11352629"
"KQ053125v1","127252","127543","GL873560","11470153","11470449","61","11342901"
"KQ053125v1","137361","137602","GL873558","5967374","5967616","62","5830013"
"KQ053125v1","232785","233046","GL873558","12875551","12875803","65","12642766"
"KQ053126v1","38708","38940","GL873522","42684058","42684281","58","42645350"
"KQ053126v1","59112","59275","GL873533","13896451","13896593","57","13837339"
"KQ053126v1","105010","105313","GL873804","915164","915458","65","810154"
"KQ053126v1","114370","114683","GL873720","1268124","1268434","70","1153754"
"KQ053126v1","118268","118589","GL873610","4431407","4431713","74","4313139"
"KQ053126v1","208178","208459","GL873595","9219531","9219824","76","9011353"
"KQ053126v1","503069","503358","GL873528","4452981","4453269","68","3949912"
"KQ053126v1","513627","513751","GL873587","448922","449042","19","64705"
"KQ053126v1","535067","535370","GL873522","10042566","10042867","61","9507499"
"KQ053126v1","570843","571126","GL873523","28439312","28439608","69","27868469"
"KQ053126v1","571575","571820","GL873520","39109593","39109851","68","38538018"
"KQ053126v1","574553","574821","GL873532","30298418","30298687","64","29723865"
"KQ053126v1","615789","616014","GL873684","3285290","3285515","67","2669501"
"KQ053126v1","644907","645212","GL873572","9034316","9034616","63","8389409"
"KQ053126v1","819289","819566","GL873653","2712699","2712966","64","1893410"
"KQ053126v1","824441","824687","GL873568","12674938","12675190","57","11850497"
"KQ053126v1","835174","835467","GL873584","10964552","10964836","63","10129378"
"KQ053126v1","844194","844464","GL873593","3746229","3746508","51","2902035"
"KQ053126v1","951017","951181","GL873631","188832","188994","47","762185"
"KQ053126v1","976678","976972","GL873570","11394548","11394837","67","10417870"
"KQ053126v1","987101","987388","GL873731","181058","181352","61","806043"
"KQ053126v1","991364","991656","GL873570","11394548","11394837","70","10403184"
"KQ053126v1","1054545","1054773","GL873627","4281284","4281483","67","3226739"
"KQ053126v1","1076574","1076872","GL873673","4218625","4218921","72","3142051"
"KQ053126v1","1088280","1088564","GL873538","3757160","3757448","63","2668880"
"KQ053126v1","1102149","1102443","GL873574","9410814","9411118","67","8308665"
"KQ053126v1","1114968","1115272","GL873536","12928604","12928905","61","11813636"
"KQ053126v1","1184873","1185139","GL873550","17645061","17645322","51","16460188"
"KQ053126v1","1190850","1191144","GL873544","12852108","12852394","53","11661258"
"KQ053126v1","1231063","1231357","GL873595","6299511","6299790","76","5068448"
"KQ053126v1","1256708","1256962","GL873572","8291655","8291908","62","7034947"
"KQ053126v1","1258212","1258404","GL873524","15536151","15536338","44","14277939"
"KQ053126v1","1258435","1258545","GL873548","15576231","15576338","21","14317796"
"KQ053126v1","1264811","1265088","GL873570","9393261","9393537","59","8128450"
"KQ053126v1","1343484","1343766","GL873531","16734426","16734711","67","15390942"
"KQ053126v1","1408369","1408628","GL873682","1137689","1137924","79","270680"
"KQ053126v1","1419652","1419946","GL873528","4452981","4453269","62","3033329"
"KQ053126v1","1451423","1451708","GL873691","1868540","1868826","65","417117"
"KQ053126v1","1519941","1520251","GL873527","36380263","36380577","58","34860322"
"KQ053126v1","1525791","1526090","GL873631","6119407","6119715","63","4593616"
"KQ053126v1","1552954","1553269","GL873625","3330882","3331184","71","1777928"
"KQ053126v1","1566800","1567105","GL873540","11122200","11122500","68","9555400"
"KQ053126v1","1569225","1569406","GL873534","14551683","14551840","50","12982458"
"KQ053126v1","1572472","1572760","GL873527","24552205","24552484","59","22979733"
"KQ053126v1","1589916","1590188","GL873700","423134","423410","60","1166782"
"KQ053126v1","1590515","1590819","GL873571","2577537","2577837","65","987022"
"KQ053126v1","1594524","1594829","GL873557","13215871","13216171","64","11621347"
"KQ053126v1","1599329","1599630","GL873720","1268124","1268434","60","331205"
"KQ053126v1","1602453","1602677","GL873596","7315672","7315900","63","5713219"
"KQ053126v1","1626970","1627247","GL873570","9393261","9393537","64","7766291"
"KQ053126v1","1668868","1669155","GL873529","15224931","15225225","56","13556063"
"KQ053126v1","1680419","1680747","GL873636","3104548","3104855","73","1424129"
"KQ053126v1","1694545","1694834","GL873541","21985689","21985982","58","20291144"
"KQ053126v1","1703341","1703656","GL873615","5162108","5162422","65","3458767"
"KQ053126v1","1711127","1711270","GL873528","11936036","11936172","39","10224909"
"KQ053126v1","1730909","1731220","GL873534","1764223","1764526","71","33314"
"KQ053126v1","2072280","2072584","GL873534","1560172","1560461","63","512108"
"KQ053126v1","2206056","2206164","GL873709","712102","712215","25","1493954"
"KQ053126v1","2289540","2289839","GL873569","7957532","7957841","76","5667992"
"KQ053126v1","2529453","2529539","GL873550","7587819","7587905","17","5058366"
"KQ053126v1","2822558","2822866","GL873533","13483150","13483458","71","10660592"
"KQ053126v1","2926847","2927108","GL873520","61436067","61436334","74","58509220"
"KQ053126v1","2948510","2948849","GL873577","7611226","7611549","88","4662716"
"KQ053126v1","3013200","3013462","GL873593","6901369","6901632","73","3888169"
"KQ053126v1","3017095","3017314","GL873527","37887494","37887703","53","34870399"
"KQ053126v1","3105955","3106160","GL873599","4108778","4108957","60","1002823"
"KQ053126v1","3113417","3113700","GL873573","3786511","3786793","70","673094"
"KQ053126v1","3122180","3122498","GL873537","16621791","16622090","83","13499611"
"KQ053126v1","3153267","3153554","GL873671","1289718","1290012","68","1863549"
"KQ053126v1","3155437","3155547","GL873530","3907901","3908012","26","752464"
"KQ053126v1","3168931","3169233","GL873538","3757160","3757448","74","588229"
"KQ053126v1","3178436","3178724","GL873548","2766354","2766637","76","412082"
"KQ053126v1","3181456","3181748","GL873546","16423062","16423344","84","13241606"
"KQ053126v1","3216646","3216957","GL873686","3287349","3287664","74","70703"
"KQ053126v1","3296367","3296660","GL873543","2904962","2905248","51","391405"
"KQ053126v1","3584207","3584349","GL873544","17967753","17967901","41","14383546"
"KQ053126v1","3584712","3584829","GL873530","1899334","1899450","22","1685378"
"KQ053126v1","3590173","3590288","GL873740","2050573","2050689","22","1539600"
"KQ053126v1","3590663","3590797","GL873579","266732","266861","42","3323931"
"KQ053126v1","3619689","3619991","GL873720","1268124","1268434","66","2351565"
"KQ053127v1","22922","23231","GL873550","16740796","16741091","77","16717874"
"KQ053127v1","58198","58488","GL873531","27860265","27860563","61","27802067"
"KQ053127v1","103639","103928","GL873800","736311","736599","67","632672"
"KQ053127v1","144044","144332","GL873613","6387091","6387369","73","6243047"
"KQ053128v1","18847","19151","GL873526","28619796","28620107","63","28600949"
"KQ053128v1","55895","56151","GL873525","28543936","28544184","63","28488041"
"KQ053128v1","61764","62042","GL873530","2832291","2832567","62","2770527"
"KQ053128v1","79931","80175","GL873537","26487386","26487632","65","26407455"
"KQ053128v1","110117","110365","GL873590","671368","671605","58","561251"
"KQ053128v1","175506","175622","GL873821","304022","304138","24","128516"
"KQ053128v1","245308","245620","GL873557","4946813","4947122","71","4701505"
"KQ053130v1","4046","4200","GL873522","36614954","36615106","46","36610908"
"KQ053130v1","4235","4343","GL873600","2929400","2929506","29","2925165"
"KQ053130v1","41176","41459","GL873624","287486","287760","87","246310"
"KQ053131v1","30466","30766","GL873590","6146490","6146760","95","6116024"
"KQ053133v1","8219","8527","GL873720","1268124","1268434","54","1259905"
"KQ053134v1","115195","115502","GL873623","4501593","4501900","63","4386398"
"KQ053135v1","6291316","6291599","GL873586","3828887","3829179","66","2462429"
"KQ053135v1","141722","142034","GL873615","5162108","5162422","64","5020386"
"KQ053135v1","165418","165730","GL873619","5292487","5292792","69","5127069"
"KQ053135v1","215744","216018","GL873607","1421139","1421397","68","1205395"
"KQ053135v1","239511","239790","GL873638","2212836","2213102","82","1973325"
"KQ053135v1","270569","270722","GL873570","9334312","9334470","39","9063743"
"KQ053135v1","299387","299663","GL873560","12765250","12765518","69","12465863"
"KQ053135v1","304883","305188","GL873571","4374924","4375218","58","4070041"
"KQ053135v1","315479","315779","GL873565","2228107","2228402","68","1912628"
"KQ053135v1","327722","328016","GL873533","15015660","15015953","65","14687938"
"KQ053135v1","376198","376501","GL873627","7189498","7189791","63","6813300"
"KQ053135v1","386323","386623","GL873522","25185925","25186218","56","24799602"
"KQ053135v1","416023","416219","GL873522","8670954","8671158","41","8254931"
"KQ053135v1","678507","678659","GL873557","2782061","2782211","51","2103554"
"KQ053135v1","988111","988402","GL873608","1769381","1769651","83","781270"
"KQ053135v1","1085540","1085845","GL873615","5162108","5162422","75","4076568"
"KQ053135v1","1109278","1109417","GL873548","15426227","15426376","34","14316949"
"KQ053135v1","1193766","1194067","GL873538","3757160","3757448","72","2563394"
"KQ053135v1","1281723","1281888","GL873730","122968","123133","35","1158755"
"KQ053135v1","1420188","1420270","GL873565","13062757","13062842","25","11642569"
"KQ053135v1","1569842","1570075","GL873542","13172834","13173061","73","11602992"
"KQ053135v1","1932984","1933097","GL873528","3215053","3215168","17","1282069"
"KQ053135v1","1955353","1955475","GL873631","4278378","4278496","20","2323025"
"KQ053135v1","2095270","2095564","GL873608","4005858","4006144","69","1910588"
"KQ053135v1","2139299","2139544","GL873540","20244038","20244273","51","18104739"
"KQ053135v1","2193923","2194192","GL873543","2055218","2055494","74","138705"
"KQ053135v1","2228575","2228840","GL873627","4237922","4238189","58","2009347"
"KQ053135v1","2395177","2395485","GL873529","36400027","36400324","64","34004850"
"KQ053135v1","2580274","2580585","GL873636","3104548","3104855","67","524274"
"KQ053135v1","2645879","2646152","GL873553","1744624","1744890","67","901255"
"KQ053135v1","2654456","2654745","GL873646","1053138","1053424","68","1601318"
"KQ053135v1","2769351","2769619","GL873520","16709587","16709864","61","13940236"
"KQ053135v1","2812853","2813151","GL873606","3706533","3706831","74","893680"
"KQ053135v1","2851969","2852279","GL873660","705565","705863","55","2146404"
"KQ053135v1","2860126","2860388","GL873713","1306730","1306980","59","1553396"
"KQ053135v1","2897898","2898191","GL873532","21611611","21611905","52","18713713"
"KQ053135v1","2902983","2903256","GL873531","19349136","19349405","73","16446153"
"KQ053135v1","2906433","2906740","GL873547","11450506","11450796","78","8544073"
"KQ053135v1","2946923","2947083","GL873715","2056021","2056164","47","890902"
"KQ053135v1","2960241","2960515","GL873548","15510967","15511237","65","12550726"
"KQ053135v1","2964834","2965148","GL873530","28263781","28264089","60","25298947"
"KQ053135v1","3003132","3003497","GL873527","12842792","12843107","118","9839660"
"KQ053135v1","3017009","3017311","GL873543","2139452","2139746","58","877557"
"KQ053135v1","3021955","3022254","GL873524","4192496","4192780","65","1170541"
"KQ053135v1","3029830","3030188","GL873521","6975951","6976250","121","3946121"
"KQ053135v1","3030428","3030728","GL873531","27860265","27860563","64","24829837"
"KQ053135v1","3038781","3039037","GL873558","10441192","10441443","65","7402411"
"KQ053135v1","3045744","3046001","GL873625","1975467","1975738","73","1070277"
"KQ053135v1","3046005","3046278","GL873573","8282675","8282954","61","5236670"
"KQ053135v1","3050309","3050603","GL873557","6768396","6768686","64","3718087"
"KQ053135v1","3057002","3057185","GL873635","2938687","2938874","56","118315"
"KQ053135v1","3066300","3066447","GL873529","16847158","16847309","40","13780858"
"KQ053135v1","3093178","3093492","GL873574","3533693","3533978","78","440515"
"KQ053135v1","3098407","3098584","GL873536","13869008","13869193","47","10770601"
"KQ053135v1","3155570","3155875","GL873524","1397842","1398137","72","1757728"
"KQ053135v1","3173949","3174219","GL873738","1635488","1635766","73","1538461"
"KQ053135v1","3175749","3175913","GL873768","1021220","1021385","35","2154529"
"KQ053135v1","3207962","3208269","GL873557","15201996","15202294","73","11994034"
"KQ053135v1","3223978","3224055","GL873531","15570262","15570337","21","12346284"
"KQ053135v1","3226070","3226354","GL873529","23083772","23084054","57","19857702"
"KQ053135v1","3256951","3257237","GL873521","53707997","53708279","70","50451046"
"KQ053135v1","3311819","3312110","GL873536","11039988","11040262","82","7728169"
"KQ053135v1","3320299","3320589","GL873524","23341951","23342240","62","20021652"
"KQ053135v1","3322518","3322820","GL873520","59087008","59087299","79","55764490"
"KQ053135v1","3348361","3348559","GL873595","5966599","5966798","46","2618238"
"KQ053135v1","3366316","3366594","GL873539","15781624","15781906","52","12415308"
"KQ053135v1","3368466","3368759","GL873528","4452981","4453269","74","1084515"
"KQ053135v1","3381363","3381648","GL873522","8407677","8407964","68","5026314"
"KQ053135v1","3393165","3393476","GL873545","14220645","14220951","70","10827480"
"KQ053135v1","3406719","3406921","GL873620","3035855","3036021","74","370864"
"KQ053135v1","3415943","3416249","GL873531","29056008","29056304","77","25640065"
"KQ053135v1","3449165","3449455","GL873558","11200170","11200463","58","7751005"
"KQ053135v1","3474281","3474475","GL873635","5147070","5147250","51","1672789"
"KQ053135v1","3518160","3518439","GL873520","29419472","29419738","63","25901312"
"KQ053135v1","3520023","3520224","GL873607","3979146","3979352","54","459123"
"KQ053135v1","3537258","3537555","GL873557","7046743","7047040","54","3509485"
"KQ053135v1","3579505","3579814","GL873543","14025064","14025366","74","10445559"
"KQ053135v1","3596782","3597038","GL873547","10864978","10865231","67","7268196"
"KQ053135v1","3641521","3641746","GL873568","12952445","12952676","64","9310924"
"KQ053135v1","3643405","3643697","GL873537","17024695","17024979","61","13381290"
"KQ053135v1","3656604","3656928","GL873677","3718225","3718528","85","61621"
"KQ053135v1","3677533","3677806","GL873664","1209121","1209391","58","2468412"
"KQ053135v1","3770330","3770621","GL873586","8120080","8120363","71","4349750"
"KQ053135v1","3783784","3784089","GL873544","21039211","21039519","64","17255427"
"KQ053135v1","3862918","3863197","GL873522","40388442","40388729","65","36525524"
"KQ053135v1","3902009","3902290","GL873550","1167618","1167894","74","2734391"
"KQ053135v1","3935027","3935308","GL873570","12671762","12672026","70","8736735"
"KQ053135v1","3935427","3935666","GL873540","20244038","20244273","54","16308611"
"KQ053135v1","3959535","3959779","GL873562","5492312","5492540","68","1532777"
"KQ053135v1","3960109","3960191","GL873537","25545971","25546054","21","21585862"
"KQ053135v1","4015282","4015546","GL873677","4238707","4238975","57","223425"
"KQ053135v1","4036077","4036367","GL873535","12414612","12414904","65","8378535"
"KQ053135v1","4098912","4099083","GL873545","13781810","13781972","51","9682898"
"KQ053135v1","4099120","4099253","GL873671","920420","920550","25","3178700"
"KQ053135v1","4142651","4142949","GL873532","17044604","17044891","67","12901953"
"KQ053135v1","4221920","4222215","GL873561","9330005","9330309","72","5108085"
"KQ053135v1","4321113","4321432","GL873574","2979143","2979454","65","1341970"
"KQ053135v1","4399673","4399970","GL873531","27860265","27860563","68","23460592"
"KQ053135v1","4437782","4437993","GL873625","5640863","5641072","56","1203081"
"KQ053135v1","4449023","4449315","GL873563","5079515","5079796","69","630492"
"KQ053135v1","4507674","4507996","GL873615","5162108","5162422","72","654434"
"KQ053135v1","4547112","4547411","GL873525","18672849","18673136","75","14125737"
"KQ053135v1","4614012","4614325","GL873609","7137543","7137854","67","2523531"
"KQ053135v1","4643420","4643717","GL873540","11122200","11122500","60","6478780"
"KQ053135v1","4711469","4711731","GL873522","36470419","36470671","63","31758950"
"KQ053135v1","4713146","4713393","GL873800","517515","517761","52","4195631"
"KQ053135v1","4753745","4754062","GL873546","13542628","13542944","73","8788883"
"KQ053135v1","4757289","4757523","GL873593","7033927","7034168","54","2276638"
"KQ053135v1","4774098","4774394","GL873537","20108472","20108765","57","15334374"
"KQ053135v1","4787506","4787614","GL873548","15576231","15576338","22","10788725"
"KQ053135v1","4793064","4793327","GL873539","2856357","2856613","63","1936707"
"KQ053135v1","4800617","4800888","GL873644","1289226","1289482","77","3511391"
"KQ053135v1","4803960","4804247","GL873561","923317","923608","69","3880643"
"KQ053135v1","4809199","4809496","GL873744","1802327","1802617","59","3006872"
"KQ053135v1","4814024","4814324","GL873538","19622743","19623037","73","14808719"
"KQ053135v1","4818143","4818223","GL873531","16275379","16275462","17","11457236"
"KQ053135v1","4818558","4818779","GL873536","6651900","6652108","59","1833342"
"KQ053135v1","4837054","4837340","GL873584","2602629","2602932","71","2234425"
"KQ053135v1","4840438","4840685","GL873558","5329000","5329249","56","488562"
"KQ053135v1","4840836","4841105","GL873530","29321072","29321333","69","24480236"
"KQ053135v1","4860850","4861157","GL873610","4431407","4431713","62","429443"
"KQ053135v1","4863808","4864100","GL873520","38124828","38125119","56","33261020"
"KQ053135v1","4864665","4864946","GL873544","16134910","16135199","67","11270245"
"KQ053135v1","4866437","4866729","GL873537","20108472","20108765","61","15242035"
"KQ053135v1","4872648","4872891","GL873550","14276675","14276916","75","9404027"
"KQ053135v1","4880676","4880973","GL873570","5355623","5355914","59","474947"
"KQ053135v1","4887026","4887251","GL873530","24277029","24277256","53","19390003"
"KQ053135v1","4905160","4905408","GL873532","24951589","24951821","64","20046429"
"KQ053135v1","4910746","4911039","GL873563","5073932","5074225","73","163186"
"KQ053135v1","4920772","4920877","GL873633","6105258","6105370","29","1184486"
"KQ053135v1","4923537","4923688","GL873531","27593197","27593341","32","22669660"
"KQ053135v1","4924577","4924872","GL873599","3962151","3962437","62","962426"
"KQ053135v1","4938483","4938767","GL873530","32943973","32944246","72","28005490"
"KQ053135v1","4939581","4939790","GL873561","354901","355096","53","4584680"
"KQ053135v1","4951679","4951797","GL873544","18821433","18821554","26","13869754"
"KQ053135v1","4952123","4952294","GL873520","42192703","42192868","42","37240580"
"KQ053135v1","4960856","4961116","GL873533","23633726","23633993","70","18672870"
"KQ053135v1","4985038","4985162","GL873560","165398","165527","26","4819640"
"KQ053135v1","4998455","4998741","GL873576","10327019","10327291","63","5328564"
"KQ053135v1","5000826","5001136","GL873525","8368691","8368984","88","3367865"
"KQ053135v1","5002579","5002700","GL873629","3055754","3055875","38","1946825"
"KQ053135v1","5010720","5011052","GL873569","2257365","2257661","78","2753355"
"KQ053135v1","5015632","5015954","GL873569","2257365","2257661","77","2758267"
"KQ053135v1","5018672","5018799","GL873596","3689722","3689842","32","1328950"
"KQ053135v1","5022171","5022472","GL873538","24663308","24663595","74","19641137"
"KQ053135v1","5023678","5024004","GL873715","1119760","1120084","77","3903918"
"KQ053135v1","5027233","5027572","GL873569","2257365","2257661","78","2769868"
"KQ053135v1","5030956","5031275","GL873675","662368","662683","76","4368588"
"KQ053135v1","5032856","5033185","GL873577","7611226","7611549","73","2578370"
"KQ053135v1","5033199","5033543","GL873623","2646027","2646351","82","2387172"
"KQ053135v1","5044713","5045047","GL873623","2646027","2646351","71","2398686"
"KQ053135v1","5046184","5046511","GL873522","18765454","18765778","88","13719270"
"KQ053135v1","5049483","5049810","GL873544","21761868","21762180","70","16712385"
"KQ053135v1","5052794","5053128","GL873569","2257365","2257661","81","2795429"
"KQ053135v1","5054471","5054800","GL873528","5626781","5627067","85","572310"
"KQ053135v1","5062249","5062517","GL873532","13284011","13284283","67","8221762"
"KQ053135v1","5079922","5080208","GL873540","20979097","20979374","57","15899175"
"KQ053135v1","5085476","5085752","GL873534","15140925","15141195","65","10055449"
"KQ053135v1","5205668","5205967","GL873522","4222168","4222461","63","983500"
"KQ053135v1","5244559","5244861","GL873616","7318626","7318922","61","2074067"
"KQ053135v1","5254322","5254594","GL873713","222924","223204","63","5031398"
"KQ053135v1","5258423","5258718","GL873546","859614","859905","66","4398809"
"KQ053135v1","5263456","5263755","GL873535","19117269","19117567","67","13853813"
"KQ053135v1","5279325","5279599","GL873752","219309","219580","57","5060016"
"KQ053135v1","5297448","5297686","GL873557","9967376","9967610","55","4669928"
"KQ053135v1","5314736","5315027","GL873570","4233529","4233818","62","1081207"
"KQ053135v1","5328751","5328876","GL873619","2868214","2868339","22","2460537"
"KQ053135v1","5338458","5338754","GL873596","1591307","1591593","68","3747151"
"KQ053135v1","5343237","5343442","GL873531","29211214","29211412","46","23867977"
"KQ053135v1","5345508","5345780","GL873522","26431469","26431747","66","21085961"
"KQ053135v1","5382632","5382927","GL873530","10599809","10600111","63","5217177"
"KQ053135v1","5389500","5389799","GL873566","9008836","9009136","62","3619336"
"KQ053135v1","5395445","5395608","GL873551","6520225","6520376","37","1124780"
"KQ053135v1","5405228","5405517","GL873677","4203427","4203715","61","1201801"
"KQ053135v1","5413069","5413352","GL873591","1508585","1508871","56","3904484"
"KQ053135v1","5415191","5415472","GL873561","13826809","13827093","57","8411618"
"KQ053135v1","5432451","5432733","GL873523","5398253","5398525","62","34198"
"KQ053135v1","5437897","5438178","GL873523","5398253","5398525","59","39644"
"KQ053135v1","5449367","5449634","GL873569","10006129","10006398","57","4556762"
"KQ053135v1","5476880","5477166","GL873697","361362","361643","58","5115518"
"KQ053135v1","5569876","5570171","GL873623","4616131","4616417","69","953745"
"KQ053135v1","5614653","5614923","GL873745","479796","480064","77","5134857"
"KQ053135v1","5616913","5617220","GL873631","4361857","4362155","61","1255056"
"KQ053135v1","5630051","5630335","GL873550","7644303","7644582","64","2014252"
"KQ053135v1","5738359","5738561","GL873550","14886379","14886570","61","9148020"
"KQ053135v1","5756999","5757301","GL873524","4192496","4192780","63","1564503"
"KQ053135v1","5769538","5769832","GL873537","20108472","20108765","55","14338934"
"KQ053135v1","5932526","5932733","GL873544","6606321","6606523","61","673795"
"KQ053135v1","5996500","5996788","GL873610","6546010","6546297","71","549510"
"KQ053135v1","6037390","6037541","GL873544","17967753","17967901","45","11930363"
"KQ053135v1","6057477","6057787","GL873525","13700604","13700904","79","7643127"
"KQ053135v1","6059079","6059376","GL873531","19369345","19369649","60","13310266"
"KQ053135v1","6059702","6059990","GL873789","87737","88019","56","5971965"
"KQ053135v1","6069820","6070133","GL873531","19369345","19369649","69","13299525"
"KQ053135v1","6072838","6073109","GL873523","28862044","28862330","65","22789206"
"KQ053135v1","6078676","6078952","GL873959","71175","71445","72","6007501"
"KQ053135v1","6091360","6091641","GL873526","25295506","25295789","65","19204146"
"KQ053135v1","6106667","6106960","GL873528","5032075","5032370","57","1074592"
"KQ053135v1","6163961","6164253","GL873563","10411518","10411803","65","4247557"
"KQ053135v1","6165134","6165432","GL873524","42149014","42149308","62","35983880"
"KQ053135v1","6170523","6170749","GL873551","4428507","4428742","53","1742016"
"KQ053135v1","6176122","6176318","GL873672","1902668","1902865","49","4273454"
"KQ053135v1","6208205","6208495","GL873565","13343596","13343885","58","7135391"
"KQ053135v1","6222471","6222773","GL873524","4686841","4687136","65","1535630"
"KQ053135v1","6227708","6227999","GL873538","10181289","10181561","72","3953581"
"KQ053135v1","6244689","6244975","GL873520","36088702","36088990","66","29844013"
"KQ053135v1","6267465","6267740","GL873549","15132343","15132615","69","8864878"
"KQ053135v1","6456329","6456631","GL873543","15049230","15049513","76","8592901"
"KQ053135v1","6463965","6464234","GL873825","388120","388377","70","6075845"
"KQ053135v1","6531372","6531657","GL873526","17095961","17096254","68","10564589"
"KQ053135v1","6549639","6549770","GL873590","5840456","5840581","28","709183"
"KQ053135v1","6549771","6549842","GL873530","18343404","18343479","19","11793633"
"KQ053135v1","6629836","6630134","GL873557","5671180","5671473","50","958656"
"KQ053135v1","6646778","6647066","GL873538","1998739","1999037","60","4648039"
"KQ053135v1","6688530","6688826","GL873623","4616131","4616417","59","2072399"
"KQ053135v1","6693199","6693504","GL873524","5176292","5176597","62","1516907"
"KQ053135v1","6702099","6702393","GL873537","20108472","20108765","55","13406373"
"KQ053135v1","6705657","6705932","GL873543","5868888","5869166","67","836769"
"KQ053135v1","6709657","6709953","GL873537","20108472","20108765","55","13398815"
"KQ053135v1","6722013","6722323","GL873545","20254912","20255212","75","13532899"
"KQ053135v1","6729864","6730155","GL873537","20075004","20075286","77","13345140"
"KQ053135v1","6736860","6736952","GL873528","1061241","1061344","24","5675619"
"KQ053135v1","6746881","6747132","GL873544","20196790","20197044","78","13449909"
"KQ053135v1","6759251","6759349","GL873524","43890728","43890829","21","37131477"
"KQ053135v1","6768633","6768952","GL873538","1578197","1578506","83","5190436"
"KQ053135v1","6771321","6771604","GL873544","12852108","12852394","59","6080787"
"KQ053135v1","6773079","6773362","GL873547","14329017","14329292","56","7555938"
"KQ053135v1","6787183","6787512","GL873530","28263781","28264089","82","21476598"
"KQ053135v1","6836896","6837029","GL873698","2389011","2389149","36","4447885"
"KQ053135v1","6853104","6853385","GL873677","1383525","1383805","63","5469579"
"KQ053135v1","6877457","6877666","GL873621","696020","696233","48","6181437"
"KQ053135v1","6900763","6901061","GL873522","25185925","25186218","65","18285162"
"KQ053135v1","6901149","6901332","GL873587","6203136","6203319","46","698013"
"KQ053135v1","6901333","6901636","GL873607","4584668","4584965","65","2316665"
"KQ053135v1","6901637","6901756","GL873593","493943","494061","28","6407694"
"KQ053135v1","6923916","6924218","GL873520","38236690","38236980","71","31312774"
"KQ053135v1","6934552","6934834","GL873625","3750560","3750850","67","3183992"
"KQ053135v1","6942492","6942653","GL873605","2287268","2287412","38","4655224"
"KQ053135v1","6943197","6943467","GL873743","1217791","1218055","81","5725406"
"KQ053135v1","6943819","6944086","GL873596","1691698","1691967","60","5252121"
"KQ053135v1","6950851","6951146","GL873546","859614","859905","58","6091237"
"KQ053135v1","6956251","6956505","GL873527","36235779","36236022","59","29279528"
"KQ053135v1","7126744","7127011","GL873539","16767280","16767545","65","9640536"
"KQ053135v1","7181693","7181962","GL873547","17720932","17721199","66","10539239"
"KQ053135v1","7213129","7213423","GL873537","20108472","20108765","59","12895343"
"KQ053135v1","7235578","7235872","GL873531","27860265","27860563","70","20624687"
"KQ053135v1","7290025","7290322","GL873565","10241052","10241359","66","2951027"
"KQ053135v1","7444593","7444889","GL873540","19013371","19013667","59","11568778"
"KQ053135v1","7449193","7449496","GL873530","16695374","16695671","65","9246181"
"KQ053135v1","7459317","7459622","GL873520","28900538","28900833","64","21441221"
"KQ053135v1","7464446","7464745","GL873526","19418905","19419208","78","11954459"
"KQ053135v1","7490594","7490873","GL873524","6061392","6061646","69","1429202"
"KQ053135v1","7506784","7507069","GL873563","10411518","10411803","67","2904734"
"KQ053135v1","7515889","7516188","GL873557","4946813","4947122","61","2569076"
"KQ053135v1","7521485","7521627","GL873545","14296395","14296533","35","6774910"
"KQ053135v1","7521628","7521913","GL873521","49874189","49874492","64","42352561"
"KQ053135v1","7521914","7522066","GL873574","4188889","4189041","29","3333025"
"KQ053135v1","7523849","7524141","GL873524","6095319","6095622","66","1428530"
"KQ053135v1","7529986","7530273","GL873544","12852108","12852394","58","5322122"
"KQ053135v1","7535858","7536145","GL873544","12852108","12852394","58","5316250"
"KQ053135v1","7542687","7542992","GL873545","20254912","20255212","70","12712225"
"KQ053135v1","7571167","7571472","GL873533","25255552","25255858","63","17684385"
"KQ053135v1","7572474","7572592","GL873563","2194835","2194959","25","5377639"
"KQ053135v1","7613979","7614264","GL873529","18227816","18228105","62","10613837"
"KQ053135v1","7618625","7618930","GL873720","1268124","1268434","72","6350501"
"KQ053135v1","7632236","7632521","GL873613","6387091","6387369","69","1245145"
"KQ053135v1","7647459","7647732","GL873521","28806098","28806353","81","21158639"
"KQ053135v1","7654935","7655055","GL873574","3991710","3991832","18","3663225"
"KQ053135v1","7655236","7655525","GL873579","11247036","11247321","57","3591800"
"KQ053135v1","7667285","7667586","GL873729","432103","432405","75","7235182"
"KQ053135v1","7700789","7701025","GL873533","31253638","31253877","50","23552849"
"KQ053135v1","7701055","7701071","GL873569","8368477","8368490","4","667422"
"KQ053135v1","7708144","7708311","GL873740","668373","668539","36","7039771"
"KQ053135v1","7708313","7708626","GL873542","8032564","8032870","74","324251"
"KQ053135v1","7711359","7711645","GL873627","7189498","7189791","68","521861"
"KQ053135v1","7713137","7713424","GL873587","2747170","2747463","68","4965967"
"KQ053135v1","7722479","7722770","GL873575","2687372","2687665","54","5035107"
"KQ053135v1","7731447","7731703","GL873526","23761987","23762248","65","16030540"
"KQ053135v1","7739063","7739337","GL873632","3582886","3583150","60","4156177"
"KQ053135v1","7798540","7798840","GL873596","3562116","3562414","70","4236424"
"KQ053135v1","7802794","7803060","GL873660","1384330","1384596","56","6418464"
"KQ053135v1","7813977","7814258","GL873697","1353514","1353797","69","6460463"
"KQ053135v1","7814782","7815074","GL873535","20942348","20942633","59","13127566"
"KQ053135v1","7825337","7825547","GL873533","12706488","12706681","57","4881151"
"KQ053135v1","7871847","7872041","GL873543","13454058","13454252","44","5582211"
"KQ053135v1","7876184","7876487","GL873522","33506808","33507102","64","25630624"
"KQ053135v1","7881907","7882209","GL873538","9930834","9931133","64","2048927"
"KQ053135v1","7885749","7886046","GL873526","13214346","13214644","64","5328597"
"KQ053135v1","7905660","7905951","GL873537","20108472","20108765","59","12202812"
"KQ053135v1","7912396","7912702","GL873627","7189498","7189791","75","722898"
"KQ053135v1","7914983","7915279","GL873675","162005","162291","62","7752978"
"KQ053135v1","7930144","7930436","GL873537","17024695","17024979","62","9094551"
"KQ053135v1","7948104","7948274","GL873522","33863133","33863302","41","25915029"
"KQ053135v1","7999587","7999886","GL873543","2139452","2139746","55","5860135"
"KQ053135v1","8004838","8005145","GL873580","178479","178779","63","7826359"
"KQ053135v1","8039628","8039924","GL873776","729358","729643","65","7310270"
"KQ053135v1","8139456","8139800","GL873522","18906088","18906411","79","10766632"
"KQ053136v1","31284","31557","GL873625","3866384","3866654","70","3835100"
"KQ053136v1","47347","47649","GL873537","20108472","20108765","67","20061125"
"KQ053136v1","89783","90083","GL873575","2687372","2687665","75","2597589"
"KQ053136v1","219205","219508","GL873535","29101688","29101988","72","28882483"
"KQ053136v1","248457","248744","GL873561","4066578","4066869","62","3818121"
"KQ053136v1","258401","258527","GL873534","14292315","14292440","24","14033914"
"KQ053136v1","302079","302380","GL873657","3029272","3029566","60","2727193"
"KQ053136v1","395161","395387","GL873548","16188534","16188753","50","15793373"
"KQ053136v1","441831","442128","GL873537","23325667","23325965","65","22883836"
"KQ053136v1","643405","643675","GL873560","12765250","12765518","60","12121845"
"KQ053137v1","40368","40667","GL873520","60736638","60736933","82","60696270"
"KQ053137v1","51805","52092","GL873549","15132343","15132615","82","15080538"
"KQ053137v1","56235","56544","GL873577","10149931","10150226","75","10093696"
"KQ053137v1","58162","58438","GL873549","15132343","15132615","73","15074181"
"KQ053137v1","62814","63109","GL873522","40388442","40388729","75","40325628"
"KQ053138v1","27337","27655","GL873566","5637451","5637747","92","5610114"
"KQ053138v1","35120","35399","GL873752","219309","219580","67","184189"
"KQ053138v1","35425","35489","GL873538","12602541","12602589","32","12567116"
"KQ053139v1","29309","29606","GL873737","1691288","1691582","56","1661979"
"KQ053142v1","29780","30097","GL873546","13542628","13542944","63","13512848"
"KQ053142v1","36020","36242","GL873730","1129261","1129488","52","1093241"
"KQ053144v1","104202","104497","GL873527","11533238","11533536","60","11429036"
"KQ053144v1","148941","149207","GL873631","3449698","3449977","60","3300757"
"KQ053144v1","196977","197249","GL873520","30303968","30304235","53","30106991"
"KQ053146v1","94609","94897","GL873586","3828887","3829179","71","3734278"
"KQ053146v1","394619","394920","GL873586","3828887","3829179","69","3434268"
"KQ053146v1","500972","501263","GL873676","1881961","1882246","73","1380989"
"KQ053146v1","569568","569882","GL873615","5162108","5162422","66","4592540"
"KQ053146v1","625396","625678","GL873520","60547712","60548005","69","59922316"
"KQ053146v1","691713","691979","GL873615","499123","499396","76","192590"
"KQ053146v1","768826","768949","GL873521","24637910","24638029","29","23869084"
"KQ053146v1","795271","795568","GL873537","20108472","20108765","64","19313201"
"KQ053146v1","812647","812868","GL873547","9104520","9104727","54","8291873"
"KQ053146v1","879799","880048","GL873534","6538129","6538399","73","5658330"
"KQ053146v1","888995","889256","GL873547","14195005","14195265","70","13306010"
"KQ053146v1","980164","980444","GL873667","3712894","3713183","67","2732730"
"KQ053146v1","1007069","1007314","GL873637","1983090","1983335","70","976021"
"KQ053146v1","1049994","1050204","GL873544","13832342","13832547","50","12782348"
"KQ053146v1","1088791","1089085","GL873522","4222168","4222461","61","3133377"
"KQ053146v1","1109884","1110171","GL873536","13622290","13622562","77","12512406"
"KQ053146v1","1115020","1115332","GL873646","5530496","5530792","72","4415476"
"KQ053146v1","1118102","1118393","GL873677","4203427","4203715","58","3085325"
"KQ053146v1","1123108","1123429","GL873615","5162108","5162422","70","4039000"
"KQ053146v1","1206792","1207009","GL873566","13161077","13161300","51","11954285"
"KQ053146v1","1222355","1222639","GL873550","9167374","9167653","74","7945019"
"KQ053146v1","1295888","1296032","GL873534","15947313","15947442","43","14651425"
"KQ053146v1","1329417","1329695","GL873586","1001592","1001874","63","327825"
"KQ053146v1","1478310","1478603","GL873553","8983800","8984091","53","7505490"
"KQ053146v1","1582103","1582393","GL873596","3562116","3562414","65","1980013"
"KQ053146v1","1645419","1645690","GL873610","5075504","5075777","62","3430085"
"KQ053146v1","1815732","1815912","GL873548","4074362","4074536","64","2258630"
"KQ053146v1","1842873","1843122","GL873522","37113618","37113863","93","35270745"
"KQ053146v1","1948149","1948417","GL873543","15288242","15288513","73","13340093"
"KQ053146v1","1950414","1950709","GL873646","5190626","5190920","67","3240212"
"KQ053146v1","1962481","1962765","GL873569","10832503","10832794","70","8870022"
"KQ053146v1","1967239","1967329","GL873822","642626","642719","19","1324613"
"KQ053146v1","1967335","1967460","GL873551","4255823","4255945","23","2288488"
"KQ053146v1","2015877","2016149","GL873638","1262596","1262866","72","753281"
"KQ053146v1","2033441","2033661","GL873586","9651668","9651899","52","7618227"
"KQ053146v1","2059405","2059708","GL873706","291348","291645","65","1768057"
"KQ053146v1","2111405","2111540","GL873551","10947561","10947669","50","8836156"
"KQ053146v1","2116328","2116535","GL873520","30537935","30538141","47","28421607"
"KQ053146v1","2128981","2129218","GL873530","1615736","1615993","70","513245"
"KQ053146v1","2171695","2171991","GL873623","6459306","6459605","65","4287611"
"KQ053146v1","2189210","2189353","GL873533","13896451","13896593","47","11707241"
"KQ053146v1","2206443","2206564","GL873646","2932986","2933108","22","726543"
"KQ053146v1","2225440","2225759","GL873556","996424","996728","81","1229016"
"KQ053146v1","2225854","2226151","GL873720","1268124","1268434","65","957730"
"KQ053146v1","2229594","2229907","GL873570","208301","208614","72","2021293"
"KQ053146v1","2230981","2231159","GL873564","4371507","4371687","39","2140526"
"KQ053146v1","2233103","2233389","GL873526","27363782","27364052","65","25130679"
"KQ053146v1","2247425","2247689","GL873540","8701952","8702222","61","6454527"
"KQ053146v1","2254272","2254543","GL873618","2436547","2436821","66","182275"
"KQ053146v1","2265914","2266230","GL873540","11122200","11122500","89","8856286"
"KQ053146v1","2266494","2266797","GL873677","3216100","3216400","65","949606"
"KQ053146v1","2268693","2268992","GL873533","23793613","23793905","64","21524920"
"KQ053146v1","2275327","2275616","GL873608","7006902","7007186","80","4731575"
"KQ053146v1","2282313","2282552","GL873708","1741372","1741622","73","540941"
"KQ053146v1","2335885","2335971","GL873612","1891104","1891183","17","444781"
"KQ053146v1","2340465","2340762","GL873524","43225519","43225816","59","40885054"
"KQ053146v1","2343418","2343702","GL873657","3029272","3029566","64","685854"
"KQ053146v1","2344276","2344551","GL873752","219309","219580","57","2124967"
"KQ053146v1","2346638","2346982","GL873547","9618226","9618551","88","7271588"
"KQ053146v1","2362773","2362892","GL873659","1219404","1219517","26","1143369"
"KQ053146v1","2373741","2374042","GL873558","12116555","12116839","59","9742814"
"KQ053146v1","2378741","2378912","GL873606","8192802","8192988","56","5814061"
"KQ053146v1","2393454","2393760","GL873624","881059","881360","75","1512395"
"KQ053146v1","2399536","2399821","AAQR03198726","220","503","52","2399316"
"KQ053146v1","2400254","2400557","GL873568","4562469","4562774","62","2162215"
"KQ053146v1","2406656","2406743","GL873520","46947186","46947266","26","44540530"
"KQ053146v1","2423184","2423499","GL873531","10476487","10476786","89","8053303"
"KQ053146v1","2426573","2426861","GL873596","3562116","3562414","76","1135543"
"KQ053146v1","2427105","2427379","GL873616","2081382","2081647","63","345723"
"KQ053146v1","2436773","2437047","GL873539","17033709","17033987","68","14596936"
"KQ053146v1","2451770","2451968","GL873579","11042363","11042566","55","8590593"
"KQ053146v1","2451986","2452273","GL873537","14097659","14097958","63","11645673"
"KQ053146v1","2470912","2471215","GL873596","3562116","3562414","65","1091204"
"KQ053146v1","2553284","2553562","GL873612","273209","273490","63","2280075"
"KQ053146v1","2631889","2632129","GL873551","11901320","11901558","59","9269431"
"KQ053146v1","2641280","2641594","GL873579","984876","985165","73","1656404"
"KQ053146v1","2654311","2654575","GL873645","1936937","1937204","63","717374"
"KQ053146v1","2661542","2661827","GL873529","29023011","29023302","58","26361469"
"KQ053146v1","2669148","2669242","GL873601","3726384","3726464","25","1057236"
"KQ053146v1","2695270","2695479","GL873566","13161077","13161300","53","10465807"
"KQ053146v1","2727375","2727542","GL873577","4898264","4898426","31","2170889"
"KQ053146v1","2729400","2729689","GL873613","4450657","4450940","53","1721257"
"KQ053146v1","2735820","2735936","GL873637","3392350","3392471","20","656530"
"KQ053146v1","2744967","2745089","GL873530","25690947","25691059","30","22945980"
"KQ053146v1","2745386","2745567","GL873677","3674922","3675096","51","929536"
"KQ053146v1","2778850","2779162","GL873556","996424","996728","95","1782426"
"KQ053146v1","2781899","2782190","GL873671","1289718","1290012","61","1492181"
"KQ053146v1","2783056","2783177","GL873677","4208162","4208286","26","1425106"
"KQ053146v1","2784178","2784507","GL873557","7267236","7267535","81","4483058"
"KQ053146v1","2785715","2786023","GL873572","9034316","9034616","65","6248601"
"KQ053146v1","2789706","2790028","GL873563","5489805","5490109","68","2700099"
"KQ053146v1","2792598","2792888","GL873535","12038298","12038580","52","9245700"
"KQ053146v1","2794302","2794537","GL873587","2132152","2132387","62","662150"
"KQ053146v1","2794773","2795065","GL873522","4222168","4222461","59","1427395"
"KQ053146v1","2796882","2796963","GL873624","3970235","3970318","20","1173353"
"KQ053146v1","2825770","2826019","GL873584","1327101","1327354","76","1498669"
"KQ053146v1","2831465","2831589","GL873591","5814379","5814504","23","2982914"
"KQ053146v1","2836287","2836547","GL873523","29003618","29003875","53","26167331"
"KQ053146v1","2852342","2852635","GL873545","1673397","1673691","62","1178945"
"KQ053146v1","2859023","2859332","GL873545","20390330","20390642","70","17531307"
"KQ053146v1","2862331","2862616","GL873542","1340847","1341130","57","1521484"
"KQ053146v1","2866628","2866894","GL873590","3827765","3828043","70","961137"
"KQ053146v1","2880299","2880643","GL873624","4145937","4146255","87","1265638"
"KQ053147v1","99121","99422","GL873537","23325667","23325965","78","23226546"
"KQ053147v1","136409","136687","GL873537","25656087","25656361","65","25519678"
"KQ053147v1","182794","183046","GL873563","7829489","7829739","65","7646695"
"KQ053147v1","336394","336698","GL873561","9330005","9330309","72","8993611"
"KQ053147v1","346040","346324","GL873520","38124828","38125119","67","37778788"
"KQ053147v1","348972","349280","GL873663","4135704","4136012","68","3786732"
"KQ053147v1","391083","391319","GL873664","1391248","1391483","69","1000165"
"KQ053147v1","428507","428801","GL873619","2816705","2816991","54","2388198"
"KQ053147v1","433955","434168","GL873526","40957560","40957777","48","40523605"
"KQ053147v1","447153","447454","GL873543","15754639","15754946","71","15307486"
"KQ053147v1","486689","487021","GL873528","2358001","2358321","84","1871312"
"KQ053147v1","497594","497896","GL873572","9034316","9034616","57","8536722"
"KQ053147v1","498021","498224","GL873595","5966599","5966798","47","5468578"
"KQ053147v1","525170","525540","GL873574","8287269","8287594","105","7762099"
"KQ053147v1","563980","564274","GL873575","2687372","2687665","68","2123392"
"KQ053147v1","599467","599634","GL873646","2363554","2363720","44","1764087"
"KQ053147v1","600666","600954","GL873524","42149014","42149308","59","41548348"
"KQ053147v1","664115","664400","GL873672","293776","294055","74","370339"
"KQ053147v1","693052","693349","GL873537","20108472","20108765","60","19415420"
"KQ053147v1","723362","723593","GL873523","39518511","39518749","65","38795149"
"KQ053147v1","778949","779073","GL873524","6260924","6261048","20","5481975"
"KQ053147v1","788185","788479","GL873598","8338964","8339257","65","7550779"
"KQ053147v1","816531","816660","GL873671","920420","920550","26","103889"
"KQ053147v1","817949","818116","GL873526","23446231","23446412","53","22628282"
"KQ053147v1","828081","828389","GL873541","18220450","18220758","66","17392369"
"KQ053147v1","830202","830461","GL873615","3987376","3987642","65","3157174"
"KQ053147v1","873833","874128","GL873561","9330005","9330309","59","8456172"
"KQ053147v1","993543","993820","GL873551","12071656","12071921","74","11078113"
"KQ053147v1","1000030","1000191","GL873548","13275919","13276073","37","12275889"
"KQ053147v1","1000720","1000885","GL873524","8964674","8964839","45","7963954"
"KQ053147v1","1028896","1029191","GL873596","6955959","6956250","65","5927063"
"KQ053147v1","1029655","1029969","GL873533","27790671","27790986","74","26761016"
"KQ053147v1","1110102","1110390","GL873653","2463372","2463673","76","1353270"
"KQ053147v1","1393994","1394262","GL873607","1421139","1421397","70","27145"
"KQ053147v1","1426678","1426959","GL873539","14839213","14839487","77","13412535"
"KQ053147v1","1548091","1548380","GL873643","4844327","4844611","67","3296236"
"KQ053148v1","473","799","GL873522","18765454","18765778","76","18764981"
"KQ053148v1","2805","3155","GL873538","14786840","14787161","85","14784035"
"KQ053148v1","10934","11246","GL873535","19781152","19781455","83","19770218"
"KQ053149v1","41825","41948","GL873834","415652","415774","26","373827"
"KQ053149v1","87691","87808","GL873527","7993329","7993445","27","7905638"
"KQ053150v1","46040","46346","GL873563","12809879","12810178","74","12763839"
"KQ053150v1","94910","94981","GL873522","33935514","33935588","16","33840604"
"KQ053150v1","105440","105742","GL873542","6622464","6622760","88","6517024"
"KQ053150v1","109268","109553","GL873544","12852108","12852394","36","12742840"
"KQ053150v1","148876","149172","GL873535","15017675","15017969","82","14868799"
"KQ053150v1","152024","152311","GL873544","12852108","12852394","61","12700084"
"KQ053151v1","124712","124978","GL873550","9436456","9436728","63","9311744"
"KQ053151v1","218923","219216","GL873577","10149931","10150226","61","9931008"
"KQ053151v1","227431","227587","GL873548","15426227","15426376","38","15198796"
"KQ053151v1","259291","259570","GL873529","18065675","18065959","59","17806384"
"KQ053151v1","260794","261015","GL873615","239286","239511","52","21508"
"KQ053151v1","269596","269895","GL873800","736311","736599","62","466715"
"KQ053151v1","311352","311652","GL873677","2251813","2252104","63","1940461"
"KQ053151v1","336339","336630","GL873526","868514","868798","62","532175"
"KQ053151v1","343364","343678","GL873634","6620976","6621283","71","6277612"
"KQ053151v1","344815","345104","GL873716","1775012","1775306","62","1430197"
"KQ053151v1","394360","394658","GL873596","3024269","3024565","62","2629909"
"KQ053151v1","432477","432779","GL873528","4452981","4453269","75","4020504"
"KQ053151v1","455835","456090","GL873634","652582","652828","56","196747"
"KQ053154v1","11203","11424","GL873569","7432647","7432866","62","7421444"
"KQ053156v1","11112","11363","GL873578","6797196","6797452","54","6786084"
"KQ053156v1","49968","50233","GL873535","21747141","21747410","69","21697173"
"KQ053156v1","75517","75798","GL873579","2665523","2665809","55","2590006"
"KQ053156v1","95847","96145","GL873527","5705356","5705648","70","5609509"
"KQ053156v1","105797","106072","GL873693","2634108","2634374","74","2528311"
"KQ053156v1","180774","181026","GL873521","20853076","20853325","65","20672302"
"KQ053156v1","200434","200559","GL873671","920420","920550","25","719986"
"KQ053157v1","63943","64248","GL873611","3218536","3218819","82","3154593"
"KQ053157v1","218194","218502","GL873657","3029272","3029566","74","2811078"
"KQ053157v1","292194","292495","GL873690","1186536","1186829","65","894342"
"KQ053157v1","299132","299362","GL873568","9162163","9162390","49","8863031"
"KQ053157v1","319300","319449","GL873571","352739","352904","50","33439"
"KQ053157v1","333434","333546","GL873591","8929862","8929981","22","8596428"
"KQ053157v1","338654","338881","GL873548","14383282","14383504","52","14044628"
"KQ053157v1","343308","343589","GL873585","1585663","1585945","67","1242355"
"KQ053157v1","347223","347346","GL873651","1416328","1416451","20","1069105"
"KQ053157v1","348616","348899","GL873749","1895003","1895278","57","1546387"
"KQ053157v1","361975","362244","GL873573","3786511","3786793","68","3424536"
"KQ053157v1","372927","373238","GL873724","2082729","2083029","67","1709802"
"KQ053157v1","401944","402245","GL873521","49874189","49874492","64","49472245"
"KQ053157v1","403691","403954","GL873525","13736761","13737023","68","13333070"
"KQ053157v1","410947","411241","GL873548","13933563","13933854","79","13522616"
"KQ053157v1","419024","419289","GL873679","2648388","2648640","71","2229364"
"KQ053157v1","420046","420322","GL873592","1470771","1471046","72","1050725"
"KQ053157v1","434880","435178","GL873530","10599809","10600111","67","10164929"
"KQ053157v1","440290","440581","GL873631","1772","2067","79","438518"
"KQ053157v1","441925","442190","GL873653","3996316","3996588","69","3554391"
"KQ053157v1","451188","451315","GL873601","5155770","5155900","23","4704582"
"KQ053157v1","451599","451763","GL873570","11312154","11312300","40","10860555"
"KQ053157v1","454120","454403","GL873520","28261616","28261886","70","27807496"
"KQ053157v1","464768","465091","GL873646","3859535","3859845","79","3394767"
"KQ053157v1","482080","482380","GL873537","23325667","23325965","60","22843587"
"KQ053157v1","494078","494362","GL873677","4203427","4203715","60","3709349"
"KQ053157v1","494498","494808","GL873591","6395821","6396131","66","5901323"
"KQ053157v1","522692","522972","GL873584","9283875","9284154","63","8761183"
"KQ053157v1","527813","527953","GL873715","2056021","2056164","31","1528208"
"KQ053157v1","573627","573927","GL873545","17052684","17052979","63","16479057"
"KQ053157v1","651388","651694","GL873526","28619796","28620107","60","27968408"
"KQ053157v1","671710","671997","GL873586","8120080","8120363","64","7448370"
"KQ053157v1","770524","770775","GL873520","9471122","9471373","53","8700598"
"KQ053157v1","774857","775003","GL873628","3605684","3605823","31","2830827"
"KQ053157v1","802243","802439","GL873539","26980830","26981031","51","26178587"
"KQ053157v1","854700","854988","GL873613","7768900","7769194","75","6914200"
"KQ053157v1","996376","996656","GL873608","2208853","2209125","60","1212477"
"KQ053157v1","1014621","1014928","GL873538","22890507","22890814","76","21875886"
"KQ053157v1","1159654","1159956","GL873548","17370076","17370375","73","16210422"
"KQ053157v1","1174663","1174974","GL873540","22714851","22715162","61","21540188"
"KQ053157v1","1192524","1192827","GL873530","17375868","17376165","68","16183344"
"KQ053157v1","1270318","1270621","GL873529","16865259","16865563","67","15594941"
"KQ053157v1","1339390","1339541","GL873536","13171830","13171977","42","11832440"
"KQ053157v1","1490300","1490621","GL873615","5162108","5162422","74","3671808"
"KQ053157v1","1544452","1544747","GL873531","27860265","27860563","57","26315813"
"KQ053157v1","1566130","1566406","GL873606","6275422","6275693","68","4709292"
"KQ053157v1","1569490","1569569","GL873543","986166","986235","24","583324"
"KQ053157v1","1569595","1569712","GL873526","20392718","20392833","22","18823123"
"KQ053157v1","1602618","1602820","GL873575","7419637","7419836","47","5817019"
"KQ053157v1","1693528","1693806","GL873524","42731007","42731285","62","41037479"
"KQ053157v1","1723659","1723927","GL873561","13826809","13827093","60","12103150"
"KQ053157v1","1761894","1762107","GL873528","6359335","6359545","47","4597441"
"KQ053157v1","1819535","1819829","GL873530","16695374","16695671","65","14875839"
"KQ053157v1","1901477","1901742","GL873562","12691146","12691414","66","10789669"
"KQ053157v1","1936349","1936654","GL873520","70789629","70789931","78","68853280"
"KQ053157v1","2047842","2048140","GL873663","472158","472454","74","1575684"
"KQ053157v1","2214608","2214834","GL873530","24277029","24277256","40","22062421"
"KQ053157v1","2239235","2239523","GL873677","2340073","2340369","73","100838"
"KQ053157v1","2373209","2373318","GL873522","43121372","43121483","25","40748163"
"KQ053157v1","2433002","2433314","GL873720","1268124","1268434","61","1164878"
"KQ053157v1","2436598","2436905","GL873572","9034316","9034616","64","6597718"
"KQ053157v1","2438336","2438637","GL873523","5237401","5237693","64","2799065"
"KQ053157v1","2444812","2445102","GL873612","273209","273490","55","2171603"
"KQ053157v1","2456136","2456440","GL873537","7188502","7188797","66","4732366"
"KQ053157v1","2459986","2460164","GL873538","1707462","1707639","41","752524"
"KQ053157v1","2489092","2489417","GL873771","1351048","1351358","87","1138044"
"KQ053157v1","2594757","2595073","GL873531","19369345","19369649","72","16774588"
"KQ053157v1","2657583","2657876","GL873570","11394548","11394837","55","8736965"
"KQ053157v1","2664561","2664739","GL873660","1357553","1357730","45","1307008"
"KQ053157v1","2665844","2666147","GL873557","7267236","7267535","61","4601392"
"KQ053157v1","2696487","2696783","GL873657","3029272","3029566","80","332785"
"KQ053157v1","3112975","3113172","GL873523","43616814","43617002","47","40503839"
"KQ053157v1","3244691","3244975","GL873522","40388442","40388729","71","37143751"
"KQ053157v1","3456961","3457267","GL873537","21410001","21410301","71","17953040"
"KQ053157v1","3510822","3511112","GL873720","346453","346749","66","3164369"
"KQ053157v1","3513100","3513397","GL873720","343123","343412","63","3169977"
"KQ053157v1","3546731","3547034","GL873522","44570582","44570880","60","41023851"
"KQ053157v1","3602134","3602437","GL873530","28263781","28264089","63","24661647"
"KQ053157v1","3639187","3639432","GL873618","216646","216898","68","3422541"
"KQ053157v1","3684047","3684148","GL873625","3335086","3335185","23","348961"
"KQ053157v1","3732764","3733064","GL873577","10149931","10150226","67","6417167"
"KQ053157v1","3742993","3743292","GL873577","10149931","10150226","68","6406938"
"KQ053157v1","3745976","3746272","GL873577","10149931","10150226","69","6403955"
"KQ053157v1","3758587","3758701","GL873614","7970114","7970230","23","4211527"
"KQ053157v1","3796857","3797151","GL873545","17052684","17052979","63","13255827"
"KQ053157v1","3862008","3862278","GL873533","2623226","2623495","77","1238782"
"KQ053157v1","3935386","3935692","GL873538","6925462","6925764","69","2990076"
"KQ053157v1","4033768","4034054","GL873544","12852108","12852394","52","8818340"
"KQ053157v1","4041928","4042222","GL873610","4431407","4431713","63","389479"
"KQ053157v1","4129382","4129670","GL873646","999713","1000000","58","3129669"
"KQ053157v1","4279195","4279301","GL873548","16802881","16802994","22","12523686"
"KQ053157v1","4359533","4359824","GL873631","4361857","4362155","61","2324"
"KQ053157v1","4407200","4407511","GL873596","3562116","3562414","74","845084"
"KQ053157v1","4459706","4460000","GL873690","1186536","1186829","56","3273170"
"KQ053157v1","4508674","4508798","GL873539","2890791","2890917","22","1617883"
"KQ053157v1","4539677","4539974","GL873800","736311","736599","54","3803366"
"KQ053157v1","4834772","4835040","GL873532","13087138","13087416","57","8252366"
"KQ053157v1","4849352","4849505","GL873533","28250206","28250364","36","23400854"
"KQ053157v1","4852461","4852751","GL873828","414101","414383","59","4438360"
"KQ053157v1","4853733","4853895","GL873740","668373","668539","40","4185360"
"KQ053157v1","4957722","4958031","GL873575","2687372","2687665","69","2270350"
"KQ053157v1","4967334","4967611","GL873561","13826809","13827093","59","8859475"
"KQ053157v1","5025313","5025619","GL873565","467680","467977","56","4557633"
"KQ053157v1","5058847","5059116","GL873525","20016396","20016667","67","14957549"
"KQ053157v1","5077173","5077479","GL873624","881059","881360","71","4196114"
"KQ053157v1","5078905","5079069","GL873577","4898264","4898426","30","180641"
"KQ053157v1","5160491","5160844","GL873640","301920","302235","105","4858571"
"KQ053157v1","5190264","5190561","GL873677","2251813","2252104","67","2938451"
"KQ053157v1","5201536","5201850","GL873520","69943364","69943673","62","64741828"
"KQ053157v1","5279825","5280109","GL873538","3757160","3757448","74","1522665"
"KQ053157v1","5300163","5300293","GL873550","329177","329308","18","4970986"
"KQ053157v1","5341002","5341301","GL873565","9471459","9471742","71","4130457"
"KQ053157v1","5373523","5373820","GL873537","23325667","23325965","57","17952144"
"KQ053157v1","5377111","5377432","GL873720","1268124","1268434","70","4108987"
"KQ053157v1","5435347","5435634","GL873530","26485863","26486146","58","21050516"
"KQ053157v1","5462984","5463159","GL873520","16598883","16599051","36","11135899"
"KQ053157v1","5463482","5463623","GL873584","2127547","2127679","38","3335935"
"KQ053157v1","5472445","5472719","GL873674","3732182","3732458","58","1740263"
"KQ053157v1","5475345","5475657","GL873530","28639620","28639925","61","23164275"
"KQ053157v1","5523989","5524280","GL873527","25101599","25101892","45","19577610"
"KQ053157v1","5554013","5554316","GL873610","4431407","4431713","57","1122606"
"KQ053157v1","5593081","5593325","GL873540","20714394","20714639","60","15121313"
"KQ053157v1","5609713","5610014","GL873625","3750560","3750850","64","1859153"
"KQ053157v1","5637289","5637591","GL873544","20315778","20316071","65","14678489"
"KQ053157v1","5649709","5649977","GL873569","10006129","10006398","62","4356420"
"KQ053157v1","5666235","5666519","GL873677","1383525","1383805","63","4282710"
"KQ053157v1","5670064","5670345","GL873752","219309","219580","51","5450755"
"KQ053157v1","5684169","5684446","GL873543","1740951","1741228","63","3943218"
"KQ053157v1","5697937","5698105","GL873577","4898264","4898426","34","799673"
"KQ053157v1","5726076","5726234","GL873677","3090057","3090216","31","2636019"
"KQ053157v1","5726329","5726468","GL873537","6930739","6930868","32","1204410"
"KQ053157v1","5752040","5752241","GL873574","11629061","11629252","55","5877021"
"KQ053157v1","5752570","5752699","GL873526","10906259","10906385","28","5153689"
"KQ053157v1","5865422","5865646","GL873533","9690889","9691109","49","3825467"
"KQ053157v1","5911142","5911427","GL873548","1041503","1041791","64","4869639"
"KQ053157v1","5981402","5981659","GL873822","345632","345890","49","5635770"
"KQ053157v1","6366107","6366411","GL873533","23793613","23793905","56","17427506"
"KQ053157v1","6370018","6370327","GL873533","23793613","23793905","56","17423595"
"KQ053157v1","6393873","6394165","GL873607","297784","298070","66","6096089"
"KQ053157v1","6415677","6415965","GL873543","2904962","2905248","62","3510715"
"KQ053157v1","6454715","6455007","GL873528","4452981","4453269","63","2001734"
"KQ053157v1","6574827","6575129","GL873654","107855","108156","68","6466972"
"KQ053157v1","6587175","6587465","GL873544","12852108","12852394","61","6264933"
"KQ053157v1","6622710","6622993","GL873542","1844453","1844733","57","4778257"
"KQ053157v1","6640377","6640616","GL873640","6438412","6438648","62","201965"
"KQ053157v1","6734469","6734759","GL873593","3958983","3959265","53","2775486"
"KQ053157v1","6740209","6740498","GL873685","2663882","2664171","54","4076327"
"KQ053157v1","6746340","6746652","GL873534","24828530","24828825","64","18082190"
"KQ053157v1","6752489","6752597","GL873553","8435074","8435182","28","1682585"
"KQ053157v1","6752598","6752898","GL873537","20108472","20108765","52","13355874"
"KQ053157v1","6752899","6753094","GL873540","2418903","2419094","51","4333996"
"KQ053157v1","6786006","6786291","GL873752","219309","219580","58","6566697"
"KQ053157v1","6858071","6858358","GL873586","6889069","6889346","60","30998"
"KQ053157v1","6895461","6895701","GL873539","19728562","19728803","56","12833101"
"KQ053157v1","6913768","6913947","GL873551","18332970","18333126","39","11419202"
"KQ053157v1","6975230","6975315","GL873527","16657756","16657840","16","9682526"
"KQ053157v1","6978072","6978295","GL873627","5176554","5176781","45","1801518"
"KQ053157v1","6979362","6979669","GL873521","8076358","8076657","65","1096996"
"KQ053157v1","6985427","6985725","GL873545","16381881","16382184","57","9396454"
"KQ053157v1","7001070","7001262","GL873535","21020320","21020495","57","14019250"
"KQ053157v1","7096648","7096951","GL873542","273057","273353","72","6823591"
"KQ053157v1","7100290","7100570","GL873566","10700480","10700761","62","3600190"
"KQ053157v1","7101581","7101866","GL873548","16911479","16911770","62","9809898"
"KQ053157v1","7139261","7139560","GL873528","5032075","5032370","59","2107186"
"KQ053157v1","7140492","7140794","GL873573","2768355","2768640","71","4372137"
"KQ053157v1","7159009","7159305","GL873550","16740796","16741091","61","9581787"
"KQ053157v1","7166606","7166717","GL873530","4466830","4466943","27","2699776"
"KQ053157v1","7183048","7183349","GL873575","2687372","2687665","59","4495676"
"KQ053157v1","7188600","7188723","GL873540","9446474","9446596","19","2257874"
"KQ053157v1","7195583","7195704","GL873864","144989","145107","26","7050594"
"KQ053157v1","7195992","7196170","GL873677","3518199","3518384","48","3677793"
"KQ053157v1","7290811","7291101","GL873789","87737","88019","53","7203074"
"KQ053157v1","7291638","7291952","GL873591","6395821","6396131","66","895817"
"KQ053157v1","7296170","7296377","GL873625","5640863","5641072","53","1655307"
"KQ053157v1","7309029","7309329","GL873540","11122200","11122500","69","3813171"
"KQ053157v1","7310176","7310331","GL873551","18332970","18333126","38","11022794"
"KQ053157v1","7310608","7310779","GL873799","432682","432841","47","6877926"
"KQ053157v1","7315921","7316233","GL873545","14301906","14302218","67","6985985"
"KQ053157v1","7333507","7333804","GL873530","6899034","6899333","69","434473"
"KQ053157v1","7349274","7349530","GL873571","6475063","6475319","71","874211"
"KQ053157v1","7364591","7364888","GL873535","11877698","11878000","62","4513107"
"KQ053157v1","7366842","7366993","GL873529","16847158","16847309","36","9480316"
"KQ053157v1","7385174","7385442","GL873567","12254589","12254851","72","4869415"
"KQ053157v1","7394686","7394881","GL873637","2716038","2716227","60","4678648"
"KQ053157v1","7406062","7406332","GL873586","5528542","5528797","67","1877520"
"KQ053157v1","7418831","7419137","GL873596","8378412","8378699","67","959581"
"KQ053157v1","7424861","7425144","GL873586","3828887","3829179","59","3595974"
"KQ053157v1","7437273","7437577","GL873527","5721671","5721968","63","1715602"
"KQ053157v1","7462322","7462618","GL873524","42149014","42149308","48","34686692"
"KQ053157v1","7505680","7505977","GL873674","1262120","1262404","62","6243560"
"KQ053157v1","7543713","7544009","GL873561","923317","923608","65","6620396"
"KQ053157v1","7555295","7555492","GL873706","2930781","2930977","52","4624514"
"KQ053157v1","7596686","7596976","GL873575","2687372","2687665","57","4909314"
"KQ053157v1","7621643","7621744","GL873523","31761640","31761735","24","24139997"
"KQ053157v1","7718019","7718308","GL873550","9775132","9775420","59","2057113"
"KQ053157v1","7723492","7723797","GL873701","1489808","1490112","62","6233684"
"KQ053157v1","7761370","7761672","GL873556","996424","996728","62","6764946"
"KQ053157v1","7794948","7795246","GL873528","4452981","4453269","55","3341967"
"KQ053157v1","7851708","7851936","GL873761","1780040","1780263","52","6071668"
"KQ053157v1","7867370","7867555","GL873572","6338251","6338430","43","1529119"
"KQ053157v1","7904071","7904194","GL873521","52369650","52369771","23","44465579"
"KQ053157v1","7912183","7912476","GL873657","3029272","3029566","69","4882911"
"KQ053157v1","7919991","7920205","GL873547","9104520","9104727","54","1184529"
"KQ053157v1","7944945","7945235","GL873565","12300518","12300811","61","4355573"
"KQ053157v1","7957430","7957735","GL873530","16055785","16056089","63","8098355"
"KQ053157v1","7968065","7968354","GL873674","767639","767932","56","7200426"
"KQ053157v1","7971990","7972269","GL873542","14156809","14157081","67","6184819"
"KQ053157v1","7984150","7984476","GL873565","9727836","9728152","96","1743686"
"KQ053157v1","8039700","8040009","GL873572","9034316","9034616","67","994616"
"KQ053157v1","8069549","8069843","GL873544","12852108","12852394","50","4782559"
"KQ053157v1","8079188","8079503","GL873562","8490521","8490834","63","411333"
"KQ053157v1","8100633","8100955","GL873591","6395821","6396131","67","1704812"
"KQ053157v1","8112276","8112559","GL873522","40388442","40388729","58","32276166"
"KQ053157v1","8132464","8132553","GL873601","429190","429276","12","7703274"
"KQ053157v1","8162954","8163259","GL873557","7267236","7267535","63","895718"
"KQ053157v1","8174754","8175053","GL873538","1998739","1999037","62","6176015"
"KQ053157v1","8211609","8211872","GL873520","30303968","30304235","66","22092359"
"KQ053157v1","8213699","8213965","GL873520","30303968","30304235","70","22090269"
"KQ053157v1","8234211","8234490","GL873738","1635488","1635766","61","6598723"
"KQ053157v1","8236822","8237125","GL873657","3029272","3029566","70","5207550"
"KQ053157v1","8250068","8250367","GL873567","11848801","11849096","54","3598733"
"KQ053157v1","8269019","8269311","GL873537","23325667","23325965","59","15056648"
"KQ053157v1","8306263","8306432","GL873660","2690722","2690880","39","5615541"
"KQ053157v1","8346140","8346429","GL873526","25295506","25295789","61","16949366"
"KQ053157v1","8346888","8346992","GL873613","7382892","7382982","30","963996"
"KQ053157v1","8372174","8372480","GL873674","279705","280009","55","8092469"
"KQ053157v1","8455769","8456071","GL873545","20254912","20255212","58","11799143"
"KQ053158v1","35414","35726","GL873533","2046040","2046340","80","2010626"
"KQ053158v1","66182","66476","GL873524","6995935","6996215","86","6929753"
"KQ053158v1","96755","97075","GL873527","16320073","16320376","82","16223318"
"KQ053158v1","116936","117241","GL873579","11389569","11389864","84","11272633"
"KQ053158v1","139228","139538","GL873615","5162108","5162422","78","5022880"
"KQ053158v1","163173","163475","GL873533","11085321","11085600","73","10922148"
"KQ053158v1","203474","203756","GL873572","587498","587754","73","384024"
"KQ053160v1","134886","135182","GL873545","17052684","17052979","63","16917798"
"KQ053160v1","155430","155733","GL873537","16621791","16622090","63","16466361"
"KQ053160v1","179897","180198","GL873564","3975062","3975344","74","3795165"
"KQ053160v1","314224","314521","GL873596","3562116","3562414","76","3247892"
"KQ053161v1","24653","24903","GL873523","18942239","18942491","61","18917586"
"KQ053164v1","13841","14142","GL873636","3104548","3104855","66","3090707"
"KQ053164v1","42940","43228","GL873531","25381659","25381942","72","25338719"
"KQ053164v1","101467","101668","GL873521","24683293","24683478","56","24581826"
"KQ053164v1","200417","200695","GL873520","72570173","72570449","63","72369756"
"KQ053164v1","209734","210042","GL873557","7267236","7267535","72","7057502"
"KQ053164v1","233623","233910","GL873569","9339164","9339457","70","9105541"
"KQ053164v1","245456","245738","GL873691","1964797","1965080","71","1719341"
"KQ053164v1","339182","339494","GL873524","5188237","5188535","78","4849055"
"KQ053164v1","412308","412541","GL873613","5851680","5851898","63","5439372"
"KQ053166v1","6989","7292","GL873561","11527410","11527710","76","11520421"
"KQ053166v1","45984","46255","GL873550","6945626","6945897","66","6899642"
"KQ053166v1","201644","201956","GL873588","6897685","6897994","76","6696041"
"KQ053166v1","202113","202377","GL873568","12674938","12675190","71","12472825"
"KQ053168v1","25677","25988","GL873541","18220450","18220758","61","18194773"
"KQ053168v1","33424","33726","GL873599","3276892","3277190","72","3243468"
"KQ053168v1","111278","111587","GL873646","5530496","5530792","73","5419218"
"KQ053168v1","133329","133598","GL873611","607167","607439","71","473838"
"KQ053168v1","255589","255876","GL873526","25295506","25295789","62","25039917"
"KQ053168v1","277979","278262","GL873560","11614888","11615174","67","11336909"
"KQ053168v1","288599","288903","GL873606","8367928","8368230","57","8079329"
"KQ053168v1","332100","332403","GL873530","34155442","34155724","81","33823342"
"KQ053168v1","335543","335839","GL873537","20108472","20108765","49","19772929"
"KQ053168v1","347231","347421","GL873553","5251455","5251639","41","4904224"
"KQ053168v1","388017","388290","GL873527","25747467","25747736","77","25359450"
"KQ053168v1","394351","394636","GL873542","1165408","1165692","78","771057"
"KQ053168v1","397330","397630","GL873557","7046743","7047040","54","6649413"
"KQ053168v1","440937","441212","GL873574","7257039","7257302","74","6816102"
"KQ053168v1","471602","471913","GL873563","5489805","5490109","76","5018203"
"KQ053168v1","496124","496466","GL873540","9410260","9410586","87","8914136"
"KQ053168v1","497254","497530","GL873530","27114472","27114746","63","26617218"
"KQ053168v1","514112","514243","GL873564","3411630","3411757","22","2897518"
"KQ053168v1","571076","571378","GL873627","5097882","5098180","60","4526806"
"KQ053168v1","572842","573165","GL873569","6793228","6793532","85","6220386"
"KQ053168v1","578116","578423","GL873643","3346796","3347084","89","2768680"
"KQ053168v1","666429","666620","GL873526","16325682","16325865","59","15659253"
"KQ053168v1","747380","747628","GL873638","3706381","3706626","58","2959001"
"KQ053168v1","841621","841924","GL873609","7137543","7137854","63","6295922"
"KQ053168v1","1048656","1048922","GL873620","6299026","6299294","69","5250370"
"KQ053168v1","1144558","1144813","GL873611","4994670","4994910","62","3850112"
"KQ053168v1","1172012","1172294","GL873533","23633726","23633993","70","22461714"
"KQ053168v1","1178513","1178807","GL873831","401729","402015","81","776784"
"KQ053168v1","1199402","1199686","GL873541","21985689","21985982","66","20786287"
"KQ053168v1","1208518","1208812","GL873525","12278825","12279119","74","11070307"
"KQ053168v1","1264828","1265140","GL873521","4276201","4276500","76","3011373"
"KQ053168v1","1284641","1284822","GL873541","18409593","18409764","51","17124952"
"KQ053168v1","1285152","1285293","GL873530","18397593","18397726","32","17112441"
"KQ053168v1","1301484","1301615","GL873530","26696256","26696387","25","25394772"
"KQ053168v1","1304568","1304822","GL873548","3744619","3744879","87","2440051"
"KQ053168v1","1324606","1324735","GL873534","14292315","14292440","22","12967709"
"KQ053168v1","1334790","1335104","GL873596","8979189","8979479","72","7644399"
"KQ053168v1","1336027","1336326","GL873631","6629455","6629755","68","5293428"
"KQ053168v1","1337491","1337788","GL873556","996424","996728","65","341067"
"KQ053168v1","1361888","1362198","GL873624","4145937","4146255","66","2784049"
"KQ053168v1","1368804","1369025","GL873630","4058601","4058826","64","2689797"
"KQ053168v1","1629422","1629572","GL873548","15407841","15407978","41","13778419"
"KQ053168v1","1652074","1652201","GL873537","6930739","6930868","27","5278665"
"KQ053168v1","1655473","1655785","GL873529","17654556","17654858","83","15999083"
"KQ053168v1","1851567","1851770","GL873635","4324943","4325123","70","2473376"
"KQ053168v1","1946062","1946372","GL873657","3029272","3029566","68","1083210"
"KQ053168v1","1975835","1975969","GL873548","18022605","18022737","29","16046770"
"KQ053168v1","2045226","2045507","GL873536","11039988","11040262","69","8994762"
"KQ053168v1","2045566","2045833","GL873520","13221667","13221942","63","11176101"
"KQ053168v1","2048732","2049014","GL873752","219309","219580","62","1829423"
"KQ053168v1","2056572","2056854","GL873536","11039988","11040262","67","8983416"
"KQ053168v1","2056913","2057183","GL873548","15510967","15511237","61","13454054"
"KQ053168v1","2060084","2060234","GL873533","28250206","28250364","44","26190122"
"KQ053168v1","2061210","2061304","GL873534","969721","969816","19","1091489"
"KQ053168v1","2088366","2088721","GL873647","5219446","5219801","106","3131080"
"KQ053168v1","2099322","2099449","GL873523","39350288","39350411","25","37250966"
"KQ053168v1","2146000","2146310","GL873624","4145937","4146255","80","1999937"
"KQ053168v1","2148196","2148490","GL873538","3757160","3757448","62","1608964"
"KQ053168v1","2161228","2161510","GL873774","385968","386234","87","1775260"
"KQ053168v1","2175850","2176118","GL873523","9528798","9529072","70","7352948"
"KQ053168v1","2188952","2189263","GL873615","5889225","5889521","67","3700273"
"KQ053168v1","2219562","2219670","GL873528","3581594","3581700","27","1362032"
"KQ053168v1","2219997","2220197","GL873532","952414","952610","66","1267583"
"KQ053168v1","2231646","2231936","GL873599","3843599","3843887","64","1611953"
"KQ053168v1","2265184","2265453","GL873752","219309","219580","58","2045875"
"KQ053168v1","2502107","2502419","GL873544","21039211","21039519","71","18537104"
"KQ053168v1","2548822","2548895","GL873535","19158296","19158371","15","16609474"
"KQ053168v1","2626405","2626527","GL873834","415652","415774","23","2210753"
"KQ053169v1","26515","26733","GL873546","14122456","14122651","78","14095941"
"KQ053169v1","88901","89182","GL873752","1080579","1080847","81","991678"
"KQ053170v1","44961","45231","GL873530","27114472","27114746","71","27069511"
"KQ053170v1","57792","58063","GL873521","3415890","3416154","63","3358098"
"KQ053170v1","83331","83619","GL873529","15384264","15384546","62","15300933"
"KQ053170v1","134309","134592","GL873526","21819455","21819728","64","21685146"
"KQ053170v1","154586","154870","GL873547","7160581","7160854","69","7005995"
"KQ053170v1","192301","192596","GL873528","4452981","4453269","65","4260680"
"KQ053170v1","203051","203351","GL873664","4813585","4813876","70","4610534"
"KQ053170v1","217109","217390","GL873523","25103659","25103947","73","24886550"
"KQ053170v1","246070","246355","GL873526","17095961","17096254","69","16849891"
"KQ053170v1","249525","249819","GL873591","1508585","1508871","71","1259060"
"KQ053170v1","289030","289319","GL873625","5819542","5819828","60","5530512"
"KQ053170v1","341779","341914","GL873520","24084579","24084710","21","23742800"
"KQ053171v1","51573","51865","GL873525","8368691","8368984","64","8317118"
"KQ053171v1","123751","124004","GL873632","2531304","2531561","62","2407553"
"KQ053171v1","150618","150870","GL873540","17573847","17574090","64","17423229"
"KQ053172v1","84038","84329","GL873614","1996310","1996595","59","1912272"
"KQ053172v1","96063","96361","GL873537","23325667","23325965","67","23229604"
"KQ053172v1","154237","154529","GL873523","35749330","35749615","69","35595093"
"KQ053172v1","170800","171079","GL873526","25295506","25295789","63","25124706"
"KQ053174v1","94554","94836","GL873548","11327928","11328218","65","11233374"
"KQ053176v1","57571","57821","GL873678","628908","629161","56","571337"
"KQ053176v1","66633","66927","GL873537","20108472","20108765","55","20041839"
"KQ053176v1","166308","166571","GL874040","7263","7521","69","159045"
"KQ053176v1","178549","178748","GL873546","13829137","13829335","47","13650588"
"KQ053176v1","188235","188452","GL873522","21258404","21258617","55","21070169"
"KQ053177v1","22725","22848","GL873542","1259218","1259335","30","1236493"
"KQ053177v1","23492","23609","GL873567","13532607","13532720","32","13509115"
"KQ053178v1","215604","215923","GL873565","12235234","12235534","81","12019630"
"KQ053178v1","219388","219647","GL873557","6395178","6395429","58","6175790"
"KQ053178v1","375094","375391","GL873562","5328731","5329017","72","4953637"
"KQ053178v1","472536","472836","GL873522","22956190","22956486","67","22483654"
"KQ053179v1","121442","121746","GL873526","9439587","9439898","57","9318145"
"KQ053179v1","237432","237743","GL873537","20806240","20806550","67","20568808"
"KQ053179v1","336511","336782","GL873536","11777148","11777412","71","11440637"
"KQ053179v1","584012","584316","GL873526","13214346","13214644","68","12630334"
"KQ053179v1","608201","608407","GL873521","30472762","30472971","47","29864561"
"KQ053179v1","646917","647084","GL873619","4734021","4734194","58","4087104"
"KQ053179v1","677313","677605","GL873589","8355256","8355553","71","7677943"
"KQ053179v1","812313","812594","GL873731","837047","837332","65","24734"
"KQ053179v1","828692","828832","GL873794","685261","685399","36","143431"
"KQ053179v1","901898","902174","GL873721","1823603","1823884","65","921705"
"KQ053179v1","970093","970222","GL873640","5637254","5637381","23","4667161"
"KQ053179v1","998399","998695","GL873540","7506744","7507043","67","6508345"
"KQ053179v1","1124221","1124517","GL873677","2340073","2340369","71","1215852"
"KQ053179v1","1128738","1129037","GL873535","19117269","19117567","60","17988531"
"KQ053179v1","1158896","1159147","GL873677","2921531","2921786","71","1762635"
"KQ053179v1","1176246","1176542","GL873660","743632","743918","71","432614"
"KQ053179v1","1206441","1206569","GL873529","641282","641413","27","565159"
"KQ053179v1","1216329","1216492","GL873562","10180291","10180445","39","8963962"
"KQ053179v1","1220289","1220594","GL873529","2855620","2855915","65","1635331"
"KQ053179v1","1228821","1229071","GL873668","1518449","1518701","50","289628"
"KQ053179v1","1231398","1231688","GL873545","1994498","1994781","65","763100"
"KQ053179v1","1246581","1246861","GL873525","39330773","39331048","71","38084192"
"KQ053179v1","1260537","1260798","GL873523","29003618","29003875","53","27743081"
"KQ053179v1","1294821","1295123","GL873593","2667655","2667944","74","1372834"
"KQ053179v1","1312263","1312548","GL873543","2904962","2905248","58","1592699"
"KQ053179v1","1316799","1317075","GL873615","6211463","6211733","68","4894664"
"KQ053179v1","1325345","1325632","GL873526","25295506","25295789","57","23970161"
"KQ053179v1","1337646","1337839","GL873595","3418881","3419065","51","2081235"
"KQ053179v1","1340333","1340617","GL873533","15128008","15128290","71","13787675"
"KQ053179v1","1343177","1343481","GL873605","7214121","7214418","70","5870944"
"KQ053179v1","1346725","1346918","GL873595","3418881","3419065","51","2072156"
"KQ053179v1","1349412","1349696","GL873533","15128008","15128290","71","13778596"
"KQ053179v1","1412252","1412515","GL873520","19573814","19574073","66","18161562"
"KQ053179v1","1435407","1435708","GL873532","21611611","21611905","69","20176204"
"KQ053179v1","1452773","1452904","GL873592","1625878","1626007","24","173105"
"KQ053179v1","1507355","1507675","GL873577","7611226","7611549","91","6103871"
"KQ053179v1","1521683","1521964","GL873610","6508308","6508582","62","4986625"
"KQ053179v1","1571619","1571897","GL873540","4711812","4712090","59","3140193"
"KQ053179v1","1597356","1597623","GL873525","39406047","39406306","58","37808691"
"KQ053179v1","1605230","1605530","GL873528","4452981","4453269","74","2847751"
"KQ053179v1","1608023","1608187","GL873534","14551683","14551840","33","12943660"
"KQ053179v1","1632784","1633054","GL873531","29997638","29997909","67","28364854"
"KQ053179v1","1650275","1650576","GL873538","19622743","19623037","66","17972468"
"KQ053179v1","1657916","1658117","GL873522","21258404","21258617","50","19600488"
"KQ053179v1","1683684","1683972","GL873522","33662612","33662898","80","31978928"
"KQ053179v1","1690737","1691059","GL873537","25427325","25427657","104","23736588"
"KQ053179v1","1733504","1733780","GL873520","42967256","42967520","64","41233752"
"KQ053179v1","1733796","1733918","GL873606","941931","942053","23","791865"
"KQ053179v1","1749408","1749672","GL873590","1352898","1353163","71","396510"
"KQ053179v1","1751226","1751529","GL873530","17375868","17376165","63","15624642"
"KQ053179v1","1753422","1753566","GL873770","637527","637660","41","1115895"
"KQ053179v1","1753892","1754057","GL873534","14159190","14159365","48","12405298"
"KQ053179v1","1762742","1763003","GL873570","9393261","9393537","63","7630519"
"KQ053179v1","1786037","1786115","GL873520","46947186","46947266","19","45161149"
"KQ053179v1","1793649","1793944","GL873545","17052684","17052979","59","15259035"
"KQ053179v1","1800450","1800756","GL873553","8721851","8722161","74","6921401"
"KQ053179v1","1808851","1809119","GL873661","3460900","3461179","77","1652049"
"KQ053179v1","1813247","1813459","GL873579","11042363","11042566","54","9229116"
"KQ053179v1","1813798","1813821","GL873558","9911706","9911723","6","8097908"
"KQ053179v1","1827724","1827782","GL873536","5699470","5699526","20","3871746"
"KQ053179v1","1828113","1828363","GL873566","233792","234039","65","1594321"
"KQ053179v1","1841284","1841519","GL873562","10892602","10892830","48","9051318"
"KQ053179v1","1850607","1850855","GL873646","4018341","4018580","62","2167734"
"KQ053179v1","1896123","1896447","GL873575","4643146","4643439","95","2747023"
"KQ053179v1","1902879","1903196","GL873575","4643146","4643439","88","2740267"
"KQ053179v1","1940251","1940556","GL873720","1268124","1268434","61","672127"
"KQ053179v1","1947573","1947891","GL873720","1268124","1268434","71","679449"
"KQ053179v1","1958168","1958434","GL873563","9713700","9713970","64","7755532"
"KQ053179v1","1960073","1960362","GL873526","8284727","8285011","74","6324654"
"KQ053179v1","1963694","1963816","GL873628","1876330","1876452","19","87364"
"KQ053179v1","1987971","1988256","GL873593","3932570","3932849","99","1944599"
"KQ053179v1","1995780","1996012","GL873646","751820","752051","63","1243960"
"KQ053179v1","1996341","1996434","GL873541","2578906","2578995","18","582565"
"KQ053179v1","1997341","1997623","GL873543","17916430","17916698","75","15919089"
"KQ053179v1","1998354","1998619","GL873526","12865197","12865466","67","10866843"
"KQ053179v1","2007027","2007306","GL873731","181058","181352","74","1825969"
"KQ053179v1","2008128","2008310","GL873639","5284296","5284457","52","3276168"
"KQ053179v1","2028096","2028394","GL873546","16423062","16423344","64","14394966"
"KQ053179v1","2062359","2062483","GL873564","3265109","3265236","29","1202750"
"KQ053179v1","2092697","2092988","GL873557","5391009","5391313","71","3298312"
"KQ053179v1","2105235","2105354","GL873544","17752535","17752644","27","15647300"
"KQ053179v1","2107553","2107831","GL873593","3958983","3959265","71","1851430"
"KQ053179v1","2127289","2127559","GL873539","17033709","17033987","93","14906420"
"KQ053179v1","2140595","2140867","GL873541","18622612","18622871","82","16482017"
"KQ053179v1","2184439","2184716","GL873536","13622290","13622562","72","11437851"
"KQ053179v1","2187319","2187608","GL873527","11533238","11533536","63","9345919"
"KQ053179v1","2204974","2205229","GL873525","8931053","8931313","66","6726079"
"KQ053179v1","2207804","2208016","GL873522","3977611","3977816","62","1769807"
"KQ053179v1","2208398","2208624","GL873532","4184844","4185061","47","1976446"
"KQ053179v1","2211659","2211949","GL873521","8420231","8420499","87","6208572"
"KQ053179v1","2212309","2212424","GL873562","11187756","11187869","19","8975447"
"KQ053179v1","2220952","2221065","GL873566","13129476","13129591","23","10908524"
"KQ053179v1","2230382","2230558","GL873536","11098407","11098553","52","8868025"
"KQ053179v1","2231419","2231714","GL873618","1681545","1681828","57","549874"
"KQ053179v1","2251331","2251628","GL873524","42149014","42149308","61","39897683"
"KQ053179v1","2270964","2271232","GL873553","5257203","5257439","82","2986239"
"KQ053179v1","2284862","2285160","GL873657","3029272","3029566","62","744410"
"KQ053179v1","2290412","2290692","GL873610","6508308","6508582","63","4217896"
"KQ053179v1","2323105","2323417","GL873720","1268124","1268434","67","1054981"
"KQ053179v1","2340045","2340302","GL873820","421100","421346","65","1918945"
"KQ053179v1","2341079","2341390","GL873562","11292629","11292924","60","8951550"
"KQ053182v1","18343","18562","GL873529","14559599","14559814","70","14541256"
"KQ053185v1","3358","3638","GL873535","12775172","12775448","84","12771814"
"KQ053186v1","18586","18883","GL873560","12951592","12951892","55","12933006"
"KQ053186v1","98154","98268","GL873614","3749764","3749883","30","3651610"
"KQ053187v1","45288","45496","GL873523","24005577","24005782","50","23960289"
"KQ053187v1","65314","65610","GL873544","21039211","21039519","72","20973897"
"KQ053187v1","89529","89829","GL873556","996424","996728","71","906895"
"KQ053187v1","206626","206914","GL873625","3866384","3866654","61","3659758"
"KQ053187v1","295724","295947","GL873566","13161077","13161300","45","12865353"
"KQ053187v1","474478","474761","GL873526","27363782","27364052","69","26889304"
"KQ053187v1","504203","504502","GL873531","29541040","29541333","65","29036837"
"KQ053188v1","19685","19996","GL873522","30284994","30285298","65","30265309"
"KQ053188v1","29434","29744","GL873623","1693614","1693923","78","1664180"
"KQ053188v1","95801","95920","GL873540","24025229","24025350","18","23929428"
"KQ053188v1","125194","125301","GL873573","269515","269623","27","144321"
"KQ053188v1","130458","130732","GL873542","14156809","14157081","72","14026351"
"KQ053188v1","184406","184701","GL873569","10832503","10832794","60","10648097"
"KQ053188v1","190898","191201","GL873545","10314079","10314372","75","10123181"
"KQ053189v1","76598","76844","GL873569","6736052","6736306","69","6659454"
"KQ053190v1","24623","24911","GL873521","6835945","6836242","65","6811322"
"KQ053190v1","78417","78725","GL873615","5162108","5162422","66","5083691"
"KQ053190v1","145403","145724","GL873771","1351048","1351358","83","1205645"
"KQ053190v1","190670","190794","GL873540","20520291","20520415","25","20329621"
"KQ053190v1","364245","364542","GL873550","12835358","12835652","60","12471113"
"KQ053190v1","451216","451414","GL873524","6456913","6457100","52","6005697"
"KQ053190v1","468881","469195","GL873556","1326343","1326650","73","857462"
"KQ053190v1","472633","472920","GL873570","9602339","9602637","65","9129706"
"KQ053190v1","751452","751740","GL873629","2465427","2465711","66","1713975"
"KQ053190v1","837366","837656","GL873523","28150184","28150470","75","27312818"
"KQ053190v1","898389","898676","GL873551","872096","872374","64","26293"
"KQ053190v1","941318","941441","GL873628","1876330","1876452","21","935012"
"KQ053190v1","1139201","1139481","GL873691","1286765","1287055","60","147564"
"KQ053190v1","1265973","1266280","GL873544","10503361","10503660","64","9237388"
"KQ053190v1","1275383","1275684","GL873563","5489805","5490109","59","4214422"
"KQ053190v1","1283599","1283901","GL873568","4562469","4562774","67","3278870"
"KQ053190v1","1304327","1304605","GL873561","13826809","13827093","67","12522482"
"KQ053190v1","1333233","1333510","GL873703","2586939","2587218","70","1253706"
"KQ053190v1","1343517","1343804","GL873557","11830297","11830593","67","10486780"
"KQ053190v1","1380161","1380266","GL873528","24173103","24173198","25","22792942"
"KQ053190v1","1391933","1392202","GL873528","4485266","4485552","55","3093333"
"KQ053190v1","1401920","1402233","GL873557","3159396","3159707","77","1757476"
"KQ053190v1","1428573","1428865","GL873537","20108472","20108765","63","18679899"
"KQ053190v1","1436989","1437227","GL873520","28409160","28409392","64","26972171"
"KQ053190v1","1458291","1458603","GL873540","22714851","22715162","72","21256560"
"KQ053190v1","1461215","1461523","GL873537","20108472","20108765","63","18647257"
"KQ053190v1","1476572","1476836","GL873532","12767759","12768025","66","11291187"
"KQ053190v1","1490206","1490329","GL873564","11070575","11070697","20","9580369"
"KQ053190v1","1503674","1503904","GL873549","2138196","2138422","65","634522"
"KQ053190v1","1542481","1542796","GL873531","19369345","19369649","78","17826864"
"KQ053190v1","1557753","1558045","GL873533","11386997","11387294","56","9829244"
"KQ053190v1","1590006","1590309","GL873591","6865579","6865890","63","5275573"
"KQ053190v1","1604533","1604633","GL873537","6785","6885","27","1597748"
"KQ053190v1","1622359","1622618","GL873545","12445075","12445329","59","10822716"
"KQ053190v1","1636453","1636754","GL873536","14399550","14399846","63","12763097"
"KQ053190v1","1712080","1712222","GL873634","2976827","2976968","38","1264747"
"KQ053190v1","1744645","1744940","GL873562","7734050","7734344","67","5989405"
"KQ053190v1","1753607","1753903","GL873572","2445458","2445751","65","691851"
"KQ053190v1","1759189","1759371","GL873542","13265734","13265927","49","11506545"
"KQ053190v1","1809853","1810140","GL873566","13013070","13013346","64","11203217"
"KQ053190v1","1811359","1811658","GL873638","6183461","6183754","54","4372102"
"KQ053190v1","1822599","1822873","GL873542","1340847","1341130","87","481752"
"KQ053190v1","1830244","1830539","GL873527","36616137","36616425","78","34785893"
"KQ053190v1","1831994","1832299","GL873539","3790827","3791135","66","1958833"
"KQ053190v1","1832462","1832763","GL873540","24563702","24564003","77","22731240"
"KQ053190v1","1838942","1839209","GL873693","2634108","2634374","72","795166"
"KQ053190v1","1846122","1846230","GL873697","3397234","3397337","26","1551112"
"KQ053190v1","1848297","1848571","GL873531","29723463","29723734","65","27875166"
"KQ053190v1","1859542","1859665","GL873555","6899795","6899927","30","5040253"
"KQ053190v1","1872144","1872435","GL873544","20315778","20316071","73","18443634"
"KQ053190v1","1876016","1876205","GL873556","10374250","10374429","40","8498234"
"KQ053190v1","1878458","1878756","GL873638","4772364","4772657","64","2893906"
"KQ053190v1","1882684","1882968","GL873539","5174404","5174680","70","3291720"
"KQ053190v1","1912491","1912566","GL873544","10166709","10166787","22","8254218"
"KQ053190v1","1917505","1917803","GL873635","3120419","3120703","77","1202914"
"KQ053190v1","1957673","1957951","GL873526","21819455","21819728","57","19861782"
"KQ053190v1","1975408","1975605","GL873529","27264073","27264267","50","25288665"
"KQ053190v1","1975655","1975896","GL873596","4846996","4847232","66","2871341"
"KQ053190v1","2002035","2002327","GL873584","9549953","9550247","60","7547918"
"KQ053190v1","2004030","2004331","GL873533","23793613","23793905","63","21789583"
"KQ053190v1","2028697","2029005","GL873596","3562116","3562414","71","1533419"
"KQ053190v1","2029076","2029370","GL873656","627007","627301","64","1402069"
"KQ053190v1","2046662","2046953","GL873572","7618273","7618565","63","5571611"
"KQ053190v1","2098342","2098465","GL873834","415652","415774","20","1682690"
"KQ053190v1","2103599","2103898","GL873523","9518986","9519282","70","7415387"
"KQ053190v1","2107087","2107330","GL873563","5062999","5063251","67","2955912"
"KQ053190v1","2140852","2141112","GL873571","6475063","6475319","64","4334211"
"KQ053190v1","2158632","2158933","GL873579","9758474","9758769","66","7599842"
"KQ053190v1","2229074","2229345","GL873596","6774480","6774760","77","4545406"
"KQ053190v1","2258222","2258538","GL873545","20390330","20390642","72","18132108"
"KQ053190v1","2276438","2276750","GL873588","6897685","6897994","74","4621247"
"KQ053190v1","2298964","2299235","GL873579","11141374","11141638","76","8842410"
"KQ053190v1","2325240","2325561","GL873575","2687372","2687665","86","362132"
"KQ053190v1","2336125","2336352","GL873579","11042363","11042566","66","8706238"
"KQ053190v1","2343324","2343594","GL873610","6508308","6508582","61","4164984"
"KQ053190v1","2351666","2351966","GL873524","43577965","43578256","73","41226299"
"KQ053190v1","2354933","2355232","GL873524","43577965","43578256","73","41223032"
"KQ053190v1","2361103","2361406","GL873524","43577965","43578256","71","41216862"
"KQ053190v1","2393937","2394097","GL873596","6851244","6851389","53","4457307"
"KQ053190v1","2401013","2401194","GL873805","160194","160390","45","2240819"
"KQ053190v1","2444207","2444457","GL873537","27309272","27309529","71","24865065"
"KQ053190v1","2499330","2499631","GL873539","18506813","18507102","67","16007483"
"KQ053190v1","2501723","2502001","GL873624","2242923","2243207","66","258800"
"KQ053190v1","2537847","2538156","GL873523","32269663","32269962","67","29731816"
"KQ053190v1","2610843","2611137","GL873608","5261767","5262063","56","2650924"
"KQ053190v1","2613385","2613659","GL873606","5355796","5356059","65","2742411"
"KQ053190v1","2624107","2624379","AAQR03197459","355","630","68","2623752"
"KQ053190v1","2630613","2630811","GL873522","4963073","4963271","63","2332460"
"KQ053190v1","2742603","2742919","GL873720","1268124","1268434","67","1474479"
"KQ053190v1","2811827","2812118","GL873570","9393261","9393537","61","6581434"
"KQ053190v1","2823731","2824033","GL873572","6984999","6985295","59","4161268"
"KQ053190v1","2832029","2832325","GL873628","1536931","1537223","59","1295098"
"KQ053190v1","2847778","2848076","GL873677","4203427","4203715","63","1355649"
"KQ053190v1","2898025","2898273","GL873558","12875551","12875803","59","9977526"
"KQ053190v1","2968908","2969249","GL873577","7611226","7611549","103","4642318"
"KQ053190v1","2974495","2974734","GL873522","16842869","16843111","68","13868374"
"KQ053190v1","2982515","2982829","GL873557","5671180","5671473","80","2688665"
"KQ053190v1","2984270","2984389","GL873596","2674100","2674216","24","310170"
"KQ053190v1","2984653","2984799","GL873796","628374","628505","44","2356279"
"KQ053190v1","2985392","2985693","GL873523","8076383","8076689","61","5090991"
"KQ053190v1","3002704","3003006","GL873610","708336","708630","65","2294368"
"KQ053190v1","3005560","3005854","GL873528","4452981","4453269","79","1447421"
"KQ053190v1","3006852","3007164","GL873568","4562469","4562774","67","1555617"
"KQ053190v1","3011302","3011601","GL873535","15017675","15017969","72","12006373"
"KQ053190v1","3074621","3074917","GL873546","17023307","17023603","65","13948686"
"KQ053190v1","3077232","3077356","GL873550","5818118","5818241","23","2740886"
"KQ053190v1","3094053","3094349","GL873537","20108472","20108765","60","17014419"
"KQ053190v1","3137244","3137542","GL873527","21783066","21783365","61","18645822"
"KQ053190v1","3158135","3158418","GL873591","1760658","1760942","50","1397477"
"KQ053190v1","3359599","3359922","GL873540","22714851","22715162","76","19355252"
"KQ053190v1","3414201","3414506","GL873544","13109134","13109442","63","9694933"
"KQ053190v1","3418906","3419202","GL873545","12978830","12979129","61","9559924"
"KQ053190v1","3517956","3518261","GL873525","22063376","22063676","82","18545420"
"KQ053190v1","3542585","3542876","GL873544","12852108","12852394","58","9309523"
"KQ053190v1","3673558","3673867","GL873535","29101688","29101988","68","25428130"
"KQ053190v1","3736633","3736693","GL873542","10417413","10417468","14","6680780"
"KQ053190v1","3737020","3737095","GL873624","292078","292155","18","3444942"
"KQ053190v1","3741142","3741442","GL873637","2099921","2100214","61","1641221"
"KQ053190v1","3775458","3775759","GL873612","273209","273490","69","3502249"
"KQ053190v1","3847104","3847403","GL873542","1286122","1286423","63","2560982"
"KQ053190v1","3866885","3867179","GL873811","722727","723009","68","3144158"
"KQ053190v1","3928133","3928403","GL873543","876481","876761","69","3051652"
"KQ053190v1","3941645","3941942","GL873752","219309","219580","78","3722336"
"KQ053190v1","3944092","3944158","GL873537","14571756","14571822","13","10627664"
"KQ053190v1","3944209","3944423","GL873540","20654782","20655010","51","16710573"
"KQ053190v1","3946570","3946798","GL873529","37918180","37918402","55","33971610"
"KQ053190v1","3947145","3947456","GL873526","9439587","9439898","58","5492442"
"KQ053190v1","4002057","4002277","GL873535","27923927","27924141","46","23921870"
"KQ053190v1","4017221","4017499","GL873522","40388442","40388729","68","36371221"
"KQ053190v1","4054347","4054513","GL873537","4855435","4855603","47","801088"
"KQ053190v1","4068589","4068885","GL873561","923317","923608","83","3145272"
"KQ053190v1","4071620","4071902","GL873789","87737","88019","56","3983883"
"KQ053190v1","4142937","4143213","GL873749","1611564","1611840","69","2531373"
"KQ053190v1","4152127","4152423","GL873537","23325667","23325965","65","19173540"
"KQ053190v1","4178090","4178207","GL873615","5231006","5231116","25","1052916"
"KQ053190v1","4178220","4178511","GL873543","3750231","3750529","68","427989"
"KQ053190v1","4209004","4209292","GL873524","42149014","42149308","54","37940010"
"KQ053190v1","4430276","4430568","GL873527","16558692","16558981","57","12128416"
"KQ053190v1","4439800","4440003","GL873538","20322999","20323196","56","15883199"
"KQ053190v1","4448017","4448288","GL873574","409702","409987","73","4038315"
"KQ053190v1","4457651","4457914","GL873569","6736052","6736306","78","2278401"
"KQ053190v1","4468949","4469225","GL873526","25295506","25295789","62","20826557"
"KQ053190v1","4536419","4536660","GL873553","8989980","8990229","54","4453561"
"KQ053190v1","4553725","4553976","GL873567","8770847","8771094","56","4217122"
"KQ053190v1","4600347","4600451","GL873543","3323998","3324107","20","1276349"
"KQ053190v1","4631514","4631795","GL873532","29153473","29153758","58","24521959"
"KQ053190v1","4658687","4658704","GL873551","11901032","11901042","7","7242345"
"KQ053190v1","4659030","4659137","GL873522","41706522","41706634","27","37047492"
"KQ053190v1","4664442","4664749","GL873610","4431407","4431713","72","233035"
"KQ053190v1","4681215","4681436","GL873625","5640863","5641072","54","959648"
"KQ053190v1","4692351","4692627","GL873776","1210004","1210274","62","3482347"
"KQ053190v1","4692959","4693253","GL873545","12978830","12979129","61","8285871"
"KQ053190v1","4711913","4712207","GL873561","12731397","12731684","61","8019484"
"KQ053190v1","4725219","4725504","GL873586","6854900","6855180","53","2129681"
"KQ053190v1","4751418","4751706","GL873528","4452981","4453269","59","298437"
"KQ053190v1","4798250","4798574","GL873526","20255818","20256125","87","15457568"
"KQ053190v1","4805729","4806000","GL873619","4798258","4798536","69","7471"
"KQ053190v1","4831929","4832193","GL873628","1904991","1905264","65","2926938"
"KQ053190v1","4862602","4862865","GL873543","3057723","3057983","66","1804879"
"KQ053190v1","4887906","4888201","GL873543","21766493","21766785","67","16878587"
"KQ053190v1","4908304","4908618","GL873661","1884549","1884860","63","3023755"
"KQ053190v1","4922860","4923169","GL873565","2284360","2284655","72","2638500"
"KQ053190v1","4951923","4952110","GL873530","27752066","27752252","41","22800143"
"KQ053190v1","4991638","4991916","GL873689","2029193","2029463","71","2962445"
"KQ053190v1","5001404","5001698","GL873570","11394548","11394837","56","6393144"
"KQ053190v1","5062340","5062631","GL873546","859614","859905","65","4202726"
"KQ053190v1","5074574","5074862","GL873562","11382494","11382780","67","6307920"
"KQ053190v1","5091198","5091440","GL873560","8931049","8931288","68","3839851"
"KQ053190v1","5093179","5093478","GL873525","27816917","27817223","71","22723738"
"KQ053190v1","5095173","5095339","GL873530","24965212","24965366","56","19870039"
"KQ053190v1","5155392","5155703","GL873673","4218625","4218921","77","936767"
"KQ053190v1","5157194","5157489","GL873561","13826809","13827093","55","8669615"
"KQ053190v1","5160611","5160919","GL873591","6395821","6396131","57","1235210"
"KQ053190v1","5189300","5189407","GL873539","26074016","26074123","21","20884716"
"KQ053190v1","5208461","5208766","GL873533","23506338","23506644","82","18297877"
"KQ053190v1","5217606","5217874","GL873614","4596461","4596729","71","621145"
"KQ053190v1","5223705","5223987","GL873539","18929655","18929928","77","13705950"
"KQ053190v1","5224651","5224944","GL873544","12852108","12852394","65","7627457"
"KQ053190v1","5254183","5254492","GL873542","21349198","21349508","81","16095015"
"KQ053190v1","5267518","5267668","GL873550","4903137","4903278","34","364381"
"KQ053190v1","5272058","5272331","GL873547","14329017","14329292","61","9056959"
"KQ053190v1","5277589","5277865","GL873752","219309","219580","70","5058280"
"KQ053190v1","5281894","5282183","GL873575","2687372","2687665","68","2594522"
"KQ053190v1","5298849","5299127","GL873544","12852108","12852394","61","7553259"
"KQ053190v1","5301741","5301992","GL873528","36395935","36396188","67","31094194"
"KQ053190v1","5303545","5303817","GL873752","219309","219580","65","5084236"
"KQ053190v1","5306433","5306719","GL873579","984876","985165","73","4321557"
"KQ053190v1","5316881","5317140","GL873678","3828941","3829208","67","1487940"
"KQ053190v1","5344994","5345269","GL873550","4639731","4640010","58","705263"
"KQ053190v1","5348527","5348826","GL873522","25185925","25186218","66","19837398"
"KQ053190v1","5377821","5378108","GL873589","8355256","8355553","60","2977435"
"KQ053190v1","5384154","5384450","GL873659","3462845","3463127","72","1921309"
"KQ053190v1","5418234","5418521","GL873643","3346796","3347084","60","2071438"
"KQ053190v1","5435832","5436120","GL873523","28150184","28150470","71","22714352"
"KQ053190v1","5474976","5475039","GL873589","1185993","1186058","20","4288983"
"KQ053190v1","5481026","5481118","GL873563","6257326","6257416","19","776300"
"KQ053190v1","5497341","5497614","GL873539","18929655","18929928","78","13432314"
"KQ053190v1","5503969","5504071","GL873580","3265576","3265689","29","2238393"
"KQ053190v1","5504404","5504594","GL873593","2594539","2594732","48","2909865"
"KQ053190v1","5506401","5506688","GL873542","7542952","7543241","64","2036551"
"KQ053190v1","5514879","5515161","GL873568","7065646","7065921","70","1550767"
"KQ053190v1","5524672","5524941","GL873543","2376638","2376888","67","3148034"
"KQ053190v1","5546950","5547235","GL873537","12959422","12959706","61","7412472"
"KQ053190v1","5547285","5547574","GL873536","13622290","13622562","73","8075005"
"KQ053190v1","5567441","5567717","GL873540","4711812","4712090","52","855629"
"KQ053190v1","5567831","5568125","GL873579","984876","985165","73","4582955"
"KQ053190v1","5633265","5633446","GL873528","8199443","8199628","48","2566178"
"KQ053190v1","5663693","5663904","GL873522","14113107","14113305","79","8449414"
"KQ053190v1","5669892","5670166","GL873534","15140925","15141195","65","9471033"
"KQ053190v1","5674106","5674331","GL873530","24277029","24277256","56","18602923"
"KQ053190v1","5675039","5675320","GL873700","361686","361970","57","5313353"
"KQ053190v1","5695432","5695721","GL873750","1418881","1419168","50","4276551"
"KQ053190v1","5707160","5707458","GL873544","12852108","12852394","63","7144948"
"KQ053190v1","5719507","5719628","GL873532","29194299","29194423","27","23474792"
"KQ053190v1","5732399","5732695","GL873557","15070064","15070360","63","9337665"
"KQ053190v1","5770952","5771236","GL873530","16695374","16695671","75","10924422"
"KQ053190v1","5771244","5771509","GL873569","10006129","10006398","56","4234885"
"KQ053190v1","5773838","5773923","GL873618","3935608","3935694","13","1838230"
"KQ053190v1","5787813","5788133","GL873544","13109134","13109442","80","7321321"
"KQ053190v1","5798019","5798280","GL873560","12966891","12967155","66","7168872"
"KQ053190v1","5804645","5804952","GL873538","1998739","1999037","78","3805906"
"KQ053190v1","5815836","5815990","GL873561","271632","271787","41","5544204"
"KQ053190v1","5818101","5818394","GL873548","13072238","13072531","54","7254137"
"KQ053190v1","5822252","5822538","GL873538","23406111","23406389","74","17583859"
"KQ053190v1","5841495","5841721","GL873530","24277029","24277256","50","18435534"
"KQ053190v1","5862320","5862600","GL873521","49991339","49991611","75","44129019"
"KQ053190v1","5874564","5874862","GL873560","11470153","11470449","65","5595589"
"KQ053190v1","5877652","5877953","GL873520","48675796","48676094","73","42798144"
"KQ053190v1","5905977","5906297","GL873523","44251172","44251459","88","38345195"
"KQ053190v1","5906905","5907207","GL873546","13542628","13542944","77","7635723"
"KQ053190v1","5916152","5916453","GL873613","971789","972086","65","4944363"
"KQ053190v1","6001576","6001727","GL873706","366706","366870","58","5634870"
"KQ053190v1","6006749","6007053","GL873557","10964192","10964504","72","4957443"
"KQ053190v1","6056035","6056315","GL873535","25840890","25841174","72","19784855"
"KQ053190v1","6119033","6119232","GL873639","1046179","1046374","65","5072854"
"KQ053190v1","6154177","6154343","GL873532","24822234","24822397","38","18668057"
"KQ053190v1","6156820","6157123","GL873523","28431022","28431322","59","22274202"
"KQ053190v1","6165616","6165841","GL873615","7045318","7045535","51","879702"
"KQ053190v1","6171797","6172107","GL873720","1268124","1268434","59","4903673"
"KQ053190v1","6177409","6177633","GL873531","4298410","4298635","56","1878999"
"KQ053190v1","6195804","6195928","GL873523","5461487","5461621","29","734317"
"KQ053190v1","6196551","6196810","GL873564","5092960","5093208","66","1103591"
"KQ053190v1","6203261","6203553","GL873643","4292639","4292935","55","1910622"
"KQ053190v1","6245285","6245565","GL873547","6470095","6470381","66","224810"
"KQ053190v1","6270334","6270445","GL873578","10214389","10214501","22","3944055"
"KQ053190v1","6285952","6286207","GL873607","3682953","3683211","61","2602999"
"KQ053190v1","6367946","6368219","GL873534","15140925","15141195","61","8772979"
"KQ053190v1","6447801","6448124","GL873673","3147197","3147513","71","3300604"
"KQ053190v1","6464593","6464908","GL873520","72415742","72416055","72","65951149"
"KQ053190v1","6501756","6502028","GL873531","19349136","19349405","63","12847380"
"KQ053190v1","6531107","6531291","GL873612","1890574","1890750","33","4640533"
"KQ053190v1","6572414","6572639","GL873532","26637865","26638082","71","20065451"
"KQ053190v1","6580241","6580521","GL873752","219309","219580","63","6360932"
"KQ053190v1","6606070","6606186","GL873542","1259218","1259335","27","5346852"
"KQ053190v1","6612819","6613104","GL873544","12852108","12852394","60","6239289"
"KQ053190v1","6634185","6634390","GL873579","11042363","11042566","52","4408178"
"KQ053190v1","6634972","6635054","GL873524","24943062","24943140","17","18308090"
"KQ053190v1","6643735","6643932","GL873672","1775977","1776174","58","4867758"
"KQ053190v1","6644048","6644227","GL873560","1683290","1683465","41","4960758"
"KQ053190v1","6645502","6645762","GL873528","38066312","38066587","71","31420810"
"KQ053190v1","6648992","6649271","GL873618","4797569","4797854","61","1851423"
"KQ053190v1","6650512","6650787","GL873618","1644125","1644404","73","5006387"
"KQ053190v1","6654877","6655098","GL873659","1872889","1873113","63","4781988"
"KQ053190v1","6656311","6656584","GL873618","1644125","1644404","74","5012186"
"KQ053190v1","6665714","6665906","GL873768","610281","610468","50","6055433"
"KQ053190v1","6666235","6666333","GL873525","8595994","8596093","29","1929759"
"KQ053190v1","6679808","6680116","GL873545","20254912","20255212","78","13575104"
"KQ053190v1","6686156","6686468","GL873523","8076383","8076689","67","1390227"
"KQ053190v1","6696450","6696723","GL873550","14672546","14672814","60","7976096"
"KQ053190v1","6698700","6698813","GL873537","18429333","18429444","26","11730633"
"KQ053190v1","6700506","6700818","GL873545","13698150","13698456","78","6997644"
"KQ053190v1","6712127","6712419","GL873547","14255109","14255399","58","7542982"
"KQ053190v1","6719537","6719742","GL873524","19065990","19066189","56","12346453"
"KQ053190v1","6720086","6720208","GL873524","23982636","23982764","29","17262550"
"KQ053190v1","6723552","6723861","GL873530","28263781","28264089","66","21540229"
"KQ053190v1","6725411","6725707","GL873618","1121386","1121685","62","5604025"
"KQ053190v1","6731629","6731801","GL873537","26260700","26260869","38","19529071"
"KQ053190v1","6733465","6733733","GL873531","14941268","14941533","71","8207803"
"KQ053190v1","6736980","6737252","GL873556","15211352","15211622","64","8474372"
"KQ053190v1","6753759","6754073","GL873577","10149931","10150226","70","3396172"
"KQ053190v1","6757183","6757298","GL873520","38343798","38343915","23","31586615"
"KQ053190v1","6797647","6797919","GL873527","12014620","12014900","69","5216973"
"KQ053190v1","6810419","6810665","GL873579","10953212","10953437","82","4142793"
"KQ053190v1","6815002","6815302","GL873539","2994635","2994920","73","3820367"
"KQ053190v1","6817712","6818009","GL873548","13072238","13072531","60","6254526"
"KQ053190v1","6819047","6819335","GL873585","1585663","1585945","69","5233384"
"KQ053190v1","6820658","6820950","GL873563","2322684","2322986","61","4497974"
"KQ053190v1","6838298","6838563","GL873546","13143077","13143343","60","6304779"
"KQ053190v1","6848142","6848274","GL873544","11860634","11860766","17","5012492"
"KQ053190v1","6858683","6858954","GL873520","10337909","10338166","74","3479226"
"KQ053190v1","6875821","6876105","GL873609","8202559","8202846","69","1326738"
"KQ053190v1","6889059","6889313","GL873752","219309","219580","64","6669750"
"KQ053190v1","6926097","6926374","GL873615","741949","742226","71","6184148"
"KQ053190v1","6942739","6942986","GL873530","9004432","9004683","60","2061693"
"KQ053190v1","6953627","6953950","GL873615","5162108","5162422","67","1791519"
"KQ053190v1","6954932","6955197","GL873704","1025178","1025421","72","5929754"
"KQ053190v1","6964351","6964632","GL873723","1057504","1057782","69","5906847"
"KQ053190v1","7004412","7004691","GL873752","219309","219580","60","6785103"
"KQ053190v1","7015701","7016016","GL873670","892443","892746","86","6123258"
"KQ053190v1","7046383","7046598","GL873605","2289313","2289533","48","4757070"
"KQ053190v1","7063517","7063816","GL873545","17052684","17052979","71","9989167"
"KQ053190v1","7101940","7102216","GL873606","8335222","8335500","65","1233282"
"KQ053190v1","7126109","7126422","GL873568","4562469","4562774","72","2563640"
"KQ053190v1","7149112","7149415","GL873610","708336","708630","68","6440776"
"KQ053190v1","7213400","7213668","GL873666","2387018","2387286","64","4826382"
"KQ053190v1","7220000","7220289","GL873532","21611611","21611905","57","14391611"
"KQ053190v1","7238750","7239050","GL873615","5889225","5889521","66","1349525"
"KQ053190v1","7362968","7363251","GL873537","20108472","20108765","60","12745504"
"KQ053191v1","131110","131397","GL873596","8378412","8378699","55","8247302"
"KQ053191v1","314901","315130","GL873626","6277640","6277860","60","5962739"
"KQ053191v1","372492","372781","GL873618","220001","220284","63","152491"
"KQ053191v1","413372","413671","GL873621","545875","546169","65","132503"
"KQ053191v1","479914","480230","GL873540","24563702","24564003","80","24083788"
"KQ053191v1","504380","504667","GL873590","221969","222250","64","282411"
"KQ053191v1","522537","522777","GL873560","9824404","9824658","67","9301867"
"KQ053191v1","551781","552078","GL873561","9330005","9330309","55","8778224"
"KQ053191v1","555856","555965","GL873720","1601248","1601355","23","1045392"
"KQ053191v1","602698","602986","GL873562","5328731","5329017","65","4726033"
"KQ053191v1","665779","666083","GL873526","6040171","6040479","72","5374392"
"KQ053191v1","697266","697569","GL873577","10149931","10150226","61","9452665"
"KQ053191v1","790630","790905","GL873529","35963369","35963647","65","35172739"
"KQ053191v1","826470","826773","GL873639","886513","886805","71","60043"
"KQ053191v1","833878","833930","GL873550","926423","926475","13","92545"
"KQ053191v1","902701","902971","GL873749","1823291","1823549","76","920590"
"KQ053191v1","905602","905674","GL873588","6120501","6120569","17","5214899"
"KQ053191v1","992648","992931","GL873547","11472523","11472795","72","10479875"
"KQ053191v1","996106","996228","GL873560","13049237","13049359","23","12053131"
"KQ053191v1","1020913","1021222","GL873671","3265112","3265414","76","2244199"
"KQ053191v1","1058352","1058577","GL873530","24277029","24277256","63","23218677"
"KQ053191v1","1087881","1088201","GL873720","1268124","1268434","71","180243"
"KQ053191v1","1108279","1108559","GL873521","24646365","24646645","63","23538086"
"KQ053191v1","1172588","1172899","GL873724","2082729","2083029","63","910141"
"KQ053191v1","1395708","1395983","GL873529","1376767","1377050","71","18941"
"KQ053191v1","1469719","1469995","GL873537","12553215","12553484","73","11083496"
"KQ053191v1","1493522","1493807","GL873540","4711812","4712090","69","3218290"
"KQ053191v1","1517075","1517206","GL873536","11757903","11758035","28","10240828"
"KQ053191v1","1567940","1568236","GL873673","4218625","4218921","64","2650685"
"KQ053191v1","1576910","1577235","GL873527","24122114","24122413","100","22545204"
"KQ053191v1","1582437","1582691","GL873580","5648516","5648774","60","4066079"
"KQ053191v1","1611444","1611731","GL873537","23325667","23325965","64","21714223"
"KQ053191v1","1666556","1666866","GL873545","14220645","14220951","71","12554089"
"KQ053191v1","1841904","1842232","GL873528","958522","958826","99","883382"
"KQ053191v1","1869988","1870272","GL873608","4005858","4006144","70","2135870"
"KQ053191v1","1871078","1871309","GL873624","3432800","3433013","58","1561722"
"KQ053191v1","1876224","1876532","GL873663","4135704","4136012","67","2259480"
"KQ053191v1","1883174","1883450","GL873526","17110885","17111154","65","15227711"
"KQ053191v1","1905443","1905567","GL873533","2654824","2654946","27","749381"
"KQ053191v1","1925876","1926163","GL873834","390670","390970","61","1535206"
"KQ053191v1","1932492","1932787","GL873575","2687372","2687665","82","754880"
"KQ053191v1","1958673","1958969","GL873521","49874189","49874492","77","47915516"
"KQ053191v1","2007868","2008137","GL873776","1210004","1210274","70","797864"
"KQ053191v1","2020116","2020377","GL873618","4797569","4797854","74","2777453"
"KQ053191v1","2031414","2031716","GL873537","20108472","20108765","83","18077058"
"KQ053191v1","2077204","2077474","GL873525","35143537","35143806","68","33066333"
"KQ053191v1","2123182","2123452","GL873804","622681","622948","66","1500501"
"KQ053191v1","2146268","2146561","GL873522","26416598","26416890","49","24270330"
"KQ053191v1","2228566","2228857","GL873530","16303356","16303636","60","14074790"
"KQ053191v1","2351813","2352109","GL873544","12852108","12852394","52","10500295"
"KQ053191v1","2373954","2374081","GL873543","13501235","13501355","35","11127281"
"KQ053191v1","2388915","2389223","GL873593","6523519","6523829","70","4134604"
"KQ053191v1","2398897","2399189","GL873544","12852108","12852394","56","10453211"
"KQ053191v1","2406676","2406940","GL873529","8596265","8596494","73","6189589"
"KQ053191v1","2445373","2445582","GL873521","27266368","27266584","60","24820995"
"KQ053191v1","2593137","2593270","GL873541","18089608","18089735","31","15496471"
"KQ053191v1","2702167","2702453","GL873543","2904962","2905248","59","202795"
"KQ053191v1","2889295","2889553","GL873800","517515","517761","65","2371780"
"KQ053191v1","2934251","2934481","GL873580","4016129","4016355","60","1081878"
"KQ053191v1","2962209","2962408","GL873569","11158685","11158869","49","8196476"
"KQ053191v1","3000647","3000780","GL873527","35059122","35059255","26","32058475"
"KQ053191v1","3055170","3055339","GL873564","1652491","1652654","44","1402679"
"KQ053191v1","3063986","3064287","GL873606","4241513","4241799","66","1177527"
"KQ053191v1","3077726","3077954","GL873577","2790374","2790604","74","287352"
"KQ053191v1","3175759","3176054","GL873724","2082729","2083029","66","1093030"
"KQ053191v1","3179638","3179939","GL873629","2465427","2465711","70","714211"
"KQ053191v1","3242009","3242297","GL873536","28091297","28091588","59","24849288"
"KQ053191v1","3246361","3246478","GL873620","2083406","2083523","17","1162955"
"KQ053191v1","3284389","3284693","GL873612","2357949","2358251","67","926440"
"KQ053191v1","3289011","3289290","GL873590","429105","429385","60","2859906"
"KQ053191v1","3391463","3391752","GL873537","20108472","20108765","62","16717009"
"KQ053191v1","3660828","3661136","GL873545","13698150","13698456","58","10037322"
"KQ053191v1","3666276","3666548","GL873660","1384330","1384596","61","2281946"
"KQ053191v1","3722221","3722506","GL873524","34193418","34193691","89","30471197"
"KQ053191v1","3736038","3736293","GL873526","886530","886768","81","2849508"
"KQ053191v1","3742209","3742380","GL873653","5453913","5454097","63","1711704"
"KQ053191v1","3752164","3752395","GL873526","10592025","10592278","84","6839861"
"KQ053191v1","3763438","3763741","GL873561","11142944","11143235","68","7379506"
"KQ053191v1","3790750","3790926","GL873564","4371507","4371687","59","580757"
"KQ053191v1","3798765","3799057","GL873526","10776369","10776653","81","6977604"
"KQ053191v1","3808084","3808184","AAQR03194216","2055","2159","23","3806029"
"KQ053191v1","3819274","3819551","GL873752","219309","219580","62","3599965"
"KQ053193v1","44225","44523","GL873537","23325667","23325965","67","23281442"
"KQ053193v1","69089","69405","GL873720","1268124","1268434","74","1199035"
"KQ053193v1","148459","148749","GL873664","2904250","2904542","64","2755791"
"KQ053193v1","162335","162479","GL873533","27639567","27639703","33","27477232"
"KQ053194v1","24413","24535","GL873646","4012005","4012125","20","3987592"
"KQ053197v1","7013","7126","GL873531","13850241","13850356","20","13843228"
"KQ053197v1","25956","26071","GL873536","22370995","22371119","27","22345039"
"KQ053197v1","36338","36459","GL873670","3390071","3390190","25","3353733"
"KQ053199v1","51333","51662","GL873522","18765454","18765778","84","18714121"
"KQ053199v1","52989","53320","GL873693","3149362","3149680","71","3096373"
"KQ053199v1","135429","135754","GL873557","7632313","7632632","75","7496884"
"KQ053199v1","197223","197523","GL873523","5237401","5237693","55","5040178"
"KQ053199v1","218229","218524","GL873568","10563353","10563640","63","10345124"
"KQ053199v1","218530","218613","GL873531","24816055","24816135","20","24597525"
"KQ053199v1","279954","280263","GL873561","923317","923608","75","643363"
"KQ053199v1","292866","293152","GL873520","36088702","36088990","55","35795836"
"KQ053199v1","293909","294170","GL873582","3186890","3187142","63","2892981"
"KQ053199v1","297348","297654","GL873557","6776484","6776790","61","6479136"
"KQ053199v1","313861","314166","GL873577","1872987","1873288","86","1559126"
"KQ053199v1","384769","385077","GL873520","70789629","70789931","73","70404860"
"KQ053200v1","16877","17047","GL873587","2716822","2716979","54","2699945"
"KQ053201v1","17962","18048","GL873526","26027782","26027872","23","26009820"
"KQ053201v1","23312","23438","GL873603","7603972","7604091","29","7580660"
"KQ053202v1","79839","80121","GL873569","5068295","5068576","62","4988456"
"KQ053202v1","125640","125922","GL873752","219309","219580","52","93669"
"KQ053202v1","248127","248413","GL873557","5844700","5844982","65","5596573"
"KQ053202v1","315473","315776","GL873526","20255818","20256125","64","19940345"
"KQ053202v1","412937","413066","GL873539","7292068","7292198","25","6879131"
"KQ053202v1","514184","514488","GL873610","4431407","4431713","63","3917223"
"KQ053202v1","584618","584867","GL873548","17670157","17670396","59","17085539"
"KQ053202v1","615573","615904","GL873526","20255818","20256125","87","19640245"
"KQ053202v1","677806","678064","GL873566","10547311","10547562","66","9869505"
"KQ053202v1","712417","712710","GL873596","8378412","8378699","57","7665995"
"KQ053202v1","722575","722866","GL873556","1355229","1355510","71","632654"
"KQ053202v1","737457","737741","GL873577","2531517","2531804","64","1794060"
"KQ053202v1","746374","746647","GL873592","2374226","2374492","68","1627852"
"KQ053202v1","763859","763958","GL873579","11143581","11143684","17","10379722"
"KQ053202v1","764169","764360","GL873805","948213","948404","47","184044"
"KQ053202v1","789464","789766","GL873631","1772","2067","62","787692"
"KQ053202v1","794033","794337","GL873720","1268124","1268434","68","474091"
"KQ053202v1","829353","829614","GL873564","8584151","8584401","66","7754798"
"KQ053202v1","851019","851308","GL873645","1598419","1598714","55","747400"
"KQ053202v1","865113","865403","GL873579","2271701","2271990","79","1406588"
"KQ053202v1","877307","877406","GL873602","8486909","8486995","33","7609602"
"KQ053202v1","959878","960153","GL873538","4251156","4251427","68","3291278"
"KQ053202v1","983203","983487","GL873586","3828887","3829179","66","2845684"
"KQ053202v1","991216","991480","GL873528","1415446","1415710","71","424230"
"KQ053202v1","1010902","1011198","GL873534","25324867","25325157","70","24313965"
"KQ053202v1","1034204","1034489","GL873599","3962151","3962437","62","2927947"
"KQ053202v1","1076746","1076832","GL873732","18667","18751","12","1058079"
"KQ053202v1","1159268","1159554","GL873565","846944","847233","66","312324"
"KQ053202v1","1267439","1267748","GL873551","10987258","10987553","63","9719819"
"KQ053202v1","1273754","1274002","GL873563","2661732","2661982","50","1387978"
"KQ053202v1","1676361","1676471","GL873586","8503134","8503240","25","6826773"
"KQ053202v1","1699353","1699452","GL873537","16288250","16288351","23","14588897"
"KQ053202v1","1699507","1699615","GL873586","8503134","8503240","27","6803627"
"KQ053202v1","1708563","1708664","GL873542","1163002","1163100","21","545561"
"KQ053202v1","1758256","1758489","GL873624","3067388","3067625","58","1309132"
"KQ053202v1","1871825","1872123","GL873540","11122200","11122500","72","9250375"
"KQ053202v1","1891894","1892198","GL873527","22929623","22929921","73","21037729"
"KQ053202v1","1896391","1896677","GL873520","28377142","28377427","72","26480751"
"KQ053202v1","1979359","1979648","GL873601","4395673","4395957","71","2416314"
"KQ053202v1","1991012","1991316","GL873619","7595068","7595373","65","5604056"
"KQ053202v1","2006445","2006724","GL873520","38124828","38125119","58","36118383"
"KQ053202v1","2126252","2126520","GL873643","2022843","2023111","64","103409"
"KQ053202v1","2199798","2200083","GL873520","38764685","38764975","75","36564887"
"KQ053202v1","2279807","2280104","GL873631","6629455","6629755","72","4349648"
"KQ053202v1","2295839","2296134","GL873537","23325667","23325965","70","21029828"
"KQ053202v1","2375624","2375924","GL873521","6835945","6836242","60","4460321"
"KQ053202v1","2493270","2493344","GL873565","13108265","13108340","12","10614995"
"KQ053202v1","2571588","2571898","GL873563","5489805","5490109","70","2918217"
"KQ053202v1","2620583","2620882","GL873697","1378178","1378481","84","1242405"
"KQ053202v1","2629266","2629573","GL873522","26416598","26416890","78","23787332"
"KQ053202v1","2664488","2664632","GL873528","38418942","38419087","33","35754454"
"KQ053202v1","2664670","2664806","GL873543","13242093","13242230","31","10577423"
"KQ053202v1","2676566","2676651","GL873650","4533036","4533121","11","1856470"
"KQ053202v1","2944016","2944315","GL873531","27860265","27860563","61","24916249"
"KQ053202v1","3213340","3213602","GL873520","37739267","37739535","57","34525927"
"KQ053202v1","3349510","3349647","GL873557","7566491","7566621","39","4216981"
"KQ053202v1","3349805","3349930","GL873540","2759269","2759394","29","590536"
"KQ053202v1","3373478","3373782","GL873608","4218070","4218374","60","844592"
"KQ053202v1","3462888","3463121","GL873540","20654782","20655010","62","17191894"
"KQ053202v1","3479269","3479520","GL873565","3583321","3583574","64","104052"
"KQ053202v1","3922201","3922485","GL873524","42149014","42149308","50","38226813"
"KQ053202v1","4094964","4095238","GL873592","8396855","8397140","61","4301891"
"KQ053202v1","4097326","4097630","GL873572","6984999","6985295","64","2887673"
"KQ053202v1","4134295","4134553","GL873532","13318420","13318684","71","9184125"
"KQ053202v1","4235362","4235666","GL873558","11845040","11845343","58","7609678"
"KQ053202v1","4298653","4298920","GL873618","950010","950297","73","3348643"
"KQ053202v1","4472493","4472803","GL873615","5162108","5162422","73","689615"
"KQ053202v1","4522017","4522320","GL873530","10599809","10600111","66","6077792"
"KQ053202v1","4591135","4591449","GL873609","7137543","7137854","78","2546408"
"KQ053202v1","4606676","4606937","GL873540","6836541","6836770","74","2229865"
"KQ053202v1","4632841","4633148","GL873544","10503361","10503660","66","5870520"
"KQ053202v1","4776838","4777083","GL873523","29003618","29003875","63","24226780"
"KQ053202v1","4819342","4819491","GL873732","846121","846269","32","3973221"
"KQ053202v1","4895742","4896004","GL873526","24550853","24551102","70","19655111"
"KQ053202v1","4947138","4947403","GL873557","6262442","6262714","77","1315304"
"KQ053202v1","5118824","5118907","GL873520","58872037","58872113","22","53753213"
"KQ053202v1","5163460","5163774","GL873521","10116754","10117083","90","4953294"
"KQ053202v1","5194184","5194474","GL873522","25185925","25186218","53","19991741"
"KQ053202v1","5322916","5323171","GL873646","3830240","3830484","71","1492676"
"KQ053202v1","5399510","5399826","GL873548","17819037","17819344","72","12419527"
"KQ053202v1","5581756","5582016","GL873576","10218517","10218787","62","4636761"
"KQ053202v1","5921169","5921469","GL873557","7267236","7267535","65","1346067"
"KQ053202v1","6024469","6024759","GL873520","69906171","69906454","73","63881702"
"KQ053202v1","6115096","6115366","GL873526","8965429","8965699","60","2850333"
"KQ053202v1","6122432","6122731","GL873596","3562116","3562414","69","2560316"
"KQ053202v1","6180582","6180715","GL873578","5356939","5357070","29","823643"
"KQ053206v1","3003","3158","GL873653","3988402","3988551","45","3985399"
"KQ053206v1","8886","9139","GL873807","562204","562466","63","553318"
"KQ053209v1","5804","6095","GL873586","3828887","3829179","72","3823083"
"KQ053212v1","106526","106828","GL873523","26196880","26197171","80","26090354"
"KQ053212v1","244761","245067","GL873540","24563702","24564003","69","24318941"
"KQ053212v1","293580","293725","GL873570","11312154","11312300","31","11018574"
"KQ053212v1","352780","353064","GL873538","17666512","17666789","56","17313732"
"KQ053212v1","386867","387134","GL873525","1616808","1617075","60","1229941"
"KQ053212v1","397731","398018","GL873542","11639485","11639766","67","11241754"
"KQ053212v1","435957","436253","GL873523","7327314","7327595","89","6891357"
"KQ053212v1","439917","440177","GL873618","216646","216898","60","223271"
"KQ053212v1","473395","473681","GL873545","12978830","12979129","82","12505435"
"KQ053212v1","491665","491945","GL873521","4927698","4927974","69","4436033"
"KQ053212v1","497203","497501","GL873637","1659280","1659583","65","1162077"
"KQ053212v1","507596","507890","GL873568","10563353","10563640","61","10055757"
"KQ053212v1","529395","529723","GL873521","4537344","4537658","98","4007949"
"KQ053212v1","537369","537666","GL873530","17375868","17376165","67","16838499"
"KQ053212v1","561194","561508","GL873543","18235011","18235305","88","17673817"
"KQ053212v1","562240","562548","GL873552","9485985","9486288","63","8923745"
"KQ053212v1","580551","580674","GL873585","7505656","7505778","21","6925105"
"KQ053212v1","581037","581240","GL873595","5966599","5966798","54","5385562"
"KQ053212v1","591616","591909","GL873523","26746940","26747252","90","26155324"
"KQ053212v1","593380","593667","GL873529","2855620","2855915","68","2262240"
"KQ053212v1","610583","610865","GL873520","38320446","38320742","78","37709863"
"KQ053212v1","615110","615391","GL873561","13826809","13827093","62","13211699"
"KQ053212v1","617241","617539","GL873667","538898","539194","66","78343"
"KQ053212v1","631252","631478","GL873547","17268581","17268812","61","16637329"
"KQ053212v1","631793","631866","GL873597","6046690","6046764","15","5414897"
"KQ053212v1","685285","685591","GL873557","7184834","7185131","84","6499549"
"KQ053212v1","813520","813814","GL873557","7267236","7267535","63","6453716"
"KQ053212v1","875829","876116","GL873563","5079515","5079796","63","4203686"
"KQ053212v1","909660","909934","GL873632","3582886","3583150","55","2673226"
"KQ053212v1","912579","912746","GL873578","5622035","5622193","44","4709456"
"KQ053212v1","1039346","1039636","GL873539","18161515","18161805","65","17122169"
"KQ053212v1","1063563","1063796","GL873532","9003845","9004088","65","7940282"
"KQ053212v1","1071437","1071676","GL873600","6634520","6634739","90","5563083"
"KQ053212v1","1071958","1072045","GL873557","14457852","14457940","21","13385894"
"KQ053212v1","1081425","1081629","GL873613","5743598","5743794","53","4662173"
"KQ053212v1","1085907","1085953","GL873520","37085579","37085620","12","35999672"
"KQ053212v1","1148067","1148378","GL873588","1085638","1085922","76","62429"
"KQ053212v1","1154536","1154799","GL873538","2102031","2102304","61","947495"
"KQ053212v1","1164711","1164820","GL873524","18078413","18078526","28","16913702"
"KQ053212v1","1168611","1168724","GL873787","723194","723305","26","445417"
"KQ053212v1","1175419","1175699","GL873526","27363782","27364052","77","26188363"
"KQ053212v1","1177752","1178060","GL873543","21766493","21766785","69","20588741"
"KQ053212v1","1214284","1214575","GL873524","42149014","42149308","61","40934730"
"KQ053212v1","1214588","1214800","GL873659","1692343","1692545","47","477755"
"KQ053212v1","1217092","1217387","GL873533","23354002","23354302","77","22136910"
"KQ053212v1","1225642","1225941","GL873533","23354002","23354302","76","22128360"
"KQ053212v1","1228020","1228304","GL873545","17052684","17052979","69","15824664"
"KQ053212v1","1296936","1297245","GL873530","17375868","17376165","63","16078932"
"KQ053212v1","1387269","1387391","GL873520","16925416","16925538","20","15538147"
"KQ053212v1","1405146","1405230","GL873531","16275379","16275462","15","14870233"
"KQ053212v1","1428274","1428571","GL873533","23793613","23793905","60","22365339"
"KQ053212v1","1446070","1446346","GL873521","7379932","7380202","68","5933862"
"KQ053212v1","1450499","1450700","GL873566","8156980","8157152","62","6706481"
"KQ053212v1","1520015","1520344","GL873646","3859535","3859845","72","2339520"
"KQ053212v1","1540058","1540357","GL873558","11845040","11845343","52","10304982"
"KQ053212v1","1603218","1603519","GL873596","8378412","8378699","65","6775194"
"KQ053212v1","1606031","1606326","GL873528","11285622","11285914","56","9679591"
"KQ053212v1","1621928","1622236","GL873531","27860265","27860563","64","26238337"
"KQ053212v1","1670043","1670161","GL873521","22095949","22096065","23","20425906"
"KQ053212v1","1670495","1670666","GL873532","24822234","24822397","42","23151739"
"KQ053212v1","1689196","1689244","GL873660","823293","823333","21","865903"
"KQ053212v1","1689574","1689797","GL873529","8596265","8596494","59","6906691"
"KQ053212v1","1706376","1706535","GL873542","6541460","6541606","53","4835084"
"KQ053212v1","1716770","1716865","GL873546","19635827","19635922","21","17919057"
"KQ053212v1","1718029","1718210","GL873521","49411298","49411477","54","47693269"
"KQ053212v1","1741453","1741746","GL873534","8565725","8566026","58","6824272"
"KQ053212v1","1756793","1756917","GL873628","7011769","7011893","20","5254976"
"KQ053212v1","1778285","1778576","GL873538","23098878","23099170","66","21320593"
"KQ053212v1","1782370","1782515","GL873605","2287268","2287412","32","504898"
"KQ053212v1","1811853","1812112","GL873540","18130427","18130692","65","16318574"
"KQ053212v1","1878492","1878608","GL873629","3055754","3055875","23","1177262"
"KQ053212v1","1890405","1890594","GL873670","2286620","2286812","43","396215"
"KQ053212v1","1919473","1919740","GL873551","3088776","3089034","64","1169303"
"KQ053212v1","1922023","1922201","GL873530","5938760","5938931","44","4016737"
"KQ053212v1","1922915","1923178","GL873570","10480101","10480368","65","8557186"
"KQ053212v1","1942474","1942638","GL873574","4453635","4453791","35","2511161"
"KQ053212v1","1944708","1944998","GL873615","6674985","6675280","65","4730277"
"KQ053212v1","2012417","2012711","GL873617","6135882","6136161","92","4123465"
"KQ053212v1","2035911","2036227","GL873615","5162108","5162422","74","3126197"
"KQ053212v1","2060460","2060777","GL873664","5019834","5020137","71","2959374"
"KQ053212v1","2101266","2101512","GL873538","11416277","11416524","61","9315011"
"KQ053212v1","2106494","2106763","GL873527","15959106","15959367","67","13852612"
"KQ053212v1","2112621","2112915","GL873536","26900191","26900477","70","24787570"
"KQ053212v1","2143168","2143463","GL873552","12138493","12138784","68","9995325"
"KQ053212v1","2153922","2154232","GL873566","2989507","2989808","76","835585"
"KQ053212v1","2165884","2166187","GL873563","12809879","12810178","71","10643995"
"KQ053212v1","2188071","2188204","GL873533","25288273","25288414","41","23100202"
"KQ053212v1","2189384","2189679","GL873632","3524037","3524325","85","1334653"
"KQ053212v1","2195809","2196114","GL873609","7137543","7137854","61","4941734"
"KQ053212v1","2235535","2235808","GL873695","1976232","1976509","80","259303"
"KQ053212v1","2237764","2237953","GL873612","1890574","1890750","56","347190"
"KQ053212v1","2239503","2239867","GL873574","3478987","3479299","99","1239484"
"KQ053212v1","2244701","2244979","GL873532","13087138","13087416","68","10842437"
"KQ053212v1","2300393","2300682","GL873562","5328731","5329017","70","3028338"
"KQ053212v1","2301700","2301963","GL873574","3420467","3420736","66","1118767"
"KQ053212v1","2312045","2312335","GL873631","2307601","2307888","59","4444"
"KQ053212v1","2325771","2326052","GL873576","206156","206441","68","2119615"
"KQ053212v1","2327966","2328247","GL873700","2269494","2269782","74","58472"
"KQ053212v1","2501877","2502142","GL873521","27490449","27490717","64","24988572"
"KQ053212v1","2530071","2530375","GL873542","8032564","8032870","71","5502493"
"KQ053212v1","2538638","2538816","GL873524","1211458","1211633","36","1327180"
"KQ053212v1","2579314","2579451","GL873541","15405911","15406042","35","12826597"
"KQ053212v1","2579459","2579771","GL873526","7856570","7856878","71","5277111"
"KQ053212v1","2581419","2581704","GL873667","3712894","3713183","66","1131475"
"KQ053212v1","2616373","2616674","GL873754","1677368","1677657","72","939005"
"KQ053212v1","2629252","2629557","GL873661","1884549","1884860","75","744703"
"KQ053212v1","2629845","2630121","GL873601","7074690","7074961","75","4444845"
"KQ053212v1","2660765","2661001","GL873551","4428507","4428742","57","1767742"
"KQ053212v1","2717408","2717695","GL873615","6674985","6675280","60","3957577"
"KQ053212v1","2737637","2737925","GL873544","12852108","12852394","62","10114471"
"KQ053212v1","2777956","2778252","GL873546","18307234","18307526","77","15529278"
"KQ053212v1","2803934","2804144","GL873531","29211214","29211412","50","26407280"
"KQ053212v1","2825262","2825349","GL873618","3935608","3935694","17","1110346"
"KQ053212v1","2918055","2918348","GL873522","4222168","4222461","56","1304113"
"KQ053212v1","2947279","2947454","GL873531","2636452","2636619","50","310827"
"KQ053212v1","2951217","2951515","GL873624","5660177","5660468","71","2708960"
"KQ053212v1","2959935","2960200","GL873639","1913994","1914256","66","1045941"
"KQ053212v1","2976953","2977245","GL873590","643532","643818","56","2333421"
"KQ053212v1","2983754","2984068","GL873720","1268124","1268434","60","1715630"
"KQ053212v1","2992342","2992648","GL873720","1268124","1268434","62","1724218"
"KQ053212v1","3012780","3013079","GL873548","13072238","13072531","58","10059458"
"KQ053212v1","3019742","3020000","GL873532","3035046","3035301","62","15304"
"KQ053212v1","3020435","3020526","GL873587","2256135","2256225","25","764300"
"KQ053212v1","3045062","3045355","GL873604","8660029","8660307","72","5614967"
"KQ053212v1","3113946","3114243","GL873660","743632","743918","64","2370314"
"KQ053212v1","3285471","3285682","GL873625","5640863","5641072","47","2355392"
"KQ053212v1","3310750","3311040","GL873535","12414612","12414904","67","9103862"
"KQ053212v1","3479975","3480280","GL873720","1268124","1268434","80","2211851"
"KQ053212v1","3544790","3545044","GL873544","14183726","14183988","63","10638936"
"KQ053212v1","3552108","3552192","GL873601","8188694","8188777","20","4636586"
"KQ053212v1","3558430","3558704","GL873526","12865197","12865466","68","9306767"
"KQ053212v1","3599454","3599744","GL873520","38124828","38125119","65","34525374"
"KQ053221v1","4984","5238","GL873527","13236396","13236610","75","13231412"
"KQ053221v1","14063","14359","GL873537","20108472","20108765","73","20094409"
"KQ053223v1","2228186","2228504","GL873754","1754489","1754787","77","473697"
"KQ053223v1","80149","80446","GL873522","25185925","25186218","70","25105776"
"KQ053223v1","120257","120549","GL873748","238196","238496","64","117939"
"KQ053223v1","227537","227845","GL873537","23325667","23325965","73","23098130"
"KQ053223v1","275467","275753","GL873523","7327314","7327595","67","7051847"
"KQ053223v1","319409","319681","GL873660","743632","743918","58","424223"
"KQ053223v1","371303","371603","GL873715","2615423","2615727","60","2244120"
"KQ053223v1","412457","412745","GL873663","703103","703399","79","290646"
"KQ053223v1","423711","424010","GL873553","5080298","5080602","57","4656587"
"KQ053223v1","466782","467089","GL873535","28542258","28542562","62","28075476"
"KQ053223v1","468269","468564","GL873580","7238391","7238676","63","6770122"
"KQ053223v1","474350","474497","GL873535","13281522","13281669","30","12807172"
"KQ053223v1","481095","481401","GL873615","5162108","5162422","61","4681013"
"KQ053223v1","490883","491080","GL873530","27752066","27752252","54","27261183"
"KQ053223v1","520864","521156","GL873771","1211046","1211325","74","690182"
"KQ053223v1","535481","535783","GL873532","21611611","21611905","70","21076130"
"KQ053223v1","568308","568588","GL873735","618497","618779","78","50189"
"KQ053223v1","592516","592800","GL873531","19349136","19349405","58","18756620"
"KQ053223v1","617991","618273","GL873571","317613","317894","66","300378"
"KQ053223v1","647854","648151","GL873577","2974882","2975180","65","2327028"
"KQ053223v1","686232","686415","GL873526","10575149","10575318","50","9888917"
"KQ053223v1","706347","706504","GL873551","6520225","6520376","42","5813878"
"KQ053223v1","706806","706939","GL873555","6899795","6899927","28","6192989"
"KQ053223v1","710631","710876","GL873570","9627130","9627370","56","8916499"
"KQ053223v1","711364","711554","GL873537","25316920","25317119","47","24605556"
"KQ053223v1","716235","716545","GL873635","5148548","5148847","79","4432313"
"KQ053223v1","719842","720101","GL873671","1614126","1614394","60","894284"
"KQ053223v1","747470","747738","GL873690","3376681","3376947","61","2629211"
"KQ053223v1","770489","770778","GL873522","38254221","38254501","62","37483732"
"KQ053223v1","820004","820311","GL873567","11848801","11849096","68","11028797"
"KQ053223v1","831550","831721","GL873768","1021220","1021385","35","189670"
"KQ053223v1","851982","852284","GL873567","11848801","11849096","64","10996819"
"KQ053223v1","855327","855562","GL873671","1757014","1757263","71","901687"
"KQ053223v1","911063","911266","GL873548","11633832","11634036","45","10722769"
"KQ053223v1","958084","958248","GL873527","16600025","16600192","36","15641941"
"KQ053223v1","1048686","1048865","GL873529","18599393","18599558","48","17550707"
"KQ053223v1","1050127","1050424","GL873521","3596755","3597054","72","2546628"
"KQ053223v1","1058484","1058702","GL873659","1692343","1692545","55","633859"
"KQ053223v1","1080614","1080626","GL873520","25523108","25523120","3","24442494"
"KQ053223v1","1080979","1081151","GL873577","4898264","4898426","40","3817285"
"KQ053223v1","1092292","1092535","GL873567","13195125","13195366","57","12102833"
"KQ053223v1","1117682","1117993","GL873720","1268124","1268434","61","150442"
"KQ053223v1","1118409","1118683","GL873586","7289627","7289886","66","6171218"
"KQ053223v1","1122874","1123151","GL873601","1319757","1320032","75","196883"
"KQ053223v1","1123158","1123441","GL873571","5692212","5692486","83","4569054"
"KQ053223v1","1134786","1134952","GL873545","12054518","12054679","46","10919732"
"KQ053223v1","1136873","1136901","GL873628","4177792","4177815","7","3040919"
"KQ053223v1","1137005","1137176","GL873524","101000","101167","51","1036005"
"KQ053223v1","1137489","1137628","GL873605","2287268","2287412","35","1149779"
"KQ053223v1","1159256","1159378","GL873523","23246441","23246563","23","22087185"
"KQ053223v1","1178773","1179082","GL873720","1268124","1268434","68","89351"
"KQ053223v1","1183804","1184081","GL873627","4237922","4238189","69","3054118"
"KQ053223v1","1200896","1201083","GL873551","7001875","7002058","44","5800979"
"KQ053223v1","1214373","1214667","GL873520","68638145","68638434","62","67423772"
"KQ053223v1","1250412","1250536","GL873566","3470660","3470785","20","2220248"
"KQ053223v1","1264525","1264732","GL873522","21258404","21258617","55","19993879"
"KQ053223v1","1272974","1273181","GL873522","21258404","21258617","55","19985430"
"KQ053223v1","1333980","1334278","GL873621","545875","546169","57","788105"
"KQ053223v1","1344010","1344311","GL873621","545875","546169","58","798135"
"KQ053223v1","1386705","1386880","GL873522","3856634","3856803","47","2469929"
"KQ053223v1","1387211","1387343","GL873520","28028232","28028356","33","26641021"
"KQ053223v1","1427709","1427775","AAQR03192622","1744","1812","14","1425965"
"KQ053223v1","1430427","1430719","GL873570","11394548","11394837","62","9964121"
"KQ053223v1","1447051","1447218","GL873548","14055047","14055215","42","12607996"
"KQ053223v1","1474785","1474920","GL873579","1692355","1692490","26","217570"
"KQ053223v1","1529558","1529856","GL873613","971789","972086","55","557769"
"KQ053223v1","1548081","1548210","GL873553","8434905","8435034","24","6886824"
"KQ053223v1","1560438","1560561","GL873590","762566","762687","19","797872"
"KQ053223v1","1586128","1586312","GL873533","12706488","12706681","67","11120360"
"KQ053223v1","1586677","1586924","GL873665","2874604","2874831","85","1287927"
"KQ053223v1","1593138","1593331","GL873660","4198779","4198982","51","2605641"
"KQ053223v1","1593682","1593920","GL873534","1535027","1535276","65","58655"
"KQ053223v1","1598074","1598369","GL873541","14451118","14451418","74","12853044"
"KQ053223v1","1601730","1602020","GL873660","743632","743918","66","858098"
"KQ053223v1","1605481","1605778","GL873551","10987258","10987553","64","9381777"
"KQ053223v1","1614205","1614514","GL873522","666047","666315","90","948158"
"KQ053223v1","1618373","1618612","GL873687","3171637","3171878","52","1553264"
"KQ053223v1","1636061","1636352","GL873599","4643211","4643494","67","3007150"
"KQ053223v1","1683412","1683703","GL873537","20108472","20108765","62","18425060"
"KQ053223v1","1708516","1708639","GL873577","11033333","11033456","20","9324817"
"KQ053223v1","1712094","1712374","GL873593","3958983","3959265","64","2246889"
"KQ053223v1","1735141","1735446","GL873544","14399484","14399781","75","12664343"
"KQ053223v1","1736801","1737022","GL873621","696020","696233","62","1040781"
"KQ053223v1","1742840","1742963","GL873521","52369650","52369771","21","50626810"
"KQ053223v1","1742978","1743188","GL873625","5640863","5641072","52","3897885"
"KQ053223v1","1751488","1751747","GL873533","4995573","4995821","58","3244085"
"KQ053223v1","1751836","1752056","GL873752","1264588","1264795","49","487248"
"KQ053223v1","1761908","1762196","GL873540","9535512","9535797","69","7773604"
"KQ053223v1","1772695","1772991","GL873748","238196","238496","49","1534499"
"KQ053223v1","1799919","1800202","GL873540","4711812","4712090","53","2911893"
"KQ053223v1","1807047","1807167","GL873522","17795080","17795202","25","15988033"
"KQ053223v1","1824343","1824602","GL873671","2891228","2891478","57","1066885"
"KQ053223v1","1828216","1828517","GL873720","1268124","1268434","62","560092"
"KQ053223v1","1887973","1888114","GL873646","4677615","4677754","40","2789642"
"KQ053223v1","1911039","1911250","GL873528","38341719","38341932","44","36430680"
"KQ053223v1","1922685","1922909","GL873530","21394671","21394886","66","19471986"
"KQ053223v1","1942295","1942421","GL873542","11494580","11494704","21","9552285"
"KQ053223v1","1953470","1953746","GL873525","35143537","35143806","57","33190067"
"KQ053223v1","1961122","1961437","GL873540","22714851","22715162","66","20753729"
"KQ053223v1","1969140","1969443","GL873577","10149931","10150226","69","8180791"
"KQ053223v1","1980654","1980740","GL873618","3935608","3935694","12","1954954"
"KQ053223v1","1988018","1988310","GL873561","5411490","5411778","58","3423472"
"KQ053223v1","2043198","2043495","GL873632","5537110","5537401","58","3493912"
"KQ053223v1","2054396","2054533","GL873576","9752505","9752640","35","7698109"
"KQ053223v1","2074310","2074590","GL873526","8284727","8285011","69","6210417"
"KQ053223v1","2111784","2111986","GL873575","7419637","7419836","48","5307853"
"KQ053223v1","2149656","2149805","GL873606","3105281","3105430","45","955625"
"KQ053223v1","2150141","2150207","GL873651","1874947","1875013","26","275194"
"KQ053223v1","2177379","2177534","GL873536","11098407","11098553","33","8921028"
"KQ053223v1","2261447","2261596","GL873528","5587213","5587354","45","3325766"
"KQ053223v1","2279967","2280196","GL873536","5305627","5305830","80","3025660"
"KQ053223v1","2306059","2306224","GL873677","3513131","3513290","35","1207072"
"KQ053223v1","2306257","2306348","GL873527","37772366","37772456","26","35466109"
"KQ053223v1","2306697","2306732","GL873563","5530999","5531035","10","3224302"
"KQ053223v1","2319764","2320062","GL873537","20108472","20108765","65","17788708"
"KQ053223v1","2327651","2327932","GL873565","12300518","12300811","56","9972867"
"KQ053223v1","2331131","2331429","GL873537","20108472","20108765","65","17777341"
"KQ053223v1","2382884","2383168","GL873657","3029272","3029566","61","646388"
"KQ053223v1","2435905","2436204","GL873545","12978830","12979129","54","10542925"
"KQ053223v1","2438359","2438655","GL873729","432103","432405","64","2006256"
"KQ053223v1","2458219","2458488","GL873533","23633726","23633993","63","21175507"
"KQ053223v1","2474711","2474880","GL873531","29031742","29031916","48","26557031"
"KQ053223v1","2481085","2481242","GL873820","293703","293851","46","2187382"
"KQ053223v1","2485497","2485793","GL873618","1121386","1121685","76","1364111"
"KQ053223v1","2513067","2513361","GL873529","9865080","9865368","79","7352013"
"KQ053223v1","2521403","2521689","GL873558","3156984","3157274","57","635581"
"KQ053223v1","2544569","2544874","GL873604","7210325","7210624","75","4665756"
"KQ053223v1","2546298","2546591","GL873537","20108472","20108765","49","17562174"
"KQ053223v1","2579348","2579644","GL873521","49874189","49874492","53","47294841"
"KQ053223v1","2606276","2606567","GL873532","17044604","17044891","63","14438328"
"KQ053223v1","2607247","2607526","GL873562","4945464","4945744","60","2338217"
"KQ053223v1","2625420","2625700","GL873752","219309","219580","59","2406111"
"KQ053223v1","2633480","2633754","GL873534","15140925","15141195","56","12507445"
"KQ053223v1","2640673","2640943","GL873600","8488206","8488466","71","5847533"
"KQ053223v1","2652987","2653267","GL873606","4241513","4241799","70","1588526"
"KQ053223v1","2661446","2661731","GL873586","255814","256100","67","2405632"
"KQ053223v1","2717467","2717628","GL873730","122968","123133","38","2594499"
"KQ053223v1","2727433","2727559","GL873561","11383485","11383605","25","8656052"
"KQ053223v1","2734361","2734622","GL873531","29837218","29837486","68","27102857"
"KQ053223v1","2740316","2740494","GL873558","3010058","3010227","53","269742"
"KQ053223v1","2766710","2766972","GL873607","1421139","1421397","82","1345571"
"KQ053223v1","2775720","2775980","GL873607","1421139","1421397","64","1354581"
"KQ053223v1","2822948","2823233","GL873537","12959422","12959706","61","10136474"
"KQ053223v1","2836236","2836524","GL873643","1087107","1087400","65","1749129"
"KQ053223v1","2847206","2847480","GL873624","1645809","1646068","70","1201397"
"KQ053223v1","2849000","2849267","GL873607","1421139","1421397","61","1427861"
"KQ053223v1","2849477","2849795","GL873527","15241181","15241479","102","12391704"
"KQ053223v1","2874228","2874521","GL873592","8396855","8397140","67","5522627"
"KQ053223v1","2877590","2877872","GL873538","2102031","2102304","69","775559"
"KQ053223v1","2898785","2899065","GL873538","12696139","12696415","65","9797354"
"KQ053223v1","2902484","2902782","GL873546","4478339","4478641","60","1575855"
"KQ053223v1","2916500","2916708","GL873526","40957560","40957777","56","38041060"
"KQ053223v1","2940840","2941111","GL873701","2549995","2550263","77","390845"
"KQ053223v1","2978024","2978322","GL873558","1978239","1978534","64","999785"
"KQ053223v1","2979152","2979443","GL873544","18629747","18630035","64","15650595"
"KQ053223v1","3030277","3030569","GL873541","21985689","21985982","56","18955412"
"KQ053223v1","3053929","3054230","GL873529","1948168","1948464","71","1105761"
"KQ053223v1","3058900","3059019","GL873537","20295422","20295552","27","17236522"
"KQ053223v1","3091656","3091943","GL873579","984876","985165","57","2106780"
"KQ053223v1","3114624","3114933","GL873533","16279236","16279539","66","13164612"
"KQ053223v1","3139059","3139339","GL873546","18985258","18985518","73","15846199"
"KQ053223v1","3140419","3140728","GL873526","6040171","6040479","63","2899752"
"KQ053223v1","3141042","3141307","GL873520","42076381","42076641","66","38935339"
"KQ053223v1","3167816","3168119","GL873561","1689325","1689626","70","1478491"
"KQ053223v1","3189860","3190150","GL873526","25295506","25295789","58","22105646"
"KQ053223v1","3207237","3207523","GL873558","3156984","3157274","66","50253"
"KQ053223v1","3222094","3222307","GL873624","2922938","2923157","61","299156"
"KQ053223v1","3229705","3230014","GL873543","5406105","5406406","65","2176400"
"KQ053223v1","3246609","3246841","GL873526","40957560","40957777","51","37710951"
"KQ053223v1","3279479","3279739","GL873586","6311175","6311430","54","3031696"
"KQ053223v1","3300491","3300798","GL873537","15782153","15782452","72","12481662"
"KQ053223v1","3307840","3307992","GL873538","4628826","4628970","43","1320986"
"KQ053223v1","3308894","3309157","GL873561","11417251","11417516","79","8108357"
"KQ053223v1","3311879","3312172","GL873537","20108472","20108765","51","16796593"
"KQ053223v1","3327702","3327926","GL873639","1603805","1604026","50","1723897"
"KQ053223v1","3328089","3328362","GL873586","6311175","6311430","51","2983086"
"KQ053223v1","3330100","3330361","GL873520","8214484","8214752","61","4884384"
"KQ053223v1","3341366","3341660","GL873598","8660409","8660700","71","5319043"
"KQ053223v1","3342629","3342932","GL873577","10149931","10150226","65","6807302"
"KQ053223v1","3345898","3346108","GL873541","22679536","22679746","55","19333638"
"KQ053223v1","3359258","3359564","GL873619","4605876","4606179","64","1246618"
"KQ053223v1","3362355","3362666","GL873574","2979143","2979454","59","383212"
"KQ053223v1","3376602","3376751","GL873530","23133728","23133886","53","19757126"
"KQ053223v1","3377085","3377178","GL873543","17625005","17625097","19","14247920"
"KQ053223v1","3412250","3412555","GL873530","3916122","3916410","87","503872"
"KQ053223v1","3414121","3414378","GL873568","12674938","12675190","52","9260817"
"KQ053225v1","19136","19404","GL873540","3122886","3123144","62","3103750"
"KQ053226v1","12282","12399","GL873672","398386","398503","26","386104"
"KQ053226v1","46422","46691","GL873520","8214484","8214752","67","8168062"
"KQ053226v1","49036","49160","GL873596","2162768","2162890","21","2113732"
"KQ053226v1","52062","52325","GL873598","6491954","6492225","69","6439892"
"KQ053226v1","62368","62457","GL873533","13936820","13936910","12","13874452"
"KQ053226v1","67470","67778","GL873557","7046743","7047040","75","6979273"
"KQ053226v1","70400","70709","GL873567","10304739","10305017","112","10234339"
"KQ053226v1","79817","80052","GL873564","5092960","5093208","72","5013143"
"KQ053226v1","88180","88453","GL873661","1553361","1553627","59","1465181"
"KQ053226v1","96458","96762","GL873530","29125020","29125327","59","29028562"
"KQ053226v1","129435","129727","GL873532","21611611","21611905","68","21482176"
"KQ053226v1","136723","137007","GL873737","479975","480254","77","343252"
"KQ053227v1","21414","21731","GL873540","19013371","19013667","80","18991957"
"KQ053230v1","51315","51612","GL873599","290560","290867","64","239245"
"KQ053230v1","176241","176328","GL873615","7002628","7002713","18","6826387"
"KQ053230v1","179167","179411","GL873532","2962544","2962792","64","2783377"
"KQ053230v1","322127","322424","GL873527","37688683","37688980","62","37366556"
"KQ053230v1","394183","394353","GL873535","19157542","19157710","36","18763359"
"KQ053230v1","394386","394470","GL873557","6825276","6825359","21","6430890"
"KQ053230v1","424083","424206","GL873542","11494580","11494704","26","11070497"
"KQ053230v1","443790","443913","GL873627","5671524","5671639","31","5227734"
"KQ053230v1","551398","551684","GL873634","2627489","2627772","60","2076091"
"KQ053230v1","671776","672071","GL873535","19781152","19781455","89","19109376"
"KQ053230v1","878344","878626","GL873599","3962151","3962437","70","3083807"
"KQ053230v1","959298","959464","GL873525","45740262","45740432","45","44780964"
"KQ053230v1","971018","971315","GL873522","33506808","33507102","67","32535790"
"KQ053230v1","1101840","1102122","GL873703","125416","125705","64","976424"
"KQ053230v1","1419824","1420117","GL873538","26301186","26301477","61","24881362"
"KQ053230v1","1429670","1429934","GL873550","17645061","17645322","54","16215391"
"KQ053230v1","1484683","1484975","GL873536","10468108","10468389","62","8983425"
"KQ053230v1","1488747","1489042","GL873646","5530496","5530792","71","4041749"
"KQ053230v1","1504485","1504779","GL873531","29056008","29056304","73","27551523"
"KQ053230v1","1518518","1518821","GL873522","41567774","41568074","69","40049256"
"KQ053230v1","1585526","1585822","GL873568","10563353","10563640","77","8977827"
"KQ053230v1","1596383","1596485","GL873554","13144861","13144963","20","11548478"
"KQ053234v1","6497","6785","GL873540","4711812","4712090","56","4705315"
"KQ053234v1","39262","39521","GL873550","13124551","13124811","66","13085289"
"KQ053234v1","76839","76940","GL873587","5622133","5622222","32","5545294"
"KQ053234v1","77271","77429","GL873639","2245446","2245602","40","2168175"
"KQ053234v1","84257","84563","GL873535","14266203","14266500","78","14181946"
"KQ053234v1","89171","89432","GL873557","6395178","6395429","53","6306007"
"KQ053234v1","111424","111702","GL873677","3168668","3168943","62","3057244"
"KQ053234v1","123439","123718","GL873584","6991470","6991746","72","6868031"
"KQ053234v1","184977","185285","GL873624","4145937","4146255","84","3960960"
"KQ053234v1","187348","187480","GL873538","27182461","27182588","25","26995113"
"KQ053234v1","201388","201661","GL873563","1340706","1340977","66","1139318"
"KQ053234v1","212089","212411","GL873522","42556538","42556845","69","42344449"
"KQ053234v1","214215","214538","GL873615","5162108","5162422","75","4947893"
"KQ053234v1","233733","233986","GL873529","20997384","20997641","65","20763651"
"KQ053234v1","251098","251294","GL873584","1077463","1077652","41","826365"
"KQ053234v1","257533","257833","GL873523","8076383","8076689","61","7818850"
"KQ053234v1","258513","258807","GL873520","38236690","38236980","66","37978177"
"KQ053234v1","271393","271713","GL873577","10149931","10150226","71","9878538"
"KQ053234v1","284426","284744","GL873521","49874189","49874492","73","49589763"
"KQ053234v1","286717","286978","GL873557","6395178","6395429","66","6108461"
"KQ053234v1","288369","288672","GL873577","10149931","10150226","69","9861562"
"KQ053234v1","289840","290122","GL873530","4921974","4922254","65","4632134"
"KQ053234v1","291874","292147","GL873661","3460900","3461179","61","3169026"
"KQ053234v1","293982","294271","GL873588","1085638","1085922","60","791656"
"KQ053234v1","295660","295947","GL873557","7267236","7267535","68","6971576"
"KQ053234v1","317178","317452","GL873521","20738236","20738517","69","20421058"
"KQ053234v1","323548","323821","GL873521","8262957","8263232","70","7939409"
"KQ053234v1","355700","355886","GL873739","628260","628439","55","272560"
"KQ053234v1","358641","358932","GL873748","181066","181353","68","177575"
"KQ053234v1","361526","361822","GL873530","16303356","16303636","86","15941830"
"KQ053234v1","403281","403498","GL873591","8056556","8056755","69","7653275"
"KQ053234v1","416589","416874","GL873526","25738680","25738960","68","25322091"
"KQ053234v1","421472","421749","GL873546","16423062","16423344","77","16001590"
"KQ053234v1","444035","444331","GL873526","13214346","13214644","69","12770311"
"KQ053234v1","471644","471923","GL873520","29416679","29416950","69","28945035"
"KQ053234v1","480714","480939","GL873533","29114064","29114296","55","28633350"
"KQ053234v1","488288","488501","GL873527","37887494","37887703","57","37399206"
"KQ053234v1","502465","502734","GL873525","35143537","35143806","64","34641072"
"KQ053234v1","510559","510854","GL873595","2668251","2668538","79","2157692"
"KQ053234v1","514736","514953","GL873752","1264588","1264795","56","749852"
"KQ053234v1","526255","526558","GL873624","2187268","2187564","62","1661013"
"KQ053234v1","550993","551271","GL873634","1070547","1070833","65","519554"
"KQ053234v1","562286","562595","GL873523","28431022","28431322","55","27868736"
"KQ053234v1","585907","586198","GL873530","9237692","9238000","71","8651785"
"KQ053234v1","596596","596785","GL873520","1429502","1429686","49","832906"
"KQ053234v1","598538","598654","GL873548","14290617","14290727","25","13692079"
"KQ053234v1","607523","607822","GL873631","1772","2067","62","605751"
"KQ053234v1","609957","610190","GL873602","8592733","8592958","59","7982776"
"KQ053234v1","668637","668864","GL873523","24222105","24222338","61","23553468"
"KQ053234v1","694235","694546","GL873530","25617673","25617981","60","24923438"
"KQ053234v1","706475","706770","GL873531","27860265","27860563","59","27153790"
"KQ053234v1","711711","711996","GL873812","400580","400858","73","311131"
"KQ053234v1","721817","722065","GL873554","2413383","2413629","62","1691566"
"KQ053234v1","770194","770467","GL873614","2652946","2653220","54","1882752"
"KQ053234v1","796553","796868","GL873720","1268124","1268434","58","471571"
"KQ053234v1","800920","801206","GL873531","25381659","25381942","67","24580739"
"KQ053234v1","814417","814683","GL873569","10006129","10006398","62","9191712"
"KQ053234v1","823951","824218","GL873530","21920494","21920765","53","21096543"
"KQ053234v1","880421","880714","GL873526","4353131","4353412","53","3472710"
"KQ053234v1","887237","887408","GL873567","12768084","12768254","39","11880847"
"KQ053234v1","888374","888687","GL873523","8076383","8076689","67","7188009"
"KQ053234v1","903349","903662","GL873575","2687372","2687665","69","1784023"
"KQ053234v1","912580","912885","GL873530","5283110","5283398","69","4370530"
"KQ053234v1","914066","914370","GL873653","1298620","1298920","70","384554"
"KQ053234v1","927335","927654","GL873522","18906088","18906411","89","17978753"
"KQ053234v1","930584","930885","GL873572","6869790","6870074","66","5939206"
"KQ053234v1","934270","934545","GL873553","8760657","8760893","94","7826387"
"KQ053234v1","934835","934920","GL873587","2256024","2256104","16","1321189"
"KQ053234v1","943538","943795","GL873548","12549634","12549900","62","11606096"
"KQ053234v1","944383","944658","GL873544","12852108","12852394","62","11907725"
"KQ053234v1","953564","953803","GL873537","17780878","17781127","68","16827314"
"KQ053234v1","967850","968148","GL873538","3757160","3757448","65","2789310"
"KQ053234v1","970243","970546","GL873530","17375868","17376165","59","16405625"
"KQ053234v1","993789","994053","GL873594","8268058","8268318","56","7274269"
"KQ053234v1","994881","995109","GL873703","613800","614016","47","381081"
"KQ053234v1","997011","997271","GL873611","771061","771316","66","225950"
"KQ053234v1","1006285","1006586","GL873577","10149931","10150226","57","9143646"
"KQ053234v1","1034899","1035165","GL873648","355307","355573","59","679592"
"KQ053234v1","1054991","1055266","GL873544","12449514","12449784","62","11394523"
"KQ053234v1","1064094","1064363","GL873533","2623226","2623495","67","1559132"
"KQ053234v1","1068507","1068792","GL873634","2627489","2627772","58","1558982"
"KQ053234v1","1070751","1071052","GL873748","238196","238496","55","832555"
"KQ053234v1","1072433","1072797","GL873670","1628229","1628576","122","555796"
"KQ053234v1","1081273","1081579","GL873615","5162108","5162422","63","4080835"
"KQ053234v1","1095146","1095258","GL873671","3531980","3532089","20","2436834"
"KQ053234v1","1118564","1118709","GL873524","23982636","23982764","36","22864072"
"KQ053234v1","1123210","1123490","GL873526","25295506","25295789","74","24172296"
"KQ053234v1","1126266","1126546","GL873693","2634108","2634374","65","1507842"
"KQ053234v1","1139177","1139478","GL873557","7267236","7267535","59","6128059"
"KQ053234v1","1145976","1146263","GL873590","671368","671605","87","474608"
"KQ053234v1","1231120","1231417","GL873546","18307234","18307526","66","17076114"
"KQ053234v1","1237275","1237565","GL873586","3828887","3829179","57","2591612"
"KQ053234v1","1243723","1243842","GL873528","5975901","5976014","25","4732178"
"KQ053234v1","1247424","1247545","GL873557","1890228","1890345","24","642804"
"KQ053234v1","1249315","1249594","GL873520","16709587","16709864","63","15460272"
"KQ053234v1","1255447","1255568","GL873557","1890228","1890345","22","634781"
"KQ053234v1","1271900","1272157","GL873533","5362274","5362533","66","4090374"
"KQ053234v1","1288219","1288544","GL873526","7856570","7856878","76","6568351"
"KQ053234v1","1295951","1296246","GL873528","4452981","4453269","51","3157030"
"KQ053234v1","1317390","1317665","GL873526","22977045","22977316","73","21659655"
"KQ053234v1","1328211","1328488","GL873538","19756877","19757117","90","18428666"
"KQ053234v1","1348598","1348910","GL873520","46903199","46903512","63","45554601"
"KQ053234v1","1352642","1352851","GL873608","5854095","5854276","60","4501453"
"KQ053234v1","1368971","1369274","GL873530","17375868","17376165","60","16006897"
"KQ053234v1","1372334","1372599","GL873538","7504355","7504618","61","6132021"
"KQ053234v1","1377346","1377621","GL873533","15128008","15128290","64","13750662"
"KQ053234v1","1380057","1380345","GL873586","8120080","8120363","61","6740023"
"KQ053234v1","1381945","1382234","GL873593","2507984","2508249","82","1126039"
"KQ053234v1","1396668","1396985","GL873664","5019834","5020137","69","3623166"
"KQ053234v1","1408757","1409065","GL873532","16063689","16063996","66","14654932"
"KQ053234v1","1416800","1417075","GL873716","602378","602644","54","814422"
"KQ053234v1","1422365","1422663","GL873522","4222168","4222461","62","2799803"
"KQ053234v1","1440821","1441111","GL873520","60883623","60883917","58","59442802"
"KQ053234v1","1461172","1461363","GL873625","2276581","2276769","46","815409"
"KQ053234v1","1496314","1496604","GL873612","273209","273490","58","1223105"
"KQ053234v1","1503580","1503884","GL873565","6321679","6321988","76","4818099"
"KQ053234v1","1515583","1515873","GL873612","273209","273490","58","1242374"
"KQ053234v1","1549804","1550121","GL873655","1067764","1068073","76","482040"
"KQ053234v1","1573437","1573721","GL873523","25490178","25490466","64","23916741"
"KQ053234v1","1574083","1574353","GL873540","20714780","20715053","74","19140697"
"KQ053234v1","1578684","1578967","GL873527","25101599","25101892","77","23522915"
"KQ053234v1","1579943","1580212","GL873625","5353170","5353434","76","3773227"
"KQ053234v1","1584663","1584952","GL873672","89308","89598","52","1495355"
"KQ053234v1","1585904","1586201","GL873580","1911387","1911684","52","325483"
"KQ053234v1","1609606","1609736","GL873646","3620254","3620385","23","2010648"
"KQ053234v1","1618734","1619028","GL873575","2687372","2687665","60","1068638"
"KQ053234v1","1619977","1620211","GL873769","1540540","1540770","57","79437"
"KQ053234v1","1623515","1623830","GL873720","1268124","1268434","75","355391"
"KQ053234v1","1626675","1626978","GL873577","10149931","10150226","58","8523256"
"KQ053234v1","1628914","1629202","GL873584","10485893","10486179","57","8856979"
"KQ053234v1","1632517","1632822","GL873615","5162108","5162422","68","3529591"
"KQ053234v1","1636282","1636583","GL873521","49874189","49874492","64","48237907"
"KQ053234v1","1651297","1651616","GL873675","1780107","1780409","71","128810"
"KQ053234v1","1655817","1655957","GL873535","25996647","25996771","37","24340830"
"KQ053234v1","1656076","1656191","GL873679","188241","188357","27","1467835"
"KQ053234v1","1656936","1657174","GL873538","11416277","11416524","55","9759341"
"KQ053234v1","1658015","1658147","GL873521","3008077","3008201","32","1350062"
"KQ053234v1","1662832","1663034","GL873628","7012543","7012724","62","5349711"
"KQ053234v1","1669983","1670274","GL873539","19375234","19375524","65","17705251"
"KQ053234v1","1682551","1682679","GL873536","22370995","22371119","24","20688444"
"KQ053234v1","1687480","1687767","GL873534","15140925","15141195","69","13453445"
"KQ053234v1","1688985","1689300","GL873720","1268124","1268434","62","420861"
"KQ053234v1","1699038","1699300","GL873586","7812010","7812266","63","6112972"
"KQ053234v1","1704577","1704875","GL873631","1772","2067","61","1702805"
"KQ053234v1","1711245","1711551","GL873621","545875","546169","70","1165370"
"KQ053234v1","1811675","1811895","GL873625","5640863","5641072","57","3829188"
"KQ053234v1","1820743","1821051","GL873537","20108472","20108765","62","18287729"
"KQ053234v1","1834396","1834689","GL873544","12852108","12852394","65","11017712"
"KQ053234v1","1836537","1836838","GL873531","25381659","25381942","68","23545122"
"KQ053234v1","1841176","1841483","GL873528","8480165","8480458","78","6638989"
"KQ053234v1","1844702","1844988","GL873557","13615508","13615790","65","11770806"
"KQ053234v1","1860351","1860646","GL873542","7302503","7302792","68","5442152"
"KQ053234v1","1869809","1870098","GL873675","162005","162291","77","1707804"
"KQ053234v1","1882835","1883101","GL873590","1083325","1083584","63","799510"
"KQ053234v1","1885816","1886111","GL873624","2187268","2187564","73","301452"
"KQ053234v1","1891000","1891098","GL873567","12026617","12026711","22","10135617"
"KQ053234v1","1891418","1891628","GL873703","613800","614016","50","1277618"
"KQ053234v1","1901463","1901760","GL873596","3562116","3562414","64","1660653"
"KQ053234v1","1902652","1902950","GL873557","7133081","7133372","70","5230429"
"KQ053234v1","1909166","1909221","GL873730","2045223","2045279","16","136057"
"KQ053234v1","1918067","1918379","GL873565","12300518","12300811","71","10382451"
"KQ053234v1","1929360","1929665","GL873530","17375868","17376165","52","15446508"
"KQ053234v1","1931822","1932125","GL873562","12274934","12275232","62","10343112"
"KQ053234v1","1935006","1935247","GL873521","7478242","7478477","50","5543236"
"KQ053234v1","1936734","1937046","GL873566","2989507","2989808","72","1052773"
"KQ053234v1","1964611","1964905","GL873596","8979189","8979479","62","7014578"
"KQ053234v1","1977771","1978097","GL873544","13109134","13109442","80","11131363"
"KQ053236v1","3845","4203","GL873531","3510286","3510605","105","3506441"
"KQ053236v1","16092","16364","GL873677","3168668","3168943","52","3152576"
"KQ053236v1","106759","107036","GL873540","4711812","4712090","54","4605053"
"KQ053237v1","4492","4717","GL873527","13236396","13236610","78","13231904"
"KQ053238v1","30089","30348","GL873537","23776882","23777153","68","23746793"
"KQ053238v1","48966","49092","GL873560","13049237","13049359","19","13000271"
"KQ053238v1","104776","105034","GL873586","7196508","7196757","69","7091732"
"KQ053240v1","17541","17670","GL873520","24084579","24084710","21","24067038"
"KQ053240v1","25572","25879","GL873546","18307234","18307526","70","18281662"
"KQ053240v1","26859","26974","GL873615","5532268","5532384","21","5505409"
"KQ053240v1","32203","32502","GL873665","4085530","4085818","76","4053327"
"KQ053240v1","50581","50882","GL873540","11122200","11122500","70","11071619"
"KQ053240v1","91966","92059","GL873646","5195762","5195851","26","5103796"
"KQ053240v1","158205","158483","GL873618","1681545","1681828","79","1523340"
"KQ053243v1","97130","97411","GL873525","39330773","39331048","67","39233643"
"KQ053243v1","111258","111586","GL873539","25527772","25528079","87","25416514"
"KQ053243v1","120795","121082","GL873532","12550644","12550935","61","12429849"
"KQ053243v1","171580","171822","GL873619","4332045","4332277","56","4160465"
"KQ053243v1","173079","173322","GL873538","11416277","11416524","52","11243198"
"KQ053243v1","233335","233638","GL873661","403096","403407","64","169761"
"KQ053243v1","251795","252022","GL873538","17630112","17630323","58","17378317"
"KQ053245v1","12851","13147","GL873720","1268124","1268434","59","1255273"
"KQ053245v1","36351","36661","GL873577","10149931","10150226","66","10113580"
"KQ053245v1","117690","117972","GL873606","179188","179463","70","61498"
"KQ053245v1","157545","157841","GL873677","4203427","4203715","67","4045882"
"KQ053245v1","202963","203018","GL873540","16612816","16612867","17","16409853"
"KQ053245v1","211452","211544","GL873619","4303531","4303621","23","4092079"
"KQ053245v1","239414","239515","GL873551","10947561","10947669","29","10708147"
"KQ053245v1","285044","285198","GL873742","920550","920698","27","635506"
"KQ053245v1","458474","458814","GL873544","13109134","13109442","100","12650660"
"KQ053245v1","521350","521597","GL873825","388120","388377","75","133230"
"KQ053245v1","603005","603312","GL873551","2149713","2150001","84","1546708"
"KQ053245v1","676737","676922","GL873532","3583287","3583468","45","2906550"
"KQ053245v1","716116","716231","GL873596","2674100","2674216","18","1957984"
"KQ053245v1","719241","719541","GL873537","20108472","20108765","65","19389231"
"KQ053245v1","768661","768877","GL873602","6538925","6539123","48","5770264"
"KQ053245v1","834605","834864","GL873624","1645809","1646068","53","811204"
"KQ053245v1","957513","957815","GL873566","9008836","9009136","62","8051323"
"KQ053245v1","1004429","1004687","GL873613","6577582","6577844","71","5573153"
"KQ053245v1","1008660","1008924","GL873613","6577582","6577844","66","5568922"
"KQ053245v1","1063001","1063303","GL873580","178479","178779","64","884522"
"KQ053245v1","1077666","1077962","GL873529","2855620","2855915","72","1777954"
"KQ053245v1","1143335","1143630","GL873776","729358","729643","64","413977"
"KQ053245v1","1166324","1166621","GL873579","478240","478517","81","688084"
"KQ053245v1","1203484","1203786","GL873521","14599825","14600115","67","13396341"
"KQ053245v1","1221048","1221329","GL873535","10475213","10475479","71","9254165"
"KQ053245v1","1315719","1315931","GL873533","27455737","27455939","54","26140018"
"KQ053245v1","1323040","1323319","GL873521","33844036","33844322","77","32520996"
"KQ053247v1","63905","64155","GL873678","628908","629161","55","565003"
"KQ053247v1","270041","270336","GL873577","5810565","5810848","66","5540524"
"KQ053250v1","186586","186889","GL873720","1268124","1268434","64","1081538"
"KQ053250v1","189081","189375","GL873526","4353131","4353412","58","4164050"
"KQ053250v1","199490","199790","GL873575","2687372","2687665","65","2487882"
"KQ053250v1","232955","233242","GL873593","3958983","3959265","68","3726028"
"KQ053250v1","273320","273501","GL873618","3515605","3515778","45","3242285"
"KQ053250v1","284570","284846","GL873584","10201756","10202045","65","9917186"
"KQ053251v1","53878","54185","GL873543","5865284","5865583","76","5811406"
"KQ053252v1","120146","120438","GL873608","4005858","4006144","64","3885712"
"KQ053255v1","17535","17827","GL873547","6470095","6470381","83","6452560"
"KQ053255v1","34915","35080","GL873537","8665340","8665505","32","8630425"
"KQ053256v1","49255","49559","GL873558","1978239","1978534","74","1928984"
"KQ053256v1","57827","58113","GL873592","5768722","5768993","64","5710895"
"KQ053256v1","136839","137138","GL873561","9330005","9330309","61","9193166"
"KQ053256v1","161995","162258","GL873549","1854009","1854279","73","1692014"
"KQ053256v1","177708","178008","GL873638","1144051","1144352","65","966343"
"KQ053256v1","222162","222436","GL873527","24552205","24552484","63","24330043"
"KQ053256v1","308655","308954","GL873564","5116943","5117236","63","4808288"
"KQ053256v1","354235","354358","GL873619","4442006","4442123","26","4087771"
"KQ053256v1","394989","395289","GL873533","23793613","23793905","60","23398624"
"KQ053256v1","448937","449230","GL873593","480828","481113","69","31891"
"KQ053256v1","462401","462637","GL873560","8931049","8931288","59","8468648"
"KQ053256v1","528219","528509","GL873544","12852108","12852394","60","12323889"
"KQ053256v1","529906","530133","GL873575","9474588","9474806","50","8944682"
"KQ053256v1","594681","594954","GL873576","11086273","11086536","68","10491592"
"KQ053256v1","606094","606401","GL873530","6899034","6899333","78","6292940"
"KQ053256v1","627715","627952","GL873569","8444899","8445137","65","7817184"
"KQ053256v1","635763","636074","GL873538","1998739","1999037","73","1362976"
"KQ053256v1","654391","654674","GL873535","25840890","25841174","71","25186499"
"KQ053256v1","666710","666956","GL873522","9976624","9976846","65","9309914"
"KQ053256v1","674133","674432","GL873540","21071517","21071821","68","20397384"
"KQ053256v1","708673","708984","GL873615","5162108","5162422","62","4453435"
"KQ053256v1","761014","761318","GL873568","5537783","5538076","63","4776769"
"KQ053256v1","838640","838947","GL873537","2276824","2277122","75","1438184"
"KQ053256v1","864327","864590","GL873601","6445198","6445466","72","5580871"
"KQ053256v1","885925","886203","GL873543","5868888","5869166","59","4982963"
"KQ053256v1","894111","894375","GL873545","4503988","4504243","69","3609877"
"KQ053256v1","903458","903577","GL873632","1941037","1941152","26","1037579"
"KQ053256v1","923666","923971","GL873521","49874189","49874492","65","48950523"
"KQ053256v1","962491","962779","GL873527","25101599","25101892","51","24139108"
"KQ053256v1","989085","989384","GL873541","2283134","2283435","69","1294049"
"KQ053256v1","1026678","1026951","GL873536","13622290","13622562","59","12595612"
"KQ053256v1","1032815","1033117","GL873534","14355046","14355346","69","13322231"
"KQ053256v1","1037026","1037314","GL873561","13826809","13827093","60","12789783"
"KQ053256v1","1084217","1084475","GL873529","14871676","14871931","78","13787459"
"KQ053256v1","1093317","1093522","GL873526","8303932","8304134","50","7210615"
"KQ053256v1","1164930","1165216","GL873543","2904962","2905248","69","1740032"
"KQ053256v1","1185439","1185746","GL873568","4562469","4562774","65","3377030"
"KQ053256v1","1199569","1199882","GL873520","48662069","48662371","78","47462500"
"KQ053256v1","1306707","1307029","GL873546","13542628","13542944","77","12235921"
"KQ053256v1","1307662","1307970","GL873547","8917733","8918044","62","7610071"
"KQ053256v1","1341458","1341750","GL873565","12300518","12300811","58","10959060"
"KQ053256v1","1377329","1377645","GL873631","6629455","6629755","73","5252126"
"KQ053256v1","1388807","1388966","GL873740","668373","668539","35","720434"
"KQ053256v1","1394661","1394955","GL873646","5170084","5170369","65","3775423"
"KQ053256v1","1397901","1398074","GL873592","4331175","4331344","42","2933274"
"KQ053256v1","1400201","1400503","GL873560","11470153","11470449","58","10069952"
"KQ053256v1","1509830","1510131","GL873539","25509032","25509332","71","23999202"
"KQ053256v1","1539723","1539995","GL873664","1209121","1209391","62","330602"
"KQ053256v1","1540047","1540347","GL873596","8378412","8378699","70","6838365"
"KQ053256v1","1544025","1544333","GL873522","4222168","4222461","64","2678143"
"KQ053256v1","1551564","1551858","GL873550","12835358","12835652","61","11283794"
"KQ053256v1","1614092","1614405","GL873530","17375868","17376165","64","15761776"
"KQ053256v1","1670011","1670297","GL873531","25381659","25381942","64","23711648"
"KQ053256v1","1688927","1689211","GL873526","25295506","25295789","71","23606579"
"KQ053256v1","1715483","1715766","GL873575","2687372","2687665","66","971889"
"KQ053256v1","1724489","1724766","GL873613","4450657","4450940","74","2726168"
"KQ053256v1","1738933","1739231","GL873563","10397010","10397314","59","8658077"
"KQ053256v1","1973303","1973584","GL873539","21005847","21006109","69","19032544"
"KQ053256v1","2002878","2003150","GL873576","2729418","2729686","78","726540"
"KQ053256v1","2022951","2023241","GL873520","23923056","23923353","62","21900105"
"KQ053256v1","2036407","2036530","GL873528","8778344","8778466","18","6741937"
"KQ053256v1","2061243","2061532","GL873544","12852108","12852394","53","10790865"
"KQ053256v1","2078933","2079199","GL873538","7504355","7504618","63","5425422"
"KQ053256v1","2093324","2093612","GL873592","3588756","3589042","62","1495432"
"KQ053256v1","2127988","2128101","GL873692","1734045","1734155","18","393943"
"KQ053256v1","2145846","2146126","GL873526","42001633","42001887","93","39855787"
"KQ053256v1","2200678","2200975","GL873575","2687372","2687665","64","486694"
"KQ053256v1","2205186","2205463","GL873570","9393261","9393537","58","7188075"
"KQ053256v1","2294070","2294353","GL873526","25295506","25295789","58","23001436"
"KQ053256v1","2355341","2355624","GL873564","3975062","3975344","69","1619721"
"KQ053256v1","2525863","2526144","GL873532","12863813","12864092","68","10337950"
"KQ053256v1","2535856","2536119","GL873592","3111206","3111468","66","575350"
"KQ053256v1","2744756","2745043","GL873526","8284727","8285011","68","5539971"
"KQ053256v1","3001102","3001373","GL873526","12865197","12865466","66","9864095"
"KQ053256v1","3053706","3054014","GL873571","4374924","4375218","71","1321218"
"KQ053256v1","3076668","3076973","GL873609","7137543","7137854","67","4060875"
"KQ053256v1","3091270","3091577","GL873561","9330005","9330309","60","6238735"
"KQ053256v1","3110828","3111132","GL873632","5563150","5563458","52","2452322"
"KQ053256v1","3127850","3128134","GL873523","18239790","18240084","90","15111940"
"KQ053256v1","3137082","3137220","GL873738","814078","814212","30","2323004"
"KQ053256v1","3140304","3140567","GL873615","558959","559233","67","2581345"
"KQ053256v1","3163159","3163458","GL873531","27860265","27860563","55","24697106"
"KQ053256v1","3223774","3224072","GL873544","12852108","12852394","67","9628334"
"KQ053256v1","3233058","3233246","GL873577","9925660","9925854","55","6692602"
"KQ053256v1","3289712","3290010","GL873541","21969920","21970207","65","18680208"
"KQ053256v1","3315147","3315371","GL873627","4281284","4281483","62","966137"
"KQ053256v1","3381574","3381876","GL873697","605751","606047","76","2775823"
"KQ053256v1","3390218","3390428","GL873732","1459997","1460204","48","1930221"
"KQ053256v1","3438472","3438771","GL873584","6755696","6755989","73","3317224"
"KQ053256v1","3500096","3500397","GL873542","8032564","8032870","68","4532468"
"KQ053256v1","3544735","3545037","GL873572","9034316","9034616","69","5489581"
"KQ053256v1","3623908","3624031","GL873629","4037208","4037331","23","413300"
"KQ053256v1","3652228","3652513","GL873526","25295506","25295789","59","21643278"
"KQ053256v1","3667837","3668135","GL873522","4222168","4222461","52","554331"
"KQ053256v1","3698952","3699174","GL873624","3432800","3433013","51","266152"
"KQ053256v1","3742710","3743000","GL873537","23325667","23325965","57","19582957"
"KQ053256v1","3752104","3752406","GL873527","22929623","22929921","77","19177519"
"KQ053256v1","3753443","3753686","GL873540","20654782","20655010","73","16901339"
"KQ053256v1","3770403","3770689","GL873533","23793613","23793905","58","20023210"
"KQ053256v1","3773904","3774199","GL873577","10149931","10150226","63","6376027"
"KQ053256v1","3774638","3774936","GL873527","5721671","5721968","54","1947033"
"KQ053256v1","3785595","3785805","GL873522","21258404","21258617","58","17472809"
"KQ053256v1","3875392","3875693","GL873562","7734050","7734344","80","3858658"
"KQ053256v1","3878437","3878570","GL873646","3620254","3620385","23","258183"
"KQ053256v1","3944885","3945183","GL873523","8076383","8076689","56","4131498"
"KQ053256v1","3946194","3946506","GL873542","1286122","1286423","73","2660072"
"KQ053256v1","4004844","4005142","GL873545","12978830","12979129","66","8973986"
"KQ053256v1","4023166","4023442","GL873820","633684","633955","63","3389482"
"KQ053256v1","4029629","4029916","GL873530","27114472","27114746","64","23084843"
"KQ053256v1","4047603","4047819","GL873522","21258404","21258617","53","17210801"
"KQ053256v1","4214811","4214921","GL873557","8361642","8361752","26","4146831"
"KQ053256v1","4297415","4297713","GL873608","5261767","5262063","54","964352"
"KQ053256v1","4338629","4338910","GL873842","322251","322538","65","4016378"
"KQ053256v1","4361543","4361779","GL873605","8629874","8630117","54","4268331"
"KQ053256v1","4472590","4472847","GL873543","17797622","17797874","66","13325032"
"KQ053256v1","4504484","4504785","GL873577","10149931","10150226","66","5645447"
"KQ053256v1","4536192","4536486","GL873537","20108472","20108765","53","15572280"
"KQ053256v1","4654600","4654908","GL873552","9485985","9486288","69","4831385"
"KQ053256v1","4724775","4725046","GL873520","8214484","8214752","73","3489709"
"KQ053256v1","4793582","4793693","GL873551","10947561","10947669","38","6153979"
"KQ053256v1","4793723","4793803","GL873529","35874852","35874939","24","31081129"
"KQ053256v1","4848272","4848559","GL873522","40993959","40994240","68","36145687"
"KQ053256v1","4923022","4923322","GL873530","17375868","17376165","54","12452846"
"KQ053256v1","4927620","4927891","GL873624","1833935","1834197","77","3093685"
"KQ053256v1","4982600","4982861","GL873685","2027553","2027813","73","2955047"
"KQ053256v1","5012588","5012734","GL873584","2915736","2915882","45","2096852"
"KQ053256v1","5020321","5020625","GL873551","11110714","11111008","77","6090393"
"KQ053256v1","5021041","5021323","GL873522","26416598","26416890","69","21395557"
"KQ053256v1","5065320","5065625","GL873677","3216100","3216400","77","1849220"
"KQ053256v1","5084163","5084421","GL873592","283353","283601","50","4800810"
"KQ053256v1","5086865","5087169","GL873538","19622743","19623037","69","14535878"
"KQ053256v1","5094388","5094642","GL873569","420503","420750","61","4673885"
"KQ053256v1","5104810","5105099","GL873537","20108472","20108765","54","15003662"
"KQ053256v1","5113285","5113586","GL873540","19013371","19013667","56","13900086"
"KQ053256v1","5122745","5123052","GL873673","4218625","4218921","63","904120"
"KQ053256v1","5164062","5164353","GL873697","361362","361643","67","4802700"
"KQ053256v1","5199901","5200131","GL873544","12991873","12992106","75","7791972"
"KQ053256v1","5200422","5200516","GL873618","3042516","3042606","17","2157906"
"KQ053256v1","5210766","5211048","GL873520","42076381","42076641","73","36865615"
"KQ053256v1","5224052","5224333","GL873575","2687372","2687665","67","2536680"
"KQ053256v1","5234827","5234938","GL873554","1961563","1961672","23","3273264"
"KQ053256v1","5282310","5282584","GL873627","4237922","4238189","75","1044388"
"KQ053256v1","5326488","5326758","GL873800","736311","736599","70","4590177"
"KQ053256v1","5349113","5349298","GL873549","6262277","6262457","42","913164"
"KQ053256v1","5351987","5352260","GL873576","11086273","11086536","82","5734286"
"KQ053260v1","59935","60224","GL873611","6802065","6802336","80","6742130"
"KQ053260v1","65862","65987","GL873543","13501235","13501355","34","13435373"
"KQ053260v1","84152","84266","GL873628","1876330","1876452","21","1792178"
"KQ053260v1","87783","88031","GL873565","3583321","3583574","61","3495538"
"KQ053260v1","97805","98098","GL873549","6650509","6650777","88","6552704"
"KQ053260v1","114205","114463","GL873537","5893227","5893483","65","5779022"
"KQ053260v1","134640","134923","GL873526","25295506","25295789","60","25160866"
"KQ053260v1","207418","207623","GL873529","10935540","10935748","45","10728122"
"KQ053260v1","268652","268945","GL873575","2687372","2687665","55","2418720"
"KQ053260v1","279409","279536","GL873730","2082873","2082997","21","1803464"
"KQ053260v1","331982","332286","GL873557","7267236","7267535","71","6935254"
"KQ053261v1","10629","10934","GL873672","3031881","3032180","65","3021252"
"KQ053261v1","17210","17502","GL873520","62571902","62572187","91","62554692"
"KQ053261v1","74681","74983","GL873521","49874189","49874492","70","49799508"
"KQ053261v1","95038","95351","GL873629","3972502","3972807","72","3877464"
"KQ053261v1","111349","111650","GL873544","12852108","12852394","57","12740759"
"KQ053261v1","119941","120221","GL873547","14329017","14329292","55","14209076"
"KQ053261v1","156597","156802","GL873672","1902668","1902865","45","1746071"
"KQ053261v1","171439","171711","GL873601","5269322","5269589","59","5097883"
"KQ053261v1","172383","172614","GL873553","8989980","8990229","63","8817597"
"KQ053261v1","181858","181962","GL873618","3149380","3149476","37","2967522"
"KQ053261v1","199883","200105","GL873550","3894753","3894976","63","3694870"
"KQ053261v1","212775","213083","GL873530","28263781","28264089","65","28051006"
"KQ053261v1","232426","232654","GL873537","25753252","25753483","57","25520826"
"KQ053261v1","234703","234823","GL873561","11383485","11383605","18","11148782"
"KQ053266v1","2552","2831","GL873548","12549634","12549900","68","12547082"
"KQ053267v1","34331","34592","GL873520","39494376","39494655","71","39460045"
"KQ053267v1","37653","37966","GL873593","6523519","6523829","73","6485866"
"KQ053267v1","69955","70255","GL873591","6395821","6396131","65","6325866"
"KQ053267v1","80551","80669","GL873534","18019104","18019217","25","17938553"
"KQ053267v1","97090","97321","GL873532","28645905","28646128","54","28548815"
"KQ053267v1","110661","110922","GL873557","8943966","8944228","58","8833305"
"KQ053267v1","139052","139323","GL873563","9713700","9713970","49","9574648"
"KQ053267v1","426142","426481","GL873551","3208778","3209084","94","2782636"
"KQ053267v1","455892","456190","GL873557","7267236","7267535","62","6811344"
"KQ053267v1","493300","493599","GL873531","11066991","11067284","67","10573691"
"KQ053267v1","785731","786029","GL873537","20108472","20108765","58","19322741"
"KQ053267v1","826401","826527","GL873615","458433","458557","25","367968"
"KQ053267v1","834706","835012","GL873646","5530496","5530792","71","4695790"
"KQ053267v1","873676","873937","GL873624","3272923","3273177","60","2399247"
"KQ053267v1","893107","893413","GL873545","12978830","12979129","73","12085723"
"KQ053267v1","930519","930809","GL873590","643532","643818","62","286987"
"KQ053267v1","931763","932039","GL873664","2904250","2904542","63","1972487"
"KQ053267v1","934420","934703","GL873561","13826809","13827093","48","12892389"
"KQ053267v1","971699","971998","GL873613","2732879","2733172","57","1761180"
"KQ053267v1","973336","973644","GL873661","1884549","1884860","62","911213"
"KQ053267v1","982600","982893","GL873614","4184717","4185007","64","3202117"
"KQ053267v1","1034419","1034721","GL873606","6177600","6177887","82","5143181"
"KQ053267v1","1034997","1035275","GL873596","1591307","1591593","65","556310"
"KQ053267v1","1045496","1045771","GL873590","3827765","3828043","62","2782269"
"KQ053267v1","1056980","1057249","GL873522","22154000","22154272","73","21097020"
"KQ053267v1","1065326","1065605","GL873547","14329017","14329292","65","13263691"
"KQ053267v1","1065757","1066052","GL873616","1280624","1280918","73","214867"
"KQ053267v1","1066263","1066360","GL873523","39517283","39517388","33","38451020"
"KQ053267v1","1072014","1072292","GL873752","219309","219580","51","852705"
"KQ053267v1","1087788","1088051","GL873586","7836474","7836735","74","6748686"
"KQ053267v1","1098945","1099238","GL873522","16444756","16445043","68","15345811"
"KQ053267v1","1110853","1111117","GL873713","596623","596869","78","514230"
"KQ053267v1","1114019","1114289","GL873689","508683","508949","65","605336"
"KQ053267v1","1114522","1114683","GL873613","2722330","2722477","36","1607808"
"KQ053267v1","1117196","1117361","GL873536","14252942","14253096","39","13135746"
"KQ053267v1","1125843","1125978","GL873566","3470660","3470785","34","2344817"
"KQ053267v1","1130497","1130716","GL873533","29114064","29114296","54","27983567"
"KQ053267v1","1140114","1140268","GL873706","366706","366870","51","773408"
"KQ053267v1","1140274","1140351","GL873670","323814","323891","19","816460"
"KQ053267v1","1174723","1174965","GL873544","6433671","6433913","70","5258948"
"KQ053267v1","1222141","1222361","GL873544","21041474","21041704","55","19819333"
"KQ053267v1","1259154","1259351","GL873781","979567","979760","46","279587"
"KQ053267v1","1262917","1263193","GL873586","4074287","4074561","74","2811370"
"KQ053267v1","1269174","1269450","GL873585","988711","989007","74","280463"
"KQ053267v1","1327020","1327320","GL873615","5162108","5162422","64","3835088"
"KQ053267v1","1353175","1353467","GL873533","23793613","23793905","50","22440438"
"KQ053267v1","1363248","1363548","GL873560","11470153","11470449","66","10106905"
"KQ053267v1","1372991","1373295","GL873528","978664","978972","66","394327"
"KQ053267v1","1377862","1378141","GL873537","15709187","15709471","53","14331325"
"KQ053267v1","1384130","1384403","GL873660","743632","743918","73","640498"
"KQ053267v1","1399361","1399664","GL873626","7146541","7146836","64","5747180"
"KQ053267v1","1414732","1415026","GL873522","25185925","25186218","61","23771193"
"KQ053267v1","1440628","1440892","GL873586","5528542","5528797","84","4087914"
"KQ053267v1","1450305","1450395","GL873602","8486909","8486995","30","7036604"
"KQ053267v1","1450409","1450502","GL873533","13936820","13936910","20","12486411"
"KQ053267v1","1451677","1451981","GL873673","4218625","4218921","61","2766948"
"KQ053267v1","1464296","1464587","GL873525","12569404","12569693","69","11105108"
"KQ053267v1","1480705","1480865","GL873521","40165561","40165719","31","38684856"
"KQ053267v1","1481204","1481257","GL873564","9279202","9279253","15","7797998"
"KQ053267v1","1492944","1493241","GL873610","4431407","4431713","59","2938463"
"KQ053267v1","1501943","1502241","GL873537","23325667","23325965","78","21823724"
"KQ053267v1","1521806","1522092","GL873521","49874189","49874492","65","48352383"
"KQ053267v1","1587482","1587772","GL873545","17052684","17052979","60","15465202"
"KQ053267v1","1621878","1622185","GL873542","8032564","8032870","64","6410686"
"KQ053267v1","1695608","1695901","GL873526","8284727","8285011","62","6589119"
"KQ053267v1","1759873","1760162","GL873522","4222168","4222461","58","2462295"
"KQ053267v1","1800125","1800437","GL873560","1518070","1518380","75","282055"
"KQ053267v1","1810232","1810496","GL873618","928703","928961","74","881529"
"KQ053267v1","1818874","1819081","GL873540","24947546","24947758","60","23128672"
"KQ053267v1","1828173","1828455","GL873523","9528798","9529072","70","7700625"
"KQ053267v1","1830591","1830895","GL873557","7267236","7267535","62","5436645"
"KQ053267v1","1937795","1938042","GL873533","29114064","29114296","68","27176269"
"KQ053267v1","1949807","1950102","GL873520","48675796","48676094","69","46725989"
"KQ053267v1","1952589","1952896","GL873720","1268124","1268434","62","684465"
"KQ053267v1","1953513","1953811","GL873558","10283116","10283408","63","8329603"
"KQ053267v1","1962226","1962522","GL873523","3291239","3291537","67","1329013"
"KQ053267v1","1995110","1995419","GL873720","1268124","1268434","64","726986"
"KQ053267v1","2013369","2013662","GL873537","20108472","20108765","54","18095103"
"KQ053267v1","2027887","2028187","GL873544","9845241","9845544","65","7817354"
"KQ053267v1","2049572","2049816","GL873521","50923418","50923652","71","48873846"
"KQ053267v1","2060339","2060642","GL873563","5489805","5490109","65","3429466"
"KQ053267v1","2062539","2062760","GL873578","7455255","7455470","62","5392716"
"KQ053267v1","2080129","2080443","GL873720","1268124","1268434","74","812005"
"KQ053267v1","2095841","2096055","GL873520","43481858","43482074","55","41386017"
"KQ053267v1","2138700","2139014","GL873660","4839990","4840286","81","2701290"
"KQ053267v1","2153588","2153755","GL873535","19157542","19157710","35","17003954"
"KQ053267v1","2168018","2168322","GL873540","22714851","22715162","78","20546833"
"KQ053267v1","2178426","2178711","GL873677","4203427","4203715","57","2025001"
"KQ053267v1","2185520","2185804","GL873521","33844036","33844322","56","31658516"
"KQ053267v1","2196872","2197121","GL873586","5528542","5528797","60","3331670"
"KQ053267v1","2199214","2199531","GL873641","3338767","3339075","77","1139553"
"KQ053267v1","2216314","2216493","GL873527","13153135","13153309","47","10936821"
"KQ053267v1","2216833","2216976","GL873575","8252253","8252375","43","6035420"
"KQ053267v1","2226415","2226472","GL873522","24404820","24404876","13","22178405"
"KQ053267v1","2239989","2240299","GL873720","1268124","1268434","62","971865"
"KQ053267v1","2258142","2258443","GL873527","34757723","34758022","71","32499581"
"KQ053267v1","2289602","2289908","GL873720","1268124","1268434","66","1021478"
"KQ053267v1","2331922","2332012","GL873571","7081171","7081266","16","4749249"
"KQ053267v1","2347442","2347744","GL873563","5521793","5522083","77","3174351"
"KQ053267v1","2348225","2348485","GL873525","35804291","35804552","70","33456066"
"KQ053267v1","2366962","2367134","GL873581","8599911","8600077","49","6232949"
"KQ053267v1","2390294","2390579","GL873535","12038298","12038580","64","9648004"
"KQ053267v1","2392160","2392482","GL873557","11404820","11405136","89","9012660"
"KQ053267v1","2405446","2405736","GL873542","699220","699512","63","1706226"
"KQ053267v1","2416683","2416983","GL873703","125416","125705","65","2291267"
"KQ053267v1","2431832","2432050","GL873523","27348723","27348947","59","24916891"
"KQ053267v1","2457691","2457988","GL873545","17052684","17052979","68","14594993"
"KQ053267v1","2462387","2462673","GL873527","25101599","25101892","67","22639212"
"KQ053267v1","2481277","2481580","GL873535","25785069","25785365","64","23303792"
"KQ053267v1","2485314","2485564","GL873549","10975258","10975519","72","8489944"
"KQ053267v1","2533871","2534143","GL873535","14643621","14643882","66","12109750"
"KQ053267v1","2541478","2541624","GL873520","24084579","24084710","33","21543101"
"KQ053267v1","2545124","2545423","GL873535","19117269","19117567","57","16572145"
"KQ053267v1","2574754","2575060","GL873581","8448164","8448459","74","5873410"
"KQ053267v1","2581289","2581557","GL873548","15510967","15511237","66","12929678"
"KQ053267v1","2609713","2610010","GL873639","886513","886805","79","1723200"
"KQ053267v1","2621742","2621876","GL873521","34572289","34572418","39","31950547"
"KQ053267v1","2673098","2673379","GL873570","9393261","9393537","62","6720163"
"KQ053267v1","2688837","2689127","GL873613","2533301","2533594","70","155536"
"KQ053267v1","2693599","2693914","GL873523","28431022","28431322","72","25737423"
"KQ053267v1","2777989","2778298","GL873720","1268124","1268434","67","1509865"
"KQ053267v1","2781213","2781495","GL873551","11174434","11174713","49","8393221"
"KQ053267v1","2781745","2782029","GL873550","6945626","6945897","69","4163881"
"KQ053267v1","2860901","2861162","GL873522","37171619","37171872","76","34310718"
"KQ053267v1","2894743","2895025","GL873520","72570173","72570449","55","69675430"
"KQ053267v1","2924062","2924374","GL873527","38042874","38043183","66","35118812"
"KQ053267v1","2929253","2929555","GL873602","8639405","8639702","66","5710152"
"KQ053267v1","2964246","2964376","GL873721","1121031","1121158","20","1843215"
"KQ053267v1","2965900","2966027","GL873530","26696256","26696387","19","23730356"
"KQ053267v1","2978054","2978309","GL873578","6797196","6797452","61","3819142"
"KQ053267v1","2980610","2980914","GL873535","11877698","11878000","77","8897088"
"KQ053267v1","2990710","2990783","GL873527","21560575","21560646","19","18569865"
"KQ053267v1","3006954","3007104","GL873675","3930410","3930553","31","923456"
"KQ053267v1","3009531","3009818","GL873529","19879434","19879715","67","16869903"
"KQ053267v1","3028113","3028356","GL873530","8613721","8613966","62","5585608"
"KQ053267v1","3034235","3034522","GL873632","2895435","2895711","66","138800"
"KQ053267v1","3036845","3037125","GL873596","8724296","8724570","70","5687451"
"KQ053267v1","3046336","3046640","GL873720","1268124","1268434","50","1778212"
"KQ053267v1","3069126","3069425","GL873543","12275678","12275949","79","9206552"
"KQ053267v1","3123136","3123419","GL873523","26609909","26610205","68","23486773"
"KQ053267v1","3130955","3131224","GL873549","1854009","1854279","64","1276946"
"KQ053267v1","3139635","3139933","GL873546","7841023","7841321","64","4701388"
"KQ053267v1","3151001","3151215","GL873674","3921866","3922072","56","770865"
"KQ053267v1","3160079","3160345","GL873523","9528798","9529072","73","6368719"
"KQ053267v1","3164895","3165161","GL873523","26549174","26549441","61","23384279"
"KQ053267v1","3255398","3255672","GL873536","11039988","11040262","65","7784590"
"KQ053267v1","3292029","3292226","GL873526","16325682","16325865","58","13033653"
"KQ053267v1","3295851","3296134","GL873723","268428","268703","69","3027423"
"KQ053267v1","3298639","3298814","GL873525","45590103","45590274","41","42291464"
"KQ053267v1","3323518","3323812","GL873524","42149014","42149308","59","38825496"
"KQ053267v1","3350825","3350942","GL873591","8929862","8929981","20","5579037"
"KQ053267v1","3422392","3422659","GL873804","622681","622948","70","2799711"
"KQ053267v1","3493027","3493270","GL873569","11862531","11862772","56","8369504"
"KQ053267v1","3582643","3582808","GL873769","365941","366102","34","3216702"
"KQ053267v1","3588150","3588269","GL873637","3392350","3392471","20","195800"
"KQ053267v1","3594741","3595037","GL873558","6357384","6357662","68","2762643"
"KQ053267v1","3598596","3598720","GL873628","7011769","7011893","20","3413173"
"KQ053267v1","3604668","3604963","GL873638","1144051","1144352","80","2460617"
"KQ053267v1","3614758","3615052","GL873543","2904962","2905248","65","709796"
"KQ053267v1","3626849","3627155","GL873525","40849347","40849643","73","37222498"
"KQ053267v1","3636953","3637079","GL873547","17597232","17597356","20","13960279"
"KQ053267v1","3638584","3638869","GL873579","2665523","2665809","56","973061"
"KQ053267v1","3643474","3643668","GL873530","1860918","1861107","52","1782556"
"KQ053267v1","3713569","3713851","GL873523","26022764","26023037","58","22309195"
"KQ053267v1","3721740","3722034","GL873548","17482771","17483070","73","13761031"
"KQ053267v1","3727534","3727765","GL873618","1351381","1351634","68","2376153"
"KQ053267v1","3742505","3742787","GL873561","13826809","13827093","63","10084304"
"KQ053267v1","3756606","3756784","GL873534","13696826","13696995","35","9940220"
"KQ053267v1","3757117","3757248","GL873550","329177","329308","24","3427940"
"KQ053267v1","3779137","3779451","GL873557","6364684","6364991","74","2585547"
"KQ053267v1","3780007","3780268","GL873689","948096","948361","72","2831911"
"KQ053267v1","3780576","3780858","GL873790","430011","430293","63","3350565"
"KQ053267v1","3792752","3793049","GL873584","5886716","5887005","70","2093964"
"KQ053267v1","3795375","3795644","GL873548","13679256","13679534","62","9883881"
"KQ053267v1","3805887","3806178","GL873521","25080471","25080766","74","21274584"
"KQ053267v1","3872949","3873224","GL873615","5304706","5304980","75","1431757"
"KQ053267v1","3885349","3885585","GL873530","10837941","10838144","76","6952592"
"KQ053267v1","3901271","3901581","GL873523","25827332","25827645","79","21926061"
"KQ053267v1","3927702","3927959","GL873523","25803626","25803883","50","21875924"
"KQ053267v1","3941623","3941757","GL873533","1211222","1211352","27","2730401"
"KQ053267v1","3964176","3964442","GL873628","1375418","1375692","63","2588758"
"KQ053267v1","3978647","3978820","GL873532","24822234","24822397","49","20843587"
"KQ053267v1","3985517","3985828","GL873523","25743390","25743702","64","21757873"
"KQ053267v1","3987295","3987576","GL873557","10945244","10945534","68","6957949"
"KQ053267v1","3997262","3997544","GL873526","8965429","8965699","59","4968167"
"KQ053267v1","4033269","4033552","GL873599","3247148","3247435","67","786121"
"KQ053267v1","4041529","4041837","GL873672","3031881","3032180","80","1009648"
"KQ053267v1","4150245","4150562","GL873540","22714851","22715162","66","18564606"
"KQ053267v1","4168604","4168850","GL873538","11416277","11416524","63","7247673"
"KQ053267v1","4200398","4200681","GL873660","743632","743918","64","3456766"
"KQ053267v1","4260495","4260779","GL873561","13826809","13827093","56","9566314"
"KQ053267v1","4265056","4265367","GL873771","1351048","1351358","81","2914008"
"KQ053267v1","4278707","4279006","GL873596","3562116","3562414","66","716591"
"KQ053267v1","4359029","4359326","GL873537","20108472","20108765","56","15749443"
"KQ053267v1","4405510","4405814","GL873541","18220450","18220758","65","13814940"
"KQ053267v1","4410236","4410511","GL873557","5844700","5844982","66","1434464"
"KQ053267v1","4465263","4465571","GL873544","17848104","17848395","74","13382841"
"KQ053267v1","4467467","4467768","GL873531","27860265","27860563","61","23392798"
"KQ053267v1","4485642","4485947","GL873729","432103","432405","66","4053539"
"KQ053267v1","4547532","4547819","GL873607","7820887","7821158","67","3273355"
"KQ053267v1","4601994","4602282","GL873660","743632","743918","54","3858362"
"KQ053267v1","4671025","4671337","GL873523","25103659","25103947","72","20432634"
"KQ053268v1","24861","25120","GL873558","12875551","12875803","77","12850690"
"KQ053268v1","33657","33914","GL873689","1205516","1205763","70","1171859"
"KQ053268v1","46076","46370","GL873522","25185925","25186218","64","25139849"
"KQ053268v1","190437","190607","GL873545","1082668","1082835","42","892231"
"KQ053268v1","190633","190765","GL873566","13160651","13160774","33","12970018"
"KQ053271v1","31639","31818","GL873542","22420434","22420602","47","22388795"
"KQ053272v1","36636","36916","GL873544","12852108","12852394","53","12815472"
"KQ053272v1","60025","60223","GL873653","506733","506924","58","446708"
"KQ053273v1","12269","12533","GL873632","2531304","2531561","65","2519035"
"KQ053273v1","26577","26697","GL873591","8929862","8929981","23","8903285"
"KQ053273v1","77975","78238","GL873556","5172280","5172555","65","5094305"
"KQ053273v1","99894","100167","GL873546","13143077","13143343","66","13043183"
"KQ053273v1","112685","112977","GL873538","1998739","1999037","75","1886054"
"KQ053273v1","207051","207338","GL873800","736311","736599","68","529260"
"KQ053273v1","222892","223142","GL873525","42443795","42444052","70","42220903"
"KQ053273v1","282771","282895","GL873640","1045254","1045378","24","762483"
"KQ053273v1","342243","342547","GL873613","4824685","4824985","65","4482442"
"KQ053278v1","4774","5059","GL873660","4839990","4840286","72","4835216"
"KQ053278v1","26479","26781","GL873680","2667256","2667551","65","2640777"
"KQ053278v1","45054","45331","GL873629","2465427","2465711","79","2420373"
"KQ053278v1","48755","49020","GL873562","13838121","13838389","66","13789366"
"KQ053278v1","66894","67185","GL873533","23793613","23793905","61","23726719"
"KQ053278v1","69425","69714","GL873590","643532","643818","66","574107"
"KQ053278v1","80659","80952","GL873533","23793613","23793905","59","23712954"
"KQ053278v1","83183","83468","GL873590","643532","643818","66","560349"
"KQ053278v1","86927","87090","GL873820","293703","293851","53","206776"
"KQ053278v1","116718","117017","GL873645","1598419","1598714","57","1481701"
"KQ053278v1","129325","129629","GL873748","238196","238496","56","108871"
"KQ053278v1","173966","174213","GL873520","28409160","28409392","46","28235194"
"KQ053278v1","185976","186265","GL873530","26485863","26486146","70","26299887"
"KQ053278v1","207654","207942","GL873613","4450657","4450940","50","4243003"
"KQ053278v1","245710","246005","GL873641","5593426","5593718","71","5347716"
"KQ053278v1","253471","253775","GL873575","2687372","2687665","68","2433901"
"KQ053278v1","259690","259954","GL873534","14144331","14144590","53","13884641"
"KQ053278v1","266838","267127","GL873544","12852108","12852394","62","12585270"
"KQ053278v1","284060","284321","GL873527","15959106","15959367","65","15675046"
"KQ053278v1","295676","295957","GL873645","1936937","1937204","61","1641261"
"KQ053278v1","320654","320841","GL873595","5873866","5874050","47","5553212"
"KQ053278v1","327825","328113","GL873627","7105220","7105516","67","6777395"
"KQ053278v1","336395","336666","GL873608","7376661","7376921","75","7040266"
"KQ053278v1","338383","338683","GL873565","12300518","12300811","63","11962135"
"KQ053278v1","343869","344175","GL873520","70789629","70789931","69","70445760"
"KQ053278v1","349960","350252","GL873531","26742442","26742730","72","26392482"
"KQ053278v1","365201","365502","GL873623","6459306","6459605","60","6094105"
"KQ053278v1","367861","368138","GL873592","9899404","9899662","69","9531543"
"KQ053278v1","370340","370643","GL873556","996424","996728","65","626084"
"KQ053278v1","379230","379540","GL873523","8076383","8076689","62","7697153"
"KQ053278v1","389818","390088","GL873530","26485863","26486146","67","26096045"
"KQ053278v1","392890","393191","GL873552","11832989","11833292","70","11440099"
"KQ053278v1","429243","429528","GL873522","18557713","18558001","78","18128470"
"KQ053278v1","433848","434059","GL873520","30129293","30129518","55","29695445"
"KQ053278v1","441955","442221","GL873536","6719825","6720098","66","6277870"
"KQ053278v1","457236","457458","GL873520","40069156","40069375","63","39611920"
"KQ053278v1","519798","520082","GL873536","6777364","6777651","74","6257566"
"KQ053278v1","530041","530309","GL873618","216646","216898","58","313395"
"KQ053278v1","549448","549751","GL873697","1137569","1137861","62","588121"
"KQ053278v1","551607","551881","GL873764","1504826","1505100","65","953219"
"KQ053278v1","602895","603187","GL873522","26416598","26416890","62","25813703"
"KQ053278v1","606680","606974","GL873575","2687372","2687665","59","2080692"
"KQ053278v1","630755","630838","GL873531","16275379","16275462","14","15644624"
"KQ053278v1","655489","655779","GL873525","19755625","19755919","61","19100136"
"KQ053278v1","733670","733962","GL873620","7369000","7369291","52","6635330"
"KQ053278v1","747764","748065","GL873520","38124828","38125119","64","37377064"
"KQ053278v1","772505","772798","GL873573","3157560","3157850","71","2385055"
"KQ053278v1","844584","844872","GL873613","4450657","4450940","60","3606073"
"KQ053278v1","859977","860255","GL873557","192779","193061","69","667198"
"KQ053278v1","866671","866983","GL873524","15273262","15273553","76","14406591"
"KQ053278v1","870953","871051","GL873525","8812413","8812511","17","7941460"
"KQ053278v1","917742","918042","GL873537","21410001","21410301","67","20492259"
"KQ053278v1","944561","944861","GL873545","17052684","17052979","72","16108123"
"KQ053278v1","951915","952189","GL873524","41675399","41675673","63","40723484"
"KQ053278v1","962338","962584","GL873523","23994445","23994706","69","23032107"
"KQ053278v1","970713","970848","GL873615","6882666","6882800","43","5911953"
"KQ053278v1","987394","987676","GL873523","5398253","5398525","65","4410859"
"KQ053278v1","997414","997690","GL873545","17052684","17052979","69","16055270"
"KQ053278v1","1011198","1011491","GL873576","2384533","2384819","63","1373335"
"KQ053278v1","1013900","1014005","GL873631","133283","133389","20","880617"
"KQ053278v1","1044037","1044337","GL873577","10149931","10150226","67","9105894"
"KQ053278v1","1076334","1076615","GL873520","38124828","38125119","68","37048494"
"KQ053278v1","1114784","1115084","GL873527","23749251","23749546","71","22634467"
"KQ053278v1","1117447","1117696","GL873565","3568464","3568720","63","2451017"
"KQ053278v1","1125547","1125842","GL873528","3829110","3829399","65","2703563"
"KQ053278v1","1138695","1138988","GL873522","25185925","25186218","61","24047230"
"KQ053278v1","1140082","1140147","GL873533","889284","889340","23","250798"
"KQ053278v1","1145999","1146299","GL873546","12679748","12680030","74","11533749"
"KQ053278v1","1156698","1156951","GL873631","3418644","3418900","66","2261946"
"KQ053278v1","1170162","1170239","GL873539","238938","239008","23","931224"
"KQ053278v1","1170595","1170786","GL873674","1356827","1357013","54","186232"
"KQ053278v1","1191417","1191709","GL873520","38124828","38125119","59","36933411"
"KQ053278v1","1201476","1201775","GL873720","1268124","1268434","64","66648"
"KQ053278v1","1211271","1211394","GL873560","13049237","13049359","19","11837966"
"KQ053278v1","1225415","1225705","GL873533","11386997","11387294","71","10161582"
"KQ053278v1","1254161","1254454","GL873665","2891460","2891748","67","1637299"
"KQ053278v1","1263365","1263664","GL873720","1268124","1268434","61","4759"
"KQ053278v1","1265701","1266007","GL873571","4374924","4375218","61","3109223"
"KQ053278v1","1292718","1293009","GL873527","25596845","25597139","65","24304127"
"KQ053278v1","1294566","1294835","GL873595","3391839","3392118","65","2097273"
"KQ053278v1","1295708","1295996","GL873545","17052684","17052979","64","15756976"
"KQ053278v1","1300725","1301015","GL873562","7734050","7734344","56","6433325"
"KQ053278v1","1310495","1310566","GL873672","2389172","2389243","11","1078677"
"KQ053278v1","1321985","1322057","GL873665","3403766","3403837","12","2081781"
"KQ053278v1","1322945","1323231","GL873523","23005666","23005944","69","21682721"
"KQ053278v1","1327014","1327291","GL873593","2667655","2667944","61","1340641"
"KQ053278v1","1413995","1414277","GL873538","12216202","12216492","69","10802207"
"KQ053278v1","1453912","1454170","GL873628","2122144","2122396","65","668232"
"KQ053278v1","1480951","1481082","GL873537","20295422","20295552","30","18814471"
"KQ053278v1","1505226","1505522","GL873522","4222168","4222461","67","2716942"
"KQ053278v1","1509625","1509907","GL873543","19617168","19617444","78","18107543"
"KQ053278v1","1523111","1523384","GL873556","10525503","10525777","65","9002392"
"KQ053278v1","1525145","1525422","GL873547","5839973","5840251","70","4314828"
"KQ053278v1","1535146","1535224","GL873624","292078","292155","15","1243068"
"KQ053278v1","1548530","1548836","GL873545","10172794","10173088","84","8624264"
"KQ053278v1","1559992","1560188","GL873538","25387603","25387791","45","23827611"
"KQ053278v1","1563846","1564119","GL873616","3533934","3534221","72","1970088"
"KQ053278v1","1570925","1571138","GL873580","9883930","9884125","60","8313005"
"KQ053278v1","1583874","1583978","GL873623","7232366","7232466","22","5648492"
"KQ053278v1","1587166","1587367","GL873572","6196992","6197190","47","4609826"
"KQ053278v1","1596609","1596904","GL873771","278884","279180","67","1317725"
"KQ053278v1","1600091","1600297","GL873672","1902668","1902865","50","302577"
"KQ053278v1","1604367","1604645","GL873627","2397794","2398084","68","793427"
"KQ053278v1","1606886","1607013","GL873650","3295906","3296020","44","1689020"
"KQ053278v1","1629194","1629501","GL873530","28263781","28264089","72","26634587"
"KQ053278v1","1663604","1663893","GL873659","3462845","3463127","67","1799241"
"KQ053278v1","1668989","1669273","GL873629","2465427","2465711","73","796438"
"KQ053278v1","1676688","1676983","GL873660","743632","743918","56","933056"
"KQ053278v1","1678636","1678947","GL873563","5489805","5490109","71","3811169"
"KQ053278v1","1690896","1691165","GL873605","3423875","3424132","81","1732979"
"KQ053278v1","1735950","1736066","GL873679","2598513","2598636","23","862563"
"KQ053278v1","1771982","1772109","GL873661","3406932","3407058","26","1634950"
"KQ053278v1","1869003","1869284","GL873677","3168668","3168943","52","1299665"
"KQ053278v1","2032332","2032637","GL873720","1268124","1268434","61","764208"
"KQ053278v1","2055744","2056022","GL873528","5227625","5227911","79","3171881"
"KQ053278v1","2184539","2184831","GL873598","2997153","2997446","74","812614"
"KQ053278v1","2278829","2279046","GL873557","14742906","14743130","67","12464077"
"KQ053278v1","2304774","2304943","GL873710","973944","974109","33","1330830"
"KQ053278v1","2389301","2389572","GL873526","11570567","11570834","75","9181266"
"KQ053278v1","2398229","2398385","GL873544","12540433","12540598","43","10142204"
"KQ053278v1","2417837","2418133","GL873754","1754489","1754787","60","663348"
"KQ053278v1","2424381","2424694","GL873620","6199111","6199413","70","3774730"
"KQ053278v1","2448534","2448824","GL873624","1916988","1917283","65","531546"
"KQ053278v1","2456650","2456930","GL873544","12852108","12852394","57","10395458"
"KQ053278v1","2459757","2459968","GL873531","29211214","29211412","61","26751457"
"KQ053278v1","2460305","2460411","GL873531","30272592","30272699","29","27812287"
"KQ053278v1","2463160","2463286","GL873679","2598513","2598636","23","135353"
"KQ053278v1","2471826","2472100","GL873540","4711812","4712090","44","2239986"
"KQ053278v1","2478493","2478648","GL873674","2012717","2012880","35","465776"
"KQ053278v1","2504264","2504534","GL873700","423134","423410","69","2081130"
"KQ053278v1","2522308","2522618","GL873565","12300518","12300811","67","9778210"
"KQ053278v1","2565369","2565458","GL873528","8421845","8421940","23","5856476"
"KQ053278v1","2573267","2573541","GL873529","22377342","22377617","58","19804075"
"KQ053278v1","2573563","2573666","GL873623","7232366","7232466","20","4658803"
"KQ053278v1","2589317","2589622","GL873544","12852108","12852394","74","10262791"
"KQ053278v1","2592978","2593276","GL873543","2904962","2905248","63","311984"
"KQ053278v1","2593770","2593986","GL873533","9690889","9691109","43","7097119"
"KQ053278v1","2593987","2594194","GL873521","49362158","49362369","73","46768171"
"KQ053278v1","2599340","2599619","GL873573","4725151","4725429","64","2125811"
"KQ053278v1","2608050","2608339","GL873537","20108472","20108765","59","17500422"
"KQ053278v1","2619385","2619669","GL873652","121164","121455","102","2498221"
"KQ053278v1","2637905","2638166","GL873524","1792935","1793204","65","844970"
"KQ053278v1","2639181","2639477","GL873561","9330005","9330309","64","6690824"
"KQ053278v1","2653315","2653611","GL873664","4813585","4813876","68","2160270"
"KQ053278v1","2655287","2655586","GL873522","41478327","41478625","70","38823040"
"KQ053278v1","2658954","2659015","GL873522","41469614","41469683","18","38810660"
"KQ053278v1","2679886","2680144","GL873579","11141374","11141638","76","8461488"
"KQ053278v1","2683171","2683477","GL873571","2577537","2577837","65","105634"
"KQ053278v1","2757875","2758117","GL873522","41366174","41366427","56","38608299"
"KQ053278v1","2759738","2760022","GL873731","722147","722426","68","2037591"
"KQ053278v1","2795681","2795967","GL873546","859614","859905","71","1936067"
"KQ053278v1","2805571","2805867","GL873541","21985689","21985982","68","19180118"
"KQ053278v1","2813495","2813793","GL873539","1769888","1770171","61","1043607"
"KQ053278v1","2815202","2815411","GL873542","15243515","15243714","55","12428313"
"KQ053278v1","2817155","2817418","GL873525","27441908","27442188","73","24624753"
"KQ053278v1","2826703","2827008","GL873574","2979143","2979454","63","152440"
"KQ053278v1","2830248","2830555","GL873720","1268124","1268434","67","1562124"
"KQ053278v1","2832680","2832986","GL873530","28639620","28639925","65","25806940"
"KQ053278v1","2836832","2837054","GL873520","38729253","38729479","62","35892421"
"KQ053278v1","2866744","2867029","GL873729","1026144","1026433","64","1840600"
"KQ053278v1","2874674","2874944","GL873579","823090","823369","78","2051584"
"KQ053278v1","2882414","2882690","GL873677","2251813","2252104","65","630601"
"KQ053278v1","2885839","2886114","GL873547","6878397","6878656","66","3992558"
"KQ053278v1","2886462","2886649","GL873638","4523993","4524174","55","1637531"
"KQ053278v1","2890726","2890987","GL873526","15650908","15651153","62","12760182"
"KQ053278v1","2899338","2899544","GL873525","33587731","33587939","49","30688393"
"KQ053278v1","2902474","2902769","GL873527","8309922","8310213","66","5407448"
"KQ053278v1","2911786","2912083","GL873544","12852108","12852394","60","9940322"
"KQ053278v1","2919905","2920069","GL873571","4293538","4293698","51","1373633"
"KQ053278v1","2928865","2929120","GL873527","16217204","16217460","68","13288339"
"KQ053278v1","2932115","2932380","GL873590","5451533","5451799","60","2519418"
"KQ053278v1","2940081","2940330","GL873558","6517436","6517685","73","3577355"
"KQ053278v1","2941545","2941692","GL873554","2988030","2988175","37","46485"
"KQ053278v1","2946207","2946488","GL873533","24420221","24420503","81","21474014"
"KQ053278v1","2952149","2952447","GL873608","5261767","5262063","59","2309618"
"KQ053278v1","2978674","2978925","GL873564","8584151","8584401","54","5605477"
"KQ053278v1","2983000","2983220","GL873525","44235131","44235359","63","41252131"
"KQ053278v1","2984920","2985195","GL873611","607167","607439","54","2377753"
"KQ053278v1","2985496","2985790","GL873631","4322130","4322424","69","1336634"
"KQ053278v1","2990268","2990582","GL873531","19369345","19369649","74","16379077"
"KQ053278v1","2995045","2995238","GL873626","7169260","7169467","49","4174215"
"KQ053278v1","2997997","2998269","GL873577","5947616","5947885","66","2949619"
"KQ053278v1","3028312","3028550","GL873611","4994670","4994910","57","1966358"
"KQ053278v1","3037516","3037804","GL873520","47212717","47213008","68","44175201"
"KQ053278v1","3047765","3047985","GL873625","5640863","5641072","58","2593098"
"KQ053278v1","3055316","3055535","GL873586","9651668","9651899","57","6596352"
"KQ053278v1","3058173","3058454","GL873611","6802065","6802336","65","3743892"
"KQ053278v1","3087190","3087483","GL873541","21985689","21985982","59","18898499"
"KQ053278v1","3088813","3089097","GL873544","12852108","12852394","58","9763295"
"KQ053278v1","3103834","3104082","GL873582","1662058","1662307","78","1441776"
"KQ053278v1","3106217","3106514","GL873525","8368691","8368984","60","5262474"
"KQ053278v1","3108468","3108727","GL873550","14672546","14672814","73","11564078"
"KQ053278v1","3118545","3118807","GL873550","15608611","15608869","77","12490066"
"KQ053278v1","3226463","3226795","GL873661","1884549","1884860","82","1341914"
"KQ053278v1","3232472","3232791","GL873561","9330005","9330309","71","6097533"
"KQ053278v1","3306422","3306508","GL873531","16275379","16275462","16","12968957"
"KQ053278v1","3380873","3381148","GL873641","1679724","1679978","58","1701149"
"KQ053278v1","3414850","3415146","GL873522","40993959","40994240","70","37579109"
"KQ053278v1","3565656","3565941","GL873538","6599038","6599308","70","3033382"
"KQ053278v1","3726181","3726469","GL873537","20108472","20108765","53","16382291"
"KQ053278v1","3832135","3832415","GL873593","3958983","3959265","63","126848"
"KQ053278v1","3845686","3845991","GL873615","5162108","5162422","66","1316422"
"KQ053278v1","3934426","3934732","GL873545","14220645","14220951","77","10286219"
"KQ053279v1","1836","2094","GL873543","13628351","13628611","59","13626515"
"KQ053279v1","6382","6631","GL873526","3618073","3618310","71","3611691"
"KQ053280v1","13997","14119","GL873571","5880255","5880380","18","5866258"
"KQ053288v1","129358","129644","GL873551","9483647","9483932","60","9354289"
"KQ053288v1","148619","148746","GL873526","263403","263532","31","114784"
"KQ053288v1","205234","205531","GL873663","3743946","3744258","73","3538712"
"KQ053288v1","299327","299619","GL873553","7968267","7968561","60","7668940"
"KQ053288v1","519588","519858","GL873521","6586226","6586486","71","6066638"
"KQ053288v1","559657","559940","GL873521","25393132","25393414","76","24833475"
"KQ053288v1","725001","725274","GL873703","125416","125705","66","599585"
"KQ053288v1","750414","750533","GL873521","22436475","22436592","23","21686061"
"KQ053288v1","772627","772907","GL873617","4799110","4799385","68","4026483"
"KQ053288v1","1105818","1106101","GL873547","12234315","12234581","70","11128497"
"KQ053288v1","1190389","1190680","GL873551","1102972","1103257","55","87417"
"KQ053288v1","1191015","1191323","GL873540","22645875","22646166","103","21454860"
"KQ053288v1","1214226","1214509","GL873550","15824866","15825146","64","14610640"
"KQ053288v1","1223040","1223331","GL873520","16709587","16709864","62","15486547"
"KQ053288v1","1238177","1238485","GL873720","1268124","1268434","64","29947"
"KQ053288v1","1249916","1250225","GL873532","21611611","21611905","65","20361695"
"KQ053288v1","1252130","1252379","GL873522","36470419","36470671","55","35218289"
"KQ053288v1","1259482","1259768","GL873523","7327314","7327595","64","6067832"
"KQ053288v1","1259881","1260178","GL873538","6925462","6925764","65","5665581"
"KQ053288v1","1260950","1261185","GL873540","20519282","20519516","72","19258332"
"KQ053288v1","1267491","1267794","GL873615","5162108","5162422","65","3894617"
"KQ053288v1","1293013","1293263","GL873543","11648006","11648251","64","10354993"
"KQ053288v1","1298082","1298378","GL873527","14084030","14084325","65","12785948"
"KQ053288v1","1303031","1303330","GL873632","5787814","5788105","73","4484783"
"KQ053288v1","1306077","1306384","GL873530","16695374","16695671","74","15389297"
"KQ053288v1","1316181","1316463","GL873568","5607053","5607337","67","4290872"
"KQ053288v1","1328550","1328823","GL873646","1295984","1296254","72","32566"
"KQ053288v1","1349044","1349348","GL873596","3562116","3562414","76","2213072"
"KQ053288v1","1364773","1365002","GL873740","1487607","1487825","59","122834"
"KQ053288v1","1396718","1397019","GL873522","10042566","10042867","71","8645848"
"KQ053288v1","1478087","1478245","GL873607","4169880","4170035","43","2691793"
"KQ053288v1","1553891","1554169","GL873752","219309","219580","56","1334582"
"KQ053288v1","1591592","1591873","GL873564","5116943","5117236","67","3525351"
"KQ053288v1","1593900","1594064","GL873520","47156141","47156304","35","45562241"
"KQ053288v1","1598948","1599199","GL873586","6311175","6311430","52","4712227"
"KQ053288v1","1647739","1648040","GL873664","2904250","2904542","67","1256511"
"KQ053288v1","1653226","1653497","GL873550","17645061","17645322","55","15991835"
"KQ053288v1","1694343","1694635","GL873558","3156984","3157274","68","1462641"
"KQ053288v1","1702337","1702476","GL873545","20031078","20031208","28","18328741"
"KQ053288v1","1704257","1704549","GL873650","5632215","5632506","69","3927958"
"KQ053288v1","1716969","1717097","GL873537","18687435","18687554","28","16970466"
"KQ053288v1","1717133","1717282","GL873602","6306525","6306678","33","4589392"
"KQ053288v1","1767693","1767996","GL873527","5721671","5721968","62","3953978"
"KQ053288v1","1772808","1773084","GL873672","618339","618618","57","1154469"
"KQ053288v1","1782915","1783209","GL873520","38124828","38125119","53","36341913"
"KQ053288v1","1830062","1830388","GL873522","40882669","40882954","109","39052607"
"KQ053288v1","1841926","1842232","GL873586","3828887","3829179","83","1986961"
"KQ053288v1","1848093","1848205","GL873618","967023","967136","22","881070"
"KQ053288v1","1858004","1858251","GL873636","1005445","1005704","69","852559"
"KQ053288v1","1862473","1862748","GL873631","1864197","1864472","63","1724"
"KQ053288v1","1943650","1943924","GL873557","7318910","7319185","65","5375260"
"KQ053288v1","1961174","1961360","GL873542","10862260","10862426","50","8901086"
"KQ053288v1","1964537","1964778","GL873545","16157721","16157973","68","14193184"
"KQ053288v1","2015191","2015490","GL873737","1691288","1691582","68","323903"
"KQ053288v1","2022057","2022183","GL873619","2868214","2868339","25","846157"
"KQ053288v1","2023748","2023863","GL873535","24314156","24314272","22","22290408"
"KQ053288v1","2031698","2031999","GL873720","1268124","1268434","55","763574"
"KQ053288v1","2032534","2032829","GL873569","10226206","10226492","68","8193672"
"KQ053288v1","2036813","2037029","GL873659","1692343","1692545","62","344470"
"KQ053288v1","2054881","2055181","GL873557","7267236","7267535","61","5212355"
"KQ053288v1","2110122","2110233","GL873614","6604282","6604399","23","4494160"
"KQ053288v1","2110288","2110594","GL873525","29584254","29584538","71","27473966"
"KQ053288v1","2143354","2143649","GL873533","23793613","23793905","68","21650259"
"KQ053288v1","2154397","2154703","GL873551","3208778","3209084","67","1054381"
"KQ053288v1","2162569","2162828","GL873523","29003618","29003875","63","26841049"
"KQ053288v1","2176676","2176908","GL873539","26966204","26966422","77","24789528"
"KQ053288v1","2180298","2180578","GL873655","1848503","1848783","55","331795"
"KQ053288v1","2196701","2196990","GL873524","6995935","6996215","71","4799234"
"KQ053288v1","2221493","2221763","GL873531","25381659","25381942","66","23160166"
"KQ053288v1","2232220","2232505","GL873674","1500032","1500311","90","732188"
"KQ053288v1","2233109","2233399","GL873532","21611611","21611905","59","19378502"
"KQ053288v1","2254888","2255108","GL873526","40957560","40957777","53","38702672"
"KQ053288v1","2261980","2262285","GL873522","4222168","4222461","65","1960188"
"KQ053288v1","2268249","2268519","GL873549","15132343","15132615","63","12864094"
"KQ053288v1","2277572","2277839","GL873646","799956","800214","65","1477616"
"KQ053288v1","2288344","2288633","GL873551","11712539","11712819","65","9424195"
"KQ053288v1","2292982","2293099","GL873829","327682","327802","23","1965300"
"KQ053288v1","2297707","2297928","GL873551","11721351","11721556","59","9423644"
"KQ053288v1","2306743","2307052","GL873607","4584668","4584965","65","2277925"
"KQ053288v1","2317822","2318117","GL873677","4203427","4203715","59","1885605"
"KQ053288v1","2321695","2321858","GL873715","2056021","2056164","49","265674"
"KQ053288v1","2332210","2332487","GL873533","23633726","23633993","59","21301516"
"KQ053288v1","2332679","2332987","GL873615","5162108","5162422","72","2829429"
"KQ053288v1","2340721","2341006","GL873540","4711812","4712090","52","2371091"
"KQ053288v1","2344066","2344359","GL873542","1844453","1844733","71","499613"
"KQ053288v1","2355005","2355313","GL873542","8032564","8032870","61","5677559"
"KQ053288v1","2357326","2357645","GL873537","15782153","15782452","86","13424827"
"KQ053288v1","2373384","2373677","GL873548","13072238","13072531","57","10698854"
"KQ053288v1","2375906","2376196","GL873751","1873003","1873306","73","502903"
"KQ053288v1","2377937","2378245","GL873540","22714851","22715162","62","20336914"
"KQ053288v1","2378697","2379000","GL873531","29056008","29056304","64","26677311"
"KQ053288v1","2439407","2439563","GL873574","8947359","8947516","37","6507952"
"KQ053288v1","2451962","2452236","GL873521","6860017","6860298","74","4408055"
"KQ053288v1","2467198","2467488","GL873646","999713","1000000","53","1467485"
"KQ053288v1","2479118","2479426","GL873537","20108472","20108765","71","17629354"
"KQ053288v1","2505858","2506154","GL873541","19081003","19081298","61","16575145"
"KQ053288v1","2518951","2519237","GL873577","10300574","10300855","66","7781623"
"KQ053288v1","2522858","2523194","GL873624","4145937","4146255","85","1623079"
"KQ053288v1","2528118","2528419","GL873557","4946813","4947122","67","2418695"
"KQ053288v1","2531594","2531891","GL873800","736311","736599","68","1795283"
"KQ053288v1","2553481","2553749","GL873524","1530431","1530681","64","1023050"
"KQ053288v1","2562486","2562800","GL873646","5739838","5740155","81","3177352"
"KQ053288v1","2573767","2574074","GL873542","4494419","4494721","83","1920652"
"KQ053288v1","2578305","2578602","GL873588","625098","625393","79","1953207"
"KQ053288v1","2582713","2582847","GL873742","920550","920698","34","1662163"
"KQ053288v1","2586262","2586533","GL873634","1309573","1309845","68","1276689"
"KQ053288v1","2600301","2600596","GL873646","5477698","5477987","76","2877397"
"KQ053288v1","2605572","2605878","GL873636","3104548","3104855","59","498976"
"KQ053288v1","2610689","2610983","GL873675","2456647","2456954","79","154042"
"KQ053288v1","2613620","2613897","GL873532","5741407","5741674","74","3127787"
"KQ053288v1","2682797","2683002","GL873570","4482785","4482978","52","1799988"
"KQ053288v1","2685390","2685652","GL873825","388120","388377","80","2297270"
"KQ053288v1","2697529","2697819","GL873542","6622464","6622760","67","3924935"
"KQ053288v1","2707996","2708272","GL873530","18054695","18054970","68","15346699"
"KQ053288v1","2723121","2723429","GL873538","1998739","1999037","69","724382"
"KQ053288v1","2726123","2726420","GL873547","14329017","14329292","87","11602894"
"KQ053288v1","2728054","2728336","GL873604","8660029","8660307","77","5931975"
"KQ053288v1","2737122","2737425","GL873540","11122200","11122500","64","8385078"
"KQ053288v1","2741391","2741537","GL873528","38418942","38419087","37","35677551"
"KQ053288v1","2741875","2741962","GL873523","5370765","5370851","25","2628890"
"KQ053288v1","2745245","2745551","GL873548","3017785","3018093","61","272540"
"KQ053288v1","2763844","2764132","GL873570","10204943","10205229","57","7441099"
"KQ053288v1","2765047","2765339","GL873520","38764685","38764975","66","35999638"
"KQ053288v1","2784976","2785278","GL873521","53893978","53894270","74","51109002"
"KQ053288v1","2826009","2826299","GL873543","2139452","2139746","63","686557"
"KQ053288v1","2832389","2832683","GL873537","23325667","23325965","55","20493278"
"KQ053288v1","2861730","2862024","GL873545","17052684","17052979","68","14190954"
"KQ053288v1","2867542","2867823","GL873596","6612172","6612448","64","3744630"
"KQ053288v1","2927397","2927511","GL873523","4633597","4633712","21","1706200"
"KQ053288v1","2967262","2967556","GL873550","7755620","7755922","69","4788358"
"KQ053288v1","2977039","2977327","GL873532","21611611","21611905","59","18634572"
"KQ053288v1","2988363","2988641","GL873524","42149014","42149308","67","39160651"
"KQ053288v1","3053441","3053735","GL873551","12530717","12530994","77","9477276"
"KQ053288v1","3086967","3087233","GL873533","24420221","24420503","77","21333254"
"KQ053288v1","3096912","3097186","GL873551","12575851","12576124","63","9478939"
"KQ053288v1","3099816","3100047","GL873605","6306268","6306496","52","3206452"
"KQ053288v1","3119617","3119820","GL873548","2918520","2918702","75","201097"
"KQ053288v1","3213872","3214142","GL873522","18680866","18681134","56","15466994"
"KQ053288v1","3231456","3231625","GL873558","10890977","10891146","53","7659521"
"KQ053288v1","3643958","3644258","GL873537","23325667","23325965","66","19681709"
"KQ053288v1","3787921","3788242","GL873550","6922342","6922648","71","3134421"
"KQ053288v1","3843040","3843339","GL873551","13374562","13374856","58","9531522"
"KQ053288v1","3984695","3984966","GL873521","27490449","27490717","72","23505754"
"KQ053288v1","3991300","3991595","GL873646","2622884","2623164","76","1368416"
"KQ053288v1","4072538","4072821","GL873584","9974747","9975033","81","5902209"
"KQ053288v1","4136654","4136769","GL873692","1734045","1734155","22","2402609"
"KQ053288v1","4177068","4177365","GL873522","25185925","25186218","63","21008857"
"KQ053288v1","4216599","4216883","GL873528","949590","949867","59","3267009"
"KQ053288v1","4335950","4336261","GL873720","1268124","1268434","55","3067826"
"KQ053288v1","4394568","4394837","GL873532","12767759","12768025","67","8373191"
"KQ053288v1","4544719","4544970","GL873676","4284950","4285203","76","259769"
"KQ053288v1","4631442","4631746","GL873572","7460906","7461196","85","2829464"
"KQ053288v1","4838118","4838415","GL873533","23793613","23793905","60","18955495"
"KQ053288v1","4890864","4891114","GL873550","3545538","3545776","56","1345326"
"KQ053288v1","4906805","4907092","GL873561","6505548","6505838","70","1598743"
"KQ053288v1","4947380","4947670","GL873522","25185925","25186218","77","20238545"
"KQ053288v1","4993570","4993700","GL873671","4194814","4194943","24","798756"
"KQ053288v1","5205438","5205693","GL873529","20997384","20997641","72","15791946"
"KQ053288v1","5284022","5284186","GL873548","14055047","14055215","42","8771025"
"KQ053288v1","5380689","5380999","GL873530","25617673","25617981","67","20236984"
"KQ053288v1","5579314","5579505","GL873530","21916551","21916742","51","16337237"
"KQ053288v1","5645375","5645605","GL873731","551317","551553","70","5094058"
"KQ053288v1","5659806","5660092","GL873538","3757160","3757448","77","1902646"
"KQ053288v1","5754722","5754988","GL873522","28085341","28085606","58","22330619"
"KQ053288v1","5773231","5773525","GL873586","3828887","3829179","61","1944344"
"KQ053288v1","5774855","5775097","GL873523","18608733","18608990","67","12833878"
"KQ053288v1","5858216","5858466","GL873540","20714394","20714639","65","14856178"
"KQ053288v1","5865796","5866061","GL873528","7326954","7327222","72","1461158"
"KQ053288v1","5972454","5972768","GL873557","10430278","10430580","68","4457824"
"KQ053288v1","5984762","5985076","GL873561","9330005","9330309","81","3345243"
"KQ053288v1","6010865","6011150","GL873720","1268124","1268434","68","4742741"
"KQ053288v1","6076566","6076877","GL873720","1268124","1268434","66","4808442"
"KQ053288v1","6141845","6142108","GL873576","7005736","7005999","62","863891"
"KQ053288v1","6213215","6213396","GL873556","5873144","5873328","45","340071"
"KQ053288v1","6285132","6285436","GL873574","7619295","7619599","80","1334163"
"KQ053288v1","6289634","6289897","GL873554","13838355","13838617","64","7548721"
"KQ053288v1","6309243","6309540","GL873532","29631533","29631825","58","23322290"
"KQ053288v1","6408151","6408447","GL873522","25185925","25186218","54","18777774"
"KQ053288v1","6481262","6481427","GL873568","4108635","4108788","40","2372627"
"KQ053288v1","6554579","6554865","GL873541","18170809","18171099","67","11616230"
"KQ053288v1","6586490","6586778","GL873538","2102031","2102304","73","4484459"
"KQ053288v1","6606488","6606737","GL873536","14955236","14955476","69","8348748"
"KQ053288v1","6621953","6622243","GL873638","6183461","6183754","64","438492"
"KQ053289v1","12282","12593","GL873526","9439587","9439898","67","9427305"
"KQ053289v1","32443","32724","GL873558","11200170","11200463","70","11167727"
"KQ053289v1","38672","38984","GL873645","2658706","2659010","62","2620034"
"KQ053289v1","44443","44587","GL873569","8015245","8015395","39","7970802"
"KQ053289v1","79685","79985","GL873561","9330005","9330309","60","9250320"
"KQ053289v1","127095","127390","GL873703","125416","125705","66","1679"
"KQ053291v1","33458","33754","GL873524","42149014","42149308","64","42115556"
"KQ053291v1","237952","238218","GL873571","6475063","6475319","74","6237111"
"KQ053291v1","249480","249769","GL873535","26174710","26174993","61","25925230"
"KQ053294v1","3799","4002","GL873537","5698046","5698245","53","5694247"
"KQ053294v1","19968","20255","GL873617","6135882","6136161","68","6115914"
"KQ053297v1","24980","25262","GL873628","1904991","1905264","57","1880011"
"KQ053297v1","49905","50029","GL873528","4567428","4567552","23","4517523"
"KQ053297v1","182735","183035","GL873721","789638","789928","82","606903"
"KQ053297v1","238514","238800","GL873754","1677368","1677657","71","1438854"
"KQ053297v1","354528","354690","GL873597","1506313","1506482","39","1151785"
"KQ053297v1","404435","404696","GL873782","156478","156747","72","247957"
"KQ053298v1","8269","8393","GL873795","939129","939253","23","930860"
"KQ053298v1","59914","60153","GL873630","51175","51413","60","8739"
"KQ053299v1","2752483","2752771","GL873544","12852108","12852394","55","10099625"
"KQ053299v1","22452","22672","GL873533","29114064","29114296","57","29091612"
"KQ053299v1","138530","138834","GL873615","5162108","5162422","62","5023578"
"KQ053299v1","143183","143491","GL873568","4562469","4562774","63","4419286"
"KQ053299v1","154252","154552","GL873680","2602363","2602659","72","2448111"
"KQ053299v1","324764","325041","GL873520","16709587","16709864","75","16384823"
"KQ053299v1","418465","418760","GL873545","17052684","17052979","72","16634219"
"KQ053299v1","428158","428453","GL873545","17052684","17052979","72","16624526"
"KQ053299v1","550025","550328","GL873527","8070543","8070838","56","7520518"
"KQ053299v1","569061","569337","GL873527","8042354","8042614","51","7473293"
"KQ053299v1","620593","620904","GL873538","6426484","6426792","61","5805891"
"KQ053299v1","648199","648330","GL873520","29913941","29914072","22","29265742"
"KQ053299v1","698457","698741","GL873545","2508162","2508439","73","1809705"
"KQ053299v1","747610","747902","GL873537","20108472","20108765","66","19360862"
"KQ053299v1","749992","750304","GL873577","10149931","10150226","62","9399939"
"KQ053299v1","758479","758770","GL873526","17095961","17096254","59","16337482"
"KQ053299v1","763476","763689","GL873528","6359335","6359545","45","5595859"
"KQ053299v1","767358","767651","GL873593","480828","481113","65","286530"
"KQ053299v1","768076","768300","GL873586","9651668","9651899","60","8883592"
"KQ053299v1","770898","771183","GL873586","8120080","8120363","58","7349182"
"KQ053299v1","779584","779879","GL873521","5460694","5460985","67","4681110"
"KQ053299v1","810729","811021","GL873545","4009891","4010178","75","3199162"
"KQ053299v1","816724","816987","GL873678","628908","629161","61","187816"
"KQ053299v1","821599","821877","GL873624","287486","287760","69","534113"
"KQ053299v1","821974","822089","GL873543","3323998","3324107","32","2502024"
"KQ053299v1","835783","836086","GL873545","16381881","16382184","76","15546098"
"KQ053299v1","858006","858295","GL873527","10019507","10019790","66","9161501"
"KQ053299v1","886431","886728","GL873557","7267236","7267535","68","6380805"
"KQ053299v1","887815","888080","GL873525","39406047","39406306","58","38518232"
"KQ053299v1","1157123","1157424","GL873531","27860265","27860563","63","26703142"
"KQ053299v1","1187894","1188167","GL873615","3987376","3987642","68","2799482"
"KQ053299v1","1355093","1355364","GL873582","3323346","3323622","75","1968253"
"KQ053299v1","1365130","1365483","GL873577","8086851","8087166","97","6721721"
"KQ053299v1","1411724","1412016","GL873677","4203427","4203715","54","2791703"
"KQ053299v1","1648184","1648440","GL873578","6797196","6797452","58","5149012"
"KQ053299v1","1693912","1694220","GL873605","7658786","7659092","59","5964874"
"KQ053299v1","1894986","1895262","GL873577","5810565","5810848","55","3915579"
"KQ053299v1","1910756","1911026","GL873534","15140925","15141195","56","13230169"
"KQ053299v1","2017567","2017857","GL873665","2891460","2891748","64","873893"
"KQ053299v1","2159732","2160025","GL873660","743632","743918","63","1416100"
"KQ053299v1","2181364","2181669","GL873619","5292487","5292792","54","3111123"
"KQ053299v1","2200121","2200416","GL873646","5530496","5530792","64","3330375"
"KQ053299v1","2244730","2245005","GL873638","1364877","1365165","73","879853"
"KQ053299v1","2275045","2275329","GL873537","20108472","20108765","61","17833427"
"KQ053299v1","2297350","2297641","GL873527","6155641","6155930","64","3858291"
"KQ053299v1","2362436","2362742","GL873545","17052684","17052979","69","14690248"
"KQ053299v1","2370235","2370515","GL873596","6774480","6774760","73","4404245"
"KQ053299v1","2379875","2380181","GL873609","7137543","7137854","80","4757668"
"KQ053299v1","2575802","2575955","GL873624","3087438","3087585","46","511636"
"KQ053299v1","2577854","2578161","GL873551","2466458","2466766","69","111396"
"KQ053299v1","2596811","2597095","GL873623","5618558","5618821","73","3021747"
"KQ053299v1","2615082","2615210","GL873589","9711001","9711130","33","7095919"
"KQ053299v1","2615541","2615698","GL873527","34964944","34965090","36","32349403"
"KQ053299v1","2622919","2623170","GL873605","8629874","8630117","59","6006955"
"KQ053299v1","2641122","2641416","GL873586","6854900","6855180","61","4213778"
"KQ053299v1","2648595","2648782","GL873608","895331","895528","45","1753264"
"KQ053299v1","2675290","2675570","GL873612","273209","273490","66","2402081"
"KQ053299v1","2676999","2677283","GL873540","3208201","3208465","62","531202"
"KQ053299v1","2687068","2687366","GL873596","1591307","1591593","63","1095761"
"KQ053299v1","2688953","2689192","GL873523","39518511","39518749","65","36829558"
"KQ053299v1","2701335","2701630","GL873575","2687372","2687665","57","13963"
"KQ053299v1","2703572","2703860","GL873575","2687372","2687665","71","16200"
"KQ053299v1","2709105","2709412","GL873720","1268124","1268434","61","1440981"
"KQ053299v1","2715285","2715541","GL873568","12674938","12675190","75","9959653"
"KQ053299v1","2731349","2731604","GL873568","12674938","12675190","49","9943589"
"KQ053299v1","2739967","2740276","GL873680","2667256","2667551","59","72711"
"KQ053299v1","2746354","2746652","GL873577","10149931","10150226","68","7403577"
"KQ053299v1","2757081","2757382","GL873531","29056008","29056304","62","26298927"
"KQ053299v1","2776151","2776434","GL873752","219309","219580","61","2556842"
"KQ053299v1","2776500","2776800","GL873639","5331998","5332286","64","2555498"
"KQ053299v1","2786804","2787102","GL873545","15039472","15039760","65","12252668"
"KQ053299v1","2814712","2814992","GL873821","70343","70619","64","2744369"
"KQ053299v1","2822809","2823118","GL873521","49874189","49874492","66","47051380"
"KQ053299v1","2833518","2833779","GL873625","2416845","2417108","56","416673"
"KQ053299v1","2868025","2868325","GL873522","4222168","4222461","60","1354143"
"KQ053299v1","2874635","2874949","GL873533","16279236","16279539","67","13404601"
"KQ053299v1","2881459","2881758","GL873659","5088348","5088650","74","2206889"
"KQ053299v1","2889830","2890129","GL873527","12528305","12528595","59","9638475"
"KQ053299v1","2894508","2894778","GL873723","1057504","1057782","66","1837004"
"KQ053299v1","2917850","2918017","GL873592","4331175","4331344","57","1413325"
"KQ053299v1","2975357","2975667","GL873564","3367955","3368248","69","392598"
"KQ053299v1","3002354","3002570","GL873526","40957560","40957777","46","37955206"
"KQ053299v1","3013824","3014096","GL873532","851924","852211","67","2161900"
"KQ053299v1","3014825","3015118","GL873521","6835945","6836242","60","3821120"
"KQ053299v1","3018279","3018401","GL873539","18648181","18648300","27","15629902"
"KQ053299v1","3022109","3022402","GL873557","7133081","7133372","58","4110972"
"KQ053299v1","3025628","3025898","GL873538","25583957","25584224","65","22558329"
"KQ053299v1","3030617","3030923","GL873557","11830297","11830593","71","8799680"
"KQ053299v1","3035305","3035618","GL873530","10944131","10944443","65","7908826"
"KQ053299v1","3045721","3046046","GL873583","9041322","9041635","79","5995601"
"KQ053299v1","3062136","3062389","GL873589","8530864","8531115","62","5468728"
"KQ053299v1","3098901","3099220","GL873540","22714851","22715162","80","19615950"
"KQ053299v1","3103868","3104151","GL873716","1691811","1692089","67","1412057"
"KQ053299v1","3105024","3105311","GL873752","219309","219580","58","2885715"
"KQ053299v1","3115160","3115448","GL873532","13087138","13087416","63","9971978"
"KQ053299v1","3116692","3116894","GL873611","3356207","3356402","51","239515"
"KQ053299v1","3118009","3118299","GL873524","42149014","42149308","72","39031005"
"KQ053299v1","3160755","3160982","GL873646","751820","752051","61","2408935"
"KQ053299v1","3169627","3169891","GL873527","12805520","12805782","53","9635893"
"KQ053299v1","3180662","3180679","GL873632","3418038","3418053","8","237376"
"KQ053299v1","3180714","3180991","GL873525","35143537","35143806","55","31962823"
"KQ053299v1","3186863","3187160","GL873552","11205817","11206103","70","8018954"
"KQ053299v1","3190907","3191019","GL873594","5832733","5832843","21","2641826"
"KQ053299v1","3196767","3197053","GL873576","10180704","10180985","62","6983937"
"KQ053299v1","3198150","3198442","GL873544","12852108","12852394","63","9653958"
"KQ053299v1","3203852","3204005","GL873529","24590299","24590450","41","21386447"
"KQ053299v1","3217977","3218193","GL873625","5640863","5641072","53","2422886"
"KQ053299v1","3251232","3251540","GL873572","9034316","9034616","68","5783084"
"KQ053299v1","3251894","3252203","GL873623","1693614","1693923","75","1558280"
"KQ053299v1","3256698","3257000","GL873615","5162108","5162422","78","1905410"
"KQ053299v1","3257019","3257135","GL873703","774784","774893","29","2482235"
"KQ053299v1","3274282","3274583","GL873578","5176227","5176517","68","1901945"
"KQ053299v1","3307880","3308204","GL873525","12278825","12279119","77","8970945"
"KQ053299v1","3315269","3315539","GL873527","12973115","12973389","57","9657846"
"KQ053299v1","3317610","3317913","GL873575","2687372","2687665","74","630238"
"KQ053299v1","3318198","3318502","GL873522","25570684","25570992","68","22252486"
"KQ053299v1","3330552","3330837","GL873524","42149014","42149308","59","38818462"
"KQ053299v1","3342628","3342917","GL873584","6009311","6009592","67","2666683"
"KQ053299v1","3347877","3348151","GL873569","10006129","10006398","66","6658252"
"KQ053299v1","3369944","3370234","GL873593","480828","481113","69","2889116"
"KQ053299v1","3404542","3404810","GL873580","3116046","3116298","73","288496"
"KQ053299v1","3407119","3407329","GL873523","24005577","24005782","52","20598458"
"KQ053299v1","3415981","3416291","GL873569","144899","145205","69","3271082"
"KQ053299v1","3423079","3423364","GL873543","17821508","17821790","62","14398429"
"KQ053299v1","3426133","3426294","GL873528","1120859","1121019","42","2305274"
"KQ053299v1","3448575","3448874","GL873566","9008836","9009136","62","5560261"
"KQ053299v1","3479519","3479636","GL873700","342340","342456","21","3137179"
"KQ053299v1","3495149","3495452","GL873521","4386226","4386521","66","891077"
"KQ053299v1","3506946","3507248","GL873531","27860265","27860563","53","24353319"
"KQ053299v1","3507277","3507514","GL873811","462131","462360","69","3045146"
"KQ053299v1","3530755","3531056","GL873525","12050097","12050392","61","8519342"
"KQ053299v1","3551671","3551968","GL873547","11450506","11450796","75","7898835"
"KQ053299v1","3556280","3556587","GL873530","28263781","28264089","61","24707501"
"KQ053299v1","3558740","3559029","GL873624","4082369","4082656","62","523629"
"KQ053299v1","3582296","3582604","GL873607","3932139","3932443","74","349843"
"KQ053299v1","3590375","3590664","GL873540","4711812","4712090","59","1121437"
"KQ053299v1","3613610","3613796","GL873611","3356207","3356402","49","257403"
"KQ053299v1","3622762","3622954","GL873611","3356207","3356402","45","266555"
"KQ053299v1","3624537","3624816","GL873547","14329017","14329292","47","10704480"
"KQ053299v1","3638046","3638311","GL873542","19529065","19529325","64","15891019"
"KQ053299v1","3643352","3643652","GL873537","20108472","20108765","59","16465120"
"KQ053299v1","3652992","3653271","GL873693","3290790","3291068","66","362202"
"KQ053299v1","3666675","3666970","GL873540","19013371","19013667","53","15346696"
"KQ053299v1","3680688","3680891","GL873701","226165","226365","42","3454523"
"KQ053299v1","3691033","3691341","GL873523","28431022","28431322","70","24739989"
"KQ053299v1","3719278","3719570","GL873530","17375868","17376165","62","13656590"
"KQ053299v1","3722415","3722714","GL873572","9034316","9034616","64","5311901"
"KQ053299v1","3736297","3736591","GL873545","17052684","17052979","64","13316387"
"KQ053299v1","3796140","3796432","GL873595","5116042","5116325","65","1319902"
"KQ053299v1","3820383","3820693","GL873545","17052684","17052979","66","13232301"
"KQ053299v1","3834172","3834448","GL873526","6655876","6656156","69","2821704"
"KQ053299v1","3844132","3844446","GL873615","5162108","5162422","62","1317976"
"KQ053299v1","3862794","3863082","GL873552","12138493","12138784","60","8275699"
"KQ053299v1","3886491","3886589","GL873623","4256593","4256687","24","370102"
"KQ053299v1","3888520","3888801","GL873560","534135","534416","53","3354385"
"KQ053299v1","3891524","3891617","GL873520","30189521","30189613","18","26297997"
"KQ053299v1","3891953","3892155","GL873550","17711038","17711248","54","13819085"
"KQ053299v1","3894278","3894409","GL873537","6930739","6930868","21","3036461"
"KQ053299v1","3900594","3900904","GL873547","8917733","8918044","63","5017139"
"KQ053299v1","3912210","3912318","GL873526","2807199","2807292","30","1105011"
"KQ053299v1","3926494","3926762","GL873531","27611145","27611425","79","23684651"
"KQ053299v1","3937102","3937269","GL873526","524997","525159","41","3412105"
"KQ053299v1","3942588","3942866","GL873536","21688746","21689025","68","17746158"
"KQ053299v1","3962375","3962674","GL873577","10149931","10150226","61","6187556"
"KQ053299v1","3978143","3978431","GL873566","11130254","11130540","53","7152111"
"KQ053299v1","4001449","4001753","GL873661","1884549","1884860","65","2116900"
"KQ053299v1","4175164","4175450","GL873615","740938","741220","58","3434226"
"KQ053299v1","4179544","4179854","GL873575","8875744","8876043","69","4696200"
"KQ053299v1","4186803","4187017","GL873579","11042363","11042566","60","6855560"
"KQ053299v1","4261180","4261445","GL873598","6491954","6492225","69","2230774"
"KQ053299v1","4292346","4292638","GL873532","29153473","29153758","65","24861127"
"KQ053299v1","4308888","4309170","GL873575","9277978","9278232","71","4969090"
"KQ053299v1","4333886","4334188","GL873610","4431407","4431713","56","97521"
"KQ053299v1","4336872","4337132","GL873525","29725078","29725343","60","25388206"
"KQ053299v1","4340553","4340860","GL873580","2162089","2162382","95","2178464"
"KQ053299v1","4344204","4344476","GL873525","29725078","29725343","64","25380874"
"KQ053299v1","4355873","4356140","GL873525","29725078","29725343","58","25369205"
"KQ053299v1","4371460","4371757","GL873544","12852108","12852394","61","8480648"
"KQ053299v1","4387847","4388132","GL873632","3524037","3524325","54","863810"
"KQ053299v1","4395685","4395967","GL873599","3962151","3962437","66","433534"
"KQ053299v1","4459897","4460204","GL873563","5489805","5490109","58","1029908"
"KQ053299v1","4505320","4505607","GL873593","2667655","2667944","56","1837665"
"KQ053299v1","4553338","4553609","GL873693","2634108","2634374","70","1919230"
"KQ053299v1","4648450","4648758","GL873591","6395821","6396131","78","1747371"
"KQ053299v1","4747696","4748010","GL873720","1268124","1268434","62","3479572"
"KQ053299v1","4824657","4824951","GL873557","7133081","7133372","69","2308424"
"KQ053299v1","4960139","4960411","GL873822","330438","330712","78","4629701"
"KQ053299v1","5036623","5036905","GL873586","6854900","6855180","54","1818277"
"KQ053299v1","5076639","5076914","GL873651","246636","246920","70","4830003"
"KQ053299v1","5124296","5124597","GL873561","9330005","9330309","68","4205709"
"KQ053299v1","5136362","5136665","GL873537","2276824","2277122","70","2859538"
"KQ053299v1","5175881","5176158","GL873540","4711812","4712090","54","464069"
"KQ053299v1","5184505","5184760","GL873706","2954760","2955012","74","2229745"
"KQ053299v1","5215758","5215961","GL873578","6816735","6816937","70","1600977"
"KQ053299v1","5216254","5216398","GL873564","3411630","3411757","31","1804624"
"KQ053299v1","5237763","5237942","GL873530","12753009","12753178","43","7515246"
"KQ053299v1","5266210","5266507","GL873520","37900358","37900652","66","32634148"
"KQ053299v1","5269212","5269526","GL873522","42556538","42556845","62","37287326"
"KQ053299v1","5278464","5278635","GL873617","4023468","4023645","39","1254996"
"KQ053299v1","5333834","5334153","GL873720","1268124","1268434","73","4065710"
"KQ053299v1","5335886","5336097","GL873595","5966599","5966798","50","630713"
"KQ053299v1","5397738","5398051","GL873678","899224","899530","71","4498514"
"KQ053299v1","5407936","5408257","GL873520","72415742","72416055","110","67007806"
"KQ053299v1","5413017","5413302","GL873523","44172949","44173234","69","38759932"
"KQ053299v1","5413674","5413966","GL873546","18307234","18307526","62","12893560"
"KQ053299v1","5417843","5418119","GL873527","15241181","15241479","66","9823338"
"KQ053299v1","5421541","5421826","GL873543","1740951","1741228","60","3680590"
"KQ053299v1","5430223","5430468","GL873672","2562105","2562359","59","2868118"
"KQ053299v1","5431597","5431881","GL873548","13072238","13072531","65","7640641"
"KQ053299v1","5433345","5433654","GL873523","32269663","32269962","70","26836318"
"KQ053299v1","5447713","5447889","GL873612","1890574","1890750","43","3557139"
"KQ053299v1","5454230","5454347","GL873629","3055754","3055875","22","2398476"
"KQ053299v1","5481019","5481335","GL873540","9410260","9410586","78","3929241"
"KQ053299v1","5481442","5481730","GL873538","3757160","3757448","57","1724282"
"KQ053299v1","5485476","5485779","GL873570","9393261","9393537","70","3907785"
"KQ053299v1","5541879","5542159","GL873601","4395673","4395957","63","1146206"
"KQ053299v1","5550185","5550472","GL873800","736311","736599","51","4813874"
"KQ053299v1","5584924","5585207","GL873544","14048568","14048856","63","8463644"
"KQ053299v1","5728749","5728974","GL873562","6100753","6100981","69","372004"
"KQ053299v1","5766939","5767068","GL873606","6062519","6062650","24","295580"
"KQ053299v1","5907417","5907711","GL873527","15769063","15769360","57","9861646"
"KQ053299v1","5946443","5946707","GL873629","2967834","2968093","46","2978609"
"KQ053299v1","5983102","5983409","GL873523","28431022","28431322","69","22447920"
"KQ053299v1","6022201","6022502","GL873536","28773422","28773728","63","22751221"
"KQ053299v1","6026520","6026813","GL873523","25556131","25556422","53","19529611"
"KQ053299v1","6091458","6091619","GL873530","16082476","16082634","32","9991018"
"KQ053299v1","6099397","6099685","GL873698","2569942","2570236","62","3529455"
"KQ053299v1","6102769","6103034","GL873521","6586226","6586486","68","483457"
"KQ053299v1","6110569","6110833","GL873563","7829489","7829739","58","1718920"
"KQ053299v1","6159799","6160092","GL873631","2307601","2307888","70","3852198"
"KQ053299v1","6163277","6163563","GL873520","13221667","13221942","72","7058390"
"KQ053299v1","6208262","6208551","GL873739","1187558","1187846","58","5020704"
"KQ053299v1","6211560","6211730","GL873547","3710552","3710726","48","2501008"
"KQ053299v1","6212120","6212212","GL873661","3315608","3315703","18","2896512"
"KQ053299v1","6216295","6216580","GL873529","23083772","23084054","63","16867477"
"KQ053299v1","6227157","6227369","GL873602","56544","56752","46","6170613"
"KQ053299v1","6232471","6232681","GL873576","7334099","7334313","51","1101628"
"KQ053299v1","6235857","6236151","GL873536","13625302","13625595","65","7389445"
"KQ053299v1","6236315","6236613","GL873660","743632","743918","63","5492683"
"KQ053299v1","6238603","6238900","GL873621","545875","546169","65","5692728"
"KQ053299v1","6266804","6267102","GL873624","1916988","1917283","71","4349816"
"KQ053299v1","6276201","6276492","GL873570","11394548","11394837","56","5118347"
"KQ053299v1","6286914","6287174","GL873538","2811122","2811395","65","3475792"
"KQ053299v1","6298859","6299107","GL873594","7445049","7445301","52","1146190"
"KQ053299v1","6326036","6326298","GL873527","16217204","16217460","55","9891168"
"KQ053299v1","6348689","6348976","GL873522","26416598","26416890","62","20067909"
"KQ053299v1","6385103","6385382","GL873627","605730","606005","56","5779373"
"KQ053299v1","6388380","6388680","GL873527","5721671","5721968","57","666709"
"KQ053299v1","6401906","6402195","GL873563","5489805","5490109","58","912101"
"KQ053299v1","6407048","6407155","GL873545","1717096","1717203","17","4689952"
"KQ053299v1","6410491","6410779","GL873527","30165696","30165984","71","23755205"
"KQ053299v1","6413944","6414234","GL873521","7873707","7874000","67","1459763"
"KQ053299v1","6416127","6416426","GL873535","25840890","25841174","69","19424763"
"KQ053299v1","6431116","6431407","GL873600","6105074","6105355","84","326042"
"KQ053299v1","6449424","6449723","GL873522","26416598","26416890","60","19967174"
"KQ053299v1","6467137","6467415","GL873693","2634108","2634374","70","3833029"
"KQ053299v1","6469704","6470012","GL873619","5292487","5292792","70","1177217"
"KQ053299v1","6490872","6491132","GL873651","1821639","1821889","60","4669233"
"KQ053299v1","6516378","6516555","GL873521","8923587","8923754","53","2407209"
"KQ053299v1","6526641","6526916","GL873522","38826479","38826750","58","32299838"
"KQ053299v1","6537873","6538133","GL873565","11321021","11321272","69","4783148"
"KQ053299v1","6552838","6553135","GL873537","26591716","26592014","54","20038878"
"KQ053299v1","6559036","6559322","GL873526","7882436","7882722","59","1323400"
"KQ053299v1","6570630","6570716","GL873607","5643558","5643646","19","927072"
"KQ053299v1","6570813","6571000","GL873611","3356207","3356402","52","3214606"
"KQ053299v1","6575619","6575895","GL873579","984876","985165","59","5590743"
"KQ053299v1","6585768","6586067","GL873527","11753327","11753621","65","5167559"
"KQ053299v1","6590523","6590816","GL873538","5804151","5804433","68","786372"
"KQ053299v1","6594197","6594481","GL873533","24420221","24420503","73","17826024"
"KQ053299v1","6595462","6595746","GL873537","17139502","17139781","68","10544040"
"KQ053299v1","6602174","6602474","GL873521","33844036","33844322","69","27241862"
"KQ053299v1","6602501","6602798","GL873758","588079","588358","83","6014422"
"KQ053299v1","6624696","6624999","GL873557","7267236","7267535","62","642540"
"KQ053299v1","6629892","6630069","GL873600","4370631","4370804","40","2259261"
"KQ053299v1","6635819","6636026","GL873521","4504046","4504259","45","2131773"
"KQ053299v1","6668555","6668863","GL873560","11470153","11470449","63","4801598"
"KQ053299v1","6678963","6679261","GL873532","13087138","13087416","70","6408175"
"KQ053299v1","6679316","6679407","GL873567","12026617","12026711","19","5347301"
"KQ053299v1","6679741","6679835","GL873533","15759336","15759424","30","9079595"
"KQ053299v1","6681722","6681817","GL873607","14491","14583","18","6667231"
"KQ053299v1","6681983","6682237","GL873530","22154022","22154282","64","15472039"
"KQ053299v1","6684676","6684982","GL873529","15224931","15225225","79","8540255"
"KQ053299v1","6688065","6688350","GL873607","297784","298070","64","6390281"
"KQ053299v1","6692191","6692483","GL873525","12278825","12279119","75","5586634"
"KQ053299v1","6695343","6695642","GL873531","27860265","27860563","61","21164922"
"KQ053299v1","6720852","6721118","GL873526","27363782","27364052","68","20642930"
"KQ053299v1","6723028","6723141","GL873542","1259218","1259335","22","5463810"
"KQ053299v1","6725286","6725367","GL873615","1983923","1984005","17","4741363"
"KQ053299v1","6725689","6725941","GL873532","8336025","8336274","59","1610336"
"KQ053299v1","6737441","6737713","GL873539","25859408","25859692","64","19121967"
"KQ053299v1","6739638","6739755","GL873542","1259218","1259335","14","5480420"
"KQ053299v1","6746370","6746659","GL873545","17257314","17257599","62","10510944"
"KQ053299v1","6750174","6750473","GL873556","996424","996728","65","5753750"
"KQ053299v1","6752316","6752628","GL873720","1268124","1268434","70","5484192"
"KQ053299v1","6766577","6766885","GL873556","996424","996728","82","5770153"
"KQ053299v1","6771232","6771528","GL873596","3562116","3562414","79","3209116"
"KQ053299v1","6775529","6775855","GL873561","9330005","9330309","90","2554476"
"KQ053299v1","6776871","6777007","GL873606","5096231","5096360","30","1680640"
"KQ053299v1","6787795","6788078","GL873677","4203427","4203715","57","2584368"
"KQ053299v1","6788223","6788311","GL873530","32855441","32855526","27","26067218"
"KQ053299v1","6788632","6788869","GL873529","8596265","8596494","70","1807633"
"KQ053299v1","6815164","6815515","GL873521","44185162","44185477","98","37369998"
"KQ053299v1","6828738","6828865","GL873566","9741912","9742039","25","2913174"
"KQ053299v1","6836816","6837060","GL873527","36235779","36236022","62","29398963"
"KQ053299v1","6839538","6839706","GL873558","3010058","3010227","50","3829480"
"KQ053299v1","6840040","6840148","GL873593","493943","494061","32","6346097"
"KQ053299v1","6841151","6841374","GL873526","40957560","40957777","56","34116409"
"KQ053299v1","6848572","6848863","GL873541","21985689","21985982","75","15137117"
"KQ053299v1","6855755","6856057","GL873632","3524037","3524325","69","3331718"
"KQ053299v1","6874975","6875184","GL873520","43481858","43482074","66","36606883"
"KQ053299v1","6876140","6876352","GL873530","4766835","4767052","62","2109305"
"KQ053299v1","6876707","6876771","GL873607","5463393","5463443","25","1413314"
"KQ053299v1","6883609","6883914","GL873584","6755696","6755989","82","127913"
"KQ053299v1","6886627","6886848","GL873527","13236396","13236610","55","6349769"
"KQ053299v1","6896869","6897170","GL873553","16458933","16459234","78","9562064"
"KQ053299v1","6899891","6900178","GL873556","1509000","1509284","62","5390891"
"KQ053299v1","6902030","6902254","GL873527","13236396","13236610","57","6334366"
"KQ053299v1","6907169","6907396","GL873557","11743410","11743626","54","4836241"
"KQ053299v1","6907857","6908179","GL873557","14285919","14286233","103","7378062"
"KQ053299v1","6911062","6911347","GL873626","5747393","5747672","99","1163669"
"KQ053299v1","6911742","6911793","GL873607","5463393","5463443","13","1448349"
"KQ053299v1","6913984","6914113","GL873564","3411630","3411757","32","3502354"
"KQ053299v1","6924297","6924583","GL873537","20108472","20108765","61","13184175"
"KQ053299v1","6937563","6937701","GL873570","10511074","10511223","34","3573511"
"KQ053299v1","6972812","6973105","GL873656","5041724","5042010","62","1931088"
"KQ053299v1","6988550","6988841","GL873541","15997811","15998101","73","9009261"
"KQ053299v1","6990100","6990386","GL873542","1274175","1274441","87","5715925"
"KQ053299v1","6993638","6993803","GL873530","28623783","28623941","42","21630145"
"KQ053299v1","6997860","6998125","GL873548","17382520","17382793","67","10384660"
"KQ053299v1","7022757","7023014","GL873553","5257203","5257439","78","1765554"
"KQ053299v1","7033166","7033446","GL873526","12865197","12865466","62","5832031"
"KQ053299v1","7042337","7042660","GL873671","1289718","1290012","109","5752619"
"KQ053299v1","7055215","7055509","GL873572","7618273","7618565","71","563058"
"KQ053299v1","7056887","7057165","GL873537","11253701","11253993","66","4196814"
"KQ053299v1","7064169","7064458","GL873562","7734050","7734344","68","669881"
"KQ053299v1","7075382","7075640","GL873534","1599256","1599518","79","5476126"
"KQ053299v1","7087158","7087312","GL873537","7614710","7614861","45","527552"
"KQ053299v1","7091654","7091932","GL873544","12852108","12852394","59","5760454"
"KQ053299v1","7094683","7094975","GL873520","38764685","38764975","59","31670002"
"KQ053299v1","7119328","7119616","GL873754","1677368","1677657","67","5441960"
"KQ053299v1","7127439","7127719","GL873686","566506","566781","67","6560933"
"KQ053299v1","7169552","7169777","GL873579","10953212","10953437","60","3783660"
"KQ053299v1","7170234","7170520","GL873540","19013371","19013667","58","11843137"
"KQ053299v1","7181033","7181213","GL873556","5873144","5873328","40","1307889"
"KQ053299v1","7197707","7198014","GL873533","24525398","24525699","69","17327691"
"KQ053299v1","7207234","7207527","GL873522","25185925","25186218","71","17978691"
"KQ053299v1","7213724","7213883","GL873646","4677615","4677754","41","2536109"
"KQ053299v1","7216572","7216857","GL873527","17191091","17191376","46","9974519"
"KQ053299v1","7235642","7235935","GL873527","17218205","17218503","59","9982563"
"KQ053299v1","7237851","7238061","GL873625","5640863","5641072","46","1596988"
"KQ053299v1","7239572","7239748","GL873520","47156141","47156304","38","39916569"
"KQ053299v1","7239781","7239898","GL873589","9558780","9558894","27","2318999"
"KQ053299v1","7299128","7299423","GL873520","38236690","38236980","69","30937562"
"KQ053299v1","7314685","7314968","GL873529","23083772","23084054","64","15769087"
"KQ053299v1","7318087","7318380","GL873538","24663308","24663595","68","17345221"
"KQ053299v1","7326889","7327182","GL873557","5844700","5844982","69","1482189"
"KQ053299v1","7349275","7349462","GL873540","21199327","21199523","53","13850052"
"KQ053299v1","7365930","7366202","GL873612","273209","273490","55","7092721"
"KQ053299v1","7409532","7409699","GL873527","17416428","17416588","37","10006896"
"KQ053299v1","7409838","7409964","GL873536","22370995","22371119","18","14961157"
"KQ053299v1","7424361","7424653","GL873561","14239631","14239928","71","6815270"
"KQ053299v1","7433725","7433937","GL873554","5633280","5633489","49","1800445"
"KQ053299v1","7499893","7499999","GL873535","26247350","26247454","22","18747457"
"KQ053299v1","7500001","7500213","GL873544","1779376","1779573","63","5720625"
"KQ053299v1","7506171","7506452","GL873632","3524037","3524325","69","3982134"
"KQ053299v1","7539444","7539523","GL873551","8794394","8794477","16","1254950"
"KQ053299v1","7550288","7550567","GL873659","3462845","3463127","62","4087443"
"KQ053299v1","7570179","7570450","GL873716","398839","399110","49","7171340"
"KQ053299v1","7590710","7590990","GL873534","15807314","15807583","66","8216604"
"KQ053299v1","7621923","7622228","GL873538","12219285","12219590","60","4597362"
"KQ053299v1","7648296","7648579","GL873526","25295506","25295789","62","17647210"
"KQ053299v1","7653577","7653883","GL873599","3843599","3843887","63","3809978"
"KQ053299v1","7950222","7950353","GL873675","3979266","3979395","24","3970956"
"KQ053299v1","8041792","8042069","GL873592","2439645","2439925","61","5602147"
"KQ053299v1","8302621","8302900","GL873752","219309","219580","54","8083312"
"KQ053299v1","8414778","8414890","GL873527","18526752","18526866","21","10111974"
"KQ053299v1","8430224","8430503","GL873738","1635488","1635766","65","6794736"
"KQ053299v1","8475733","8476002","GL873660","1576760","1577030","64","6898973"
"KQ053299v1","8506538","8506830","GL873526","3098245","3098538","71","5408293"
"KQ053299v1","8556012","8556294","GL873545","4247016","4247292","68","4308996"
"KQ053299v1","8558239","8558556","GL873588","6897685","6897994","72","1660554"
"KQ053299v1","8568324","8568613","GL873659","830823","831113","70","7737501"
"KQ053299v1","8582415","8582720","GL873592","7775568","7775869","75","806847"
"KQ053299v1","8701868","8702163","GL873565","12235234","12235534","71","3533366"
"KQ053299v1","8735563","8735859","GL873523","5237401","5237693","71","3498162"
"KQ053299v1","8763923","8764191","GL873527","18859303","18859552","65","10095380"
"KQ053299v1","8768167","8768477","GL873527","38078660","38078964","72","29310493"
"KQ053299v1","8770650","8770913","GL873548","3744619","3744879","74","5026031"
"KQ053299v1","8920694","8921007","GL873524","42149014","42149308","79","33228320"
"KQ053299v1","8924775","8925094","GL873615","5162108","5162422","61","3762667"
"KQ053299v1","8985156","8985272","GL873537","18687435","18687554","23","9702279"
"KQ053299v1","9039180","9039483","GL873527","5721671","5721968","67","3317509"
"KQ053299v1","9095389","9095690","GL873690","1210436","1210726","69","7884953"
"KQ053299v1","9356057","9356320","GL873527","31706908","31707163","63","22350851"
"KQ053299v1","9475037","9475342","GL873545","12978830","12979129","71","3503793"
"KQ053299v1","9500146","9500419","GL873616","3861704","3861977","59","5638442"
"KQ053299v1","9523177","9523435","GL873528","1268672","1268921","56","8254505"
"KQ053299v1","9542381","9542660","GL873546","16205954","16206247","71","6663573"
"KQ053299v1","9633769","9634072","GL873536","6777364","6777651","84","2856405"
"KQ053299v1","10008063","10008332","GL873550","9436456","9436728","63","571607"
"KQ053299v1","10049235","10049431","GL873670","2286620","2286812","42","7762615"
"KQ053299v1","10163150","10163472","GL873540","22714851","22715162","74","12551701"
"KQ053299v1","10173666","10173966","GL873524","42149014","42149308","65","31975348"
"KQ053299v1","10228646","10228938","GL873528","4452981","4453269","60","5775665"
"KQ053299v1","10268485","10268781","GL873537","20108472","20108765","47","9839987"
"KQ053299v1","10458497","10458783","GL873544","12852108","12852394","57","2393611"
"KQ053299v1","10553462","10553752","GL873550","16189253","16189537","67","5635791"
"KQ053299v1","10674958","10675241","GL873632","3524037","3524325","57","7150921"
"KQ053299v1","10715589","10715871","GL873526","24340103","24340385","53","13624514"
"KQ053299v1","10718426","10718718","GL873586","3828887","3829179","68","6889539"
"KQ053299v1","10759153","10759434","GL873543","19566562","19566836","60","8807409"
"KQ053299v1","10810621","10810896","GL873621","6352530","6352801","61","4458091"
"KQ053299v1","10815114","10815397","GL873529","19814379","19814661","62","8999265"
"KQ053299v1","10817393","10817692","GL873572","9034316","9034616","66","1783077"
"KQ053299v1","10822081","10822366","GL873529","15224931","15225225","73","4402850"
"KQ053299v1","10842989","10843260","GL873538","1584722","1584989","49","9258267"
"KQ053299v1","10864052","10864216","GL873533","9483294","9483455","36","1380758"
"KQ053299v1","10870415","10870550","GL873606","5096231","5096360","25","5774184"
"KQ053299v1","10870881","10871035","GL873628","4177356","4177508","37","6693525"
"KQ053299v1","10873869","10874172","GL873547","8917733","8918044","70","1956136"
"KQ053299v1","10890321","10890628","GL873537","20806240","20806550","59","9915919"
"KQ053299v1","10926164","10926459","GL873577","10149931","10150226","73","776233"
"KQ053299v1","10952274","10952586","GL873537","20806240","20806550","74","9853966"
"KQ053299v1","10981405","10981693","GL873599","3276892","3277190","73","7704513"
"KQ053299v1","11046828","11047113","GL873568","10563353","10563640","66","483475"
"KQ053299v1","11079215","11079438","GL873538","17630112","17630323","59","6550897"
"KQ053299v1","11082424","11082709","GL873526","7882436","7882722","64","3199988"
"KQ053299v1","11102673","11103002","GL873546","13542628","13542944","82","2439955"
"KQ053299v1","11108036","11108323","GL873547","6470095","6470381","78","4637941"
"KQ053299v1","11145988","11146195","GL873560","7575450","7575639","49","3570538"
"KQ053299v1","11186430","11186678","GL873536","14955236","14955476","61","3768806"
"KQ053299v1","11192186","11192349","GL873521","42690377","42690534","44","31498191"
"KQ053299v1","11213452","11213763","GL873529","17654556","17654858","78","6441104"
"KQ053299v1","11238706","11239000","GL873540","24563702","24564003","84","13324996"
"KQ053299v1","11246389","11246664","GL873534","14629130","14629395","79","3382741"
"KQ053299v1","11247751","11248058","GL873544","13109134","13109442","83","1861383"
"KQ053299v1","11266631","11266835","GL873608","895331","895528","48","10371300"
"KQ053299v1","11282054","11282330","GL873646","4037377","4037644","77","7244677"
"KQ053299v1","11283739","11283906","GL873577","4898264","4898426","40","6385475"
"KQ053299v1","11285056","11285322","GL873522","36470419","36470671","71","25185363"
"KQ053299v1","11301797","11302081","GL873528","4452981","4453269","66","6848816"
"KQ053299v1","11309358","11309617","GL873533","13380721","13380981","65","2071363"
"KQ053299v1","11309654","11309937","GL873539","2531227","2531508","67","8778427"
"KQ053299v1","11312952","11313068","GL873599","275933","276044","27","11037019"
"KQ053299v1","11313775","11314085","GL873651","1152628","1152936","72","10161147"
"KQ053299v1","11335207","11335497","GL873529","18065675","18065959","60","6730468"
"KQ053299v1","11341325","11341608","GL873530","1595623","1595896","79","9745702"
"KQ053299v1","11342517","11342810","GL873800","736311","736599","49","10606206"
"KQ053299v1","11346422","11346588","GL873532","13731950","13732109","48","2385528"
"KQ053299v1","11350108","11350255","GL873523","26063564","26063709","30","14713456"
"KQ053299v1","11355338","11355464","GL873560","11002191","11002316","25","353147"
"KQ053299v1","11363221","11363349","GL873537","28005568","28005699","30","16642347"
"KQ053299v1","11370143","11370263","GL873560","11002191","11002316","29","367952"
"KQ053299v1","11385564","11385670","GL873780","923171","923278","17","10462393"
"KQ053299v1","11405693","11405993","GL873543","2904962","2905248","68","8500731"
"KQ053299v1","11447508","11447661","GL873539","7871387","7871537","32","3576121"
"KQ053299v1","11462994","11463304","GL873569","10832503","10832794","76","630491"
"KQ053299v1","11464825","11464950","GL873604","3367357","3367484","24","8097468"
"KQ053299v1","11465487","11465764","GL873619","4798258","4798536","77","6667229"
"KQ053299v1","11467474","11467749","GL873525","35143537","35143806","61","23676063"
"KQ053299v1","11473170","11473493","GL873615","3537929","3538240","80","7935241"
"KQ053299v1","11474900","11475181","GL873530","21920494","21920765","62","10445594"
"KQ053299v1","11489812","11490040","GL873542","13172834","13173061","60","1683022"
"KQ053299v1","11490834","11491112","GL873521","6586226","6586486","67","4904608"
"KQ053299v1","11494878","11495046","GL873553","8080370","8080530","44","3414508"
"KQ053299v1","11562146","11562448","GL873527","21947924","21948197","81","10385778"
"KQ053299v1","11595261","11595373","GL873527","21980908","21981023","24","10385647"
"KQ053299v1","11612464","11612749","GL873520","16709587","16709864","68","5097123"
"KQ053299v1","11917153","11917443","GL873544","12852108","12852394","52","934955"
"KQ053299v1","11924180","11924484","GL873531","19369345","19369649","65","7445165"
"KQ053299v1","12021655","12021770","GL873596","2674100","2674216","20","9347555"
"KQ053299v1","12021806","12021977","GL873558","3010058","3010227","40","9011748"
"KQ053299v1","12076792","12077111","GL873615","3537929","3538240","76","8538863"
"KQ053299v1","12084875","12085183","GL873521","26468269","26468573","71","14383394"
"KQ053299v1","12102871","12103172","GL873527","22505305","22505602","70","10402434"
"KQ053299v1","12187412","12187718","GL873529","9421454","9421749","62","2765958"
"KQ053299v1","12218689","12218957","GL873529","22377342","22377617","59","10158653"
"KQ053299v1","12235483","12235765","GL873557","11782256","11782544","58","453227"
"KQ053299v1","12275893","12276175","GL873676","1881961","1882246","76","10393932"
"KQ053299v1","12379907","12380215","GL873529","36224519","36224826","76","23844612"
"KQ053299v1","12459389","12459689","GL873770","559098","559399","61","11900291"
"KQ053299v1","12479413","12479714","GL873539","17962321","17962616","69","5482908"
"KQ053299v1","12583554","12583852","GL873586","8120080","8120363","66","4463474"
"KQ053299v1","12602223","12602501","GL873539","810980","811260","71","11791243"
"KQ053299v1","12670606","12670900","GL873579","3021095","3021392","63","9649511"
"KQ053299v1","12766140","12766442","GL873608","4218070","4218374","69","8548070"
"KQ053299v1","12779916","12780224","GL873575","2687372","2687665","76","10092544"
"KQ053299v1","12790834","12790900","GL873711","307048","307116","9","12483786"
"KQ053299v1","12853696","12853999","GL873631","6629455","6629755","67","6224241"
"KQ053299v1","12860026","12860307","GL873738","1635488","1635766","72","11224538"
"KQ053299v1","12866967","12867244","GL873536","27318293","27318570","67","14451326"
"KQ053299v1","12925544","12925796","GL873533","13380721","13380981","62","455177"
"KQ053299v1","13117900","13118182","GL873521","6742581","6742854","69","6375319"
"KQ053299v1","13290281","13290614","GL873521","4537344","4537658","91","8752937"
"KQ053299v1","13373117","13373406","GL873522","4222168","4222461","67","9150949"
"KQ053299v1","13391088","13391361","GL873533","16211539","16211820","71","2820451"
"KQ053299v1","13434738","13435023","GL873575","2687372","2687665","64","10747366"
"KQ053299v1","13513131","13513419","GL873544","12852108","12852394","56","661023"
"KQ053299v1","13552719","13553010","GL873527","16558692","16558981","53","3005973"
"KQ053299v1","13573297","13573588","GL873527","16558692","16558981","53","2985395"
"KQ053299v1","13636065","13636321","GL873538","15094566","15094833","64","1458501"
"KQ053299v1","13671983","13672294","GL873541","18220450","18220758","63","4548467"
"KQ053299v1","13809638","13809940","GL873738","1646790","1647070","81","12162848"
"KQ053299v1","13841887","13842191","GL873548","13072238","13072531","62","769649"
"KQ053299v1","13863482","13863798","GL873526","9439587","9439898","73","4423895"
"KQ053299v1","13864150","13864349","GL873522","42715651","42715852","58","28851501"
"KQ053299v1","13881266","13881560","GL873575","2687372","2687665","62","11193894"
"KQ053299v1","13911724","13911993","GL873525","35143537","35143806","58","21231813"
"KQ053299v1","13947725","13947996","GL873623","1894661","1894923","65","12053064"
"KQ053299v1","13957268","13957559","GL873537","20108472","20108765","62","6151204"
"KQ053299v1","14001272","14001572","AAQR03198855","549","844","73","14000723"
"KQ053299v1","14008467","14008769","GL873540","19013371","19013667","56","5004904"
"KQ053299v1","14023027","14023318","GL873667","3712894","3713183","73","10310133"
"KQ053299v1","14024989","14025278","GL873575","2687372","2687665","61","11337617"
"KQ053299v1","14045676","14045989","GL873530","28263781","28264089","71","14218105"
"KQ053299v1","14046100","14046217","GL873634","4995041","4995160","30","9051059"
"KQ053299v1","14097454","14097731","GL873615","3724937","3725208","69","10372517"
"KQ053299v1","14100988","14101282","GL873529","9421454","9421749","61","4679534"
"KQ053299v1","14155315","14155439","GL873525","28446082","28446208","23","14290767"
"KQ053299v1","14202002","14202270","GL873569","9675313","9675569","67","4526689"
"KQ053299v1","14253998","14254328","GL873527","24805848","24806149","83","10551850"
"KQ053299v1","14272898","14273188","GL873666","3106785","3107075","50","11166113"
"KQ053299v1","14274533","14274833","GL873545","20254912","20255212","71","5980379"
"KQ053299v1","14307959","14308263","GL873535","16665349","16665632","75","2357390"
"KQ053299v1","14317267","14317548","GL873521","50684853","50685150","61","36367586"
"KQ053299v1","14364654","14364928","GL873561","13826809","13827093","60","537845"
"KQ053299v1","14437138","14437429","GL873537","21410001","21410301","62","6972863"
"KQ053299v1","14462458","14462765","GL873546","13542628","13542944","58","919830"
"KQ053299v1","14478631","14478942","GL873634","6620976","6621283","63","7857655"
"KQ053299v1","14481968","14482293","GL873528","3829110","3829399","89","10652858"
"KQ053299v1","14487890","14488180","GL873565","12235234","12235534","69","2252656"
"KQ053299v1","14508343","14508648","GL873527","25100254","25100552","70","10591911"
"KQ053299v1","14511172","14511486","GL873677","3216100","3216400","66","11295072"
"KQ053299v1","14520500","14520801","GL873561","6158970","6159266","59","8361530"
"KQ053299v1","14531994","14532311","GL873661","1884549","1884860","69","12647445"
"KQ053299v1","14556629","14556833","GL873530","34716077","34716293","56","20159448"
"KQ053299v1","14559466","14559579","GL873692","1734045","1734155","21","12825421"
"KQ053299v1","14681013","14681154","GL873533","15869599","15869736","39","1188586"
"KQ053299v1","14690640","14690835","GL873628","7012543","7012724","59","7678097"
"KQ053299v1","14761209","14761525","GL873537","20806240","20806550","74","6045031"
"KQ053299v1","14933941","14934216","GL873652","2153321","2153594","64","12780620"
"KQ053299v1","15106557","15106871","GL873590","527367","527669","82","14579190"
"KQ053299v1","15116432","15116740","GL873720","1268124","1268434","62","13848308"
"KQ053299v1","15396820","15397101","GL873659","2671015","2671288","58","12725805"
"KQ053299v1","15434580","15434852","GL873527","26093160","26093446","67","10658580"
"KQ053299v1","15538387","15538678","GL873524","42149014","42149308","51","26610627"
"KQ053299v1","15548319","15548606","GL873562","7992633","7992915","79","7555686"
"KQ053299v1","15558618","15558900","GL873738","1646790","1647070","56","13911828"
"KQ053299v1","15571778","15572072","GL873771","1211046","1211325","75","14360732"
"KQ053299v1","15621389","15621636","GL873523","6187641","6187865","77","9433748"
"KQ053299v1","15641193","15641508","GL873748","238196","238496","81","15402997"
"KQ053299v1","15675803","15676113","GL873545","20254912","20255212","62","4579109"
"KQ053299v1","15699886","15700201","GL873571","2577537","2577837","74","13122349"
"KQ053299v1","15714876","15715145","GL873524","42731007","42731285","74","27016131"
"KQ053299v1","15723266","15723520","GL873520","5839385","5839641","75","9883881"
"KQ053299v1","15726424","15726679","GL873670","3294250","3294497","70","12432174"
"KQ053299v1","15743237","15743568","GL873527","26378870","26379185","90","10635633"
"KQ053299v1","15776277","15776540","GL873576","5900649","5900911","71","9875628"
"KQ053299v1","15777023","15777306","GL873543","2904962","2905248","59","12872061"
"KQ053299v1","15788006","15788133","GL873537","22409869","22410000","18","6621863"
"KQ053299v1","15808880","15809021","GL873623","1782183","1782320","29","14026697"
"KQ053299v1","15809047","15809319","GL873607","1421139","1421397","60","14387908"
"KQ053299v1","15829421","15829692","GL873716","398839","399110","57","15430582"
"KQ053299v1","15875375","15875666","GL873565","11304553","11304830","73","4570822"
"KQ053299v1","15879073","15879366","GL873545","12978830","12979129","58","2900243"
"KQ053299v1","15882875","15883174","GL873562","7208491","7208791","63","8674384"
"KQ053299v1","16028292","16028565","GL873738","1635488","1635766","57","14392804"
"KQ053299v1","16116542","16116717","GL873525","20368127","20368284","39","4251585"
"KQ053299v1","16120457","16120754","GL873671","1289718","1290012","71","14830739"
"KQ053299v1","16132612","16132890","GL873615","6211463","6211733","74","9921149"
"KQ053299v1","16170324","16170551","GL873532","4184844","4185061","53","11985480"
"KQ053299v1","16254436","16254685","GL873531","4298410","4298635","64","11956026"
"KQ053299v1","16292935","16293023","GL873537","19842596","19842677","21","3549661"
"KQ053299v1","16580547","16580839","GL873520","38236690","38236980","69","21656143"
"KQ053299v1","16604829","16605117","GL873585","1585663","1585945","66","15019166"
"KQ053299v1","16765730","16765906","GL873721","2049274","2049443","62","14716456"
"KQ053299v1","16766239","16766314","GL873521","4503890","4503952","21","12262349"
"KQ053299v1","16857851","16857975","GL873768","1020794","1020920","28","15837057"
"KQ053299v1","16916384","16916702","AAQR03199187","261","557","76","16916123"
"KQ053299v1","17042668","17042953","GL873576","2384533","2384819","65","14658135"
"KQ053299v1","17061653","17061834","GL873524","1211458","1211633","52","15850195"
"KQ053299v1","17269882","17270150","GL873573","8282675","8282954","64","8987207"
"KQ053299v1","17270196","17270223","GL873628","4177792","4177815","7","13092404"
"KQ053299v1","17405920","17406177","GL873615","6579807","6580062","77","10826113"
"KQ053299v1","17439048","17439263","GL873529","8596265","8596494","59","8842783"
"KQ053299v1","17509884","17510181","GL873531","27860265","27860563","64","10350381"
"KQ053299v1","17541336","17541621","GL873533","24376021","24376299","67","6834685"
"KQ053299v1","17621090","17621376","GL873561","13826809","13827093","66","3794281"
"KQ053299v1","17717433","17717721","GL873547","17646516","17646809","57","70917"
"KQ053299v1","17762722","17762903","GL873538","9695887","9696072","47","8066835"
"KQ053299v1","18188493","18188786","GL873545","10172794","10173088","69","8015699"
"KQ053299v1","18219513","18219818","GL873720","1268124","1268434","67","16951389"
"KQ053299v1","18260179","18260391","GL873664","4685492","4685693","66","13574687"
"KQ053299v1","18262662","18262956","GL873574","8855062","8855350","64","9407600"
"KQ053299v1","18266425","18266729","GL873533","16601473","16601777","74","1664952"
"KQ053299v1","18270531","18270814","GL873572","1472895","1473180","80","16797636"
"KQ053299v1","18370807","18371098","GL873586","3828887","3829179","72","14541920"
"KQ053299v1","18379832","18379930","GL873805","579757","579858","18","17800075"
"KQ053299v1","18388274","18388555","GL873543","13000816","13001093","58","5387458"
"KQ053299v1","18563398","18563546","GL873742","920550","920698","36","17642848"
"KQ053299v1","18563584","18563711","GL873536","28968213","28968337","27","10404629"
"KQ053299v1","18652453","18652750","GL873615","760422","760708","78","17892031"
"KQ053299v1","18723523","18723741","GL873524","45454578","45454799","57","26731055"
"KQ053299v1","18926863","18927137","GL873520","30303968","30304235","69","11377105"
"KQ053299v1","19093983","19094298","GL873521","1704779","1705073","78","17389204"
"KQ053299v1","19182897","19183193","GL873531","27860265","27860563","62","8677368"
"KQ053299v1","19260982","19261267","GL873537","20108472","20108765","68","847490"
"KQ053299v1","19388447","19388619","GL873547","3710552","3710726","46","15677895"
"KQ053299v1","19416483","19416676","GL873593","6119863","6120058","47","13296620"
"KQ053299v1","19420630","19420934","GL873577","10149931","10150226","70","9270699"
"KQ053299v1","19494791","19495079","GL873534","15140925","15141195","71","4353866"
"KQ053299v1","19641461","19641623","GL873611","6187332","6187489","39","13454129"
"KQ053299v1","19648346","19648617","GL873520","30528177","30528435","66","10879831"
"KQ053299v1","19753994","19754151","GL873571","4293538","4293698","39","15460456"
"KQ053299v1","19772470","19772764","GL873524","3372770","3373037","68","16399700"
"KQ053299v1","19791880","19792167","GL873522","40882669","40882954","71","21090789"
"KQ053299v1","19936203","19936519","GL873610","4431407","4431713","69","15504796"
"KQ053299v1","19973902","19974212","GL873591","6395821","6396131","70","13578081"
"KQ053299v1","19982253","19982553","GL873575","2687372","2687665","74","17294881"
"KQ053299v1","20009565","20009861","GL873520","16709587","16709864","74","3299978"
"KQ053299v1","20027133","20027420","GL873542","7302503","7302792","81","12724630"
"KQ053299v1","20045484","20045697","GL873526","40957560","40957777","60","20912076"
"KQ053299v1","20204696","20204978","GL873574","7319008","7319286","70","12885688"
"KQ053299v1","20215690","20215992","GL873592","9746345","9746628","88","10469345"
"KQ053299v1","20241628","20241924","GL873560","12030649","12030934","62","8210979"
"KQ053299v1","20267479","20267755","GL873611","4023344","4023633","67","16244135"
"KQ053299v1","20324691","20324983","GL873520","28900538","28900833","66","8575847"
"KQ053299v1","20513688","20513993","GL873531","19369345","19369649","60","1144343"
"KQ053299v1","20577342","20577638","GL873652","2745876","2746164","79","17831466"
"KQ053299v1","20583616","20583932","GL873613","3678671","3678983","80","16904945"
"KQ053299v1","20590290","20590578","GL873529","29023011","29023302","61","8432721"
"KQ053299v1","20598719","20598932","GL873659","1692343","1692545","53","18906376"
"KQ053299v1","20628743","20628867","GL873527","31482838","31482955","19","10854095"
"KQ053299v1","20646335","20646636","GL873765","69383","69680","78","20576952"
"KQ053299v1","20671950","20672070","GL873532","19916845","19916963","23","755105"
"KQ053299v1","20677470","20677766","GL873544","14457101","14457372","81","6220369"
"KQ053299v1","20698446","20698674","GL873840","201209","201440","66","20497237"
"KQ053299v1","20747431","20747691","GL873701","950220","950459","70","19797211"
"KQ053299v1","20753337","20753610","GL873570","9393261","9393537","66","11360076"
"KQ053299v1","20765313","20765611","GL873615","6674985","6675280","66","14090328"
"KQ053299v1","20775164","20775467","GL873604","2741111","2741401","72","18034053"
"KQ053299v1","20792032","20792328","GL873536","9397560","9397846","65","11394472"
"KQ053299v1","20823561","20823800","GL873632","6442574","6442826","53","14380987"
"KQ053299v1","20842658","20842808","GL873539","18965545","18965701","41","1877113"
"KQ053299v1","20843586","20843877","GL873643","3346796","3347084","67","17496790"
"KQ053299v1","20858518","20858812","GL873526","8284727","8285011","65","12573791"
"KQ053299v1","20925227","20925529","GL873544","17387088","17387379","83","3538139"
"KQ053299v1","20928987","20929288","GL873586","3828887","3829179","69","17100100"
"KQ053299v1","20976614","20976920","GL873598","8338964","8339257","70","12637650"
"KQ053299v1","20985160","20985434","GL873520","8214484","8214752","59","12770676"
"KQ053299v1","21017983","21018280","GL873624","1916988","1917283","74","19100995"
"KQ053299v1","21084209","21084521","GL873530","25617673","25617981","58","4533464"
"KQ053299v1","21213173","21213297","GL873560","13049237","13049359","23","8163936"
"KQ053299v1","21366027","21366318","GL873557","7267236","7267535","71","14098791"
"KQ053299v1","21466832","21467142","GL873531","19369345","19369649","69","2097487"
"KQ053299v1","21729221","21729528","GL873529","36224519","36224826","65","14495298"
"KQ053299v1","21783520","21783657","GL873635","1622072","1622211","25","20161448"
"KQ053299v1","21783991","21784193","GL873586","8236164","8236367","45","13547827"
"KQ053299v1","21821846","21822142","GL873570","5355623","5355914","63","16466223"
"KQ053299v1","21874276","21874561","GL873576","5410987","5411265","69","16463289"
"KQ053299v1","21886495","21886706","GL873566","10427340","10427546","47","11459155"
"KQ053299v1","21965460","21965754","GL873527","34757723","34758022","68","12792263"
"KQ053299v1","22048066","22048340","GL873533","23559803","23560077","62","1511737"
"KQ053299v1","22076205","22076355","GL873548","15426227","15426376","34","6649978"
"KQ053299v1","22078553","22078832","GL873550","16189253","16189537","67","5889300"
"KQ053299v1","22110477","22110747","GL873646","4037377","4037644","55","18073100"
"KQ053299v1","22141528","22141821","GL873593","2418777","2419057","63","19722751"
"KQ053299v1","22146821","22147125","GL873529","2855620","2855915","67","19291201"
"KQ053299v1","22148216","22148484","GL873520","42076381","42076641","61","19928165"
"KQ053299v1","22163800","22164113","GL873531","12974771","12975076","65","9189029"
"KQ053299v1","22188329","22188607","GL873547","14329017","14329292","57","7859312"
"KQ053299v1","22220910","22221186","GL873526","17110885","17111154","63","5110025"
"KQ053299v1","22308037","22308315","GL873659","873896","874172","67","21434141"
"KQ053299v1","22317487","22317788","GL873531","27860265","27860563","56","5542778"
"KQ053299v1","22327981","22328117","GL873663","2666032","2666163","21","19661949"
"KQ053299v1","22397181","22397483","GL873539","25527772","25528079","74","3130591"
"KQ053299v1","22398881","22399181","GL873539","898488","898789","64","21500393"
"KQ053299v1","22413927","22414207","GL873573","45612","45900","59","22368315"
"KQ053299v1","22415051","22415333","GL873544","12852108","12852394","67","9562943"
"KQ053299v1","22451993","22452124","GL873606","6062519","6062650","24","16389474"
"KQ053299v1","22480891","22481179","GL873535","12038298","12038580","59","10442593"
"KQ053299v1","22484322","22484619","GL873545","12978830","12979129","58","9505492"
"KQ053299v1","22485146","22485436","GL873524","42149014","42149308","52","19663868"
"KQ053299v1","22493433","22493737","GL873568","4562469","4562774","62","17930964"
"KQ053299v1","22568248","22568529","GL873538","3757160","3757448","65","18811088"
"KQ053299v1","22573599","22573895","GL873754","1677368","1677657","65","20896231"
"KQ053299v1","22581902","22582123","GL873526","40957560","40957777","54","18375658"
"KQ053299v1","22590991","22591140","GL873520","62223643","62223792","27","39632652"
"KQ053299v1","22603774","22604026","GL873557","13617861","13618112","58","8985913"
"KQ053299v1","22647972","22648171","GL873532","952414","952610","43","21695558"
"KQ053299v1","22715952","22716244","GL873548","13058432","13058712","72","9657520"
"KQ053299v1","22740689","22740819","GL873564","3411630","3411757","21","19329059"
"KQ053299v1","22781274","22781376","GL873554","13144861","13144963","15","9636413"
"KQ053299v1","22786832","22786933","GL873554","13144861","13144963","14","9641971"
"KQ053299v1","23015504","23015815","GL873622","4345703","4345997","74","18669801"
"KQ053299v1","23030157","23030475","GL873615","5162108","5162422","72","17868049"
"KQ053299v1","23094885","23095190","GL873542","8032564","8032870","67","15062321"
"KQ053299v1","23098682","23098968","GL873631","1209927","1210220","67","21888755"
"KQ053300v1","52910","53184","GL873611","607167","607439","73","554257"
"KQ053300v1","83314","83591","GL873579","11141374","11141638","76","11058060"
"KQ053300v1","84135","84419","GL873557","8943966","8944228","66","8859831"
"KQ053300v1","104137","104444","GL873720","1268124","1268434","67","1163987"
"KQ053300v1","141127","141424","GL873568","8033625","8033913","67","7892498"
"KQ053300v1","187821","188136","GL873720","1268124","1268434","82","1080303"
"KQ053300v1","190880","191088","GL873621","696020","696233","48","505140"
"KQ053300v1","194000","194311","GL873720","1268124","1268434","65","1074124"
"KQ053300v1","203168","203454","GL873593","480828","481113","72","277660"
"KQ053300v1","206347","206650","GL873529","23187389","23187683","60","22981042"
"KQ053300v1","210055","210366","GL873535","28542258","28542562","76","28332203"
"KQ053300v1","216924","217195","GL873611","6802065","6802336","70","6585141"
"KQ053300v1","218926","219154","GL873566","13161077","13161300","46","12942151"
"KQ053300v1","257036","257331","GL873562","13838121","13838389","83","13581085"
"KQ053300v1","262167","262420","GL873558","1495593","1495839","95","1233426"
"KQ053300v1","267400","267695","GL873562","13838121","13838389","83","13570721"
"KQ053300v1","272981","273192","GL873619","7355939","7356159","52","7082958"
"KQ053300v1","288295","288541","GL873593","2564907","2565154","78","2276612"
"KQ053300v1","298924","299157","GL873540","20244038","20244273","64","19945114"
"KQ053300v1","371212","371500","GL873532","12863813","12864092","78","12492601"
"KQ053300v1","403482","403765","GL873564","3475437","3475708","61","3071955"
"KQ053300v1","405472","405777","GL873592","7775568","7775869","72","7370096"
"KQ053300v1","413768","414069","GL873563","5489805","5490109","55","5076037"
"KQ053300v1","429892","430178","GL873590","803813","804097","56","373921"
"KQ053300v1","454910","455188","GL873526","17110885","17111154","87","16655975"
"KQ053300v1","460559","460821","GL873568","7124227","7124485","65","6663668"
"KQ053300v1","517424","517712","GL873522","26431469","26431747","57","25914045"
"KQ053300v1","518072","518372","GL873607","5741170","5741465","62","5223098"
"KQ053300v1","549686","550039","GL873532","12756529","12756867","115","12206843"
"KQ053300v1","553461","553766","GL873557","1812214","1812515","70","1258753"
"KQ053300v1","566368","566635","GL873646","3853383","3853624","92","3287015"
"KQ053300v1","584315","584608","GL873526","4353131","4353412","63","3768816"
"KQ053300v1","668143","668410","GL873729","175683","175945","55","492460"
"KQ053300v1","699204","699491","GL873573","944182","944464","51","244978"
"KQ053300v1","899024","899299","GL873561","13826809","13827093","68","12927785"
"KQ053300v1","944760","944777","GL873558","9911706","9911723","4","8966946"
"KQ053300v1","944949","945123","GL873536","13158560","13158734","50","12213611"
"KQ053300v1","1024070","1024320","AAQR03196068","622","852","66","1023448"
"KQ053300v1","1109859","1110164","GL873530","16695374","16695671","69","15585515"
"KQ053300v1","1226995","1227241","GL873540","17573847","17574090","65","16346852"
"KQ053300v1","1243632","1243715","GL873611","7744678","7744759","15","6501046"
"KQ053300v1","1386824","1387125","GL873570","3597582","3597879","68","2210758"
"KQ053300v1","1465326","1465638","GL873620","6795585","6795887","71","5330259"
"KQ053300v1","1492129","1492415","GL873663","2383516","2383802","70","891387"
"KQ053300v1","1596219","1596530","GL873615","5162108","5162422","69","3565889"
"KQ053300v1","1621487","1621778","GL873737","479975","480254","64","1141512"
"KQ053300v1","1625168","1625385","GL873540","24632396","24632614","60","23007228"
"KQ053300v1","1730892","1731207","GL873586","6643146","6643447","74","4912254"
"KQ053300v1","1740482","1740802","GL873570","208301","208614","81","1532181"
"KQ053300v1","1745749","1746057","GL873530","17375868","17376165","60","15630119"
"KQ053300v1","1831485","1831789","GL873538","25891631","25891921","71","24060146"
"KQ053300v1","1916504","1916833","GL873646","2478007","2478313","86","561503"
"KQ053300v1","1926271","1926577","GL873527","16558692","16558981","70","14632421"
"KQ053300v1","1958510","1958801","GL873544","12852108","12852394","52","10893598"
"KQ053300v1","2049589","2049863","GL873627","7185483","7185750","63","5135894"
"KQ053300v1","2094460","2094755","GL873618","1121386","1121685","64","973074"
"KQ053300v1","2133798","2134079","GL873526","4353131","4353412","63","2219333"
"KQ053300v1","2174497","2174759","GL873584","4608818","4609079","52","2434321"
"KQ053300v1","2196924","2197208","GL873524","42149014","42149308","58","39952090"
"KQ053300v1","2228911","2229187","GL873530","21080150","21080423","76","18851239"
"KQ053300v1","2234477","2234757","GL873621","1448935","1449205","71","785542"
"KQ053300v1","2253504","2253624","GL873550","2687150","2687266","29","433646"
"KQ053300v1","2270088","2270376","GL873538","3757160","3757448","57","1487072"
"KQ053300v1","2296496","2296793","GL873627","6201646","6201939","69","3905150"
"KQ053300v1","2309788","2310074","GL873614","7152477","7152772","70","4842689"
"KQ053300v1","2316902","2317170","GL873660","1384330","1384596","59","932572"
"KQ053300v1","2319555","2319844","GL873738","1635488","1635766","63","684067"
"KQ053300v1","2351673","2352012","GL873541","18220450","18220758","82","15868777"
"KQ053300v1","2359489","2359794","GL873546","4478339","4478641","62","2118850"
"KQ053300v1","2410056","2410356","GL873521","4386226","4386521","75","1976170"
"KQ053300v1","2413047","2413331","GL873754","1677368","1677657","72","735679"
"KQ053300v1","2415303","2415587","GL873577","10149931","10150226","73","7734628"
"KQ053300v1","2436787","2437029","GL873571","3628765","3629017","76","1191978"
"KQ053300v1","2451079","2451375","GL873528","37402783","37403082","64","34951704"
"KQ053300v1","2691095","2691272","GL873524","25563390","25563560","52","22872295"
"KQ053300v1","2699225","2699508","GL873537","20108472","20108765","57","17409247"
"KQ053300v1","2700300","2700541","GL873568","9162163","9162390","61","6461863"
"KQ053300v1","2701405","2701698","GL873557","7267236","7267535","64","4565831"
"KQ053300v1","2703319","2703556","GL873731","551317","551553","60","2152002"
"KQ053300v1","2714572","2714840","GL873523","43596705","43596965","56","40882133"
"KQ053300v1","2728128","2728448","GL873533","30349864","30350174","80","27621736"
"KQ053300v1","2730435","2730737","GL873541","21712899","21713198","72","18982464"
"KQ053300v1","2741858","2742160","GL873607","60628","60921","86","2681230"
"KQ053300v1","2755423","2755529","GL873770","771624","771730","36","1983799"
"KQ053300v1","2755693","2755903","GL873549","8221995","8222198","52","5466302"
"KQ053300v1","2762244","2762415","GL873646","451861","452033","41","2310383"
"KQ053300v1","2768253","2768509","GL873679","2648388","2648640","77","119865"
"KQ053300v1","2780644","2780867","GL873621","5663472","5663677","60","2882828"
"KQ053300v1","2785566","2785809","GL873613","1380796","1381049","64","1404770"
"KQ053300v1","2788295","2788420","GL873599","275933","276044","36","2512362"
"KQ053300v1","2811537","2811836","GL873524","42149014","42149308","65","39337477"
"KQ053300v1","2826664","2826946","GL873574","2713431","2713702","84","113233"
"KQ053300v1","2828652","2828756","GL873590","743308","743414","13","2085344"
"KQ053300v1","2834558","2834821","GL873534","1599256","1599518","54","1235302"
"KQ053300v1","2845617","2845932","GL873546","13542628","13542944","71","10697011"
"KQ053300v1","2872666","2872955","GL873545","17052684","17052979","60","14180018"
"KQ053300v1","2900132","2900431","GL873720","1268124","1268434","70","1632008"
"KQ053300v1","2902415","2902720","GL873569","4202581","4202877","65","1300166"
"KQ053300v1","2904048","2904308","GL873588","5101864","5102113","63","2197816"
"KQ053300v1","2907482","2907766","GL873535","12895296","12895569","59","9987814"
"KQ053300v1","2918823","2919086","GL873523","28012159","28012442","73","25093336"
"KQ053300v1","2965425","2965703","GL873520","39494376","39494655","58","36528951"
"KQ053300v1","2971159","2971454","GL873608","4218070","4218374","71","1246911"
"KQ053300v1","2973482","2973763","GL873730","1659341","1659618","64","1314141"
"KQ053300v1","2987517","2987784","GL873543","19669596","19669867","63","16682079"
"KQ053300v1","3009864","3010151","GL873624","2308457","2308738","63","701407"
"KQ053300v1","3014855","3014920","GL873526","33693836","33693900","19","30678981"
"KQ053300v1","3015246","3015465","GL873740","1487607","1487825","63","1527639"
"KQ053300v1","3044139","3044415","GL873548","13679256","13679534","64","10635117"
"KQ053300v1","3090058","3090362","GL873610","4431407","4431713","61","1341349"
"KQ053300v1","3120661","3120876","GL873540","17231565","17231783","47","14110904"
"KQ053300v1","3149646","3149767","GL873541","2149255","2149377","23","1000391"
"KQ053300v1","3150462","3150765","GL873566","9008836","9009136","77","5858374"
"KQ053300v1","3158474","3158761","GL873821","344798","345085","63","2813676"
"KQ053300v1","3167020","3167279","GL873521","7003053","7003322","66","3836033"
"KQ053300v1","3183080","3183254","GL873742","616637","616810","40","2566443"
"KQ053300v1","3183781","3183888","GL873663","2901281","2901383","27","282500"
"KQ053300v1","3235152","3235441","GL873577","10149931","10150226","65","6914779"
"KQ053300v1","3247462","3247765","GL873560","12951592","12951892","59","9704130"
"KQ053300v1","3253362","3253674","GL873542","8032564","8032870","66","4779202"
"KQ053300v1","3266204","3266500","GL873547","17485346","17485626","65","14219142"
"KQ053300v1","3267022","3267329","GL873731","181058","181352","67","3085964"
"KQ053300v1","3287918","3288192","GL873737","479975","480254","74","2807943"
"KQ053300v1","3314942","3315246","GL873720","1268124","1268434","56","2046818"
"KQ053300v1","3342776","3343087","GL873570","208301","208614","73","3134475"
"KQ053300v1","3348170","3348391","GL873526","40957560","40957777","55","37609390"
"KQ053300v1","3367746","3368063","GL873545","20390330","20390642","66","17022584"
"KQ053300v1","3372582","3372900","GL873663","4135704","4136012","63","763122"
"KQ053300v1","3378671","3378947","GL873701","2549995","2550263","64","828676"
"KQ053300v1","3438927","3439225","GL873607","310210","310498","66","3128717"
"KQ053300v1","3439480","3439790","GL873544","13109134","13109442","68","9669654"
"KQ053300v1","3496415","3496710","GL873776","729358","729643","59","2767057"
"KQ053300v1","3534800","3535022","GL873522","21258404","21258617","51","17723604"
"KQ053300v1","3539040","3539365","GL873551","10987258","10987553","93","7448218"
"KQ053300v1","3576418","3576709","GL873531","25381659","25381942","62","21805241"
"KQ053307v1","25665","25984","GL873615","5162108","5162422","78","5136443"
"KQ053308v1","112","313","GL873541","21910529","21910727","61","21910417"
"KQ053308v1","2115","2228","GL873566","11179977","11180090","26","11177862"
"KQ053309v1","9177","9459","GL873540","4711812","4712090","58","4702635"
"KQ053310v1","23242","23373","GL873596","5180890","5181022","34","5157648"
"KQ053310v1","70683","71005","GL873700","2460957","2461270","73","2390274"
"KQ053310v1","71431","71719","GL873544","17387088","17387379","58","17315657"
"KQ053310v1","148819","149110","GL873586","3828887","3829179","64","3680068"
"KQ053310v1","149690","149972","GL873538","3757160","3757448","60","3607470"
"KQ053310v1","195169","195484","GL873685","3187667","3187972","78","2992498"
"KQ053310v1","201766","201931","GL873528","1120859","1121019","35","919093"
"KQ053310v1","201966","202082","GL873539","7997784","7997900","22","7795818"
"KQ053310v1","231816","232094","GL873536","27318293","27318570","58","27086477"
"KQ053310v1","233955","234244","GL873538","3757160","3757448","60","3523205"
"KQ053310v1","238389","238678","GL873538","3757160","3757448","61","3518771"
"KQ053310v1","270364","270641","GL873638","6356734","6357014","64","6086370"
"KQ053310v1","274580","274795","GL873532","4184844","4185061","54","3910264"
"KQ053310v1","307837","308118","GL873529","23083772","23084054","53","22775935"
"KQ053310v1","309984","310269","GL873524","4192496","4192780","71","3882512"
"KQ053310v1","326984","327268","GL873571","4374924","4375218","64","4047940"
"KQ053310v1","356121","356419","GL873586","3828887","3829179","61","3472766"
"KQ053310v1","605711","605895","GL873533","31366368","31366531","53","30760657"
"KQ053310v1","670044","670324","GL873525","35143537","35143806","61","34473493"
"KQ053310v1","706921","707218","GL873678","1534707","1534988","71","827786"
"KQ053310v1","749549","749672","GL873548","6651882","6652005","20","5902333"
"KQ053310v1","846031","846309","GL873611","7163651","7163915","74","6317620"
"KQ053310v1","896754","896927","GL873533","19480975","19481142","45","18584221"
"KQ053310v1","970539","970810","GL873574","1715903","1716168","63","745364"
"KQ053310v1","1051046","1051297","GL873678","628908","629161","53","422138"
"KQ053310v1","1092780","1093038","GL873524","41444510","41444771","59","40351730"
"KQ053310v1","1145784","1146070","GL873737","1691288","1691582","57","545504"
"KQ053310v1","1228223","1228495","GL873697","1353514","1353797","68","125291"
"KQ053310v1","1253802","1254099","GL873563","5489805","5490109","60","4236003"
"KQ053310v1","1258762","1259048","GL873660","743632","743918","56","515130"
"KQ053310v1","1261561","1261838","GL873530","27114472","27114746","60","25852911"
"KQ053310v1","1263929","1264211","GL873557","13615508","13615790","57","12351579"
"KQ053310v1","1440573","1440850","GL873671","3124715","3124996","71","1684142"
"KQ053310v1","1466023","1466325","GL873563","5489805","5490109","61","4023782"
"KQ053310v1","1491156","1491469","GL873724","2082729","2083029","69","591573"
"KQ053310v1","1654261","1654545","GL873520","16709587","16709864","69","15055326"
"KQ053310v1","1709505","1709810","GL873615","5162108","5162422","69","3452603"
"KQ053310v1","1751688","1751973","GL873531","2619315","2619592","69","867627"
"KQ053310v1","1813164","1813482","GL873608","4218070","4218374","74","2404906"
"KQ053310v1","1816846","1817105","GL873550","3545538","3545776","82","1728692"
"KQ053310v1","1822297","1822440","GL873628","1723653","1723782","42","98644"
"KQ053310v1","1826547","1826834","GL873576","206156","206441","63","1620391"
"KQ053310v1","1839263","1839540","GL873635","2412808","2413100","71","573545"
"KQ053310v1","1865826","1866112","GL873520","16709587","16709864","69","14843761"
"KQ053310v1","1875761","1876051","GL873740","1667749","1668046","68","208012"
"KQ053310v1","1881779","1882070","GL873544","14048568","14048856","62","12166789"
"KQ053310v1","1886704","1887005","GL873531","12974771","12975076","71","11088067"
"KQ053310v1","1900124","1900392","GL873571","6475063","6475319","58","4574939"
"KQ053310v1","1901176","1901319","GL873543","13242093","13242230","29","11340917"
"KQ053310v1","1901652","1901817","GL873525","36150481","36150644","47","34248829"
"KQ053310v1","1909013","1909180","GL873530","16082476","16082634","32","14173463"
"KQ053310v1","1920962","1921238","GL873693","3290790","3291068","73","1369828"
"KQ053310v1","1928575","1928851","GL873525","35143537","35143806","64","33214962"
"KQ053310v1","1930274","1930597","GL873539","15181324","15181640","97","13251050"
"KQ053310v1","1974962","1975251","GL873537","12959422","12959706","57","10984460"
"KQ053310v1","1993117","1993249","GL873520","24084579","24084710","22","22091462"
"KQ053310v1","2000524","2000741","GL873557","5125101","5125304","51","3124577"
"KQ053310v1","2008744","2008891","GL873520","51501474","51501612","33","49492730"
"KQ053310v1","2009215","2009398","GL873628","7012543","7012724","40","5003328"
"KQ053310v1","2038202","2038498","GL873545","17052684","17052979","67","15014482"
"KQ053310v1","2073850","2074087","GL873611","4994670","4994910","55","2920820"
"KQ053310v1","2082588","2082883","GL873537","20108472","20108765","54","18025884"
"KQ053310v1","2109014","2109307","GL873568","5537783","5538076","67","3428769"
"KQ053310v1","2109313","2109571","GL873532","10198610","10198878","67","8089297"
"KQ053310v1","2119052","2119220","GL873648","2397548","2397712","37","278496"
"KQ053310v1","2119221","2119274","GL873522","34358698","34358756","13","32239477"
"KQ053310v1","2133136","2133426","GL873529","9421454","9421749","58","7288318"
"KQ053310v1","2133687","2133980","GL873550","7755620","7755922","59","5621933"
"KQ053310v1","2134124","2134434","GL873530","17375868","17376165","79","15241744"
"KQ053310v1","2148253","2148537","GL873533","24205249","24205546","64","22056996"
"KQ053310v1","2168451","2168671","GL873523","9620322","9620538","60","7451871"
"KQ053310v1","2170043","2170290","GL873668","1518449","1518701","52","651594"
"KQ053310v1","2180748","2180898","GL873586","1353695","1353851","41","827053"
"KQ053310v1","2182735","2182979","GL873540","20654782","20655010","67","18472047"
"KQ053310v1","2198028","2198134","GL873574","6856331","6856438","21","4658303"
"KQ053310v1","2204824","2205074","GL873738","510606","510866","72","1694218"
"KQ053310v1","2208187","2208423","GL873540","20654782","20655010","72","18446595"
"KQ053310v1","2209146","2209443","GL873557","15201996","15202294","65","12992850"
"KQ053310v1","2218862","2219094","GL873542","5794397","5794623","70","3575535"
"KQ053310v1","2219658","2219901","GL873540","20654782","20655010","67","18435124"
"KQ053310v1","2222749","2222988","GL873540","20654782","20655010","67","18432033"
"KQ053310v1","2223758","2223940","GL873550","151882","152047","65","2071876"
"KQ053310v1","2227021","2227213","GL873574","4057426","4057613","49","1830405"
"KQ053310v1","2232357","2232542","GL873521","8923587","8923754","62","6691230"
"KQ053310v1","2238100","2238375","GL873611","6802065","6802336","73","4563965"
"KQ053310v1","2238840","2239079","GL873572","9182021","9182254","67","6943181"
"KQ053310v1","2244482","2244670","GL873521","8923587","8923754","64","6679105"
"KQ053310v1","2258909","2259229","GL873562","927223","927518","86","1331686"
"KQ053310v1","2265985","2266214","GL873534","29797157","29797371","67","27531172"
"KQ053310v1","2270701","2271011","GL873526","17279675","17279985","83","15008974"
"KQ053310v1","2303866","2304124","GL873564","8065054","8065308","64","5761188"
"KQ053310v1","2315140","2315425","GL873544","12852108","12852394","52","10536968"
"KQ053310v1","2323544","2323842","GL873565","12300518","12300811","64","9976974"
"KQ053310v1","2323846","2323929","GL873614","2445560","2445632","27","121714"
"KQ053310v1","2374304","2374601","GL873532","28085187","28085462","79","25710883"
"KQ053310v1","2394727","2395044","GL873546","13542628","13542944","96","11147901"
"KQ053310v1","2515530","2515614","GL873531","16275379","16275462","9","13759849"
"KQ053310v1","2516383","2516467","GL873531","16275379","16275462","9","13758996"
"KQ053310v1","2526480","2526804","GL873546","13542628","13542944","71","11016148"
"KQ053310v1","2568744","2569012","GL873526","8965429","8965699","70","6396685"
"KQ053310v1","2569419","2569709","GL873600","6105074","6105355","76","3535655"
"KQ053310v1","2588570","2588831","GL873522","42984918","42985184","68","40396348"
"KQ053310v1","2591409","2591628","GL873527","37887494","37887703","59","35296085"
"KQ053310v1","2594070","2594352","GL873712","2274991","2275275","54","319079"
"KQ053310v1","2596783","2597027","GL873538","11416277","11416524","49","8819494"
"KQ053310v1","2601604","2601864","GL873624","796054","796296","66","1805550"
"KQ053310v1","2615769","2616068","GL873748","238196","238496","57","2377573"
"KQ053310v1","2652474","2652770","GL873618","1121386","1121685","61","1531088"
"KQ053310v1","2653655","2653934","GL873542","9612407","9612676","65","6958752"
"KQ053310v1","2660007","2660276","GL873528","7752328","7752605","72","5092321"
"KQ053310v1","2702297","2702584","GL873676","1881961","1882246","60","820336"
"KQ053310v1","2704151","2704421","GL873531","31114030","31114308","63","28409879"
"KQ053310v1","2706084","2706384","GL873677","3216100","3216400","69","510016"
"KQ053310v1","2733349","2733648","GL873577","10149931","10150226","60","7416582"
"KQ053310v1","2736491","2736806","GL873520","59554001","59554306","68","56817510"
"KQ053310v1","2751322","2751593","GL873534","15140925","15141195","67","12389603"
"KQ053310v1","2760171","2760483","GL873834","341182","341479","80","2418989"
"KQ053310v1","2772008","2772297","GL873520","60883623","60883917","65","58111615"
"KQ053310v1","2836447","2836717","GL873632","6747946","6748230","76","3911499"
"KQ053310v1","2836804","2836924","GL873520","16925416","16925538","23","14088612"
"KQ053310v1","2848406","2848704","GL873687","2386078","2386371","75","462328"
"KQ053310v1","2857976","2858217","GL873522","44466864","44467097","74","41608888"
"KQ053310v1","2858587","2858871","GL873532","28890534","28890816","70","26031947"
"KQ053310v1","2862464","2862760","GL873524","42149014","42149308","62","39286550"
"KQ053310v1","2862808","2862988","GL873574","9355705","9355879","45","6492897"
"KQ053310v1","2878772","2879065","GL873596","3562116","3562414","64","683344"
"KQ053310v1","2894795","2894949","GL873523","6098975","6099125","31","3204180"
"KQ053310v1","2941805","2941939","GL873628","1876330","1876452","28","1065475"
"KQ053310v1","3112468","3112773","GL873720","1268124","1268434","67","1844344"
"KQ053310v1","3153654","3153966","GL873613","7768900","7769194","104","4615246"
"KQ053310v1","3160975","3161286","GL873545","13698150","13698456","64","10537175"
"KQ053310v1","3162604","3162891","GL873562","11382494","11382780","63","8219890"
"KQ053310v1","3179947","3180064","GL873624","2483426","2483542","21","696521"
"KQ053310v1","3180992","3181297","GL873591","6395821","6396131","69","3214829"
"KQ053310v1","3215770","3215846","GL873521","41020415","41020494","15","37804645"
"KQ053310v1","3220421","3220718","GL873558","1978239","1978534","67","1242182"
"KQ053316v1","8876","9154","GL873528","8566792","8567070","72","8557916"
"KQ053317v1","169853","170149","GL873539","2100331","2100621","67","1930478"
"KQ053317v1","172300","172603","GL873525","27816917","27817223","72","27644617"
"KQ053318v1","54505","54809","GL873720","1268124","1268434","55","1213619"
"KQ053318v1","112918","113217","GL873646","5530496","5530792","73","5417578"
"KQ053321v1","59525","59606","GL873611","7744678","7744759","15","7685153"
"KQ053321v1","260281","260545","GL873530","21080150","21080423","64","20819869"
"KQ053321v1","287609","287912","GL873530","17375868","17376165","58","17088259"
"KQ053321v1","287926","288221","GL873660","743632","743918","68","455706"
"KQ053321v1","323625","323917","GL873614","1996310","1996595","65","1672685"
"KQ053321v1","376517","376712","GL873629","1618336","1618538","57","1241819"
"KQ053321v1","377372","377486","GL873571","5257631","5257743","27","4880259"
"KQ053321v1","391145","391431","GL873639","3932137","3932423","71","3540992"
"KQ053321v1","438615","438922","GL873545","13698150","13698456","72","13259535"
"KQ053321v1","476152","476458","GL873720","1268124","1268434","68","791972"
"KQ053321v1","496248","496482","GL873540","20654782","20655010","58","20158534"
"KQ053321v1","622788","623084","GL873521","14599825","14600115","59","13977037"
"KQ053321v1","671157","671464","GL873557","13215871","13216171","71","12544714"
"KQ053321v1","824734","825036","GL873609","7137543","7137854","72","6312809"
"KQ053321v1","1013773","1014032","GL873536","15339065","15339320","75","14325292"
"KQ053321v1","1168637","1168858","GL873620","3175975","3176189","52","2007338"
"KQ053321v1","1170750","1171021","GL873602","7032948","7033214","57","5862198"
"KQ053321v1","1252227","1252506","GL873530","9482311","9482579","80","8230084"
"KQ053321v1","1682479","1682559","GL873602","7893985","7894053","29","6211506"
"KQ053321v1","1688636","1688761","GL873568","6067318","6067441","21","4378682"
"KQ053321v1","1706824","1706949","GL873548","8652328","8652448","32","6945504"
"KQ053321v1","1743323","1743620","GL873545","7045380","7045683","93","5302057"
"KQ053321v1","1751605","1751860","GL873601","7074690","7074961","68","5323085"
"KQ053321v1","1776528","1776790","GL873546","14125860","14126116","73","12349332"
"KQ053321v1","1785771","1786103","GL873557","3159396","3159707","82","1373625"
"KQ053321v1","1844128","1844429","GL873524","5176292","5176597","76","3332164"
"KQ053321v1","1847660","1847894","GL873561","10768033","10768264","60","8920373"
"KQ053321v1","1870304","1870384","GL873601","3726384","3726464","17","1856080"
"KQ053321v1","1870430","1870738","GL873548","17482771","17483070","82","15612341"
"KQ053321v1","1875608","1875929","GL873530","28263781","28264089","74","26388173"
"KQ053321v1","1888487","1888771","GL873536","5827890","5828172","69","3939403"
"KQ053321v1","1898269","1898543","GL873550","16189253","16189537","72","14290984"
"KQ053321v1","2044855","2045163","GL873540","11122200","11122500","65","9077345"
"KQ053321v1","2075791","2076086","GL873546","12679748","12680030","87","10603957"
"KQ053321v1","2225611","2225711","GL873635","6028249","6028345","24","3802638"
"KQ053321v1","2446877","2447001","GL873601","6334962","6335086","23","3888085"
"KQ053322v1","19152","19440","GL873626","2057357","2057644","83","2038205"
"KQ053324v1","243","546","GL873561","9330005","9330309","57","9329762"
"KQ053324v1","4416","4672","GL873569","7318259","7318510","74","7313843"
"KQ053324v1","9177","9433","GL873569","7318259","7318510","74","7309082"
"KQ053324v1","13017","13212","GL873533","12706488","12706681","63","12693471"
"KQ053324v1","14699","14979","GL873677","4203427","4203715","70","4188728"
"KQ053327v1","94324","94585","GL873534","6153965","6154218","57","6059641"
"KQ053327v1","162785","162909","GL873522","26184552","26184676","23","26021767"
"KQ053330v1","9560","9857","GL873531","30753097","30753396","76","30743537"
"KQ053331v1","25067","25350","GL873605","693363","693649","72","668296"
"KQ053331v1","34316","34461","GL873605","2287268","2287412","33","2252952"
"KQ053331v1","40669","40937","GL873660","1576760","1577030","66","1536091"
"KQ053331v1","45002","45286","GL873575","5397185","5397466","63","5352183"
"KQ053331v1","86612","86891","GL873544","12852108","12852394","59","12765496"
"KQ053331v1","103766","103811","GL873554","14286756","14286800","10","14182990"
"KQ053331v1","291019","291320","GL873520","38124828","38125119","71","37833809"
"KQ053331v1","303807","304110","GL873526","20255818","20256125","60","19952011"
"KQ053331v1","385839","386089","GL873611","4994670","4994910","61","4608831"
"KQ053331v1","523353","523552","GL873762","916016","916207","56","392663"
"KQ053332v1","53743","54039","GL873525","27441908","27442188","63","27388165"
"KQ053332v1","75459","75724","GL873526","25295506","25295789","70","25220047"
"KQ053332v1","78809","79091","GL873571","7668183","7668469","55","7589374"
"KQ053332v1","82088","82331","GL873714","2722717","2722953","56","2640629"
"KQ053332v1","98750","99059","GL873531","27860265","27860563","71","27761515"
"KQ053332v1","104127","104480","GL873577","7611226","7611549","102","7507099"
"KQ053332v1","118482","118786","GL873530","28263781","28264089","68","28145299"
"KQ053332v1","176702","177003","GL873522","4222168","4222461","71","4045466"
"KQ053332v1","245958","246259","GL873521","50172684","50172982","65","49926726"
"KQ053332v1","291241","291546","GL873720","1268124","1268434","64","976883"
"KQ053332v1","301332","301539","GL873585","680235","680441","49","378903"
"KQ053332v1","376022","376094","GL873525","18286740","18286820","18","17910718"
"KQ053332v1","384431","384741","GL873667","3712894","3713183","79","3328463"
"KQ053332v1","466216","466492","GL873548","13679256","13679534","67","13213040"
"KQ053332v1","467741","467823","GL873583","8083267","8083350","14","7615526"
"KQ053332v1","494370","494534","GL873656","398822","398969","55","95548"
"KQ053332v1","498529","498796","GL873539","15733833","15734119","65","15235304"
"KQ053332v1","510436","510725","GL873544","12852108","12852394","54","12341672"
"KQ053332v1","531963","532257","GL873596","3562116","3562414","70","3030153"
"KQ053332v1","544467","544779","GL873638","5991810","5992119","69","5447343"
"KQ053332v1","557931","558241","GL873563","5489805","5490109","68","4931874"
"KQ053332v1","575383","575666","GL873549","15132343","15132615","81","14556960"
"KQ053332v1","591118","591288","GL873632","2623410","2623572","41","2032292"
"KQ053332v1","598116","598427","GL873720","1268124","1268434","59","670008"
"KQ053332v1","616954","617202","GL873638","2212836","2213102","60","1595882"
"KQ053332v1","637717","638009","GL873593","480828","481113","67","156889"
"KQ053332v1","666275","666544","GL873754","1757683","1757947","58","1091408"
"KQ053332v1","690893","691015","GL873541","2149255","2149377","16","1458362"
"KQ053332v1","721534","721816","GL873538","1998739","1999037","73","1277205"
"KQ053332v1","731616","731921","GL873523","9518986","9519282","67","8787370"
"KQ053332v1","735515","735812","GL873530","35531487","35531783","49","34795972"
"KQ053332v1","757285","757576","GL873528","4452981","4453269","58","3695696"
"KQ053332v1","805947","806243","GL873611","1368574","1368876","69","562627"
"KQ053332v1","820507","820631","GL873834","415652","415774","20","404855"
"KQ053332v1","833413","833700","GL873544","14048568","14048856","65","13215155"
"KQ053332v1","833755","834065","GL873530","25555061","25555354","74","24721306"
"KQ053332v1","836358","836636","GL873609","7675469","7675734","79","6839111"
"KQ053332v1","840227","840344","GL873531","5068193","5068311","21","4227966"
"KQ053332v1","841137","841254","GL873531","5068193","5068311","21","4227056"
"KQ053332v1","843227","843526","GL873657","3029272","3029566","69","2186045"
"KQ053332v1","864185","864300","GL873620","2083406","2083523","20","1219221"
"KQ053332v1","866514","866809","GL873575","2687372","2687665","57","1820858"
"KQ053332v1","878439","878740","GL873523","32494078","32494381","71","31615639"
"KQ053332v1","905623","905924","GL873760","812865","813169","58","92758"
"KQ053332v1","907643","907937","GL873538","15635099","15635394","66","14727456"
"KQ053332v1","907943","908244","GL873545","13698150","13698456","65","12790207"
"KQ053332v1","919554","919665","GL873529","9591080","9591192","28","8671526"
"KQ053332v1","936407","936712","GL873561","9330005","9330309","70","8393598"
"KQ053332v1","937606","937748","GL873562","10788253","10788381","42","9850647"
"KQ053332v1","958518","958724","GL873565","12910299","12910511","55","11951781"
"KQ053332v1","980799","981073","GL873544","12495377","12495652","58","11514578"
"KQ053332v1","1007643","1007903","GL873660","1384330","1384596","61","376687"
"KQ053332v1","1023287","1023579","GL873577","10149931","10150226","64","9126644"
"KQ053332v1","1055860","1056138","GL873588","6959521","6959811","66","5903661"
"KQ053332v1","1056182","1056253","GL873523","5367196","5367271","16","4311014"
"KQ053332v1","1067442","1067740","GL873537","20108472","20108765","55","19041030"
"KQ053332v1","1073186","1073525","GL873538","6642097","6642409","104","5568911"
"KQ053332v1","1090216","1090503","GL873537","21956184","21956471","66","20865968"
"KQ053332v1","1098749","1099038","GL873634","5735486","5735759","69","4636737"
"KQ053332v1","1114554","1114784","GL873540","16410163","16410408","80","15295609"
"KQ053332v1","1118765","1119020","GL873584","1065195","1065450","69","53570"
"KQ053332v1","1137336","1137515","GL873671","3363420","3363583","48","2226084"
"KQ053332v1","1152206","1152511","GL873531","27860265","27860563","60","26708059"
"KQ053332v1","1154145","1154344","GL873629","1618336","1618538","60","464191"
"KQ053332v1","1154472","1154769","GL873529","23187389","23187683","67","22032917"
"KQ053332v1","1162432","1162711","GL873646","5477698","5477987","73","4315266"
"KQ053332v1","1199081","1199387","GL873525","27816917","27817223","64","26617836"
"KQ053332v1","1208801","1209080","GL873571","11119451","11119729","57","9910650"
"KQ053332v1","1229019","1229270","GL873523","22517523","22517774","56","21288504"
"KQ053332v1","1233544","1233779","GL873551","4428507","4428742","53","3194963"
"KQ053332v1","1234615","1234919","GL873542","6710824","6711097","83","5476209"
"KQ053332v1","1247341","1247626","GL873558","11494607","11494890","61","10247266"
"KQ053332v1","1250549","1250848","GL873577","10149931","10150226","79","8899382"
"KQ053332v1","1262344","1262651","GL873661","1884549","1884860","70","622205"
"KQ053332v1","1263242","1263324","GL873549","1749117","1749199","12","485875"
"KQ053332v1","1270165","1270462","GL873557","6384529","6384821","77","5114364"
"KQ053332v1","1284064","1284369","GL873522","35491341","35491641","63","34207277"
"KQ053332v1","1287331","1287651","GL873544","18314188","18314488","88","17026857"
"KQ053332v1","1301029","1301304","GL873618","4254582","4254848","84","2953553"
"KQ053332v1","1304605","1304898","GL873521","24079056","24079354","57","22774451"
"KQ053332v1","1309766","1310047","GL873527","5308247","5308531","66","3998481"
"KQ053332v1","1313703","1313964","GL873541","15530849","15531116","89","14217146"
"KQ053332v1","1318194","1318377","GL873574","4745346","4745525","49","3427152"
"KQ053332v1","1318445","1318727","GL873521","32905150","32905428","63","31586705"
"KQ053332v1","1325567","1325842","GL873551","11174434","11174713","61","9848867"
"KQ053332v1","1331043","1331307","GL873525","35143537","35143806","69","33812494"
"KQ053332v1","1335596","1335688","GL873556","107408","107487","36","1228188"
"KQ053332v1","1336011","1336131","GL873560","13049237","13049359","25","11713226"
"KQ053332v1","1342812","1343038","GL873550","15557400","15557619","57","14214588"
"KQ053332v1","1349413","1349729","GL873609","7137543","7137854","68","5788130"
"KQ053332v1","1350355","1350632","GL873530","36215172","36215453","74","34864817"
"KQ053332v1","1359796","1360077","GL873547","14329017","14329292","68","12969221"
"KQ053332v1","1363380","1363672","GL873713","1047763","1048057","67","315617"
"KQ053332v1","1369034","1369343","GL873701","1733044","1733352","76","364010"
"KQ053332v1","1398454","1398757","GL873610","4431407","4431713","69","3032953"
"KQ053332v1","1404979","1405259","GL873546","12679748","12680030","66","11274769"
"KQ053332v1","1424682","1424965","GL873543","2904962","2905248","60","1480280"
"KQ053332v1","1425385","1425673","GL873540","19013371","19013667","67","17587986"
"KQ053332v1","1426320","1426609","GL873544","12852108","12852394","81","11425788"
"KQ053332v1","1437711","1438011","GL873520","48675796","48676094","69","47238085"
"KQ053332v1","1445837","1446037","GL873703","467070","467261","50","978767"
"KQ053332v1","1449833","1450129","GL873663","563138","563434","73","886695"
"KQ053332v1","1457050","1457360","GL873571","4374924","4375218","66","2917874"
"KQ053332v1","1488519","1488692","GL873548","4074362","4074536","41","2585843"
"KQ053332v1","1488725","1488858","GL873558","12030844","12030976","35","10542119"
"KQ053332v1","1508567","1508868","GL873548","13072238","13072531","61","11563671"
"KQ053332v1","1530769","1531045","GL873528","5507988","5508275","81","3977219"
"KQ053332v1","1542552","1542842","GL873534","23244522","23244806","60","21701970"
"KQ053332v1","1552473","1552772","GL873624","271609","271905","72","1280864"
"KQ053332v1","1554429","1554706","GL873540","4711812","4712090","60","3157383"
"KQ053332v1","1558629","1558754","GL873548","15576231","15576338","46","14017602"
"KQ053332v1","1570591","1570893","GL873521","49874189","49874492","59","48303598"
"KQ053332v1","1574931","1575231","GL873575","2687372","2687665","69","1112441"
"KQ053332v1","1600099","1600222","GL873570","10645932","10646052","16","9045833"
"KQ053332v1","1615831","1616029","GL873628","7012543","7012724","59","5396712"
"KQ053332v1","1616032","1616315","GL873677","4225067","4225358","71","2609035"
"KQ053332v1","1621965","1622169","GL873628","7012543","7012724","58","5390578"
"KQ053332v1","1622172","1622435","GL873546","13143077","13143343","67","11520905"
"KQ053332v1","1627977","1628275","GL873565","12300518","12300811","52","10672541"
"KQ053332v1","1640920","1641202","GL873700","423134","423410","65","1217786"
"KQ053332v1","1652259","1652545","GL873557","7267236","7267535","68","5614977"
"KQ053332v1","1662810","1663106","GL873584","7135422","7135704","74","5472612"
"KQ053332v1","1670012","1670261","GL873560","10974237","10974498","57","9304225"
"KQ053332v1","1678419","1678699","GL873667","3712894","3713183","59","2034475"
"KQ053332v1","1682856","1683140","GL873520","69906171","69906454","64","68223315"
"KQ053332v1","1685088","1685399","GL873540","16795111","16795414","76","15110023"
"KQ053332v1","1736449","1736574","GL873542","11494580","11494704","17","9758131"
"KQ053332v1","1765854","1766034","GL873548","14411133","14411325","51","12645279"
"KQ053332v1","1779425","1779753","GL873548","17482771","17483070","88","15703346"
"KQ053332v1","1796699","1796792","GL873526","11198848","11198938","20","9402149"
"KQ053332v1","1825290","1825496","GL873538","20322999","20323196","54","18497709"
"KQ053332v1","1874823","1875126","GL873540","22714851","22715162","83","20840028"
"KQ053332v1","1901104","1901304","GL873587","6174199","6174405","41","4273095"
"KQ053332v1","1910562","1910827","GL873522","36470419","36470671","57","34559857"
"KQ053332v1","1919008","1919257","GL873611","4994670","4994910","75","3075662"
"KQ053332v1","1941350","1941450","GL873522","32834538","32834634","28","30893188"
"KQ053332v1","1942634","1942899","GL873538","7583110","7583364","78","5640476"
"KQ053332v1","1962859","1963159","GL873596","6771597","6771891","71","4808738"
"KQ053332v1","2036773","2037069","GL873729","432103","432405","64","1604670"
"KQ053332v1","2078024","2078287","GL873540","17992275","17992542","74","15914251"
"KQ053332v1","2086744","2086875","GL873523","5461487","5461621","35","3374743"
"KQ053332v1","2094083","2094389","GL873529","18463234","18463520","82","16369151"
"KQ053332v1","2097195","2097465","GL873592","8783353","8783627","72","6686158"
"KQ053332v1","2115622","2115915","GL873800","736311","736599","60","1379311"
"KQ053332v1","2132376","2132659","GL873825","388120","388377","78","1744256"
"KQ053332v1","2134584","2134837","GL873715","335322","335574","69","1799262"
"KQ053332v1","2185099","2185384","GL873675","2464737","2465019","65","279638"
"KQ053332v1","2194592","2194903","GL873675","2456647","2456954","73","262055"
"KQ053332v1","2199057","2199351","GL873537","20108472","20108765","68","17909415"
"KQ053332v1","2210293","2210573","GL873592","2439645","2439925","58","229352"
"KQ053332v1","2246736","2246934","GL873628","7012543","7012724","54","4765807"
"KQ053332v1","2258212","2258489","GL873585","703586","703874","81","1554626"
"KQ053332v1","2258800","2259080","GL873691","110017","110295","54","2148783"
"KQ053332v1","2266570","2266724","GL873586","1353695","1353851","35","912875"
"KQ053332v1","2267955","2268216","GL873576","10704896","10705155","59","8436941"
"KQ053332v1","2283366","2283587","GL873522","21258404","21258617","56","18975038"
"KQ053332v1","2342446","2342734","GL873538","3757160","3757448","67","1414714"
"KQ053332v1","2366138","2366438","GL873531","27860265","27860563","61","25494127"
"KQ053332v1","2373661","2373938","GL873723","268428","268703","64","2105233"
"KQ053332v1","2376439","2376714","GL873586","9356343","9356622","75","6979904"
"KQ053332v1","2378370","2378664","GL873627","7189498","7189791","71","4811128"
"KQ053332v1","2397334","2397605","GL873596","8724296","8724570","60","6326962"
"KQ053332v1","2426097","2426409","GL873524","5176292","5176597","84","2750195"
"KQ053332v1","2426918","2427085","GL873661","2784520","2784675","57","357602"
"KQ053332v1","2429196","2429424","GL873528","4948876","4949084","61","2519680"
"KQ053332v1","2447668","2447970","GL873645","1598419","1598714","69","849249"
"KQ053332v1","2451156","2451375","GL873626","7169260","7169467","64","4718104"
"KQ053332v1","2477681","2477922","GL873754","1706553","1706786","54","771128"
"KQ053332v1","2480112","2480402","GL873661","2928561","2928838","97","448449"
"KQ053332v1","2482609","2482864","GL873554","2413383","2413629","81","69226"
"KQ053332v1","2487752","2487908","GL873624","2805856","2805998","44","318104"
"KQ053332v1","2488236","2488381","GL873548","15426227","15426376","35","12937991"
"KQ053332v1","2492829","2493061","GL873754","1706553","1706786","69","786276"
"KQ053332v1","2497864","2498116","GL873554","12375653","12375883","69","9877789"
"KQ053332v1","2498160","2498171","GL873586","6578563","6578573","3","4080403"
"KQ053332v1","2510942","2511188","GL873544","20973701","20973958","77","18462759"
"KQ053332v1","2523345","2523588","GL873570","5172076","5172338","86","2648731"
"KQ053332v1","2527911","2528239","GL873675","1483506","1483833","95","1044405"
"KQ053332v1","2530520","2530796","GL873544","12852108","12852394","64","10321588"
"KQ053332v1","2533859","2534078","GL873589","9436223","9436431","63","6902364"
"KQ053332v1","2567626","2567947","GL873542","1286122","1286423","93","1281504"
"KQ053332v1","2574116","2574378","GL873526","25295506","25295789","66","22721390"
"KQ053332v1","2576824","2577139","GL873657","3029272","3029566","88","452448"
"KQ053332v1","2582153","2582479","GL873542","1286122","1286423","92","1296031"
"KQ053332v1","2590790","2590955","GL873740","668373","668539","41","1922417"
"KQ053332v1","2605339","2605618","GL873677","3168668","3168943","56","563329"
"KQ053332v1","2615711","2616007","GL873522","25185925","25186218","62","22570214"
"KQ053332v1","2625750","2626039","GL873546","17023307","17023603","72","14397557"
"KQ053332v1","2665615","2665832","GL873615","477328","477537","51","2188287"
"KQ053332v1","2709426","2709722","GL873526","4353131","4353412","64","1643705"
"KQ053332v1","2713512","2713812","GL873575","2687372","2687665","64","26140"
"KQ053332v1","2739271","2739576","GL873527","25101599","25101892","66","22362328"
"KQ053332v1","2756633","2756917","GL873561","6505548","6505838","70","3748915"
"KQ053332v1","2802167","2802469","GL873525","27816917","27817223","66","25014750"
"KQ053332v1","2814117","2814419","GL873527","24552205","24552484","71","21738088"
"KQ053332v1","2822513","2822595","GL873579","7542178","7542259","14","4719665"
"KQ053332v1","2840887","2841175","GL873527","30165696","30165984","70","27324809"
"KQ053332v1","2849347","2849639","GL873544","12852108","12852394","51","10002761"
"KQ053332v1","2870375","2870670","GL873548","12872015","12872299","72","10001640"
"KQ053332v1","2884216","2884511","GL873548","12872015","12872299","72","9987799"
"KQ053332v1","2891643","2891928","GL873537","19265012","19265297","64","16373369"
"KQ053332v1","2899804","2900072","GL873520","43808806","43809068","59","40909002"
"KQ053333v1","40913","40998","GL873730","1070638","1070725","15","1029725"
"KQ053333v1","55449","55758","GL873530","17375868","17376165","61","17320419"
"KQ053343v1","60280","60551","GL873529","35629520","35629778","70","35569240"
"KQ053343v1","115045","115343","GL873624","5660177","5660468","68","5545132"
"KQ053343v1","183905","184045","GL873533","13896451","13896593","29","13712546"
"KQ053343v1","220361","220633","GL873521","53707997","53708279","63","53487636"
"KQ053343v1","229893","230172","GL873568","5537783","5538076","61","5307890"
"KQ053343v1","383812","383993","GL873533","9483294","9483455","62","9099482"
"KQ053343v1","476863","477146","GL873532","12863813","12864092","76","12386950"
"KQ053343v1","482311","482612","GL873632","853659","853951","69","371348"
"KQ053343v1","750327","750446","GL873834","415652","415774","22","334675"
"KQ053343v1","775995","776279","GL873548","12516281","12516565","65","11740286"
"KQ053343v1","782354","782563","GL873521","30472762","30472971","50","29690408"
"KQ053343v1","811777","812061","GL873659","3462845","3463127","71","2651068"
"KQ053343v1","1046824","1047115","GL873546","16423062","16423344","66","15376238"
"KQ053343v1","1088294","1088547","GL873616","392960","393205","63","695334"
"KQ053343v1","1150456","1150748","GL873557","5844700","5844982","74","4694244"
"KQ053343v1","1246287","1246547","GL873532","9003845","9004088","71","7757558"
"KQ053343v1","1266494","1266784","GL873715","1660704","1660993","76","394210"
"KQ053343v1","1466311","1466434","GL873671","630752","630875","22","835559"
"KQ053343v1","1679594","1679872","GL873543","17361264","17361561","85","15681670"
"KQ053343v1","1732921","1733003","GL873531","16275379","16275462","13","14542458"
"KQ053343v1","1733007","1733332","GL873660","743632","743918","114","989375"
"KQ053343v1","1741521","1741815","GL873530","25555061","25555354","59","23813540"
"KQ053343v1","1779653","1779950","GL873623","5564586","5564885","60","3784933"
"KQ053343v1","1788346","1788538","GL873538","9695887","9696072","64","7907541"
"KQ053343v1","1813262","1813476","GL873560","12352452","12352670","56","10539190"
"KQ053343v1","1818930","1819208","GL873568","5272622","5272897","71","3453692"
"KQ053343v1","1828516","1828764","GL873646","1015804","1016053","57","812712"
"KQ053343v1","1872597","1872881","GL873570","9393261","9393537","72","7520664"
"KQ053343v1","1873359","1873647","GL873544","12852108","12852394","53","10978749"
"KQ053343v1","1885419","1885685","GL873562","12680819","12681085","68","10795400"
"KQ053343v1","1912462","1912720","GL873526","10008853","10009121","67","8096391"
"KQ053343v1","1919127","1919402","GL873527","24552205","24552484","65","22633078"
"KQ053343v1","1952837","1952940","GL873647","3614415","3614520","21","1661578"
"KQ053343v1","1960495","1960782","GL873551","2384698","2384980","68","424203"
"KQ053343v1","1981769","1982029","GL873566","13448276","13448540","67","11466507"
"KQ053343v1","1999003","1999222","GL873615","239286","239511","61","1759717"
"KQ053343v1","2014845","2015024","GL873526","34945259","34945438","47","32930414"
"KQ053343v1","2043541","2043835","GL873537","20591524","20591797","74","18547983"
"KQ053343v1","2046270","2046564","GL873537","20591524","20591797","80","18545254"
"KQ053343v1","2072052","2072345","GL873574","4855555","4855848","66","2783503"
"KQ053343v1","2077543","2077846","GL873537","20108472","20108765","61","18030929"
"KQ053343v1","2091140","2091458","GL873576","8950914","8951220","74","6859774"
"KQ053343v1","2120015","2120204","GL873526","3895419","3895608","49","1775404"
"KQ053343v1","2139113","2139402","GL873536","6170569","6170869","59","4031456"
"KQ053343v1","2152889","2153199","GL873608","4218070","4218374","66","2065181"
"KQ053343v1","2169887","2170180","GL873523","28417992","28418279","80","26248105"
"KQ053343v1","2182159","2182470","GL873570","2488198","2488491","73","306039"
"KQ053343v1","2194587","2194892","GL873615","5670322","5670614","69","3475735"
"KQ053343v1","2203757","2204048","GL873615","5670322","5670614","74","3466565"
"KQ053343v1","2210631","2210916","GL873615","5670322","5670614","72","3459691"
"KQ053343v1","2223998","2224088","GL873520","30189521","30189613","21","27965523"
"KQ053343v1","2235242","2235542","GL873737","1691288","1691582","71","543954"
"KQ053343v1","2235553","2235652","GL873539","15792144","15792245","24","13556591"
"KQ053343v1","2242512","2242817","GL873620","5689461","5689766","57","3446949"
"KQ053343v1","2269440","2269734","GL873543","18814397","18814694","58","16544957"
"KQ053343v1","2278357","2278677","GL873586","5511677","5511987","78","3233320"
"KQ053343v1","2284010","2284322","GL873522","42556538","42556845","99","40272528"
"KQ053343v1","2298816","2299109","GL873522","25185925","25186218","55","22887109"
"KQ053343v1","2311027","2311330","GL873535","11877698","11878000","56","9566671"
"KQ053343v1","2315856","2316158","GL873521","6835945","6836242","50","4520089"
"KQ053343v1","2318855","2319127","GL873609","7964339","7964611","76","5645484"
"KQ053343v1","2320747","2321041","GL873520","60547712","60548005","73","58226965"
"KQ053343v1","2324884","2325181","GL873557","7267236","7267535","62","4942352"
"KQ053343v1","2325352","2325657","GL873638","6066229","6066535","59","3740877"
"KQ053343v1","2337539","2337747","GL873545","13756721","13756942","56","11419182"
"KQ053343v1","2351587","2351746","GL873742","920550","920698","31","1431037"
"KQ053343v1","2352346","2352646","GL873540","9535512","9535797","77","7183166"
"KQ053343v1","2354684","2354967","GL873569","10006129","10006398","68","7651445"
"KQ053343v1","2359376","2359654","GL873526","25561318","25561578","93","23201942"
"KQ053343v1","2368928","2369246","GL873884","162295","162592","85","2206633"
"KQ053343v1","2375660","2375936","GL873545","12781536","12781812","49","10405876"
"KQ053343v1","2389330","2389492","GL873525","45590103","45590274","45","43200773"
"KQ053343v1","2403391","2403679","GL873562","5328731","5329017","62","2925340"
"KQ053343v1","2405516","2405786","GL873627","4237922","4238189","69","1832406"
"KQ053343v1","2407627","2407890","GL873546","13143077","13143343","61","10735450"
"KQ053343v1","2437920","2438184","GL873624","1833935","1834197","55","603985"
"KQ053343v1","2439074","2439331","GL873520","42967256","42967520","51","40528182"
"KQ053343v1","2451655","2451914","GL873547","17720932","17721199","69","15269277"
"KQ053343v1","2495652","2495957","GL873720","1268124","1268434","69","1227528"
"KQ053343v1","2511884","2512169","GL873660","743632","743918","58","1768252"
"KQ053343v1","2522327","2522614","GL873550","16189253","16189537","65","13666926"
"KQ053343v1","2523768","2524049","GL873646","5053021","5053298","79","2529253"
"KQ053343v1","2524668","2525005","GL873720","1268124","1268434","93","1256544"
"KQ053343v1","2539613","2539920","GL873561","9330005","9330309","62","6790392"
"KQ053343v1","2549781","2550065","GL873550","8972041","8972317","64","6422260"
"KQ053343v1","2567158","2567453","GL873526","4353131","4353412","63","1785973"
"KQ053343v1","2599928","2600042","GL873570","5160745","5160860","27","2560817"
"KQ053343v1","2607553","2607734","GL873526","3895419","3895608","52","1287866"
"KQ053343v1","2608191","2608421","GL873559","478997","479218","53","2129194"
"KQ053343v1","2637031","2637347","GL873545","13698150","13698456","77","11061119"
"KQ053343v1","2641874","2642190","GL873609","7137543","7137854","70","4495669"
"KQ053343v1","2660458","2660759","GL873646","5530496","5530792","70","2870038"
"KQ053343v1","2692732","2692931","GL873624","1933855","1934034","59","758877"
"KQ053343v1","2698109","2698422","GL873540","16795111","16795414","69","14097002"
"KQ053343v1","2878874","2879167","GL873577","10149931","10150226","64","7271057"
"KQ053343v1","2920324","2920489","GL873547","11297925","11298087","36","8377601"
"KQ053343v1","2920529","2920649","GL873532","19916845","19916963","24","16996316"
"KQ053343v1","3294496","3294745","GL873668","1518449","1518701","68","1776047"
"KQ053343v1","3298177","3298437","GL873547","17720932","17721199","56","14422755"
"KQ053343v1","3560612","3560886","GL873723","1057504","1057782","57","2503108"
"KQ053343v1","3663122","3663407","GL873523","7327314","7327595","68","3664192"
"KQ053343v1","3698741","3699001","GL873594","1523127","1523375","61","2175614"
"KQ053343v1","3878455","3878733","GL873642","4989658","4989937","63","1111203"
"KQ053343v1","4152078","4152296","GL873526","40957560","40957777","46","36805482"
"KQ053343v1","4346290","4346525","GL873586","10385672","10385910","62","6039382"
"KQ053343v1","4449073","4449369","GL873529","17122097","17122389","70","12673024"
"KQ053348v1","13744","14060","GL873545","16381881","16382184","73","16368137"
"KQ053348v1","754496","754786","GL873541","19081003","19081298","66","18326507"
"KQ053349v1","8848","9024","GL873556","5873144","5873328","53","5864296"
"KQ053349v1","11809","12089","GL873545","1994498","1994781","66","1982689"
"KQ053351v1","2981","3211","GL873524","33890336","33890556","67","33887355"
"KQ053352v1","27212","27492","GL873538","12696139","12696415","60","12668927"
"KQ053352v1","109611","109910","GL873532","21611611","21611905","55","21502000"
"KQ053353v1","27808","28084","GL873557","1563684","1563954","72","1535876"
"KQ053353v1","38402","38642","GL873529","8596265","8596494","57","8557863"
"KQ053353v1","56214","56383","GL873557","10400775","10400939","43","10344561"
"KQ053354v1","2752506","2752680","GL873671","3411091","3411277","47","658585"
"KQ053354v1","53259","53524","GL873610","628894","629162","71","575635"
"KQ053354v1","59755","60014","GL873571","6475063","6475319","56","6415308"
"KQ053354v1","75080","75372","GL873532","21611611","21611905","64","21536531"
"KQ053354v1","85018","85318","GL873543","2139452","2139746","59","2054434"
"KQ053354v1","109957","110171","GL873625","5640863","5641072","60","5530906"
"KQ053354v1","118779","119040","GL873550","13679772","13680030","60","13560993"
"KQ053354v1","133368","133649","GL873530","18440487","18440774","63","18307119"
"KQ053354v1","147685","147977","GL873545","15039472","15039760","61","14891787"
"KQ053354v1","149645","149934","GL873536","10393754","10394042","70","10244109"
"KQ053354v1","155914","156034","GL873522","692891","693013","21","536977"
"KQ053354v1","157042","157125","GL873531","16275379","16275462","12","16118337"
"KQ053354v1","158311","158612","GL873556","996424","996728","68","838113"
"KQ053354v1","167417","167540","GL873619","2868214","2868339","22","2700797"
"KQ053354v1","173236","173361","GL873571","5880255","5880380","18","5707019"
"KQ053354v1","184604","184876","GL873544","12852108","12852394","57","12667504"
"KQ053354v1","193851","194128","GL873544","12852108","12852394","53","12658257"
"KQ053354v1","229086","229207","GL873553","5300167","5300286","25","5071081"
"KQ053354v1","238993","239291","GL873537","23325667","23325965","76","23086674"
"KQ053354v1","247164","247450","GL873526","25295506","25295789","64","25048342"
"KQ053354v1","248537","248829","GL873530","5179711","5180017","65","4931174"
"KQ053354v1","262869","263167","GL873561","9330005","9330309","65","9067136"
"KQ053354v1","284400","284680","GL873540","4711812","4712090","50","4427412"
"KQ053354v1","313338","313591","GL873523","22517523","22517774","57","22204185"
"KQ053354v1","379105","379411","GL873606","8367928","8368230","64","7988823"
"KQ053354v1","380311","380609","GL873548","13072238","13072531","56","12691927"
"KQ053354v1","383553","383841","GL873526","25295506","25295789","63","24911953"
"KQ053354v1","442408","442700","GL873561","923317","923608","68","480909"
"KQ053354v1","455015","455301","GL873752","219309","219580","59","235706"
"KQ053354v1","483942","484237","GL873537","20108472","20108765","56","19624530"
"KQ053354v1","494616","494916","GL873529","15416718","15417016","67","14922102"
"KQ053354v1","535095","535272","GL873520","22635186","22635354","50","22100091"
"KQ053354v1","541016","541296","GL873631","3418644","3418900","70","2877628"
"KQ053354v1","543593","543887","GL873541","15997811","15998101","65","15454218"
"KQ053354v1","564364","564624","GL873565","9724105","9724364","60","9159741"
"KQ053354v1","636713","637022","GL873557","7267236","7267535","66","6630523"
"KQ053354v1","650496","650768","GL873612","273209","273490","66","377287"
"KQ053354v1","661951","662232","GL873677","3168668","3168943","64","2506717"
"KQ053354v1","675123","675437","GL873541","18220450","18220758","64","17545327"
"KQ053354v1","679736","680038","GL873561","9330005","9330309","61","8650269"
"KQ053354v1","680619","680896","GL873536","11777148","11777412","78","11096529"
"KQ053354v1","698251","698556","GL873521","49874189","49874492","70","49175938"
"KQ053354v1","720325","720612","GL873789","87737","88019","56","632588"
"KQ053354v1","746622","746819","GL873527","37887494","37887703","56","37140872"
"KQ053354v1","766759","767038","GL873613","6387091","6387369","75","5620332"
"KQ053354v1","774564","774687","GL873560","13049237","13049359","27","12274673"
"KQ053354v1","780600","780781","GL873612","1890574","1890750","46","1109974"
"KQ053354v1","783058","783353","GL873557","7267236","7267535","68","6484178"
"KQ053354v1","787764","788068","GL873632","5787814","5788105","64","5000050"
"KQ053354v1","803790","804065","GL873528","6143765","6144045","59","5339975"
"KQ053354v1","810922","811210","GL873528","6143765","6144045","51","5332843"
"KQ053354v1","841487","841797","GL873558","2337436","2337734","76","1495949"
"KQ053354v1","859811","860115","GL873566","9008836","9009136","59","8149025"
"KQ053354v1","891658","891830","GL873537","18308999","18309159","41","17417341"
"KQ053354v1","926530","926822","GL873561","9330005","9330309","61","8403475"
"KQ053354v1","931390","931675","GL873520","30805589","30805881","63","29874199"
"KQ053354v1","936606","936897","GL873528","3829110","3829399","71","2892504"
"KQ053354v1","943841","943965","GL873601","6334962","6335086","22","5391121"
"KQ053354v1","946087","946357","GL873608","2611673","2611947","80","1665586"
"KQ053354v1","967904","968204","GL873527","11533238","11533536","59","10565334"
"KQ053354v1","980085","980382","GL873537","20108472","20108765","52","19128387"
"KQ053354v1","980904","981006","GL873635","1855647","1855749","14","874743"
"KQ053354v1","986982","987189","GL873595","5966599","5966798","54","4979617"
"KQ053354v1","1007851","1008157","GL873667","538898","539194","60","468953"
"KQ053354v1","1027091","1027389","GL873812","400580","400858","75","626511"
"KQ053354v1","1031596","1031888","GL873526","3279358","3279642","72","2247762"
"KQ053354v1","1125565","1125854","GL873538","1998739","1999037","71","873174"
"KQ053354v1","1137843","1138153","GL873531","9881494","9881804","68","8743651"
"KQ053354v1","1223878","1224167","GL873579","11141374","11141638","76","9917496"
"KQ053354v1","1225342","1225460","GL873531","5068193","5068311","23","3842851"
"KQ053354v1","1225516","1225692","GL873535","19157542","19157710","45","17932026"
"KQ053354v1","1403127","1403359","GL873621","640182","640418","51","762945"
"KQ053354v1","1413006","1413310","GL873525","34759396","34759697","61","33346390"
"KQ053354v1","1416076","1416355","GL873570","9393261","9393537","66","7977185"
"KQ053354v1","1430620","1430884","GL873520","72894552","72894803","75","71463932"
"KQ053354v1","1439704","1439828","GL873560","13049237","13049359","16","11609533"
"KQ053354v1","1449663","1449726","GL873538","17481108","17481179","11","16031445"
"KQ053354v1","1450064","1450293","GL873538","12936373","12936605","53","11486309"
"KQ053354v1","1486256","1486576","GL873522","37230271","37230549","100","35744015"
"KQ053354v1","1500304","1500600","GL873535","26174710","26174993","65","24674406"
"KQ053354v1","1510479","1510589","GL873530","3837203","3837310","23","2326724"
"KQ053354v1","1528978","1529272","GL873657","3029272","3029566","73","1500294"
"KQ053354v1","1538053","1538358","GL873540","22714851","22715162","68","21176798"
"KQ053354v1","1550548","1550707","GL873586","1353695","1353851","41","196853"
"KQ053354v1","1559784","1560078","GL873540","4711812","4712090","72","3152028"
"KQ053354v1","1616200","1616379","GL873534","377112","377294","48","1239088"
"KQ053354v1","1626382","1626672","GL873678","229130","229409","77","1397252"
"KQ053354v1","1666708","1667012","GL873625","3330882","3331184","64","1664174"
"KQ053354v1","1689697","1689992","GL873523","8076383","8076689","70","6386686"
"KQ053354v1","1694564","1694866","GL873944","39061","39359","69","1655503"
"KQ053354v1","1721442","1721738","GL873522","112255","112554","66","1609187"
"KQ053354v1","1721744","1721838","GL873530","3656296","3656387","22","1934552"
"KQ053354v1","1735909","1736121","GL873522","21258404","21258617","46","19522495"
"KQ053354v1","1746639","1746919","GL873524","42149014","42149308","57","40402375"
"KQ053354v1","1755744","1755999","GL873639","1913994","1914256","75","158250"
"KQ053354v1","1756006","1756132","GL873584","314964","315099","21","1441042"
"KQ053354v1","1761523","1761825","GL873720","1268124","1268434","64","493399"
"KQ053354v1","1764099","1764390","GL873532","1534117","1534406","58","229982"
"KQ053354v1","1790557","1790770","GL873566","13161077","13161300","52","11370520"
"KQ053354v1","1794747","1795034","GL873520","38236690","38236980","65","36441943"
"KQ053354v1","1798830","1799124","GL873585","1585663","1585945","75","213167"
"KQ053354v1","1799638","1799818","GL873614","4234411","4234586","42","2434773"
"KQ053354v1","1813514","1813776","GL873586","6188572","6188814","64","4375058"
"KQ053354v1","1817941","1818196","GL873530","3537105","3537353","59","1719164"
"KQ053354v1","1834332","1834420","GL873671","3193998","3194087","16","1359666"
"KQ053354v1","1843686","1843957","GL873522","17285953","17286226","65","15442267"
"KQ053354v1","1856401","1856687","GL873527","13356468","13356752","81","11500067"
"KQ053354v1","1858000","1858194","GL873530","21916551","21916742","48","20058551"
"KQ053354v1","1858531","1858619","GL873563","8383600","8383691","20","6525069"
"KQ053354v1","1863185","1863370","GL873522","16105198","16105378","41","14242013"
"KQ053354v1","1871887","1871938","GL873710","1953224","1953275","15","81337"
"KQ053354v1","1871940","1872121","GL873522","16105198","16105378","42","14233258"
"KQ053354v1","1928949","1929183","GL873521","49362158","49362369","69","47433209"
"KQ053354v1","1940256","1940457","GL873608","895331","895528","48","1044925"
"KQ053354v1","1941044","1941151","GL873671","3531980","3532089","19","1590936"
"KQ053354v1","1942468","1942586","GL873629","3055754","3055875","25","1113286"
"KQ053354v1","1956243","1956397","GL873539","20029674","20029825","42","18073431"
"KQ053354v1","1956813","1957103","GL873544","12852108","12852394","68","10895295"
"KQ053354v1","2008021","2008123","GL873600","3528092","3528200","23","1520071"
"KQ053354v1","2026519","2026579","GL873530","8636592","8636653","20","6610073"
"KQ053354v1","2038622","2038893","GL873647","3563614","3563878","70","1524992"
"KQ053354v1","2040912","2041013","GL873528","4514969","4515068","17","2474057"
"KQ053354v1","2050786","2050979","GL873523","24005577","24005782","55","21954791"
"KQ053354v1","2061022","2061317","GL873531","19369345","19369649","60","17308323"
"KQ053354v1","2064967","2065249","GL873520","38124828","38125119","75","36059861"
"KQ053354v1","2068470","2068770","GL873586","6854900","6855180","73","4786430"
"KQ053354v1","2076774","2077051","GL873525","35143537","35143806","56","33066763"
"KQ053354v1","2085113","2085258","GL873538","20430340","20430478","43","18345227"
"KQ053354v1","2094188","2094404","GL873541","21910529","21910727","69","19816341"
"KQ053354v1","2094743","2094795","GL873592","7359340","7359399","16","5264597"
"KQ053354v1","2096285","2096594","GL873615","5162108","5162422","60","3065823"
"KQ053354v1","2100103","2100351","GL873629","2967834","2968093","73","867731"
"KQ053354v1","2105772","2105882","GL873600","2929400","2929506","26","823628"
"KQ053354v1","2130565","2130836","GL873606","8335222","8335500","59","6204657"
"KQ053354v1","2136641","2136799","GL873539","21462229","21462375","46","19325588"
"KQ053354v1","2137167","2137177","GL873586","6578563","6578573","3","4441396"
"KQ053354v1","2139913","2140199","GL873631","1772","2067","68","2138141"
"KQ053354v1","2148032","2148326","GL873545","20254912","20255212","57","18106880"
"KQ053354v1","2156541","2156749","GL873589","9422937","9423146","40","7266396"
"KQ053354v1","2157150","2157436","GL873526","11964670","11964947","61","9807520"
"KQ053354v1","2159816","2160119","GL873542","7272092","7272383","72","5112276"
"KQ053354v1","2214738","2214924","GL873677","3518199","3518384","43","1303461"
"KQ053354v1","2215224","2215344","GL873550","13773361","13773475","24","11558137"
"KQ053354v1","2217849","2218131","GL873559","235103","235393","70","1982746"
"KQ053354v1","2221547","2221839","GL873521","53893978","53894270","64","51672431"
"KQ053354v1","2224959","2225264","GL873577","8682143","8682430","82","6457184"
"KQ053354v1","2230403","2230702","GL873538","24663308","24663595","70","22432905"
"KQ053354v1","2272412","2272676","GL873546","2527308","2527575","64","254896"
"KQ053354v1","2324334","2324572","GL873530","24277029","24277256","55","21952695"
"KQ053354v1","2512015","2512290","GL873527","38721095","38721362","76","36209080"
"KQ053354v1","2593419","2593730","GL873631","6629455","6629755","61","4036036"
"KQ053354v1","2709501","2709810","GL873541","18220450","18220758","64","15510949"
"KQ053354v1","2710037","2710286","GL873646","1021900","1022148","57","1688137"
"KQ053354v1","2715414","2715721","GL873571","4374924","4375218","65","1659510"
"KQ053354v1","2715942","2716183","GL873551","11901320","11901558","61","9185378"
"KQ053354v1","2777561","2777855","GL873527","11533238","11533536","63","8755677"
"KQ053354v1","2932578","2932686","GL873525","41623302","41623413","24","38690724"
"KQ053354v1","3078765","3079055","GL873629","2465427","2465711","73","613338"
"KQ053354v1","3125712","3125972","GL873613","6929044","6929310","65","3803332"
"KQ053354v1","3133280","3133551","GL873523","44375869","44376133","58","41242589"
"KQ053354v1","3133640","3133930","GL873527","10910929","10911225","55","7777289"
"KQ053354v1","3135582","3135886","GL873558","13919374","13919670","82","10783792"
"KQ053354v1","3174074","3174157","GL873618","3935608","3935694","16","761534"
"KQ053354v1","3177945","3178162","GL873522","21258404","21258617","52","18080459"
"KQ053354v1","3213466","3213745","GL873593","3746229","3746508","63","532763"
"KQ053354v1","3234335","3234621","GL873575","5397185","5397466","69","2162850"
"KQ053354v1","3249075","3249285","GL873586","8236164","8236367","47","4987089"
"KQ053354v1","3408582","3408898","GL873620","6795585","6795887","67","3387003"
"KQ053354v1","3429668","3429804","GL873530","7874251","7874378","38","4444583"
"KQ053354v1","3430104","3430257","GL873542","6626127","6626290","47","3196023"
"KQ053354v1","3441541","3441661","GL873577","11033333","11033456","24","7591792"
"KQ053354v1","3441995","3442156","GL873530","8259425","8259585","48","4817430"
"KQ053354v1","3651258","3651535","GL873533","23633726","23633993","63","19982468"
"KQ053354v1","3671703","3672007","GL873523","27987127","27987430","60","24315424"
"KQ053354v1","3882302","3882605","GL873530","28263781","28264089","58","24381479"
"KQ053354v1","3908401","3908682","GL873593","3958983","3959265","61","50582"
"KQ053354v1","3921476","3921773","GL873629","1991833","1992133","58","1929643"
"KQ053354v1","3970780","3970971","GL873557","10527309","10527494","44","6556529"
"KQ053354v1","4069958","4070244","GL873608","4005858","4006144","61","64100"
"KQ053354v1","4077018","4077269","GL873654","3969594","3969832","51","107424"
"KQ053354v1","4129300","4129567","GL873569","10006129","10006398","59","5876829"
"KQ053354v1","4153480","4153793","GL873575","7775816","7776105","85","3622336"
"KQ053354v1","4155075","4155322","GL873589","3833902","3834125","74","321173"
"KQ053354v1","4257923","4258228","GL873568","5537783","5538076","67","1279860"
"KQ053354v1","4525249","4525516","GL873526","12865197","12865466","59","8339948"
"KQ053354v1","4548938","4549240","GL873540","11122200","11122500","73","6573262"
"KQ053354v1","4762763","4763065","GL873527","11533238","11533536","79","6770475"
"KQ053354v1","4932364","4932661","GL873575","2687372","2687665","64","2244992"
"KQ053354v1","4943953","4944237","GL873520","38764685","38764975","69","33820732"
"KQ053354v1","4971265","4971569","GL873585","988711","989007","68","3982554"
"KQ053354v1","4985485","4985649","GL873681","3131614","3131780","36","1853871"
"KQ053354v1","4994471","4994679","GL873622","805483","805681","51","4188988"
"KQ053354v1","4998919","4999222","GL873619","7595068","7595373","67","2596149"
"KQ053354v1","5049018","5049259","GL873528","1268672","1268921","65","3780346"
"KQ053355v1","15712","16027","GL873591","6395821","6396131","67","6380109"
"KQ053355v1","41348","41499","GL873523","44353338","44353464","43","44311990"
"KQ053357v1","24460","24748","GL873697","1353514","1353797","71","1329054"
"KQ053358v1","27391","27704","GL873563","5489805","5490109","72","5462414"
"KQ053361v1","88501","88800","GL873729","432103","432405","61","343602"
"KQ053361v1","165848","166146","GL873720","1268124","1268434","66","1102276"
"KQ053363v1","6045","6170","GL873563","9768353","9768482","34","9762308"
"KQ053363v1","9609","9810","GL873526","8303932","8304134","46","8294323"
"KQ053363v1","17478","17611","GL873565","2027016","2027139","30","2009538"
"KQ053365v1","1944","2249","GL873677","3216100","3216400","70","3214156"
"KQ053365v1","16888","17192","GL873557","14870335","14870642","64","14853447"
"KQ053365v1","17771","18061","GL873535","12414612","12414904","62","12396841"
"KQ053365v1","109769","109926","GL873537","23617194","23617343","41","23507425"
"KQ053365v1","138067","138291","GL873635","268782","268999","48","130715"
"KQ053365v1","139441","139603","GL873674","2012717","2012880","44","1873276"
"KQ053365v1","141833","142117","GL873607","8279011","8279297","68","8137178"
"KQ053365v1","171493","171734","GL873569","8444899","8445137","59","8273406"
"KQ053365v1","178792","178946","GL873521","32735890","32736041","45","32557098"
"KQ053365v1","202689","202944","GL873544","9721562","9721821","69","9518873"
"KQ053365v1","207696","207985","GL873562","7734050","7734344","71","7526354"
"KQ053365v1","236860","237095","GL873540","20654782","20655010","66","20417922"
"KQ053365v1","242110","242422","GL873536","27318293","27318570","96","27076183"
"KQ053365v1","255987","256285","GL873577","10149931","10150226","67","9893944"
"KQ053365v1","261757","262044","GL873527","13227316","13227607","67","12965559"
"KQ053365v1","283594","283908","GL873783","352912","353222","71","69318"
"KQ053365v1","284280","284579","GL873538","15635099","15635394","64","15350819"
"KQ053365v1","310573","310884","GL873708","1299866","1300174","77","989293"
"KQ053365v1","312628","312925","GL873522","38254221","38254501","68","37941593"
"KQ053365v1","357771","358069","GL873540","11122200","11122500","69","10764429"
"KQ053365v1","359062","359380","GL873534","17688729","17689030","75","17329667"
"KQ053365v1","428583","428866","GL873536","10393754","10394042","61","9965171"
"KQ053365v1","433776","433987","GL873521","4504046","4504259","50","4070270"
"KQ053365v1","439549","439742","GL873631","3545746","3545938","48","3106197"
"KQ053365v1","450111","450395","GL873656","905329","905615","65","455218"
"KQ053365v1","581803","582045","GL873654","3969594","3969832","56","3387791"
"KQ053365v1","596416","596696","GL873528","4452981","4453269","72","3856565"
"KQ053365v1","597671","597969","GL873586","3828887","3829179","69","3231216"
"KQ053365v1","634602","634924","GL873526","13937651","13937968","70","13303049"
"KQ053365v1","642566","642855","GL873677","4203427","4203715","67","3560861"
"KQ053365v1","685065","685356","GL873520","30303968","30304235","78","29618903"
"KQ053365v1","732069","732317","GL873540","18865838","18866081","72","18133769"
"KQ053365v1","780754","781068","GL873534","14579775","14580079","75","13799021"
"KQ053365v1","782067","782356","GL873538","5676997","5677272","74","4894930"
"KQ053365v1","806474","806757","GL873524","41675399","41675673","68","40868925"
"KQ053365v1","868094","868157","GL873632","6005212","6005270","14","5137118"
"KQ053365v1","938849","939169","GL873602","8209282","8209594","72","7270433"
"KQ053365v1","953709","953840","GL873764","390956","391075","25","562753"
"KQ053365v1","966044","966295","GL873632","5546235","5546488","63","4580191"
"KQ053365v1","1005635","1005751","GL873656","1478575","1478690","16","472940"
"KQ053365v1","1052478","1052782","GL873537","23325667","23325965","73","22273189"
"KQ053365v1","1054774","1054894","GL873644","384890","385010","22","669884"
"KQ053365v1","1067182","1067465","GL873573","944182","944464","50","123000"
"KQ053365v1","1121056","1121267","GL873624","3432800","3433013","65","2311744"
"KQ053365v1","1178658","1178907","GL873539","15454475","15454717","69","14275817"
"KQ053365v1","1189828","1190122","GL873611","4023344","4023633","64","2833516"
"KQ053365v1","1350317","1350618","GL873557","7184834","7185131","62","5834517"
"KQ053365v1","1352725","1353020","GL873586","6854900","6855180","60","5502175"
"KQ053365v1","1430514","1430796","GL873526","25295506","25295789","55","23864992"
"KQ053365v1","1456804","1457033","GL873522","16842869","16843111","66","15386065"
"KQ053365v1","1791443","1791730","GL873656","2224390","2224680","56","432947"
"KQ053365v1","2067710","2067870","GL873665","3404380","3404542","35","1336670"
"KQ053365v1","2072352","2072642","GL873520","16709587","16709864","80","14637235"
"KQ053365v1","2082450","2082731","GL873534","19760937","19761220","77","17678487"
"KQ053365v1","2132227","2132521","GL873565","846944","847233","62","1285283"
"KQ053365v1","2186408","2186706","GL873697","605751","606047","70","1580657"
"KQ053365v1","2195071","2195368","GL873690","1186536","1186829","85","1008535"
"KQ053365v1","2201945","2202055","GL873590","743308","743414","29","1458637"
"KQ053365v1","2275436","2275713","GL873532","12767759","12768025","63","10492323"
"KQ053365v1","2321144","2321403","GL873566","11181444","11181698","60","8860300"
"KQ053365v1","2390673","2390981","GL873661","1884549","1884860","73","506124"
"KQ053365v1","2481839","2482101","GL873606","5355796","5356059","71","2873957"
"KQ053365v1","2676135","2676266","GL873544","17781931","17782065","23","15105796"
"KQ053365v1","2852785","2853075","GL873728","466108","466398","67","2386677"
"KQ053365v1","2888596","2888695","GL873547","9786587","9786684","23","6897991"
"KQ053365v1","2907367","2907673","GL873572","9034316","9034616","68","6126949"
"KQ053365v1","3086541","3086836","GL873624","1736784","1737075","68","1349757"
"KQ053365v1","3092523","3092820","GL873522","26416598","26416890","61","23324075"
"KQ053365v1","3092912","3093136","GL873577","2790374","2790604","69","302538"
"KQ053365v1","3103445","3103570","GL873537","25723866","25723990","29","22620421"
"KQ053365v1","3123171","3123469","GL873522","112255","112554","68","3010916"
"KQ053365v1","3143787","3144022","GL873529","8596265","8596494","49","5452478"
"KQ053365v1","3147126","3147417","GL873530","35531487","35531783","68","32384361"
"KQ053365v1","3168315","3168648","GL873720","1268124","1268434","71","1900191"
"KQ053365v1","3171599","3171880","GL873526","25295506","25295789","55","22123907"
"KQ053365v1","3240132","3240437","GL873668","1772036","1772327","86","1468096"
"KQ053365v1","3268068","3268361","GL873537","20108472","20108765","52","16840404"
"KQ053365v1","3314313","3314619","GL873531","19788629","19788928","89","16474316"
"KQ053365v1","3314870","3315126","GL873523","5356564","5356821","60","2041694"
"KQ053365v1","3318139","3318253","GL873654","4619110","4619226","28","1300971"
"KQ053365v1","3323273","3323586","GL873720","1268124","1268434","68","2055149"
"KQ053365v1","3342938","3343231","GL873575","2687372","2687665","60","655566"
"KQ053367v1","141332","141639","GL873540","24653518","24653814","76","24512186"
"KQ053368v1","1508","1746","GL873524","2961184","2961399","65","2959676"
"KQ053369v1","89167","89473","GL873535","22294099","22294396","69","22204932"
"KQ053369v1","93929","94232","GL873631","6629455","6629755","66","6535526"
"KQ053369v1","103342","103651","GL873530","28263781","28264089","77","28160439"
"KQ053369v1","103872","104005","GL873521","6889282","6889409","38","6785410"
"KQ053369v1","224508","224739","GL873577","11246540","11246770","52","11022032"
"KQ053369v1","266624","266910","GL873540","16376501","16376792","61","16109877"
"KQ053371v1","41004","41304","GL873529","9421454","9421749","57","9380450"
"KQ053371v1","90431","90723","GL873665","2891460","2891748","63","2801029"
"KQ053372v1","146149","146435","GL873544","12852108","12852394","46","12705959"
"KQ053372v1","235895","236059","GL873530","16082476","16082634","37","15846581"
"KQ053372v1","360815","361103","GL873537","20108472","20108765","61","19747657"
"KQ053376v1","55957","56088","GL873535","28196999","28197126","35","28141042"
"KQ053376v1","88373","88662","GL873542","699220","699512","67","610847"
"KQ053376v1","92302","92601","GL873580","8729115","8729409","67","8636813"
"KQ053376v1","131529","131653","GL873600","7419712","7419837","28","7288183"
"KQ053376v1","248563","248740","GL873531","29031742","29031916","59","28783179"
"KQ053376v1","322610","322878","GL873526","9954988","9955252","63","9632378"
"KQ053376v1","361790","361955","GL873525","20368127","20368284","49","20006337"
"KQ053376v1","388634","388915","GL873521","41037812","41038085","57","40649178"
"KQ053376v1","444535","444661","GL873522","17795080","17795202","37","17350545"
"KQ053376v1","445517","445656","GL873646","3620254","3620385","37","3174737"
"KQ053376v1","488731","488975","GL873547","6988081","6988322","69","6499350"
"KQ053376v1","525229","525530","GL873520","38124828","38125119","64","37599599"
"KQ053376v1","527859","528169","GL873610","4431407","4431713","62","3903548"
"KQ053376v1","531633","531892","GL873526","9954988","9955252","62","9423355"
"KQ053376v1","556249","556371","GL873671","630752","630875","24","74503"
"KQ053376v1","571736","572034","GL873526","21833158","21833448","62","21261422"
"KQ053376v1","585261","585384","GL873624","2860538","2860662","25","2275277"
"KQ053376v1","585824","586051","GL873529","8596265","8596494","43","8010441"
"KQ053376v1","651095","651317","GL873526","40957560","40957777","48","40306465"
"KQ053376v1","672541","672813","GL873576","7005736","7005999","63","6333195"
"KQ053376v1","715669","715781","GL873596","3570439","3570549","24","2854770"
"KQ053376v1","716119","716317","GL873524","19065990","19066189","44","18349871"
"KQ053376v1","735947","736245","GL873596","3562116","3562414","61","2826169"
"KQ053376v1","749220","749520","GL873534","1420248","1420531","83","671028"
"KQ053376v1","793594","793701","GL873580","3265576","3265689","31","2471982"
"KQ053376v1","850327","850589","GL873534","24162892","24163143","52","23312565"
"KQ053376v1","862688","862974","GL873557","14125304","14125596","69","13262616"
"KQ053376v1","977104","977423","GL873720","1268124","1268434","69","291020"
"KQ053376v1","993063","993283","GL873539","2377904","2378123","44","1384841"
"KQ053376v1","1007207","1007501","GL873552","12138493","12138784","58","11131286"
"KQ053376v1","1099309","1099587","GL873525","33055425","33055699","73","31956116"
"KQ053376v1","1143040","1143329","GL873618","3941910","3942188","61","2798870"
"KQ053376v1","1227320","1227605","GL873526","3279358","3279642","67","2052038"
"KQ053376v1","1238104","1238403","GL873664","4813585","4813876","81","3575481"
"KQ053376v1","1238426","1238554","AAQR03199654","739","868","26","1237687"
"KQ053376v1","1245880","1246203","GL873613","5642262","5642573","70","4396382"
"KQ053376v1","1258303","1258531","GL873529","8596265","8596494","51","7337962"
"KQ053376v1","1280305","1280590","GL873526","8284727","8285011","67","7004422"
"KQ053379v1","3245","3546","GL873631","1772","2067","65","1473"
"KQ053379v1","20321","20579","GL873658","1412692","1412951","54","1392371"
"KQ053379v1","43577","43868","GL873544","12852108","12852394","56","12808531"
"KQ053379v1","50436","50716","GL873529","28724389","28724653","67","28673953"
"KQ053379v1","71465","71750","GL873667","3712894","3713183","77","3641429"
"KQ053379v1","140890","141177","GL873555","12985384","12985684","63","12844494"
"KQ053382v1","38443","38739","GL873596","3562116","3562414","81","3523673"
"KQ053382v1","68201","68484","GL873550","7644303","7644582","66","7576102"
"KQ053382v1","68569","68582","GL873520","25523108","25523120","2","25454539"
"KQ053385v1","25674","25963","GL873543","2904962","2905248","67","2879288"
"KQ053387v1","170989","171258","GL873710","888426","888690","77","717437"
"KQ053387v1","173383","173686","GL873535","10369061","10369360","90","10195678"
"KQ053387v1","448690","449000","GL873561","9330005","9330309","66","8881315"
"KQ053387v1","496712","496863","GL873554","1315757","1315909","55","819045"
"KQ053387v1","550144","550430","GL873522","1067205","1067483","72","517061"
"KQ053387v1","591814","592129","GL873593","9025866","9026173","69","8434052"
"KQ053387v1","684958","685086","GL873548","6651882","6652005","22","5966924"
"KQ053387v1","771912","772208","GL873596","3562116","3562414","68","2790204"
"KQ053387v1","841994","842269","GL873529","17970712","17970985","59","17128718"
"KQ053387v1","935305","935497","GL873628","7012543","7012724","52","6077238"
"KQ053387v1","987581","987853","GL873530","9594870","9595150","65","8607289"
"KQ053387v1","998942","999209","GL873526","12865197","12865466","61","11866255"
"KQ053387v1","1014256","1014565","GL873529","18227816","18228105","74","17213560"
"KQ053387v1","1019078","1019386","GL873530","28263781","28264089","70","27244703"
"KQ053387v1","1052024","1052318","GL873596","3562116","3562414","72","2510092"
"KQ053387v1","1219851","1220128","GL873548","15310237","15310514","81","14090386"
"KQ053387v1","1224751","1225042","GL873660","4839990","4840286","67","3615239"
"KQ053387v1","1285010","1285305","GL873520","69943364","69943673","73","68658354"
"KQ053387v1","1493071","1493378","GL873542","4494419","4494721","78","3001348"
"KQ053387v1","1502159","1502324","GL873526","6443730","6443889","53","4941571"
"KQ053387v1","1502362","1502472","GL873527","24490086","24490192","26","22987724"
"KQ053387v1","1507863","1508158","GL873646","1344622","1344918","72","163241"
"KQ053387v1","1516833","1517142","GL873568","4562469","4562774","70","3045636"
"KQ053387v1","1524656","1524904","GL873543","15288242","15288513","77","13763586"
"KQ053387v1","1539420","1539710","GL873520","48675796","48676094","66","47136376"
"KQ053387v1","1563103","1563379","GL873573","944182","944464","58","618921"
"KQ053387v1","1613685","1613972","GL873529","9421454","9421749","61","7807769"
"KQ053387v1","1619501","1619789","GL873529","15224931","15225225","70","13605430"
"KQ053387v1","1631256","1631340","GL873529","2360132","2360217","14","728876"
"KQ053387v1","1678774","1679020","GL873545","3933988","3934236","64","2255214"
"KQ053387v1","1687416","1687688","GL873521","21946744","21947003","66","20259328"
"KQ053387v1","1715535","1715709","GL873534","14551683","14551840","39","12836148"
"KQ053387v1","1721748","1722006","GL873522","4831490","4831754","63","3109742"
"KQ053387v1","1730911","1731212","GL873544","12852108","12852394","77","11121197"
"KQ053387v1","1809560","1809858","GL873522","8095500","8095795","67","6285940"
"KQ053387v1","1855743","1856037","GL873543","17361264","17361561","62","15505521"
"KQ053387v1","1863602","1863872","GL873526","12865197","12865466","61","11001595"
"KQ053387v1","2079611","2079919","GL873720","1268124","1268434","66","811487"
"KQ053387v1","2125751","2126040","GL873586","4074287","4074561","67","1948536"
"KQ053387v1","2410285","2410451","GL873787","256568","256717","44","2153717"
"KQ053387v1","2540482","2540601","GL873551","4255823","4255945","22","1715341"
"KQ053387v1","2551114","2551412","GL873528","4452981","4453269","76","1901867"
"KQ053387v1","2633109","2633263","GL873607","4169880","4170035","41","1536771"
"KQ053387v1","2676890","2677055","GL873740","668373","668539","34","2008517"
"KQ053387v1","2686047","2686202","GL873740","668373","668539","37","2017674"
"KQ053387v1","2701810","2702096","GL873631","141133","141427","56","2560677"
"KQ053387v1","2721344","2721637","GL873609","7774006","7774298","62","5052662"
"KQ053387v1","2746058","2746312","GL873569","2122462","2122714","64","623596"
"KQ053387v1","2755098","2755346","GL873553","9640720","9640961","63","6885622"
"KQ053387v1","2793230","2793478","GL873664","2943863","2944105","79","150633"
"KQ053387v1","2836401","2836483","GL873550","14690337","14690415","14","11853936"
"KQ053387v1","2863766","2863940","GL873526","10575149","10575318","40","7711383"
"KQ053387v1","2881643","2881959","GL873540","22714851","22715162","66","19833208"
"KQ053387v1","2919361","2919664","GL873544","12852108","12852394","58","9932747"
"KQ053387v1","2932309","2932625","GL873533","27790671","27790986","74","24858362"
"KQ053387v1","2941132","2941271","GL873529","16847158","16847309","44","13906026"
"KQ053387v1","2941811","2942108","GL873626","5365095","5365392","78","2423284"
"KQ053387v1","2958473","2958708","GL873549","6587606","6587864","61","3629133"
"KQ053387v1","2994081","2994405","GL873624","3183015","3183314","87","188934"
"KQ053387v1","3022285","3022590","GL873557","7184834","7185131","71","4162549"
"KQ053387v1","3023925","3024236","GL873673","3158340","3158642","68","134415"
"KQ053387v1","3026028","3026337","GL873520","48675796","48676094","72","45649768"
"KQ053387v1","3075566","3075871","GL873530","17375868","17376165","64","14300302"
"KQ053387v1","3078345","3078618","GL873644","5995384","5995665","67","2917039"
"KQ053387v1","3103543","3103833","GL873528","37072230","37072526","68","33968687"
"KQ053387v1","3105174","3105399","GL873527","12296721","12296965","67","9191547"
"KQ053387v1","3137364","3137671","GL873677","3216100","3216400","53","78736"
"KQ053387v1","3139882","3140023","GL873570","10511074","10511223","45","7371192"
"KQ053387v1","3147204","3147504","GL873529","9421454","9421749","72","6274250"
"KQ053387v1","3149559","3149610","GL873653","594139","594193","13","2555420"
"KQ053387v1","3171043","3171345","GL873522","4222168","4222461","63","1051125"
"KQ053387v1","3207953","3208056","GL873537","6785","6885","16","3201168"
"KQ053387v1","3224428","3224720","GL873531","27860265","27860563","57","24635837"
"KQ053387v1","3226003","3226288","GL873619","2816705","2816991","57","409298"
"KQ053387v1","3229204","3229285","GL873637","1606597","1606676","17","1622607"
"KQ053387v1","3233212","3233293","GL873637","1606597","1606676","18","1626615"
"KQ053387v1","3237013","3237303","GL873646","5530496","5530792","67","2293483"
"KQ053387v1","3248633","3248832","GL873557","5125101","5125304","49","1876468"
"KQ053387v1","3255238","3255444","GL873564","11899977","11900180","50","8644739"
"KQ053387v1","3277265","3277549","GL873615","2971647","2971930","72","305618"
"KQ053387v1","3292173","3292457","GL873615","2971647","2971930","73","320526"
"KQ053387v1","3294408","3294655","GL873528","1107470","1107721","64","2186938"
"KQ053387v1","3312704","3312833","GL873553","8434905","8435034","24","5122201"
"KQ053387v1","3316415","3316711","GL873545","13698150","13698456","64","10381735"
"KQ053387v1","3419951","3420221","GL873546","13143077","13143343","56","9723126"
"KQ053387v1","3445923","3446162","GL873529","8596265","8596494","57","5150342"
"KQ053387v1","3487963","3488239","GL873645","1936937","1937204","63","1551026"
"KQ053387v1","3495498","3495772","GL873596","8724296","8724570","62","5228798"
"KQ053387v1","3509232","3509539","GL873544","12852108","12852394","72","9342876"
"KQ053387v1","3513557","3513813","GL873602","249964","250222","60","3263593"
"KQ053387v1","3547305","3547598","GL873544","12852108","12852394","52","9304803"
"KQ053387v1","3578949","3579217","GL873530","8314374","8314643","57","4735425"
"KQ053387v1","3621493","3621760","GL873580","4563057","4563318","67","941564"
"KQ053387v1","3624242","3624551","GL873646","2478007","2478313","68","1146235"
"KQ053387v1","3626637","3626952","GL873520","46903199","46903512","69","43276562"
"KQ053387v1","3631649","3631915","GL873825","388120","388377","68","3243529"
"KQ053387v1","3638323","3638579","GL873538","11416277","11416524","55","7777954"
"KQ053387v1","3640759","3640907","GL873526","7973809","7973957","34","4333050"
"KQ053387v1","3643207","3643498","GL873590","405216","405498","67","3237991"
"KQ053387v1","3643688","3643968","GL873752","219309","219580","68","3424379"
"KQ053387v1","3678947","3679275","GL873590","4458356","4458662","92","779409"
"KQ053387v1","3681752","3682047","GL873586","8120080","8120363","67","4438328"
"KQ053387v1","3687482","3687610","GL873533","1211222","1211352","19","2476260"
"KQ053387v1","3712076","3712365","GL873568","10563353","10563640","49","6851277"
"KQ053387v1","3716379","3716620","GL873544","18936731","18936974","74","15220352"
"KQ053387v1","3764091","3764396","GL873561","9330005","9330309","70","5565914"
"KQ053387v1","3782121","3782427","GL873631","6629455","6629755","68","2847334"
"KQ053387v1","3800170","3800426","GL873689","1205516","1205763","57","2594654"
"KQ053387v1","3864877","3865173","GL873561","9330005","9330309","63","5465128"
"KQ053387v1","3888259","3888557","GL873543","12526309","12526602","57","8638050"
"KQ053387v1","3891571","3891823","GL873535","28780138","28780369","69","24888567"
"KQ053387v1","3895901","3896208","GL873528","37402783","37403082","61","33506882"
"KQ053387v1","3916147","3916277","GL873764","390956","391075","27","3525191"
"KQ053387v1","4005290","4005491","GL873623","389530","389725","48","3615760"
"KQ053387v1","4008150","4008444","GL873570","9393261","9393537","76","5385111"
"KQ053387v1","4069618","4069927","GL873720","1268124","1268434","56","2801494"
"KQ053387v1","4131215","4131504","GL873707","647780","648063","66","3483435"
"KQ053387v1","4190322","4190617","GL873748","238196","238496","66","3952126"
"KQ053387v1","4243740","4244026","GL873520","16709587","16709864","72","12465847"
"KQ053387v1","4265829","4265867","GL873520","32678256","32678296","12","28412427"
"KQ053387v1","4279845","4279883","GL873520","32678256","32678296","11","28398411"
"KQ053387v1","4308011","4308290","GL873549","7728321","7728612","72","3420310"
"KQ053387v1","4313239","4313461","GL873539","2377904","2378123","56","1935335"
"KQ053387v1","4334900","4335147","GL873520","40069156","40069375","74","35734256"
"KQ053387v1","4340047","4340356","GL873609","7137543","7137854","68","2797496"
"KQ053387v1","4395965","4396255","GL873572","6984999","6985295","62","2589034"
"KQ053387v1","4557388","4557656","GL873522","36967963","36968226","75","32410575"
"KQ053387v1","4612583","4612879","GL873522","42659865","42660158","61","38047282"
"KQ053387v1","4909519","4909623","GL873590","743308","743414","21","4166211"
"KQ053387v1","4910891","4911190","GL873596","3562116","3562414","67","1348775"
"KQ053391v1","16098","16368","GL873600","3513864","3514156","85","3497766"
"KQ053392v1","10957","11226","GL873548","13196124","13196383","62","13185167"
"KQ053392v1","52360","52663","GL873720","1268124","1268434","70","1215764"
"KQ053394v1","8059","8130","GL873613","882028","882099","15","873969"
"KQ053394v1","8204","8488","GL873646","1321987","1322264","83","1313783"
"KQ053395v1","19517","19789","GL873586","6854900","6855180","61","6835383"
"KQ053398v1","1703704","1704008","GL873543","5406105","5406406","61","3702401"
"KQ053398v1","3014452","3014732","GL873623","2046144","2046428","67","968308"
"KQ053398v1","11665","11958","GL873575","2687372","2687665","64","2675707"
"KQ053398v1","48134","48430","GL873522","8095500","8095795","61","8047366"
"KQ053398v1","101368","101675","GL873523","28431022","28431322","64","28329654"
"KQ053398v1","108137","108441","GL873565","12235234","12235534","63","12127097"
"KQ053398v1","108718","109022","GL873529","9421454","9421749","59","9312736"
"KQ053398v1","113915","114218","GL873621","545875","546169","54","431960"
"KQ053398v1","139465","139690","GL873579","10953212","10953437","52","10813747"
"KQ053398v1","186930","187228","GL873523","24966399","24966697","63","24779469"
"KQ053398v1","223765","223901","GL873537","28005568","28005699","26","27781803"
"KQ053398v1","242710","242937","GL873557","9967376","9967610","70","9724666"
"KQ053398v1","281727","281889","GL873647","3571669","3571828","27","3289942"
"KQ053398v1","463275","463491","GL873625","5640863","5641072","55","5177588"
"KQ053398v1","691455","691744","GL873703","552697","552985","69","138758"
"KQ053398v1","766676","766873","GL873805","948213","948404","53","181537"
"KQ053398v1","766874","767171","GL873533","15015660","15015953","63","14248786"
"KQ053398v1","890543","890850","GL873610","4431407","4431713","62","3540864"
"KQ053398v1","955690","955793","GL873621","432198","432304","18","523492"
"KQ053398v1","1041336","1041606","GL873573","1727446","1727712","57","686110"
"KQ053398v1","1127180","1127391","GL873548","12512963","12513176","53","11385783"
"KQ053398v1","1174479","1174697","GL873524","1310019","1310245","66","135540"
"KQ053398v1","1204648","1204950","GL873536","13268193","13268480","81","12063545"
"KQ053398v1","1205508","1205675","GL873571","4293538","4293698","36","3088030"
"KQ053398v1","1243757","1244106","GL873532","31049431","31049753","99","29805674"
"KQ053398v1","1246260","1246589","GL873528","4584219","4584542","82","3337959"
"KQ053398v1","1254606","1254893","GL873528","4452981","4453269","51","3198375"
"KQ053398v1","1266502","1266804","GL873556","996424","996728","58","270078"
"KQ053398v1","1336100","1336388","GL873593","480828","481113","68","855272"
"KQ053398v1","1340887","1341188","GL873608","4218070","4218374","76","2877183"
"KQ053398v1","1344338","1344630","GL873575","2687372","2687665","55","1343034"
"KQ053398v1","1385239","1385545","GL873737","1691288","1691582","74","306049"
"KQ053398v1","1394756","1395045","GL873557","2997856","2998127","69","1603100"
"KQ053398v1","1405907","1406191","GL873666","3106785","3107075","57","1700878"
"KQ053398v1","1412123","1412414","GL873520","48528868","48529155","64","47116745"
"KQ053398v1","1415971","1416255","GL873546","18307234","18307526","58","16891263"
"KQ053398v1","1420055","1420330","GL873526","25295506","25295789","58","23875451"
"KQ053398v1","1430304","1430528","GL873575","7465616","7465847","58","6035312"
"KQ053398v1","1487787","1488090","GL873541","14451118","14451418","72","12963331"
"KQ053398v1","1507765","1508061","GL873531","27860265","27860563","59","26352500"
"KQ053398v1","1517092","1517396","GL873677","3216100","3216400","60","1699008"
"KQ053398v1","1518770","1518910","GL873615","6882666","6882800","37","5363896"
"KQ053398v1","1523550","1523852","GL873547","8917733","8918044","62","7394183"
"KQ053398v1","1524840","1525148","GL873613","971789","972086","61","553051"
"KQ053398v1","1556199","1556491","GL873523","5398253","5398525","67","3842054"
"KQ053398v1","1561163","1561446","GL873542","8948989","8949273","56","7387826"
"KQ053398v1","1563691","1563989","GL873566","8955078","8955373","63","7391387"
"KQ053398v1","1593360","1593654","GL873575","2687372","2687665","61","1094012"
"KQ053398v1","1628009","1628295","GL873520","38764685","38764975","61","37136676"
"KQ053398v1","1640371","1640644","GL873527","11567802","11568075","66","9927431"
"KQ053398v1","1659117","1659397","GL873561","13826809","13827093","54","12167692"
"KQ053398v1","1659714","1660008","GL873545","17052684","17052979","64","15392970"
"KQ053398v1","1668770","1669068","GL873557","7267236","7267535","69","5598466"
"KQ053398v1","1678619","1678938","GL873546","13542628","13542944","83","11864009"
"KQ053398v1","1719937","1720126","GL873557","4514240","4514428","45","2794303"
"KQ053398v1","1734824","1735113","GL873624","2308457","2308738","69","573633"
"KQ053398v1","1736458","1736704","GL873538","11416277","11416524","47","9679819"
"KQ053398v1","1744816","1745110","GL873524","42149014","42149308","57","40404198"
"KQ053398v1","1782815","1783076","GL873570","9393261","9393537","61","7610446"
"KQ053398v1","1789183","1789477","GL873526","7882436","7882722","70","6093253"
"KQ053398v1","1790751","1791037","GL873677","4203427","4203715","55","2412676"
"KQ053398v1","1808966","1809191","GL873520","38729253","38729479","64","36920287"
"KQ053398v1","1818285","1818583","GL873537","20108472","20108765","62","18290187"
"KQ053398v1","1855205","1855519","GL873540","22714851","22715162","67","20859646"
"KQ053398v1","1862956","1863249","GL873577","10530682","10530969","73","8667726"
"KQ053398v1","1869735","1870015","GL873646","1321987","1322264","58","547748"
"KQ053398v1","1873312","1873617","GL873544","17230668","17230971","73","15357356"
"KQ053398v1","1881726","1882022","GL873531","29056008","29056304","68","27174282"
"KQ053398v1","1885373","1885642","GL873654","5362607","5362875","74","3477234"
"KQ053398v1","1886701","1886987","GL873612","273209","273490","62","1613492"
"KQ053398v1","1903694","1904002","GL873615","5162108","5162422","72","3258414"
"KQ053398v1","1936496","1936798","GL873568","4562469","4562774","74","2625973"
"KQ053398v1","1938370","1938658","GL873526","4353131","4353412","57","2414761"
"KQ053398v1","1943522","1943818","GL873575","2687372","2687665","81","743850"
"KQ053398v1","1953738","1954022","GL873586","8120080","8120363","55","6166342"
"KQ053398v1","1968545","1968834","GL873545","17052684","17052979","64","15084139"
"KQ053398v1","1971872","1972144","GL873529","22377342","22377617","79","20405470"
"KQ053398v1","1984497","1984710","GL873659","1692343","1692545","53","292154"
"KQ053398v1","1988328","1988608","GL873590","6146490","6146760","66","4158162"
"KQ053398v1","1988701","1988981","GL873738","1635488","1635766","68","353213"
"KQ053398v1","1991516","1991886","GL873526","20255818","20256125","116","18264302"
"KQ053398v1","2012406","2012691","GL873562","5077584","5077879","67","3065178"
"KQ053398v1","2019397","2019684","GL873553","2633265","2633556","60","613868"
"KQ053398v1","2022525","2022792","GL873570","9393261","9393537","67","7370736"
"KQ053398v1","2026576","2026858","GL873579","984876","985165","56","1041700"
"KQ053398v1","2031179","2031449","GL873538","1584722","1584989","62","446457"
"KQ053398v1","2037296","2037595","GL873544","12852108","12852394","59","10814812"
"KQ053398v1","2045539","2045871","GL873557","11830297","11830593","96","9784758"
"KQ053398v1","2052201","2052450","GL873659","1635303","1635551","71","416898"
"KQ053398v1","2055782","2056015","GL873754","794642","794881","67","1261140"
"KQ053398v1","2067414","2067675","GL873723","1057504","1057782","70","1009910"
"KQ053398v1","2088115","2088400","GL873624","2308457","2308738","64","220342"
"KQ053398v1","2112009","2112293","GL873520","28901437","28901723","76","26789428"
"KQ053398v1","2141669","2141949","GL873782","841549","841830","72","1300120"
"KQ053398v1","2158864","2159023","GL873553","8080370","8080530","31","5921506"
"KQ053398v1","2159565","2159677","GL873521","4118295","4118397","19","1958730"
"KQ053398v1","2164064","2164348","GL873529","9865080","9865368","70","7701016"
"KQ053398v1","2190497","2190797","GL873565","12300518","12300811","58","10110021"
"KQ053398v1","2194195","2194487","GL873602","6039670","6039963","65","3845475"
"KQ053398v1","2204747","2205047","GL873520","48675796","48676094","52","46471049"
"KQ053398v1","2211251","2211539","GL873522","44292087","44292375","68","42080836"
"KQ053398v1","2269200","2269520","GL873720","1268124","1268434","65","1001076"
"KQ053398v1","2287436","2287583","GL873593","5778646","5778786","35","3491210"
"KQ053398v1","2289929","2290118","GL873716","2147222","2147420","59","142707"
"KQ053398v1","2295584","2295704","GL873572","8096241","8096363","37","5800657"
"KQ053398v1","2300409","2300669","GL873569","10006129","10006398","63","7705720"
"KQ053398v1","2303537","2303765","GL873566","13161077","13161300","46","10857540"
"KQ053398v1","2308690","2308931","GL873550","16932287","16932523","61","14623597"
"KQ053398v1","2336181","2336461","GL873752","219309","219580","54","2116872"
"KQ053398v1","2338071","2338355","GL873575","2687372","2687665","51","349301"
"KQ053398v1","2372249","2372548","GL873549","1792688","1792985","71","579561"
"KQ053398v1","2377075","2377208","GL873537","6930739","6930868","23","4553664"
"KQ053398v1","2419960","2420261","GL873620","7507141","7507439","65","5087181"
"KQ053398v1","2438458","2438699","GL873553","13754985","13755220","54","11316527"
"KQ053398v1","2443906","2444141","GL873540","20244038","20244273","53","17800132"
"KQ053398v1","2445554","2445702","GL873570","10511074","10511223","39","8065520"
"KQ053398v1","2456438","2456525","GL873618","3935608","3935694","16","1479170"
"KQ053398v1","2466898","2467200","GL873530","7841662","7841971","70","5374764"
"KQ053398v1","2536797","2537085","GL873544","12852108","12852394","64","10315311"
"KQ053398v1","2542814","2543106","GL873544","12852108","12852394","58","10309294"
"KQ053398v1","2552144","2552248","GL873539","26074016","26074123","27","23521872"
"KQ053398v1","2555172","2555293","GL873598","7187206","7187323","37","4632034"
"KQ053398v1","2556476","2556657","GL873583","7437530","7437707","63","4881054"
"KQ053398v1","2561959","2562153","GL873615","1989548","1989743","52","572411"
"KQ053398v1","2562487","2562594","GL873539","26074016","26074123","22","23511529"
"KQ053398v1","2567002","2567278","GL873538","2950049","2950318","71","383047"
"KQ053398v1","2599336","2599634","GL873540","22714851","22715162","66","20115515"
"KQ053398v1","2607476","2607766","GL873523","7327314","7327595","60","4719838"
"KQ053398v1","2614401","2614704","GL873542","8032564","8032870","56","5418163"
"KQ053398v1","2642757","2643001","GL873825","388120","388377","57","2254637"
"KQ053398v1","2646472","2646781","GL873537","20806240","20806550","58","18159768"
"KQ053398v1","2654567","2654868","GL873538","15635099","15635394","70","12980532"
"KQ053398v1","2680306","2680596","GL873534","24828530","24828825","68","22148224"
"KQ053398v1","2685449","2685745","GL873534","25456453","25456748","63","22771004"
"KQ053398v1","2690650","2690943","GL873580","2162089","2162382","74","528561"
"KQ053398v1","2719517","2719852","GL873531","3510286","3510605","104","790769"
"KQ053398v1","2728990","2729263","GL873677","4144140","4144409","61","1415150"
"KQ053398v1","2736017","2736323","GL873528","38277359","38277643","76","35541342"
"KQ053398v1","2748136","2748416","GL873602","7032948","7033214","76","4284812"
"KQ053398v1","2753385","2753660","GL873520","30303968","30304235","56","27550583"
"KQ053398v1","2768381","2768678","GL873537","20108472","20108765","60","17340091"
"KQ053398v1","2770896","2771208","GL873560","11470153","11470449","66","8699257"
"KQ053398v1","2783670","2783976","GL873608","4218070","4218374","66","1434400"
"KQ053398v1","2790662","2790844","GL873557","4514240","4514428","47","1723578"
"KQ053398v1","2791150","2791197","GL873539","7871212","7871260","9","5080062"
"KQ053398v1","2815654","2815777","GL873555","12681048","12681172","19","9865394"
"KQ053398v1","2818917","2819233","GL873537","20806240","20806550","66","17987323"
"KQ053398v1","2819340","2819641","GL873522","25185925","25186218","56","22366585"
"KQ053398v1","2880039","2880346","GL873531","19369345","19369649","58","16489306"
"KQ053398v1","2884244","2884536","GL873677","4203427","4203715","55","1319183"
"KQ053398v1","2891519","2891726","GL873621","696020","696233","50","2195499"
"KQ053398v1","2896150","2896440","GL873537","20108472","20108765","57","17212322"
"KQ053398v1","2909945","2910223","GL873557","4782333","4782614","71","1872388"
"KQ053398v1","2933781","2934055","GL873525","39406047","39406306","64","36472266"
"KQ053398v1","2934126","2934442","GL873663","4135704","4136012","71","1201578"
"KQ053398v1","2953355","2953655","GL873537","20108472","20108765","63","17155117"
"KQ053398v1","2956915","2957194","GL873627","5254766","5255045","65","2297851"
"KQ053398v1","2957867","2958039","GL873537","8665340","8665505","43","5707473"
"KQ053398v1","2966223","2966533","GL873661","1884167","1884461","69","1082056"
"KQ053398v1","2974028","2974161","GL873562","5335970","5336099","22","2361942"
"KQ053398v1","2978361","2978620","GL873520","8050197","8050448","61","5071836"
"KQ053398v1","2986459","2986658","GL873739","628260","628439","51","2358199"
"KQ053398v1","2990867","2991115","GL873554","2413383","2413629","65","577484"
"KQ053398v1","3019397","3019694","GL873524","42149014","42149308","57","39129617"
"KQ053398v1","3023559","3023837","GL873531","19846410","19846687","66","16822851"
"KQ053398v1","3059293","3059408","GL873527","37214769","37214879","21","34155476"
"KQ053398v1","3067159","3067287","GL873564","3411630","3411757","31","344471"
"KQ053398v1","3067288","3067583","GL873525","12278825","12279119","68","9211537"
"KQ053398v1","3067584","3067762","GL873536","26896361","26896522","47","23828777"
"KQ053398v1","3085662","3085950","GL873538","19622743","19623037","68","16537081"
"KQ053398v1","3112727","3112833","GL873623","2197292","2197402","21","915435"
"KQ053398v1","3143146","3143440","GL873556","996424","996728","65","2146722"
"KQ053398v1","3149560","3149855","GL873532","21611611","21611905","51","18462051"
"KQ053398v1","3165933","3166220","GL873584","7135422","7135704","79","3969489"
"KQ053398v1","3183622","3183902","GL873544","12852108","12852394","65","9668486"
"KQ053398v1","3192826","3193036","GL873557","5125101","5125304","50","1932275"
"KQ053398v1","3260942","3261162","GL873522","47527933","47528163","60","44266991"
"KQ053398v1","3274673","3274893","GL873522","47527933","47528163","60","44253260"
"KQ053398v1","3279131","3279345","GL873613","5851680","5851898","56","2572549"
"KQ053398v1","3307353","3307644","GL873529","9421454","9421749","59","6114101"
"KQ053398v1","3342282","3342487","GL873561","9290771","9290977","47","5948489"
"KQ053398v1","3351342","3351656","GL873661","1884549","1884860","61","1466793"
"KQ053398v1","3361785","3362000","GL873526","8303932","8304134","56","4942147"
"KQ053398v1","3420915","3421204","GL873532","17044604","17044891","59","13623689"
"KQ053398v1","3429342","3429529","GL873533","12706488","12706681","44","9277146"
"KQ053398v1","3429851","3429969","GL873530","3907901","3908012","29","478050"
"KQ053398v1","3452473","3452767","GL873591","6350046","6350337","59","2897573"
"KQ053398v1","3469151","3469378","GL873529","8596265","8596494","44","5127114"
"KQ053398v1","3507725","3507996","GL873557","5844700","5844982","58","2336975"
"KQ053398v1","3548695","3548934","GL873523","21557544","21557770","71","18008849"
"KQ053398v1","3557011","3557162","GL873523","44385418","44385579","47","40828407"
"KQ053398v1","3557505","3557551","GL873538","11374212","11374259","11","7816707"
"KQ053398v1","3558923","3559217","GL873544","9026039","9026346","72","5467116"
"KQ053398v1","3577854","3578156","GL873631","1209927","1210220","70","2367927"
"KQ053398v1","3581415","3581659","GL873613","1380796","1381049","69","2200619"
"KQ053398v1","3586186","3586485","GL873520","38124828","38125119","65","34538642"
"KQ053398v1","3619436","3619730","GL873522","38254221","38254501","72","34634785"
"KQ053398v1","3620041","3620341","GL873538","3757160","3757448","71","137119"
"KQ053398v1","3658037","3658240","GL873554","16344820","16345011","58","12686783"
"KQ053398v1","3658575","3658700","GL873611","326124","326249","30","3332451"
"KQ053398v1","3664610","3664771","GL873648","2620744","2620897","41","1043866"
"KQ053398v1","3673145","3673483","GL873540","9410260","9410586","91","5737115"
"KQ053398v1","3698833","3699152","GL873686","3287349","3287664","65","411484"
"KQ053398v1","3704504","3704627","GL873583","7744146","7744271","25","4039642"
"KQ053398v1","3729103","3729405","GL873551","10987258","10987553","83","7258155"
"KQ053398v1","3778289","3778592","GL873537","2276824","2277122","72","1501465"
"KQ053398v1","3819546","3819795","GL873524","7421702","7421947","53","3602156"
"KQ053398v1","3885627","3885920","GL873520","48675796","48676094","58","44790169"
"KQ053398v1","3908327","3908604","GL873524","3372770","3373037","61","535557"
"KQ053398v1","3912744","3913047","GL873537","23325667","23325965","65","19412923"
"KQ053398v1","3918755","3919059","GL873568","4562469","4562774","62","643714"
"KQ053398v1","3922734","3922947","GL873686","500065","500276","47","3422669"
"KQ053398v1","3927251","3927392","GL873634","913088","913220","33","3014163"
"KQ053398v1","3933090","3933426","GL873537","23325667","23325965","105","19392577"
"KQ053398v1","3982035","3982311","GL873523","5398253","5398525","60","1416218"
"KQ053398v1","3997502","3997803","GL873575","122012","122312","68","3875490"
"KQ053398v1","4029706","4030000","GL873677","3216100","3216400","60","813606"
"KQ053398v1","4054965","4055262","GL873561","923317","923608","63","3131648"
"KQ053398v1","4062571","4062814","GL873534","24162892","24163143","53","20100321"
"KQ053398v1","4067190","4067321","GL873544","11860634","11860766","26","7793444"
"KQ053398v1","4067641","4067837","GL873553","7984760","7984935","55","3917119"
"KQ053398v1","4072432","4072715","GL873526","4353131","4353412","58","280699"
"KQ053398v1","4075797","4076000","GL873528","6359335","6359545","47","2283538"
"KQ053398v1","4084955","4085079","GL873566","616579","616703","26","3468376"
"KQ053398v1","4087772","4088060","GL873561","13826809","13827093","57","9739037"
"KQ053398v1","4103558","4103874","GL873615","5162108","5162422","67","1058550"
"KQ053398v1","4104017","4104250","GL873620","3175975","3176189","61","928042"
"KQ053398v1","4110922","4111188","GL873653","2712699","2712966","74","1398223"
"KQ053398v1","4117641","4117885","GL873521","50923418","50923652","68","46805777"
"KQ053398v1","4124994","4125280","GL873533","15128008","15128290","73","11003014"
"KQ053398v1","4125880","4126043","GL873570","10511074","10511223","46","6385194"
"KQ053398v1","4126346","4126439","GL873520","24224759","24224854","24","20098413"
"KQ053398v1","4126821","4127114","GL873543","2139452","2139746","52","1987369"
"KQ053398v1","4138098","4138212","GL873723","887438","887548","21","3250660"
"KQ053398v1","4142826","4143109","GL873596","9073869","9074146","75","4931043"
"KQ053398v1","4183309","4183610","GL873557","7267236","7267535","63","3083927"
"KQ053398v1","4203498","4203810","GL873533","16601473","16601777","68","12397975"
"KQ053398v1","4207466","4207724","GL873632","6442574","6442826","63","2235108"
"KQ053398v1","4211215","4211516","GL873549","7121765","7122064","61","2910550"
"KQ053398v1","4212577","4212895","GL873627","7189498","7189791","72","2976921"
"KQ053398v1","4217454","4217676","GL873533","1309690","1309910","43","2907764"
"KQ053398v1","4228105","4228415","GL873537","20108472","20108765","64","15880367"
"KQ053398v1","4265121","4265369","GL873562","5479169","5479404","64","1214048"
"KQ053398v1","4271665","4271961","GL873537","23325667","23325965","64","19054002"
"KQ053398v1","4278991","4279232","GL873538","11416277","11416524","59","7137286"
"KQ053398v1","4292025","4292313","GL873568","10563353","10563640","53","6271328"
"KQ053398v1","4294139","4294308","GL873595","605232","605397","29","3688907"
"KQ053398v1","4295675","4295961","GL873543","2904962","2905248","59","1390713"
"KQ053398v1","4304967","4305258","GL873542","7542952","7543241","55","3237985"
"KQ053398v1","4306041","4306336","GL873737","1691288","1691582","68","2614753"
"KQ053398v1","4320809","4321092","GL873525","22374414","22374700","58","18053605"
"KQ053398v1","4324567","4324876","GL873611","1103818","1104129","69","3220749"
"KQ053398v1","4329369","4329461","GL873711","230159","230253","19","4099210"
"KQ053398v1","4335871","4336139","GL873521","8420231","8420499","74","4084360"
"KQ053398v1","4339542","4339758","GL873534","29797157","29797371","52","25457615"
"KQ053398v1","4345664","4345929","GL873624","1833935","1834197","65","2511729"
"KQ053398v1","4364129","4364418","GL873544","12852108","12852394","54","8487979"
"KQ053398v1","4391653","4391896","GL873678","1372439","1372693","73","3019214"
"KQ053398v1","4399984","4400269","GL873634","862961","863245","60","3537023"
"KQ053398v1","4408535","4408831","GL873530","16695374","16695671","65","12286839"
"KQ053398v1","4409203","4409469","GL873523","25131354","25131629","58","20722151"
"KQ053398v1","4412649","4412846","GL873564","4371507","4371687","55","41142"
"KQ053398v1","4425066","4425343","GL873593","2667655","2667944","65","1757411"
"KQ053398v1","4427785","4427976","GL873532","30618605","30618788","39","26190820"
"KQ053398v1","4439209","4439364","GL873528","8421593","8421755","39","3982384"
"KQ053398v1","4443342","4443612","GL873677","4203427","4203715","65","239915"
"KQ053398v1","4454824","4454917","GL873643","297205","297294","21","4157619"
"KQ053398v1","4459561","4459876","GL873547","8917733","8918044","65","4458172"
"KQ053398v1","4506560","4506770","GL873521","46427393","46427598","59","41920833"
"KQ053398v1","4513079","4513377","GL873537","23325667","23325965","65","18812588"
"KQ053398v1","4526434","4526560","GL873533","30313670","30313790","25","25787236"
"KQ053398v1","4530022","4530304","GL873732","869233","869514","68","3660789"
"KQ053398v1","4537237","4537532","GL873607","8279011","8279297","72","3741774"
"KQ053398v1","4539799","4540092","GL873561","13826809","13827093","67","9287010"
"KQ053398v1","4549780","4550074","GL873571","4374924","4375218","68","174856"
"KQ053398v1","4559907","4560105","GL873563","10468089","10468291","45","5908182"
"KQ053398v1","4578478","4578614","GL873684","3564946","3565077","35","1013532"
"KQ053398v1","4581284","4581583","GL873527","11533238","11533536","59","6951954"
"KQ053398v1","4584434","4584728","GL873570","9532646","9532938","58","4948212"
"KQ053398v1","4591981","4592250","GL873521","50455027","50455307","68","45863046"
"KQ053398v1","4599587","4599881","GL873635","5600325","5600601","63","1000738"
"KQ053398v1","4604301","4604489","GL873547","8101273","8101462","43","3496972"
"KQ053398v1","4610129","4610434","GL873522","4222168","4222461","64","387961"
"KQ053398v1","4617697","4617997","GL873531","27860265","27860563","73","23242568"
"KQ053398v1","4627012","4627300","GL873538","19622743","19623037","73","14995731"
"KQ053398v1","4636980","4637100","GL873638","4795328","4795448","19","158348"
"KQ053398v1","4644861","4645036","GL873612","1890574","1890750","32","2754287"
"KQ053398v1","4652061","4652349","GL873521","48092069","48092359","58","43440008"
"KQ053398v1","4664101","4664279","GL873541","18409593","18409764","51","13745492"
"KQ053398v1","4666489","4666806","GL873530","28263781","28264089","71","23597292"
"KQ053398v1","4689989","4690265","GL873613","6387091","6387369","78","1697102"
"KQ053398v1","4695840","4696101","GL873528","17703992","17704266","59","13008152"
"KQ053398v1","4697500","4697794","GL873570","9584290","9584580","55","4886790"
"KQ053398v1","4716953","4717254","GL873525","8432499","8432801","72","3715546"
"KQ053398v1","4733537","4733808","GL873563","9713700","9713970","54","4980163"
"KQ053398v1","4738652","4738957","GL873537","21410001","21410301","65","16671349"
"KQ053398v1","4740075","4740342","GL873520","30303968","30304235","66","25563893"
"KQ053398v1","4762028","4762321","GL873982","1044","1337","62","4760984"
"KQ053398v1","4797456","4797593","GL873520","24084579","24084710","34","19287123"
"KQ053398v1","4829630","4829806","GL873526","9825491","9825663","48","4995861"
"KQ053398v1","4830329","4830588","GL873632","2531304","2531561","66","2299025"
"KQ053398v1","4869941","4870253","GL873586","5511677","5511987","60","641736"
"KQ053398v1","4891836","4892137","GL873608","5261767","5262063","63","369931"
"KQ053398v1","4911954","4912251","GL873631","1772","2067","65","4910182"
"KQ053398v1","4917288","4917482","GL873530","10896966","10897167","48","5979678"
"KQ053398v1","4920004","4920279","GL873522","26431469","26431747","54","21511465"
"KQ053398v1","4958973","4959281","GL873577","10149931","10150226","78","5190958"
"KQ053398v1","5012864","5013161","GL873721","339207","339499","63","4673657"
"KQ053398v1","5020741","5021036","GL873635","6082776","6083058","65","1062035"
"KQ053400v1","17148","17452","GL873538","6925462","6925764","77","6908314"
"KQ053400v1","33954","34222","GL873623","37620","37889","65","3666"
"KQ053403v1","22730","23004","GL873752","219309","219580","54","196579"
"KQ053403v1","327843","328047","GL873579","11042363","11042566","57","10714520"
"KQ053408v1","1603","1728","GL873631","329088","329211","25","327485"
"KQ053408v1","3498","3623","GL873624","868096","868216","26","864598"
"KQ053409v1","2097025","2097317","GL873703","492231","492509","72","1604794"
"KQ053409v1","452653","452805","GL873535","29156759","29156905","38","28704106"
"KQ053409v1","460194","460463","GL873534","1599256","1599518","68","1139062"
"KQ053409v1","470188","470432","GL873602","6725917","6726168","54","6255729"
"KQ053409v1","488217","488518","GL873692","1494249","1494542","71","1006032"
"KQ053409v1","705098","705383","GL873537","20108472","20108765","55","19403374"
"KQ053409v1","750561","750813","GL873580","8978449","8978690","64","8227888"
"KQ053409v1","768647","768776","GL873526","10906259","10906385","29","10137612"
"KQ053409v1","814829","815113","GL873543","12526309","12526602","57","11711480"
"KQ053409v1","928697","929006","GL873720","1268124","1268434","54","339427"
"KQ053409v1","933777","934067","GL873522","25185925","25186218","59","24252148"
"KQ053409v1","938355","938639","GL873541","12259937","12260209","71","11321582"
"KQ053409v1","964221","964502","GL873542","1844453","1844733","66","880232"
"KQ053409v1","966991","967170","GL873533","31366368","31366531","48","30399377"
"KQ053409v1","974377","974641","GL873561","9519200","9519455","62","8544823"
"KQ053409v1","984159","984491","GL873674","319200","319514","84","664959"
"KQ053409v1","1006455","1006580","GL873577","11033333","11033456","19","10026878"
"KQ053409v1","1015082","1015395","GL873575","2687372","2687665","73","1672290"
"KQ053409v1","1019988","1020207","GL873703","613800","614016","44","406188"
"KQ053409v1","1025973","1026284","GL873545","20390330","20390642","66","19364357"
"KQ053409v1","1027201","1027511","GL873530","14578517","14578828","59","13551316"
"KQ053409v1","1031095","1031386","GL873704","1496866","1497150","70","465771"
"KQ053409v1","1031625","1031742","GL873545","3821121","3821234","38","2789496"
"KQ053409v1","1033089","1033388","GL873520","36088702","36088990","60","35055613"
"KQ053409v1","1078576","1078845","GL873521","7003053","7003322","64","5924477"
"KQ053409v1","1101217","1101517","GL873568","4562469","4562774","73","3461252"
"KQ053409v1","1107518","1107754","GL873585","10601313","10601532","70","9493795"
"KQ053409v1","1110158","1110416","GL873523","1446193","1446441","75","336035"
"KQ053409v1","1113226","1113482","GL873534","26049622","26049880","63","24936396"
"KQ053409v1","1117864","1118030","GL873592","193196","193342","48","924668"
"KQ053409v1","1119794","1120024","GL873566","13161077","13161300","67","12041283"
"KQ053409v1","1125654","1125958","GL873691","2033910","2034209","73","908256"
"KQ053409v1","1161471","1161685","GL873613","5851680","5851898","53","4690209"
"KQ053409v1","1190820","1191098","GL873723","1057504","1057782","73","133316"
"KQ053409v1","1211218","1211437","GL873538","4542017","4542230","51","3330799"
"KQ053409v1","1212146","1212428","GL873529","22377342","22377617","56","21165196"
"KQ053409v1","1227048","1227342","GL873570","9532646","9532938","57","8305598"
"KQ053409v1","1228121","1228418","GL873537","22568956","22569251","64","21340835"
"KQ053409v1","1265565","1265810","GL873596","5734223","5734480","73","4468658"
"KQ053409v1","1330282","1330572","GL873577","5810565","5810848","52","4480283"
"KQ053409v1","1385546","1385849","GL873550","7129827","7130132","80","5744281"
"KQ053409v1","1422907","1423189","GL873581","7742856","7743141","73","6319949"
"KQ053409v1","1438743","1438968","GL873542","544193","544428","62","894550"
"KQ053409v1","1488547","1488827","GL873752","219309","219580","59","1269238"
"KQ053409v1","1580177","1580470","GL873632","5787814","5788105","56","4207637"
"KQ053409v1","1588070","1588295","GL873561","571094","571301","64","1016976"
"KQ053409v1","1590796","1591063","GL873543","21791728","21791994","65","20200932"
"KQ053409v1","1597239","1597422","GL873544","20997590","20997773","43","19400351"
"KQ053409v1","1619654","1619907","GL873583","7709015","7709275","77","6089361"
"KQ053409v1","1632889","1633139","GL873762","1412192","1412435","66","220697"
"KQ053409v1","1637212","1637514","GL873571","2577537","2577837","62","940325"
"KQ053409v1","1647992","1648276","GL873532","29153473","29153758","61","27505481"
"KQ053409v1","1673658","1673934","GL873623","1894661","1894923","68","221003"
"KQ053409v1","1692616","1692909","GL873603","794609","794907","71","898007"
"KQ053409v1","1694157","1694468","GL873580","2162089","2162382","73","467932"
"KQ053409v1","1742759","1743069","GL873638","5002220","5002523","70","3259461"
"KQ053409v1","1755964","1756229","GL873570","9393261","9393537","62","7637297"
"KQ053409v1","1757639","1757939","GL873530","31255203","31255500","62","29497564"
"KQ053409v1","1759447","1759732","GL873579","984876","985165","56","774571"
"KQ053409v1","1769726","1769840","GL873697","1957499","1957615","22","187773"
"KQ053409v1","1771125","1771291","GL873558","3010058","3010227","42","1238933"
"KQ053409v1","1801441","1801745","GL873744","638403","638689","69","1163038"
"KQ053409v1","1837361","1837645","GL873543","13000816","13001093","64","11163455"
"KQ053409v1","1870463","1870783","GL873661","1884549","1884860","71","14086"
"KQ053409v1","1877341","1877646","GL873545","13698150","13698456","74","11820809"
"KQ053409v1","1922222","1922497","GL873596","6368548","6368823","62","4446326"
"KQ053409v1","2027037","2027224","GL873540","24287721","24287887","50","22260684"
"KQ053409v1","2030438","2030730","GL873534","25208090","25208384","67","23177652"
"KQ053409v1","2057778","2058062","GL873520","39494376","39494655","65","37436598"
"KQ053409v1","2082499","2082802","GL873538","1998739","1999037","68","83760"
"KQ053409v1","2099821","2100094","GL873543","507181","507451","65","1592640"
"KQ053409v1","2108086","2108380","GL873527","25101599","25101892","67","22993513"
"KQ053409v1","2123795","2123968","GL873618","3515605","3515778","41","1391810"
"KQ053409v1","2123997","2124112","GL873552","16930058","16930173","23","14806061"
"KQ053409v1","2147074","2147396","GL873540","22714851","22715162","72","20567777"
"KQ053409v1","2158479","2158783","GL873548","17273035","17273330","68","15114556"
"KQ053409v1","2207950","2208248","GL873520","50678276","50678572","59","48470326"
"KQ053409v1","2270871","2271173","GL873624","3224015","3224315","63","953144"
"KQ053409v1","2272586","2272894","GL873650","3209213","3209524","72","936627"
"KQ053409v1","2285363","2285661","GL873545","13698150","13698456","77","11412787"
"KQ053409v1","2293050","2293312","GL873638","2212836","2213102","47","80214"
"KQ053409v1","2297841","2297945","GL873635","1855647","1855749","16","442194"
"KQ053409v1","2338464","2338752","GL873529","15224931","15225225","64","12886467"
"KQ053409v1","2416537","2416839","GL873522","25185925","25186218","62","22769388"
"KQ053409v1","2427100","2427384","GL873528","4452981","4453269","59","2025881"
"KQ053409v1","2437855","2438140","GL873638","5001694","5001994","63","2563839"
"KQ053409v1","2440611","2440893","GL873530","25555061","25555354","64","23114450"
"KQ053409v1","2446143","2446433","GL873528","36220988","36221283","69","33774845"
"KQ053409v1","2454267","2454547","GL873675","1342645","1342930","66","1111622"
"KQ053409v1","2456935","2457221","GL873538","4245060","4245359","69","1788125"
"KQ053409v1","2480701","2481012","GL873540","22714851","22715162","65","20234150"
"KQ053409v1","2513380","2513664","GL873548","16911479","16911770","59","14398099"
"KQ053409v1","2523446","2523736","GL873538","3653056","3653352","74","1129610"
"KQ053409v1","2619506","2619830","GL873545","13698150","13698456","81","11078644"
"KQ053409v1","2674606","2674912","GL873537","23325667","23325965","79","20651061"
"KQ053409v1","2704638","2704921","GL873579","984876","985165","55","1719762"
"KQ053409v1","2713148","2713402","GL873632","6442574","6442826","48","3729426"
"KQ053409v1","2752618","2752898","GL873646","1073675","1073956","50","1678943"
"KQ053409v1","2787037","2787332","GL873596","3562116","3562414","65","775079"
"KQ053409v1","2898387","2898707","GL873615","5162108","5162422","72","2263721"
"KQ053409v1","2906602","2906911","GL873720","1268124","1268434","55","1638478"
"KQ053409v1","2919352","2919651","GL873539","2245308","2245602","68","674044"
"KQ053409v1","2923989","2924297","GL873522","4222168","4222461","62","1298179"
"KQ053409v1","3040202","3040499","GL873544","19407392","19407690","77","16367190"
"KQ053409v1","3052068","3052364","GL873537","20108472","20108765","50","17056404"
"KQ053409v1","3128598","3128890","GL873550","9775132","9775420","67","6646534"
"KQ053409v1","3132969","3133278","GL873530","16695374","16695671","59","13562405"
"KQ053409v1","3161325","3161612","GL873531","25381659","25381942","65","22220334"
"KQ053409v1","3227932","3228103","GL873520","23876365","23876536","46","20648433"
"KQ053409v1","3268581","3268859","GL873596","7867136","7867422","64","4598555"
"KQ053409v1","3293239","3293508","GL873568","5272622","5272897","71","1979383"
"KQ053409v1","3401540","3401835","GL873646","5530496","5530792","61","2128956"
"KQ053409v1","3409988","3410207","GL873523","24005577","24005782","57","20595589"
"KQ053409v1","3432736","3433017","GL873752","219309","219580","64","3213427"
"KQ053409v1","3450349","3450633","GL873561","923317","923608","66","2527032"
"KQ053409v1","3453663","3453958","GL873531","3746779","3747072","79","293116"
"KQ053409v1","3500821","3501125","GL873540","11122200","11122500","68","7621379"
"KQ053409v1","3502573","3502841","GL873538","1584722","1584989","50","1917851"
"KQ053409v1","3528948","3529159","GL873528","38341719","38341932","50","34812771"
"KQ053409v1","3559260","3559560","GL873620","3234662","3234954","60","324598"
"KQ053409v1","3597709","3597940","GL873539","3662939","3663161","57","65230"
"KQ053409v1","3635890","3636184","GL873628","4492150","4492450","63","856260"
"KQ053409v1","3677447","3677677","GL873568","9162163","9162390","61","5484716"
"KQ053409v1","3682585","3682715","GL873640","5637254","5637381","30","1954669"
"KQ053409v1","3683046","3683129","GL873586","608158","608236","25","3074888"
"KQ053409v1","3715437","3715548","GL873615","5231006","5231116","28","1515569"
"KQ053409v1","3724205","3724464","GL873521","14392270","14392532","70","10668065"
"KQ053409v1","3738184","3738462","GL873531","25381659","25381942","76","21643475"
"KQ053409v1","3743650","3743941","GL873664","4032008","4032289","71","288358"
"KQ053409v1","3760916","3761233","GL873610","4431407","4431713","78","670491"
"KQ053409v1","3823830","3824156","GL873673","3147197","3147513","91","676633"
"KQ053409v1","3831457","3831755","GL873539","20311267","20311552","79","16479810"
"KQ053409v1","3850740","3851031","GL873615","5162108","5162422","88","1311368"
"KQ053409v1","3853875","3854171","GL873520","38124828","38125119","70","34270953"
"KQ053409v1","3861086","3861352","GL873541","15801777","15802054","62","11940691"
"KQ053409v1","3868303","3868578","GL873752","219309","219580","55","3648994"
"KQ053409v1","3890410","3890714","GL873544","20315778","20316071","64","16425368"
"KQ053409v1","3912632","3912912","GL873596","8531800","8532053","64","4619168"
"KQ053409v1","3923781","3924091","GL873661","1884549","1884860","72","2039232"
"KQ053409v1","3939829","3940123","GL873549","1959966","1960211","93","1979863"
"KQ053409v1","3946445","3946739","GL873547","11458791","11459084","58","7512346"
"KQ053409v1","3972421","3972709","GL873535","20942348","20942633","55","16969927"
"KQ053409v1","4043319","4043596","GL873528","3829110","3829399","68","214209"
"KQ053409v1","4051960","4052248","GL873561","13826809","13827093","66","9774849"
"KQ053409v1","4058101","4058371","GL873526","23761987","23762248","79","19703886"
"KQ053409v1","4061379","4061562","GL873915","161462","161640","41","3899917"
"KQ053409v1","4070231","4070533","GL873659","1888654","1888954","53","2181577"
"KQ053409v1","4074992","4075285","GL873659","3462845","3463127","73","612147"
"KQ053409v1","4077808","4078103","GL873575","2687372","2687665","66","1390436"
"KQ053409v1","4081095","4081399","GL873611","4023344","4023633","73","57751"
"KQ053409v1","4084244","4084536","GL873578","5176227","5176517","58","1091983"
"KQ053409v1","4085440","4085750","GL873540","16795111","16795414","67","12709671"
"KQ053409v1","4085807","4086086","GL873723","268428","268703","76","3817379"
"KQ053409v1","4088160","4088452","GL873613","4450657","4450940","75","362497"
"KQ053409v1","4095115","4095408","GL873616","7318626","7318922","71","3223511"
"KQ053409v1","4096744","4097035","GL873538","9930834","9931133","73","5834090"
"KQ053409v1","4101550","4101847","GL873631","1772","2067","69","4099778"
"KQ053409v1","4114178","4114391","GL873524","41742731","41742942","65","37628553"
"KQ053409v1","4119956","4120119","GL873574","4453635","4453791","34","333679"
"KQ053409v1","4136275","4136583","GL873610","4431407","4431713","59","295132"
"KQ053409v1","4172544","4172825","GL873674","1944054","1944335","61","2228490"
"KQ053409v1","4193153","4193435","GL873562","6329750","6330035","67","2136597"
"KQ053409v1","4205153","4205437","GL873522","33506808","33507102","56","29301655"
"KQ053409v1","4212284","4212570","GL873537","20108472","20108765","62","15896188"
"KQ053409v1","4223858","4224154","GL873596","8979189","8979479","54","4755331"
"KQ053409v1","4227887","4228010","GL873596","8983737","8983863","29","4755850"
"KQ053409v1","4261362","4261469","GL873666","2946527","2946636","24","1314835"
"KQ053409v1","4271602","4271710","GL873666","2946527","2946636","23","1325075"
"KQ053409v1","4282939","4283187","GL873610","6508308","6508582","64","2225369"
"KQ053409v1","4292316","4292558","GL873526","12865197","12865466","67","8572881"
"KQ053409v1","4311986","4312266","GL873538","24442957","24443230","65","20130971"
"KQ053409v1","4314347","4314635","GL873526","27363782","27364052","60","23049435"
"KQ053409v1","4322566","4322866","GL873525","26101749","26102042","77","21779183"
"KQ053409v1","4325953","4326142","GL873525","1267028","1267232","52","3058925"
"KQ053409v1","4349064","4349387","GL873525","27816917","27817223","90","23467853"
"KQ053409v1","4366366","4366631","GL873534","25569435","25569715","72","21203069"
"KQ053409v1","4384900","4385020","GL873560","13049237","13049359","19","8664337"
"KQ053409v1","4430927","4431096","GL873677","3518199","3518384","47","912728"
"KQ053409v1","4439803","4440097","GL873522","40388442","40388729","62","35948639"
"KQ053409v1","4452057","4452142","GL873526","17349306","17349391","20","12897249"
"KQ053409v1","4492168","4492469","GL873765","69383","69680","67","4422785"
"KQ053409v1","4498715","4499019","GL873631","1772","2067","71","4496943"
"KQ053409v1","4516484","4516790","GL873635","4580818","4581122","62","64334"
"KQ053409v1","4550810","4551077","GL873529","16928169","16928429","66","12377359"
"KQ053409v1","4559751","4560037","GL873596","9287122","9287413","57","4727371"
"KQ053409v1","4678429","4678544","GL873633","6105258","6105370","23","1426829"
"KQ053409v1","4684434","4684726","GL873523","44139826","44140123","62","39455392"
"KQ053409v1","4686534","4686836","GL873523","8076383","8076689","55","3389849"
"KQ053409v1","4687467","4687751","GL873547","17485346","17485626","63","12797879"
"KQ053409v1","4691130","4691429","GL873548","16911479","16911770","69","12220349"
"KQ053409v1","4692855","4693176","GL873526","28619796","28620107","68","23926941"
"KQ053409v1","4693246","4693469","GL873520","27727357","27727577","53","23034111"
"KQ053409v1","4709181","4709365","GL873535","19157542","19157710","44","14448361"
"KQ053409v1","4765288","4765586","GL873524","42149014","42149308","57","37383726"
"KQ053409v1","4777055","4777339","GL873524","42149014","42149308","71","37371959"
"KQ053409v1","4819120","4819249","GL873624","1572638","1572769","25","3246482"
"KQ053409v1","4829351","4829653","GL873584","6966592","6966895","64","2137241"
"KQ053409v1","4836413","4836718","GL873577","10149931","10150226","58","5313518"
"KQ053409v1","4850837","4851148","GL873610","4431407","4431713","59","419430"
"KQ053409v1","4858703","4858975","GL873548","15510967","15511237","66","10652264"
"KQ053409v1","4881856","4882150","GL873544","17387088","17387379","58","12505232"
"KQ053409v1","4885828","4886111","GL873544","17387088","17387379","74","12501260"
"KQ053409v1","4888662","4888791","GL873545","20031078","20031208","27","15142416"
"KQ053409v1","4889137","4889304","GL873547","11524227","11524378","53","6635090"
"KQ053409v1","4892254","4892507","GL873700","1589056","1589324","69","3303198"
"KQ053409v1","4902878","4903049","GL873523","4406299","4406466","44","496579"
"KQ053409v1","4977625","4977900","GL873534","15140925","15141195","57","10163300"
"KQ053409v1","4987695","4987974","GL873548","13679256","13679534","66","8691561"
"KQ053409v1","4990465","4990744","GL873535","25466569","25466845","69","20476104"
"KQ053409v1","5005992","5006286","GL873566","11130254","11130540","62","6124262"
"KQ053409v1","5015028","5015328","GL873546","859614","859905","68","4155414"
"KQ053409v1","5092759","5092978","GL873521","49362158","49362369","53","44269399"
"KQ053409v1","5096968","5097095","GL873564","3265109","3265236","22","1831859"
"KQ053409v1","5120706","5120975","GL873752","219309","219580","45","4901397"
"KQ053409v1","5138502","5138792","GL873523","5237401","5237693","55","98899"
"KQ053409v1","5151218","5151540","GL873523","18918006","18918306","94","13766788"
"KQ053409v1","5169160","5169375","GL873675","2996567","2996773","56","2172593"
"KQ053409v1","5180621","5180904","GL873520","41691597","41691883","65","36510976"
"KQ053409v1","5221676","5221983","GL873524","35370858","35371151","66","30149182"
"KQ053409v1","5238392","5238556","GL873683","2358013","2358169","51","2880379"
"KQ053409v1","5251208","5251485","GL873611","6802065","6802336","64","1550857"
"KQ053409v1","5259111","5259407","GL873548","16799670","16799961","64","11540559"
"KQ053409v1","5268024","5268319","GL873531","29056008","29056304","76","23787984"
"KQ053409v1","5298332","5298602","GL873631","3364193","3364459","68","1934139"
"KQ053409v1","5299365","5299563","GL873523","16116046","16116243","54","10816681"
"KQ053409v1","5300822","5301122","GL873748","238196","238496","69","5062626"
"KQ053409v1","5307443","5307555","GL873525","12053111","12053224","26","6745668"
"KQ053409v1","5312455","5312722","GL873812","400580","400858","61","4911875"
"KQ053409v1","5314348","5314639","GL873632","3524037","3524325","58","1790311"
"KQ053409v1","5343897","5344176","GL873632","5537110","5537401","68","193213"
"KQ053409v1","5350979","5351259","GL873526","24340103","24340385","65","18989124"
"KQ053409v1","5353440","5353721","GL873544","21024658","21024936","59","15671218"
"KQ053409v1","5358002","5358303","GL873538","23098878","23099170","65","17740876"
"KQ053409v1","5360687","5360898","GL873592","7574510","7574720","42","2213823"
"KQ053409v1","5392948","5393254","GL873535","11877698","11878000","63","6484750"
"KQ053409v1","5408607","5408908","GL873535","11877698","11878000","68","6469091"
"KQ053409v1","5417738","5418036","GL873647","2463870","2464167","74","2953868"
"KQ053409v1","5425718","5426013","GL873537","20108472","20108765","64","14682754"
"KQ053409v1","5460423","5460698","GL873586","8120080","8120363","63","2659657"
"KQ053409v1","5465893","5466167","GL873526","25295506","25295789","61","19829613"
"KQ053409v1","5469177","5469495","GL873533","30349864","30350174","70","24880687"
"KQ053409v1","5501290","5501596","GL873531","19369345","19369649","65","13868055"
"KQ053409v1","5512011","5512181","GL873678","2356944","2357102","42","3155067"
"KQ053409v1","5517246","5517531","GL873631","1772","2067","67","5515474"
"KQ053409v1","5521803","5522097","GL873631","1772","2067","60","5520031"
"KQ053409v1","5525609","5525899","GL873631","1772","2067","65","5523837"
"KQ053409v1","5534423","5534733","GL873524","35370858","35371151","76","29836435"
"KQ053409v1","5536394","5536527","GL873543","13242093","13242230","22","7705699"
"KQ053409v1","5542243","5542516","GL873615","7215678","7215956","74","1673435"
"KQ053409v1","5554716","5555014","GL873523","28431022","28431322","70","22876306"
"KQ053409v1","5555503","5555778","GL873536","13622290","13622562","55","8066787"
"KQ053409v1","5602844","5603146","GL873586","3828887","3829179","67","1773957"
"KQ053409v1","5606626","5606936","GL873606","8367928","8368230","65","2761302"
"KQ053409v1","5647390","5647716","GL873591","6395821","6396131","82","748431"
"KQ053409v1","5652131","5652438","GL873720","1268124","1268434","58","4384007"
"KQ053409v1","5661019","5661320","GL873639","5351261","5351562","81","309758"
"KQ053409v1","5667437","5667746","GL873602","8209282","8209594","89","2541845"
"KQ053409v1","5675153","5675340","GL873589","7762349","7762522","57","2087196"
"KQ053409v1","5681125","5681432","GL873521","6835945","6836242","62","1154820"
"KQ053409v1","5692858","5693173","GL873615","5162108","5162422","68","530750"
"KQ053409v1","5695514","5695813","GL873521","3466616","3466925","63","2228898"
"KQ053409v1","5702299","5702472","GL873604","3142141","3142319","49","2560158"
"KQ053409v1","5726520","5726800","GL873723","1057504","1057782","63","4669016"
"KQ053409v1","5728185","5728489","GL873537","23325667","23325965","59","17597482"
"KQ053409v1","5730769","5731084","GL873565","12863044","12863358","69","7132275"
"KQ053409v1","5735298","5735505","GL873611","6903506","6903704","54","1168208"
"KQ053409v1","5782251","5782545","GL873545","17052684","17052979","52","11270433"
"KQ053409v1","5795669","5795800","GL873751","463161","463291","26","5332508"
"KQ053409v1","5820071","5820360","GL873654","107855","108156","72","5712216"
"KQ053409v1","5853727","5854034","GL873577","10149931","10150226","65","4296204"
"KQ053409v1","5859615","5859883","GL873624","1833935","1834197","71","4025680"
"KQ053409v1","5861103","5861383","GL873711","15364","15642","56","5845739"
"KQ053409v1","5864209","5864508","GL873575","2279344","2279629","81","3584865"
"KQ053409v1","5866967","5867249","GL873539","2531227","2531508","81","3335740"
"KQ053409v1","5869692","5869982","GL873575","2279344","2279629","78","3590348"
"KQ053409v1","5871175","5871452","GL873711","15364","15642","58","5855811"
"KQ053409v1","5885739","5885866","GL873595","5868346","5868469","28","17393"
"KQ053409v1","5896528","5896843","GL873641","3079760","3080070","60","2816768"
"KQ053409v1","5939102","5939392","GL873544","12852108","12852394","52","6913006"
"KQ053409v1","5968352","5968576","GL873586","6544389","6544609","66","576037"
"KQ053409v1","5994379","5994667","GL873614","1996310","1996595","62","3998069"
"KQ053409v1","6010281","6010574","GL873593","2667655","2667944","58","3342626"
"KQ053409v1","6016707","6016999","GL873579","984876","985165","58","5031831"
"KQ053409v1","6025907","6026030","GL873521","3330722","3330846","19","2695185"
"KQ053409v1","6026557","6026842","GL873638","1714776","1715061","62","4311781"
"KQ053409v1","6033183","6033420","GL873520","5837216","5837463","70","195967"
"KQ053409v1","6040493","6040793","GL873531","27860265","27860563","44","21819772"
"KQ053409v1","6052073","6052357","GL873526","14921887","14922168","75","8869814"
"KQ053409v1","6082264","6082561","GL873579","3021095","3021392","64","3061169"
"KQ053409v1","6107570","6107860","GL873526","25295506","25295789","63","19187936"
"KQ053409v1","6112087","6112243","GL873592","4725595","4725749","31","1386492"
"KQ053409v1","6114915","6115214","GL873671","1289718","1290012","64","4825197"
"KQ053409v1","6124461","6124582","GL873591","8929862","8929981","16","2805401"
"KQ053409v1","6125056","6125353","GL873631","1772","2067","66","6123284"
"KQ053409v1","6125859","6125989","GL873537","6930739","6930868","32","804880"
"KQ053409v1","6130738","6131034","GL873538","24663308","24663595","65","18532570"
"KQ053409v1","6144300","6144612","GL873618","1121386","1121685","70","5022914"
"KQ053409v1","6169081","6169284","GL873522","4963073","4963271","54","1206008"
"KQ053409v1","6192650","6192771","GL873561","9403153","9403273","22","3210503"
"KQ053409v1","6196029","6196274","GL873526","30876396","30876632","57","24680367"
"KQ053409v1","6197306","6197575","GL873624","287486","287760","61","5909820"
"KQ053409v1","6204201","6204493","GL873543","2904962","2905248","64","3299239"
"KQ053409v1","6211277","6211542","GL873553","8989980","8990229","68","2778703"
"KQ053409v1","6218202","6218511","GL873596","3562116","3562414","79","2656086"
"KQ053409v1","6226117","6226412","GL873629","2404203","2404499","75","3821914"
"KQ053409v1","6226601","6226911","GL873552","9485985","9486288","69","3259384"
"KQ053409v1","6258858","6259134","GL873592","2017960","2018232","55","4240898"
"KQ053409v1","6284670","6284957","GL873525","45380033","45380317","64","39095363"
"KQ053409v1","6332403","6332741","GL873681","3483166","3483488","95","2849237"
"KQ053409v1","6394165","6394284","GL873548","8652328","8652448","25","2258163"
"KQ053409v1","6435392","6435703","GL873524","15863604","15863912","59","9428212"
"KQ053409v1","6470595","6470784","GL873595","5966599","5966798","49","503996"
"KQ053409v1","6480266","6480436","GL873647","3571669","3571828","37","2908597"
"KQ053409v1","6480473","6480612","GL873541","18089608","18089735","30","11609135"
"KQ053409v1","6484326","6484617","GL873537","20108472","20108765","62","13624146"
"KQ053409v1","6515531","6515748","GL873740","1487607","1487825","63","5027924"
"KQ053409v1","6567467","6567771","GL873575","2687372","2687665","61","3880095"
"KQ053409v1","6570939","6571236","GL873562","11382494","11382780","62","4811555"
"KQ053409v1","6635409","6635676","GL873532","3501177","3501440","56","3134232"
"KQ053409v1","6657049","6657349","GL873737","1691288","1691582","80","4965761"
"KQ053409v1","6660585","6660858","GL873693","2634108","2634374","71","4026477"
"KQ053409v1","6672261","6672535","GL873563","9713700","9713970","63","3041439"
"KQ053409v1","6682911","6683069","GL873528","1120859","1121019","35","5562052"
"KQ053409v1","6683105","6683223","GL873679","188241","188357","20","6494864"
"KQ053409v1","6689953","6690209","GL873706","1260453","1260716","68","5429500"
"KQ053409v1","6695668","6695775","GL873623","2197292","2197402","20","4498376"
"KQ053409v1","6734108","6734423","GL873539","25527772","25528079","67","18793664"
"KQ053409v1","6848291","6848573","GL873546","859614","859905","58","5988677"
"KQ053409v1","6856227","6856509","GL873557","5844700","5844982","47","1011527"
"KQ053409v1","6864407","6864712","GL873548","15755209","15755503","69","8890802"
"KQ053409v1","6876579","6876701","GL873547","17597232","17597356","22","10720653"
"KQ053409v1","6887576","6887821","GL873800","162596","162852","65","6724980"
"KQ053409v1","6904234","6904537","GL873527","25101599","25101892","70","18197365"
"KQ053409v1","6912050","6912250","GL873530","21916551","21916742","57","15004501"
"KQ053409v1","6913791","6914115","GL873615","5162108","5162422","76","1751683"
"KQ053409v1","6920849","6921147","GL873697","1137569","1137861","72","5783280"
"KQ053409v1","7005164","7005448","GL873675","1235170","1235461","79","5769994"
"KQ053409v1","7009914","7010173","GL873576","7005736","7005999","59","4178"
"KQ053409v1","7017241","7017531","GL873638","6356734","6357014","62","660507"
"KQ053409v1","7025838","7026135","GL873524","42149014","42149308","68","35123176"
"KQ053409v1","7062572","7062838","GL873536","28797975","28798231","74","21735403"
"KQ053409v1","7064949","7065074","GL873543","6168107","6168231","19","896842"
"KQ053409v1","7166353","7166645","GL873544","12852108","12852394","59","5685755"
"KQ053409v1","7250730","7251021","GL873632","82576","82862","94","7168154"
"KQ053409v1","7258033","7258316","GL873535","29836384","29836651","85","22578351"
"KQ053409v1","7259281","7259581","GL873660","743632","743918","75","6515649"
"KQ053409v1","7267353","7267685","GL873762","362206","362528","85","6905147"
"KQ053409v1","7368122","7368413","GL873537","20108472","20108765","58","12740350"
"KQ053409v1","7388516","7388777","GL873578","6935490","6935744","65","453026"
"KQ053410v1","18088","18271","GL873586","8236164","8236367","56","8218076"
"KQ053410v1","24488","24786","GL873540","22601466","22601753","62","22576978"
"KQ053410v1","239197","239472","GL873530","21594334","21594610","59","21355137"
"KQ053410v1","252892","253098","GL873536","17691562","17691771","49","17438670"
"KQ053410v1","269333","269628","GL873542","22834977","22835273","77","22565644"
"KQ053410v1","279743","279876","GL873646","3620254","3620385","27","3340511"
"KQ053410v1","295593","295883","GL873590","221969","222250","71","73624"
"KQ053410v1","337652","337946","GL873632","5787814","5788105","77","5450162"
"KQ053410v1","375864","376024","GL873650","1230949","1231105","40","855085"
"KQ053410v1","387124","387420","GL873646","5530496","5530792","65","5143372"
"KQ053410v1","387450","387747","GL873545","12978830","12979129","61","12591380"
"KQ053410v1","390286","390520","GL873525","42150777","42151009","56","41760491"
"KQ053410v1","395294","395590","GL873772","522228","522524","70","126934"
"KQ053410v1","402751","403058","GL873521","9384537","9384850","81","8981786"
"KQ053410v1","403108","403235","GL873523","11296246","11296373","28","10893138"
"KQ053410v1","407771","408089","GL873525","1820602","1820888","85","1412831"
"KQ053410v1","416652","416772","GL873548","17238534","17238646","24","16821882"
"KQ053410v1","418466","418759","GL873520","39401084","39401363","64","38982618"
"KQ053410v1","428301","428544","GL873585","746889","747123","78","318588"
"KQ053410v1","460195","460296","GL873545","1717096","1717203","21","1256901"
"KQ053410v1","463156","463398","GL873607","7162733","7162962","68","6699577"
"KQ053410v1","479385","479680","GL873525","1769774","1770063","62","1290389"
"KQ053410v1","492295","492549","GL873618","3140219","3140472","64","2647924"
"KQ053410v1","498465","498768","GL873531","19369345","19369649","69","18870880"
"KQ053410v1","498871","499131","GL873543","13628351","13628611","64","13129480"
"KQ053410v1","506054","506350","GL873522","42556538","42556845","69","42050484"
"KQ053410v1","516542","516844","GL873525","1724071","1724355","61","1207529"
"KQ053410v1","549727","549976","GL873604","973235","973495","57","423508"
"KQ053410v1","552029","552130","GL873564","4587735","4587832","24","4035706"
"KQ053410v1","552360","552582","GL873529","8596265","8596494","40","8043905"
"KQ053410v1","561699","561754","GL873577","2180279","2180336","14","1618580"
"KQ053410v1","562080","562290","GL873709","110895","111095","59","451185"
"KQ053410v1","567816","568075","GL873534","1599256","1599518","58","1031440"
"KQ053410v1","569725","569989","GL873534","25376848","25377099","80","24807123"
"KQ053410v1","570052","570199","GL873527","31648355","31648504","34","31078303"
"KQ053410v1","580106","580162","GL873577","2180279","2180336","13","1600173"
"KQ053410v1","580493","580715","GL873593","1888251","1888473","62","1307758"
"KQ053410v1","586113","586364","GL873525","39406047","39406306","52","38819934"
"KQ053410v1","651361","651611","GL873678","628908","629161","52","22453"
"KQ053410v1","691179","691425","GL873548","17132430","17132677","64","16441251"
"KQ053410v1","695650","695932","GL873526","25295506","25295789","65","24599856"
"KQ053410v1","835055","835338","GL873586","6889069","6889346","65","6054014"
"KQ053410v1","859512","859816","GL873577","10149931","10150226","60","9290419"
"KQ053410v1","862674","862969","GL873673","4218625","4218921","74","3355951"
"KQ053410v1","871505","871785","GL873593","480828","481113","67","390677"
"KQ053410v1","918796","919014","GL873526","40957560","40957777","53","40038764"
"KQ053410v1","969017","969285","GL873522","4831490","4831754","65","3862473"
"KQ053410v1","1022133","1022419","GL873579","984876","985165","58","37257"
"KQ053410v1","1046859","1046977","GL873611","7381687","7381809","25","6334828"
"KQ053410v1","1081246","1081550","GL873608","4218070","4218374","78","3136824"
"KQ053410v1","1247403","1247689","GL873544","12852108","12852394","52","11604705"
"KQ053410v1","1530223","1530522","GL873557","2593590","2593897","69","1063367"
"KQ053410v1","1571586","1571823","GL873558","2558943","2559176","60","987357"
"KQ053410v1","1588841","1588908","GL873527","7862091","7862159","8","6273250"
"KQ053410v1","1595330","1595618","GL873537","20108472","20108765","57","18513142"
"KQ053410v1","1812431","1812720","GL873723","1057504","1057782","80","754927"
"KQ053410v1","1857704","1857983","GL873645","2515370","2515643","78","657666"
"KQ053410v1","1926409","1926726","GL873531","29056008","29056304","75","27129599"
"KQ053410v1","1944848","1944970","GL873834","415652","415774","26","1529196"
"KQ053410v1","2001015","2001239","GL873624","4910653","4910878","50","2909638"
"KQ053410v1","2092224","2092514","GL873613","4450657","4450940","63","2358433"
"KQ053410v1","2145819","2146100","GL873674","3713686","3713961","63","1567867"
"KQ053410v1","2194536","2194833","GL873525","64429","64722","72","2130107"
"KQ053410v1","2295871","2296148","GL873530","21594334","21594610","71","19298463"
"KQ053410v1","2443359","2443494","GL873527","35059122","35059255","31","32615763"
"KQ053410v1","2463994","2464357","GL873532","12756529","12756867","106","10292535"
"KQ053410v1","2548125","2548418","GL873548","16911479","16911770","58","14363354"
"KQ053410v1","2607243","2607523","GL873529","29178411","29178680","66","26571168"
"KQ053410v1","2616379","2616691","GL873621","545875","546169","80","2070504"
"KQ053410v1","2631605","2631902","GL873528","4452981","4453269","80","1821376"
"KQ053410v1","2659298","2659596","GL873557","15070064","15070360","67","12410766"
"KQ053410v1","2668581","2668848","GL873527","3852983","3853250","62","1184402"
"KQ053410v1","2674361","2674672","GL873720","1268124","1268434","80","1406237"
"KQ053410v1","2971607","2971880","GL873542","1165408","1165692","78","1806199"
"KQ053410v1","3196032","3196315","GL873579","984876","985165","68","2211156"
"KQ053410v1","3252839","3253081","GL873621","6165835","6166076","54","2912996"
"KQ053410v1","3271498","3271774","GL873568","4075922","4076204","70","804424"
"KQ053410v1","3272848","3273114","GL873660","1384330","1384596","63","1888518"
"KQ053410v1","3431720","3431923","GL873538","20322999","20323196","56","16891279"
"KQ053410v1","3607814","3608108","GL873547","11458791","11459084","64","7850977"
"KQ053410v1","3825239","3825533","GL873638","4772364","4772657","69","947125"
"KQ053410v1","3927541","3927860","GL873588","6897685","6897994","78","2970144"
"KQ053410v1","3985096","3985360","GL873578","6797196","6797452","68","2812100"
"KQ053410v1","4353236","4353538","GL873575","2687372","2687665","72","1665864"
"KQ053410v1","4391547","4391835","GL873590","643532","643818","56","3748015"
"KQ053410v1","4410868","4411141","GL873579","478240","478517","63","3932628"
"KQ053410v1","4441031","4441338","GL873543","18235011","18235305","65","13793980"
"KQ053410v1","4538288","4538451","GL873528","8421593","8421755","40","3883305"
"KQ053410v1","4703312","4703534","GL873521","49362158","49362369","50","44658846"
"KQ053410v1","4795592","4795678","GL873581","9184820","9184906","23","4389228"
"KQ053410v1","4796012","4796127","GL873536","13380865","13380974","32","8584853"
"KQ053410v1","4942462","4942747","GL873536","5654007","5654284","73","711545"
"KQ053410v1","4989383","4989670","GL873613","4450657","4450940","53","538726"
"KQ053410v1","5042539","5042818","GL873568","3992941","3993207","79","1049598"
"KQ053410v1","5050896","5051165","GL873593","3958983","3959265","59","1091913"
"KQ053410v1","5054193","5054462","GL873522","36470419","36470671","72","31416226"
"KQ053410v1","5072046","5072357","GL873632","5563150","5563458","71","491104"
"KQ053410v1","5078961","5079260","GL873521","4276201","4276500","73","802760"
"KQ053410v1","5096699","5096866","GL873548","9199902","9200060","38","4103203"
"KQ053410v1","5101203","5101298","GL873649","4918614","4918710","13","182589"
"KQ053410v1","5127667","5127920","GL873530","21920494","21920765","71","16792827"
"KQ053410v1","5130483","5130590","GL873581","9397393","9397501","17","4266910"
"KQ053410v1","5132854","5133098","GL873675","2666348","2666588","73","2466506"
"KQ053410v1","5136391","5136665","GL873526","25289078","25289366","71","20152687"
"KQ053410v1","5139151","5139403","GL873529","17970712","17970985","72","12831561"
"KQ053410v1","5245962","5246231","GL873691","3470990","3471246","67","1774972"
"KQ053410v1","5250161","5250337","GL873521","8923587","8923754","55","3673426"
"KQ053410v1","5421409","5421697","GL873586","3644350","3644652","67","1777059"
"KQ053410v1","5441803","5442077","GL873527","25747467","25747736","69","20305664"
"KQ053411v1","1106","1424","GL873541","18220450","18220758","78","18219344"
"KQ053417v1","115865","116043","GL873530","3934274","3934457","47","3818409"
"KQ053419v1","10575","10858","GL873537","20108472","20108765","51","20097897"
"KQ053420v1","58557","58860","GL873570","3597582","3597879","67","3539025"
"KQ053420v1","96791","97074","GL873563","2759498","2759786","62","2662707"
"KQ053420v1","142015","142318","GL873562","5077584","5077879","81","4935569"
"KQ053420v1","225845","226141","GL873577","10149931","10150226","61","9924086"
"KQ053420v1","351071","351344","GL873723","1057504","1057782","62","706433"
"KQ053420v1","371825","372106","GL873800","561741","562019","66","189916"
"KQ053420v1","396526","396797","GL873558","12747541","12747811","58","12351015"
"KQ053420v1","405555","405811","GL873885","160940","161185","61","244615"
"KQ053421v1","160081","160352","GL873544","20756280","20756556","63","20596199"
"KQ053421v1","397599","397911","GL873610","4431407","4431713","67","4033808"
"KQ053421v1","478843","479140","GL873595","6299511","6299790","95","5820668"
"KQ053421v1","544355","544489","GL873834","415652","415774","30","128703"
"KQ053421v1","588481","588784","GL873540","11122200","11122500","78","10533719"
"KQ053421v1","643474","643734","GL873538","15722302","15722548","79","15078828"
"KQ053421v1","776166","776460","GL873522","25185925","25186218","70","24409759"
"KQ053421v1","783099","783378","GL873557","13615508","13615790","74","12832409"
"KQ053421v1","831306","831630","GL873527","21783066","21783365","74","20951760"
"KQ053421v1","868089","868231","GL873530","8526192","8526322","39","7658103"
"KQ053421v1","868352","868486","GL873558","6768780","6768903","31","5900428"
"KQ053421v1","897224","897521","GL873663","2383516","2383802","77","1486292"
"KQ053421v1","1106269","1106608","GL873545","12624286","12624594","88","11518017"
"KQ053421v1","1117386","1117686","GL873536","11202886","11203192","65","10085500"
"KQ053421v1","1131977","1132273","GL873749","1776861","1777155","81","644884"
"KQ053421v1","1175172","1175461","GL873657","3029272","3029566","68","1854100"
"KQ053421v1","1307486","1307787","GL873524","42149014","42149308","67","40841528"
"KQ053421v1","1373745","1374026","GL873720","1260195","1260485","72","113550"
"KQ053421v1","1900279","1900540","GL873576","5900649","5900911","67","4000370"
"KQ053421v1","1914706","1915022","GL873720","1268124","1268434","68","646582"
"KQ053421v1","1935466","1935771","GL873613","752445","752752","83","1183021"
"KQ053421v1","2275902","2276208","GL873661","1884549","1884860","60","391353"
"KQ053421v1","2279963","2280235","GL873545","12445075","12445329","68","10165112"
"KQ053421v1","2288568","2288813","GL873570","5172076","5172338","67","2883508"
"KQ053421v1","2319619","2319909","GL873589","8159658","8159953","68","5840039"
"KQ053421v1","2398270","2398498","GL873531","4298410","4298635","56","1900140"
"KQ053421v1","2404281","2404559","GL873592","2374226","2374492","61","30055"
"KQ053421v1","2428676","2428960","GL873579","9758474","9758769","76","7329798"
"KQ053421v1","2483215","2483512","GL873680","2430414","2430707","64","52801"
"KQ053421v1","2534459","2534592","GL873533","15869599","15869736","30","13335140"
"KQ053421v1","2537105","2537415","GL873533","2289538","2289847","57","247567"
"KQ053421v1","2555541","2555866","GL873527","11533238","11533536","72","8977697"
"KQ053421v1","2606158","2606399","GL873613","6229622","6229856","61","3623464"
"KQ053421v1","2641138","2641342","GL873627","4281284","4281483","55","1640146"
"KQ053421v1","2663109","2663192","GL873563","11250314","11250398","14","8587205"
"KQ053421v1","2671614","2671909","GL873529","35901673","35901970","61","33230059"
"KQ053421v1","2674001","2674288","GL873752","219309","219580","78","2454692"
"KQ053421v1","2687534","2687792","GL873548","18411541","18411791","65","15724007"
"KQ053421v1","2705397","2705585","GL873550","14886379","14886570","56","12180982"
"KQ053421v1","2713494","2713801","GL873663","4135704","4136012","63","1422210"
"KQ053421v1","2731828","2732111","GL873521","24646365","24646645","70","21914537"
"KQ053421v1","2777340","2777650","GL873537","14571116","14571406","91","11793776"
"KQ053421v1","2805705","2805941","GL873569","10179577","10179804","62","7373872"
"KQ053421v1","2838867","2839079","GL873532","26637865","26638082","70","23798998"
"KQ053421v1","2871689","2871911","GL873595","5966599","5966798","56","3094910"
"KQ053421v1","2947302","2947608","GL873530","17375868","17376165","64","14428566"
"KQ053421v1","2960609","2960721","GL873528","10816645","10816758","22","7856036"
"KQ053421v1","2966267","2966576","GL873539","16962819","16963102","88","13996552"
"KQ053421v1","3017562","3017844","GL873533","2815361","2815653","61","202201"
"KQ053421v1","3085591","3085724","GL873664","1714322","1714452","28","1371269"
"KQ053421v1","3090970","3091264","GL873596","249241","249521","70","2841729"
"KQ053421v1","3104098","3104222","GL873590","762566","762687","19","2341532"
"KQ053421v1","3112111","3112382","GL873752","219309","219580","62","2892802"
"KQ053421v1","3118413","3118684","GL873596","1943321","1943595","73","1175092"
"KQ053421v1","3172355","3172644","GL873568","10563353","10563640","56","7390998"
"KQ053421v1","3270807","3271036","GL873551","4428507","4428742","54","1157700"
"KQ053421v1","3374335","3374580","GL873646","4018341","4018580","60","644006"
"KQ053421v1","3755008","3755324","GL873546","13542628","13542944","86","9787620"
"KQ053421v1","3966815","3967107","GL873527","24552205","24552484","66","20585390"
"KQ053421v1","4300797","4301086","GL873744","1802327","1802617","85","2498470"
"KQ053421v1","4328208","4328393","GL873521","24671783","24671967","48","20343575"
"KQ053421v1","4353309","4353604","GL873547","8917733","8918044","73","4564424"
"KQ053421v1","4390078","4390341","GL873533","13380721","13380981","65","8990643"
"KQ053421v1","4464796","4465090","GL873545","17052684","17052979","71","12587888"
"KQ053421v1","4472609","4472905","GL873521","6835945","6836242","74","2363336"
"KQ053421v1","4517435","4517687","GL873557","6395178","6395429","53","1877743"
"KQ053421v1","4532679","4532958","GL873619","4539188","4539462","75","6509"
"KQ053421v1","4727153","4727451","GL873533","27652586","27652871","77","22925433"
"KQ053421v1","4736075","4736385","GL873772","522228","522524","75","4213847"
"KQ053421v1","4762885","4763167","GL873684","2777170","2777459","76","1985715"
"KQ053421v1","4786081","4786382","GL873521","13427621","13427921","74","8641540"
"KQ053421v1","4823510","4823801","GL873596","6955959","6956250","65","2132449"
"KQ053421v1","4941669","4941934","GL873630","7071653","7071901","66","2129984"
"KQ053421v1","5003671","5003795","GL873540","9446474","9446596","25","4442803"
"KQ053421v1","5071932","5072221","GL873526","4353131","4353412","58","718801"
"KQ053421v1","5356255","5356556","GL873537","21410001","21410301","69","16053746"
"KQ053421v1","5361046","5361294","GL873664","4915614","4915853","76","445432"
"KQ053421v1","5370686","5370985","GL873530","16695374","16695671","61","11324688"
"KQ053421v1","5380352","5380668","GL873653","2463372","2463673","73","2916980"
"KQ053421v1","5400018","5400330","GL873521","25393132","25393414","95","19993114"
"KQ053421v1","5407970","5408291","GL873537","14097659","14097958","93","8689689"
"KQ053421v1","5471855","5472143","GL873678","1024189","1024471","61","4447666"
"KQ053421v1","5475944","5476244","GL873520","23923056","23923353","71","18447112"
"KQ053421v1","5481804","5481913","GL873539","3209753","3209863","19","2272051"
"KQ053421v1","5484879","5485182","GL873591","6395821","6396131","67","910942"
"KQ053421v1","5516983","5517278","GL873520","25679088","25679380","68","20162105"
"KQ053421v1","5543889","5544181","GL873536","2527252","2527542","77","3016637"
"KQ053421v1","5554613","5554867","GL873634","652582","652828","69","4902031"
"KQ053421v1","5572407","5572715","GL873552","11205817","11206103","69","5633410"
"KQ053421v1","5583449","5583760","GL873596","3562116","3562414","68","2021333"
"KQ053421v1","5588728","5589030","GL873672","3031881","3032180","73","2556847"
"KQ053421v1","5605092","5605391","GL873572","9034316","9034616","62","3429224"
"KQ053421v1","5627501","5627815","GL873530","23555027","23555331","78","17927526"
"KQ053421v1","5633349","5633655","GL873592","7775568","7775869","70","2142219"
"KQ053421v1","5639804","5640089","GL873623","6951295","6951573","70","1311491"
"KQ053421v1","5657173","5657462","GL873677","4203427","4203715","58","1453746"
"KQ053421v1","5667452","5667748","GL873548","16911479","16911770","64","11244027"
"KQ053422v1","82671","82946","GL873538","2102031","2102304","66","2019360"
"KQ053426v1","16853","16965","GL873539","3209753","3209863","20","3192900"
"KQ053426v1","18961","19053","GL873540","23115216","23115308","17","23096255"
"KQ053426v1","23892","24184","GL873522","40388442","40388729","62","40364550"
"KQ053426v1","26629","26951","GL873543","18754630","18754960","77","18728001"
"KQ053426v1","46348","46655","GL873538","19622743","19623037","68","19576395"
"KQ053426v1","88601","88690","GL873645","2090975","2091070","21","2002374"
"KQ053426v1","90700","90810","GL873539","3209753","3209863","24","3119053"
"KQ053429v1","33586","33797","GL873574","11629061","11629252","70","11595475"
"KQ053429v1","71644","71944","GL873522","4222168","4222461","62","4150524"
"KQ053432v1","3931931","3932227","GL873529","16865259","16865563","49","12933328"
"KQ053432v1","27948","28176","GL873547","14558554","14558781","46","14530606"
"KQ053432v1","39002","39277","GL873562","1255795","1256066","69","1216793"
"KQ053432v1","156688","156855","GL873520","16598883","16599051","39","16442195"
"KQ053432v1","219293","219416","GL873548","6651882","6652005","16","6432589"
"KQ053432v1","322089","322394","GL873612","2357949","2358251","69","2035860"
"KQ053432v1","323377","323657","GL873563","9713700","9713970","70","9390323"
"KQ053432v1","705467","705751","GL873520","43404035","43404315","59","42698568"
"KQ053432v1","746172","746488","GL873537","20806240","20806550","65","20060068"
"KQ053432v1","770354","770634","GL873526","25295506","25295789","54","24525152"
"KQ053432v1","870206","870498","GL873540","4711812","4712090","61","3841606"
"KQ053432v1","957658","957953","GL873721","824739","825025","65","132919"
"KQ053432v1","1089530","1089796","GL873521","53707997","53708279","70","52618467"
"KQ053432v1","1359163","1359447","AAQR03198005","140","423","59","1359023"
"KQ053432v1","1393277","1393553","GL873529","23083772","23084054","66","21690495"
"KQ053432v1","1510078","1510372","GL873536","13170683","13170981","75","11660605"
"KQ053432v1","1524040","1524338","GL873542","1340847","1341130","65","183193"
"KQ053432v1","1640153","1640446","GL873598","2997153","2997446","64","1357000"
"KQ053432v1","1732821","1733088","GL873586","3593963","3594238","68","1861142"
"KQ053432v1","1745627","1745935","GL873615","5162108","5162422","61","3416481"
"KQ053432v1","1804157","1804464","GL873531","26541278","26541588","73","24737121"
"KQ053432v1","1851178","1851463","GL873540","4711812","4712090","58","2860634"
"KQ053432v1","1965599","1965886","GL873557","9951663","9951956","72","7986064"
"KQ053432v1","2063015","2063301","GL873586","255814","256100","72","1807201"
"KQ053432v1","2133038","2133327","GL873634","2627489","2627772","64","494451"
"KQ053432v1","2279604","2279923","GL873529","1948168","1948464","72","331436"
"KQ053432v1","2411430","2411547","GL873521","44184364","44184477","32","41772934"
"KQ053432v1","2464189","2464306","GL873542","1259218","1259335","19","1204971"
"KQ053432v1","2490168","2490296","GL873591","5814379","5814504","28","3324211"
"KQ053432v1","2649956","2650254","GL873586","3828887","3829179","65","1178931"
"KQ053432v1","2680103","2680307","GL873538","4542017","4542230","52","1861914"
"KQ053432v1","2803076","2803366","GL873524","42149014","42149308","71","39345938"
"KQ053432v1","2896983","2897274","GL873575","2687372","2687665","69","209611"
"KQ053432v1","2957762","2958048","GL873752","219309","219580","61","2738453"
"KQ053432v1","3031274","3031536","GL873664","3676152","3676411","63","644878"
"KQ053432v1","3091281","3091565","GL873601","7074690","7074961","82","3983409"
"KQ053432v1","3189708","3189995","GL873562","5328731","5329017","60","2139023"
"KQ053432v1","3304677","3304978","GL873521","6835945","6836242","56","3531268"
"KQ053432v1","3336753","3337056","GL873579","2271701","2271990","73","1065052"
"KQ053432v1","3370188","3370415","GL873522","21258404","21258617","60","17888216"
"KQ053432v1","3375768","3376055","GL873521","25393132","25393414","67","22017364"
"KQ053432v1","3380194","3380465","GL873752","219309","219580","64","3160885"
"KQ053432v1","3382970","3383262","GL873527","12231505","12231798","62","8848535"
"KQ053432v1","3394553","3394861","GL873569","10832503","10832794","70","7437950"
"KQ053432v1","3468337","3468644","GL873563","5489805","5490109","62","2021468"
"KQ053432v1","3546331","3546613","GL873535","16379844","16380123","61","12833513"
"KQ053432v1","3564228","3564375","GL873533","13896451","13896593","35","10332223"
"KQ053432v1","3568777","3569070","GL873579","11381917","11382212","69","7813140"
"KQ053432v1","3572353","3572650","GL873608","5261767","5262063","54","1689414"
"KQ053432v1","3587922","3588224","GL873542","8032564","8032870","69","4444642"
"KQ053432v1","3614748","3615019","GL873564","2852713","2852980","59","762035"
"KQ053432v1","3635430","3635668","GL873570","9627130","9627370","72","5991700"
"KQ053432v1","3680106","3680294","GL873653","506733","506924","59","3173373"
"KQ053432v1","3684000","3684294","GL873724","2082729","2083029","69","1601271"
"KQ053432v1","3700264","3700567","GL873577","10149931","10150226","69","6449667"
"KQ053432v1","3706344","3706654","GL873520","46903199","46903512","70","43196855"
"KQ053432v1","3735365","3735673","GL873618","2319260","2319570","71","1416105"
"KQ053432v1","3772585","3772882","GL873673","4218625","4218921","73","446040"
"KQ053432v1","3783494","3783777","GL873521","33844036","33844322","59","30060542"
"KQ053432v1","3794049","3794343","GL873548","16911479","16911770","66","13117430"
"KQ053432v1","3800056","3800382","GL873544","21039211","21039519","76","17239155"
"KQ053432v1","3802670","3802966","GL873520","48675796","48676094","65","44873126"
"KQ053432v1","3812908","3813230","GL873615","5162108","5162422","76","1349200"
"KQ053432v1","3832087","3832343","GL873646","4128886","4129146","68","296799"
"KQ053432v1","3837696","3837993","GL873526","10776369","10776653","65","6938673"
"KQ053432v1","3924672","3925009","GL873596","3562116","3562414","86","362556"
"KQ053432v1","3932527","3932825","GL873520","38236690","38236980","64","34304163"
"KQ053432v1","3952662","3952956","GL873575","2687372","2687665","55","1265290"
"KQ053432v1","3981157","3981451","GL873548","14483271","14483573","72","10502114"
"KQ053432v1","4072896","4073131","GL873568","9162163","9162390","62","5089267"
"KQ053432v1","4177370","4177675","GL873720","1268124","1268434","57","2909246"
"KQ053432v1","4215638","4215986","GL873567","11815265","11815599","92","7599627"
"KQ053432v1","4232291","4232575","GL873520","8214484","8214752","74","3982193"
"KQ053432v1","4265275","4265398","GL873834","415652","415774","22","3849623"
"KQ053432v1","4316300","4316587","GL873586","6854900","6855180","62","2538600"
"KQ053432v1","4325794","4325925","GL873525","37507026","37507153","25","33181232"
"KQ053432v1","4326250","4326430","GL873527","16600025","16600192","46","12273775"
"KQ053432v1","4378900","4379192","GL873639","3952977","3953261","58","425923"
"KQ053432v1","4482292","4482605","GL873521","49874189","49874492","71","45391897"
"KQ053432v1","4503145","4503458","GL873663","4135704","4136012","70","367441"
"KQ053432v1","4613824","4613982","GL873534","14551683","14551840","36","9937859"
"KQ053432v1","4614020","4614126","GL873537","16288250","16288351","17","11674230"
"KQ053432v1","4615754","4616063","GL873677","3216100","3216400","71","1399654"
"KQ053432v1","4664024","4664220","GL873581","655930","656130","52","4008094"
"KQ053432v1","4707126","4707404","GL873528","4485266","4485552","58","221860"
"KQ053432v1","4832282","4832576","GL873524","41958723","41959025","68","37126441"
"KQ053432v1","5002063","5002187","GL873601","6334962","6335086","20","1332899"
"KQ053432v1","5030625","5030919","GL873530","16695374","16695671","57","11664749"
"KQ053432v1","5120103","5120385","GL873528","3829110","3829399","73","1290993"
"KQ053432v1","5170166","5170386","GL873605","2289313","2289533","48","2880853"
"KQ053432v1","5342929","5343227","GL873618","1121386","1121685","62","4221543"
"KQ053432v1","5345747","5346037","GL873524","42149014","42149308","54","36803267"
"KQ053432v1","5348664","5348978","GL873545","14220645","14220951","71","8871981"
"KQ053432v1","5363653","5363959","GL873760","812865","813169","68","4550788"
"KQ053432v1","5394846","5395158","GL873545","20390330","20390642","73","14995484"
"KQ053432v1","5416169","5416479","GL873628","6998448","6998759","61","1582279"
"KQ053432v1","5419533","5419833","GL873545","17052684","17052979","67","11633151"
"KQ053432v1","5425739","5426017","GL873544","12852108","12852394","62","7426369"
"KQ053432v1","5434673","5434938","GL873590","671368","671605","70","4763305"
"KQ053432v1","5572494","5572762","GL873530","4301148","4301417","60","1271346"
"KQ053432v1","5604200","5604500","GL873664","4813585","4813876","69","790615"
"KQ053432v1","5695815","5696099","GL873526","4353131","4353412","67","1342684"
"KQ053432v1","5707314","5707598","GL873545","1994498","1994781","70","3712816"
"KQ053432v1","5722858","5723136","GL873522","26431469","26431747","58","20708611"
"KQ053432v1","5741399","5741651","GL873731","551317","551553","71","5190082"
"KQ053432v1","5757482","5757787","GL873545","17052684","17052979","75","11295202"
"KQ053432v1","5796792","5797094","GL873526","28619796","28620107","73","22823004"
"KQ053432v1","5797799","5798101","GL873530","28263781","28264089","58","22465982"
"KQ053432v1","5805798","5806086","GL873520","16709587","16709864","62","10903789"
"KQ053432v1","5849901","5850086","GL873521","3009410","3009583","53","2840491"
"KQ053432v1","5889880","5890145","GL873523","28505428","28505686","66","22615548"
"KQ053432v1","5899154","5899428","GL873700","423134","423410","57","5476020"
"KQ053432v1","5910295","5910608","GL873526","28619796","28620107","56","22709501"
"KQ053432v1","5937375","5937653","GL873733","1662135","1662410","67","4275240"
"KQ053432v1","5950769","5951049","GL873588","1085638","1085922","64","4865131"
"KQ053432v1","5951834","5952137","GL873605","3845292","3845598","76","2106542"
"KQ053432v1","6002339","6002669","GL873624","4145937","4146255","76","1856402"
"KQ053432v1","6014395","6014707","GL873531","7737071","7737388","77","1722676"
"KQ053432v1","6025774","6025947","GL873539","20135059","20135227","42","14109285"
"KQ053432v1","6029732","6029940","GL873634","1473112","1473299","67","4556620"
"KQ053432v1","6030275","6030557","GL873677","4203427","4203715","57","1826848"
"KQ053432v1","6120174","6120427","GL873545","12445075","12445329","58","6324901"
"KQ053432v1","6127576","6127866","GL873545","17052684","17052979","66","10925108"
"KQ053432v1","6144492","6144767","GL873600","8631840","8632117","57","2487348"
"KQ053432v1","6181703","6182025","GL873646","3859535","3859845","73","2322168"
"KQ053432v1","6191873","6192181","GL873521","49874189","49874492","70","43682316"
"KQ053432v1","6192329","6192630","GL873527","10910929","10911225","59","4718600"
"KQ053432v1","6212470","6212745","GL873536","13622290","13622562","72","7409820"
"KQ053432v1","6257843","6257932","GL873527","12486999","12487086","16","6229156"
"KQ053432v1","6286831","6287113","GL873657","3029272","3029566","67","3257559"
"KQ053432v1","6299115","6299390","GL873531","27860265","27860563","69","21561150"
"KQ053432v1","6310873","6311150","GL873561","923317","923608","65","5387556"
"KQ053432v1","6317945","6318216","GL873531","29723463","29723734","63","23405518"
"KQ053432v1","6501006","6501243","GL873532","29093100","29093350","65","22592094"
"KQ053432v1","6502472","6502781","GL873548","16911479","16911770","83","10409007"
"KQ053432v1","6503177","6503468","AAQR03198005","140","423","57","6503037"
"KQ053432v1","6510517","6510786","GL873617","4799110","4799385","63","1711407"
"KQ053432v1","6527966","6528274","GL873523","34873833","34874144","66","28345867"
"KQ053432v1","6531187","6531483","GL873563","5489805","5490109","58","1041382"
"KQ053432v1","6632094","6632400","GL873520","48675796","48676094","57","42043702"
"KQ053432v1","6644850","6645147","GL873643","3346796","3347084","63","3298054"
"KQ053432v1","6688260","6688566","GL873659","5088348","5088650","65","1599912"
"KQ053432v1","6693391","6693684","GL873533","23793613","23793905","53","17100222"
"KQ053432v1","6736193","6736477","GL873557","13615508","13615790","79","6879315"
"KQ053432v1","6746493","6746799","GL873522","26487461","26487763","66","19740968"
"KQ053432v1","6756283","6756582","GL873524","15863604","15863912","65","9107321"
"KQ053432v1","6797519","6797828","GL873546","13542628","13542944","68","6745109"
"KQ053432v1","6835944","6836209","GL873675","2464737","2465019","59","4371207"
"KQ053432v1","6857577","6857868","GL873713","1428350","1428637","66","5429227"
"KQ053432v1","6891457","6891761","GL873543","14025064","14025366","63","7133607"
"KQ053432v1","6919703","6919998","GL873548","16911479","16911770","59","9991776"
"KQ053432v1","6923632","6923927","GL873631","1772","2067","57","6921860"
"KQ053432v1","6966688","6966981","GL873570","11394548","11394837","53","4427860"
"KQ053432v1","6974144","6974440","GL873531","27860265","27860563","54","20886121"
"KQ053432v1","6988196","6988500","GL873563","5489805","5490109","67","1498391"
"KQ053432v1","6998485","6998790","GL873556","996424","996728","66","6002061"
"KQ053432v1","7059166","7059367","GL873522","3977611","3977816","58","3081555"
"KQ053432v1","7088162","7088443","GL873522","40882669","40882954","68","33794507"
"KQ053432v1","7099850","7100183","GL873526","17279675","17279985","92","10179825"
"KQ053432v1","7140681","7140982","GL873524","5176292","5176597","71","1964389"
"KQ053432v1","7154748","7154934","GL873585","906506","906677","63","6248242"
"KQ053432v1","7155508","7155524","GL873589","8475713","8475730","4","1320205"
"KQ053432v1","7381305","7381596","GL873523","28431022","28431322","72","21049717"
"KQ053432v1","7471286","7471592","GL873624","3183015","3183314","75","4288271"
"KQ053432v1","7533834","7534131","GL873568","5537783","5538076","63","1996051"
"KQ053432v1","7562220","7562410","GL873754","1344994","1345175","47","6217226"
"KQ053432v1","7562734","7562860","GL873540","23170339","23170459","22","15607605"
"KQ053432v1","7760869","7761174","GL873713","2500893","2501201","67","5259976"
"KQ053432v1","7814734","7815010","GL873568","4075922","4076204","68","3738812"
"KQ053432v1","7817365","7817669","GL873540","22714851","22715162","74","14897486"
"KQ053432v1","7891819","7892137","GL873527","11533238","11533536","75","3641419"
"KQ053432v1","7922479","7922758","GL873596","5319598","5319880","76","2602881"
"KQ053432v1","7954881","7955177","GL873521","33844036","33844322","73","25889155"
"KQ053432v1","7960280","7960581","GL873538","15635099","15635394","70","7674819"
"KQ053432v1","7974606","7974774","GL873539","18965545","18965701","38","10990939"
"KQ053432v1","8228493","8228730","GL873526","30876396","30876632","82","22647903"
"KQ053432v1","8277118","8277409","GL873537","20108472","20108765","63","11831354"
"KQ053432v1","8293824","8294133","GL873530","28263781","28264089","65","19969957"
"KQ053432v1","8301170","8301473","GL873530","28263781","28264089","64","19962611"
"KQ053432v1","8407381","8407702","GL873568","8651473","8651760","87","244092"
"KQ053432v1","8501559","8501849","GL873700","423134","423410","72","8078425"
"KQ053432v1","8501884","8501900","GL873520","25523108","25523120","5","17021224"
"KQ053432v1","8526935","8527160","GL873550","16168140","16168381","66","7641205"
"KQ053432v1","8721043","8721224","GL873529","18599393","18599558","55","9878350"
"KQ053432v1","8733344","8733465","GL873536","2238987","2239105","22","6494357"
"KQ053432v1","8749375","8749594","GL873525","44705324","44705548","56","35955949"
"KQ053432v1","8789344","8789643","GL873720","1268124","1268434","67","7521220"
"KQ053433v1","3360","3654","GL873526","8284727","8285011","72","8281367"
"KQ053433v1","12157","12444","GL873537","20108472","20108765","56","20096315"
"KQ053436v1","14050","14159","GL873615","835203","835308","20","821153"
"KQ053443v1","11910","12105","GL873537","28005106","28005301","57","27993196"
"KQ053443v1","12429","12531","GL873544","18226754","18226846","39","18214325"
"KQ053443v1","12709","12898","GL873537","28005106","28005301","56","27992397"
"KQ053443v1","13222","13346","GL873532","1171847","1171958","40","1158625"
"KQ053443v1","35351","35639","GL873654","440874","441161","54","405523"
"KQ053443v1","101686","101901","GL873526","40957560","40957777","50","40855874"
"KQ053443v1","132285","132554","GL873530","4921974","4922254","69","4789689"
"KQ053443v1","385115","385407","GL873548","4996103","4996391","75","4610988"
"KQ053443v1","437710","437860","GL873541","10397802","10397944","37","9960092"
"KQ053443v1","437929","438048","GL873530","1899334","1899450","25","1461405"
"KQ053443v1","474045","474221","GL873561","5627957","5628129","43","5153912"
"KQ053443v1","546778","546901","GL873526","19052060","19052182","23","18505282"
"KQ053443v1","567024","567303","GL873566","8938942","8939226","67","8371918"
"KQ053443v1","583101","583360","GL873576","252396","252661","74","330705"
"KQ053443v1","587280","587573","GL873546","859614","859905","62","272334"
"KQ053443v1","625079","625371","GL873737","1691288","1691582","68","1066209"
"KQ053443v1","701009","701094","GL873542","11826351","11826438","20","11125342"
"KQ053443v1","711334","711641","GL873615","5162108","5162422","68","4450774"
"KQ053443v1","739081","739259","GL873754","1344994","1345175","51","605913"
"KQ053443v1","870082","870267","GL873530","27752066","27752252","40","26881984"
"KQ053443v1","942923","943210","GL873533","24420221","24420503","80","23477298"
"KQ053443v1","960433","960726","GL873545","17052684","17052979","64","16092251"
"KQ053443v1","969849","970128","GL873549","15132343","15132615","60","14162494"
"KQ053443v1","982859","982984","GL873548","8652328","8652448","32","7669469"
"KQ053443v1","985789","985915","GL873544","15940749","15940872","29","14954960"
"KQ053443v1","991048","991174","GL873813","718648","718772","29","272400"
"KQ053443v1","1057259","1057516","GL873566","11181444","11181698","68","10124185"
"KQ053443v1","1146982","1147210","GL873529","8596265","8596494","44","7449283"
"KQ053443v1","1153758","1153998","GL873523","8662324","8662578","71","7508566"
"KQ053443v1","1187786","1188082","GL873537","20108472","20108765","60","18920686"
"KQ053443v1","1202924","1203210","GL873624","2187268","2187564","69","984344"
"KQ053443v1","1205334","1205631","GL873575","2687372","2687665","52","1482038"
"KQ053443v1","1528468","1528775","GL873646","5530496","5530792","66","4002028"
"KQ053444v1","99932","100218","GL873550","6945626","6945897","69","6845694"
"KQ053444v1","116579","116891","GL873582","4194859","4195176","82","4078280"
"KQ053447v1","175","379","GL873539","26980830","26981031","45","26980655"
"KQ053448v1","192019","192174","GL873535","24562099","24562250","33","24370080"
"KQ053454v1","1572851","1573086","GL873592","8185803","8186037","80","6612952"
"KQ053454v1","64313","64630","GL873540","22714851","22715162","74","22650538"
"KQ053454v1","434441","434703","GL873582","5820479","5820747","58","5386038"
"KQ053454v1","651232","651531","GL873563","12809879","12810178","73","12158647"
"KQ053454v1","652647","652937","GL873537","23325667","23325965","71","22673020"
"KQ053454v1","690188","690470","GL873789","87737","88019","74","602451"
"KQ053454v1","759072","759347","GL873545","1994498","1994781","63","1235426"
"KQ053454v1","764102","764393","GL873548","16911479","16911770","80","16147377"
"KQ053454v1","809482","809762","GL873610","5075504","5075777","60","4266022"
"KQ053454v1","846063","846356","GL873526","21819455","21819728","87","20973392"
"KQ053454v1","870684","870978","GL873542","6622464","6622760","66","5751780"
"KQ053454v1","958751","959021","GL873568","6346909","6347180","70","5388158"
"KQ053454v1","1002297","1002594","GL873550","12835358","12835652","68","11833061"
"KQ053454v1","1019783","1020082","GL873586","8120080","8120363","73","7100297"
"KQ053454v1","1051981","1052292","GL873701","1489808","1490112","63","437827"
"KQ053454v1","1059355","1059560","GL873557","5125101","5125304","44","4065746"
"KQ053454v1","1106295","1106592","GL873524","3796430","3796729","66","2690135"
"KQ053454v1","1147946","1148265","GL873641","3079760","3080070","65","1931814"
"KQ053454v1","1162097","1162397","GL873524","42149014","42149308","49","40986917"
"KQ053454v1","1389829","1390016","GL873537","5923378","5923565","66","4533549"
"KQ053454v1","1405884","1406185","GL873521","32710764","32711056","71","31304880"
"KQ053454v1","1546594","1546863","GL873547","7031032","7031302","58","5484438"
"KQ053454v1","1578600","1578860","GL873611","4994670","4994910","70","3416070"
"KQ053454v1","1600680","1600946","GL873527","26761675","26761946","66","25160995"
"KQ053454v1","1643667","1643869","GL873580","9883930","9884125","53","8240263"
"KQ053454v1","1731079","1731354","GL873545","20184403","20184684","69","18453324"
"KQ053454v1","1945669","1945901","GL873537","25121528","25121745","71","23175859"
"KQ053454v1","1973716","1974028","GL873521","4537344","4537658","75","2563628"
"KQ053454v1","2014065","2014349","GL873536","10468108","10468389","84","8454043"
"KQ053454v1","2127766","2128065","GL873598","6572384","6572676","63","4444618"
"KQ053454v1","2529711","2529864","GL873539","20029674","20029825","41","17499963"
"KQ053454v1","2529901","2530008","GL873521","7790863","7790963","22","5260962"
"KQ053454v1","2534249","2534535","GL873526","25295506","25295789","73","22761257"
"KQ053454v1","2538080","2538382","GL873720","1268124","1268434","63","1269956"
"KQ053454v1","2556167","2556340","GL873528","1120859","1121019","47","1435308"
"KQ053454v1","2626362","2626652","GL873521","3487731","3488007","77","861369"
"KQ053454v1","2630201","2630443","GL873573","2692306","2692546","63","62105"
"KQ053454v1","2799729","2800025","GL873557","7133081","7133372","67","4333352"
"KQ053454v1","2981695","2981987","GL873607","7650594","7650886","68","4668899"
"KQ053454v1","2993397","2993703","GL873535","12414612","12414904","78","9421215"
"KQ053454v1","3003618","3003901","GL873544","12852108","12852394","54","9848490"
"KQ053454v1","3042525","3042810","GL873568","5298632","5298909","73","2256107"
"KQ053454v1","3083094","3083349","GL873538","11416277","11416524","61","8333183"
"KQ053454v1","3111181","3111481","GL873754","1677368","1677657","74","1433813"
"KQ053454v1","3238318","3238564","GL873613","6924695","6924933","66","3686377"
"KQ053454v1","3303498","3303790","GL873573","1588653","1588939","70","1714845"
"KQ053454v1","3423414","3423636","GL873615","239286","239511","60","3184128"
"KQ053454v1","3467114","3467420","GL873596","6771597","6771891","70","3304483"
"KQ053454v1","3470456","3470768","GL873596","6771597","6771891","72","3301141"
"KQ053454v1","3801991","3802307","GL873560","524189","524503","64","3277802"
"KQ053454v1","3890124","3890395","GL873522","37171619","37171872","72","33281495"
"KQ053454v1","3973898","3974134","GL873523","21557544","21557770","58","17583646"
"KQ053454v1","4095495","4095807","GL873565","9727836","9728152","71","5632341"
"KQ053454v1","4120819","4121130","GL873720","1268124","1268434","53","2852695"
"KQ053454v1","4282092","4282386","GL873538","23406111","23406389","59","19124019"
"KQ053454v1","4288950","4289231","GL873812","400580","400858","65","3888370"
"KQ053454v1","4392625","4392780","GL873744","1833920","1834073","40","2558705"
"KQ053454v1","4434809","4435104","GL873548","13072238","13072531","57","8637429"
"KQ053454v1","4441391","4441684","GL873632","3524037","3524325","59","917354"
"KQ053465v1","22378","22499","GL873548","8652328","8652448","23","8629950"
"KQ053465v1","230186","230476","GL873586","255814","256100","63","25628"
"KQ053465v1","319228","319496","GL873533","23633726","23633993","54","23314498"
"KQ053465v1","380012","380305","GL873525","26224377","26224662","61","25844365"
"KQ053465v1","420613","420927","GL873590","527367","527669","77","106754"
"KQ053465v1","658539","658837","GL873557","7267236","7267535","70","6608697"
"KQ053465v1","882631","882895","GL873538","10181289","10181561","65","9298658"
"KQ053465v1","936763","937046","GL873520","38124828","38125119","63","37188065"
"KQ053465v1","1035055","1035321","GL873548","15510967","15511237","66","14475912"
"KQ053465v1","1062792","1063088","GL873563","2659773","2660053","84","1596981"
"KQ053465v1","1369899","1370209","GL873520","46903199","46903512","70","45533300"
"KQ053465v1","1374236","1374431","GL873580","9883930","9884125","44","8509694"
"KQ053465v1","1436360","1436664","GL873530","28639620","28639925","68","27203260"
"KQ053465v1","1479169","1479451","GL873538","3757160","3757448","66","2277991"
"KQ053465v1","1534909","1535038","GL873537","6930739","6930868","24","5395830"
"KQ053465v1","1585388","1585693","GL873523","8076383","8076689","67","6490995"
"KQ053465v1","1625558","1625679","GL873532","12619166","12619282","26","10993608"
"KQ053465v1","1809088","1809385","GL873529","9421454","9421749","60","7612366"
"KQ053465v1","1818886","1819010","GL873577","11033333","11033456","26","9214447"
"KQ053465v1","1828581","1828855","GL873601","5269322","5269589","58","3440741"
"KQ053465v1","1847011","1847300","GL873675","162005","162291","65","1685006"
"KQ053465v1","1902154","1902436","GL873547","14329017","14329292","59","12426863"
"KQ053465v1","1963360","1963653","GL873571","4374924","4375218","67","2411564"
"KQ053465v1","2000745","2001034","GL873542","6622464","6622760","70","4621719"
"KQ053465v1","2036425","2036739","GL873521","50684853","50685150","64","48648428"
"KQ053465v1","2109852","2110141","GL873532","21611611","21611905","52","19501759"
"KQ053465v1","2170802","2171097","GL873531","27860265","27860563","56","25689463"
"KQ053465v1","2189223","2189503","GL873550","15824866","15825146","62","13635643"
"KQ053465v1","2190944","2191057","GL873557","11176947","11177047","33","8986003"
"KQ053465v1","2200927","2201235","GL873520","69943364","69943673","61","67742437"
"KQ053465v1","2227857","2228169","GL873556","996424","996728","72","1231433"
"KQ053465v1","2236146","2236461","GL873628","4722575","4722875","70","2486429"
"KQ053465v1","2252968","2253270","GL873624","2490489","2490779","72","237521"
"KQ053465v1","2316148","2316234","GL873522","25088768","25088853","14","22772620"
"KQ053465v1","2443597","2443887","GL873548","13072238","13072531","57","10628641"
"KQ053465v1","2447927","2448198","GL873538","2102031","2102304","69","345896"
"KQ053465v1","2508832","2509143","GL873720","1268124","1268434","65","1240708"
"KQ053465v1","2535995","2536305","GL873578","10068899","10069203","72","7532904"
"KQ053465v1","2564070","2564298","GL873540","20654782","20655010","44","18090712"
"KQ053465v1","2569651","2569953","GL873521","49874189","49874492","66","47304538"
"KQ053465v1","2648763","2649052","GL873521","33844036","33844322","67","31195273"
"KQ053465v1","2666468","2666719","GL873526","8965429","8965699","65","6298961"
"KQ053465v1","2706580","2706873","GL873601","8298689","8298958","82","5592109"
"KQ053465v1","2722785","2722954","GL873527","16600025","16600192","38","13877240"
"KQ053465v1","2723010","2723102","GL873558","2480846","2480934","17","242164"
"KQ053465v1","2728069","2728377","GL873548","1041503","1041791","73","1686566"
"KQ053465v1","2746328","2746632","GL873529","9421454","9421749","69","6675126"
"KQ053465v1","2839249","2839521","GL873527","9534119","9534390","64","6694870"
"KQ053465v1","2839862","2840160","GL873629","1991833","1992133","54","848029"
"KQ053465v1","2919457","2919677","GL873522","21258404","21258617","49","18338947"
"KQ053465v1","2940756","2941057","GL873573","944182","944464","76","1996574"
"KQ053465v1","2950410","2950534","GL873583","7531494","7531620","20","4581084"
"KQ053465v1","2969950","2970234","GL873789","87737","88019","58","2882213"
"KQ053465v1","3120516","3120825","GL873530","28263781","28264089","65","25143265"
"KQ053465v1","3149638","3149716","GL873624","292078","292155","14","2857560"
"KQ053465v1","3249991","3250312","GL873522","42556538","42556845","75","39306547"
"KQ053465v1","3252660","3252967","GL873556","996424","996728","73","2256236"
"KQ053465v1","3263013","3263326","GL873631","6320849","6321152","74","3057836"
"KQ053465v1","3384169","3384336","GL873542","10862260","10862426","34","7478091"
"KQ053465v1","3431259","3431573","GL873661","1884549","1884860","69","1546710"
"KQ053465v1","3492942","3493248","GL873653","2463372","2463673","73","1029570"
"KQ053465v1","3523508","3523716","GL873526","8303932","8304134","57","4780424"
"KQ053465v1","3539142","3539444","GL873543","5406105","5406406","58","1866963"
"KQ053465v1","3541566","3541859","GL873537","20108472","20108765","57","16566906"
"KQ053465v1","3585819","3585943","GL873522","25868670","25868794","27","22282851"
"KQ053465v1","3688110","3688378","GL873525","41902065","41902338","74","38213955"
"KQ053465v1","3724340","3724535","GL873521","30472762","30472971","47","26748422"
"KQ053465v1","3730626","3730919","GL873521","32710764","32711056","75","28980138"
"KQ053465v1","3740259","3740519","GL873628","6541143","6541399","78","2800884"
"KQ053465v1","3746391","3746686","GL873537","20108472","20108765","46","16362081"
"KQ053465v1","3752379","3752522","GL873623","1946112","1946258","34","1806267"
"KQ053465v1","3763305","3763595","GL873534","23244522","23244806","55","19481217"
"KQ053465v1","3774961","3775083","GL873542","1259218","1259335","16","2515743"
"KQ053465v1","3807458","3807561","GL873580","809516","809617","27","2997942"
"KQ053465v1","3819940","3820043","GL873580","809516","809617","27","3010424"
"KQ053465v1","3829611","3829916","GL873686","3287349","3287664","71","542262"
"KQ053465v1","3858259","3858277","GL873589","8475713","8475730","3","4617454"
"KQ053465v1","3858378","3858657","GL873752","219309","219580","61","3639069"
"KQ053465v1","3860576","3860866","GL873561","11142944","11143235","73","7282368"
"KQ053465v1","3876700","3876932","GL873590","671368","671605","58","3205332"
"KQ053465v1","3881105","3881282","GL873549","6262277","6262457","38","2381172"
"KQ053465v1","3992958","3993084","GL873731","758691","758815","22","3234267"
"KQ053465v1","4009397","4009693","GL873534","382407","382708","56","3626990"
"KQ053465v1","4012591","4012873","GL873534","15140925","15141195","51","11128334"
"KQ053465v1","4018685","4018805","GL873587","448922","449042","19","3569763"
"KQ053465v1","4018911","4019084","GL873539","18965545","18965701","41","14946634"
"KQ053465v1","4046263","4046556","GL873548","16911479","16911770","57","12865216"
"KQ053465v1","4051041","4051344","GL873563","5489805","5490109","56","1438764"
"KQ053465v1","4078532","4078853","GL873624","4145937","4146255","82","67405"
"KQ053465v1","4079561","4079715","GL873614","3857229","3857376","35","222332"
"KQ053465v1","4098295","4098650","GL873615","5162108","5162422","99","1063813"
"KQ053465v1","4100999","4101280","GL873691","1286765","1287055","56","2814234"
"KQ053465v1","4153730","4154006","GL873661","1095299","1095581","62","3058431"
"KQ053465v1","4181693","4181981","GL873545","17052684","17052979","66","12870991"
"KQ053465v1","4189334","4189662","GL873524","35729776","35730080","89","31540442"
"KQ053465v1","4193887","4194173","GL873541","14451118","14451418","63","10257231"
"KQ053465v1","4202633","4202909","GL873804","291473","291754","66","3911160"
"KQ053465v1","4236301","4236591","GL873664","2904250","2904542","58","1332051"
"KQ053465v1","4263433","4263739","GL873530","16695374","16695671","70","12431941"
"KQ053465v1","4272745","4273052","GL873720","1268124","1268434","58","3004621"
"KQ053468v1","38649","38822","GL873575","8374998","8375176","41","8336349"
"KQ053468v1","378111","378423","GL873563","5489805","5490109","63","5111694"
"KQ053468v1","402932","403225","GL873560","11614888","11615174","70","11211956"
"KQ053468v1","435070","435387","GL873720","1268124","1268434","75","833054"
"KQ053468v1","556087","556271","GL873522","16105198","16105378","43","15549111"
"KQ053472v1","8451","8726","GL873538","21253639","21253917","78","21245188"
"KQ053476v1","2621330","2621536","GL873609","6472823","6473037","52","3851493"
"KQ053476v1","53340","53409","GL873677","3107737","3107800","17","3054397"
"KQ053476v1","157053","157207","GL873539","21462229","21462375","36","21305176"
"KQ053476v1","157240","157337","GL873629","3723268","3723363","19","3566028"
"KQ053476v1","215622","215929","GL873570","208301","208614","67","7321"
"KQ053476v1","314071","314350","GL873538","6599038","6599308","69","6284967"
"KQ053476v1","511776","512036","GL873701","1850462","1850714","67","1338686"
"KQ053476v1","535935","536237","GL873540","19013371","19013667","57","18477436"
"KQ053476v1","564644","564787","GL873577","5892491","5892628","43","5327847"
"KQ053476v1","564830","564946","AAQR03195797","182","293","22","564648"
"KQ053476v1","572816","573112","GL873523","28431022","28431322","71","27858206"
"KQ053476v1","613396","613688","GL873575","2687372","2687665","61","2073976"
"KQ053476v1","754686","754877","GL873543","17845200","17845386","38","17090514"
"KQ053476v1","760986","761297","GL873538","7382527","7382826","73","6621541"
"KQ053476v1","808254","808543","GL873596","6955959","6956250","51","6147705"
"KQ053476v1","808958","809246","GL873611","607167","607439","88","201791"
"KQ053476v1","818429","818646","GL873699","282903","283129","62","535526"
"KQ053476v1","819720","820000","GL873520","58521113","58521411","67","57701393"
"KQ053476v1","821648","821942","GL873543","2904962","2905248","60","2083314"
"KQ053476v1","832649","832960","GL873574","10718839","10719140","87","9886190"
"KQ053476v1","844000","844294","GL873536","8091707","8091994","63","7247707"
"KQ053476v1","849975","850276","GL873523","8076383","8076689","58","7226408"
"KQ053476v1","860895","861196","GL873574","7619295","7619599","70","6758400"
"KQ053476v1","890287","890564","GL873618","2436547","2436821","58","1546260"
"KQ053476v1","896987","897151","GL873545","13781810","13781972","38","12884823"
"KQ053476v1","897481","897620","GL873558","3871574","3871706","30","2974093"
"KQ053476v1","906534","906877","GL873624","4145937","4146255","93","3239403"
"KQ053476v1","931325","931594","GL873582","1698186","1698455","67","766861"
"KQ053476v1","934387","934687","GL873533","5128765","5129059","67","4194378"
"KQ053476v1","953173","953289","GL873539","7997784","7997900","18","7044611"
"KQ053476v1","978556","978824","GL873571","6475063","6475319","67","5496507"
"KQ053476v1","982285","982574","GL873800","736311","736599","55","245974"
"KQ053476v1","988762","989019","GL873523","29788890","29789147","64","28800128"
"KQ053476v1","1034356","1034647","GL873520","23742113","23742400","71","22707757"
"KQ053476v1","1048052","1048345","GL873535","26174710","26174993","64","25126658"
"KQ053476v1","1060928","1061092","GL873543","18167248","18167407","37","17106320"
"KQ053476v1","1062072","1062356","GL873521","14803259","14803539","83","13741187"
"KQ053476v1","1100964","1101260","GL873535","11877698","11878000","63","10776734"
"KQ053476v1","1112428","1112650","GL873624","2883081","2883295","56","1770653"
"KQ053476v1","1122969","1123185","GL873547","9104520","9104727","51","7981551"
"KQ053476v1","1140999","1141097","GL873538","15074355","15074453","16","13933356"
"KQ053476v1","1141425","1141633","GL873520","72463873","72464057","65","71322448"
"KQ053476v1","1141955","1142240","GL873558","6447437","6447729","55","5305482"
"KQ053476v1","1147358","1147644","GL873596","3562116","3562414","68","2414758"
"KQ053476v1","1152962","1153255","GL873671","1289718","1290012","67","136756"
"KQ053476v1","1169633","1169923","GL873527","10910929","10911225","53","9741296"
"KQ053476v1","1189635","1189760","GL873531","10273059","10273184","26","9083424"
"KQ053476v1","1196851","1197150","GL873537","14097659","14097958","69","12900808"
"KQ053476v1","1198650","1198943","GL873624","1916988","1917283","54","718338"
"KQ053476v1","1238316","1238440","GL873526","10906259","10906385","19","9667943"
"KQ053476v1","1248483","1248795","GL873624","4145937","4146255","80","2897454"
"KQ053476v1","1274064","1274329","GL873627","4237922","4238189","63","2963858"
"KQ053476v1","1291796","1292070","GL873525","45666061","45666334","71","44374265"
"KQ053476v1","1297451","1297746","GL873541","21985689","21985982","75","20688238"
"KQ053476v1","1323108","1323325","GL873521","4504046","4504259","51","3180938"
"KQ053476v1","1393678","1393971","GL873666","3106785","3107075","64","1713107"
"KQ053476v1","1396592","1396871","GL873621","5711103","5711374","76","4314511"
"KQ053476v1","1416438","1416728","GL873603","7761710","7761995","68","6345272"
"KQ053476v1","1417736","1417862","GL873611","326124","326249","20","1091612"
"KQ053476v1","1432302","1432585","GL873704","1496866","1497150","80","64564"
"KQ053476v1","1444676","1444968","GL873615","6674985","6675280","69","5230309"
"KQ053476v1","1448073","1448142","GL873565","13621735","13621803","19","12173662"
"KQ053476v1","1449511","1449825","GL873578","4990005","4990295","77","3540494"
"KQ053476v1","1454962","1455308","GL873532","12829492","12829815","112","11374530"
"KQ053476v1","1475480","1475687","GL873526","4870533","4870745","63","3395053"
"KQ053476v1","1487698","1487958","GL873573","944182","944464","71","543516"
"KQ053476v1","1490767","1490926","GL873557","14835191","14835346","46","13344424"
"KQ053476v1","1516095","1516359","GL873520","30303968","30304235","66","28787873"
"KQ053476v1","1522801","1523085","GL873584","9283875","9284154","59","7761074"
"KQ053476v1","1546078","1546360","GL873588","1085638","1085922","68","460440"
"KQ053476v1","1579311","1579609","GL873538","19622743","19623037","66","18043432"
"KQ053476v1","1580089","1580365","GL873564","3975062","3975344","65","2394973"
"KQ053476v1","1598713","1598901","GL873547","8101273","8101462","46","6502560"
"KQ053476v1","1599872","1600143","GL873660","743632","743918","67","856240"
"KQ053476v1","1624221","1624512","GL873552","11205817","11206103","61","9581596"
"KQ053476v1","1625203","1625490","GL873537","20108472","20108765","55","18483269"
"KQ053476v1","1640837","1641125","GL873524","35378644","35378924","77","33737807"
"KQ053476v1","1642575","1642665","GL873537","19786406","19786499","16","18143831"
"KQ053476v1","1643554","1643661","GL873634","1497269","1497377","21","146285"
"KQ053476v1","1644878","1645132","GL873550","3545538","3545776","67","1900660"
"KQ053476v1","1647860","1648105","GL873543","18793025","18793250","65","17145165"
"KQ053476v1","1648919","1649028","GL873554","1961563","1961672","21","312644"
"KQ053476v1","1666054","1666344","GL873579","925847","926141","66","740207"
"KQ053476v1","1670780","1671072","GL873544","13109134","13109442","66","11438354"
"KQ053476v1","1685626","1685705","GL873612","1891104","1891183","11","205478"
"KQ053476v1","1685861","1686029","GL873557","14835191","14835346","52","13149330"
"KQ053476v1","1689254","1689522","GL873535","10102962","10103237","59","8413708"
"KQ053476v1","1691814","1692115","GL873528","4452981","4453269","62","2761167"
"KQ053476v1","1695218","1695503","GL873631","6629455","6629755","70","4934237"
"KQ053476v1","1696276","1696572","GL873535","12414612","12414904","66","10718336"
"KQ053476v1","1698629","1698913","GL873537","20108472","20108765","56","18409843"
"KQ053476v1","1726263","1726577","GL873526","28619796","28620107","60","26893533"
"KQ053476v1","1744547","1744851","GL873545","12978830","12979129","72","11234283"
"KQ053476v1","1749546","1749837","GL873624","5660177","5660468","61","3910631"
"KQ053476v1","1752396","1752658","GL873529","23083772","23084054","67","21331376"
"KQ053476v1","1752811","1753032","GL873557","5125101","5125304","59","3372290"
"KQ053476v1","1758666","1758959","GL873528","4452981","4453269","67","2694315"
"KQ053476v1","1783709","1783967","GL873526","7380015","7380272","57","5596306"
"KQ053476v1","1784954","1785147","GL873522","16105198","16105378","50","14320244"
"KQ053476v1","1788279","1788533","GL873557","192779","193061","82","1595500"
"KQ053476v1","1789204","1789449","GL873526","7380015","7380272","65","5590811"
"KQ053476v1","1800044","1800291","GL873564","5092960","5093208","71","3292916"
"KQ053476v1","1812051","1812265","GL873529","8596265","8596494","48","6784214"
"KQ053476v1","1817932","1818212","GL873531","19349136","19349405","68","17531204"
"KQ053476v1","1819890","1820173","GL873898","156524","156804","79","1663366"
"KQ053476v1","1828494","1828767","GL873542","7972623","7972876","80","6144129"
"KQ053476v1","1835164","1835448","GL873704","1496866","1497150","71","338298"
"KQ053476v1","1860855","1861178","GL873636","3104548","3104855","77","1243693"
"KQ053476v1","1867217","1867533","GL873529","15224931","15225225","81","13357714"
"KQ053476v1","1868624","1868933","GL873530","10944131","10944443","72","9075507"
"KQ053476v1","1870407","1870594","GL873520","42644555","42644741","37","40774148"
"KQ053476v1","1886161","1886439","GL873563","1340706","1340977","69","545455"
"KQ053476v1","1887184","1887480","GL873520","60883623","60883917","60","58996439"
"KQ053476v1","1889343","1889474","GL873521","33070004","33070131","22","31180661"
"KQ053476v1","1894010","1894304","GL873548","16911479","16911770","76","15017469"
"KQ053476v1","1894691","1894962","GL873531","16338858","16339126","61","14444167"
"KQ053476v1","1895778","1896067","GL873537","23325667","23325965","60","21429889"
"KQ053476v1","1896539","1896845","GL873546","7841023","7841321","62","5944484"
"KQ053476v1","1905101","1905431","GL873533","15243691","15244011","85","13338590"
"KQ053476v1","1912986","1913281","GL873558","1978239","1978534","60","65253"
"KQ053476v1","1914241","1914364","GL873637","3392350","3392471","20","1478109"
"KQ053476v1","1927687","1927809","GL873637","3392350","3392471","21","1464663"
"KQ053476v1","1927813","1927896","GL873546","8222590","8222677","24","6294777"
"KQ053476v1","1959812","1960105","GL873606","7492971","7493252","63","5533159"
"KQ053476v1","1971728","1972017","GL873586","8120080","8120363","71","6148352"
"KQ053476v1","2003728","2004060","GL873545","12978830","12979129","81","10975102"
"KQ053476v1","2006398","2006685","GL873590","643532","643818","61","1362866"
"KQ053476v1","2007969","2008277","GL873537","23325667","23325965","62","21317698"
"KQ053476v1","2009498","2009719","GL873526","10173256","10173455","55","8163758"
"KQ053476v1","2029865","2030110","GL873540","20654782","20655010","60","18624917"
"KQ053476v1","2041041","2041230","GL873524","19065990","19066189","56","17024949"
"KQ053476v1","2066818","2067017","GL873552","9939395","9939584","55","7872577"
"KQ053476v1","2079868","2080090","GL873522","21258404","21258617","53","19178536"
"KQ053476v1","2086729","2087023","GL873545","17052684","17052979","62","14965955"
"KQ053476v1","2099595","2099798","GL873521","46427393","46427598","50","44327798"
"KQ053476v1","2104229","2104298","GL873520","67165972","67166043","17","65061743"
"KQ053476v1","2104801","2104966","GL873631","6752351","6752514","34","4647550"
"KQ053476v1","2109672","2109976","GL873596","3562116","3562414","71","1452444"
"KQ053476v1","2112489","2112515","GL873628","4177792","4177815","8","2065303"
"KQ053476v1","2112543","2112819","GL873538","18752615","18752891","73","16640072"
"KQ053476v1","2158180","2158474","GL873537","20108472","20108765","51","17950292"
"KQ053476v1","2179146","2179433","GL873737","1691288","1691582","59","487858"
"KQ053476v1","2226981","2227269","GL873548","15540659","15540941","66","13313678"
"KQ053476v1","2257308","2257598","GL873526","25295506","25295789","59","23038198"
"KQ053476v1","2259757","2260058","GL873524","42149014","42149308","65","39889257"
"KQ053476v1","2286358","2286665","GL873577","10149931","10150226","64","7863573"
"KQ053476v1","2322366","2322601","GL873560","8931049","8931288","75","6608683"
"KQ053476v1","2337818","2338126","GL873720","1268124","1268434","45","1069694"
"KQ053476v1","2351269","2351541","GL873558","11936000","11936248","88","9584731"
"KQ053476v1","2384591","2384809","GL873566","13161077","13161300","51","10776486"
"KQ053476v1","2411354","2411641","GL873613","2072663","2072944","76","338691"
"KQ053476v1","2412587","2412877","GL873596","3562116","3562414","71","1149529"
"KQ053476v1","2430710","2430988","GL873523","39729565","39729844","59","37298855"
"KQ053476v1","2442342","2442584","GL873522","16842869","16843111","73","14400527"
"KQ053476v1","2453210","2453501","GL873646","5530496","5530792","62","3077286"
"KQ053476v1","2498744","2499034","GL873576","4080065","4080373","64","1581321"
"KQ053476v1","2503465","2503762","GL873543","19793674","19793966","54","17290209"
"KQ053476v1","2524502","2524756","GL873543","19813256","19813502","58","17288754"
"KQ053476v1","2559699","2559993","GL873543","19854346","19854643","74","17294647"
"KQ053476v1","2568929","2569136","GL873579","11042363","11042566","45","8473434"
"KQ053476v1","2585470","2585764","GL873522","25185925","25186218","67","22600455"
"KQ053476v1","2590224","2590496","GL873685","3807796","3808062","69","1217572"
"KQ053476v1","2590506","2590806","GL873545","17052684","17052979","70","14462178"
"KQ053476v1","2594846","2595047","GL873557","7895309","7895505","60","5300463"
"KQ053476v1","2604655","2604919","GL873660","1384330","1384596","58","1220325"
"KQ053476v1","2611216","2611526","GL873636","3104548","3104855","61","493332"
"KQ053476v1","2619604","2619827","GL873526","19115142","19115357","59","16495538"
"KQ053476v1","2625508","2625787","GL873616","3533934","3534221","63","908426"
"KQ053476v1","2627556","2627870","GL873834","390670","390970","73","2236886"
"KQ053476v1","2635016","2635094","GL873664","4613475","4613540","24","1978459"
"KQ053476v1","2644809","2645117","GL873646","5530496","5530792","67","2885687"
"KQ053476v1","2658905","2659234","GL873522","4867970","4868269","81","2209065"
"KQ053476v1","2680208","2680499","GL873580","4430221","4430504","60","1750013"
"KQ053476v1","2686835","2687008","GL873526","10575149","10575318","39","7888314"
"KQ053476v1","2687339","2687435","GL873666","2872627","2872726","33","185288"
"KQ053476v1","2691966","2692264","GL873527","14161274","14161571","68","11469308"
"KQ053476v1","2711753","2712057","GL873608","4218070","4218374","62","1506317"
"KQ053476v1","2791852","2792143","GL873557","7267236","7267535","64","4475384"
"KQ053476v1","2800034","2800348","GL873661","1884549","1884860","70","915485"
"KQ053476v1","2801276","2801563","GL873618","2956988","2957269","68","155712"
"KQ053476v1","2808682","2808977","GL873524","42149014","42149308","62","39340332"
"KQ053476v1","2809702","2809990","GL873520","71110440","71110725","54","68300738"
"KQ053476v1","2811980","2812294","GL873530","25479833","25480146","82","22667853"
"KQ053476v1","2813559","2813787","GL873525","44662403","44662626","64","41848844"
"KQ053476v1","2814808","2815106","GL873643","3346796","3347084","73","531988"
"KQ053476v1","2823032","2823277","GL873531","6821210","6821433","73","3998178"
"KQ053476v1","2836394","2836525","GL873531","27435012","27435141","24","24598618"
"KQ053476v1","2867131","2867425","GL873585","703586","703874","65","2163545"
"KQ053476v1","2889033","2889310","GL873561","10703556","10703830","62","7814523"
"KQ053476v1","2890367","2890667","GL873646","5530496","5530792","68","2640129"
"KQ053476v1","2915305","2915422","GL873624","2483426","2483542","30","431879"
"KQ053476v1","2946555","2946821","GL873521","1284852","1285118","58","1661703"
"KQ053476v1","2949372","2949634","GL873679","2648388","2648640","63","300984"
"KQ053476v1","3014682","3014791","GL873522","1168797","1168902","33","1845885"
"KQ053476v1","3025975","3026058","GL873520","27827252","27827335","14","24801277"
"KQ053476v1","3112572","3112883","GL873544","21039211","21039519","60","17926639"
"KQ053476v1","3117174","3117465","GL873566","11891551","11891845","58","8774377"
"KQ053476v1","3129662","3129929","GL873635","5610201","5610461","75","2480539"
"KQ053476v1","3132425","3132736","GL873531","19369345","19369649","70","16236920"
"KQ053476v1","3155334","3155461","GL873751","463161","463291","19","2692173"
"KQ053476v1","3172752","3173058","GL873523","28431022","28431322","65","25258270"
"KQ053476v1","3177022","3177298","GL873522","38254221","38254501","67","35077199"
"KQ053476v1","3179875","3180184","GL873521","53893978","53894270","71","50714103"
"KQ053476v1","3185069","3185369","GL873523","24837708","24838011","75","21652639"
"KQ053476v1","3198378","3198688","GL873737","1634714","1635008","70","1563664"
"KQ053476v1","3250556","3250851","GL873543","2139452","2139746","61","1111104"
"KQ053476v1","3284137","3284437","GL873547","17927327","17927614","63","14643190"
"KQ053476v1","3327784","3328055","GL873601","5269322","5269589","74","1941538"
"KQ053476v1","3338934","3339216","GL873550","13562183","13562459","79","10223249"
"KQ053476v1","3342899","3343185","GL873551","5039759","5040044","68","1696860"
"KQ053476v1","3346028","3346273","GL873543","20767842","20768070","50","17421814"
"KQ053476v1","3357232","3357436","GL873615","1939870","1940077","47","1417362"
"KQ053476v1","3381486","3381673","GL873526","3895419","3895608","40","513933"
"KQ053476v1","3402828","3403108","GL873546","16423062","16423344","75","13020234"
"KQ053476v1","3423626","3423918","GL873550","12405405","12405703","62","8981779"
"KQ053476v1","3426853","3427120","GL873606","6275422","6275693","58","2848569"
"KQ053476v1","3444442","3444714","GL873543","20869554","20869823","67","17425112"
"KQ053476v1","3449218","3449504","GL873530","28263781","28264089","57","24814563"
"KQ053476v1","3459505","3459781","GL873618","4254582","4254848","67","795077"
"KQ053476v1","3475919","3476141","GL873566","13161077","13161300","50","9685158"
"KQ053476v1","3531941","3532238","GL873565","12300518","12300811","60","8768577"
"KQ053476v1","3537800","3538093","GL873565","12300518","12300811","58","8762718"
"KQ053476v1","3539712","3539950","GL873586","3931174","3931413","55","391462"
"KQ053476v1","3542455","3542652","GL873655","2670327","2670516","54","872128"
"KQ053476v1","3563672","3563938","GL873548","15510967","15511237","54","11947295"
"KQ053476v1","3592254","3592539","GL873521","8076358","8076657","64","4484104"
"KQ053476v1","3642193","3642445","GL873538","17366709","17366948","66","13724516"
"KQ053476v1","3676515","3676632","GL873560","13049237","13049359","25","9372722"
"KQ053476v1","3723561","3723861","GL873657","3029272","3029566","64","694289"
"KQ053476v1","3767034","3767345","GL873530","28263781","28264089","64","24496747"
"KQ053476v1","3950311","3950597","GL873547","17485346","17485626","69","13535035"
"KQ053476v1","3951753","3951869","GL873646","4012005","4012125","22","60252"
"KQ053476v1","3982225","3982523","GL873625","3750560","3750850","73","231665"
"KQ053476v1","3999593","3999895","GL873521","3796257","3796546","72","203336"
"KQ053476v1","4024028","4024309","GL873526","8965429","8965699","56","4941401"
"KQ053476v1","4026959","4027223","GL873546","13143077","13143343","63","9116118"
"KQ053476v1","4067343","4067646","GL873608","4218070","4218374","68","150727"
"KQ053476v1","4105432","4105720","GL873593","3982237","3982541","62","123195"
"KQ053476v1","4125334","4125567","GL873540","20714394","20714639","70","16589060"
"KQ053476v1","4139447","4139755","GL873569","6793228","6793532","60","2653781"
"KQ053476v1","4186604","4186904","GL873537","20108472","20108765","64","15921868"
"KQ053476v1","4187055","4187340","GL873532","29153473","29153758","61","24966418"
"KQ053476v1","4247541","4247848","GL873593","2667655","2667944","83","1579886"
"KQ053476v1","4251867","4252135","GL873556","14583291","14583561","64","10331424"
"KQ053476v1","4273113","4273434","GL873720","1268124","1268434","68","3004989"
"KQ053476v1","4279958","4280261","GL873720","1268124","1268434","74","3011834"
"KQ053476v1","4283012","4283276","GL873618","5217887","5218141","59","934875"
"KQ053476v1","4301317","4301615","GL873580","1911387","1911684","55","2389930"
"KQ053476v1","4305506","4305821","GL873580","1911387","1911684","85","2394119"
"KQ053476v1","4310290","4310598","GL873523","8076383","8076689","58","3766093"
"KQ053476v1","4318181","4318462","GL873543","21797201","21797486","59","17479020"
"KQ053476v1","4327117","4327424","GL873572","9034316","9034616","67","4707199"
"KQ053476v1","4355967","4356202","GL873529","14768293","14768515","62","10412326"
"KQ053476v1","4385475","4385767","GL873530","26485863","26486146","75","22100388"
"KQ053476v1","4395133","4395435","GL873608","6225164","6225467","70","1830031"
"KQ053476v1","4438350","4438643","GL873531","27860265","27860563","55","23421915"
"KQ053476v1","4480085","4480244","GL873631","188832","188994","36","4291253"
"KQ053476v1","4491340","4491616","GL873570","9393261","9393537","65","4901921"
"KQ053476v1","4499522","4499699","GL873521","29859775","29859939","42","25360253"
"KQ053476v1","4503748","4504038","GL873664","4780909","4781201","67","277161"
"KQ053476v1","4525019","4525317","GL873551","12239738","12240028","79","7714719"
"KQ053476v1","4525863","4526157","GL873638","1482621","1482900","71","3043242"
"KQ053476v1","4528603","4528908","GL873574","2979143","2979454","70","1549460"
"KQ053476v1","4542097","4542392","GL873525","27816917","27817223","85","23274820"
"KQ053476v1","4545955","4546223","GL873590","1086474","1086751","76","3459481"
"KQ053476v1","4561904","4562223","GL873704","1496866","1497150","94","3065038"
"KQ053476v1","4562576","4562736","GL873558","3716439","3716597","51","846137"
"KQ053476v1","4575486","4575762","GL873557","9261727","9261995","70","4686241"
"KQ053476v1","4588244","4588537","GL873692","2391107","2391377","88","2197137"
"KQ053476v1","4597970","4598198","GL873625","4054950","4055183","63","543020"
"KQ053476v1","4598452","4598538","GL873531","16275379","16275462","20","11676927"
"KQ053476v1","4603245","4603534","GL873575","2687372","2687665","56","1915873"
"KQ053476v1","4603953","4604206","GL873570","4366867","4367134","63","237086"
"KQ053476v1","4609442","4609759","GL873537","21410001","21410301","78","16800559"
"KQ053476v1","4619001","4619308","GL873624","2308457","2308738","102","2310544"
"KQ053476v1","4624586","4624884","GL873674","3789918","3790219","67","834668"
"KQ053476v1","4626588","4626898","GL873632","5787814","5788105","75","1161226"
"KQ053476v1","4640479","4640752","GL873564","3475437","3475708","73","1165042"
"KQ053476v1","4644967","4645170","GL873595","5966599","5966798","49","1321632"
"KQ053476v1","4655308","4655598","GL873623","6459306","6459605","64","1803998"
"KQ053476v1","4724049","4724334","GL873596","1814683","1814984","86","2909366"
"KQ053476v1","4724902","4725122","GL873684","3285290","3285515","51","1439612"
"KQ053476v1","4728265","4728550","GL873620","7369000","7369291","65","2640735"
"KQ053476v1","4731825","4732106","GL873667","4712582","4712858","60","19243"
"KQ053476v1","4757930","4758230","GL873737","1691288","1691582","65","3066642"
"KQ053476v1","4832680","4832986","GL873568","3446359","3446664","69","1386321"
"KQ053476v1","4838200","4838481","GL873573","3786511","3786793","61","1051689"
"KQ053476v1","4894004","4894317","GL873596","3562116","3562414","72","1331888"
"KQ053476v1","4897841","4898149","GL873530","16695374","16695671","62","11797533"
"KQ053476v1","4914385","4914586","GL873781","979567","979760","47","3934818"
"KQ053476v1","4918190","4918388","GL873540","21199327","21199523","53","16281137"
"KQ053476v1","4923815","4924005","GL873545","5770711","5770903","59","846896"
"KQ053476v1","4932944","4933246","GL873534","1397829","1398128","61","3535115"
"KQ053476v1","4934467","4934486","GL873558","9911706","9911723","5","4977239"
"KQ053476v1","4934530","4934813","GL873646","1073675","1073956","62","3860855"
"KQ053476v1","4957665","4957731","GL873577","6163207","6163275","12","1205542"
"KQ053476v1","4966461","4966762","GL873546","13542628","13542944","67","8576167"
"KQ053476v1","4971012","4971146","GL873663","2666032","2666163","25","2304980"
"KQ053476v1","4971963","4972115","GL873593","1458909","1459063","39","3513054"
"KQ053476v1","4972141","4972258","GL873544","8610812","8610928","18","3638671"
"KQ053476v1","4994027","4994256","GL873531","4298410","4298635","54","695617"
"KQ053476v1","5007582","5007873","GL873544","12852108","12852394","50","7844526"
"KQ053476v1","5043771","5044060","GL873643","4844327","4844611","69","199444"
"KQ053476v1","5182766","5182938","GL873586","1353695","1353851","42","3829071"
"KQ053476v1","5363200","5363378","GL873529","21723042","21723220","44","16359842"
"KQ053476v1","5411258","5411567","GL873587","9477913","9478218","67","4066655"
"KQ053476v1","5784766","5785015","GL873542","6222418","6222665","65","437652"
"KQ053476v1","5832315","5832577","GL873607","1421139","1421397","60","4411176"
"KQ053476v1","5925942","5926108","GL873661","1432630","1432794","39","4493312"
"KQ053476v1","6011595","6011822","GL873539","20009899","20010128","59","13998304"
"KQ053476v1","6022287","6022501","GL873531","27399124","27399344","68","21376837"
"KQ053476v1","6031572","6031865","GL873677","4225067","4225358","55","1806505"
"KQ053477v1","64852","65116","GL873753","1262362","1262623","63","1197510"
"KQ053477v1","75164","75418","GL873561","1023968","1024212","66","948804"
"KQ053483v1","17300","17600","GL873621","545875","546169","55","528575"
"KQ053483v1","57708","58012","GL873615","5162108","5162422","62","5104400"
"KQ053483v1","237446","237782","GL873529","36224519","36224826","85","35987073"
"KQ053483v1","238285","238569","GL873522","17360994","17361269","60","17122709"
"KQ053483v1","261653","261953","GL873630","3505485","3505779","60","3243832"
"KQ053483v1","297884","298190","GL873521","6835945","6836242","62","6538061"
"KQ053483v1","308999","309265","GL873543","19669596","19669867","67","19360597"
"KQ053483v1","346145","346334","GL873522","17231266","17231451","57","16885121"
"KQ053483v1","352717","353012","GL873565","12235234","12235534","61","11882517"
"KQ053484v1","13600","13807","GL873533","1309690","1309910","46","1296090"
"KQ053487v1","101410","101650","GL873762","1412192","1412435","68","1310782"
"KQ053487v1","161639","161921","GL873526","21907061","21907350","75","21745422"
"KQ053487v1","252065","252182","GL873573","8483549","8483664","23","8231484"
"KQ053487v1","800653","800759","GL873556","5873611","5873719","34","5072958"
"KQ053487v1","809738","809923","GL873538","20322999","20323196","51","19513261"
"KQ053487v1","825987","826310","GL873528","2518804","2519120","88","1692817"
"KQ053487v1","948197","948487","GL873529","23083772","23084054","68","22135575"
"KQ053487v1","1056299","1056587","GL873560","11614888","11615174","79","10558589"
"KQ053487v1","1173565","1173813","GL873539","15998803","15999035","59","14825238"
"KQ053487v1","1227435","1227741","GL873520","39057346","39057655","74","37829911"
"KQ053487v1","1292013","1292323","GL873523","8076383","8076689","74","6784370"
"KQ053487v1","1294067","1294392","GL873561","9330005","9330309","81","8035938"
"KQ053487v1","1340388","1340618","GL873620","6635311","6635557","68","5294923"
"KQ053487v1","1451515","1451658","GL873677","4158692","4158834","41","2707177"
"KQ053487v1","1453350","1453619","GL873666","2021728","2021998","66","568378"
"KQ053487v1","1468943","1469116","GL873549","6262277","6262457","46","4793334"
"KQ053487v1","1521779","1521959","GL873521","40337440","40337605","56","38815661"
"KQ053487v1","1593027","1593328","GL873531","9881494","9881804","68","8288467"
"KQ053487v1","1595419","1595699","GL873557","192779","193061","80","1402640"
"KQ053487v1","1651258","1651517","GL873645","1920340","1920586","74","269082"
"KQ053487v1","1760658","1760989","GL873679","1263580","1263893","95","497078"
"KQ053487v1","1876337","1876620","GL873586","4074287","4074561","73","2197950"
"KQ053487v1","1990702","1991015","GL873531","27860265","27860563","71","25869563"
"KQ053487v1","2062750","2062833","GL873537","19842596","19842677","14","17779846"
"KQ053487v1","2217965","2218258","GL873694","2221017","2221317","81","3052"
"KQ053487v1","2332200","2332468","GL873522","17321425","17321713","63","14989225"
"KQ053487v1","2350001","2350310","GL873646","1321987","1322264","82","1028014"
"KQ053487v1","2357912","2358194","GL873570","9393261","9393537","82","7035349"
"KQ053487v1","2443705","2443997","GL873596","6368548","6368823","84","3924843"
"KQ053487v1","2547316","2547469","GL873521","31787630","31787780","39","29240314"
"KQ053487v1","2557351","2557619","GL873645","5829169","5829431","71","3271818"
"KQ053487v1","2787619","2787907","GL873544","12852108","12852394","61","10064489"
"KQ053487v1","2960237","2960320","GL873534","845730","845814","14","2114507"
"KQ053487v1","2981640","2981924","GL873591","1760658","1760942","56","1220982"
"KQ053487v1","3012838","3013117","GL873586","6854900","6855180","54","3842062"
"KQ053487v1","3025983","3026289","GL873552","9485985","9486288","64","6460002"
"KQ053487v1","3227569","3227758","GL873547","8101273","8101462","44","4873704"
"KQ053487v1","3375390","3375676","GL873730","635918","636204","65","2739472"
"KQ053487v1","3397552","3397801","GL873527","15301459","15301695","62","11903907"
"KQ053487v1","3401186","3401478","GL873526","4353131","4353412","66","951945"
"KQ053487v1","3431298","3431552","GL873628","1375418","1375692","72","2055880"
"KQ053487v1","3431567","3431771","GL873695","1161370","1161582","50","2270197"
"KQ053487v1","3434121","3434435","GL873675","2456647","2456954","72","977474"
"KQ053487v1","3444644","3444927","GL873536","5506229","5506488","70","2061585"
"KQ053487v1","3450818","3451089","GL873752","219309","219580","65","3231509"
"KQ053487v1","3480392","3480677","GL873544","12852108","12852394","62","9371716"
"KQ053487v1","3494728","3495023","GL873541","21969920","21970207","72","18475192"
"KQ053487v1","3505411","3505653","GL873547","6988081","6988322","51","3482670"
"KQ053487v1","3508475","3508776","GL873543","2476724","2477022","72","1031751"
"KQ053487v1","3512690","3512943","GL873568","12674938","12675190","67","9162248"
"KQ053487v1","3542712","3542927","GL873542","14648472","14648694","51","11105760"
"KQ053487v1","3550323","3550506","GL873610","5536079","5536256","45","1985756"
"KQ053487v1","3553584","3553877","GL873531","27860265","27860563","69","24306681"
"KQ053487v1","3565099","3565398","GL873632","3524037","3524325","64","41062"
"KQ053487v1","3591334","3591516","GL873525","36150481","36150644","53","32559147"
"KQ053487v1","3599881","3600187","GL873544","19347362","19347661","86","15747481"
"KQ053487v1","3624526","3624851","GL873540","9410260","9410586","76","5785734"
"KQ053487v1","3632361","3632566","GL873608","895331","895528","42","2737030"
"KQ053487v1","3635074","3635353","GL873610","6508308","6508582","68","2873234"
"KQ053487v1","3639368","3639631","GL873614","2388797","2389060","68","1250571"
"KQ053487v1","3643265","3643579","GL873561","9330005","9330309","60","5686740"
"KQ053487v1","3648431","3648691","GL873797","492711","492974","65","3155720"
"KQ053487v1","3656548","3656837","GL873586","3828887","3829179","67","172339"
"KQ053487v1","3674753","3675008","GL873559","638718","638979","51","3036035"
"KQ053487v1","3678711","3678930","GL873607","3668632","3668845","69","10079"
"KQ053487v1","3678960","3679058","GL873534","29423498","29423601","27","25744538"
"KQ053487v1","3681985","3682267","GL873521","7379932","7380202","87","3697947"
"KQ053487v1","3686000","3686099","GL873627","7237647","7237749","27","3551647"
"KQ053487v1","3686129","3686356","GL873607","3668632","3668845","73","17497"
"KQ053487v1","3688529","3688812","GL873540","17992275","17992542","77","14303746"
"KQ053487v1","3716558","3716688","GL873529","38333013","38333145","26","34616455"
"KQ053487v1","3721359","3721667","GL873545","12978830","12979129","79","9257471"
"KQ053487v1","3743541","3743844","GL873520","39057346","39057655","67","35313805"
"KQ053487v1","3750042","3750352","GL873624","1916988","1917283","65","1833054"
"KQ053487v1","3849948","3850239","GL873539","19375234","19375524","80","15525286"
"KQ053487v1","3850753","3851056","GL873543","14025064","14025366","77","10174311"
"KQ053487v1","3864535","3864654","GL873605","465659","465780","28","3398876"
"KQ053487v1","3865269","3865573","GL873537","14097659","14097958","74","10232390"
"KQ053487v1","3873710","3873823","GL873554","14205812","14205927","16","10332102"
"KQ053487v1","3877351","3877554","GL873533","27455737","27455939","55","23578386"
"KQ053487v1","3883290","3883595","GL873794","99118","99415","81","3784172"
"KQ053487v1","3901503","3901803","GL873723","667827","668116","64","3233676"
"KQ053487v1","3923104","3923312","GL873602","1330534","1330741","66","2592570"
"KQ053487v1","4018199","4018490","GL873545","17052684","17052979","62","13034485"
"KQ053487v1","4032363","4032651","GL873554","6020107","6020403","65","1987744"
"KQ053487v1","4087386","4087696","GL873538","27788945","27789255","75","23701559"
"KQ053487v1","4106023","4106238","GL873625","5640863","5641072","51","1534840"
"KQ053487v1","4117489","4117704","GL873625","5640863","5641072","51","1523374"
"KQ053487v1","4132999","4133284","GL873584","9549953","9550247","68","5416954"
"KQ053490v1","2592","2888","GL873526","3176581","3176853","84","3173989"
"KQ053490v1","10950","11243","GL873526","8965429","8965699","84","8954479"
"KQ053493v1","750","1029","GL873551","2384698","2384980","68","2383948"
"KQ053496v1","8020","8150","GL873764","390956","391075","30","382936"
"KQ053496v1","8159","8461","GL873696","1696973","1697274","90","1688814"
"KQ053498v1","1746","2015","GL873523","5785971","5786248","75","5784225"
"KQ053498v1","8941","9226","GL873544","12852108","12852394","53","12843167"
"KQ053498v1","11975","12196","GL873526","8303932","8304134","58","8291957"
"KQ053498v1","115296","115457","GL873551","18332970","18333126","35","18217674"
"KQ053498v1","290842","290871","GL873531","2906395","2906426","6","2615553"
"KQ053498v1","290922","291111","GL873561","12624650","12624835","56","12333728"
"KQ053498v1","565551","565844","GL873659","3462845","3463127","64","2897294"
"KQ053498v1","779398","779703","GL873553","8721851","8722161","70","7942453"
"KQ053498v1","953685","953992","GL873531","29956800","29957098","70","29003115"
"KQ053498v1","1116426","1116705","GL873526","12865197","12865466","79","11748771"
"KQ053498v1","1139640","1139922","GL873646","1321987","1322264","72","182347"
"KQ053498v1","1260975","1261262","GL873690","1186536","1186829","67","74439"
"KQ053498v1","1270994","1271295","GL873624","5660177","5660468","61","4389183"
"KQ053498v1","1493505","1493792","GL873570","9393261","9393537","64","7899756"
"KQ053498v1","1526683","1526988","GL873571","4374924","4375218","68","2848241"
"KQ053498v1","1571691","1571922","GL873627","5176554","5176781","54","3604863"
"KQ053498v1","1595215","1595506","GL873527","16558692","16558981","63","14963477"
"KQ053498v1","1602568","1602766","GL873578","6816735","6816937","51","5214167"
"KQ053498v1","1606571","1606856","GL873541","15997811","15998101","63","14391240"
"KQ053498v1","1638567","1638862","GL873544","20315778","20316071","73","18677211"
"KQ053498v1","1654362","1654618","GL873545","14037608","14037860","68","12383246"
"KQ053498v1","1733648","1733914","GL873541","18568161","18568434","85","16834513"
"KQ053498v1","1809078","1809371","GL873557","9367553","9367847","79","7558475"
"KQ053498v1","1813420","1813699","GL873738","1635488","1635766","65","177932"
"KQ053498v1","1827423","1827684","GL873546","12980106","12980373","75","11152683"
"KQ053498v1","1957602","1957730","GL873526","10906259","10906385","25","8948657"
"KQ053498v1","1959222","1959350","GL873671","3266854","3266980","24","1307632"
"KQ053498v1","1992394","1992682","GL873528","4452981","4453269","58","2460587"
"KQ053498v1","2032305","2032562","GL873520","47231493","47231763","75","45199188"
"KQ053498v1","2034156","2034339","GL873799","432682","432841","54","1601474"
"KQ053498v1","2074391","2074655","GL873660","5091458","5091723","63","3017067"
"KQ053498v1","2166023","2166313","GL873531","15517115","15517400","67","13351092"
"KQ053498v1","2425450","2425734","GL873634","2627489","2627772","58","202039"
"KQ053498v1","2670683","2670982","GL873525","26089021","26089319","62","23418338"
"KQ053498v1","2719738","2720046","GL873610","5611406","5611710","69","2891668"
"KQ053498v1","2725030","2725275","GL873540","20714394","20714639","53","17989364"
"KQ053498v1","2727839","2727960","GL873596","2162768","2162890","21","565071"
"KQ053498v1","2769511","2769803","GL873564","3975062","3975344","67","1205551"
"KQ053498v1","2801700","2801966","GL873545","3843574","3843847","72","1041874"
"KQ053498v1","2899550","2899846","GL873545","17052684","17052979","71","14153134"
"KQ053498v1","2916620","2916877","GL873520","30972232","30972491","64","28055612"
"KQ053498v1","2937233","2937529","GL873608","4218070","4218374","62","1280837"
"KQ053498v1","2961435","2961725","GL873522","40388442","40388729","62","37427007"
"KQ053498v1","2971031","2971339","GL873571","4374924","4375218","75","1403893"
"KQ053498v1","2976885","2977163","GL873678","628908","629161","83","2347977"
"KQ053498v1","2981128","2981468","GL873620","354557","354859","107","2626571"
"KQ053498v1","2988125","2988387","GL873531","28073732","28074008","67","25085607"
"KQ053498v1","2988483","2988667","GL873522","3856634","3856803","54","868151"
"KQ053498v1","2988691","2988973","GL873574","7319008","7319286","75","4330317"
"KQ053498v1","2990055","2990324","GL873738","1635488","1635766","68","1354567"
"KQ053498v1","3014762","3015056","GL873528","5032075","5032370","71","2017313"
"KQ053498v1","3029138","3029421","GL873544","12852108","12852394","54","9822970"
"KQ053498v1","3080953","3081093","GL873605","2287268","2287412","36","793685"
"KQ053498v1","3087043","3087267","GL873522","21258404","21258617","56","18171361"
"KQ053498v1","3122266","3122596","GL873635","4725660","4725971","95","1603394"
"KQ053498v1","3197316","3197612","GL873605","1061391","1061680","68","2135925"
"KQ053498v1","3203659","3203907","GL873577","6047989","6048232","52","2844330"
"KQ053498v1","3309312","3309586","GL873800","561741","562019","62","2747571"
"KQ053498v1","3322335","3322635","GL873536","23297144","23297416","83","19974809"
"KQ053498v1","3402330","3402555","GL873684","3285290","3285515","65","117040"
"KQ053498v1","3480894","3481024","GL873624","1572638","1572769","26","1908256"
"KQ053498v1","3481353","3481540","GL873528","8028648","8028831","49","4547295"
"KQ053498v1","3485347","3485534","GL873607","5560126","5560284","52","2074779"
"KQ053498v1","3487246","3487535","GL873574","4855555","4855848","59","1368309"
"KQ053498v1","3520242","3520515","GL873522","38254221","38254501","63","34733979"
"KQ053498v1","3567403","3567685","GL873538","12696139","12696415","65","9128736"
"KQ053498v1","3567991","3568287","GL873520","38157817","38158094","72","34589826"
"KQ053498v1","3587299","3587466","GL873533","16770394","16770555","38","13183095"
"KQ053498v1","3592679","3592859","GL873625","787508","787700","57","2805171"
"KQ053498v1","3646139","3646356","GL873566","13161077","13161300","48","9514938"
"KQ053498v1","3652796","3653082","GL873646","4037377","4037644","57","384581"
"KQ053498v1","3655277","3655384","GL873529","2050837","2050943","21","1604440"
"KQ053498v1","3687467","3687700","GL873754","1706553","1706786","53","1980914"
"KQ053498v1","3688079","3688374","GL873546","18307234","18307526","65","14619155"
"KQ053498v1","3694279","3694577","GL873527","11533238","11533536","73","7838959"
"KQ053498v1","3696444","3696740","GL873531","27860265","27860563","57","24163821"
"KQ053498v1","3714460","3714720","GL873530","30352852","30353101","70","26638392"
"KQ053498v1","3741822","3742148","GL873531","26541278","26541588","86","22799456"
"KQ053498v1","3754585","3754835","GL873548","17670157","17670396","72","13915572"
"KQ053498v1","3755638","3755893","GL873804","622681","622948","66","3132957"
"KQ053498v1","3779054","3779162","GL873604","3708529","3708630","26","70525"
"KQ053498v1","3780490","3780811","GL873541","18220450","18220758","77","14439960"
"KQ053498v1","3794633","3794944","GL873537","14097659","14097958","75","10303026"
"KQ053498v1","3821284","3821508","GL873533","29114064","29114296","47","25292780"
"KQ053498v1","3834031","3834326","GL873737","1691288","1691582","59","2142743"
"KQ053498v1","3842839","3843141","GL873601","3845814","3846115","69","2975"
"KQ053498v1","3844258","3844557","GL873537","20108472","20108765","52","16264214"
"KQ053498v1","3859695","3859964","GL873525","35143537","35143806","61","31283842"
"KQ053498v1","3865394","3865661","GL873525","35143537","35143806","61","31278143"
"KQ053498v1","3876194","3876305","GL873544","17686429","17686544","31","13810235"
"KQ053498v1","3894437","3894728","GL873527","8309922","8310213","60","4415485"
"KQ053498v1","3900392","3900687","GL873618","3966684","3966991","64","66292"
"KQ053498v1","3906548","3906848","GL873560","11470153","11470449","60","7563605"
"KQ053498v1","3929997","3930148","GL873761","964479","964638","44","2965518"
"KQ053498v1","3932796","3933046","GL873565","3583321","3583574","52","349475"
"KQ053498v1","3941689","3941963","GL873543","2904962","2905248","59","1036727"
"KQ053498v1","3954888","3955097","GL873557","5125101","5125304","49","1170213"
"KQ053498v1","3959266","3959383","GL873536","13734163","13734272","30","9774897"
"KQ053498v1","3959674","3959738","GL873639","2239413","2239479","17","1720261"
"KQ053498v1","3959746","3959867","GL873628","1876330","1876452","19","2083416"
"KQ053498v1","3964917","3965126","GL873557","5125101","5125304","49","1160184"
"KQ053498v1","3966892","3967110","GL873533","29114064","29114296","67","25147172"
"KQ053498v1","3971102","3971212","GL873528","3581594","3581700","34","389508"
"KQ053498v1","3971490","3971668","GL873787","36753","36925","58","3934737"
"KQ053498v1","3994552","3994664","GL873537","19330002","19330114","27","15335450"
"KQ053498v1","4034210","4034502","GL873577","10149931","10150226","64","6115721"
"KQ053498v1","4043663","4043985","GL873535","19505380","19505675","79","15461717"
"KQ053498v1","4115872","4116175","GL873546","16423062","16423344","69","12307190"
"KQ053498v1","4119353","4119510","GL873625","6529553","6529702","38","2410200"
"KQ053498v1","4122712","4123028","GL873561","9330005","9330309","81","5207293"
"KQ053498v1","4165510","4165812","GL873594","6088027","6088321","61","1922517"
"KQ053498v1","4267104","4267312","GL873548","11633832","11634036","52","7366728"
"KQ053498v1","4323175","4323483","GL873525","34759396","34759697","63","30436221"
"KQ053498v1","4486663","4486929","GL873539","2476921","2477203","73","2009742"
"KQ053498v1","4774344","4774654","GL873674","1221876","1222172","82","3552468"
"KQ053498v1","4847015","4847310","GL873529","36400027","36400324","61","31553012"
"KQ053498v1","4862573","4862868","GL873537","5643507","5643804","74","780934"
"KQ053498v1","4932991","4933288","GL873533","24205249","24205546","65","19272258"
"KQ053498v1","4994888","4995156","GL873542","6707923","6708191","69","1713035"
"KQ053498v1","5135254","5135375","GL873523","32353938","32354061","23","27218684"
"KQ053498v1","5150227","5150506","GL873522","38254221","38254501","77","33103994"
"KQ053498v1","5176305","5176535","GL873660","1528287","1528511","59","3648018"
"KQ053498v1","5177550","5177849","GL873584","8075346","8075626","73","2897796"
"KQ053498v1","5303974","5304268","GL873571","2577537","2577837","64","2726437"
"KQ053498v1","5394977","5395150","GL873531","2636452","2636619","45","2758525"
"KQ053498v1","5402761","5403053","GL873537","20108472","20108765","57","14705711"
"KQ053498v1","5427025","5427311","GL873752","219309","219580","63","5207716"
"KQ053498v1","5431359","5431636","GL873628","1375418","1375692","62","4055941"
"KQ053498v1","5464353","5464622","GL873548","16782992","16783251","65","11318639"
"KQ053498v1","5475820","5476113","GL873557","7133081","7133372","62","1657261"
"KQ053498v1","5493107","5493366","GL873544","12449514","12449784","65","6956407"
"KQ053498v1","5499373","5499654","GL873590","221969","222250","62","5277404"
"KQ053498v1","5527826","5528102","GL873678","229130","229409","62","5298696"
"KQ053498v1","5538217","5538524","GL873520","26476309","26476612","66","20938092"
"KQ053498v1","5543768","5544079","GL873615","5162108","5162422","73","381660"
"KQ053498v1","5549471","5549798","GL873568","2066221","2066528","113","3483250"
"KQ053498v1","5562364","5562487","GL873555","11877504","11877628","26","6315140"
"KQ053498v1","5562492","5562590","GL873536","13380865","13380974","32","7818373"
"KQ053498v1","5562600","5562793","GL873545","20415656","20415850","49","14853056"
"KQ053498v1","5602406","5602593","GL873644","421184","421375","52","5181222"
"KQ053498v1","5670374","5670505","GL873537","19468294","19468423","30","13797920"
"KQ053498v1","5709046","5709296","GL873588","7418580","7418819","66","1709534"
"KQ053498v1","5768108","5768406","GL873737","1691288","1691582","73","4076820"
"KQ053498v1","5768806","5769089","GL873522","26431469","26431747","70","20662663"
"KQ053498v1","5782571","5782889","GL873530","5960456","5960759","101","177885"
"KQ053498v1","5797199","5797431","GL873684","3285290","3285515","51","2511909"
"KQ053498v1","5832167","5832442","GL873522","40993959","40994240","72","35161792"
"KQ053498v1","5837725","5837890","GL873706","366706","366870","46","5471019"
"KQ053498v1","5851016","5851158","GL873533","13896451","13896593","39","8045435"
"KQ053498v1","5861801","5862123","GL873521","14599825","14600115","85","8738024"
"KQ053498v1","5882540","5882842","GL873546","7841023","7841321","79","1958483"
"KQ053498v1","5895907","5896031","GL873664","3416338","3416450","32","2479569"
"KQ053498v1","5900371","5900677","GL873720","1268124","1268434","71","4632247"
"KQ053498v1","5944627","5944916","GL873533","15128008","15128290","77","9183381"
"KQ053498v1","6000977","6001329","GL873615","5162108","5162422","93","838869"
"KQ053498v1","6033311","6033610","GL873535","21510388","21510698","69","15477077"
"KQ053498v1","6275306","6275556","GL873535","21747141","21747410","60","15471835"
"KQ053498v1","6349047","6349269","GL873529","14768293","14768515","56","8419246"
"KQ053498v1","6621943","6622226","GL873550","16189253","16189537","59","9567310"
"KQ053498v1","6624264","6624556","GL873549","10614853","10615138","70","3990589"
"KQ053498v1","6634507","6634792","GL873812","400580","400858","71","6233927"
"KQ053498v1","6639931","6640220","GL873812","400580","400858","68","6239351"
"KQ053498v1","6646163","6646429","GL873660","1384330","1384596","54","5261833"
"KQ053498v1","6739601","6739871","GL873646","5599197","5599459","75","1140404"
"KQ053498v1","6750199","6750486","GL873524","42149014","42149308","56","35398815"
"KQ053501v1","87202","87504","GL873557","7267236","7267535","58","7180034"
"KQ053501v1","139678","139955","GL873551","11174434","11174713","56","11034756"
"KQ053509v1","12134","12249","GL873521","24637910","24638029","28","24625776"
"KQ053509v1","55609","55863","GL873527","12296721","12296965","64","12241112"
"KQ053509v1","202005","202297","GL873562","5077584","5077879","75","4875579"
"KQ053509v1","242976","243262","GL873579","2665523","2665809","75","2422547"
"KQ053509v1","520977","521253","GL873690","2442366","2442632","74","1921389"
"KQ053509v1","534659","534953","GL873538","23098878","23099170","82","22564219"
"KQ053509v1","572650","572948","GL873520","70789629","70789931","87","70216979"
"KQ053509v1","680914","681029","GL873618","4034067","4034168","39","3353153"
"KQ053509v1","681062","681223","GL873720","1541877","1542045","37","860815"
"KQ053509v1","724691","725003","GL873563","5489805","5490109","73","4765114"
"KQ053509v1","1113070","1113372","GL873565","10241052","10241359","68","9127982"
"KQ053509v1","1204537","1204737","GL873556","5873144","5873328","62","4668607"
"KQ053509v1","1339177","1339451","GL873547","14329017","14329292","71","12989840"
"KQ053509v1","1353795","1354065","GL873530","21594334","21594610","73","20240539"
"KQ053509v1","1383913","1384218","GL873523","8076383","8076689","63","6692470"
"KQ053509v1","1451574","1451870","GL873557","6776484","6776790","73","5324910"
"KQ053509v1","1595826","1596117","GL873543","21766493","21766785","72","20170667"
"KQ053509v1","1761541","1761851","GL873625","3330882","3331184","63","1569341"
"KQ053509v1","1799377","1799612","GL873572","9760706","9760940","69","7961329"
"KQ053509v1","1871113","1871399","GL873522","40388442","40388729","61","38517329"
"KQ053509v1","1880305","1880583","GL873525","22374414","22374700","68","20494109"
"KQ053509v1","1896755","1897055","GL873651","3412247","3412546","71","1515492"
"KQ053509v1","2018680","2018976","GL873537","20108472","20108765","66","18089792"
"KQ053509v1","2175757","2176034","GL873524","6773049","6773322","78","4597292"
"KQ053509v1","2496713","2496985","GL873527","24819425","24819680","77","22322712"
"KQ053509v1","2504775","2505025","GL873553","8989980","8990229","62","6485205"
"KQ053509v1","2568141","2568456","GL873528","38517246","38517537","83","35949105"
"KQ053509v1","2616910","2616996","GL873525","19219504","19219590","18","16602594"
"KQ053509v1","2970981","2971280","GL873544","21762715","21763006","78","18791734"
"KQ053509v1","3051673","3051977","GL873557","7267236","7267535","63","4215563"
"KQ053509v1","3079698","3079989","GL873526","11964670","11964947","73","8884972"
"KQ053509v1","3113693","3113909","GL873525","25774770","25774993","71","22661077"
"KQ053509v1","3152063","3152276","GL873548","17185361","17185574","58","14033298"
"KQ053509v1","3310222","3310507","GL873639","5331998","5332286","63","2021776"
"KQ053509v1","3457557","3457825","GL873660","1384330","1384596","64","2073227"
"KQ053509v1","3475915","3476145","GL873610","2983794","2984019","61","492121"
"KQ053509v1","3724787","3725080","GL873537","20108472","20108765","73","16383685"
"KQ053509v1","3752788","3752996","GL873548","15997323","15997523","64","12244535"
"KQ053509v1","3765919","3766219","GL873613","4264643","4264944","69","498724"
"KQ053509v1","3870193","3870481","GL873520","68711695","68711980","73","64841502"
"KQ053509v1","3883504","3883807","GL873530","18054695","18054970","88","14171191"
"KQ053512v1","2392","2522","GL873647","4289494","4289598","40","4287102"
"KQ053517v1","131014","131303","GL873533","27652586","27652871","58","27521572"
"KQ053517v1","14172","14465","GL873608","5261767","5262063","58","5247595"
"KQ053517v1","31545","31787","GL873663","1117362","1117588","56","1085817"
"KQ053517v1","96258","96548","GL873524","42149014","42149308","61","42052756"
"KQ053517v1","171350","171639","GL873624","5660177","5660468","66","5488827"
"KQ053517v1","185334","185614","GL873842","322251","322538","66","136917"
"KQ053517v1","189074","189358","GL873561","13826809","13827093","64","13637735"
"KQ053517v1","190096","190392","GL873545","12978830","12979129","67","12788734"
"KQ053517v1","195516","195768","GL873520","28409160","28409392","54","28213644"
"KQ053518v1","29183","29320","GL873533","1211222","1211352","27","1182039"
"KQ053518v1","36835","36972","GL873533","1211222","1211352","27","1174387"
"KQ053519v1","63629","63928","GL873532","21611611","21611905","55","21547982"
"KQ053520v1","4718472","4718783","GL873711","123510","123816","68","4594962"
"KQ053520v1","34076","34365","GL873530","17375868","17376165","80","17341792"
"KQ053520v1","61443","61727","GL873543","2904962","2905248","66","2843519"
"KQ053520v1","84292","84588","GL873680","2430414","2430707","61","2346122"
"KQ053520v1","88299","88600","GL873701","1489808","1490112","67","1401509"
"KQ053520v1","106010","106307","GL873568","10563353","10563640","59","10457343"
"KQ053520v1","137349","137663","GL873539","25527772","25528079","69","25390423"
"KQ053520v1","142320","142598","GL873522","38254221","38254501","57","38111901"
"KQ053520v1","150870","151153","GL873769","319631","319896","67","168761"
"KQ053520v1","160945","161163","GL873526","40957560","40957777","57","40796615"
"KQ053520v1","187584","187860","GL873564","3975062","3975344","71","3787478"
"KQ053520v1","188289","188582","GL873664","3420714","3420988","74","3232425"
"KQ053520v1","188739","189048","GL873612","2357949","2358251","64","2169210"
"KQ053520v1","192535","192826","GL873639","3952977","3953261","69","3760442"
"KQ053520v1","224776","224934","GL873551","18332970","18333126","30","18108194"
"KQ053520v1","227480","227637","GL873551","18332970","18333126","32","18105490"
"KQ053520v1","248071","248387","GL873535","29101688","29101988","94","28853617"
"KQ053520v1","258110","258313","GL873531","29211214","29211412","58","28953104"
"KQ053520v1","258595","258709","GL873581","9397393","9397501","20","9138798"
"KQ053520v1","263808","264014","GL873531","29211214","29211412","61","28947406"
"KQ053520v1","264295","264409","GL873581","9397393","9397501","19","9133098"
"KQ053520v1","269471","269664","GL873527","13153135","13153309","53","12883664"
"KQ053520v1","269951","270026","GL873611","2255564","2255650","26","1985613"
"KQ053520v1","276509","276705","GL873527","13153135","13153309","51","12876626"
"KQ053520v1","277001","277116","GL873581","9397393","9397501","20","9120392"
"KQ053520v1","325313","325594","GL873561","13826809","13827093","60","13501496"
"KQ053520v1","325716","325990","GL873621","6352530","6352801","61","6026814"
"KQ053520v1","384176","384466","GL873543","21766493","21766785","55","21382317"
"KQ053520v1","391952","392223","GL873544","20595601","20595868","57","20203649"
"KQ053520v1","394170","394456","GL873611","6802065","6802336","75","6407895"
"KQ053520v1","430033","430046","GL873520","25523108","25523120","1","25093075"
"KQ053520v1","430361","430637","GL873659","3462845","3463127","72","3032484"
"KQ053520v1","434917","435206","GL873624","5660177","5660468","63","5225260"
"KQ053520v1","460978","461102","GL873544","12379043","12379167","22","11918065"
"KQ053520v1","465197","465485","GL873525","8368691","8368984","66","7903494"
"KQ053520v1","469193","469476","GL873562","1255795","1256066","63","786602"
"KQ053520v1","471568","471850","GL873597","32269","32549","69","439299"
"KQ053520v1","475515","475824","GL873563","5489805","5490109","66","5014290"
"KQ053520v1","479378","479542","GL873520","30384760","30384940","50","29905382"
"KQ053520v1","480428","480729","GL873720","1268124","1268434","64","787696"
"KQ053520v1","487601","487883","GL873548","16911479","16911770","71","16423878"
"KQ053520v1","488600","488727","GL873526","21923028","21923158","26","21434428"
"KQ053520v1","490472","490645","GL873615","1631233","1631410","44","1140761"
"KQ053520v1","491024","491202","GL873520","30384760","30384940","37","29893736"
"KQ053520v1","500002","500238","GL873523","34870128","34870373","66","34370126"
"KQ053520v1","500967","501098","GL873526","21923028","21923158","24","21422061"
"KQ053520v1","502875","503179","GL873537","14097659","14097958","68","13594784"
"KQ053520v1","503666","503963","GL873532","21611611","21611905","59","21107945"
"KQ053520v1","512702","512994","GL873552","9461268","9461556","63","8948566"
"KQ053520v1","527736","528036","GL873530","27114472","27114746","91","26586736"
"KQ053520v1","534722","535001","GL873529","15457336","15457617","64","14922614"
"KQ053520v1","542113","542390","GL873648","355307","355573","64","186806"
"KQ053520v1","556626","556929","GL873531","19369345","19369649","75","18812719"
"KQ053520v1","625082","625382","GL873602","8639405","8639702","64","8014323"
"KQ053520v1","630674","630801","GL873732","1714468","1714571","40","1083794"
"KQ053520v1","631350","631650","GL873525","12050097","12050392","66","11418747"
"KQ053520v1","632728","633024","GL873535","14266203","14266500","64","13633475"
"KQ053520v1","635983","636253","GL873677","1383525","1383805","61","747542"
"KQ053520v1","637322","637620","GL873589","8159658","8159953","58","7522336"
"KQ053520v1","650959","651260","GL873544","12852108","12852394","55","12201149"
"KQ053520v1","672728","673004","GL873530","29798317","29798595","51","29125589"
"KQ053520v1","680649","680854","GL873547","9104520","9104727","57","8423871"
"KQ053520v1","686555","686849","GL873544","20902096","20902393","64","20215541"
"KQ053520v1","689856","690139","GL873560","12030649","12030934","69","11340793"
"KQ053520v1","699322","699458","GL873606","5096231","5096360","30","4396909"
"KQ053520v1","699772","699962","GL873545","7205706","7205872","61","6505934"
"KQ053520v1","709842","710136","GL873568","10563353","10563640","48","9853511"
"KQ053520v1","716006","716299","GL873522","4222168","4222461","71","3506162"
"KQ053520v1","720105","720411","GL873542","1286122","1286423","68","566017"
"KQ053520v1","729630","729914","GL873700","361686","361970","66","367944"
"KQ053520v1","731837","732126","GL873527","11533238","11533536","77","10801401"
"KQ053520v1","742706","742984","GL873544","20973701","20973958","61","20230995"
"KQ053520v1","750406","750705","GL873524","42196726","42196997","95","41446320"
"KQ053520v1","757196","757497","GL873566","3530412","3530698","57","2773216"
"KQ053520v1","778391","778676","GL873586","255814","256100","61","522577"
"KQ053520v1","780601","780781","GL873520","1429502","1429686","33","648901"
"KQ053520v1","783664","783938","GL873723","1057504","1057782","56","273840"
"KQ053520v1","787208","787498","GL873624","5660177","5660468","56","4872969"
"KQ053520v1","792128","792428","GL873547","11458791","11459084","63","10666663"
"KQ053520v1","799329","799623","GL873537","20108472","20108765","57","19309143"
"KQ053520v1","807138","807409","GL873646","1436158","1436426","62","629020"
"KQ053520v1","817283","817431","GL873601","8287355","8287500","34","7470072"
"KQ053520v1","820425","820711","GL873596","3562116","3562414","67","2741691"
"KQ053520v1","843548","843844","GL873547","4568091","4568386","66","3724543"
"KQ053520v1","883480","883552","GL873520","39731861","39731933","19","38848381"
"KQ053520v1","887678","887962","GL873561","13826809","13827093","59","12939131"
"KQ053520v1","902329","902626","GL873631","1772","2067","56","900557"
"KQ053520v1","916916","917181","GL873554","2549379","2549650","61","1632463"
"KQ053520v1","973425","973739","GL873656","4223738","4224049","68","3250313"
"KQ053520v1","976176","976454","GL873667","1101787","1102064","59","125611"
"KQ053520v1","979520","979831","GL873534","14406668","14406965","80","13427148"
"KQ053520v1","984538","984834","GL873521","6835945","6836242","70","5851407"
"KQ053520v1","992596","992909","GL873530","28639620","28639925","73","27647024"
"KQ053520v1","992967","993282","GL873570","208301","208614","71","784666"
"KQ053520v1","1053114","1053408","GL873520","38236690","38236980","57","37183576"
"KQ053520v1","1057292","1057588","GL873577","10149931","10150226","77","9092639"
"KQ053520v1","1066189","1066392","GL873579","11042363","11042566","51","9976174"
"KQ053520v1","1082709","1082965","GL873538","11416277","11416524","64","10333568"
"KQ053520v1","1089616","1089910","GL873821","115400","115686","70","974216"
"KQ053520v1","1090956","1091252","GL873545","17052684","17052979","65","15961728"
"KQ053520v1","1100874","1100996","GL873526","19257262","19257383","23","18156388"
"KQ053520v1","1146174","1146439","GL873579","11141374","11141638","73","9995200"
"KQ053520v1","1155073","1155171","GL873524","27880230","27880327","24","26725157"
"KQ053520v1","1155325","1155506","GL873562","11016154","11016328","50","9860829"
"KQ053520v1","1160237","1160521","GL873606","8335222","8335500","71","7174985"
"KQ053520v1","1160567","1160834","GL873520","30303968","30304235","71","29143401"
"KQ053520v1","1167300","1167555","GL873635","5610201","5610461","73","4442901"
"KQ053520v1","1176617","1176909","GL873570","2671142","2671430","69","1494525"
"KQ053520v1","1203919","1204198","GL873639","1913994","1914256","76","710075"
"KQ053520v1","1208554","1208848","GL873525","27816917","27817223","72","26608363"
"KQ053520v1","1209546","1209829","GL873653","3682826","3683102","97","2473280"
"KQ053520v1","1221704","1221995","GL873520","16709587","16709864","66","15487883"
"KQ053520v1","1228886","1229150","GL873692","2391107","2391377","64","1162221"
"KQ053520v1","1246483","1246624","GL873534","808040","808174","36","438443"
"KQ053520v1","1255687","1255977","GL873575","2687372","2687665","75","1431685"
"KQ053520v1","1257494","1257657","GL873547","11297925","11298087","37","10040431"
"KQ053520v1","1268060","1268289","GL873545","16606576","16606804","59","15338516"
"KQ053520v1","1284360","1284628","GL873710","100621","100887","82","1183739"
"KQ053520v1","1287723","1288004","GL873629","2465427","2465711","65","1177704"
"KQ053520v1","1300512","1300788","GL873646","1073675","1073956","64","226837"
"KQ053520v1","1315832","1316109","GL873573","3460770","3461035","78","2144938"
"KQ053520v1","1332602","1332814","GL873625","5640863","5641072","45","4308261"
"KQ053520v1","1339392","1339685","GL873522","4222168","4222461","61","2882776"
"KQ053520v1","1355106","1355405","GL873693","2634108","2634374","83","1279002"
"KQ053520v1","1382371","1382477","GL873545","1717096","1717203","18","334725"
"KQ053520v1","1391845","1392138","GL873527","5721671","5721968","61","4329826"
"KQ053520v1","1404577","1404850","GL873825","388120","388377","66","1016457"
"KQ053520v1","1412039","1412318","GL873634","863797","864077","61","548242"
"KQ053520v1","1414663","1414968","GL873720","1268124","1268434","60","146539"
"KQ053520v1","1468079","1468365","GL873539","3041460","3041735","76","1573381"
"KQ053520v1","1495498","1495799","GL873544","21762715","21763006","65","20267217"
"KQ053520v1","1505442","1505729","GL873564","1119643","1119951","76","385799"
"KQ053520v1","1506566","1506865","GL873523","24837708","24838011","56","23331142"
"KQ053520v1","1548950","1549219","GL873576","5900649","5900911","61","4351699"
"KQ053520v1","1563631","1563929","GL873545","12978830","12979129","60","11415199"
"KQ053520v1","1580030","1580336","GL873720","1268124","1268434","68","311906"
"KQ053520v1","1639807","1640073","GL873566","10700480","10700761","66","9060673"
"KQ053520v1","1747672","1747948","GL873752","219309","219580","49","1528363"
"KQ053520v1","1874913","1875216","GL873563","5489805","5490109","52","3614892"
"KQ053520v1","1951504","1951799","GL873575","2687372","2687665","58","735868"
"KQ053520v1","1995379","1995693","GL873720","1268124","1268434","61","727255"
"KQ053520v1","2140079","2140369","GL873558","12116555","12116839","70","9976476"
"KQ053520v1","2164767","2165056","GL873523","28439312","28439608","77","26274545"
"KQ053520v1","2174931","2175220","GL873523","28439312","28439608","79","26264381"
"KQ053520v1","2206176","2206455","GL873660","743632","743918","72","1462544"
"KQ053520v1","2237700","2238009","GL873545","13698150","13698456","67","11460450"
"KQ053520v1","2275752","2276043","GL873659","3462845","3463127","63","1187093"
"KQ053520v1","2283376","2283684","GL873577","1872987","1873288","78","410389"
"KQ053520v1","2367730","2368009","GL873723","1739067","1739347","62","628663"
"KQ053520v1","2430296","2430571","GL873536","2020684","2020955","55","409612"
"KQ053520v1","2532781","2533086","GL873572","9034316","9034616","68","6501535"
"KQ053520v1","2548707","2548933","GL873579","10953212","10953437","50","8404505"
"KQ053520v1","2597405","2597700","GL873520","38124828","38125119","58","35527423"
"KQ053520v1","2614761","2615061","GL873531","29056008","29056304","67","26441247"
"KQ053520v1","2708553","2708756","GL873653","1731043","1731224","48","977510"
"KQ053520v1","2720657","2720900","GL873620","5514802","5515058","70","2794145"
"KQ053520v1","2726912","2727125","GL873538","4542017","4542230","56","1815105"
"KQ053520v1","2733188","2733486","GL873540","22714851","22715162","69","19981663"
"KQ053520v1","2742478","2742555","GL873723","1379185","1379260","16","1363293"
"KQ053520v1","2750208","2750526","GL873634","6620976","6621283","63","3870768"
"KQ053520v1","2778448","2778761","GL873531","27860265","27860563","67","25081817"
"KQ053520v1","2798819","2799114","GL873687","2386078","2386371","69","412741"
"KQ053520v1","2808377","2808663","GL873619","2816705","2816991","64","8328"
"KQ053520v1","2973216","2973483","GL873623","1894661","1894923","65","1078555"
"KQ053520v1","3009131","3009401","GL873550","13124551","13124811","74","10115420"
"KQ053520v1","3027192","3027456","GL873538","10260571","10260821","75","7233379"
"KQ053520v1","3038435","3038727","GL873586","6643146","6643447","70","3604711"
"KQ053520v1","3080207","3080488","GL873530","16303356","16303636","64","13223149"
"KQ053520v1","3121461","3121755","GL873545","13698150","13698456","67","10576689"
"KQ053520v1","3176681","3176959","GL873543","13000816","13001093","64","9824135"
"KQ053520v1","3189590","3189831","GL873548","18411541","18411791","60","15221951"
"KQ053520v1","3193680","3193754","GL873560","9092420","9092499","25","5898740"
"KQ053520v1","3198967","3199196","GL873670","967862","968095","63","2231105"
"KQ053520v1","3203605","3203894","GL873613","971789","972086","56","2231816"
"KQ053520v1","3225708","3226009","GL873602","8209282","8209594","65","4983574"
"KQ053520v1","3304733","3304981","GL873545","13897582","13897842","78","10592849"
"KQ053520v1","3311473","3311751","GL873613","4450657","4450940","55","1139184"
"KQ053520v1","3334272","3334567","GL873565","12300518","12300811","54","8966246"
"KQ053520v1","3345547","3345855","GL873577","10149931","10150226","71","6804384"
"KQ053520v1","3387250","3387533","GL873557","13615508","13615790","63","10228258"
"KQ053520v1","3396003","3396327","GL873723","751564","751887","55","2644439"
"KQ053520v1","3398579","3398860","GL873531","25381659","25381942","55","21983080"
"KQ053520v1","3459572","3459881","GL873524","41216475","41216778","80","37756903"
"KQ053520v1","3459998","3460147","GL873630","4103192","4103338","33","643194"
"KQ053520v1","3469256","3469563","GL873615","5162108","5162422","85","1692852"
"KQ053520v1","3469984","3470287","GL873686","584235","584523","73","2885749"
"KQ053520v1","3480486","3480563","GL873537","486832","486908","14","2993654"
"KQ053520v1","3502060","3502331","GL873551","7075390","7075671","72","3573330"
"KQ053520v1","3506189","3506321","GL873532","2646391","2646529","40","859798"
"KQ053520v1","3506348","3506628","GL873580","2684621","2684913","83","821727"
"KQ053520v1","3508031","3508315","GL873615","411416","411697","70","3096615"
"KQ053520v1","3519459","3519733","GL873549","7423907","7424189","75","3904448"
"KQ053520v1","3520759","3521058","GL873527","10910929","10911225","66","7390170"
"KQ053520v1","3521323","3521622","GL873537","20108472","20108765","52","16587149"
"KQ053520v1","3523605","3523875","GL873549","7423907","7424189","77","3900302"
"KQ053520v1","3527823","3528138","GL873556","996424","996728","68","2531399"
"KQ053520v1","3555793","3556048","GL873536","5751345","5751585","63","2195552"
"KQ053520v1","3560274","3560581","GL873621","545875","546169","64","3014399"
"KQ053520v1","3561330","3561424","GL873650","4915431","4915521","21","1354101"
"KQ053520v1","3568155","3568443","GL873644","1214351","1214635","61","2353804"
"KQ053520v1","3574869","3574956","GL873530","16405598","16405685","19","12830729"
"KQ053520v1","3575340","3575515","GL873534","14159190","14159365","46","10583850"
"KQ053520v1","3580593","3580765","GL873593","6813056","6813218","50","3232463"
"KQ053520v1","3581097","3581264","GL873539","18965545","18965701","37","15384448"
"KQ053520v1","3584903","3585168","GL873553","8989980","8990229","66","5405077"
"KQ053520v1","3607284","3607431","GL873825","251610","251729","45","3355674"
"KQ053520v1","3609481","3609724","GL873529","35629520","35629778","74","32020039"
"KQ053520v1","3632095","3632216","GL873521","52369650","52369771","18","48737555"
"KQ053520v1","3664624","3664870","GL873594","9499151","9499400","67","5834527"
"KQ053520v1","3669033","3669205","GL873536","11946983","11947148","44","8277950"
"KQ053520v1","3681065","3681360","GL873687","708441","708724","78","2972624"
"KQ053520v1","3683706","3683907","GL873556","5873144","5873328","62","2189438"
"KQ053520v1","3685873","3686189","GL873544","19347362","19347661","69","15661489"
"KQ053520v1","3705361","3705657","GL873577","10149931","10150226","67","6444570"
"KQ053520v1","3716452","3716759","GL873557","4946813","4947122","67","1230361"
"KQ053520v1","3716766","3716895","GL873523","18559675","18559796","31","14842909"
"KQ053520v1","3720078","3720356","GL873660","743632","743918","63","2976446"
"KQ053520v1","3736470","3736664","GL873520","42644555","42644741","56","38908085"
"KQ053520v1","3739977","3740244","GL873538","10260571","10260821","70","6520594"
"KQ053520v1","3744799","3744998","GL873520","42644555","42644741","57","38899756"
"KQ053520v1","3754574","3754848","GL873531","25381659","25381942","71","21627085"
"KQ053520v1","3775522","3775812","GL873579","984876","985165","71","2790646"
"KQ053520v1","3786742","3787040","GL873522","35391476","35391761","76","31604734"
"KQ053520v1","3806558","3806849","GL873615","6674985","6675280","68","2868427"
"KQ053520v1","3859333","3859632","GL873565","12277428","12277733","67","8418095"
"KQ053520v1","3861899","3862193","GL873535","12038298","12038580","71","8176399"
"KQ053520v1","3888242","3888373","GL873531","27435012","27435141","26","23546770"
"KQ053520v1","3889320","3889611","GL873523","6901196","6901490","62","3011876"
"KQ053520v1","3916936","3917239","GL873657","3029272","3029566","79","887664"
"KQ053520v1","3919882","3920166","GL873618","950010","950297","57","2969872"
"KQ053520v1","3923617","3923912","GL873677","4203427","4203715","62","279810"
"KQ053520v1","3932554","3932614","GL873590","7475946","7475994","22","3543392"
"KQ053520v1","3934596","3934893","GL873521","34320609","34320903","54","30386013"
"KQ053520v1","3941643","3941761","GL873603","7603972","7604091","23","3662329"
"KQ053520v1","3942098","3942279","GL873527","13153135","13153309","49","9211037"
"KQ053520v1","3944771","3945071","GL873537","14097659","14097958","72","10152888"
"KQ053520v1","3947837","3948078","GL873749","1782543","1782769","70","2165294"
"KQ053520v1","3970195","3970478","GL873526","12865197","12865466","68","8895002"
"KQ053520v1","3978803","3979025","GL873610","2983794","2984019","47","995009"
"KQ053520v1","3980552","3980815","GL873525","35143537","35143806","51","31162985"
"KQ053520v1","3996805","3997104","GL873575","2687372","2687665","67","1309433"
"KQ053520v1","4006410","4006711","GL873531","27860265","27860563","62","23853855"
"KQ053520v1","4011981","4012265","GL873577","375876","376162","91","3636105"
"KQ053520v1","4045050","4045344","GL873706","2169494","2169788","77","1875556"
"KQ053520v1","4085855","4086132","GL873805","661110","661383","66","3424745"
"KQ053520v1","4092144","4092422","GL873525","35143537","35143806","60","31051393"
"KQ053520v1","4092434","4092703","GL873527","36330801","36331080","68","32238367"
"KQ053520v1","4101659","4101764","GL873851","253861","253977","26","3847798"
"KQ053520v1","4107872","4107967","GL873640","846432","846525","21","3261440"
"KQ053520v1","4108009","4108122","GL873697","1264227","1264345","26","2843782"
"KQ053520v1","4109757","4109964","GL873525","33587731","33587939","54","29477974"
"KQ053520v1","4109968","4110012","GL873539","7871212","7871260","11","3761244"
"KQ053520v1","4111782","4111945","GL873543","11869436","11869585","48","7757654"
"KQ053520v1","4119164","4119430","GL873526","4378725","4378983","70","259561"
"KQ053520v1","4121097","4121250","GL873527","37144256","37144412","32","33023159"
"KQ053520v1","4131873","4132167","GL873575","2687372","2687665","50","1444501"
"KQ053520v1","4144289","4144531","GL873586","7811099","7811330","64","3666810"
"KQ053520v1","4146214","4146343","GL873619","2868214","2868339","20","1278000"
"KQ053520v1","4159979","4160108","GL873619","2868214","2868339","21","1291765"
"KQ053520v1","4199868","4200172","GL873703","125416","125705","73","4074452"
"KQ053520v1","4224487","4224780","GL873530","29536845","29537139","81","25312358"
"KQ053520v1","4232700","4232998","GL873537","20108472","20108765","70","15875772"
"KQ053520v1","4234447","4234756","GL873537","20108472","20108765","65","15874025"
"KQ053520v1","4238674","4238982","GL873528","4452981","4453269","62","214307"
"KQ053520v1","4256291","4256594","GL873627","605730","606005","79","3650561"
"KQ053520v1","4267030","4267347","GL873533","15015660","15015953","110","10748630"
"KQ053520v1","4284952","4285069","GL873565","13486183","13486307","31","9201231"
"KQ053520v1","4290470","4290747","GL873579","984876","985165","62","3305594"
"KQ053520v1","4292186","4292489","GL873661","1884167","1884461","69","2408019"
"KQ053520v1","4293462","4293727","GL873564","8491935","8492190","65","4198473"
"KQ053520v1","4303559","4303843","GL873542","7542952","7543241","68","3239393"
"KQ053520v1","4305794","4306081","GL873529","19879434","19879715","75","15573640"
"KQ053520v1","4312687","4312981","GL873605","693363","693649","53","3619324"
"KQ053520v1","4333076","4333245","GL873730","122968","123133","33","4210108"
"KQ053520v1","4333271","4333578","GL873547","6470095","6470381","81","2136824"
"KQ053520v1","4345310","4345544","GL873526","40957560","40957777","57","36612250"
"KQ053520v1","4347637","4347928","GL873536","11039988","11040262","79","6692351"
"KQ053520v1","4357558","4357854","GL873657","3029272","3029566","71","1328286"
"KQ053520v1","4371141","4371443","GL873557","7133081","7133372","63","2761940"
"KQ053520v1","4442869","4443128","GL873571","6475063","6475319","58","2032194"
"KQ053520v1","4566856","4566982","GL873605","4988480","4988600","29","421624"
"KQ053520v1","4567314","4567484","GL873598","8125192","8125355","42","3557878"
"KQ053520v1","4582091","4582384","GL873686","584235","584523","51","3997856"
"KQ053520v1","4630049","4630203","GL873550","2757471","2757618","56","1872578"
"KQ053520v1","4631123","4631350","GL873659","1692343","1692545","59","2938780"
"KQ053520v1","4636428","4636645","GL873522","21258404","21258617","46","16621976"
"KQ053520v1","4661084","4661288","GL873611","6903506","6903704","43","2242422"
"KQ053520v1","4720126","4720316","GL873754","1344994","1345175","61","3375132"
"KQ053520v1","4725534","4725650","GL873567","9225707","9225819","24","4500173"
"KQ053520v1","4731731","4732017","GL873615","7215678","7215956","68","2483947"
"KQ053520v1","4732592","4732887","GL873588","1077422","1077731","71","3655170"
"KQ053520v1","4751408","4751698","GL873534","25456453","25456748","66","20705045"
"KQ053520v1","4768816","4769123","GL873626","2601511","2601806","82","2167305"
"KQ053520v1","4774507","4774629","GL873635","5758503","5758623","27","983996"
"KQ053520v1","4779320","4779576","GL873526","25561318","25561578","55","20781998"
"KQ053520v1","4798992","4799273","GL873527","16558692","16558981","61","11759700"
"KQ053520v1","4799520","4799794","GL873564","4509177","4509459","56","290343"
"KQ053520v1","4801180","4801477","GL873522","4222168","4222461","59","579012"
"KQ053520v1","4805871","4806176","GL873579","9802541","9802838","59","4996670"
"KQ053520v1","4832533","4832781","GL873533","29114064","29114296","74","24281531"
"KQ053520v1","4844905","4845102","GL873574","11629061","11629252","57","6784156"
"KQ053520v1","4870616","4870805","GL873526","3895419","3895608","48","975197"
"KQ053520v1","4872667","4872981","GL873537","20108472","20108765","69","15235805"
"KQ053520v1","4885268","4885533","GL873521","32091898","32092157","78","27206630"
"KQ053520v1","4898875","4899133","GL873537","24935654","24935907","64","20036779"
"KQ053520v1","4902235","4902402","GL873557","14835191","14835346","47","9932956"
"KQ053520v1","4913530","4913830","GL873566","11891551","11891845","72","6978021"
"KQ053520v1","4929846","4930137","GL873570","5355623","5355914","85","425777"
"KQ053521v1","15279","15592","GL873720","1268124","1268434","59","1252845"
"KQ053521v1","132311","132600","GL873593","2667655","2667944","60","2535344"
"KQ053521v1","138800","139080","GL873618","1681545","1681828","64","1542745"
"KQ053521v1","143620","143911","GL873544","12852108","12852394","57","12708488"
"KQ053521v1","148220","148483","GL873647","3297727","3297989","67","3149507"
"KQ053521v1","233318","233606","GL873544","12852108","12852394","57","12618790"
"KQ053521v1","292150","292460","GL873540","24563702","24564003","71","24271552"
"KQ053521v1","470170","470352","GL873620","3617712","3617892","46","3147542"
"KQ053521v1","490303","490422","GL873763","991883","992000","22","501580"
"KQ053521v1","515751","515951","GL873532","952414","952610","46","436663"
"KQ053521v1","531869","532018","GL873584","2127547","2127679","41","1595678"
"KQ053521v1","532300","532470","GL873545","7348729","7348897","55","6816429"
"KQ053521v1","537533","537780","GL873535","24745002","24745253","66","24207469"
"KQ053521v1","541185","541486","GL873522","5126204","5126499","80","4585019"
"KQ053521v1","557599","557893","GL873537","20108472","20108765","62","19550873"
"KQ053521v1","560182","560472","GL873525","40849347","40849643","58","40289165"
"KQ053521v1","562548","562791","GL873611","4994670","4994910","63","4432122"
"KQ053521v1","570652","570967","GL873624","5660177","5660468","77","5089525"
"KQ053521v1","576508","576805","GL873563","5272424","5272709","74","4695916"
"KQ053521v1","578977","579080","GL873577","8018393","8018507","26","7439416"
"KQ053521v1","579393","579576","GL873586","6579237","6579406","57","5999844"
"KQ053521v1","586931","587223","GL873598","8338964","8339257","52","7752033"
"KQ053521v1","639353","639426","GL873538","17481108","17481179","10","16841755"
"KQ053521v1","648016","648174","GL873571","4293538","4293698","31","3645522"
"KQ053521v1","743225","743509","GL873528","4654259","4654533","80","3911034"
"KQ053521v1","761987","762276","GL873528","4452981","4453269","70","3690994"
"KQ053521v1","775793","776095","GL873558","11845040","11845343","62","11069247"
"KQ053521v1","804760","805051","GL873576","2384533","2384819","71","1579773"
"KQ053521v1","807173","807444","GL873661","3460900","3461179","76","2653727"
"KQ053521v1","891729","892002","GL873524","41701945","41702223","71","40810216"
"KQ053521v1","1004475","1004769","GL873526","19418905","19419208","69","18414430"
"KQ053521v1","1163436","1163733","GL873521","49874189","49874492","47","48710753"
"KQ053521v1","1170999","1171120","GL873557","1890228","1890345","26","719229"
"KQ053521v1","1171449","1171642","GL873531","29211214","29211412","50","28039765"
"KQ053521v1","1264504","1264688","GL873621","3199090","3199271","42","1934586"
"KQ053521v1","1307674","1307982","GL873530","21292502","21292807","75","19984828"
"KQ053521v1","1326404","1326708","GL873544","19347362","19347661","68","18020958"
"KQ053521v1","1337425","1337703","GL873529","36569072","36569351","63","35231647"
"KQ053521v1","1370001","1370295","GL873575","2687372","2687665","61","1317371"
"KQ053521v1","1394704","1394807","GL873627","7237647","7237749","26","5842943"
"KQ053521v1","1423576","1423870","GL873544","12852108","12852394","66","11428532"
"KQ053521v1","1432480","1432762","GL873561","13826809","13827093","58","12394329"
"KQ053521v1","1435472","1435670","GL873537","28005106","28005301","55","26569634"
"KQ053521v1","1448403","1448652","GL873654","3969594","3969832","58","2521191"
"KQ053521v1","1475466","1475772","GL873527","11533238","11533536","72","10057772"
"KQ053521v1","1480634","1480865","GL873543","5602973","5603204","53","4122339"
"KQ053521v1","1501004","1501271","GL873525","35143537","35143806","60","33642533"
"KQ053521v1","1504773","1504953","GL873534","14159190","14159365","48","12654417"
"KQ053521v1","1505282","1505414","GL873708","1419525","1419656","24","85757"
"KQ053521v1","1506846","1507135","GL873568","10563353","10563640","64","9056507"
"KQ053521v1","1521854","1522150","GL873575","2687372","2687665","59","1165518"
"KQ053521v1","1530498","1530770","GL873550","7644303","7644582","60","6113805"
"KQ053521v1","1532754","1533048","GL873544","14048568","14048856","66","12515814"
"KQ053521v1","1534678","1534970","GL873586","3828887","3829179","64","2294209"
"KQ053521v1","1539263","1539572","GL873526","3263815","3264112","68","1724552"
"KQ053521v1","1548631","1548714","GL873587","2256024","2256104","23","707393"
"KQ053521v1","1548996","1549186","GL873666","2714686","2714868","62","1165690"
"KQ053521v1","1561557","1561843","GL873620","7369000","7369291","72","5807443"
"KQ053521v1","1562491","1562774","GL873562","11382494","11382780","58","9820003"
"KQ053521v1","1575196","1575310","GL873621","7572192","7572310","26","5996996"
"KQ053521v1","1580290","1580463","GL873704","708182","708343","44","872108"
"KQ053521v1","1584739","1584978","GL873678","628908","629161","57","955831"
"KQ053521v1","1590167","1590466","GL873523","31283359","31283661","63","29693192"
"KQ053521v1","1602904","1603218","GL873531","19369345","19369649","66","17766441"
"KQ053521v1","1620732","1621027","GL873577","10149931","10150226","62","8529199"
"KQ053521v1","1651867","1652148","GL873599","3962151","3962437","64","2310284"
"KQ053521v1","1653898","1654199","GL873522","3899930","3900226","71","2246032"
"KQ053521v1","1655070","1655325","GL873538","11983415","11983679","65","10328345"
"KQ053521v1","1656116","1656426","GL873609","7137543","7137854","61","5481427"
"KQ053521v1","1660511","1660722","GL873542","13265734","13265927","62","11605223"
"KQ053521v1","1663008","1663136","GL873570","9110469","9110593","24","7447461"
"KQ053521v1","1666575","1666782","GL873522","8670954","8671158","58","7004379"
"KQ053521v1","1667669","1667839","GL873632","6089675","6089845","46","4422006"
"KQ053521v1","1674463","1674631","GL873566","8156980","8157152","48","6482517"
"KQ053521v1","1693138","1693298","GL873570","9334312","9334470","43","7641174"
"KQ053521v1","1695167","1695480","GL873531","19369345","19369649","70","17674178"
"KQ053521v1","1716332","1716453","GL873524","6089502","6089624","23","4373170"
"KQ053521v1","1773129","1773435","GL873549","4385445","4385738","80","2612316"
"KQ053521v1","1774394","1774674","GL873586","6817176","6817451","68","5042782"
"KQ053521v1","1835627","1835929","GL873526","3263815","3264112","70","1428188"
"KQ053521v1","1863082","1863245","GL873537","8665340","8665505","44","6802258"
"KQ053521v1","1922669","1922955","GL873591","1508585","1508871","57","414084"
"KQ053521v1","1965191","1965300","GL873521","7047286","7047394","27","5082095"
"KQ053521v1","1993723","1994029","GL873615","5162108","5162422","56","3168385"
"KQ053521v1","2008505","2008809","GL873592","7736832","7737119","80","5728327"
"KQ053521v1","2312916","2313214","GL873834","390670","390970","60","1922246"
"KQ053521v1","2327363","2327486","GL873522","3229283","3229407","24","901920"
"KQ053521v1","2358671","2358968","GL873537","20108472","20108765","59","17749801"
"KQ053521v1","2468151","2468472","GL873523","28431022","28431322","81","25962871"
"KQ053521v1","2498367","2498645","GL873529","18402705","18402984","80","15904338"
"KQ053521v1","2503702","2503990","GL873536","12018735","12019027","73","9515033"
"KQ053521v1","2512902","2513189","GL873628","1375418","1375692","73","1137484"
"KQ053521v1","2521142","2521266","GL873619","2868214","2868339","24","347072"
"KQ053521v1","2527192","2527497","GL873577","10149931","10150226","74","7622739"
"KQ053523v1","18724","19003","GL873574","7319008","7319286","60","7300284"
"KQ053523v1","250523","250767","GL873623","3967007","3967249","65","3716484"
"KQ053523v1","421165","421458","GL873684","3834220","3834508","64","3413055"
"KQ053523v1","466563","466854","GL873534","24828530","24828825","60","24361967"
"KQ053523v1","662249","662593","GL873522","18906088","18906411","79","18243839"
"KQ053527v1","69748","69806","GL873539","20284112","20284173","14","20214364"
"KQ053527v1","120839","121130","GL873660","743632","743918","69","622793"
"KQ053527v1","316270","316401","GL873527","26269704","26269832","42","25953434"
"KQ053532v1","6920","7194","GL873532","8314503","8314777","75","8307583"
"KQ053532v1","16718","16810","GL873541","19175003","19175090","21","19158285"
"KQ053532v1","34555","34852","GL873537","20108472","20108765","57","20073917"
"KQ053532v1","97797","98111","GL873562","5077584","5077879","73","4979787"
"KQ053532v1","139717","139898","GL873712","702594","702770","54","562877"
"KQ053532v1","224452","224670","GL873659","1692343","1692545","67","1467891"
"KQ053532v1","276946","277133","GL873526","3895419","3895608","37","3618473"
"KQ053532v1","423352","423635","GL873573","3786511","3786793","61","3363159"
"KQ053532v1","615496","615754","GL873727","2193762","2194020","71","1578266"
"KQ053532v1","624028","624307","GL873540","4711812","4712090","74","4087784"
"KQ053532v1","624663","624947","GL873605","5592262","5592529","74","4967599"
"KQ053532v1","647400","647667","GL873548","15510967","15511237","74","14863567"
"KQ053532v1","658817","659107","GL873677","1383525","1383805","63","724708"
"KQ053532v1","672104","672404","GL873700","2524906","2525200","63","1852802"
"KQ053532v1","714259","714377","GL873528","3215053","3215168","23","2500794"
"KQ053532v1","729915","730225","GL873615","5162108","5162422","80","4432193"
"KQ053532v1","736839","737137","GL873664","3234976","3235281","71","2498137"
"KQ053532v1","992182","992486","GL873623","5218769","5219054","77","4226587"
"KQ053532v1","1008782","1008967","GL873915","161462","161640","58","847320"
"KQ053532v1","1017452","1017744","GL873831","401729","402015","81","615723"
"KQ053532v1","1030596","1030780","GL873739","628260","628439","57","402336"
"KQ053532v1","1071587","1071855","GL873537","19828470","19828745","78","18756883"
"KQ053532v1","1110323","1110595","GL873543","507181","507451","94","603142"
"KQ053532v1","1126967","1127264","GL873681","160182","160481","73","966785"
"KQ053532v1","1138212","1138497","GL873534","24828530","24828825","67","23690318"
"KQ053532v1","1156768","1157057","GL873624","4082369","4082656","80","2925601"
"KQ053532v1","1203711","1203751","GL873566","13278671","13278709","15","12074960"
"KQ053532v1","1204056","1204205","GL873544","1980878","1981038","53","776822"
"KQ053532v1","1269448","1269672","GL873659","1872889","1873113","71","603441"
"KQ053532v1","1270693","1270803","GL873618","4047359","4047477","33","2776666"
"KQ053532v1","1342016","1342302","GL873538","26301186","26301477","88","24959170"
"KQ053532v1","1374596","1374687","GL873556","1517821","1517911","30","143225"
"KQ053532v1","1426612","1426898","GL873557","6768396","6768686","88","5341784"
"KQ053532v1","1433865","1434156","GL873737","1691288","1691582","86","257423"
"KQ053532v1","1444211","1444504","GL873562","11732768","11733054","77","10288557"
"KQ053532v1","1459889","1460149","GL873638","2212836","2213102","75","752947"
"KQ053532v1","1468472","1468755","GL873573","3786511","3786793","78","2318039"
"KQ053532v1","1504635","1504865","GL873520","13269442","13269660","76","11764807"
"KQ053532v1","1521805","1522042","GL873529","1741772","1742006","78","219967"
"KQ053533v1","8105","8315","GL873545","3758091","3758301","59","3749986"
"KQ053543v1","241621","241892","GL873545","13984012","13984287","65","13742391"
"KQ053543v1","284570","284877","GL873530","14578517","14578828","71","14293947"
"KQ053543v1","324216","324338","GL873640","5637254","5637381","24","5313038"
"KQ053543v1","405341","405583","GL873533","30950415","30950665","67","30545074"
"KQ053543v1","470755","471062","GL873537","23325667","23325965","73","22854912"
"KQ053543v1","798793","799067","GL873524","41675399","41675673","74","40876606"
"KQ053543v1","960819","961122","GL873627","7189498","7189791","62","6228679"
"KQ053543v1","1025896","1026199","GL873527","11533238","11533536","84","10507342"
"KQ053543v1","1050721","1050981","GL873547","17720932","17721199","71","16670211"
"KQ053543v1","1110679","1110965","GL873588","1085638","1085922","66","25041"
"KQ053543v1","1140381","1140498","GL873521","27741174","27741293","24","26600793"
"KQ053543v1","1145079","1145385","GL873675","1780107","1780409","69","635028"
"KQ053543v1","1188047","1188311","GL873531","19349136","19349405","69","18161089"
"KQ053543v1","1228248","1228492","GL873540","20714394","20714639","52","19486146"
"KQ053543v1","1241575","1241880","GL873610","4431407","4431713","73","3189832"
"KQ053543v1","1252332","1252564","GL873553","9640720","9640961","62","8388388"
"KQ053543v1","1295401","1295528","GL873637","3392350","3392471","22","2096949"
"KQ053543v1","1302473","1302763","GL873544","19347362","19347661","75","18044889"
"KQ053543v1","1350284","1350569","GL873752","219309","219580","62","1130975"
"KQ053543v1","1418403","1418660","GL873572","9561451","9561713","71","8143048"
"KQ053543v1","1479131","1479314","GL873628","7012543","7012724","37","5533412"
"KQ053543v1","1480949","1481257","GL873636","3104548","3104855","54","1623599"
"KQ053543v1","1565503","1565788","GL873525","12278825","12279119","65","10713322"
"KQ053543v1","1595965","1596082","GL873577","3911542","3911651","31","2315577"
"KQ053543v1","1613526","1613824","GL873522","4222168","4222461","52","2608642"
"KQ053543v1","1631672","1631945","GL873610","5075504","5075777","56","3443832"
"KQ053543v1","1669848","1670129","GL873571","4374924","4375218","64","2705076"
"KQ053543v1","1670864","1671162","GL873562","7734050","7734344","69","6063186"
"KQ053543v1","1703491","1703740","GL873654","3969594","3969832","63","2266103"
"KQ053543v1","1776407","1776682","GL873522","38826479","38826750","77","37050072"
"KQ053543v1","1779056","1779207","GL873528","1120859","1121019","40","658197"
"KQ053543v1","1779528","1779636","GL873532","27716790","27716890","28","25937262"
"KQ053543v1","1837519","1837673","GL873586","7442664","7442810","46","5605145"
"KQ053543v1","1905113","1905297","GL873532","30618605","30618788","38","28713492"
"KQ053543v1","1916972","1917272","GL873561","11142944","11143235","56","9225972"
"KQ053543v1","2001588","2001882","GL873537","20108472","20108765","60","18106884"
"KQ053543v1","2003385","2003678","GL873535","14044752","14045047","64","12041367"
"KQ053543v1","2010142","2010443","GL873541","18220450","18220758","71","16210308"
"KQ053543v1","2017873","2018164","GL873537","20108472","20108765","60","18090599"
"KQ053543v1","2019646","2019932","GL873535","14044752","14045047","64","12025106"
"KQ053543v1","2026707","2027007","GL873545","20254912","20255212","62","18228205"
"KQ053543v1","2046977","2047202","GL873526","19083707","19083933","50","17036730"
"KQ053547v1","13091","13391","GL873610","5611406","5611710","59","5598315"
"KQ053550v1","3402","3693","GL873527","34181252","34181528","87","34177850"
"KQ053554v1","9909","10193","GL873560","12015090","12015375","73","12005181"
"KQ053554v1","31304","31601","GL873623","6459306","6459605","57","6428002"
"KQ053554v1","168397","168707","GL873544","13109134","13109442","77","12940737"
"KQ053554v1","179570","179873","GL873615","5889225","5889521","72","5709655"
"KQ053554v1","183120","183418","GL873646","5530496","5530792","58","5347376"
"KQ053554v1","205024","205327","GL873580","178479","178779","61","26545"
"KQ053554v1","238761","239013","GL873653","896073","896321","68","657312"
"KQ053554v1","273320","273630","GL873680","2667256","2667551","65","2393936"
"KQ053554v1","276862","277170","GL873526","20255818","20256125","64","19978956"
"KQ053554v1","296985","297330","GL873530","28263781","28264089","92","27966796"
"KQ053554v1","311128","311427","GL873633","4510855","4511144","72","4199727"
"KQ053554v1","317089","317303","GL873526","8303932","8304134","58","7986843"
"KQ053554v1","355714","356008","GL873562","5328731","5329017","70","4973017"
"KQ053554v1","401102","401393","GL873545","15039472","15039760","71","14638370"
"KQ053554v1","405641","405841","GL873595","5873866","5874050","54","5468225"
"KQ053554v1","505041","505312","GL873520","38157817","38158094","64","37652776"
"KQ053554v1","511427","511731","GL873522","36791807","36792102","82","36280380"
"KQ053554v1","513865","514122","GL873536","5506229","5506488","62","4992364"
"KQ053554v1","524838","525012","GL873600","4370631","4370804","45","3845793"
"KQ053554v1","579414","579711","GL873558","2337436","2337734","69","1758022"
"KQ053554v1","601346","601611","GL873663","2071873","2072148","69","1470527"
"KQ053554v1","627721","627975","GL873688","767448","767700","61","139727"
"KQ053554v1","632137","632397","GL873624","1833935","1834197","62","1201798"
"KQ053554v1","635670","635859","GL873534","377112","377294","48","258558"
"KQ053554v1","679460","679713","GL873538","2204733","2205000","66","1525273"
"KQ053554v1","689293","689592","GL873716","1691811","1692089","85","1002518"
"KQ053554v1","706190","706498","GL873534","15235785","15236080","86","14529595"
"KQ053554v1","768944","769108","GL873552","9333969","9334137","54","8565025"
"KQ053554v1","815203","815512","GL873615","5162108","5162422","61","4346905"
"KQ053554v1","815809","815978","GL873586","1353695","1353851","38","537886"
"KQ053554v1","816210","816514","GL873524","25292695","25292992","74","24476485"
"KQ053554v1","833511","833820","GL873615","5162108","5162422","84","4328597"
"KQ053554v1","835883","836196","GL873530","28263781","28264089","68","27427898"
"KQ053554v1","861399","861697","GL873647","3829599","3829890","80","2968200"
"KQ053554v1","876270","876578","GL873542","4494419","4494721","72","3618149"
"KQ053554v1","877276","877572","GL873537","20108472","20108765","60","19231196"
"KQ053554v1","883109","883291","GL873564","4371507","4371687","42","3488398"
"KQ053554v1","883318","883428","GL873539","26074016","26074123","16","25190698"
"KQ053554v1","889282","889575","GL873529","15224931","15225225","64","14335649"
"KQ053554v1","889636","889747","GL873634","1497269","1497377","21","607633"
"KQ053554v1","912569","912781","GL873701","226165","226365","47","686404"
"KQ053554v1","943920","944196","GL873539","14839213","14839487","65","13895293"
"KQ053554v1","948025","948235","GL873624","3432800","3433013","44","2484775"
"KQ053554v1","951846","952132","GL873528","5227625","5227911","63","4275779"
"KQ053554v1","955661","955938","GL873628","1904991","1905264","57","949330"
"KQ053554v1","963484","963785","GL873580","178479","178779","64","785005"
"KQ053554v1","969048","969351","GL873580","178479","178779","66","790569"
"KQ053554v1","1005644","1005765","GL873834","415652","415774","20","589992"
"KQ053554v1","1014477","1014596","GL873532","19916845","19916963","28","18902368"
"KQ053554v1","1027714","1027973","GL873733","1662135","1662410","73","634421"
"KQ053554v1","1091579","1091881","GL873538","1817723","1818019","80","726144"
"KQ053554v1","1092677","1092957","GL873526","25295506","25295789","64","24202829"
"KQ053554v1","1105709","1105994","GL873593","3958983","3959265","64","2853274"
"KQ053554v1","1168748","1169014","GL873632","3582886","3583150","64","2414138"
"KQ053554v1","1176488","1176782","GL873520","38124828","38125119","68","36948340"
"KQ053554v1","1187795","1187895","GL873558","6581645","6581748","28","5393850"
"KQ053554v1","1191293","1191408","GL873563","3062709","3062809","35","1871416"
"KQ053554v1","1196963","1197017","GL873617","7061142","7061190","11","5864179"
"KQ053554v1","1199025","1199309","GL873531","16734426","16734711","59","15535401"
"KQ053554v1","1214153","1214439","GL873646","5530496","5530792","74","4316343"
"KQ053554v1","1225110","1225238","GL873542","11494580","11494704","29","10269470"
"KQ053554v1","1277996","1278262","GL873522","28638310","28638578","77","27360314"
"KQ053554v1","1297324","1297545","GL873566","13161077","13161300","55","11863753"
"KQ053554v1","1375817","1376079","GL873551","1424153","1424423","77","48336"
"KQ053554v1","1434118","1434412","GL873537","20108472","20108765","55","18674354"
"KQ053554v1","1480570","1480861","GL873551","8175407","8175696","83","6694837"
"KQ053554v1","1482221","1482512","GL873551","8175407","8175696","82","6693186"
"KQ053554v1","1502014","1502312","GL873538","1418241","1418532","67","83773"
"KQ053554v1","1551352","1551662","GL873557","7267236","7267535","61","5715884"
"KQ053554v1","1565087","1565382","GL873754","1677368","1677657","83","112281"
"KQ053554v1","1582872","1583132","GL873596","2177755","2178019","73","594883"
"KQ053554v1","1604385","1604691","GL873577","10149931","10150226","66","8545546"
"KQ053554v1","1648693","1648994","GL873537","20108472","20108765","59","18459779"
"KQ053554v1","1704689","1704868","GL873534","377112","377294","43","1327577"
"KQ053554v1","1817208","1817397","GL873526","3895419","3895608","50","2078211"
"KQ053554v1","1895753","1896075","GL873537","25305223","25305530","83","23409470"
"KQ053554v1","1999393","1999659","GL873525","35143537","35143806","52","33144144"
"KQ053554v1","2027657","2027782","GL873590","762566","762687","21","1265091"
"KQ053554v1","2043335","2043610","GL873800","736311","736599","58","1307024"
"KQ053554v1","2114280","2114578","GL873544","13109134","13109442","79","10994854"
"KQ053554v1","2193190","2193478","GL873544","12852108","12852394","60","10658918"
"KQ053554v1","2339011","2339292","GL873526","25295506","25295789","57","22956495"
"KQ053554v1","2344117","2344187","GL873523","9231803","9231865","22","6887686"
"KQ053554v1","2388619","2388894","GL873628","1904991","1905264","70","483628"
"KQ053554v1","2393629","2393752","GL873521","24637910","24638029","25","22244281"
"KQ053554v1","2416445","2416743","GL873539","25859408","25859692","70","23442963"
"KQ053554v1","2433210","2433424","GL873521","27266368","27266584","44","24833158"
"KQ053554v1","2487448","2487722","GL873537","12553215","12553484","64","10065767"
"KQ053554v1","2500096","2500377","GL873616","6357982","6358241","64","3857886"
"KQ053554v1","2501718","2501979","GL873537","5893227","5893483","53","3391509"
"KQ053554v1","2516494","2516785","GL873522","25185925","25186218","61","22669431"
"KQ053554v1","2529423","2529713","GL873579","11381917","11382212","62","8852494"
"KQ053554v1","2535876","2536186","GL873542","1286122","1286423","67","1249754"
"KQ053554v1","2590379","2590672","GL873570","11394548","11394837","54","8804169"
"KQ053554v1","2643279","2643591","GL873575","2687372","2687665","62","44093"
"KQ053554v1","2655888","2656076","GL873549","6262277","6262457","47","3606389"
"KQ053554v1","2687954","2688250","GL873529","18227816","18228105","58","15539862"
"KQ053554v1","2701191","2701216","GL873628","4177792","4177815","9","1476601"
"KQ053554v1","2701244","2701538","GL873550","16189253","16189537","69","13488009"
"KQ053554v1","2740903","2741189","GL873525","26543304","26543592","64","23802401"
"KQ053554v1","2810622","2810787","GL873527","13153135","13153309","40","10342513"
"KQ053554v1","2902539","2902828","GL873537","23325667","23325965","75","20423128"
"KQ053554v1","2920657","2920954","GL873821","344798","345085","62","2575859"
"KQ053554v1","2937194","2937343","GL873586","1992491","1992629","32","944703"
"KQ053554v1","2937679","2937841","GL873534","14551683","14551840","45","11614004"
"KQ053554v1","2938795","2939074","GL873548","13679256","13679534","55","10740461"
"KQ053554v1","2973007","2973308","GL873537","22007087","22007389","73","19034080"
"KQ053554v1","2973362","2973588","GL873562","5492312","5492540","63","2518950"
"KQ053554v1","2988747","2989010","GL873733","1662135","1662410","65","1326612"
"KQ053554v1","3002398","3002666","GL873548","13679256","13679534","63","10676858"
"KQ053554v1","3005836","3006127","GL873576","206156","206441","60","2799680"
"KQ053554v1","3027219","3027524","GL873521","30769236","30769536","75","27742017"
"KQ053554v1","3040807","3040892","GL873548","17484893","17484980","18","14444086"
"KQ053554v1","3042958","3043232","GL873752","219309","219580","56","2823649"
"KQ053554v1","3045418","3045707","GL873615","6674985","6675280","64","3629567"
"KQ053554v1","3050732","3051012","GL873538","23406111","23406389","61","20355379"
"KQ053554v1","3051791","3052084","GL873591","6350046","6350337","66","3298255"
"KQ053554v1","3073033","3073320","GL873571","4374924","4375218","68","1301891"
"KQ053554v1","3090304","3090611","GL873671","1289718","1290012","63","1800586"
"KQ053554v1","3103570","3103709","GL873534","15121807","15121930","39","12018237"
"KQ053554v1","3131747","3132021","GL873527","12843697","12843960","61","9711950"
"KQ053554v1","3135445","3135765","GL873530","28263781","28264089","70","25128336"
"KQ053554v1","3137383","3137689","GL873590","527367","527669","81","2610016"
"KQ053554v1","3150433","3150740","GL873538","19622743","19623037","66","16472310"
"KQ053554v1","3185441","3185570","GL873533","1211222","1211352","24","1974219"
"KQ053554v1","3189703","3190020","GL873655","1067764","1068073","70","2121939"
"KQ053554v1","3261108","3261367","GL873565","11833498","11833739","77","8572390"
"KQ053554v1","3287188","3287475","GL873842","322251","322538","60","2964937"
"KQ053554v1","3304819","3304942","GL873601","6334962","6335086","16","3030143"
"KQ053565v1","28338","28637","GL873611","1368574","1368876","65","1340236"
"KQ053565v1","45083","45373","GL873523","35749330","35749615","58","35704247"
"KQ053565v1","62492","62621","GL873631","1714787","1714914","21","1652295"
"KQ053565v1","82192","82483","GL873537","20108472","20108765","59","20026280"
"KQ053565v1","96545","96833","GL873543","17913771","17914052","68","17817226"
"KQ053565v1","118724","119005","GL873604","8660029","8660307","61","8541305"
"KQ053565v1","119008","119208","GL873523","43616814","43617002","52","43497806"
"KQ053565v1","150706","150985","GL873536","27318293","27318570","62","27167587"
"KQ053565v1","153285","153559","GL873522","666047","666315","63","512762"
"KQ053565v1","158633","158898","GL873629","2967834","2968093","58","2809201"
"KQ053565v1","167073","167282","GL873586","8236164","8236367","43","8069091"
"KQ053565v1","172908","173161","GL873572","2456194","2456442","72","2283286"
"KQ053565v1","173491","173525","GL873615","7973276","7973308","9","7799785"
"KQ053565v1","178984","179284","GL873525","12050097","12050392","61","11871113"
"KQ053565v1","187020","187311","GL873537","20108472","20108765","53","19921452"
"KQ053565v1","240912","241207","GL873537","20108472","20108765","46","19867560"
"KQ053565v1","243675","243967","GL873533","27652586","27652871","70","27408911"
"KQ053565v1","293731","293955","GL873566","13161077","13161300","46","12867346"
"KQ053565v1","297337","297614","GL873677","3168668","3168943","51","2871331"
"KQ053565v1","316427","316693","GL873632","3582886","3583150","68","3266459"
"KQ053565v1","385507","385641","GL873606","6062519","6062650","19","5677012"
"KQ053565v1","394092","394377","GL873538","2723256","2723539","64","2329164"
"KQ053565v1","397702","398001","GL873537","22568956","22569251","60","22171254"
"KQ053565v1","428184","428503","GL873538","794094","794401","79","365910"
"KQ053565v1","630081","630372","GL873531","14941268","14941533","86","14311187"
"KQ053565v1","740689","740789","GL873805","579757","579858","16","160932"
"KQ053565v1","860920","861176","GL873537","23023928","23024193","63","22163008"
"KQ053565v1","1008884","1009193","GL873629","1991833","1992133","67","982949"
"KQ053565v1","1029094","1029373","GL873646","999713","1000000","55","29381"
"KQ053565v1","1128670","1128971","GL873563","3014823","3015131","69","1886153"
"KQ053565v1","1146483","1146790","GL873537","23325667","23325965","71","22179184"
"KQ053565v1","1158834","1159143","GL873537","23325667","23325965","94","22166833"
"KQ053565v1","1178572","1178861","GL873527","12231505","12231798","75","11052933"
"KQ053565v1","1180143","1180435","GL873527","12231505","12231798","72","11051362"
"KQ053565v1","1222783","1223074","GL873520","38124828","38125119","56","36902045"
"KQ053565v1","1245312","1245626","GL873615","5162108","5162422","62","3916796"
"KQ053565v1","1251282","1251402","GL873541","2356868","2356988","28","1105586"
"KQ053565v1","1256476","1256764","GL873537","12959422","12959706","53","11702946"
"KQ053565v1","1325246","1325533","GL873536","13666883","13667160","63","12341637"
"KQ053565v1","1335475","1335765","GL873522","17321425","17321713","63","15985950"
"KQ053565v1","1347980","1348275","GL873531","2718933","2719227","62","1370953"
"KQ053565v1","1410691","1410967","GL873618","2601371","2601646","76","1190680"
"KQ053565v1","1417633","1417914","GL873592","2176727","2176998","69","759094"
"KQ053565v1","1419127","1419372","GL873645","2500905","2501135","61","1081778"
"KQ053565v1","1421700","1421965","GL873558","6954410","6954677","65","5532710"
"KQ053565v1","1426852","1427063","GL873595","5966599","5966798","50","4539747"
"KQ053565v1","1428474","1428740","GL873526","8965429","8965699","58","7536955"
"KQ053565v1","1516481","1516758","GL873593","3958983","3959265","63","2442502"
"KQ053565v1","1537220","1537473","GL873560","6485764","6486013","57","4948544"
"KQ053565v1","1541207","1541457","GL873522","36470419","36470671","59","34929212"
"KQ053565v1","1545222","1545519","GL873607","4584668","4584965","73","3039446"
"KQ053565v1","1550381","1550665","GL873654","4374861","4375133","62","2824480"
"KQ053565v1","1551041","1551251","GL873752","1264588","1264795","45","286453"
"KQ053565v1","1572109","1572280","GL873577","4898264","4898426","41","3326155"
"KQ053565v1","1606190","1606474","GL873544","12852108","12852394","56","11245918"
"KQ053565v1","1606953","1607251","GL873522","4222168","4222461","71","2615215"
"KQ053565v1","1632136","1632441","GL873565","12300518","12300811","53","10668382"
"KQ053565v1","1683661","1683946","GL873611","607167","607439","56","1076494"
"KQ053565v1","1690561","1690841","GL873557","5665611","5665884","79","3975050"
"KQ053565v1","1691685","1691815","GL873537","6930739","6930868","22","5239054"
"KQ053565v1","1699604","1699911","GL873533","30534240","30534536","71","28834636"
"KQ053565v1","1764720","1765015","GL873613","2732879","2733172","64","968159"
"KQ053565v1","1797074","1797373","GL873571","6104660","6104957","65","4307586"
"KQ053565v1","1811373","1811545","GL873664","1344986","1345149","45","466387"
"KQ053565v1","1822651","1822869","GL873547","9104520","9104727","55","7281869"
"KQ053565v1","1846393","1846685","GL873568","10563353","10563640","59","8716960"
"KQ053565v1","1881546","1881817","GL873667","538898","539194","66","1342648"
"KQ053565v1","1913743","1914035","GL873538","26301186","26301477","69","24387443"
"KQ053565v1","1919412","1919724","GL873537","24192562","24192871","75","22273150"
"KQ053565v1","1925621","1925917","GL873524","42149014","42149308","55","40223393"
"KQ053565v1","1950052","1950164","GL873542","1259218","1259335","19","690834"
"KQ053565v1","1973403","1973591","GL873521","3264210","3264407","54","1290807"
"KQ053565v1","2040618","2040893","GL873548","17510698","17510978","70","15470080"
"KQ053565v1","2113314","2113614","GL873575","2687372","2687665","54","574058"
"KQ053565v1","2126373","2126678","GL873577","10149931","10150226","60","8023558"
"KQ053565v1","2131077","2131388","GL873530","28263781","28264089","70","26132704"
"KQ053565v1","2163059","2163349","GL873526","25295506","25295789","61","23132447"
"KQ053565v1","2170182","2170424","GL873572","9760706","9760940","70","7590524"
"KQ053565v1","2188533","2188611","GL873527","33858790","33858870","14","31670257"
"KQ053565v1","2188843","2189094","GL873706","1347669","1347903","87","841174"
"KQ053565v1","2190141","2190411","GL873667","4712582","4712858","64","2522441"
"KQ053565v1","2217712","2218034","GL873527","13227316","13227607","101","11009604"
"KQ053565v1","2225759","2226054","GL873675","2464737","2465019","70","238978"
"KQ053565v1","2232138","2232404","GL873522","18298470","18298709","84","16066332"
"KQ053565v1","2234080","2234369","GL873570","11394548","11394837","57","9160468"
"KQ053565v1","2234370","2234652","GL873537","20108472","20108765","63","17874102"
"KQ053565v1","2237680","2237877","GL873611","3356207","3356402","49","1118527"
"KQ053565v1","2244490","2244784","GL873534","18611594","18611881","71","16367104"
"KQ053565v1","2246381","2246675","GL873528","5493162","5493439","103","3246781"
"KQ053565v1","2246689","2246960","GL873591","5837159","5837436","82","3590470"
"KQ053565v1","2254119","2254397","GL873716","907742","908015","63","1346377"
"KQ053565v1","2272611","2272899","GL873548","17856526","17856803","76","15583915"
"KQ053565v1","2275275","2275466","GL873709","2177659","2177837","57","97616"
"KQ053565v1","2277384","2277679","GL873522","25185925","25186218","57","22908541"
"KQ053565v1","2277765","2278060","GL873544","12852108","12852394","62","10574343"
"KQ053565v1","2289340","2289420","GL873539","22397834","22397910","24","20108494"
"KQ053565v1","2290933","2291137","GL873754","1711186","1711370","56","579747"
"KQ053565v1","2297951","2298264","GL873523","8076383","8076689","68","5778432"
"KQ053565v1","2311160","2311439","GL873543","19566562","19566836","56","17255402"
"KQ053565v1","2314751","2315043","GL873556","450582","450842","87","1864169"
"KQ053565v1","2325328","2325618","GL873547","6470095","6470381","68","4144767"
"KQ053565v1","2327674","2327962","GL873547","361265","361537","84","1966409"
"KQ053565v1","2329966","2330261","GL873628","1536931","1537223","70","793035"
"KQ053565v1","2336048","2336204","GL873557","2782061","2782211","54","446013"
"KQ053565v1","2336553","2336685","GL873538","9622292","9622420","39","7285739"
"KQ053565v1","2342203","2342328","GL873560","13049237","13049359","17","10707034"
"KQ053565v1","2354866","2355070","GL873569","11158685","11158869","64","8803819"
"KQ053565v1","2355534","2355844","GL873527","11533238","11533536","80","9177704"
"KQ053565v1","2383934","2384230","GL873531","27860265","27860563","65","25476331"
"KQ053565v1","2385015","2385280","GL873522","33330200","33330444","98","30945185"
"KQ053565v1","2400869","2401147","GL873538","24074335","24074619","70","21673466"
"KQ053565v1","2401887","2402172","GL873520","38764685","38764975","71","36362798"
"KQ053565v1","2409501","2409583","GL873586","8679727","8679810","13","6270226"
"KQ053565v1","2426824","2427132","GL873591","6395821","6396131","58","3968997"
"KQ053565v1","2457653","2457868","GL873538","17630112","17630323","66","15172459"
"KQ053565v1","2508850","2509092","GL873568","9162163","9162390","53","6653313"
"KQ053565v1","2546409","2546530","GL873591","8929862","8929981","26","6383453"
"KQ053565v1","2549646","2549949","GL873618","1121386","1121685","69","1428260"
"KQ053565v1","2563704","2563828","GL873536","22370995","22371119","20","19807291"
"KQ053565v1","2564135","2564407","GL873548","13679256","13679534","58","11115121"
"KQ053565v1","2574580","2574862","GL873593","3958983","3959265","67","1384403"
"KQ053565v1","2635589","2635860","GL873521","8420231","8420499","72","5784642"
"KQ053565v1","2679549","2679691","GL873557","6674981","6675119","33","3995432"
"KQ053565v1","2700226","2700414","GL873547","8101273","8101462","40","5401047"
"KQ053565v1","2701787","2702058","GL873536","11777148","11777412","64","9075361"
"KQ053565v1","2720956","2721252","GL873524","42149014","42149308","53","39428058"
"KQ053565v1","2803535","2803843","GL873720","1268124","1268434","62","1535411"
"KQ053565v1","2810228","2810295","GL873531","6898515","6898576","20","4088287"
"KQ053565v1","2810617","2810841","GL873596","8959403","8959630","68","6148786"
"KQ053565v1","2825438","2825507","GL873535","2784373","2784443","20","41065"
"KQ053565v1","2825834","2826066","GL873542","14648472","14648694","54","11822638"
"KQ053565v1","2828569","2828868","GL873561","923317","923608","78","1905252"
"KQ053565v1","2854352","2854532","GL873647","3158908","3159076","50","304556"
"KQ053565v1","2854872","2854942","GL873574","4384373","4384450","21","1529501"
"KQ053565v1","2856829","2857108","GL873752","219309","219580","57","2637520"
"KQ053565v1","2872652","2872924","GL873706","1727242","1727514","72","1145410"
"KQ053565v1","2880279","2880552","GL873764","1591970","1592241","65","1288309"
"KQ053565v1","2977576","2977766","GL873604","3142141","3142319","50","164565"
"KQ053565v1","2979621","2979892","GL873716","907742","908015","60","2071879"
"KQ053565v1","2983106","2983384","GL873520","8214484","8214752","60","5231378"
"KQ053565v1","2995553","2995856","GL873529","3236792","3237095","72","241239"
"KQ053565v1","3045169","3045461","GL873625","3750560","3750850","64","705391"
"KQ053565v1","3063502","3063789","GL873636","797330","797616","63","2266172"
"KQ053565v1","3072747","3072946","GL873526","3895419","3895608","44","822672"
"KQ053565v1","3073082","3073376","GL873576","4080065","4080373","66","1006983"
"KQ053565v1","3075433","3075728","GL873575","2687372","2687665","57","388061"
"KQ053565v1","3088710","3088928","GL873701","2903984","2904187","64","184726"
"KQ053565v1","3113755","3114054","GL873566","2989507","2989808","58","124248"
"KQ053565v1","3125273","3125581","GL873720","1268124","1268434","62","1857149"
"KQ053565v1","3136676","3136970","GL873646","1255481","1255776","60","1881195"
"KQ053565v1","3140741","3141029","GL873603","7350505","7350788","63","4209764"
"KQ053565v1","3142830","3143133","GL873579","984876","985165","64","2157954"
"KQ053565v1","3144802","3145104","GL873720","1268124","1268434","70","1876678"
"KQ053565v1","3147852","3147967","GL873590","743308","743414","21","2404544"
"KQ053565v1","3148304","3148418","GL873521","4012280","4012392","29","863976"
"KQ053565v1","3148716","3148807","GL873537","5271431","5271517","28","2122715"
"KQ053565v1","3149205","3149490","GL873618","1681545","1681828","64","1467660"
"KQ053565v1","3173962","3174254","GL873537","25656087","25656361","61","22482125"
"KQ053565v1","3196091","3196380","GL873570","9532646","9532938","60","6336555"
"KQ053565v1","3214022","3214304","GL873522","26431469","26431747","59","23217447"
"KQ053565v1","3219981","3220264","GL873634","2627489","2627772","66","592492"
"KQ053565v1","3221411","3221689","GL873613","6387091","6387369","67","3165680"
"KQ053565v1","3234314","3234635","GL873598","8227475","8227785","82","4993161"
"KQ053565v1","3236819","3237084","GL873625","5691303","5691570","60","2454484"
"KQ053565v1","3245804","3246008","GL873577","10258567","10258762","57","7012763"
"KQ053565v1","3257927","3258223","GL873535","25840890","25841174","74","22582963"
"KQ053565v1","3260712","3261025","GL873720","1268124","1268434","56","1992588"
"KQ053565v1","3263946","3264246","GL873520","38764685","38764975","66","35500739"
"KQ053565v1","3268850","3269133","GL873537","25740048","25740338","88","22471198"
"KQ053565v1","3271656","3271948","GL873557","7267236","7267535","78","3995580"
"KQ053565v1","3275608","3275771","GL873536","11098407","11098553","49","7822799"
"KQ053565v1","3277454","3277768","GL873538","6426484","6426792","71","3149030"
"KQ053565v1","3279122","3279324","GL873593","2594539","2594732","47","684583"
"KQ053565v1","3288844","3289130","GL873543","2904962","2905248","51","383882"
"KQ053565v1","3296060","3296334","GL873634","1070547","1070833","68","2225513"
"KQ053565v1","3297163","3297456","GL873631","1772","2067","58","3295391"
"KQ053565v1","3297736","3297961","GL873520","30129293","30129518","57","26831557"
"KQ053565v1","3297970","3298195","GL873615","239286","239511","55","3058684"
"KQ053565v1","3299940","3300212","GL873593","8552838","8553119","64","5252898"
"KQ053565v1","3307595","3307800","GL873538","20322999","20323196","53","17015404"
"KQ053565v1","3316929","3317133","GL873566","10427340","10427546","56","7110411"
"KQ053565v1","3322778","3323083","GL873531","19369345","19369649","74","16046567"
"KQ053565v1","3348505","3348795","GL873800","736311","736599","64","2612194"
"KQ053565v1","3352482","3352635","GL873606","268949","269100","44","3083533"
"KQ053565v1","3359125","3359297","GL873744","930236","930400","45","2428889"
"KQ053565v1","3376697","3377000","GL873537","25883683","25883993","83","22506986"
"KQ053565v1","3427223","3427520","GL873520","23923056","23923353","58","20495833"
"KQ053565v1","3438170","3438475","GL873720","1268124","1268434","53","2170046"
"KQ053565v1","3464866","3465155","GL873547","11450506","11450796","66","7985640"
"KQ053565v1","3550123","3550414","GL873542","6140253","6140544","61","2590130"
"KQ053565v1","3559820","3559949","GL873671","4194814","4194943","23","634994"
"KQ053565v1","3562049","3562340","GL873575","2687372","2687665","59","874677"
"KQ053565v1","3570185","3570461","GL873526","25107097","25107356","66","21536912"
"KQ053565v1","3574338","3574589","GL873524","7421702","7421947","54","3847364"
"KQ053565v1","3608807","3609101","GL873539","18506813","18507102","63","14898006"
"KQ053565v1","3616614","3616975","GL873577","7611226","7611549","98","3994612"
"KQ053565v1","3621678","3622018","GL873530","6899034","6899333","94","3277356"
"KQ053565v1","3637806","3638116","GL873537","14097659","14097958","62","10459853"
"KQ053565v1","3668520","3668639","GL873596","2674100","2674216","22","994420"
"KQ053565v1","3686017","3686225","GL873523","24005577","24005782","46","20319560"
"KQ053565v1","3694593","3694884","GL873631","6629455","6629755","75","2934862"
"KQ053565v1","3712161","3712456","GL873578","4990005","4990295","71","1277844"
"KQ053565v1","3714592","3714870","GL873752","219309","219580","56","3495283"
"KQ053565v1","3716901","3717201","GL873521","4537344","4537658","70","820443"
"KQ053565v1","3744726","3744983","GL873536","11777148","11777412","61","8032422"
"KQ053565v1","3794049","3794342","GL873535","26174710","26174993","59","22380661"
"KQ053565v1","3799063","3799369","GL873563","5489805","5490109","66","1690742"
"KQ053565v1","3868217","3868521","GL873577","10149931","10150226","59","6281714"
"KQ053565v1","3868522","3868806","GL873664","1209121","1209391","58","2659401"
"KQ053565v1","3912420","3912637","GL873537","26485071","26485297","52","22572651"
"KQ053565v1","3912688","3912974","GL873524","42149014","42149308","60","38236326"
"KQ053565v1","3914971","3915069","GL873629","2578976","2579075","35","1335995"
"KQ053565v1","3915487","3915715","GL873527","10603696","10603933","53","6688209"
"KQ053565v1","3954488","3954784","GL873543","2904962","2905248","66","1049526"
"KQ053565v1","3986092","3986398","GL873606","683513","683807","72","3302579"
"KQ053565v1","4032550","4032802","GL873602","6725917","6726168","64","2693367"
"KQ053565v1","4048214","4048486","GL873533","16511770","16512044","69","12463556"
"KQ053565v1","4059484","4059723","GL873544","21041474","21041704","65","16981990"
"KQ053565v1","4073252","4073537","GL873532","17044604","17044891","58","12971352"
"KQ053565v1","4109140","4109407","GL873579","11141374","11141638","66","7032234"
"KQ053565v1","4256699","4256986","GL873537","20108472","20108765","57","15851773"
"KQ053565v1","4258625","4258751","GL873589","7762652","7762770","27","3504027"
"KQ053565v1","4272962","4273229","GL873537","26860074","26860362","69","22587112"
"KQ053565v1","4324341","4324663","GL873567","11832891","11833198","92","7508550"
"KQ053565v1","4333407","4333692","GL873539","2531227","2531508","65","1802180"
"KQ053565v1","4338258","4338387","GL873529","641282","641413","28","3696976"
"KQ053565v1","4352489","4352836","GL873547","8917733","8918044","92","4565244"
"KQ053565v1","4376248","4376563","GL873631","1772","2067","74","4374476"
"KQ053565v1","4395567","4395713","GL873529","16847158","16847309","37","12451591"
"KQ053565v1","4404005","4404217","GL873527","37887494","37887703","61","33483489"
"KQ053565v1","4414800","4414983","GL873548","14601375","14601573","51","10186575"
"KQ053565v1","4448573","4448768","GL873771","25964","26149","67","4422609"
"KQ053565v1","4449014","4449213","GL873574","11156695","11156883","53","6707681"
"KQ053566v1","119812","120055","GL873545","10629262","10629505","55","10509450"
"KQ053576v1","23026","23151","GL873578","10214389","10214501","40","10191363"
"KQ053576v1","347484","347698","GL873544","12991873","12992106","63","12644389"
"KQ053576v1","422665","422722","GL873543","986315","986375","15","563650"
"KQ053576v1","433394","433616","GL873529","36944120","36944337","65","36510726"
"KQ053576v1","494513","494593","GL873532","9164769","9164844","27","8670256"
"KQ053576v1","638364","638651","GL873527","16558692","16558981","71","15920328"
"KQ053576v1","681189","681474","GL873526","25295506","25295789","52","24614317"
"KQ053576v1","714673","714973","GL873520","42803564","42803858","63","42088891"
"KQ053576v1","738341","738508","GL873646","4012710","4012865","49","3274369"
"KQ053576v1","802917","803048","GL873544","11860634","11860766","22","11057717"
"KQ053576v1","808695","808992","GL873614","7776284","7776583","65","6967589"
"KQ053576v1","832316","832587","GL873565","1322212","1322476","64","489896"
"KQ053578v1","6729","6893","GL873571","4293538","4293698","38","4286809"
"KQ053578v1","13139","13439","GL873536","6170569","6170869","69","6157430"
"KQ053579v1","86258","86547","GL873547","12234315","12234581","85","12148057"
"KQ053579v1","238396","238683","GL873573","3786511","3786793","74","3548115"
"KQ053579v1","273996","274247","GL873695","3030868","3031127","68","2756872"
"KQ053580v1","7847","7977","GL873629","3055754","3055875","29","3047907"
"KQ053584v1","3757","3887","GL873586","2014602","2014735","35","2010845"
"KQ053584v1","4342","4472","GL873586","2014602","2014735","35","2010260"
"KQ053584v1","13100","13175","GL873564","9834025","9834101","11","9820925"
"KQ053586v1","8059","8350","GL873536","7793571","7793853","69","7785512"
"KQ053587v1","244770","244981","GL873541","19592367","19592573","62","19347597"
"KQ053587v1","253306","253517","GL873541","19592367","19592573","62","19339061"
"KQ053587v1","364168","364336","GL873631","6752351","6752514","37","6388183"
"KQ053587v1","644026","644283","GL873606","6386738","6386985","63","5742712"
"KQ053587v1","669016","669326","GL873548","17482771","17483070","75","16813755"
"KQ053587v1","863448","863730","GL873535","21538311","21538586","63","20674863"
"KQ053587v1","881223","881492","GL873551","2647976","2648234","73","1766753"
"KQ053587v1","964889","965076","GL873566","8156980","8157152","51","7192091"
"KQ053587v1","995880","996143","GL873550","12424783","12425046","63","11428903"
"KQ053587v1","1092510","1092799","GL873520","38764685","38764975","66","37672175"
"KQ053587v1","1097272","1097551","GL873521","25393132","25393414","80","24295860"
"KQ053587v1","1131175","1131292","GL873549","1640406","1640525","22","509231"
"KQ053587v1","1164414","1164700","GL873542","8032564","8032870","76","6868150"
"KQ053587v1","1177088","1177377","GL873549","15132343","15132615","64","13955255"
"KQ053587v1","1202925","1203196","GL873659","2671015","2671288","64","1468090"
"KQ053587v1","1235227","1235528","GL873660","426922","427227","77","808305"
"KQ053587v1","1242409","1242709","GL873536","15301730","15302032","63","14059321"
"KQ053587v1","1295264","1295550","GL873593","3958983","3959265","68","2663719"
"KQ053587v1","1306814","1307075","GL873532","2667038","2667290","66","1360224"
"KQ053587v1","1310773","1311074","GL873533","15015660","15015953","61","13704887"
"KQ053587v1","1311742","1312045","GL873529","17122097","17122389","68","15810355"
"KQ053587v1","1316269","1316531","GL873548","15510967","15511237","64","14194698"
"KQ053587v1","1317392","1317683","GL873522","40388442","40388729","68","39071050"
"KQ053587v1","1334471","1334746","GL873547","17720932","17721199","66","16386461"
"KQ053587v1","1369836","1370143","GL873593","3746229","3746508","64","2376393"
"KQ053587v1","1371438","1371583","GL873530","16082476","16082634","40","14711038"
"KQ053587v1","1379648","1379946","GL873593","3746229","3746508","67","2366581"
"KQ053587v1","1381864","1382088","GL873533","29114064","29114296","54","27732200"
"KQ053587v1","1387289","1387602","GL873612","2357949","2358251","70","970660"
"KQ053587v1","1417286","1417610","GL873546","13542628","13542944","76","12125342"
"KQ053587v1","1420118","1420351","GL873523","39518511","39518749","59","38098393"
"KQ053587v1","1420685","1420777","GL873537","19786406","19786499","16","18365721"
"KQ053587v1","1428030","1428300","GL873800","162596","162852","75","1265434"
"KQ053587v1","1434808","1435128","GL873615","5162108","5162422","81","3727300"
"KQ053587v1","1443573","1443762","GL873603","8540083","8540277","54","7096510"
"KQ053587v1","1450725","1450984","GL873698","1067235","1067477","77","383490"
"KQ053587v1","1459008","1459261","GL873716","292354","292597","64","1166654"
"KQ053587v1","1484171","1484423","GL873612","2306759","2307011","70","822588"
"KQ053587v1","1583349","1583609","GL873540","20146814","20147073","56","18563465"
"KQ053587v1","1588676","1588971","GL873540","24563702","24564003","72","22975026"
"KQ053587v1","1597134","1597418","GL873657","2735967","2736255","69","1138833"
"KQ053587v1","1601465","1601769","GL873720","1260195","1260485","72","341270"
"KQ053587v1","1616551","1616621","GL873605","5710904","5710973","17","4094353"
"KQ053587v1","1624483","1624601","GL873659","1219404","1219517","27","405079"
"KQ053587v1","1624603","1624718","GL873596","2674100","2674216","23","1049497"
"KQ053587v1","1624746","1624914","GL873544","20887740","20887896","39","19262994"
"KQ053587v1","1634782","1634995","GL873535","27923927","27924141","57","26289145"
"KQ053587v1","1646596","1646900","GL873560","857959","858253","67","788637"
"KQ053587v1","1649238","1649455","GL873525","44705324","44705548","52","43056086"
"KQ053587v1","1650274","1650570","GL873540","11122200","11122500","66","9471926"
"KQ053587v1","1659679","1659862","GL873560","7575450","7575639","45","5915771"
"KQ053587v1","1663484","1663613","GL873740","2050573","2050689","29","387089"
"KQ053587v1","1663657","1663941","GL873526","7882436","7882722","62","6218779"
"KQ053587v1","1671423","1671551","GL873715","2526191","2526308","31","854768"
"KQ053587v1","1671595","1671879","GL873526","7882436","7882722","62","6210841"
"KQ053587v1","1723868","1724193","GL873561","9330005","9330309","78","7606137"
"KQ053587v1","1764061","1764332","GL873547","14329017","14329292","66","12564956"
"KQ053587v1","1770248","1770540","GL873577","10149931","10150226","74","8379683"
"KQ053587v1","1785644","1785925","GL873752","219309","219580","62","1566335"
"KQ053587v1","1822561","1822834","GL873532","24126355","24126621","71","22303794"
"KQ053587v1","1829542","1829823","AAQR03197296","440","718","69","1829102"
"KQ053587v1","1830174","1830441","GL873522","34363291","34363568","80","32533117"
"KQ053587v1","1853154","1853437","GL873646","999713","1000000","55","853441"
"KQ053587v1","1869704","1869961","GL873693","2802121","2802370","85","932417"
"KQ053587v1","1873828","1874129","GL873660","743632","743918","82","1130196"
"KQ053587v1","1918010","1918301","GL873528","4452981","4453269","62","2534971"
"KQ053587v1","1954621","1954768","GL873618","2579340","2579478","41","624719"
"KQ053587v1","2156820","2157126","GL873549","2566860","2567155","67","410040"
"KQ053587v1","2256140","2256343","GL873577","9925660","9925854","54","7669520"
"KQ053587v1","2337815","2338102","GL873628","1375418","1375692","73","962397"
"KQ053594v1","19060","19372","GL873624","1920114","1920420","71","1901054"
"KQ053597v1","1760","2041","GL873537","20108472","20108765","64","20106712"
"KQ053598v1","58404","58691","GL873629","7187807","7188085","63","7129403"
"KQ053598v1","63853","64141","GL873544","12852108","12852394","59","12788255"
"KQ053598v1","66057","66247","GL873560","396410","396618","55","330353"
"KQ053598v1","89537","89822","GL873660","743632","743918","73","654095"
"KQ053598v1","156292","156608","GL873720","1268124","1268434","62","1111832"
"KQ053598v1","180033","180328","GL873537","20108472","20108765","60","19928439"
"KQ053598v1","449217","449386","GL873570","2885019","2885181","45","2435802"
"KQ053598v1","548487","548772","GL873624","2187268","2187564","78","1638781"
"KQ053598v1","550594","550719","GL873571","5880255","5880380","27","5329661"
"KQ053598v1","735400","735702","GL873563","5489805","5490109","54","4754405"
"KQ053598v1","901994","902289","GL873564","3975062","3975344","61","3073068"
"KQ053598v1","906233","906521","GL873544","12852108","12852394","58","11945875"
"KQ053598v1","937156","937457","GL873884","162295","162592","53","774861"
"KQ053598v1","941178","941336","GL873740","668373","668539","39","272805"
"KQ053598v1","962368","962597","GL873619","7355939","7356159","56","6393571"
"KQ053598v1","969332","969572","GL873547","17268581","17268812","75","16299249"
"KQ053598v1","970509","970747","GL873579","10953212","10953437","57","9982703"
"KQ053598v1","1082066","1082371","GL873546","859614","859905","81","222452"
"KQ053598v1","1083610","1083797","GL873520","22635186","22635354","54","21551576"
"KQ053598v1","1084940","1085127","GL873530","21916551","21916742","49","20831611"
"KQ053598v1","1132235","1132488","GL873560","8931049","8931288","68","7798814"
"KQ053598v1","1141392","1141687","GL873528","5032075","5032370","61","3890683"
"KQ053598v1","1143503","1143813","GL873659","5088348","5088650","62","3944845"
"KQ053598v1","1146118","1146409","GL873789","87737","88019","68","1058381"
"KQ053598v1","1148134","1148425","GL873520","30303968","30304235","74","29155834"
"KQ053598v1","1153057","1153348","GL873579","984876","985165","57","168181"
"KQ053598v1","1168722","1169009","GL873577","10149931","10150226","65","8981209"
"KQ053598v1","1192877","1193178","GL873675","2456647","2456954","80","1263770"
"KQ053598v1","1200669","1200801","GL873541","15464602","15464729","36","14263933"
"KQ053598v1","1206750","1206930","GL873530","27752066","27752252","40","26545316"
"KQ053598v1","1208466","1208758","GL873539","1525679","1525967","58","317213"
"KQ053598v1","1210451","1210768","GL873541","14451118","14451418","76","13240667"
"KQ053598v1","1222292","1222604","GL873615","5162108","5162422","61","3939816"
"KQ053598v1","1225703","1226003","GL873657","3029272","3029566","60","1803569"
"KQ053598v1","1240704","1240998","GL873538","24663308","24663595","65","23422604"
"KQ053598v1","1280830","1280958","GL873606","6062519","6062650","21","4781689"
"KQ053598v1","1281288","1281452","GL873520","22635186","22635354","49","21353898"
"KQ053598v1","1319840","1319963","GL873661","2971032","2971145","41","1651192"
"KQ053598v1","1371108","1371424","GL873533","23793613","23793905","74","22422505"
"KQ053598v1","1376315","1376602","GL873800","736311","736599","55","640004"
"KQ053598v1","1475466","1475779","GL873571","2577537","2577837","73","1102071"
"KQ053598v1","1505501","1505806","GL873522","4646228","4646515","67","3140727"
"KQ053598v1","1605702","1606006","GL873540","19013371","19013667","57","17407669"
"KQ053598v1","1679972","1680246","GL873532","13261543","13261810","83","11581571"
"KQ053598v1","1829853","1830147","GL873545","17052684","17052979","54","15222831"
"KQ053598v1","1966913","1967178","GL873578","5444211","5444470","78","3477298"
"KQ053598v1","1968635","1968779","GL873530","26696256","26696387","42","24727621"
"KQ053598v1","1971402","1971702","GL873628","4492150","4492450","74","2520748"
"KQ053598v1","1993157","1993372","GL873578","6816735","6816937","54","4823578"
"KQ053598v1","2002527","2002776","GL873704","1025178","1025421","63","977349"
"KQ053598v1","2005992","2006268","GL873550","9887366","9887641","62","7881374"
"KQ053598v1","2031769","2032065","GL873539","18506813","18507102","64","16475044"
"KQ053598v1","2059759","2059890","GL873537","6930739","6930868","27","4870980"
"KQ053598v1","2071551","2071851","GL873561","923317","923608","63","1148234"
"KQ053598v1","2095663","2095958","GL873607","8279011","8279297","64","6183348"
"KQ053598v1","2144826","2145121","GL873565","846944","847233","71","1297882"
"KQ053598v1","2171079","2171367","GL873723","667827","668116","67","1503252"
"KQ053598v1","2210299","2210586","GL873577","10149931","10150226","62","7939632"
"KQ053598v1","2286765","2286941","GL873621","5126658","5126822","46","2839893"
"KQ053598v1","2287282","2287403","GL873520","16810386","16810503","28","14523104"
"KQ053598v1","2320926","2321099","GL873544","18226302","18226465","37","15905376"
"KQ053598v1","2331634","2331813","GL873574","9355705","9355879","46","7024071"
"KQ053598v1","2331998","2332297","GL873530","17375868","17376165","47","15043870"
"KQ053598v1","2454429","2454726","GL873544","17387088","17387379","69","14932659"
"KQ053598v1","2636400","2636680","GL873529","22377342","22377617","67","19740942"
"KQ053598v1","2657992","2658260","GL873528","7326954","7327222","78","4668962"
"KQ053598v1","2663993","2664062","GL873625","3195534","3195599","8","531541"
"KQ053598v1","2684167","2684467","GL873522","10042566","10042867","70","7358399"
"KQ053598v1","2689319","2689534","GL873526","40957560","40957777","46","38268241"
"KQ053598v1","2712303","2712431","GL873544","17021748","17021876","18","14309445"
"KQ053598v1","2713781","2713851","GL873566","8732940","8733010","11","6019159"
"KQ053598v1","2718136","2718407","GL873564","3975062","3975344","72","1256926"
"KQ053598v1","2725462","2725683","GL873538","4542017","4542230","50","1816555"
"KQ053598v1","2774556","2774806","GL873658","332990","333239","76","2441566"
"KQ053598v1","2789690","2789954","GL873540","20244038","20244273","70","17454348"
"KQ053598v1","2791687","2791969","GL873520","60883623","60883917","67","58091936"
"KQ053598v1","2820248","2820610","GL873577","7611226","7611549","107","4790978"
"KQ053598v1","2827187","2827468","GL873526","12865197","12865466","61","10038010"
"KQ053598v1","2845750","2846017","GL873546","16423062","16423344","68","13577312"
"KQ053598v1","2903353","2903431","GL873574","3557146","3557220","15","653793"
"KQ053598v1","2915740","2916035","GL873534","8473148","8473443","60","5557408"
"KQ053598v1","2961154","2961469","GL873641","3079760","3080070","73","118606"
"KQ053598v1","2966327","2966620","GL873586","3828887","3829179","60","862560"
"KQ053598v1","2970506","2970822","GL873720","1268124","1268434","70","1702382"
"KQ053598v1","2970975","2971272","GL873542","11226569","11226847","65","8255594"
"KQ053598v1","2981554","2981873","GL873538","3653056","3653352","93","671502"
"KQ053599v1","12633","12923","GL873531","27860265","27860563","53","27847632"
"KQ053601v1","86045","86344","GL873544","12852108","12852394","56","12766063"
"KQ053601v1","114881","115057","GL873537","8665340","8665505","39","8550459"
"KQ053601v1","136775","136905","GL873531","27435012","27435141","28","27298237"
"KQ053601v1","270862","271177","GL873611","5253036","5253341","89","4982174"
"KQ053602v1","5535","5744","GL873532","11045793","11045999","62","11040258"
"KQ053607v1","4344","4480","GL873537","6930739","6930868","27","6926395"
"KQ053607v1","7980","8259","GL873680","736718","737004","79","728738"
"KQ053607v1","12391","12622","GL873660","1528287","1528511","62","1515896"
"KQ053607v1","12623","12778","GL873570","10511074","10511223","34","10498451"
"KQ053609v1","14919","15220","GL873560","12319327","12319620","58","12304408"
"KQ053609v1","94036","94101","GL873534","29108654","29108724","23","29014618"
"KQ053609v1","138312","138607","GL873660","743632","743918","66","605320"
"KQ053609v1","154987","155254","GL873527","15959106","15959367","60","15804119"
"KQ053609v1","208232","208531","GL873531","27860265","27860563","65","27652033"
"KQ053609v1","217211","217523","GL873557","10964192","10964504","86","10746981"
"KQ053609v1","295382","295502","GL873834","415652","415774","22","120270"
"KQ053609v1","441342","441648","GL873572","9034316","9034616","80","8592974"
"KQ053609v1","492538","492833","GL873535","11877698","11878000","69","11385160"
"KQ053609v1","524553","524763","GL873522","21258404","21258617","51","20733851"
"KQ053609v1","746229","746426","GL873595","5966599","5966798","58","5220370"
"KQ053609v1","934370","934679","GL873530","28263781","28264089","75","27329411"
"KQ053609v1","1162520","1162828","GL873661","1884549","1884860","68","722029"
"KQ053609v1","1269778","1270083","GL873598","8338964","8339257","66","7069186"
"KQ053609v1","1273972","1274283","GL873525","12278825","12279119","65","11004853"
"KQ053609v1","1481808","1482078","GL873543","5868888","5869166","62","4387080"
"KQ053609v1","1517407","1517724","GL873573","2792271","2792583","84","1274864"
"KQ053609v1","1528791","1529058","GL873612","6181628","6181895","72","4652837"
"KQ053609v1","1530393","1530606","GL873576","7334099","7334313","55","5803706"
"KQ053609v1","1534795","1535097","GL873537","20108472","20108765","80","18573677"
"KQ053609v1","1542359","1542642","GL873544","12852108","12852394","57","11309749"
"KQ053609v1","1559291","1559582","GL873643","1087107","1087400","61","472184"
"KQ053609v1","1559603","1559880","GL873535","12038298","12038580","67","10478695"
"KQ053609v1","1585321","1585582","GL873601","5269322","5269589","61","3684001"
"KQ053609v1","1599077","1599271","GL873573","12131424","12131616","47","10532347"
"KQ053609v1","1676324","1676577","GL873567","13169608","13169861","58","11493284"
"KQ053609v1","1683479","1683776","GL873608","4005858","4006144","69","2322379"
"KQ053609v1","1685590","1685884","GL873575","2687372","2687665","58","1001782"
"KQ053609v1","1714877","1715173","GL873524","18409525","18409822","56","16694648"
"KQ053609v1","1735562","1735808","GL873547","6988081","6988322","59","5252519"
"KQ053609v1","1841969","1842212","GL873550","3545538","3545776","73","1703569"
"KQ053609v1","1867131","1867447","GL873538","12219285","12219590","72","10352154"
"KQ053609v1","1868999","1869287","GL873524","42149014","42149308","55","40280015"
"KQ053609v1","1905319","1905603","GL873579","984876","985165","54","920443"
"KQ053609v1","1908647","1908733","GL873524","1224585","1224682","24","684062"
"KQ053609v1","1910922","1911213","GL873548","17273035","17273330","69","15362113"
"KQ053609v1","1920543","1920780","GL873535","25001406","25001648","71","23080863"
"KQ053609v1","1926247","1926500","GL873538","1584722","1584989","67","341525"
"KQ053609v1","1933802","1934032","GL873539","15998803","15999035","79","14065001"
"KQ053609v1","1947464","1947742","GL873529","25723120","25723399","59","23775656"
"KQ053609v1","1970434","1970717","GL873537","20108472","20108765","51","18138038"
"KQ053609v1","1973061","1973343","GL873577","10149931","10150226","66","8176870"
"KQ053609v1","1975056","1975162","GL873648","296665","296777","21","1678391"
"KQ053609v1","2052680","2052808","GL873545","20031078","20031208","24","17978398"
"KQ053609v1","2053136","2053282","GL873528","38418942","38419087","35","36365806"
"KQ053609v1","2121617","2121739","GL873538","618317","618439","22","1503300"
"KQ053609v1","2132122","2132244","GL873538","618317","618439","22","1513805"
"KQ053609v1","2146239","2146485","GL873566","13161077","13161300","61","11014838"
"KQ053609v1","2215061","2215148","GL873675","2119704","2119782","21","95357"
"KQ053609v1","2216872","2217076","GL873672","1902668","1902865","52","314204"
"KQ053609v1","2293142","2293432","GL873530","11567251","11567537","71","9274109"
"KQ053609v1","2345317","2345622","GL873610","4431407","4431713","61","2086090"
"KQ053609v1","2446643","2446797","GL873530","34598542","34598698","34","32151899"
"KQ053609v1","2487514","2487645","GL873522","41098155","41098287","40","38610641"
"KQ053609v1","2513048","2513177","GL873721","1121031","1121158","20","1392017"
"KQ053609v1","2538015","2538300","GL873570","9393261","9393537","66","6855246"
"KQ053609v1","2606602","2606839","GL873557","9967376","9967610","53","7360774"
"KQ053609v1","2606985","2607102","GL873538","11246959","11247081","25","8639974"
"KQ053609v1","2778080","2778383","GL873622","6928373","6928658","64","4150293"
"KQ053609v1","2920937","2921225","GL873521","24646365","24646645","68","21725428"
"KQ053609v1","2948303","2948492","GL873548","16619279","16619469","42","13670976"
"KQ053609v1","2987964","2988214","GL873533","15425290","15425535","64","12437326"
"KQ053609v1","3012462","3012657","GL873538","20322999","20323196","50","17310537"
"KQ053609v1","3066285","3066590","GL873522","40388442","40388729","78","37322157"
"KQ053609v1","3092140","3092400","GL873542","19529065","19529325","64","16436925"
"KQ053609v1","3097073","3097293","GL873613","5851680","5851898","55","2754607"
"KQ053609v1","3203723","3204024","GL873616","7318626","7318922","58","4114903"
"KQ053609v1","3231369","3231640","GL873526","17110885","17111154","69","13879516"
"KQ053609v1","3248903","3249194","GL873540","4711812","4712090","69","1462909"
"KQ053609v1","3370350","3370595","GL873540","20654782","20655010","61","17284432"
"KQ053609v1","3428371","3428656","GL873535","26174710","26174993","64","22746339"
"KQ053614v1","8339","8493","GL873742","718915","719074","59","710576"
"KQ053620v1","25528","25810","GL873528","4452981","4453269","64","4427453"
"KQ053620v1","48193","48498","GL873575","2687372","2687665","72","2639179"
"KQ053620v1","50213","50499","GL873831","345857","346142","56","295644"
"KQ053620v1","65805","66112","GL873608","4218070","4218374","63","4152265"
"KQ053620v1","71341","71621","GL873523","5398253","5398525","61","5326912"
"KQ053620v1","152206","152432","GL873566","13161077","13161300","57","13008871"
"KQ053620v1","165676","166009","GL873545","12978830","12979129","94","12813154"
"KQ053620v1","197376","197678","GL873540","16795111","16795414","69","16597735"
"KQ053620v1","226788","227046","GL873647","5378822","5379086","63","5152034"
"KQ053620v1","258946","259248","GL873560","857959","858253","72","599013"
"KQ053620v1","305074","305273","GL873805","948213","948404","48","643139"
"KQ053620v1","353857","354160","GL873525","34759396","34759697","68","34405539"
"KQ053620v1","373614","373772","GL873582","6084341","6084502","36","5710727"
"KQ053620v1","491678","491771","GL873635","4922057","4922142","18","4430379"
"KQ053620v1","491822","492015","GL873532","3583287","3583468","48","3091465"
"KQ053620v1","565925","566204","GL873523","5398253","5398525","63","4832328"
"KQ053620v1","583317","583600","GL873754","1677368","1677657","60","1094051"
"KQ053620v1","609144","609227","GL873638","5707321","5707398","21","5098177"
"KQ053620v1","642468","642772","GL873615","5162108","5162422","66","4519640"
"KQ053620v1","653152","653386","GL873531","27399124","27399344","57","26745972"
"KQ053620v1","685865","686007","GL873664","4101136","4101269","28","3415271"
"KQ053620v1","728420","728714","GL873531","27860265","27860563","63","27131845"
"KQ053620v1","741637","741936","GL873571","2577537","2577837","68","1835900"
"KQ053620v1","792558","792819","GL873654","4374861","4375133","61","3582303"
"KQ053620v1","798991","799281","GL873618","3580587","3580868","80","2781596"
"KQ053620v1","804469","804768","GL873577","10149931","10150226","75","9345462"
"KQ053620v1","819377","819633","GL873632","6442574","6442826","62","5623197"
"KQ053620v1","824220","824490","GL873632","2531304","2531561","63","1707084"
"KQ053620v1","835645","835899","GL873575","9277978","9278232","53","8442333"
"KQ053620v1","844198","844490","GL873534","24828530","24828825","56","23984332"
"KQ053620v1","844971","845269","GL873638","1144051","1144352","64","299080"
"KQ053620v1","847139","847438","GL873598","8338964","8339257","64","7491825"
"KQ053620v1","848523","848814","GL873530","17397245","17397527","67","16548722"
"KQ053620v1","858042","858243","GL873805","948213","948404","49","90171"
"KQ053620v1","871844","872014","GL873531","2636452","2636619","60","1764608"
"KQ053620v1","881383","881505","GL873596","3846611","3846738","32","2965228"
"KQ053620v1","881830","881942","GL873538","2396310","2396421","37","1514480"
"KQ053620v1","885109","885409","GL873604","8660029","8660307","74","7774920"
"KQ053620v1","887874","888201","GL873577","7611226","7611549","75","6723352"
"KQ053620v1","890999","891295","GL873557","7267236","7267535","62","6376237"
"KQ053620v1","895978","896225","GL873536","14955236","14955476","58","14059258"
"KQ053620v1","903503","903787","GL873561","13826809","13827093","60","12923306"
"KQ053620v1","911465","911725","GL873520","8214484","8214752","63","7303019"
"KQ053620v1","919908","920200","GL873529","16524419","16524713","76","15604511"
"KQ053620v1","922776","923073","GL873529","17654556","17654858","76","16731780"
"KQ053620v1","930339","930645","GL873571","2577537","2577837","72","1647198"
"KQ053620v1","950733","951020","GL873545","17052684","17052979","66","16101951"
"KQ053620v1","956544","956830","GL873558","6357384","6357662","71","5400840"
"KQ053620v1","974962","975265","GL873531","27860265","27860563","52","26885303"
"KQ053620v1","981766","982056","GL873537","23325667","23325965","60","22343901"
"KQ053620v1","996242","996540","GL873537","20108472","20108765","61","19112230"
"KQ053620v1","998192","998308","GL873596","2674100","2674216","16","1675908"
"KQ053620v1","1005473","1005791","GL873634","4486752","4487071","80","3481279"
"KQ053620v1","1026948","1027213","GL873544","12820517","12820779","62","11793569"
"KQ053620v1","1057355","1057656","GL873534","17688729","17689030","68","16631374"
"KQ053620v1","1072873","1073179","GL873688","110586","110878","66","962287"
"KQ053620v1","1087586","1087704","GL873544","15849584","15849707","30","14761998"
"KQ053620v1","1126538","1126795","GL873530","11984917","11985188","62","10858379"
"KQ053620v1","1147072","1147368","GL873566","11891551","11891845","60","10744479"
"KQ053620v1","1154050","1154341","GL873522","26416598","26416890","61","25262548"
"KQ053620v1","1352296","1352418","GL873521","52369650","52369771","24","51017354"
"KQ053620v1","1482539","1482850","GL873615","5162108","5162422","82","3679569"
"KQ053620v1","1616969","1617256","GL873741","1055877","1056155","71","561092"
"KQ053620v1","1627214","1627490","GL873568","5298632","5298909","71","3671418"
"KQ053620v1","1636319","1636654","GL873679","1263580","1263893","84","372739"
"KQ053620v1","1749852","1750149","GL873679","1263580","1263893","85","486272"
"KQ053620v1","1750955","1751091","GL873623","1782183","1782320","36","31228"
"KQ053620v1","1803350","1803659","GL873569","6793228","6793532","69","4989878"
"KQ053620v1","1923396","1923689","GL873528","4452981","4453269","69","2529585"
"KQ053620v1","2256870","2256913","GL873520","32678256","32678296","13","30421386"
"KQ053620v1","2267347","2267634","GL873536","13622290","13622562","80","11354943"
"KQ053620v1","2271668","2271711","GL873520","32678256","32678296","13","30406588"
"KQ053620v1","2321754","2322061","GL873624","3183015","3183314","82","861261"
"KQ053620v1","2441013","2441089","GL873569","11158534","11158607","24","8717521"
"KQ053620v1","2571972","2572075","GL873539","3209753","3209863","27","637781"
"KQ053620v1","2705835","2706065","GL873544","21041474","21041704","60","18335639"
"KQ053620v1","3025113","3025377","GL873543","18076070","18076333","56","15050957"
"KQ053620v1","3027685","3027872","GL873520","1429502","1429686","48","1598183"
"KQ053620v1","3075143","3075407","GL873554","5564296","5564562","65","2489153"
"KQ053620v1","3188288","3188448","GL873520","47156141","47156304","41","43967853"
"KQ053620v1","3252697","3252995","GL873608","4218070","4218374","62","965373"
"KQ053620v1","3304757","3305048","GL873538","7823130","7823406","68","4518373"
"KQ053620v1","3340327","3340615","GL873593","6705754","6706041","72","3365427"
"KQ053620v1","3433585","3433884","GL873660","743632","743918","74","2689953"
"KQ053620v1","3809743","3810032","GL873574","8855062","8855350","51","5045319"
"KQ053620v1","3852979","3853257","GL873549","15132343","15132615","82","11279364"
"KQ053620v1","3887470","3887754","GL873564","3975062","3975344","61","87592"
"KQ053620v1","3892394","3892687","GL873688","3520490","3520782","71","371904"
"KQ053620v1","3922891","3923110","GL873540","17231565","17231783","56","13308674"
"KQ053620v1","3948625","3948916","GL873530","25380946","25381230","72","21432321"
"KQ053620v1","4024956","4025083","GL873587","5322287","5322417","24","1297331"
"KQ053620v1","4061432","4061736","GL873522","4222168","4222461","65","160736"
"KQ053620v1","4072290","4072582","GL873522","17321425","17321713","67","13249135"
"KQ053620v1","4259365","4259643","GL873610","5075504","5075777","72","816139"
"KQ053620v1","4305409","4305699","GL873587","2916612","2916896","79","1388797"
"KQ053620v1","4464520","4464782","GL873548","15510967","15511237","70","11046447"
"KQ053620v1","4584535","4584697","GL873586","7384660","7384818","33","2800125"
"KQ053620v1","4628877","4629158","GL873811","722727","723009","76","3906150"
"KQ053620v1","4706777","4707073","GL873538","2723256","2723539","73","1983521"
"KQ053620v1","4746683","4746969","GL873544","12852108","12852394","63","8105425"
"KQ053620v1","4923216","4923522","GL873544","15255353","15255648","74","10332137"
"KQ053620v1","4956000","4956307","GL873558","11845040","11845343","60","6889040"
"KQ053620v1","4993759","4994049","GL873607","297784","298070","54","4695975"
"KQ053620v1","5148889","5148980","GL873729","661150","661243","16","4487739"
"KQ053620v1","5149031","5149172","GL873539","708347","708485","37","4440684"
"KQ053620v1","5283184","5283392","GL873723","133947","134152","51","5149237"
"KQ053620v1","5302550","5302827","GL873561","13826809","13827093","62","8524259"
"KQ053620v1","5367837","5368069","GL873533","29114064","29114296","62","23746227"
"KQ053620v1","5521052","5521326","GL873558","6954410","6954677","67","1433358"
"KQ053620v1","5813666","5813788","GL873570","10645932","10646052","25","4832266"
"KQ053620v1","5961677","5961775","GL873526","8977551","8977650","25","3015874"
"KQ053620v1","5974995","5975193","GL873587","4717098","4717309","65","1257897"
"KQ053625v1","5011","5319","GL873545","17052684","17052979","95","17047673"
"KQ053631v1","6291368","6291649","GL873530","26485863","26486146","65","20194495"
"KQ053631v1","100738","100920","GL873742","616637","616810","44","515899"
"KQ053631v1","105055","105220","GL873574","4453635","4453791","40","4348580"
"KQ053631v1","110199","110505","GL873623","4501593","4501900","65","4391394"
"KQ053631v1","119077","119387","GL873720","1268124","1268434","55","1149047"
"KQ053631v1","147304","147566","GL873520","59305028","59305291","59","59157724"
"KQ053631v1","174687","174983","GL873537","20108472","20108765","59","19933785"
"KQ053631v1","220160","220466","GL873566","9008836","9009136","66","8788676"
"KQ053631v1","227495","227776","GL873551","3320450","3320731","64","3092955"
"KQ053631v1","287972","288257","GL873569","1365281","1365578","62","1077309"
"KQ053631v1","297477","297785","GL873537","20108472","20108765","67","19810995"
"KQ053631v1","419270","419539","GL873629","2967834","2968093","54","2548564"
"KQ053631v1","516265","516557","GL873585","703586","703874","75","187321"
"KQ053631v1","564914","565204","GL873520","11160707","11160988","78","10595793"
"KQ053631v1","574697","574821","GL873595","2276437","2276561","22","1701740"
"KQ053631v1","609550","609895","GL873540","9410260","9410586","95","8800710"
"KQ053631v1","667972","668234","GL873562","12680819","12681085","65","12012847"
"KQ053631v1","672531","672815","GL873675","427479","427762","63","245052"
"KQ053631v1","683857","684170","GL873545","13698150","13698456","78","13014293"
"KQ053631v1","775693","775997","GL873551","11482397","11482693","63","10706704"
"KQ053631v1","916427","916717","GL873521","14803259","14803539","63","13886832"
"KQ053631v1","949760","949885","GL873587","448922","449042","22","500838"
"KQ053631v1","1001582","1001834","GL873558","5329000","5329249","52","4327418"
"KQ053631v1","1028141","1028446","GL873526","9760999","9761299","74","8732858"
"KQ053631v1","1033953","1034054","GL873623","7232366","7232466","18","6198413"
"KQ053631v1","1070212","1070284","GL873588","6243181","6243246","21","5172969"
"KQ053631v1","1070665","1070829","GL873570","10511074","10511223","51","9440409"
"KQ053631v1","1406157","1406449","GL873569","2557610","2557884","65","1151453"
"KQ053631v1","1587195","1587508","GL873538","1998739","1999037","73","411544"
"KQ053631v1","1932448","1932730","GL873533","27652586","27652871","65","25720138"
"KQ053631v1","1964504","1964779","GL873594","8268058","8268318","78","6303554"
"KQ053631v1","1966470","1966788","GL873661","1884549","1884860","76","81921"
"KQ053631v1","2020299","2020556","GL873523","18608733","18608990","84","16588434"
"KQ053631v1","2178164","2178451","GL873606","444454","444730","67","1733710"
"KQ053631v1","2244317","2244618","GL873754","1754489","1754787","63","489828"
"KQ053631v1","2294514","2294815","GL873523","28431022","28431322","70","26136508"
"KQ053631v1","2323750","2324106","GL873567","11815265","11815599","100","9491515"
"KQ053631v1","2386633","2386906","GL873643","3023621","3023889","68","636988"
"KQ053631v1","2594577","2594889","GL873621","572260","572554","66","2022317"
"KQ053631v1","2671881","2672182","GL873737","149313","149609","77","2522568"
"KQ053631v1","2900742","2901029","GL873526","25738680","25738960","58","22837938"
"KQ053631v1","2917907","2918179","GL873547","17720932","17721199","65","14803025"
"KQ053631v1","2920511","2920807","GL873572","9034316","9034616","67","6113805"
"KQ053631v1","2951181","2951462","GL873538","1782875","1783162","66","1168306"
"KQ053631v1","3013331","3013629","GL873545","20254912","20255212","57","17241581"
"KQ053631v1","3044676","3044798","GL873565","2027016","2027139","26","1017660"
"KQ053631v1","3081059","3081357","GL873689","949827","950120","57","2131232"
"KQ053631v1","3089662","3089951","GL873586","6854900","6855180","56","3765238"
"KQ053631v1","3163867","3164077","GL873526","40957560","40957777","51","37793693"
"KQ053631v1","3200155","3200429","GL873533","13380721","13380981","69","10180566"
"KQ053631v1","3215358","3215660","GL873524","42149014","42149308","56","38933656"
"KQ053631v1","3261416","3261713","GL873572","9034316","9034616","74","5772900"
"KQ053631v1","3768911","3769229","GL873585","5429703","5430014","78","1660792"
"KQ053631v1","3780638","3780740","GL873554","13144861","13144963","18","9364223"
"KQ053631v1","3784866","3785157","GL873528","4452981","4453269","60","668115"
"KQ053631v1","3809481","3809765","GL873528","975930","976208","74","2833551"
"KQ053631v1","3811055","3811346","GL873522","40388442","40388729","70","36577387"
"KQ053631v1","3851848","3852140","GL873534","24828530","24828825","72","20976682"
"KQ053631v1","3855865","3856169","GL873521","5341124","5341431","63","1485259"
"KQ053631v1","3872886","3873182","GL873553","5988456","5988744","86","2115570"
"KQ053631v1","3877743","3878046","GL873537","23325667","23325965","74","19447924"
"KQ053631v1","3907150","3907418","GL873522","38826479","38826750","69","34919329"
"KQ053631v1","3976023","3976275","GL873611","4994670","4994910","57","1018647"
"KQ053631v1","3979470","3979692","GL873531","27399124","27399344","60","23419654"
"KQ053631v1","4064192","4064482","GL873738","1635488","1635766","68","2428704"
"KQ053631v1","4263822","4264107","GL873548","16921066","16921341","70","12657244"
"KQ053631v1","4308153","4308457","GL873561","9330005","9330309","67","5021852"
"KQ053631v1","4489003","4489212","GL873626","7169260","7169467","43","2680257"
"KQ053631v1","4547211","4547519","GL873663","4135704","4136012","64","411507"
"KQ053631v1","4609129","4609434","GL873530","28263781","28264089","58","23654652"
"KQ053631v1","4803701","4803997","GL873525","26071659","26071947","67","21267958"
"KQ053631v1","5109103","5109276","GL873712","702594","702770","44","4406509"
"KQ053631v1","5135623","5135909","GL873524","42149014","42149308","61","37013391"
"KQ053631v1","5181721","5182027","GL873529","2257198","2257491","74","2924523"
"KQ053631v1","5372736","5373036","GL873528","5284406","5284702","71","88330"
"KQ053631v1","5381696","5381807","GL873525","18194391","18194502","21","12812695"
"KQ053631v1","5404893","5405178","GL873570","155602","155899","76","5249291"
"KQ053631v1","5408228","5408352","GL873535","14977489","14977613","20","9569261"
"KQ053631v1","5409092","5409363","GL873536","27318293","27318570","59","21909201"
"KQ053631v1","5433851","5434144","GL873577","10149931","10150226","61","4716080"
"KQ053631v1","5452592","5452885","GL873537","20108472","20108765","57","14655880"
"KQ053631v1","5478405","5478664","GL873520","42967256","42967520","55","37488851"
"KQ053631v1","5530034","5530272","GL873566","13161077","13161300","53","7631043"
"KQ053631v1","5587858","5588153","GL873520","23742113","23742400","60","18154255"
"KQ053631v1","5620564","5620856","GL873530","16695374","16695671","55","11074810"
"KQ053631v1","5625940","5626079","GL873786","304252","304389","32","5321688"
"KQ053631v1","5650450","5650701","GL873636","1005445","1005704","62","4645005"
"KQ053631v1","5680312","5680611","GL873545","12978830","12979129","69","7298518"
"KQ053631v1","5774599","5774886","GL873618","4797569","4797854","62","977030"
"KQ053631v1","5797034","5797335","GL873537","23325667","23325965","68","17528633"
"KQ053631v1","5903781","5904068","GL873575","2687372","2687665","64","3216409"
"KQ053631v1","5921729","5922016","GL873537","23325667","23325965","77","17403938"
"KQ053631v1","5922147","5922388","GL873553","13754985","13755220","56","7832838"
"KQ053631v1","5929626","5929934","GL873526","22093070","22093370","67","16163444"
"KQ053631v1","5929957","5930076","GL873540","17305923","17306047","24","11375966"
"KQ053631v1","5950401","5950687","GL873697","1353514","1353797","67","4596887"
"KQ053631v1","6017964","6018261","GL873540","19013371","19013667","66","12995407"
"KQ053631v1","6032240","6032553","GL873708","1299866","1300174","77","4732374"
"KQ053631v1","6033988","6034242","GL873582","8909962","8910212","70","2875974"
"KQ053631v1","6062405","6062711","GL873532","29631533","29631825","81","23569128"
"KQ053631v1","6072405","6072688","GL873531","15517115","15517400","65","9444710"
"KQ053631v1","6084734","6085026","GL873537","20108472","20108765","48","14023738"
"KQ053631v1","6113234","6113529","GL873562","5077584","5077879","59","1035650"
"KQ053631v1","6117228","6117353","GL873571","5880255","5880380","25","236973"
"KQ053631v1","6119329","6119452","GL873585","7505656","7505778","22","1386327"
"KQ053631v1","6120943","6121249","GL873561","9330005","9330309","72","3209062"
"KQ053631v1","6131300","6131582","GL873542","9313163","9313452","58","3181863"
"KQ053631v1","6137215","6137500","GL873542","9313163","9313452","65","3175948"
"KQ053631v1","6153718","6153895","GL873530","16215829","16216006","57","10062111"
"KQ053631v1","6179646","6179831","GL873660","130080","130256","45","6049566"
"KQ053631v1","6189516","6189772","GL873522","19249603","19249854","68","13060087"
"KQ053631v1","6202403","6202682","GL873716","460031","460318","65","5742372"
"KQ053631v1","6204571","6204765","GL873615","1989548","1989743","52","4215023"
"KQ053631v1","6214642","6214771","GL873619","2868214","2868339","24","3346428"
"KQ053631v1","6223482","6223764","GL873525","35143537","35143806","67","28920055"
"KQ053631v1","6225207","6225507","GL873527","16558692","16558981","64","10333485"
"KQ053631v1","6225520","6225799","GL873613","6387091","6387369","78","161571"
"KQ053631v1","6244029","6244159","GL873536","28968213","28968337","28","22724184"
"KQ053631v1","6248061","6248358","GL873524","6995935","6996215","73","747874"
"KQ053631v1","6252580","6252866","GL873540","4711812","4712090","63","1540768"
"KQ053631v1","6254005","6254121","GL873584","9881686","9881805","29","3627681"
"KQ053631v1","6315172","6315247","GL873586","7011632","7011705","17","696460"
"KQ053631v1","6323908","6324214","GL873675","1780107","1780409","66","4543801"
"KQ053631v1","6329925","6330222","GL873521","3596755","3597054","70","2733170"
"KQ053631v1","6336842","6337122","GL873660","2924289","2924588","80","3412553"
"KQ053631v1","6339440","6339663","GL873538","20322999","20323196","71","13983559"
"KQ053631v1","6347415","6347641","GL873522","21258404","21258617","59","14910989"
"KQ053631v1","6356015","6356301","GL873542","8742728","8743008","67","2386713"
"KQ053631v1","6361802","6362051","GL873526","30876396","30876632","52","24514594"
"KQ053631v1","6431412","6431640","GL873526","40957560","40957777","59","34526148"
"KQ053631v1","6431983","6432073","GL873537","19786406","19786499","17","13354423"
"KQ053631v1","6465700","6465856","GL873525","20368127","20368284","45","13902427"
"KQ053631v1","6489651","6489849","GL873593","2594539","2594732","41","3895112"
"KQ053631v1","6503278","6503572","GL873545","17052684","17052979","62","10549406"
"KQ053631v1","6514236","6514535","GL873569","10832503","10832794","72","4318267"
"KQ053631v1","6520106","6520409","GL873569","10832503","10832794","75","4312397"
"KQ053631v1","6543921","6544051","GL873542","9035516","9035642","29","2491595"
"KQ053631v1","6554333","6554591","GL873545","14037608","14037860","76","7483275"
"KQ053631v1","6564409","6564701","GL873563","2992197","2992480","66","3572212"
"KQ053631v1","6569604","6569893","GL873645","1598419","1598714","63","4971185"
"KQ053631v1","6609764","6610031","GL873544","16638194","16638448","76","10028430"
"KQ053631v1","6633761","6634031","GL873716","1691811","1692089","76","4941950"
"KQ053631v1","6643307","6643602","GL873577","10149931","10150226","63","3506624"
"KQ053631v1","6643967","6644266","GL873533","16279236","16279539","61","9635269"
"KQ053631v1","6645444","6645561","GL873528","8778344","8778466","23","2132900"
"KQ053631v1","6649510","6649815","GL873624","1736784","1737075","74","4912726"
"KQ053631v1","6651966","6652245","GL873568","6346909","6347180","73","305057"
"KQ053631v1","6654807","6655100","GL873535","9013188","9013482","74","2358381"
"KQ053631v1","6664592","6664859","GL873706","2233638","2233884","80","4430954"
"KQ053631v1","6666164","6666516","GL873550","6662838","6663147","111","3326"
"KQ053631v1","6680192","6680368","GL873520","23876365","23876536","53","17196173"
"KQ053631v1","6680826","6681074","GL873577","335887","336143","70","6344939"
"KQ053631v1","6689389","6689673","GL873520","69906171","69906454","63","63216782"
"KQ053631v1","6697979","6698284","GL873537","20108472","20108765","67","13410493"
"KQ053631v1","6707689","6707989","GL873532","21611611","21611905","67","14903922"
"KQ053631v1","6719361","6719644","AAQR03192690","2356","2639","79","6717005"
"KQ053631v1","6722444","6722721","GL873522","37230271","37230549","72","30507827"
"KQ053631v1","6731049","6731342","GL873544","12852108","12852394","47","6121059"
"KQ053631v1","6747747","6747858","GL873539","3209753","3209863","21","3537994"
"KQ053631v1","6748180","6748331","GL873533","15869599","15869736","47","9121419"
"KQ053631v1","6758969","6759166","GL873549","1885566","1885759","50","4873403"
"KQ053631v1","6759500","6759546","GL873566","6072151","6072199","13","687349"
"KQ053631v1","6763607","6763888","GL873677","4203427","4203715","58","2560180"
"KQ053631v1","6776851","6777142","GL873531","25381659","25381942","70","18604808"
"KQ053631v1","6793899","6794166","GL873646","1043915","1044179","74","5749984"
"KQ053631v1","6794638","6794800","GL873586","1353695","1353851","42","5440943"
"KQ053631v1","6810616","6810898","GL873535","25840890","25841174","65","19030274"
"KQ053631v1","6851707","6852018","GL873720","1268124","1268434","64","5583583"
"KQ053631v1","6865580","6865869","GL873539","21831779","21832050","68","14966199"
"KQ053631v1","6866104","6866382","GL873538","2102031","2102304","68","4764073"
"KQ053631v1","6868834","6869127","GL873618","1681545","1681828","76","5187289"
"KQ053631v1","6870713","6870993","GL873603","794609","794907","64","6076104"
"KQ053631v1","6892559","6892829","GL873571","3628765","3629017","74","3263794"
"KQ053631v1","6893066","6893361","GL873563","3947486","3947752","83","2945580"
"KQ053631v1","6901549","6901697","GL873742","920550","920698","36","5980999"
"KQ053631v1","6901984","6902128","GL873550","4903137","4903278","37","1998847"
"KQ053631v1","6903088","6903378","GL873591","1508585","1508871","57","5394503"
"KQ053631v1","6906260","6906555","GL873577","6411592","6411883","71","494668"
"KQ053631v1","6909393","6909695","GL873561","9330005","9330309","64","2420612"
"KQ053631v1","6925115","6925238","GL873570","9110469","9110593","29","2185354"
"KQ053631v1","6925524","6925713","GL873535","21020320","21020495","57","14094796"
"KQ053631v1","6928762","6929066","GL873547","12238844","12239135","65","5310082"
"KQ053631v1","6931040","6931266","GL873523","6187641","6187865","61","743399"
"KQ053631v1","6931596","6931671","GL873529","9551574","9551646","18","2619978"
"KQ053631v1","6934349","6934458","GL873670","4117545","4117642","31","2816804"
"KQ053631v1","6935721","6936009","GL873561","923317","923608","60","6012404"
"KQ053631v1","6939355","6939595","GL873537","25280445","25280681","62","18341090"
"KQ053631v1","6940649","6940935","GL873754","1677368","1677657","58","5263281"
"KQ053631v1","6942786","6943077","GL873700","361686","361970","71","6581100"
"KQ053631v1","6943590","6943869","AAQR03198005","140","423","74","6943450"
"KQ053631v1","6945846","6946079","GL873752","2018171","2018404","66","4927675"
"KQ053631v1","6949212","6949520","GL873615","5162108","5162422","66","1787104"
"KQ053631v1","6968221","6968380","GL873537","18308999","18309159","35","11340778"
"KQ053631v1","7007352","7007607","GL873643","1989195","1989447","64","5018157"
"KQ053631v1","7016014","7016303","GL873575","2687372","2687665","80","4328642"
"KQ053631v1","7032156","7032398","GL873526","15649387","15649618","69","8617231"
"KQ053631v1","7037369","7037670","GL873582","5719936","5720235","76","1317433"
"KQ053631v1","7046774","7047040","GL873575","8413752","8414032","73","1366978"
"KQ053631v1","7087213","7087386","GL873526","9825491","9825663","38","2738278"
"KQ053631v1","7091553","7091823","GL873526","8965429","8965699","59","1873876"
"KQ053631v1","7095311","7095593","GL873608","1769381","1769651","62","5325930"
"KQ053631v1","7104924","7104976","GL873580","645582","645641","16","6459342"
"KQ053631v1","7106768","7107083","GL873630","3505485","3505779","87","3601283"
"KQ053631v1","7108006","7108153","GL873533","16619182","16619312","41","9511176"
"KQ053631v1","7111398","7111469","GL873527","7862091","7862159","17","750693"
"KQ053631v1","7111503","7111549","GL873544","21496049","21496095","10","14384546"
"KQ053631v1","7137954","7138157","GL873536","29470838","29471040","57","22332884"
"KQ053631v1","7138318","7138608","GL873533","23793613","23793905","61","16655295"
"KQ053631v1","7143741","7143947","GL873536","29470838","29471040","56","22327097"
"KQ053631v1","7144109","7144404","GL873531","27860265","27860563","61","20716156"
"KQ053631v1","7148049","7148328","GL873733","1650274","1650547","66","5497775"
"KQ053631v1","7150923","7151215","GL873531","27860265","27860563","62","20709342"
"KQ053631v1","7151378","7151583","GL873536","29470838","29471040","57","22319460"
"KQ053631v1","7163470","7163715","GL873523","39518511","39518749","65","32355041"
"KQ053631v1","7165820","7166139","GL873538","4272203","4272516","91","2893617"
"KQ053631v1","7178405","7178676","GL873530","19803292","19803570","76","12624887"
"KQ053631v1","7190828","7191122","GL873543","2155895","2156181","62","5034933"
"KQ053631v1","7192593","7192896","GL873568","5537783","5538076","82","1654810"
"KQ053631v1","7196892","7197009","GL873557","6674277","6674392","24","522615"
"KQ053631v1","7205684","7205994","GL873557","5274723","5275025","76","1930961"
"KQ053631v1","7219344","7219646","GL873536","11202886","11203192","71","3983542"
"KQ053631v1","7253940","7254222","GL873612","1562587","1562872","57","5691353"
"KQ053631v1","7254991","7255286","GL873534","15140925","15141195","66","7885934"
"KQ053631v1","7320982","7321281","GL873586","972876","973163","72","6348106"
"KQ053631v1","7419868","7420153","GL873606","6177600","6177887","65","1242268"
"KQ053631v1","7423289","7423489","GL873521","46427393","46427598","49","39004104"
"KQ053631v1","7448012","7448313","GL873537","23325667","23325965","60","15877655"
"KQ053631v1","7481247","7481542","GL873566","9667110","9667396","76","2185863"
"KQ053631v1","7640690","7640993","GL873638","5991810","5992119","66","1648880"
"KQ053631v1","7652710","7653047","GL873584","7412957","7413264","94","239753"
"KQ053631v1","7654233","7654411","GL873537","17897136","17897316","39","10242903"
"KQ053631v1","7709308","7709613","GL873629","3972502","3972807","71","3736806"
"KQ053631v1","7733764","7733935","GL873532","14139242","14139410","59","6405478"
"KQ053631v1","7734263","7734384","GL873639","2273556","2273675","29","5460707"
"KQ053631v1","7761401","7761518","GL873569","9156686","9156801","24","1395285"
"KQ053631v1","7782406","7782614","GL873569","9169008","9169204","49","1386602"
"KQ053631v1","7789734","7790029","GL873593","3958983","3959265","58","3830751"
"KQ053631v1","7818844","7818929","GL873548","17484893","17484980","24","9666049"
"KQ053631v1","7821208","7821423","GL873625","5640863","5641072","60","2180345"
"KQ053631v1","7824997","7825111","GL873566","11179977","11180090","20","3354980"
"KQ053631v1","7832591","7832717","GL873571","5880255","5880380","20","1952336"
"KQ053631v1","7865936","7866165","GL873684","3285290","3285515","62","4580646"
"KQ053631v1","7875794","7876083","GL873676","1881961","1882246","64","5993833"
"KQ053631v1","7892620","7892900","GL873550","14672546","14672814","65","6779926"
"KQ053631v1","7894795","7895084","GL873533","23793613","23793905","61","15898818"
"KQ053631v1","7910768","7911052","GL873677","4225067","4225358","72","3685701"
"KQ053631v1","7915118","7915473","GL873652","885098","885457","97","7030020"
"KQ053631v1","7917550","7917855","GL873538","12219285","12219590","65","4301735"
"KQ053631v1","7918282","7918584","GL873661","1929024","1929318","74","5989258"
"KQ053631v1","7923224","7923343","GL873560","13049237","13049359","26","5126013"
"KQ053631v1","7924995","7925285","GL873524","35298334","35298623","78","27373339"
"KQ053631v1","7932522","7932829","GL873565","6321679","6321988","65","1610843"
"KQ053631v1","7938871","7939162","GL873535","25840890","25841174","67","17902019"
"KQ053631v1","7950970","7951263","GL873625","1383246","1383523","73","6567724"
"KQ053631v1","7963434","7963737","GL873543","2139452","2139746","57","5823982"
"KQ053631v1","7966462","7966586","GL873542","9035516","9035642","25","1069054"
"KQ053631v1","7973454","7973755","GL873537","20806240","20806550","65","12832786"
"KQ053631v1","7981010","7981275","GL873580","369902","370165","57","7611108"
"KQ053631v1","7985072","7985364","GL873524","42149014","42149308","57","34163942"
"KQ053631v1","7987127","7987390","GL873646","4837741","4837997","66","3149386"
"KQ053631v1","7990076","7990365","GL873677","4203427","4203715","59","3786649"
"KQ053631v1","7992811","7993065","GL873646","4837741","4837997","67","3155070"
"KQ053631v1","8001801","8001890","GL873730","1070638","1070725","9","6931163"
"KQ053631v1","8005683","8005972","GL873529","9421454","9421749","58","1415771"
"KQ053631v1","8008289","8008583","GL873575","2687372","2687665","65","5320917"
"KQ053631v1","8013767","8014041","GL873520","61251939","61252216","73","53238172"
"KQ053631v1","8018092","8018288","GL873532","27504202","27504387","49","19486110"
"KQ053631v1","8021215","8021522","GL873558","12116555","12116839","69","4095340"
"KQ053631v1","8023799","8024048","GL873538","11416277","11416524","54","3392478"
"KQ053631v1","8041905","8042194","GL873569","2257365","2257661","70","5784540"
"KQ053631v1","8043846","8044116","GL873520","68913718","68913987","66","60869872"
"KQ053631v1","8044726","8045013","GL873586","6854900","6855180","64","1189826"
"KQ053631v1","8062667","8062951","GL873631","3238932","3239201","56","4823735"
"KQ053631v1","8067572","8067832","GL873524","3372770","3373037","64","4694802"
"KQ053631v1","8076559","8076769","GL873567","621231","621435","62","7455328"
"KQ053631v1","8076808","8076889","GL873522","38402085","38402168","22","30325277"
"KQ053631v1","8085725","8085987","GL873529","34372570","34372838","73","26286845"
"KQ053631v1","8089746","8089956","GL873579","11042363","11042566","49","2952617"
"KQ053631v1","8096322","8096594","GL873558","7836673","7836956","74","259649"
"KQ053631v1","8111266","8111570","GL873531","27860265","27860563","63","19748999"
"KQ053631v1","8151408","8151587","GL873526","23998879","23999041","44","15847471"
"KQ053631v1","8166255","8166555","GL873537","20108472","20108765","60","11942217"
"KQ053631v1","8172415","8172709","GL873570","11394548","11394837","54","3222133"
"KQ053631v1","8194437","8194742","GL873569","9588983","9589285","62","1394546"
"KQ053631v1","8200485","8200786","GL873675","981342","981622","69","7219143"
"KQ053631v1","8220429","8220687","GL873646","4128886","4129146","66","4091543"
"KQ053631v1","8221049","8221267","GL873535","10986173","10986392","55","2765124"
"KQ053631v1","8222594","8222856","GL873545","12507634","12507895","61","4285040"
"KQ053631v1","8230248","8230555","GL873569","9626720","9627015","65","1396472"
"KQ053631v1","8283960","8284257","GL873547","6470095","6470381","82","1813865"
"KQ053631v1","8290905","8291204","GL873529","36400027","36400324","68","28109122"
"KQ053631v1","8299450","8299709","GL873569","9675313","9675569","64","1375863"
"KQ053631v1","8307329","8307539","GL873538","5260521","5260740","49","3046808"
"KQ053631v1","8308516","8308796","GL873558","6357384","6357662","57","1951132"
"KQ053631v1","8311133","8311455","GL873577","10149931","10150226","81","1838798"
"KQ053631v1","8312476","8312771","GL873537","20108472","20108765","65","11795996"
"KQ053631v1","8318689","8318984","GL873537","20108472","20108765","61","11789783"
"KQ053631v1","8322306","8322428","GL873570","4805235","4805361","24","3517071"
"KQ053631v1","8330589","8330884","GL873537","20108472","20108765","59","11777883"
"KQ053631v1","8336986","8337292","GL873563","5489805","5490109","62","2847181"
"KQ053631v1","8351505","8351788","GL873592","2439645","2439925","63","5911860"
"KQ053631v1","8353687","8353974","GL873589","3730200","3730474","64","4623487"
"KQ053631v1","8372994","8373298","GL873537","20108472","20108765","60","11735478"
"KQ053631v1","8374733","8375016","GL873542","22849812","22850088","74","14475079"
"KQ053631v1","8375061","8375350","GL873520","39401084","39401363","73","31026023"
"KQ053631v1","8381161","8381451","GL873547","6470095","6470381","73","1911066"
"KQ053631v1","8389367","8389647","GL873539","3041460","3041735","87","5347907"
"KQ053631v1","8396688","8396913","GL873586","5915339","5915591","74","2481349"
"KQ053631v1","8403073","8403315","GL873520","28409160","28409392","72","20006087"
"KQ053631v1","8416241","8416531","GL873526","21819455","21819728","78","13403214"
"KQ053631v1","8421350","8421625","GL873520","25562285","25562550","61","17140935"
"KQ053631v1","8427534","8427824","GL873574","4855555","4855848","75","3571979"
"KQ053631v1","8434705","8434978","GL873579","11141374","11141638","60","2706669"
"KQ053631v1","8458185","8458326","GL873562","10126332","10126467","44","1668147"
"KQ053631v1","8468024","8468238","GL873586","8236164","8236367","57","231860"
"KQ053631v1","8506770","8507114","GL873567","11297117","11297420","106","2790347"
"KQ053631v1","8507498","8507786","GL873533","24420221","24420503","64","15912723"
"KQ053631v1","8508633","8508919","GL873528","4452981","4453269","65","4055652"
"KQ053631v1","8513699","8513994","GL873528","4452981","4453269","60","4060718"
"KQ053631v1","8522938","8523010","GL873536","12655441","12655513","15","4132503"
"KQ053631v1","8554079","8554385","GL873560","524189","524503","64","8029890"
"KQ053631v1","8639065","8639348","GL873525","18672849","18673136","55","10033784"
"KQ053631v1","8662201","8662493","GL873520","60883623","60883917","55","52221422"
"KQ053631v1","8712614","8712907","GL873520","43157975","43158270","59","34445361"
"KQ053631v1","8714403","8714688","GL873562","5328731","5329017","61","3385672"
"KQ053631v1","8719801","8720101","GL873586","6854900","6855180","71","1864901"
"KQ053631v1","8738778","8739061","GL873542","1844453","1844733","70","6894325"
"KQ053631v1","8792877","8793190","GL873546","13542628","13542944","79","4749751"
"KQ053631v1","8797005","8797313","GL873521","5263119","5263418","71","3533886"
"KQ053631v1","8806577","8806875","GL873539","2100331","2100621","66","6706246"
"KQ053631v1","8822129","8822406","GL873663","2071873","2072148","56","6750256"
"KQ053631v1","8831845","8832138","GL873533","23793613","23793905","56","14961768"
"KQ053631v1","8835729","8836001","GL873530","29321072","29321333","68","20485343"
"KQ053631v1","8837743","8838039","GL873748","238196","238496","55","8599547"
"KQ053631v1","8839021","8839317","GL873531","27860265","27860563","58","19021244"
"KQ053631v1","8857389","8857693","GL873531","19369345","19369649","61","10511956"
"KQ053631v1","8861131","8861255","GL873543","6168107","6168231","21","2693024"
"KQ053631v1","8862216","8862524","GL873608","5261767","5262063","63","3600449"
"KQ053631v1","8897663","8897949","GL873526","25295506","25295789","66","16397843"
"KQ053631v1","8907193","8907501","GL873521","5341124","5341431","56","3566069"
"KQ053631v1","8996939","8997237","GL873545","20254912","20255212","65","11257973"
"KQ053631v1","8998212","8998508","GL873530","25555061","25555354","56","16556849"
"KQ053631v1","9000832","9001133","GL873577","10149931","10150226","74","1149099"
"KQ053631v1","9001994","9002283","GL873537","20108472","20108765","54","11106478"
"KQ053631v1","9009374","9009667","GL873543","2904962","2905248","59","6104412"
"KQ053631v1","9010022","9010293","GL873613","4450657","4450940","69","4559365"
"KQ053631v1","9010530","9010737","GL873615","1939870","1940077","51","7070660"
"KQ053631v1","9057176","9057466","GL873584","4608818","4609079","90","4448358"
"KQ053631v1","9092959","9093257","GL873667","538898","539194","69","8554061"
"KQ053631v1","9109488","9109799","GL873547","7597320","7597625","70","1512168"
"KQ053631v1","9113396","9113710","GL873533","30534240","30534536","78","21420844"
"KQ053631v1","9115355","9115478","GL873538","2076639","2076766","25","7038716"
"KQ053631v1","9118015","9118308","GL873564","3367955","3368248","68","5750060"
"KQ053631v1","9120351","9120642","GL873538","3757160","3757448","65","5363191"
"KQ053631v1","9124895","9125103","GL873549","8221995","8222198","39","902900"
"KQ053631v1","9144177","9144454","GL873549","7423907","7424189","68","1720270"
"KQ053631v1","9227442","9227733","GL873520","38124828","38125119","57","28897386"
"KQ053631v1","9245917","9246216","GL873520","39057346","39057655","61","29811429"
"KQ053631v1","9247691","9247997","GL873720","1268124","1268434","64","7979567"
"KQ053631v1","9252711","9252908","GL873524","19065990","19066189","52","9813279"
"KQ053631v1","9272798","9272926","GL873545","20031078","20031208","23","10758280"
"KQ053631v1","9275761","9276077","GL873523","8076383","8076689","68","1199378"
"KQ053631v1","9281044","9281349","GL873523","28431022","28431322","64","19149978"
"KQ053631v1","9293713","9293983","GL873558","6357384","6357662","65","2936329"
"KQ053631v1","9300056","9300353","GL873538","9930834","9931133","71","630778"
"KQ053631v1","9302942","9303269","GL873540","22714851","22715162","88","13411909"
"KQ053631v1","9304301","9304560","GL873624","1833935","1834197","62","7470366"
"KQ053631v1","9306391","9306681","GL873544","12852108","12852394","59","3545717"
"KQ053631v1","9319409","9319692","GL873544","12852108","12852394","66","3532699"
"KQ053631v1","9324539","9324810","GL873613","1380796","1381049","71","7943743"
"KQ053631v1","9325882","9326176","GL873537","20108472","20108765","65","10782590"
"KQ053631v1","9343212","9343373","GL873526","8819579","8819744","44","523633"
"KQ053631v1","9355680","9355964","GL873543","18014836","18015115","64","8659156"
"KQ053631v1","9359047","9359334","GL873672","1486229","1486504","75","7872818"
"KQ053631v1","9364369","9364647","GL873522","5870171","5870437","64","3494198"
"KQ053631v1","9371340","9371642","GL873586","3828887","3829179","61","5542453"
"KQ053631v1","9373940","9374227","GL873690","1186536","1186829","67","8187404"
"KQ053631v1","9377002","9377283","GL873522","5870171","5870437","67","3506831"
"KQ053631v1","9388076","9388331","GL873568","3901993","3902245","65","5486083"
"KQ053631v1","9392765","9393041","GL873530","9360390","9360665","59","32375"
"KQ053631v1","9397913","9398203","GL873526","4353131","4353412","69","5044782"
"KQ053631v1","9401011","9401288","GL873752","219309","219580","66","9181702"
"KQ053631v1","9401805","9402001","GL873533","12706488","12706681","56","3304683"
"KQ053631v1","9409461","9409752","GL873544","12852108","12852394","58","3442647"
"KQ053631v1","9410261","9410472","GL873551","15078192","15078404","60","5667931"
"KQ053631v1","9438082","9438364","GL873639","3932137","3932423","67","5505945"
"KQ053631v1","9445539","9445824","GL873522","33164388","33164665","71","23718849"
"KQ053631v1","9446233","9446509","GL873538","7823130","7823406","72","1623103"
"KQ053631v1","9451660","9451950","GL873570","4233529","4233818","67","5218131"
"KQ053631v1","9480010","9480179","GL873611","6486925","6487072","48","2993085"
"KQ053631v1","9491413","9491722","GL873720","1268124","1268434","56","8223289"
"KQ053631v1","9497190","9497387","GL873526","8303932","8304134","51","1193258"
"KQ053631v1","9499290","9499487","GL873550","7184119","7184312","52","2315171"
"KQ053631v1","9502511","9502800","GL873649","5426192","5426482","93","4076319"
"KQ053631v1","9510272","9510495","GL873586","6544389","6544609","58","2965883"
"KQ053631v1","9512350","9512483","GL873534","26599213","26599337","25","17086863"
"KQ053631v1","9522348","9522636","GL873547","14946392","14946687","60","5424044"
"KQ053631v1","9526396","9526635","GL873545","4864209","4864427","71","4662187"
"KQ053631v1","9538580","9538872","GL873522","26416598","26416890","72","16878018"
"KQ053631v1","9542478","9542793","GL873533","2289538","2289847","66","7252940"
"KQ053631v1","9543503","9543798","GL873532","29631533","29631825","64","20088030"
"KQ053631v1","9545718","9546001","GL873756","614701","614974","58","8931017"
"KQ053631v1","9547505","9547797","GL873520","38764685","38764975","61","29217180"
"KQ053631v1","9554026","9554319","GL873667","3712894","3713183","71","5841132"
"KQ053631v1","9604593","9604894","GL873579","9802541","9802838","73","197948"
"KQ053631v1","9615263","9615536","GL873580","11187164","11187442","62","1571901"
"KQ053631v1","9623147","9623443","GL873538","1998739","1999037","70","7624408"
"KQ053631v1","9648012","9648308","GL873724","2082729","2083029","71","7565283"
"KQ053631v1","9648488","9648776","GL873530","16695374","16695671","68","7046886"
"KQ053631v1","9648879","9649173","GL873575","2687372","2687665","61","6961507"
"KQ053631v1","9661391","9661677","GL873520","62571902","62572187","66","52910511"
"KQ053631v1","9674297","9674562","GL873615","1903394","1903669","74","7770903"
"KQ053631v1","9676530","9676804","GL873521","53839605","53839879","65","44163075"
"KQ053631v1","9687730","9687987","GL873557","6395178","6395429","59","3292552"
"KQ053631v1","9692866","9692992","GL873571","5880255","5880380","24","3812611"
"KQ053631v1","9727140","9727381","GL873689","1554700","1554940","60","8172440"
"KQ053631v1","9732608","9732716","GL873521","44184364","44184477","28","34451756"
"KQ053631v1","9740102","9740380","GL873691","1964797","1965080","65","7775305"
"KQ053631v1","9742087","9742206","GL873532","19916845","19916963","22","10174758"
"KQ053631v1","9747048","9747329","GL873558","7158811","7159090","62","2588237"
"KQ053631v1","9797611","9797773","GL873678","1555223","1555380","41","8242388"
"KQ053631v1","9798101","9798236","GL873544","17995540","17995672","29","8197439"
"KQ053631v1","9838343","9838646","GL873523","8076383","8076689","55","1761960"
"KQ053631v1","9841535","9841826","GL873677","4203427","4203715","57","5638108"
"KQ053631v1","9846738","9847058","GL873561","4066578","4066869","83","5780160"
"KQ053631v1","9850929","9851224","GL873596","8724296","8724570","80","1126633"
"KQ053631v1","9861293","9861580","GL873527","10910929","10911225","60","1049636"
"KQ053631v1","9862292","9862594","GL873522","4222168","4222461","64","5640124"
"KQ053631v1","9919215","9919512","GL873646","5530496","5530792","55","4388719"
"KQ053631v1","9926001","9926283","GL873730","1659341","1659618","66","8266660"
"KQ053631v1","9936335","9936532","GL873545","20415656","20415850","49","10479321"
"KQ053631v1","9961598","9961896","GL873524","42196726","42196997","83","32235128"
"KQ053631v1","10022597","10022907","GL873536","11202886","11203192","68","1180289"
"KQ053631v1","10024401","10024517","GL873646","2279184","2279281","36","7745217"
"KQ053631v1","10098286","10098577","GL873526","12865197","12865466","68","2766911"
"KQ053631v1","10149603","10149862","GL873532","12767759","12768025","68","2618156"
"KQ053631v1","10243806","10243972","GL873626","7082756","7082915","36","3161050"
"KQ053631v1","10261972","10262144","GL873570","10511074","10511223","49","249102"
"KQ053631v1","10262477","10262552","GL873543","296606","296681","16","9965871"
"KQ053631v1","10285637","10285769","GL873523","6052952","6053074","30","4232685"
"KQ053631v1","10323484","10323768","GL873528","8480165","8480458","75","1843319"
"KQ053631v1","10341054","10341341","GL873535","26174710","26174993","59","15833656"
"KQ053631v1","10363979","10364088","GL873537","5921193","5921305","23","4442786"
"KQ053631v1","10401928","10402088","GL873547","11297925","11298087","39","895997"
"KQ053631v1","10434204","10434497","GL873677","4203427","4203715","53","6230777"
"KQ053631v1","10435986","10436250","GL873670","1681855","1682118","52","8754131"
"KQ053631v1","10455066","10455362","GL873526","6403254","6403551","73","4051812"
"KQ053631v1","10494509","10494614","GL873568","12474076","12474181","23","1979567"
"KQ053631v1","10494674","10494840","GL873540","24287721","24287887","35","13793047"
"KQ053631v1","10498634","10498754","GL873565","2027016","2027139","25","8471618"
"KQ053631v1","10499444","10499700","GL873540","3122886","3123144","51","7376558"
"KQ053631v1","10510761","10510886","GL873570","9110469","9110593","22","1400292"
"KQ053631v1","10511587","10511840","GL873532","9003845","9004088","53","1507742"
"KQ053631v1","10527753","10528043","GL873548","16911479","16911770","67","6383726"
"KQ053631v1","10561193","10561503","GL873649","5426192","5426482","83","5135001"
"KQ053631v1","10599129","10599236","GL873530","4466830","4466943","28","6132299"
"KQ053631v1","10604399","10604563","GL873539","18965545","18965701","42","8361146"
"KQ053631v1","10604624","10604735","GL873762","320899","321005","23","10283725"
"KQ053631v1","10619849","10620107","GL873553","8989980","8990229","65","1629869"
"KQ053631v1","10622336","10622628","GL873532","17044604","17044891","62","6422268"
"KQ053631v1","10756689","10757000","GL873526","9439587","9439898","63","1317102"
"KQ053631v1","10779527","10779823","GL873533","15128008","15128290","65","4348481"
"KQ053631v1","10889541","10889842","GL873631","4198354","4198645","65","6691187"
"KQ053631v1","10976203","10976501","GL873615","5889225","5889521","62","5086978"
"KQ053631v1","11000982","11001301","GL873610","4431407","4431713","65","6569575"
"KQ053631v1","11030283","11030536","GL873569","12498983","12499215","73","1468700"
"KQ053631v1","11030867","11031072","GL873528","38341719","38341932","48","27310852"
"KQ053631v1","11131340","11131630","GL873596","217655","217953","69","10913685"
"KQ053631v1","11469759","11470042","GL873525","11639414","11639693","91","169655"
"KQ053631v1","11478559","11478853","GL873634","863797","864077","85","10614762"
"KQ053631v1","11516663","11516949","GL873544","12852108","12852394","63","1335445"
"KQ053631v1","11555382","11555670","GL873628","1904991","1905264","72","9650391"
"KQ053631v1","11590096","11590410","GL873525","27816917","27817223","72","16226821"
"KQ053632v1","41345","41475","GL873703","867871","868000","23","826526"
"KQ053632v1","184855","184968","GL873535","12949426","12949540","26","12764571"
"KQ053632v1","186163","186389","GL873612","63065","63286","82","123098"
"KQ053632v1","203053","203276","GL873524","19065990","19066189","55","18862937"
"KQ053632v1","214430","214704","GL873537","20108472","20108765","66","19894042"
"KQ053632v1","219632","219889","AAQR03194897","257","516","66","219375"
"KQ053632v1","222826","223102","GL873590","120357","120643","87","102469"
"KQ053632v1","292598","292849","GL873672","838780","839037","62","546182"
"KQ053632v1","344856","345058","GL873565","13468189","13468380","61","13123333"
"KQ053632v1","347701","347883","GL873590","7475716","7475892","47","7128015"
"KQ053632v1","390405","390509","GL873537","5772974","5773083","31","5382569"
"KQ053632v1","496561","496691","GL873610","7116213","7116343","41","6619652"
"KQ053632v1","557592","557898","GL873720","1268124","1268434","64","710532"
"KQ053632v1","561064","561357","GL873537","20108472","20108765","57","19547408"
"KQ053639v1","19920","20222","GL873572","9034316","9034616","63","9014396"
"KQ053639v1","30414","30537","GL873574","2691599","2691723","21","2661185"
"KQ053639v1","35503","35592","GL873637","1606597","1606676","23","1571094"
"KQ053639v1","35683","35915","GL873520","28409160","28409392","64","28373477"
"KQ053643v1","1572612","1572905","GL873522","4222168","4222461","64","2649556"
"KQ053643v1","19327","19599","GL873539","19515096","19515371","72","19495769"
"KQ053643v1","40734","41041","GL873563","5489805","5490109","56","5449071"
"KQ053643v1","109030","109229","GL873670","2286620","2286812","49","2177590"
"KQ053643v1","124046","124278","GL873529","8596265","8596494","56","8472219"
"KQ053643v1","196481","196688","GL873526","10173256","10173455","61","9976775"
"KQ053643v1","255226","255279","GL873548","2782292","2782344","12","2527066"
"KQ053643v1","259947","260236","GL873545","1994498","1994781","62","1734551"
"KQ053643v1","276517","276823","GL873529","36224519","36224826","60","35948002"
"KQ053643v1","300088","300357","GL873530","29762382","29762641","64","29462294"
"KQ053643v1","302850","303130","GL873533","16019360","16019655","69","15716510"
"KQ053643v1","347205","347264","GL873541","12283360","12283414","15","11936155"
"KQ053643v1","363907","364223","GL873531","19369345","19369649","74","19005438"
"KQ053643v1","371701","372005","GL873661","1884167","1884461","73","1512466"
"KQ053643v1","385448","385739","GL873653","2463372","2463673","68","2077924"
"KQ053643v1","394133","394415","GL873548","16911479","16911770","63","16517346"
"KQ053643v1","394842","395150","GL873530","10599809","10600111","62","10204967"
"KQ053643v1","407381","407681","GL873677","2251813","2252104","59","1844432"
"KQ053643v1","410805","411106","GL873641","3338767","3339075","73","2927962"
"KQ053643v1","419314","419531","GL873536","17691562","17691771","50","17272248"
"KQ053643v1","449996","450277","GL873543","5868888","5869166","54","5418892"
"KQ053643v1","461473","461755","GL873540","4711812","4712090","69","4250339"
"KQ053643v1","466927","467212","GL873540","4711812","4712090","64","4244885"
"KQ053643v1","472989","473284","GL873565","9471459","9471742","81","8998470"
"KQ053643v1","480284","480576","GL873608","1769381","1769651","72","1289097"
"KQ053643v1","491102","491302","GL873592","7574510","7574720","55","7083408"
"KQ053643v1","511114","511324","GL873624","3432800","3433013","58","2921686"
"KQ053643v1","524918","525145","GL873521","2561339","2561557","58","2036421"
"KQ053643v1","525672","525719","GL873566","13278671","13278709","17","12752999"
"KQ053643v1","606204","606297","GL873527","33736388","33736480","15","33130184"
"KQ053643v1","697490","697818","GL873537","20108472","20108765","78","19410982"
"KQ053643v1","795492","795764","GL873525","35143537","35143806","75","34348045"
"KQ053643v1","802514","802807","GL873528","4452981","4453269","63","3650467"
"KQ053643v1","804918","805156","GL873540","20654782","20655010","60","19849864"
"KQ053643v1","815026","815308","GL873523","7327314","7327595","60","6512288"
"KQ053643v1","839696","839988","GL873546","18307234","18307526","65","17467538"
"KQ053643v1","854435","854744","GL873614","7702779","7703081","74","6848344"
"KQ053643v1","913793","914094","GL873621","545875","546169","63","367918"
"KQ053643v1","919477","919755","GL873738","1635488","1635766","50","716011"
"KQ053643v1","938368","938654","GL873586","6854900","6855180","57","5916532"
"KQ053643v1","944485","944800","GL873547","8917733","8918044","59","7973248"
"KQ053643v1","945782","946048","GL873544","7801330","7801594","59","6855548"
"KQ053643v1","983810","984017","GL873609","8047673","8047875","56","7063863"
"KQ053643v1","1095112","1095407","GL873586","3828887","3829179","60","2733775"
"KQ053643v1","1102102","1102387","GL873586","3828887","3829179","63","2726785"
"KQ053643v1","1105811","1105891","GL873524","24943062","24943140","14","23837251"
"KQ053643v1","1123977","1124264","GL873657","3029272","3029566","62","1905295"
"KQ053643v1","1133593","1133892","GL873538","26301186","26301477","76","25167593"
"KQ053643v1","1142872","1143168","GL873577","10149931","10150226","61","9007059"
"KQ053643v1","1147599","1147889","GL873562","10248883","10249174","61","9101284"
"KQ053643v1","1153327","1153489","GL873742","920550","920698","44","232777"
"KQ053643v1","1166205","1166439","GL873523","32426632","32426842","76","31260427"
"KQ053643v1","1171716","1172018","GL873624","271609","271905","66","900107"
"KQ053643v1","1172604","1172777","GL873526","7973809","7973957","63","6801205"
"KQ053643v1","1177026","1177322","GL873569","10832503","10832794","65","9655477"
"KQ053643v1","1184685","1184951","GL873525","39406047","39406306","61","38221362"
"KQ053643v1","1196037","1196339","GL873603","794609","794907","72","401428"
"KQ053643v1","1198318","1198602","GL873524","6995935","6996215","61","5797617"
"KQ053643v1","1204645","1204950","GL873545","17052684","17052979","75","15848039"
"KQ053643v1","1211820","1212006","GL873520","29411640","29411831","55","28199820"
"KQ053643v1","1215807","1215971","GL873529","9894035","9894199","38","8678228"
"KQ053643v1","1223242","1223530","GL873550","7755620","7755922","64","6532378"
"KQ053643v1","1227265","1227562","GL873550","7755620","7755922","59","6528355"
"KQ053643v1","1236922","1237156","GL873547","17268581","17268812","77","16031659"
"KQ053643v1","1237473","1237561","GL873536","14358591","14358674","29","13121118"
"KQ053643v1","1239795","1240108","GL873533","2289538","2289847","79","1049743"
"KQ053643v1","1248711","1248939","GL873575","7465616","7465847","59","6216905"
"KQ053643v1","1249041","1249341","GL873530","22057386","22057663","81","20808345"
"KQ053643v1","1251476","1251791","GL873533","2289538","2289847","95","1038062"
"KQ053643v1","1272108","1272383","GL873540","3902473","3902742","80","2630365"
"KQ053643v1","1309155","1309470","GL873538","15635099","15635394","75","14325944"
"KQ053643v1","1313535","1313803","GL873526","26105639","26105909","82","24792104"
"KQ053643v1","1313807","1314091","GL873551","8175407","8175696","77","6861600"
"KQ053643v1","1325813","1325922","GL873536","13380865","13380974","28","12055052"
"KQ053643v1","1343329","1343577","GL873526","7380015","7380272","69","6036686"
"KQ053643v1","1357572","1357834","GL873574","7245165","7245434","59","5887593"
"KQ053643v1","1369930","1370185","GL873677","3358914","3359174","73","1988984"
"KQ053643v1","1388256","1388502","GL873570","9393261","9393537","76","8005005"
"KQ053643v1","1391990","1392235","GL873547","17398944","17399193","63","16006954"
"KQ053643v1","1409290","1409586","GL873533","11386997","11387294","56","9977707"
"KQ053643v1","1413203","1413329","GL873562","3314889","3315009","31","1901686"
"KQ053643v1","1414279","1414545","GL873525","12754676","12754956","75","11340397"
"KQ053643v1","1432203","1432514","GL873619","4605876","4606179","73","3173673"
"KQ053643v1","1451835","1452105","GL873569","10006129","10006398","63","8554294"
"KQ053643v1","1487159","1487458","GL873544","12852108","12852394","69","11364949"
"KQ053643v1","1507030","1507124","GL873822","642626","642719","24","864404"
"KQ053643v1","1524214","1524503","GL873789","87737","88019","58","1436477"
"KQ053643v1","1532771","1532922","GL873574","4453635","4453791","36","2920864"
"KQ053643v1","1533853","1534139","GL873771","1211046","1211325","60","322807"
"KQ053643v1","1540855","1541148","GL873529","17122097","17122389","54","15581242"
"KQ053643v1","1578472","1578553","GL873520","49620109","49620187","15","48041637"
"KQ053643v1","1582426","1582708","GL873540","4711812","4712090","56","3129386"
"KQ053643v1","1605860","1606146","GL873536","13666883","13667160","64","12061023"
"KQ053643v1","1614944","1615216","GL873548","15510967","15511237","64","13896023"
"KQ053643v1","1624806","1625103","GL873522","4222168","4222461","65","2597362"
"KQ053643v1","1625900","1626198","GL873589","8159658","8159953","71","6533758"
"KQ053643v1","1645015","1645327","GL873530","24363122","24363429","73","22718107"
"KQ053643v1","1651751","1652059","GL873701","1489808","1490112","68","161943"
"KQ053643v1","1658013","1658321","GL873529","29909610","29909923","77","28251597"
"KQ053643v1","1661830","1662100","GL873660","1576760","1577030","63","85070"
"KQ053643v1","1743802","1744062","GL873530","29321072","29321333","66","27577270"
"KQ053643v1","1759688","1759966","GL873536","13833495","13833751","61","12073807"
"KQ053643v1","1774786","1775075","GL873543","2904962","2905248","58","1130176"
"KQ053643v1","1799780","1800064","GL873521","4276201","4276500","69","2476421"
"KQ053643v1","1804604","1804847","GL873527","12296721","12296965","56","10492117"
"KQ053643v1","1818641","1818941","GL873623","6459306","6459605","57","4640665"
"KQ053643v1","1835626","1835939","GL873533","16511770","16512044","84","14676144"
"KQ053643v1","1840724","1841013","GL873585","1585663","1585945","62","255061"
"KQ053643v1","1956236","1956513","GL873545","5110627","5110901","58","3154391"
"KQ053643v1","1963622","1963911","GL873521","40262457","40262752","63","38298835"
"KQ053643v1","1989349","1989611","GL873566","8953777","8954048","64","6964428"
"KQ053643v1","2026758","2027035","GL873544","12852108","12852394","61","10825350"
"KQ053643v1","2066536","2066817","GL873611","607167","607439","69","1459369"
"KQ053643v1","2073569","2073859","GL873575","2687372","2687665","57","613803"
"KQ053643v1","2112907","2113038","GL873606","6062519","6062650","24","3949612"
"KQ053643v1","2164010","2164307","GL873527","12231505","12231798","79","10067495"
"KQ053643v1","2176589","2176840","GL873564","5092960","5093208","61","2916371"
"KQ053643v1","2210257","2210540","GL873575","2687372","2687665","58","477115"
"KQ053643v1","2213265","2213549","GL873593","3958983","3959265","63","1745718"
"KQ053643v1","2214491","2214785","GL873606","5104758","5105043","60","2890267"
"KQ053643v1","2239962","2240070","GL873525","18194391","18194502","20","15954429"
"KQ053643v1","2245909","2246069","GL873578","5622035","5622193","51","3376126"
"KQ053643v1","2246233","2246542","GL873615","5162108","5162422","73","2915875"
"KQ053643v1","2261661","2261968","GL873520","23923056","23923353","69","21661395"
"KQ053643v1","2266127","2266444","GL873590","643532","643818","85","1622595"
"KQ053643v1","2268335","2268471","GL873527","26269704","26269832","39","24001369"
"KQ053643v1","2270513","2270628","GL873686","3431385","3431500","23","1160872"
"KQ053643v1","2274730","2275052","GL873526","17279675","17279985","85","15004945"
"KQ053643v1","2288854","2289144","GL873566","2989507","2989808","69","700653"
"KQ053643v1","2291498","2291807","GL873520","48675796","48676094","70","46384298"
"KQ053643v1","2292838","2293114","GL873528","949590","949867","68","1343248"
"KQ053643v1","2308904","2309197","GL873566","11891551","11891845","59","9582647"
"KQ053643v1","2310258","2310553","GL873653","2463372","2463673","80","153114"
"KQ053643v1","2312762","2313042","GL873523","5398253","5398525","63","3085491"
"KQ053643v1","2316823","2317118","GL873646","5530496","5530792","69","3213673"
"KQ053643v1","2340448","2340757","GL873720","1268124","1268434","77","1072324"
"KQ053643v1","2402485","2402610","GL873596","6802645","6802774","35","4400160"
"KQ053643v1","2402929","2402980","GL873530","17891257","17891310","15","15488328"
"KQ053643v1","2404226","2404484","GL873560","12966891","12967155","62","10562665"
"KQ053643v1","2415830","2416101","GL873565","1322212","1322476","69","1093618"
"KQ053643v1","2417348","2417400","GL873530","17891257","17891310","16","15473909"
"KQ053643v1","2417725","2417847","GL873596","6802645","6802774","36","4384920"
"KQ053643v1","2425054","2425326","GL873525","35143537","35143806","60","32718483"
"KQ053643v1","2435695","2435898","GL873625","5640863","5641072","49","3205168"
"KQ053643v1","2439836","2440112","GL873660","2751144","2751428","55","311308"
"KQ053643v1","2454269","2454535","GL873534","15140925","15141195","64","12686656"
"KQ053643v1","2460990","2461291","GL873629","1991833","1992133","63","469157"
"KQ053643v1","2471932","2472240","GL873701","1733044","1733352","63","738888"
"KQ053643v1","2475519","2475796","GL873663","1956258","1956538","67","519261"
"KQ053643v1","2478180","2478428","AAQR03194897","257","516","49","2477923"
"KQ053643v1","2486136","2486434","GL873525","40849347","40849643","56","38363211"
"KQ053643v1","2512053","2512185","GL873604","3367357","3367484","24","855304"
"KQ053643v1","2581482","2581787","GL873560","119390","119683","80","2462092"
"KQ053643v1","2591006","2591309","GL873549","6971808","6972104","71","4380802"
"KQ053643v1","2607809","2608102","GL873525","45380033","45380317","74","42772224"
"KQ053643v1","2623932","2624214","GL873532","13087138","13087416","60","10463206"
"KQ053643v1","2664456","2664653","GL873526","5617806","5617989","61","2953350"
"KQ053643v1","2673598","2673720","GL873834","415652","415774","30","2257946"
"KQ053643v1","2697144","2697441","GL873579","11016265","11016573","74","8319121"
"KQ053643v1","2704532","2704828","GL873530","6899034","6899333","63","4194502"
"KQ053643v1","2718269","2718593","GL873720","1268124","1268434","71","1450145"
"KQ053643v1","2733468","2733753","GL873697","361362","361643","68","2372106"
"KQ053643v1","2751606","2751892","GL873693","2374223","2374497","68","377383"
"KQ053643v1","2776395","2776670","GL873611","607167","607439","66","2169228"
"KQ053643v1","2779595","2779849","GL873536","14955236","14955476","57","12175641"
"KQ053643v1","2800944","2801226","GL873618","2956988","2957269","63","156044"
"KQ053643v1","2818845","2819155","GL873565","6321679","6321988","62","3502834"
"KQ053643v1","2925835","2926038","GL873595","5966599","5966798","49","3040764"
"KQ053643v1","3007788","3008094","GL873561","9330005","9330309","65","6322217"
"KQ053643v1","3018453","3018730","GL873545","12978830","12979129","60","9960377"
"KQ053647v1","1247","1480","GL873521","20564211","20564443","79","20562964"
"KQ053648v1","6968","7195","GL873520","40069156","40069375","57","40062188"
"KQ053651v1","45799","46082","GL873532","29153473","29153758","78","29107674"
"KQ053654v1","7598","7716","GL873697","3316684","3316801","22","3309086"
"KQ053654v1","8022","8295","GL873521","7003053","7003322","60","6995031"
"KQ053654v1","24286","24567","GL873692","2142009","2142284","74","2117723"
"KQ053654v1","47564","47869","GL873520","39057346","39057655","75","39009782"
"KQ053654v1","64260","64562","GL873584","5886716","5887005","57","5822456"
"KQ053654v1","70236","70534","GL873557","7046743","7047040","52","6976507"
"KQ053654v1","73759","74080","GL873549","4385445","4385738","80","4311686"
"KQ053654v1","77539","77767","GL873684","3285290","3285515","57","3207751"
"KQ053654v1","82114","82230","GL873551","4533283","4533399","21","4451169"
"KQ053654v1","88076","88389","GL873529","25134351","25134664","72","25046275"
"KQ053654v1","109655","109943","GL873520","38764685","38764975","62","38655030"
"KQ053654v1","274207","274378","GL873543","2540939","2541102","44","2266732"
"KQ053654v1","291190","291492","GL873632","5787814","5788105","62","5496624"
"KQ053654v1","420161","420458","GL873561","13826809","13827093","62","13406648"
"KQ053654v1","433630","433924","GL873574","4855555","4855848","71","4421925"
"KQ053654v1","442586","442806","GL873531","29211214","29211412","59","28768628"
"KQ053654v1","458847","459107","GL873528","36395935","36396188","57","35937088"
"KQ053654v1","477179","477475","GL873545","17052684","17052979","58","16575505"
"KQ053654v1","482500","482713","GL873642","5236714","5236923","56","4754214"
"KQ053654v1","488663","488974","GL873528","8480165","8480458","80","7991502"
"KQ053654v1","501540","501854","GL873546","13542628","13542944","69","13041088"
"KQ053654v1","508106","508377","GL873607","8279011","8279297","66","7770905"
"KQ053654v1","512707","513011","GL873596","6955959","6956250","73","6443252"
"KQ053654v1","527910","528187","GL873561","13826809","13827093","61","13298899"
"KQ053654v1","536766","537053","GL873657","3029272","3029566","67","2492506"
"KQ053654v1","555937","556230","GL873800","736311","736599","52","180374"
"KQ053654v1","631924","632105","GL873539","3452402","3452579","37","2820478"
"KQ053654v1","661708","661831","GL873596","2162768","2162890","22","1501060"
"KQ053654v1","673786","673866","GL873527","33858790","33858870","14","33185004"
"KQ053654v1","722141","722445","GL873575","2687372","2687665","64","1965231"
"KQ053654v1","735523","735832","GL873623","1693614","1693923","71","958091"
"KQ053654v1","887447","887731","GL873538","3757160","3757448","66","2869713"
"KQ053654v1","902033","902316","GL873550","7644303","7644582","68","6742270"
"KQ053654v1","969350","969651","GL873540","2525064","2525365","67","1555714"
"KQ053654v1","1107765","1108038","GL873539","13115247","13115512","60","12007482"
"KQ053654v1","1129009","1129286","GL873520","59898722","59899006","73","58769713"
"KQ053654v1","1178670","1178965","GL873521","40929561","40929846","71","39750891"
"KQ053654v1","1219008","1219318","GL873535","11877698","11878000","60","10658690"
"KQ053654v1","1240723","1240985","GL873544","19565090","19565337","65","18324367"
"KQ053654v1","1242290","1242571","GL873550","16189253","16189537","51","14946963"
"KQ053654v1","1249631","1249939","GL873523","39309386","39309695","67","38059755"
"KQ053654v1","1266058","1266364","GL873557","7267236","7267535","62","6001178"
"KQ053654v1","1267103","1267389","GL873521","33844036","33844322","59","32576933"
"KQ053654v1","1277997","1278261","GL873535","24175395","24175653","72","22897398"
"KQ053654v1","1278718","1279019","GL873565","12300518","12300811","57","11021800"
"KQ053654v1","1317069","1317360","GL873677","2251813","2252104","60","934744"
"KQ053654v1","1349185","1349489","GL873551","3176999","3177299","71","1827814"
"KQ053654v1","1360344","1360628","GL873534","15140925","15141195","64","13780581"
"KQ053654v1","1365079","1365357","GL873523","7327314","7327595","66","5962235"
"KQ053654v1","1374226","1374534","GL873720","1268124","1268434","50","106102"
"KQ053654v1","1388071","1388386","GL873615","5162108","5162422","71","3774037"
"KQ053654v1","1430765","1430861","GL873544","17136807","17136905","20","15706042"
"KQ053654v1","1438697","1438999","GL873618","1121386","1121685","65","317311"
"KQ053654v1","1462311","1462596","GL873538","19294201","19294475","65","17831890"
"KQ053654v1","1488577","1488869","GL873575","2687372","2687665","52","1198795"
"KQ053654v1","1542647","1542873","GL873533","29114064","29114296","67","27571417"
"KQ053654v1","1790195","1790487","GL873520","47212717","47213008","60","45422522"
"KQ053654v1","1963108","1963390","GL873573","540983","541252","62","1422125"
"KQ053654v1","1963420","1963433","GL873623","445497","445509","4","1517923"
"KQ053654v1","2237757","2238030","GL873611","6802065","6802336","55","4564308"
"KQ053654v1","2242318","2242588","GL873520","8050197","8050448","78","5807879"
"KQ053654v1","2301510","2301807","GL873672","3031881","3032180","73","730371"
"KQ053654v1","2410893","2411188","GL873731","837047","837332","60","1573846"
"KQ053654v1","2534080","2534371","GL873575","2687372","2687665","65","153292"
"KQ053654v1","2607033","2607314","GL873563","5079515","5079796","67","2472482"
"KQ053654v1","2631869","2632000","GL873532","960451","960578","25","1671418"
"KQ053654v1","2765937","2766093","GL873530","11202861","11203012","48","8436924"
"KQ053654v1","2787784","2788082","GL873523","28439312","28439608","76","25651528"
"KQ053654v1","2810039","2810335","GL873527","10910929","10911225","56","8100890"
"KQ053654v1","2818995","2819273","GL873551","872096","872374","74","1946899"
"KQ053654v1","2839197","2839472","GL873529","18718867","18719138","60","15879670"
"KQ053654v1","2870645","2870931","GL873544","12852108","12852394","60","9981463"
"KQ053654v1","2916054","2916305","GL873543","2244624","2244870","48","671430"
"KQ053654v1","2920810","2920914","GL873619","6144220","6144323","20","3223410"
"KQ053654v1","2938914","2939199","GL873697","361362","361643","61","2577552"
"KQ053654v1","2948888","2948979","GL873730","1070638","1070725","19","1878250"
"KQ053654v1","2981894","2982178","GL873612","273209","273490","60","2708685"
"KQ053654v1","2983500","2983693","GL873677","3518199","3518384","54","534699"
"KQ053654v1","2984012","2984135","GL873543","6689386","6689508","31","3705374"
"KQ053654v1","3006808","3007094","GL873529","2885403","2885684","84","121405"
"KQ053654v1","3072652","3072970","GL873615","5162108","5162422","77","2089456"
"KQ053654v1","3166630","3166937","GL873572","9034316","9034616","67","5867686"
"KQ053654v1","3205622","3205930","GL873572","7023221","7023526","76","3817599"
"KQ053654v1","3221712","3222007","GL873528","33340303","33340591","70","30118591"
"KQ053654v1","3369339","3369632","GL873585","703586","703874","91","2665753"
"KQ053654v1","3447922","3448233","GL873625","3330882","3331184","64","117040"
"KQ053654v1","3473870","3474138","GL873586","4074287","4074561","66","600417"
"KQ053654v1","3554657","3554960","GL873562","7734050","7734344","63","4179393"
"KQ053654v1","3573197","3573484","GL873557","5844700","5844982","63","2271503"
"KQ053654v1","3614330","3614626","GL873528","4452981","4453269","58","838651"
"KQ053654v1","3628465","3628768","GL873530","17375868","17376165","59","13747403"
"KQ053654v1","3629227","3629531","GL873538","3757160","3757448","70","127933"
"KQ053654v1","3635391","3635669","GL873672","1486229","1486504","64","2149162"
"KQ053654v1","3654434","3654716","GL873539","18506813","18507102","67","14852379"
"KQ053654v1","3662863","3663150","GL873557","6153925","6154206","69","2491062"
"KQ053654v1","3668698","3668983","GL873750","1418881","1419168","55","2249817"
"KQ053654v1","3680455","3680767","GL873645","5507010","5507308","79","1826555"
"KQ053654v1","3682351","3682647","GL873613","4450657","4450940","67","768306"
"KQ053654v1","3697068","3697378","GL873521","50684853","50685150","72","46987785"
"KQ053654v1","3700225","3700403","GL873612","1890574","1890750","40","1809651"
"KQ053654v1","3713870","3714111","GL873613","1380796","1381049","69","2333074"
"KQ053654v1","3716203","3716368","GL873533","2655543","2655710","54","1060660"
"KQ053654v1","3735798","3736162","GL873694","2368348","2368708","94","1367450"
"KQ053654v1","3737778","3738045","GL873580","5648516","5648774","61","1910738"
"KQ053654v1","3741027","3741313","GL873538","10286898","10287182","61","6545871"
"KQ053654v1","3757227","3757481","GL873589","7760052","7760299","65","4002825"
"KQ053654v1","3762049","3762277","GL873547","14794540","14794780","74","11032491"
"KQ053654v1","3812447","3812709","GL873632","2548620","2548890","61","1263827"
"KQ053654v1","3862173","3862459","GL873557","14125304","14125596","63","10263131"
"KQ053654v1","3872267","3872572","GL873530","10599809","10600111","61","6727542"
"KQ053654v1","3904997","3905303","GL873556","996424","996728","64","2908573"
"KQ053654v1","3927474","3927744","GL873536","11777148","11777412","66","7849674"
"KQ053654v1","3933502","3933792","GL873537","20108472","20108765","66","16174970"
"KQ053654v1","3943345","3943608","GL873613","1380796","1381049","65","2562549"
"KQ053654v1","3964234","3964357","GL873615","458433","458557","18","3505801"
"KQ053654v1","3973941","3974208","GL873550","9436456","9436728","68","5462515"
"KQ053654v1","3994622","3994717","GL873587","2256135","2256225","21","1738487"
"KQ053654v1","3995050","3995104","GL873622","7169158","7169212","12","3174108"
"KQ053654v1","3997190","3997268","GL873691","3344123","3344207","18","653067"
"KQ053654v1","4001859","4002138","GL873542","19678255","19678529","74","15676396"
"KQ053654v1","4022956","4023235","GL873530","21920494","21920765","59","17897538"
"KQ053654v1","4026116","4026390","GL873526","25295506","25295789","72","21269390"
"KQ053654v1","4044693","4044977","GL873593","480828","481113","72","3563865"
"KQ053654v1","4057438","4057735","GL873537","20108472","20108765","61","16051034"
"KQ053654v1","4058916","4059204","GL873520","38124828","38125119","57","34065912"
"KQ053654v1","4059423","4059718","GL873557","9508104","9508390","72","5448681"
"KQ053654v1","4071555","4071801","GL873528","1268672","1268921","64","2802883"
"KQ053654v1","4092235","4092540","GL873677","3216100","3216400","65","876135"
"KQ053654v1","4126469","4126730","GL873553","8989980","8990229","70","4863511"
"KQ053654v1","4169357","4169631","GL873618","1681545","1681828","76","2487812"
"KQ053654v1","4280962","4281085","GL873528","4567428","4567552","17","286466"
"KQ053654v1","4378392","4378673","GL873700","423134","423410","52","3955258"
"KQ053654v1","4442963","4443274","GL873566","9008836","9009136","73","4565873"
"KQ053654v1","4446810","4447113","GL873720","1268124","1268434","55","3178686"
"KQ053654v1","4453960","4454261","GL873557","15070064","15070360","62","10616104"
"KQ053654v1","4460829","4461052","GL873545","16606576","16606804","53","12145747"
"KQ053654v1","4494298","4494601","GL873523","8076383","8076689","58","3582085"
"KQ053654v1","4612547","4612783","GL873563","7829489","7829739","63","3216942"
"KQ053654v1","4658733","4659009","GL873526","19309990","19310258","72","14651257"
"KQ053654v1","4763333","4763630","GL873540","24563702","24564003","67","19800369"
"KQ053654v1","4851783","4852084","GL873659","830823","831113","82","4020960"
"KQ053654v1","4887661","4887787","GL873559","7566315","7566437","24","2678654"
"KQ053654v1","4922176","4922392","GL873625","5640863","5641072","49","718687"
"KQ053654v1","4951154","4951467","GL873557","4946813","4947122","70","4341"
"KQ053654v1","4970959","4971243","GL873544","12852108","12852394","54","7881149"
"KQ053654v1","4993109","4993409","GL873561","9330005","9330309","60","4336896"
"KQ053654v1","4993848","4994027","GL873592","7546540","7546705","57","2552692"
"KQ053654v1","5004378","5004659","GL873558","5972105","5972381","58","967727"
"KQ053654v1","5028565","5028642","GL873529","26511057","26511133","19","21482492"
"KQ053654v1","5028644","5028792","GL873525","39658011","39658147","40","34629367"
"KQ053654v1","5090578","5090698","GL873561","11383485","11383605","22","6292907"
"KQ053654v1","5106086","5106391","GL873545","13698150","13698456","79","8592064"
"KQ053654v1","5125187","5125471","GL873538","7979850","7980120","64","2854663"
"KQ053654v1","5263928","5264224","GL873526","13214346","13214644","53","7950418"
"KQ053654v1","5264262","5264391","GL873630","1290577","1290703","21","3973685"
"KQ053654v1","5321917","5322196","GL873521","25393132","25393414","76","20071215"
"KQ053665v1","43229","43509","GL873520","16709587","16709864","76","16666358"
"KQ053665v1","57708","57992","GL873634","2627489","2627772","67","2569781"
"KQ053665v1","99886","100152","GL873528","36493978","36494249","68","36394092"
"KQ053665v1","245718","245817","GL873537","6785","6885","26","238933"
"KQ053665v1","405469","405548","GL873638","5707321","5707398","15","5301852"
"KQ053665v1","459111","459360","GL873611","4994670","4994910","61","4535559"
"KQ053665v1","465272","465565","GL873527","21245810","21246102","65","20780538"
"KQ053665v1","507230","507524","GL873575","2687372","2687665","58","2180142"
"KQ053665v1","508794","508961","GL873522","34469541","34469703","40","33960747"
"KQ053665v1","582550","582834","GL873526","25295506","25295789","61","24712956"
"KQ053665v1","603023","603141","GL873528","36034956","36035081","24","35431933"
"KQ053665v1","616476","616785","GL873545","20390330","20390642","67","19773854"
"KQ053665v1","793204","793459","GL873567","11423650","11423880","84","10630446"
"KQ053665v1","905149","905427","GL873619","2816705","2816991","62","1911556"
"KQ053665v1","908937","909216","GL873693","2800497","2800768","62","1891560"
"KQ053665v1","1001642","1001909","GL873577","7973285","7973566","75","6971643"
"KQ053665v1","1218312","1218631","GL873615","5162108","5162422","77","3943796"
"KQ053665v1","1240035","1240175","GL873663","1909548","1909698","43","669513"
"KQ053665v1","1240214","1240330","GL873800","614066","614171","29","626148"
"KQ053665v1","1388892","1389196","GL873596","1814683","1814984","61","425791"
"KQ053665v1","1419983","1420298","GL873624","4145937","4146255","83","2725954"
"KQ053665v1","1475781","1475938","GL873733","1527424","1527580","38","51643"
"KQ053665v1","1475979","1476084","GL873521","24671516","24671622","19","23195537"
"KQ053665v1","1500001","1500282","GL873538","1584722","1584989","71","84721"
"KQ053665v1","1512728","1512916","GL873657","977566","977739","45","535162"
"KQ053665v1","1520927","1521198","GL873535","25657238","25657514","57","24136311"
"KQ053665v1","1530721","1530860","GL873532","1009229","1009364","43","521492"
"KQ053665v1","1750558","1750835","GL873661","1095299","1095581","68","655259"
"KQ053665v1","1776308","1776392","GL873615","7002628","7002713","16","5226320"
"KQ053665v1","1779812","1780104","GL873537","20108472","20108765","57","18328660"
"KQ053665v1","1785816","1786093","GL873566","9008836","9009136","84","7223020"
"KQ053665v1","1820796","1821066","GL873575","7437624","7437908","81","5616828"
"KQ053665v1","1831066","1831368","GL873522","42556538","42556845","68","40725472"
"KQ053665v1","1851852","1852159","GL873720","1268124","1268434","64","583728"
"KQ053665v1","1967532","1967650","GL873540","17305923","17306047","25","15338391"
"KQ053665v1","2071929","2072108","GL873671","3363420","3363583","48","1291491"
"KQ053665v1","2140674","2140962","GL873611","839444","839739","71","1301230"
"KQ053665v1","2219817","2219952","GL873606","784634","784763","43","1435183"
"KQ053665v1","2219995","2220119","GL873631","4278378","4278496","22","2058383"
"KQ053665v1","2237842","2238129","GL873550","7644303","7644582","66","5406461"
"KQ053665v1","2296455","2296743","GL873549","16218737","16219032","67","13922282"
"KQ053665v1","2314687","2314968","GL873749","1611564","1611840","72","703123"
"KQ053665v1","2394242","2394375","GL873537","23931981","23932110","29","21537739"
"KQ053665v1","2451653","2451962","GL873636","3104548","3104855","59","652895"
"KQ053665v1","2736581","2736871","GL873600","3089698","3089990","77","353117"
"KQ053665v1","2834561","2834745","GL873537","1288833","1289006","61","1545728"
"KQ053665v1","3095557","3095854","GL873544","12852108","12852394","75","9756551"
"KQ053667v1","44723","45008","GL873589","8159658","8159953","68","8114935"
"KQ053667v1","73580","73893","GL873678","899224","899530","71","825644"
"KQ053667v1","122284","122570","GL873561","13826809","13827093","59","13704525"
"KQ053667v1","129690","129863","GL873647","3571669","3571828","39","3441979"
"KQ053667v1","223727","223909","GL873615","7657733","7657910","47","7434006"
"KQ053667v1","263064","263349","GL873524","15273262","15273553","73","15010198"
"KQ053669v1","364","520","GL873600","276513","276680","48","276149"
"KQ053672v1","9104","9297","GL873586","8236164","8236367","47","8227060"
"KQ053675v1","2251","2502","GL873549","6551894","6552141","52","6549643"
"KQ053675v1","55038","55370","GL873521","5462455","5462757","91","5407417"
"KQ053675v1","89523","89813","GL873711","15364","15642","62","74159"
"KQ053675v1","409217","409504","GL873557","13615508","13615790","64","13206291"
"KQ053675v1","455092","455380","GL873557","7133081","7133372","63","6677989"
"KQ053675v1","483609","483902","GL873609","473011","473302","81","10598"
"KQ053675v1","643337","643546","GL873525","33587731","33587939","57","32944394"
"KQ053675v1","946183","946403","GL873674","3921866","3922072","55","2975683"
"KQ053675v1","1050517","1050800","GL873526","11964670","11964947","62","10914153"
"KQ053675v1","1131161","1131442","AAQR03198005","140","423","85","1131021"
"KQ053675v1","1292128","1292374","GL873540","20244038","20244273","56","18951910"
"KQ053675v1","1316062","1316344","GL873544","12852108","12852394","63","11536046"
"KQ053686v1","60375","60659","GL873575","2279344","2279629","68","2218969"
"KQ053686v1","79283","79590","GL873537","16621791","16622090","79","16542508"
"KQ053686v1","210415","210710","GL873709","2455422","2455722","76","2245007"
"KQ053686v1","241851","242103","GL873571","2680404","2680644","68","2438553"
"KQ053686v1","360590","360880","GL873677","4203427","4203715","59","3842837"
"KQ053686v1","422622","422787","GL873532","31617170","31617323","49","31194548"
"KQ053686v1","471630","471922","GL873703","125416","125705","69","346214"
"KQ053686v1","552188","552481","GL873575","2687372","2687665","71","2135184"
"KQ053686v1","644922","645225","GL873533","15015660","15015953","70","14370738"
"KQ053686v1","666729","667024","GL873537","20108472","20108765","55","19441743"
"KQ053686v1","717643","717914","GL873571","2208980","2209243","60","1491337"
"KQ053686v1","783184","783490","GL873605","7218962","7219256","80","6435778"
"KQ053686v1","814585","814882","GL873522","4222168","4222461","59","3407583"
"KQ053686v1","852126","852417","GL873531","29056008","29056304","69","28203882"
"KQ053686v1","883293","883606","GL873541","18220450","18220758","74","17337157"
"KQ053686v1","904697","904894","GL873530","21916551","21916742","50","21011854"
"KQ053686v1","997662","997964","GL873521","13262445","13262732","77","12264783"
"KQ053686v1","1011923","1012214","GL873673","4218625","4218921","73","3206702"
"KQ053686v1","1018378","1018685","GL873646","5530496","5530792","75","4512118"
"KQ053686v1","1024450","1024746","GL873545","17052684","17052979","65","16028234"
"KQ053686v1","1026153","1026479","GL873540","9410260","9410586","87","8384107"
"KQ053686v1","1053587","1053870","GL873546","13143077","13143343","64","12089490"
"KQ053686v1","1058642","1058932","GL873591","6350046","6350337","60","5291404"
"KQ053686v1","1069407","1069680","GL873520","42076381","42076641","66","41006974"
"KQ053686v1","1076048","1076353","GL873530","28263781","28264089","82","27187733"
"KQ053686v1","1226332","1226450","GL873537","18687435","18687554","17","17461103"
"KQ053686v1","1245148","1245425","GL873590","120357","120643","76","1124791"
"KQ053686v1","1251150","1251435","GL873613","4450657","4450940","62","3199507"
"KQ053686v1","1259267","1259553","GL873530","26485863","26486146","59","25226596"
"KQ053686v1","1273597","1273902","GL873554","16585189","16585484","73","15311592"
"KQ053686v1","1280306","1280597","GL873539","2531227","2531508","69","1250921"
"KQ053686v1","1333782","1334060","GL873752","219309","219580","58","1114473"
"KQ053686v1","1344198","1344359","GL873592","4331175","4331344","51","2986977"
"KQ053686v1","1348041","1348222","GL873522","16105198","16105378","43","14757157"
"KQ053686v1","1369680","1369796","GL873618","2528187","2528297","26","1158507"
"KQ053686v1","1387179","1387473","GL873616","6664512","6664809","58","5277333"
"KQ053686v1","1402951","1403251","GL873561","9330005","9330309","63","7927054"
"KQ053686v1","1460205","1460512","GL873658","4313386","4313677","70","2853181"
"KQ053686v1","1614810","1615093","GL873752","219309","219580","63","1395501"
"KQ053686v1","1726558","1726869","GL873583","11090835","11091146","65","9364277"
"KQ053686v1","1740020","1740149","GL873664","1714322","1714452","27","25698"
"KQ053686v1","1746309","1746605","GL873538","3757160","3757448","61","2010851"
"KQ053686v1","1806619","1806932","GL873524","42149014","42149308","75","40342395"
"KQ053686v1","1848003","1848270","GL873804","622681","622948","61","1225322"
"KQ053686v1","2020880","2020992","GL873527","16322686","16322799","26","14301806"
"KQ053686v1","2178088","2178390","GL873526","42910","43211","73","2135178"
"KQ053686v1","2272952","2273119","GL873520","23876365","23876536","44","21603413"
"KQ053686v1","2354571","2354867","GL873524","43577965","43578256","63","41223394"
"KQ053686v1","2389215","2389526","GL873720","1268124","1268434","64","1121091"
"KQ053686v1","2436873","2437141","GL873530","11841241","11841498","64","9404368"
"KQ053686v1","2450972","2451283","GL873530","28263781","28264089","58","25812809"
"KQ053686v1","2504110","2504422","GL873537","20806240","20806550","62","18302130"
"KQ053686v1","2507725","2508033","GL873566","7029508","7029788","83","4521783"
"KQ053686v1","2517741","2518008","GL873531","29723463","29723734","60","27205722"
"KQ053686v1","2523189","2523475","GL873540","22601466","22601753","86","20078277"
"KQ053686v1","2574235","2574524","GL873584","5886716","5887005","77","3312481"
"KQ053686v1","2575376","2575673","GL873607","310210","310498","71","2265166"
"KQ053686v1","2591608","2591882","GL873752","219309","219580","63","2372299"
"KQ053686v1","2593941","2594085","GL873623","1946112","1946258","36","647829"
"KQ053686v1","2604464","2604652","GL873571","288114","288301","41","2316350"
"KQ053686v1","2605057","2605357","GL873544","13109134","13109442","78","10504077"
"KQ053686v1","2607937","2608054","GL873697","3316684","3316801","17","708747"
"KQ053686v1","2616947","2617223","GL873632","3524037","3524325","57","907090"
"KQ053686v1","2629984","2630254","GL873570","9393261","9393537","67","6763277"
"KQ053686v1","2636326","2636614","GL873562","12491967","12492259","64","9855641"
"KQ053686v1","2640216","2640480","GL873618","1681545","1681828","75","958671"
"KQ053686v1","2648576","2648864","GL873533","15015660","15015953","58","12367084"
"KQ053686v1","2660704","2661008","GL873528","8480165","8480458","84","5819461"
"KQ053686v1","2661044","2661305","GL873521","7003053","7003322","66","4342009"
"KQ053686v1","2663906","2664199","GL873586","3828887","3829179","70","1164981"
"KQ053686v1","2664937","2665214","GL873621","6352530","6352801","66","3687593"
"KQ053686v1","2667273","2667547","GL873674","3713686","3713961","65","1046413"
"KQ053686v1","2670040","2670156","GL873596","2674100","2674216","18","4060"
"KQ053686v1","2670218","2670305","GL873657","2667192","2667279","27","3026"
"KQ053686v1","2689190","2689490","GL873530","11054128","11054411","66","8364938"
"KQ053686v1","2690176","2690453","GL873534","15382379","15382664","81","12692203"
"KQ053686v1","2707716","2708015","GL873596","3562116","3562414","67","854400"
"KQ053686v1","2709535","2709850","GL873530","28263781","28264089","70","25554246"
"KQ053686v1","2714957","2715229","GL873547","6114550","6114825","61","3399593"
"KQ053686v1","2756878","2757157","GL873526","8965429","8965699","55","6208551"
"KQ053686v1","2764607","2764918","GL873678","899224","899530","70","1865383"
"KQ053686v1","2769789","2769914","GL873624","868096","868216","21","1901693"
"KQ053686v1","2818216","2818493","GL873547","17720932","17721199","68","14902716"
"KQ053686v1","2842414","2842619","GL873521","46427393","46427598","52","43584979"
"KQ053686v1","2859131","2859302","GL873613","5554859","5555020","52","2695728"
"KQ053686v1","2902261","2902388","GL873529","20178756","20178885","28","17276495"
"KQ053686v1","2904154","2904404","GL873550","3545538","3545776","56","641384"
"KQ053686v1","2906021","2906312","GL873575","2687372","2687665","72","218649"
"KQ053686v1","2911475","2911708","GL873524","7421702","7421947","68","4510227"
"KQ053686v1","2931990","2932273","GL873526","25295506","25295789","63","22363516"
"KQ053686v1","2935500","2935767","GL873633","25260","25518","64","2910240"
"KQ053686v1","3001248","3001427","GL873610","5536079","5536256","34","2534831"
"KQ053686v1","3001967","3002082","GL873587","1951539","1951643","25","1050428"
"KQ053686v1","3006813","3007076","GL873533","17215781","17216040","70","14208968"
"KQ053686v1","3022236","3022469","GL873551","4428507","4428742","62","1406271"
"KQ053686v1","3138372","3138675","GL873530","28639620","28639925","71","25501248"
"KQ053686v1","3680932","3681104","GL873712","2089814","2089984","44","1591118"
"KQ053686v1","3694867","3695150","GL873752","219309","219580","65","3475558"
"KQ053686v1","3832863","3833003","GL873521","3778511","3778654","36","54352"
"KQ053686v1","3885842","3886168","GL873611","7722613","7722936","83","3836771"
"KQ053686v1","3960814","3960938","GL873524","18248172","18248294","27","14287358"
"KQ053686v1","3982829","3982997","GL873562","4154723","4154880","51","171894"
"KQ053686v1","4177944","4178272","GL873655","1067764","1068073","85","3110180"
"KQ053686v1","4272416","4272739","GL873672","1934881","1935181","92","2337535"
"KQ053686v1","4554268","4554571","GL873586","9487892","9488175","94","4933624"
"KQ053686v1","4613127","4613429","GL873525","22374414","22374700","71","17761287"
"KQ053686v1","4780869","4780977","GL873624","2805452","2805557","32","1975417"
"KQ053686v1","4783903","4784201","GL873541","22839044","22839338","90","18055141"
"KQ053686v1","4857166","4857416","GL873820","633684","633955","85","4223482"
"KQ053687v1","6095","6375","GL873569","6736052","6736306","87","6729957"
"KQ053692v1","2213","2418","GL873522","3977611","3977816","49","3975398"
"KQ053695v1","12215","12418","GL873831","49309","49519","50","37094"
"KQ053696v1","6923","7200","GL873571","6475063","6475319","83","6468140"
"KQ053696v1","112674","112941","GL873530","2832291","2832567","68","2719617"
"KQ053696v1","121251","121487","GL873543","5602973","5603204","49","5481722"
"KQ053696v1","151728","152017","GL873612","273209","273490","63","121481"
"KQ053696v1","173112","173319","GL873549","8221995","8222198","40","8048883"
"KQ053696v1","190286","190565","GL873549","1854009","1854279","75","1663723"
"KQ053696v1","251231","251533","GL873737","149313","149609","65","101918"
"KQ053696v1","258026","258302","GL873539","15733833","15734119","66","15475807"
"KQ053696v1","305023","305187","GL873547","11524227","11524378","52","11219204"
"KQ053696v1","309272","309563","GL873543","2904962","2905248","57","2595690"
"KQ053696v1","322199","322516","GL873523","28431022","28431322","81","28108823"
"KQ053696v1","329082","329206","GL873813","718648","718772","19","389566"
"KQ053696v1","340931","341233","GL873624","5660177","5660468","74","5319246"
"KQ053696v1","372671","372957","GL873664","1209121","1209391","72","836450"
"KQ053696v1","375563","375847","GL873529","2287205","2287485","75","1911642"
"KQ053696v1","377887","378155","GL873632","5546235","5546488","64","5168348"
"KQ053696v1","394915","395047","GL873520","29247973","29248102","34","28853058"
"KQ053696v1","396606","396900","GL873526","8284727","8285011","70","7888121"
"KQ053696v1","397977","398259","GL873520","30303968","30304235","62","29905991"
"KQ053696v1","404973","405144","GL873585","8638067","8638233","37","8233094"
"KQ053696v1","423530","423823","GL873543","21766493","21766785","58","21342963"
"KQ053696v1","428760","429052","GL873531","19369345","19369649","67","18940585"
"KQ053696v1","432343","432630","GL873525","12278825","12279119","63","11846482"
"KQ053696v1","436681","436897","GL873624","3067388","3067625","55","2630707"
"KQ053696v1","448672","449011","GL873670","1628229","1628576","91","1179557"
"KQ053696v1","469705","470012","GL873599","3962151","3962437","78","3492446"
"KQ053696v1","475955","476249","GL873606","6177600","6177887","61","5701645"
"KQ053696v1","499708","499925","GL873543","21904543","21904752","58","21404835"
"KQ053696v1","506677","506896","GL873528","6359335","6359545","61","5852658"
"KQ053696v1","521062","521172","GL873565","2084590","2084691","28","1563528"
"KQ053696v1","522965","523262","GL873575","2687372","2687665","61","2164407"
"KQ053696v1","573711","573878","GL873742","920550","920698","46","346839"
"KQ053696v1","575989","576281","GL873543","21766493","21766785","54","21190504"
"KQ053696v1","586832","587116","GL873570","9393261","9393537","66","8806429"
"KQ053696v1","589845","590091","GL873563","7829489","7829739","65","7239644"
"KQ053696v1","609904","610026","GL873628","1649374","1649496","20","1039470"
"KQ053696v1","612377","612670","GL873538","25891631","25891921","57","25279254"
"KQ053696v1","613345","613629","GL873676","1881961","1882246","67","1268616"
"KQ053696v1","639190","639463","GL873561","11142944","11143235","80","10503754"
"KQ053696v1","648119","648403","GL873575","2687372","2687665","68","2039253"
"KQ053696v1","670238","670506","GL873522","44402217","44402489","73","43731979"
"KQ053696v1","672352","672626","GL873646","4488998","4489281","71","3816646"
"KQ053696v1","699793","700101","GL873545","17052684","17052979","68","16352891"
"KQ053696v1","718370","718650","GL873538","7979850","7980120","88","7261480"
"KQ053696v1","736629","736906","GL873526","25295506","25295789","68","24558877"
"KQ053696v1","761445","761721","GL873671","103313","103594","50","658132"
"KQ053696v1","824631","824932","GL873537","20108472","20108765","74","19283841"
"KQ053696v1","826725","827035","GL873557","7267236","7267535","75","6440511"
"KQ053696v1","848880","848992","GL873548","16764223","16764332","25","15915343"
"KQ053696v1","895401","895675","GL873543","2139452","2139746","68","1244051"
"KQ053696v1","912696","912958","GL873529","16928169","16928429","78","16015473"
"KQ053696v1","956795","957007","GL873592","7574510","7574720","54","6617715"
"KQ053696v1","959411","959704","GL873646","5530496","5530792","74","4571085"
"KQ053696v1","971848","972139","GL873573","3786511","3786793","59","2814663"
"KQ053696v1","979481","979781","GL873537","23325667","23325965","73","22346186"
"KQ053696v1","1002840","1003006","GL873600","4370631","4370804","42","3367791"
"KQ053696v1","1019704","1019913","GL873580","9883930","9884125","50","8864226"
"KQ053696v1","1039668","1039940","GL873554","13838355","13838617","69","12798687"
"KQ053696v1","1076977","1077238","GL873527","3852983","3853250","63","2776006"
"KQ053696v1","1078202","1078502","GL873527","16558692","16558981","71","15480490"
"KQ053696v1","1102975","1103264","GL873570","9393261","9393537","66","8290286"
"KQ053696v1","1117480","1117754","GL873586","5528542","5528797","70","4411062"
"KQ053696v1","1127866","1128069","GL873595","5966599","5966798","51","4838733"
"KQ053696v1","1133679","1133986","GL873561","14239631","14239928","78","13105952"
"KQ053696v1","1148202","1148508","GL873531","19369345","19369649","71","18221143"
"KQ053696v1","1189201","1189532","GL873615","5162108","5162422","94","3972907"
"KQ053696v1","1190570","1190693","GL873601","6334962","6335086","17","5144392"
"KQ053696v1","1196018","1196216","GL873557","5125101","5125304","50","3929083"
"KQ053696v1","1226775","1226901","GL873568","9734869","9734991","27","8508094"
"KQ053696v1","1237715","1238015","GL873529","9865080","9865368","66","8627365"
"KQ053696v1","1262138","1262416","GL873754","1677368","1677657","70","415230"
"KQ053696v1","1316518","1316812","GL873720","1268124","1268434","64","48394"
"KQ053696v1","1373592","1373895","GL873560","920817","921093","78","452775"
"KQ053696v1","1387725","1388010","GL873571","4051253","4051534","60","2663528"
"KQ053696v1","1402289","1402590","GL873534","24828530","24828825","56","23426241"
"KQ053696v1","1416311","1416607","GL873540","19013371","19013667","59","17597060"
"KQ053696v1","1429960","1430238","GL873523","24802045","24802330","62","23372085"
"KQ053696v1","1481144","1481361","GL873566","13161077","13161300","44","11679933"
"KQ053696v1","1501626","1501893","GL873735","537860","538113","75","963766"
"KQ053696v1","1557240","1557373","GL873741","1070222","1070352","24","487018"
"KQ053696v1","1620521","1620832","GL873531","19369345","19369649","67","17748824"
"KQ053696v1","1627462","1627768","GL873608","4218070","4218374","66","2590608"
"KQ053696v1","1640127","1640414","GL873522","4222168","4222461","47","2582041"
"KQ053696v1","1662760","1663047","GL873568","4562469","4562774","65","2899709"
"KQ053696v1","1667696","1667990","GL873561","9330005","9330309","62","7662309"
"KQ053696v1","1670319","1670488","GL873585","906506","906677","41","763813"
"KQ053696v1","1715629","1715834","GL873699","307625","307834","60","1408004"
"KQ053696v1","1716135","1716202","GL873544","18509833","18509890","26","16793698"
"KQ053696v1","1726735","1727025","GL873537","20108472","20108765","55","18381737"
"KQ053696v1","1729448","1729761","GL873577","10149931","10150226","71","8420483"
"KQ053696v1","1734117","1734405","GL873529","15384264","15384546","69","13650147"
"KQ053696v1","1735142","1735398","GL873598","5992376","5992624","62","4257234"
"KQ053696v1","1743271","1743578","GL873615","5162108","5162422","72","3418837"
"KQ053696v1","1772280","1772566","GL873535","12414612","12414904","68","10642332"
"KQ053696v1","1807644","1807915","GL873623","405274","405558","75","1402370"
"KQ053696v1","1843121","1843421","GL873646","355001","355274","86","1488120"
"KQ053696v1","1858190","1858503","GL873541","18220450","18220758","71","16362260"
"KQ053696v1","1913978","1914278","GL873615","5162108","5162422","80","3248130"
"KQ053696v1","1934943","1935233","GL873527","11533238","11533536","57","9598295"
"KQ053696v1","1935388","1935641","GL873568","3901993","3902245","75","1966605"
"KQ053696v1","1976062","1976375","GL873615","5162108","5162422","76","3186046"
"KQ053696v1","1981224","1981493","GL873611","607167","607439","59","1374057"
"KQ053696v1","2013489","2013731","GL873541","4044735","4044977","50","2031246"
"KQ053696v1","2051702","2051916","GL873625","5640863","5641072","61","3589161"
"KQ053696v1","2066282","2066591","GL873607","4863651","4863958","68","2797369"
"KQ053696v1","2084475","2084793","GL873615","5162108","5162422","72","3077633"
"KQ053696v1","2114072","2114365","GL873540","24947889","24948166","68","22833817"
"KQ053696v1","2116606","2116905","GL873531","19369345","19369649","77","17252739"
"KQ053696v1","2157697","2157957","GL873550","14394116","14394397","66","12236419"
"KQ053696v1","2221763","2222059","GL873536","13622290","13622562","72","11400527"
"KQ053696v1","2251377","2251669","GL873526","8965429","8965699","73","6714052"
"KQ053696v1","2442864","2443162","GL873522","4222168","4222461","53","1779304"
"KQ053696v1","2489684","2489954","GL873549","15132343","15132615","66","12642659"
"KQ053696v1","2569341","2569594","GL873616","1052405","1052666","73","1516936"
"KQ053696v1","2588891","2589184","GL873572","7618273","7618565","63","5029382"
"KQ053696v1","2657616","2657899","GL873545","10480102","10480384","62","7822486"
"KQ053696v1","2666612","2666879","GL873586","8328304","8328561","74","5661692"
"KQ053696v1","2686869","2686999","GL873737","1350389","1350518","40","1336480"
"KQ053696v1","2691191","2691493","GL873530","28263781","28264089","73","25572590"
"KQ053696v1","2700939","2701252","GL873557","9951663","9951956","68","7250724"
"KQ053696v1","2734247","2734551","GL873520","48675796","48676094","57","45941549"
"KQ053696v1","2734717","2734988","GL873576","8294514","8294796","66","5559797"
"KQ053696v1","2756001","2756247","GL873538","11416277","11416524","54","8660276"
"KQ053696v1","2793253","2793568","GL873615","5162108","5162422","81","2368855"
"KQ053696v1","2797530","2797854","GL873615","5162108","5162422","82","2364578"
"KQ053696v1","2822310","2822620","GL873668","1772036","1772327","86","1050274"
"KQ053696v1","2884658","2884952","GL873557","14646479","14646770","61","11761821"
"KQ053696v1","2919559","2919797","GL873577","11246540","11246770","52","8326981"
"KQ053696v1","2925441","2925631","GL873553","5251455","5251639","42","2326014"
"KQ053696v1","2933388","2933668","GL873576","206156","206441","64","2727232"
"KQ053696v1","2945272","2945596","GL873615","5162108","5162422","78","2216836"
"KQ053696v1","2948259","2948572","GL873625","3330882","3331184","67","382623"
"KQ053696v1","2970345","2970623","GL873544","12852108","12852394","55","9881763"
"KQ053696v1","2997503","2997797","GL873543","2904962","2905248","60","92541"
"KQ053696v1","3051946","3052237","GL873533","27828885","27829168","70","24776939"
"KQ053696v1","3141459","3141756","GL873575","2687372","2687665","68","454087"
"KQ053696v1","3143107","3143436","GL873577","7611226","7611549","90","4468119"
"KQ053696v1","3147279","3147541","GL873611","4994670","4994910","63","1847391"
"KQ053696v1","3193115","3193407","GL873678","1024189","1024471","62","2168926"
"KQ053696v1","3203507","3203798","GL873565","9471459","9471742","76","6267952"
"KQ053696v1","3205614","3205921","GL873540","17825259","17825574","74","14619645"
"KQ053696v1","3216050","3216203","GL873526","7973809","7973957","40","4757759"
"KQ053696v1","3226167","3226461","GL873660","743632","743918","66","2482535"
"KQ053696v1","3240389","3240657","GL873541","2827798","2828059","69","412591"
"KQ053696v1","3241030","3241339","GL873574","2979143","2979454","66","261887"
"KQ053696v1","3253575","3253875","GL873549","10614853","10615138","59","7361278"
"KQ053696v1","3260974","3261262","GL873661","3460900","3461179","60","199926"
"KQ053696v1","3278733","3278862","GL873520","24084579","24084710","22","20805846"
"KQ053696v1","3300814","3301113","GL873615","6674985","6675280","66","3374171"
"KQ053696v1","3311369","3311668","GL873675","3244503","3244783","64","66866"
"KQ053696v1","3324733","3325043","GL873574","9410814","9411118","72","6086081"
"KQ053696v1","3331029","3331198","GL873576","4675083","4675246","46","1344054"
"KQ053696v1","3345939","3346223","GL873535","12038298","12038580","52","8692359"
"KQ053696v1","3354921","3355215","GL873557","7267236","7267535","64","3912315"
"KQ053696v1","3358110","3358332","GL873545","16606576","16606804","57","13248466"
"KQ053696v1","3362857","3363153","GL873657","3029272","3029566","62","333585"
"KQ053696v1","3366062","3366316","GL873529","37786528","37786793","64","34420466"
"KQ053696v1","3372371","3372640","GL873537","27309272","27309529","62","23936901"
"KQ053696v1","3378243","3378526","GL873579","984876","985165","61","2393367"
"KQ053696v1","3381759","3382059","GL873520","38124828","38125119","57","34743069"
"KQ053696v1","3416957","3417257","GL873607","4584668","4584965","64","1167711"
"KQ053696v1","3424026","3424334","GL873596","8979189","8979479","78","5555163"
"KQ053696v1","3427830","3428074","GL873654","3969594","3969832","57","541764"
"KQ053696v1","3448310","3448545","GL873525","32871050","32871289","71","29422740"
"KQ053696v1","3452767","3453080","GL873530","29857042","29857349","64","26404275"
"KQ053696v1","3480463","3480749","GL873520","36088702","36088990","59","32608239"
"KQ053696v1","3492790","3493024","GL873529","37674136","37674371","38","34181346"
"KQ053696v1","3498973","3499286","GL873610","4431407","4431713","71","932434"
"KQ053696v1","3504389","3504693","GL873557","6776484","6776790","60","3272095"
"KQ053696v1","3543879","3544166","GL873545","17052684","17052979","62","13508805"
"KQ053696v1","3551284","3551588","GL873537","20108472","20108765","73","16557188"
"KQ053696v1","3569382","3569596","GL873526","40957560","40957777","45","37388178"
"KQ053696v1","3579288","3579567","GL873536","13622290","13622562","76","10043002"
"KQ053696v1","3587335","3587611","GL873645","3908190","3908444","68","320855"
"KQ053696v1","3670925","3671203","GL873523","38838706","38838972","68","35167781"
"KQ053696v1","3705911","3706033","GL873561","11043657","11043779","23","7337746"
"KQ053696v1","3706868","3707155","GL873543","2139452","2139746","61","1567416"
"KQ053696v1","3730704","3730986","GL873529","23083772","23084054","64","19353068"
"KQ053696v1","3750027","3750160","GL873522","25868670","25868794","43","22118643"
"KQ053696v1","3824491","3824766","GL873645","1936937","1937204","63","1887554"
"KQ053696v1","3837138","3837423","GL873610","6508308","6508582","54","2671170"
"KQ053696v1","3845430","3845739","GL873527","10910929","10911225","72","7065499"
"KQ053696v1","4038160","4038468","GL873561","9330005","9330309","71","5291845"
"KQ053696v1","4079533","4079718","GL873563","2570677","2570846","46","1508856"
"KQ053696v1","4105368","4105653","GL873600","8631840","8632117","66","4526472"
"KQ053696v1","4110542","4110806","GL873585","1753321","1753582","64","2357221"
"KQ053696v1","4264839","4265131","GL873531","27860265","27860563","53","23595426"
"KQ053696v1","4325773","4325996","GL873659","1692343","1692545","67","2633430"
"KQ053696v1","4401044","4401330","GL873526","4353131","4353412","61","47913"
"KQ053696v1","4723401","4723675","GL873533","23633726","23633993","58","18910325"
"KQ053696v1","4725815","4726142","GL873615","5162108","5162422","76","436293"
"KQ053696v1","4738028","4738262","GL873534","27438053","27438289","61","22700025"
"KQ053696v1","4767109","4767409","GL873729","432103","432405","63","4335006"
"KQ053696v1","4785413","4785695","GL873529","2885403","2885684","61","1900010"
"KQ053696v1","4795124","4795427","GL873568","4720265","4720557","73","74859"
"KQ053696v1","4811681","4811972","GL873671","1289718","1290012","62","3521963"
"KQ053696v1","4830344","4830569","GL873572","9760706","9760940","64","4930362"
"KQ053696v1","4839091","4839382","GL873738","1646790","1647070","61","3192301"
"KQ053696v1","4912362","4912670","GL873598","8338964","8339257","71","3426602"
"KQ053696v1","4934444","4934741","GL873561","9330005","9330309","59","4395561"
"KQ053696v1","4950831","4951127","GL873582","4107829","4108141","64","843002"
"KQ053696v1","4958496","4958778","GL873565","11268682","11268971","68","6310186"
"KQ053696v1","4980782","4981091","GL873574","4855555","4855848","66","125227"
"KQ053696v1","4981840","4982114","GL873589","7679708","7679981","54","2697868"
"KQ053696v1","4986426","4986727","GL873525","12278825","12279119","66","7292399"
"KQ053696v1","5049362","5049606","GL873539","19728562","19728803","53","14679200"
"KQ053696v1","5052993","5053318","GL873550","7755620","7755922","79","2702627"
"KQ053696v1","5069020","5069236","GL873537","25316920","25317119","59","20247900"
"KQ053696v1","5174672","5174924","GL873522","36470419","36470671","53","31295747"
"KQ053696v1","5180049","5180349","GL873571","9249120","9249416","73","4069071"
"KQ053696v1","5193568","5193807","GL873540","20654782","20655010","67","15461214"
"KQ053696v1","5199760","5200047","GL873586","6311175","6311430","88","1111415"
"KQ053696v1","5250321","5250612","GL873546","18307234","18307526","63","13056913"
"KQ053696v1","5290856","5291001","GL873664","4101136","4101269","44","1189720"
"KQ053696v1","5303750","5303923","GL873539","18965545","18965701","35","13661795"
"KQ053696v1","5312027","5312325","GL873557","7267236","7267535","82","1955209"
"KQ053696v1","5313224","5313514","GL873660","743632","743918","54","4569592"
"KQ053696v1","5331427","5331717","GL873570","9393261","9393537","66","4061834"
"KQ053696v1","5345698","5346029","GL873661","1884549","1884860","82","3461149"
"KQ053696v1","5352217","5352508","GL873524","42149014","42149308","46","36796797"
"KQ053696v1","5370152","5370409","GL873546","16916486","16916753","69","11546334"
"KQ053696v1","5373481","5373782","GL873537","14097659","14097958","63","8724178"
"KQ053696v1","5380527","5380835","GL873521","49874189","49874492","64","44493662"
"KQ053696v1","5396016","5396330","GL873531","27860265","27860563","65","22464249"
"KQ053696v1","5416534","5416830","GL873580","7238391","7238676","78","1821857"
"KQ053696v1","5418289","5418588","GL873533","30534240","30534536","62","25115951"
"KQ053696v1","5454381","5454672","GL873528","4452981","4453269","60","1001400"
"KQ053696v1","5464230","5464531","GL873529","36118173","36118477","65","30653943"
"KQ053696v1","5489110","5489379","GL873526","4378725","4378983","64","1110385"
"KQ053696v1","5491428","5491639","GL873615","477328","477537","57","5014100"
"KQ053696v1","5507447","5507760","GL873570","5362546","5362850","62","144901"
"KQ053696v1","5525758","5525979","GL873520","40069156","40069375","57","34543398"
"KQ053696v1","5531813","5532122","GL873621","545875","546169","55","4985938"
"KQ053696v1","5554927","5555114","GL873549","6262277","6262457","47","707350"
"KQ053696v1","5566819","5567112","GL873590","643532","643818","63","4923287"
"KQ053696v1","5573905","5574044","GL873572","8270090","8270213","45","2696185"
"KQ053696v1","5587208","5587511","GL873701","1489808","1490112","63","4097400"
"KQ053696v1","5627255","5627524","GL873538","1584722","1584989","52","4042533"
"KQ053696v1","5637343","5637639","GL873580","178479","178779","56","5458864"
"KQ053696v1","5677692","5677955","GL873579","11141374","11141638","64","5463682"
"KQ053696v1","5731916","5732210","GL873533","23793613","23793905","68","18061697"
"KQ053696v1","5771358","5771545","GL873583","3447754","3447937","63","2323604"
"KQ053696v1","5803345","5803516","GL873571","9776832","9776999","40","3973487"
"KQ053696v1","5803604","5803705","GL873590","632616","632720","22","5170988"
"KQ053696v1","5862460","5862557","GL873532","13784960","13785054","28","7922500"
"KQ053696v1","6037677","6037968","GL873590","403881","404156","86","5633796"
"KQ053696v1","6066649","6066968","GL873661","1884549","1884860","82","4182100"
"KQ053696v1","6113692","6113956","GL873527","3852983","3853250","66","2260709"
"KQ053696v1","6150402","6150693","GL873672","1405987","1406281","63","4744415"
"KQ053696v1","6193015","6193301","GL873526","25199900","25200199","79","19006885"
"KQ053696v1","6282168","6282474","GL873588","6897685","6897994","66","615517"
"KQ053698v1","36923","37190","GL873558","10262345","10262609","64","10225422"
"KQ053704v1","2744","2907","GL873572","7118091","7118244","54","7115347"
"KQ053704v1","5405","5681","GL873522","19056739","19057022","72","19051334"
"KQ053704v1","6524","6826","GL873641","3079760","3080070","66","3073236"
"KQ053705v1","27805","28069","GL873533","1920914","1921187","63","1893109"
"KQ053705v1","104992","105223","GL873620","5590312","5590535","62","5485320"
"KQ053705v1","136853","137174","GL873615","5162108","5162422","69","5025255"
"KQ053707v1","103089","103347","GL873671","621240","621502","59","518151"
"KQ053707v1","454292","454463","GL873657","1315410","1315563","58","861118"
"KQ053707v1","1144587","1144847","GL873535","24745002","24745253","70","23600415"
"KQ053707v1","1161923","1162114","GL873625","787508","787700","49","374415"
"KQ053707v1","1202683","1202988","GL873526","6040171","6040479","70","4837488"
"KQ053707v1","1252355","1252645","GL873750","1418881","1419168","58","166526"
"KQ053707v1","1300506","1300799","GL873531","19651954","19652248","69","18351448"
"KQ053707v1","1465117","1465405","GL873557","5844700","5844982","69","4379583"
"KQ053707v1","1496557","1496869","GL873631","1772","2067","74","1494785"
"KQ053707v1","1710604","1710886","GL873530","2832291","2832567","69","1121687"
"KQ053707v1","1757157","1757394","GL873664","1391248","1391483","69","365909"
"KQ053707v1","1774131","1774417","GL873789","87737","88019","62","1686394"
"KQ053707v1","1916238","1916535","GL873539","16292037","16292334","71","14375799"
"KQ053707v1","2021079","2021364","GL873544","12852108","12852394","59","10831029"
"KQ053707v1","2107544","2107848","GL873589","8159658","8159953","68","6052114"
"KQ053707v1","2203991","2204267","GL873534","15140925","15141195","70","12936934"
"KQ053707v1","2673092","2673295","GL873660","4198779","4198982","52","1525687"
"KQ053707v1","2720451","2720765","GL873661","1884549","1884860","80","835902"
"KQ053707v1","2728645","2728959","GL873661","1884549","1884860","80","844096"
"KQ053707v1","2960566","2960852","GL873570","9393261","9393537","67","6432695"
"KQ053707v1","2999613","2999959","GL873668","1489715","1490030","94","1509898"
"KQ053707v1","3146153","3146345","GL873613","1163416","1163603","48","1982737"
"KQ053707v1","3162599","3162754","GL873737","1412469","1412623","43","1750130"
"KQ053707v1","3162780","3162813","GL873531","2906395","2906426","9","256385"
"KQ053707v1","3168573","3168782","GL873627","4281284","4281483","53","1112711"
"KQ053707v1","3254522","3254852","GL873560","1518070","1518380","86","1736452"
"KQ053707v1","3354343","3354644","GL873532","712402","712693","71","2641941"
"KQ053707v1","3385534","3385823","GL873527","10910929","10911225","78","7525395"
"KQ053707v1","3388944","3389101","GL873595","4649390","4649548","39","1260446"
"KQ053707v1","3389139","3389293","GL873536","13171830","13171977","40","9782691"
"KQ053707v1","3440969","3441262","GL873624","6233461","6233748","64","2792492"
"KQ053707v1","3626847","3627151","GL873533","24205249","24205546","84","20578402"
"KQ053707v1","3805621","3805891","GL873545","12445075","12445329","90","8639454"
"KQ053707v1","3962147","3962293","GL873700","2992457","2992601","39","969690"
"KQ053707v1","4041550","4041839","GL873543","876481","876761","70","3165069"
"KQ053707v1","4069346","4069643","GL873590","527367","527669","69","3541979"
"KQ053709v1","8540","8816","GL873647","3714242","3714513","66","3705702"
"KQ053712v1","4667","4826","GL873543","13242093","13242230","48","13237426"
"KQ053712v1","5114","5252","GL873560","1710528","1710662","27","1705414"
"KQ053712v1","6685","6898","GL873649","2490086","2490294","49","2483401"
"KQ053715v1","338","649","GL873524","42149014","42149308","74","42148676"
"KQ053715v1","735","911","GL873530","16215829","16216006","57","16215094"
"KQ053715v1","4014","4300","GL873586","6854900","6855180","62","6850886"
"KQ053718v1","2621426","2621726","GL873619","7595068","7595373","69","4973642"
"KQ053718v1","10931","11241","GL873536","6170569","6170869","79","6159638"
"KQ053718v1","77859","78156","GL873737","1691288","1691582","64","1613429"
"KQ053718v1","162010","162228","GL873533","29114064","29114296","62","28952054"
"KQ053718v1","165863","166078","GL873562","2279340","2279561","63","2113477"
"KQ053718v1","168386","168607","GL873533","29114064","29114296","64","28945678"
"KQ053718v1","171555","171775","GL873533","29114064","29114296","63","28942509"
"KQ053718v1","202695","202993","GL873671","1289718","1290012","84","1087023"
"KQ053718v1","208290","208600","GL873646","5530496","5530792","60","5322206"
"KQ053718v1","220809","220929","GL873783","131223","131345","26","89586"
"KQ053718v1","225067","225360","GL873557","7133081","7133372","71","6908014"
"KQ053718v1","235405","235719","GL873720","1268124","1268434","61","1032719"
"KQ053718v1","250179","250480","GL873537","22007087","22007389","58","21756908"
"KQ053718v1","263943","264237","GL873538","5676997","5677272","69","5413054"
"KQ053718v1","311988","312266","GL873615","7395164","7395436","95","7083176"
"KQ053718v1","377203","377496","GL873531","27860265","27860563","61","27483062"
"KQ053718v1","417177","417476","GL873541","18170809","18171099","66","17753632"
"KQ053718v1","423550","423841","GL873545","17052684","17052979","51","16629134"
"KQ053718v1","450055","450351","GL873608","6262653","6262954","57","5812598"
"KQ053718v1","451981","452078","GL873649","4918614","4918710","14","4466633"
"KQ053718v1","497222","497515","GL873538","24663308","24663595","61","24166086"
"KQ053718v1","508249","508488","GL873590","671368","671605","54","163119"
"KQ053718v1","513882","514154","GL873586","8120080","8120363","63","7606198"
"KQ053718v1","623371","623670","GL873524","42149014","42149308","54","41525643"
"KQ053718v1","657516","657754","GL873566","13161077","13161300","72","12503561"
"KQ053718v1","665027","665147","GL873596","2162768","2162890","24","1497741"
"KQ053718v1","665316","665515","GL873664","3729504","3729704","47","3064188"
"KQ053718v1","667073","667377","GL873557","7267236","7267535","66","6600163"
"KQ053718v1","674278","674575","GL873667","538898","539194","64","135380"
"KQ053718v1","793898","794183","GL873526","25295506","25295789","58","24501608"
"KQ053718v1","880152","880467","GL873537","2276824","2277122","69","1396672"
"KQ053718v1","884255","884524","GL873617","6729968","6730238","60","5845713"
"KQ053718v1","945568","945874","GL873564","5116943","5117236","71","4171375"
"KQ053718v1","978727","979009","GL873579","984876","985165","58","6149"
"KQ053718v1","994253","994557","GL873528","5032075","5032370","61","4037822"
"KQ053718v1","1018565","1018733","GL873674","2012717","2012880","38","994152"
"KQ053718v1","1123604","1123881","GL873521","40715955","40716218","74","39592351"
"KQ053718v1","1147926","1148078","GL873584","2915736","2915882","47","1767810"
"KQ053718v1","1176924","1177187","GL873550","14672546","14672814","69","13495622"
"KQ053718v1","1190296","1190566","GL873550","14672546","14672814","65","13482250"
"KQ053718v1","1205801","1206091","GL873544","12852108","12852394","58","11646307"
"KQ053718v1","1210953","1211263","GL873530","28263781","28264089","59","27052828"
"KQ053718v1","1212313","1212449","GL873539","2149208","2149332","43","936895"
"KQ053718v1","1214892","1215003","GL873661","2971032","2971145","28","1756140"
"KQ053718v1","1230223","1230500","GL873547","7160581","7160854","70","5930358"
"KQ053718v1","1266071","1266190","GL873692","1734045","1734155","28","467974"
"KQ053718v1","1301882","1302176","GL873621","545875","546169","57","756007"
"KQ053718v1","1312707","1312830","GL873596","2162768","2162890","23","850061"
"KQ053718v1","1314819","1314942","GL873596","2162768","2162890","23","847949"
"KQ053718v1","1350359","1350662","GL873597","1768116","1768417","70","417757"
"KQ053718v1","1377217","1377538","GL873537","20806240","20806550","76","19429023"
"KQ053718v1","1458234","1458418","GL873558","3010058","3010227","54","1551824"
"KQ053718v1","1467110","1467239","GL873564","9309665","9309785","38","7842555"
"KQ053718v1","1526452","1526761","GL873530","28263781","28264089","56","26737329"
"KQ053718v1","1535213","1535517","GL873602","8209282","8209594","61","6674069"
"KQ053718v1","1544659","1544956","GL873530","17375868","17376165","69","15831209"
"KQ053718v1","1698426","1698720","GL873538","26301186","26301477","73","24602760"
"KQ053718v1","1701482","1701773","GL873531","27860265","27860563","57","26158783"
"KQ053718v1","1704307","1704604","GL873531","19651954","19652248","62","17947647"
"KQ053718v1","1705261","1705546","GL873538","15635099","15635394","65","13929838"
"KQ053718v1","1769530","1769819","GL873661","1884167","1884461","63","114637"
"KQ053718v1","1817466","1817769","GL873551","10987258","10987553","68","9169792"
"KQ053718v1","1838027","1838296","GL873544","1884477","1884744","69","46450"
"KQ053718v1","1885121","1885416","GL873580","178479","178779","67","1706642"
"KQ053718v1","1900153","1900429","GL873645","5389252","5389522","66","3489099"
"KQ053718v1","2000090","2000381","GL873691","1868540","1868826","63","131550"
"KQ053718v1","2008753","2009061","GL873544","19347362","19347661","67","17338609"
"KQ053718v1","2027317","2027611","GL873530","16695374","16695671","68","14668057"
"KQ053718v1","2099329","2099632","GL873586","3828887","3829179","68","1729558"
"KQ053718v1","2103556","2103869","GL873525","27816917","27817223","71","25713361"
"KQ053718v1","2114180","2114490","GL873521","49874189","49874492","64","47760009"
"KQ053718v1","2218338","2218629","GL873550","8444078","8444367","58","6225740"
"KQ053718v1","2219689","2219976","GL873526","4353131","4353412","59","2133442"
"KQ053718v1","2221434","2221620","GL873573","12131424","12131616","44","9909990"
"KQ053718v1","2264663","2264779","GL873542","1259218","1259335","15","1005445"
"KQ053718v1","2270565","2270854","GL873545","20768197","20768487","70","18497632"
"KQ053718v1","2368623","2368884","GL873616","6357982","6358241","65","3989359"
"KQ053718v1","2427970","2428255","GL873631","6667995","6668285","76","4240025"
"KQ053718v1","2451899","2452156","GL873533","15425290","15425535","71","12973391"
"KQ053718v1","2456071","2456351","GL873530","18590437","18590716","70","16134366"
"KQ053718v1","2471770","2472072","GL873737","1691288","1691582","72","780482"
"KQ053718v1","2516721","2517017","GL873545","17052684","17052979","74","14535963"
"KQ053718v1","2519447","2519730","GL873522","18050101","18050365","78","15530654"
"KQ053718v1","2522467","2522763","GL873537","20108472","20108765","60","17586005"
"KQ053718v1","2539729","2540029","GL873527","38042874","38043183","66","35503145"
"KQ053718v1","2555455","2555758","GL873531","27860265","27860563","74","25304810"
"KQ053718v1","2560501","2560790","GL873634","6362453","6362738","77","3801952"
"KQ053718v1","2568765","2569031","GL873561","923317","923608","71","1645448"
"KQ053718v1","2574909","2575194","GL873562","5328731","5329017","65","2753822"
"KQ053718v1","2595825","2596127","GL873530","25555061","25555354","65","22959236"
"KQ053718v1","2606775","2607056","GL873521","6742581","6742854","64","4135806"
"KQ053718v1","2615355","2615654","GL873628","4007314","4007602","74","1391959"
"KQ053718v1","2630146","2630436","GL873683","2458659","2458944","74","171487"
"KQ053718v1","2641231","2641513","GL873538","12563713","12563990","61","9922482"
"KQ053718v1","2645730","2646027","GL873545","17052684","17052979","68","14406954"
"KQ053718v1","2649620","2649750","GL873623","1977961","1978086","24","671659"
"KQ053718v1","2650164","2650456","GL873586","6854900","6855180","58","4204736"
"KQ053718v1","2655806","2656035","GL873572","9760706","9760940","64","7104900"
"KQ053718v1","2663573","2663740","GL873592","7546540","7546705","44","4882967"
"KQ053718v1","2674266","2674564","GL873544","19347362","19347661","75","16673096"
"KQ053718v1","2677507","2677814","GL873571","4374924","4375218","66","1697417"
"KQ053718v1","2678126","2678343","GL873540","541022","541254","59","2137104"
"KQ053718v1","2678668","2678755","GL873531","16275379","16275462","22","13596711"
"KQ053718v1","2724334","2724628","GL873537","20108472","20108765","64","17384138"
"KQ053718v1","2732321","2732614","GL873573","944182","944464","64","1788139"
"KQ053718v1","2736241","2736303","GL873563","6255422","6255484","11","3519181"
"KQ053718v1","2741367","2741679","GL873720","1268124","1268434","57","1473243"
"KQ053718v1","2744819","2745091","GL873575","7186086","7186350","71","4441267"
"KQ053718v1","2747262","2747432","GL873926","56820","56981","41","2690442"
"KQ053718v1","2751511","2751636","GL873566","13160651","13160774","21","10409140"
"KQ053718v1","2753871","2754151","GL873624","2308457","2308738","59","445414"
"KQ053718v1","2755487","2755783","GL873631","1772","2067","67","2753715"
"KQ053718v1","2762374","2762659","GL873531","27860265","27860563","61","25097891"
"KQ053718v1","2765762","2766047","GL873529","23083772","23084054","46","20318010"
"KQ053718v1","2773972","2774283","GL873569","144899","145205","72","2629073"
"KQ053718v1","2776407","2776575","GL873557","10851756","10851919","46","8075349"
"KQ053718v1","2790229","2790533","GL873541","14451118","14451418","69","11660889"
"KQ053718v1","2792774","2793046","GL873563","9713700","9713970","56","6920926"
"KQ053718v1","2805572","2805759","GL873525","38071247","38071431","47","35265675"
"KQ053718v1","2814772","2815068","GL873524","42149014","42149308","59","39334242"
"KQ053718v1","2818457","2818520","GL873678","1354555","1354619","10","1463902"
"KQ053718v1","2821435","2821724","GL873660","743632","743918","69","2077803"
"KQ053718v1","2825657","2825949","GL873618","4265937","4266204","79","1440280"
"KQ053718v1","2831700","2832005","GL873589","3682172","3682468","68","850472"
"KQ053718v1","2843358","2843653","GL873548","17482771","17483070","73","14639413"
"KQ053718v1","2844047","2844337","GL873548","1041503","1041791","55","1802544"
"KQ053718v1","2848292","2848456","GL873529","35718145","35718291","44","32869853"
"KQ053718v1","2860896","2861179","GL873562","11382494","11382780","70","8521598"
"KQ053718v1","2897884","2898004","GL873570","10645932","10646052","22","7748048"
"KQ053718v1","2917996","2918282","GL873754","1677368","1677657","58","1240628"
"KQ053718v1","2954877","2955093","GL873613","5851680","5851898","49","2896803"
"KQ053718v1","2985284","2985576","GL873530","14343018","14343304","68","11357734"
"KQ053718v1","2999219","2999343","GL873591","5814379","5814504","19","2815160"
"KQ053718v1","3019583","3019771","GL873635","5147070","5147250","50","2127487"
"KQ053718v1","3207577","3207862","GL873544","10503361","10503660","67","7295784"
"KQ053718v1","3297242","3297524","GL873553","7787027","7787292","66","4489785"
"KQ053718v1","3311839","3312118","GL873593","3958983","3959265","50","647144"
"KQ053718v1","3437183","3437406","GL873534","29797157","29797371","56","26359974"
"KQ053718v1","3513754","3514013","GL873538","13527760","13528018","62","10014006"
"KQ053718v1","3532537","3532836","GL873624","3811009","3811297","63","278472"
"KQ053718v1","3687340","3687625","GL873579","2665523","2665809","73","1021817"
"KQ053718v1","3708916","3709210","GL873581","10274927","10275220","77","6566011"
"KQ053718v1","3719455","3719750","GL873563","2408685","2408972","69","1310770"
"KQ053718v1","3747590","3747773","GL873618","2073282","2073445","50","1674308"
"KQ053718v1","3770638","3770936","GL873531","27860265","27860563","54","24089627"
"KQ053718v1","3796182","3796403","GL873533","29114064","29114296","58","25317882"
"KQ053718v1","3886567","3886855","GL873546","859614","859905","63","3026953"
"KQ053718v1","3935766","3936058","GL873590","643532","643818","67","3292234"
"KQ053718v1","3959237","3959538","GL873667","3712894","3713183","78","246343"
"KQ053718v1","4028611","4028911","GL873544","19347362","19347661","70","15318751"
"KQ053718v1","4046419","4046728","GL873720","1268124","1268434","58","2778295"
"KQ053718v1","4100507","4100805","GL873543","2139452","2139746","64","1961055"
"KQ053718v1","4214474","4214774","GL873611","5482501","5482785","71","1268027"
"KQ053718v1","4319638","4319904","GL873752","219309","219580","67","4100329"
"KQ053718v1","4320518","4320755","GL873632","1968927","1969163","59","2351591"
"KQ053718v1","4346314","4346543","GL873598","8002802","8003019","65","3656488"
"KQ053718v1","4438806","4438885","GL873639","2239413","2239479","26","2199393"
"KQ053718v1","4514404","4514715","GL873615","5162108","5162422","74","647704"
"KQ053718v1","4648113","4648405","GL873537","20108472","20108765","55","15460359"
"KQ053718v1","4679416","4679694","GL873520","29416679","29416950","72","24737263"
"KQ053718v1","4703370","4703678","GL873548","17482771","17483070","69","12779401"
"KQ053718v1","4767819","4768122","GL873631","2631478","2631779","91","2136341"
"KQ053723v1","285","305","GL873628","4177792","4177815","4","4177507"
"KQ053723v1","348","568","GL873635","268782","268999","55","268434"
"KQ053729v1","136922","137223","GL873571","4374924","4375218","64","4238002"
"KQ053729v1","295980","296278","GL873653","2463372","2463673","74","2167392"
"KQ053729v1","308662","308949","GL873649","1030907","1031186","66","722245"
"KQ053729v1","436276","436402","GL873547","17597232","17597356","26","17160956"
"KQ053729v1","441802","442087","GL873531","16338858","16339126","76","15897056"
"KQ053729v1","716797","717061","GL873553","6160078","6160350","61","5443281"
"KQ053729v1","938207","938486","GL873566","12210709","12210986","73","11272502"
"KQ053729v1","1029187","1029468","GL873551","1102972","1103257","76","73785"
"KQ053729v1","1151052","1151224","GL873520","70676465","70676637","47","69525413"
"KQ053729v1","1167760","1167865","GL873529","28729837","28729942","19","27562077"
"KQ053729v1","1244497","1244802","GL873613","971789","972086","59","272708"
"KQ053729v1","1313503","1313817","GL873623","4501593","4501900","76","3188090"
"KQ053729v1","1566253","1566417","GL873571","4293538","4293698","40","2727285"
"KQ053729v1","1646851","1647148","GL873528","2311327","2311628","67","664476"
"KQ053729v1","1692943","1693255","GL873623","4501593","4501900","83","2808650"
"KQ053729v1","1730365","1730659","GL873548","16911479","16911770","69","15181114"
"KQ053729v1","1790558","1790785","GL873560","12352452","12352670","57","10561894"
"KQ053729v1","1796975","1797229","GL873563","7829489","7829739","67","6032514"
"KQ053729v1","1928370","1928610","GL873560","85111","85342","69","1843259"
"KQ053729v1","2007421","2007722","GL873530","25555061","25555354","62","23547640"
"KQ053729v1","2046152","2046427","GL873538","2102031","2102304","65","55879"
"KQ053729v1","2049565","2049851","GL873545","17052684","17052979","61","15003119"
"KQ053729v1","2106228","2106437","GL873559","7213259","7213462","54","5107031"
"KQ053729v1","2239681","2239978","GL873533","15015660","15015953","57","12775979"
"KQ053729v1","2279244","2279501","GL873561","13826809","13827093","69","11547565"
"KQ053729v1","2380674","2380946","GL873626","5621767","5622029","73","3241093"
"KQ053729v1","2434563","2434874","GL873526","20255818","20256125","75","17821255"
"KQ053729v1","2522873","2523165","GL873593","2667655","2667944","64","144782"
"KQ053729v1","2545174","2545501","GL873521","1525427","1525727","90","1019747"
"KQ053729v1","2556739","2557045","GL873542","8032564","8032870","71","5475825"
"KQ053729v1","2615815","2616121","GL873540","24563702","24564003","71","21947887"
"KQ053729v1","2680764","2681079","GL873598","8227475","8227785","68","5546711"
"KQ053729v1","2762593","2762888","GL873537","23325667","23325965","72","20563074"
"KQ053729v1","2790393","2790692","GL873675","1780107","1780409","81","1010286"
"KQ053733v1","8893","9115","GL873533","23680427","23680639","55","23671534"
"KQ053733v1","9296","9350","GL873631","1220818","1220872","9","1211522"
"KQ053735v1","11407","11699","GL873533","23793613","23793905","62","23782206"
"KQ053740v1","266852","267109","GL873653","2691568","2691829","71","2424716"
"KQ053740v1","344030","344312","GL873535","12038298","12038580","52","11694268"
"KQ053740v1","383144","383448","GL873521","53893978","53894270","64","53510834"
"KQ053740v1","474363","474646","GL873577","5810565","5810848","65","5336202"
"KQ053740v1","480266","480579","GL873523","28431022","28431322","71","27950756"
"KQ053740v1","605480","605726","GL873570","4826171","4826423","65","4220691"
"KQ053740v1","649024","649323","GL873529","14431512","14431808","63","13782488"
"KQ053740v1","701861","702156","GL873537","20108472","20108765","58","19406611"
"KQ053740v1","756967","757285","GL873720","1268124","1268434","59","511157"
"KQ053740v1","774031","774281","GL873560","8931049","8931288","64","8157018"
"KQ053740v1","778632","778902","GL873538","5676997","5677272","67","4898365"
"KQ053740v1","812380","812490","GL873706","987971","988087","28","175591"
"KQ053740v1","819865","820002","GL873538","3698862","3698997","27","2878997"
"KQ053740v1","832165","832266","GL873530","16874565","16874676","33","16042400"
"KQ053740v1","834221","834302","GL873548","15726009","15726091","18","14891788"
"KQ053740v1","872896","873168","GL873539","1578824","1579104","74","705928"
"KQ053740v1","876508","876792","GL873535","12038298","12038580","53","11161790"
"KQ053740v1","890626","890906","GL873520","16709587","16709864","68","15818961"
"KQ053740v1","933529","933676","GL873678","1555223","1555380","35","621694"
"KQ053740v1","958374","958663","GL873522","40993959","40994240","57","40035585"
"KQ053740v1","960198","960502","GL873522","40993959","40994240","79","40033761"
"KQ053740v1","986428","986697","GL873631","3238932","3239201","65","2252504"
"KQ053740v1","1007844","1008049","GL873541","8067298","8067504","49","7059454"
"KQ053740v1","1012234","1012539","GL873571","2577537","2577837","73","1565303"
"KQ053740v1","1025874","1026173","GL873667","2742484","2742777","68","1716610"
"KQ053740v1","1028093","1028386","GL873520","38764685","38764975","69","37736592"
"KQ053740v1","1032820","1033118","GL873523","44139826","44140123","65","43107006"
"KQ053740v1","1036949","1037233","GL873520","39401084","39401363","68","38364135"
"KQ053740v1","1041686","1041978","GL873623","5958665","5958945","79","4916979"
"KQ053740v1","1052150","1052471","GL873545","20390330","20390642","76","19338180"
"KQ053740v1","1083194","1083420","GL873588","8168320","8168540","60","7085126"
"KQ053740v1","1103894","1104171","GL873691","1286765","1287055","62","182871"
"KQ053740v1","1105556","1105830","GL873628","1375418","1375692","68","269862"
"KQ053740v1","1117769","1117971","GL873572","6196992","6197190","42","5079223"
"KQ053740v1","1128994","1129070","GL873540","4716032","4716105","13","3587038"
"KQ053740v1","1216230","1216539","GL873522","10042566","10042867","70","8826336"
"KQ053740v1","1224362","1224643","GL873586","9487892","9488175","80","8263530"
"KQ053740v1","1235354","1235451","GL873805","579757","579858","17","655597"
"KQ053740v1","1247027","1247326","GL873573","45612","45900","74","1201415"
"KQ053740v1","1265091","1265381","GL873628","1375418","1375692","68","110327"
"KQ053740v1","1277216","1277289","GL873787","391836","391909","15","885380"
"KQ053740v1","1277290","1277581","GL873531","27860265","27860563","52","26582975"
"KQ053740v1","1277582","1277782","GL873542","13265734","13265927","58","11988152"
"KQ053740v1","1371694","1372001","GL873629","1991833","1992133","62","620139"
"KQ053740v1","1451310","1451440","GL873537","6930739","6930868","20","5479429"
"KQ053740v1","1510408","1510695","GL873566","8955078","8955373","62","7444670"
"KQ053740v1","1562041","1562092","GL873548","3010143","3010193","16","1448102"
"KQ053740v1","1562458","1562616","GL873742","920550","920698","48","641908"
"KQ053740v1","1563302","1563315","GL873520","25523108","25523120","3","23959806"
"KQ053740v1","1585364","1585415","GL873548","3010143","3010193","16","1424779"
"KQ053740v1","1585771","1585928","GL873742","920550","920698","37","665221"
"KQ053740v1","1586609","1586622","GL873520","25523108","25523120","3","23936499"
"KQ053740v1","1716193","1716480","GL873547","14329017","14329292","49","12612824"
"KQ053740v1","1722954","1723246","GL873537","20108472","20108765","50","18385518"
"KQ053740v1","1818284","1818559","GL873538","1584722","1584989","57","233562"
"KQ053740v1","1881069","1881365","GL873537","20108472","20108765","62","18227403"
"KQ053740v1","1894914","1894978","GL873596","8653129","8653188","11","6758215"
"KQ053740v1","1895403","1895618","GL873670","2230245","2230463","58","334842"
"KQ053740v1","1906509","1906804","GL873615","5889225","5889521","68","3982716"
"KQ053740v1","1917919","1918210","GL873618","950010","950297","55","967909"
"KQ053740v1","1919682","1919968","GL873593","3958983","3959265","64","2039301"
"KQ053740v1","1954883","1955147","GL873646","1021900","1022148","68","932983"
"KQ053740v1","1956360","1956629","GL873531","29270493","29270761","79","27314133"
"KQ053740v1","1958908","1959188","GL873538","23406111","23406389","64","21447203"
"KQ053740v1","1973440","1973724","GL873593","2667655","2667944","72","694215"
"KQ053740v1","1975163","1975409","GL873602","6725917","6726168","49","4750754"
"KQ053740v1","1996553","1996831","GL873525","14075242","14075516","69","12078689"
"KQ053740v1","1997505","1997827","GL873522","44570582","44570880","90","42573077"
"KQ053740v1","2025616","2025908","GL873620","7369000","7369291","61","5343384"
"KQ053740v1","2032462","2032614","GL873586","7442664","7442810","44","5410202"
"KQ053740v1","2048630","2048936","GL873529","16524419","16524713","79","14475789"
"KQ053740v1","2054170","2054481","GL873537","20108472","20108765","65","18054302"
"KQ053740v1","2063244","2063516","GL873534","15140925","15141195","62","13077681"
"KQ053740v1","2076263","2076588","GL873541","18220450","18220758","76","16144187"
"KQ053740v1","2078243","2078419","GL873706","366706","366870","62","1711537"
"KQ053740v1","2081460","2081632","GL873601","3262567","3262729","64","1181107"
"KQ053740v1","2094234","2094394","GL873626","2300468","2300605","46","206234"
"KQ053740v1","2099591","2099882","GL873562","5328731","5329017","70","3229140"
"KQ053740v1","2107109","2107357","GL873635","2486458","2486723","72","379349"
"KQ053740v1","2123224","2123451","GL873562","11867487","11867714","59","9744263"
"KQ053740v1","2123779","2123836","GL873560","10881137","10881193","20","8757358"
"KQ053740v1","2124005","2124291","GL873752","219309","219580","56","1904696"
"KQ053740v1","2128381","2128596","GL873533","9690889","9691109","51","7562508"
"KQ053740v1","2139801","2140086","GL873752","219309","219580","56","1920492"
"KQ053740v1","2153033","2153304","GL873676","1881961","1882246","64","271072"
"KQ053740v1","2216519","2216804","GL873607","297784","298070","56","1918735"
"KQ053740v1","2218781","2219025","GL873541","17172429","17172655","79","14953648"
"KQ053740v1","2240829","2241109","GL873540","4711812","4712090","78","2470983"
"KQ053740v1","2263275","2263456","GL873537","26260700","26260869","51","23997425"
"KQ053740v1","2273231","2273440","GL873625","5640863","5641072","46","3367632"
"KQ053740v1","2299260","2299534","GL873614","5371626","5371910","71","3072366"
"KQ053740v1","2306841","2307140","GL873522","35663630","35663923","62","33356789"
"KQ053740v1","2315179","2315446","GL873570","9393261","9393537","64","7078082"
"KQ053740v1","2319514","2319792","GL873520","60382881","60383169","71","58063367"
"KQ053740v1","2346254","2346554","GL873535","14266203","14266500","55","11919949"
"KQ053740v1","2346970","2347252","GL873557","7267236","7267535","71","4920266"
"KQ053740v1","2348512","2348826","GL873720","1268124","1268434","63","1080388"
"KQ053740v1","2363084","2363252","GL873586","1353695","1353851","40","1009389"
"KQ053740v1","2365765","2366067","GL873547","808738","809027","74","1557027"
"KQ053740v1","2367968","2368247","GL873646","1325103","1325367","78","1042865"
"KQ053740v1","2369396","2369683","GL873693","2321662","2321929","72","47734"
"KQ053740v1","2375832","2376101","GL873619","4513240","4513513","66","2137408"
"KQ053740v1","2385243","2385525","GL873522","38254221","38254501","67","35868978"
"KQ053740v1","2390025","2390293","GL873568","5716636","5716920","68","3326611"
"KQ053740v1","2428086","2428380","GL873537","20108472","20108765","57","17680386"
"KQ053740v1","2440792","2441085","GL873577","10149931","10150226","63","7709139"
"KQ053740v1","2441201","2441482","GL873520","38764685","38764975","64","36323484"
"KQ053740v1","2458938","2459033","GL873521","34435899","34436000","27","31976961"
"KQ053740v1","2474189","2474424","GL873535","13887307","13887542","71","11413118"
"KQ053740v1","2480492","2480611","GL873581","9397393","9397501","28","6916901"
"KQ053740v1","2537560","2537862","GL873660","1523697","1523977","74","1013863"
"KQ053740v1","2547947","2548110","GL873611","4276692","4276857","50","1728745"
"KQ053740v1","2548443","2548556","GL873542","1259218","1259335","23","1289225"
"KQ053740v1","2618476","2618749","GL873672","1033109","1033379","68","1585367"
"KQ053740v1","2639896","2640175","GL873591","1508585","1508871","58","1131311"
"KQ053740v1","2653999","2654288","GL873591","1508585","1508871","51","1145414"
"KQ053740v1","2695545","2695838","GL873632","5787814","5788105","55","3092269"
"KQ053740v1","2743257","2743545","GL873548","17482771","17483070","71","14739514"
"KQ053740v1","2751288","2751583","GL873528","3961284","3961573","60","1209996"
"KQ053740v1","2761757","2762041","GL873532","12863813","12864092","72","10102056"
"KQ053740v1","2763195","2763251","GL873631","1220818","1220872","18","1542377"
"KQ053740v1","2769455","2769705","GL873520","47043609","47043857","70","44274154"
"KQ053740v1","2771552","2771731","GL873612","1890574","1890750","35","880978"
"KQ053740v1","2772063","2772178","GL873549","7205542","7205660","28","4433479"
"KQ053740v1","2773451","2773703","GL873533","17215781","17216040","76","14442330"
"KQ053740v1","2775307","2775550","GL873562","2277034","2277295","84","498273"
"KQ053740v1","2791721","2792000","GL873618","2682603","2682883","63","109118"
"KQ053740v1","2792696","2792909","GL873560","396410","396618","75","2396286"
"KQ053740v1","2794145","2794446","GL873697","1137569","1137861","56","1656576"
"KQ053740v1","2806037","2806191","GL873521","8158196","8158354","50","5352159"
"KQ053740v1","2806521","2806655","GL873544","11860634","11860766","30","9054113"
"KQ053740v1","2818581","2818897","GL873530","28263781","28264089","71","25445200"
"KQ053740v1","2821483","2821771","GL873538","4245060","4245359","65","1423577"
"KQ053740v1","2827798","2828085","GL873523","44251172","44251459","54","41423374"
"KQ053740v1","2828219","2828342","GL873536","22370995","22371119","23","19542776"
"KQ053740v1","2829540","2829865","GL873592","909747","910055","76","1919793"
"KQ053740v1","2832285","2832576","GL873520","48675796","48676094","66","45843511"
"KQ053740v1","2832632","2832747","GL873671","3531980","3532089","26","699348"
"KQ053740v1","2848127","2848409","GL873544","17387088","17387379","63","14538961"
"KQ053740v1","2853470","2853755","GL873575","5397185","5397466","74","2543715"
"KQ053740v1","2866675","2866940","GL873538","7504355","7504618","67","4637680"
"KQ053740v1","2867003","2867023","GL873558","9911706","9911723","7","7044703"
"KQ053740v1","2872104","2872417","GL873661","1884549","1884860","72","987555"
"KQ053740v1","2889656","2889947","GL873520","36088702","36088990","61","33199046"
"KQ053740v1","2908656","2908928","GL873574","7245165","7245434","54","4336509"
"KQ053740v1","2909270","2909480","GL873787","108818","109029","46","2800452"
"KQ053740v1","2909922","2910212","GL873524","42149014","42149308","57","39239092"
"KQ053740v1","2911049","2911331","GL873532","12863813","12864092","81","9952764"
"KQ053740v1","2916248","2916534","GL873539","19589444","19589737","55","16673196"
"KQ053740v1","2925763","2925855","GL873618","3042516","3042606","19","116753"
"KQ053740v1","2928012","2928283","GL873601","7074690","7074961","67","4146678"
"KQ053740v1","2934489","2934789","GL873607","310210","310498","75","2624279"
"KQ053740v1","2939703","2939916","GL873586","8236164","8236367","55","5296461"
"KQ053740v1","2940487","2940692","GL873586","8236164","8236367","61","5295677"
"KQ053740v1","2941948","2942021","GL873539","22397834","22397910","17","19455886"
"KQ053740v1","2950385","2950659","GL873526","4353131","4353412","55","1402746"
"KQ053740v1","2955958","2956240","GL873538","11416277","11416524","75","8460319"
"KQ053740v1","2958339","2958651","GL873535","19117269","19117567","71","16158930"
"KQ053740v1","2968032","2968293","GL873523","29003618","29003875","60","26035586"
"KQ053740v1","3000809","3001087","GL873570","9393261","9393537","65","6392452"
"KQ053740v1","3059767","3060025","GL873565","13014943","13015200","64","9955176"
"KQ053740v1","3070365","3070663","GL873525","45380033","45380317","76","42309668"
"KQ053740v1","3075453","3075738","GL873565","505111","505400","79","2570342"
"KQ053740v1","3093945","3094223","GL873731","837047","837332","63","2256898"
"KQ053740v1","3107930","3108135","GL873523","24005577","24005782","52","20897647"
"KQ053740v1","3109994","3110289","GL873520","26476309","26476612","71","23366315"
"KQ053740v1","3127075","3127356","GL873541","14451118","14451418","73","11324043"
"KQ053740v1","3139750","3140045","GL873522","25570684","25570992","60","22430934"
"KQ053740v1","3149869","3150164","GL873522","4222168","4222461","62","1072299"
"KQ053740v1","3156763","3157032","GL873674","3713686","3713961","64","556923"
"KQ053740v1","3163101","3163376","GL873674","3713686","3713961","62","550585"
"KQ053740v1","3164895","3165146","GL873557","6395178","6395429","44","3230283"
"KQ053740v1","3168024","3168313","GL873528","11019205","11019481","83","7851181"
"KQ053740v1","3225106","3225279","GL873600","4550386","4550564","58","1325280"
"KQ053740v1","3225606","3225658","GL873696","2435915","2435965","12","789691"
"KQ053740v1","3311431","3311737","GL873641","4095157","4095471","68","783726"
"KQ053740v1","3321096","3321388","GL873533","23793613","23793905","55","20472517"
"KQ053740v1","3324134","3324413","GL873618","1681545","1681828","61","1642589"
"KQ053740v1","3349510","3349815","GL873524","42149014","42149308","55","38799504"
"KQ053740v1","3370732","3370801","GL873537","2257367","2257439","20","1113365"
"KQ053740v1","3487532","3487816","GL873526","25295506","25295789","53","21807974"
"KQ053740v1","3494024","3494286","GL873522","19249603","19249854","69","15755579"
"KQ053740v1","3495481","3495735","GL873558","10449400","10449656","76","6953919"
"KQ053740v1","3514187","3514479","GL873720","1268124","1268434","56","2246063"
"KQ053740v1","3572685","3572979","GL873528","11285622","11285914","69","7712937"
"KQ053740v1","3573904","3574159","GL873524","7421702","7421947","63","3847798"
"KQ053740v1","3578886","3579190","GL873523","8076383","8076689","57","4497497"
"KQ053740v1","3671866","3672180","GL873562","5328731","5329017","81","1656865"
"KQ053740v1","3677569","3677856","GL873532","17044604","17044891","63","13367035"
"KQ053740v1","3754178","3754452","GL873536","5506229","5506488","61","1752051"
"KQ053740v1","3757115","3757417","GL873564","5116943","5117236","67","1359828"
"KQ053740v1","3782043","3782227","GL873532","27504202","27504387","40","23722159"
"KQ053740v1","3969560","3969851","GL873537","20108472","20108765","63","16138912"
"KQ053740v1","3973279","3973550","GL873667","4712582","4712858","67","739303"
"KQ053740v1","3975395","3975665","GL873634","5790156","5790447","82","1814761"
"KQ053740v1","3984531","3984821","GL873544","12852108","12852394","61","8867577"
"KQ053740v1","3986761","3987062","GL873532","31656365","31656649","75","27669604"
"KQ053740v1","4043540","4043656","GL873535","12523631","12523734","31","8480091"
"KQ053740v1","4129435","4129712","GL873526","25295506","25295789","63","21166071"
"KQ053740v1","4152447","4152758","GL873729","432103","432405","89","3720344"
"KQ053740v1","4171390","4171658","GL873693","255403","255633","78","3915987"
"KQ053741v1","306845","307141","GL873620","7369000","7369291","66","7062155"
"KQ053741v1","320946","321238","GL873647","3829599","3829890","67","3508653"
"KQ053741v1","331271","331563","GL873647","3829599","3829890","64","3498328"
"KQ053741v1","401163","401292","GL873640","5637254","5637381","21","5236091"
"KQ053741v1","407801","407879","GL873549","1749117","1749199","20","1341316"
"KQ053741v1","465545","465827","GL873544","17848104","17848395","71","17382559"
"KQ053741v1","472639","472900","GL873520","72761023","72761283","68","72288384"
"KQ053741v1","507281","507578","GL873521","34435561","34435853","68","33928280"
"KQ053741v1","535392","535698","GL873522","46310366","46310668","64","45774974"
"KQ053741v1","572826","573122","GL873524","42232674","42232980","64","41659848"
"KQ053741v1","577402","577697","GL873548","13072238","13072531","57","12494836"
"KQ053741v1","601775","601936","GL873530","16082476","16082634","33","15480701"
"KQ053741v1","655701","655974","GL873522","43500557","43500832","59","42844856"
"KQ053741v1","665334","665607","GL873646","5170084","5170369","60","4504750"
"KQ053741v1","675789","676088","GL873535","12414612","12414904","65","11738823"
"KQ053741v1","678281","678504","GL873526","10173256","10173455","62","9494975"
"KQ053741v1","687220","687524","GL873557","7267236","7267535","69","6580016"
"KQ053741v1","698539","698820","GL873538","6925462","6925764","74","6226923"
"KQ053741v1","804034","804321","GL873523","28439312","28439608","76","27635278"
"KQ053741v1","832046","832269","GL873529","14559599","14559814","64","13727553"
"KQ053741v1","896404","896710","GL873595","4674013","4674305","63","3777609"
"KQ053741v1","897986","898283","GL873744","1361548","1361847","60","463562"
"KQ053741v1","902016","902216","GL873520","1429502","1429686","62","527486"
"KQ053741v1","957552","957840","GL873577","10149931","10150226","59","9192379"
"KQ053741v1","959138","959430","GL873530","16695374","16695671","54","15736236"
"KQ053741v1","968658","968943","GL873591","1508585","1508871","74","539927"
"KQ053741v1","971315","971442","GL873533","1211222","1211352","25","239907"
"KQ053741v1","980688","980978","GL873572","8625036","8625323","83","7644348"
"KQ053741v1","1002775","1003110","GL873720","1268124","1268434","77","265349"
"KQ053741v1","1056486","1056784","GL873547","17485346","17485626","66","16428860"
"KQ053741v1","1058015","1058318","GL873540","11122200","11122500","67","10064185"
"KQ053741v1","1064954","1065256","GL873623","4501593","4501900","69","3436639"
"KQ053741v1","1082828","1082915","GL873527","37360920","37361007","26","36278092"
"KQ053741v1","1087926","1088056","GL873741","1070222","1070352","25","17704"
"KQ053741v1","1097484","1097613","GL873530","26696256","26696387","40","25598772"
"KQ053741v1","1098903","1099072","GL873564","9333051","9333222","38","8234148"
"KQ053741v1","1124636","1124921","GL873548","17510698","17510978","75","16386062"
"KQ053741v1","1129190","1129496","GL873557","5391009","5391313","68","4261819"
"KQ053741v1","1158186","1158464","GL873534","15140925","15141195","55","13982739"
"KQ053741v1","1183872","1184148","GL873557","1303903","1304169","69","120031"
"KQ053741v1","1185878","1186177","GL873643","213130","213422","61","972748"
"KQ053741v1","1201470","1201680","GL873527","7757372","7757588","52","6555902"
"KQ053741v1","1232863","1233148","GL873557","7133081","7133372","55","5900218"
"KQ053741v1","1235077","1235264","GL873528","8028648","8028831","57","6793571"
"KQ053741v1","1235645","1235755","GL873520","68751074","68751182","27","67515429"
"KQ053741v1","1243734","1244048","GL873562","8490521","8490834","69","7246787"
"KQ053741v1","1311693","1311983","GL873660","2751144","2751428","66","1439451"
"KQ053741v1","1312588","1312885","GL873579","925847","926141","64","386741"
"KQ053741v1","1325925","1326218","GL873574","5160157","5160440","64","3834232"
"KQ053741v1","1329423","1329713","GL873529","15791592","15791877","76","14462169"
"KQ053741v1","1340715","1341000","GL873547","5438561","5438848","65","4097846"
"KQ053741v1","1343813","1343923","GL873540","4588546","4588661","20","3244733"
"KQ053741v1","1345925","1346214","GL873677","4203427","4203715","67","2857502"
"KQ053741v1","1350003","1350294","GL873737","1691288","1691582","62","341285"
"KQ053741v1","1381119","1381401","GL873544","12852108","12852394","59","11470989"
"KQ053741v1","1387191","1387474","GL873544","12852108","12852394","57","11464917"
"KQ053741v1","1395445","1395747","GL873538","3757160","3757448","72","2361715"
"KQ053741v1","1401431","1401736","GL873661","1884549","1884860","66","483118"
"KQ053741v1","1406237","1406460","GL873625","5640863","5641072","69","4234626"
"KQ053741v1","1408018","1408142","GL873596","3689722","3689842","46","2281704"
"KQ053741v1","1408466","1408642","GL873539","18965545","18965701","52","17557079"
"KQ053741v1","1411889","1412175","GL873584","9283875","9284154","75","7871986"
"KQ053741v1","1416871","1417149","GL873526","25295506","25295789","75","23878635"
"KQ053741v1","1457634","1457917","GL873522","40388442","40388729","60","38930808"
"KQ053741v1","1462626","1462929","GL873720","1268124","1268434","70","194502"
"KQ053741v1","1481272","1481573","GL873570","11394548","11394837","63","9913276"
"KQ053741v1","1499215","1499523","GL873586","6643146","6643447","75","5143931"
"KQ053741v1","1501745","1502046","GL873616","6664512","6664809","76","5162767"
"KQ053741v1","1505308","1505480","GL873539","16145365","16145520","50","14640057"
"KQ053741v1","1521077","1521350","GL873525","35143537","35143806","66","33622460"
"KQ053741v1","1529088","1529379","GL873565","2079817","2080099","64","550729"
"KQ053741v1","1530622","1530911","GL873677","3216100","3216400","69","1685478"
"KQ053741v1","1549102","1549394","GL873565","2079817","2080099","64","530715"
"KQ053741v1","1550702","1550991","GL873522","4222168","4222461","68","2671466"
"KQ053741v1","1556936","1557217","GL873667","3712894","3713183","70","2155958"
"KQ053741v1","1560169","1560398","GL873625","4054950","4055183","60","2494781"
"KQ053741v1","1560725","1560824","GL873645","2090975","2091070","18","530250"
"KQ053741v1","1565873","1566175","GL873701","1489808","1490112","60","76065"
"KQ053741v1","1570641","1570938","GL873543","2598691","2599001","66","1028050"
"KQ053741v1","1579350","1579656","GL873543","2598691","2599001","63","1019341"
"KQ053741v1","1587323","1587685","GL873609","7137543","7137854","105","5550220"
"KQ053741v1","1600032","1600334","GL873548","17482771","17483070","68","15882739"
"KQ053741v1","1611411","1611708","GL873577","10149931","10150226","66","8538520"
"KQ053741v1","1614134","1614276","GL873700","3247356","3247487","31","1633222"
"KQ053741v1","1617670","1617934","GL873667","2019676","2019953","84","402006"
"KQ053741v1","1620524","1620808","GL873646","1321987","1322264","66","298537"
"KQ053741v1","1621041","1621380","GL873544","13109134","13109442","96","11488093"
"KQ053741v1","1628031","1628251","GL873547","9104520","9104727","53","7476489"
"KQ053741v1","1628272","1628542","GL873543","13628351","13628611","63","12000079"
"KQ053741v1","1630331","1630618","GL873557","8775388","8775677","78","7145057"
"KQ053741v1","1630668","1630944","GL873595","5832674","5832944","69","4202006"
"KQ053741v1","1665176","1665493","GL873655","1067764","1068073","83","597412"
"KQ053741v1","1667316","1667447","GL873531","27435012","27435141","20","25767696"
"KQ053741v1","1698151","1698434","GL873527","36489385","36489668","67","34791234"
"KQ053741v1","1704200","1704482","GL873602","8483431","8483709","78","6779231"
"KQ053741v1","1708030","1708315","GL873557","4603018","4603306","65","2894988"
"KQ053741v1","1723688","1723999","GL873545","20390330","20390642","71","18666642"
"KQ053741v1","1732113","1732203","GL873691","3344123","3344207","19","1612010"
"KQ053741v1","1766984","1767291","GL873615","5162108","5162422","70","3395124"
"KQ053741v1","1767436","1767713","GL873533","23633726","23633993","61","21866290"
"KQ053741v1","1777662","1777945","GL873549","6953214","6953507","62","5175552"
"KQ053741v1","1779927","1780237","GL873557","8775388","8775677","77","6995461"
"KQ053741v1","1786815","1787103","GL873579","984876","985165","65","801939"
"KQ053741v1","1793434","1793517","GL873580","9585020","9585094","22","7791586"
"KQ053741v1","1793849","1794035","GL873606","8192802","8192988","52","6398953"
"KQ053741v1","1799823","1800129","GL873546","16023530","16023822","95","14223707"
"KQ053741v1","1809394","1809657","GL873520","49099361","49099630","76","47289967"
"KQ053741v1","1810753","1811044","GL873533","24205249","24205546","63","22394496"
"KQ053741v1","1816752","1817043","GL873625","2207733","2208015","80","390981"
"KQ053741v1","1823428","1823719","GL873528","1852076","1852356","92","28648"
"KQ053741v1","1827275","1827546","GL873528","1852076","1852356","68","24801"
"KQ053741v1","1840364","1840671","GL873561","9330005","9330309","68","7489641"
"KQ053741v1","1851804","1852089","GL873600","3089698","3089990","77","1237894"
"KQ053741v1","1854024","1854209","GL873592","4331175","4331344","60","2477151"
"KQ053741v1","1862457","1862764","GL873526","10268693","10268996","59","8406236"
"KQ053741v1","1882510","1882790","GL873540","4711812","4712090","57","2829302"
"KQ053741v1","1894232","1894508","GL873543","876481","876761","64","1017751"
"KQ053741v1","1895172","1895471","GL873523","5237401","5237693","58","3342229"
"KQ053741v1","1907841","1908125","GL873586","3828887","3829179","65","1921046"
"KQ053741v1","1925034","1925351","GL873537","14097659","14097958","83","12172625"
"KQ053741v1","1928886","1929091","GL873547","9104520","9104727","60","7175634"
"KQ053741v1","1929656","1929957","GL873561","9330005","9330309","73","7400349"
"KQ053741v1","1933687","1933989","GL873529","16524419","16524713","77","14590732"
"KQ053741v1","1934250","1934376","GL873536","28968213","28968337","26","27033963"
"KQ053741v1","1936987","1937287","GL873548","17482771","17483070","67","15545784"
"KQ053741v1","1941916","1942037","GL873679","2598513","2598636","30","656597"
"KQ053741v1","1955943","1956098","GL873534","14551683","14551840","42","12595740"
"KQ053741v1","1956829","1957012","GL873536","9334174","9334364","43","7377345"
"KQ053741v1","1977467","1977741","GL873700","423134","423410","60","1554333"
"KQ053741v1","1984409","1984526","GL873526","11187427","11187544","24","9203018"
"KQ053741v1","1985542","1985765","GL873646","36455","36688","46","1949087"
"KQ053741v1","1985990","1986283","GL873794","286717","287010","69","1699273"
"KQ053741v1","1991362","1991679","GL873533","23354002","23354302","83","21362640"
"KQ053741v1","1994797","1995089","GL873528","4452981","4453269","55","2458184"
"KQ053741v1","1996715","1996986","GL873549","15132343","15132615","60","13135628"
"KQ053741v1","2026972","2027265","GL873551","8175407","8175696","68","6148435"
"KQ053741v1","2031262","2031544","GL873522","38254221","38254501","60","36222959"
"KQ053741v1","2032430","2032709","GL873529","23083772","23084054","58","21051342"
"KQ053741v1","2045525","2045836","GL873690","3069471","3069778","72","1023946"
"KQ053741v1","2066245","2066551","GL873543","2139452","2139746","64","73207"
"KQ053741v1","2146743","2147042","GL873537","23325667","23325965","60","21178924"
"KQ053741v1","2222400","2222620","GL873620","3175975","3176189","58","953575"
"KQ053741v1","2233644","2233945","GL873530","17375868","17376165","66","15142224"
"KQ053741v1","2249897","2250203","GL873691","1964797","1965080","94","285100"
"KQ053741v1","2279100","2279390","GL873660","743632","743918","54","1535468"
"KQ053741v1","2374710","2375020","GL873675","2456647","2456954","70","81937"
"KQ053741v1","2406035","2406332","GL873524","42149014","42149308","56","39742979"
"KQ053741v1","2423906","2424196","GL873543","2904962","2905248","54","481056"
"KQ053741v1","2425880","2426177","GL873557","7046743","7047040","67","4620863"
"KQ053741v1","2498994","2499089","GL873550","7138265","7138361","17","4639271"
"KQ053741v1","2551257","2551452","GL873569","11158685","11158869","56","8607428"
"KQ053741v1","2558660","2558948","GL873521","50172684","50172982","72","47614024"
"KQ053741v1","2656286","2656593","GL873720","1268124","1268434","68","1388162"
"KQ053741v1","2666589","2666874","GL873663","464247","464531","70","2202342"
"KQ053741v1","2702072","2702197","GL873571","5880255","5880380","26","3178183"
"KQ053741v1","2702283","2702377","GL873525","26451895","26451980","24","23749612"
"KQ053741v1","2741272","2741551","GL873523","23484915","23485188","64","20743643"
"KQ053741v1","2743690","2743968","GL873570","9393261","9393537","62","6649571"
"KQ053741v1","2750065","2750377","GL873525","27816917","27817223","70","25066852"
"KQ053741v1","2766868","2767145","GL873662","726787","727068","72","2040081"
"KQ053741v1","2774807","2774899","GL873638","1520299","1520391","17","1254508"
"KQ053741v1","2775235","2775448","GL873521","27266368","27266584","52","24491133"
"KQ053741v1","2804629","2804901","GL873700","423134","423410","62","2381495"
"KQ053741v1","2808402","2808689","GL873547","808738","809027","89","1999664"
"KQ053741v1","2811212","2811502","GL873577","10149931","10150226","65","7338719"
"KQ053741v1","2828730","2829023","GL873613","4450657","4450940","56","1621927"
"KQ053741v1","2831631","2831736","GL873618","3149380","3149476","34","317749"
"KQ053741v1","2838913","2839218","GL873531","19369345","19369649","60","16530432"
"KQ053741v1","2853052","2853301","GL873520","8050197","8050448","46","5197145"
"KQ053741v1","2856590","2856882","GL873760","812865","813169","52","2043725"
"KQ053741v1","2864051","2864347","GL873537","23325667","23325965","70","20461616"
"KQ053742v1","2954","3261","GL873561","9330005","9330309","68","9327051"
"KQ053744v1","15448","15752","GL873607","5741170","5741465","69","5725722"
"KQ053751v1","409","763","GL873575","2687372","2687665","113","2686963"
"KQ053752v1","19760","20040","GL873547","14329017","14329292","63","14309257"
"KQ053752v1","39050","39347","GL873568","5758798","5759087","59","5719748"
"KQ053752v1","58528","58804","GL873624","1833935","1834197","66","1775407"
"KQ053752v1","66006","66194","GL873523","43616814","43617002","47","43550808"
"KQ053752v1","66224","66336","GL873520","41728534","41728644","27","41662310"
"KQ053752v1","68867","69151","GL873588","1085638","1085922","68","1016771"
"KQ053752v1","73190","73496","GL873623","6459306","6459605","70","6386116"
"KQ053752v1","89434","89736","GL873529","15416718","15417016","67","15327284"
"KQ053752v1","111910","112031","GL873646","2932986","2933108","19","2821076"
"KQ053752v1","114085","114391","GL873540","11122200","11122500","65","11008115"
"KQ053752v1","128166","128407","GL873520","28409160","28409392","54","28280994"
"KQ053752v1","150648","150983","GL873615","5162108","5162422","90","5011460"
"KQ053752v1","157166","157446","GL873543","2119744","2120014","57","1962578"
"KQ053752v1","203295","203587","GL873677","4203427","4203715","63","4000132"
"KQ053752v1","206140","206444","GL873550","9904696","9904996","68","9698556"
"KQ053752v1","208329","208643","GL873765","69383","69680","72","138946"
"KQ053752v1","219602","219907","GL873533","11386997","11387294","69","11167395"
"KQ053752v1","223330","223415","GL873566","9737768","9737849","23","9514438"
"KQ053752v1","223708","223794","GL873550","2472755","2472836","19","2249047"
"KQ053752v1","244189","244403","GL873625","5640863","5641072","51","5396674"
"KQ053752v1","255399","255666","GL873568","5513422","5513680","63","5258023"
"KQ053752v1","283408","283690","GL873532","17044604","17044891","53","16761196"
"KQ053752v1","319492","319748","GL873627","4237922","4238189","67","3918430"
"KQ053752v1","327868","328101","GL873606","6386738","6386985","64","6058870"
"KQ053752v1","334494","334806","GL873557","7267236","7267535","73","6932742"
"KQ053752v1","338179","338479","GL873520","48675796","48676094","62","48337617"
"KQ053752v1","346698","346996","GL873620","6199111","6199413","63","5852413"
"KQ053752v1","351669","351956","GL873571","7793900","7794181","67","7442231"
"KQ053752v1","364773","365057","GL873638","26006","26295","73","338767"
"KQ053752v1","373078","373241","GL873539","18965545","18965701","35","18592467"
"KQ053752v1","388037","388112","GL873627","4230228","4230305","17","3842191"
"KQ053752v1","394614","394916","GL873538","1998739","1999037","65","1604125"
"KQ053752v1","395612","395860","GL873525","13736761","13737023","63","13341149"
"KQ053752v1","396634","396949","GL873530","28263781","28264089","75","27867147"
"KQ053752v1","408415","408660","GL873538","11416277","11416524","54","11007862"
"KQ053752v1","412596","412900","GL873574","2979143","2979454","61","2566547"
"KQ053752v1","423384","423682","GL873521","16944030","16944323","69","16520646"
"KQ053752v1","439848","440149","GL873631","1772","2067","51","438076"
"KQ053752v1","458592","458898","GL873523","28431022","28431322","70","27972430"
"KQ053752v1","460336","460643","GL873720","1268124","1268434","76","807788"
"KQ053752v1","461281","461573","GL873533","16279236","16279539","64","15817955"
"KQ053752v1","461804","462046","GL873522","19351696","19351932","80","18889892"
"KQ053752v1","468302","468589","GL873660","743632","743918","67","275330"
"KQ053752v1","488119","488390","GL873608","1050675","1050948","54","562556"
"KQ053752v1","528428","528682","GL873568","5193693","5193956","65","4665265"
"KQ053752v1","546302","546557","GL873531","4691466","4691731","57","4145164"
"KQ053752v1","674075","674392","GL873615","5162108","5162422","77","4488033"
"KQ053752v1","680346","680631","GL873523","35749330","35749615","67","35068984"
"KQ053752v1","683500","683679","GL873537","24099038","24099224","52","23415538"
"KQ053752v1","704423","704717","GL873543","21766493","21766785","57","21062070"
"KQ053752v1","724683","724970","GL873568","4993029","4993330","66","4268346"
"KQ053752v1","784276","784557","GL873544","12852108","12852394","51","12067832"
"KQ053752v1","838695","838964","GL873571","6475063","6475319","69","5636368"
"KQ053752v1","874390","874539","GL873586","6136748","6136898","44","5262358"
"KQ053752v1","892360","892704","GL873661","1884549","1884860","101","992189"
"KQ053752v1","905903","906066","GL873577","4898264","4898426","31","3992361"
"KQ053752v1","918334","918607","GL873593","31519","31781","64","886815"
"KQ053752v1","947584","947873","GL873553","11956423","11956703","72","11008839"
"KQ053752v1","981180","981489","GL873530","28263781","28264089","61","27282601"
"KQ053752v1","990879","991169","GL873643","1073552","1073855","60","82673"
"KQ053752v1","995545","995844","GL873520","47212717","47213008","66","46217172"
"KQ053752v1","1006310","1006599","GL873534","15140925","15141195","63","14134615"
"KQ053752v1","1011559","1011856","GL873657","3029272","3029566","62","2017713"
"KQ053752v1","1028152","1028454","GL873673","4218625","4218921","62","3190473"
"KQ053752v1","1039915","1040015","GL873564","9571930","9572022","32","8532015"
"KQ053752v1","1062691","1062982","GL873645","907919","908205","64","154772"
"KQ053752v1","1076110","1076396","GL873611","1428354","1428635","67","352244"
"KQ053752v1","1096674","1096971","GL873603","794609","794907","66","302065"
"KQ053752v1","1114238","1114374","GL873604","3367357","3367484","33","2253119"
"KQ053752v1","1114711","1114872","GL873563","9053222","9053385","49","7938511"
"KQ053752v1","1115511","1115825","GL873550","14925208","14925518","63","13809697"
"KQ053752v1","1118739","1118896","GL873551","18332970","18333126","40","17214231"
"KQ053752v1","1124051","1124332","GL873580","10958349","10958625","67","9834298"
"KQ053752v1","1145577","1145787","GL873522","21258404","21258617","50","20112827"
"KQ053752v1","1168476","1168755","GL873544","14044759","14045036","62","12876283"
"KQ053752v1","1175780","1175999","GL873522","21258404","21258617","57","20082624"
"KQ053752v1","1176961","1177083","GL873542","11494580","11494704","22","10317619"
"KQ053752v1","1182662","1182965","GL873561","9330005","9330309","62","8147343"
"KQ053752v1","1182998","1183132","GL873524","23982636","23982764","28","22799638"
"KQ053752v1","1200910","1201141","GL873560","13662905","13663143","78","12461995"
"KQ053752v1","1213761","1214069","GL873552","9485985","9486288","67","8272224"
"KQ053752v1","1236264","1236538","GL873538","1584722","1584989","62","348458"
"KQ053752v1","1351023","1351133","GL873536","13656632","13656740","23","12305609"
"KQ053752v1","1353870","1354178","GL873538","12219285","12219590","61","10865415"
"KQ053752v1","1358523","1358830","GL873537","20108472","20108765","78","18749949"
"KQ053752v1","1365662","1365914","GL873804","622681","622948","63","742981"
"KQ053752v1","1372751","1372910","GL873520","11152833","11152979","46","9780082"
"KQ053752v1","1375600","1375743","GL873522","41548124","41548261","34","40172524"
"KQ053752v1","1381167","1381459","GL873528","4452981","4453269","68","3071814"
"KQ053752v1","1404160","1404455","GL873531","19369345","19369649","75","17965185"
"KQ053752v1","1416802","1417044","GL873529","28237479","28237718","76","26820677"
"KQ053752v1","1422161","1422290","GL873635","5618861","5618991","28","4196700"
"KQ053752v1","1426929","1427206","GL873543","13000816","13001093","50","11573887"
"KQ053752v1","1430377","1430658","GL873627","605730","606005","68","824647"
"KQ053752v1","1451476","1451721","GL873523","39095580","39095805","71","37644104"
"KQ053752v1","1471013","1471335","GL873530","28263781","28264089","77","26792768"
"KQ053752v1","1537896","1538200","GL873525","27816917","27817223","72","26279021"
"KQ053752v1","1542521","1542609","GL873528","23097887","23097977","16","21555366"
"KQ053752v1","1547902","1548191","GL873522","4222168","4222461","56","2674266"
"KQ053752v1","1591982","1592244","GL873674","1500032","1500311","76","91950"
"KQ053752v1","1602396","1602686","GL873521","5762366","5762633","72","4159970"
"KQ053752v1","1643076","1643360","GL873544","12852108","12852394","64","11209032"
"KQ053752v1","1707599","1707892","GL873596","3562116","3562414","62","1854517"
"KQ053752v1","1740260","1740332","GL873639","2239413","2239479","22","499153"
"KQ053752v1","1744191","1744461","GL873611","5421054","5421334","67","3676863"
"KQ053752v1","1752975","1753248","GL873611","5421054","5421334","67","3668079"
"KQ053752v1","1768393","1768692","GL873613","971789","972086","59","796604"
"KQ053752v1","1778481","1778602","GL873697","1264227","1264345","21","514254"
"KQ053752v1","1780726","1781012","GL873546","12679748","12680030","68","10899022"
"KQ053752v1","1781018","1781089","GL873520","36425343","36425410","16","34644325"
"KQ053752v1","1781092","1781342","GL873568","3901993","3902245","53","2120901"
"KQ053752v1","1798967","1799206","GL873544","9665656","9665883","63","7866689"
"KQ053752v1","1825788","1826073","GL873561","13826809","13827093","57","12001021"
"KQ053752v1","1833488","1833742","GL873533","13192380","13192630","65","11358892"
"KQ053752v1","1851391","1851691","GL873524","42149014","42149308","72","40297623"
"KQ053752v1","1852348","1852614","GL873752","219309","219580","68","1633039"
"KQ053752v1","1866948","1867227","GL873568","3816404","3816684","56","1949456"
"KQ053752v1","1971961","1972269","GL873674","3732182","3732458","93","1760221"
"KQ053752v1","2024357","2024586","GL873523","39518511","39518749","51","37494154"
"KQ053752v1","2140886","2141179","GL873526","10776369","10776653","58","8635483"
"KQ053752v1","2225937","2226231","GL873648","2833326","2833608","66","607389"
"KQ053752v1","2234348","2234641","GL873660","743632","743918","51","1490716"
"KQ053752v1","2242858","2243148","GL873754","1677368","1677657","66","565490"
"KQ053752v1","2252701","2253006","GL873557","5844700","5844982","75","3591999"
"KQ053752v1","2268822","2269134","GL873709","2455422","2455722","72","186600"
"KQ053752v1","2397359","2397661","GL873573","45612","45900","78","2351747"
"KQ053752v1","2464965","2465268","GL873561","9330005","9330309","63","6865040"
"KQ053752v1","2545630","2545913","GL873541","21969920","21970207","85","19424290"
"KQ053752v1","2700323","2700617","GL873546","859614","859905","74","1840709"
"KQ053752v1","2705086","2705376","GL873804","915164","915458","65","1789922"
"KQ053752v1","2934973","2935106","GL873531","27435012","27435141","32","24500039"
"KQ053752v1","3163699","3163975","GL873585","9951114","9951384","70","6787415"
"KQ053752v1","3197376","3197676","GL873526","17355461","17355758","66","14158085"
"KQ053752v1","3255310","3255579","GL873565","10233673","10233950","62","6978363"
"KQ053752v1","3297385","3297674","GL873524","18409525","18409822","78","15112140"
"KQ053752v1","3319742","3319996","GL873563","10148087","10148345","57","6828345"
"KQ053752v1","3343206","3343470","GL873566","11181444","11181698","55","7838238"
"KQ053752v1","3422150","3422449","GL873523","44139826","44140123","69","40717676"
"KQ053752v1","3496081","3496381","GL873598","8452037","8452328","76","4955956"
"KQ053752v1","3537632","3537924","GL873582","5719936","5720235","60","2182304"
"KQ053752v1","3657608","3657885","GL873524","23782240","23782522","75","20124632"
"KQ053752v1","3872307","3872575","GL873738","1635488","1635766","70","2236819"
"KQ053752v1","3994656","3994947","GL873664","4591637","4591928","59","596981"
"KQ053752v1","4054923","4055215","GL873538","3757160","3757448","55","297763"
"KQ053752v1","4151130","4151226","GL873729","661150","661243","24","3489980"
"KQ053752v1","4151252","4151422","GL873740","668373","668539","42","3482879"
"KQ053752v1","4210358","4210630","GL873639","1913994","1914256","77","2296364"
"KQ053752v1","4296474","4296776","GL873526","28619796","28620107","62","24323322"
"KQ053752v1","4389911","4390215","GL873613","971789","972086","69","3418122"
"KQ053752v1","4426335","4426609","GL873532","17044604","17044891","69","12618269"
"KQ053752v1","4493420","4493713","GL873530","25555061","25555354","58","21061641"
"KQ053752v1","4503269","4503570","GL873557","7267236","7267535","68","2763967"
"KQ053752v1","4506565","4506807","GL873546","12567059","12567299","70","8060494"
"KQ053752v1","4553760","4554047","GL873546","16423062","16423344","63","11869302"
"KQ053752v1","4570181","4570417","GL873522","18591735","18591968","50","14021554"
"KQ053752v1","4594697","4594820","GL873542","11494580","11494704","22","6899883"
"KQ053752v1","4624639","4624948","GL873615","5162108","5162422","76","537469"
"KQ053752v1","4633240","4633359","GL873664","1347718","1347839","28","3285522"
"KQ053752v1","4642449","4642656","GL873547","9104520","9104727","56","4462071"
"KQ053752v1","4746485","4746790","GL873548","1199751","1200062","61","3546734"
"KQ053752v1","4880825","4881119","GL873593","480828","481113","65","4399997"
"KQ053752v1","4986406","4986489","GL873527","33858790","33858870","20","28872384"
"KQ053752v1","5115043","5115314","GL873543","2904962","2905248","66","2210081"
"KQ053752v1","5121911","5122193","GL873547","14329017","14329292","63","9207106"
"KQ053752v1","5122223","5122246","GL873558","9911706","9911723","6","4789483"
"KQ053752v1","5138051","5138168","GL873700","342340","342456","21","4795711"
"KQ053752v1","5268850","5269120","GL873571","7581239","7581494","74","2312389"
"KQ053752v1","5270545","5270613","GL873543","1745690","1745760","17","3524855"
"KQ053752v1","5293535","5293816","GL873544","12852108","12852394","54","7558573"
"KQ053752v1","5447555","5447844","GL873558","6357384","6357662","66","909829"
"KQ053752v1","5598753","5599041","GL873686","584235","584523","64","5014518"
"KQ053752v1","5606654","5606939","GL873550","11353524","11353797","81","5746870"
"KQ053752v1","5647606","5647901","GL873678","4006772","4007053","77","1640834"
"KQ053752v1","5732735","5733036","GL873548","17370076","17370375","76","11637341"
"KQ053752v1","5760490","5760621","GL873547","7325614","7325728","33","1565124"
"KQ053752v1","5904896","5905183","GL873573","944182","944464","75","4960714"
"KQ053752v1","5953333","5953592","GL873531","29723463","29723734","67","23770130"
"KQ053752v1","6310411","6310695","GL873528","821278","821558","70","5489133"
"KQ053752v1","6364520","6364851","GL873624","4145937","4146255","75","2218583"
"KQ053752v1","6392081","6392192","GL873536","13380865","13380974","36","6988784"
"KQ053752v1","6392194","6392367","GL873612","6571279","6571450","51","179085"
"KQ053752v1","6467159","6467464","GL873721","1994208","1994497","81","4472951"
"KQ053752v1","6649781","6650061","GL873523","7327314","7327595","60","677533"
"KQ053752v1","7074109","7074400","GL873565","12300518","12300811","57","5226409"
"KQ053752v1","7156277","7156431","GL873542","6957548","6957690","34","198729"
"KQ053752v1","7315147","7315318","GL873639","2271842","2272004","42","5043305"
"KQ053752v1","7315422","7315547","GL873834","415652","415774","30","6899770"
"KQ053752v1","7328283","7328538","GL873611","4994670","4994910","52","2333613"
"KQ053752v1","7420688","7420998","GL873720","1268124","1268434","64","6152564"
"KQ053752v1","7569815","7570096","GL873526","4353131","4353412","59","3216684"
"KQ053752v1","7610280","7610539","GL873533","23633726","23633993","65","16023446"
"KQ053752v1","7618261","7618566","GL873584","2007062","2007358","66","5611199"
"KQ053752v1","7625493","7625786","GL873679","2454501","2454799","63","5170992"
"KQ053752v1","7635784","7636033","GL873522","37212332","37212585","62","29576548"
"KQ053752v1","7650030","7650316","GL873538","3757160","3757448","68","3892870"
"KQ053752v1","7694299","7694373","GL873535","14809988","14810063","19","7115689"
"KQ053752v1","7706390","7706674","GL873535","25840890","25841174","74","18134500"
"KQ053752v1","7715500","7715791","GL873538","24663308","24663595","65","16947808"
"KQ053752v1","7744478","7744767","GL873563","12186418","12186716","77","4441940"
"KQ053752v1","7746142","7746443","GL873531","27860265","27860563","60","20114123"
"KQ053752v1","7756152","7756359","GL873805","948213","948404","55","6807939"
"KQ053752v1","7758203","7758526","GL873657","3029272","3029566","85","4728931"
"KQ053752v1","7806145","7806322","GL873557","4514240","4514428","50","3291905"
"KQ053752v1","7833563","7833867","GL873537","20108472","20108765","60","12274909"
"KQ053752v1","7837271","7837548","GL873715","1782921","1783204","66","6054350"
"KQ053752v1","7852156","7852417","GL873522","37171619","37171872","69","29319463"
"KQ053752v1","7861522","7861811","GL873676","1881961","1882246","63","5979561"
"KQ053752v1","7881212","7881525","GL873624","4145937","4146255","65","3735275"
"KQ053752v1","7884015","7884241","GL873534","29797157","29797371","67","21913142"
"KQ053752v1","7888029","7888251","GL873520","40069156","40069375","58","32181127"
"KQ053752v1","7928756","7928997","GL873550","3545538","3545776","67","4383218"
"KQ053752v1","7937926","7938211","GL873700","423134","423410","58","7514792"
"KQ053752v1","7943976","7944105","GL873545","16320529","16320660","26","8376553"
"KQ053752v1","7944112","7944382","GL873569","10006129","10006398","60","2062017"
"KQ053752v1","7950874","7951168","GL873537","20108472","20108765","59","12157598"
"KQ053752v1","7958265","7958540","GL873530","14642975","14643249","61","6684710"
"KQ053752v1","7958541","7958731","GL873542","11239873","11240073","44","3281332"
"KQ053752v1","7961491","7961787","GL873529","9421454","9421749","67","1459963"
"KQ053752v1","7979769","7979959","GL873615","1989548","1989743","45","5990221"
"KQ053752v1","8002895","8003200","GL873543","2904962","2905248","78","5097933"
"KQ053752v1","8005274","8005567","GL873544","19347362","19347661","77","11342088"
"KQ053752v1","8007558","8007798","GL873538","15722302","15722548","63","7714744"
"KQ053752v1","8009957","8010058","GL873528","4514969","4515068","19","3494988"
"KQ053752v1","8017101","8017227","GL873537","6930739","6930868","21","1086362"
"KQ053752v1","8021860","8021977","GL873542","1259218","1259335","19","6762642"
"KQ053752v1","8064098","8064404","GL873528","5373080","5373375","97","2691018"
"KQ053752v1","8073924","8074214","GL873527","16558692","16558981","64","8484768"
"KQ053752v1","8085572","8085888","GL873522","30284994","30285298","74","22199422"
"KQ053753v1","9855","10132","GL873526","8284727","8285011","87","8274872"
"KQ053761v1","300","459","GL873617","5287224","5287379","42","5286924"
"KQ053761v1","761","912","GL873530","18397593","18397726","38","18396832"
"KQ053763v1","917288","917562","GL873752","219309","219580","68","697979"
"KQ053763v1","26383","26673","GL873737","1691288","1691582","64","1664905"
"KQ053763v1","33659","33935","GL873752","219309","219580","51","185650"
"KQ053763v1","45579","45890","GL873646","5530496","5530792","77","5484917"
"KQ053763v1","105820","106140","GL873531","28763292","28763599","72","28657472"
"KQ053763v1","154654","154956","GL873678","899224","899530","71","744570"
"KQ053763v1","216142","216429","GL873530","16303356","16303636","50","16087214"
"KQ053763v1","229977","230094","GL873560","13049237","13049359","22","12819260"
"KQ053763v1","238844","239154","GL873537","20806240","20806550","53","20567396"
"KQ053763v1","247086","247396","GL873537","23325667","23325965","71","23078581"
"KQ053763v1","251377","251688","GL873720","1268124","1268434","63","1016747"
"KQ053763v1","289808","290056","GL873526","10592025","10592278","65","10302217"
"KQ053763v1","299027","299140","GL873665","331748","331864","25","32721"
"KQ053763v1","307992","308171","GL873523","43616814","43617002","55","43308822"
"KQ053763v1","335304","335553","GL873520","72894552","72894803","71","72559248"
"KQ053763v1","338993","339284","GL873533","23793613","23793905","60","23454620"
"KQ053763v1","359003","359284","GL873542","66742","67013","78","292261"
"KQ053763v1","374842","375135","GL873631","1772","2067","77","373070"
"KQ053763v1","385334","385627","GL873577","10149931","10150226","70","9764597"
"KQ053763v1","394226","394509","GL873530","27114472","27114746","80","26720246"
"KQ053763v1","401628","401924","GL873535","28213525","28213806","68","27811897"
"KQ053763v1","425677","425973","GL873613","2732879","2733172","68","2307202"
"KQ053763v1","433136","433380","GL873548","1101273","1101519","55","668137"
"KQ053763v1","454161","454460","GL873541","19680101","19680400","64","19225940"
"KQ053763v1","463080","463316","GL873629","2393303","2393544","57","1930223"
"KQ053763v1","482796","482912","GL873547","7325614","7325728","22","6842818"
"KQ053763v1","483259","483453","GL873680","660452","660639","69","177193"
"KQ053763v1","485426","485715","GL873524","42149014","42149308","59","41663588"
"KQ053763v1","507677","507965","GL873529","17122097","17122389","63","16614420"
"KQ053763v1","519314","519536","GL873533","29114064","29114296","49","28594750"
"KQ053763v1","520339","520541","GL873686","500065","500276","42","20274"
"KQ053763v1","520572","520591","GL873558","9911706","9911723","4","9391134"
"KQ053763v1","548014","548276","GL873543","19669596","19669867","60","19121582"
"KQ053763v1","560530","560799","GL873607","7916798","7917073","84","7356268"
"KQ053763v1","613279","613554","GL873654","4374861","4375133","58","3761582"
"KQ053763v1","615419","615704","GL873526","4972720","4973016","65","4357301"
"KQ053763v1","624128","624399","GL873543","2119744","2120014","68","1495616"
"KQ053763v1","647409","647713","GL873522","17321425","17321713","74","16674016"
"KQ053763v1","651153","651468","GL873610","4431407","4431713","63","3780254"
"KQ053763v1","656873","657149","GL873584","9965935","9966225","67","9309062"
"KQ053763v1","705105","705393","GL873570","9991315","9991604","64","9286210"
"KQ053763v1","729830","730048","GL873625","5640863","5641072","51","4911033"
"KQ053763v1","745594","745907","GL873521","14599825","14600115","73","13854231"
"KQ053763v1","762251","762340","GL873537","19786406","19786499","20","19024155"
"KQ053763v1","762654","762882","GL873566","13161077","13161300","70","12398423"
"KQ053763v1","774882","775176","GL873570","5355623","5355914","67","4580741"
"KQ053763v1","789936","790172","GL873591","2049698","2049916","54","1259762"
"KQ053763v1","803324","803442","GL873530","19085147","19085262","21","18281823"
"KQ053763v1","806952","807243","GL873593","2667655","2667944","54","1860703"
"KQ053763v1","807433","807735","GL873545","17052684","17052979","75","16245251"
"KQ053763v1","857229","857496","GL873544","14183726","14183988","68","13326497"
"KQ053763v1","873556","873822","GL873530","3815095","3815371","75","2941539"
"KQ053763v1","880051","880320","GL873532","12767759","12768025","75","11887708"
"KQ053763v1","906399","906703","GL873691","3399404","3399711","73","2493005"
"KQ053763v1","928849","929130","GL873529","8590902","8591183","62","7662053"
"KQ053763v1","938654","938962","GL873560","524189","524503","63","414465"
"KQ053763v1","939714","940023","GL873619","5292487","5292792","66","4352773"
"KQ053763v1","940599","940886","GL873523","35749330","35749615","63","34808731"
"KQ053763v1","974718","974849","GL873795","520758","520891","23","453960"
"KQ053763v1","1028584","1028883","GL873537","20108472","20108765","60","19079888"
"KQ053763v1","1032402","1032695","GL873520","38124828","38125119","52","37092426"
"KQ053763v1","1041901","1042209","GL873643","3346796","3347084","64","2304895"
"KQ053763v1","1059386","1059692","GL873570","5636960","5637246","78","4577574"
"KQ053763v1","1091296","1091587","GL873520","23742113","23742400","61","22650817"
"KQ053763v1","1096146","1096433","GL873752","766010","766300","67","330136"
"KQ053763v1","1258984","1259285","GL873646","5530496","5530792","56","4271512"
"KQ053763v1","1275707","1275781","GL873535","19158296","19158371","13","17882589"
"KQ053763v1","1312691","1312991","GL873572","9034316","9034616","51","7721625"
"KQ053763v1","1536637","1536949","GL873551","2466458","2466766","67","929821"
"KQ053763v1","1544010","1544273","GL873607","1421139","1421397","61","122871"
"KQ053763v1","1576212","1576542","GL873545","17052684","17052979","91","15476472"
"KQ053763v1","1625575","1625840","GL873583","3294334","3294600","56","1668759"
"KQ053763v1","1666559","1666858","GL873530","23411096","23411378","60","21744537"
"KQ053763v1","1804966","1805235","GL873523","26158886","26159158","78","24353920"
"KQ053763v1","1894295","1894463","GL873592","4331175","4331344","42","2436880"
"KQ053763v1","1942038","1942160","GL873637","3392350","3392471","19","1450312"
"KQ053763v1","2003630","2003916","GL873754","1677368","1677657","59","326262"
"KQ053763v1","2492785","2493107","GL873661","1884549","1884860","67","608236"
"KQ053763v1","2619090","2619338","GL873560","8931049","8931288","66","6311959"
"KQ053763v1","2748597","2748869","GL873659","873896","874172","66","1874701"
"KQ053763v1","2893888","2894176","GL873557","14125304","14125596","67","11231416"
"KQ053763v1","2987794","2988079","GL873532","1534117","1534406","73","1453677"
"KQ053763v1","3114354","3114538","GL873556","5873144","5873328","44","2758790"
"KQ053763v1","3126941","3127250","GL873526","17355461","17355758","57","14228520"
"KQ053763v1","3136300","3136606","GL873673","4218625","4218921","66","1082325"
"KQ053763v1","3160433","3160724","GL873720","1268124","1268434","64","1892309"
"KQ053763v1","3162939","3163219","GL873530","21871601","21871882","67","18708662"
"KQ053763v1","3179775","3179856","GL873520","40792539","40792622","15","37612764"
"KQ053763v1","3183939","3184224","GL873565","12300518","12300811","66","9116579"
"KQ053763v1","3203588","3203802","GL873538","5260521","5260740","47","2056933"
"KQ053763v1","3223403","3223690","GL873532","291201","291487","61","2932202"
"KQ053763v1","3226978","3227256","GL873625","2207733","2208015","60","1019245"
"KQ053763v1","3238945","3239234","GL873526","8284727","8285011","67","5045782"
"KQ053763v1","3245280","3245592","GL873636","3104548","3104855","63","140732"
"KQ053763v1","3287986","3288200","GL873550","17711038","17711248","49","14423052"
"KQ053763v1","3334368","3334524","GL873677","3513131","3513290","41","178763"
"KQ053763v1","3372790","3373077","GL873527","11533238","11533536","67","8160448"
"KQ053763v1","3385982","3386099","GL873618","967023","967136","31","2418959"
"KQ053763v1","3405558","3405856","GL873526","25295506","25295789","71","21889948"
"KQ053763v1","3411554","3411694","GL873530","11327705","11327835","31","7916151"
"KQ053763v1","3570376","3570670","GL873557","7267236","7267535","56","3696860"
"KQ053763v1","3595707","3595936","GL873526","9187201","9187430","55","5591494"
"KQ053763v1","3597589","3597902","GL873537","20108472","20108765","70","16510883"
"KQ053763v1","3651592","3651901","GL873538","15635099","15635394","68","11983507"
"KQ053763v1","3716498","3716834","GL873584","6755696","6755989","90","3039198"
"KQ053763v1","3725964","3726238","GL873538","10286898","10287182","62","6560934"
"KQ053763v1","3763209","3763509","GL873671","1289718","1290012","65","2473491"
"KQ053763v1","3779441","3779740","GL873524","42635669","42635960","73","38856228"
"KQ053763v1","3796932","3797200","GL873523","25131354","25131629","82","21334422"
"KQ053763v1","3801378","3801660","GL873520","69906171","69906454","68","66104793"
"KQ053763v1","3845465","3845750","GL873526","24340103","24340385","62","20494638"
"KQ053763v1","3919235","3919529","GL873531","29056008","29056304","61","25136773"
"KQ053763v1","4197624","4197831","GL873557","5125101","5125304","46","927477"
"KQ053763v1","4201433","4201718","GL873551","10987258","10987553","62","6785825"
"KQ053763v1","4248592","4248881","GL873590","643532","643818","59","3605060"
"KQ053763v1","4277573","4277767","GL873560","10888851","10889041","53","6611278"
"KQ053763v1","4320592","4320884","GL873715","1471860","1472165","66","2848732"
"KQ053763v1","4342540","4342664","GL873601","6334962","6335086","20","1992422"
"KQ053763v1","4354562","4354670","GL873528","10816645","10816758","28","6462083"
"KQ053763v1","4372229","4372349","GL873532","19916845","19916963","23","15544616"
"KQ053763v1","4374247","4374444","GL873536","6091127","6091318","70","1716880"
"KQ053763v1","4385204","4385439","GL873601","4182458","4182668","89","202746"
"KQ053763v1","4422905","4423197","GL873577","10149931","10150226","87","5727026"
"KQ053763v1","4425666","4425966","GL873616","3533934","3534221","59","891732"
"KQ053763v1","4440057","4440317","GL873536","11039988","11040262","70","6599931"
"KQ053763v1","4461597","4461768","GL873570","9334312","9334470","37","4872715"
"KQ053763v1","4467425","4467711","GL873530","20548428","20548703","61","16081003"
"KQ053763v1","4477685","4477887","GL873526","14434768","14434967","58","9957083"
"KQ053763v1","4502745","4503035","GL873551","4597979","4598276","63","95234"
"KQ053763v1","4516288","4516340","GL873529","1919773","1919828","14","2596515"
"KQ053763v1","4540226","4540488","GL873523","29788890","29789147","67","25248664"
"KQ053763v1","4542647","4542952","GL873546","18307234","18307526","67","13764587"
"KQ053763v1","4560183","4560478","GL873545","17052684","17052979","65","12492501"
"KQ053763v1","4582173","4582399","GL873540","20654782","20655010","77","16072609"
"KQ053763v1","4585128","4585207","GL873653","3172045","3172138","26","1413083"
"KQ053763v1","4585479","4585552","GL873611","6683218","6683279","29","2097739"
"KQ053763v1","4594327","4594420","GL873653","3172045","3172138","21","1422282"
"KQ053763v1","4594708","4594786","GL873545","20741559","20741630","31","16146851"
"KQ053763v1","4603326","4603600","GL873611","38246","38516","78","4565080"
"KQ053763v1","4655678","4655976","GL873593","3982237","3982541","62","673441"
"KQ053763v1","4663319","4663625","GL873538","1998739","1999037","69","2664580"
"KQ053763v1","4673034","4673297","GL873536","7503407","7503677","73","2830373"
"KQ053763v1","4679128","4679439","GL873563","5489805","5490109","80","810677"
"KQ053763v1","4685554","4685781","GL873684","3285290","3285515","59","1400264"
"KQ053763v1","4692848","4693106","GL873566","13161077","13161300","82","8468229"
"KQ053763v1","4694919","4695129","GL873535","14812685","14812885","68","10117766"
"KQ053763v1","4740181","4740491","GL873561","9330005","9330309","70","4589824"
"KQ053763v1","4744304","4744428","GL873548","17443055","17443188","27","12698751"
"KQ053763v1","4756697","4757005","GL873530","17375868","17376165","59","12619171"
"KQ053763v1","4780354","4780595","GL873639","3757822","3758072","64","1022532"
"KQ053763v1","4834719","4835034","GL873540","11122200","11122500","72","6287481"
"KQ053763v1","4836608","4836910","GL873538","19622743","19623037","68","14786135"
"KQ053763v1","4847676","4847875","GL873521","46427393","46427598","53","41579717"
"KQ053763v1","4848359","4848593","GL873540","541022","541254","59","4307337"
"KQ053763v1","4854866","4855163","GL873596","6771597","6771891","68","1916731"
"KQ053763v1","4855173","4855380","GL873539","14624205","14624411","49","9769032"
"KQ053763v1","4878857","4878935","GL873520","40066489","40066564","13","35187632"
"KQ053763v1","4879198","4879426","GL873605","5710202","5710429","58","831004"
"KQ053763v1","4886101","4886414","GL873530","28639620","28639925","59","23753519"
"KQ053763v1","4889530","4889831","GL873548","17370076","17370375","76","12480546"
"KQ053763v1","4895408","4895718","GL873557","14359480","14359791","77","9464072"
"KQ053763v1","4941413","4941697","GL873530","20042451","20042726","61","15101038"
"KQ053763v1","4952218","4952327","GL873530","20031128","20031237","19","15078910"
"KQ053763v1","4955216","4955531","GL873660","426922","427227","70","4528294"
"KQ053763v1","4992870","4993141","GL873521","21946744","21947003","62","16953874"
"KQ053763v1","4996757","4997051","GL873535","12414612","12414904","63","7417855"
"KQ053763v1","4999254","4999551","GL873577","10149931","10150226","71","5150677"
"KQ053763v1","5048764","5049055","GL873537","23325667","23325965","57","18276903"
"KQ053764v1","1397","1727","GL873646","3920963","3921265","102","3919566"
"KQ053765v1","439","610","GL873646","451861","452033","46","451422"
"KQ053769v1","1736","1917","GL873742","616637","616810","47","614901"
"KQ053769v1","10694","10986","GL873665","2891460","2891748","69","2880766"
"KQ053770v1","60","361","GL873528","5032075","5032370","80","5032015"
"KQ053770v1","846","1147","GL873528","5032075","5032370","81","5031229"
"KQ053770v1","3330","3642","GL873565","9471459","9471742","112","9468129"
"KQ053774v1","57974","58248","GL873605","5592262","5592529","63","5534288"
"KQ053774v1","61115","61392","GL873558","6357384","6357662","71","6296269"
"KQ053774v1","83550","83703","GL873539","25597993","25598144","39","25514443"
"KQ053774v1","93457","93750","GL873557","7133081","7133372","63","7039624"
"KQ053774v1","94545","94801","GL873571","6898203","6898452","65","6803658"
"KQ053774v1","170401","170737","GL873677","3216100","3216400","90","3045699"
"KQ053774v1","207365","207674","GL873540","22714851","22715162","80","22507486"
"KQ053774v1","229892","230195","GL873521","49874189","49874492","83","49644297"
"KQ053774v1","256755","257045","GL873544","12852108","12852394","55","12595353"
"KQ053774v1","257413","257713","GL873605","7218962","7219256","69","6961549"
"KQ053774v1","266498","266650","GL873822","245657","245800","42","20841"
"KQ053774v1","266966","267120","GL873544","11860634","11860766","37","11593668"
"KQ053774v1","277839","278120","GL873544","12852108","12852394","51","12574269"
"KQ053774v1","284428","284721","GL873558","11845040","11845343","62","11560612"
"KQ053774v1","322731","323041","GL873542","8032564","8032870","66","7709833"
"KQ053774v1","348400","348524","GL873628","7011769","7011893","23","6663369"
"KQ053774v1","354514","354814","GL873622","4201660","4201956","61","3847146"
"KQ053774v1","354865","354975","GL873591","8929862","8929981","24","8574997"
"KQ053774v1","365147","365425","GL873547","14329017","14329292","51","13963870"
"KQ053774v1","369173","369485","GL873545","17257314","17257599","72","16888141"
"KQ053774v1","384334","384622","GL873550","8444078","8444367","65","8059744"
"KQ053774v1","388071","388369","GL873539","17033709","17033987","91","16645638"
"KQ053774v1","392359","392642","GL873545","1673397","1673691","66","1281038"
"KQ053774v1","414268","414548","GL873524","41701945","41702223","66","41287677"
"KQ053774v1","450708","450984","GL873545","1614877","1615136","67","1164169"
"KQ053774v1","535534","535850","GL873720","1268124","1268434","74","732590"
"KQ053774v1","575179","575484","GL873532","16063689","16063996","64","15488510"
"KQ053774v1","692373","692456","GL873623","1754115","1754198","19","1061742"
"KQ053774v1","693742","694033","GL873526","20255818","20256125","65","19562076"
"KQ053774v1","811870","812121","GL873523","22517523","22517774","65","21705653"
"KQ053774v1","828799","828897","GL873601","6027816","6027918","26","5199017"
"KQ053774v1","829273","829369","GL873646","1055788","1055886","34","226515"
"KQ053774v1","885002","885278","GL873534","15140925","15141195","65","14255923"
"KQ053774v1","916629","916740","GL873530","4466830","4466943","22","3550201"
"KQ053774v1","926367","926668","GL873529","4180168","4180464","56","3253801"
"KQ053774v1","952612","952799","GL873520","318044","318224","46","634568"
"KQ053774v1","969655","969952","GL873520","30319551","30319845","66","29349896"
"KQ053774v1","1002697","1002850","GL873715","2056021","2056164","43","1053324"
"KQ053774v1","1040295","1040501","GL873593","6119863","6120058","70","5079568"
"KQ053774v1","1043407","1043693","GL873543","21766493","21766785","54","20723086"
"KQ053774v1","1066033","1066338","GL873590","650017","650312","80","416016"
"KQ053774v1","1120644","1120881","GL873615","239286","239511","69","881358"
"KQ053774v1","1153896","1154079","GL873538","9695887","9696072","45","8541991"
"KQ053774v1","1221020","1221301","GL873520","38628513","38628799","63","37407493"
"KQ053774v1","1229527","1229831","GL873643","3354654","3354934","88","2125127"
"KQ053774v1","1254936","1255168","GL873551","4428507","4428742","56","3173571"
"KQ053774v1","1316655","1316956","GL873561","11527410","11527710","60","10210755"
"KQ053774v1","1326691","1326941","GL873800","517515","517761","59","809176"
"KQ053774v1","1433573","1433854","GL873544","12852108","12852394","66","11418535"
"KQ053774v1","1444443","1444753","GL873623","4501593","4501900","69","3057150"
"KQ053774v1","1650714","1650838","GL873540","17305923","17306047","19","15655209"
"KQ053774v1","1726740","1726758","GL873558","9911706","9911723","5","8184966"
"KQ053774v1","1726847","1727139","GL873544","12852108","12852394","57","11125261"
"KQ053774v1","1753874","1754004","GL873573","4027343","4027468","36","2273469"
"KQ053774v1","1755651","1755952","GL873545","318766","319058","65","1436885"
"KQ053774v1","1759535","1759819","GL873677","4203427","4203715","59","2443892"
"KQ053774v1","1762856","1763149","GL873677","4203427","4203715","58","2440571"
"KQ053774v1","1765353","1765629","GL873593","480828","481113","59","1284525"
"KQ053774v1","1778725","1778989","GL873698","1423481","1423734","65","355244"
"KQ053774v1","1810459","1810759","GL873660","3683546","3683849","63","1873087"
"KQ053774v1","1814513","1814799","GL873538","3653056","3653352","73","1838543"
"KQ053774v1","1877389","1877705","GL873556","996424","996728","73","880965"
"KQ053774v1","1912768","1912887","GL873571","5880255","5880380","30","3967487"
"KQ053774v1","1916661","1916935","GL873538","24442957","24443230","73","22526296"
"KQ053774v1","1924044","1924373","GL873548","13072238","13072531","104","11148194"
"KQ053774v1","1939357","1939637","GL873522","26431469","26431747","62","24492112"
"KQ053774v1","1946442","1946743","GL873557","7267236","7267535","67","5320794"
"KQ053774v1","1959650","1959778","GL873520","24084579","24084710","28","22124929"
"KQ053774v1","1989408","1989687","GL873536","2020684","2020955","66","31276"
"KQ053774v1","1990625","1990878","GL873529","20997384","20997641","62","19006759"
"KQ053774v1","2000002","2000183","GL873525","36184338","36184510","66","34184336"
"KQ053774v1","2001181","2001286","GL873574","653926","654015","39","1347255"
"KQ053774v1","2027039","2027269","GL873525","44662403","44662626","79","42635364"
"KQ053774v1","2056967","2057102","GL873535","11537614","11537748","26","9480647"
"KQ053774v1","2101154","2101267","GL873628","7114869","7114986","30","5013715"
"KQ053774v1","2120551","2120670","GL873538","16126877","16126999","20","14006326"
"KQ053774v1","2179671","2179948","GL873628","1375418","1375692","60","804253"
"KQ053774v1","2183982","2184248","GL873557","11779184","11779444","65","9595202"
"KQ053774v1","2405987","2406287","GL873545","20254912","20255212","57","17848925"
"KQ053774v1","2538536","2538729","GL873572","9463391","9463588","52","6924855"
"KQ053774v1","2676992","2677196","GL873557","5125101","5125304","57","2448109"
"KQ053774v1","2720902","2721187","GL873522","26431469","26431747","69","23710567"
"KQ053774v1","2773795","2773966","GL873548","9199902","9200060","45","6426107"
"KQ053774v1","2779834","2779906","GL873521","4503890","4503952","22","1724056"
"KQ053774v1","2784224","2784509","GL873540","2847374","2847656","69","63150"
"KQ053774v1","2807535","2807690","GL873527","15253383","15253540","43","12445848"
"KQ053774v1","2826990","2827279","GL873546","18307234","18307526","59","15480244"
"KQ053774v1","2861107","2861419","GL873533","30807947","30808251","65","27946840"
"KQ053774v1","2874718","2874864","GL873635","5096477","5096615","37","2221759"
"KQ053774v1","2906909","2907196","GL873668","4192189","4192462","68","1285280"
"KQ053774v1","2972093","2972363","GL873550","9887366","9887641","81","6915273"
"KQ053774v1","3015130","3015403","GL873586","6429945","6430214","69","3414815"
"KQ053774v1","3163833","3164090","GL873596","8531800","8532053","69","5367967"
"KQ053774v1","3168970","3169266","GL873665","4085530","4085818","82","916560"
"KQ053774v1","3262064","3262352","GL873607","2933453","2933750","66","328611"
"KQ053774v1","3284510","3284624","GL873537","12512407","12512523","27","9227897"
"KQ053774v1","3565381","3565499","GL873563","12558810","12558922","34","8993429"
"KQ053774v1","3742689","3742837","GL873630","3000227","3000373","39","742462"
"KQ053774v1","3743319","3743353","GL873544","11547988","11548022","11","7804669"
"KQ053774v1","3751515","3751791","GL873607","1421139","1421397","63","2330376"
"KQ053774v1","4039244","4039531","GL873667","2901204","2901492","63","1138040"
"KQ053774v1","4113840","4114127","GL873546","859614","859905","66","3254226"
"KQ053774v1","4197386","4197674","GL873586","8120080","8120363","67","3922694"
"KQ053774v1","4206041","4206260","GL873538","4542017","4542230","51","335976"
"KQ053774v1","4308295","4308571","GL873549","10171644","10171918","72","5863349"
"KQ053774v1","4405463","4405736","GL873569","10006129","10006398","55","5600666"
"KQ053774v1","4415647","4415938","GL873566","8955078","8955373","58","4539431"
"KQ053774v1","4450280","4450582","GL873597","1768116","1768417","76","2682164"
"KQ053774v1","4641327","4641625","GL873715","2615423","2615727","57","2025904"
"KQ053774v1","4676393","4676677","GL873526","25295506","25295789","68","20619113"
"KQ053783v1","18125","18428","GL873592","7775568","7775869","64","7757443"
"KQ053783v1","51405","51695","GL873526","25295506","25295789","59","25244101"
"KQ053783v1","68662","68962","GL873537","20108472","20108765","63","20039810"
"KQ053783v1","75295","75521","GL873561","5420242","5420473","45","5344947"
"KQ053783v1","119284","119558","GL873752","219309","219580","59","100025"
"KQ053783v1","131270","131551","GL873551","872096","872374","57","740826"
"KQ053783v1","158850","159111","GL873537","27246006","27246277","59","27087156"
"KQ053783v1","164139","164434","GL873565","4113567","4113861","66","3949428"
"KQ053783v1","169961","170255","GL873560","11470153","11470449","69","11300192"
"KQ053783v1","180257","180349","GL873675","2159997","2160085","19","1979740"
"KQ053785v1","1147","1440","GL873560","5488928","5489198","68","5487781"
"KQ053785v1","16166","16476","GL873626","7146541","7146836","71","7130375"
"KQ053785v1","20000","20283","GL873529","9421454","9421749","69","9401454"
"KQ053785v1","40969","41252","GL873534","15140925","15141195","62","15099956"
"KQ053785v1","52430","52711","GL873602","5386550","5386822","69","5334120"
"KQ053785v1","58516","58807","GL873544","14048568","14048856","70","13990052"
"KQ053785v1","62633","62933","GL873531","27860265","27860563","64","27797632"
"KQ053785v1","82941","83147","GL873703","467070","467261","63","384129"
"KQ053785v1","96730","97031","GL873607","4584668","4584965","68","4487938"
"KQ053785v1","108485","108782","GL873664","2904250","2904542","64","2795765"
"KQ053785v1","128190","128494","GL873582","5719936","5720235","71","5591746"
"KQ053785v1","136553","136842","GL873537","20108472","20108765","57","19971919"
"KQ053785v1","158206","158440","GL873526","40957560","40957777","51","40799354"
"KQ053785v1","182537","182847","GL873641","3079760","3080070","62","2897223"
"KQ053785v1","198301","198432","GL873553","8434905","8435034","23","8236604"
"KQ053785v1","198441","198576","GL873598","5890746","5890881","27","5692305"
"KQ053785v1","198920","199069","GL873574","6689837","6689993","48","6490917"
"KQ053785v1","209839","210115","GL873547","14329017","14329292","51","14119178"
"KQ053785v1","274637","274935","GL873563","5489805","5490109","65","5215168"
"KQ053785v1","297102","297358","GL873566","11181444","11181698","63","10884342"
"KQ053785v1","318402","318673","GL873521","28806098","28806353","69","28487696"
"KQ053785v1","327685","327835","GL873593","5979320","5979465","33","5651635"
"KQ053785v1","329095","329401","GL873686","459529","459835","57","130434"
"KQ053785v1","339015","339329","GL873561","9330005","9330309","85","8990990"
"KQ053785v1","344238","344552","GL873615","5162108","5162422","68","4817870"
"KQ053785v1","344665","344960","GL873575","2687372","2687665","65","2342707"
"KQ053785v1","365369","365660","GL873523","28431022","28431322","63","28065653"
"KQ053785v1","374787","374948","GL873786","664612","664759","46","289825"
"KQ053785v1","375267","375465","GL873520","42644555","42644741","51","42269288"
"KQ053785v1","384919","385033","GL873612","6042846","6042961","22","5657927"
"KQ053785v1","385383","385636","GL873668","1518449","1518701","66","1133066"
"KQ053785v1","427510","427782","GL873700","423134","423410","64","4376"
"KQ053785v1","439150","439475","GL873527","10566870","10567171","93","10127720"
"KQ053785v1","453567","453835","GL873728","1031851","1032117","89","578284"
"KQ053785v1","540062","540179","GL873647","3222242","3222359","19","2682180"
"KQ053785v1","545382","545499","GL873647","3222242","3222359","19","2676860"
"KQ053785v1","558872","559180","GL873527","17719488","17719780","83","17160616"
"KQ053785v1","579877","579963","GL873587","7108030","7108119","25","6528153"
"KQ053785v1","587322","587607","GL873526","25295506","25295789","61","24708184"
"KQ053785v1","639172","639491","GL873623","4501593","4501900","71","3862421"
"KQ053785v1","684729","685030","GL873524","42149014","42149308","59","41464285"
"KQ053785v1","735613","735892","GL873628","1375418","1375692","66","639805"
"KQ053785v1","825412","825675","GL873606","5355796","5356059","63","4530384"
"KQ053785v1","841782","842085","GL873531","27860265","27860563","69","27018483"
"KQ053785v1","970579","970878","GL873537","20108472","20108765","51","19137893"
"KQ053785v1","1035434","1035617","GL873526","3895419","3895608","46","2859985"
"KQ053785v1","1076211","1076487","GL873536","13666883","13667160","57","12590672"
"KQ053785v1","1094451","1094730","GL873580","10958349","10958625","60","9863898"
"KQ053785v1","1109635","1109723","GL873730","1070638","1070725","14","38997"
"KQ053785v1","1152737","1153048","GL873545","13698150","13698456","69","12545413"
"KQ053785v1","1205386","1205692","GL873520","46903199","46903512","69","45697813"
"KQ053785v1","1212878","1213155","GL873585","1585663","1585945","64","372785"
"KQ053785v1","1277102","1277273","GL873525","36150481","36150644","38","34873379"
"KQ053785v1","1277611","1277738","GL873606","5096231","5096360","31","3818620"
"KQ053785v1","1589005","1589235","GL873535","28780138","28780369","69","27191133"
"KQ053785v1","1600925","1601102","GL873721","302265","302427","37","1298660"
"KQ053785v1","1887615","1887914","GL873610","4431407","4431713","57","2543792"
"KQ053785v1","2208156","2208452","GL873535","27790691","27790986","70","25582535"
"KQ053785v1","2226088","2226211","GL873538","16126877","16126999","23","13900789"
"KQ053785v1","2323357","2323674","GL873537","13033551","13033868","76","10710194"
"KQ053785v1","2445539","2445844","GL873526","20255818","20256125","72","17810279"
"KQ053785v1","2607731","2607918","GL873524","19065990","19066189","48","16458259"
"KQ053785v1","2740364","2740659","GL873538","26301186","26301477","61","23560822"
"KQ053785v1","2800201","2800505","GL873597","1768116","1768417","72","1032085"
"KQ053785v1","2803594","2803902","GL873597","1768116","1768417","71","1035478"
"KQ053785v1","2972236","2972531","GL873529","2237744","2238028","70","734492"
"KQ053785v1","2985606","2985774","GL873742","616637","616810","37","2368969"
"KQ053787v1","161","444","GL873521","6586226","6586486","70","6586065"
"KQ053795v1","144696","145007","GL873532","21611611","21611905","69","21466915"
"KQ053795v1","192667","192977","GL873523","8076383","8076689","51","7883716"
"KQ053795v1","214098","214163","GL873550","3110406","3110477","19","2896308"
"KQ053795v1","245565","245839","GL873523","24802045","24802330","62","24556480"
"KQ053795v1","246833","247125","GL873646","5530496","5530792","63","5283663"
"KQ053795v1","249836","250133","GL873526","25332479","25332766","92","25082643"
"KQ053795v1","251137","251424","GL873646","5530496","5530792","77","5279359"
"KQ053795v1","291168","291405","GL873579","10953212","10953437","57","10662044"
"KQ053795v1","295359","295604","GL873532","23341124","23341373","53","23045765"
"KQ053795v1","299768","299911","GL873527","11423704","11423843","35","11123936"
"KQ053795v1","308203","308518","GL873548","11731","12045","76","296472"
"KQ053795v1","363090","363384","GL873547","6470095","6470381","70","6107005"
"KQ053795v1","387319","387535","GL873593","1888251","1888473","58","1500932"
"KQ053795v1","447552","447826","GL873586","255814","256100","69","191738"
"KQ053795v1","470902","471081","GL873526","10575149","10575318","45","10104247"
"KQ053795v1","545918","546216","GL873523","8076383","8076689","67","7530465"
"KQ053795v1","598480","598693","GL873549","13391797","13392006","50","12793317"
"KQ053795v1","617014","617140","GL873619","2868214","2868339","27","2251200"
"KQ053795v1","638889","639174","GL873550","7644303","7644582","62","7005414"
"KQ053795v1","640325","640610","GL873526","21819455","21819728","66","21179130"
"KQ053795v1","652298","652577","GL873527","24552205","24552484","53","23899907"
"KQ053795v1","653975","654212","GL873618","2018201","2018438","57","1364226"
"KQ053795v1","658004","658106","GL873623","7232366","7232466","17","6574362"
"KQ053795v1","672577","672856","GL873551","1102972","1103257","60","430395"
"KQ053795v1","679098","679386","GL873646","5477698","5477987","64","4798600"
"KQ053795v1","680274","680461","GL873542","13265734","13265927","46","12585460"
"KQ053795v1","680779","681068","GL873629","2465427","2465711","66","1784648"
"KQ053795v1","683429","683706","GL873601","7074690","7074961","68","6391261"
"KQ053795v1","688778","689019","GL873550","16168140","16168381","63","15479362"
"KQ053795v1","697567","697864","GL873565","1231855","1232143","74","534288"
"KQ053795v1","703554","703844","GL873691","1964797","1965080","71","1261243"
"KQ053795v1","714221","714517","GL873572","9034316","9034616","67","8320095"
"KQ053795v1","718682","718976","GL873570","5502968","5503257","71","4784286"
"KQ053795v1","727410","727703","GL873596","3024269","3024565","69","2296859"
"KQ053795v1","753009","753309","GL873531","27860265","27860563","57","27107256"
"KQ053795v1","762780","763080","GL873522","38740234","38740531","60","37977454"
"KQ053795v1","815570","815899","GL873631","6629455","6629755","85","5813885"
"KQ053795v1","859380","859680","GL873782","28955","29252","63","830425"
"KQ053795v1","866602","866916","GL873520","48675796","48676094","71","47809194"
"KQ053795v1","870222","870510","GL873687","2319006","2319290","69","1448784"
"KQ053795v1","885196","885477","GL873738","1161388","1161667","64","276192"
"KQ053795v1","885795","885806","GL873520","25523108","25523120","3","24637313"
"KQ053795v1","895393","895693","GL873548","17482771","17483070","71","16587378"
"KQ053795v1","913771","913970","GL873556","5873144","5873328","60","4959373"
"KQ053795v1","932204","932516","GL873542","8082990","8083298","81","7150786"
"KQ053795v1","933434","933612","GL873533","9483294","9483455","55","8549860"
"KQ053795v1","935144","935421","GL873738","1635488","1635766","78","700344"
"KQ053795v1","956573","956857","GL873608","4005858","4006144","66","3049285"
"KQ053795v1","962531","962836","GL873558","11891524","11891812","59","10928993"
"KQ053795v1","974880","975143","GL873524","6428935","6429218","85","5454055"
"KQ053795v1","975279","975570","GL873557","14125304","14125596","68","13150025"
"KQ053795v1","978950","979068","GL873536","28968213","28968337","21","27989263"
"KQ053795v1","979085","979404","GL873520","46903199","46903512","83","45924114"
"KQ053795v1","1090380","1090640","GL873520","42967256","42967520","48","41876876"
"KQ053795v1","1094919","1095215","GL873834","390670","390970","53","704249"
"KQ053795v1","1102275","1102528","GL873659","1635303","1635551","59","533028"
"KQ053795v1","1104204","1104314","GL873540","22023779","22023884","25","20919575"
"KQ053795v1","1104705","1104831","GL873536","22370995","22371119","28","21266290"
"KQ053795v1","1104869","1105073","GL873595","5966599","5966798","45","4861730"
"KQ053795v1","1127144","1127417","GL873660","743632","743918","69","383512"
"KQ053795v1","1138712","1138998","GL873674","3713686","3713961","63","2574974"
"KQ053795v1","1147468","1147750","AAQR03192690","2356","2639","77","1145112"
"KQ053795v1","1156089","1156350","GL873560","13294738","13294988","86","12138649"
"KQ053795v1","1165925","1166224","GL873800","736311","736599","59","429614"
"KQ053795v1","1166315","1166419","GL873520","30081052","30081142","34","28914737"
"KQ053795v1","1169808","1170099","GL873616","6664512","6664809","74","5494704"
"KQ053795v1","1172178","1172495","GL873608","4218070","4218374","67","3045892"
"KQ053795v1","1177252","1177556","GL873527","3852983","3853250","91","2675731"
"KQ053795v1","1186053","1186352","GL873537","21410001","21410301","73","20223948"
"KQ053795v1","1217115","1217426","GL873577","10149931","10150226","66","8932816"
"KQ053795v1","1222035","1222325","GL873632","3524037","3524325","54","2302002"
"KQ053795v1","1222485","1222762","GL873571","3571101","3571384","58","2348616"
"KQ053795v1","1243914","1244236","GL873540","9410260","9410586","68","8166346"
"KQ053795v1","1254231","1254563","GL873536","2489289","2489602","105","1235058"
"KQ053795v1","1297398","1297709","GL873541","21969920","21970207","114","20672522"
"KQ053795v1","1298357","1298646","GL873573","45612","45900","62","1252745"
"KQ053795v1","1304255","1304554","GL873577","10149931","10150226","64","8845676"
"KQ053795v1","1312907","1313194","GL873542","3674807","3675080","77","2361900"
"KQ053795v1","1318351","1318668","GL873591","6395821","6396131","91","5077470"
"KQ053795v1","1327404","1327709","GL873535","11877698","11878000","64","10550294"
"KQ053795v1","1330052","1330354","GL873561","11527410","11527710","68","10197358"
"KQ053795v1","1335990","1336158","GL873548","15573642","15573804","36","14237652"
"KQ053795v1","1339218","1339420","GL873526","10173256","10173455","52","8834038"
"KQ053795v1","1341203","1341500","GL873646","5530496","5530792","61","4189293"
"KQ053795v1","1354189","1354476","GL873530","6899034","6899333","72","5544845"
"KQ053795v1","1369437","1369736","GL873610","4431407","4431713","67","3061970"
"KQ053795v1","1373116","1373401","GL873579","11381917","11382212","73","10008801"
"KQ053795v1","1421867","1422054","GL873536","13158560","13158734","53","11736693"
"KQ053795v1","1442606","1442823","GL873539","2593211","2593430","61","1150605"
"KQ053795v1","1460995","1461312","GL873586","3828887","3829179","80","2367892"
"KQ053795v1","1467527","1467843","GL873586","3828887","3829179","80","2361360"
"KQ053795v1","1473606","1473775","GL873539","18965545","18965701","43","17491939"
"KQ053795v1","1474101","1474251","GL873522","41548124","41548261","45","40074023"
"KQ053795v1","1483032","1483301","GL873531","19349136","19349405","56","17866104"
"KQ053795v1","1536735","1537023","GL873614","1996310","1996595","69","459575"
"KQ053795v1","1562299","1562591","GL873676","1881961","1882246","93","319662"
"KQ053795v1","1564073","1564375","GL873563","5489805","5490109","62","3925732"
"KQ053795v1","1568700","1568997","GL873527","10910929","10911225","70","9342229"
"KQ053795v1","1595254","1595550","GL873834","390670","390970","67","1204584"
"KQ053795v1","1608562","1608694","GL873521","36960717","36960852","40","35352155"
"KQ053795v1","1608939","1609117","GL873610","5536079","5536256","48","3927140"
"KQ053795v1","1615152","1615441","GL873577","5810565","5810848","63","4195413"
"KQ053795v1","1616006","1616260","GL873610","106160","106408","60","1509846"
"KQ053795v1","1626282","1626349","GL873616","2534064","2534134","18","907782"
"KQ053795v1","1626910","1627163","GL873547","6763480","6763741","64","5136570"
"KQ053795v1","1636731","1636985","GL873610","106160","106408","61","1530571"
"KQ053795v1","1673181","1673463","GL873547","14329017","14329292","61","12655836"
"KQ053795v1","1722821","1723058","GL873528","4366219","4366462","69","2643398"
"KQ053795v1","1729778","1729986","GL873625","5640863","5641072","47","3911085"
"KQ053795v1","1749284","1749576","GL873675","427479","427762","71","1321805"
"KQ053795v1","1757798","1758112","GL873557","6364684","6364991","66","4606886"
"KQ053795v1","1798985","1799282","GL873532","21611611","21611905","56","19812626"
"KQ053795v1","1808352","1808603","GL873693","2243231","2243494","61","434879"
"KQ053795v1","1815029","1815322","GL873543","2904962","2905248","61","1089933"
"KQ053795v1","1818185","1818456","GL873526","12865197","12865466","66","11047012"
"KQ053795v1","1819249","1819366","GL873524","1310931","1311048","24","508318"
"KQ053795v1","1823644","1823936","GL873593","2667655","2667944","55","844011"
"KQ053795v1","1826645","1826902","GL873620","3255746","3255994","58","1429101"
"KQ053795v1","1829014","1829288","GL873752","219309","219580","58","1609705"
"KQ053795v1","1832695","1833015","GL873720","1268124","1268434","78","564571"
"KQ053795v1","1833205","1833491","GL873585","974679","974963","70","858526"
"KQ053795v1","1838311","1838615","GL873561","14239631","14239928","72","12401320"
"KQ053795v1","1838792","1839085","GL873579","237527","237826","64","1601265"
"KQ053795v1","1848522","1848785","GL873566","11181444","11181698","68","9332922"
"KQ053795v1","1852048","1852293","GL873533","29377758","29377993","68","27525710"
"KQ053799v1","17294","17594","GL873530","17375868","17376165","63","17358574"
"KQ053800v1","8904","9165","GL873527","12805520","12805782","94","12796616"
"KQ053806v1","81979","82213","GL873596","3852393","3852622","56","3770414"
"KQ053806v1","103065","103354","GL873660","705565","705863","66","602500"
"KQ053806v1","110570","110865","GL873660","705565","705863","63","594995"
"KQ053806v1","121292","121359","GL873639","2239413","2239479","16","2118121"
"KQ053806v1","121362","121483","GL873737","1288814","1288918","36","1167452"
"KQ053806v1","126737","127031","GL873663","2383516","2383802","71","2256779"
"KQ053806v1","183242","183370","GL873538","2076639","2076766","20","1893397"
"KQ053806v1","222415","222700","GL873590","643532","643818","69","421117"
"KQ053806v1","233293","233573","GL873523","5398253","5398525","74","5164960"
"KQ053806v1","235406","235695","GL873590","643532","643818","72","408126"
"KQ053806v1","257807","258110","GL873660","4839990","4840286","67","4582183"
"KQ053806v1","294132","294412","GL873738","179335","179622","89","114797"
"KQ053806v1","332852","333173","GL873548","16096228","16096522","91","15763376"
"KQ053806v1","345212","345512","GL873527","37904637","37904931","66","37559425"
"KQ053806v1","378119","378416","GL873557","7267236","7267535","63","6889117"
"KQ053806v1","453811","453933","GL873590","743308","743414","36","289497"
"KQ053806v1","460129","460264","GL873640","5637254","5637381","23","5177125"
"KQ053806v1","469776","470053","GL873727","906411","906682","64","436635"
"KQ053806v1","554158","554439","GL873544","12852108","12852394","62","12297950"
"KQ053806v1","562751","563013","GL873586","9487892","9488175","68","8925141"
"KQ053806v1","577444","577744","GL873720","1268124","1268434","64","690680"
"KQ053806v1","724502","724727","GL873539","2377904","2378123","49","1653402"
"KQ053806v1","727570","727868","GL873520","38124828","38125119","65","37397258"
"KQ053806v1","941895","942199","GL873530","28263781","28264089","69","27321886"
"KQ053807v1","2054","2340","GL873533","10253915","10254192","79","10251861"
"KQ053809v1","6175","6406","GL873534","687575","687808","48","681400"
"KQ053810v1","7773","7898","GL873571","5880255","5880380","26","5872482"
"KQ053816v1","2","75","GL873531","3456652","3456721","14","3456650"
"KQ053816v1","23997","24294","GL873533","23354002","23354302","63","23330005"
"KQ053816v1","133371","133620","GL873522","34054271","34054521","61","33920900"
"KQ053816v1","327821","328126","GL873538","3653056","3653352","74","3325235"
"KQ053816v1","453504","453621","GL873628","1210964","1211081","19","757460"
"KQ053816v1","453663","453718","GL873602","5885115","5885168","12","5431452"
"KQ053816v1","805349","805558","GL873545","3699786","3700012","62","2894437"
"KQ053816v1","918115","918226","GL873668","1856014","1856124","26","937899"
"KQ053816v1","957361","957657","GL873531","19369345","19369649","69","18411984"
"KQ053816v1","1122460","1122769","GL873537","20806240","20806550","66","19683780"
"KQ053816v1","1322747","1323059","GL873521","4276201","4276500","70","2953454"
"KQ053816v1","2232956","2233224","GL873640","5408931","5409202","69","3175975"
"KQ053816v1","2247069","2247370","GL873520","38236690","38236980","75","35989621"
"KQ053816v1","2278608","2278894","GL873521","8262957","8263232","80","5984349"
"KQ053816v1","2468447","2468757","GL873545","13698150","13698456","73","11229703"
"KQ053816v1","2738167","2738460","GL873522","44292087","44292375","72","41553920"
"KQ053816v1","2798224","2798565","GL873540","9410260","9410586","89","6612036"
"KQ053816v1","2872005","2872298","GL873588","1085638","1085922","71","1786367"
"KQ053816v1","2969910","2970212","GL873596","3562116","3562414","56","592206"
"KQ053816v1","3057251","3057542","GL873580","7238391","7238676","68","4181140"
"KQ053816v1","3084225","3084420","GL873537","5923378","5923565","43","2839153"
"KQ053816v1","3175202","3175517","GL873521","4537344","4537658","83","1362142"
"KQ053816v1","3223860","3224163","GL873527","11533238","11533536","73","8309378"
"KQ053816v1","3411330","3411614","GL873526","25295506","25295789","67","21884176"
"KQ053816v1","3476846","3477166","GL873521","4537344","4537658","73","1060498"
"KQ053816v1","3486407","3486681","GL873550","13693419","13693701","56","10207012"
"KQ053816v1","3739846","3740139","GL873537","20108472","20108765","60","16368626"
"KQ053816v1","3780822","3781121","GL873542","1286122","1286423","67","2494700"
"KQ053816v1","3891891","3892152","GL873533","19272201","19272460","46","15380310"
"KQ053816v1","3959106","3959404","GL873537","20108472","20108765","54","16149366"
"KQ053816v1","4106641","4106919","GL873557","11630723","11631007","72","7524082"
"KQ053816v1","4111334","4111616","GL873545","20768197","20768487","85","16656863"
"KQ053816v1","4209760","4210060","GL873667","2901204","2901492","73","1308556"
"KQ053816v1","4241553","4241700","GL873576","2990867","2991012","37","1250686"
"KQ053816v1","4437438","4437740","GL873538","6426484","6426792","68","1989046"
"KQ053816v1","4600434","4600747","GL873536","9729347","9729661","77","5128913"
"KQ053816v1","4950800","4951090","GL873544","12160696","12160980","74","7209896"
"KQ053816v1","4968443","4968705","GL873544","12852108","12852394","66","7883665"
"KQ053816v1","5126206","5126473","GL873570","9393261","9393537","64","4267055"
"KQ053816v1","5126652","5126945","GL873535","13983140","13983420","71","8856488"
"KQ053816v1","5133140","5133429","GL873624","5660177","5660468","56","527037"
"KQ053816v1","5195158","5195475","GL873540","22714851","22715162","78","17519693"
"KQ053816v1","5274355","5274673","GL873623","4501593","4501900","64","772762"
"KQ053816v1","5284201","5284514","GL873573","9001484","9001784","61","3717283"
"KQ053816v1","5360224","5360536","GL873523","28431022","28431322","68","23070798"
"KQ053816v1","5372092","5372405","GL873537","20108472","20108765","62","14736380"
"KQ053816v1","5451456","5451771","GL873526","9439587","9439898","65","3988131"
"KQ053816v1","5557041","5557341","GL873543","2139452","2139746","61","3417589"
"KQ053816v1","5574804","5575029","GL873520","40069156","40069375","61","34494352"
"KQ053816v1","5757475","5757784","GL873720","1268124","1268434","60","4489351"
"KQ053816v1","5791154","5791438","GL873545","17052684","17052979","70","11261530"
"KQ053816v1","5807413","5807685","GL873529","785536","785824","63","5021877"
"KQ053816v1","5818278","5818593","GL873643","1073552","1073855","71","4744726"
"KQ053816v1","5885104","5885387","GL873545","1994498","1994781","68","3890606"
"KQ053816v1","6031328","6031600","GL873752","219309","219580","65","5812019"
"KQ053816v1","6050588","6050868","GL873586","6429945","6430214","66","379357"
"KQ053816v1","6137430","6137729","GL873624","3096011","3096304","69","3041419"
"KQ053816v1","6144954","6145267","GL873575","2687372","2687665","77","3457582"
"KQ053816v1","6172388","6172662","GL873621","6352530","6352801","60","180142"
"KQ053816v1","6172980","6173014","GL873548","16763918","16763948","15","10590938"
"KQ053816v1","6175399","6175684","GL873544","12852108","12852394","51","6676709"
"KQ053816v1","6189108","6189374","GL873533","23633726","23633993","58","17444618"
"KQ053816v1","6196365","6196482","GL873628","1876330","1876452","21","4320035"
"KQ053816v1","6202371","6202511","GL873527","11423704","11423843","34","5221333"
"KQ053816v1","6213607","6213918","GL873521","49874189","49874492","62","43660582"
"KQ053816v1","6225797","6226083","GL873546","859614","859905","60","5366183"
"KQ053816v1","6263796","6264092","GL873631","1772","2067","58","6262024"
"KQ053816v1","6290480","6290763","GL873561","13826809","13827093","63","7536329"
"KQ053816v1","6307401","6307704","GL873521","50172684","50172982","64","43865283"
"KQ053816v1","6308387","6308680","GL873565","9329545","9329829","58","3021158"
"KQ053816v1","6315763","6315871","GL873548","14290617","14290727","26","7974854"
"KQ053816v1","6321012","6321309","GL873561","9330005","9330309","59","3008993"
"KQ053816v1","6329326","6329596","GL873586","3593963","3594238","67","2735363"
"KQ053816v1","6330235","6330439","GL873603","7764485","7764696","58","1434250"
"KQ053816v1","6331609","6331867","GL873571","6475063","6475319","62","143454"
"KQ053816v1","6335462","6335609","GL873675","179614","179763","46","6155848"
"KQ053816v1","6335637","6335731","GL873523","40485012","40485099","22","34149375"
"KQ053816v1","6340737","6341036","GL873531","27860265","27860563","69","21519528"
"KQ053816v1","6363942","6364213","GL873656","4856634","4856889","56","1507308"
"KQ053816v1","6366650","6366949","GL873596","8378412","8378699","67","2011762"
"KQ053816v1","6443084","6443373","GL873661","3265390","3265681","72","3177694"
"KQ053816v1","6534826","6535115","GL873537","23325667","23325965","68","16790841"
"KQ053816v1","6560201","6560459","GL873522","37003887","37004153","72","30443686"
"KQ053816v1","6579567","6579827","GL873522","37003887","37004153","68","30424320"
"KQ053816v1","6638151","6638430","GL873776","729358","729643","56","5908793"
"KQ053816v1","6665718","6666020","GL873571","2577537","2577837","72","4088181"
"KQ053816v1","6668320","6668521","GL873615","1989548","1989743","49","4678772"
"KQ053816v1","6673727","6674005","GL873627","605730","606005","57","6067997"
"KQ053816v1","6692673","6692860","GL873620","5855339","5855538","55","837334"
"KQ053816v1","6696053","6696364","GL873563","3014823","3015131","76","3681230"
"KQ053816v1","6698434","6698710","GL873566","13013070","13013346","65","6314636"
"KQ053816v1","6701600","6701851","GL873548","12768843","12769095","71","6067243"
"KQ053816v1","6719151","6719311","GL873678","1555223","1555380","39","5163928"
"KQ053816v1","6720823","6721070","GL873531","19349136","19349405","70","12628313"
"KQ053816v1","6729328","6729610","GL873534","7072843","7073117","80","343515"
"KQ053816v1","6755090","6755266","GL873706","1864417","1864595","43","4890673"
"KQ053816v1","6755485","6755584","GL873571","7081171","7081266","22","325686"
"KQ053816v1","6758525","6758835","GL873547","8917733","8918044","65","2159208"
"KQ053816v1","6761588","6761869","GL873533","16137140","16137413","65","9375552"
"KQ053816v1","6763004","6763267","GL873565","3583321","3583574","62","3179683"
"KQ053816v1","6824896","6825173","GL873526","25295506","25295789","55","18470610"
"KQ053816v1","6827817","6828119","GL873577","10149931","10150226","70","3322114"
"KQ053816v1","6836046","6836337","GL873527","8309922","8310213","72","1473876"
"KQ053816v1","6858111","6858394","GL873545","1994498","1994781","61","4863613"
"KQ053816v1","6859272","6859577","GL873530","28263781","28264089","79","21404509"
"KQ053816v1","6881061","6881338","GL873538","1418241","1418532","72","5462820"
"KQ053816v1","6885290","6885589","GL873531","29056008","29056304","59","22170718"
"KQ053816v1","6917486","6917780","GL873524","42149014","42149308","46","35231528"
"KQ053816v1","6980287","6980574","GL873579","984876","985165","58","5995411"
"KQ053816v1","6982705","6982898","GL873569","11158685","11158869","53","4175980"
"KQ053816v1","6983228","6983353","GL873628","7011769","7011893","24","28541"
"KQ053816v1","7020680","7020979","GL873522","4222168","4222461","57","2798512"
"KQ053816v1","7022731","7023011","GL873556","785312","785597","69","6237419"
"KQ053816v1","7026473","7026761","GL873557","14736602","14736891","63","7710129"
"KQ053816v1","7026866","7027151","GL873537","5144749","5145021","67","1882117"
"KQ053816v1","7027726","7028016","GL873543","2139452","2139746","62","4888274"
"KQ053816v1","7048062","7048361","GL873631","6629455","6629755","64","418607"
"KQ053816v1","7055300","7055566","GL873586","6429945","6430214","68","625355"
"KQ053816v1","7079476","7079761","GL873596","6774480","6774760","68","304996"
"KQ053816v1","7088926","7089217","GL873586","3828887","3829179","61","3260039"
"KQ053816v1","7096794","7096984","GL873762","916016","916207","44","6180778"
"KQ053816v1","7103190","7103487","GL873557","5391009","5391313","73","1712181"
"KQ053816v1","7111093","7111399","GL873525","27816917","27817223","63","20705824"
"KQ053816v1","7114846","7115147","GL873596","3562116","3562414","70","3552730"
"KQ053816v1","7131060","7131327","GL873538","2723256","2723539","76","4407804"
"KQ053816v1","7137252","7137524","GL873574","5808418","5808688","71","1328834"
"KQ053816v1","7142333","7142589","GL873648","355307","355573","70","6787026"
"KQ053816v1","7144543","7144773","GL873735","2277356","2277578","54","4867187"
"KQ053816v1","7158317","7158613","GL873568","10563353","10563640","60","3405036"
"KQ053816v1","7158635","7158759","GL873541","2356868","2356988","24","4801767"
"KQ053816v1","7162453","7162532","GL873664","3965926","3966001","20","3196527"
"KQ053816v1","7163922","7164205","GL873570","9393261","9393537","71","2229339"
"KQ053816v1","7170268","7170535","GL873612","6181628","6181895","65","988640"
"KQ053816v1","7178647","7178951","GL873574","4280089","4280390","74","2898558"
"KQ053816v1","7183916","7184200","GL873528","4452981","4453269","64","2730935"
"KQ053816v1","7194014","7194297","GL873540","18283608","18283891","70","11089594"
"KQ053816v1","7210066","7210353","GL873643","3346796","3347084","66","3863270"
"KQ053816v1","7219911","7220013","GL873572","4197823","4197923","23","3022088"
"KQ053816v1","7220296","7220493","GL873615","1989548","1989743","42","5230748"
"KQ053816v1","7251102","7251320","GL873526","40957560","40957777","48","33706458"
"KQ053816v1","7252571","7252794","GL873537","25753252","25753483","51","18500681"
"KQ053816v1","7259254","7259454","GL873629","1618336","1618538","57","5640918"
"KQ053816v1","7260752","7260990","GL873731","551317","551553","58","6709435"
"KQ053816v1","7277096","7277369","GL873551","872096","872374","61","6405000"
"KQ053816v1","7280256","7280548","GL873546","859614","859905","68","6420642"
"KQ053816v1","7289427","7289734","GL873533","15579371","15579661","59","8289944"
"KQ053816v1","7307295","7307599","GL873544","13109134","13109442","74","5801839"
"KQ053816v1","7316289","7316600","GL873532","16063689","16063996","67","8747400"
"KQ053816v1","7337361","7337673","GL873720","1268124","1268434","55","6069237"
"KQ053816v1","7341214","7341506","GL873543","2904962","2905248","65","4436252"
"KQ053816v1","7408574","7408863","GL873632","3524037","3524325","65","3884537"
"KQ053816v1","7417829","7418129","GL873533","15432772","15433077","65","8014943"
"KQ053816v1","7421226","7421423","GL873537","17897136","17897316","53","10475910"
"KQ053816v1","7422277","7422565","GL873544","12852108","12852394","54","5429831"
"KQ053816v1","7429526","7429794","GL873539","2856357","2856613","72","4573169"
"KQ053816v1","7433331","7433627","GL873627","2345622","2345921","69","5087709"
"KQ053816v1","7460732","7461021","GL873543","21766493","21766785","55","14305761"
"KQ053816v1","7462058","7462342","GL873566","6101793","6102070","58","1360265"
"KQ053816v1","7466988","7467277","GL873660","743632","743918","67","6723356"
"KQ053816v1","7477349","7477647","GL873558","12116555","12116839","76","4639206"
"KQ053816v1","7477742","7478017","GL873592","2017960","2018232","64","5459782"
"KQ053816v1","7527795","7528060","GL873660","1384330","1384596","60","6143465"
"KQ053816v1","7536671","7536881","GL873520","29411640","29411831","68","21874969"
"KQ053818v1","7559","7873","GL873531","19369345","19369649","69","19361786"
"KQ053827v1","118049","118357","GL873521","5341124","5341431","67","5223075"
"KQ053827v1","125765","126051","GL873605","216407","216684","74","90642"
"KQ053827v1","302163","302433","GL873537","27309272","27309529","70","27007109"
"KQ053827v1","421977","422061","GL873624","2770493","2770574","20","2348516"
"KQ053827v1","429153","429239","GL873525","18286740","18286820","18","17857587"
"KQ053827v1","703798","703954","GL873536","11098407","11098553","37","10394609"
"KQ053827v1","723908","724188","GL873558","10262345","10262609","76","9538437"
"KQ053827v1","819142","819428","GL873821","111140","111442","75","708002"
"KQ053827v1","835033","835331","GL873721","1994208","1994497","76","1159175"
"KQ053827v1","991335","991610","GL873586","3828887","3829179","74","2837552"
"KQ053827v1","1021865","1022150","GL873530","2832291","2832567","64","1810426"
"KQ053827v1","1040138","1040439","GL873632","5787814","5788105","70","4747676"
"KQ053827v1","1215533","1215653","GL873585","7505656","7505778","21","6290123"
"KQ053827v1","1312611","1312887","GL873536","11777148","11777412","69","10464537"
"KQ053827v1","1317073","1317190","GL873806","543309","543424","27","773764"
"KQ053827v1","1322865","1322978","GL873531","5068193","5068311","24","3745328"
"KQ053827v1","1402372","1402494","GL873637","3392350","3392471","15","1989978"
"KQ053827v1","1491512","1491635","GL873562","5681529","5681647","24","4190017"
"KQ053827v1","1619901","1620173","GL873555","13243779","13244054","63","11623878"
"KQ053827v1","1622974","1623288","GL873545","13698150","13698456","76","12075176"
"KQ053827v1","1660639","1660929","GL873529","17122097","17122389","62","15461458"
"KQ053827v1","1721340","1721622","GL873575","4643146","4643439","67","2921806"
"KQ053827v1","1727436","1727591","GL873566","3354590","3354727","40","1627154"
"KQ053827v1","1744123","1744430","GL873530","28263781","28264089","66","26519658"
"KQ053827v1","1755222","1755512","GL873611","6802065","6802336","70","5046843"
"KQ053827v1","1822751","1822939","GL873628","7012543","7012724","37","5189792"
"KQ053827v1","1823989","1824277","GL873580","7238391","7238676","67","5414402"
"KQ053827v1","1847031","1847353","GL873563","5489805","5490109","76","3642774"
"KQ053827v1","1970090","1970401","GL873526","17279675","17279985","80","15309585"
"KQ053827v1","2127340","2127627","GL873780","428184","428483","59","1699156"
"KQ053827v1","2139612","2139808","GL873526","3895419","3895608","44","1755807"
"KQ053827v1","2147719","2148034","GL873537","23325667","23325965","69","21177948"
"KQ053827v1","2167520","2167820","GL873542","1286122","1286423","70","881398"
"KQ053827v1","2170225","2170534","GL873678","899224","899530","66","1271001"
"KQ053827v1","2200423","2200709","GL873533","5128765","5129059","61","2928342"
"KQ053827v1","2286497","2286614","GL873692","1734045","1734155","23","552452"
"KQ053827v1","2301093","2301378","GL873800","736311","736599","76","1564782"
"KQ053827v1","2303948","2304133","GL873595","5966599","5966798","56","3662651"
"KQ053827v1","2325250","2325503","GL873529","25435838","25436095","72","23110588"
"KQ053827v1","2329333","2329638","GL873701","1733044","1733352","66","596289"
"KQ053827v1","2357606","2357729","GL873523","28967835","28967959","25","26610229"
"KQ053827v1","2372697","2372999","GL873525","45380033","45380317","72","43007336"
"KQ053827v1","2390933","2391196","GL873601","7074690","7074961","62","4683757"
"KQ053827v1","2406661","2406902","GL873613","6229622","6229856","50","3822961"
"KQ053827v1","2406999","2407298","GL873537","14097659","14097958","72","11690660"
"KQ053827v1","2412699","2413000","GL873737","479975","480254","83","1932724"
"KQ053827v1","2423269","2423547","GL873700","423134","423410","65","2000135"
"KQ053827v1","2430389","2430667","GL873700","423134","423410","65","2007255"
"KQ053827v1","2444905","2445208","GL873675","3360090","3360385","62","915185"
"KQ053827v1","2478743","2478901","GL873529","16847158","16847309","41","14368415"
"KQ053827v1","2495794","2496085","GL873536","6170569","6170869","77","3674775"
"KQ053827v1","2526333","2526636","GL873608","2421200","2421501","73","105133"
"KQ053827v1","2537498","2537789","GL873562","6329750","6330035","62","3792252"
"KQ053827v1","2542726","2542982","GL873544","9721562","9721821","69","7178836"
"KQ053827v1","2549705","2549987","GL873526","25295506","25295789","58","22745801"
"KQ053827v1","2574884","2575156","GL873711","15364","15642","65","2559520"
"KQ053827v1","2589029","2589309","GL873530","27114472","27114746","61","24525443"
"KQ053827v1","2636568","2636861","GL873586","3828887","3829179","65","1192319"
"KQ053827v1","2648507","2648702","GL873805","948213","948404","45","1700294"
"KQ053827v1","2663545","2663838","GL873533","4681025","4681296","62","2017480"
"KQ053827v1","2685276","2685589","GL873727","1293510","1293797","81","1391766"
"KQ053827v1","2709822","2710087","GL873544","12852108","12852394","63","10142286"
"KQ053827v1","2763391","2763681","GL873544","12852108","12852394","59","10088717"
"KQ053827v1","2808169","2808465","GL873575","2687372","2687665","63","120797"
"KQ053827v1","2851621","2851927","GL873613","2732879","2733172","87","118742"
"KQ053827v1","2883848","2884149","GL873556","996424","996728","64","1887424"
"KQ053827v1","2888778","2889011","GL873551","4428507","4428742","54","1539729"
"KQ053827v1","3028997","3029302","GL873591","1508585","1508871","65","1520412"
"KQ053827v1","3069045","3069344","GL873673","4218625","4218921","65","1149580"
"KQ053827v1","3207052","3207330","GL873665","2891460","2891748","55","315592"
"KQ053827v1","3455800","3456101","GL873522","26487461","26487763","62","23031661"
"KQ053827v1","3467283","3467572","GL873570","2267167","2267435","73","1200116"
"KQ053827v1","3485022","3485283","GL873570","9393261","9393537","62","5908239"
"KQ053827v1","3500885","3501001","GL873541","2356868","2356988","18","1144017"
"KQ053827v1","3610127","3610388","GL873564","2852713","2852980","63","757414"
"KQ053827v1","3646246","3646556","GL873646","5530496","5530792","67","1884250"
"KQ053827v1","3712983","3713180","GL873672","1902668","1902865","47","1810315"
"KQ053827v1","3765851","3765976","GL873525","28446082","28446208","24","24680231"
"KQ053827v1","3812896","3813198","GL873646","958600","958893","68","2854296"
"KQ053827v1","3822760","3823076","GL873656","4223738","4224049","67","400978"
"KQ053827v1","3840423","3840728","GL873615","5162108","5162422","62","1321685"
"KQ053827v1","3856177","3856310","GL873596","1239734","1239864","23","2616443"
"KQ053827v1","3872112","3872410","GL873535","27790691","27790986","66","23918579"
"KQ053827v1","3921514","3921843","GL873538","10377403","10377700","88","6455889"
"KQ053827v1","3955358","3955647","GL873521","53707997","53708279","64","49752639"
"KQ053827v1","3981198","3981433","GL873670","64224","64443","62","3916974"
"KQ053827v1","4006153","4006447","GL873575","2687372","2687665","63","1318781"
"KQ053827v1","4070130","4070411","GL873585","703586","703874","56","3366544"
"KQ053827v1","4107126","4107417","GL873530","16695374","16695671","72","12588248"
"KQ053827v1","4215813","4216129","GL873540","22714851","22715162","63","18499038"
"KQ053827v1","4302495","4302767","GL873658","142873","143137","63","4159622"
"KQ053827v1","4355677","4355930","GL873607","1421139","1421397","70","2934538"
"KQ053827v1","4376828","4377131","GL873533","25255552","25255858","65","20878724"
"KQ053827v1","4423063","4423352","GL873671","3124715","3124996","62","1298348"
"KQ053827v1","4474098","4474381","GL873530","14859243","14859531","58","10385145"
"KQ053827v1","4501490","4501712","GL873697","1503246","1503456","66","2998244"
"KQ053827v1","4501888","4502173","GL873522","26431469","26431747","54","21929581"
"KQ053827v1","4505507","4505663","GL873582","6084341","6084502","38","1578834"
"KQ053827v1","4525620","4525831","GL873528","38588474","38588680","53","34062854"
"KQ053827v1","4559843","4560144","GL873524","42149014","42149308","67","37589171"
"KQ053827v1","4575668","4575947","GL873526","14921887","14922168","66","10346219"
"KQ053827v1","4576329","4576634","GL873744","879518","879830","65","3696811"
"KQ053827v1","4629563","4629843","GL873602","7048802","7049083","61","2419239"
"KQ053827v1","4650575","4650860","GL873721","339207","339499","57","4311368"
"KQ053827v1","4765416","4765552","GL873530","1860703","1860833","38","2904713"
"KQ053827v1","4776096","4776350","GL873547","17398944","17399193","69","12622848"
"KQ053827v1","4810718","4810909","GL873525","38071247","38071431","45","33260529"
"KQ053827v1","4815765","4815995","GL873534","25737970","25738183","80","20922205"
"KQ053827v1","4818911","4819198","GL873534","23244522","23244806","63","18425611"
"KQ053827v1","4834371","4834494","GL873646","4012005","4012125","20","822366"
"KQ053827v1","4843043","4843353","GL873616","6664512","6664809","69","1821469"
"KQ053827v1","4869911","4870212","GL873615","5670322","5670614","56","800411"
"KQ053827v1","4887098","4887380","GL873661","3460900","3461179","65","1426198"
"KQ053827v1","4894552","4894851","GL873528","4452981","4453269","62","441571"
"KQ053827v1","4980960","4981183","GL873547","9104520","9104727","54","4123560"
"KQ053827v1","5085727","5086016","GL873568","10563353","10563640","56","5477626"
"KQ053827v1","5102287","5102579","GL873602","6854277","6854560","70","1751990"
"KQ053827v1","5109915","5110223","GL873537","23325667","23325965","67","18215752"
"KQ053827v1","5198316","5198627","GL873593","9025866","9026173","72","3827550"
"KQ053827v1","5223321","5223611","GL873526","4353131","4353412","63","870190"
"KQ053827v1","5259298","5259426","GL873537","6930739","6930868","22","1671441"
"KQ053827v1","5319814","5320026","GL873533","23680427","23680639","54","18360613"
"KQ053827v1","5363805","5364091","GL873782","51942","52232","66","5311863"
"KQ053827v1","5510591","5510877","GL873537","20108472","20108765","58","14597881"
"KQ053827v1","5536216","5536515","GL873531","27860265","27860563","66","22324049"
"KQ053827v1","5584140","5584385","GL873664","2039126","2039368","76","3545014"
"KQ053827v1","5591326","5591584","GL873646","1166360","1166624","74","4424966"
"KQ053827v1","5595206","5595482","GL873543","507181","507451","59","5088025"
"KQ053827v1","5596616","5596942","GL873628","5570361","5570675","73","26255"
"KQ053827v1","5601179","5601481","GL873533","1486864","1487156","66","4114315"
"KQ053827v1","5715474","5715788","GL873533","1324507","1324809","65","4390967"
"KQ053827v1","5727920","5728225","GL873542","8032564","8032870","73","2304644"
"KQ053827v1","5771528","5771815","GL873539","15781624","15781906","56","10010096"
"KQ053827v1","5818162","5818472","GL873584","6966592","6966895","71","1148430"
"KQ053827v1","5826793","5827077","GL873535","29836384","29836651","62","24009591"
"KQ053827v1","5833939","5834212","GL873547","14329017","14329292","63","8495078"
"KQ053827v1","5835969","5836099","GL873533","1211222","1211352","19","4624747"
"KQ053827v1","5837494","5837775","GL873533","1209307","1209589","74","4628187"
"KQ053827v1","5842089","5842267","GL873526","10575149","10575318","43","4733060"
"KQ053827v1","5866282","5866572","GL873580","1911387","1911684","54","3954895"
"KQ053827v1","5885703","5885981","GL873523","28150184","28150470","71","22264481"
"KQ053827v1","5901329","5901645","GL873577","10149931","10150226","83","4248602"
"KQ053827v1","5920740","5921012","GL873831","43543","43812","73","5877197"
"KQ053827v1","5923830","5924150","GL873545","20390330","20390642","69","14466500"
"KQ053827v1","5933540","5933856","GL873537","20602402","20602707","83","14668862"
"KQ053827v1","5973399","5973704","GL873560","12951592","12951892","56","6978193"
"KQ053827v1","6002402","6002681","GL873543","13000816","13001093","66","6998414"
"KQ053827v1","6011413","6011714","GL873596","8979189","8979479","66","2967776"
"KQ053827v1","6012285","6012571","GL873667","2901204","2901492","62","3111081"
"KQ053827v1","6062514","6062802","GL873521","40262457","40262752","58","34199943"
"KQ053827v1","6077345","6077491","GL873533","914510","914644","35","5162835"
"KQ053827v1","6104842","6105138","GL873557","7133081","7133372","62","1028239"
"KQ053827v1","6126040","6126304","GL873543","2119744","2120014","77","4006296"
"KQ053827v1","6137346","6137637","GL873710","1153584","1153873","69","4983762"
"KQ053827v1","6146433","6146726","GL873528","7287160","7287438","81","1140727"
"KQ053827v1","6159486","6159674","GL873586","8056113","8056291","63","1896627"
"KQ053827v1","6178356","6178641","GL873568","6381391","6381667","70","203035"
"KQ053827v1","6181230","6181363","GL873548","18022605","18022737","32","11841375"
"KQ053827v1","6188971","6189256","GL873545","1994498","1994781","68","4194473"
"KQ053827v1","6222654","6222895","GL873682","1137689","1137924","76","5084965"
"KQ053827v1","6250371","6250673","GL873729","432103","432405","59","5818268"
"KQ053827v1","6254342","6254613","GL873752","219309","219580","57","6035033"
"KQ053827v1","6285434","6285732","GL873629","1991833","1992133","60","4293601"
"KQ053827v1","6324320","6324609","GL873592","7775568","7775869","72","1451248"
"KQ053827v1","6354279","6354547","GL873612","273209","273490","60","6081070"
"KQ053827v1","6392741","6393036","GL873533","579656","579952","55","5813085"
"KQ053827v1","6488313","6488601","GL873544","16173772","16174052","71","9685459"
"KQ053832v1","7628","7944","GL873521","4537344","4537658","69","4529716"
"KQ053838v1","5748","6049","GL873631","1772","2067","65","3976"
"KQ053838v1","38925","39217","GL873540","22601466","22601753","59","22562541"
"KQ053838v1","43589","43876","GL873646","1321987","1322264","66","1278398"
"KQ053838v1","69331","69525","GL873542","13265734","13265927","42","13196403"
"KQ053838v1","74035","74337","GL873623","4501593","4501900","65","4427558"
"KQ053838v1","141442","141732","GL873543","2139452","2139746","66","1998010"
"KQ053838v1","168027","168339","GL873720","1268124","1268434","68","1100097"
"KQ053838v1","180359","180676","GL873529","17654556","17654858","67","17474197"
"KQ053838v1","242382","242694","GL873620","6199111","6199413","71","5956729"
"KQ053838v1","263709","263988","GL873523","9528798","9529072","59","9265089"
"KQ053838v1","326292","326457","GL873570","10511074","10511223","52","10184782"
"KQ053838v1","330687","330995","GL873742","284737","285038","59","45950"
"KQ053838v1","333706","333976","GL873571","4051253","4051534","69","3717547"
"KQ053838v1","364131","364429","GL873527","37885806","37886097","68","37521675"
"KQ053838v1","374067","374340","GL873542","11497200","11497480","66","11123133"
"KQ053838v1","378065","378364","GL873547","11458791","11459084","65","11080726"
"KQ053838v1","514960","515249","GL873544","12852108","12852394","51","12337148"
"KQ053838v1","655789","656081","GL873643","3346796","3347084","66","2691007"
"KQ053838v1","753192","753485","GL873543","2139452","2139746","64","1386260"
"KQ053838v1","1055363","1055552","GL873524","14926238","14926432","43","13870875"
"KQ053838v1","1206905","1207181","GL873710","888426","888690","73","318479"
"KQ053838v1","1281486","1281776","GL873660","743632","743918","79","537854"
"KQ053838v1","1722405","1722635","GL873601","3608511","3608718","83","1886106"
"KQ053838v1","1986347","1986634","GL873543","2904962","2905248","60","918615"
"KQ053838v1","2091147","2091447","GL873534","1560172","1560461","70","530975"
"KQ053838v1","2200112","2200385","GL873533","24376021","24376299","62","22175909"
"KQ053838v1","2244933","2245162","GL873539","20009899","20010128","63","17764966"
"KQ053838v1","2263454","2263735","GL873618","1681545","1681828","66","581909"
"KQ053838v1","2266598","2266745","GL873623","1782183","1782320","41","484415"
"KQ053838v1","2273574","2273732","GL873574","4453635","4453791","32","2180061"
"KQ053838v1","2530318","2530608","GL873548","16911479","16911770","67","14381161"
"KQ053838v1","2536633","2536941","GL873545","20254912","20255212","78","17718279"
"KQ053838v1","2616183","2616489","GL873611","1368574","1368876","68","1247609"
"KQ053838v1","2651274","2651567","GL873671","1289718","1290012","68","1361556"
"KQ053838v1","2738996","2739310","GL873720","1268124","1268434","71","1470872"
"KQ053838v1","2757386","2757682","GL873533","23793613","23793905","60","21036227"
"KQ053838v1","2824766","2825064","GL873534","24828530","24828825","57","22003764"
"KQ053838v1","2835082","2835399","GL873577","7611226","7611549","78","4776144"
"KQ053838v1","2859830","2860098","GL873724","2288105","2288376","77","571725"
"KQ053838v1","2888129","2888444","GL873615","5162108","5162422","63","2273979"
"KQ053838v1","2920091","2920322","GL873553","9682817","9683049","56","6762726"
"KQ053838v1","2948690","2948989","GL873724","2206935","2207233","66","741755"
"KQ053838v1","3000819","3001096","GL873522","26431469","26431747","57","23430650"
"KQ053838v1","3002813","3003166","GL873634","4486752","4487071","113","1483939"
"KQ053838v1","3010980","3011252","GL873710","888426","888690","68","2122554"
"KQ053838v1","3017286","3017590","GL873563","12809879","12810178","67","9792593"
"KQ053838v1","3056503","3056819","GL873577","6023661","6023961","76","2967158"
"KQ053838v1","3063825","3064137","GL873596","3562116","3562414","69","498291"
"KQ053838v1","3112334","3112585","GL873520","30700528","30700774","54","27588194"
"KQ053838v1","3122304","3122587","GL873569","6836240","6836526","77","3713936"
"KQ053838v1","3163186","3163470","GL873724","1989932","1990191","67","1173254"
"KQ053838v1","3168937","3169215","GL873530","8314374","8314643","61","5145437"
"KQ053838v1","3170067","3170363","GL873525","27816917","27817223","71","24646850"
"KQ053838v1","3193782","3194057","GL873543","13000816","13001093","65","9807034"
"KQ053838v1","3198021","3198315","GL873525","27816917","27817223","75","24618896"
"KQ053838v1","3212920","3213215","GL873599","3962151","3962437","68","749231"
"KQ053838v1","3232377","3232658","GL873723","1057504","1057782","58","2174873"
"KQ053838v1","3262318","3262610","GL873565","10241052","10241359","64","6978734"
"KQ053838v1","3271494","3271759","GL873564","8491935","8492190","88","5220441"
"KQ053838v1","3272071","3272081","GL873520","25523108","25523120","2","22251037"
"KQ053838v1","3276152","3276431","GL873716","460031","460318","73","2816121"
"KQ053838v1","3338470","3338781","GL873521","49874189","49874492","68","46535719"
"KQ053838v1","3350009","3350192","GL873536","13869008","13869193","38","10518999"
"KQ053838v1","3359100","3359384","GL873667","3712894","3713183","67","353794"
"KQ053838v1","3365455","3365792","GL873532","1534117","1534406","97","1831338"
"KQ053838v1","3368851","3369147","GL873521","53893978","53894270","72","50525127"
"KQ053838v1","3372181","3372465","GL873664","4813585","4813876","61","1441404"
"KQ053838v1","3520380","3520669","GL873585","8863469","8863752","65","5343089"
"KQ053838v1","3562078","3562389","GL873624","4145937","4146255","67","583859"
"KQ053838v1","3606168","3606482","GL873754","1754489","1754787","63","1851679"
"KQ053838v1","3614080","3614389","GL873720","1268124","1268434","58","2345956"
"KQ053838v1","3766359","3766646","GL873687","708441","708724","75","3057918"
"KQ053838v1","3767938","3768241","GL873724","2082729","2083029","65","1685209"
"KQ053838v1","3772941","3773149","GL873703","613800","614016","63","3159141"
"KQ053838v1","3790951","3791252","GL873625","3750560","3750850","59","40391"
"KQ053838v1","3793798","3794095","GL873728","466108","466398","80","3327690"
"KQ053838v1","3816407","3816703","GL873575","2687372","2687665","77","1129035"
"KQ053838v1","3870632","3870947","GL873539","1525679","1525967","82","2344953"
"KQ053838v1","3920791","3921092","GL873551","8175407","8175696","75","4254616"
"KQ053849v1","20540","20843","GL873521","49874189","49874492","63","49853649"
"KQ053849v1","84396","84703","GL873615","5162108","5162422","57","5077712"
"KQ053849v1","336038","336333","GL873593","480828","481113","60","144790"
"KQ053849v1","373308","373593","GL873624","2187268","2187564","78","1813960"
"KQ053849v1","452729","453025","GL873568","10563353","10563640","56","10110624"
"KQ053849v1","470176","470477","GL873557","7267236","7267535","64","6797060"
"KQ053849v1","503926","504196","GL873586","6854900","6855180","77","6350974"
"KQ053849v1","504605","504863","GL873527","15301459","15301695","85","14796854"
"KQ053849v1","520943","521259","GL873720","1268124","1268434","74","747181"
"KQ053849v1","607878","608159","GL873547","12030162","12030439","71","11422284"
"KQ053849v1","678478","678631","GL873522","41548124","41548261","39","40869646"
"KQ053849v1","697237","697516","GL873659","3462845","3463127","76","2765608"
"KQ053849v1","720587","720886","GL873620","6109897","6110171","79","5389310"
"KQ053849v1","728346","728577","GL873520","28409160","28409392","54","27680814"
"KQ053849v1","869786","869981","GL873628","7012543","7012724","43","6142757"
"KQ053849v1","905295","905594","GL873568","10563353","10563640","58","9658058"
"KQ053849v1","924050","924381","GL873537","23325667","23325965","86","22401617"
"KQ053849v1","935509","935799","GL873661","1524717","1525012","76","589208"
"KQ053849v1","986512","986804","GL873529","9421454","9421749","67","8434942"
"KQ053849v1","1012498","1012791","GL873533","23793613","23793905","50","22781115"
"KQ053849v1","1048184","1048451","GL873526","11570567","11570834","78","10522383"
"KQ053849v1","1049238","1049533","GL873769","656484","656780","67","392754"
"KQ053849v1","1049566","1049845","GL873525","35143537","35143806","59","34093971"
"KQ053849v1","1050446","1050730","GL873574","409702","409987","55","640744"
"KQ053849v1","1071109","1071439","GL873521","48704911","48705196","86","47633802"
"KQ053849v1","1095646","1095934","GL873606","6177600","6177887","64","5081954"
"KQ053849v1","1142308","1142482","GL873533","28250206","28250364","52","27107898"
"KQ053849v1","1148376","1148510","GL873541","17739355","17739505","46","16590979"
"KQ053849v1","1158271","1158516","GL873618","216646","216898","62","941625"
"KQ053849v1","1166318","1166495","GL873551","18118887","18119051","56","16952569"
"KQ053849v1","1168303","1168597","GL873520","38124828","38125119","54","36956525"
"KQ053849v1","1196643","1196782","GL873600","5883916","5884046","38","4687273"
"KQ053849v1","1201873","1202166","GL873536","2527252","2527542","68","1325379"
"KQ053849v1","1229879","1230158","GL873521","5212141","5212413","52","3982262"
"KQ053849v1","1239115","1239398","GL873570","9393261","9393537","68","8154146"
"KQ053849v1","1247948","1248249","GL873557","7267236","7267535","78","6019288"
"KQ053849v1","1282982","1283189","GL873558","11734192","11734398","54","10451210"
"KQ053849v1","1336385","1336593","GL873523","24005577","24005782","59","22669192"
"KQ053849v1","1359399","1359700","GL873587","2916612","2916896","69","1557213"
"KQ053849v1","1364515","1364831","GL873546","13542628","13542944","70","12178113"
"KQ053849v1","1368281","1368441","GL873528","1120859","1121019","43","247422"
"KQ053849v1","1372256","1372383","GL873639","5291998","5292121","23","3919742"
"KQ053849v1","1383106","1383407","GL873530","19888405","19888703","65","18505299"
"KQ053849v1","1392562","1392854","GL873525","10949611","10949895","65","9557049"
"KQ053849v1","1416817","1417130","GL873557","7133081","7133372","80","5716264"
"KQ053849v1","1433723","1433971","GL873560","8931049","8931288","55","7497326"
"KQ053849v1","1435887","1436072","GL873635","5147070","5147250","47","3711183"
"KQ053849v1","1438935","1439102","GL873674","1333236","1333401","49","105699"
"KQ053849v1","1497678","1497970","GL873737","1634714","1635008","60","137036"
"KQ053849v1","1509197","1509485","GL873627","4595039","4595336","62","3085842"
"KQ053849v1","1515498","1515792","GL873627","4595039","4595336","54","3079541"
"KQ053849v1","1537920","1538205","GL873540","19494463","19494754","67","17956543"
"KQ053849v1","1543773","1544077","GL873577","10149931","10150226","66","8606158"
"KQ053849v1","1590103","1590334","GL873527","10603696","10603933","50","9013593"
"KQ053849v1","1615050","1615340","GL873565","467680","467977","67","1147370"
"KQ053849v1","1618808","1619110","GL873537","23325667","23325965","61","21706859"
"KQ053849v1","1650738","1651061","GL873544","21566652","21566948","85","19915914"
"KQ053849v1","1651367","1651674","GL873547","8917733","8918044","72","7266366"
"KQ053849v1","1664318","1664422","GL873805","579757","579858","17","1084561"
"KQ053849v1","1670837","1671144","GL873624","1741520","1741832","66","70683"
"KQ053849v1","1674849","1675121","GL873606","5355796","5356059","83","3680947"
"KQ053849v1","1699892","1700178","GL873754","1677368","1677657","65","22524"
"KQ053849v1","1702521","1702802","GL873531","29997638","29997909","77","28295117"
"KQ053849v1","1733575","1733786","GL873563","2671236","2671462","74","937661"
"KQ053849v1","1746023","1746331","GL873545","14220645","14220951","64","12474622"
"KQ053849v1","1784594","1784853","GL873530","22154022","22154282","52","20369428"
"KQ053849v1","1807822","1808120","GL873533","30534240","30534536","83","28726418"
"KQ053849v1","1809091","1809397","GL873537","14097659","14097958","82","12288568"
"KQ053849v1","1814342","1814648","GL873537","14097659","14097958","78","12283317"
"KQ053849v1","1843742","1843902","GL873528","1120859","1121019","38","722883"
"KQ053849v1","1843986","1844102","GL873632","1941037","1941152","24","97051"
"KQ053849v1","1845751","1846049","GL873557","5844700","5844982","78","3998949"
"KQ053849v1","1848269","1848577","GL873542","8032564","8032870","74","6184295"
"KQ053849v1","1854179","1854464","GL873543","12275678","12275949","70","10421499"
"KQ053849v1","1858197","1858480","GL873536","16187329","16187604","67","14329132"
"KQ053849v1","1865660","1865965","GL873545","20254912","20255212","75","18389252"
"KQ053849v1","1882459","1882742","GL873685","2541658","2541930","70","659199"
"KQ053849v1","1883498","1883761","GL873541","18622612","18622871","73","16739114"
"KQ053849v1","1887180","1887431","GL873645","656711","656977","68","1230469"
"KQ053849v1","1890674","1890949","GL873534","15140925","15141195","54","13250251"
"KQ053849v1","1891718","1891970","GL873582","981772","982014","69","909946"
"KQ053849v1","1936664","1936933","GL873579","11141374","11141638","52","9204710"
"KQ053849v1","1946291","1946499","GL873752","1264588","1264795","45","681703"
"KQ053849v1","1969353","1969645","GL873568","4075922","4076204","62","2106569"
"KQ053849v1","1994832","1994977","GL873699","3286200","3286339","32","1291368"
"KQ053849v1","2018320","2018398","GL873615","7973571","7973643","28","5955251"
"KQ053849v1","2110188","2110492","GL873535","11877698","11878000","60","9767510"
"KQ053849v1","2143613","2143735","GL873547","17597232","17597356","23","15453619"
"KQ053849v1","2174890","2175192","GL873537","12959422","12959706","70","10784532"
"KQ053849v1","2182543","2182834","GL873618","4797569","4797854","64","2615026"
"KQ053849v1","2187501","2187780","GL873547","14329017","14329292","58","12141516"
"KQ053849v1","2201662","2201961","GL873613","4450657","4450940","63","2248995"
"KQ053849v1","2227577","2227867","GL873544","12852108","12852394","68","10624531"
"KQ053849v1","2242824","2243144","GL873525","37401640","37401933","84","35158816"
"KQ053849v1","2252979","2253287","GL873521","49874189","49874492","64","47621210"
"KQ053849v1","2260004","2260275","GL873543","13628351","13628611","64","11368347"
"KQ053849v1","2265890","2266188","GL873521","49874189","49874492","62","47608299"
"KQ053849v1","2295813","2296115","GL873563","5489805","5490109","56","3193992"
"KQ053849v1","2302131","2302387","GL873521","49932180","49932439","53","47630049"
"KQ053849v1","2328841","2329136","GL873561","9330005","9330309","57","7001164"
"KQ053849v1","2339350","2339647","GL873539","898488","898789","61","1440862"
"KQ053849v1","2363417","2363693","GL873638","2212836","2213102","72","150581"
"KQ053849v1","2376569","2376882","GL873545","16381881","16382184","67","14005312"
"KQ053849v1","2386447","2386698","GL873522","35766139","35766394","51","33379692"
"KQ053849v1","2392297","2392588","GL873527","11533238","11533536","69","9140941"
"KQ053849v1","2429234","2429495","GL873645","4612382","4612641","68","2183148"
"KQ053849v1","2441701","2441989","GL873556","996424","996728","63","1445277"
"KQ053849v1","2453233","2453527","GL873544","13109134","13109442","64","10655901"
"KQ053849v1","2475981","2476287","GL873561","9330005","9330309","60","6854024"
"KQ053849v1","2558284","2558607","GL873593","2122093","2122418","69","436191"
"KQ053849v1","2565660","2565950","GL873543","2904962","2905248","77","339302"
"KQ053849v1","2573703","2573986","GL873566","1002231","1002511","70","1571472"
"KQ053849v1","2583970","2584265","GL873590","726294","726590","87","1857676"
"KQ053849v1","2602519","2602795","GL873538","2811122","2811395","64","208603"
"KQ053849v1","2611930","2612212","GL873692","2391107","2391377","70","220823"
"KQ053849v1","2614008","2614303","GL873527","8309922","8310213","57","5695914"
"KQ053849v1","2626237","2626532","GL873545","12978830","12979129","66","10352593"
"KQ053849v1","2632112","2632306","GL873520","1429502","1429686","59","1202610"
"KQ053849v1","2702128","2702420","GL873646","1069260","1069550","65","1632868"
"KQ053849v1","2711967","2712265","GL873660","2918278","2918574","73","206311"
"KQ053849v1","2721847","2722119","GL873520","30303968","30304235","55","27582121"
"KQ053849v1","2727714","2727956","GL873522","36470419","36470671","62","33742705"
"KQ053849v1","2733925","2734143","GL873754","1706553","1706786","68","1027372"
"KQ053849v1","2788164","2788473","GL873520","46903199","46903512","62","44115035"
"KQ053849v1","2789661","2789961","GL873521","50414260","50414548","57","47624599"
"KQ053849v1","2810734","2811023","GL873676","1881961","1882246","71","928773"
"KQ053849v1","2818258","2818572","GL873530","28639620","28639925","72","25821362"
"KQ053849v1","2831406","2831706","GL873711","252964","253259","55","2578442"
"KQ053849v1","2875001","2875314","GL873523","28431022","28431322","68","25556021"
"KQ053849v1","2875654","2875727","GL873529","16911960","16912025","23","14036306"
"KQ053849v1","2890417","2890657","GL873533","29377758","29377993","61","26487341"
"KQ053849v1","2898455","2898783","GL873661","1884549","1884860","89","1013906"
"KQ053849v1","2902401","2902614","GL873709","110895","111095","50","2791506"
"KQ053849v1","2902615","2902898","GL873526","25295506","25295789","61","22392891"
"KQ053849v1","2909162","2909462","GL873520","63340476","63340769","60","60431314"
"KQ053849v1","2920860","2921167","GL873576","465956","466261","68","2454904"
"KQ053849v1","2943477","2943740","GL873738","510606","510866","67","2432871"
"KQ053849v1","2945089","2945379","GL873573","3786511","3786793","66","841422"
"KQ053849v1","2954515","2954808","GL873588","2417029","2417316","64","537486"
"KQ053849v1","2968640","2968923","GL873522","17206173","17206458","68","14237533"
"KQ053849v1","3034411","3034703","GL873586","3828887","3829179","64","794476"
"KQ053849v1","3160842","3161148","GL873610","5611406","5611710","64","2450564"
"KQ053849v1","3448022","3448221","GL873521","1495965","1496171","52","1952057"
"KQ053849v1","3545628","3545873","GL873528","36055795","36056042","74","32510167"
"KQ053849v1","3740214","3740493","GL873614","2652946","2653220","74","1087268"
"KQ053849v1","3798260","3798270","GL873586","6578563","6578573","3","2780303"
"KQ053849v1","3798384","3798654","GL873523","39729565","39729844","67","35931181"
"KQ053849v1","3812841","3813099","GL873607","312803","313051","91","3500038"
"KQ053849v1","3888862","3889173","GL873538","10377403","10377700","79","6488541"
"KQ053849v1","4187443","4187710","GL873529","22442130","22442401","68","18254687"
"KQ053849v1","4199312","4199548","GL873566","13161077","13161300","61","8961765"
"KQ053850v1","6538","6826","GL873540","4711812","4712090","56","4705274"
"KQ053850v1","13367","13635","GL873546","13143077","13143343","60","13129710"
"KQ053850v1","44398","44614","GL873624","2883081","2883295","60","2838683"
"KQ053850v1","47166","47404","GL873570","4112414","4112672","71","4065248"
"KQ053850v1","76918","77205","GL873581","1322912","1323194","88","1245994"
"KQ053850v1","77575","77889","GL873720","1268124","1268434","67","1190549"
"KQ053850v1","80913","81201","GL873570","11394548","11394837","59","11313635"
"KQ053850v1","105034","105288","GL873537","15086698","15086952","74","14981664"
"KQ053850v1","111579","111864","GL873542","14156809","14157081","63","14045230"
"KQ053850v1","112658","112896","GL873551","4127766","4127998","69","4015108"
"KQ053850v1","141243","141406","GL873530","16082476","16082634","48","15941233"
"KQ053850v1","141534","141544","GL873890","94174","94185","3","47360"
"KQ053850v1","165495","165774","GL873549","15132343","15132615","71","14966848"
"KQ053850v1","167856","168130","GL873525","35143537","35143806","54","34975681"
"KQ053850v1","168761","169015","GL873586","6311175","6311430","51","6142414"
"KQ053850v1","172129","172419","GL873537","20108472","20108765","57","19936343"
"KQ053850v1","173530","173830","GL873530","11560985","11561289","82","11387455"
"KQ053850v1","183442","183564","GL873764","390956","391075","27","207514"
"KQ053850v1","195794","195923","GL873526","19257262","19257383","29","19061468"
"KQ053850v1","207781","208094","GL873636","3104548","3104855","63","2896767"
"KQ053850v1","220656","220943","GL873561","923317","923608","50","702661"
"KQ053850v1","228652","228945","GL873737","1691288","1691582","60","1462636"
"KQ053850v1","259605","259891","GL873526","25295506","25295789","57","25035901"
"KQ053850v1","266897","267174","GL873565","13360531","13360821","75","13093634"
"KQ053850v1","270926","271202","GL873605","3345104","3345379","89","3074178"
"KQ053850v1","278357","278611","GL873590","671368","671605","64","393011"
"KQ053850v1","279501","279804","GL873660","743632","743918","63","464131"
"KQ053850v1","281427","281689","GL873530","4499038","4499293","56","4217611"
"KQ053850v1","303130","303398","GL873571","6475063","6475319","68","6171933"
"KQ053850v1","307577","307859","GL873538","18752615","18752891","61","18445038"
"KQ053850v1","315012","315310","GL873646","5530496","5530792","60","5215484"
"KQ053850v1","327609","327723","GL873538","618317","618439","30","290708"
"KQ053850v1","330666","330978","GL873523","28431022","28431322","64","28100356"
"KQ053850v1","341081","341374","GL873533","23793613","23793905","60","23452532"
"KQ053850v1","346724","346846","GL873542","10908103","10908224","32","10561379"
"KQ053850v1","347181","347360","GL873628","7012543","7012724","40","6665362"
"KQ053850v1","350442","350738","GL873724","2082729","2083029","62","1732287"
"KQ053850v1","356227","356504","GL873548","16782992","16783251","73","16426765"
"KQ053850v1","357598","357904","GL873530","17375868","17376165","60","17018270"
"KQ053850v1","378333","378462","GL873520","24084579","24084710","21","23706246"
"KQ053850v1","378938","379212","GL873601","6445198","6445466","60","6066260"
"KQ053850v1","379307","379435","GL873536","21801782","21801906","24","21422475"
"KQ053850v1","381594","381723","GL873531","27435012","27435141","25","27053418"
"KQ053850v1","389261","389558","GL873587","4881987","4882277","72","4492726"
"KQ053850v1","404717","405010","GL873544","12852108","12852394","54","12447391"
"KQ053850v1","407947","408247","GL873523","28431022","28431322","64","28023075"
"KQ053850v1","414691","414979","GL873737","1691288","1691582","65","1276597"
"KQ053850v1","423858","424141","GL873531","31114030","31114308","72","30690172"
"KQ053850v1","425197","425495","GL873557","1704383","1704680","70","1279186"
"KQ053850v1","432342","432622","GL873602","6039670","6039963","61","5607328"
"KQ053850v1","438817","439100","GL873544","14044759","14045036","60","13605942"
"KQ053850v1","443052","443237","GL873533","14999816","15000000","47","14556764"
"KQ053850v1","481214","481473","GL873534","29373117","29373372","64","28891903"
"KQ053850v1","521995","522274","GL873520","28696780","28697063","68","28174785"
"KQ053850v1","533027","533328","GL873529","2855620","2855915","66","2322593"
"KQ053850v1","559538","559809","GL873557","7300154","7300426","62","6740616"
"KQ053850v1","582110","582380","GL873554","5564296","5564562","58","4982186"
"KQ053850v1","583520","583818","GL873621","545875","546169","66","37645"
"KQ053850v1","604108","604388","GL873530","28557622","28557921","84","27953514"
"KQ053850v1","606038","606194","GL873545","12054518","12054679","40","11448480"
"KQ053850v1","608211","608429","GL873538","17630112","17630323","61","17021901"
"KQ053850v1","627879","628032","GL873584","7002787","7002940","36","6374908"
"KQ053850v1","653825","654123","GL873646","5530496","5530792","58","4876671"
"KQ053850v1","657691","657992","GL873531","27860265","27860563","53","27202574"
"KQ053850v1","661808","662105","GL873572","6984999","6985295","58","6323191"
"KQ053850v1","677701","677987","GL873538","3757160","3757448","61","3079459"
"KQ053850v1","679708","680007","GL873537","23325667","23325965","68","22645959"
"KQ053850v1","687963","688228","GL873526","12865197","12865466","58","12177234"
"KQ053850v1","700934","701249","GL873530","7841662","7841971","78","7140728"
"KQ053850v1","710030","710322","GL873534","27723595","27723889","81","27013565"
"KQ053850v1","720270","720545","GL873526","3176581","3176853","59","2456311"
"KQ053850v1","727531","727795","GL873526","8965429","8965699","56","8237898"
"KQ053850v1","733147","733440","GL873537","23325667","23325965","59","22592520"
"KQ053850v1","734776","735086","GL873641","3079760","3080070","65","2344984"
"KQ053850v1","740001","740316","GL873523","28431022","28431322","71","27691021"
"KQ053850v1","745028","745330","GL873557","7267236","7267535","62","6522208"
"KQ053850v1","756565","756820","GL873548","16782992","16783251","50","16026427"
"KQ053850v1","758803","758934","GL873653","3155921","3156051","29","2397118"
"KQ053850v1","784249","784547","GL873654","107855","108156","69","676394"
"KQ053850v1","807326","807588","GL873522","18050101","18050365","77","17242775"
"KQ053850v1","833610","833742","GL873596","1239734","1239864","22","406124"
"KQ053850v1","834496","834726","GL873520","40069156","40069375","58","39234660"
"KQ053850v1","839267","839504","GL873587","354296","354543","66","484971"
"KQ053850v1","842909","843070","GL873603","8074265","8074426","35","7231356"
"KQ053850v1","843436","843664","GL873743","493025","493244","58","350411"
"KQ053850v1","873732","874035","GL873561","11527410","11527710","60","10653678"
"KQ053850v1","889806","890094","GL873526","21819455","21819728","73","20929649"
"KQ053850v1","897487","897764","GL873520","60547712","60548005","82","59650225"
"KQ053850v1","913232","913493","GL873530","4921974","4922254","71","4008742"
"KQ053850v1","914781","915050","GL873543","2119744","2120014","56","1204963"
"KQ053850v1","925191","925444","GL873620","2597142","2597399","64","1671951"
"KQ053850v1","934859","935138","GL873523","28431022","28431322","66","27496163"
"KQ053850v1","943651","943928","GL873592","8783353","8783627","80","7839702"
"KQ053850v1","947357","947660","GL873523","28431022","28431322","62","27483665"
"KQ053850v1","960803","961091","GL873560","11172112","11172396","74","10211309"
"KQ053850v1","969624","969919","GL873643","4292639","4292935","60","3323015"
"KQ053850v1","971199","971518","GL873534","1764223","1764526","95","793024"
"KQ053850v1","975478","975761","GL873579","823090","823369","65","152388"
"KQ053850v1","978290","978587","GL873550","8972041","8972317","64","7993751"
"KQ053850v1","981581","981848","GL873713","222924","223204","53","758657"
"KQ053850v1","985619","985913","GL873543","21766493","21766785","58","20780874"
"KQ053850v1","994182","994478","GL873541","21985689","21985982","60","20991507"
"KQ053850v1","995987","996274","GL873586","9188049","9188352","68","8192062"
"KQ053850v1","1036177","1036454","GL873532","12767759","12768025","76","11731582"
"KQ053850v1","1040941","1041216","GL873548","15510967","15511237","44","14470026"
"KQ053850v1","1053572","1053868","GL873557","14766953","14767235","61","13713381"
"KQ053850v1","1054700","1055001","GL873533","23793613","23793905","67","22738913"
"KQ053850v1","1068333","1068613","GL873562","5328731","5329017","60","4260398"
"KQ053850v1","1071837","1072116","GL873638","2212836","2213102","59","1140999"
"KQ053850v1","1084442","1084732","GL873592","7775568","7775869","64","6691126"
"KQ053850v1","1136901","1137230","GL873523","28431022","28431322","76","27294121"
"KQ053850v1","1142211","1142514","GL873540","11122200","11122500","63","9979989"
"KQ053850v1","1167678","1167830","GL873543","13242093","13242230","48","12074415"
"KQ053850v1","1178421","1178494","GL873525","8227229","8227301","17","7048808"
"KQ053850v1","1189865","1190158","GL873537","20108472","20108765","59","18918607"
"KQ053850v1","1211981","1212290","GL873610","4431407","4431713","61","3219426"
"KQ053850v1","1214407","1214679","GL873647","3714242","3714513","58","2499835"
"KQ053850v1","1225581","1225781","GL873611","3356207","3356402","67","2130626"
"KQ053850v1","1228305","1228428","GL873573","4027343","4027468","34","2799038"
"KQ053850v1","1232599","1232729","GL873620","560573","560699","38","672026"
"KQ053850v1","1234982","1235131","GL873520","62223643","62223792","38","60988661"
"KQ053850v1","1241558","1241685","GL873535","25996647","25996771","38","24755089"
"KQ053850v1","1269998","1270217","GL873537","27340834","27341057","66","26070836"
"KQ053850v1","1293155","1293385","GL873520","30129293","30129518","59","28836138"
"KQ053850v1","1301032","1301266","GL873550","16168140","16168381","58","14867108"
"KQ053850v1","1304256","1304570","GL873523","24249670","24249961","84","22945414"
"KQ053850v1","1317585","1317866","GL873523","24802045","24802330","51","23484460"
"KQ053850v1","1348028","1348325","GL873562","11382494","11382780","57","10034466"
"KQ053850v1","1350583","1350838","GL873625","4054950","4055183","64","2704367"
"KQ053850v1","1351481","1351772","GL873529","35963369","35963647","52","34611888"
"KQ053850v1","1361129","1361425","GL873724","2082729","2083029","64","721600"
"KQ053850v1","1363673","1363807","GL873527","36922718","36922841","32","35559045"
"KQ053850v1","1417774","1417962","GL873524","1211458","1211633","47","206316"
"KQ053850v1","1419984","1420181","GL873620","5202502","5202699","39","3782518"
"KQ053850v1","1438139","1438372","GL873529","8596265","8596494","46","7158126"
"KQ053850v1","1474576","1474879","GL873545","12978830","12979129","66","11504254"
"KQ053850v1","1492302","1492571","GL873564","2852713","2852980","69","1360411"
"KQ053850v1","1524598","1524883","GL873543","2904962","2905248","63","1380364"
"KQ053850v1","1533660","1533954","GL873736","2129809","2130100","71","596149"
"KQ053850v1","1535576","1535895","GL873647","2592882","2593202","67","1057306"
"KQ053850v1","1548100","1548379","GL873548","13679256","13679534","62","12131156"
"KQ053850v1","1548729","1549033","GL873561","9330005","9330309","54","7781276"
"KQ053850v1","1556922","1557053","GL873529","9808233","9808361","27","8251311"
"KQ053850v1","1565087","1565211","GL873543","13501235","13501355","31","11936148"
"KQ053850v1","1580029","1580323","GL873562","11382494","11382780","59","9802465"
"KQ053850v1","1586325","1586443","GL873590","743308","743414","21","843017"
"KQ053850v1","1588350","1588616","GL873646","5170084","5170369","66","3581734"
"KQ053850v1","1597011","1597275","GL873572","9561451","9561713","67","7964440"
"KQ053850v1","1603795","1604101","GL873540","11122200","11122500","79","9518405"
"KQ053850v1","1605278","1605571","GL873531","27860265","27860563","51","26254987"
"KQ053850v1","1611412","1611556","GL873588","1229013","1229147","35","382399"
"KQ053850v1","1613261","1613495","GL873715","582042","582272","55","1031219"
"KQ053850v1","1616696","1617000","GL873530","23979294","23979589","90","22362598"
"KQ053850v1","1623008","1623290","GL873537","8616491","8616762","79","6993483"
"KQ053850v1","1697761","1698028","GL873530","29321072","29321333","78","27623311"
"KQ053850v1","1706269","1706355","GL873583","8083267","8083350","13","6376998"
"KQ053850v1","1750906","1751165","GL873529","18718867","18719138","68","16967961"
"KQ053850v1","1775245","1775412","GL873621","7300855","7301016","48","5525610"
"KQ053850v1","1777064","1777349","GL873557","7267236","7267535","67","5490172"
"KQ053850v1","1792641","1792938","GL873557","7267236","7267535","62","5474595"
"KQ053850v1","1828292","1828596","GL873524","15273262","15273553","54","13444970"
"KQ053850v1","1830857","1831153","GL873522","112255","112554","62","1718602"
"KQ053850v1","1856886","1857151","GL873601","5269322","5269589","62","3412436"
"KQ053850v1","1882474","1882773","GL873543","2904962","2905248","63","1022488"
"KQ053850v1","1890991","1891277","GL873812","400580","400858","77","1490411"
"KQ053850v1","1897038","1897334","GL873520","16709587","16709864","74","14812549"
"KQ053850v1","1915843","1916160","GL873537","20806240","20806550","63","18890397"
"KQ053850v1","1918291","1918590","GL873577","10149931","10150226","64","8231640"
"KQ053850v1","1920946","1921245","GL873548","833037","833338","57","1087909"
"KQ053850v1","1930617","1930904","GL873521","25393132","25393414","66","23462515"
"KQ053850v1","1936337","1936618","GL873544","12852108","12852394","55","10915771"
"KQ053850v1","1943487","1943785","GL873575","122012","122312","59","1821475"
"KQ053850v1","1951269","1951555","GL873545","20246447","20246742","62","18295178"
"KQ053850v1","1986135","1986331","GL873716","434005","434216","46","1552130"
"KQ053850v1","2008409","2008674","GL873628","1375418","1375692","68","632991"
"KQ053850v1","2012973","2013265","GL873561","13826809","13827093","62","11813836"
"KQ053850v1","2061848","2062046","GL873641","4841659","4841860","44","2779811"
"KQ053850v1","2068544","2068711","GL873730","122968","123133","31","1945576"
"KQ053850v1","2070143","2070454","GL873601","4674697","4675002","68","2604554"
"KQ053850v1","2073488","2073717","GL873566","13161077","13161300","76","11087589"
"KQ053850v1","2079813","2080042","GL873566","13161077","13161300","76","11081264"
"KQ053850v1","2098451","2098630","GL873525","45740262","45740432","45","43641811"
"KQ053850v1","2098961","2099091","GL873560","1710528","1710662","31","388433"
"KQ053850v1","2121177","2121483","GL873560","12951592","12951892","62","10830415"
"KQ053850v1","2123798","2124094","GL873523","5237401","5237693","57","3113603"
"KQ053852v1","1876","2142","GL873537","23446738","23447017","75","23444862"
"KQ053852v1","9649","9915","GL873537","23446738","23447017","75","23437089"
"KQ053852v1","17966","18263","GL873638","6356734","6357014","64","6338768"
"KQ053861v1","3932076","3932286","GL873586","8236164","8236367","56","4304088"
"KQ053861v1","2420","2716","GL873538","1998739","1999037","79","1996319"
"KQ053861v1","22267","22536","GL873538","14676633","14676912","69","14654366"
"KQ053861v1","33087","33306","GL873526","40957560","40957777","42","40924473"
"KQ053861v1","38251","38528","GL873611","6802065","6802336","63","6763814"
"KQ053861v1","41180","41487","GL873530","28263781","28264089","65","28222601"
"KQ053861v1","41778","42065","GL873534","1472145","1472432","60","1430367"
"KQ053861v1","46870","47181","GL873540","22714851","22715162","66","22667981"
"KQ053861v1","68637","68806","GL873521","40608795","40608961","33","40540158"
"KQ053861v1","107908","108215","GL873623","4501593","4501900","57","4393685"
"KQ053861v1","384818","385098","GL873634","5831716","5831987","74","5446898"
"KQ053861v1","569416","569700","GL873625","5809501","5809791","68","5240085"
"KQ053861v1","575715","576018","GL873530","28639620","28639925","74","28063905"
"KQ053861v1","686662","686969","GL873655","564412","564716","65","122250"
"KQ053861v1","1098934","1099223","GL873526","25145795","25146086","68","24046861"
"KQ053861v1","1120918","1121105","GL873524","1211458","1211633","56","90540"
"KQ053861v1","1215440","1215695","GL873565","2107413","2107656","72","891973"
"KQ053861v1","1284240","1284453","GL873521","33168645","33168839","80","31884405"
"KQ053861v1","1287416","1287716","GL873596","8378412","8378699","62","7090996"
"KQ053861v1","1320721","1321024","GL873596","8979189","8979479","59","7658468"
"KQ053861v1","1339005","1339316","GL873537","20108472","20108765","71","18769467"
"KQ053861v1","1682454","1682742","GL873537","20108472","20108765","52","18426018"
"KQ053861v1","1719028","1719293","GL873525","12358347","12358612","66","10639319"
"KQ053861v1","1790169","1790488","GL873526","4884562","4884863","82","3094393"
"KQ053861v1","1795995","1796286","GL873621","497695","497994","68","1298300"
"KQ053861v1","1830228","1830535","GL873523","5237401","5237693","64","3407173"
"KQ053861v1","1902742","1903060","GL873521","40467463","40467776","89","38564721"
"KQ053861v1","1960422","1960709","GL873528","5055111","5055400","71","3094689"
"KQ053861v1","1986529","1986804","GL873520","61251939","61252216","80","59265410"
"KQ053861v1","1994063","1994355","GL873611","4773367","4773653","74","2779304"
"KQ053861v1","2022255","2022493","GL873721","422615","422855","55","1599640"
"KQ053861v1","2022512","2022788","GL873530","8770262","8770534","61","6747750"
"KQ053861v1","2061612","2061904","GL873667","3712894","3713183","73","1651282"
"KQ053861v1","2177856","2177970","GL873670","3390071","3390190","22","1212215"
"KQ053861v1","2193463","2193747","GL873534","24828530","24828825","65","22635067"
"KQ053861v1","2291243","2291538","GL873612","2357949","2358251","72","66706"
"KQ053861v1","2305073","2305337","GL873547","8031501","8031773","75","5726428"
"KQ053861v1","2343219","2343508","GL873540","24563702","24564003","73","22220483"
"KQ053861v1","2357001","2357301","GL873554","1015190","1015489","67","1341811"
"KQ053861v1","2537296","2537600","GL873539","3918906","3919213","68","1381610"
"KQ053861v1","2576490","2576770","GL873535","11450041","11450325","77","8873551"
"KQ053861v1","2757412","2757731","GL873609","7137543","7137854","86","4380131"
"KQ053861v1","2796137","2796419","GL873542","1844453","1844733","63","951684"
"KQ053861v1","2836460","2836756","GL873590","3827765","3828043","83","991305"
"KQ053861v1","2952127","2952426","GL873520","48675796","48676094","60","45723669"
"KQ053861v1","2975205","2975491","GL873618","2399274","2399558","66","575931"
"KQ053861v1","2995878","2996163","GL873752","219309","219580","60","2776569"
"KQ053861v1","3023188","3023471","GL873592","8396855","8397140","58","5373667"
"KQ053861v1","3326067","3326115","GL873566","6072151","6072199","11","2746084"
"KQ053861v1","3506403","3506654","GL873632","5546235","5546488","66","2039832"
"KQ053861v1","3639301","3639592","GL873532","1592293","1592578","73","2047008"
"KQ053861v1","3645473","3645598","GL873606","6076650","6076772","30","2431177"
"KQ053861v1","3656132","3656436","GL873607","2933453","2933750","73","722679"
"KQ053861v1","3747017","3747346","GL873572","7652921","7653200","121","3905904"
"KQ053861v1","3816520","3816815","GL873528","8480165","8480458","75","4663645"
"KQ053861v1","3886350","3886639","GL873523","39207660","39207934","80","35321310"
"KQ053861v1","3931774","3932015","GL873566","13161077","13161300","65","9229303"
"KQ053861v1","4000408","4000752","GL873551","3751808","3752132","105","248600"
"KQ053861v1","4150063","4150397","GL873540","11122200","11122500","95","6972137"
"KQ053861v1","4210088","4210392","GL873765","69383","69680","84","4140705"
"KQ053861v1","4452136","4452415","GL873527","16315138","16315421","61","11863002"
"KQ053861v1","4491685","4491952","GL873639","587617","587880","72","3904068"
"KQ053861v1","4529584","4529876","GL873531","19369345","19369649","64","14839761"
"KQ053861v1","4596805","4597023","GL873664","3970975","3971175","63","625830"
"KQ053861v1","4698220","4698508","GL873646","999713","1000000","72","3698507"
"KQ053870v1","7633","7875","GL873558","2558943","2559176","57","2551310"
"KQ053871v1","8900","9176","GL873526","17110885","17111154","89","17101985"
"KQ053872v1","228729","228900","GL873693","3357009","3357192","57","3128280"
"KQ053872v1","301266","301567","GL873575","8875744","8876043","66","8574478"
"KQ053872v1","303474","303715","GL873590","671368","671605","62","367894"
"KQ053872v1","308895","309214","GL873636","3104548","3104855","71","2795653"
"KQ053872v1","327576","327865","GL873779","1096707","1096991","72","769131"
"KQ053872v1","330617","330772","GL873602","4429740","4429888","48","4099123"
"KQ053872v1","377061","377367","GL873537","21410001","21410301","74","21032940"
"KQ053872v1","380980","381286","GL873537","21410001","21410301","74","21029021"
"KQ053872v1","382367","382512","GL873675","3930410","3930553","29","3548043"
"KQ053872v1","382839","382951","GL873564","4587735","4587832","35","4204896"
"KQ053872v1","394450","394580","GL873663","2666032","2666163","26","2271582"
"KQ053872v1","421488","421791","GL873541","21985689","21985982","69","21564201"
"KQ053872v1","445386","445608","GL873529","29033639","29033862","65","28588253"
"KQ053872v1","486397","486709","GL873596","3562116","3562414","68","3075719"
"KQ053872v1","538637","538897","GL873638","2212836","2213102","68","1674199"
"KQ053872v1","588523","588810","GL873592","5123417","5123698","65","4534894"
"KQ053872v1","591961","592140","GL873812","540548","540728","52","51413"
"KQ053872v1","596073","596383","GL873623","1693614","1693923","74","1097541"
"KQ053872v1","666098","666396","GL873538","9930834","9931133","73","9264736"
"KQ053872v1","726431","726731","GL873535","23797851","23798129","65","23071420"
"KQ053872v1","1030541","1030769","GL873540","16410163","16410408","64","15379622"
"KQ053872v1","1036381","1036619","GL873540","16410163","16410408","64","15373782"
"KQ053872v1","1109090","1109369","GL873643","1595792","1596074","64","486702"
"KQ053872v1","1166646","1166824","GL873524","1211458","1211633","51","44812"
"KQ053872v1","1170967","1171091","GL873551","4255823","4255945","29","3084856"
"KQ053872v1","1198454","1198731","GL873634","2627489","2627772","63","1429035"
"KQ053872v1","1200066","1200313","GL873529","8596265","8596494","60","7396199"
"KQ053872v1","1210655","1210937","GL873520","16709587","16709864","71","15498932"
"KQ053872v1","1338811","1338896","GL873537","25545971","25546054","21","24207160"
"KQ053872v1","1339684","1339973","GL873529","9421454","9421749","65","8081770"
"KQ053872v1","1416139","1416421","GL873522","4222168","4222461","63","2806029"
"KQ053872v1","1434961","1435249","GL873537","20108472","20108765","55","18673511"
"KQ053872v1","1474909","1475178","GL873551","11593441","11593707","74","10118532"
"KQ053875v1","6645","6856","GL873545","20415656","20415850","50","20409011"
"KQ053876v1","7575","7701","GL873737","1412922","1413041","27","1405347"
"KQ053879v1","110","237","GL873537","20295422","20295552","26","20295312"
"KQ053883v1","12128","12421","GL873624","2308457","2308738","74","2296329"
"KQ053883v1","187553","187833","GL873715","1471860","1472165","78","1284307"
"KQ053883v1","282946","283243","GL873530","17375868","17376165","62","17092922"
"KQ053883v1","341159","341437","GL873535","24595025","24595295","72","24253866"
"KQ053883v1","389252","389364","GL873542","1259218","1259335","22","869966"
"KQ053883v1","415303","415354","GL873553","3459617","3459667","11","3044314"
"KQ053883v1","580069","580350","GL873526","8965429","8965699","69","8385360"
"KQ053883v1","674420","674731","GL873729","432103","432405","73","242317"
"KQ053883v1","677258","677479","GL873530","21394671","21394886","80","20717413"
"KQ053883v1","695476","695746","GL873546","18985258","18985518","75","18289782"
"KQ053883v1","713063","713296","GL873649","1620733","1620952","56","907670"
"KQ053883v1","823604","823778","GL873542","10862260","10862426","49","10038656"
"KQ053883v1","824563","824858","GL873540","19013371","19013667","68","18188808"
"KQ053883v1","842779","843083","GL873563","5489805","5490109","64","4647026"
"KQ053883v1","932020","932201","GL873703","2771082","2771250","52","1839062"
"KQ053883v1","1249175","1249480","GL873579","9758474","9758769","75","8509299"
"KQ053883v1","1285314","1285597","GL873561","13826809","13827093","58","12541495"
"KQ053883v1","1288381","1288687","GL873603","794609","794907","75","493772"
"KQ053883v1","1349445","1349753","GL873542","8082990","8083298","73","6733545"
"KQ053883v1","1399161","1399432","GL873520","54721122","54721391","69","53321961"
"KQ053883v1","1424367","1424610","GL873560","8931049","8931288","53","7506682"
"KQ053883v1","1579167","1579382","GL873538","17630112","17630323","52","16050945"
"KQ053883v1","1601018","1601277","GL873581","10711805","10712063","71","9110787"
"KQ053883v1","1605967","1606278","GL873520","48675796","48676094","66","47069829"
"KQ053883v1","1610522","1610607","GL873596","5424183","5424264","19","3813661"
"KQ053883v1","1617485","1617775","GL873537","20108472","20108765","68","18490987"
"KQ053883v1","1702334","1702641","GL873537","20806240","20806550","70","19103906"
"KQ053883v1","1730107","1730395","GL873574","8855062","8855350","58","7124955"
"KQ053883v1","1800444","1800731","GL873542","7542952","7543241","75","5742508"
"KQ053883v1","1820206","1820534","GL873546","13542628","13542944","78","11722422"
"KQ053883v1","1844496","1844625","GL873539","2890791","2890917","20","1046295"
"KQ053883v1","1890868","1891141","GL873524","6995935","6996215","65","5105067"
"KQ053883v1","1902407","1902717","GL873618","1121386","1121685","74","781021"
"KQ053883v1","2227328","2227628","GL873537","20108472","20108765","60","17881144"
"KQ053883v1","2238574","2238883","GL873571","4374924","4375218","76","2136350"
"KQ053883v1","2312703","2313025","GL873613","4824685","4824985","69","2511982"
"KQ053883v1","2366943","2367176","GL873560","8931049","8931288","58","6564106"
"KQ053883v1","2456812","2456911","GL873623","7232366","7232466","17","4775554"
"KQ053883v1","2478458","2478763","GL873525","13438553","13438867","67","10960095"
"KQ053883v1","2595751","2596057","GL873530","29857042","29857349","65","27261291"
"KQ053883v1","2737122","2737430","GL873754","1754489","1754787","73","982633"
"KQ053883v1","2790542","2790819","GL873646","1321987","1322264","60","1468555"
"KQ053883v1","2812533","2812839","GL873608","4218070","4218374","64","1405537"
"KQ053883v1","2833745","2834022","GL873721","2367422","2367691","79","466323"
"KQ053883v1","3044431","3044662","GL873520","64637096","64637340","65","61592665"
"KQ053883v1","3117108","3117295","GL873657","977566","977739","50","2139542"
"KQ053883v1","3193335","3193495","GL873665","3404380","3404542","32","211045"
"KQ053883v1","3213994","3214281","GL873537","5174830","5175101","62","1960836"
"KQ053883v1","3226076","3226376","GL873533","25255552","25255858","69","22029476"
"KQ053883v1","3264461","3264759","GL873613","971789","972086","64","2292672"
"KQ053883v1","3290998","3291180","GL873737","1470076","1470256","39","1820922"
"KQ053883v1","3292259","3292371","GL873523","7430134","7430249","22","4137875"
"KQ053883v1","3292406","3292542","GL873526","8444356","8444493","30","5151950"
"KQ053883v1","3307716","3308048","GL873673","3147197","3147513","83","160519"
"KQ053883v1","3310733","3310989","GL873638","2212836","2213102","73","1097897"
"KQ053883v1","3371650","3371942","GL873623","5218769","5219054","79","1847119"
"KQ053883v1","3399938","3400123","GL873521","33165415","33165605","46","29765477"
"KQ053883v1","3424853","3424988","GL873548","18022605","18022737","25","14597752"
"KQ053883v1","3425340","3425512","GL873522","3856634","3856803","49","431294"
"KQ053883v1","3427414","3427683","GL873550","4149829","4150094","65","722415"
"KQ053883v1","3466299","3466586","GL873648","2833326","2833608","64","632973"
"KQ053883v1","3475521","3475804","GL873550","7644303","7644582","65","4168782"
"KQ053883v1","3498130","3498412","GL873601","5269322","5269589","63","1771192"
"KQ053883v1","3501436","3501741","GL873544","21039211","21039519","68","17537775"
"KQ053883v1","3522063","3522361","GL873531","27860265","27860563","61","24338202"
"KQ053883v1","3523697","3523938","GL873524","7421702","7421947","52","3898005"
"KQ053883v1","3523962","3524236","GL873629","6906404","6906663","66","3382442"
"KQ053883v1","3552851","3553152","GL873561","9330005","9330309","65","5777154"
"KQ053883v1","3587012","3587312","GL873539","1525679","1525967","65","2061333"
"KQ053883v1","3594252","3594543","GL873540","11122200","11122500","67","7527948"
"KQ053883v1","3595055","3595325","GL873589","3456660","3456929","64","138395"
"KQ053883v1","3595631","3595717","GL873527","7862091","7862159","26","4266460"
"KQ053883v1","3612232","3612515","GL873607","297784","298070","59","3314448"
"KQ053883v1","3613037","3613355","GL873625","3330882","3331184","73","282155"
"KQ053883v1","3616573","3616729","GL873523","6098975","6099125","36","2482402"
"KQ053883v1","3624655","3624936","GL873752","219309","219580","63","3405346"
"KQ053883v1","3630536","3630805","GL873664","3676152","3676411","69","45616"
"KQ053883v1","3643707","3643967","GL873571","3628765","3629017","73","14942"
"KQ053883v1","3653843","3654133","GL873533","23793613","23793905","54","20139770"
"KQ053883v1","3661620","3661917","GL873527","11533238","11533536","65","7871618"
"KQ053883v1","3676707","3676905","GL873535","24176248","24176444","48","20499541"
"KQ053883v1","3683715","3684027","GL873545","20390330","20390642","77","16706615"
"KQ053883v1","3687984","3688160","GL873527","13153135","13153309","46","9465151"
"KQ053883v1","3688492","3688617","GL873523","39350288","39350411","23","35661796"
"KQ053883v1","3719468","3719754","GL873610","5075504","5075777","72","1356036"
"KQ053883v1","3726777","3726887","GL873524","18078413","18078526","24","14351636"
"KQ053883v1","3736605","3736732","GL873568","10867110","10867231","27","7130505"
"KQ053883v1","3756621","3756922","GL873526","21833158","21833448","67","18076537"
"KQ053883v1","3765644","3765938","GL873610","5611406","5611710","66","1845762"
"KQ053883v1","3811607","3811782","GL873706","366706","366870","41","3444901"
"KQ053883v1","3819632","3819923","GL873530","11054128","11054411","54","7234496"
"KQ053883v1","3836344","3836607","GL873631","3238932","3239201","64","597412"
"KQ053883v1","3840697","3840953","GL873520","19573814","19574073","58","15733117"
"KQ053883v1","3857532","3857723","GL873553","7984760","7984935","54","4127228"
"KQ053883v1","3886601","3886887","GL873542","1558388","1558675","68","2328213"
"KQ053883v1","3896838","3897015","GL873742","616637","616810","42","3280201"
"KQ053883v1","3900838","3901135","GL873535","25840890","25841174","71","21940052"
"KQ053883v1","3901810","3902115","GL873646","5530496","5530792","74","1628686"
"KQ053883v1","3902116","3902251","GL873698","2238577","2238710","33","1663539"
"KQ053883v1","3950948","3951226","GL873618","1681545","1681828","56","2269403"
"KQ053883v1","3953413","3953727","GL873543","6988346","6988645","71","3034933"
"KQ053883v1","4035668","4035928","GL873607","1421139","1421397","66","2614529"
"KQ053883v1","4065741","4066036","GL873528","4452981","4453269","59","387240"
"KQ053883v1","4107558","4107855","GL873526","25295506","25295789","72","21187948"
"KQ053883v1","4118693","4118928","GL873520","42478807","42479028","64","38360114"
"KQ053883v1","4150646","4150726","GL873644","748564","748645","17","3402082"
"KQ053883v1","4167940","4168235","GL873540","19013371","19013667","56","14845431"
"KQ053883v1","4174708","4174985","GL873607","3682953","3683211","73","491755"
"KQ053883v1","4305583","4305883","GL873521","3466616","3466925","56","838967"
"KQ053883v1","4406523","4406821","GL873546","859614","859905","59","3546909"
"KQ053883v1","4581965","4582266","GL873561","923317","923608","67","3658648"
"KQ053883v1","4596026","4596293","GL873536","13622290","13622562","58","9026264"
"KQ053883v1","4619312","4619607","GL873545","17052684","17052979","68","12433372"
"KQ053883v1","4696426","4696702","GL873587","2916612","2916896","74","1779814"
"KQ053883v1","4842835","4843118","GL873525","10897544","10897816","71","6054709"
"KQ053883v1","4845065","4845217","GL873520","54996438","54996591","42","50151373"
"KQ053883v1","4867024","4867318","GL873520","60883623","60883917","69","56016599"
"KQ053883v1","4882371","4882561","GL873576","5456276","5456453","47","573905"
"KQ053883v1","4882602","4882712","GL873544","17752535","17752644","22","12869933"
"KQ053883v1","4896471","4896776","GL873615","5162108","5162422","64","265637"
"KQ053883v1","4909127","4909344","GL873567","5709575","5709781","60","800448"
"KQ053883v1","4912030","4912364","GL873679","1263580","1263893","87","3648450"
"KQ053883v1","4913494","4913769","GL873531","14941268","14941533","78","10027774"
"KQ053883v1","4914188","4914480","GL873535","12414612","12414904","78","7500424"
"KQ053883v1","4927993","4928268","GL873580","7238391","7238676","62","2310398"
"KQ053883v1","4977489","4977776","GL873572","9034316","9034616","73","4056827"
"KQ053883v1","5042849","5043162","GL873625","3330882","3331184","77","1711967"
"KQ053883v1","5043236","5043522","GL873593","3746229","3746508","73","1297007"
"KQ053883v1","5058323","5058634","GL873537","20806240","20806550","71","15747917"
"KQ053883v1","5065594","5065899","GL873754","1754489","1754787","64","3311105"
"KQ053883v1","5086009","5086235","GL873557","4662184","4662394","64","423825"
"KQ053883v1","5099104","5099394","GL873664","4813585","4813876","66","285519"
"KQ053883v1","5112655","5112952","GL873944","39061","39359","63","5073594"
"KQ053883v1","5140491","5140783","GL873521","14599825","14600115","57","9459334"
"KQ053883v1","5189919","5190227","GL873635","4725660","4725971","54","464259"
"KQ053883v1","5197188","5197441","GL873525","10511911","10512125","85","5314723"
"KQ053883v1","5197863","5198146","GL873738","1635488","1635766","70","3562375"
"KQ053883v1","5201228","5201521","GL873586","3828887","3829179","71","1372341"
"KQ053883v1","5236039","5236298","GL873522","37171619","37171872","70","31935580"
"KQ053883v1","5240370","5240662","GL873697","3277491","3277778","72","1962879"
"KQ053883v1","5261452","5261746","GL873524","42149014","42149308","59","36887562"
"KQ053883v1","5305140","5305422","GL873711","168565","168851","67","5136575"
"KQ053883v1","5306476","5306775","GL873524","15273262","15273553","67","9966786"
"KQ053883v1","5329239","5329523","GL873550","8444078","8444367","64","3114839"
"KQ053883v1","5331180","5331396","GL873529","14559599","14559814","54","9228419"
"KQ053883v1","5339313","5339629","GL873537","23631310","23631605","72","18291997"
"KQ053883v1","5350678","5350960","GL873520","8214484","8214752","63","2863806"
"KQ053883v1","5490848","5491115","GL873532","10615508","10615770","88","5124660"
"KQ053883v1","5502505","5502783","GL873532","10615508","10615770","94","5113003"
"KQ053883v1","5528764","5528995","GL873566","13161077","13161300","49","7632313"
"KQ053883v1","5542210","5542400","GL873569","11158685","11158869","49","5616475"
"KQ053883v1","5581237","5581502","GL873564","5092960","5093208","77","488277"
"KQ053883v1","5590219","5590528","GL873579","984876","985165","80","4605343"
"KQ053883v1","5624444","5624709","GL873539","657154","657423","71","4967290"
"KQ053883v1","5641643","5641798","GL873539","7871387","7871537","39","2229744"
"KQ053883v1","5645017","5645317","GL873537","27343835","27344124","64","21698818"
"KQ053883v1","5674215","5674522","GL873524","43577965","43578256","77","37903750"
"KQ053883v1","5707837","5708014","GL873611","4276692","4276857","50","1431145"
"KQ053883v1","5745430","5745708","GL873638","1262596","1262866","67","4482834"
"KQ053883v1","5775297","5775581","GL873527","15183041","15183328","74","9407744"
"KQ053883v1","5787517","5787821","GL873533","2289538","2289847","72","3497979"
"KQ053883v1","5833462","5833681","GL873526","40957560","40957777","60","35124098"
"KQ053883v1","5856753","5856874","GL873528","3215053","3215168","31","2641700"
"KQ053883v1","5871629","5871923","GL873558","11891524","11891812","63","6019895"
"KQ053883v1","5920656","5920945","GL873520","36088702","36088990","62","30168046"
"KQ053883v1","5932598","5932872","GL873716","683696","683961","70","5248902"
"KQ053883v1","5950940","5951232","GL873550","16189253","16189537","51","10238313"
"KQ053883v1","5960002","5960295","GL873535","12414612","12414904","79","6454610"
"KQ053883v1","5998754","5998871","GL873530","1899334","1899450","18","4099420"
"KQ053883v1","6175072","6175331","GL873596","2177755","2178019","63","3997317"
"KQ053883v1","6231034","6231337","GL873535","19117269","19117567","63","12886235"
"KQ053883v1","6265718","6266013","GL873624","5660177","5660468","60","605541"
"KQ053883v1","6400142","6400433","GL873570","5714607","5714897","70","685535"
"KQ053883v1","6597606","6597713","GL873697","3397234","3397337","22","3200372"
"KQ053883v1","6621999","6622298","GL873537","20108472","20108765","56","13486473"
"KQ053883v1","6751213","6751467","GL873525","8931053","8931313","71","2179840"
"KQ053883v1","6778652","6778847","GL873520","42644555","42644741","53","35865903"
"KQ053883v1","6811884","6812118","GL873530","21919246","21919484","67","15107362"
"KQ053883v1","6852532","6852819","GL873547","6878397","6878656","73","25865"
"KQ053883v1","6885055","6885358","GL873522","42556538","42556845","68","35671483"
"KQ053883v1","6911055","6911118","GL873596","8653129","8653188","19","1742074"
"KQ053883v1","6911440","6911631","GL873545","5770711","5770903","63","1140729"
"KQ053883v1","6914764","6915029","GL873557","11779184","11779444","63","4864420"
"KQ053883v1","6927743","6928026","GL873615","6211463","6211733","68","716280"
"KQ053883v1","6938609","6938761","GL873611","7874212","7874364","35","935603"
"KQ053883v1","6953540","6953778","GL873721","422615","422855","71","6530925"
"KQ053883v1","6957573","6957760","GL873534","3827791","3827989","51","3129782"
"KQ053883v1","6961384","6961516","GL873555","14092458","14092587","30","7131074"
"KQ053883v1","6963531","6963820","GL873529","15224931","15225225","65","8261400"
"KQ053883v1","6965244","6965548","GL873611","57097","57382","89","6908147"
"KQ053883v1","6969070","6969270","GL873606","2987746","2987929","56","3981324"
"KQ053883v1","6977139","6977400","GL873526","25561318","25561578","57","18584179"
"KQ053883v1","6977599","6977679","GL873526","7255862","7255939","16","278263"
"KQ053883v1","6979309","6979612","GL873522","26416598","26416890","64","19437289"
"KQ053883v1","6984439","6984720","GL873582","5075788","5076067","68","1908651"
"KQ053883v1","6986515","6986806","GL873539","2994635","2994920","87","3991880"
"KQ053883v1","6990938","6991057","GL873646","1055788","1055886","42","5935150"
"KQ053883v1","6998497","6998638","GL873531","27593197","27593341","35","20594700"
"KQ053883v1","7003569","7003855","GL873660","743632","743918","62","6259937"
"KQ053883v1","7006678","7006857","GL873602","5194854","5195026","56","1811824"
"KQ053883v1","7010545","7010848","GL873601","3845814","3846115","66","3164731"
"KQ053883v1","7028857","7029128","GL873520","39494376","39494655","75","32465519"
"KQ053883v1","7054074","7054341","GL873523","23005666","23005944","77","15951592"
"KQ053883v1","7089084","7089368","GL873536","27318293","27318570","63","20229209"
"KQ053883v1","7127893","7128104","GL873660","1282161","1282357","61","5845732"
"KQ053883v1","7131921","7132043","GL873531","10273059","10273184","21","3141138"
"KQ053883v1","7140853","7141094","GL873540","20654782","20655010","57","13513929"
"KQ053883v1","7149139","7149449","GL873568","5970461","5970759","84","1178678"
"KQ053894v1","393174","393480","GL873523","8076383","8076689","74","7683209"
"KQ053894v1","216380","216605","GL873595","5966599","5966798","65","5750219"
"KQ053894v1","224775","225071","GL873565","4539525","4539819","71","4314750"
"KQ053894v1","349805","350102","GL873579","135175","135472","75","214630"
"KQ053894v1","384858","385157","GL873545","20254912","20255212","62","19870054"
"KQ053894v1","427631","427941","GL873557","7267236","7267535","73","6839605"
"KQ053894v1","458835","459146","GL873530","28263781","28264089","61","27804946"
"KQ053894v1","502573","502894","GL873645","2658706","2659010","81","2156133"
"KQ053894v1","559417","559685","GL873529","16449173","16449440","72","15889756"
"KQ053894v1","581232","581457","GL873761","1780040","1780263","52","1198808"
"KQ053894v1","584418","584713","GL873537","20108472","20108765","58","19524054"
"KQ053894v1","626686","626996","GL873528","25316744","25317053","64","24690058"
"KQ053894v1","728527","728782","GL873670","3294250","3294497","56","2565723"
"KQ053894v1","750241","750553","GL873539","25527772","25528079","80","24777531"
"KQ053894v1","772518","772816","GL873527","10910929","10911225","61","10138411"
"KQ053894v1","774293","774595","GL873520","43949275","43949575","70","43174982"
"KQ053894v1","778799","779107","GL873593","6523519","6523829","65","5744720"
"KQ053894v1","782962","783117","GL873539","21462229","21462375","35","20679267"
"KQ053894v1","823817","824123","GL873537","16621791","16622090","65","15797974"
"KQ053894v1","827806","828059","GL873520","30303968","30304235","64","29476162"
"KQ053894v1","838598","838914","GL873522","26487461","26487763","74","25648863"
"KQ053894v1","863403","863681","GL873540","4711812","4712090","58","3848409"
"KQ053894v1","944139","944459","GL873668","668464","668766","81","275675"
"KQ053894v1","946978","947259","GL873570","9393261","9393537","59","8446283"
"KQ053894v1","999302","999572","GL873520","42967256","42967520","62","41967954"
"KQ053894v1","1044454","1044750","GL873557","11830297","11830593","59","10785843"
"KQ053894v1","1046980","1047295","GL873537","14097659","14097958","76","13050679"
"KQ053894v1","1143305","1143584","GL873547","12234315","12234581","74","11091010"
"KQ053894v1","1151330","1151609","GL873532","30298418","30298687","63","29147088"
"KQ053894v1","1153780","1154039","GL873571","7581239","7581494","70","6427459"
"KQ053894v1","1181598","1181895","GL873618","1121386","1121685","63","60212"
"KQ053894v1","1213859","1214055","GL873521","46427393","46427598","54","45213534"
"KQ053894v1","1214534","1214659","GL873737","1246970","1247098","30","32436"
"KQ053894v1","1225734","1225931","GL873521","46427393","46427598","54","45201659"
"KQ053894v1","1226600","1226833","GL873567","10064800","10065041","57","8838200"
"KQ053894v1","1233004","1233305","GL873575","2687372","2687665","66","1454368"
"KQ053894v1","1247686","1247973","GL873522","25185925","25186218","57","23938239"
"KQ053894v1","1271399","1271686","GL873535","27790691","27790986","70","26519292"
"KQ053894v1","1286199","1286499","GL873635","5130197","5130498","69","3843998"
"KQ053894v1","1311699","1311985","GL873561","13826809","13827093","52","12515110"
"KQ053894v1","1346055","1346306","GL873558","11048912","11049157","60","9702857"
"KQ053894v1","1355642","1355901","GL873569","11579151","11579421","66","10223509"
"KQ053894v1","1364954","1365258","GL873547","7597320","7597625","58","6232366"
"KQ053894v1","1374925","1375222","GL873619","5292487","5292792","56","3917562"
"KQ053894v1","1377732","1378020","GL873731","181058","181352","61","1196674"
"KQ053894v1","1385669","1385976","GL873610","4431407","4431713","58","3045738"
"KQ053894v1","1386358","1386594","GL873551","4428507","4428742","53","3042149"
"KQ053894v1","1410786","1411078","GL873631","1772","2067","57","1409014"
"KQ053894v1","1442459","1442761","GL873610","4431407","4431713","56","2988948"
"KQ053894v1","1492889","1493122","GL873525","33141670","33141901","62","31648781"
"KQ053894v1","1502188","1502477","GL873529","9087680","9087973","72","7585492"
"KQ053894v1","1521691","1521972","GL873533","24525398","24525699","77","23003707"
"KQ053894v1","1526914","1527139","GL873659","1872889","1873113","69","345975"
"KQ053894v1","1563561","1563836","GL873533","15128008","15128290","70","13564447"
"KQ053894v1","1567889","1568193","GL873591","6395821","6396131","68","4827932"
"KQ053894v1","1569815","1570016","GL873524","14926238","14926432","45","13356423"
"KQ053894v1","1581471","1581642","GL873787","354134","354305","49","1227337"
"KQ053894v1","1588309","1588578","GL873530","17565653","17565927","69","15977344"
"KQ053894v1","1594974","1595235","GL873591","5543609","5543867","67","3948635"
"KQ053894v1","1601521","1601683","GL873543","2540939","2541102","39","939418"
"KQ053894v1","1601981","1602117","GL873570","2039760","2039891","28","437779"
"KQ053894v1","1614317","1614447","GL873520","24084579","24084710","24","22470262"
"KQ053894v1","1617345","1617653","GL873545","1673397","1673691","75","56052"
"KQ053894v1","1635022","1635309","GL873687","708441","708724","76","926581"
"KQ053894v1","1682029","1682291","GL873570","4112414","4112672","70","2430385"
"KQ053894v1","1767574","1767876","GL873521","53893978","53894270","69","52126404"
"KQ053894v1","1812688","1812944","GL873526","23761987","23762248","58","21949299"
"KQ053894v1","1821213","1821508","GL873538","3653056","3653352","78","1831843"
"KQ053894v1","1864321","1864621","GL873540","2780705","2781011","65","916384"
"KQ053894v1","1888311","1888599","GL873545","15039472","15039760","61","13151161"
"KQ053894v1","1921465","1921743","GL873723","667827","668116","85","1253638"
"KQ053894v1","2011971","2012251","GL873618","5507680","5507959","62","3495709"
"KQ053894v1","2040888","2041019","GL873590","3850918","3851049","26","1810030"
"KQ053894v1","2061283","2061518","GL873548","18459450","18459672","53","16398167"
"KQ053894v1","2074932","2075269","GL873521","4537344","4537658","85","2462412"
"KQ053894v1","2112269","2112561","GL873643","4292639","4292935","63","2180370"
"KQ053894v1","2199657","2199946","GL873523","28431022","28431322","66","26231365"
"KQ053894v1","2257166","2257475","GL873530","28263781","28264089","63","26006615"
"KQ053894v1","2311399","2311712","GL873521","24646365","24646645","76","22334966"
"KQ053894v1","2323201","2323503","GL873540","5298637","5298938","61","2975436"
"KQ053894v1","2324705","2325002","GL873537","20108472","20108765","62","17783767"
"KQ053894v1","2347271","2347557","GL873533","27079866","27080152","69","24732595"
"KQ053894v1","2358650","2358949","GL873800","736311","736599","68","1622339"
"KQ053894v1","2383218","2383521","GL873581","8448164","8448459","60","6064946"
"KQ053894v1","2555318","2555502","GL873526","9825491","9825663","58","7270173"
"KQ053894v1","2597671","2597976","GL873552","9485985","9486288","62","6888314"
"KQ053894v1","2636858","2637152","GL873534","24828530","24828825","60","22191672"
"KQ053894v1","2667054","2667340","GL873547","361265","361537","74","2305789"
"KQ053894v1","2696893","2697167","GL873545","12507634","12507895","66","9810741"
"KQ053894v1","2827473","2827594","GL873674","1333541","1333661","21","1493932"
"KQ053894v1","2847421","2847709","GL873645","2630534","2630823","69","216887"
"KQ053894v1","2857033","2857324","GL873543","17913771","17914052","71","15056738"
"KQ053894v1","2900778","2901043","GL873558","12253744","12254022","71","9352966"
"KQ053894v1","2932800","2933045","GL873545","3933988","3934236","48","1001188"
"KQ053894v1","3023742","3024077","GL873563","11195537","11195852","103","8171795"
"KQ053894v1","3051965","3052137","GL873590","779606","779778","39","2272359"
"KQ053894v1","3100908","3101212","GL873660","743632","743918","96","2357276"
"KQ053894v1","3106745","3107050","GL873532","17044604","17044891","71","13937859"
"KQ053894v1","3157156","3157440","GL873550","16189253","16189537","66","13032097"
"KQ053894v1","3184565","3184819","GL873522","36470419","36470671","71","33285854"
"KQ053894v1","3237026","3237330","GL873537","20108472","20108765","61","16871446"
"KQ053894v1","3253780","3254079","GL873529","16524419","16524713","79","13270639"
"KQ053894v1","3267108","3267258","GL873530","5352139","5352284","35","2085031"
"KQ053894v1","3267296","3267412","GL873525","27316778","27316892","22","24049482"
"KQ053894v1","3405372","3405691","GL873624","4145937","4146255","76","740565"
"KQ053894v1","3445185","3445331","GL873522","8458650","8458796","43","5013465"
"KQ053894v1","3514692","3515000","GL873521","6835945","6836242","70","3321253"
"KQ053894v1","3547916","3548062","GL873524","46293459","46293605","33","42745543"
"KQ053894v1","3602584","3602881","GL873524","42635669","42635960","82","39033085"
"KQ053894v1","3622784","3623084","GL873574","1637879","1638183","79","1984905"
"KQ053894v1","3640595","3640896","GL873577","10149931","10150226","64","6509336"
"KQ053894v1","3659999","3660299","GL873944","39061","39359","66","3620938"
"KQ053894v1","3660795","3660916","GL873528","20183067","20183179","37","16522272"
"KQ053894v1","3724188","3724469","GL873676","1881961","1882246","67","1842227"
"KQ053894v1","3732000","3732254","GL873532","8490201","8490467","72","4758201"
"KQ053894v1","3739771","3740052","GL873676","1881961","1882246","67","1857810"
"KQ053894v1","3821062","3821344","GL873522","44402217","44402489","97","40581155"
"KQ053894v1","3831063","3831363","GL873577","10149931","10150226","71","6318868"
"KQ053894v1","3919630","3919941","GL873790","227486","227794","74","3692144"
"KQ053894v1","3928685","3928989","GL873526","20255818","20256125","78","16327133"
"KQ053894v1","4011688","4011998","GL873545","20254912","20255212","61","16243224"
"KQ053901v1","2104","2398","GL873523","25556131","25556422","72","25554027"
"KQ053905v1","31697","31985","GL873520","38987202","38987491","66","38955505"
"KQ053905v1","37608","37885","GL873522","18643197","18643468","67","18605589"
"KQ053905v1","43457","43731","GL873672","1405987","1406281","87","1362530"
"KQ053905v1","51194","51472","GL873535","12038298","12038580","58","11987104"
"KQ053905v1","62599","62958","GL873525","8413156","8413526","108","8350557"
"KQ053905v1","110824","111037","GL873529","33854312","33854534","51","33743488"
"KQ053905v1","211384","211476","GL873615","7002628","7002713","20","6791244"
"KQ053905v1","211555","211771","GL873542","6834011","6834222","57","6622456"
"KQ053905v1","294715","295027","GL873760","812865","813169","68","518150"
"KQ053905v1","329521","329824","GL873531","19369345","19369649","57","19039824"
"KQ053905v1","406974","407277","GL873565","6193372","6193670","68","5786398"
"KQ053905v1","465050","465355","GL873720","1268124","1268434","60","803074"
"KQ053905v1","492412","492707","GL873561","9330005","9330309","69","8837593"
"KQ053905v1","497975","498242","GL873520","30972232","30972491","64","30474257"
"KQ053905v1","541108","541414","GL873530","16695374","16695671","75","16154266"
"KQ053905v1","607053","607357","GL873526","4884562","4884863","66","4277509"
"KQ053905v1","622711","623015","GL873672","718550","718846","76","95839"
"KQ053905v1","929544","929811","GL873550","9071514","9071783","69","8141970"
"KQ053905v1","945645","945986","GL873530","14578517","14578828","92","13632872"
"KQ053905v1","955760","956065","GL873527","11533238","11533536","74","10577478"
"KQ053905v1","1009943","1010226","GL873657","3029272","3029566","78","2019329"
"KQ053905v1","1016746","1017038","GL873657","3029272","3029566","76","2012526"
"KQ053905v1","1024966","1025266","GL873577","10149931","10150226","74","9124965"
"KQ053905v1","1035424","1035609","GL873564","4371507","4371687","42","3336083"
"KQ053905v1","1052334","1052602","GL873590","1605228","1605487","81","552894"
"KQ053905v1","1123438","1123741","GL873657","3029272","3029566","71","1905834"
"KQ053905v1","1145450","1145640","GL873520","42644555","42644741","51","41499105"
"KQ053905v1","1165101","1165377","GL873533","13967625","13967889","73","12802524"
"KQ053905v1","1172304","1172588","GL873524","42149014","42149308","65","40976710"
"KQ053905v1","1176732","1177039","GL873561","9330005","9330309","69","8153273"
"KQ053905v1","1207371","1207666","GL873624","5660177","5660468","70","4452806"
"KQ053905v1","1237067","1237237","GL873526","524997","525159","36","712070"
"KQ053905v1","1310969","1311192","GL873526","40957560","40957777","53","39646591"
"KQ053905v1","1315512","1315734","GL873526","40957560","40957777","53","39642048"
"KQ053905v1","1354420","1354727","GL873525","26089021","26089319","70","24734601"
"KQ053905v1","1567337","1567590","GL873638","5175610","5175861","58","3608273"
"KQ053905v1","1672576","1672870","GL873748","238196","238496","60","1434380"
"KQ053905v1","1747248","1747553","GL873531","26512040","26512346","75","24764792"
"KQ053905v1","1878182","1878471","GL873526","7974135","7974418","79","6095953"
"KQ053905v1","1883617","1883741","GL873563","9896983","9897100","22","8013366"
"KQ053905v1","1903086","1903206","GL873783","131223","131345","26","1771863"
"KQ053905v1","1938260","1938455","GL873558","7640666","7640846","53","5702406"
"KQ053905v1","2067111","2067328","GL873599","2977549","2977753","86","910438"
"KQ053905v1","2130869","2131065","GL873619","6143939","6144132","55","4013070"
"KQ053905v1","2172502","2172764","GL873521","8297002","8297260","69","6124500"
"KQ053905v1","2196588","2196886","GL873566","11891551","11891845","59","9694963"
"KQ053905v1","2223267","2223591","GL873537","16621791","16622090","85","14398524"
"KQ053905v1","2268197","2268487","GL873677","4203427","4203715","51","1935230"
"KQ053905v1","2280242","2280540","GL873560","8979913","8980215","66","6699671"
"KQ053905v1","2316768","2317063","GL873533","15364100","15364398","60","13047332"
"KQ053905v1","2328604","2328899","GL873537","20108472","20108765","65","17779868"
"KQ053905v1","2336871","2337157","GL873539","18506813","18507102","66","16169942"
"KQ053905v1","2865171","2865446","GL873520","47023487","47023758","61","44158316"
"KQ053905v1","2901122","2901388","GL873632","3582886","3583150","63","681764"
"KQ053905v1","3069091","3069385","GL873537","20108472","20108765","53","17039381"
"KQ053905v1","3073708","3074000","GL873529","9421454","9421749","59","6347746"
"KQ053905v1","3098839","3099122","GL873525","35143537","35143806","75","32044698"
"KQ053905v1","3341843","3342140","GL873530","17375868","17376165","68","14034025"
"KQ053905v1","3385272","3385497","GL873575","7465616","7465847","57","4080344"
"KQ053905v1","3422506","3422790","GL873736","2129809","2130100","68","1292697"
"KQ053905v1","3541562","3541866","GL873675","2576807","2577109","70","964755"
"KQ053905v1","3587566","3587870","GL873526","15433669","15433957","84","11846103"
"KQ053905v1","3589958","3590092","GL873698","169385","169520","33","3420573"
"KQ053905v1","3638218","3638512","GL873576","9392770","9393072","80","5754552"
"KQ053905v1","3715434","3715728","GL873653","2271367","2271661","63","1444067"
"KQ053905v1","3731842","3732153","GL873657","3029272","3029566","82","702570"
"KQ053905v1","3777588","3777721","GL873623","1782183","1782320","41","1995405"
"KQ053905v1","4083626","4083865","GL873525","44705324","44705548","59","40621698"
"KQ053905v1","4134447","4134735","GL873547","9628823","9629101","69","5494376"
"KQ053905v1","4200338","4200455","GL873604","8601212","8601325","25","4400874"
"KQ053905v1","4221258","4221386","GL873539","18575133","18575265","24","14353875"
"KQ053905v1","4326646","4326953","GL873524","42149014","42149308","63","37822368"
"KQ053905v1","4352841","4353123","GL873613","6387091","6387369","70","2034250"
"KQ053905v1","4515804","4516107","GL873521","14599825","14600115","65","10084021"
"KQ053905v1","4594477","4594600","GL873834","415652","415774","20","4178825"
"KQ053905v1","4617621","4617911","GL873575","5397185","5397466","63","779564"
"KQ053905v1","4696937","4697065","GL873690","1057300","1057413","41","3639637"
"KQ053905v1","4734043","4734339","GL873526","17095961","17096254","64","12361918"
"KQ053905v1","4797485","4797581","GL873528","38259735","38259828","26","33462250"
"KQ053905v1","4836116","4836420","GL873754","1754489","1754787","67","3081627"
"KQ053905v1","4839354","4839610","GL873586","6188572","6188814","69","1349218"
"KQ053905v1","4893990","4894225","GL873522","3805123","3805354","59","1088867"
"KQ053905v1","5020292","5020561","GL873543","13628351","13628611","64","8608059"
"KQ053905v1","5021626","5021754","GL873525","28471513","28471641","23","23449887"
"KQ053905v1","5036543","5036833","GL873527","24552205","24552484","66","19515662"
"KQ053905v1","5118543","5118816","GL873538","1418241","1418532","73","3700302"
"KQ053905v1","5125246","5125464","GL873625","5640863","5641072","57","515617"
"KQ053905v1","5265040","5265340","GL873624","1916988","1917283","62","3348052"
"KQ053905v1","5267855","5268035","GL873708","2084118","2084283","45","3183737"
"KQ053905v1","5336670","5336761","GL873590","5272932","5273020","22","63738"
"KQ053905v1","5348265","5348560","GL873526","7882436","7882722","63","2534171"
"KQ053905v1","5355879","5356171","GL873585","8863469","8863752","74","3507590"
"KQ053905v1","5684935","5685215","GL873557","192779","193061","53","5492156"
"KQ053916v1","883","1045","GL873564","1652491","1652654","35","1651608"
"KQ053916v1","29250","29510","GL873576","7005736","7005999","52","6976486"
"KQ053916v1","49696","49951","GL873549","15132343","15132615","70","15082647"
"KQ053916v1","92114","92431","GL873520","39057346","39057655","69","38965232"
"KQ053916v1","141906","142232","GL873720","1268124","1268434","73","1126218"
"KQ053916v1","195015","195296","GL873533","14601491","14601780","75","14406476"
"KQ053916v1","207760","208043","GL873544","12852108","12852394","50","12644348"
"KQ053916v1","226858","227133","GL873544","12852108","12852394","52","12625250"
"KQ053916v1","241400","241553","GL873549","6266538","6266683","36","6025138"
"KQ053916v1","270341","270642","GL873661","1884549","1884860","79","1614208"
"KQ053916v1","280302","280557","GL873550","6062808","6063067","56","5782506"
"KQ053916v1","299302","299519","GL873531","29211214","29211412","52","28911912"
"KQ053916v1","314507","314803","GL873522","4222168","4222461","58","3907661"
"KQ053916v1","380713","381026","GL873537","16621791","16622090","70","16241078"
"KQ053916v1","440934","441202","GL873525","33055425","33055699","78","32614491"
"KQ053916v1","448721","449013","GL873537","23325667","23325965","69","22876946"
"KQ053916v1","467603","467907","GL873614","7152477","7152772","69","6684874"
"KQ053916v1","676028","676324","GL873546","18307234","18307526","67","17631206"
"KQ053916v1","923919","924175","GL873558","12875551","12875803","62","11951632"
"KQ053916v1","1061276","1061576","GL873632","3524037","3524325","62","2462761"
"KQ053916v1","1081794","1082079","GL873537","20108472","20108765","58","19026678"
"KQ053916v1","1135511","1135708","GL873520","72463873","72464057","53","71328362"
"KQ053916v1","1174115","1174389","GL873543","13628351","13628611","79","12454236"
"KQ053916v1","1196663","1196861","GL873613","3583174","3583356","53","2386511"
"KQ053916v1","1202444","1202713","GL873528","7326954","7327222","72","6124510"
"KQ053916v1","1228863","1229137","GL873526","8965429","8965699","59","7736566"
"KQ053916v1","1248878","1249154","GL873579","823090","823369","69","425788"
"KQ053916v1","1262647","1262942","GL873605","693363","693649","64","569284"
"KQ053916v1","1266892","1267194","GL873521","49874189","49874492","58","48607297"
"KQ053916v1","1268450","1268749","GL873520","48675796","48676094","65","47407346"
"KQ053916v1","1274811","1275111","GL873525","8368691","8368984","55","7093880"
"KQ053916v1","1287950","1288239","GL873574","4855555","4855848","62","3567605"
"KQ053916v1","1294215","1294507","GL873627","3689341","3689625","65","2395126"
"KQ053916v1","1296354","1296516","GL873532","14139242","14139410","45","12842888"
"KQ053916v1","1317044","1317271","GL873529","8596265","8596494","40","7279221"
"KQ053916v1","1318377","1318666","GL873677","4203427","4203715","51","2885050"
"KQ053916v1","1333079","1333386","GL873528","11285622","11285914","71","9952543"
"KQ053916v1","1344199","1344497","GL873537","20108472","20108765","43","18764273"
"KQ053916v1","1365474","1365655","GL873529","2000376","2000544","53","634902"
"KQ053916v1","1380733","1380961","GL873621","5902981","5903205","50","4522248"
"KQ053916v1","1384406","1384691","GL873601","6829228","6829500","69","5444822"
"KQ053916v1","1397522","1397801","GL873547","14329017","14329292","54","12931495"
"KQ053916v1","1442081","1442383","GL873577","6411592","6411883","69","4969511"
"KQ053916v1","1448031","1448324","GL873547","11458791","11459084","51","10010760"
"KQ053916v1","1458133","1458341","GL873536","11071548","11071769","68","9613415"
"KQ053916v1","1470415","1470623","GL873536","11071548","11071769","63","9601133"
"KQ053916v1","1535515","1535797","GL873716","350872","351151","75","1184643"
"KQ053916v1","1541510","1541721","GL873695","2022484","2022704","51","480974"
"KQ053916v1","1634057","1634237","GL873531","2823200","2823366","42","1189143"
"KQ053916v1","1636566","1636856","GL873520","38124828","38125119","53","36488262"
"KQ053916v1","1663645","1663919","GL873549","10171644","10171918","58","8507999"
"KQ053916v1","1706061","1706238","GL873529","21723042","21723220","39","20016981"
"KQ053916v1","1800773","1801048","GL873592","2017960","2018232","57","217187"
"KQ053916v1","1801132","1801149","GL873558","9911706","9911723","5","8110574"
"KQ053916v1","1849480","1849766","GL873677","4203427","4203715","50","2353947"
"KQ053916v1","1863992","1864271","GL873537","18372640","18372919","69","16508648"
"KQ053916v1","1878219","1878505","GL873537","18372640","18372919","65","16494421"
"KQ053916v1","1888739","1889019","GL873524","1792935","1793204","59","95804"
"KQ053916v1","1898683","1898988","GL873577","10149931","10150226","65","8251248"
"KQ053916v1","1939892","1940189","GL873646","5530496","5530792","73","3590604"
"KQ053916v1","2048606","2048848","GL873703","3121444","3121682","62","1072838"
"KQ053916v1","2125404","2125723","GL873557","8775388","8775677","90","6649984"
"KQ053916v1","2186230","2186520","GL873575","122012","122312","66","2064218"
"KQ053916v1","2250626","2250713","GL873618","3935608","3935694","14","1684982"
"KQ053916v1","2321606","2321911","GL873691","1843707","1844022","61","477899"
"KQ053916v1","2355659","2355834","GL873661","1432630","1432794","41","923029"
"KQ053916v1","2388913","2389200","GL873562","11382494","11382780","56","8993581"
"KQ053916v1","2410259","2410396","GL873530","15740481","15740604","40","13330222"
"KQ053916v1","2411131","2411433","GL873770","314045","314344","65","2097086"
"KQ053916v1","2421356","2421626","GL873615","6211463","6211733","60","3790107"
"KQ053916v1","2431649","2431948","GL873521","49874189","49874492","64","47442540"
"KQ053916v1","2440758","2440871","GL873521","44184364","44184477","33","41743606"
"KQ053916v1","2450032","2450320","GL873538","2064446","2064736","71","385586"
"KQ053916v1","2507715","2507958","GL873593","7033927","7034168","66","4526212"
"KQ053916v1","2525769","2526081","GL873545","17052684","17052979","70","14526915"
"KQ053916v1","2538817","2539139","GL873544","13109134","13109442","78","10570317"
"KQ053916v1","2550472","2550778","GL873657","3029272","3029566","62","478800"
"KQ053916v1","2559638","2559906","GL873647","3714242","3714513","59","1154604"
"KQ053916v1","2591445","2591734","GL873521","49874189","49874492","69","47282744"
"KQ053916v1","2644989","2645290","GL873575","2687372","2687665","62","42383"
"KQ053916v1","2705409","2705710","GL873522","35589890","35590189","65","32884481"
"KQ053916v1","2720360","2720610","GL873528","1268672","1268921","53","1451688"
"KQ053916v1","2786706","2787002","GL873657","3029272","3029566","63","242566"
"KQ053916v1","2800480","2800771","GL873533","27652586","27652871","69","24852106"
"KQ053916v1","2819541","2819823","GL873530","21594334","21594610","68","18774793"
"KQ053916v1","2829917","2830216","GL873586","3828887","3829179","59","998970"
"KQ053916v1","2920845","2921126","GL873667","1101787","1102064","62","1819058"
"KQ053916v1","2963070","2963368","GL873720","1268124","1268434","75","1694946"
"KQ053916v1","3056042","3056324","GL873660","743632","743918","57","2312410"
"KQ053925v1","15048","15357","GL873556","451239","451541","67","436191"
"KQ053927v1","4477","4760","GL873737","1691288","1691582","78","1686811"
"KQ053927v1","76753","76966","GL873533","23680427","23680639","50","23603674"
"KQ053927v1","93416","93737","GL873557","13215871","13216171","88","13122455"
"KQ053927v1","95891","95999","GL873534","20663132","20663239","32","20567241"
"KQ053927v1","103874","104002","GL873646","4012005","4012125","26","3908131"
"KQ053927v1","286084","286374","GL873536","13622290","13622562","69","13336206"
"KQ053927v1","518427","518718","GL873530","17375868","17376165","58","16857441"
"KQ053927v1","538447","538683","GL873701","950220","950459","61","411773"
"KQ053927v1","558671","558959","GL873566","10839134","10839416","83","10280463"
"KQ053927v1","620218","620516","GL873654","440874","441161","64","179344"
"KQ053927v1","628154","628461","GL873545","13698150","13698456","68","13069996"
"KQ053927v1","631226","631559","GL873526","6403254","6403551","101","5772028"
"KQ053927v1","639887","640084","GL873541","17034242","17034432","70","16394355"
"KQ053927v1","650033","650326","GL873558","11891524","11891812","80","11241491"
"KQ053927v1","660147","660441","GL873558","11891524","11891812","77","11231377"
"KQ053927v1","669052","669358","GL873530","16695374","16695671","69","16026322"
"KQ053927v1","690561","690866","GL873591","6395821","6396131","71","5705260"
"KQ053927v1","697091","697198","GL873527","24490086","24490192","20","23792995"
"KQ053927v1","718614","718884","GL873568","5010566","5010830","77","4291952"
"KQ053927v1","750979","751280","GL873531","27860265","27860563","53","27109286"
"KQ053927v1","755608","755875","GL873624","1833935","1834197","64","1078327"
"KQ053927v1","796580","796861","GL873715","410523","410802","47","386057"
"KQ053927v1","824438","824681","GL873532","29093100","29093350","63","28268662"
"KQ053927v1","900111","900416","GL873545","17052684","17052979","62","16152573"
"KQ053927v1","1077418","1077497","GL873623","5740877","5740960","17","4663459"
"KQ053927v1","1332222","1332519","GL873538","3757160","3757448","87","2424938"
"KQ053927v1","1338420","1338688","GL873525","29965758","29966031","80","28627338"
"KQ053927v1","1384502","1384784","GL873534","15140925","15141195","59","13756423"
"KQ053927v1","1448303","1448594","GL873529","8590902","8591183","68","7142599"
"KQ053927v1","1533239","1533540","GL873522","8095500","8095795","68","6562261"
"KQ053927v1","1552291","1552556","GL873549","1854009","1854279","63","301718"
"KQ053927v1","1553803","1554127","GL873524","1292083","1292385","73","261720"
"KQ053927v1","1572251","1572563","GL873522","4867970","4868269","78","3295719"
"KQ053932v1","4689","4813","AAQR03199654","739","868","32","3950"
"KQ053935v1","4313","4617","GL873527","17218205","17218503","109","17213892"
"KQ053946v1","9054","9314","GL873534","15140925","15141195","62","15131871"
"KQ053947v1","21201","21318","GL873530","19767980","19768099","25","19746779"
"KQ053947v1","21347","21523","GL873524","1211458","1211633","52","1190111"
"KQ053947v1","46682","46972","GL873646","895131","895424","69","848449"
"KQ053947v1","218923","219227","GL873557","7267236","7267535","71","7048313"
"KQ053948v1","59234","59446","GL873533","23680427","23680639","55","23621193"
"KQ053948v1","87096","87358","GL873520","37739267","37739535","61","37652171"
"KQ053948v1","117171","117469","GL873596","8378412","8378699","55","8261241"
"KQ053948v1","118115","118370","GL873762","1412192","1412435","63","1294077"
"KQ053948v1","120088","120374","GL873533","303317","303605","64","183229"
"KQ053948v1","136899","137197","GL873564","5147943","5148224","80","5011044"
"KQ053948v1","145754","146061","GL873720","1268124","1268434","57","1122370"
"KQ053948v1","160230","160535","GL873535","29101688","29101988","78","28941458"
"KQ053948v1","181859","182144","GL873523","28431022","28431322","72","28249163"
"KQ053948v1","198426","198705","GL873547","12234315","12234581","75","12035889"
"KQ053948v1","201988","202204","GL873529","36944120","36944337","57","36742132"
"KQ053948v1","246249","246531","GL873628","1904991","1905264","65","1658742"
"KQ053948v1","268156","268459","GL873526","22093070","22093370","69","21824914"
"KQ053948v1","274178","274478","GL873821","517426","517719","68","243248"
"KQ053948v1","287870","288158","GL873533","102414","102700","74","185456"
"KQ053948v1","301930","302199","GL873536","7793571","7793853","69","7491641"
"KQ053948v1","308586","308875","GL873544","12852108","12852394","62","12543522"
"KQ053948v1","313565","313866","GL873631","2307601","2307888","66","1994036"
"KQ053948v1","316042","316336","GL873555","12985384","12985684","58","12669342"
"KQ053948v1","333959","334088","GL873533","55106","55229","24","278853"
"KQ053948v1","350305","350618","GL873521","44139418","44139729","62","43789113"
"KQ053948v1","362423","362541","GL873634","4995041","4995160","24","4632618"
"KQ053948v1","365422","365715","GL873543","12526309","12526602","65","12160887"
"KQ053948v1","385077","385368","GL873691","1286765","1287055","59","901688"
"KQ053948v1","390849","391134","GL873586","3828887","3829179","69","3438038"
"KQ053948v1","418597","418852","GL873527","15959106","15959367","51","15540509"
"KQ053948v1","422824","423112","GL873574","8855062","8855350","62","8432238"
"KQ053948v1","436119","436410","GL873529","23083772","23084054","59","22647653"
"KQ053948v1","438342","438648","GL873584","2524061","2524354","82","2085719"
"KQ053948v1","454211","454503","GL873522","26416598","26416890","52","25962387"
"KQ053948v1","501577","501904","GL873592","7775568","7775869","95","7273991"
"KQ053948v1","550552","550778","GL873615","239286","239511","54","311266"
"KQ053948v1","623965","624030","GL873548","1397675","1397737","16","773710"
"KQ053948v1","627427","627740","GL873531","19369345","19369649","71","18741918"
"KQ053948v1","659084","659426","GL873586","6643146","6643447","89","5984062"
"KQ053948v1","724690","725002","GL873547","8917733","8918044","55","8193043"
"KQ053948v1","791852","792135","GL873587","2916612","2916896","67","2124760"
"KQ053948v1","807424","807514","GL873525","8812413","8812511","19","8004989"
"KQ053948v1","807547","807726","GL873564","4371507","4371687","39","3563960"
"KQ053948v1","834372","834663","GL873557","14125304","14125596","68","13290932"
"KQ053948v1","979904","980196","GL873523","28150184","28150470","74","27170280"
"KQ053948v1","1004924","1005204","GL873525","29185573","29185863","71","28180649"
"KQ053948v1","1051553","1051844","GL873529","28724389","28724653","79","27672836"
"KQ053948v1","1071416","1071746","GL873557","3159396","3159707","86","2087980"
"KQ053948v1","1080594","1080732","GL873533","27639567","27639703","25","26558973"
"KQ053948v1","1080735","1081036","GL873526","20255818","20256125","70","19175083"
"KQ053948v1","1096854","1097066","GL873680","714216","714447","60","382638"
"KQ053948v1","1100807","1101127","GL873521","49874189","49874492","81","48773382"
"KQ053948v1","1102620","1102905","GL873529","8590902","8591183","60","7488282"
"KQ053948v1","1135515","1135814","GL873646","5530496","5530792","60","4394981"
"KQ053948v1","1170040","1170336","GL873673","4218625","4218921","56","3048585"
"KQ053948v1","1221892","1222145","GL873529","35629520","35629778","57","34407628"
"KQ053948v1","1238729","1239005","GL873593","3958983","3959265","61","2720254"
"KQ053948v1","1254614","1254902","GL873584","10860511","10860807","63","9605897"
"KQ053948v1","1281940","1282237","GL873523","25968963","25969265","72","24687023"
"KQ053948v1","1288860","1289117","GL873632","5546235","5546488","53","4257375"
"KQ053948v1","1311598","1311837","GL873590","671368","671605","79","640230"
"KQ053948v1","1313821","1314002","GL873639","587340","587511","52","726481"
"KQ053948v1","1318258","1318497","GL873557","6395178","6395429","56","5076920"
"KQ053948v1","1335478","1335792","GL873534","29030932","29031235","85","27695454"
"KQ053948v1","1359047","1359174","GL873536","22370995","22371119","23","21011948"
"KQ053948v1","1361130","1361258","GL873534","26599213","26599337","22","25238083"
"KQ053948v1","1393957","1394229","GL873615","558959","559233","66","834998"
"KQ053948v1","1397516","1397816","GL873540","19013371","19013667","56","17615855"
"KQ053948v1","1410178","1410482","GL873521","8076358","8076657","70","6666180"
"KQ053948v1","1420115","1420394","GL873520","38236690","38236980","70","36816575"
"KQ053948v1","1421591","1421858","GL873520","25562285","25562550","56","24140694"
"KQ053948v1","1422551","1422859","GL873675","1780107","1780409","70","357556"
"KQ053948v1","1438218","1438504","GL873538","2723256","2723539","65","1285038"
"KQ053948v1","1447556","1447827","GL873693","2634108","2634374","71","1186552"
"KQ053948v1","1455190","1455487","GL873548","16911479","16911770","66","15456289"
"KQ053948v1","1494731","1495010","GL873526","8284727","8285011","68","6789996"
"KQ053948v1","1500371","1500633","GL873682","1440233","1440490","66","60138"
"KQ053948v1","1524993","1525286","GL873537","16082428","16082720","62","14557435"
"KQ053948v1","1526915","1527208","GL873748","238196","238496","65","1288719"
"KQ053948v1","1533099","1533382","GL873520","60883623","60883917","70","59350524"
"KQ053948v1","1620159","1620391","GL873551","4428507","4428742","52","2808348"
"KQ053948v1","1628888","1629176","GL873535","12038298","12038580","59","10409410"
"KQ053948v1","1630943","1631205","GL873602","7032948","7033214","54","5402005"
"KQ053948v1","1641468","1641588","GL873569","10397977","10398093","25","8756509"
"KQ053948v1","1701628","1701840","GL873624","3432800","3433013","63","1731172"
"KQ053948v1","1702042","1702226","GL873537","5923378","5923565","46","4221336"
"KQ053948v1","1704762","1705039","GL873596","8724296","8724570","59","7019534"
"KQ053948v1","1706633","1706944","GL873553","11956423","11956703","88","10249790"
"KQ053948v1","1726486","1726689","GL873557","5125101","5125304","51","3398615"
"KQ053948v1","1835359","1835669","GL873531","19369345","19369649","56","17533986"
"KQ053948v1","1845143","1845416","GL873531","27860265","27860563","72","26015122"
"KQ053948v1","1856341","1856643","GL873523","8076383","8076689","58","6220042"
"KQ053948v1","1894593","1894896","GL873529","23187389","23187683","51","21292796"
"KQ053948v1","1936174","1936387","GL873754","1344994","1345175","67","591180"
"KQ053948v1","1939940","1940238","GL873545","1673397","1673691","61","266543"
"KQ053948v1","1945841","1946044","GL873631","3545746","3545938","46","1599905"
"KQ053948v1","1953215","1953451","GL873538","11416277","11416524","48","9463062"
"KQ053948v1","1956160","1956327","GL873557","12115718","12115877","53","10159558"
"KQ053948v1","1962944","1963230","GL873602","6854277","6854560","52","4891333"
"KQ053948v1","1968692","1968967","GL873550","4639731","4640010","67","2671039"
"KQ053948v1","1983144","1983436","GL873537","20108472","20108765","57","18125328"
"KQ053948v1","2005290","2005586","GL873537","20108472","20108765","59","18103182"
"KQ053948v1","2011402","2011527","GL873786","557088","557212","23","1454314"
"KQ053948v1","2046363","2046625","GL873691","1969984","1970273","63","76379"
"KQ053948v1","2050045","2050298","GL873538","11416277","11416524","65","9366232"
"KQ053948v1","2067819","2068087","GL873698","650186","650451","64","1417633"
"KQ053948v1","2097411","2097696","GL873646","5530496","5530792","62","3433085"
"KQ053948v1","2098065","2098378","GL873521","5198887","5199193","69","3100822"
"KQ053948v1","2101483","2101736","GL873533","13380721","13380981","54","11279238"
"KQ053948v1","2103974","2104277","GL873524","42149014","42149308","69","40045040"
"KQ053948v1","2110557","2110713","GL873520","42259197","42259344","36","40148640"
"KQ053948v1","2115547","2115846","GL873550","7755620","7755922","64","5640073"
"KQ053948v1","2130515","2130784","GL873520","16709587","16709864","70","14579072"
"KQ053948v1","2169218","2169502","GL873557","5844700","5844982","73","3675482"
"KQ053948v1","2181004","2181312","GL873522","44570582","44570880","84","42389578"
"KQ053948v1","2194174","2194276","GL873600","5746516","5746616","14","3552342"
"KQ053948v1","2196811","2197101","GL873715","893225","893501","85","1303586"
"KQ053948v1","2201206","2201502","GL873558","6447437","6447729","67","4246231"
"KQ053948v1","2213976","2214265","GL873530","14859243","14859531","67","12645267"
"KQ053948v1","2219253","2219464","GL873524","19065990","19066189","54","16846737"
"KQ053948v1","2264761","2265050","GL873531","27860265","27860563","56","25595504"
"KQ053948v1","2275990","2276161","GL873577","4898264","4898426","40","2622274"
"KQ053948v1","2279446","2279765","GL873660","743632","743918","94","1535814"
"KQ053948v1","2344562","2344858","GL873542","7302503","7302792","67","4957941"
"KQ053948v1","2349961","2350068","GL873538","23066114","23066215","25","20716153"
"KQ053948v1","2361985","2362156","GL873526","10575149","10575318","46","8213164"
"KQ053948v1","2362743","2363044","GL873720","1260195","1260485","65","1102548"
"KQ053948v1","2366642","2366769","GL873536","22370995","22371119","35","20004353"
"KQ053948v1","2369712","2369841","GL873527","13593002","13593120","36","11223290"
"KQ053948v1","2383746","2383965","GL873521","4504046","4504259","51","2120300"
"KQ053948v1","2388814","2389069","GL873526","27363782","27364052","66","24974968"
"KQ053948v1","2390566","2390866","GL873575","2687372","2687665","77","296806"
"KQ053948v1","2395977","2396286","GL873537","14571116","14571406","85","12175139"
"KQ053948v1","2410768","2410968","GL873524","6456913","6457100","59","4046145"
"KQ053948v1","2412703","2412979","GL873560","11614888","11615174","90","9202185"
"KQ053948v1","2413008","2413116","GL873602","56753","56851","33","2356255"
"KQ053948v1","2424431","2424536","GL873602","56753","56851","28","2367678"
"KQ053948v1","2424567","2424856","GL873618","4797569","4797854","77","2373002"
"KQ053948v1","2431196","2431415","GL873526","40957560","40957777","54","38526364"
"KQ053948v1","2443309","2443577","GL873608","2208853","2209125","67","234456"
"KQ053948v1","2465108","2465422","GL873531","27860265","27860563","70","25395157"
"KQ053948v1","2471650","2471937","GL873571","9249120","9249416","78","6777470"
"KQ053948v1","2474112","2474409","GL873571","9249120","9249416","74","6775008"
"KQ053948v1","2480813","2481109","GL873571","9249120","9249416","73","6768307"
"KQ053948v1","2491401","2491604","GL873625","5640863","5641072","50","3149462"
"KQ053948v1","2524063","2524133","GL873524","34217749","34217817","23","31693686"
"KQ053948v1","2530245","2530390","GL873545","20031078","20031208","38","17500833"
"KQ053948v1","2530721","2530904","GL873566","8156980","8157152","48","5626259"
"KQ053948v1","2535851","2535980","GL873530","26696256","26696387","21","24160405"
"KQ053948v1","2540333","2540623","GL873520","38164406","38164677","75","35624073"
"KQ053948v1","2552539","2552825","GL873529","23083772","23084054","55","20531233"
"KQ053948v1","2566008","2566297","GL873539","1769888","1770171","74","796120"
"KQ053948v1","2573020","2573315","GL873524","42149014","42149308","62","39575994"
"KQ053948v1","2605886","2606131","GL873539","15998803","15999035","60","13392917"
"KQ053948v1","2613167","2613500","GL873691","2564048","2564362","96","49119"
"KQ053948v1","2617671","2617964","GL873800","736311","736599","66","1881360"
"KQ053948v1","2619850","2620160","GL873522","10042566","10042867","60","7422716"
"KQ053948v1","2647101","2647420","GL873522","4867970","4868269","73","2220869"
"KQ053948v1","2657794","2658066","GL873602","7032948","7033214","60","4375154"
"KQ053948v1","2659031","2659149","GL873593","493943","494061","24","2165088"
"KQ053948v1","2665775","2666034","GL873670","1074264","1074510","73","1591511"
"KQ053948v1","2682979","2683210","GL873568","9162163","9162390","63","6479184"
"KQ053948v1","2697695","2697988","GL873539","4345510","4345763","92","1647815"
"KQ053948v1","2709002","2709296","GL873624","2274914","2275213","81","434088"
"KQ053948v1","2711600","2711886","GL873530","5352818","5353104","84","2641218"
"KQ053948v1","2720190","2720273","GL873618","3935608","3935694","22","1215418"
"KQ053948v1","2740964","2741264","GL873558","11845040","11845343","62","9104076"
"KQ053948v1","2743890","2744191","GL873586","3828887","3829179","69","1084997"
"KQ053948v1","2752193","2752307","GL873587","448922","449042","22","2303271"
"KQ053948v1","2755509","2755807","GL873520","71267176","71267471","74","68511667"
"KQ053948v1","2762328","2762620","GL873577","10149931","10150226","61","7387603"
"KQ053948v1","2764531","2764840","GL873561","9330005","9330309","67","6565474"
"KQ053948v1","2781642","2781781","GL873589","8476759","8476889","34","5695117"
"KQ053948v1","2790990","2791297","GL873577","10149931","10150226","71","7358941"
"KQ053948v1","2803314","2803602","GL873545","17257314","17257599","53","14454000"
"KQ053948v1","2804496","2804783","GL873596","6774480","6774760","68","3969984"
"KQ053948v1","2811498","2811633","GL873537","6930739","6930868","30","4119241"
"KQ053948v1","2824926","2825052","GL873631","1714787","1714914","19","1110139"
"KQ053948v1","2833291","2833564","GL873685","1021769","1022039","57","1811522"
"KQ053948v1","2834047","2834133","GL873531","16275379","16275462","11","13441332"
"KQ053948v1","2835310","2835563","GL873569","2122462","2122714","59","712848"
"KQ053948v1","2840428","2840718","GL873573","6592502","6592778","70","3752074"
"KQ053948v1","2844664","2844975","GL873526","28619796","28620107","58","25775132"
"KQ053948v1","2848119","2848416","GL873545","17052684","17052979","75","14204565"
"KQ053948v1","2904493","2904787","GL873541","12259937","12260209","87","9355444"
"KQ053948v1","2905125","2905425","GL873546","18307234","18307526","73","15402109"
"KQ053948v1","2908451","2908743","GL873670","1665421","1665704","67","1243030"
"KQ053948v1","2911921","2912140","GL873540","17231565","17231783","61","14319644"
"KQ053948v1","2946787","2947089","GL873522","4222168","4222461","63","1275381"
"KQ053948v1","2953288","2953512","GL873579","10953212","10953437","49","7999924"
"KQ053948v1","2984117","2984420","GL873530","20101565","20101856","66","17117448"
"KQ053948v1","2991458","2991545","GL873615","6704787","6704874","20","3713329"
"KQ053948v1","2991876","2991962","GL873639","3765723","3765808","27","773847"
"KQ053948v1","2992638","2992776","GL873541","18539424","18539558","31","15546786"
"KQ053948v1","3009910","3010036","GL873526","10906259","10906385","21","7896349"
"KQ053948v1","3010139","3010227","GL873531","28052872","28052959","18","25042733"
"KQ053948v1","3023479","3023694","GL873520","17050992","17051217","65","14027513"
"KQ053948v1","3056145","3056371","GL873531","4298410","4298635","62","1242265"
"KQ053948v1","3056611","3056915","GL873547","5493694","5493965","86","2437083"
"KQ053948v1","3059578","3059797","GL873526","40957560","40957777","57","37897982"
"KQ053948v1","3060032","3060297","GL873525","39406047","39406306","61","36346015"
"KQ053948v1","3101024","3101322","GL873520","38236690","38236980","64","35135666"
"KQ053948v1","3112077","3112195","GL873587","448922","449042","17","2663155"
"KQ053948v1","3128668","3128963","GL873523","25556131","25556422","56","22427463"
"KQ053948v1","3193020","3193246","GL873605","2289313","2289533","57","903707"
"KQ053949v1","4943","5231","GL873526","25295506","25295789","74","25290563"
"KQ053954v1","1743","2026","GL873700","423134","423410","64","421391"
"KQ053959v1","27944","28068","GL873577","11033333","11033456","16","11005389"
"KQ053959v1","35756","36059","GL873557","10453422","10453715","80","10417666"
"KQ053959v1","76980","77277","GL873608","4218070","4218374","62","4141090"
"KQ053959v1","119352","119655","GL873540","19013371","19013667","53","18894019"
"KQ053959v1","149073","149361","GL873606","6177600","6177887","54","6028527"
"KQ053959v1","176597","176888","GL873538","24663308","24663595","64","24486711"
"KQ053959v1","213193","213488","GL873800","736311","736599","47","523118"
"KQ053959v1","239364","239676","GL873601","1429597","1429906","71","1190233"
"KQ053959v1","402659","402950","GL873599","4643211","4643494","71","4240552"
"KQ053959v1","416833","417083","GL873550","7698928","7699169","63","7282095"
"KQ053959v1","666882","667185","GL873701","1733044","1733352","64","1066162"
"KQ053959v1","730910","731193","GL873624","2308457","2308738","61","1577547"
"KQ053959v1","831088","831398","GL873522","8095500","8095795","70","7264412"
"KQ053959v1","840787","841062","GL873529","22442130","22442401","52","21601343"
"KQ053959v1","874909","875221","GL873551","12320507","12320805","73","11445598"
"KQ053959v1","879424","879727","GL873561","9330005","9330309","66","8450581"
"KQ053959v1","939096","939384","GL873545","2508162","2508439","73","1569066"
"KQ053959v1","952612","952736","GL873548","6651882","6652005","15","5699270"
"KQ053959v1","954051","954343","GL873577","10149931","10150226","69","9195880"
"KQ053959v1","966538","966780","GL873624","2883081","2883295","64","1916543"
"KQ053959v1","995942","996252","GL873623","4501593","4501900","76","3505651"
"KQ053959v1","1021654","1021960","GL873610","5611406","5611710","72","4589752"
"KQ053959v1","1044916","1045181","GL873590","336943","337217","75","707973"
"KQ053959v1","1274802","1275082","GL873524","41769559","41769828","66","40494757"
"KQ053959v1","1386282","1386426","GL873608","75834","75982","36","1310448"
"KQ053959v1","1465173","1465480","GL873530","17375868","17376165","58","15910695"
"KQ053959v1","1540898","1541183","GL873602","6854277","6854560","61","5313379"
"KQ053959v1","1681231","1681398","GL873742","616637","616810","33","1064594"
"KQ053959v1","1722957","1723230","GL873542","14156809","14157081","72","12433852"
"KQ053959v1","1763385","1763681","GL873523","32494078","32494381","71","30730693"
"KQ053959v1","1914403","1914566","GL873582","10363265","10363428","47","8448862"
"KQ053959v1","1936591","1936880","GL873520","38764685","38764975","72","36828094"
"KQ053959v1","1948811","1949081","GL873529","16919742","16920010","74","14970931"
"KQ053959v1","2014384","2014703","GL873556","996424","996728","68","1017960"
"KQ053959v1","2033440","2033737","GL873544","17230668","17230971","61","15197228"
"KQ053959v1","2039550","2039849","GL873537","20108472","20108765","56","18068922"
"KQ053959v1","2040649","2040941","GL873568","11560706","11561001","67","9520057"
"KQ053959v1","2124455","2124706","GL873536","11196819","11197052","69","9072364"
"KQ053959v1","2138081","2138375","GL873665","2891460","2891748","70","753379"
"KQ053959v1","2158500","2158774","GL873538","2204733","2205000","77","46233"
"KQ053959v1","2179311","2179590","GL873538","2102031","2102304","71","77280"
"KQ053959v1","2199322","2199485","GL873537","17897136","17897316","46","15697814"
"KQ053959v1","2222241","2222549","GL873549","1792688","1792985","71","429553"
"KQ053959v1","2315936","2316254","GL873596","431038","431336","79","1884898"
"KQ053959v1","2330824","2331124","GL873538","15635099","15635394","65","13304275"
"KQ053959v1","2338490","2338790","GL873538","15635099","15635394","66","13296609"
"KQ053959v1","2357162","2357460","GL873566","5637451","5637747","58","3280289"
"KQ053959v1","2357464","2357603","GL873543","13242093","13242230","33","10884629"
"KQ053959v1","2365158","2365433","GL873522","26431469","26431747","58","24066311"
"KQ053959v1","2365454","2365592","GL873537","22180947","22181078","35","19815493"
"KQ053959v1","2372582","2372866","GL873533","23793613","23793905","57","21421031"
"KQ053959v1","2410058","2410301","GL873532","27326223","27326480","74","24916165"
"KQ053959v1","2412298","2412583","GL873553","4844864","4845142","69","2432566"
"KQ053959v1","2419737","2419863","GL873540","24025229","24025350","24","21605492"
"KQ053959v1","2526788","2527096","GL873563","5489805","5490109","55","2963017"
"KQ053959v1","2584246","2584507","GL873525","45666061","45666334","76","43081815"
"KQ053959v1","2650891","2651170","GL873738","1635488","1635766","59","1015403"
"KQ053959v1","2655239","2655531","GL873737","1691288","1691582","56","963951"
"KQ053959v1","2695808","2696102","GL873544","17387088","17387379","61","14691280"
"KQ053959v1","2826861","2827157","GL873528","4452981","4453269","60","1626120"
"KQ053959v1","2847791","2848086","GL873598","8338964","8339257","66","5491173"
"KQ053959v1","2894489","2894812","GL873569","144899","145205","78","2749590"
"KQ053959v1","2895530","2895695","GL873740","668373","668539","35","2227157"
"KQ053959v1","2913852","2914172","GL873530","17744466","17744774","82","14830614"
"KQ053959v1","2914873","2915040","GL873740","668373","668539","39","2246500"
"KQ053959v1","2932834","2933054","GL873522","21258404","21258617","54","18325570"
"KQ053959v1","2976284","2976602","GL873570","208301","208614","75","2767983"
"KQ053959v1","3052779","3053060","GL873616","7318626","7318922","57","4265847"
"KQ053959v1","3106948","3107151","GL873579","11042363","11042566","54","7935415"
"KQ053959v1","3119290","3119597","GL873632","5563150","5563458","59","2443860"
"KQ053959v1","3140450","3140661","GL873541","22865953","22866168","68","19725503"
"KQ053959v1","3264933","3265249","GL873520","39057346","39057655","80","35792413"
"KQ053959v1","3295011","3295267","GL873522","35766139","35766394","75","32471128"
"KQ053959v1","3650371","3650657","GL873532","291201","291487","64","3359170"
"KQ053959v1","3766443","3766735","GL873561","9330005","9330309","61","5563562"
"KQ053959v1","3774267","3774556","GL873660","743632","743918","62","3030635"
"KQ053959v1","3781433","3781724","GL873565","846944","847233","62","2934489"
"KQ053959v1","3840697","3841011","GL873544","13109134","13109442","86","9268437"
"KQ053959v1","3996771","3997074","GL873563","5489805","5490109","55","1493034"
"KQ053959v1","4124575","4124907","GL873547","8917733","8918044","79","4793158"
"KQ053959v1","4149828","4150012","GL873543","20066117","20066293","53","15916289"
"KQ053959v1","4198645","4198913","GL873641","3739591","3739847","68","459054"
"KQ053959v1","4246640","4246841","GL873536","6651900","6652108","62","2405260"
"KQ053959v1","4366104","4366396","GL873522","4222168","4222461","51","143936"
"KQ053959v1","4397299","4397594","GL873750","1418881","1419168","57","2978418"
"KQ053959v1","4407476","4407770","GL873527","5721671","5721968","64","1314195"
"KQ053959v1","4410802","4411048","GL873526","4830085","4830323","59","419283"
"KQ053959v1","4418733","4418988","GL873577","3945234","3945493","61","473499"
"KQ053959v1","4419014","4419054","GL873538","12602541","12602589","18","8183527"
"KQ053959v1","4422756","4423024","GL873576","11040975","11041245","72","6618219"
"KQ053959v1","4448275","4448473","GL873534","3827791","3827989","57","620484"
"KQ053959v1","4452380","4452684","GL873557","7267236","7267535","76","2814856"
"KQ053959v1","4477951","4478245","GL873831","345857","346142","70","4132094"
"KQ053959v1","4485883","4486072","GL873526","14434768","14434967","53","9948885"
"KQ053959v1","4518224","4518529","GL873625","3330882","3331184","60","1187342"
"KQ053959v1","4522902","4523169","GL873576","9553673","9553956","82","5030771"
"KQ053959v1","4543554","4543869","GL873521","5341124","5341431","70","797570"
"KQ053959v1","4652198","4652314","GL873524","36520437","36520558","27","31868239"
"KQ053959v1","4664423","4664709","GL873603","794609","794907","79","3869814"
"KQ053959v1","4678072","4678371","GL873544","19347362","19347661","79","14669290"
"KQ053959v1","4685951","4686271","GL873544","13109134","13109442","72","8423183"
"KQ053959v1","4705201","4705447","GL873527","7806072","7806305","66","3100871"
"KQ053959v1","4713955","4714201","GL873527","7806072","7806305","66","3092117"
"KQ053959v1","4716048","4716255","GL873523","36421432","36421637","57","31705384"
"KQ053959v1","4724431","4724634","GL873523","36421432","36421637","56","31697001"
"KQ053959v1","4742801","4743081","GL873565","10233673","10233950","55","5490872"
"KQ053959v1","4747319","4747616","GL873575","2687372","2687665","72","2059947"
"KQ053959v1","4752821","4753104","GL873547","12234315","12234581","81","7481494"
"KQ053959v1","4810539","4810840","GL873537","22568956","22569251","60","17758417"
"KQ053959v1","4815035","4815325","GL873528","7287160","7287438","74","2472125"
"KQ053959v1","4836654","4836961","GL873646","2478007","2478313","68","2358647"
"KQ053959v1","4837518","4837789","GL873624","2308457","2308738","66","2529061"
"KQ053959v1","4852118","4852343","GL873547","14558554","14558781","40","9706436"
"KQ053959v1","4956620","4956931","GL873542","11985606","11985903","98","7028986"
"KQ053959v1","4963431","4963674","GL873668","556362","556592","74","4407069"
"KQ053959v1","4971416","4971716","GL873554","1015190","1015489","68","3956226"
"KQ053959v1","4996744","4997031","GL873556","2816307","2816595","67","2180437"
"KQ053959v1","5022969","5023306","GL873536","9729347","9729661","88","4706378"
"KQ053959v1","5058823","5058985","GL873530","16082476","16082634","35","11023653"
"KQ053959v1","5097376","5097693","GL873624","4145937","4146255","79","951439"
"KQ053959v1","5100409","5100712","GL873646","5530496","5530792","69","430087"
"KQ053959v1","5104666","5104982","GL873579","11016265","11016573","69","5911599"
"KQ053959v1","5117032","5117251","GL873522","21258404","21258617","56","16141372"
"KQ053959v1","5141520","5141809","GL873677","4203427","4203715","57","938093"
"KQ053959v1","5198196","5198313","GL873527","33368692","33368803","23","28170496"
"KQ053959v1","5223081","5223358","GL873574","6877405","6877685","69","1654324"
"KQ053959v1","5232092","5232370","GL873584","9974747","9975033","66","4742655"
"KQ053959v1","5262745","5262972","GL873520","36993644","36993865","64","31730899"
"KQ053959v1","5279845","5280113","GL873709","1950398","1950666","70","3329447"
"KQ053959v1","5344301","5344449","GL873523","26063564","26063709","39","20719263"
"KQ053959v1","5354728","5355014","GL873536","2527252","2527542","67","2827476"
"KQ053959v1","5358516","5358806","GL873528","33340303","33340591","51","27981787"
"KQ053959v1","5395359","5395618","GL873536","5506229","5506488","64","110870"
"KQ053959v1","5411088","5411388","GL873610","4431407","4431713","59","979681"
"KQ053959v1","5422636","5422731","GL873528","8421845","8421940","26","2999209"
"KQ053959v1","5429343","5429636","GL873563","12809879","12810178","82","7380536"
"KQ053959v1","5453799","5454062","GL873527","12512730","12512995","60","7058931"
"KQ053959v1","5510988","5511281","GL873537","20108472","20108765","46","14597484"
"KQ053959v1","5548632","5548933","GL873564","5110574","5110879","58","438058"
"KQ053959v1","5549140","5549415","GL873534","15140925","15141195","66","9591785"
"KQ053959v1","5555364","5555598","GL873560","345215","345445","62","5210149"
"KQ053959v1","5562641","5562934","GL873544","12852108","12852394","55","7289467"
"KQ053959v1","5564799","5565101","GL873748","238196","238496","63","5326603"
"KQ053959v1","5590095","5590371","GL873529","6639570","6639858","62","1049475"
"KQ053959v1","5707393","5707694","GL873667","3712894","3713183","73","1994499"
"KQ053959v1","5742888","5743172","GL873520","16709587","16709864","77","10966699"
"KQ053959v1","5867660","5867981","GL873584","7412957","7413264","96","1545297"
"KQ053959v1","5908342","5908627","GL873618","4254582","4254848","73","1653760"
"KQ053959v1","5916153","5916360","GL873618","3960193","3960402","53","1955960"
"KQ053959v1","5921843","5922132","GL873584","6966592","6966895","68","1044749"
"KQ053959v1","5930843","5931117","GL873601","5259571","5259834","69","671272"
"KQ053959v1","5991741","5992027","GL873593","3958983","3959265","59","2032758"
"KQ053959v1","6064306","6064619","GL873624","4145937","4146255","69","1918369"
"KQ053959v1","6096487","6096796","GL873547","8917733","8918044","66","2821246"
"KQ053959v1","6109905","6110222","GL873521","4537344","4537658","72","1572561"
"KQ053959v1","6131757","6132065","GL873531","19369345","19369649","64","13237588"
"KQ053959v1","6171116","6171340","GL873619","5067674","5067905","57","1103442"
"KQ053959v1","6177900","6178210","GL873535","11877698","11878000","53","5699798"
"KQ053959v1","6244139","6244404","GL873532","3860705","3860957","72","2383434"
"KQ053959v1","6291532","6291831","GL873561","9330005","9330309","64","3038473"
"KQ053959v1","6303592","6303882","GL873549","4385445","4385738","63","1918147"
"KQ053959v1","6351516","6351815","GL873537","20108472","20108765","66","13756956"
"KQ053959v1","6379866","6380162","GL873571","4374924","4375218","65","2004942"
"KQ053960v1","156285","156411","GL873524","23982636","23982764","34","23826351"
"KQ053960v1","179959","180065","GL873524","1681687","1681797","29","1501728"
"KQ053960v1","237960","238087","GL873596","2162768","2162890","30","1924808"
"KQ053960v1","528503","528696","GL873628","7012543","7012724","55","6484040"
"KQ053960v1","561325","561640","GL873543","1341750","1342038","78","780425"
"KQ053960v1","661452","661739","GL873524","42149014","42149308","61","41487562"
"KQ053960v1","712691","712998","GL873520","26476309","26476612","64","25763618"
"KQ053960v1","754432","754622","GL873619","6143939","6144132","48","5389507"
"KQ053960v1","783117","783422","GL873552","9485985","9486288","67","8702868"
"KQ053960v1","803600","803888","GL873520","16709587","16709864","68","15905987"
"KQ053960v1","1108499","1108778","GL873536","27318293","27318570","69","26209794"
"KQ053960v1","1323873","1324060","GL873613","1163416","1163603","38","160457"
"KQ053960v1","1339306","1339588","GL873601","4395673","4395957","71","3056367"
"KQ053960v1","1372412","1372637","GL873534","687575","687808","53","684837"
"KQ053960v1","1378893","1379190","GL873530","16303356","16303636","61","14924463"
"KQ053960v1","1382491","1382777","GL873546","16423062","16423344","65","15040571"
"KQ053960v1","1410983","1411280","GL873522","16444756","16445043","78","15033773"
"KQ053960v1","1415570","1415869","GL873525","35273914","35274209","73","33858344"
"KQ053960v1","1431670","1431984","GL873720","1268124","1268434","61","163546"
"KQ053960v1","1924952","1925253","GL873754","1677368","1677657","84","247584"
"KQ053960v1","1943805","1944010","GL873600","4550386","4550564","73","2606581"
"KQ053960v1","1944083","1944204","GL873629","3055754","3055875","21","1111671"
"KQ053960v1","1956825","1957120","GL873546","7841023","7841321","60","5884198"
"KQ053960v1","2036099","2036401","GL873523","28431022","28431322","78","26394923"
"KQ053960v1","2110099","2110280","GL873520","1429502","1429686","39","680597"
"KQ053960v1","2156814","2157099","GL873557","14766953","14767235","70","12610139"
"KQ053960v1","2165455","2165732","GL873536","11039988","11040262","72","8874533"
"KQ053960v1","2176989","2177273","GL873529","15853658","15853945","66","13676669"
"KQ053960v1","2206223","2206507","GL873521","24646365","24646645","68","22440142"
"KQ053960v1","2262855","2263125","GL873563","3947486","3947752","56","1684631"
"KQ053960v1","2302315","2302615","GL873541","21985689","21985982","66","19683374"
"KQ053960v1","2365177","2365432","GL873659","3680041","3680296","73","1314864"
"KQ053960v1","2390473","2390760","GL873654","440874","441161","66","1949599"
"KQ053960v1","2414360","2414445","GL873612","1891104","1891183","20","523256"
"KQ053960v1","2489388","2489509","GL873624","2483426","2483542","24","5962"
"KQ053960v1","2526180","2526447","GL873526","8965429","8965699","66","6439249"
"KQ053965v1","560","687","GL873523","23246441","23246563","33","23245881"
"KQ053966v1","7165","7470","GL873562","2113174","2113483","68","2106009"
"KQ053966v1","145261","145584","GL873544","10452483","10452811","82","10307222"
"KQ053966v1","173163","173360","GL873550","14886379","14886570","52","14713216"
"KQ053968v1","7934","8090","GL873606","4719172","4719305","45","4711238"
"KQ053968v1","8439","8574","GL873521","4523051","4523179","38","4514612"
"KQ053969v1","4649","4833","GL873710","791661","791852","40","787012"
"KQ053970v1","1812","1935","GL873660","5225384","5225508","26","5223572"
"KQ053971v1","79901","79982","GL873656","5132822","5132903","20","5052921"
"KQ053971v1","87602","87777","GL873520","23876365","23876536","43","23788763"
"KQ053971v1","177556","177863","GL873556","996424","996728","71","818868"
"KQ053971v1","324140","324433","GL873543","21766493","21766785","57","21442353"
"KQ053971v1","388641","388730","GL873548","15726009","15726091","21","15337368"
"KQ053971v1","583238","583494","GL873553","8989980","8990229","58","8406742"
"KQ053971v1","595579","595771","GL873646","1206855","1207045","38","611276"
"KQ053971v1","986975","987272","GL873537","23325667","23325965","68","22338692"
"KQ053971v1","1089292","1089587","GL873571","4374924","4375218","65","3285632"
"KQ053971v1","1245580","1245709","GL873520","24084579","24084710","25","22838999"
"KQ053971v1","1292615","1292814","GL873524","19065990","19066189","43","17773375"
"KQ053971v1","1310043","1310341","GL873524","43577965","43578256","60","42267922"
"KQ053971v1","1343500","1343800","GL873544","12852108","12852394","73","11508608"
"KQ053971v1","1348252","1348553","GL873528","4452981","4453269","64","3104729"
"KQ053971v1","1350177","1350376","GL873585","680235","680441","51","669942"
"KQ053971v1","1387942","1388218","GL873550","10919269","10919539","70","9531327"
"KQ053971v1","1396924","1397212","GL873544","12852108","12852394","58","11455184"
"KQ053971v1","1431515","1431814","GL873575","8875744","8876043","67","7444229"
"KQ053971v1","1435043","1435357","GL873588","6897685","6897994","72","5462642"
"KQ053971v1","1442993","1443292","GL873520","69906171","69906454","68","68463178"
"KQ053971v1","1482850","1483063","GL873522","21258404","21258617","53","19775554"
"KQ053971v1","1513974","1514254","GL873632","6597741","6598020","72","5083767"
"KQ053971v1","1550610","1550862","GL873520","8050197","8050448","51","6499587"
"KQ053971v1","1554904","1555194","GL873533","23793613","23793905","54","22238709"
"KQ053971v1","1575096","1575379","GL873650","4106763","4107031","69","2531667"
"KQ053971v1","1576732","1576810","GL873624","2770493","2770574","19","1193761"
"KQ053971v1","1605649","1605934","GL873579","623855","624122","67","981794"
"KQ053971v1","1648384","1648465","GL873549","1886104","1886187","17","237720"
"KQ053971v1","1655128","1655401","GL873635","2454054","2454336","71","798926"
"KQ053971v1","1680135","1680441","GL873531","29056008","29056304","69","27375873"
"KQ053971v1","1685345","1685637","GL873528","4452981","4453269","62","2767636"
"KQ053971v1","1718402","1718709","GL873534","23955098","23955385","80","22236696"
"KQ053971v1","1721562","1721855","GL873520","16818157","16818442","63","15096595"
"KQ053971v1","1749391","1749705","GL873541","14451118","14451418","80","12701727"
"KQ053971v1","1776490","1776771","GL873779","1096707","1096991","64","679783"
"KQ053971v1","1845503","1845611","GL873590","743308","743414","14","1102195"
"KQ053971v1","1854687","1854985","GL873533","15364100","15364398","64","13509413"
"KQ053971v1","1858062","1858226","GL873677","3513131","3513290","36","1655069"
"KQ053971v1","1961927","1962237","GL873618","1121386","1121685","71","840541"
"KQ053971v1","1979731","1980030","GL873531","27860265","27860563","57","25880534"
"KQ053971v1","2043067","2043373","GL873539","2994635","2994920","75","951568"
"KQ053971v1","2087552","2087833","GL873557","5844700","5844982","67","3757148"
"KQ053971v1","2135466","2135793","GL873575","2687372","2687665","88","551906"
"KQ053971v1","2135873","2136170","GL873545","17052684","17052979","61","14916811"
"KQ053971v1","2161782","2162090","GL873608","4218070","4218374","60","2056288"
"KQ053971v1","2190521","2190829","GL873539","15733833","15734119","88","13543312"
"KQ053971v1","2201733","2202039","GL873531","19369345","19369649","60","17167612"
"KQ053971v1","2206619","2206925","GL873531","19369345","19369649","60","17162726"
"KQ053971v1","2211783","2212074","GL873561","13826809","13827093","58","11615026"
"KQ053971v1","2214486","2214775","GL873557","7267236","7267535","72","5052750"
"KQ053971v1","2226488","2226802","GL873661","1884549","1884860","70","341939"
"KQ053971v1","2255560","2255854","GL873646","5530496","5530792","57","3274936"
"KQ053971v1","2274734","2275044","GL873561","9330005","9330309","75","7055271"
"KQ053971v1","2277973","2278283","GL873525","27816917","27817223","75","25538944"
"KQ053971v1","2288161","2288382","GL873538","17630112","17630323","55","15341951"
"KQ053971v1","2289983","2290283","GL873646","5530496","5530792","63","3240513"
"KQ053971v1","2338949","2339227","GL873611","607167","607439","61","1731782"
"KQ053971v1","2369451","2369749","GL873577","10149931","10150226","72","7780480"
"KQ053971v1","2401742","2402028","GL873604","8660029","8660307","71","6258287"
"KQ053971v1","2406892","2407112","GL873522","21258404","21258617","60","18851512"
"KQ053971v1","2413461","2413736","GL873525","37292819","37293098","61","34879358"
"KQ053971v1","2485666","2485947","GL873538","3503424","3503696","74","1017758"
"KQ053971v1","2486903","2487201","GL873530","28849581","28849879","65","26362678"
"KQ053971v1","2500143","2500432","GL873528","33340303","33340591","57","30840160"
"KQ053971v1","2537479","2537769","GL873520","38764685","38764975","69","36227206"
"KQ053971v1","2552170","2552334","GL873582","6084341","6084502","33","3532171"
"KQ053971v1","2558967","2559132","GL873582","6084341","6084502","33","3525374"
"KQ053971v1","2594582","2594824","GL873538","11416277","11416524","51","8821695"
"KQ053971v1","2613019","2613314","GL873532","27808661","27808963","66","25195642"
"KQ053971v1","2631756","2632021","GL873596","8896282","8896525","72","6264526"
"KQ053971v1","2711217","2711373","GL873562","13110895","13111062","39","10399678"
"KQ053971v1","2850832","2850994","GL873530","16082476","16082634","42","13231644"
"KQ053971v1","3052969","3053274","GL873538","25891631","25891921","60","22838662"
"KQ053971v1","3157750","3157988","GL873635","5610201","5610461","80","2452451"
"KQ053971v1","3193046","3193258","GL873541","21910529","21910727","52","18717483"
"KQ053971v1","3332739","3333039","GL873524","42149014","42149308","51","38816275"
"KQ053971v1","3375973","3376266","GL873548","1041503","1041791","59","2334470"
"KQ053971v1","3411157","3411425","GL873540","4711812","4712090","61","1300655"
"KQ053971v1","3412984","3413252","GL873625","4507423","4507686","70","1094439"
"KQ053971v1","3458866","3459125","GL873521","8297002","8297260","69","4838136"
"KQ053971v1","3510415","3510708","GL873626","5365095","5365392","71","1854680"
"KQ053971v1","3515276","3515553","GL873632","3524037","3524325","75","8761"
"KQ053971v1","3518872","3519154","GL873537","20108472","20108765","72","16589600"
"KQ053971v1","3529337","3529619","GL873627","5254766","5255045","72","1725429"
"KQ053971v1","3555309","3555609","GL873770","559098","559399","61","2996211"
"KQ053971v1","3633739","3633861","GL873526","19257262","19257383","20","15623523"
"KQ053971v1","3635074","3635378","GL873615","5162108","5162422","76","1527034"
"KQ053971v1","3648977","3649294","GL873661","1884549","1884860","66","1764428"
"KQ053971v1","3692557","3692780","GL873544","21041474","21041704","52","17348917"
"KQ053971v1","3792770","3793079","GL873565","12080059","12080369","76","8287289"
"KQ053971v1","3810117","3810437","GL873565","12080059","12080369","72","8269942"
"KQ053971v1","4311999","4312205","GL873586","8236164","8236367","55","3924165"
"KQ053971v1","4395595","4395903","GL873653","2463372","2463673","92","1932223"
"KQ053971v1","4527091","4527407","GL873537","14097659","14097958","79","9570568"
"KQ053971v1","4559619","4559908","GL873592","7736832","7737119","70","3177213"
"KQ053971v1","4563793","4564080","GL873523","44139826","44140123","72","39576033"
"KQ053971v1","4611178","4611512","GL873526","40560000","40560316","105","35948822"
"KQ053971v1","4643642","4643956","GL873542","7302503","7302792","88","2658861"
"KQ053971v1","4737911","4738031","GL873526","19257262","19257383","21","14519351"
"KQ053971v1","4879775","4880068","GL873520","4366653","4366945","75","513122"
"KQ053971v1","4898025","4898192","GL873525","11298499","11298664","42","6400474"
"KQ053971v1","4963996","4964277","GL873579","2665523","2665809","59","2298473"
"KQ053973v1","5837","6147","GL873544","19347362","19347661","65","19341525"
"KQ053977v1","1312","1583","AAQR03194897","257","516","73","1055"
"KQ053977v1","4414","4585","GL873520","43529733","43529896","53","43525319"
"KQ053978v1","88001","88300","GL873577","10149931","10150226","72","10061930"
"KQ053978v1","89745","90028","GL873526","25295506","25295789","82","25205761"
"KQ053978v1","91336","91628","GL873522","26416598","26416890","72","26325262"
"KQ053980v1","4232","4499","GL873592","9899404","9899662","68","9895172"
"KQ053981v1","3149","3440","GL873522","26431469","26431747","63","26428320"
"KQ053982v1","6684487","6684796","GL873579","11016265","11016573","79","4331778"
"KQ053982v1","24241","24520","GL873568","5272622","5272897","75","5248381"
"KQ053982v1","26352","26657","GL873654","107855","108156","82","81503"
"KQ053982v1","33427","33691","GL873543","13628351","13628611","61","13594924"
"KQ053982v1","33963","34124","GL873585","9990490","9990653","48","9956527"
"KQ053982v1","36699","36901","GL873522","33961928","33962135","54","33925229"
"KQ053982v1","46494","46605","GL873631","3634284","3634389","27","3587790"
"KQ053982v1","69863","70150","GL873520","25679088","25679380","70","25609225"
"KQ053982v1","111823","112102","GL873555","12935770","12936057","78","12823947"
"KQ053982v1","125179","125464","GL873545","20768197","20768487","73","20643018"
"KQ053982v1","132483","132729","GL873550","11353524","11353797","64","11221041"
"KQ053982v1","161673","161962","GL873546","12679748","12680030","63","12518075"
"KQ053982v1","166769","167050","GL873537","21956184","21956471","64","21789415"
"KQ053982v1","182126","182422","GL873577","10149931","10150226","67","9967805"
"KQ053982v1","196460","196703","GL873522","16842869","16843111","86","16646409"
"KQ053982v1","421905","422098","GL873613","7754693","7754892","51","7332788"
"KQ053982v1","545212","545339","GL873560","13049237","13049359","25","12504025"
"KQ053982v1","788666","788955","GL873561","11142944","11143235","76","10354278"
"KQ053982v1","809812","810080","GL873738","510606","510866","74","299206"
"KQ053982v1","841378","841655","GL873526","12865197","12865466","73","12023819"
"KQ053982v1","936730","936820","GL873527","10369830","10369923","20","9433100"
"KQ053982v1","946033","946229","GL873593","6119863","6120058","51","5173830"
"KQ053982v1","953791","954085","GL873643","3191959","3192256","78","2238168"
"KQ053982v1","1097644","1097893","GL873550","13551521","13551789","65","12453877"
"KQ053982v1","1143208","1143482","GL873534","15140925","15141195","63","13997717"
"KQ053982v1","1147475","1147625","GL873696","1993209","1993358","35","845734"
"KQ053982v1","1206765","1207067","GL873533","11386997","11387294","80","10180232"
"KQ053982v1","1248444","1248697","GL873540","20714394","20714639","55","19465950"
"KQ053982v1","1455271","1455551","GL873522","8095500","8095795","74","6640229"
"KQ053982v1","1494559","1494869","GL873548","17370076","17370375","81","15875517"
"KQ053982v1","1617346","1617648","GL873754","1754489","1754787","66","137143"
"KQ053982v1","1618814","1619146","GL873737","169354","169651","102","1449460"
"KQ053982v1","1695951","1696026","GL873574","3557146","3557220","21","1861195"
"KQ053982v1","1781846","1782101","GL873679","2648388","2648640","71","866542"
"KQ053982v1","1997163","1997371","GL873569","11158685","11158869","62","9161522"
"KQ053982v1","2042965","2043215","GL873587","7964790","7965046","63","5921825"
"KQ053982v1","2115223","2115505","GL873537","20108472","20108765","58","17993249"
"KQ053982v1","2137377","2137453","GL873604","1836588","1836664","17","300789"
"KQ053982v1","2138454","2138737","GL873611","607167","607439","71","1531287"
"KQ053982v1","2164285","2164483","GL873545","20415656","20415850","61","18251371"
"KQ053982v1","2196461","2196769","GL873625","3330882","3331184","57","1134421"
"KQ053982v1","2230040","2230320","GL873561","13826809","13827093","57","11596769"
"KQ053982v1","2238953","2239216","GL873535","10475213","10475479","68","8236260"
"KQ053982v1","2240607","2240893","GL873546","16423062","16423344","66","14182455"
"KQ053982v1","2249164","2249474","GL873591","6395821","6396131","72","4146657"
"KQ053982v1","2280143","2280302","GL873605","2287268","2287412","41","7125"
"KQ053982v1","2300800","2301104","GL873537","4549377","4549662","83","2248577"
"KQ053982v1","2302166","2302282","GL873587","448922","449042","18","1853244"
"KQ053982v1","2399676","2399972","GL873724","2082729","2083029","65","316947"
"KQ053982v1","2434448","2434744","GL873522","44570582","44570880","68","42136134"
"KQ053982v1","2451349","2451651","GL873631","2307601","2307888","63","143748"
"KQ053982v1","2493862","2494010","GL873533","13896451","13896593","27","11402589"
"KQ053982v1","2513033","2513332","GL873631","1772","2067","62","2511261"
"KQ053982v1","2516541","2516836","GL873586","3828887","3829179","57","1312346"
"KQ053982v1","2540723","2541035","GL873520","59554001","59554306","76","57013278"
"KQ053982v1","2618601","2618870","GL873562","5946822","5947083","64","3328221"
"KQ053982v1","2637833","2638119","GL873524","42149014","42149308","61","39511181"
"KQ053982v1","2644887","2645051","GL873530","16215829","16216006","47","13570942"
"KQ053982v1","2663043","2663193","GL873520","62223643","62223792","34","59560600"
"KQ053982v1","2668100","2668354","GL873598","6469356","6469616","67","3801256"
"KQ053982v1","2718828","2718991","GL873541","17651346","17651496","42","14932518"
"KQ053982v1","2720795","2721080","GL873563","8791734","8792014","66","6070939"
"KQ053982v1","2790585","2790863","GL873587","5135257","5135515","71","2344672"
"KQ053982v1","2831518","2831702","GL873571","288114","288301","41","2543404"
"KQ053982v1","2861561","2861857","GL873520","38764685","38764975","60","35903124"
"KQ053982v1","2897350","2897638","GL873584","10485893","10486179","62","7588543"
"KQ053982v1","2899975","2900274","GL873537","23325667","23325965","66","20425692"
"KQ053982v1","2959093","2959385","GL873525","22063376","22063676","78","19104283"
"KQ053982v1","2962263","2962528","GL873563","3383434","3383704","54","421171"
"KQ053982v1","2969064","2969343","GL873566","9008836","9009136","74","6039772"
"KQ053982v1","3488986","3489216","GL873529","1741772","1742006","65","1747214"
"KQ053982v1","3548264","3548553","GL873587","2916612","2916896","89","631652"
"KQ053982v1","3684930","3685201","GL873628","1904991","1905264","61","1779939"
"KQ053982v1","3691008","3691257","GL873587","731755","732012","79","2959253"
"KQ053982v1","3784179","3784485","GL873531","27860265","27860563","67","24076086"
"KQ053982v1","3803664","3803963","GL873522","4222168","4222461","60","418504"
"KQ053982v1","4065879","4066008","GL873523","18559675","18559796","33","14493796"
"KQ053982v1","4069520","4069791","GL873520","8214484","8214752","74","4144964"
"KQ053982v1","4156607","4156896","GL873520","28377142","28377427","57","24220535"
"KQ053982v1","4203774","4204048","GL873570","9393261","9393537","65","5189487"
"KQ053982v1","4469274","4469524","GL873540","20714394","20714639","62","16245120"
"KQ053982v1","4473002","4473292","GL873541","21969920","21970207","59","17496918"
"KQ053982v1","4787495","4787765","GL873596","6612172","6612448","63","1824677"
"KQ053982v1","4925802","4926057","GL873522","19249603","19249854","72","14323801"
"KQ053982v1","4964446","4964731","GL873550","7644303","7644582","59","2679857"
"KQ053982v1","4977443","4977723","GL873526","25295506","25295789","54","20318063"
"KQ053982v1","5027248","5027553","GL873615","5162108","5162422","74","134860"
"KQ053982v1","5036388","5036683","GL873525","8368691","8368984","51","3332303"
"KQ053982v1","5051002","5051298","GL873535","26174710","26174993","68","21123708"
"KQ053982v1","5136385","5136551","GL873544","20887740","20887896","41","15751355"
"KQ053982v1","5169761","5170009","GL873538","11416277","11416524","49","6246516"
"KQ053982v1","5190203","5190509","GL873520","48675796","48676094","72","43485593"
"KQ053982v1","5194613","5194926","GL873525","27816917","27817223","70","22622304"
"KQ053982v1","5280021","5280310","GL873521","24646365","24646645","57","19366344"
"KQ053982v1","5344298","5344604","GL873720","1268124","1268434","63","4076174"
"KQ053982v1","5383966","5384188","GL873522","21258404","21258617","58","15874438"
"KQ053982v1","5384676","5384985","GL873720","1268124","1268434","53","4116552"
"KQ053982v1","5393031","5393335","GL873610","4431407","4431713","59","961624"
"KQ053982v1","5565100","5565352","GL873538","11416277","11416524","51","5851177"
"KQ053982v1","5601425","5601719","GL873556","996424","996728","63","4605001"
"KQ053982v1","5632697","5632904","GL873557","5125101","5125304","51","507596"
"KQ053982v1","5680634","5680943","GL873527","11533238","11533536","63","5852604"
"KQ053982v1","5703072","5703357","GL873676","1881961","1882246","63","3821111"
"KQ053982v1","5777147","5777451","GL873632","3103876","3104174","75","2673271"
"KQ053982v1","5806524","5806647","GL873527","26269704","26269832","41","20463180"
"KQ053982v1","5864084","5864379","GL873528","4452981","4453269","60","1411103"
"KQ053982v1","5929185","5929480","GL873530","17375868","17376165","65","11446683"
"KQ053982v1","5993498","5993753","GL873678","628908","629161","56","5364590"
"KQ053982v1","5998416","5998675","GL873577","6423795","6424047","65","425379"
"KQ053982v1","6007314","6007500","GL873609","543197","543374","47","5464117"
"KQ053982v1","6008538","6008835","GL873676","2251485","2251786","53","3757053"
"KQ053982v1","6063653","6063919","GL873550","12424783","12425046","52","6361130"
"KQ053982v1","6123775","6124064","GL873699","3216400","3216681","69","2907375"
"KQ053982v1","6126355","6126484","GL873544","11860634","11860766","30","5734279"
"KQ053982v1","6141771","6141830","GL873580","8861754","8861813","11","2719983"
"KQ053982v1","6150615","6150867","GL873632","6442574","6442826","48","291959"
"KQ053982v1","6278253","6278564","GL873546","13542628","13542944","72","7264375"
"KQ053982v1","6456839","6457141","GL873528","5606969","5607266","61","849870"
"KQ053982v1","6458232","6458543","GL873551","3208778","3209084","68","3249454"
"KQ053982v1","6481048","6481323","GL873593","480828","481113","73","6000220"
"KQ053982v1","6574499","6574813","GL873556","10780976","10781285","84","4206477"
"KQ053982v1","6726628","6726923","GL873723","667827","668116","61","6058801"
"KQ053982v1","6756161","6756454","GL873538","1998739","1999037","76","4757422"
"KQ053982v1","6824068","6824361","GL873613","2732879","2733172","72","4091189"
"KQ053982v1","6832515","6832658","GL873536","13171830","13171977","31","6339315"
"KQ053982v1","6885447","6885559","GL873697","1264227","1264345","29","5621220"
"KQ053982v1","6900505","6900754","GL873565","3583321","3583574","58","3317184"
"KQ053982v1","6960382","6960699","GL873546","13542628","13542944","73","6582246"
"KQ053982v1","7051651","7051858","GL873621","696020","696233","57","6355631"
"KQ053982v1","7053990","7054274","GL873691","1286765","1287055","62","5767225"
"KQ053982v1","7107653","7107950","GL873586","8120080","8120363","54","1012427"
"KQ053982v1","7141756","7141916","GL873525","20368127","20368284","40","13226371"
"KQ053982v1","7177600","7177904","GL873646","325228","325529","69","6852372"
"KQ053982v1","7309292","7309589","GL873521","13388330","13388624","67","6079038"
"KQ053982v1","7355071","7355367","GL873659","1551093","1551381","61","5803978"
"KQ053982v1","7369747","7370041","GL873533","23793613","23793905","67","16423866"
"KQ053982v1","7409090","7409398","GL873550","6922342","6922648","59","486748"
"KQ053982v1","7418594","7418915","GL873615","5162108","5162422","64","2256486"
"KQ053982v1","7606032","7606317","GL873752","219309","219580","56","7386723"
"KQ053982v1","7626601","7626894","GL873545","12978830","12979129","51","5352229"
"KQ053982v1","7814604","7814869","GL873825","388120","388377","62","7426484"
"KQ053982v1","7863842","7864133","GL873525","40849347","40849643","58","32985505"
"KQ053982v1","7889685","7890006","GL873522","28943122","28943428","85","21053437"
"KQ053982v1","7992519","7992822","GL873720","1268124","1268434","51","6724395"
"KQ053982v1","8097814","8098113","GL873631","1772","2067","75","8096042"
"KQ053982v1","8273541","8273814","GL873709","1958386","1958660","69","6315155"
"KQ053982v1","8630413","8630489","GL873534","30236918","30236990","14","21606505"
"KQ053982v1","8887636","8887907","GL873730","487473","487740","65","8400163"
"KQ053982v1","9061953","9062251","GL873561","9330005","9330309","64","268052"
"KQ053982v1","9081311","9081610","GL873834","390670","390970","67","8690641"
"KQ053982v1","9083177","9083450","GL873542","12132458","12132733","54","3049281"
"KQ053982v1","9155652","9155779","GL873545","1721998","1722122","22","7433654"
"KQ053982v1","9273473","9273735","GL873557","8943966","8944228","65","329507"
"KQ053982v1","9330459","9330789","GL873599","3276892","3277190","89","6053567"
"KQ053982v1","9423255","9423542","GL873536","13622290","13622562","68","4199035"
"KQ053982v1","9478421","9478644","GL873605","2289313","2289533","59","7189108"
"KQ053987v1","3212","3537","GL873631","3449698","3449977","102","3446486"
"KQ053993v1","120503","120779","GL873520","60083046","60083326","64","59962543"
"KQ053993v1","309790","310085","GL873537","20108472","20108765","67","19798682"
"KQ053993v1","345917","346208","GL873544","12852108","12852394","60","12506191"
"KQ053993v1","519778","520049","GL873534","21742042","21742326","64","21222264"
"KQ053993v1","691138","691429","GL873632","6200190","6200477","61","5509052"
"KQ053993v1","707447","707753","GL873620","5689461","5689766","59","4982014"
"KQ053993v1","708704","708979","GL873521","8420231","8420499","68","7711527"
"KQ053993v1","758857","759135","GL873618","1681545","1681828","62","922688"
"KQ053993v1","759258","759543","GL873531","16510064","16510342","63","15750806"
"KQ053993v1","760614","760894","GL873811","722727","723009","59","37887"
"KQ053993v1","763401","763716","GL873540","22571920","22572179","103","21808519"
"KQ053993v1","789015","789304","GL873659","5088348","5088650","67","4299333"
"KQ053993v1","796396","796736","GL873623","2646027","2646351","86","1849631"
"KQ053993v1","811200","811369","GL873522","3856634","3856803","49","3045434"
"KQ053993v1","811734","811848","GL873778","399644","399761","32","412090"
"KQ053993v1","812203","812487","GL873618","3705547","3705837","63","2893344"
"KQ053993v1","818631","818776","GL873520","69982628","69982756","49","69163997"
"KQ053993v1","819152","819261","GL873527","12137428","12137522","36","11318276"
"KQ053993v1","819638","819921","GL873630","3928830","3929093","67","3109192"
"KQ053993v1","825958","826074","GL873778","399644","399761","33","426314"
"KQ053993v1","826431","826711","GL873528","4452981","4453269","69","3626550"
"KQ053993v1","856822","857117","GL873598","2672628","2672914","65","1815806"
"KQ053993v1","862948","863262","GL873563","5489805","5490109","79","4626857"
"KQ053993v1","875115","875267","GL873530","18397593","18397726","41","17522478"
"KQ053993v1","875568","875725","GL873568","4108635","4108788","42","3233067"
"KQ053993v1","876295","876586","GL873677","4203427","4203715","55","3327132"
"KQ053993v1","899585","899896","GL873760","812865","813169","62","86720"
"KQ053993v1","909811","910090","GL873521","14803259","14803539","68","13893448"
"KQ053993v1","920241","920545","GL873652","121164","121455","77","799077"
"KQ053993v1","920894","921170","GL873586","5120493","5120777","75","4199599"
"KQ053993v1","943876","944180","GL873611","171812","172114","65","772064"
"KQ053993v1","944854","945111","GL873522","36470419","36470671","74","35525565"
"KQ053993v1","955501","955799","GL873613","971789","972086","57","16288"
"KQ053993v1","965964","966260","GL873800","736311","736599","68","229653"
"KQ053993v1","972355","972657","GL873720","1268124","1268434","64","295769"
"KQ053993v1","989527","989827","GL873737","1691288","1691582","68","701761"
"KQ053993v1","993912","994215","GL873545","20254912","20255212","68","19261000"
"KQ053993v1","1003327","1003581","GL873543","2649326","2649581","66","1645999"
"KQ053993v1","1009012","1009315","GL873842","270487","270793","73","738525"
"KQ053993v1","1045042","1045343","GL873671","1289718","1290012","70","244676"
"KQ053993v1","1045920","1046128","GL873545","3758091","3758301","56","2712171"
"KQ053993v1","1059996","1060274","GL873657","3029272","3029566","71","1969276"
"KQ053993v1","1109428","1109744","GL873842","174670","174983","68","934758"
"KQ053993v1","1211368","1211672","GL873526","13214346","13214644","69","12002978"
"KQ053993v1","1236112","1236388","GL873740","1340727","1340995","69","104615"
"KQ053993v1","1262788","1262945","GL873574","8947359","8947516","43","7684571"
"KQ053993v1","1291993","1292246","GL873525","25560718","25560966","77","24268725"
"KQ053993v1","1298540","1298838","GL873577","10149931","10150226","75","8851391"
"KQ053993v1","1337450","1337761","GL873525","27816917","27817223","73","26479467"
"KQ053993v1","1365234","1365525","GL873557","11782256","11782544","64","10417022"
"KQ053993v1","1382531","1382803","GL873611","6802065","6802336","53","5419534"
"KQ053993v1","1392071","1392323","GL873632","5546235","5546488","69","4154164"
"KQ053993v1","1427277","1427581","GL873624","4145937","4146255","66","2718660"
"KQ053993v1","1445458","1445636","GL873675","3389950","3390122","51","1944492"
"KQ053993v1","1448452","1448732","GL873628","1375418","1375692","66","73034"
"KQ053993v1","1468778","1469061","GL873526","17113814","17114097","79","15645036"
"KQ053993v1","1509491","1509741","GL873593","4538155","4538417","98","3028664"
"KQ053993v1","1519004","1519305","GL873544","21039211","21039519","65","19520207"
"KQ053993v1","1525242","1525535","GL873543","2139452","2139746","55","614210"
"KQ053993v1","1548065","1548350","GL873537","16082428","16082720","86","14534363"
"KQ053993v1","1557719","1557987","GL873713","222924","223204","64","1334795"
"KQ053993v1","1561247","1561436","GL873717","507974","508158","55","1053273"
"KQ053993v1","1563894","1564189","GL873532","21611611","21611905","61","20047717"
"KQ053993v1","1642171","1642434","GL873568","12674938","12675190","63","11032767"
"KQ053993v1","1653281","1653581","GL873544","12852108","12852394","66","11198827"
"KQ053993v1","1733600","1733843","GL873520","39252218","39252459","61","37518618"
"KQ053993v1","1768388","1768686","GL873529","15224931","15225225","64","13456543"
"KQ053993v1","1774349","1774602","GL873632","5546235","5546488","65","3771886"
"KQ053993v1","1790341","1790649","GL873537","20806240","20806550","60","19015899"
"KQ053993v1","1796572","1796873","GL873537","20806240","20806550","65","19009668"
"KQ053993v1","1857440","1857731","GL873527","34829528","34829812","66","32972088"
"KQ053993v1","1924711","1924793","GL873520","42007669","42007751","17","40082958"
"KQ053993v1","2040774","2041062","GL873551","872096","872374","58","1168678"
"KQ053998v1","15592","15668","GL873525","8227229","8227301","21","8211637"
"KQ054003v1","9118","9415","GL873537","20108472","20108765","63","20099354"
"KQ054003v1","13770","13894","GL873632","1941037","1941152","26","1927267"
"KQ054004v1","35808","36088","GL873752","219309","219580","63","183501"
"KQ054004v1","52703","52988","GL873532","13087138","13087416","62","13034435"
"KQ054004v1","102756","103062","GL873544","12852108","12852394","60","12749352"
"KQ054004v1","132760","133077","GL873615","5162108","5162422","68","5029348"
"KQ054004v1","137854","138132","GL873543","17916430","17916698","78","17778576"
"KQ054004v1","154332","154586","GL873568","12674938","12675190","56","12520606"
"KQ054004v1","282543","282836","GL873524","42149014","42149308","54","41866471"
"KQ054004v1","337264","337556","GL873570","11394548","11394837","56","11057284"
"KQ054004v1","339341","339651","GL873540","19013371","19013667","61","18674030"
"KQ054004v1","341003","341305","GL873542","1286122","1286423","67","945119"
"KQ054004v1","372857","372981","GL873548","8652328","8652448","23","8279471"
"KQ054004v1","401226","401519","GL873560","12392065","12392356","60","11990839"
"KQ054004v1","413042","413296","GL873586","6311175","6311430","77","5898133"
"KQ054004v1","416347","416483","GL873536","2238987","2239105","41","1822640"
"KQ054004v1","450901","451172","GL873649","2707648","2707908","59","2256747"
"KQ054004v1","469207","469337","GL873671","3266854","3266980","23","2797647"
"KQ054004v1","479098","479397","GL873618","1121386","1121685","72","642288"
"KQ054004v1","550340","550547","GL873525","33587731","33587939","53","33037391"
"KQ054004v1","555946","556180","GL873549","2138196","2138422","65","1582250"
"KQ054004v1","575825","575976","GL873624","3087438","3087585","47","2511613"
"KQ054004v1","575977","576047","GL873551","3148980","3149041","21","2573003"
"KQ054004v1","584587","584778","GL873533","23490246","23490424","70","22905659"
"KQ054004v1","585156","585282","GL873606","5096231","5096360","28","4511075"
"KQ054004v1","590990","591061","GL873557","13986851","13986918","24","13395861"
"KQ054004v1","591374","591587","GL873566","10427340","10427546","78","9835966"
"KQ054004v1","637650","637823","GL873532","3171644","3171793","54","2533994"
"KQ054004v1","640760","640934","GL873619","4734021","4734194","47","4093261"
"KQ054004v1","641224","641353","GL873520","24084579","24084710","30","23443355"
"KQ054004v1","641753","642037","GL873520","38987202","38987491","79","38345449"
"KQ054004v1","648056","648259","GL873593","6119863","6120058","57","5471807"
"KQ054004v1","670562","670864","GL873530","17375868","17376165","59","16705306"
"KQ054004v1","670875","671045","GL873570","9334312","9334470","40","8663437"
"KQ054004v1","683323","683611","GL873752","219309","219580","60","464014"
"KQ054004v1","812636","812946","GL873720","1268124","1268434","66","455488"
"KQ054004v1","823104","823271","GL873522","33863133","33863302","49","33040029"
"KQ054004v1","823660","823766","GL873631","133283","133389","23","690377"
"KQ054004v1","827637","827923","GL873523","40762765","40763059","70","39935128"
"KQ054004v1","885221","885333","GL873533","22654683","22654797","24","21769462"
"KQ054004v1","889053","889349","GL873537","20108472","20108765","73","19219419"
"KQ054004v1","911597","911898","GL873720","1268124","1268434","73","356527"
"KQ054004v1","920457","920570","GL873533","22654683","22654797","23","21734226"
"KQ054004v1","924298","924576","GL873522","16444756","16445043","71","15520458"
"KQ054004v1","937767","938082","GL873640","5300101","5300410","71","4362334"
"KQ054015v1","20753","21065","GL873596","3562116","3562414","64","3541363"
"KQ054015v1","25091","25380","GL873596","3562116","3562414","60","3537025"
"KQ054015v1","397726","397845","GL873602","4365027","4365147","24","3967301"
"KQ054015v1","451867","452120","GL873731","175506","175747","69","276361"
"KQ054015v1","476245","476579","GL873531","3720467","3720763","120","3244222"
"KQ054015v1","483619","483912","GL873573","944182","944464","64","460563"
"KQ054015v1","544023","544316","GL873643","3346796","3347084","75","2802773"
"KQ054015v1","599463","599641","GL873524","1211458","1211633","59","611995"
"KQ054015v1","599954","600177","GL873697","1503246","1503456","77","903292"
"KQ054015v1","627700","627827","GL873587","5622133","5622222","51","4994433"
"KQ054015v1","628152","628306","GL873526","524997","525159","46","103155"
"KQ054015v1","639031","639339","GL873547","11458791","11459084","66","10819760"
"KQ054019v1","3889","4060","GL873569","7551317","7551471","52","7547428"
"KQ054020v1","47888","48166","GL873551","8505969","8506230","68","8458081"
"KQ054026v1","78504","78822","GL873521","4276201","4276500","89","4197697"
"KQ054026v1","153838","154092","GL873742","916488","916733","58","762650"
"KQ054026v1","198944","199211","GL873578","5777600","5777868","66","5578656"
"KQ054026v1","276568","276830","GL873525","35143537","35143806","50","34866969"
"KQ054026v1","789584","789875","GL873525","31199919","31200213","74","30410335"
"KQ054026v1","807242","807524","GL873525","31199919","31200213","87","30392677"
"KQ054026v1","926490","926766","GL873537","20591524","20591797","82","19665034"
"KQ054026v1","947434","947738","GL873635","6074181","6074461","73","5126747"
"KQ054026v1","1101509","1101783","GL873529","15384264","15384546","65","14282755"
"KQ054026v1","1149546","1149668","GL873561","11043657","11043779","22","9894111"
"KQ054026v1","1224155","1224475","GL873546","13542628","13542944","74","12318473"
"KQ054026v1","1339806","1340088","GL873531","29056008","29056304","63","27716202"
"KQ054026v1","1372816","1373086","GL873532","13318420","13318684","62","11945604"
"KQ054026v1","1414607","1414732","GL873520","24084579","24084710","27","22669972"
"KQ054026v1","1416263","1416548","GL873534","15140925","15141195","55","13724662"
"KQ054026v1","1448785","1449081","GL873537","20108472","20108765","55","18659687"
"KQ054026v1","1464546","1464836","GL873522","24971123","24971422","66","23506577"
"KQ054026v1","1470199","1470502","GL873523","28381138","28381432","58","26910939"
"KQ054026v1","1494231","1494540","GL873522","25570684","25570992","66","24076453"
"KQ054026v1","1505415","1505592","GL873646","451861","452033","39","1053554"
"KQ054026v1","1513636","1513884","GL873525","11012850","11013094","58","9499214"
"KQ054026v1","1514444","1514768","GL873521","5341124","5341431","71","3826680"
"KQ054026v1","1543551","1543839","GL873520","42967256","42967520","74","41423705"
"KQ054026v1","1547874","1548163","GL873527","12231505","12231798","61","10683631"
"KQ054026v1","1573298","1573573","GL873536","2020684","2020955","74","447386"
"KQ054026v1","1580701","1580920","GL873556","89924","90143","55","1490777"
"KQ054026v1","1583906","1584201","GL873526","4353131","4353412","65","2769225"
"KQ054026v1","1596920","1597198","GL873573","8282675","8282954","61","6685755"
"KQ054026v1","1675858","1676080","GL873525","13315433","13315661","51","11639575"
"KQ054026v1","1677628","1677911","GL873546","18307234","18307526","70","16629606"
"KQ054026v1","1716911","1717206","GL873677","4203427","4203715","72","2486516"
"KQ054026v1","1752492","1752804","GL873720","1268124","1268434","62","484368"
"KQ054026v1","1764030","1764311","GL873525","35143537","35143806","57","33379507"
"KQ054026v1","1777225","1777496","GL873536","27318293","27318570","60","25541068"
"KQ054026v1","1790348","1790624","GL873584","8075346","8075626","68","6284998"
"KQ054026v1","1813000","1813191","GL873573","12131424","12131616","47","10318424"
"KQ054026v1","1817584","1817825","GL873520","24526815","24527056","59","22709231"
"KQ054026v1","1834679","1834851","GL873523","11313989","11314153","49","9479310"
"KQ054026v1","1885540","1885844","GL873593","4631933","4632233","76","2746393"
"KQ054026v1","1886906","1887186","GL873520","72570173","72570449","68","70683267"
"KQ054026v1","1971431","1971641","GL873626","7169260","7169467","56","5197829"
"KQ054026v1","2002154","2002444","GL873558","11891524","11891812","73","9889370"
"KQ054026v1","2015784","2016058","GL873634","963159","963427","65","1052625"
"KQ054026v1","2019074","2019359","GL873544","12852108","12852394","57","10833034"
"KQ054026v1","2022584","2022870","GL873676","930147","930438","62","1092437"
"KQ054026v1","2032399","2032647","GL873526","17110885","17111154","68","15078486"
"KQ054026v1","2065213","2065343","GL873531","10273059","10273184","26","8207846"
"KQ054026v1","2066254","2066503","GL873525","29796394","29796647","57","27730140"
"KQ054026v1","2088651","2088937","GL873557","7133081","7133372","64","5044430"
"KQ054026v1","2098273","2098564","GL873593","2667655","2667944","60","569382"
"KQ054026v1","2100019","2100323","GL873545","17052684","17052979","70","14952665"
"KQ054026v1","2239457","2239757","GL873545","12978830","12979129","67","10739373"
"KQ054026v1","2327121","2327429","GL873569","6793228","6793532","63","4466107"
"KQ054026v1","2334728","2335013","GL873593","380813","381101","59","1953915"
"KQ054026v1","2336273","2336578","GL873525","27816917","27817223","67","25480644"
"KQ054026v1","2379284","2379566","GL873557","7300154","7300426","65","4920870"
"KQ054026v1","2596424","2596721","GL873525","29302141","29302438","73","26705717"
"KQ054026v1","2604139","2604262","GL873591","8929862","8929981","21","6325723"
"KQ054026v1","2702690","2702988","GL873537","20108472","20108765","58","17405782"
"KQ054026v1","2854412","2854712","GL873672","1934881","1935181","81","919531"
"KQ054026v1","2868921","2869230","GL873523","8076383","8076689","73","5207462"
"KQ054026v1","2878682","2878971","GL873544","12852108","12852394","54","9973426"
"KQ054026v1","2934700","2935005","GL873525","27816917","27817223","60","24882217"
"KQ054027v1","4677","4984","GL873527","36380263","36380577","68","36375586"
"KQ054029v1","8054","8338","GL873593","3958983","3959265","55","3950929"
"KQ054033v1","4598","4831","GL873529","8596265","8596494","54","8591667"
"KQ054034v1","955","1260","GL873537","20108472","20108765","59","20107517"
"KQ054034v1","3885","4187","GL873537","20108472","20108765","58","20104587"
"KQ054037v1","315000","315287","GL873608","4005858","4006144","60","3690858"
"KQ054037v1","327927","328232","GL873720","1268124","1268434","60","940197"
"KQ054037v1","437634","437950","GL873546","13542628","13542944","75","13104994"
"KQ054037v1","517208","517525","GL873549","6971808","6972104","78","6454600"
"KQ054037v1","557911","558093","GL873564","4371507","4371687","48","3813596"
"KQ054037v1","610893","611139","GL873540","17231565","17231783","70","16620672"
"KQ054037v1","713009","713314","GL873737","1634714","1635008","70","921705"
"KQ054037v1","716934","717226","GL873527","33811741","33812027","77","33094807"
"KQ054037v1","741292","741602","GL873609","7137543","7137854","76","6396251"
"KQ054037v1","745532","745818","GL873573","944182","944464","56","198650"
"KQ054037v1","788657","788957","GL873530","17744466","17744774","63","16955809"
"KQ054037v1","864471","864746","GL873520","39908180","39908461","71","39043709"
"KQ054037v1","902333","902625","GL873524","33950175","33950464","65","33047842"
"KQ054037v1","947509","947807","GL873577","10149931","10150226","66","9202422"
"KQ054037v1","950302","950575","GL873586","3593963","3594238","71","2643661"
"KQ054037v1","968765","968831","GL873574","7382463","7382525","15","6413698"
"KQ054037v1","989953","990137","GL873520","22635186","22635354","56","21645233"
"KQ054037v1","996338","996633","GL873537","20108472","20108765","58","19112134"
"KQ054037v1","1011941","1012239","GL873558","5340734","5341038","79","4328793"
"KQ054037v1","1031050","1031356","GL873526","20255818","20256125","73","19224768"
"KQ054037v1","1037527","1037647","GL873548","8652328","8652448","25","7614801"
"KQ054037v1","1125809","1126110","GL873523","28431022","28431322","64","27305213"
"KQ054037v1","1198709","1199040","GL873540","4711812","4712090","105","3513103"
"KQ054037v1","1338721","1338950","GL873535","22311700","22311932","69","20972979"
"KQ054037v1","1717483","1717664","GL873564","4371507","4371687","53","2654024"
"KQ054037v1","1784969","1785262","GL873531","27860265","27860563","61","26075296"
"KQ054038v1","5661","5969","GL873586","8120080","8120363","75","8114419"
"KQ054042v1","9402","9519","GL873539","7997784","7997900","15","7988382"
"KQ054046v1","901","1138","GL873537","19953271","19953509","85","19952370"
"KQ054047v1","2767","3046","GL873530","24029792","24030067","80","24027025"
"KQ054047v1","276917","277219","GL873542","1286122","1286423","72","1009205"
"KQ054047v1","281239","281453","GL873568","9162163","9162390","66","8880924"
"KQ054047v1","464300","464595","GL873537","23325667","23325965","62","22861367"
"KQ054047v1","476139","476332","GL873554","16344820","16345011","55","15868681"
"KQ054047v1","476658","476789","GL873548","18693193","18693316","24","18216535"
"KQ054047v1","483201","483501","GL873687","991570","991867","71","508369"
"KQ054047v1","530365","530591","GL873658","2891014","2891232","62","2360649"
"KQ054047v1","563222","563499","GL873574","2713431","2713702","64","2150209"
"KQ054047v1","576948","577245","GL873554","1015190","1015489","73","438242"
"KQ054047v1","590075","590366","GL873752","766010","766300","61","175935"
"KQ054047v1","698569","698781","GL873615","2634394","2634603","53","1935825"
"KQ054047v1","824212","824495","GL873531","25381659","25381942","76","24557447"
"KQ054047v1","895804","896095","GL873622","1911282","1911564","66","1015478"
"KQ054047v1","900522","900642","GL873619","2868214","2868339","20","1967692"
"KQ054047v1","954560","954848","GL873535","12414612","12414904","63","11460052"
"KQ054047v1","955452","955728","GL873526","27363782","27364052","60","26408330"
"KQ054047v1","959315","959615","GL873522","4222168","4222461","61","3262853"
"KQ054047v1","973273","973510","GL873590","671368","671605","71","301905"
"KQ054047v1","1005194","1005385","GL873615","1989548","1989743","47","984354"
"KQ054047v1","1035394","1035654","GL873586","855347","855602","78","180047"
"KQ054047v1","1047801","1048101","GL873537","20108472","20108765","70","19060671"
"KQ054047v1","1102816","1103097","GL873526","27363782","27364052","77","26260966"
"KQ054047v1","1115372","1115551","GL873525","38071247","38071431","50","36955875"
"KQ054047v1","1149349","1149528","GL873585","906506","906677","52","242843"
"KQ054047v1","1309358","1309597","GL873598","7576703","7576951","64","6267345"
"KQ054047v1","1596069","1596358","GL873544","12852108","12852394","55","11256039"
"KQ054047v1","1690170","1690442","GL873523","25103659","25103947","73","23413489"
"KQ054047v1","1725589","1725895","GL873540","11122200","11122500","73","9396611"
"KQ054052v1","145","353","GL873558","11734192","11734398","46","11734047"
"KQ054058v1","101216","101462","GL873593","7033927","7034168","71","6932711"
"KQ054058v1","155245","155512","GL873542","6397161","6397405","89","6241916"
"KQ054058v1","169793","169992","GL873541","21910529","21910727","76","21740736"
"KQ054058v1","202422","202601","GL873638","5263703","5263867","48","5061281"
"KQ054058v1","301472","301613","GL873550","2757471","2757618","55","2455999"
"KQ054058v1","356913","357189","GL873543","5868888","5869166","74","5511975"
"KQ054058v1","366694","366989","GL873541","18170809","18171099","62","17804115"
"KQ054058v1","466394","466710","GL873561","9330005","9330309","77","8863611"
"KQ054058v1","491233","491516","GL873738","1635488","1635766","76","1144255"
"KQ054058v1","515868","516050","GL873526","5617806","5617989","46","5101938"
"KQ054058v1","646361","646485","GL873539","2890791","2890917","19","2244430"
"KQ054058v1","810397","810573","GL873753","253393","253571","49","557004"
"KQ054058v1","955820","956116","GL873537","23325667","23325965","66","22369847"
"KQ054058v1","1342258","1342349","GL873520","17012016","17012100","25","15669758"
"KQ054058v1","1346655","1346942","GL873754","1677368","1677657","65","330713"
"KQ054058v1","1451641","1451925","GL873522","26431469","26431747","67","24979828"
"KQ054058v1","1514077","1514352","GL873568","10563353","10563640","61","9049276"
"KQ054058v1","1523794","1524078","GL873542","10713079","10713359","73","9189285"
"KQ054058v1","1567286","1567595","GL873821","517426","517719","68","1049860"
"KQ054058v1","1724832","1725140","GL873544","14356089","14356383","73","12631257"
"KQ054058v1","1729426","1729584","GL873665","3404380","3404542","42","1674954"
"KQ054058v1","1729881","1730010","GL873520","29913941","29914072","28","28184060"
"KQ054058v1","1831295","1831414","GL873530","34597250","34597371","27","32765955"
"KQ054058v1","1838911","1839181","GL873532","3501177","3501440","72","1662266"
"KQ054058v1","2117058","2117173","GL873671","3531980","3532089","27","1414922"
"KQ054058v1","2120447","2120568","GL873834","415652","415774","22","1704795"
"KQ054058v1","2128350","2128624","GL873540","4711812","4712090","55","2583462"
"KQ054058v1","2259477","2259767","GL873557","7133081","7133372","56","4873604"
"KQ054058v1","2580328","2580556","GL873544","19512999","19513229","60","16932671"
"KQ054058v1","2816938","2817230","GL873523","25556131","25556422","57","22739193"
"KQ054058v1","2843656","2843896","GL873627","842388","842628","57","2001268"
"KQ054058v1","2845988","2846110","GL873601","6334962","6335086","21","3488974"
"KQ054058v1","2856423","2856539","GL873539","15056762","15056886","26","12200339"
"KQ054058v1","2863567","2863848","GL873530","16303356","16303636","57","13439789"
"KQ054058v1","2883857","2884138","GL873520","46124581","46124870","80","43240724"
"KQ054058v1","2886939","2887159","GL873538","4542017","4542230","46","1655078"
"KQ054058v1","2958482","2958763","GL873526","11964670","11964947","60","9006188"
"KQ054058v1","2981013","2981311","GL873631","1772","2067","67","2979241"
"KQ054058v1","2997694","2997980","GL873543","2119744","2120014","67","877950"
"KQ054058v1","3006821","3006942","GL873572","8446560","8446676","25","5439739"
"KQ054058v1","3077565","3077857","GL873545","17052684","17052979","59","13975119"
"KQ054058v1","3084652","3084916","GL873573","944182","944464","75","2140470"
"KQ054058v1","3090107","3090409","GL873569","10832503","10832794","69","7742396"
"KQ054058v1","3113395","3113713","GL873615","5162108","5162422","76","2048713"
"KQ054058v1","3167585","3167856","GL873525","35143537","35143806","60","31975952"
"KQ054058v1","3175805","3176080","GL873548","13679256","13679534","58","10503451"
"KQ054058v1","3182937","3183247","GL873540","19013371","19013667","62","15830434"
"KQ054058v1","3198612","3198787","GL873538","25387603","25387791","45","22188991"
"KQ054058v1","3202903","3203161","GL873586","6311175","6311430","52","3108272"
"KQ054058v1","3211760","3212015","GL873564","2821064","2821300","65","390696"
"KQ054058v1","3256248","3256537","GL873800","736311","736599","64","2519937"
"KQ054058v1","3260809","3261084","GL873542","14156809","14157081","69","10896000"
"KQ054058v1","3267876","3268072","GL873564","4371507","4371687","59","1103631"
"KQ054058v1","3328447","3328723","GL873660","1434450","1434736","65","1893997"
"KQ054058v1","3442751","3443037","GL873544","12852108","12852394","57","9409357"
"KQ054058v1","3564180","3564472","GL873524","42149014","42149308","48","38584834"
"KQ054058v1","3572147","3572339","GL873564","4371507","4371687","59","799360"
"KQ054066v1","12769","13050","GL873544","12852108","12852394","56","12839339"
"KQ054068v1","25259","25580","GL873591","6395821","6396131","87","6370562"
"KQ054068v1","100241","100411","GL873521","7176848","7177016","39","7076607"
"KQ054068v1","106710","107011","GL873547","11458791","11459084","63","11352081"
"KQ054068v1","183644","183962","GL873541","18220450","18220758","74","18036806"
"KQ054068v1","285529","285823","GL873785","469496","469790","73","183967"
"KQ054068v1","537531","537843","GL873530","17375868","17376165","62","16838337"
"KQ054068v1","544431","544716","GL873621","545875","546169","58","1444"
"KQ054068v1","688039","688346","GL873720","1268124","1268434","68","580085"
"KQ054068v1","760254","760569","GL873613","4450657","4450940","84","3690403"
"KQ054068v1","798184","798486","GL873527","8309922","8310213","70","7511738"
"KQ054068v1","814551","814849","GL873566","9008836","9009136","73","8194285"
"KQ054068v1","827358","827430","GL873534","30236918","30236990","15","29409560"
"KQ054068v1","863742","864016","GL873544","18629747","18630035","65","17766005"
"KQ054068v1","873288","873594","GL873521","7675245","7675546","64","6801957"
"KQ054068v1","879321","879563","GL873540","23535978","23536222","60","22656657"
"KQ054068v1","889463","889738","GL873674","3713686","3713961","79","2824223"
"KQ054068v1","891967","892215","GL873540","23535978","23536222","71","22644011"
"KQ054068v1","900817","901096","GL873674","3713686","3713961","59","2812869"
"KQ054068v1","902328","902605","GL873531","29997638","29997909","71","29095310"
"KQ054068v1","903129","903430","GL873643","1087107","1087400","59","183978"
"KQ054068v1","906840","907152","GL873547","8917733","8918044","64","8010893"
"KQ054068v1","920397","920691","GL873531","16510064","16510342","73","15589667"
"KQ054068v1","943107","943408","GL873530","17375868","17376165","58","16432761"
"KQ054068v1","954922","955017","GL873619","4303531","4303621","22","3348609"
"KQ054068v1","999549","999846","GL873533","15015660","15015953","67","14016111"
"KQ054068v1","1006292","1006570","GL873534","15140925","15141195","66","14134633"
"KQ054068v1","1016783","1016998","GL873523","6187641","6187865","47","5170858"
"KQ054068v1","1021820","1022092","GL873524","1081112","1081375","72","59292"
"KQ054068v1","1030853","1031152","GL873527","36891241","36891530","64","35860388"
"KQ054068v1","1036719","1037007","GL873596","1591307","1591593","63","554588"
"KQ054068v1","1038503","1038788","GL873800","736311","736599","54","302192"
"KQ054068v1","1045553","1045854","GL873533","24376021","24376299","65","23330468"
"KQ054068v1","1048805","1049104","GL873586","3828887","3829179","63","2780082"
"KQ054068v1","1089377","1089691","GL873537","14097659","14097958","66","13008282"
"KQ054068v1","1119027","1119344","GL873615","5162108","5162422","68","4043081"
"KQ054068v1","1127802","1128105","GL873544","21039211","21039519","66","19911409"
"KQ054068v1","1130178","1130479","GL873720","1268124","1268434","61","137946"
"KQ054068v1","1141552","1141801","GL873631","290821","291077","68","850731"
"KQ054068v1","1147406","1147679","GL873539","2531227","2531508","76","1383821"
"KQ054068v1","1258521","1258647","GL873523","31140678","31140809","22","29882157"
"KQ054068v1","1258678","1258842","GL873678","1555223","1555380","37","296545"
"KQ054068v1","1261408","1261534","GL873523","31140678","31140809","21","29879270"
"KQ054068v1","1261552","1261726","GL873527","16600025","16600192","42","15338473"
"KQ054068v1","1264269","1264549","GL873526","21819455","21819728","56","20555186"
"KQ054068v1","1287973","1288239","GL873533","23633726","23633993","71","22345753"
"KQ054068v1","1291361","1291662","GL873561","9330005","9330309","68","8038644"
"KQ054068v1","1293887","1294176","GL873538","24663308","24663595","69","23369421"
"KQ054068v1","1327333","1327610","GL873629","2465427","2465711","61","1138094"
"KQ054068v1","1366178","1366501","GL873629","6583892","6584206","81","5217714"
"KQ054068v1","1369830","1370136","GL873563","5489805","5490109","57","4119975"
"KQ054068v1","1376840","1377137","GL873660","705565","705863","52","671275"
"KQ054068v1","1377244","1377529","GL873521","8420231","8420499","85","7042987"
"KQ054068v1","1387913","1388225","GL873720","1268124","1268434","57","119789"
"KQ054068v1","1394817","1395118","GL873523","25968963","25969265","69","24574146"
"KQ054068v1","1395900","1396209","GL873591","6395821","6396131","79","4999921"
"KQ054068v1","1416240","1416538","GL873520","23923056","23923353","58","22506816"
"KQ054068v1","1419161","1419472","GL873720","1268124","1268434","62","151037"
"KQ054068v1","1425612","1425897","GL873557","7133081","7133372","67","5707469"
"KQ054068v1","1430660","1430958","GL873601","8633217","8633516","68","7202557"
"KQ054068v1","1431415","1431702","GL873548","12889049","12889339","55","11457634"
"KQ054068v1","1432497","1432791","GL873631","1772","2067","64","1430725"
"KQ054068v1","1442451","1442741","GL873528","4452981","4453269","62","3010530"
"KQ054068v1","1443053","1443270","GL873576","7334099","7334313","46","5891046"
"KQ054068v1","1449801","1450095","GL873535","12038298","12038580","60","10588497"
"KQ054068v1","1469797","1470089","GL873544","12852108","12852394","58","11382311"
"KQ054068v1","1473844","1474002","GL873681","3131614","3131780","48","1657770"
"KQ054068v1","1486149","1486419","GL873521","21946744","21947003","60","20460595"
"KQ054068v1","1488639","1488909","GL873526","8965429","8965699","74","7476790"
"KQ054068v1","1495593","1495772","GL873550","4522860","4523023","48","3027267"
"KQ054068v1","1497018","1497245","GL873544","12794510","12794743","67","11297492"
"KQ054068v1","1497529","1497813","GL873523","39729565","39729844","66","38232036"
"KQ054068v1","1502807","1503109","GL873529","13503653","13503955","76","12000846"
"KQ054068v1","1504016","1504304","GL873671","1289718","1290012","73","214298"
"KQ054068v1","1521864","1521921","GL873529","1919773","1919828","20","397909"
"KQ054068v1","1528522","1528795","GL873628","1375418","1375692","70","153104"
"KQ054068v1","1530430","1530726","GL873527","16558692","16558981","61","15028262"
"KQ054068v1","1533388","1533687","GL873535","17760318","17760611","78","16226930"
"KQ054068v1","1535741","1536005","GL873624","3982918","3983188","83","2447177"
"KQ054068v1","1539299","1539592","GL873685","1680790","1681076","66","141491"
"KQ054068v1","1542075","1542284","GL873522","4112868","4113098","68","2570793"
"KQ054068v1","1545584","1545880","GL873591","3175072","3175365","65","1629488"
"KQ054068v1","1551598","1551882","GL873586","6854900","6855180","61","5303302"
"KQ054068v1","1556647","1556925","GL873570","9393261","9393537","78","7836614"
"KQ054068v1","1565120","1565326","GL873579","11042363","11042566","52","9477243"
"KQ054068v1","1574073","1574188","GL873534","14270959","14271076","25","12696886"
"KQ054068v1","1578928","1579204","GL873611","607167","607439","70","971761"
"KQ054068v1","1582266","1582540","GL873550","99790","100066","66","1482476"
"KQ054068v1","1584215","1584524","GL873522","4646228","4646515","86","3062013"
"KQ054068v1","1587550","1587830","GL873580","4208327","4208605","81","2620777"
"KQ054068v1","1598487","1598604","GL873579","9847885","9848007","33","8249398"
"KQ054068v1","1598622","1598799","GL873543","989078","989253","50","609544"
"KQ054068v1","1599447","1599729","GL873532","1534117","1534406","73","65330"
"KQ054068v1","1601529","1601771","GL873601","8840581","8840827","69","7239052"
"KQ054068v1","1614594","1614840","GL873577","9802412","9802659","75","8187818"
"KQ054068v1","1629684","1629974","GL873527","16558692","16558981","56","14929008"
"KQ054068v1","1630521","1630831","GL873636","3104548","3104855","67","1474027"
"KQ054068v1","1631056","1631092","GL873537","24738183","24738223","13","23107127"
"KQ054068v1","1632722","1632954","GL873531","27399124","27399344","60","25766402"
"KQ054068v1","1641992","1642308","GL873567","11848801","11849096","86","10206809"
"KQ054068v1","1644444","1644737","GL873586","3828887","3829179","80","2184443"
"KQ054068v1","1650905","1651115","GL873607","3056778","3056972","67","1405873"
"KQ054068v1","1651449","1651542","GL873668","1106218","1106311","17","545231"
"KQ054068v1","1652212","1652533","GL873590","6138621","6138950","104","4486409"
"KQ054068v1","1654094","1654188","GL873528","3581594","3581700","34","1927500"
"KQ054068v1","1654530","1654584","GL873550","13532437","13532490","12","11877907"
"KQ054068v1","1659533","1659811","GL873825","388120","388377","69","1271413"
"KQ054068v1","1714625","1714901","GL873522","21337070","21337362","69","19622445"
"KQ054068v1","1725924","1726218","GL873537","20108472","20108765","63","18382548"
"KQ054068v1","1752569","1752865","GL873621","2619872","2620159","61","867303"
"KQ054068v1","1778038","1778339","GL873575","2687372","2687665","65","909334"
"KQ054068v1","1794267","1794555","GL873526","4353131","4353412","61","2558864"
"KQ054068v1","1799825","1799935","GL873661","937583","937687","21","862242"
"KQ054068v1","1802936","1803216","GL873544","12852108","12852394","64","11049172"
"KQ054068v1","1809154","1809431","GL873652","4612491","4612761","68","2803337"
"KQ054068v1","1810782","1811079","GL873521","4386226","4386521","78","2575444"
"KQ054068v1","1818664","1818926","GL873606","7199769","7200019","61","5381105"
"KQ054068v1","1824496","1824763","GL873521","6742581","6742854","63","4918085"
"KQ054068v1","1836742","1837052","GL873667","3712894","3713183","88","1876152"
"KQ054068v1","1848463","1848735","GL873576","10218517","10218787","51","8370054"
"KQ054068v1","1852928","1853226","GL873527","5721671","5721968","60","3868743"
"KQ054068v1","1868605","1868955","GL873544","20318654","20319003","112","18450049"
"KQ054068v1","1877033","1877323","GL873624","1485768","1486044","76","391265"
"KQ054068v1","1884283","1884478","GL873526","3895419","3895608","43","2011136"
"KQ054068v1","1898220","1898517","GL873577","5810565","5810848","64","3912345"
"KQ054068v1","1900593","1900873","GL873525","35143537","35143806","68","33242944"
"KQ054068v1","1917405","1917691","GL873526","4353131","4353412","59","2435726"
"KQ054068v1","1929875","1930188","GL873531","27860265","27860563","72","25930390"
"KQ054068v1","1937347","1937626","GL873552","11205817","11206103","61","9268470"
"KQ054068v1","1941447","1941733","GL873618","1121386","1121685","68","820061"
"KQ054068v1","1943231","1943540","GL873523","22761974","22762279","84","20818743"
"KQ054068v1","1949131","1949426","GL873520","36088702","36088990","64","34139571"
"KQ054068v1","1957912","1958185","GL873631","1864197","1864472","68","93715"
"KQ054068v1","1960067","1960359","GL873543","2904962","2905248","67","944895"
"KQ054068v1","1966924","1967099","GL873536","13158560","13158734","51","11191636"
"KQ054068v1","1967392","1967504","GL873659","1219404","1219517","28","747988"
"KQ054068v1","1981421","1981723","GL873540","19013371","19013667","70","17031950"
"KQ054068v1","1983509","1983622","GL873590","743308","743414","22","1240201"
"KQ054068v1","1989523","1989822","GL873646","1053138","1053424","74","936385"
"KQ054068v1","1994461","1994768","GL873655","1067764","1068073","70","926697"
"KQ054068v1","2003499","2003747","GL873527","15301459","15301695","62","13297960"
"KQ054068v1","2007237","2007522","GL873587","2747170","2747463","71","739933"
"KQ054068v1","2026119","2026355","GL873528","38588474","38588680","74","36562355"
"KQ054068v1","2051864","2051997","GL873525","28446082","28446208","32","26394218"
"KQ054068v1","2057689","2058011","GL873537","20108472","20108765","72","18050783"
"KQ054068v1","2100892","2101179","GL873536","8091707","8091994","59","5990815"
"KQ054068v1","2102772","2103050","GL873620","3551367","3551651","70","1448595"
"KQ054068v1","2114367","2114573","GL873586","8236164","8236367","60","6121797"
"KQ054068v1","2122076","2122380","GL873537","23325667","23325965","62","21203591"
"KQ054068v1","2143577","2143811","GL873525","7767625","7767882","87","5624048"
"KQ054068v1","2150120","2150398","GL873521","28097187","28097470","72","25947067"
"KQ054068v1","2214821","2215122","GL873548","1041503","1041791","69","1173318"
"KQ054068v1","2216365","2216675","GL873527","11971190","11971490","65","9754825"
"KQ054068v1","2234045","2234350","GL873531","19369345","19369649","71","17135300"
"KQ054068v1","2235274","2235535","GL873576","10327019","10327291","75","8091745"
"KQ054068v1","2252904","2253217","GL873577","10149931","10150226","70","7897027"
"KQ054068v1","2265945","2266250","GL873537","23325667","23325965","71","21059722"
"KQ054068v1","2280502","2280798","GL873524","6095319","6095622","63","3814817"
"KQ054068v1","2286307","2286576","GL873522","44498099","44498366","58","42211792"
"KQ054068v1","2286577","2286742","GL873743","476107","476266","40","1810470"
"KQ054068v1","2291013","2291310","GL873535","29101688","29101988","68","26810675"
"KQ054068v1","2298926","2299000","GL873522","44561279","44561351","16","42262353"
"KQ054068v1","2299737","2300005","GL873572","9561451","9561713","64","7261714"
"KQ054068v1","2350854","2351138","GL873561","13826809","13827093","53","11475955"
"KQ054068v1","2424356","2424650","GL873586","3828887","3829179","63","1404531"
"KQ054068v1","2433028","2433323","GL873548","16911479","16911770","66","14478451"
"KQ054068v1","2434111","2434213","GL873615","835203","835308","21","1598908"
"KQ054068v1","2434898","2435190","GL873547","11458791","11459084","56","9023893"
"KQ054068v1","2436280","2436552","GL873523","44375869","44376133","77","41939589"
"KQ054068v1","2459496","2459803","GL873638","5237742","5238047","80","2778246"
"KQ054068v1","2463052","2463359","GL873529","9421454","9421749","73","6958402"
"KQ054068v1","2468512","2468807","GL873531","27860265","27860563","76","25391753"
"KQ054068v1","2485658","2485865","GL873631","1036680","1036884","55","1448978"
"KQ054068v1","2499083","2499369","GL873584","8075346","8075626","60","5576263"
"KQ054068v1","2500737","2500857","GL873570","10261495","10261616","25","7760758"
"KQ054068v1","2501189","2501385","GL873805","948213","948404","55","1552976"
"KQ054068v1","2506228","2506314","GL873554","5308731","5308817","14","2802503"
"KQ054068v1","2509579","2509893","GL873623","4501593","4501900","68","1992014"
"KQ054068v1","2510683","2510944","GL873550","13679772","13680030","73","11169089"
"KQ054068v1","2514498","2514752","GL873527","37018396","37018646","63","34503898"
"KQ054068v1","2516405","2516695","GL873831","345857","346142","68","2170548"
"KQ054068v1","2516889","2517178","GL873540","4711812","4712090","48","2194923"
"KQ054068v1","2518602","2518713","GL873543","3323998","3324107","30","805396"
"KQ054068v1","2520849","2521162","GL873625","3330882","3331184","73","810033"
"KQ054068v1","2522480","2522795","GL873618","3966684","3966991","73","1444204"
"KQ054068v1","2552270","2552555","GL873530","16303356","16303636","71","13751086"
"KQ054068v1","2558206","2558445","GL873698","1067235","1067477","54","1490971"
"KQ054068v1","2558522","2558813","GL873520","48675796","48676094","72","46117274"
"KQ054068v1","2566630","2566918","GL873524","3372770","3373037","74","806140"
"KQ054068v1","2566960","2567269","GL873529","16524419","16524713","63","13957459"
"KQ054068v1","2572547","2572844","GL873522","4222168","4222461","59","1649621"
"KQ054068v1","2575429","2575760","GL873533","24525398","24525699","97","21949969"
"KQ054068v1","2583218","2583515","GL873539","16201989","16202279","68","13618771"
"KQ054068v1","2588198","2588503","GL873557","13215871","13216171","73","10627673"
"KQ054068v1","2592633","2592842","GL873522","3805123","3805354","74","1212490"
"KQ054068v1","2592926","2592972","GL873636","3842319","3842367","10","1249393"
"KQ054068v1","2596044","2596298","GL873547","9184348","9184601","78","6588304"
"KQ054068v1","2601261","2601447","GL873680","660452","660639","56","1940809"
"KQ054068v1","2606546","2606814","GL873532","10198610","10198878","76","7592064"
"KQ054068v1","2609672","2609892","GL873771","528310","528537","67","2081362"
"KQ054068v1","2613179","2613444","GL873547","9184348","9184601","70","6571169"
"KQ054068v1","2618711","2618903","GL873547","8101273","8101462","44","5482562"
"KQ054068v1","2626017","2626195","GL873558","3010058","3010227","42","384041"
"KQ054068v1","2629478","2629772","GL873522","112255","112554","69","2517223"
"KQ054068v1","2631791","2632055","GL873656","4856634","4856889","57","2224843"
"KQ054068v1","2640389","2640673","GL873527","16315138","16315421","56","13674749"
"KQ054068v1","2643235","2643397","GL873537","8665340","8665505","36","6022105"
"KQ054068v1","2653970","2654293","GL873557","3159396","3159707","71","505426"
"KQ054068v1","2661441","2661721","GL873565","11304553","11304830","54","8643112"
"KQ054068v1","2677745","2677869","GL873548","8652328","8652448","20","5974583"
"KQ054068v1","2679684","2679963","GL873524","6995935","6996215","65","4316251"
"KQ054068v1","2717532","2717749","GL873615","1939870","1940077","63","777662"
"KQ054068v1","2792488","2792769","GL873698","1315478","1315748","78","1477010"
"KQ054068v1","2793915","2794177","GL873691","2571063","2571335","67","222852"
"KQ054068v1","2795608","2795920","GL873596","3562116","3562414","75","766508"
"KQ054068v1","2799648","2799839","GL873595","5873866","5874050","48","3074218"
"KQ054068v1","2807633","2807944","GL873530","10599809","10600111","68","7792176"
"KQ054068v1","2826099","2826388","GL873541","18170809","18171099","74","15344710"
"KQ054068v1","2867547","2867873","GL873521","49874189","49874492","78","47006642"
"KQ054068v1","2900317","2900619","GL873522","4222168","4222461","60","1321851"
"KQ054068v1","2901870","2902165","GL873522","4222168","4222461","62","1320298"
"KQ054068v1","2905048","2905317","GL873533","23633726","23633993","63","20728678"
"KQ054068v1","2910000","2910273","GL873538","2204733","2205000","70","705267"
"KQ054068v1","2910579","2910702","GL873547","5989447","5989567","22","3078868"
"KQ054068v1","2915427","2915549","GL873550","15022505","15022626","33","12107078"
"KQ054068v1","2915867","2916054","GL873527","13153135","13153309","51","10237268"
"KQ054068v1","2918936","2919236","GL873558","11845040","11845343","58","8926104"
"KQ054068v1","2922039","2922337","GL873561","9330005","9330309","66","6407966"
"KQ054068v1","2924074","2924361","GL873646","5503438","5503735","76","2579364"
"KQ054068v1","2933450","2933750","GL873561","9330005","9330309","66","6396555"
"KQ054068v1","2941609","2941876","GL873520","43808806","43809068","70","40867197"
"KQ054068v1","2948021","2948313","GL873526","4353131","4353412","67","1405110"
"KQ054068v1","2974992","2975268","GL873525","39406047","39406306","73","36431055"
"KQ054068v1","2990893","2991163","GL873546","13143077","13143343","79","10152184"
"KQ054068v1","3036131","3036371","GL873621","5849541","5849787","58","2813410"
"KQ054068v1","3036375","3036504","GL873558","12239293","12239424","24","9202918"
"KQ054068v1","3037838","3038086","GL873537","8344417","8344671","69","5306579"
"KQ054068v1","3053016","3053295","GL873663","3170563","3170849","74","117547"
"KQ054068v1","3058384","3058660","GL873523","5398253","5398525","80","2339869"
"KQ054068v1","3062370","3062477","GL873586","6568213","6568322","24","3505843"
"KQ054068v1","3068001","3068177","GL873587","2716822","2716979","63","351179"
"KQ054068v1","3072063","3072173","GL873661","2971032","2971145","22","101031"
"KQ054068v1","3074748","3075061","GL873557","7267236","7267535","91","4192488"
"KQ054068v1","3111794","3112083","GL873579","2271701","2271990","69","840093"
"KQ054068v1","3116701","3116916","GL873539","18737169","18737376","55","15620468"
"KQ054068v1","3148807","3149116","GL873579","9758474","9758769","81","6609667"
"KQ054068v1","3155262","3155535","GL873723","1057504","1057782","68","2097758"
"KQ054068v1","3173643","3173928","GL873570","2488198","2488491","64","685445"
"KQ054068v1","3189838","3190047","GL873541","8067298","8067504","52","4877460"
"KQ054068v1","3190341","3190456","GL873536","13734163","13734272","30","10543822"
"KQ054068v1","3193052","3193330","GL873611","607167","607439","64","2585885"
"KQ054068v1","3196099","3196346","GL873583","3719547","3719786","63","523448"
"KQ054068v1","3199685","3199964","GL873524","6995935","6996215","61","3796250"
"KQ054068v1","3208409","3208686","GL873616","2081382","2081647","77","1127027"
"KQ054068v1","3222104","3222396","GL873521","14599825","14600115","59","11377721"
"KQ054068v1","3223914","3224214","GL873675","162005","162291","70","3061909"
"KQ054068v1","3231795","3232093","GL873544","19347362","19347661","76","16115567"
"KQ054068v1","3245020","3245319","GL873554","1015190","1015489","61","2229830"
"KQ054068v1","3248600","3248890","GL873602","6039670","6039963","63","2791070"
"KQ054068v1","3281733","3281967","GL873743","493025","493244","68","2788708"
"KQ054068v1","3289290","3289575","GL873612","273209","273490","53","3016081"
"KQ054068v1","3290045","3290337","GL873537","20108472","20108765","58","16818427"
"KQ054068v1","3340057","3340331","GL873538","1584722","1584989","61","1755335"
"KQ054068v1","3373240","3373529","GL873538","3757160","3757448","63","383920"
"KQ054068v1","3452064","3452279","GL873625","787508","787700","70","2664556"
"KQ054068v1","3453469","3453760","GL873557","937383","937647","89","2516086"
"KQ054068v1","3455678","3455859","GL873520","23876365","23876536","45","20420687"
"KQ054068v1","3457014","3457298","GL873520","16490507","16490787","63","13033493"
"KQ054068v1","3463187","3463446","GL873608","3049562","3049824","77","413625"
"KQ054068v1","3466708","3466878","GL873646","572926","573086","61","2893782"
"KQ054068v1","3467402","3467691","GL873544","12852108","12852394","65","9384706"
"KQ054068v1","3477644","3477902","GL873668","1518449","1518701","69","1959195"
"KQ054068v1","3486868","3486976","GL873805","579757","579858","28","2907111"
"KQ054068v1","3487285","3487485","GL873805","948213","948404","54","2539072"
"KQ054068v1","3490086","3490321","GL873522","37212332","37212585","68","33722246"
"KQ054068v1","3494707","3494961","GL873538","11416277","11416524","63","7921570"
"KQ054068v1","3500495","3500784","GL873664","4574460","4574746","67","1073965"
"KQ054068v1","3515012","3515197","GL873617","29336","29526","45","3485676"
"KQ054068v1","3556423","3556712","GL873544","12852108","12852394","53","9295685"
"KQ054068v1","3566265","3566560","GL873534","24828530","24828825","68","21262265"
"KQ054068v1","3566587","3566806","GL873529","29033639","29033862","54","25467052"
"KQ054068v1","3568013","3568322","GL873678","899224","899530","72","2668789"
"KQ054068v1","3578348","3578623","GL873628","1375418","1375692","60","2202930"
"KQ054068v1","3578646","3578954","GL873624","5660177","5660468","79","2081531"
"KQ054068v1","3592847","3593046","GL873716","2147222","2147420","55","1445625"
"KQ054068v1","3665483","3665801","GL873615","5162108","5162422","65","1496625"
"KQ054068v1","3665923","3666146","GL873549","2138196","2138422","71","1527727"
"KQ054068v1","3671051","3671137","GL873520","30189521","30189613","22","26518470"
"KQ054068v1","3674892","3675188","GL873538","5676997","5677272","75","2002105"
"KQ054068v1","3683774","3684046","GL873623","1894661","1894923","66","1789113"
"KQ054068v1","3718472","3718727","GL873625","2416845","2417108","60","1301627"
"KQ054068v1","3719419","3719542","GL873670","2353862","2353978","32","1365557"
"KQ054068v1","3719869","3719929","GL873530","8636592","8636653","17","4916723"
"KQ054068v1","3728188","3728483","GL873537","20108472","20108765","57","16380284"
"KQ054068v1","3730777","3731079","GL873531","27860265","27860563","68","24129488"
"KQ054068v1","3737212","3737486","GL873557","5844700","5844982","70","2107488"
"KQ054068v1","3758572","3758892","GL873525","27816917","27817223","91","24058345"
"KQ054068v1","3765716","3766015","GL873531","27860265","27860563","58","24094549"
"KQ054068v1","3767006","3767297","GL873557","7267236","7267535","65","3500230"
"KQ054068v1","3778215","3778513","GL873522","8095500","8095795","74","4317285"
"KQ054068v1","3786625","3786896","GL873535","12038298","12038580","66","8251673"
"KQ054068v1","3810306","3810431","GL873596","2162768","2162890","17","1647538"
"KQ054068v1","3896847","3897144","GL873521","3466616","3466925","60","430231"
"KQ054068v1","3988752","3989051","GL873543","21766493","21766785","78","17777741"
"KQ054068v1","4011387","4011640","GL873641","1679724","1679978","67","2331663"
"KQ054068v1","4147147","4147427","GL873525","35143537","35143806","48","30996390"
"KQ054068v1","4157263","4157537","GL873668","1698319","1698596","70","2458944"
"KQ054068v1","4263153","4263454","GL873561","923317","923608","78","3339836"
"KQ054068v1","4274420","4274721","GL873610","4431407","4431713","55","156987"
"KQ054068v1","4322887","4322968","GL873531","15925377","15925454","17","11602490"
"KQ054068v1","4322996","4323163","GL873677","3090057","3090216","32","1232939"
"KQ054068v1","4328951","4329253","GL873556","996424","996728","66","3332527"
"KQ054068v1","4348742","4349029","GL873533","23793613","23793905","56","19444871"
"KQ054068v1","4356645","4356872","GL873624","3432800","3433013","57","923845"
"KQ054068v1","4362580","4362878","GL873530","16695374","16695671","65","12332794"
"KQ054068v1","4363148","4363321","GL873522","3856634","3856803","48","506514"
"KQ054068v1","4363642","4363770","GL873597","1889582","1889712","27","2474060"
"KQ054068v1","4382427","4382717","GL873544","12852108","12852394","59","8469681"
"KQ054068v1","4396022","4396320","GL873527","24478078","24478372","62","20082056"
"KQ054068v1","4419066","4419189","GL873532","19916845","19916963","16","15497779"
"KQ054068v1","4432438","4432750","GL873540","22714851","22715162","72","18282413"
"KQ054068v1","4443673","4443824","GL873624","3087438","3087585","45","1356235"
"KQ054068v1","4452027","4452218","GL873523","18642250","18642444","57","14190223"
"KQ054068v1","4468468","4468605","GL873535","26135808","26135941","26","21667340"
"KQ054068v1","4478029","4478326","GL873530","10599809","10600111","80","6121780"
"KQ054068v1","4480221","4480502","GL873538","11361515","11361800","62","6881294"
"KQ054068v1","4491549","4491820","GL873528","1415446","1415710","71","3076103"
"KQ054068v1","4527225","4527517","GL873544","12852108","12852394","60","8324883"
"KQ054068v1","4572040","4572344","GL873557","8775388","8775677","77","4203348"
"KQ054068v1","4574435","4574530","GL873629","1373914","1374011","20","3200521"
"KQ054068v1","4574923","4575098","GL873628","7012543","7012724","45","2437620"
"KQ054068v1","4575589","4575874","GL873522","29870961","29871240","77","25295372"
"KQ054068v1","4667363","4667644","GL873531","2619315","2619592","71","2048048"
"KQ054068v1","4696624","4696769","GL873530","8526192","8526322","34","3829568"
"KQ054068v1","4696816","4696934","GL873592","9020427","9020544","25","4323611"
"KQ054068v1","4713785","4714069","GL873789","87737","88019","55","4626048"
"KQ054068v1","4774160","4774460","GL873653","2150456","2150748","68","2623704"
"KQ054068v1","4783379","4783613","GL873680","714216","714447","58","4069163"
"KQ054068v1","4800268","4800542","GL873541","18170809","18171099","66","13370541"
"KQ054068v1","4826198","4826416","GL873577","11684183","11684412","51","6857985"
"KQ054068v1","4869437","4869741","GL873536","11202886","11203192","67","6333449"
"KQ054068v1","4869758","4869928","GL873540","24287721","24287887","43","19417963"
"KQ054068v1","4876511","4876778","GL873653","3996316","3996588","70","880195"
"KQ054068v1","4909153","4909439","GL873521","33844036","33844322","68","28934883"
"KQ054068v1","4916541","4916664","GL873526","19257262","19257383","18","14340721"
"KQ054068v1","4926378","4926686","GL873720","1268124","1268434","71","3658254"
"KQ054068v1","5015926","5016125","GL873528","4948876","4949084","44","67050"
"KQ054068v1","5018728","5018841","GL873535","24314156","24314272","24","19295428"
"KQ054068v1","5022564","5022707","GL873533","27639567","27639703","33","22617003"
"KQ054068v1","5023025","5023183","GL873557","15271303","15271461","43","10248278"
"KQ054068v1","5028891","5029077","GL873706","1864417","1864595","55","3164474"
"KQ054068v1","5033297","5033620","GL873561","9330005","9330309","74","4296708"
"KQ054068v1","5041428","5041693","GL873598","6491954","6492225","67","1450526"
"KQ054068v1","5042567","5042875","GL873571","4374924","4375218","72","667643"
"KQ054068v1","5092285","5092578","GL873543","1341750","1342038","63","3750535"
"KQ054068v1","5110784","5111092","GL873520","60007941","60008240","79","54897157"
"KQ054068v1","5113870","5114179","GL873530","28263781","28264089","69","23149911"
"KQ054068v1","5133406","5133680","GL873573","5102933","5103213","81","30473"
"KQ054068v1","5137589","5137869","GL873530","28399890","28400181","73","23262301"
"KQ054068v1","5143856","5144155","GL873531","19369345","19369649","65","14225489"
"KQ054068v1","5148396","5148529","GL873664","1714322","1714452","28","3434074"
"KQ054068v1","5149568","5149887","GL873530","17375868","17376165","65","12226300"
"KQ054068v1","5157522","5157692","GL873558","10890977","10891146","54","5733455"
"KQ054068v1","5162576","5162879","GL873570","2671142","2671430","65","2491434"
"KQ054068v1","5168527","5168790","GL873522","36470419","36470671","59","31301892"
"KQ054068v1","5174604","5174913","GL873720","1268124","1268434","64","3906480"
"KQ054068v1","5202078","5202368","GL873524","42149014","42149308","62","36946936"
"KQ054068v1","5216051","5216336","GL873557","11830297","11830593","55","6614246"
"KQ054068v1","5231633","5231908","GL873635","3120419","3120703","70","2111214"
"KQ054068v1","5235635","5235946","GL873559","7100349","7100654","71","1864714"
"KQ054068v1","5328248","5328369","GL873615","2624822","2624943","26","2703426"
"KQ054068v1","5336153","5336281","GL873579","919276","919403","44","4416877"
"KQ054068v1","5340568","5340784","GL873523","9620322","9620538","75","4279754"
"KQ054068v1","5345819","5346097","GL873521","4494281","4494565","89","851538"
"KQ054068v1","5394327","5394635","GL873561","11527410","11527710","77","6133083"
"KQ054068v1","5422439","5422700","GL873560","6485764","6486013","79","1063325"
"KQ054068v1","5490387","5490700","GL873584","2602629","2602932","66","2887758"
"KQ054068v1","5504304","5504634","GL873544","10452483","10452811","87","4948179"
"KQ054068v1","5532244","5532540","GL873709","1487557","1487853","52","4044687"
"KQ054068v1","5611681","5611967","GL873522","44292087","44292375","62","38680406"
"KQ054068v1","5638857","5638994","GL873551","1278974","1279109","34","4359883"
"KQ054068v1","5669257","5669553","GL873523","32494078","32494381","70","26824821"
"KQ054068v1","5697941","5698105","GL873678","1555223","1555380","41","4142718"
"KQ054068v1","5720565","5720868","GL873522","4222168","4222461","62","1498397"
"KQ054068v1","5815567","5815701","GL873520","38346395","38346531","28","32530828"
"KQ054068v1","5820738","5821014","GL873532","13087138","13087416","57","7266400"
"KQ054068v1","5837796","5838126","GL873540","4828335","4828639","93","1009461"
"KQ054068v1","5845768","5846085","GL873530","13355158","13355465","66","7509390"
"KQ054068v1","5848402","5848712","GL873563","5489805","5490109","61","358597"
"KQ054068v1","5918904","5919027","GL873541","18089608","18089735","30","12170704"
"KQ054068v1","5926810","5927079","GL873539","2911017","2911298","72","3015793"
"KQ054068v1","5932674","5932959","GL873657","3029272","3029566","58","2903402"
"KQ054068v1","5966794","5967073","GL873551","1671710","1671987","58","4295084"
"KQ054068v1","5978867","5979134","GL873551","1671710","1671987","66","4307157"
"KQ054068v1","5986064","5986383","GL873577","8086851","8087166","78","2100787"
"KQ054068v1","6062320","6062606","GL873646","1069260","1069550","61","4993060"
"KQ054068v1","6075946","6076229","GL873529","19814379","19814661","53","13738433"
"KQ054068v1","6103754","6104056","GL873563","5489805","5490109","68","613949"
"KQ054068v1","6114071","6114228","GL873699","3286200","3286339","51","2827871"
"KQ054068v1","6115978","6116265","GL873524","42149014","42149308","56","36033036"
"KQ054068v1","6119178","6119347","GL873529","18599393","18599558","47","12480215"
"KQ054068v1","6127049","6127199","GL873520","62223643","62223792","33","56096594"
"KQ054068v1","6127494","6127644","GL873728","1069174","1069324","42","5058320"
"KQ054068v1","6132613","6132895","GL873573","45612","45900","60","6087001"
"KQ054068v1","6133398","6133681","GL873596","6955959","6956250","63","822561"
"KQ054068v1","6134076","6134379","GL873538","12219285","12219590","61","6085209"
"KQ054068v1","6141912","6142201","GL873545","14079967","14080251","56","7938055"
"KQ054068v1","6142907","6143062","GL873576","822608","822770","34","5320299"
"KQ054068v1","6167310","6167607","GL873521","6835945","6836242","61","668635"
"KQ054068v1","6194462","6194626","GL873557","6429523","6429687","45","235061"
"KQ054068v1","6205942","6206114","GL873557","6429523","6429687","49","223581"
"KQ054068v1","6246755","6247036","GL873571","2724260","2724543","53","3522495"
"KQ054068v1","6247262","6247529","GL873535","9738591","9738868","68","3491329"
"KQ054068v1","6256072","6256363","GL873575","2687372","2687665","66","3568700"
"KQ054068v1","6259376","6259678","GL873545","17052684","17052979","61","10793308"
"KQ054068v1","6280784","6281085","GL873586","6643146","6643447","65","362362"
"KQ054068v1","6347787","6348060","GL873540","21011598","21011875","61","14663811"
"KQ054068v1","6389352","6389685","GL873618","3564487","3564820","103","2824865"
"KQ054068v1","6426668","6426882","GL873521","27266368","27266584","46","20839700"
"KQ054068v1","6430604","6430899","GL873543","22145834","22146127","70","15715230"
"KQ054068v1","6458670","6458949","GL873618","1644125","1644404","72","4814545"
"KQ054068v1","6475765","6476065","GL873673","4218625","4218921","67","2257140"
"KQ054068v1","6476531","6476827","GL873834","390670","390970","62","6085861"
"KQ054068v1","6479404","6479694","GL873578","5176227","5176517","60","1303177"
"KQ054068v1","6480041","6480274","GL873575","7465616","7465847","52","985575"
"KQ054068v1","6480793","6481017","GL873540","20244038","20244273","55","13763245"
"KQ054068v1","6481037","6481343","GL873530","27648135","27648433","67","21167098"
"KQ054068v1","6484110","6484305","GL873670","2286620","2286812","41","4197490"
"KQ054068v1","6487946","6488218","GL873521","35075462","35075742","69","28587516"
"KQ054068v1","6521092","6521398","GL873523","32335469","32335757","75","25814377"
"KQ054068v1","6536647","6536943","GL873522","32670360","32670653","66","26133713"
"KQ054068v1","6544108","6544360","GL873525","1616808","1617075","76","4927300"
"KQ054068v1","6550623","6550897","GL873614","4596461","4596729","68","1954162"
"KQ054068v1","6564493","6564688","GL873537","28005106","28005301","44","21440613"
"KQ054068v1","6565795","6566032","GL873590","671368","671605","53","5894427"
"KQ054068v1","6568394","6568693","GL873530","16695374","16695671","63","10126980"
"KQ054068v1","6581719","6581844","GL873527","33361574","33361699","27","26779855"
"KQ054068v1","6593507","6593791","GL873689","948096","948361","72","5645411"
"KQ054068v1","6658237","6658537","GL873596","3562116","3562414","58","3096121"
"KQ054068v1","6697746","6698036","GL873643","1087107","1087400","58","5610639"
"KQ054068v1","6703481","6703771","GL873550","6250195","6250478","68","453286"
"KQ054068v1","6721034","6721225","GL873537","5923378","5923565","40","797656"
"KQ054068v1","6739344","6739640","GL873540","19013371","19013667","58","12274027"
"KQ054068v1","6750743","6750988","GL873606","6386738","6386985","55","364005"
"KQ054068v1","6750994","6751034","GL873765","442767","442811","11","6308227"
"KQ054068v1","6753988","6754234","GL873564","7774022","7774270","69","1020034"
"KQ054068v1","6767732","6767999","GL873526","19273970","19274241","62","12506238"
"KQ054068v1","6775307","6775537","GL873550","216016","216243","55","6559291"
"KQ054068v1","6779594","6779824","GL873547","6988081","6988322","56","208487"
"KQ054068v1","6786551","6786833","GL873544","12852108","12852394","67","6065557"
"KQ054068v1","6792129","6792308","GL873526","3895419","3895608","49","2896710"
"KQ054068v1","6794478","6794759","GL873541","17905634","17905915","62","11111156"
"KQ054068v1","6806829","6807131","GL873624","2308457","2308738","78","4498372"
"KQ054068v1","6811888","6812172","GL873522","35966155","35966424","62","29154267"
"KQ054068v1","6831102","6831392","GL873557","6364684","6364991","69","466418"
"KQ054068v1","6838196","6838374","GL873612","1890574","1890750","56","4947622"
"KQ054068v1","6838475","6838674","GL873548","3827710","3827895","55","3010765"
"KQ054068v1","6872509","6872796","GL873579","2621286","2621561","79","4251223"
"KQ054068v1","6897546","6897850","GL873523","21050947","21051235","62","14153401"
"KQ054068v1","6926364","6926670","GL873551","2632492","2632790","59","4293872"
"KQ054068v1","6942490","6942776","GL873691","1286765","1287055","66","5655725"
"KQ054068v1","6943042","6943329","GL873534","23955098","23955385","75","17012056"
"KQ054068v1","6976354","6976613","GL873692","2391107","2391377","64","4585247"
"KQ054068v1","7058666","7058782","GL873614","7970114","7970230","17","911448"
"KQ054068v1","7058837","7059138","GL873534","15235785","15236080","70","8176948"
"KQ054068v1","7123040","7123296","GL873679","2648388","2648640","65","4474652"
"KQ054068v1","7327080","7327363","GL873570","9393261","9393537","61","2066181"
"KQ054068v1","7336157","7336441","GL873570","9393261","9393537","63","2057104"
"KQ054068v1","7358386","7358657","GL873523","1308059","1308327","71","6050327"
"KQ054068v1","7362961","7363257","GL873554","1015190","1015489","59","6347771"
"KQ054068v1","7364287","7364577","GL873547","808738","809027","61","6555549"
"KQ054068v1","7520064","7520337","GL873628","1904991","1905264","65","5615073"
"KQ054068v1","7534671","7534794","GL873568","10867110","10867231","24","3332439"
"KQ054068v1","7566711","7566729","GL873558","9911706","9911723","4","2344995"
"KQ054068v1","7567423","7567611","GL873742","616637","616810","59","6950786"
"KQ054068v1","7583499","7583793","GL873528","11019205","11019481","63","3435706"
"KQ054068v1","7620963","7621253","GL873732","869233","869514","72","6751730"
"KQ054068v1","7807041","7807318","GL873523","9528798","9529072","66","1721757"
"KQ054068v1","7836867","7837029","GL873533","28250206","28250364","40","20413339"
"KQ054068v1","7869772","7870071","GL873530","16695374","16695671","55","8825602"
"KQ054068v1","7949314","7949586","GL873544","12852108","12852394","56","4902794"
"KQ054068v1","7985764","7985966","GL873701","2903984","2904187","58","5081780"
"KQ054068v1","8011595","8011895","GL873615","5889225","5889521","72","2122370"
"KQ054068v1","8044250","8044508","GL873557","8943966","8944228","65","899716"
"KQ054068v1","8080162","8080452","GL873790","430011","430293","62","7650151"
"KQ054068v1","8089472","8089753","GL873533","23633726","23633993","64","15544254"
"KQ054069v1","131000","131293","GL873520","38124828","38125119","64","37993828"
"KQ054069v1","73971","74266","GL873534","24828530","24828825","65","24754559"
"KQ054069v1","86137","86439","GL873565","846944","847233","64","760807"
"KQ054069v1","92471","92737","GL873533","23469691","23469952","67","23377220"
"KQ054069v1","93932","94237","GL873636","3104548","3104855","62","3010616"
"KQ054069v1","124689","124969","GL873543","1740951","1741228","55","1616262"
"KQ054069v1","129378","129666","GL873525","33055425","33055699","62","32926047"
"KQ054069v1","133631","133931","GL873533","23517027","23517325","62","23383396"
"KQ054069v1","135147","135355","GL873537","5698046","5698245","63","5562899"
"KQ054069v1","138462","138576","GL873587","448922","449042","21","310460"
"KQ054069v1","138634","138789","GL873527","11423704","11423843","48","11285070"
"KQ054069v1","147650","147954","GL873525","8368691","8368984","71","8221041"
"KQ054069v1","161194","161477","GL873533","23559803","23560077","58","23398609"
"KQ054069v1","165307","165615","GL873701","1733044","1733352","58","1567737"
"KQ054069v1","176407","176693","GL873661","3460900","3461179","60","3284493"
"KQ054069v1","182193","182507","GL873591","6395821","6396131","74","6213628"
"KQ054069v1","218107","218379","GL873535","10475213","10475479","55","10257106"
"KQ054069v1","224665","224955","GL873544","12852108","12852394","55","12627443"
"KQ054069v1","235462","235749","GL873524","42149014","42149308","52","41913552"
"KQ054069v1","237841","238045","GL873581","655930","656130","61","418089"
"KQ054069v1","279597","279884","GL873528","5227625","5227911","65","4948028"
"KQ054069v1","288536","288830","GL873659","1551093","1551381","72","1262557"
"KQ054069v1","295833","296143","GL873535","11877698","11878000","64","11581865"
"KQ054069v1","307702","307913","GL873521","49362158","49362369","57","49054456"
"KQ054069v1","362071","362260","GL873530","29133109","29133293","43","28771038"
"KQ054069v1","362947","363229","GL873536","27318293","27318570","60","26955346"
"KQ054069v1","426006","426138","GL873571","5880255","5880380","22","5454249"
"KQ054069v1","487466","487766","GL873632","3524037","3524325","62","3036571"
"KQ054069v1","490642","490921","GL873657","3029272","3029566","74","2538630"
"KQ054069v1","498777","498900","GL873560","13049237","13049359","22","12550460"
"KQ054069v1","559896","560064","GL873795","522628","522786","47","37268"
"KQ054069v1","568757","569038","GL873608","4005858","4006144","59","3437101"
"KQ054069v1","569278","569445","GL873730","122968","123133","34","446310"
"KQ054069v1","602476","602781","GL873565","13378525","13378832","58","12776049"
"KQ054069v1","656039","656154","GL873591","8929862","8929981","16","8273823"
"KQ054069v1","661789","662113","GL873591","6395821","6396131","80","5734032"
"KQ054069v1","663412","663721","GL873577","10149931","10150226","71","9486519"
"KQ054069v1","699135","699439","GL873537","20108472","20108765","71","19409337"
"KQ054069v1","709536","709811","GL873527","38721095","38721362","71","38011559"
"KQ054069v1","941679","941953","GL873698","650186","650451","74","291493"
"KQ054069v1","976403","976661","GL873523","29003618","29003875","57","28027215"
"KQ054069v1","988214","988321","GL873522","32834538","32834634","22","31846324"
"KQ054069v1","1009795","1010107","GL873615","5162108","5162422","79","4152313"
"KQ054069v1","1017974","1018197","GL873520","40069156","40069375","58","39051182"
"KQ054069v1","1217065","1217321","GL873520","8050197","8050448","66","6833132"
"KQ054069v1","1236110","1236401","GL873520","60883623","60883917","61","59647513"
"KQ054069v1","1506141","1506437","GL873521","49874189","49874492","70","48368048"
"KQ054069v1","1521776","1522070","GL873527","34757723","34758022","58","33235947"
"KQ054069v1","1573194","1573490","GL873606","6177600","6177887","69","4604406"
"KQ054069v1","1591080","1591360","GL873685","3807796","3808062","73","2216716"
"KQ054069v1","1595337","1595571","GL873526","40957560","40957777","52","39362223"
"KQ054069v1","1617538","1617662","GL873834","415652","415774","21","1201886"
"KQ054069v1","1660292","1660595","GL873561","11527410","11527710","62","9867118"
"KQ054069v1","1682094","1682314","GL873522","42684058","42684281","66","41001964"
"KQ054069v1","1685257","1685411","GL873571","4534528","4534692","36","2849271"
"KQ054069v1","1689011","1689293","GL873526","8284727","8285011","63","6595716"
"KQ054069v1","1717300","1717566","GL873536","13622290","13622562","56","11904990"
"KQ054069v1","1723485","1723788","GL873522","24971123","24971422","61","23247638"
"KQ054069v1","1816306","1816613","GL873545","12978830","12979129","79","11162524"
"KQ054069v1","2161025","2161302","GL873546","12679748","12680030","78","10518723"
"KQ054069v1","2177972","2178252","GL873554","1893191","1893471","71","284781"
"KQ054069v1","2213546","2213830","GL873601","3845814","3846115","75","1632268"
"KQ054069v1","2219183","2219450","GL873628","1375418","1375692","67","843765"
"KQ054069v1","2224524","2224849","GL873829","141006","141285","98","2083518"
"KQ054069v1","2231725","2232015","GL873533","25845334","25845639","81","23613609"
"KQ054069v1","2238736","2239010","GL873541","21985689","21985982","71","19746953"
"KQ054069v1","2245582","2245840","GL873536","7503407","7503677","66","5257825"
"KQ054069v1","2246003","2246261","GL873526","17110885","17111154","66","14864882"
"KQ054069v1","2256974","2257289","GL873577","10149931","10150226","80","7892957"
"KQ054069v1","2259795","2260078","GL873618","1681545","1681828","66","578250"
"KQ054069v1","2267814","2268097","GL873625","5819542","5819828","62","3551728"
"KQ054069v1","2271448","2271574","GL873752","1821592","1821717","23","449856"
"KQ054069v1","2290971","2291258","GL873565","8083971","8084251","55","5793000"
"KQ054069v1","2292503","2292787","GL873532","1534117","1534406","64","758386"
"KQ054069v1","2301055","2301353","GL873537","2276824","2277122","64","24231"
"KQ054069v1","2353939","2354208","GL873534","22880897","22881154","68","20526958"
"KQ054069v1","2362522","2362814","GL873754","1754489","1754787","67","608033"
"KQ054069v1","2364600","2364865","GL873557","8943966","8944228","75","6579366"
"KQ054069v1","2367431","2367579","GL873564","3411630","3411757","45","1044199"
"KQ054069v1","2367580","2367861","GL873533","30722840","30723130","61","28355260"
"KQ054069v1","2367862","2368036","GL873691","2219195","2219376","48","148667"
"KQ054069v1","2381355","2381637","GL873531","27860265","27860563","66","25478910"
"KQ054069v1","2407418","2407741","GL873537","21410001","21410301","84","19002583"
"KQ054069v1","2419037","2419322","GL873520","38124828","38125119","69","35705791"
"KQ054069v1","2439552","2439687","GL873520","24084579","24084710","24","21645027"
"KQ054069v1","2476115","2476403","GL873545","17052684","17052979","64","14576569"
"KQ054069v1","2507092","2507363","GL873547","17720932","17721199","69","15213840"
"KQ054069v1","2521656","2521889","GL873548","17670157","17670396","59","15148501"
"KQ054069v1","2525309","2525601","GL873549","15132343","15132615","66","12607034"
"KQ054069v1","2576439","2576705","GL873528","4452981","4453269","72","1876542"
"KQ054069v1","2580624","2580791","GL873558","3010058","3010227","56","429434"
"KQ054069v1","2591340","2591525","GL873538","1707462","1707639","52","883878"
"KQ054069v1","2631027","2631336","GL873521","49874189","49874492","65","47243162"
"KQ054069v1","2636814","2636907","GL873622","4422983","4423078","25","1786169"
"KQ054069v1","2651739","2652021","GL873534","15140925","15141195","57","12489186"
"KQ054069v1","2656287","2656582","GL873575","7775816","7776105","65","5119529"
"KQ054069v1","2716553","2716850","GL873572","9034316","9034616","57","6317763"
"KQ054069v1","2754036","2754339","GL873568","4562469","4562774","65","1808433"
"KQ054069v1","2826373","2826589","GL873831","541154","541362","56","2285219"
"KQ054069v1","2827144","2827441","GL873654","107855","108156","84","2719289"
"KQ054069v1","2860648","2860941","GL873539","25527772","25528079","69","22667124"
"KQ054069v1","2865504","2865813","GL873720","1268124","1268434","45","1597380"
"KQ054069v1","2871308","2871605","GL873537","23325667","23325965","54","20454359"
"KQ054069v1","2900545","2900726","GL873521","32809348","32809534","57","29908803"
"KQ054069v1","2927708","2928016","GL873720","1268124","1268434","52","1659584"
"KQ054069v1","2998428","2998765","GL873591","6395821","6396131","87","3397393"
"KQ054069v1","3112453","3112739","GL873574","9516622","9516906","77","6404169"
"KQ054069v1","3130840","3131129","GL873543","2904962","2905248","65","225878"
"KQ054069v1","3143841","3144146","GL873530","25617673","25617981","67","22473832"
"KQ054069v1","3169921","3170224","GL873720","1268124","1268434","60","1901797"
"KQ054069v1","3215059","3215343","GL873831","43543","43812","68","3171516"
"KQ054069v1","3367163","3367441","GL873537","5716740","5717017","60","2349577"
"KQ054069v1","3372984","3373285","GL873557","7267236","7267535","64","3894252"
"KQ054069v1","3375742","3376057","GL873537","20806240","20806550","67","17430498"
"KQ054069v1","3393631","3393939","GL873545","20254912","20255212","73","16861281"
"KQ054069v1","3441955","3442240","GL873667","3712894","3713183","76","270939"
"KQ054069v1","3512301","3512602","GL873522","8095500","8095795","60","4583199"
"KQ054069v1","3517831","3518132","GL873522","8095500","8095795","60","4577669"
"KQ054069v1","3519510","3519750","GL873533","27216864","27217089","59","23697354"
"KQ054069v1","3559623","3559862","GL873689","1554700","1554940","60","2004923"
"KQ054069v1","3583811","3584094","GL873754","1677368","1677657","64","1906443"
"KQ054069v1","3585291","3585551","GL873533","27283240","27283508","66","23697949"
"KQ054069v1","3624784","3625071","GL873586","6854900","6855180","58","3230116"
"KQ054069v1","3672273","3672574","GL873542","22834977","22835273","68","19162704"
"KQ054069v1","3698632","3698924","GL873538","24663308","24663595","69","20964676"
"KQ054069v1","3711369","3711631","GL873621","1284846","1285092","73","2426523"
"KQ054069v1","3755933","3756227","GL873552","11205817","11206103","60","7449884"
"KQ054069v1","3783374","3783668","GL873744","1361548","1361847","59","2421826"
"KQ054069v1","3800695","3800991","GL873522","8095500","8095795","74","4294805"
"KQ054069v1","3804451","3804741","GL873521","33844036","33844322","67","30039585"
"KQ054069v1","3817164","3817288","GL873547","12522741","12522858","25","8705577"
"KQ054069v1","3817621","3817816","GL873537","5923378","5923565","50","2105757"
"KQ054069v1","3857280","3857556","GL873535","15476728","15477010","64","11619448"
"KQ054069v1","3866389","3866681","GL873523","28439312","28439608","65","24572923"
"KQ054069v1","3874182","3874452","GL873561","13826809","13827093","63","9952627"
"KQ054069v1","3881316","3881474","GL873728","1069174","1069324","35","2812142"
"KQ054069v1","3907161","3907456","GL873591","1508585","1508871","55","2398576"
"KQ054069v1","3909322","3909616","GL873546","859614","859905","65","3049708"
"KQ054069v1","3929244","3929546","GL873522","4222168","4222461","64","292924"
"KQ054069v1","3940901","3941189","GL873521","33844036","33844322","62","29903135"
"KQ054069v1","3941516","3941693","GL873522","3856634","3856803","41","84882"
"KQ054069v1","3941851","3941968","GL873679","188241","188357","19","3753610"
"KQ054069v1","3960195","3960324","GL873541","18089608","18089735","27","14129413"
"KQ054069v1","3960641","3960813","GL873677","3090057","3090216","40","870584"
"KQ054069v1","3989013","3989312","GL873619","2816705","2816991","73","1172308"
"KQ054069v1","3990910","3991195","GL873677","4203427","4203715","51","212517"
"KQ054069v1","4000054","4000364","GL873527","11533238","11533536","79","7533184"
"KQ054069v1","4011879","4012162","GL873752","219309","219580","52","3792570"
"KQ054069v1","4024217","4024497","GL873570","9393261","9393537","68","5369044"
"KQ054069v1","4029830","4030097","GL873526","21819455","21819728","76","17789625"
"KQ054069v1","4035389","4035703","GL873615","5162108","5162422","79","1126719"
"KQ054069v1","4036945","4037239","GL873584","6966592","6966895","69","2929647"
"KQ054069v1","4038355","4038637","GL873526","11964670","11964947","59","7926315"
"KQ054069v1","4048885","4049205","GL873661","1884549","1884860","67","2164336"
"KQ054069v1","4054049","4054335","GL873544","12852108","12852394","54","8798059"
"KQ054069v1","4059862","4060182","GL873557","7267236","7267535","87","3207374"
"KQ054069v1","4112529","4112842","GL873631","1209927","1210220","93","2902602"
"KQ054069v1","4116021","4116186","GL873681","3131614","3131780","41","984407"
"KQ054069v1","4120932","4121224","GL873520","60382881","60383169","65","56261949"
"KQ054069v1","4121840","4122139","GL873530","16695374","16695671","65","12573534"
"KQ054069v1","4122625","4122838","GL873703","613800","614016","56","3508825"
"KQ054069v1","4125223","4125511","GL873750","1418881","1419168","66","2706342"
"KQ054069v1","4128733","4129023","GL873530","16695374","16695671","63","12566641"
"KQ054069v1","4129538","4129829","GL873619","2816705","2816991","61","1312833"
"KQ054069v1","4133062","4133357","GL873545","17052684","17052979","73","12919622"
"KQ054069v1","4137545","4137819","GL873648","355307","355573","66","3782238"
"KQ054069v1","4141194","4141422","GL873610","2983794","2984019","56","1157400"
"KQ054069v1","4145917","4146227","GL873563","5489805","5490109","59","1343888"
"KQ054069v1","4152193","4152495","GL873537","23325667","23325965","54","19173474"
"KQ054069v1","4159633","4159728","GL873535","20856911","20857009","19","16697278"
"KQ054069v1","4163808","4163926","GL873532","19916845","19916963","23","15753037"
"KQ054069v1","4167500","4167793","GL873532","17044604","17044891","54","12877104"
"KQ054069v1","4179703","4179940","GL873579","10953212","10953437","53","6773509"
"KQ054069v1","4188686","4188978","GL873675","2464737","2465019","61","1723949"
"KQ054069v1","4189070","4189290","GL873582","5484127","5484353","58","1295057"
"KQ054069v1","4201280","4201581","GL873526","28619796","28620107","57","24418516"
"KQ054069v1","4201824","4202087","GL873525","33879803","33880053","74","29677979"
"KQ054069v1","4205153","4205236","GL873531","16275379","16275462","12","12070226"
"KQ054069v1","4209006","4209283","GL873520","29988706","29988981","66","25779700"
"KQ054069v1","4210818","4211120","GL873530","13355158","13355465","77","9144340"
"KQ054069v1","4212151","4212452","GL873520","38987202","38987491","68","34775051"
"KQ054069v1","4213000","4213287","GL873812","400580","400858","77","3812420"
"KQ054069v1","4220142","4220446","GL873720","1268124","1268434","66","2952018"
"KQ054069v1","4220734","4221055","GL873557","7267236","7267535","82","3046502"
"KQ054069v1","4223606","4223875","GL873602","5976280","5976542","57","1752674"
"KQ054069v1","4225952","4226243","GL873632","5787814","5788105","67","1561862"
"KQ054069v1","4240266","4240562","GL873646","5530496","5530792","59","1290230"
"KQ054069v1","4248959","4249046","GL873557","14039524","14039612","17","9790565"
"KQ054069v1","4252261","4252548","GL873544","12852108","12852394","50","8599847"
"KQ054069v1","4262468","4262742","GL873586","4074287","4074561","73","188181"
"KQ054069v1","4267562","4267830","GL873558","6357384","6357662","71","2089822"
"KQ054069v1","4270630","4270925","GL873522","25185925","25186218","66","20915295"
"KQ054069v1","4274514","4274796","GL873561","14505118","14505417","66","10230604"
"KQ054069v1","4275314","4275503","GL873569","11158685","11158869","56","6883371"
"KQ054069v1","4278300","4278594","GL873522","25185925","25186218","69","20907625"
"KQ054069v1","4282138","4282407","GL873560","534135","534416","69","3748003"
"KQ054069v1","4285640","4285933","GL873522","25185925","25186218","66","20900285"
"KQ054069v1","4298367","4298635","GL873689","508683","508949","53","3789684"
"KQ054069v1","4300052","4300270","GL873624","2883081","2883295","59","1416971"
"KQ054069v1","4303039","4303304","GL873723","580118","580366","74","3722921"
"KQ054069v1","4309314","4309613","GL873538","15635099","15635394","61","11325785"
"KQ054069v1","4311747","4312044","GL873543","15335544","15335847","71","11023797"
"KQ054069v1","4314500","4314594","GL873535","20856911","20857009","18","16542411"
"KQ054069v1","4316208","4316472","GL873635","852587","852862","70","3463621"
"KQ054069v1","4316489","4316623","GL873548","18022605","18022737","29","13706116"
"KQ054069v1","4316624","4316895","GL873542","9612407","9612676","58","5295783"
"KQ054069v1","4317950","4318219","GL873710","888426","888690","63","3429524"
"KQ054069v1","4319123","4319258","GL873543","13242093","13242230","30","8922970"
"KQ054069v1","4329426","4329626","GL873578","7455255","7455470","52","3125829"
"KQ054069v1","4342364","4342556","GL873578","7455255","7455470","53","3112891"
"KQ054069v1","4357491","4357794","GL873577","10149931","10150226","72","5792440"
"KQ054069v1","4359150","4359433","GL873547","14329017","14329292","61","9969867"
"KQ054069v1","4368844","4369152","GL873558","11891524","11891812","62","7522680"
"KQ054069v1","4371857","4372149","GL873525","8368691","8368984","52","3996834"
"KQ054069v1","4380995","4381277","GL873631","1772","2067","72","4379223"
"KQ054069v1","4393366","4393636","GL873638","2212836","2213102","67","2180530"
"KQ054069v1","4394245","4394534","GL873532","21611611","21611905","56","17217366"
"KQ054069v1","4403774","4404081","GL873521","3466616","3466925","66","937158"
"KQ054069v1","4409963","4410246","GL873629","2465427","2465711","70","1944536"
"KQ054069v1","4412307","4412618","GL873661","1884549","1884860","61","2527758"
"KQ054069v1","4422118","4422417","GL873527","31283209","31283495","80","26861091"
"KQ054069v1","4439712","4440002","GL873537","20108472","20108765","64","15668760"
"KQ054069v1","4453263","4453574","GL873558","11845040","11845343","67","7391777"
"KQ054069v1","4471326","4471626","GL873554","1015190","1015489","59","3456136"
"KQ054069v1","4477464","4477752","GL873537","20108472","20108765","57","15631008"
"KQ054069v1","4499710","4499990","GL873575","5397185","5397466","70","897475"
"KQ054069v1","4547877","4548082","GL873752","1264588","1264795","51","3283289"
"KQ054069v1","4554543","4554689","GL873548","15426227","15426376","34","10871684"
"KQ054069v1","4554718","4554863","GL873536","24542650","24542792","42","19987932"
"KQ054069v1","4567416","4567705","GL873562","7959514","7959806","68","3392098"
"KQ054069v1","4571136","4571355","GL873611","24870","25092","68","4546266"
"KQ054069v1","4605188","4605483","GL873528","4452981","4453269","64","152207"
"KQ054069v1","4625716","4626011","GL873548","16911479","16911770","67","12285763"
"KQ054069v1","4630516","4630804","GL873527","37605146","37605440","70","32974630"
"KQ054069v1","4633749","4634043","GL873538","5676997","5677272","65","1043248"
"KQ054069v1","4638516","4638823","GL873537","20806240","20806550","61","16167724"
"KQ054069v1","4670565","4670686","GL873543","6168107","6168231","23","1497542"
"KQ054069v1","4670876","4671173","GL873572","7008243","7008542","69","2337367"
"KQ054069v1","4672262","4672429","GL873547","11297925","11298087","37","6625663"
"KQ054069v1","4688624","4688922","GL873610","4431407","4431713","58","257217"
"KQ054069v1","4700687","4700962","GL873526","23761987","23762248","55","19061300"
"KQ054069v1","4702953","4703227","GL873607","1421139","1421397","61","3281814"
"KQ054069v1","4731501","4731794","GL873636","956388","956673","74","3775113"
"KQ054069v1","4736715","4737019","GL873524","18409525","18409822","64","13672810"
"KQ054069v1","4756978","4757268","GL873558","6357384","6357662","66","1600406"
"KQ054069v1","4865669","4865970","GL873537","23325667","23325965","71","18459998"
"KQ054069v1","4873663","4873953","GL873596","6191056","6191343","70","1317393"
"KQ054069v1","4907627","4907924","GL873625","3330882","3331184","64","1576745"
"KQ054069v1","4925287","4925588","GL873537","20108472","20108765","60","15183185"
"KQ054069v1","4964392","4964607","GL873779","1081945","1082162","64","3882447"
"KQ054069v1","5017425","5017739","GL873561","9330005","9330309","78","4312580"
"KQ054069v1","5056904","5057195","GL873522","4222168","4222461","56","834736"
"KQ054069v1","5083275","5083585","GL873530","28263781","28264089","67","23180506"
"KQ054069v1","5099515","5099809","GL873632","82576","82862","75","5016939"
"KQ054069v1","5109032","5109322","GL873565","12080059","12080369","77","6971027"
"KQ054069v1","5155168","5155475","GL873524","43577965","43578256","92","38422797"
"KQ054069v1","5201700","5202010","GL873541","18220450","18220758","67","13018750"
"KQ054069v1","5233057","5233232","GL873592","9528815","9528965","60","4295758"
"KQ054069v1","5273379","5273690","GL873537","20806240","20806550","69","15532861"
"KQ054069v1","5358103","5358407","GL873561","9330005","9330309","60","3971902"
"KQ054069v1","5421769","5422076","GL873661","1884549","1884860","56","3537220"
"KQ054069v1","5498450","5498738","GL873646","4920816","4921070","80","577634"
"KQ054069v1","5606533","5606802","GL873524","2199972","2200244","69","3406561"
"KQ054069v1","5616600","5616901","GL873538","26301186","26301477","66","20684586"
"KQ054069v1","5630322","5630619","GL873754","1754489","1754787","58","3875833"
"KQ054069v1","5632190","5632483","GL873754","1754489","1754787","63","3877701"
"KQ054069v1","5660531","5660825","GL873631","1772","2067","50","5658759"
"KQ054069v1","5664158","5664471","GL873720","1268124","1268434","57","4396034"
"KQ054069v1","5668197","5668475","GL873526","25295506","25295789","59","19627309"
"KQ054069v1","5681525","5681816","GL873520","38080852","38081130","69","32399327"
"KQ054069v1","5743866","5744158","GL873663","472158","472454","65","5271708"
"KQ054069v1","5832807","5833028","GL873533","29737151","29737377","52","23904344"
"KQ054069v1","5842608","5842884","GL873548","12549634","12549900","62","6707026"
"KQ054069v1","5857065","5857333","GL873549","9760213","9760495","69","3903148"
"KQ054069v1","5865871","5866163","GL873563","1295481","1295780","59","4570390"
"KQ054069v1","5886024","5886350","GL873526","7882436","7882722","93","1996412"
"KQ054069v1","5967455","5967744","GL873641","1616935","1617223","58","4350520"
"KQ054069v1","6002532","6002681","GL873582","8142654","8142791","37","2140122"
"KQ054069v1","6035956","6036264","GL873709","2455422","2455722","71","3580534"
"KQ054069v1","6053280","6053565","GL873531","29997638","29997909","73","23944358"
"KQ054069v1","6076114","6076393","GL873537","14097659","14097958","68","8021545"
"KQ054069v1","6078183","6078474","GL873544","12852108","12852394","60","6773925"
"KQ054069v1","6096846","6097173","GL873544","14777159","14777470","82","8680313"
"KQ054069v1","6100428","6100717","GL873754","1754489","1754787","57","4345939"
"KQ054069v1","6104989","6105269","GL873547","14329017","14329292","48","8224028"
"KQ054069v1","6114036","6114343","GL873548","17482771","17483070","58","11368735"
"KQ054069v1","6195406","6195698","GL873557","9951663","9951956","61","3756257"
"KQ054069v1","6217944","6218081","GL873530","8526192","8526322","38","2308248"
"KQ054069v1","6222754","6223018","GL873594","1523127","1523375","60","4699627"
"KQ054069v1","6231918","6232199","GL873521","6742581","6742854","65","510663"
"KQ054069v1","6232669","6232828","GL873539","18965545","18965701","33","12732876"
"KQ054069v1","6233167","6233304","AAQR03200197","793","934","32","6232374"
"KQ054069v1","6273631","6273912","GL873539","14839213","14839487","67","8565582"
"KQ054069v1","6299980","6300292","GL873575","122012","122312","81","6177968"
"KQ054069v1","6368181","6368473","GL873539","17936217","17936501","56","11568036"
"KQ054069v1","6373468","6373667","GL873550","17711038","17711248","48","11337570"
"KQ054069v1","6374631","6374834","GL873550","17711038","17711248","52","11336407"
"KQ054069v1","6385567","6385698","GL873566","9288671","9288803","25","2903104"
"KQ054069v1","6413836","6414134","GL873596","3562116","3562414","64","2851720"
"KQ054069v1","6449655","6449953","GL873530","16695374","16695671","55","10245719"
"KQ054069v1","6488024","6488322","GL873524","42149014","42149308","58","35660990"
"KQ054069v1","6530491","6530768","GL873613","6387091","6387369","63","143400"
"KQ054069v1","6571063","6571344","GL873586","8120080","8120363","67","1549017"
"KQ054069v1","6575829","6576077","GL873624","1833935","1834197","65","4741894"
"KQ054069v1","6576975","6577086","GL873521","4012280","4012392","32","2564695"
"KQ054069v1","6577409","6577531","GL873547","17597232","17597356","27","11019823"
"KQ054069v1","6578506","6578793","GL873535","12038298","12038580","63","5459792"
"KQ054069v1","6581709","6582020","GL873720","1268124","1268434","57","5313585"
"KQ054069v1","6672232","6672511","GL873677","3168668","3168943","53","3503564"
"KQ054069v1","6708939","6709224","GL873609","8127280","8127574","86","1418341"
"KQ054069v1","6715283","6715582","GL873661","1884549","1884860","74","4830734"
"KQ054069v1","6726360","6726625","GL873522","8505730","8506010","74","1779370"
"KQ054069v1","6773997","6774285","GL873657","3029272","3029566","61","3744725"
"KQ054069v1","6781072","6781155","GL873585","5314205","5314291","16","1466867"
"KQ054069v1","6781593","6781902","GL873537","20108472","20108765","62","13326879"
"KQ054069v1","6788690","6788860","GL873740","668373","668539","33","6120317"
"KQ054069v1","6789196","6789334","GL873539","17136906","17137041","31","10347710"
"KQ054069v1","6800738","6801029","GL873794","820223","820511","64","5980515"
"KQ054069v1","6802922","6803202","GL873653","487389","487672","67","6315533"
"KQ054069v1","6803955","6804248","GL873568","10563353","10563640","53","3759398"
"KQ054069v1","6812653","6812899","GL873535","13887307","13887542","70","7074654"
"KQ054069v1","6814074","6814207","GL873530","26696256","26696387","21","19882182"
"KQ054069v1","6843921","6844200","GL873527","24552205","24552484","66","17708284"
"KQ054069v1","6848477","6848696","GL873659","1692343","1692545","54","5156134"
"KQ054069v1","6868653","6868820","GL873539","20135059","20135227","52","13266406"
"KQ054069v1","6879836","6880132","GL873737","1691288","1691582","60","5188548"
"KQ054069v1","6888997","6889297","GL873548","1041503","1041791","67","5847494"
"KQ054069v1","6906927","6907119","GL873532","21559516","21559709","54","14652589"
"KQ054069v1","6929005","6929307","GL873528","4343487","4343790","69","2585518"
"KQ054069v1","6940494","6940785","GL873523","26196880","26197171","62","19256386"
"KQ054069v1","6953902","6954195","GL873584","8075346","8075626","71","1121444"
"KQ054069v1","6954795","6954932","GL873531","27435012","27435141","31","20480217"
"KQ054069v1","7003780","7004030","GL873564","1337644","1337896","62","5666136"
"KQ054069v1","7031005","7031137","GL873537","22409869","22410000","30","15378864"
"KQ054069v1","7031463","7031639","GL873522","37363427","37363592","48","30331964"
"KQ054069v1","7046633","7046911","GL873520","39401084","39401363","62","32354451"
"KQ054069v1","7053841","7053962","GL873603","7603972","7604091","21","550131"
"KQ054069v1","7067594","7067867","GL873522","18643197","18643468","66","11575603"
"KQ054069v1","7074844","7075125","GL873521","25393132","25393414","78","18318288"
"KQ054069v1","7079316","7079536","GL873551","4428507","4428742","58","2650809"
"KQ054069v1","7162852","7163143","GL873606","5355796","5356059","74","1807056"
"KQ054069v1","7189246","7189549","GL873541","18220450","18220758","63","11031204"
"KQ054069v1","7189617","7189894","GL873608","1050675","1050948","71","6138942"
"KQ054069v1","7193751","7194029","GL873529","23083772","23084054","60","15890021"
"KQ054069v1","7197756","7197916","GL873571","4293538","4293698","34","2904218"
"KQ054069v1","7205238","7205302","GL873577","652466","652526","18","6552772"
"KQ054069v1","7205638","7205767","GL873675","2459436","2459565","25","4746202"
"KQ054069v1","7215499","7215811","GL873526","17279675","17279985","75","10064176"
"KQ054069v1","7228287","7228558","GL873632","2531304","2531561","69","4696983"
"KQ054069v1","7237089","7237398","GL873521","40467463","40467776","78","33230374"
"KQ054069v1","7244863","7244993","GL873543","13242093","13242230","28","5997230"
"KQ054069v1","7247446","7247743","GL873643","1073552","1073855","66","6173894"
"KQ054069v1","7249237","7249346","GL873586","8809258","8809387","42","1560021"
"KQ054069v1","7287701","7287930","GL873523","6187641","6187865","56","1100060"
"KQ054069v1","7297291","7297584","GL873624","4521614","4521897","69","2775677"
"KQ054069v1","7305311","7305588","GL873693","3290790","3291068","73","4014521"
"KQ054069v1","7326873","7327148","GL873593","31519","31781","74","7295354"
"KQ054069v1","7330272","7330573","GL873577","10149931","10150226","75","2819659"
"KQ054069v1","7331717","7331771","GL873522","846940","846998","15","6484777"
"KQ054069v1","7335164","7335399","GL873533","30112621","30112849","54","22777457"
"KQ054069v1","7342717","7343014","GL873577","10149931","10150226","72","2807214"
"KQ054069v1","7344190","7344245","GL873522","846940","846998","14","6497250"
"KQ054069v1","7347687","7347985","GL873552","9485985","9486288","67","2138298"
"KQ054069v1","7356358","7356545","GL873520","42644555","42644741","48","35288197"
"KQ054069v1","7398480","7398673","GL873526","524997","525159","60","6873483"
"KQ054069v1","7407568","7407831","GL873800","162596","162852","60","7244972"
"KQ054069v1","7435627","7435849","GL873554","16577687","16577901","64","9142060"
"KQ054069v1","7448367","7448639","GL873526","12865197","12865466","64","5416830"
"KQ054069v1","7454610","7454899","GL873616","7318626","7318922","70","135984"
"KQ054069v1","7459880","7460167","GL873529","17122097","17122389","59","9662217"
"KQ054069v1","7472368","7472589","GL873530","5302404","5302625","60","2169964"
"KQ054069v1","7474556","7474852","GL873530","16695374","16695671","60","9220818"
"KQ054069v1","7494368","7494545","GL873586","8056113","8056291","47","561745"
"KQ054069v1","7505433","7505713","GL873522","26416598","26416890","52","18911165"
"KQ054069v1","7533950","7534241","GL873534","23955098","23955385","56","16421148"
"KQ054069v1","7535255","7535547","GL873558","3156984","3157274","60","4378271"
"KQ054069v1","7540159","7540260","GL873670","4117545","4117642","18","3422614"
"KQ054069v1","7553447","7553757","GL873536","11202886","11203192","65","3649439"
"KQ054069v1","7568654","7568946","GL873737","1691288","1691582","59","5877366"
"KQ054069v1","7573197","7573481","GL873579","984876","985165","58","6588321"
"KQ054069v1","7579328","7579647","GL873529","1948168","1948464","82","5631160"
"KQ054069v1","7601548","7601851","GL873631","1772","2067","73","7599776"
"KQ054069v1","7618074","7618387","GL873609","7137543","7137854","77","480531"
"KQ054069v1","7652621","7652883","GL873611","6802065","6802336","64","850556"
"KQ054069v1","7671407","7671524","GL873567","9225707","9225819","25","1554300"
"KQ054069v1","7671538","7671829","GL873538","3757160","3757448","63","3914378"
"KQ054069v1","7697154","7697430","GL873621","5711103","5711374","62","1986051"
"KQ054069v1","7708493","7708771","GL873536","7157727","7157997","68","550766"
"KQ054069v1","7717952","7718225","GL873594","8268058","8268318","68","550106"
"KQ054069v1","7745771","7745936","GL873730","1943079","1943243","34","5802692"
"KQ054069v1","7774531","7774823","GL873573","944182","944464","58","6830349"
"KQ054069v1","7783589","7783880","GL873544","12852108","12852394","60","5068519"
"KQ054069v1","7818750","7819063","GL873720","1268124","1268434","52","6550626"
"KQ054069v1","7889853","7890150","GL873537","20108472","20108765","51","12218619"
"KQ054069v1","7926498","7926766","GL873606","7922028","7922295","49","4470"
"KQ054069v1","8051280","8051560","GL873547","14329017","14329292","52","6277737"
"KQ054069v1","8051653","8051750","GL873532","27716790","27716890","24","19665137"
"KQ054069v1","8052038","8052171","GL873630","4564594","4564736","32","3487444"
"KQ054069v1","8059338","8059537","GL873593","2594539","2594732","51","5464799"
"KQ054069v1","8087308","8087574","GL873715","335322","335574","76","7751986"
"KQ054069v1","8228195","8228456","GL873660","1384330","1384596","48","6843865"
"KQ054069v1","8248922","8249098","GL873548","4074362","4074536","38","4174560"
"KQ054069v1","8249933","8250230","GL873530","17375868","17376165","57","9125935"
"KQ054069v1","8268685","8268991","GL873547","11458791","11459084","57","3190106"
"KQ054069v1","8274423","8274604","GL873524","1211458","1211633","51","7062965"
"KQ054069v1","8274920","8275001","GL873691","520852","520938","28","7754068"
"KQ054069v1","8281765","8281867","GL873800","614066","614171","26","7667699"
"KQ054069v1","8282439","8282468","GL873532","24821929","24821956","10","16539490"
"KQ054069v1","8287769","8288066","GL873520","38228738","38229037","57","29940969"
"KQ054069v1","8296039","8296324","GL873533","24205249","24205546","67","15909210"
"KQ054069v1","8361222","8361514","GL873586","3828887","3829179","73","4532335"
"KQ054069v1","8363252","8363491","GL873606","7442195","7442446","53","921057"
"KQ054069v1","8388702","8388980","GL873615","1550718","1551000","87","6837984"
"KQ054069v1","8393186","8393478","GL873576","11086273","11086536","81","2693087"
"KQ054069v1","8394789","8395009","GL873522","9976624","9976846","51","1581835"
"KQ054069v1","8413552","8413862","GL873657","3029272","3029566","72","5384280"
"KQ054069v1","8454072","8454347","GL873590","3804274","3804543","66","4649798"
"KQ054069v1","8454630","8454819","GL873536","29470838","29471040","46","21016208"
"KQ054069v1","8456715","8456961","GL873624","4910653","4910878","66","3546062"
"KQ054069v1","8464959","8465082","GL873533","15868743","15868864","26","7403784"
"KQ054069v1","8468200","8468496","GL873586","8120080","8120363","63","348120"
"KQ054069v1","8471821","8472104","GL873660","743632","743918","68","7728189"
"KQ054069v1","8474618","8474933","GL873545","12978830","12979129","72","4504212"
"KQ054069v1","8477036","8477340","GL873543","5406105","5406406","57","3070931"
"KQ054069v1","8486931","8487215","GL873539","18506813","18507102","76","10019882"
"KQ054069v1","8512699","8513002","GL873575","8875744","8876043","73","363045"
"KQ054069v1","8514695","8515028","GL873557","7046743","7047040","98","1467952"
"KQ054069v1","8524072","8524380","GL873538","6925462","6925764","70","1598610"
"KQ054069v1","8536614","8536901","GL873531","25381659","25381942","68","16845045"
"KQ054070v1","27890","28203","GL873624","4145937","4146255","74","4118047"
"KQ054070v1","30751","31012","GL873548","15510967","15511237","70","15480216"
"KQ054070v1","32963","33259","GL873537","20108472","20108765","65","20075509"
"KQ054070v1","34659","34947","GL873638","6183461","6183754","62","6148802"
"KQ054070v1","40629","40921","GL873646","5530496","5530792","64","5489867"
"KQ054070v1","86824","87131","GL873672","3031881","3032180","73","2945057"
"KQ054070v1","91540","91746","GL873699","307625","307834","54","216085"
"KQ054070v1","193638","193924","GL873525","19236997","19237288","70","19043359"
"KQ054070v1","269867","270172","GL873729","432103","432405","72","162236"
"KQ054070v1","312785","313074","GL873687","708441","708724","61","395656"
"KQ054070v1","525164","525434","GL873547","11846620","11846894","58","11321456"
"KQ054070v1","549858","550175","GL873523","7206896","7207210","78","6657038"
"KQ054070v1","553495","553806","GL873525","27816917","27817223","73","27263422"
"KQ054070v1","555068","555147","GL873556","107408","107487","28","447660"
"KQ054070v1","555480","555600","GL873548","8652328","8652448","25","8096848"
"KQ054070v1","583130","583431","GL873584","10677614","10677897","79","10094484"
"KQ054070v1","648401","648577","GL873915","161462","161640","35","486939"
"KQ054070v1","714509","714803","GL873697","2961692","2961979","73","2247183"
"KQ054070v1","802190","802454","GL873665","3752140","3752408","64","2949950"
"KQ054070v1","812975","813280","GL873586","9145234","9145541","78","8332259"
"KQ054070v1","962609","962923","GL873522","25570684","25570992","74","24608075"
"KQ054070v1","982674","982817","GL873664","4101136","4101269","35","3118462"
"KQ054070v1","1027185","1027256","GL873522","44561279","44561351","10","43534094"
"KQ054070v1","1167282","1167550","GL873611","771061","771316","78","396221"
"KQ054070v1","1192565","1192871","GL873659","3462845","3463127","70","2270280"
"KQ054070v1","1360185","1360492","GL873539","2994635","2994920","70","1634450"
"KQ054070v1","1479392","1479661","GL873524","41701945","41702223","73","40222553"
"KQ054070v1","1482524","1482731","GL873528","4948876","4949084","45","3466352"
"KQ054070v1","1518551","1518839","GL873631","1772","2067","67","1516779"
"KQ054070v1","1666106","1666404","GL873661","2481073","2481368","69","814967"
"KQ054070v1","1752307","1752580","GL873628","1375418","1375692","65","376889"
"KQ054070v1","1767816","1767944","GL873544","17021748","17021876","34","15253932"
"KQ054070v1","1887881","1888193","GL873551","10987258","10987553","76","9099377"
"KQ054070v1","1983099","1983401","GL873616","1280624","1280918","57","702475"
"KQ054070v1","2057930","2058086","GL873530","34598542","34598698","48","32540612"
"KQ054070v1","2206069","2206350","GL873538","11682675","11682961","61","9476606"
"KQ054070v1","2756807","2757101","GL873677","4203427","4203715","63","1446620"
"KQ054070v1","2831161","2831449","GL873545","17052684","17052979","63","14221523"
"KQ054070v1","2842262","2842564","AAQR03199537","649","940","69","2841613"
"KQ054070v1","2848031","2848303","GL873596","4209352","4209632","73","1361321"
"KQ054070v1","2866301","2866575","GL873616","468711","468985","58","2397590"
"KQ054070v1","2868865","2869160","GL873616","465509","465814","70","2403356"
"KQ054070v1","2890729","2891023","GL873562","11382494","11382780","63","8491765"
"KQ054070v1","2938664","2938949","GL873592","1493550","1493844","74","1445114"
"KQ054070v1","2940332","2940562","GL873566","13278795","13279022","56","10338463"
"KQ054070v1","2954122","2954409","GL873542","9313163","9313452","56","6359041"
"KQ054070v1","2978327","2978534","GL873523","24005577","24005782","55","21027250"
"KQ054070v1","2985179","2985474","GL873542","1286122","1286423","66","1699057"
"KQ054070v1","3030842","3031155","GL873523","28439312","28439608","64","25408470"
"KQ054070v1","3042923","3043010","GL873585","5314205","5314291","16","2271282"
"KQ054070v1","3106305","3106605","GL873565","13378525","13378832","58","10272220"
"KQ054070v1","3109287","3109584","GL873531","19369345","19369649","65","16260058"
"KQ054070v1","3150976","3151278","GL873533","1023618","1023912","73","2127358"
"KQ054070v1","3199837","3200109","GL873532","2636574","2636840","63","563263"
"KQ054070v1","3497472","3497756","GL873541","17669905","17670187","74","14172433"
"KQ054072v1","3173","3454","GL873536","27318293","27318570","59","27315120"
"KQ054072v1","3499","3579","GL873544","16958587","16958668","14","16955088"
"KQ054076v1","2301","2409","GL873581","9397393","9397501","23","9395092"
"KQ054077v1","105793","106085","GL873563","9713700","9713970","80","9607907"
"KQ054077v1","106120","106140","GL873558","9911706","9911723","4","9805586"
"KQ054077v1","217091","217385","GL873585","1585663","1585945","71","1368572"
"KQ054081v1","390132","390435","GL873543","2904962","2905248","69","2514830"
"KQ054081v1","408908","409145","GL873590","671368","671605","64","262460"
"KQ054081v1","437687","437969","GL873611","607167","607439","68","169480"
"KQ054081v1","795033","795226","GL873522","45167680","45167866","53","44372647"
"KQ054081v1","842179","842460","GL873563","2659773","2660053","70","1817594"
"KQ054081v1","852598","852864","GL873558","6357384","6357662","62","5504786"
"KQ054081v1","880180","880496","GL873720","1268124","1268434","60","387944"
"KQ054081v1","925137","925341","GL873542","15826248","15826430","63","14901111"
"KQ054081v1","929392","929697","GL873577","10149931","10150226","67","9220539"
"KQ054081v1","931906","932181","GL873536","13622290","13622562","69","12690384"
"KQ054081v1","941591","941664","GL873522","44561279","44561351","15","43619688"
"KQ054081v1","981403","981485","GL873563","11250314","11250398","12","10268911"
"KQ054081v1","1003037","1003359","GL873521","5198887","5199193","79","4195850"
"KQ054081v1","1006303","1006434","GL873589","9711001","9711130","25","8704698"
"KQ054081v1","1022950","1023261","GL873540","19013371","19013667","72","17990421"
"KQ054081v1","1031637","1031760","GL873566","3470660","3470785","19","2439023"
"KQ054081v1","1035728","1036026","GL873531","27860265","27860563","54","26824537"
"KQ054081v1","1100912","1101219","GL873523","8076383","8076689","71","6975471"
"KQ054081v1","1125809","1126094","GL873538","11361515","11361800","68","10235706"
"KQ054081v1","1139311","1139571","GL873554","13917635","13917891","75","12778324"
"KQ054081v1","1156051","1156320","GL873528","5493162","5493439","61","4337111"
"KQ054081v1","1163371","1163669","GL873563","5489805","5490109","58","4326434"
"KQ054081v1","1197498","1197748","GL873600","5043110","5043345","74","3845612"
"KQ054081v1","1226023","1226295","GL873550","14672546","14672814","68","13446523"
"KQ054081v1","1239534","1239829","GL873537","20108472","20108765","55","18868938"
"KQ054081v1","1284899","1285071","GL873585","9990490","9990653","41","8705591"
"KQ054081v1","1285087","1285283","GL873611","3356207","3356402","59","2071120"
"KQ054081v1","1291510","1291799","GL873526","21819455","21819728","68","20527945"
"KQ054081v1","1306296","1306575","GL873538","3374086","3374352","73","2067790"
"KQ054081v1","1310970","1311086","GL873530","1899334","1899450","21","588364"
"KQ054081v1","1318341","1318581","GL873538","5203684","5203927","70","3885343"
"KQ054081v1","1341099","1341388","GL873531","25381659","25381942","76","24040560"
"KQ054081v1","1378781","1379059","GL873527","30165696","30165984","75","28786915"
"KQ054081v1","1407438","1407708","GL873566","1416271","1416545","70","8833"
"KQ054081v1","1530157","1530464","GL873570","4233529","4233818","77","2703372"
"KQ054081v1","1545240","1545547","GL873624","1741520","1741832","72","196280"
"KQ054081v1","1629584","1629872","GL873664","4813585","4813876","67","3184001"
"KQ054081v1","1784590","1784856","GL873738","1635488","1635766","70","149102"
"KQ054081v1","1937579","1937887","GL873547","11458791","11459084","63","9521212"
"KQ054081v1","1959685","1959862","GL873635","5147070","5147250","46","3187385"
"KQ054081v1","2045920","2046036","GL873580","2411103","2411222","30","365183"
"KQ054081v1","2051608","2051913","GL873571","4374924","4375218","75","2323316"
"KQ054081v1","2096418","2096706","GL873543","2904962","2905248","70","808544"
"KQ054081v1","2338587","2338859","GL873631","404968","405234","82","1933619"
"KQ054086v1","4287","4592","GL873565","12300518","12300811","64","12296231"
"KQ054088v1","149","318","GL873525","25890256","25890427","51","25890107"
"KQ054091v1","1048404","1048581","GL873562","11016154","11016328","42","9967750"
"KQ054091v1","37094","37334","GL873566","10278962","10279222","62","10241868"
"KQ054091v1","53972","54247","GL873619","2816705","2816991","81","2762733"
"KQ054091v1","60323","60631","GL873731","181058","181352","73","120735"
"KQ054091v1","191706","191837","GL873624","1572638","1572769","24","1380932"
"KQ054091v1","260740","260850","GL873661","937583","937687","25","676843"
"KQ054091v1","311692","311964","GL873579","11141374","11141638","73","10829682"
"KQ054091v1","337809","338083","GL873531","27383044","27383306","61","27045235"
"KQ054091v1","451344","451393","GL873607","5463393","5463443","18","5012049"
"KQ054091v1","479149","479461","GL873615","5162108","5162422","67","4682959"
"KQ054091v1","532818","533094","GL873629","2967834","2968093","84","2435016"
"KQ054091v1","546841","547125","GL873528","4452981","4453269","68","3906140"
"KQ054091v1","549791","549917","GL873538","618317","618439","26","68526"
"KQ054091v1","562774","563052","GL873562","11382494","11382780","75","10819720"
"KQ054091v1","565050","565318","GL873548","13679256","13679534","65","13114206"
"KQ054091v1","578550","578857","GL873533","16279236","16279539","55","15700686"
"KQ054091v1","590275","590554","GL873605","5997145","5997417","67","5406870"
"KQ054091v1","590685","590980","GL873577","10149931","10150226","67","9559246"
"KQ054091v1","607089","607375","GL873563","5489805","5490109","72","4882716"
"KQ054091v1","631055","631145","GL873730","1070638","1070725","14","439583"
"KQ054091v1","643021","643312","GL873633","4510855","4511144","75","3867834"
"KQ054091v1","652737","653015","GL873526","11964670","11964947","75","11311933"
"KQ054091v1","653098","653420","GL873537","20108472","20108765","85","19455374"
"KQ054091v1","658917","659012","GL873579","2617969","2618057","29","1959052"
"KQ054091v1","660887","661181","GL873596","3562116","3562414","66","2901229"
"KQ054091v1","664366","664629","GL873657","2813907","2814166","80","2149541"
"KQ054091v1","665085","665291","GL873709","110895","111095","57","554190"
"KQ054091v1","702319","702624","GL873601","3845814","3846115","69","3143495"
"KQ054091v1","709901","710089","GL873566","9534575","9534752","37","8824674"
"KQ054091v1","727060","727352","GL873532","13087138","13087416","58","12360078"
"KQ054091v1","728270","728448","GL873717","507974","508158","55","220296"
"KQ054091v1","735713","735993","GL873660","2751144","2751428","58","2015431"
"KQ054091v1","754738","755023","GL873532","10198610","10198878","76","9443872"
"KQ054091v1","761812","761941","GL873544","15940749","15940872","25","15178937"
"KQ054091v1","774662","774917","GL873825","388120","388377","69","386542"
"KQ054091v1","778567","778853","GL873550","9775132","9775420","71","8996565"
"KQ054091v1","781504","781797","GL873550","12301717","12301981","72","11520213"
"KQ054091v1","791270","791501","GL873537","19104236","19104471","47","18312966"
"KQ054091v1","793041","793276","GL873529","33854312","33854534","61","33061271"
"KQ054091v1","805818","806065","GL873800","162596","162852","65","643222"
"KQ054091v1","811687","811994","GL873543","2904962","2905248","71","2093275"
"KQ054091v1","813448","813713","GL873533","17215781","17216040","76","16402333"
"KQ054091v1","889498","889776","GL873538","3757160","3757448","71","2867662"
"KQ054091v1","899225","899536","GL873527","37688683","37688980","85","36789458"
"KQ054091v1","915206","915477","GL873700","423134","423410","65","492072"
"KQ054091v1","924969","925077","GL873557","8361642","8361752","23","7436673"
"KQ054091v1","946367","946627","GL873572","9760706","9760940","74","8814339"
"KQ054091v1","950292","950584","GL873634","3235071","3235361","65","2284779"
"KQ054091v1","976987","977272","GL873545","6850863","6851147","71","5873876"
"KQ054091v1","988415","988738","GL873530","28263781","28264089","83","27275366"
"KQ054091v1","996144","996467","GL873543","11744719","11745044","95","10748575"
"KQ054091v1","997960","998178","GL873536","29663626","29663834","53","28665666"
"KQ054091v1","1006841","1007098","GL873565","2107413","2107656","81","1100572"
"KQ054091v1","1013661","1013976","GL873557","10964192","10964504","78","9950531"
"KQ054091v1","1023239","1023393","GL873827","211682","211824","48","811557"
"KQ054091v1","1028273","1028591","GL873557","10964192","10964504","73","9935919"
"KQ054091v1","1031825","1032093","GL873538","15066458","15066743","83","14034633"
"KQ054091v1","1032726","1032991","GL873547","9537641","9537888","73","8504915"
"KQ054091v1","1038700","1039009","GL873521","6835945","6836242","78","5797245"
"KQ054091v1","1047955","1048097","GL873537","14887852","14887988","33","13839897"
"KQ054091v1","1051402","1051693","GL873676","1881961","1882246","59","830559"
"KQ054091v1","1085575","1085705","GL873596","1239734","1239864","25","154159"
"KQ054091v1","1085774","1085889","GL873577","3911542","3911651","42","2825768"
"KQ054091v1","1085908","1086119","GL873524","19065990","19066189","62","17980082"
"KQ054091v1","1094717","1094997","GL873530","30045732","30046000","79","28951015"
"KQ054091v1","1100743","1100852","GL873537","18429333","18429444","24","17328590"
"KQ054091v1","1100886","1101045","GL873530","16082476","16082634","39","14981590"
"KQ054091v1","1119807","1120096","GL873537","12959422","12959706","62","11839615"
"KQ054091v1","1140120","1140413","GL873609","7137543","7137854","78","5997423"
"KQ054091v1","1145700","1145993","GL873690","922783","923060","77","222917"
"KQ054091v1","1152518","1152815","GL873520","28377142","28377427","68","27224624"
"KQ054091v1","1186378","1186535","GL873539","25597993","25598144","51","24411615"
"KQ054091v1","1199983","1200272","GL873543","2904962","2905248","58","1704979"
"KQ054091v1","1225416","1225716","GL873780","400145","400446","78","825271"
"KQ054091v1","1232536","1232857","GL873532","16063689","16063996","78","14831153"
"KQ054091v1","1282843","1283123","GL873521","49635908","49636170","86","48353065"
"KQ054091v1","1308528","1308824","GL873540","2678297","2678592","69","1369769"
"KQ054091v1","1334599","1334871","GL873534","5797363","5797630","90","4462764"
"KQ054091v1","1345478","1345775","GL873555","12985384","12985684","56","11639906"
"KQ054091v1","1365319","1365613","GL873534","24828530","24828825","56","23463211"
"KQ054091v1","1370966","1371222","GL873550","13679772","13680030","71","12308806"
"KQ054091v1","1372906","1373218","GL873521","4976747","4977050","62","3603841"
"KQ054091v1","1379911","1380076","GL873558","3716439","3716597","38","2336528"
"KQ054091v1","1380392","1380490","GL873528","3580608","3580712","26","2200216"
"KQ054091v1","1393819","1394100","GL873524","6428935","6429218","80","5035116"
"KQ054091v1","1442561","1442878","GL873615","5162108","5162422","66","3719547"
"KQ054091v1","1462467","1462627","GL873576","10536446","10536599","49","9073979"
"KQ054091v1","1472712","1472848","GL873530","19767980","19768099","52","18295268"
"KQ054091v1","1473176","1473298","GL873570","10261495","10261616","24","8788319"
"KQ054091v1","1505030","1505310","GL873536","27318293","27318570","80","25813263"
"KQ054091v1","1507378","1507681","GL873657","3029272","3029566","70","1521894"
"KQ054091v1","1528599","1528904","GL873543","5406105","5406406","57","3877506"
"KQ054091v1","1531537","1531824","GL873592","2439645","2439925","66","908108"
"KQ054091v1","1542091","1542388","GL873737","1691288","1691582","58","149197"
"KQ054091v1","1583687","1583819","GL873529","20178756","20178885","23","18595069"
"KQ054091v1","1585740","1585862","GL873535","14977489","14977613","28","13391749"
"KQ054091v1","1602867","1603181","GL873537","23325667","23325965","72","21722800"
"KQ054091v1","1608505","1608795","GL873664","2904250","2904542","67","1295745"
"KQ054091v1","1612383","1612656","GL873538","10181289","10181561","75","8568906"
"KQ054091v1","1615899","1616173","GL873613","6844424","6844694","57","5228525"
"KQ054091v1","1637481","1637743","GL873526","20321623","20321885","68","18684142"
"KQ054091v1","1687451","1687734","GL873535","12553372","12553663","84","10865921"
"KQ054091v1","1714002","1714301","GL873531","27860265","27860563","62","26146263"
"KQ054091v1","1715789","1716087","GL873531","19422058","19422356","64","17706269"
"KQ054091v1","1745973","1746266","GL873521","25393132","25393414","72","23647159"
"KQ054091v1","1763317","1763510","GL873754","1711186","1711370","54","52131"
"KQ054091v1","1807081","1807390","GL873545","20390330","20390642","73","18583249"
"KQ054091v1","1827121","1827379","GL873632","3582886","3583150","66","1755765"
"KQ054091v1","1879114","1879415","GL873586","3828887","3829179","62","1949773"
"KQ054091v1","2001341","2001428","GL873671","3193998","3194087","16","1192657"
"KQ054091v1","2096729","2097031","GL873675","1780107","1780409","65","316622"
"KQ054091v1","2146144","2146445","GL873654","4373243","4373547","52","2227099"
"KQ054091v1","2153888","2154196","GL873533","27790671","27790986","65","25636783"
"KQ054091v1","2178798","2179094","GL873537","23325667","23325965","69","21146869"
"KQ054091v1","2250731","2251037","GL873552","9461268","9461556","78","7210537"
"KQ054091v1","2290309","2290641","GL873602","8209282","8209594","80","5918973"
"KQ054091v1","2388190","2388499","GL873615","5162108","5162422","82","2773918"
"KQ054091v1","2394204","2394521","GL873523","7206896","7207210","78","4812692"
"KQ054091v1","2441795","2442094","GL873535","12414612","12414904","65","9972817"
"KQ054091v1","2515840","2516140","GL873575","4643146","4643439","72","2127306"
"KQ054091v1","2729464","2729641","GL873681","3131614","3131780","41","402150"
"KQ054091v1","2757205","2757501","GL873529","9654499","9654796","72","6897294"
"KQ054091v1","2764475","2764755","GL873738","1646790","1647070","61","1117685"
"KQ054091v1","2886597","2886887","GL873528","2116298","2116586","65","770299"
"KQ054091v1","3066018","3066305","GL873624","1833935","1834197","73","1232083"
"KQ054091v1","3106370","3106675","GL873571","2577537","2577837","67","528833"
"KQ054091v1","3122340","3122641","GL873526","8284727","8285011","77","5162387"
"KQ054091v1","3224884","3225008","GL873550","15022505","15022626","19","11797621"
"KQ054091v1","3230439","3230715","GL873520","39494376","39494655","67","36263937"
"KQ054091v1","3259761","3260036","GL873572","9561451","9561713","79","6301690"
"KQ054091v1","3476657","3476778","GL873524","37066223","37066344","20","33589566"
"KQ054091v1","3511396","3511693","GL873543","2139452","2139746","58","1371944"
"KQ054091v1","3665356","3665652","GL873579","4477294","4477575","79","811938"
"KQ054095v1","366","542","GL873520","1429502","1429686","45","1429136"
"KQ054095v1","3111","3378","GL873553","8410276","8410535","69","8407165"
"KQ054102v1","70327","70550","GL873535","13620243","13620455","56","13549916"
"KQ054102v1","81076","81367","GL873529","9421454","9421749","51","9340378"
"KQ054102v1","110863","111032","GL873531","2636452","2636619","47","2525589"
"KQ054102v1","111991","112279","GL873574","8855062","8855350","59","8743071"
"KQ054102v1","113303","113571","AAQR03194897","257","516","61","113046"
"KQ054102v1","117297","117607","GL873645","1598419","1598714","63","1481122"
"KQ054102v1","127614","127898","GL873522","4222168","4222461","64","4094554"
"KQ054102v1","134447","134731","GL873522","4222168","4222461","64","4087721"
"KQ054102v1","162461","162745","GL873594","3053813","3054100","55","2891352"
"KQ054102v1","168771","169067","GL873811","937982","938276","68","769211"
"KQ054102v1","172545","172812","GL873524","41769559","41769828","62","41597014"
"KQ054102v1","217002","217301","GL873565","12300518","12300811","54","12083516"
"KQ054102v1","217579","217872","GL873627","5468514","5468797","73","5250935"
"KQ054102v1","227241","227545","GL873615","5162108","5162422","68","4934867"
"KQ054102v1","230706","230837","GL873520","24084579","24084710","21","23853873"
"KQ054102v1","231066","231359","GL873691","1964797","1965080","61","1733731"
"KQ054102v1","253657","253991","GL873565","846944","847233","96","593287"
"KQ054102v1","257790","258076","GL873596","6774480","6774760","74","6516690"
"KQ054102v1","299878","300192","GL873535","13824558","13824865","69","13524680"
"KQ054102v1","337366","337645","GL873600","8488206","8488466","72","8150840"
"KQ054102v1","345328","345510","GL873762","916016","916207","40","570688"
"KQ054102v1","352407","352609","GL873566","13184558","13184754","54","12832151"
"KQ054102v1","354291","354514","GL873731","807844","808061","43","453553"
"KQ054102v1","367548","367854","GL873522","8095500","8095795","65","7727952"
"KQ054102v1","394241","394514","GL873520","16709587","16709864","59","16315346"
"KQ054102v1","525445","525735","GL873538","9948164","9948456","69","9422719"
"KQ054102v1","526294","526561","GL873610","5075504","5075777","64","4549210"
"KQ054102v1","529624","529923","GL873584","10964552","10964836","68","10434928"
"KQ054102v1","553387","553701","GL873541","14451118","14451418","73","13897731"
"KQ054102v1","567726","568030","GL873570","2488198","2488491","76","1920472"
"KQ054102v1","569013","569281","GL873526","13852342","13852580","85","13283329"
"KQ054102v1","583810","584106","GL873529","17122097","17122389","71","16538287"
"KQ054102v1","584902","585205","GL873754","1754489","1754787","63","1169587"
"KQ054102v1","635153","635455","GL873522","4222168","4222461","55","3587015"
"KQ054102v1","868776","869085","GL873530","28263781","28264089","62","27395005"
"KQ054102v1","886427","886723","GL873535","11877698","11878000","63","10991271"
"KQ054102v1","890540","890841","GL873537","21410001","21410301","75","20519461"
"KQ054102v1","958726","958996","GL873560","12765250","12765518","63","11806524"
"KQ054102v1","985702","985956","GL874040","7263","7521","61","978439"
"KQ054102v1","989558","989808","GL873546","12417155","12417404","69","11427597"
"KQ054102v1","1003582","1003877","GL873535","19505380","19505675","71","18501798"
"KQ054102v1","1012815","1013116","GL873534","8565725","8566026","68","7552910"
"KQ054102v1","1070616","1070882","GL873525","35143537","35143806","74","34072921"
"KQ054102v1","1130660","1130930","GL873536","9824929","9825199","63","8694269"
"KQ054102v1","1130979","1131280","GL873536","2527252","2527542","73","1396273"
"KQ054102v1","1139736","1140015","GL873659","3462845","3463127","51","2323109"
"KQ054102v1","1140594","1140892","GL873540","19013371","19013667","55","17872777"
"KQ054102v1","1154642","1154884","GL873535","14499582","14499812","56","13344940"
"KQ054102v1","1243526","1243755","GL873529","8596265","8596494","46","7352739"
"KQ054102v1","1397901","1398205","GL873760","812865","813169","60","585036"
"KQ054102v1","1456271","1456553","GL873568","4479723","4480003","62","3023452"
"KQ054102v1","1456597","1456862","GL873529","37564751","37565024","76","36108154"
"KQ054102v1","1487299","1487590","GL873776","729358","729643","62","757941"
"KQ054102v1","1488119","1488398","GL873520","30972232","30972491","76","29484113"
"KQ054102v1","1516979","1517287","GL873615","3537929","3538240","70","2020950"
"KQ054102v1","1554879","1555170","GL873520","27904800","27905082","73","26349921"
"KQ054102v1","1566007","1566271","GL873525","42443795","42444052","56","40877788"
"KQ054102v1","1574988","1575263","GL873531","19349136","19349405","68","17774148"
"KQ054102v1","1637175","1637392","GL873629","3005846","3006075","55","1368671"
"KQ054102v1","1684921","1685237","GL873720","1268124","1268434","79","416797"
"KQ054102v1","1702469","1702552","GL873549","1749117","1749199","14","46648"
"KQ054102v1","1725498","1725757","GL873522","4831490","4831754","71","3105992"
"KQ054102v1","1732545","1732804","GL873522","4831490","4831754","71","3098945"
"KQ054102v1","1772682","1772821","GL873532","1009229","1009364","35","763453"
"KQ054102v1","1805661","1805928","GL873531","19349136","19349405","68","17543475"
"KQ054113v1","42166","42466","GL873691","2033910","2034209","73","1991744"
"KQ054113v1","104986","105269","GL873752","219309","219580","50","114323"
"KQ054113v1","386739","387035","GL873537","20108472","20108765","50","19721733"
"KQ054113v1","432189","432481","GL873537","20108472","20108765","52","19676283"
"KQ054113v1","495439","495525","GL873577","7237346","7237431","12","6741907"
"KQ054113v1","555233","555541","GL873720","1268124","1268434","49","712891"
"KQ054113v1","588242","588537","GL873521","6835945","6836242","63","6247703"
"KQ054113v1","666654","666897","GL873529","8596265","8596494","58","7929611"
"KQ054113v1","713481","713799","GL873530","28263781","28264089","67","27550300"
"KQ054113v1","874689","874978","GL873521","14599825","14600115","62","13725136"
"KQ054113v1","967526","967807","GL873593","480828","481113","76","486698"
"KQ054113v1","1180073","1180359","GL873542","1844453","1844733","65","664380"
"KQ054113v1","1191797","1192083","GL873537","12959422","12959706","55","11767625"
"KQ054113v1","1195601","1195897","GL873643","3346796","3347084","66","2151195"
"KQ054113v1","1232460","1232759","GL873532","21611611","21611905","58","20379151"
"KQ054113v1","1244198","1244494","GL873527","11753327","11753621","62","10509129"
"KQ054113v1","1252924","1253237","GL873625","3330882","3331184","71","2077958"
"KQ054113v1","1256331","1256616","GL873579","984876","985165","55","271455"
"KQ054113v1","1266842","1267113","GL873574","7319008","7319286","69","6052166"
"KQ054113v1","1279417","1279689","GL873532","20600406","20600659","67","19320989"
"KQ054113v1","1327634","1327798","GL873744","930236","930400","38","397398"
"KQ054113v1","1333775","1334080","GL873520","48675796","48676094","67","47342021"
"KQ054113v1","1363603","1363901","GL873729","432103","432405","62","931500"
"KQ054113v1","1405108","1405386","GL873706","2052771","2053040","64","647663"
"KQ054113v1","1421249","1421420","GL873531","2636452","2636619","54","1215203"
"KQ054113v1","1427178","1427473","GL873560","11470153","11470449","57","10042975"
"KQ054113v1","1446780","1447061","GL873660","743632","743918","59","703148"
"KQ054113v1","1448765","1449030","GL873633","6820561","6820831","65","5371796"
"KQ054113v1","1449509","1449810","GL873584","7489258","7489556","70","6039749"
"KQ054113v1","1506333","1506619","GL873557","5665611","5665884","68","4159278"
"KQ054113v1","1507109","1507402","GL873528","33340303","33340591","63","31833194"
"KQ054113v1","1509302","1509591","GL873575","2687372","2687665","58","1178070"
"KQ054113v1","1545346","1545630","GL873527","17625739","17626010","77","16080393"
"KQ054113v1","1553092","1553344","GL873630","1512641","1512902","74","40451"
"KQ054113v1","1558303","1558604","GL873533","23793613","23793905","73","22235310"
"KQ054113v1","1558734","1559005","GL873628","1375418","1375692","57","183316"
"KQ054113v1","1562099","1562158","GL873544","18509833","18509890","18","16947734"
"KQ054113v1","1568999","1569226","GL873605","6306268","6306496","48","4737269"
"KQ054113v1","1579044","1579324","GL873544","12852108","12852394","49","11273064"
"KQ054113v1","1639694","1639964","GL873689","508683","508949","70","1131011"
"KQ054113v1","1648142","1648405","GL873526","4353131","4353412","74","2704989"
"KQ054113v1","1700202","1700493","GL873526","12865197","12865466","74","11164995"
"KQ054113v1","1717852","1718155","GL873532","21611611","21611905","60","19893759"
"KQ054113v1","1723506","1723809","GL873536","13268193","13268480","73","11544687"
"KQ054113v1","1731887","1732182","GL873661","2481073","2481368","69","749186"
"KQ054113v1","1761143","1761435","GL873586","8120080","8120363","67","6358937"
"KQ054113v1","1768914","1769242","GL873661","1884549","1884860","82","115635"
"KQ054113v1","1778120","1778390","GL873743","409806","410068","66","1368314"
"KQ054113v1","1788044","1788335","GL873612","1562587","1562872","70","225457"
"KQ054113v1","1800717","1800992","GL873556","10525503","10525777","55","8724786"
"KQ054113v1","1812009","1812299","GL873677","4203427","4203715","64","2391418"
"KQ054113v1","1826082","1826309","GL873639","1603805","1604026","73","222277"
"KQ054113v1","1836794","1837033","GL873575","9277978","9278232","67","7441184"
"KQ054113v1","1848604","1848759","GL873539","18965545","18965701","40","17116941"
"KQ054113v1","1866473","1866749","GL873526","26105639","26105909","76","24239166"
"KQ054113v1","1873418","1873718","GL873643","1651267","1651554","64","222151"
"KQ054113v1","1875219","1875471","GL873565","3583321","3583574","60","1708102"
"KQ054113v1","1876887","1877182","GL873520","1205815","1206101","100","671072"
"KQ054113v1","1877777","1878054","GL873600","3405470","3405745","67","1527693"
"KQ054113v1","1900373","1900676","GL873528","4452981","4453269","63","2552608"
"KQ054113v1","1904949","1905250","GL873530","17375868","17376165","58","15470919"
"KQ054113v1","1939523","1939814","GL873770","559098","559399","66","1380425"
"KQ054113v1","1944053","1944314","GL873527","12296721","12296965","72","10352668"
"KQ054113v1","1955200","1955515","GL873720","1268124","1268434","72","687076"
"KQ054113v1","1961305","1961522","GL873529","37918180","37918402","77","35956875"
"KQ054113v1","1963535","1963828","GL873632","5787814","5788105","83","3824279"
"KQ054113v1","1972136","1972451","GL873720","1268124","1268434","68","704012"
"KQ054113v1","1994699","1994988","GL873546","859614","859905","60","1135085"
"KQ054113v1","1995615","1995938","GL873550","7755620","7755922","82","5760005"
"KQ054113v1","2070592","2070866","GL873547","7160581","7160854","69","5089989"
"KQ054113v1","2192556","2192851","GL873522","4222168","4222461","55","2029612"
"KQ054113v1","2274042","2274339","GL873537","20108472","20108765","54","17834430"
"KQ054113v1","2375272","2375464","GL873573","12131424","12131616","37","9756152"
"KQ054113v1","2378820","2379075","GL873614","7983310","7983547","56","5604490"
"KQ054113v1","2498524","2498659","GL873661","3406932","3407058","28","908408"
"KQ054113v1","2526797","2527079","GL873550","16189253","16189537","60","13662456"
"KQ054113v1","2624413","2624728","GL873523","8076383","8076689","67","5451970"
"KQ054113v1","2649371","2649661","GL873545","17052684","17052979","57","14403313"
"KQ054113v1","2710870","2711179","GL873596","3562116","3562414","70","851246"
"KQ054113v1","2801173","2801469","GL873615","5889225","5889521","62","3088052"
"KQ054113v1","2909691","2909812","GL873566","337876","337999","20","2571815"
"KQ054113v1","2914923","2915248","GL873577","4802341","4802659","81","1887418"
"KQ054113v1","2930953","2931238","GL873543","13628351","13628611","74","10697398"
"KQ054113v1","3066464","3066588","GL873834","415652","415774","21","2650812"
"KQ054113v1","3067131","3067303","GL873612","6571279","6571450","40","3504148"
"KQ054113v1","3076420","3076538","GL873526","10906259","10906385","24","7829839"
"KQ054113v1","3077074","3077147","GL873538","7314026","7314096","17","4236952"
"KQ054113v1","3081867","3082054","GL873620","5777308","5777489","41","2695441"
"KQ054113v1","3149346","3149613","GL873548","15510967","15511237","58","12361621"
"KQ054113v1","3253577","3253866","GL873737","1691288","1691582","66","1562289"
"KQ054113v1","3281772","3282066","GL873553","7968267","7968561","57","4686495"
"KQ054113v1","3318243","3318561","GL873534","1397829","1398128","65","1920414"
"KQ054115v1","3469","3758","GL873586","6854900","6855180","72","6851431"
"KQ054118v1","38","325","GL873593","480828","481113","62","480790"
"KQ054118v1","6173","6412","GL873530","34212354","34212603","62","34206181"
"KQ054124v1","7708","7993","GL873548","1041503","1041791","65","1033795"
"KQ054124v1","33839","34127","GL873521","14803259","14803539","65","14769420"
"KQ054124v1","52609","52925","GL873720","1268124","1268434","78","1215515"
"KQ054124v1","150812","151106","GL873522","26487461","26487763","74","26336649"
"KQ054124v1","185896","186183","GL873538","24663308","24663595","71","24477412"
"KQ054124v1","195388","195676","GL873576","206156","206441","53","10768"
"KQ054124v1","199397","199687","GL873529","17122097","17122389","65","16922700"
"KQ054124v1","200725","201015","GL873574","2713431","2713702","70","2512706"
"KQ054124v1","205719","206014","GL873574","2713431","2713702","83","2507712"
"KQ054124v1","219419","219725","GL873672","1934881","1935181","77","1715462"
"KQ054124v1","225198","225506","GL873608","4218070","4218374","65","3992872"
"KQ054124v1","232463","232733","GL873539","810980","811260","70","578517"
"KQ054124v1","236339","236611","GL873539","810980","811260","68","574641"
"KQ054124v1","250305","250594","GL873593","2667655","2667944","58","2417350"
"KQ054124v1","262495","262697","GL873706","2930781","2930977","47","2668286"
"KQ054124v1","263014","263124","GL873697","3397234","3397337","26","3134220"
"KQ054124v1","264410","264640","GL873586","9651668","9651899","64","9387258"
"KQ054124v1","287161","287466","GL873645","1598419","1598714","64","1311258"
"KQ054124v1","290489","290620","GL873550","15022505","15022626","29","14732016"
"KQ054124v1","307730","308024","GL873544","12852108","12852394","58","12544378"
"KQ054124v1","329764","330069","GL873624","3096011","3096304","72","2766247"
"KQ054124v1","531725","532018","GL873557","7267236","7267535","65","6735511"
"KQ054124v1","565102","565371","GL873534","15140925","15141195","64","14575823"
"KQ054124v1","584993","585240","GL873836","303619","303864","82","281374"
"KQ054124v1","618426","618694","GL873647","3625540","3625794","72","3007114"
"KQ054124v1","666848","667138","GL873533","15015660","15015953","64","14348812"
"KQ054124v1","667911","668146","GL873530","34212354","34212603","64","33544443"
"KQ054124v1","674979","675285","GL873563","5489805","5490109","57","4814826"
"KQ054124v1","676099","676398","GL873532","21611611","21611905","55","20935512"
"KQ054124v1","677492","677787","GL873530","17375868","17376165","63","16698376"
"KQ054124v1","753336","753628","GL873570","4233529","4233818","63","3480193"
"KQ054124v1","757732","758011","GL873536","27318293","27318570","62","26560561"
"KQ054124v1","772151","772456","GL873530","28263781","28264089","67","27491630"
"KQ054124v1","777700","777971","GL873570","9393261","9393537","66","8615561"
"KQ054124v1","838079","838368","GL873697","361362","361643","58","476717"
"KQ054124v1","869602","869845","GL873529","20997384","20997641","67","20127782"
"KQ054124v1","943009","943304","GL873526","20255818","20256125","74","19312809"
"KQ054124v1","947168","947230","GL873539","20284112","20284173","14","19336944"
"KQ054124v1","981051","981350","GL873561","9330005","9330309","59","8348954"
"KQ054124v1","1032164","1032277","GL873600","3528092","3528200","26","2495928"
"KQ054124v1","1107991","1108254","GL873538","15722302","15722548","72","14614311"
"KQ054124v1","1184744","1185028","GL873546","859614","859905","56","325130"
"KQ054124v1","1198440","1198724","GL873526","18601367","18601624","72","17402927"
"KQ054124v1","1472249","1472552","GL873526","22093070","22093370","68","20620821"
"KQ054124v1","1560234","1560579","GL873679","1263580","1263893","93","296654"
"KQ054124v1","1567104","1567185","GL873521","6892512","6892601","20","5325408"
"KQ054124v1","1690087","1690327","GL873590","671368","671605","55","1018719"
"KQ054124v1","1721249","1721558","GL873546","13542628","13542944","64","11821379"
"KQ054124v1","1789630","1789908","GL873561","13826809","13827093","55","12037179"
"KQ054124v1","1821987","1822295","GL873521","7760866","7761169","76","5938879"
"KQ054124v1","2016766","2017060","GL873545","17052684","17052979","61","15035918"
"KQ054124v1","2246072","2246357","GL873545","13698150","13698456","66","11452078"
"KQ054124v1","2274397","2274498","GL873528","4514969","4515068","18","2240572"
"KQ054124v1","2278304","2278596","GL873586","255814","256100","58","2022490"
"KQ054124v1","2290589","2290881","GL873561","796615","796912","64","1493974"
"KQ054124v1","2329152","2329255","GL873548","16900887","16900990","24","14571735"
"KQ054124v1","2349256","2349533","GL873685","488298","488575","77","1860958"
"KQ054124v1","2391312","2391624","GL873720","1268124","1268434","67","1123188"
"KQ054124v1","2432433","2432764","GL873677","1145224","1145542","88","1287209"
"KQ054124v1","2476787","2477074","GL873591","1508585","1508871","62","968202"
"KQ054124v1","2484881","2485190","GL873526","17279675","17279985","50","14794794"
"KQ054124v1","2491378","2491653","GL873584","4608818","4609079","72","2117440"
"KQ054124v1","2627595","2627851","GL873564","5092960","5093208","71","2465365"
"KQ054124v1","2632590","2632918","GL873624","4145937","4146255","79","1513347"
"KQ054124v1","2646310","2646600","GL873566","8955078","8955373","60","6308768"
"KQ054124v1","2657873","2658169","GL873543","21766493","21766785","58","19108620"
"KQ054124v1","2668011","2668301","GL873667","2901204","2901492","72","233193"
"KQ054124v1","2689782","2690087","GL873526","28619796","28620107","65","25930014"
"KQ054124v1","2919775","2920070","GL873525","26071659","26071947","51","23151884"
"KQ054124v1","2939722","2940013","GL873560","11470153","11470449","61","8530431"
"KQ054124v1","2967875","2968179","GL873527","34757723","34758022","66","31789848"
"KQ054124v1","2983402","2983537","GL873562","11822845","11822979","27","8839443"
"KQ054124v1","3010402","3010490","GL873730","1070638","1070725","14","1939764"
"KQ054124v1","3036818","3037079","GL873530","4921974","4922254","77","1885156"
"KQ054124v1","3065445","3065738","GL873657","3029272","3029566","69","36173"
"KQ054124v1","3100451","3100679","GL873526","10173256","10173455","54","7072805"
"KQ054124v1","3110076","3110352","GL873571","6329523","6329803","78","3219447"
"KQ054124v1","3155402","3155710","GL873538","19622743","19623037","70","16467341"
"KQ054124v1","3158481","3158772","GL873661","1524717","1525012","62","1633764"
"KQ054124v1","3159693","3159987","GL873545","17052684","17052979","59","13892991"
"KQ054124v1","3193127","3193401","GL873530","8314374","8314643","72","5121247"
"KQ054124v1","3221345","3221637","GL873545","17052684","17052979","69","13831339"
"KQ054124v1","3238076","3238385","GL873577","10149931","10150226","84","6911855"
"KQ054124v1","3261521","3261805","GL873551","10619936","10620223","71","7358415"
"KQ054124v1","3374079","3374390","GL873523","28431022","28431322","65","25056943"
"KQ054124v1","3375555","3375782","GL873533","29114064","29114296","52","25738509"
"KQ054124v1","3375786","3376042","GL873613","2262216","2262473","68","1113570"
"KQ054124v1","3425391","3425430","GL873679","4005500","4005542","7","580109"
"KQ054124v1","3460036","3460336","GL873566","10497746","10498044","61","7037710"
"KQ054124v1","3464343","3464630","GL873529","35963369","35963647","58","32499026"
"KQ054124v1","3485750","3485872","GL873556","14554958","14555080","23","11069208"
"KQ054124v1","3701307","3701592","GL873523","24515468","24515752","66","20814161"
"KQ054124v1","3834523","3834779","GL873536","21613661","21613935","64","17779138"
"KQ054124v1","3957346","3957673","GL873637","1659280","1659583","81","2298066"
"KQ054124v1","4087940","4088253","GL873536","9729347","9729661","75","5641407"
"KQ054124v1","4123162","4123447","GL873537","19265012","19265297","63","15141850"
"KQ054124v1","4132072","4132328","GL873526","15650908","15651153","56","11518836"
"KQ054124v1","4215686","4215978","GL873523","25103659","25103947","61","20887973"
"KQ054124v1","4239568","4239872","GL873608","2157927","2158219","68","2081641"
"KQ054124v1","4270231","4270545","GL873520","60883623","60883917","77","56613392"
"KQ054124v1","4286169","4286455","GL873596","6955959","6956250","53","2669790"
"KQ054124v1","4330036","4330316","GL873790","430011","430293","63","3900025"
"KQ054124v1","4340415","4340711","GL873531","27860265","27860563","64","23519850"
"KQ054124v1","4429840","4429970","GL873537","6930739","6930868","21","2500899"
"KQ054124v1","4443424","4443735","GL873648","3244887","3245193","66","1198537"
"KQ054124v1","4486062","4486310","GL873532","2962544","2962792","56","1523518"
"KQ054124v1","4495138","4495437","GL873632","3524037","3524325","56","971101"
"KQ054124v1","4521640","4521933","GL873540","19013371","19013667","79","14491731"
"KQ054124v1","4528079","4528379","GL873521","3596755","3597054","72","931324"
"KQ054124v1","4541209","4541504","GL873532","21611611","21611905","60","17070402"
"KQ054124v1","4553707","4553967","GL873613","5689577","5689835","65","1135870"
"KQ054124v1","4559282","4559573","GL873537","17024695","17024979","57","12465413"
"KQ054124v1","4590275","4590583","GL873520","23923056","23923353","74","19332781"
"KQ054124v1","4617323","4617601","GL873566","13013070","13013346","64","8395747"
"KQ054124v1","4631630","4631903","GL873611","607167","607439","68","4024463"
"KQ054124v1","4634448","4634692","GL873528","1268672","1268921","63","3365776"
"KQ054124v1","4645695","4646000","GL873548","17370076","17370375","70","12724381"
"KQ054124v1","4652446","4652737","GL873537","23325667","23325965","64","18673221"
"KQ054124v1","4665579","4665861","GL873600","8631840","8632117","68","3966261"
"KQ054124v1","4735347","4735597","GL873548","17670157","17670396","68","12934810"
"KQ054124v1","4754882","4755194","GL873591","6395821","6396131","61","1640939"
"KQ054124v1","4760782","4761037","GL873738","510606","510866","60","4250176"
"KQ054124v1","4762382","4762661","GL873538","9926032","9926311","54","5163650"
"KQ054124v1","4782791","4783074","GL873526","15036827","15037122","62","10254036"
"KQ054124v1","4783955","4784209","GL874040","7263","7521","57","4776692"
"KQ054124v1","4791344","4791643","GL873533","15015660","15015953","53","10224316"
"KQ054124v1","4796846","4797013","GL873544","18226302","18226465","41","13429456"
"KQ054124v1","4797339","4797474","GL873661","1946863","1946995","26","2850476"
"KQ054124v1","4818306","4818608","GL873521","6835945","6836242","57","2017639"
"KQ054124v1","4837125","4837400","GL873541","17905634","17905915","58","13068509"
"KQ054124v1","4858197","4858511","GL873541","18220450","18220758","76","13362253"
"KQ054124v1","4866933","4867251","GL873541","19177707","19178023","78","14310774"
"KQ054124v1","4870797","4870963","GL873550","2757471","2757618","62","2113326"
"KQ054124v1","4871576","4871663","GL873524","3341088","3341170","17","1530488"
"KQ054124v1","4879409","4879700","GL873526","14942127","14942406","66","10062718"
"KQ054124v1","4884799","4885095","GL873529","15853658","15853945","64","10968859"
"KQ054124v1","4885772","4886077","GL873545","1673397","1673691","66","3212375"
"KQ054124v1","4997859","4998165","GL873538","19622743","19623037","77","14624884"
"KQ054124v1","5004840","5005127","GL873596","8378412","8378699","50","3373572"
"KQ054124v1","5014097","5014388","GL873528","5606969","5607266","52","592872"
"KQ054124v1","5043056","5043344","GL873531","27860265","27860563","58","22817209"
"KQ054124v1","5076989","5077304","GL873530","25617673","25617981","67","20540684"
"KQ054124v1","5099724","5100006","GL873540","4711812","4712090","58","387912"
"KQ054124v1","5165143","5165427","GL873536","9809571","9809857","65","4644428"
"KQ054124v1","5174444","5174711","GL873526","3176581","3176853","67","1997863"
"KQ054124v1","5283487","5283796","GL873620","354557","354859","68","4928930"
"KQ054124v1","5290117","5290406","GL873538","3757160","3757448","59","1532957"
"KQ054124v1","5371452","5371737","GL873523","7327314","7327595","56","1955862"
"KQ054124v1","5393509","5393807","GL873562","12491967","12492259","60","7098458"
"KQ054124v1","5400739","5401025","GL873565","12300518","12300811","68","6899779"
"KQ054124v1","5403276","5403552","GL873574","5808418","5808688","61","405142"
"KQ054124v1","5436030","5436338","GL873608","4218070","4218374","59","1217960"
"KQ054124v1","5438455","5438748","GL873528","4452981","4453269","60","985474"
"KQ054124v1","5465372","5465680","GL873618","1121386","1121685","67","4343986"
"KQ054124v1","5484724","5484983","GL873594","8268058","8268318","50","2783334"
"KQ054124v1","5499038","5499332","GL873586","6817176","6817451","68","1318138"
"KQ054124v1","5575860","5576063","GL873524","19065990","19066189","46","13490130"
"KQ054124v1","5587017","5587314","GL873561","11527410","11527710","74","5940393"
"KQ054124v1","5602383","5602678","GL873562","5651451","5651749","70","49068"
"KQ054124v1","5707657","5707962","GL873527","12111473","12111763","68","6403816"
"KQ054124v1","5775244","5775555","GL873539","19565695","19566006","76","13790451"
"KQ054124v1","5816446","5816743","GL873586","8120080","8120363","71","2303634"
"KQ054124v1","5936546","5936758","GL873544","10175160","10175375","45","4238614"
"KQ054124v1","5949245","5949550","GL873729","432103","432405","62","5517142"
"KQ054124v1","6048149","6048437","GL873800","736311","736599","57","5311838"
"KQ054124v1","6104846","6105116","GL873521","14803259","14803539","82","8698413"
"KQ054125v1","30853","31115","GL873580","4266163","4266414","65","4235310"
"KQ054125v1","57463","57670","GL873528","4948876","4949084","49","4891413"
"KQ054125v1","89484","89769","GL873524","42149014","42149308","60","42059530"
"KQ054125v1","162040","162325","GL873520","16709587","16709864","64","16547547"
"KQ054125v1","165150","165433","GL873520","38124828","38125119","58","37959678"
"KQ054125v1","179838","180124","GL873542","17211684","17211972","61","17031846"
"KQ054125v1","208056","208180","GL873545","1721998","1722122","21","1513942"
"KQ054125v1","253484","253703","GL873668","1054935","1055143","60","801451"
"KQ054125v1","254516","254791","GL873585","9072153","9072427","61","8817637"
"KQ054125v1","281306","281619","GL873577","10149931","10150226","68","9868625"
"KQ054125v1","302099","302406","GL873677","3216100","3216400","72","2914001"
"KQ054125v1","309137","309442","GL873623","4501593","4501900","64","4192456"
"KQ054125v1","329316","329597","GL873603","206413","206695","65","122903"
"KQ054125v1","365726","366031","GL873657","3029272","3029566","60","2663546"
"KQ054127v1","10910","11133","GL873586","6544389","6544609","56","6533479"
"KQ054131v1","1073","1156","GL873607","5643558","5643646","21","5642485"
"KQ054135v1","6067","6338","GL873596","8724296","8724570","59","8718229"
"KQ054135v1","13259","13539","GL873627","5254766","5255045","63","5241507"
"KQ054135v1","22011","22221","GL873565","12910299","12910511","52","12888288"
"KQ054135v1","53859","54122","GL873613","1052320","1052567","70","998461"
"KQ054135v1","58049","58259","GL873619","7355939","7356159","56","7297890"
"KQ054135v1","131342","131636","GL873524","42149014","42149308","47","42017672"
"KQ054135v1","132813","133017","GL873557","5125101","5125304","44","4992288"
"KQ054135v1","158603","158901","GL873577","10149931","10150226","79","9991328"
"KQ054135v1","160077","160373","GL873544","9845241","9845544","75","9685164"
"KQ054135v1","399598","399882","GL873530","26485863","26486146","59","26086265"
"KQ054135v1","425792","426007","GL873527","7757372","7757588","66","7331580"
"KQ054135v1","453979","454156","GL873524","1211458","1211633","52","757479"
"KQ054135v1","454227","454353","GL873732","1254102","1254226","23","799875"
"KQ054135v1","591655","591942","GL873522","44292087","44292375","53","43700432"
"KQ054135v1","613987","614303","GL873530","28639620","28639925","70","28025633"
"KQ054135v1","700790","700898","GL873554","13144861","13144963","22","12444071"
"KQ054135v1","748957","749257","GL873535","14266203","14266500","63","13517246"
"KQ054135v1","861309","861437","GL873537","22409869","22410000","21","21548560"
"KQ054135v1","1067486","1067748","GL873613","1380796","1381049","64","313310"
"KQ054135v1","1115611","1115910","GL873523","31125988","31126290","68","30010377"
"KQ054135v1","1129378","1129502","GL873603","7759348","7759471","20","6629970"
"KQ054135v1","1132278","1132575","GL873537","23325667","23325965","62","22193389"
"KQ054135v1","1141924","1142147","GL873560","378713","378929","57","763211"
"KQ054135v1","1188650","1188957","GL873760","812865","813169","55","375785"
"KQ054135v1","1196471","1196762","GL873523","31227427","31227718","60","30030956"
"KQ054135v1","1217915","1218196","GL873628","1375418","1375692","62","157503"
"KQ054135v1","1251064","1251335","GL873610","6508308","6508582","70","5257244"
"KQ054135v1","1282390","1282645","GL873564","8065054","8065308","67","6782664"
"KQ054135v1","1284962","1285093","GL873520","24084579","24084710","28","22799617"
"KQ054135v1","1295644","1295775","GL873520","24084579","24084710","28","22788935"
"KQ054135v1","1302389","1302655","GL873595","5116042","5116325","68","3813653"
"KQ054135v1","1345704","1346010","GL873625","3330882","3331184","66","1985178"
"KQ054135v1","1352218","1352393","GL873681","3131614","3131780","46","1779396"
"KQ054135v1","1368354","1368603","GL873538","11416277","11416524","61","10047923"
"KQ054135v1","1420710","1420834","GL873525","28446082","28446208","26","27025372"
"KQ054135v1","1425488","1425775","GL873532","13087138","13087416","60","11661650"
"KQ054135v1","1432128","1432434","GL873680","759253","759545","85","672875"
"KQ054135v1","1449602","1449858","GL873521","8420231","8420499","79","6970629"
"KQ054135v1","1470557","1470624","GL873630","1653359","1653424","13","182802"
"KQ054135v1","1476247","1476565","GL873631","6119407","6119715","68","4643160"
"KQ054135v1","1481598","1481871","GL873533","24370936","24371206","68","22889338"
"KQ054135v1","1505392","1505692","GL873524","43577965","43578256","79","42072573"
"KQ054135v1","1526229","1526513","GL873527","13227316","13227607","72","11701087"
"KQ054135v1","1529936","1530207","GL873664","3154321","3154599","81","1624385"
"KQ054135v1","1587897","1588202","GL873546","4478339","4478641","68","2890442"
"KQ054135v1","1623741","1623872","GL873544","11860634","11860766","26","10236893"
"KQ054135v1","1631656","1631947","GL873532","21611611","21611905","55","19979955"
"KQ054135v1","1633679","1633923","GL873536","14955236","14955476","64","13321557"
"KQ054135v1","1636672","1636790","GL873637","3392350","3392471","19","1755678"
"KQ054135v1","1637115","1637135","GL873569","8368585","8368600","9","6731470"
"KQ054135v1","1637459","1637661","GL873564","4371507","4371687","59","2734048"
"KQ054135v1","1643609","1643903","GL873532","21611611","21611905","56","19968002"
"KQ054135v1","1647541","1647796","GL873536","14955236","14955476","60","13307695"
"KQ054135v1","1650731","1650830","GL873663","2798028","2798127","27","1147297"
"KQ054135v1","1654084","1654373","GL873593","2667655","2667944","61","1013571"
"KQ054135v1","1659713","1659997","GL873526","4353131","4353412","57","2693418"
"KQ054135v1","1661545","1661836","GL873520","60883623","60883917","62","59222078"
"KQ054135v1","1662811","1662906","GL873587","5622133","5622222","27","3959322"
"KQ054135v1","1663242","1663408","GL873539","18965545","18965701","37","17302303"
"KQ054135v1","1667223","1667500","GL873584","9283875","9284154","77","7616652"
"KQ054135v1","1698602","1698892","GL873529","15224931","15225225","72","13526329"
"KQ054135v1","1730490","1730775","GL873677","4203427","4203715","60","2472937"
"KQ054135v1","1743475","1743781","GL873537","23325667","23325965","75","21582192"
"KQ054135v1","1749811","1750093","GL873562","10281511","10281794","71","8531700"
"KQ054135v1","1752236","1752525","GL873677","2251813","2252104","64","499577"
"KQ054135v1","1769696","1769839","GL873635","5651224","5651357","46","3881528"
"KQ054135v1","1775130","1775310","GL873533","2655543","2655710","49","880413"
"KQ054135v1","1812326","1812505","GL873553","7984760","7984935","41","6172434"
"KQ054135v1","1820040","1820166","GL873523","31818512","31818635","25","29998472"
"KQ054135v1","1831500","1831787","GL873528","4452981","4453269","72","2621481"
"KQ054135v1","1845758","1846041","GL873522","4222168","4222461","64","2376410"
"KQ054135v1","1860172","1860456","GL873544","12852108","12852394","57","10991936"
"KQ054135v1","1872411","1872691","GL873535","25840890","25841174","68","23968479"
"KQ054135v1","1893045","1893305","GL873526","21819455","21819728","71","19926410"
"KQ054135v1","1905977","1906292","GL873663","3743946","3744258","78","1837969"
"KQ054135v1","1943266","1943565","GL873525","26089021","26089319","65","24145755"
"KQ054135v1","2045423","2045732","GL873534","8565725","8566026","60","6520302"
"KQ054135v1","2133019","2133262","GL873526","28016316","28016566","53","25883297"
"KQ054135v1","2235041","2235346","GL873548","17273035","17273330","68","15037994"
"KQ054135v1","2268212","2268406","GL873564","4371507","4371687","51","2103295"
"KQ054135v1","2308395","2308572","GL873536","13158560","13158734","45","10850165"
"KQ054135v1","2332112","2332393","GL873520","38764685","38764975","73","36432573"
"KQ054135v1","2373366","2373672","GL873621","545875","546169","58","1827491"
"KQ054135v1","2379902","2380092","GL873611","3356207","3356402","55","976305"
"KQ054135v1","2387400","2387705","GL873538","15635099","15635394","70","13247699"
"KQ054135v1","2388737","2389009","GL873660","2751144","2751428","66","362407"
"KQ054135v1","2392009","2392276","GL873536","16187329","16187604","65","13795320"
"KQ054135v1","2411480","2411784","GL873545","20390330","20390642","67","17978850"
"KQ054135v1","2418804","2419063","GL873544","19565090","19565337","76","17146286"
"KQ054135v1","2421382","2421687","GL873545","20390330","20390642","71","17968948"
"KQ054135v1","2438289","2438576","GL873571","7668183","7668469","61","5229894"
"KQ054135v1","2451802","2452114","GL873547","8917733","8918044","69","6465931"
"KQ054135v1","2461890","2462180","GL873547","11458791","11459084","61","8996901"
"KQ054135v1","2469125","2469435","GL873530","28263781","28264089","60","25794656"
"KQ054135v1","2480188","2480392","GL873660","4198779","4198982","46","1718591"
"KQ054135v1","2518152","2518455","GL873586","8120080","8120363","72","5601928"
"KQ054135v1","2560027","2560313","GL873537","20108472","20108765","63","17548445"
"KQ054135v1","2589589","2589712","GL873526","19052060","19052182","21","16462471"
"KQ054135v1","2636488","2636766","GL873627","5254766","5255045","59","2618278"
"KQ054135v1","2687542","2687670","GL873537","6930739","6930868","25","4243197"
"KQ054138v1","35691","35970","GL873590","429105","429385","73","393414"
"KQ054138v1","44027","44139","GL873533","22654683","22654797","21","22610656"
"KQ054138v1","47857","48153","GL873537","20108472","20108765","68","20060615"
"KQ054139v1","809","1124","GL873550","16740796","16741091","97","16739987"
"KQ054139v1","6562","6898","GL873536","460452","460769","104","453890"
"KQ054146v1","89584","89897","GL873653","2463372","2463673","84","2373788"
"KQ054146v1","160270","160504","GL873619","7355939","7356159","73","7195669"
"KQ054146v1","449838","450058","GL873659","3366577","3366795","66","2916739"
"KQ054146v1","601488","601793","GL873525","40849347","40849643","76","40247859"
"KQ054146v1","670641","670960","GL873661","1884549","1884860","77","1213908"
"KQ054146v1","771535","771822","GL873545","17257314","17257599","67","16485779"
"KQ054146v1","942142","942266","GL873547","9133192","9133316","28","8191050"
"KQ054146v1","1090734","1091026","GL873700","423134","423410","78","667600"
"KQ054146v1","1178045","1178323","GL873618","1644125","1644404","69","466080"
"KQ054146v1","1186779","1186934","GL873557","14835191","14835346","46","13648412"
"KQ054146v1","1396360","1396681","GL873546","13542628","13542944","77","12146268"
"KQ054146v1","1463623","1463938","GL873664","4810616","4810919","75","3346993"
"KQ054146v1","1487463","1487630","GL873550","2632115","2632275","36","1144652"
"KQ054146v1","1487747","1487864","GL873537","18687435","18687554","26","17199688"
"KQ054146v1","2012447","2012726","GL873550","744542","744817","77","1267905"
"KQ054146v1","2189886","2190173","GL873539","25859408","25859692","72","23669522"
"KQ054146v1","2355334","2355636","GL873531","27860265","27860563","65","25504931"
"KQ054146v1","2377558","2377835","GL873542","9612407","9612676","56","7234849"
"KQ054146v1","2522413","2522688","GL873822","126718","126988","77","2395695"
"KQ054146v1","2568226","2568525","GL873525","42403748","42404036","69","39835522"
"KQ054146v1","2576718","2576993","GL873712","1314899","1315172","60","1261819"
"KQ054146v1","2718343","2718390","GL873646","3822120","3822164","11","1103777"
"KQ054146v1","2950790","2951104","GL873720","1268124","1268434","51","1682666"
"KQ054146v1","2975923","2976195","GL873547","12234315","12234581","72","9258392"
"KQ054146v1","3086202","3086502","GL873540","5044796","5045088","79","1958594"
"KQ054146v1","3108996","3109291","GL873754","1754489","1754787","53","1354507"
"KQ054146v1","3152252","3152558","GL873530","10944131","10944443","73","7791879"
"KQ054146v1","3168837","3169131","GL873531","29056008","29056304","70","25887171"
"KQ054153v1","2475","2603","GL873703","867871","868000","20","865396"
"KQ054156v1","5297","5468","GL873526","10575149","10575318","46","10569852"
"KQ054157v1","262015","262299","GL873610","6508308","6508582","67","6246293"
"KQ054157v1","63083","63381","GL873529","15224931","15225225","64","15161848"
"KQ054157v1","243744","244027","GL873610","6508308","6508582","72","6264564"
"KQ054157v1","356577","356871","GL873537","20108472","20108765","61","19751895"
"KQ054157v1","439502","439672","GL873647","3158908","3159076","36","2719406"
"KQ054157v1","506654","506818","GL873626","7082756","7082915","45","6576102"
"KQ054157v1","587132","587375","GL873590","671368","671605","60","84236"
"KQ054157v1","601571","601860","GL873546","13143077","13143343","73","12541506"
"KQ054157v1","709534","709820","GL873587","4881987","4882277","63","4172453"
"KQ054157v1","722084","722413","GL873577","7611226","7611549","81","6889142"
"KQ054157v1","755128","755391","GL873632","6442574","6442826","60","5687446"
"KQ054157v1","775459","775755","GL873543","2904962","2905248","69","2129503"
"KQ054157v1","1064546","1064628","GL873531","16275379","16275462","18","15210833"
"KQ054157v1","1113283","1113539","GL873646","4128886","4129146","74","3015603"
"KQ054157v1","1114841","1115142","GL873537","25740048","25740338","71","24625207"
"KQ054157v1","1141954","1142237","GL873530","27114472","27114746","69","25972518"
"KQ054157v1","1150884","1151189","GL873577","10149931","10150226","70","8999047"
"KQ054157v1","1182972","1183216","GL873524","6442520","6442766","73","5259548"
"KQ054157v1","1269513","1269646","GL873521","43523544","43523664","33","42254031"
"KQ054157v1","1269980","1270189","GL873528","32996319","32996526","56","31726339"
"KQ054157v1","1316966","1317268","GL873610","4431407","4431713","55","3114441"
"KQ054157v1","1440629","1440918","GL873521","6860017","6860298","70","5419388"
"KQ054157v1","1500544","1500833","GL873538","19856647","19856926","75","18356103"
"KQ054157v1","1527184","1527497","GL873720","1268124","1268434","59","259060"
"KQ054157v1","1779666","1779927","GL873576","7005736","7005999","64","5226070"
"KQ054157v1","1794504","1794741","GL873529","8596265","8596494","57","6801761"
"KQ054157v1","1930112","1930393","GL873542","7302503","7302792","77","5372391"
"KQ054157v1","1983987","1984251","GL873523","29788890","29789147","69","27804903"
"KQ054157v1","2098035","2098177","GL873699","3286200","3286339","47","1188165"
"KQ054157v1","2156136","2156442","GL873529","9421454","9421749","68","7265318"
"KQ054157v1","2227248","2227537","GL873543","2904962","2905248","62","677714"
"KQ054157v1","2229306","2229582","GL873590","268242","268515","71","1961064"
"KQ054157v1","2232601","2232881","GL873535","12414612","12414904","62","10182011"
"KQ054157v1","2246793","2247095","GL873646","5530496","5530792","67","3283703"
"KQ054157v1","2267405","2267633","GL873586","6544389","6544609","66","4276984"
"KQ054157v1","2284835","2285061","GL873630","51175","51413","70","2233660"
"KQ054157v1","2314064","2314353","GL873548","13679256","13679534","64","11365192"
"KQ054157v1","2321110","2321392","GL873564","6400780","6401057","60","4079670"
"KQ054157v1","2326454","2326732","GL873548","13679256","13679534","62","11352802"
"KQ054157v1","2378829","2379081","GL873605","6907570","6907818","73","4528741"
"KQ054157v1","2381620","2381924","GL873557","9951663","9951956","65","7570043"
"KQ054157v1","2393209","2393335","GL873834","415652","415774","24","1977557"
"KQ054157v1","2407744","2407879","GL873522","41098155","41098287","52","38690411"
"KQ054157v1","2409818","2409924","GL873621","432198","432304","32","1977620"
"KQ054157v1","2455646","2455805","GL873521","29859775","29859939","38","27404129"
"KQ054157v1","2471058","2471359","GL873537","20108472","20108765","60","17637414"
"KQ054157v1","2473765","2474009","GL873590","671368","671605","60","1802397"
"KQ054157v1","2475454","2475631","GL873534","19876582","19876755","41","17401128"
"KQ054157v1","2482920","2483222","GL873537","16621791","16622090","76","14138871"
"KQ054157v1","2540677","2540969","GL873544","14356089","14356383","64","11815412"
"KQ054157v1","2564343","2564611","GL873601","5269322","5269589","68","2704979"
"KQ054157v1","2565480","2565600","GL873542","22673025","22673149","25","20107545"
"KQ054157v1","2569000","2569293","GL873557","7267236","7267535","70","4698236"
"KQ054157v1","2576216","2576502","GL873606","6177600","6177887","61","3601384"
"KQ054157v1","2713986","2714288","GL873593","6523519","6523829","71","3809533"
"KQ054157v1","2726895","2727197","GL873627","7189498","7189791","62","4462603"
"KQ054157v1","2741355","2741633","GL873542","22849812","22850088","59","20108457"
"KQ054157v1","2767060","2767374","GL873557","10964192","10964504","73","8197132"
"KQ054157v1","2796458","2796739","GL873547","14329017","14329292","66","11532559"
"KQ054157v1","2797397","2797556","GL873551","18332970","18333126","40","15535573"
"KQ054158v1","7586","7680","GL873528","24173103","24173198","25","24165517"
"KQ054164v1","2359","2529","GL873577","4898264","4898426","34","4895905"
"KQ054164v1","3758","4041","GL873530","14642975","14643249","60","14639217"
"KQ054168v1","100009","100302","GL873532","21611611","21611905","60","21511602"
"KQ054168v1","127645","127938","GL873551","8175407","8175696","66","8047762"
"KQ054168v1","132666","132957","GL873526","4353131","4353412","65","4220465"
"KQ054168v1","178695","178976","GL873699","1359336","1359622","64","1180641"
"KQ054168v1","216754","217043","GL873551","12461548","12461829","55","12244794"
"KQ054168v1","218498","218779","GL873570","9393261","9393537","64","9174763"
"KQ054168v1","223533","223737","GL873524","19065990","19066189","45","18842457"
"KQ054168v1","255414","255713","GL873674","1547295","1547583","68","1291881"
"KQ054168v1","278915","279217","GL873660","743632","743918","65","464717"
"KQ054168v1","288924","289224","GL873529","9421454","9421749","67","9132530"
"KQ054168v1","339925","340149","GL873557","9967376","9967610","66","9627451"
"KQ054168v1","354883","355128","GL873523","42908222","42908465","68","42553339"
"KQ054168v1","363201","363514","GL873588","6897685","6897994","66","6534484"
"KQ054168v1","371041","371356","GL873550","14097558","14097844","71","13726517"
"KQ054168v1","389140","389395","GL873533","5025498","5025755","66","4636358"
"KQ054168v1","404876","405133","GL873594","5425363","5425617","74","5020487"
"KQ054168v1","414385","414653","GL873538","2204733","2205000","68","1790348"
"KQ054168v1","415185","415463","GL873544","12852108","12852394","60","12436923"
"KQ054168v1","457198","457497","GL873535","14044752","14045047","68","13587554"
"KQ054168v1","464600","464895","GL873575","2687372","2687665","57","2222772"
"KQ054168v1","485065","485367","GL873577","10149931","10150226","67","9664866"
"KQ054168v1","506616","506923","GL873577","10149931","10150226","62","9643315"
"KQ054168v1","521354","521651","GL873533","16279236","16279539","69","15757882"
"KQ054168v1","558696","558967","GL873536","27318293","27318570","55","26759597"
"KQ054168v1","560564","560844","GL873533","23633726","23633993","69","23073162"
"KQ054168v1","581531","581835","GL873567","11297117","11297420","62","10715586"
"KQ054168v1","601233","601517","GL873540","4711812","4712090","65","4110579"
"KQ054168v1","626523","626823","GL873537","20108472","20108765","52","19481949"
"KQ054168v1","668200","668304","GL873522","43121372","43121483","27","42453172"
"KQ054168v1","670276","670399","GL873646","4012005","4012125","22","3341729"
"KQ054168v1","726113","726419","GL873533","15015660","15015953","69","14289547"
"KQ054168v1","728894","729086","GL873524","1211458","1211633","55","482564"
"KQ054168v1","734902","735169","GL873647","4072229","4072498","98","3337327"
"KQ054168v1","738745","739028","GL873752","219309","219580","64","519436"
"KQ054168v1","743179","743469","GL873590","336943","337217","94","406236"
"KQ054168v1","744628","744911","GL873752","219309","219580","64","525319"
"KQ054168v1","755688","755977","GL873550","13679772","13680030","75","12924084"
"KQ054168v1","770005","770293","GL873592","8396855","8397140","61","7626850"
"KQ054168v1","775204","775507","GL873551","3208778","3209084","70","2433574"
"KQ054168v1","776009","776267","GL873525","13736761","13737023","54","12960752"
"KQ054168v1","779606","779916","GL873522","42556538","42556845","67","41776932"
"KQ054168v1","902644","902894","GL873526","4830085","4830323","61","3927441"
"KQ054168v1","903242","903313","GL873564","9834025","9834101","20","8930783"
"KQ054168v1","906864","907175","GL873574","2979143","2979454","71","2072279"
"KQ054168v1","910017","910292","GL873540","4711812","4712090","59","3801795"
"KQ054168v1","911915","912162","GL873678","19967","20212","69","891948"
"KQ054168v1","919326","919620","GL873552","12138493","12138784","54","11219167"
"KQ054168v1","928797","929112","GL873603","7279615","7279918","63","6350818"
"KQ054168v1","944028","944323","GL873525","40849347","40849643","69","39905319"
"KQ054168v1","946398","946650","GL873533","12566633","12566890","74","11620235"
"KQ054168v1","968015","968179","GL873592","4331175","4331344","45","3363160"
"KQ054168v1","980172","980469","GL873561","9330005","9330309","72","8349833"
"KQ054168v1","1009198","1009493","GL873522","26487461","26487763","67","25478263"
"KQ054168v1","1015764","1015885","GL873783","131223","131345","20","884541"
"KQ054168v1","1016208","1016507","GL873542","7302503","7302792","67","6286295"
"KQ054168v1","1018908","1019222","GL873624","3973803","3974104","78","2954895"
"KQ054168v1","1024272","1024574","GL873530","29885156","29885439","71","28860884"
"KQ054168v1","1024743","1025019","GL873523","5398253","5398525","67","4373510"
"KQ054168v1","1028319","1028544","GL873584","8046439","8046668","69","7018120"
"KQ054168v1","1028770","1029074","GL873666","1947955","1948246","96","919185"
"KQ054168v1","1032622","1032893","GL873645","1936937","1937204","72","904315"
"KQ054168v1","1033635","1033782","GL873533","13896451","13896593","31","12862816"
"KQ054168v1","1041962","1042227","GL873525","39406047","39406306","57","38364085"
"KQ054168v1","1048381","1048544","GL873527","7348654","7348810","47","6300273"
"KQ054168v1","1066404","1066733","GL873525","28197047","28197360","83","27130643"
"KQ054168v1","1075618","1075810","GL873653","1731043","1731224","50","655425"
"KQ054168v1","1124948","1125251","GL873570","11394548","11394837","62","10269600"
"KQ054168v1","1143134","1143455","GL873544","13109134","13109442","92","11966000"
"KQ054168v1","1144036","1144349","GL873539","898488","898789","77","245548"
"KQ054168v1","1148297","1148577","GL873543","5868888","5869166","64","4720591"
"KQ054168v1","1158992","1159264","GL873677","3358914","3359174","65","2199922"
"KQ054168v1","1166009","1166186","GL873660","130080","130256","42","1035929"
"KQ054168v1","1181372","1181577","GL873625","787508","787700","62","393864"
"KQ054168v1","1199526","1199820","GL873524","42149014","42149308","53","40949488"
"KQ054168v1","1219647","1219944","GL873520","40259884","40260165","74","39040237"
"KQ054168v1","1222234","1222490","GL873598","6469356","6469616","59","5247122"
"KQ054168v1","1224310","1224602","GL873531","25381659","25381942","76","24157349"
"KQ054168v1","1255175","1255464","GL873537","20108472","20108765","69","18853297"
"KQ054168v1","1257679","1257977","GL873545","12978830","12979129","64","11721151"
"KQ054168v1","1259983","1260279","GL873530","28263781","28264089","72","27003798"
"KQ054168v1","1261762","1262052","GL873621","545875","546169","75","715887"
"KQ054168v1","1287644","1287914","GL873547","17720932","17721199","60","16433288"
"KQ054168v1","1290734","1291017","GL873646","1053138","1053424","66","237596"
"KQ054168v1","1291554","1291836","GL873550","7644303","7644582","57","6352749"
"KQ054168v1","1300613","1300816","GL873557","5125101","5125304","47","3824488"
"KQ054168v1","1304086","1304372","GL873573","3786511","3786793","55","2482425"
"KQ054168v1","1306198","1306498","GL873720","1268124","1268434","61","38074"
"KQ054168v1","1308930","1309073","GL873533","15869599","15869736","43","14560669"
"KQ054168v1","1328996","1329258","GL873595","3391839","3392118","71","2062843"
"KQ054168v1","1359725","1359920","GL873539","14624205","14624411","57","13264480"
"KQ054168v1","1423303","1423563","GL873550","12992214","12992479","59","11568911"
"KQ054168v1","1430800","1431086","GL873544","17387088","17387379","52","15956288"
"KQ054168v1","1545269","1545548","GL873565","2079817","2080099","68","534548"
"KQ054168v1","1572167","1572452","GL873528","7287160","7287438","67","5714993"
"KQ054168v1","1659400","1659747","GL873618","1121386","1121685","99","538014"
"KQ054168v1","1726757","1726884","GL873523","11296246","11296373","23","9569489"
"KQ054168v1","1734781","1734955","GL873740","668373","668539","43","1066408"
"KQ054168v1","1749945","1750238","GL873521","49874189","49874492","56","48124244"
"KQ054168v1","1767515","1767813","GL873541","15111534","15111828","69","13344019"
"KQ054168v1","1781429","1781741","GL873634","2627489","2627772","77","846060"
"KQ054168v1","1788896","1789187","GL873821","344798","345085","66","1444098"
"KQ054168v1","1792765","1793026","GL873550","12568578","12568831","57","10775813"
"KQ054168v1","1844062","1844348","GL873520","38236690","38236980","69","36392628"
"KQ054168v1","1870450","1870756","GL873522","38740234","38740531","73","36869784"
"KQ054168v1","1884868","1885069","GL873527","13528080","13528288","79","11643212"
"KQ054168v1","1910239","1910325","GL873583","8083267","8083350","11","6173028"
"KQ054168v1","1911169","1911456","GL873590","120357","120643","64","1790812"
"KQ054168v1","1916074","1916360","GL873613","4450657","4450940","51","2534583"
"KQ054168v1","1943234","1943529","GL873645","1598419","1598714","57","344815"
"KQ054168v1","1943699","1944003","GL873527","34757723","34758022","68","32814024"
"KQ054168v1","1957488","1957791","GL873527","34757723","34758022","71","32800235"
"KQ054168v1","1957958","1958245","GL873645","1598419","1598714","62","359539"
"KQ054168v1","1986511","1986586","GL873530","30744634","30744703","20","28758123"
"KQ054168v1","1986909","1987043","GL873554","9423614","9423747","42","7436705"
"KQ054168v1","2021483","2021786","GL873527","11533238","11533536","73","9511755"
"KQ054168v1","2062478","2062769","GL873520","38987202","38987491","71","36924724"
"KQ054168v1","2086758","2086980","GL873624","2883081","2883295","52","796323"
"KQ054168v1","2107174","2107435","GL873521","8420231","8420499","71","6313057"
"KQ054168v1","2147724","2148005","GL873528","4452981","4453269","74","2305257"
"KQ054168v1","2148893","2149176","GL873789","87737","88019","54","2061156"
"KQ054168v1","2158972","2159103","GL873537","6930739","6930868","23","4771767"
"KQ054168v1","2210472","2210775","GL873621","545875","546169","53","1664597"
"KQ054168v1","2280657","2280954","GL873657","3029272","3029566","64","748615"
"KQ054168v1","2311996","2312283","GL873615","800471","800753","62","1511525"
"KQ054168v1","2348537","2348833","GL873522","8095500","8095795","63","5746963"
"KQ054168v1","2381854","2382150","GL873565","326336","326639","62","2055518"
"KQ054169v1","2032","2140","GL873574","6856331","6856438","20","6854299"
"KQ054170v1","11331","11568","GL873527","36235779","36236022","65","36224448"
"KQ054174v1","14208","14506","GL873526","25295506","25295789","73","25281298"
"KQ054179v1","2883583","2883883","GL873561","5216203","5216491","70","2332620"
"KQ054179v1","50996","51182","GL873524","6456913","6457100","60","6405917"
"KQ054179v1","102297","102566","GL873557","5844700","5844982","74","5742403"
"KQ054179v1","109860","110162","GL873530","16695374","16695671","66","16585514"
"KQ054179v1","184736","185044","GL873535","28542258","28542562","72","28357522"
"KQ054179v1","213148","213455","GL873550","14365620","14365932","63","14152472"
"KQ054179v1","227966","228254","GL873650","4517282","4517574","76","4289316"
"KQ054179v1","267748","268056","GL873660","2983994","2984295","74","2716246"
"KQ054179v1","273142","273444","GL873546","859614","859905","72","586472"
"KQ054179v1","307452","307707","GL873713","521457","521723","73","214005"
"KQ054179v1","311044","311337","GL873537","20108472","20108765","62","19797428"
"KQ054179v1","324446","324708","GL873532","29093100","29093350","66","28768654"
"KQ054179v1","343331","343607","GL873646","1073675","1073956","52","730344"
"KQ054179v1","350749","351043","GL873624","2807570","2807859","66","2456821"
"KQ054179v1","378469","378589","GL873547","4585461","4585578","20","4206992"
"KQ054179v1","387120","387396","GL873628","1375418","1375692","56","988298"
"KQ054179v1","439203","439496","GL873575","2687372","2687665","59","2248169"
"KQ054179v1","496897","497200","GL873552","9485985","9486288","61","8989088"
"KQ054179v1","503168","503345","GL873600","4370631","4370804","42","3867463"
"KQ054179v1","779015","779329","GL873520","72415742","72416055","72","71636727"
"KQ054179v1","860369","860666","GL873521","1704779","1705073","75","844410"
"KQ054179v1","896773","897069","GL873800","736311","736599","51","160462"
"KQ054179v1","921765","921981","GL873599","2977549","2977753","55","2055784"
"KQ054179v1","929014","929265","GL873568","12674938","12675190","55","11745924"
"KQ054179v1","936863","936987","GL873601","6334962","6335086","19","5398099"
"KQ054179v1","960655","960950","GL873530","9237692","9238000","69","8277037"
"KQ054179v1","997215","997498","GL873533","24420221","24420503","64","23423006"
"KQ054179v1","1061742","1062025","GL873547","5300471","5300755","60","4238729"
"KQ054179v1","1078523","1078822","GL873660","743632","743918","69","334891"
"KQ054179v1","1096780","1097071","GL873526","25295506","25295789","63","24198726"
"KQ054179v1","1114239","1114464","GL873529","8596265","8596494","39","7482026"
"KQ054179v1","1144142","1144436","GL873532","29631533","29631825","70","28487391"
"KQ054179v1","1166548","1166837","GL873541","6947850","6948129","57","5781302"
"KQ054179v1","1173663","1173947","GL873538","3757160","3757448","65","2583497"
"KQ054179v1","1187651","1187951","GL873544","20315778","20316071","66","19128127"
"KQ054179v1","1211264","1211452","GL873611","3356207","3356402","45","2144943"
"KQ054179v1","1227406","1227673","GL873530","25128466","25128724","58","23901060"
"KQ054179v1","1246747","1247017","GL873547","5493694","5493965","49","4246947"
"KQ054179v1","1315656","1315964","GL873521","6835945","6836242","58","5520289"
"KQ054179v1","1358574","1358870","GL873608","5261767","5262063","59","3903193"
"KQ054179v1","1361242","1361479","GL873539","15998803","15999035","57","14637561"
"KQ054179v1","1364645","1364915","GL873752","219309","219580","46","1145336"
"KQ054179v1","1377609","1377895","GL873593","3746229","3746508","58","2368620"
"KQ054179v1","1395504","1395800","GL873538","5676997","5677272","75","4281493"
"KQ054179v1","1407335","1407615","GL873706","1644701","1644981","77","237366"
"KQ054179v1","1421025","1421252","GL873526","40957560","40957777","59","39536535"
"KQ054179v1","1441338","1441631","GL873539","14839213","14839487","86","13397875"
"KQ054179v1","1451690","1451962","GL873521","3415890","3416154","69","1964200"
"KQ054179v1","1452059","1452224","GL873537","8665340","8665505","35","7213281"
"KQ054179v1","1454271","1454562","GL873526","3098245","3098538","59","1643974"
"KQ054179v1","1457395","1457691","GL873765","69383","69680","65","1388012"
"KQ054179v1","1473733","1473920","GL873627","4281284","4281483","60","2807551"
"KQ054179v1","1474883","1475123","GL873631","404968","405234","73","1069915"
"KQ054179v1","1495321","1495590","GL873752","219309","219580","57","1276012"
"KQ054179v1","1505330","1505613","GL873557","5844700","5844982","65","4339370"
"KQ054179v1","1516427","1516717","GL873621","545875","546169","69","970552"
"KQ054179v1","1521260","1521336","GL873529","26511057","26511133","18","24989797"
"KQ054179v1","1521492","1521793","GL873551","10987258","10987553","70","9465766"
"KQ054179v1","1525551","1525642","GL873521","6892512","6892601","24","5366961"
"KQ054179v1","1525783","1526084","GL873551","10987258","10987553","70","9461475"
"KQ054179v1","1530639","1530716","GL873784","35010","35086","17","1495629"
"KQ054179v1","1530872","1531169","GL873551","10987258","10987553","72","9456386"
"KQ054179v1","1544420","1544708","GL873521","33844036","33844322","59","32299616"
"KQ054179v1","1552088","1552364","GL873596","2732091","2732363","79","1180003"
"KQ054179v1","1555983","1556259","GL873528","11019205","11019481","85","9463222"
"KQ054179v1","1557553","1557876","GL873572","9034316","9034616","85","7476763"
"KQ054179v1","1571451","1571739","GL873520","38764685","38764975","63","37193234"
"KQ054179v1","1591619","1591891","GL873540","23071030","23071308","77","21479411"
"KQ054179v1","1611585","1611804","GL873522","21258404","21258617","62","19646819"
"KQ054179v1","1646792","1646812","GL873558","9911706","9911723","6","8264914"
"KQ054179v1","1646838","1647094","GL873590","665382","665630","66","981456"
"KQ054179v1","1704027","1704298","GL873537","23988977","23989259","66","22284950"
"KQ054179v1","1729980","1730284","GL873577","10149931","10150226","59","8419951"
"KQ054179v1","1742081","1742199","GL873526","20456252","20456372","22","18714171"
"KQ054179v1","1742228","1742396","GL873539","18965545","18965701","44","17223317"
"KQ054179v1","1777251","1777376","GL873596","2162768","2162890","20","385517"
"KQ054179v1","1778741","1778833","GL873545","19536200","19536283","21","17757459"
"KQ054179v1","1778873","1779122","GL873538","11416277","11416524","58","9637404"
"KQ054179v1","1832417","1832709","GL873800","736311","736599","57","1096106"
"KQ054179v1","1855090","1855362","GL873535","24595025","24595295","71","22739935"
"KQ054179v1","1867524","1867617","GL873533","13936820","13936910","19","12069296"
"KQ054179v1","1880650","1880942","GL873526","25295506","25295789","75","23414856"
"KQ054179v1","1936932","1937208","GL873604","973235","973495","95","963697"
"KQ054179v1","1947313","1947551","GL873689","2103668","2103912","57","156355"
"KQ054179v1","2009159","2009460","GL873596","3562116","3562414","60","1552957"
"KQ054179v1","2077311","2077598","GL873551","872096","872374","76","1205215"
"KQ054179v1","2101037","2101312","GL873523","7327314","7327595","58","5226277"
"KQ054179v1","2124080","2124369","GL873522","26416598","26416890","57","24292518"
"KQ054179v1","2132618","2132866","GL873538","11416277","11416524","51","9283659"
"KQ054179v1","2187150","2187328","GL873542","6626127","6626290","60","4438977"
"KQ054179v1","2203497","2203789","GL873575","2687372","2687665","66","483875"
"KQ054179v1","2350181","2350471","GL873575","2687372","2687665","56","337191"
"KQ054179v1","2543476","2543771","GL873626","7146541","7146836","62","4603065"
"KQ054179v1","2545784","2546066","GL873569","5085141","5085405","76","2539357"
"KQ054179v1","2550487","2550612","GL873544","17021748","17021876","27","14471261"
"KQ054179v1","2551577","2551730","GL873715","2056021","2056164","42","495556"
"KQ054179v1","2560697","2560805","GL873586","8503134","8503240","16","5942437"
"KQ054179v1","2568738","2568959","GL873526","40957560","40957777","43","38388822"
"KQ054179v1","2571132","2571310","GL873547","6900904","6901085","33","4329772"
"KQ054179v1","2622026","2622309","GL873550","16189253","16189537","54","13567227"
"KQ054179v1","2654208","2654510","GL873568","10563353","10563640","67","7909145"
"KQ054179v1","2667443","2667726","GL873523","28417992","28418279","66","25750549"
"KQ054179v1","2686834","2687104","GL873540","4711812","4712090","61","2024978"
"KQ054179v1","2724764","2725018","GL873800","517515","517761","57","2207249"
"KQ054179v1","2756595","2756758","GL873740","668373","668539","31","2088222"
"KQ054179v1","2924744","2925052","GL873561","9330005","9330309","67","6405261"
"KQ054179v1","2960398","2960521","GL873547","17597232","17597356","22","14636834"
"KQ054179v1","2960966","2961264","GL873670","892443","892746","71","2068523"
"KQ054179v1","2965773","2966000","GL873526","40957560","40957777","48","37991787"
"KQ054179v1","2976687","2976926","GL873611","4994670","4994910","60","2017983"
"KQ054179v1","2989025","2989216","GL873520","22635186","22635354","63","19646161"
"KQ054179v1","2989440","2989753","GL873615","2369208","2369505","67","620232"
"KQ054179v1","3009593","3009682","GL873563","6257326","6257416","19","3247733"
"KQ054179v1","3023442","3023725","GL873536","28091297","28091588","63","25067855"
"KQ054179v1","3074838","3075127","GL873520","38764685","38764975","74","35689847"
"KQ054179v1","3093958","3094198","GL873670","1074264","1074510","63","2019694"
"KQ054179v1","3097540","3097851","GL873547","7383876","7384188","68","4286336"
"KQ054179v1","3117133","3117429","GL873536","10393754","10394042","65","7276621"
"KQ054179v1","3128634","3128919","GL873526","25295506","25295789","59","22166872"
"KQ054179v1","3135688","3135808","GL873834","415652","415774","23","2720036"
"KQ054179v1","3157829","3157988","GL873527","7348654","7348810","36","4190825"
"KQ054179v1","3162681","3162931","GL873627","3511019","3511270","66","348338"
"KQ054179v1","3205624","3205891","GL873640","4635812","4636061","76","1430188"
"KQ054179v1","3264728","3265020","GL873623","4501593","4501900","64","1236865"
"KQ054179v1","3285896","3286208","GL873530","28263781","28264089","66","24977885"
"KQ054179v1","3316599","3316897","GL873562","10248883","10249174","61","6932284"
"KQ054179v1","3374154","3374448","GL873675","162005","162291","60","3212149"
"KQ054179v1","3456852","3457157","GL873545","10172794","10173088","66","6715942"
"KQ054179v1","3601028","3601338","GL873526","9439587","9439898","61","5838559"
"KQ054179v1","3776863","3777133","GL873525","12358347","12358612","61","8581484"
"KQ054179v1","3801596","3801872","GL873545","17257314","17257599","66","13455718"
"KQ054179v1","3828324","3828441","GL873584","9881686","9881805","16","6053362"
"KQ054179v1","3831902","3832199","GL873521","50684853","50685150","69","46852951"
"KQ054179v1","3875453","3875644","GL873553","5251455","5251639","52","1376002"
"KQ054179v1","3904734","3905071","GL873640","3408737","3409044","100","495997"
"KQ054179v1","3907848","3908060","GL873539","2593211","2593430","59","1314637"
"KQ054179v1","3954305","3954616","GL873530","28263781","28264089","64","24309476"
"KQ054179v1","3998588","3998682","GL873520","68963523","68963616","25","64964935"
"KQ054179v1","3998995","3999236","GL873532","4184844","4185061","59","185849"
"KQ054179v1","4006644","4006884","GL873540","20076464","20076701","61","16069820"
"KQ054179v1","4026348","4026456","GL873521","7047286","7047394","29","3020938"
"KQ054179v1","4026776","4026913","GL873635","5651224","5651357","33","1624448"
"KQ054179v1","4055932","4056201","GL873752","219309","219580","70","3836623"
"KQ054179v1","4056849","4057142","GL873643","1087107","1087400","57","2969742"
"KQ054179v1","4124518","4124640","GL873570","10645932","10646052","22","6521414"
"KQ054179v1","4124672","4124817","GL873525","33118722","33118869","39","28994050"
"KQ054179v1","4158657","4158940","GL873645","5189472","5189754","69","1030815"
"KQ054179v1","4184472","4184772","GL873537","20108472","20108765","52","15924000"
"KQ054179v1","4198063","4198349","GL873520","16709587","16709864","67","12511524"
"KQ054179v1","4238045","4238314","GL873632","5546235","5546488","60","1308190"
"KQ054179v1","4244129","4244431","GL873596","3562116","3562414","66","682013"
"KQ054179v1","4289349","4289582","GL873619","7355939","7356159","62","3066590"
"KQ054179v1","4358937","4359232","GL873544","12852108","12852394","62","8493171"
"KQ054179v1","4457891","4458103","GL873528","6359335","6359545","46","1901444"
"KQ054179v1","4466970","4467255","GL873537","20108472","20108765","55","15641502"
"KQ054179v1","4572854","4573149","GL873522","16444756","16445043","66","11871902"
"KQ054179v1","4592072","4592369","GL873660","743632","743918","61","3848440"
"KQ054179v1","4669337","4669639","GL873537","20108472","20108765","63","15439135"
"KQ054179v1","4675661","4675938","GL873570","5355623","5355914","65","679962"
"KQ054179v1","4690981","4691237","GL873526","4378725","4378983","83","312256"
"KQ054179v1","4762609","4762731","GL873601","6334962","6335086","18","1572353"
"KQ054179v1","4763106","4763422","GL873546","13542628","13542944","76","8779522"
"KQ054179v1","4771064","4771352","GL873543","5927664","5927950","59","1156600"
"KQ054179v1","4852847","4853144","GL873615","5889225","5889521","67","1036378"
"KQ054179v1","4868733","4868855","GL873535","14977489","14977613","28","10108756"
"KQ054179v1","4869438","4869727","GL873557","11284506","11284779","71","6415068"
"KQ054179v1","4878897","4879120","GL873533","29114064","29114296","53","24235167"
"KQ054179v1","4881486","4881704","GL873526","40957560","40957777","57","36076074"
"KQ054179v1","4891956","4892272","GL873615","3537929","3538240","78","1354027"
"KQ054179v1","5043596","5043897","GL873528","5032075","5032370","76","11521"
"KQ054179v1","5072567","5072878","GL873566","9008836","9009136","61","3936269"
"KQ054179v1","5077677","5077971","GL873533","14601491","14601780","67","9523814"
"KQ054179v1","5098520","5098836","GL873527","11533238","11533536","78","6434718"
"KQ054179v1","5105760","5105970","GL873639","3887760","3887961","50","1218000"
"KQ054179v1","5200080","5200309","GL873544","12794510","12794743","62","7594430"
"KQ054179v1","5209900","5210129","GL873544","12794510","12794743","62","7584610"
"KQ054179v1","5218150","5218442","GL873532","291201","291487","61","4926949"
"KQ054179v1","5225896","5226192","GL873563","5073932","5074225","78","151964"
"KQ054179v1","5293583","5293872","GL873586","3828887","3829179","67","1464696"
"KQ054179v1","5297110","5297401","GL873550","16189253","16189537","65","10892143"
"KQ054179v1","5326173","5326447","GL873752","219309","219580","50","5106864"
"KQ054179v1","5356257","5356526","GL873570","9393261","9393537","62","4037004"
"KQ054179v1","5362699","5362878","GL873600","4370631","4370804","41","992068"
"KQ054179v1","5383425","5383730","GL873531","27860265","27860563","69","22476840"
"KQ054179v1","5385908","5386173","GL873525","13736761","13737023","60","8350853"
"KQ054179v1","5399178","5399509","GL873670","1628229","1628576","92","3770949"
"KQ054179v1","5429211","5429421","GL873538","20322999","20323196","53","14893788"
"KQ054179v1","5432487","5432789","GL873721","1994208","1994497","73","3438279"
"KQ054179v1","5457012","5457283","GL873521","35688742","35689017","70","30231730"
"KQ054179v1","5505316","5505534","GL873547","9855090","9855320","51","4349774"
"KQ054179v1","5515638","5515948","GL873571","2577537","2577837","63","2938101"
"KQ054179v1","5570072","5570275","GL873526","3895419","3895608","51","1674653"
"KQ054179v1","5579444","5579721","GL873546","16423062","16423344","70","10843618"
"KQ054179v1","5760556","5760837","GL873597","32269","32549","57","5728287"
"KQ054179v1","5794285","5794574","GL873618","950010","950297","68","4844275"
"KQ054179v1","5820383","5820538","GL873671","4197147","4197289","42","1623236"
"KQ054179v1","5900048","5900352","GL873624","3183015","3183314","76","2717033"
"KQ054179v1","6000545","6000848","GL873715","2615423","2615727","65","3385122"
"KQ054179v1","6007499","6007838","GL873679","1263580","1263893","85","4743919"
"KQ054179v1","6059623","6059923","GL873574","1311973","1312269","57","4747650"
"KQ054179v1","6067923","6068118","GL873545","10081752","10081924","67","4013829"
"KQ054180v1","74520","74830","GL873825","403360","403659","81","328840"
"KQ054180v1","93685","93852","GL873542","10862260","10862426","41","10768575"
"KQ054180v1","101005","101267","GL873689","948096","948361","71","847091"
"KQ054180v1","118600","118913","GL873611","1368574","1368876","86","1249974"
"KQ054180v1","122700","122784","GL873541","17650431","17650513","21","17527731"
"KQ054180v1","122785","123097","GL873539","19331028","19331326","71","19208243"
"KQ054180v1","226852","227124","GL873572","7652921","7653200","69","7426069"
"KQ054180v1","245100","245383","GL873531","29997638","29997909","68","29752538"
"KQ054180v1","424957","425259","GL873551","10987258","10987553","74","10562301"
"KQ054180v1","502350","502618","GL873690","3376681","3376947","66","2874331"
"KQ054180v1","575273","575561","GL873542","699220","699512","74","123947"
"KQ054180v1","814229","814522","GL873541","17767198","17767486","71","16952969"
"KQ054180v1","824352","824626","GL873668","1518449","1518701","80","694097"
"KQ054180v1","937450","937730","GL873544","12852108","12852394","54","11914658"
"KQ054180v1","951197","951478","GL873586","255814","256100","63","695383"
"KQ054180v1","977644","977940","GL873529","2855620","2855915","57","1877976"
"KQ054180v1","1024644","1024979","GL873577","7611226","7611549","82","6586582"
"KQ054180v1","1030852","1031154","GL873687","2386078","2386371","72","1355226"
"KQ054180v1","1052700","1053001","GL873530","28639620","28639925","75","27586920"
"KQ054180v1","1084518","1084691","GL873631","6752351","6752514","39","5667833"
"KQ054180v1","1122847","1123140","GL873568","3352838","3353132","71","2229991"
"KQ054180v1","1143410","1143700","GL873521","33361638","33361924","61","32218228"
"KQ054180v1","1157844","1158131","GL873571","5844768","5845055","60","4686924"
"KQ054180v1","1195039","1195167","GL873564","3411630","3411757","22","2216591"
"KQ054180v1","1198375","1198684","GL873610","4431407","4431713","65","3233032"
"KQ054180v1","1198913","1199202","GL873524","42149014","42149308","57","40950101"
"KQ054180v1","1270888","1271136","GL873558","5329000","5329249","58","4058112"
"KQ054180v1","1368207","1368497","GL873531","27860265","27860563","59","26492058"
"KQ054180v1","1377578","1377781","GL873548","16619279","16619469","55","15241701"
"KQ054180v1","1412217","1412513","GL873624","5660177","5660468","65","4247960"
"KQ054180v1","1418700","1419003","GL873571","6104660","6104957","63","4685960"
"KQ054180v1","1424303","1424622","GL873543","15842613","15842923","68","14418310"
"KQ054180v1","1433213","1433382","GL873576","5114288","5114457","32","3681075"
"KQ054180v1","1469346","1469450","GL873643","4274595","4274692","23","2805249"
"KQ054180v1","1486662","1486960","GL873565","12300518","12300811","63","10813856"
"KQ054180v1","1492688","1492970","GL873716","907742","908015","60","584946"
"KQ054180v1","1595069","1595377","GL873530","28263781","28264089","63","26668712"
"KQ054180v1","1605036","1605349","GL873568","4562469","4562774","76","2957433"
"KQ054180v1","1654605","1654898","GL873571","6329523","6329803","73","4674918"
"KQ054180v1","1658985","1659291","GL873544","20315778","20316071","72","18656793"
"KQ054180v1","1693674","1693875","GL873531","29211214","29211412","49","27517540"
"KQ054180v1","1700591","1700833","GL873668","1518449","1518701","58","182142"
"KQ054180v1","1703561","1703849","GL873661","3099197","3099487","62","1395636"
"KQ054180v1","1719710","1719810","AAQR03197206","103","202","27","1719607"
"KQ054180v1","1721721","1721935","GL873613","5851680","5851898","51","4129959"
"KQ054180v1","1803365","1803655","GL873537","20108472","20108765","51","18305107"
"KQ054180v1","1924624","1924925","GL873562","7208491","7208791","65","5283867"
"KQ054180v1","1926206","1926387","GL873677","3518199","3518384","48","1591993"
"KQ054180v1","1927787","1927959","GL873576","5114288","5114457","35","3186501"
"KQ054180v1","1934418","1934706","GL873596","3024269","3024565","75","1089851"
"KQ054180v1","1935783","1936056","GL873625","5691303","5691570","61","3755520"
"KQ054180v1","1956637","1956945","GL873545","11297458","11297757","76","9340821"
"KQ054180v1","1967472","1967737","GL873525","44896656","44896919","66","42929184"
"KQ054180v1","2015606","2015877","GL873534","15807314","15807583","64","13791708"
"KQ054180v1","2019890","2020191","GL873677","3216100","3216400","71","1196210"
"KQ054180v1","2021040","2021362","GL873615","5162108","5162422","80","3141068"
"KQ054180v1","2024157","2024424","GL873536","13622290","13622562","65","11598133"
"KQ054180v1","2045662","2045946","GL873522","25185925","25186218","76","23140263"
"KQ054180v1","2050286","2050587","GL873711","252964","253259","60","1797322"
"KQ054180v1","2079768","2080070","GL873720","1268124","1268434","64","811644"
"KQ054180v1","2092520","2092713","GL873574","4057426","4057613","54","1964906"
"KQ054180v1","2138293","2138597","GL873615","5162108","5162422","61","3023815"
"KQ054180v1","2143334","2143637","GL873522","25185925","25186218","66","23042591"
"KQ054180v1","2202194","2202470","GL873634","1309573","1309845","65","892621"
"KQ054180v1","2205868","2206188","GL873530","17375868","17376165","78","15170000"
"KQ054180v1","2211906","2212206","GL873574","4280089","4280390","73","2068183"
"KQ054180v1","2216173","2216473","GL873527","37742516","37742785","83","35526343"
"KQ054180v1","2218153","2218327","GL873576","5456276","5456453","37","3238123"
"KQ054180v1","2222144","2222268","GL873596","2162768","2162890","28","59376"
"KQ054180v1","2225926","2226230","GL873540","7506744","7507043","62","5280818"
"KQ054180v1","2234049","2234327","GL873563","5079515","5079796","66","2845466"
"KQ054180v1","2238160","2238430","GL873563","5079515","5079796","66","2841355"
"KQ054180v1","2239974","2240257","GL873540","18283608","18283891","52","16043634"
"KQ054180v1","2258647","2258897","GL873544","12820517","12820779","72","10561870"
"KQ054180v1","2279429","2279698","GL873532","28578235","28578513","71","26298806"
"KQ054180v1","2279699","2279921","GL873749","1782543","1782769","55","497156"
"KQ054180v1","2284513","2284889","GL873652","885098","885457","110","1399415"
"KQ054180v1","2285710","2285863","GL873592","9528815","9528965","42","7243105"
"KQ054180v1","2285878","2286160","GL873624","2308457","2308738","66","22579"
"KQ054180v1","2297509","2297825","GL873526","9439587","9439898","72","7142078"
"KQ054180v1","2305578","2305872","GL873529","15224931","15225225","63","12919353"
"KQ054180v1","2310785","2311093","GL873577","10149931","10150226","71","7839146"
"KQ054180v1","2335836","2336146","GL873530","25617673","25617981","61","23281837"
"KQ054180v1","2346895","2347185","GL873579","11247036","11247321","72","8900141"
"KQ054180v1","2349692","2349771","GL873624","292078","292155","14","2057614"
"KQ054180v1","2350451","2350708","GL873520","24648310","24648574","60","22297859"
"KQ054180v1","2383246","2383542","GL873562","5328731","5329017","67","2945485"
"KQ054180v1","2384950","2385254","GL873596","3562116","3562414","70","1177166"
"KQ054180v1","2390473","2390786","GL873525","27816917","27817223","75","25426444"
"KQ054180v1","2400668","2400964","GL873571","7058766","7059050","63","4658098"
"KQ054180v1","2406984","2407158","GL873614","4234411","4234586","39","1827427"
"KQ054180v1","2407490","2407616","GL873606","5672183","5672315","26","3264693"
"KQ054180v1","2413935","2414118","GL873527","16600025","16600192","54","14186090"
"KQ054180v1","2425386","2425686","GL873538","10377403","10377700","65","7952017"
"KQ054180v1","2444816","2445114","GL873543","2139452","2139746","69","305364"
"KQ054180v1","2448788","2449096","GL873571","2577537","2577837","63","128749"
"KQ054180v1","2452247","2452299","GL873577","353030","353078","19","2099217"
"KQ054180v1","2452629","2452771","GL873533","27639567","27639703","31","25186938"
"KQ054180v1","2487160","2487311","GL873523","26063564","26063709","37","23576404"
"KQ054180v1","2496688","2496949","GL873543","2547251","2547508","71","50563"
"KQ054180v1","2506896","2507197","GL873547","6973243","6973534","74","4466347"
"KQ054180v1","2527982","2528264","GL873657","2935879","2936155","72","407897"
"KQ054180v1","2533956","2534249","GL873532","21611611","21611905","57","19077655"
"KQ054180v1","2540982","2541288","GL873524","42149014","42149308","59","39608032"
"KQ054180v1","2541420","2541496","GL873541","6162457","6162533","18","3621037"
"KQ054180v1","2545706","2545982","GL873592","2017960","2018232","60","527746"
"KQ054180v1","2571031","2571336","GL873577","10149931","10150226","61","7578900"
"KQ054180v1","2574863","2575173","GL873546","13542628","13542944","75","10967765"
"KQ054180v1","2580470","2580747","GL873674","1944054","1944335","54","636416"
"KQ054180v1","2603094","2603434","GL873530","10599809","10600111","106","7996715"
"KQ054180v1","2621695","2621996","GL873545","1994498","1994781","81","627197"
"KQ054180v1","2626454","2626739","GL873568","10563353","10563640","65","7936899"
"KQ054180v1","2635267","2635574","GL873596","3562116","3562414","68","926849"
"KQ054180v1","2644649","2644857","GL873659","1692343","1692545","47","952306"
"KQ054180v1","2652973","2653226","GL873559","486477","486741","66","2166496"
"KQ054180v1","2653560","2653828","GL873646","1166360","1166624","79","1487200"
"KQ054180v1","2655594","2655751","GL873533","9483294","9483455","48","6827700"
"KQ054180v1","2671601","2671881","GL873550","7644303","7644582","58","4972702"
"KQ054180v1","2680286","2680386","GL873623","7232366","7232466","19","4552080"
"KQ054180v1","2688701","2688967","GL873571","7320332","7320580","67","4631631"
"KQ054180v1","2694990","2695074","GL873520","27827252","27827335","15","25132262"
"KQ054180v1","2734334","2734611","GL873621","5241356","5241629","71","2507022"
"KQ054180v1","2773338","2773609","GL873579","823090","823369","70","1950248"
"KQ054180v1","2788985","2789318","GL873681","3483166","3483488","104","694181"
"KQ054180v1","2818847","2819145","GL873524","42149014","42149308","66","39330167"
"KQ054180v1","2819481","2819786","GL873537","21410001","21410301","69","18590520"
"KQ054180v1","2832317","2832438","GL873730","410572","410677","34","2421745"
"KQ054180v1","2836622","2836740","GL873730","410572","410677","34","2426050"
"KQ054180v1","2865895","2866102","GL873549","13391797","13392006","51","10525902"
"KQ054180v1","2881391","2881598","GL873549","13391797","13392006","51","10510406"
"KQ054180v1","3001575","3001835","GL873646","4037377","4037644","72","1035802"
"KQ054180v1","3001891","3002166","GL873571","7600442","7600726","78","4598551"
"KQ054180v1","3007847","3008127","GL873566","11130254","11130540","70","8122407"
"KQ054180v1","3038070","3038365","GL873537","20108472","20108765","50","17070402"
"KQ054180v1","3056080","3056375","GL873537","20108472","20108765","50","17052392"
"KQ054180v1","3086589","3086927","GL873716","850687","851011","82","2235902"
"KQ054180v1","3108010","3108315","GL873754","1754489","1754787","68","1353521"
"KQ054180v1","3138961","3139263","GL873545","12978830","12979129","77","9839869"
"KQ054180v1","3170008","3170304","GL873531","27860265","27860563","58","24690257"
"KQ054180v1","3202413","3202700","GL873537","20108472","20108765","65","16906059"
"KQ054180v1","3437146","3437449","GL873545","12978830","12979129","68","9541684"
"KQ054180v1","3540152","3540382","GL873542","11080032","11080267","70","7539880"
"KQ054180v1","3697522","3697808","GL873602","5386550","5386822","71","1689028"
"KQ054180v1","3742504","3742807","GL873557","13215871","13216171","68","9473367"
"KQ054180v1","3971941","3972231","GL873538","3757160","3757448","71","214781"
"KQ054180v1","4071020","4071323","GL873620","2941850","2942145","75","1129170"
"KQ054180v1","4181835","4182119","GL873639","3932137","3932423","62","249698"
"KQ054180v1","4249611","4249899","GL873738","1646790","1647070","68","2602821"
"KQ054180v1","4305121","4305306","GL873615","1631233","1631410","51","2673888"
"KQ054180v1","4362709","4362968","GL873520","42473548","42473801","59","38110839"
"KQ054180v1","4468875","4469158","GL873523","7327314","7327595","68","2858439"
"KQ054180v1","4524914","4525206","GL873542","8948989","8949273","65","4424075"
"KQ054180v1","4585238","4585477","GL873538","3945653","3945898","64","639585"
"KQ054180v1","4642582","4642868","GL873528","4452981","4453269","57","189601"
"KQ054180v1","4665481","4665630","GL873530","8526192","8526322","45","3860711"
"KQ054180v1","4669025","4669333","GL873660","705565","705863","68","3963460"
"KQ054180v1","4681866","4682172","GL873653","2463372","2463673","79","2218494"
"KQ054180v1","5037338","5037676","GL873570","4233529","4233818","108","803809"
"KQ054180v1","5086136","5086372","GL873614","7983310","7983547","54","2897174"
"KQ054180v1","5246156","5246443","GL873586","8120080","8120363","66","2873924"
"KQ054180v1","5827926","5828224","GL873531","2718933","2719227","78","3108993"
"KQ054180v1","6215280","6215599","GL873524","5479672","5479985","82","735608"
"KQ054180v1","6281186","6281443","GL873664","1209121","1209391","60","5072065"
"KQ054180v1","6283182","6283428","GL873593","7033927","7034168","70","750745"
"KQ054180v1","6294857","6295151","GL873657","3029272","3029566","70","3265585"
"KQ054180v1","6306668","6306925","GL873679","2648388","2648640","61","3658280"
"KQ054180v1","6697817","6698110","GL873528","1806250","1806544","80","4891567"
"KQ054180v1","6924152","6924481","GL873689","1297182","1297503","78","5626970"
"KQ054180v1","7105533","7105630","GL873520","24224759","24224854","22","17119226"
"KQ054191v1","57238","57539","GL873618","950010","950297","66","892772"
"KQ054191v1","116559","116847","GL873666","3106785","3107075","55","2990226"
"KQ054191v1","128460","128748","GL873666","3106785","3107075","55","2978325"
"KQ054191v1","166751","167046","GL873537","20108472","20108765","43","19941721"
"KQ054191v1","301701","302002","GL873530","25555061","25555354","54","25253360"
"KQ054191v1","321369","321660","GL873521","14599825","14600115","53","14278456"
"KQ054191v1","352642","352951","GL873530","28263781","28264089","56","27911139"
"KQ054191v1","418899","419197","GL873680","2667256","2667551","64","2248357"
"KQ054191v1","426701","426982","GL873529","25723120","25723399","65","25296419"
"KQ054191v1","477903","478037","GL873525","28446082","28446208","29","27968179"
"KQ054191v1","490727","490832","GL873528","1061241","1061344","23","570514"
"KQ054191v1","490838","491144","GL873720","1268124","1268434","81","777286"
"KQ054191v1","540134","540427","GL873530","16303356","16303636","63","15763222"
"KQ054191v1","554662","554988","GL873577","7611226","7611549","67","7056564"
"KQ054191v1","559497","559813","GL873580","178479","178779","70","381018"
"KQ054191v1","596928","597215","GL873737","1691288","1691582","60","1094360"
"KQ054191v1","604549","604837","GL873548","15540659","15540941","66","14936110"
"KQ054191v1","630115","630398","GL873586","8120080","8120363","55","7489965"
"KQ054191v1","644097","644310","GL873540","17231565","17231783","53","16587468"
"KQ054191v1","647665","647967","GL873521","6835945","6836242","65","6188280"
"KQ054191v1","650343","650643","GL873577","10149931","10150226","74","9499588"
"KQ054191v1","725718","725911","GL873628","7012543","7012724","58","6286825"
"KQ054191v1","755000","755290","GL873544","12852108","12852394","56","12097108"
"KQ054191v1","760863","761148","GL873654","440874","441161","62","319989"
"KQ054191v1","764223","764508","GL873561","13826809","13827093","45","13062586"
"KQ054191v1","782810","783119","GL873720","1268124","1268434","54","485314"
"KQ054191v1","836905","837202","GL873528","4452981","4453269","56","3616076"
"KQ054191v1","976138","976440","GL873627","4609983","4610274","61","3633845"
"KQ054191v1","1003181","1003314","GL873529","9808233","9808361","26","8805052"
"KQ054191v1","1106604","1106733","GL873526","10906259","10906385","24","9799655"
"KQ054191v1","1329546","1329816","GL873546","16284708","16284970","62","14955162"
"KQ054191v1","1333509","1333707","GL873524","19065990","19066189","48","17732481"
"KQ054191v1","1463914","1464210","GL873575","2687372","2687665","64","1223458"
"KQ054191v1","1486381","1486664","GL873582","741991","742297","75","744390"
"KQ054191v1","1513169","1513477","GL873531","27860265","27860563","58","26347096"
"KQ054191v1","1535440","1535598","GL873577","4898264","4898426","36","3362824"
"KQ054191v1","1536578","1536869","GL873570","4448444","4448732","62","2911866"
"KQ054191v1","1539110","1539433","GL873663","3743946","3744258","74","2204836"
"KQ054191v1","1540644","1540915","GL873546","13143077","13143343","60","11602433"
"KQ054191v1","1554091","1554397","GL873720","1268124","1268434","65","285967"
"KQ054191v1","1602436","1602561","GL873639","971254","971370","36","631182"
"KQ054191v1","1615560","1615848","GL873537","5716740","5717017","73","4101180"
"KQ054191v1","1642477","1642788","GL873720","1268124","1268434","63","374353"
"KQ054191v1","1664197","1664484","GL873611","6802065","6802336","68","5137868"
"KQ054191v1","1679332","1679668","GL873534","1764223","1764526","90","84891"
"KQ054191v1","1721184","1721445","GL873627","5325311","5325573","55","3604127"
"KQ054191v1","1740960","1741214","GL873558","5329000","5329249","50","3588040"
"KQ054191v1","1765609","1765759","GL873742","920550","920698","37","845059"
"KQ054191v1","1767053","1767218","GL873531","2636452","2636619","44","869399"
"KQ054191v1","1800789","1801088","GL873523","19510342","19510626","66","17709553"
"KQ054191v1","1846837","1847155","GL873548","833037","833338","79","1013800"
"KQ054191v1","1856725","1857012","GL873542","4494419","4494721","69","2637694"
"KQ054191v1","1862839","1863042","GL873655","3094177","3094383","54","1231338"
"KQ054191v1","1863288","1863536","GL873530","19357977","19358234","60","17494689"
"KQ054191v1","1864727","1865020","GL873520","26476309","26476612","67","24611582"
"KQ054191v1","1874734","1875043","GL873643","1073552","1073855","80","801182"
"KQ054191v1","1884743","1885037","GL873537","26687384","26687673","67","24802641"
"KQ054191v1","1903607","1903896","GL873627","5468514","5468797","61","3564907"
"KQ054191v1","1939408","1939707","GL873643","4292639","4292935","66","2353231"
"KQ054191v1","1954610","1954725","GL873719","1638182","1638304","27","316428"
"KQ054191v1","1964250","1964384","GL873529","38333013","38333145","28","36368763"
"KQ054191v1","1964422","1964569","GL873646","5147245","5147386","40","3182823"
"KQ054191v1","2021091","2021223","GL873544","11860634","11860766","27","9839543"
"KQ054191v1","2039740","2039829","GL873558","2480846","2480934","14","441106"
"KQ054191v1","2050347","2050626","GL873627","7189498","7189791","64","5139151"
"KQ054191v1","2077498","2077739","GL873544","5963513","5963744","53","3886015"
"KQ054191v1","2086988","2087247","GL873570","5172076","5172338","63","3085088"
"KQ054191v1","2087799","2088084","GL873526","4353131","4353412","67","2265332"
"KQ054191v1","2099543","2099821","GL873536","15258518","15258796","62","13158975"
"KQ054191v1","2100343","2100452","GL873548","17118942","17119054","29","15018599"
"KQ054191v1","2115524","2115817","GL873671","1289718","1290012","53","825806"
"KQ054191v1","2169615","2169903","GL873538","11361515","11361800","62","9191900"
"KQ054191v1","2186296","2186577","GL873646","1073675","1073956","49","1112621"
"KQ054191v1","2189630","2189927","GL873522","33506808","33507102","60","31317178"
"KQ054191v1","2218192","2218458","GL873596","1691698","1691967","58","526494"
"KQ054191v1","2224344","2224481","GL873527","36922718","36922841","33","34698374"
"KQ054191v1","2224488","2224609","GL873550","15022505","15022626","26","12798017"
"KQ054191v1","2238964","2239287","GL873615","6674985","6675280","89","4436021"
"KQ054191v1","2241293","2241571","GL873565","12300518","12300811","63","10059225"
"KQ054191v1","2244820","2244939","GL873573","4697588","4697713","25","2452768"
"KQ054191v1","2251125","2251436","GL873575","8875744","8876043","69","6624619"
"KQ054191v1","2255260","2255554","GL873572","9034316","9034616","65","6779056"
"KQ054191v1","2265842","2266104","GL873653","2712699","2712966","69","446857"
"KQ054191v1","2278169","2278462","GL873646","984435","984734","71","1293734"
"KQ054191v1","2324321","2324599","GL873548","15540659","15540941","58","13216338"
"KQ054191v1","2340506","2340804","GL873567","10304739","10305017","72","7964233"
"KQ054191v1","2342772","2343058","GL873567","10304739","10305017","75","7961967"
"KQ054191v1","2354131","2354199","GL873543","986166","986235","18","1367965"
"KQ054191v1","2376073","2376259","GL873549","1885566","1885759","46","490507"
"KQ054191v1","2411504","2411783","GL873526","25295506","25295789","63","22884002"
"KQ054191v1","2419621","2419817","GL873529","19036716","19036898","52","16617095"
"KQ054191v1","2421252","2421553","GL873648","2730483","2730769","78","309231"
"KQ054191v1","2422609","2422833","GL873624","3432800","3433013","50","1010191"
"KQ054191v1","2433576","2433749","GL873539","18965545","18965701","55","16531969"
"KQ054191v1","2436689","2436973","GL873535","21538311","21538586","62","19101622"
"KQ054191v1","2445728","2445985","GL873550","13124551","13124811","51","10678823"
"KQ054191v1","2458332","2458628","GL873527","11533238","11533536","67","9074906"
"KQ054191v1","2459095","2459252","GL873540","24010390","24010544","34","21551295"
"KQ054191v1","2469120","2469396","GL873599","3843599","3843887","64","1374479"
"KQ054191v1","2471999","2472221","GL873533","29114064","29114296","57","26642065"
"KQ054191v1","2481982","2482176","GL873586","8236164","8236367","61","5754182"
"KQ054191v1","2487699","2488014","GL873529","15762631","15762936","70","13274932"
"KQ054191v1","2496837","2497036","GL873557","11821276","11821471","57","9324439"
"KQ054191v1","2499592","2499882","GL873667","3712894","3713183","68","1213302"
"KQ054191v1","2534253","2534570","GL873521","35569062","35569354","81","33034809"
"KQ054191v1","2558488","2558782","GL873677","4203427","4203715","56","1644939"
"KQ054191v1","2568386","2568655","GL873738","1635488","1635766","65","932898"
"KQ054191v1","2581514","2581658","GL873698","169385","169520","33","2412129"
"KQ054191v1","2581946","2582064","GL873533","30313670","30313790","26","27731724"
"KQ054191v1","2593898","2594170","GL873621","6352530","6352801","60","3758632"
"KQ054191v1","2605736","2606036","GL873537","22007087","22007389","65","19401351"
"KQ054191v1","2612845","2613130","GL873628","1536931","1537223","83","1075914"
"KQ054191v1","2662145","2662457","GL873561","9330005","9330309","87","6667860"
"KQ054191v1","2707761","2708044","GL873579","984876","985165","60","1722885"
"KQ054191v1","2729294","2729423","GL873729","359636","359766","27","2369658"
"KQ054191v1","2729734","2729847","GL873593","493943","494061","32","2235791"
"KQ054191v1","2738180","2738461","GL873521","53893978","53894270","58","51155798"
"KQ054191v1","2742266","2742556","GL873585","1585663","1585945","70","1156603"
"KQ054191v1","2793122","2793378","GL873575","9277978","9278232","47","6484856"
"KQ054191v1","2801973","2802264","GL873667","538898","539194","59","2263075"
"KQ054191v1","2860850","2861128","GL873527","16284173","16284441","65","13423323"
"KQ054191v1","2898611","2898896","GL873565","13021413","13021691","75","10122802"
"KQ054191v1","2902190","2902479","GL873565","13021413","13021691","71","10119223"
"KQ054191v1","2947606","2947721","GL873715","2526191","2526308","23","421415"
"KQ054191v1","3084329","3084621","GL873532","21611611","21611905","52","18527282"
"KQ054191v1","3131839","3132146","GL873720","1268124","1268434","59","1863715"
"KQ054191v1","3200153","3200417","GL873723","268428","268703","63","2931725"
"KQ054191v1","3221120","3221382","GL873534","24162892","24163143","63","20941772"
"KQ054191v1","3321933","3322050","GL873542","1259218","1259335","18","2062715"
"KQ054191v1","3358249","3358507","GL873526","17110885","17111154","60","13752636"
"KQ054191v1","3368084","3368396","GL873542","8032564","8032870","69","4664480"
"KQ054191v1","3414565","3414846","GL873752","219309","219580","64","3195256"
"KQ054191v1","3496444","3496719","GL873546","18307234","18307526","64","14810790"
"KQ054191v1","3589320","3589568","GL873537","26487386","26487632","66","22898066"
"KQ054191v1","3594330","3594649","GL873544","21039211","21039519","73","17444881"
"KQ054191v1","3605037","3605319","GL873536","11039988","11040262","78","7434951"
"KQ054191v1","3608267","3608563","GL873565","12300518","12300811","63","8692251"
"KQ054191v1","3659626","3659889","GL873595","3672621","3672875","59","12995"
"KQ054191v1","3664222","3664581","GL873602","3902690","3903009","104","238468"
"KQ054191v1","3664587","3664888","GL873577","10149931","10150226","66","6485344"
"KQ054191v1","3674507","3674761","GL873523","18608733","18608990","82","14934226"
"KQ054191v1","3684998","3685189","GL873635","5147070","5147250","53","1462072"
"KQ054191v1","3685519","3685626","GL873780","923171","923278","21","2762348"
"KQ054191v1","3687537","3687814","GL873539","7817206","7817493","60","4129669"
"KQ054191v1","3688987","3689265","GL873547","14329017","14329292","57","10640030"
"KQ054191v1","3703557","3703849","GL873590","643532","643818","58","3060025"
"KQ054191v1","3752517","3752800","GL873566","11130254","11130540","72","7377737"
"KQ054191v1","3767240","3767484","GL873619","4332045","4332277","58","564805"
"KQ054191v1","3770120","3770308","GL873537","5923378","5923565","50","2153258"
"KQ054191v1","3770641","3770754","GL873568","6144400","6144507","29","2373759"
"KQ054191v1","3775368","3775663","GL873520","38124828","38125119","65","34349460"
"KQ054191v1","3779841","3780127","GL873521","5762366","5762633","84","1982525"
"KQ054191v1","3783889","3784019","GL873544","11860634","11860766","24","8076745"
"KQ054191v1","3784166","3784367","GL873536","5371681","5371873","66","1587515"
"KQ054191v1","3825114","3825422","GL873621","545875","546169","85","3279239"
"KQ054191v1","3858528","3858814","GL873540","11122200","11122500","64","7263672"
"KQ054191v1","3865888","3866177","GL873646","999713","1000000","57","2866175"
"KQ054191v1","3867585","3867886","GL873522","25185925","25186218","73","21318340"
"KQ054191v1","3868711","3869030","GL873720","1268124","1268434","74","2600587"
"KQ054191v1","3889269","3889571","GL873607","4584668","4584965","72","695399"
"KQ054191v1","3894507","3894670","GL873528","1120859","1121019","39","2773648"
"KQ054191v1","3898357","3898654","GL873530","23555027","23555331","75","19656670"
"KQ054191v1","3900355","3900646","GL873624","3811009","3811297","60","89346"
"KQ054191v1","3900746","3900837","GL873605","6132532","6132618","17","2231786"
"KQ054191v1","3901955","3902151","GL873572","6196992","6197190","52","2295037"
"KQ054191v1","3902432","3902677","GL873545","3933988","3934236","47","31556"
"KQ054191v1","3911473","3911679","GL873533","27455737","27455939","60","23544264"
"KQ054191v1","3913031","3913300","GL873543","13000816","13001093","71","9087785"
"KQ054191v1","3924093","3924368","GL873568","6346909","6347180","75","2422816"
"KQ054191v1","3930715","3931001","GL873537","20108472","20108765","54","16177757"
"KQ054191v1","3937618","3937919","GL873528","11285622","11285914","76","7348004"
"KQ054191v1","3958679","3958958","GL873573","8282675","8282954","61","4323996"
"KQ054191v1","3982479","3982699","GL873526","40957560","40957777","55","36975081"
"KQ054191v1","3989372","3989494","GL873597","8518683","8518814","30","4529311"
"KQ054191v1","4013177","4013469","GL873546","859614","859905","61","3153563"
"KQ054191v1","4016609","4016893","GL873522","16444756","16445043","57","12428147"
"KQ054191v1","4039314","4039548","GL873540","23535978","23536222","60","19496664"
"KQ054191v1","4049027","4049304","GL873526","19273970","19274241","60","15224943"
"KQ054191v1","4066394","4066683","GL873545","17052684","17052979","60","12986290"
"KQ054191v1","4119179","4119471","GL873535","20942348","20942633","61","16823169"
"KQ054191v1","4181387","4181689","GL873521","53893978","53894270","64","49712591"
"KQ054191v1","4185188","4185463","GL873579","823090","823369","75","3362098"
"KQ054191v1","4229177","4229291","GL873697","3316684","3316801","20","912493"
"KQ054191v1","4397073","4397354","GL873535","12038298","12038580","51","7641225"
"KQ054193v1","5179","5489","GL873720","1268124","1268434","68","1262945"
"KQ054196v1","2","161","GL873678","1555223","1555380","37","1555221"
"KQ054196v1","5544","5688","GL873528","38418942","38419087","30","38413398"
"KQ054200v1","8269","8331","GL873716","2132096","2132161","21","2123827"
"KQ054202v1","67596","67863","GL873534","17619143","17619408","66","17551547"
"KQ054202v1","79823","80133","GL873785","469496","469790","64","389673"
"KQ054202v1","117399","117521","GL873591","6526063","6526185","27","6408664"
"KQ054202v1","167154","167452","GL873527","25101599","25101892","51","24934445"
"KQ054202v1","174574","174858","GL873704","1496866","1497150","76","1322292"
"KQ054202v1","191037","191316","GL873618","1644125","1644404","61","1453088"
"KQ054202v1","271627","271940","GL873720","1268124","1268434","70","996497"
"KQ054202v1","279124","279407","GL873531","19349136","19349405","72","19070012"
"KQ054202v1","280045","280318","GL873529","35963369","35963647","63","35683324"
"KQ054202v1","315409","315536","GL873610","2493562","2493690","29","2178153"
"KQ054202v1","363889","364021","GL873529","641282","641413","26","277393"
"KQ054202v1","364350","364517","GL873545","19609367","19609526","43","19245017"
"KQ054202v1","400862","401079","GL873531","27399124","27399344","44","26998262"
"KQ054202v1","407269","407535","GL873545","1994498","1994781","62","1587229"
"KQ054202v1","422061","422334","GL873545","1994498","1994781","60","1572437"
"KQ054202v1","457747","457771","GL873532","24821929","24821956","6","24364182"
"KQ054202v1","457819","458087","GL873621","6352530","6352801","63","5894711"
"KQ054202v1","459271","459556","GL873545","17052684","17052979","65","16593413"
"KQ054202v1","473106","473406","GL873580","3392340","3392643","75","2919234"
"KQ054202v1","497565","497876","GL873540","22714851","22715162","73","22217286"
"KQ054202v1","502248","502533","GL873569","2257365","2257661","51","1755117"
"KQ054202v1","505129","505519","GL873530","16639029","16639387","136","16133900"
"KQ054202v1","505520","505651","GL873539","2890791","2890917","24","2385271"
"KQ054202v1","506200","506489","GL873522","4222168","4222461","61","3715968"
"KQ054202v1","507877","508159","GL873520","38124828","38125119","64","37616951"
"KQ054202v1","508734","508838","GL873645","3281031","3281134","16","2772297"
"KQ054202v1","522208","522309","GL873540","2807754","2807855","30","2285546"
"KQ054202v1","525578","525747","GL873571","4293538","4293698","43","3767960"
"KQ054202v1","525788","525906","GL873621","4654945","4655068","25","4129157"
"KQ054202v1","526617","526910","GL873520","39908180","39908461","67","39381563"
"KQ054202v1","534014","534294","GL873562","5946822","5947083","64","5412808"
"KQ054202v1","541552","541843","GL873579","3021095","3021392","59","2479543"
"KQ054202v1","547275","547562","GL873660","743632","743918","79","196357"
"KQ054202v1","550291","550559","GL873631","3449698","3449977","83","2899407"
"KQ054202v1","565816","565953","GL873660","5212859","5212990","29","4647043"
"KQ054202v1","567211","567484","GL873569","9377108","9377386","66","8809897"
"KQ054202v1","576323","576656","GL873575","122012","122312","93","454311"
"KQ054202v1","579545","579668","GL873526","19257262","19257383","25","18677717"
"KQ054202v1","585425","585624","GL873557","4514240","4514428","48","3928815"
"KQ054202v1","585877","586010","GL873629","4037208","4037331","30","3451331"
"KQ054202v1","594625","594907","GL873522","26431469","26431747","56","25836844"
"KQ054202v1","624775","625071","GL873729","432103","432405","52","192672"
"KQ054202v1","628447","628584","GL873548","15770248","15770371","42","15141801"
"KQ054202v1","653268","653529","GL873535","14793162","14793422","75","14139894"
"KQ054202v1","653836","654007","GL873577","4898264","4898426","45","4244428"
"KQ054202v1","665112","665342","GL873532","4184844","4185061","56","3519732"
"KQ054202v1","680854","680962","AAQR03194216","2055","2159","25","678799"
"KQ054202v1","681220","681498","GL873600","8631840","8632117","62","7950620"
"KQ054202v1","692911","693019","AAQR03194216","2055","2159","22","690856"
"KQ054202v1","693265","693554","GL873677","4203427","4203715","67","3510162"
"KQ054202v1","705257","705559","GL873538","25891631","25891921","66","25186374"
"KQ054202v1","714204","714429","GL873552","15283878","15284099","53","14569674"
"KQ054202v1","720289","720524","GL873703","3121444","3121682","66","2401155"
"KQ054202v1","746081","746335","GL873752","1766619","1766881","60","1020538"
"KQ054202v1","760455","760709","GL873610","106160","106408","62","654295"
"KQ054202v1","771642","771921","GL873544","12852108","12852394","61","12080466"
"KQ054202v1","773226","773514","GL873596","3562116","3562414","72","2788890"
"KQ054202v1","773691","773995","GL873625","3330882","3331184","58","2557191"
"KQ054202v1","779015","779289","GL873521","18779455","18779729","69","18000440"
"KQ054202v1","782442","782724","GL873538","3757160","3757448","63","2974718"
"KQ054202v1","783410","783726","GL873540","9410260","9410586","71","8626850"
"KQ054202v1","820411","820538","GL873528","8778344","8778466","27","7957933"
"KQ054202v1","821873","822157","GL873752","219309","219580","54","602564"
"KQ054202v1","834400","834679","GL873627","5254766","5255045","69","4420366"
"KQ054202v1","838368","838675","GL873664","3671793","3672075","86","2833425"
"KQ054202v1","842692","842979","GL873605","301611","301902","51","541081"
"KQ054202v1","855169","855265","GL873530","32722788","32722884","24","31867619"
"KQ054202v1","856475","856745","GL873543","21980484","21980752","71","21124009"
"KQ054202v1","883879","884186","GL873537","20108472","20108765","58","19224593"
"KQ054202v1","907100","907299","GL873526","8303932","8304134","59","7396832"
"KQ054202v1","936163","936463","GL873529","15853658","15853945","61","14917495"
"KQ054202v1","1008711","1008974","GL873618","3140219","3140472","71","2131508"
"KQ054202v1","1016462","1016735","GL873639","1696483","1696764","74","680021"
"KQ054202v1","1021954","1022231","GL873545","10480102","10480384","63","9458148"
"KQ054202v1","1027834","1028015","GL873626","1841780","1841963","48","813946"
"KQ054202v1","1032255","1032475","GL873537","25121528","25121745","57","24089273"
"KQ054202v1","1042546","1042773","GL873796","356691","356905","61","685855"
"KQ054202v1","1058557","1058826","GL873520","29416679","29416950","76","28358122"
"KQ054202v1","1091259","1091555","GL873610","5611406","5611710","69","4520147"
"KQ054202v1","1164954","1165224","GL873526","12865197","12865466","61","11700243"
"KQ054202v1","1208824","1208933","GL873545","1717096","1717203","21","508272"
"KQ054202v1","1260729","1261009","GL873564","2852713","2852980","69","1591984"
"KQ054202v1","1302009","1302313","GL873526","12865197","12865466","102","11563188"
"KQ054202v1","1306727","1307055","GL873672","3031881","3032180","82","1725154"
"KQ054202v1","1317688","1317983","GL873654","3643580","3643869","64","2325892"
"KQ054202v1","1356646","1356917","GL873549","7423907","7424189","56","6067261"
"KQ054202v1","1481136","1481424","GL873545","12978830","12979129","75","11497694"
"KQ054202v1","1525705","1525985","GL873618","950010","950297","68","575695"
"KQ054202v1","1537059","1537351","GL873526","24340103","24340385","74","22803044"
"KQ054202v1","1670730","1670993","GL873539","18088087","18088358","70","16417357"
"KQ054202v1","1674183","1674460","GL873593","2611937","2612200","70","937754"
"KQ054202v1","1690666","1690960","GL873527","26453553","26453839","66","24762887"
"KQ054202v1","1780588","1780877","GL873537","23325667","23325965","69","21545079"
"KQ054202v1","1882747","1883039","GL873520","38236690","38236980","72","36353943"
"KQ054202v1","1937969","1938280","GL873664","4810616","4810919","57","2872647"
"KQ054202v1","2253365","2253648","GL873660","743632","743918","62","1509733"
"KQ054202v1","2417696","2418004","GL873661","1884549","1884860","64","533147"
"KQ054202v1","2460612","2460896","GL873538","5676997","5677272","69","3216385"
"KQ054202v1","2507633","2507942","GL873530","28263781","28264089","61","25756148"
"KQ054202v1","2533392","2533688","GL873546","859614","859905","68","1673778"
"KQ054202v1","2538319","2538626","GL873538","1998739","1999037","57","539580"
"KQ054202v1","2547558","2547832","GL873537","24187385","24187658","71","21639827"
"KQ054202v1","2606561","2606848","GL873540","7506744","7507043","66","4900183"
"KQ054202v1","2620366","2620649","GL873523","7327314","7327595","54","4706948"
"KQ054202v1","2653484","2653776","GL873584","10964552","10964836","72","8311068"
"KQ054202v1","2654671","2654843","GL873521","29859775","29859939","39","27205104"
"KQ054202v1","2662757","2662964","GL873625","5640863","5641072","46","2978106"
"KQ054202v1","2663425","2663747","GL873523","8076383","8076689","70","5412958"
"KQ054202v1","2663782","2663922","GL873623","1946112","1946258","34","717670"
"KQ054202v1","2667436","2667728","GL873557","7267236","7267535","69","4599800"
"KQ054202v1","2733465","2733764","GL873521","49874189","49874492","70","47140724"
"KQ054202v1","2736232","2736513","GL873561","13826809","13827093","58","11090577"
"KQ054202v1","2737720","2738028","GL873565","6321679","6321988","60","3583959"
"KQ054202v1","2739460","2739749","GL873522","25185925","25186218","52","22446465"
"KQ054202v1","2798824","2799115","GL873525","40849347","40849643","64","38050523"
"KQ054202v1","2812388","2812690","GL873531","29056008","29056304","79","26243620"
"KQ054202v1","2867438","2867732","GL873546","859614","859905","63","2007824"
"KQ054202v1","2946477","2946632","GL873539","25597993","25598144","42","22651516"
"KQ054202v1","2953450","2953573","GL873560","13049237","13049359","24","10095787"
"KQ054202v1","2983929","2984214","GL873697","361362","361643","57","2622567"
"KQ054202v1","3175415","3175718","GL873605","2711409","2711714","61","464006"
"KQ054202v1","3294442","3294499","GL873693","3295848","3295906","15","1406"
"KQ054202v1","3294534","3294649","GL873530","5565483","5565594","23","2270949"
"KQ054202v1","3444666","3444935","GL873547","17720932","17721199","68","14276266"
"KQ054202v1","3480522","3480836","GL873520","41711261","41711573","72","38230739"
"KQ054202v1","3484496","3484800","GL873534","1397829","1398128","60","2086667"
"KQ054203v1","7271","7568","GL873520","38124828","38125119","63","38117557"
"KQ054203v1","7652","7906","GL873557","6395178","6395429","47","6387526"
"KQ054205v1","16433","16704","GL873534","15140925","15141195","61","15124492"
"KQ054205v1","20843","21149","GL873586","3828887","3829179","72","3808044"
"KQ054213v1","13937","14191","GL873618","1844382","1844628","68","1830445"
"KQ054213v1","18263","18577","GL873521","5198887","5199193","66","5180624"
"KQ054213v1","37938","37961","GL873558","9911706","9911723","9","9873768"
"KQ054213v1","37997","38276","GL873527","10856961","10857228","59","10818964"
"KQ054213v1","61071","61375","GL873607","3547105","3547406","64","3486034"
"KQ054213v1","249142","249425","GL873536","27065766","27066064","73","26816624"
"KQ054213v1","411496","411774","GL873563","1340706","1340977","68","929210"
"KQ054213v1","417723","417996","GL873674","3713686","3713961","66","3295963"
"KQ054213v1","489637","489825","GL873607","3056778","3056972","53","2567141"
"KQ054213v1","619634","619933","GL873531","27860265","27860563","58","27240631"
"KQ054213v1","633824","634090","GL873648","355307","355573","81","278517"
"KQ054213v1","672434","672711","GL873546","13143077","13143343","72","12470643"
"KQ054213v1","696265","696590","GL873557","10964192","10964504","81","10267927"
"KQ054213v1","789952","790223","GL873576","11086273","11086536","75","10296321"
"KQ054213v1","976805","977092","GL873538","26301186","26301477","58","25324381"
"KQ054213v1","1029911","1030193","GL873528","821278","821558","67","208633"
"KQ054213v1","1042581","1042883","GL873537","20108472","20108765","65","19065891"
"KQ054213v1","1105371","1105680","GL873540","22714851","22715162","64","21609480"
"KQ054213v1","1255988","1256126","GL873548","15426227","15426376","36","14170239"
"KQ054213v1","1345347","1345645","GL873556","996424","996728","71","348923"
"KQ054213v1","1365822","1366086","GL873553","9763349","9763616","71","8397527"
"KQ054213v1","1369094","1369391","GL873527","10547058","10547335","84","9177964"
"KQ054213v1","1369511","1369775","GL873526","12865197","12865466","67","11495686"
"KQ054213v1","1372876","1373049","GL873522","3856634","3856803","41","2483758"
"KQ054213v1","1373374","1373445","GL873548","17982635","17982706","17","16609261"
"KQ054213v1","1382448","1382716","GL873538","25583957","25584224","85","24201509"
"KQ054213v1","1385718","1386005","GL873527","10547058","10547335","89","9161340"
"KQ054213v1","1386126","1386381","GL873624","1645809","1646068","86","259683"
"KQ054213v1","1389432","1389594","GL873522","3856634","3856803","40","2467202"
"KQ054213v1","1389913","1389986","GL873548","17982635","17982706","16","16592722"
"KQ054213v1","1416383","1416685","GL873563","12809879","12810178","70","11393496"
"KQ054213v1","1424614","1424932","GL873537","2276824","2277122","72","852210"
"KQ054213v1","1424944","1425111","GL873681","3131614","3131780","45","1706670"
"KQ054213v1","1739612","1739879","GL873610","5075504","5075777","60","3335892"
"KQ054213v1","1774331","1774635","GL873613","7207667","7207953","76","5433336"
"KQ054213v1","1792763","1792821","GL873521","44908288","44908341","17","43115525"
"KQ054213v1","1795125","1795193","GL873521","44908288","44908341","22","43113163"
"KQ054213v1","1882717","1883020","GL873599","3276892","3277190","71","1394175"
"KQ054213v1","1959244","1959500","GL873536","5506229","5506488","78","3546985"
"KQ054213v1","1997547","1997855","GL873537","20108472","20108765","62","18110925"
"KQ054213v1","2148537","2148854","GL873647","2979255","2979566","85","830718"
"KQ054213v1","2270988","2271275","GL873544","12852108","12852394","56","10581120"
"KQ054213v1","2297118","2297401","GL873544","12852108","12852394","53","10554990"
"KQ054213v1","2391210","2391474","GL873706","1991439","1991702","68","399771"
"KQ054213v1","2409006","2409186","GL873537","17897136","17897316","46","15488130"
"KQ054213v1","2451274","2451478","GL873575","7419637","7419836","47","4968363"
"KQ054213v1","2490547","2490834","GL873618","950010","950297","67","1540537"
"KQ054213v1","2511305","2511565","GL873525","35143537","35143806","61","32632232"
"KQ054213v1","2512420","2512715","GL873569","10832503","10832794","72","8320083"
"KQ054213v1","2564645","2564893","GL873530","19357977","19358234","61","16793332"
"KQ054213v1","2564905","2565141","GL873607","1134137","1134362","46","1430768"
"KQ054213v1","2573401","2573680","GL873821","344798","345085","68","2228603"
"KQ054213v1","2574831","2575123","GL873596","8979189","8979479","60","6404358"
"KQ054213v1","2630401","2630685","GL873656","4075992","4076280","64","1445591"
"KQ054213v1","2634468","2634757","GL873577","5810565","5810848","62","3176097"
"KQ054213v1","2636524","2636823","GL873537","14097659","14097958","69","11461135"
"KQ054213v1","2687464","2687749","GL873631","1772","2067","61","2685692"
"KQ054213v1","2704125","2704248","GL873525","28446082","28446208","23","25741957"
"KQ054213v1","2727007","2727278","GL873526","8965429","8965699","61","6238422"
"KQ054213v1","2793623","2793892","GL873601","4395673","4395957","68","1602050"
"KQ054213v1","2822108","2822400","GL873533","12481840","12482126","61","9659732"
"KQ054213v1","2909589","2909872","GL873573","3786511","3786793","59","876922"
"KQ054213v1","2921721","2922016","GL873543","2904962","2905248","55","16759"
"KQ054213v1","3023183","3023484","GL873730","1783861","1784158","62","1239322"
"KQ054213v1","3040449","3040704","GL873712","846528","846785","76","2193921"
"KQ054213v1","3198741","3199031","GL873607","542108","542389","67","2656633"
"KQ054213v1","3297488","3297602","GL873624","2483426","2483542","22","814062"
"KQ054213v1","3317464","3317739","GL873538","21253639","21253917","77","17936175"
"KQ054218v1","32557","32845","GL873554","1015190","1015489","65","982633"
"KQ054218v1","33853","34137","GL873538","18752615","18752891","76","18718762"
"KQ054219v1","727","1029","GL873525","8368691","8368984","61","8367964"
"KQ054219v1","3483","3750","GL873536","13622290","13622562","57","13618807"
"KQ054224v1","45468","45753","GL873547","4648799","4649086","77","4603331"
"KQ054224v1","67876","68161","GL873526","25295506","25295789","59","25227630"
"KQ054224v1","219685","219966","GL873629","7187807","7188085","57","6968122"
"KQ054224v1","258294","258393","GL873528","7877682","7877785","24","7619388"
"KQ054224v1","258437","258593","GL873739","1869627","1869781","39","1611190"
"KQ054224v1","259768","260003","GL873547","452005","452228","70","192237"
"KQ054224v1","267462","267566","GL873539","26074016","26074123","24","25806554"
"KQ054224v1","267614","267772","GL873540","24010390","24010544","38","23742776"
"KQ054224v1","268988","269228","GL873547","452005","452228","68","183017"
"KQ054224v1","298060","298257","GL873577","5797533","5797747","61","5499473"
"KQ054224v1","331104","331426","GL873523","28431022","28431322","82","28099918"
"KQ054224v1","338164","338467","GL873543","2476724","2477022","77","2138560"
"KQ054224v1","390339","390510","GL873590","779606","779778","41","389267"
"KQ054224v1","426390","426698","GL873538","1998739","1999037","66","1572349"
"KQ054224v1","445098","445388","GL873524","42149014","42149308","59","41703916"
"KQ054224v1","466060","466350","GL873544","12852108","12852394","64","12386048"
"KQ054224v1","469362","469653","GL873526","25295506","25295789","57","24826144"
"KQ054224v1","503983","504300","GL873724","2082729","2083029","81","1578746"
"KQ054224v1","523484","523762","GL873584","9974747","9975033","69","9451263"
"KQ054224v1","527884","528190","GL873525","27816917","27817223","73","27289033"
"KQ054224v1","529359","529519","GL873587","2716822","2716979","49","2187463"
"KQ054224v1","588266","588576","GL873720","1268124","1268434","72","679858"
"KQ054224v1","589250","589528","GL873524","6405964","6406245","61","5816714"
"KQ054224v1","607068","607215","GL873553","8434905","8435034","38","7827837"
"KQ054224v1","617556","617870","GL873525","8432499","8432801","77","7814943"
"KQ054224v1","650305","650599","GL873596","3562116","3562414","60","2911811"
"KQ054224v1","661486","661775","GL873579","984876","985165","60","323390"
"KQ054224v1","669961","670247","GL873575","2687372","2687665","61","2017411"
"KQ054224v1","676944","677237","GL873769","373190","373482","65","303754"
"KQ054224v1","695256","695542","GL873646","5530496","5530792","71","4835240"
"KQ054224v1","700746","701028","GL873556","10525503","10525777","68","9824757"
"KQ054224v1","713078","713244","GL873547","11297925","11298087","33","10584847"
"KQ054224v1","742109","742407","GL873530","17375868","17376165","60","16633759"
"KQ054224v1","747227","747514","GL873821","136463","136745","71","610764"
"KQ054224v1","754213","754508","GL873599","3843599","3843887","55","3089386"
"KQ054224v1","797261","797372","GL873671","3531980","3532089","21","2734719"
"KQ054224v1","822658","822820","GL873557","6581343","6581500","45","5758685"
"KQ054224v1","843866","844160","GL873520","38124828","38125119","60","37280962"
"KQ054224v1","844444","844709","GL873520","16709587","16709864","70","15865143"
"KQ054224v1","847821","847907","GL873557","14457852","14457940","24","13610031"
"KQ054224v1","848961","849219","GL873660","1384330","1384596","67","535369"
"KQ054224v1","853851","854004","GL873586","7149771","7149917","42","6295920"
"KQ054224v1","881251","881350","GL873521","33619323","33619424","24","32738072"
"KQ054224v1","881694","881891","GL873525","25933203","25933400","51","25051509"
"KQ054224v1","884097","884374","GL873677","4238707","4238975","73","3354610"
"KQ054224v1","889415","889667","GL873571","6475063","6475319","62","5585648"
"KQ054224v1","897317","897604","GL873538","3757160","3757448","61","2859843"
"KQ054224v1","913165","913453","GL873577","10065812","10066095","92","9152647"
"KQ054224v1","947924","948233","GL873561","11527410","11527710","72","10579486"
"KQ054224v1","1002233","1002390","GL873530","34598542","34598698","43","33596309"
"KQ054224v1","1002408","1002711","GL873654","609006","609313","79","393402"
"KQ054224v1","1008911","1009087","GL873645","5713842","5714005","44","4704931"
"KQ054224v1","1026018","1026305","GL873567","11975579","11975880","63","10949561"
"KQ054224v1","1026880","1027184","GL873579","9758474","9758769","67","8731594"
"KQ054224v1","1028812","1029105","GL873580","1181714","1181996","67","152902"
"KQ054224v1","1031875","1032011","GL873545","16351156","16351281","40","15319281"
"KQ054224v1","1034529","1034652","GL873528","8778344","8778466","18","7743815"
"KQ054224v1","1051021","1051310","GL873520","48675796","48676094","63","47624775"
"KQ054224v1","1074826","1075110","GL873529","35963369","35963647","63","34888543"
"KQ054224v1","1132998","1133298","GL873542","1286122","1286423","67","153124"
"KQ054224v1","1137549","1137859","GL873720","1268124","1268434","56","130575"
"KQ054224v1","1143448","1143717","GL873530","9360390","9360665","69","8216942"
"KQ054224v1","1146653","1146966","GL873671","1289718","1290012","78","143065"
"KQ054224v1","1149922","1150212","GL873691","1964797","1965080","69","814875"
"KQ054224v1","1155657","1155989","GL873615","5162108","5162422","89","4006451"
"KQ054224v1","1170963","1171135","GL873545","19609367","19609526","52","18438404"
"KQ054224v1","1200538","1200856","GL873661","1884549","1884860","66","684011"
"KQ054224v1","1204022","1204222","GL873551","6554623","6554835","62","5350601"
"KQ054224v1","1254608","1254888","GL873613","6387091","6387369","65","5132483"
"KQ054224v1","1278449","1278743","GL873544","12852108","12852394","52","11573659"
"KQ054224v1","1335580","1335755","GL873529","21723042","21723220","42","20387462"
"KQ054224v1","1345456","1345676","GL873704","2642122","2642339","55","1296666"
"KQ054224v1","1346022","1346115","GL873596","9425241","9425342","21","8079219"
"KQ054224v1","1354639","1354758","GL873619","4442006","4442123","24","3087367"
"KQ054235v1","74450","74682","GL873537","167286","167515","81","92836"
"KQ054235v1","82016","82229","GL873547","11956391","11956597","80","11874375"
"KQ054235v1","145086","145382","GL873542","1286122","1286423","59","1141036"
"KQ054235v1","168697","168817","GL873637","3392350","3392471","22","3223653"
"KQ054235v1","279019","279299","GL873545","1994498","1994781","63","1715479"
"KQ054235v1","325093","325213","GL873715","720857","720982","30","395764"
"KQ054235v1","381476","381763","GL873587","4881987","4882277","66","4500511"
"KQ054235v1","414072","414364","GL873544","20315778","20316071","67","19901706"
"KQ054235v1","626857","626975","GL873591","8929862","8929981","14","8303005"
"KQ054235v1","635371","635657","GL873544","12852108","12852394","62","12216737"
"KQ054235v1","654367","654679","GL873530","28263781","28264089","60","27609414"
"KQ054235v1","933588","933898","GL873588","6897685","6897994","72","5964097"
"KQ054235v1","1040746","1041005","GL873678","628908","629161","63","411838"
"KQ054235v1","1061417","1061606","GL873569","11158685","11158869","57","10097268"
"KQ054235v1","1320038","1320290","GL873586","3931174","3931413","70","2611136"
"KQ054235v1","1321016","1321311","GL873537","23325667","23325965","62","22004651"
"KQ054235v1","1463307","1463612","GL873589","6738815","6739104","85","5275508"
"KQ054235v1","1869478","1869757","GL873545","1994498","1994781","64","125020"
"KQ054235v1","1870680","1871007","GL873615","5162108","5162422","81","3291428"
"KQ054235v1","2028189","2028479","GL873532","21611611","21611905","59","19583422"
"KQ054235v1","2069868","2070123","GL873522","43918547","43918794","78","41848679"
"KQ054235v1","2170774","2171065","GL873528","3341058","3341347","64","1170284"
"KQ054235v1","2279318","2279601","GL873534","24950737","24951017","66","22671419"
"KQ054235v1","2330646","2330768","GL873528","3215053","3215168","30","884407"
"KQ054235v1","2352891","2353024","GL873523","26063189","26063313","28","23710298"
"KQ054235v1","2374325","2374598","GL873546","13143077","13143343","87","10768752"
"KQ054235v1","2386166","2386464","GL873531","27527132","27527431","78","25140966"
"KQ054235v1","2419188","2419452","GL873526","12865197","12865466","60","10446009"
"KQ054235v1","2420955","2421217","GL873550","6945626","6945897","56","4524671"
"KQ054235v1","2427540","2427830","GL873544","12852108","12852394","62","10424568"
"KQ054235v1","2455013","2455284","GL873530","2832291","2832567","64","377278"
"KQ054235v1","2461598","2461885","GL873544","12852108","12852394","65","10390510"
"KQ054235v1","2508101","2508366","GL873520","47023487","47023758","67","44515386"
"KQ054235v1","2682181","2682469","GL873557","5844700","5844982","60","3162519"
"KQ054235v1","2802727","2802915","GL873537","17897136","17897316","59","15094409"
"KQ054240v1","184","404","GL873671","954007","954234","54","953823"
"KQ054243v1","3814","4097","GL873536","13622290","13622562","80","13618476"
"KQ054246v1","18977","19267","GL873545","17052684","17052979","68","17033707"
"KQ054246v1","34336","34544","GL873526","19407070","19407292","61","19372734"
"KQ054246v1","50499","50638","GL873539","17136906","17137041","26","17086407"
"KQ054246v1","64018","64267","GL873528","1268672","1268921","73","1204654"
"KQ054246v1","286537","286800","GL873646","4037377","4037644","70","3750840"
"KQ054246v1","299484","299769","GL873547","5493694","5493965","86","5194210"
"KQ054255v1","2648","2826","GL873643","5291149","5291318","38","5288501"
"KQ054257v1","36152","36440","GL873520","23742113","23742400","86","23705961"
"KQ054257v1","64433","64736","GL873530","17375868","17376165","59","17311435"
"KQ054257v1","106684","106815","GL873670","2353862","2353978","42","2247178"
"KQ054257v1","107884","108156","GL873611","6802065","6802336","71","6694181"
"KQ054257v1","108157","108470","GL873593","6523519","6523829","68","6415362"
"KQ054257v1","249882","250171","GL873544","12852108","12852394","66","12602226"
"KQ054257v1","287585","287868","GL873561","13826809","13827093","55","13539224"
"KQ054257v1","326507","326804","GL873562","12491967","12492259","61","12165460"
"KQ054257v1","328084","328363","GL873660","743632","743918","72","415548"
"KQ054257v1","330038","330151","GL873521","20756869","20756983","22","20426831"
"KQ054257v1","330935","331217","GL873565","12300518","12300811","60","11969583"
"KQ054257v1","389254","389560","GL873780","428184","428483","81","38930"
"KQ054257v1","405983","406297","GL873541","18220450","18220758","75","17814467"
"KQ054257v1","417872","418194","GL873661","1884549","1884860","72","1466677"
"KQ054257v1","429691","429961","GL873632","3582886","3583150","63","3153195"
"KQ054257v1","452209","452509","GL873528","5606969","5607266","61","5154760"
"KQ054257v1","452957","453253","GL873534","24828530","24828825","64","24375573"
"KQ054257v1","480934","481236","GL873521","49874189","49874492","63","49393255"
"KQ054257v1","518623","518912","GL873660","743632","743918","66","225009"
"KQ054257v1","539007","539172","GL873586","1353695","1353851","39","814688"
"KQ054257v1","580298","580549","GL873560","378713","378929","90","201585"
"KQ054257v1","592969","593176","GL873657","2612721","2612936","47","2019752"
"KQ054257v1","594402","594671","GL873598","6491954","6492225","75","5897552"
"KQ054257v1","629128","629412","GL873526","25295506","25295789","50","24666378"
"KQ054257v1","763040","763345","GL873646","5530496","5530792","76","4767456"
"KQ054257v1","810793","811084","GL873528","4452981","4453269","51","3642188"
"KQ054257v1","865932","866050","GL873531","5068193","5068311","23","4202261"
"KQ054257v1","872118","872351","GL873593","7033927","7034168","60","6161809"
"KQ054257v1","882882","883162","GL873581","1322912","1323194","64","440030"
"KQ054257v1","888624","888940","GL873520","46903199","46903512","76","46014575"
"KQ054257v1","905893","906162","GL873536","13622290","13622562","65","12716397"
"KQ054257v1","907717","907991","GL873526","25295506","25295789","62","24387789"
"KQ054257v1","929144","929266","GL873633","6105258","6105370","25","5176114"
"KQ054257v1","930763","931048","GL873537","12959422","12959706","65","12028659"
"KQ054257v1","962218","962378","GL873586","1353695","1353851","37","391477"
"KQ054257v1","962688","962984","GL873575","2687372","2687665","69","1724684"
"KQ054257v1","962988","963289","GL873545","17052684","17052979","71","16089696"
"KQ054257v1","992051","992355","GL873561","11527410","11527710","63","10535359"
"KQ054257v1","1009562","1009682","GL873527","12137428","12137522","39","11127866"
"KQ054257v1","1014003","1014131","GL873776","1220962","1221084","33","206959"
"KQ054257v1","1030058","1030188","GL873596","2162768","2162890","36","1132710"
"KQ054257v1","1030567","1030744","GL873570","4314175","4314334","56","3283608"
"KQ054257v1","1176235","1176526","GL873562","11382494","11382780","67","10206259"
"KQ054257v1","1190645","1190930","GL873543","876481","876761","66","314164"
"KQ054257v1","1197355","1197661","GL873615","5162108","5162422","65","3964753"
"KQ054257v1","1205318","1205576","GL873526","17110885","17111154","64","15905567"
"KQ054257v1","1206248","1206523","GL873526","8965429","8965699","51","7759181"
"KQ054259v1","559","815","GL873825","388120","388377","78","387561"
"KQ054259v1","6034","6344","GL873692","2463977","2464280","70","2457943"
"KQ054259v1","6613","6711","GL873528","8421845","8421940","22","8415232"
"KQ054259v1","7296","7581","GL873590","6018533","6018809","63","6011237"
"KQ054263v1","4855","5118","GL873520","37739267","37739535","55","37734412"
"KQ054268v1","54864","55072","GL873805","948213","948404","59","893349"
"KQ054268v1","150297","150600","GL873520","48675796","48676094","64","48525499"
"KQ054268v1","208927","209214","GL873541","18170809","18171099","59","17961882"
"KQ054268v1","209391","209519","GL873540","11431093","11431221","28","11221702"
"KQ054268v1","217851","218135","GL873568","10563353","10563640","55","10345502"
"KQ054268v1","255871","256119","GL873646","799956","800214","62","544085"
"KQ054268v1","306236","306436","GL873521","46427393","46427598","52","46121157"
"KQ054268v1","436092","436398","GL873720","1268124","1268434","86","832032"
"KQ054268v1","861147","861274","GL873544","11860634","11860766","30","10999487"
"KQ054268v1","869978","870274","GL873615","760422","760708","75","109556"
"KQ054268v1","898463","898765","GL873530","17375868","17376165","70","16477405"
"KQ054268v1","1006416","1006663","GL873538","11416277","11416524","52","10409861"
"KQ054268v1","1075465","1075776","GL873630","6371262","6371567","67","5295797"
"KQ054268v1","1078235","1078525","GL873603","794609","794907","63","283626"
"KQ054268v1","1141491","1141779","GL873789","87737","88019","70","1053754"
"KQ054268v1","1164104","1164387","GL873628","1520241","1520528","66","356137"
"KQ054268v1","1324635","1324868","GL873586","3931174","3931413","64","2606539"
"KQ054268v1","1334542","1334825","GL873548","7802483","7802748","84","6467941"
"KQ054268v1","1411537","1411838","GL873666","3106785","3107075","69","1695248"
"KQ054268v1","1440525","1440798","GL873534","15140925","15141195","70","13700400"
"KQ054268v1","1471319","1471591","GL873547","7031032","7031302","72","5559713"
"KQ054268v1","1552301","1552577","GL873685","2521041","2521314","74","968740"
"KQ054268v1","1564369","1564498","GL873533","1211222","1211352","24","353147"
"KQ054268v1","1594842","1595080","GL873567","10064800","10065041","60","8469958"
"KQ054268v1","1691512","1691818","GL873521","6835945","6836242","59","5144433"
"KQ054268v1","1761304","1761571","GL873528","36055795","36056042","89","34294491"
"KQ054268v1","1880087","1880376","GL873544","12852108","12852394","65","10972021"
"KQ054268v1","2128070","2128352","GL873520","36088702","36088990","78","33960632"
"KQ054268v1","2251752","2252003","GL873540","22225554","22225805","50","19973802"
"KQ054268v1","2338765","2339051","GL873629","2465427","2465711","59","126662"
"KQ054268v1","2378391","2378661","GL873632","3582886","3583150","63","1204495"
"KQ054268v1","2390919","2391146","GL873526","40957560","40957777","61","38566641"
"KQ054272v1","4560","4859","GL873576","11044923","11045232","70","11040363"
"KQ054278v1","11138","11423","GL873538","23406111","23406389","73","23394973"
"KQ054279v1","103155","103404","GL873553","8989980","8990229","53","8886825"
"KQ054279v1","118831","118946","GL873542","1259218","1259335","24","1140387"
"KQ054279v1","136088","136373","GL873544","12852108","12852394","60","12716020"
"KQ054279v1","142437","142727","GL873544","12852108","12852394","59","12709671"
"KQ054279v1","149151","149439","GL873602","7734673","7734962","65","7585522"
"KQ054279v1","159696","160001","GL873794","164352","164631","96","4656"
"KQ054279v1","163393","163649","GL873602","249964","250222","62","86571"
"KQ054279v1","168549","168732","GL873558","3010058","3010227","48","2841509"
"KQ054279v1","177382","177701","GL873800","736311","736599","78","558929"
"KQ054279v1","188421","188719","GL873539","25509032","25509332","70","25320611"
"KQ054279v1","196346","196470","GL873585","7505656","7505778","20","7309310"
"KQ054279v1","198731","198996","GL873627","7185483","7185750","62","6986752"
"KQ054279v1","249257","249541","GL873539","18023170","18023431","60","17773913"
"KQ054279v1","265653","265794","GL873530","8526192","8526322","38","8260539"
"KQ054279v1","267660","267973","GL873577","6023661","6023961","72","5756001"
"KQ054279v1","291023","291307","GL873538","3757160","3757448","71","3466137"
"KQ054279v1","292400","292691","GL873538","1998739","1999037","75","1706339"
"KQ054279v1","293133","293309","GL873542","10862260","10862426","47","10569127"
"KQ054279v1","298909","299238","GL873530","28263781","28264089","78","27964872"
"KQ054279v1","310801","310925","GL873530","19085147","19085262","22","18774346"
"KQ054279v1","449993","450270","GL873585","1615404","1615683","58","1165411"
"KQ054279v1","480298","480577","GL873579","984876","985165","64","504578"
"KQ054279v1","539434","539731","GL873641","1616935","1617223","71","1077501"
"KQ054279v1","604951","605208","GL873574","3598658","3598914","71","2993707"
"KQ054279v1","609629","609939","GL873615","3537929","3538240","70","2928300"
"KQ054279v1","616939","617220","GL873542","699220","699512","75","82281"
"KQ054279v1","649548","649860","GL873523","7327314","7327595","85","6677766"
"KQ054279v1","654635","654774","GL873537","6930739","6930868","35","6276104"
"KQ054279v1","655052","655332","GL873790","430011","430293","66","225041"
"KQ054279v1","668759","669024","GL873804","622681","622948","65","46078"
"KQ054279v1","700069","700384","GL873596","3562116","3562414","76","2862047"
"KQ054279v1","730558","730853","GL873615","1894088","1894363","77","1163530"
"KQ054279v1","740509","740786","GL873571","4051253","4051534","58","3310744"
"KQ054279v1","812481","812762","GL873550","7644303","7644582","53","6831822"
"KQ054279v1","875330","875462","GL873535","17158282","17158415","26","16282952"
"KQ054279v1","885180","885254","GL873525","8227229","8227301","14","7342049"
"KQ054279v1","944553","944849","GL873568","5537783","5538076","56","4593230"
"KQ054279v1","955288","955601","GL873541","18220450","18220758","61","17265162"
"KQ054279v1","989812","990106","GL873541","21985689","21985982","68","20995877"
"KQ054279v1","1000954","1001240","GL873667","3712894","3713183","72","2711940"
"KQ054279v1","1001343","1001595","GL873563","7829489","7829739","54","6828146"
"KQ054279v1","1014323","1014604","GL873530","29798317","29798595","56","28783994"
"KQ054279v1","1052346","1052632","GL873529","22377342","22377617","67","21324996"
"KQ054279v1","1072701","1072978","GL873631","3449698","3449977","76","2376997"
"KQ054279v1","1085746","1086049","GL873573","4123812","4124109","76","3038066"
"KQ054279v1","1099937","1100240","GL873628","1966316","1966616","64","866379"
"KQ054279v1","1134846","1135140","GL873568","3446359","3446664","74","2311513"
"KQ054279v1","1138842","1139145","GL873575","8875744","8876043","56","7736902"
"KQ054279v1","1160344","1160454","GL873624","4615303","4615409","17","3454959"
"KQ054279v1","1171781","1172104","GL873602","8209282","8209594","67","7037501"
"KQ054279v1","1224710","1224910","GL873615","1989548","1989743","45","764838"
"KQ054279v1","1228327","1228633","GL873523","5237401","5237693","59","4009074"
"KQ054279v1","1240734","1241019","GL873529","22377342","22377617","64","21136608"
"KQ054279v1","1241032","1241276","GL873540","23535978","23536222","62","22294946"
"KQ054279v1","1264712","1264907","GL873521","49362158","49362369","54","48097446"
"KQ054279v1","1325263","1325568","GL873611","3218536","3218819","72","1893273"
"KQ054279v1","1330404","1330698","GL873521","31976055","31976347","62","30645651"
"KQ054279v1","1361974","1362245","GL873742","171973","172255","81","1190001"
"KQ054279v1","1431375","1431659","GL873520","69906171","69906454","60","68474796"
"KQ054279v1","1450606","1450902","GL873598","2997153","2997446","61","1546547"
"KQ054279v1","1457282","1457555","GL873557","2419316","2419576","83","962034"
"KQ054279v1","1524121","1524407","GL873564","13539760","13540038","74","12015639"
"KQ054279v1","1544612","1544821","GL873675","2996567","2996773","48","1451955"
"KQ054279v1","1546405","1546686","GL873794","164352","164631","77","1382053"
"KQ054279v1","1583070","1583348","GL873544","12852108","12852394","64","11269038"
"KQ054279v1","1583517","1583758","GL873533","29114064","29114296","67","27530547"
"KQ054279v1","1601832","1602074","GL873566","13161077","13161300","65","11559245"
"KQ054279v1","1637844","1638131","GL873543","1227411","1227692","64","410433"
"KQ054279v1","1640737","1641023","GL873533","23633726","23633993","76","21992989"
"KQ054279v1","1650424","1650704","GL873752","219309","219580","51","1431115"
"KQ054279v1","1652122","1652405","GL873527","12014620","12014900","70","10362498"
"KQ054279v1","1714582","1714706","GL873565","12342537","12342662","22","10627955"
"KQ054279v1","1716181","1716470","GL873524","15273262","15273553","57","13557081"
"KQ054279v1","1724235","1724502","GL873520","26153595","26153864","64","24429360"
"KQ054279v1","1760656","1760949","GL873524","42149014","42149308","55","40388358"
"KQ054279v1","1774518","1774821","GL873530","28263781","28264089","57","26489263"
"KQ054279v1","1777795","1778081","GL873571","3571101","3571384","66","1793306"
"KQ054279v1","1788835","1789030","GL873520","26472487","26472704","67","24683652"
"KQ054279v1","1831328","1831450","GL873548","6651882","6652005","21","4820554"
"KQ054279v1","1864159","1864444","GL873534","14850103","14850396","64","12985944"
"KQ054279v1","1873369","1873672","GL873521","49874189","49874492","64","48000820"
"KQ054279v1","1891489","1891784","GL873524","42149014","42149308","59","40257525"
"KQ054279v1","1893912","1894207","GL873534","25028857","25029153","58","23134945"
"KQ054279v1","1909432","1909554","GL873585","7505656","7505778","17","5596224"
"KQ054279v1","2063497","2063781","GL873750","1418881","1419168","56","644616"
"KQ054279v1","2072282","2072604","GL873663","4135704","4136012","78","2063422"
"KQ054279v1","2077138","2077430","GL873522","26487461","26487763","62","24410323"
"KQ054279v1","2122578","2122869","GL873605","1061391","1061680","66","1061187"
"KQ054279v1","2258711","2259004","GL873527","5721671","5721968","61","3462960"
"KQ054279v1","2304135","2304437","GL873531","27860265","27860563","68","25556130"
"KQ054279v1","2358498","2358674","GL873524","1211458","1211633","45","1147040"
"KQ054279v1","2359020","2359137","GL873613","6144980","6145095","28","3785960"
"KQ054279v1","2376349","2376633","GL873568","10563353","10563640","54","8187004"
"KQ054279v1","2435007","2435280","GL873539","15442173","15442444","67","13007166"
"KQ054279v1","2507467","2507749","GL873573","4852729","4853003","56","2345262"
"KQ054279v1","2538254","2538543","GL873537","20108472","20108765","56","17570218"
"KQ054279v1","2589748","2590063","GL873720","1268124","1268434","62","1321624"
"KQ054279v1","2663874","2664100","GL873602","7189561","7189785","52","4525687"
"KQ054279v1","2688659","2688769","GL873527","37287179","37287287","21","34598520"
"KQ054279v1","2799495","2799798","GL873529","17122097","17122389","67","14322602"
"KQ054279v1","2800272","2800573","GL873737","1691288","1691582","71","1108984"
"KQ054279v1","2835854","2836161","GL873544","12852108","12852394","57","10016254"
"KQ054279v1","2865251","2865555","GL873677","1054284","1054581","75","1810967"
"KQ054279v1","2887793","2888087","GL873575","2687372","2687665","65","200421"
"KQ054279v1","2889963","2890069","GL873528","23637213","23637318","26","20747250"
"KQ054279v1","2907910","2908209","GL873534","8473148","8473443","75","5565238"
"KQ054279v1","2908653","2908783","GL873671","4194814","4194943","22","1286161"
"KQ054279v1","2910042","2910327","GL873562","5328731","5329017","64","2418689"
"KQ054279v1","2952745","2953027","GL873617","7183086","7183370","63","4230341"
"KQ054279v1","2956437","2956713","GL873586","5612353","5612633","70","2655916"
"KQ054279v1","2968683","2968990","GL873583","11090835","11091146","75","8122152"
"KQ054279v1","2974743","2975015","GL873533","16211539","16211820","68","13236796"
"KQ054279v1","3017069","3017347","GL873570","9393261","9393537","66","6376192"
"KQ054279v1","3029317","3029591","GL873604","8660029","8660307","65","5630712"
"KQ054279v1","3048324","3048603","GL873540","9535512","9535797","78","6487188"
"KQ054279v1","3058225","3058511","GL873646","1159557","1159843","52","1898668"
"KQ054279v1","3064460","3064769","GL873615","5162108","5162422","67","2097648"
"KQ054279v1","3085285","3085603","GL873615","5162108","5162422","77","2076823"
"KQ054279v1","3106017","3106298","GL873520","16709587","16709864","63","13603570"
"KQ054279v1","3115305","3115584","GL873546","12679748","12680030","63","9564443"
"KQ054279v1","3118322","3118596","GL873574","3856897","3857166","75","738575"
"KQ054279v1","3120557","3120843","GL873586","8120080","8120363","83","4999523"
"KQ054279v1","3130139","3130445","GL873568","4562469","4562774","75","1432330"
"KQ054279v1","3133051","3133313","GL873557","8943966","8944228","68","5810915"
"KQ054279v1","3146758","3147053","GL873637","2357068","2357339","107","789690"
"KQ054279v1","3186124","3186425","GL873566","1412407","1412710","66","1773717"
"KQ054279v1","3198175","3198381","GL873539","14624205","14624411","43","11426030"
"KQ054279v1","3215432","3215731","GL873532","21611611","21611905","61","18396179"
"KQ054279v1","3225991","3226319","GL873546","13542628","13542944","80","10316637"
"KQ054279v1","3243226","3243361","GL873530","8526192","8526322","39","5282966"
"KQ054279v1","3269616","3269909","GL873593","2667655","2667944","59","601961"
"KQ054279v1","3410552","3410796","GL873529","1741772","1742006","61","1668780"
"KQ054279v1","3487660","3487921","GL873529","15991815","15992087","65","12504155"
"KQ054279v1","3525675","3525964","GL873548","13933563","13933854","76","10407888"
"KQ054279v1","3694834","3695081","GL873525","28543936","28544184","67","24849102"
"KQ054279v1","3845964","3846268","GL873524","5479672","5479985","72","1633708"
"KQ054279v1","3873726","3873853","GL873571","5880255","5880380","22","2006529"
"KQ054288v1","5632","5923","GL873526","12865197","12865466","69","12859565"
"KQ054289v1","73841","74118","GL873568","8651473","8651760","76","8577632"
"KQ054289v1","111103","111420","GL873549","6983392","6983697","92","6872289"
"KQ054289v1","120888","121199","GL873531","19369345","19369649","70","19248457"
"KQ054289v1","129121","129392","GL873601","7074690","7074961","69","6945569"
"KQ054289v1","142076","142375","GL873522","3272420","3272700","79","3130344"
"KQ054289v1","145696","145771","GL873538","1857988","1858065","18","1712292"
"KQ054289v1","146668","146931","GL873566","11181444","11181698","64","11034776"
"KQ054289v1","316397","316476","GL873723","2379570","2379657","21","2063173"
"KQ054289v1","325474","325768","GL873618","1121386","1121685","75","795912"
"KQ054289v1","333582","333665","GL873723","2379570","2379657","19","2045988"
"KQ054289v1","336623","336926","GL873593","6446511","6446824","72","6109888"
"KQ054289v1","338465","338548","GL873730","1070638","1070725","18","732173"
"KQ054289v1","472328","472601","GL873539","16767280","16767545","85","16294952"
"KQ054289v1","485206","485536","GL873623","1693614","1693923","85","1208408"
"KQ054289v1","488329","488529","GL873564","11899977","11900180","50","11411648"
"KQ054289v1","503374","503666","GL873539","18506813","18507102","72","18003439"
"KQ054289v1","507697","507980","GL873529","14587588","14587876","63","14079891"
"KQ054289v1","590046","590323","GL873567","10304739","10305017","67","9714693"
"KQ054289v1","678085","678344","GL873545","3933988","3934236","55","3255903"
"KQ054289v1","774940","775167","GL873596","4638440","4638668","72","3863500"
"KQ054289v1","857873","858170","GL873520","46055374","46055675","84","45197501"
"KQ054289v1","988249","988527","GL873790","430011","430293","61","558238"
"KQ054289v1","999509","999806","GL873526","4353131","4353412","70","3353622"
"KQ054289v1","1067795","1067957","GL873528","1120859","1121019","36","53064"
"KQ054289v1","1430632","1430942","GL873520","30805589","30805881","79","29374957"
"KQ054289v1","1629432","1629726","GL873814","401275","401563","70","1228157"
"KQ054289v1","1685015","1685319","GL873532","16063689","16063996","69","14378674"
"KQ054289v1","1694047","1694335","GL873561","11142944","11143235","75","9448897"
"KQ054289v1","1787480","1787787","GL873523","8076383","8076689","63","6288903"
"KQ054289v1","1890615","1890885","GL873595","8083241","8083523","76","6192626"
"KQ054289v1","1899659","1899935","GL873599","2417058","2417342","79","517399"
"KQ054289v1","1991319","1991603","GL873566","13013070","13013346","72","11021751"
"KQ054289v1","2008147","2008417","GL873632","5546235","5546488","72","3538088"
"KQ054289v1","2127974","2128238","GL873523","44375869","44376133","77","42247895"
"KQ054289v1","2218546","2218750","GL873781","979567","979760","58","1238979"
"KQ054289v1","2295409","2295661","GL873611","4994670","4994910","48","2699261"
"KQ054289v1","2378815","2379048","GL873553","13754985","13755220","63","11376170"
"KQ054289v1","2559777","2560037","GL873547","7031032","7031302","71","4471255"
"KQ054289v1","2623161","2623286","GL873715","2526191","2526308","23","96970"
"KQ054289v1","2684801","2684912","GL873540","25361017","25361125","23","22676216"
"KQ054289v1","2756686","2756790","GL873663","2901281","2901383","25","144595"
"KQ054289v1","2786214","2786463","GL873551","4428507","4428742","70","1642293"
"KQ054289v1","2818096","2818407","GL873526","17355461","17355758","64","14537365"
"KQ054289v1","2966498","2966796","GL873571","4374924","4375218","63","1408426"
"KQ054289v1","3080359","3080613","GL873549","15132343","15132615","61","12051984"
"KQ054289v1","3198478","3198789","GL873577","10149931","10150226","65","6951453"
"KQ054289v1","3296643","3296941","GL873545","17052684","17052979","72","13756041"
"KQ054289v1","3499014","3499131","GL873557","1890228","1890345","21","1608786"
"KQ054289v1","3609766","3610051","GL873537","20108472","20108765","52","16498706"
"KQ054289v1","3859848","3860117","GL873573","944182","944464","77","2915666"
"KQ054289v1","3860311","3860600","GL873525","44697145","44697424","87","40836834"
"KQ054289v1","3878118","3878403","GL873662","650737","651016","72","3227381"
"KQ054289v1","3897630","3897939","GL873530","10944131","10944443","63","7046501"
"KQ054289v1","3922480","3922775","GL873737","1691288","1691582","76","2231192"
"KQ054289v1","3983464","3983744","GL873738","1635488","1635766","59","2347976"
"KQ054289v1","4011979","4012265","GL873579","823090","823369","72","3188889"
"KQ054289v1","4033730","4034007","GL873570","9393261","9393537","54","5359531"
"KQ054289v1","4069167","4069417","GL873531","15770103","15770354","68","11700936"
"KQ054289v1","4127547","4127849","GL873528","2518804","2519120","77","1608743"
"KQ054289v1","4140909","4141188","GL873685","2541658","2541930","67","1599251"
"KQ054289v1","4162213","4162468","GL873565","3583321","3583574","55","578892"
"KQ054289v1","4377821","4378091","GL873530","29321072","29321333","56","24943251"
"KQ054289v1","4396210","4396447","GL873660","429488","429727","43","3966722"
"KQ054289v1","4397629","4397923","GL873522","4222168","4222461","58","175461"
"KQ054289v1","4451360","4451621","GL873526","23761987","23762248","51","19310627"
"KQ054289v1","4474312","4474473","GL873564","9333051","9333222","42","4858739"
"KQ054289v1","4531187","4531297","GL873557","3693706","3693821","24","837481"
"KQ054289v1","4691973","4692272","GL873571","4374924","4375218","76","317049"
"KQ054289v1","4722148","4722446","GL873529","15224931","15225225","66","10502783"
"KQ054289v1","4889253","4889390","GL873545","20031078","20031208","28","15141825"
"KQ054289v1","4928825","4929112","GL873550","7048855","7049157","75","2120030"
"KQ054289v1","5025942","5026233","GL873544","12852108","12852394","61","7826166"
"KQ054289v1","5064001","5064149","GL873624","2805856","2805998","39","2258145"
"KQ054289v1","5064459","5064605","GL873564","4371271","4371411","36","693188"
"KQ054289v1","5065475","5065769","GL873537","20108472","20108765","64","15042997"
"KQ054289v1","5071574","5071857","GL873522","25185925","25186218","63","20114351"
"KQ054290v1","13438","13739","GL873546","7841023","7841321","70","7827585"
"KQ054290v1","53058","53349","GL873527","33994216","33994504","68","33941158"
"KQ054290v1","68193","68353","GL873548","15426227","15426376","45","15358034"
"KQ054290v1","68463","68625","GL873530","16082476","16082634","42","16014013"
"KQ054290v1","106344","106624","GL873586","255814","256100","64","149470"
"KQ054290v1","111030","111233","GL873592","159433","159630","51","48403"
"KQ054290v1","137347","137624","GL873545","20226589","20226871","73","20089242"
"KQ054290v1","156885","157184","GL873547","11450506","11450796","72","11293621"
"KQ054290v1","175385","175676","GL873842","322251","322538","76","146866"
"KQ054290v1","194875","195144","GL873563","10266735","10267001","68","10071860"
"KQ054290v1","200519","200800","GL873525","33055425","33055699","70","32854906"
"KQ054290v1","217458","217735","GL873543","19566562","19566836","64","19349104"
"KQ054290v1","226005","226259","GL873539","2531227","2531508","66","2305222"
"KQ054290v1","247623","247793","GL873533","31366368","31366531","47","31118745"
"KQ054290v1","248178","248295","GL873573","8946915","8947030","23","8698737"
"KQ054290v1","296481","296739","GL873752","219309","219580","56","77172"
"KQ054290v1","331938","332265","GL873521","44185162","44185477","75","43853224"
"KQ054290v1","335849","336120","GL873526","3176581","3176853","63","2840732"
"KQ054290v1","352987","353277","GL873575","2687372","2687665","60","2334385"
"KQ054290v1","357304","357561","GL873606","7199769","7200019","68","6842465"
"KQ054290v1","382711","382984","GL873764","686193","686473","66","303482"
"KQ054290v1","388203","388396","GL873564","4371507","4371687","54","3983304"
"KQ054290v1","415008","415276","GL873529","28724389","28724653","62","28309381"
"KQ054290v1","430978","431284","GL873547","4568091","4568386","66","4137113"
"KQ054290v1","448408","448666","GL873628","2122144","2122396","62","1673736"
"KQ054290v1","451088","451291","GL873628","7012543","7012724","58","6561455"
"KQ054290v1","467808","468102","AAQR03198005","140","423","54","467668"
"KQ054290v1","473586","473877","GL873611","4908021","4908309","70","4434435"
"KQ054290v1","498036","498210","GL873577","10526327","10526498","44","10028291"
"KQ054290v1","503079","503246","GL873522","25665561","25665722","39","25162482"
"KQ054290v1","506785","507071","GL873593","380813","381101","67","125972"
"KQ054290v1","510251","510379","GL873527","36922718","36922841","27","36412467"
"KQ054290v1","513753","514037","GL873550","7644303","7644582","59","7130550"
"KQ054290v1","529241","529534","GL873590","3850236","3850540","69","3320995"
"KQ054290v1","569039","569296","GL873618","3140219","3140472","65","2571180"
"KQ054290v1","571538","571814","GL873522","177062","177344","76","394476"
"KQ054290v1","602988","603119","GL873630","1290577","1290703","26","687589"
"KQ054290v1","613686","613942","GL873554","2413383","2413629","68","1799697"
"KQ054290v1","628250","628515","GL873573","3786511","3786793","69","3158261"
"KQ054290v1","634985","635245","GL873573","3786511","3786793","70","3151526"
"KQ054290v1","647777","648040","GL873573","3786511","3786793","68","3138734"
"KQ054290v1","694974","695282","GL873720","1268124","1268434","62","573150"
"KQ054290v1","794537","794847","GL873545","12978830","12979129","74","12184293"
"KQ054290v1","854318","854487","GL873534","14551683","14551840","42","13697365"
"KQ054290v1","854527","854640","GL873604","8601212","8601325","23","7746685"
"KQ054290v1","1036196","1036511","GL873661","1884549","1884860","72","848353"
"KQ054290v1","1218758","1218965","GL873527","15576050","15576235","57","14357292"
"KQ054290v1","1254588","1254881","GL873627","7189498","7189791","69","5934910"
"KQ054290v1","1265221","1265510","GL873631","4361857","4362155","70","3096636"
"KQ054290v1","1499351","1499635","GL873665","2891460","2891748","59","1392109"
"KQ054290v1","1500166","1500383","GL873522","21258404","21258617","52","19758238"
"KQ054290v1","1526638","1526742","GL873536","13380865","13380974","31","11854227"
"KQ054290v1","1538509","1538672","GL873571","4293538","4293698","33","2755029"
"KQ054290v1","1610073","1610169","GL873563","3056081","3056176","19","1446008"
"KQ054301v1","3538763","3538957","GL873557","5125101","5125304","50","1586338"
"KQ054301v1","11695","11972","GL873674","536797","537073","70","525102"
"KQ054301v1","198417","198708","GL873592","8396855","8397140","64","8198438"
"KQ054301v1","205307","205598","GL873522","25185925","25186218","63","24980618"
"KQ054301v1","215225","215517","GL873522","4222168","4222461","54","4006943"
"KQ054301v1","360373","360477","GL873623","2197292","2197402","21","1836919"
"KQ054301v1","841768","841891","GL873603","7603972","7604091","29","6762204"
"KQ054301v1","870491","870789","GL873527","25596845","25597139","64","24726354"
"KQ054301v1","928920","929197","GL873547","14329017","14329292","57","13400097"
"KQ054301v1","1060571","1060862","GL873562","5328731","5329017","77","4268160"
"KQ054301v1","1095451","1095743","GL873573","8282675","8282954","68","7187224"
"KQ054301v1","1143298","1143588","GL873561","13826809","13827093","70","12683511"
"KQ054301v1","1147797","1148084","GL873561","13826809","13827093","67","12679012"
"KQ054301v1","1161454","1161742","GL873586","3828887","3829179","72","2667433"
"KQ054301v1","1203162","1203371","GL873530","21394671","21394886","61","20191509"
"KQ054301v1","1220040","1220360","GL873534","13744077","13744387","87","12524037"
"KQ054301v1","1491325","1491589","GL873527","26761675","26761946","67","25270350"
"KQ054301v1","1623676","1623982","GL873527","22929623","22929921","75","21305947"
"KQ054301v1","1696106","1696416","GL873588","6897685","6897994","71","5201579"
"KQ054301v1","1811469","1811776","GL873575","2687372","2687665","75","875903"
"KQ054301v1","1887039","1887335","GL873572","6984999","6985295","78","5097960"
"KQ054301v1","1911641","1911929","GL873522","40388442","40388729","65","38476801"
"KQ054301v1","1970207","1970498","GL873591","6350046","6350337","62","4379839"
"KQ054301v1","1994887","1995183","GL873618","1681545","1681828","72","313342"
"KQ054301v1","2042798","2043102","GL873561","9330005","9330309","64","7287207"
"KQ054301v1","2060350","2060619","GL873527","10856961","10857228","65","8796611"
"KQ054301v1","2140010","2140132","GL873587","448922","449042","18","1691088"
"KQ054301v1","2168994","2169270","GL873646","1073675","1073956","60","1095319"
"KQ054301v1","2175772","2176057","GL873578","9406677","9406956","70","7230905"
"KQ054301v1","2186957","2187238","GL873526","25295506","25295789","67","23108549"
"KQ054301v1","2226074","2226377","GL873523","25103659","25103947","78","22877585"
"KQ054301v1","2424996","2425072","GL873540","4716032","4716105","16","2291036"
"KQ054301v1","2435454","2435739","GL873677","4203427","4203715","62","1767973"
"KQ054301v1","2440117","2440412","GL873570","2488198","2488491","66","48081"
"KQ054301v1","2449302","2449609","GL873531","19369345","19369649","61","16920043"
"KQ054301v1","2457773","2457960","GL873558","3010058","3010227","60","552285"
"KQ054301v1","2462176","2462374","GL873805","948213","948404","56","1513963"
"KQ054301v1","2469100","2469354","GL873585","2000799","2001063","67","468301"
"KQ054301v1","2474415","2474695","GL873547","14329017","14329292","56","11854602"
"KQ054301v1","2530374","2530678","GL873572","9034316","9034616","74","6503942"
"KQ054301v1","2566517","2566819","GL873523","28431022","28431322","75","25864505"
"KQ054301v1","2583829","2584121","GL873546","859614","859905","70","1724215"
"KQ054301v1","2954905","2955213","GL873577","10149931","10150226","63","7195026"
"KQ054301v1","2983582","2983856","GL873529","15564502","15564783","68","12580920"
"KQ054301v1","3018873","3019127","GL873548","14044727","14044965","67","11025854"
"KQ054301v1","3038462","3038747","GL873715","1928073","1928342","69","1110389"
"KQ054301v1","3060716","3061006","GL873619","4073713","4074000","66","1012997"
"KQ054301v1","3083824","3084120","GL873543","12526309","12526602","65","9442485"
"KQ054301v1","3100915","3101229","GL873661","1884549","1884860","65","1216366"
"KQ054301v1","3105929","3106251","GL873598","8227475","8227785","89","5121546"
"KQ054301v1","3126430","3126705","GL873709","2455422","2455722","69","671008"
"KQ054301v1","3134466","3134573","GL873539","26074016","26074123","23","22939550"
"KQ054301v1","3134610","3134778","GL873534","14551683","14551840","45","11417073"
"KQ054301v1","3217080","3217382","GL873561","9330005","9330309","71","6112925"
"KQ054301v1","3232069","3232371","GL873530","25617673","25617981","65","22385604"
"KQ054301v1","3247492","3247518","GL873628","4177792","4177815","6","930300"
"KQ054301v1","3247553","3247835","GL873532","18918268","18918559","73","15670715"
"KQ054301v1","3258921","3259170","GL873540","4711812","4712090","68","1452891"
"KQ054301v1","3264538","3264870","GL873609","7137543","7137854","92","3873005"
"KQ054301v1","3312631","3312906","GL873547","14329017","14329292","68","11016386"
"KQ054301v1","3346231","3346510","GL873752","219309","219580","55","3126922"
"KQ054301v1","3355717","3356009","GL873527","23749251","23749546","71","20393534"
"KQ054301v1","3359728","3360031","GL873529","15384264","15384546","85","12024536"
"KQ054301v1","3365188","3365490","GL873529","15384264","15384546","88","12019076"
"KQ054301v1","3366494","3366783","GL873527","23749251","23749546","73","20382757"
"KQ054301v1","3382879","3383111","GL873627","842388","842628","77","2540491"
"KQ054301v1","3386637","3386859","GL873521","16789750","16789994","67","13403113"
"KQ054301v1","3388888","3389187","GL873538","1697362","1697662","69","1691526"
"KQ054301v1","3389475","3389782","GL873531","27860265","27860563","60","24470790"
"KQ054301v1","3397330","3397634","GL873535","11877698","11878000","70","8480368"
"KQ054301v1","3399079","3399318","GL873550","14276675","14276916","52","10877596"
"KQ054301v1","3400480","3400693","GL873526","8303932","8304134","53","4903452"
"KQ054301v1","3405599","3405880","GL873530","4616815","4617098","52","1211216"
"KQ054301v1","3405966","3406080","GL873567","8402776","8402899","32","4996810"
"KQ054301v1","3412327","3412593","GL873520","26473685","26473944","52","23061358"
"KQ054301v1","3415331","3415647","GL873539","16292037","16292334","76","12876706"
"KQ054301v1","3420109","3420409","GL873622","7260042","7260343","57","3839933"
"KQ054301v1","3424726","3425034","GL873545","17052684","17052979","77","13627958"
"KQ054301v1","3428285","3428459","GL873527","13153135","13153309","55","9724850"
"KQ054301v1","3429948","3430058","GL873567","13532607","13532720","27","10102659"
"KQ054301v1","3438584","3438708","GL873624","868096","868216","18","2570488"
"KQ054301v1","3445933","3445987","GL873632","6005212","6005270","13","2559279"
"KQ054301v1","3476039","3476319","GL873548","17482771","17483070","74","14006732"
"KQ054301v1","3487615","3487924","GL873530","17375868","17376165","61","13888253"
"KQ054301v1","3492992","3493287","GL873528","3961284","3961573","66","468292"
"KQ054301v1","3530977","3531062","GL873650","1458498","1458579","15","2072479"
"KQ054301v1","3572693","3572868","GL873577","4898264","4898426","40","1325571"
"KQ054301v1","3573231","3573377","GL873548","15426227","15426376","38","11852996"
"KQ054301v1","3590994","3591302","GL873574","4280089","4280390","70","689095"
"KQ054301v1","3603229","3603509","GL873618","3941910","3942188","71","338681"
"KQ054301v1","3615959","3616253","GL873528","4452981","4453269","59","837022"
"KQ054301v1","3624565","3624819","GL873525","22048815","22049083","72","18424250"
"KQ054301v1","3629448","3629756","GL873593","6523519","6523829","69","2894071"
"KQ054301v1","3635912","3636198","GL873523","44251172","44251459","70","40615260"
"KQ054301v1","3644498","3644671","GL873530","16215829","16216006","47","12571331"
"KQ054307v1","8829","9098","GL873611","5365976","5366242","83","5357147"
"KQ054312v1","790","996","GL873537","13745214","13745418","44","13744424"
"KQ054312v1","78380","78596","GL873526","10173256","10173455","66","10094876"
"KQ054312v1","176012","176232","GL873527","13700896","13701114","67","13524884"
"KQ054312v1","235724","235820","GL873546","19635827","19635922","23","19400103"
"KQ054312v1","480979","481155","GL873524","1211458","1211633","46","730479"
"KQ054312v1","531825","532127","GL873538","1998739","1999037","58","1466914"
"KQ054312v1","753737","753860","GL873542","11494580","11494704","26","10740843"
"KQ054312v1","778584","778896","GL873618","1121386","1121685","68","342802"
"KQ054312v1","1277350","1277659","GL873545","20390330","20390642","67","19112980"
"KQ054312v1","1282881","1283148","GL873537","19500691","19500966","82","18217810"
"KQ054312v1","1559213","1559439","GL873553","7302338","7302552","57","5743125"
"KQ054312v1","1573506","1573796","GL873540","4711812","4712090","65","3138306"
"KQ054312v1","1600650","1600943","GL873657","3029272","3029566","66","1428622"
"KQ054312v1","1622825","1622927","GL873677","3217172","3217279","21","1594347"
"KQ054312v1","1681842","1682086","GL873593","2728773","2729027","67","1046931"
"KQ054312v1","1682710","1682998","GL873535","25840890","25841174","74","24158180"
"KQ054312v1","1684187","1684389","GL873672","1902668","1902865","61","218481"
"KQ054312v1","1688885","1688959","GL873657","4410096","4410158","27","2721211"
"KQ054312v1","1689969","1690051","GL873527","16657756","16657840","18","14967787"
"KQ054312v1","1701081","1701363","GL873575","2687372","2687665","72","986291"
"KQ054312v1","1705846","1705964","GL873618","4159684","4159805","26","2453838"
"KQ054312v1","1708985","1709263","GL873646","5530496","5530792","67","3821511"
"KQ054312v1","1715345","1715637","GL873660","4396011","4396308","71","2680666"
"KQ054312v1","1717004","1717284","GL873674","3713686","3713961","67","1996682"
"KQ054312v1","1719670","1719800","GL873646","581697","581828","25","1137973"
"KQ054312v1","1724458","1724722","GL873769","941890","942164","75","782568"
"KQ054312v1","1726087","1726381","GL873677","4203427","4203715","60","2477340"
"KQ054312v1","1732067","1732199","GL873582","1093815","1093943","31","638252"
"KQ054312v1","1752549","1752852","GL873531","29056008","29056304","66","27303459"
"KQ054312v1","1830483","1830767","GL873537","23325667","23325965","62","21495184"
"KQ054312v1","1859575","1859753","GL873530","16082476","16082634","44","14222901"
"KQ054312v1","1868922","1869204","GL873526","8284727","8285011","75","6415805"
"KQ054312v1","2087299","2087588","GL873588","625098","625393","73","1462201"
"KQ054312v1","2094144","2094351","GL873557","5125101","5125304","43","3030957"
"KQ054312v1","2095379","2095649","GL873545","7782506","7782782","75","5687127"
"KQ054312v1","2131482","2131606","GL873795","939129","939253","19","1192353"
"KQ054314v1","2139","2227","GL873529","2360132","2360217","20","2357993"
"KQ054314v1","2559","2653","GL873543","17625005","17625097","28","17622446"
"KQ054319v1","17434","17626","GL873680","660452","660639","62","643018"
"KQ054321v1","4374","4617","GL873525","11012850","11013094","61","11008476"
"KQ054321v1","4807","5068","GL873560","12030649","12030934","86","12025842"
"KQ054323v1","34708","35006","GL873537","20108472","20108765","66","20073764"
"KQ054323v1","89710","90020","GL873539","7817206","7817493","86","7727496"
"KQ054323v1","115490","115758","GL873524","1792935","1793204","66","1677445"
"KQ054323v1","125984","126238","GL873524","1792935","1793204","77","1666951"
"KQ054323v1","159083","159376","GL873561","923317","923608","76","764234"
"KQ054323v1","171700","171970","GL873571","3073264","3073538","76","2901564"
"KQ054323v1","180843","181126","GL873537","5716740","5717017","60","5535897"
"KQ054323v1","181379","181666","GL873526","35368413","35368706","74","35187034"
"KQ054323v1","191529","191805","GL873659","1852285","1852572","72","1660756"
"KQ054323v1","200638","200930","GL873528","4452981","4453269","62","4252343"
"KQ054323v1","230348","230636","GL873558","7158811","7159090","77","6928463"
"KQ054323v1","239854","240133","GL873543","13000816","13001093","66","12760962"
"KQ054323v1","245850","246096","GL873586","6188572","6188814","68","5942722"
"KQ054323v1","276888","277156","GL873608","1769381","1769651","69","1492493"
"KQ054323v1","283896","284193","GL873834","390670","390970","55","106774"
"KQ054323v1","287141","287392","GL873522","29969626","29969868","61","29682485"
"KQ054323v1","319437","319733","GL873646","5530496","5530792","68","5211059"
"KQ054323v1","369529","369803","GL873547","17720932","17721199","57","17351403"
"KQ054323v1","380555","380843","GL873530","14859243","14859531","62","14478688"
"KQ054323v1","396459","396763","GL873545","14220645","14220951","71","13824186"
"KQ054323v1","420104","420340","GL873539","18737169","18737376","77","18317065"
"KQ054323v1","426825","427113","GL873544","12852108","12852394","55","12425283"
"KQ054323v1","429769","429976","GL873621","696020","696233","62","266251"
"KQ054323v1","503932","504209","GL873567","10304739","10305017","69","9800807"
"KQ054323v1","662244","662550","GL873533","27827122","27827424","61","27164878"
"KQ054323v1","673501","673807","GL873533","27827122","27827424","61","27153621"
"KQ054323v1","745756","746029","GL873697","1891106","1891376","68","1145350"
"KQ054323v1","851268","851437","GL873595","605232","605397","35","246036"
"KQ054323v1","937068","937266","GL873546","13829137","13829335","56","12892069"
"KQ054323v1","938599","938893","GL873526","17095961","17096254","65","16157362"
"KQ054323v1","959431","959686","GL873550","6945626","6945897","70","5986195"
"KQ054323v1","970390","970690","GL873523","8076383","8076689","75","7105993"
"KQ054323v1","1017461","1017767","GL873577","10149931","10150226","61","9132470"
"KQ054323v1","1154048","1154353","GL873631","1209927","1210220","74","55879"
"KQ054323v1","1195716","1195984","GL873608","1769381","1769651","77","573665"
"KQ054323v1","1231013","1231304","GL873586","8120080","8120363","65","6889067"
"KQ054323v1","1243935","1244072","GL873523","18559675","18559796","35","17315740"
"KQ054323v1","1268299","1268574","GL873721","830643","830918","74","437656"
"KQ054323v1","1282166","1282298","GL873529","641282","641413","23","640884"
"KQ054323v1","1349169","1349459","GL873624","3096011","3096304","76","1746842"
"KQ054323v1","1362523","1362805","GL873628","1904991","1905264","66","542468"
"KQ054323v1","1397515","1397810","GL873657","3029272","3029566","59","1631757"
"KQ054323v1","1411790","1412078","GL873657","3029272","3029566","65","1617482"
"KQ054323v1","1413192","1413510","GL873539","14491999","14492298","85","13078807"
"KQ054323v1","1433041","1433328","GL873593","480828","481113","64","952213"
"KQ054323v1","1440591","1440903","GL873543","2139452","2139746","69","698861"
"KQ054323v1","1486849","1487084","GL873529","1741772","1742006","69","254923"
"KQ054323v1","1552794","1553090","GL873574","6792109","6792393","54","5239315"
"KQ054323v1","1683790","1684088","GL873618","1121386","1121685","62","562404"
"KQ054323v1","1684396","1684705","GL873521","6835945","6836242","61","5151549"
"KQ054323v1","1732555","1732852","GL873526","4353131","4353412","69","2620576"
"KQ054323v1","1761298","1761545","GL873520","9471122","9471373","56","7709824"
"KQ054323v1","1806093","1806453","GL873575","2687372","2687665","111","881279"
"KQ054323v1","2001100","2001392","GL873691","1286765","1287055","61","714335"
"KQ054323v1","2106639","2106932","GL873533","11085321","11085600","84","8978682"
"KQ054323v1","2169481","2169753","GL873533","11085321","11085600","77","8915840"
"KQ054323v1","2232033","2232138","GL873894","9430","9533","24","2222603"
"KQ054323v1","2232178","2232336","GL873533","13896451","13896593","46","11664273"
"KQ054334v1","443147","443462","GL873531","27860265","27860563","68","27417118"
"KQ054334v1","447112","447413","GL873531","27860265","27860563","80","27413153"
"KQ054334v1","451090","451405","GL873531","27860265","27860563","68","27409175"
"KQ054334v1","725211","725534","GL873701","1489808","1490112","92","764597"
"KQ054334v1","922204","922504","GL873561","4066578","4066869","68","3144374"
"KQ054334v1","939401","939751","GL873546","13542628","13542944","96","12603227"
"KQ054334v1","1008882","1009145","GL873536","13622290","13622562","53","12613408"
"KQ054334v1","1150657","1150919","GL873648","588577","588828","70","562080"
"KQ054334v1","1154737","1155035","GL873537","20108472","20108765","71","18953735"
"KQ054334v1","1162911","1163139","GL873566","13161077","13161300","48","11998166"
"KQ054334v1","1163152","1163280","GL873522","41548124","41548261","33","40384972"
"KQ054334v1","1380027","1380154","GL873547","12522741","12522858","36","11142714"
"KQ054334v1","1530519","1530822","GL873570","208301","208614","71","1322218"
"KQ054334v1","1553707","1554011","GL873622","7260042","7260343","66","5706335"
"KQ054334v1","1648125","1648389","GL873547","17720932","17721199","61","16072807"
"KQ054334v1","1732873","1733176","GL873531","29056008","29056304","87","27323135"
"KQ054334v1","1941011","1941257","GL873611","4994670","4994910","56","3053659"
"KQ054334v1","1993749","1994038","GL873528","4452981","4453269","66","2459232"
"KQ054334v1","2013790","2014069","GL873541","18568161","18568434","63","16554371"
"KQ054334v1","2047611","2047915","GL873543","5406105","5406406","66","3358494"
"KQ054334v1","2052029","2052322","GL873537","20108472","20108765","56","18056443"
"KQ054334v1","2057565","2057879","GL873545","20390330","20390642","76","18332765"
"KQ054334v1","2066256","2066404","GL873715","2056021","2056164","34","10235"
"KQ054334v1","2068273","2068572","GL873533","23793613","23793905","71","21725340"
"KQ054334v1","2070942","2071242","GL873531","27860265","27860563","56","25789323"
"KQ054334v1","2103974","2104231","GL873544","12820517","12820779","69","10716543"
"KQ054334v1","2258785","2258997","GL873538","5260521","5260740","51","3001736"
"KQ054334v1","2259003","2259177","GL873536","11946983","11947148","54","9687980"
"KQ054334v1","2328804","2329099","GL873807","795147","795434","67","1533657"
"KQ054334v1","2346062","2346288","GL873566","13161077","13161300","60","10815015"
"KQ054334v1","2423233","2423499","GL873523","22517523","22517774","60","20094290"
"KQ054334v1","2424817","2425119","GL873593","2667655","2667944","70","242838"
"KQ054334v1","2429365","2429665","GL873729","432103","432405","73","1997262"
"KQ054334v1","2434987","2435286","GL873557","5274723","5275025","76","2839736"
"KQ054334v1","2439535","2439833","GL873540","19013371","19013667","83","16573836"
"KQ054334v1","2455203","2455415","GL873579","11042363","11042566","58","8587160"
"KQ054334v1","2456156","2456468","GL873568","4562469","4562774","77","2106313"
"KQ054334v1","2475286","2475306","GL873558","9911706","9911723","7","7436420"
"KQ054334v1","2475344","2475610","GL873523","39114772","39115033","54","36639428"
"KQ054334v1","2485453","2485732","GL873520","43107497","43107782","71","40622044"
"KQ054334v1","2492151","2492445","GL873561","923317","923608","71","1568834"
"KQ054334v1","2503857","2503940","GL873531","16275379","16275462","13","13771522"
"KQ054334v1","2512977","2513267","GL873520","36088702","36088990","61","33575725"
"KQ054334v1","2520438","2520731","GL873542","7302503","7302792","65","4782065"
"KQ054334v1","2559732","2560030","GL873520","38124828","38125119","62","35565096"
"KQ054334v1","2579062","2579241","GL873527","39024119","39024299","39","36445057"
"KQ054334v1","2594666","2594892","GL873532","4184844","4185061","51","1590178"
"KQ054334v1","2627030","2627320","GL873537","23325667","23325965","65","20698637"
"KQ054334v1","2725898","2726207","GL873535","11877698","11878000","61","9151800"
"KQ054334v1","2785196","2785468","GL873533","10253915","10254192","74","7468719"
"KQ054334v1","2831781","2832051","GL873645","4612382","4612641","62","1780601"
"KQ054340v1","33852","34143","GL873525","12236661","12236954","73","12202809"
"KQ054340v1","156494","156797","GL873608","4218070","4218374","63","4061576"
"KQ054340v1","193271","193596","GL873615","5162108","5162422","86","4968837"
"KQ054340v1","360885","361188","GL873686","3287349","3287664","65","2926464"
"KQ054345v1","5987","6291","GL873589","1198468","1198777","68","1192481"
"KQ054345v1","39887","40187","GL873527","25596845","25597139","74","25556958"
"KQ054345v1","46003","46315","GL873615","5162108","5162422","78","5116105"
"KQ054345v1","78927","79224","GL873575","2687372","2687665","65","2608445"
"KQ054345v1","267258","267359","GL873813","632664","632760","25","365406"
"KQ054345v1","311477","311705","GL873607","2571838","2572072","46","2260361"
"KQ054345v1","622832","623140","GL873538","12219285","12219590","58","11596453"
"KQ054345v1","785623","785956","GL873565","6321679","6321988","91","5536056"
"KQ054345v1","821072","821281","GL873637","2716038","2716227","48","1894966"
"KQ054345v1","831917","831989","GL873591","3021316","3021380","16","2189399"
"KQ054345v1","900014","900301","GL873557","11782256","11782544","63","10882242"
"KQ054345v1","908177","908398","GL873730","1129261","1129488","44","221084"
"KQ054345v1","920704","920989","GL873521","53707997","53708279","63","52787293"
"KQ054345v1","982906","983195","GL873528","4452981","4453269","59","3470075"
"KQ054345v1","1023139","1023449","GL873547","8917733","8918044","58","7894594"
"KQ054345v1","1025524","1025800","GL873752","219309","219580","53","806215"
"KQ054345v1","1070606","1070890","GL873570","9393261","9393537","65","8322655"
"KQ054345v1","1168135","1168437","GL873532","21611611","21611905","72","20443476"
"KQ054345v1","1203507","1203786","GL873591","5556474","5556748","75","4352967"
"KQ054345v1","1229931","1230210","GL873520","36088702","36088990","72","34858771"
"KQ054345v1","1239708","1240004","GL873671","1289718","1290012","59","50010"
"KQ054345v1","1251804","1252106","GL873522","24869506","24869801","74","23617702"
"KQ054345v1","1278964","1279256","GL873540","4711812","4712090","63","3432848"
"KQ054345v1","1282556","1282841","GL873752","219309","219580","59","1063247"
"KQ054345v1","1285617","1285905","GL873752","219309","219580","60","1066308"
"KQ054345v1","1327797","1328113","GL873540","22714851","22715162","76","21387054"
"KQ054345v1","1328681","1328768","GL873637","1606597","1606676","24","277916"
"KQ054345v1","1368798","1368888","GL873533","13936820","13936910","13","12568022"
"KQ054345v1","1416793","1416993","GL873545","20415656","20415850","69","18998863"
"KQ054345v1","1418129","1418421","GL873552","11898090","11898392","72","10479961"
"KQ054345v1","1418868","1419174","GL873765","69383","69680","73","1349485"
"KQ054345v1","1420326","1420620","GL873520","38124828","38125119","64","36704502"
"KQ054345v1","1465138","1465441","GL873657","3029272","3029566","59","1564134"
"KQ054345v1","1476581","1476768","GL873536","13158560","13158734","48","11681979"
"KQ054345v1","1477213","1477433","GL873520","40069156","40069375","57","38591943"
"KQ054345v1","1494542","1494815","GL873617","5983273","5983541","72","4488731"
"KQ054345v1","1526062","1526351","GL873544","12852108","12852394","56","11326046"
"KQ054345v1","1532714","1533000","GL873544","12852108","12852394","62","11319394"
"KQ054345v1","1565151","1565459","GL873566","9008836","9009136","67","7443685"
"KQ054345v1","1567525","1567832","GL873530","16695374","16695671","72","15127849"
"KQ054345v1","1589809","1590067","GL873522","36470419","36470671","61","34880610"
"KQ054345v1","1592016","1592309","GL873528","4452981","4453269","62","2860965"
"KQ054345v1","1613482","1613762","GL873586","4074287","4074561","66","2460805"
"KQ054345v1","1644553","1644869","GL873646","325228","325529","78","1319325"
"KQ054345v1","1654777","1655083","GL873593","3982237","3982541","63","2327460"
"KQ054345v1","1657140","1657424","GL873537","23446738","23447017","67","21789598"
"KQ054345v1","1750909","1751193","GL873530","26485863","26486146","61","24734954"
"KQ054345v1","1943663","1943836","GL873524","1211458","1211633","50","732205"
"KQ054345v1","1948461","1948675","GL873659","3366577","3366795","54","1418116"
"KQ054345v1","1952947","1953246","GL873530","6899034","6899333","61","4946087"
"KQ054345v1","1962562","1962808","GL873558","11150358","11150617","63","9187796"
"KQ054345v1","1965405","1965678","GL873531","29723463","29723734","61","27758058"
"KQ054345v1","1975752","1975938","GL873595","5873866","5874050","41","3898114"
"KQ054345v1","1993722","1993907","GL873625","2276581","2276769","47","282859"
"KQ054345v1","2000704","2001003","GL873539","8523806","8524102","67","6523102"
"KQ054345v1","2009929","2010201","GL873547","12497201","12497474","70","10487272"
"KQ054345v1","2035991","2036293","GL873754","1754489","1754787","53","281502"
"KQ054345v1","2043664","2043968","GL873533","16601473","16601777","65","14557809"
"KQ054345v1","2057128","2057192","GL873548","14625193","14625255","16","12568065"
"KQ054345v1","2145622","2145877","GL873523","38481812","38482097","71","36336190"
"KQ054345v1","2181455","2181760","GL873563","5489805","5490109","62","3308350"
"KQ054345v1","2209994","2210288","GL873551","12461548","12461829","67","10251554"
"KQ054345v1","2318045","2318290","GL873587","6465265","6465501","61","4147220"
"KQ054345v1","2351002","2351303","GL873557","6364684","6364991","76","4013682"
"KQ054345v1","2357487","2357780","GL873529","15853658","15853945","64","13496171"
"KQ054345v1","2632710","2632986","GL873520","60382881","60383169","62","57750171"
"KQ054345v1","2834671","2834980","GL873522","25185925","25186218","67","22351254"
"KQ054345v1","2932309","2932600","GL873693","1667356","1667643","61","1264953"
"KQ054345v1","2958901","2958986","GL873522","18622065","18622150","16","15663164"
"KQ054345v1","3035765","3036049","GL873540","4711812","4712090","63","1676047"
"KQ054345v1","3151867","3152160","GL873522","25185925","25186218","61","22034058"
"KQ054345v1","3161319","3161599","GL873531","19349136","19349405","55","16187817"
"KQ054345v1","3229649","3229922","GL873539","2856357","2856613","69","373292"
"KQ054345v1","3339719","3339982","GL873530","29762382","29762641","55","26422663"
"KQ054345v1","3426756","3427060","GL873538","1998739","1999037","77","1428017"
"KQ054345v1","3441199","3441466","GL873804","622681","622948","71","2818518"
"KQ054356v1","199048","199156","GL873780","923171","923278","27","724123"
"KQ054356v1","295423","295693","GL873548","15510967","15511237","57","15215544"
"KQ054356v1","462056","462354","GL873581","7782021","7782312","71","7319965"
"KQ054356v1","586166","586468","GL873625","3330882","3331184","71","2744716"
"KQ054356v1","612767","612938","GL873545","19609367","19609526","46","18996600"
"KQ054356v1","617673","617948","GL873571","11119451","11119729","66","10501778"
"KQ054356v1","623164","623468","GL873615","5162108","5162422","88","4538944"
"KQ054356v1","623475","623738","GL873632","2531304","2531561","75","1907829"
"KQ054356v1","628328","628636","GL873620","6199111","6199413","62","5570783"
"KQ054356v1","632958","633205","GL873624","806268","806521","57","173310"
"KQ054356v1","637799","638036","GL873539","2856357","2856613","64","2218558"
"KQ054356v1","647454","647708","GL873612","2306759","2307011","54","1659305"
"KQ054356v1","686048","686348","GL873575","2687372","2687665","60","2001324"
"KQ054356v1","692203","692497","GL873537","20108472","20108765","60","19416269"
"KQ054356v1","699484","699774","GL873627","5254766","5255045","92","4555282"
"KQ054356v1","700591","700880","GL873572","7510449","7510730","80","6809858"
"KQ054356v1","734698","734934","GL873722","1799236","1799471","52","1064538"
"KQ054356v1","746028","746332","GL873544","19407392","19407690","70","18661364"
"KQ054356v1","776521","776831","GL873593","6523519","6523829","66","5746998"
"KQ054356v1","805480","805641","GL873530","16082476","16082634","36","15276996"
"KQ054356v1","805971","806114","GL873577","130706","130840","35","675265"
"KQ054356v1","807463","807758","GL873538","9930834","9931133","71","9123371"
"KQ054356v1","814607","814895","GL873697","361362","361643","54","453245"
"KQ054356v1","845332","845635","GL873615","5162108","5162422","69","4316776"
"KQ054356v1","865171","865468","GL873572","6984999","6985295","60","6119828"
"KQ054356v1","904555","904846","GL873533","27790671","27790986","66","26886116"
"KQ054356v1","915095","915340","GL873534","23004333","23004577","58","22089238"
"KQ054356v1","930514","930804","GL873589","8355256","8355553","65","7424742"
"KQ054356v1","947420","947691","GL873593","3958983","3959265","63","3011563"
"KQ054356v1","952465","952665","GL873545","20415656","20415850","44","19463191"
"KQ054356v1","966894","966999","GL873645","4825853","4825960","22","3858959"
"KQ054356v1","967317","967416","GL873800","781991","782096","37","185326"
"KQ054356v1","967748","967867","GL873693","2910371","2910480","26","1942623"
"KQ054356v1","967958","968180","GL873595","3448809","3449031","46","2480851"
"KQ054356v1","992018","992312","GL873621","545875","546169","67","446143"
"KQ054356v1","996675","996886","GL873554","13765159","13765371","57","12768484"
"KQ054356v1","1005008","1005129","GL873526","19257262","19257383","25","18252254"
"KQ054356v1","1009358","1009471","GL873612","6042846","6042961","23","5033488"
"KQ054356v1","1012694","1013007","GL873615","5162108","5162422","74","4149414"
"KQ054356v1","1038837","1039149","GL873545","12978830","12979129","72","11939993"
"KQ054356v1","1082522","1082818","GL873557","13215871","13216171","62","12133349"
"KQ054356v1","1085398","1085694","GL873621","545875","546169","68","539523"
"KQ054356v1","1091266","1091556","GL873611","6802065","6802336","77","5710799"
"KQ054356v1","1099817","1099996","GL873537","26260700","26260869","46","25160883"
"KQ054356v1","1100320","1100468","GL873543","13242093","13242230","33","12141773"
"KQ054356v1","1111706","1111927","GL873666","2723695","2723907","52","1611989"
"KQ054356v1","1113813","1113937","GL873538","16126877","16126999","21","15013064"
"KQ054356v1","1117279","1117578","GL873522","4222168","4222461","60","3104889"
"KQ054356v1","1122162","1122439","GL873522","26431469","26431747","51","25309307"
"KQ054356v1","1127465","1127756","GL873533","30534240","30534536","65","29406775"
"KQ054356v1","1146823","1147121","GL873544","12852108","12852394","57","11705285"
"KQ054356v1","1148528","1148833","GL873624","1916988","1917283","70","768460"
"KQ054356v1","1149359","1149665","GL873527","22929623","22929921","70","21780264"
"KQ054356v1","1166022","1166186","GL873528","1120859","1121019","32","45163"
"KQ054356v1","1166510","1166643","GL873531","27435012","27435141","23","26268502"
"KQ054356v1","1172727","1173037","GL873538","12219285","12219590","65","11046558"
"KQ054356v1","1199807","1200074","GL873523","5398253","5398525","63","4198446"
"KQ054356v1","1206638","1206924","GL873687","2386078","2386371","78","1179440"
"KQ054356v1","1211721","1212003","GL873587","2916612","2916896","82","1704891"
"KQ054356v1","1234724","1235025","GL873520","48675796","48676094","64","47441072"
"KQ054356v1","1237703","1238005","GL873538","3757160","3757448","72","2519457"
"KQ054356v1","1273622","1273899","GL873579","984876","985165","55","288746"
"KQ054356v1","1410800","1411086","GL873541","21985689","21985982","54","20574889"
"KQ054356v1","1422458","1422731","GL873628","1375418","1375692","62","47040"
"KQ054356v1","1438452","1438732","GL873542","19678255","19678529","65","18239803"
"KQ054356v1","1439208","1439497","GL873543","2904962","2905248","59","1465754"
"KQ054356v1","1460408","1460709","GL873558","11845040","11845343","53","10384632"
"KQ054356v1","1486309","1486585","GL873613","6387091","6387369","77","4900782"
"KQ054356v1","1491357","1491652","GL873800","736311","736599","57","755046"
"KQ054356v1","1525070","1525365","GL873538","3757160","3757448","64","2232090"
"KQ054356v1","1529265","1529528","GL873586","6311175","6311430","48","4781910"
"KQ054356v1","1532026","1532321","GL873587","2747170","2747463","57","1215144"
"KQ054356v1","1581271","1581573","GL873539","25527772","25528079","63","23946501"
"KQ054356v1","1610924","1611114","GL873524","1211458","1211633","54","399466"
"KQ054356v1","1616414","1616707","GL873544","12852108","12852394","60","11235694"
"KQ054356v1","1624799","1625075","GL873551","9552080","9552357","67","7927281"
"KQ054356v1","1630320","1630621","GL873557","7267236","7267535","73","5636916"
"KQ054356v1","1637802","1638089","GL873561","9648596","9648877","68","8010794"
"KQ054356v1","1640446","1640632","GL873737","1470076","1470256","48","170370"
"KQ054356v1","1663609","1663867","GL873607","1421139","1421397","71","242470"
"KQ054356v1","1667597","1667881","GL873544","18629747","18630035","76","16962150"
"KQ054356v1","1688428","1688712","GL873540","4711812","4712090","59","3023384"
"KQ054356v1","1691269","1691542","GL873520","8214484","8214752","83","6523215"
"KQ054356v1","1691937","1692243","GL873557","5391009","5391313","64","3699072"
"KQ054356v1","1699326","1699605","GL873630","3759098","3759376","73","2059772"
"KQ054356v1","1709408","1709711","GL873537","20108472","20108765","60","18399064"
"KQ054356v1","1713422","1713677","GL873527","37009121","37009363","71","35295699"
"KQ054356v1","1742297","1742529","GL873550","8267677","8267916","71","6525380"
"KQ054356v1","1761353","1761612","GL873549","2141886","2142132","67","380533"
"KQ054356v1","1773003","1773292","GL873538","2064446","2064736","66","291443"
"KQ054356v1","1773531","1773596","GL873559","1508712","1508769","22","264819"
"KQ054356v1","1775276","1775566","GL873633","4510855","4511144","56","2735579"
"KQ054356v1","1778506","1778795","GL873523","7327314","7327595","64","5548808"
"KQ054356v1","1781249","1781580","GL873615","5162108","5162422","87","3380859"
"KQ054356v1","1790811","1791088","GL873723","268428","268703","60","1522383"
"KQ054356v1","1799524","1799830","GL873524","42232674","42232980","73","40433150"
"KQ054356v1","1801417","1801611","GL873520","24041268","24041456","54","22239851"
"KQ054356v1","1839950","1840246","GL873625","3330882","3331184","67","1490932"
"KQ054356v1","1851761","1852057","GL873543","2139452","2139746","54","287691"
"KQ054356v1","1863369","1863666","GL873585","988711","989007","68","874658"
"KQ054356v1","1868322","1868617","GL873545","12978830","12979129","62","11110508"
"KQ054356v1","1919729","1920023","GL873657","3029272","3029566","70","1109543"
"KQ054356v1","1929585","1929878","GL873545","13698150","13698456","74","11768565"
"KQ054356v1","1955623","1955745","GL873664","1347718","1347839","19","607905"
"KQ054356v1","1976661","1976937","GL873534","21271197","21271474","74","19294536"
"KQ054356v1","1980040","1980158","GL873520","16925416","16925538","23","14945376"
"KQ054356v1","1980165","1980452","GL873571","7870374","7870657","80","5890209"
"KQ054356v1","2001858","2002070","GL873646","751820","752051","59","1250038"
"KQ054356v1","2011562","2011843","GL873561","9330005","9330309","72","7318443"
"KQ054356v1","2020349","2020649","GL873544","10503361","10503660","54","8483012"
"KQ054356v1","2058182","2058484","GL873531","27860265","27860563","61","25802083"
"KQ054356v1","2058818","2059117","GL873522","4222168","4222461","66","2163350"
"KQ054356v1","2087468","2087770","GL873544","19347362","19347661","71","17259894"
"KQ054356v1","2090478","2090752","GL873532","17044604","17044891","72","14954126"
"KQ054356v1","2098123","2098356","GL873605","2289313","2289533","63","191190"
"KQ054356v1","2103166","2103454","GL873562","5077584","5077879","58","2974418"
"KQ054356v1","2135871","2136174","GL873678","899224","899530","76","1236647"
"KQ054356v1","2164461","2164759","GL873596","3562116","3562414","75","1397655"
"KQ054356v1","2165606","2165897","GL873666","2919280","2919561","84","753674"
"KQ054356v1","2173384","2173699","GL873586","3644350","3644652","67","1470966"
"KQ054356v1","2256071","2256383","GL873552","9485985","9486288","76","7229914"
"KQ054356v1","2279493","2279672","GL873571","288114","288301","42","1991379"
"KQ054356v1","2303786","2304083","GL873677","2340073","2340369","75","36287"
"KQ054356v1","2311354","2311538","GL873553","7984760","7984935","53","5673406"
"KQ054356v1","2335437","2335727","GL873566","9408956","9409235","70","7073519"
"KQ054356v1","2338180","2338469","GL873754","1677368","1677657","59","660812"
"KQ054356v1","2358268","2358554","GL873646","643327","643616","66","1714941"
"KQ054356v1","2369404","2369711","GL873577","10149931","10150226","67","7780527"
"KQ054356v1","2372105","2372388","GL873539","2531227","2531508","70","159122"
"KQ054356v1","2383655","2383947","GL873577","10149931","10150226","73","7766276"
"KQ054356v1","2404914","2405228","GL873538","3757160","3757448","80","1352246"
"KQ054356v1","2408307","2408569","GL873563","9713700","9713970","55","7305393"
"KQ054356v1","2476080","2476381","GL873540","19013371","19013667","61","16537291"
"KQ054356v1","2592582","2592922","GL873720","1268124","1268434","93","1324458"
"KQ054356v1","2597103","2597385","GL873538","11361515","11361800","61","8764412"
"KQ054356v1","2637820","2637940","GL873721","457803","457924","18","2180017"
"KQ054356v1","2640661","2640964","GL873523","32494078","32494381","75","29853417"
"KQ054356v1","2641917","2641997","GL873538","17481108","17481179","22","14839191"
"KQ054356v1","2665209","2665379","GL873531","2636452","2636619","50","28757"
"KQ054356v1","2676867","2677166","GL873527","8309922","8310213","73","5633055"
"KQ054356v1","2710246","2710523","GL873738","173958","174233","58","2536288"
"KQ054356v1","2721932","2722248","GL873521","14770148","14770457","77","12048216"
"KQ054356v1","2723485","2723789","GL873532","16063689","16063996","58","13340204"
"KQ054356v1","2743693","2743961","GL873547","14329017","14329292","86","11585324"
"KQ054356v1","2747076","2747367","GL873522","25185925","25186218","58","22438849"
"KQ054356v1","2751549","2751834","GL873593","2667655","2667944","62","83894"
"KQ054356v1","2764964","2765239","GL873535","14643621","14643882","65","11878657"
"KQ054356v1","2772659","2772918","GL874040","7263","7521","68","2765396"
"KQ054356v1","2774150","2774419","GL873550","13679772","13680030","74","10905622"
"KQ054356v1","2774606","2774888","GL873691","1964797","1965080","67","809809"
"KQ054356v1","2776091","2776413","GL873523","8076383","8076689","72","5300292"
"KQ054356v1","2837273","2837558","GL873620","7369000","7369291","59","4531727"
"KQ054356v1","2840156","2840455","GL873550","12835358","12835652","65","9995202"
"KQ054356v1","2852281","2852575","GL873666","772037","772320","74","2080244"
"KQ054356v1","2865345","2865462","GL873834","415652","415774","23","2449693"
"KQ054356v1","2897568","2897697","GL873646","1649806","1649939","27","1247762"
"KQ054356v1","2899309","2899549","GL873545","6768043","6768279","66","3868734"
"KQ054356v1","2908757","2909052","GL873525","43173626","43173897","81","40264869"
"KQ054356v1","2913376","2913508","GL873544","11860634","11860766","26","8947258"
"KQ054356v1","2947809","2948110","GL873524","42149014","42149308","57","39201205"
"KQ054357v1","5234","5508","GL873545","13984012","13984287","55","13978778"
"KQ054359v1","705","999","GL873527","22929623","22929921","60","22928918"
"KQ054361v1","6848","7142","GL873596","3562116","3562414","70","3555268"
"KQ054363v1","7836","8086","GL873538","15722302","15722548","71","15714466"
"KQ054363v1","9120","9366","GL873538","15722302","15722548","86","15713182"
"KQ054364v1","4655","4909","GL873563","3383434","3383704","66","3378779"
"KQ054367v1","2097086","2097303","GL873521","4504046","4504259","49","2406960"
"KQ054367v1","2883307","2883622","GL873701","1733044","1733352","82","1150263"
"KQ054367v1","23228","23369","GL873527","11423704","11423843","36","11400476"
"KQ054367v1","27518","27733","GL873526","40957560","40957777","53","40930042"
"KQ054367v1","47418","47691","GL873541","2106436","2106721","79","2059018"
"KQ054367v1","61972","62284","GL873535","12414612","12414904","80","12352640"
"KQ054367v1","83634","84011","GL873538","10969217","10969568","124","10885583"
"KQ054367v1","119947","120229","GL873693","2634108","2634374","71","2514161"
"KQ054367v1","124785","125057","GL873538","12893028","12893304","75","12768243"
"KQ054367v1","131713","131984","GL873693","2634108","2634374","72","2502395"
"KQ054367v1","140299","140558","GL873547","9076543","9076808","80","8936244"
"KQ054367v1","144683","144998","GL873557","10964192","10964504","77","10819509"
"KQ054367v1","171703","172009","GL873561","9330005","9330309","60","9158302"
"KQ054367v1","179385","179518","GL873544","17781931","17782065","28","17602546"
"KQ054367v1","198165","198416","GL873565","9724105","9724364","54","9525940"
"KQ054367v1","202751","203019","GL873620","2597142","2597399","74","2394391"
"KQ054367v1","276352","276533","GL873533","2655543","2655710","53","2379191"
"KQ054367v1","314507","314790","GL873575","2687372","2687665","68","2372865"
"KQ054367v1","324491","324754","GL873752","219309","219580","67","105182"
"KQ054367v1","356311","356613","GL873538","1998739","1999037","51","1642428"
"KQ054367v1","385642","385923","GL873752","219309","219580","51","166333"
"KQ054367v1","399628","399897","GL873661","1095299","1095581","65","695671"
"KQ054367v1","489317","489574","GL873606","8335222","8335500","69","7845905"
"KQ054367v1","536149","536438","GL873537","20108472","20108765","60","19572323"
"KQ054367v1","543262","543568","GL873540","22714851","22715162","66","22171589"
"KQ054367v1","587702","587965","GL873595","2912084","2912340","54","2324382"
"KQ054367v1","608031","608324","GL873538","24663308","24663595","63","24055277"
"KQ054367v1","609923","610245","GL873595","2887986","2888294","79","2278063"
"KQ054367v1","665711","666016","GL873737","1634714","1635008","71","969003"
"KQ054367v1","681907","682172","GL873586","8120080","8120363","66","7438173"
"KQ054367v1","886296","886576","GL873771","1348287","1348573","79","461991"
"KQ054367v1","1017062","1017368","GL873541","21712899","21713198","75","20695837"
"KQ054367v1","1130323","1130625","GL873538","23098878","23099170","63","21968555"
"KQ054367v1","1195723","1196022","GL873610","5611406","5611710","64","4415683"
"KQ054367v1","1228713","1228888","GL873582","10702530","10702701","47","9473817"
"KQ054367v1","1237902","1238188","GL873602","4468358","4468638","73","3230456"
"KQ054367v1","1250541","1250741","GL873537","27256820","27257025","53","26006279"
"KQ054367v1","1320001","1320282","GL873700","423134","423410","71","896867"
"KQ054367v1","1407310","1407595","GL873548","16911479","16911770","64","15504169"
"KQ054367v1","1456348","1456641","GL873593","2667655","2667944","59","1211307"
"KQ054367v1","1457871","1457991","GL873531","5068193","5068311","24","3610322"
"KQ054367v1","1467564","1467843","GL873535","25840890","25841174","68","24373326"
"KQ054367v1","1492096","1492377","GL873571","6475063","6475319","67","4982967"
"KQ054367v1","1512423","1512720","GL873557","6459428","6459723","67","4947005"
"KQ054367v1","1515561","1515842","GL873571","1529625","1529909","58","14064"
"KQ054367v1","1538849","1538973","GL873834","415652","415774","19","1123197"
"KQ054367v1","1664045","1664164","GL873587","448922","449042","24","1215123"
"KQ054367v1","1788718","1789027","GL873720","1268124","1268434","67","520594"
"KQ054367v1","1852174","1852432","GL873611","4994670","4994910","62","3142496"
"KQ054367v1","1854041","1854157","GL873568","4406639","4406748","22","2552598"
"KQ054367v1","1901123","1901418","GL873553","7968267","7968561","59","6067144"
"KQ054367v1","2078924","2079222","GL873537","20108472","20108765","59","18029548"
"KQ054367v1","2082123","2082431","GL873691","3399404","3399711","66","1317281"
"KQ054367v1","2117056","2117366","GL873530","13355158","13355465","74","11238102"
"KQ054367v1","2146078","2146372","GL873657","3029272","3029566","71","883194"
"KQ054367v1","2182216","2182500","GL873536","16187329","16187604","80","14005113"
"KQ054367v1","2190112","2190389","GL873533","23633726","23633993","59","21443614"
"KQ054367v1","2209513","2209797","GL873629","2465427","2465711","73","255914"
"KQ054367v1","2265664","2265959","GL873537","20108472","20108765","61","17842808"
"KQ054367v1","2272033","2272299","GL873608","1769381","1769651","75","502652"
"KQ054367v1","2275332","2275628","GL873529","9421454","9421749","64","7146122"
"KQ054367v1","2286670","2286857","GL873569","11158685","11158869","48","8872015"
"KQ054367v1","2314124","2314415","GL873531","27860265","27860563","50","25546141"
"KQ054367v1","2323383","2323625","GL873520","38729253","38729479","69","36405870"
"KQ054367v1","2334172","2334433","GL873528","429727","429989","74","1904445"
"KQ054367v1","2371988","2372185","GL873611","3356207","3356402","62","984219"
"KQ054367v1","2431343","2431645","GL873673","4218625","4218921","70","1787282"
"KQ054367v1","2477152","2477394","GL873688","28542","28776","75","2448610"
"KQ054367v1","2511659","2511961","GL873601","4674697","4675002","76","2163038"
"KQ054367v1","2558603","2558891","GL873586","3828887","3829179","70","1270284"
"KQ054367v1","2600099","2600305","GL873571","3578827","3579035","55","978728"
"KQ054367v1","2661245","2661532","GL873520","16709587","16709864","69","14048342"
"KQ054367v1","2674021","2674332","GL873595","863249","863561","74","1810772"
"KQ054367v1","2682690","2682998","GL873595","863249","863561","76","1819441"
"KQ054367v1","2692680","2692969","GL873586","3828887","3829179","75","1136207"
"KQ054367v1","2740409","2740702","GL873547","12234315","12234581","76","9493906"
"KQ054367v1","2781099","2781393","GL873584","6966592","6966895","73","4185493"
"KQ054367v1","2896797","2897089","GL873607","5741170","5741465","68","2844373"
"KQ054367v1","2992959","2993194","GL873586","9651668","9651899","60","6658709"
"KQ054367v1","3063419","3063699","GL873577","10149931","10150226","78","7086512"
"KQ054367v1","3073021","3073220","GL873521","1495965","1496171","55","1577056"
"KQ054367v1","3090152","3090421","GL873547","11846620","11846894","74","8756468"
"KQ054367v1","3098438","3098732","GL873584","9965935","9966225","66","6867497"
"KQ054367v1","3140155","3140409","GL873623","1894661","1894923","71","1245494"
"KQ054369v1","19806","20096","GL873567","10304739","10305017","103","10284933"
"KQ054370v1","128471","128697","GL873653","545730","545966","69","417259"
"KQ054372v1","3981","4224","GL873548","17984115","17984359","65","17980134"
"KQ054375v1","17982","18285","GL873570","7082551","7082849","65","7064569"
"KQ054378v1","9415","9537","GL873542","11494580","11494704","25","11485165"
"KQ054378v1","32749","32859","GL873548","16802881","16802994","23","16770132"
"KQ054378v1","40191","40439","GL873523","23994445","23994706","73","23954254"
"KQ054378v1","76284","76525","GL873526","4830085","4830323","77","4753801"
"KQ054378v1","112870","113175","GL873520","48675796","48676094","64","48562926"
"KQ054378v1","115041","115288","GL873547","6988081","6988322","59","6873040"
"KQ054378v1","198835","199063","GL873533","1309690","1309910","49","1110855"
"KQ054378v1","206737","207033","GL873607","297784","298070","59","91047"
"KQ054378v1","254082","254377","GL873800","736311","736599","54","482229"
"KQ054378v1","258831","259129","GL873577","10149931","10150226","63","9891100"
"KQ054378v1","265280","265563","GL873530","26485863","26486146","67","26220583"
"KQ054378v1","396399","396700","GL873530","24363122","24363429","71","23966723"
"KQ054378v1","426633","426924","GL873643","2578666","2578944","75","2152033"
"KQ054378v1","667302","667600","GL873546","13542628","13542944","79","12875326"
"KQ054378v1","668207","668320","GL873584","625831","625942","22","42376"
"KQ054378v1","995671","995979","GL873523","28431022","28431322","66","27435351"
"KQ054378v1","1004846","1005066","GL873561","571094","571301","56","433752"
"KQ054378v1","1021735","1021987","GL873529","20997384","20997641","60","19975649"
"KQ054378v1","1050322","1050601","GL873709","1487557","1487853","64","437235"
"KQ054378v1","1094999","1095294","GL873570","9532646","9532938","55","8437647"
"KQ054378v1","1118532","1118732","GL873672","1902668","1902865","36","784136"
"KQ054378v1","1121039","1121331","GL873586","3828887","3829179","75","2707848"
"KQ054378v1","1132023","1132217","GL873643","5291149","5291318","56","4159126"
"KQ054378v1","1144791","1145097","GL873615","5162108","5162422","56","4017317"
"KQ054378v1","1227099","1227213","GL873568","10867110","10867231","27","9640011"
"KQ054378v1","1228586","1228814","GL873575","7465616","7465847","54","6237030"
"KQ054378v1","1248795","1249071","GL873660","743632","743918","67","505163"
"KQ054378v1","1301974","1302273","GL873537","20108472","20108765","60","18806498"
"KQ054378v1","1309975","1310256","GL873536","27318293","27318570","63","26008318"
"KQ054378v1","1365699","1365895","GL873539","26980830","26981031","41","25615131"
"KQ054378v1","1389133","1389411","GL873528","17703992","17704266","72","16314859"
"KQ054378v1","1412953","1413226","GL873532","13087138","13087416","78","11674185"
"KQ054378v1","1429492","1429864","GL873637","2233703","2234068","122","804211"
"KQ054378v1","1436546","1436827","GL873629","2465427","2465711","58","1028881"
"KQ054378v1","1483005","1483306","GL873530","17375868","17376165","58","15892863"
"KQ054378v1","1547456","1547754","GL873555","7259499","7259796","58","5712043"
"KQ054378v1","1561570","1561844","GL873656","467505","467778","63","1094065"
"KQ054378v1","1565641","1565806","GL873528","1120859","1121019","42","444782"
"KQ054378v1","1575927","1576232","GL873556","451239","451541","73","1124688"
"KQ054378v1","1587995","1588261","GL873526","4378725","4378983","69","2790730"
"KQ054378v1","1588768","1589060","GL873528","5032075","5032370","50","3443307"
"KQ054378v1","1600633","1600748","GL873679","188241","188357","16","1412392"
"KQ054378v1","1610383","1610690","GL873563","5489805","5490109","60","3879422"
"KQ054378v1","1633531","1633707","GL873742","616637","616810","51","1016894"
"KQ054378v1","1683891","1684223","GL873720","1268124","1268434","86","415767"
"KQ054378v1","1707236","1707480","GL873527","10603696","10603933","55","8896460"
"KQ054378v1","1735862","1736086","GL873526","10173256","10173455","63","8437394"
"KQ054378v1","1745096","1745368","GL873532","12863813","12864092","69","11118717"
"KQ054378v1","1746452","1746681","GL873521","2847418","2847642","44","1100966"
"KQ054378v1","1749507","1749738","GL873610","2983794","2984019","46","1234287"
"KQ054378v1","1760801","1761103","GL873575","2687372","2687665","71","926571"
"KQ054378v1","1768285","1768570","GL873782","417230","417511","69","1351055"
"KQ054378v1","1769201","1769499","GL873556","996424","996728","70","772777"
"KQ054378v1","1769981","1770291","GL873544","9845241","9845544","63","8075260"
"KQ054378v1","1772922","1773197","GL873612","273209","273490","65","1499713"
"KQ054378v1","1801761","1801902","GL873543","11746066","11746208","40","9944305"
"KQ054378v1","1809064","1809284","GL873527","13236396","13236610","52","11427332"
"KQ054378v1","1811551","1811709","GL873647","3571669","3571828","37","1760118"
"KQ054378v1","1819036","1819218","GL873627","2001982","2002169","57","182946"
"KQ054378v1","1844382","1844682","GL873533","15015660","15015953","65","13171278"
"KQ054378v1","1877919","1878216","GL873550","9775132","9775420","74","7897213"
"KQ054378v1","1888715","1888927","GL873524","19065990","19066189","60","17177275"
"KQ054378v1","1890085","1890384","GL873543","2139452","2139746","60","249367"
"KQ054378v1","1928536","1928827","GL873544","12852108","12852394","47","10923572"
"KQ054378v1","1951536","1951838","GL873528","4452981","4453269","74","2501445"
"KQ054378v1","1970365","1970658","GL873540","19013371","19013667","69","17043006"
"KQ054378v1","1978558","1978856","GL873533","24205249","24205546","66","22226691"
"KQ054378v1","1981873","1982168","GL873542","8032564","8032870","68","6050691"
"KQ054378v1","1983661","1983934","GL873579","823090","823369","61","1160571"
"KQ054378v1","2001123","2001349","GL873624","6059784","6060005","67","4058661"
"KQ054378v1","2005315","2005613","GL873545","12978830","12979129","61","10973515"
"KQ054378v1","2013537","2013847","GL873547","8917733","8918044","66","6904196"
"KQ054378v1","2024924","2025145","GL873576","7334099","7334313","49","5309175"
"KQ054378v1","2026527","2026842","GL873547","8917733","8918044","63","6891206"
"KQ054378v1","2054996","2055291","GL873524","42149014","42149308","57","40094018"
"KQ054378v1","2089863","2090155","GL873569","10832503","10832794","59","8742640"
"KQ054378v1","2103627","2103928","GL873528","37402783","37403082","68","35299156"
"KQ054378v1","2113848","2114043","GL873607","3056778","3056972","54","942930"
"KQ054378v1","2119105","2119397","GL873616","7318626","7318922","64","5199521"
"KQ054378v1","2144551","2144781","GL873678","1324462","1324678","70","820089"
"KQ054378v1","2147022","2147326","GL873720","1268124","1268434","60","878898"
"KQ054381v1","4180","4383","GL873572","6196992","6197190","67","6192812"
"KQ054389v1","6369","6669","GL873562","5328731","5329017","76","5322362"
"KQ054389v1","120768","121048","GL873522","40882669","40882954","71","40761901"
"KQ054389v1","310667","310972","GL873530","28263781","28264089","66","27953114"
"KQ054389v1","327204","327497","GL873544","12852108","12852394","68","12524904"
"KQ054389v1","350428","350719","GL873531","27860265","27860563","66","27509837"
"KQ054389v1","370457","370613","GL873592","4331175","4331344","51","3960718"
"KQ054389v1","422291","422551","GL873565","3583321","3583574","54","3161030"
"KQ054389v1","450612","450909","GL873593","6705754","6706041","78","6255142"
"KQ054389v1","493450","493715","GL873534","15140925","15141195","64","14647475"
"KQ054389v1","517435","517748","GL873672","1709921","1710225","93","1192486"
"KQ054389v1","555238","555518","GL873520","25268048","25268321","69","24712810"
"KQ054389v1","572069","572346","GL873525","12358347","12358612","78","11786278"
"KQ054389v1","579104","579369","GL873632","5546235","5546488","52","4967131"
"KQ054389v1","630731","631016","GL873697","2854121","2854403","67","2223390"
"KQ054389v1","643176","643453","GL873579","3219733","3220019","74","2576557"
"KQ054389v1","663673","663846","GL873530","16215829","16216006","45","15552156"
"KQ054389v1","668226","668282","GL873606","6117206","6117261","11","5448980"
"KQ054389v1","685408","685616","GL873674","3921866","3922072","56","3236458"
"KQ054389v1","692480","692763","GL873752","219309","219580","61","473171"
"KQ054389v1","704449","704747","GL873529","17122097","17122389","67","16417648"
"KQ054389v1","787086","787386","GL873558","11845040","11845343","58","11057954"
"KQ054389v1","794594","794887","GL873657","3029272","3029566","68","2234678"
"KQ054389v1","810496","810761","GL873540","3122886","3123144","60","2312390"
"KQ054389v1","814807","815098","GL873657","3029272","3029566","63","2214465"
"KQ054389v1","822927","823264","GL873715","1471860","1472165","98","648933"
"KQ054389v1","897459","897626","GL873678","1555223","1555380","48","657764"
"KQ054389v1","898747","898909","GL873678","1555223","1555380","44","656476"
"KQ054389v1","930896","931204","GL873690","3069471","3069778","70","2138575"
"KQ054389v1","962197","962530","GL873537","15292994","15293313","100","14330797"
"KQ054389v1","1022753","1022952","GL873550","14886379","14886570","46","13863626"
"KQ054389v1","1074975","1075282","GL873527","14161274","14161571","64","13086299"
"KQ054389v1","1082004","1082314","GL873542","8032564","8032870","69","6950560"
"KQ054389v1","1113631","1113913","GL873535","15017675","15017969","74","13904044"
"KQ054389v1","1123745","1124002","GL873557","8943966","8944228","74","7820221"
"KQ054389v1","1124479","1124795","GL873587","2328026","2328327","76","1203547"
"KQ054389v1","1179346","1179475","GL873533","30313670","30313790","30","29134324"
"KQ054389v1","1212831","1213119","GL873546","13083519","13083805","67","11870688"
"KQ054389v1","1254998","1255307","GL873720","1268124","1268434","71","13126"
"KQ054389v1","1258589","1258696","GL873675","3378351","3378453","23","2119762"
"KQ054389v1","1282954","1283239","GL873693","2634108","2634374","68","1351154"
"KQ054389v1","1285864","1286164","GL873523","28431022","28431322","66","27145158"
"KQ054389v1","1293909","1294207","GL873536","10758806","10759104","72","9464897"
"KQ054389v1","1309210","1309483","GL873611","6802065","6802336","74","5492855"
"KQ054389v1","1309504","1309712","GL873528","6359335","6359545","56","5049831"
"KQ054389v1","1350056","1350360","GL873529","21217304","21217621","101","19867248"
"KQ054389v1","1356518","1356793","GL873542","11639485","11639766","59","10282967"
"KQ054389v1","1364589","1364849","GL873540","20714394","20714639","66","19349805"
"KQ054389v1","1390995","1391277","GL873526","27363782","27364052","72","25972787"
"KQ054389v1","1403283","1403578","GL873536","12277241","12277538","70","10873958"
"KQ054389v1","1404015","1404276","GL873752","219309","219580","73","1184706"
"KQ054389v1","1405368","1405524","GL873524","3213625","3213783","47","1808257"
"KQ054389v1","1424260","1424549","GL873520","60547712","60548005","63","59123452"
"KQ054389v1","1429153","1429431","GL873526","41237088","41237359","68","39807935"
"KQ054389v1","1468805","1469016","GL873677","3518199","3518384","63","2049394"
"KQ054389v1","1501574","1501839","GL873587","5017774","5018038","61","3516200"
"KQ054389v1","1504065","1504336","GL873554","13838355","13838617","51","12334290"
"KQ054389v1","1548704","1548987","GL873596","8378412","8378699","66","6829708"
"KQ054389v1","1625424","1625718","GL873544","12852108","12852394","65","11226684"
"KQ054389v1","1627470","1627783","GL873661","403096","403407","69","1224374"
"KQ054389v1","1657332","1657633","GL873691","2033910","2034209","64","376578"
"KQ054389v1","1662645","1662950","GL873720","1268124","1268434","70","394521"
"KQ054389v1","1721201","1721505","GL873686","584235","584523","74","1136966"
"KQ054389v1","2009956","2010255","GL873609","473011","473302","78","1536945"
"KQ054389v1","2050106","2050380","GL873526","8965429","8965699","58","6915323"
"KQ054389v1","2105943","2106082","GL873543","13242093","13242230","27","11136150"
"KQ054389v1","2111919","2112178","GL873565","1322212","1322476","69","789707"
"KQ054389v1","2135429","2135730","GL873537","20108472","20108765","59","17973043"
"KQ054389v1","2158456","2158726","GL873752","219309","219580","59","1939147"
"KQ054389v1","2262944","2263051","GL873563","6941097","6941205","21","4678153"
"KQ054389v1","2263086","2263253","GL873605","4160148","4160313","36","1897062"
"KQ054389v1","2267036","2267331","GL873526","21819455","21819728","61","19552419"
"KQ054389v1","2380899","2381200","GL873531","3746779","3747072","82","1365880"
"KQ054389v1","2385857","2386136","GL873547","17720932","17721199","71","15335075"
"KQ054389v1","2953484","2953742","GL873546","14815409","14815678","61","11861925"
"KQ054398v1","5454","5738","GL873532","29144513","29144792","80","29139059"
"KQ054400v1","58476","58761","GL873752","509104","509379","67","450628"
"KQ054400v1","90364","90669","GL873664","4813585","4813876","75","4723221"
"KQ054400v1","97902","98128","GL873749","1782543","1782769","53","1684641"
"KQ054400v1","124216","124515","GL873577","10149931","10150226","66","10025715"
"KQ054400v1","131731","132000","GL873558","10449400","10449656","85","10317669"
"KQ054400v1","175702","176012","GL873574","2979143","2979454","76","2803441"
"KQ054400v1","187809","187942","GL873667","3419386","3419516","44","3231577"
"KQ054400v1","273983","274157","GL873681","3131614","3131780","46","2857631"
"KQ054400v1","274199","274283","GL873558","2480846","2480934","16","2206647"
"KQ054400v1","277014","277312","GL873529","14587588","14587876","74","14310574"
"KQ054400v1","278871","279173","GL873636","3104548","3104855","61","2825677"
"KQ054400v1","302089","302386","GL873544","20315778","20316071","57","20013689"
"KQ054400v1","310540","310842","GL873543","5406105","5406406","48","5095565"
"KQ054400v1","311776","312066","GL873538","3757160","3757448","58","3445384"
"KQ054400v1","312155","312441","GL873638","1482621","1482900","51","1170466"
"KQ054400v1","321616","321887","GL873535","9738591","9738868","68","9416975"
"KQ054400v1","330695","330988","GL873535","12038298","12038580","77","11707603"
"KQ054400v1","338957","339247","GL873663","2383516","2383802","63","2044559"
"KQ054400v1","350363","350603","GL873536","7924931","7925158","61","7574568"
"KQ054400v1","351280","351394","GL873796","536564","536680","32","185284"
"KQ054400v1","370621","370940","GL873545","13698150","13698456","79","13327529"
"KQ054400v1","382153","382433","GL873612","273209","273490","57","108944"
"KQ054400v1","384428","384733","GL873720","1268124","1268434","65","883696"
"KQ054400v1","404546","404842","GL873646","5530496","5530792","57","5125950"
"KQ054400v1","416056","416259","GL873523","24005577","24005782","55","23589521"
"KQ054400v1","416312","416478","GL873526","12622785","12622953","44","12206473"
"KQ054400v1","417028","417299","GL873601","7074690","7074961","88","6657662"
"KQ054400v1","431195","431365","GL873595","4649390","4649548","39","4218195"
"KQ054400v1","431955","432220","GL873752","219309","219580","66","212646"
"KQ054400v1","443958","444255","GL873631","6629455","6629755","60","6185497"
"KQ054400v1","448726","449024","GL873712","852389","852674","57","403663"
"KQ054400v1","453132","453397","GL873526","17110885","17111154","60","16657753"
"KQ054400v1","459116","459406","GL873557","10945244","10945534","76","10486128"
"KQ054400v1","479119","479379","GL873589","7679708","7679981","63","7200589"
"KQ054400v1","479393","479534","GL873543","13242093","13242230","33","12762700"
"KQ054400v1","503934","504053","GL873596","2162768","2162890","17","1658834"
"KQ054400v1","516385","516681","GL873530","17375868","17376165","57","16859483"
"KQ054400v1","530135","530342","GL873533","23680427","23680639","52","23150292"
"KQ054400v1","565148","565432","GL873526","11964670","11964947","66","11399522"
"KQ054400v1","567099","567361","GL873738","1635488","1635766","58","1068389"
"KQ054400v1","574905","575027","GL873521","37530315","37530441","24","36955410"
"KQ054400v1","633635","633717","GL873522","38402085","38402168","22","37768450"
"KQ054400v1","633754","633889","GL873576","7180003","7180135","36","6546249"
"KQ054400v1","727432","727713","GL873522","40388442","40388729","67","39661010"
"KQ054400v1","743530","743802","GL873691","1332059","1332338","62","588529"
"KQ054400v1","755590","755882","GL873537","20108472","20108765","82","19352882"
"KQ054400v1","758645","758934","GL873527","36330801","36331080","85","35572156"
"KQ054400v1","763572","763816","GL873538","11416277","11416524","73","10652705"
"KQ054400v1","766300","766592","GL873527","36330801","36331080","81","35564501"
"KQ054400v1","769107","769378","GL873538","11416277","11416524","92","10647170"
"KQ054400v1","773837","774124","GL873529","20795222","20795510","89","20021385"
"KQ054400v1","805244","805455","GL873540","5043779","5043987","58","4238535"
"KQ054400v1","812212","812474","AAQR03194897","257","516","55","811955"
"KQ054400v1","817123","817402","GL873587","2747170","2747463","62","1930047"
"KQ054400v1","832595","832880","GL873522","24812650","24812943","74","23980055"
"KQ054400v1","833738","834042","GL873591","6395821","6396131","68","5562083"
"KQ054400v1","895265","895476","GL873536","29663626","29663834","71","28768361"
"KQ054400v1","955069","955355","GL873579","2665523","2665809","70","1710454"
"KQ054400v1","956629","956897","GL873545","10360615","10360887","61","9403986"
"KQ054400v1","1001894","1002197","GL873720","1268124","1268434","56","266230"
"KQ054400v1","1045338","1045636","GL873561","923317","923608","60","122021"
"KQ054400v1","1057111","1057373","GL873534","1599256","1599518","54","542145"
"KQ054400v1","1060266","1060543","GL873522","26431469","26431747","52","25371203"
"KQ054400v1","1116595","1116885","GL873685","2541658","2541930","68","1425063"
"KQ054400v1","1122555","1122826","GL873576","7005736","7005999","60","5883181"
"KQ054400v1","1128432","1128554","GL873528","4567428","4567552","24","3438996"
"KQ054400v1","1161892","1162184","GL873561","5411490","5411778","58","4249598"
"KQ054400v1","1205603","1205620","GL873589","8475713","8475730","5","7270110"
"KQ054400v1","1205750","1206048","GL873523","7327314","7327595","76","6121564"
"KQ054400v1","1212857","1212984","GL873537","6930739","6930868","24","5717882"
"KQ054400v1","1228951","1229080","GL873540","11431093","11431221","28","10202142"
"KQ054400v1","1250403","1250630","GL873602","8582913","8583144","77","7332510"
"KQ054400v1","1321867","1322008","GL873570","11312154","11312300","48","9990287"
"KQ054400v1","1402980","1403272","GL873660","743632","743918","73","659348"
"KQ054400v1","1448857","1449099","GL873531","6081940","6082177","65","4633083"
"KQ054400v1","1461035","1461326","GL873575","2687372","2687665","60","1226337"
"KQ054400v1","1469300","1469558","GL873527","24552205","24552484","73","23082905"
"KQ054400v1","1473967","1474236","GL873721","269694","269963","63","1204273"
"KQ054400v1","1516634","1516924","GL873561","13826809","13827093","58","12310175"
"KQ054400v1","1569609","1569810","GL873520","42644555","42644741","52","41074946"
"KQ054400v1","1570138","1570252","GL873692","1575532","1575641","26","5394"
"KQ054400v1","1610390","1610523","GL873768","1020794","1020920","29","589596"
"KQ054400v1","1633042","1633171","GL873553","8434905","8435034","29","6801863"
"KQ054400v1","1660165","1660438","GL873526","21819455","21819728","67","20159290"
"KQ054400v1","1680346","1680636","GL873577","10149931","10150226","70","8469585"
"KQ054400v1","1687164","1687452","GL873752","219309","219580","61","1467855"
"KQ054400v1","1694985","1695269","GL873544","12852108","12852394","62","11157123"
"KQ054400v1","1703309","1703504","GL873577","10258567","10258762","48","8555258"
"KQ054400v1","1704198","1704487","GL873550","99790","100066","70","1604408"
"KQ054400v1","1713885","1714188","GL873550","14365620","14365932","72","12651735"
"KQ054400v1","1733991","1734289","GL873545","20768197","20768487","77","19034206"
"KQ054400v1","1746061","1746360","GL873520","38124828","38125119","58","36378767"
"KQ054400v1","1761718","1762008","GL873530","17375868","17376165","65","15614150"
"KQ054400v1","1783484","1783641","GL873733","1527424","1527580","36","256060"
"KQ054400v1","1785602","1785856","GL873659","3680041","3680296","68","1894439"
"KQ054400v1","1811762","1812059","GL873525","19236997","19237288","70","17425235"
"KQ054400v1","1882050","1882305","GL873647","3950998","3951242","74","2068948"
"KQ054400v1","1913825","1914135","GL873567","11975579","11975880","89","10061754"
"KQ054400v1","1919627","1919928","GL873610","4431407","4431713","52","2511780"
"KQ054400v1","1967327","1967614","GL873568","10563353","10563640","63","8596026"
"KQ054400v1","2025537","2025667","GL873548","18022605","18022737","25","15997068"
"KQ054400v1","2025678","2025970","GL873522","29870961","29871240","72","27845283"
"KQ054400v1","2040409","2040686","GL873531","19349136","19349405","65","17308727"
"KQ054400v1","2048430","2048721","GL873575","2687372","2687665","63","638942"
"KQ054400v1","2072958","2073219","GL873520","25562285","25562550","62","23489327"
"KQ054400v1","2084190","2084470","GL873520","23742113","23742400","64","21657923"
"KQ054400v1","2178907","2179129","GL873625","5640863","5641072","59","3461956"
"KQ054400v1","2218058","2218352","GL873619","6455283","6455571","58","4237225"
"KQ054400v1","2302799","2303083","GL873562","7734498","7734788","59","5431699"
"KQ054400v1","2312654","2312961","GL873583","11090835","11091146","73","8778181"
"KQ054400v1","2360717","2361013","GL873537","20108472","20108765","62","17747755"
"KQ054400v1","2408361","2408480","GL873535","9583038","9583160","33","7174677"
"KQ054400v1","2487057","2487330","GL873531","16338858","16339126","84","13851801"
"KQ054400v1","2487412","2487577","GL873557","14835191","14835346","51","12347779"
"KQ054400v1","2487907","2487926","GL873569","8368585","8368600","9","5880678"
"KQ054400v1","2488259","2488298","GL873679","4005500","4005542","9","1517241"
"KQ054400v1","2492558","2492851","GL873600","8631840","8632117","78","6139282"
"KQ054400v1","2506771","2507063","GL873614","2644289","2644579","67","137518"
"KQ054400v1","2509612","2509902","GL873575","2687372","2687665","63","177760"
"KQ054400v1","2542677","2542948","GL873601","5269322","5269589","68","2726645"
"KQ054400v1","2579799","2580060","GL873611","5365976","5366242","62","2786177"
"KQ054400v1","2580603","2580810","GL873607","3979146","3979352","46","1398543"
"KQ054400v1","2631794","2631911","GL873520","16925416","16925538","20","14293622"
"KQ054400v1","2654182","2654459","GL873551","12461548","12461829","55","9807366"
"KQ054400v1","2657695","2657957","GL873545","21174914","21175182","59","18517219"
"KQ054400v1","2672155","2672439","GL873533","13243838","13244110","59","10571683"
"KQ054400v1","2680575","2680711","GL873637","3392350","3392471","33","711775"
"KQ054400v1","2684724","2685018","GL873545","1673397","1673691","62","1011327"
"KQ054400v1","2688448","2688716","GL873690","2672678","2672940","61","15770"
"KQ054400v1","2736251","2736501","GL873537","17930313","17930553","70","15194062"
"KQ054400v1","2773068","2773345","GL873582","6636918","6637187","72","3863850"
"KQ054400v1","2778954","2779226","GL873660","1384330","1384596","53","1394624"
"KQ054400v1","2781199","2781367","GL873531","15167634","15167792","51","12386435"
"KQ054400v1","2867573","2867880","GL873537","20806240","20806550","58","17938667"
"KQ054400v1","2908752","2909047","GL873529","16524419","16524713","61","13615667"
"KQ054400v1","2915419","2915698","GL873531","29723463","29723734","63","26808044"
"KQ054400v1","2990473","2990781","GL873530","28263781","28264089","59","25273308"
"KQ054400v1","2995648","2995931","GL873537","20108472","20108765","66","17112824"
"KQ054400v1","3167943","3168205","GL873540","20714394","20714639","67","17546451"
"KQ054400v1","3181752","3182037","GL873548","12549634","12549900","72","9367882"
"KQ054400v1","3202041","3202342","GL873541","21985689","21985982","61","18783648"
"KQ054400v1","3236425","3236556","GL873534","808040","808174","36","2428385"
"KQ054400v1","3303552","3303720","GL873547","11524227","11524378","54","8220675"
"KQ054400v1","3371081","3371282","GL873619","5067674","5067905","65","1696593"
"KQ054400v1","3578525","3578855","GL873520","39057346","39057655","86","35478821"
"KQ054400v1","3583568","3583852","GL873599","3962151","3962437","78","378583"
"KQ054400v1","3585919","3586130","GL873537","28005106","28005301","54","24419187"
"KQ054400v1","3586597","3586915","GL873524","42149014","42149308","65","38562417"
"KQ054400v1","3600207","3600300","GL873537","8665842","8665936","31","5065635"
"KQ054400v1","3613799","3613979","GL873535","21020320","21020495","58","17406521"
"KQ054400v1","3620582","3620878","GL873575","2687372","2687665","72","933210"
"KQ054400v1","3622114","3622387","GL873538","18752615","18752891","79","15130501"
"KQ054400v1","3627410","3627731","GL873610","4431407","4431713","69","803997"
"KQ054400v1","3634460","3634758","GL873531","27860265","27860563","61","24225805"
"KQ054400v1","3667683","3667960","GL873534","15140925","15141195","67","11473242"
"KQ054400v1","3675901","3676201","GL873538","3673725","3674004","94","2176"
"KQ054400v1","3693530","3693816","GL873561","13826809","13827093","68","10133279"
"KQ054400v1","3697784","3698069","GL873537","24218483","24218776","80","20520699"
"KQ054400v1","3698546","3698840","GL873698","2569942","2570236","57","1128604"
"KQ054400v1","3709099","3709405","GL873609","7137543","7137854","70","3428444"
"KQ054400v1","3716044","3716352","GL873593","6523519","6523829","82","2807475"
"KQ054400v1","3727170","3727471","GL873615","5162108","5162422","67","1434938"
"KQ054400v1","3743053","3743308","GL873524","6433396","6433640","68","2690343"
"KQ054400v1","3748914","3749013","GL873563","3056081","3056176","20","692833"
"KQ054400v1","3749837","3749936","GL873563","3056081","3056176","20","693756"
"KQ054400v1","3752045","3752335","GL873523","28439312","28439608","75","24687267"
"KQ054400v1","3761425","3761706","GL873584","10964552","10964836","63","7203127"
"KQ054400v1","3776172","3776476","GL873537","14097659","14097958","86","10321487"
"KQ054400v1","3812884","3813170","GL873627","5468514","5468797","77","1655630"
"KQ054400v1","3824126","3824431","GL873540","4711812","4712090","73","887686"
"KQ054400v1","3824711","3824999","GL873632","3524037","3524325","62","300674"
"KQ054400v1","3836760","3837050","GL873528","4452981","4453269","59","616221"
"KQ054400v1","3843988","3844268","GL873570","8624980","8625250","70","4780992"
"KQ054400v1","3942371","3942669","GL873577","10149931","10150226","55","6207560"
"KQ054400v1","4194687","4194883","GL873606","8192802","8192988","51","3998115"
"KQ054400v1","4195230","4195357","GL873537","6930739","6930868","33","2735509"
"KQ054400v1","4374409","4374731","GL873615","5162108","5162422","74","787699"
"KQ054400v1","4399488","4399784","GL873521","49874189","49874492","59","45474701"
"KQ054400v1","4461340","4461561","GL873585","10601313","10601532","40","6139973"
"KQ054400v1","4485748","4486053","GL873540","24563702","24564003","67","20077954"
"KQ054400v1","4488174","4488471","GL873531","25381659","25381942","81","20893485"
"KQ054400v1","4510153","4510424","GL873617","3908831","3909112","59","601322"
"KQ054400v1","4527677","4527957","GL873530","27114472","27114746","67","22586795"
"KQ054400v1","4530662","4530974","GL873618","1121386","1121685","70","3409276"
"KQ054400v1","4547851","4548056","GL873536","29470838","29471040","59","24922987"
"KQ054400v1","4558902","4559125","GL873538","11489564","11489799","74","6930662"
"KQ054400v1","4607184","4607336","GL873535","25062024","25062173","32","20454840"
"KQ054400v1","4624419","4624611","GL873600","4370631","4370804","52","253788"
"KQ054400v1","4664956","4665058","GL873527","6177957","6178059","25","1513001"
"KQ054400v1","4698015","4698198","GL873526","23446231","23446412","54","18748216"
"KQ054400v1","4699783","4700079","GL873543","2139452","2139746","56","2560331"
"KQ054400v1","4709412","4709510","GL873730","410572","410677","33","4298840"
"KQ054400v1","4733387","4733688","GL873520","60883623","60883917","62","56150236"
"KQ054400v1","4739615","4739874","GL873533","5025498","5025755","68","285883"
"KQ054400v1","4836027","4836332","GL873646","5530496","5530792","66","694469"
"KQ054400v1","4852375","4852660","GL873664","4813585","4813876","70","38790"
"KQ054400v1","4860321","4860593","GL873548","2396916","2397191","65","2463405"
"KQ054400v1","4916741","4916843","GL873527","33368692","33368803","26","28451951"
"KQ054400v1","4938784","4938867","GL873691","3344123","3344207","17","1594661"
"KQ054400v1","4973264","4973548","GL873653","487389","487672","62","4485875"
"KQ054400v1","4995661","4995979","GL873526","25199900","25200199","83","20204239"
"KQ054400v1","5083321","5083606","GL873654","440874","441161","64","4642447"
"KQ054400v1","6023639","6023722","GL873691","3344123","3344207","16","2679516"
"KQ054400v1","6193997","6194314","GL873615","5162108","5162422","85","1031889"
"KQ054400v1","6636924","6637226","GL873742","1682688","1682987","62","4954236"
"KQ054400v1","6657639","6657937","GL873526","3098245","3098538","71","3559394"
"KQ054400v1","6676368","6676652","GL873573","45612","45900","69","6630756"
"KQ054400v1","7067022","7067319","GL873526","17394870","17395164","69","10327848"
"KQ054400v1","7073644","7073945","GL873545","12978830","12979129","62","5905186"
"KQ054401v1","1179498","1179782","GL873540","4711812","4712090","60","3532314"
"KQ054401v1","1572730","1572949","GL873522","21258404","21258617","48","19685674"
"KQ054401v1","23718","24003","GL873634","2627489","2627772","54","2603771"
"KQ054401v1","31079","31360","GL873585","1585663","1585945","74","1554584"
"KQ054401v1","203451","203750","GL873522","25185925","25186218","58","24982474"
"KQ054401v1","207606","207900","GL873524","42149014","42149308","64","41941408"
"KQ054401v1","219306","219459","GL873527","7348654","7348810","47","7129348"
"KQ054401v1","230090","230286","GL873691","3685086","3685284","54","3454996"
"KQ054401v1","336938","337239","GL873522","38740234","38740531","68","38403296"
"KQ054401v1","363087","363384","GL873537","6299985","6300276","78","5936898"
"KQ054401v1","398446","398750","GL873524","42149014","42149308","69","41750568"
"KQ054401v1","417510","417668","GL873550","4522860","4523023","40","4105350"
"KQ054401v1","419277","419559","GL873550","7644303","7644582","62","7225026"
"KQ054401v1","438940","439214","GL873671","103313","103594","77","335627"
"KQ054401v1","440675","440947","GL873566","9008836","9009136","80","8568161"
"KQ054401v1","441336","441611","GL873575","2687372","2687665","78","2246036"
"KQ054401v1","475086","475385","GL873523","28395612","28395904","71","27920526"
"KQ054401v1","490087","490235","GL873700","2992457","2992601","47","2502370"
"KQ054401v1","509144","509452","GL873563","5489805","5490109","71","4980661"
"KQ054401v1","510709","511031","GL873528","2116298","2116586","101","1605589"
"KQ054401v1","541947","542252","GL873632","3524037","3524325","60","2982090"
"KQ054401v1","558587","558884","GL873691","2033910","2034209","63","1475323"
"KQ054401v1","589270","589575","GL873521","37005484","37005780","63","36416214"
"KQ054401v1","733507","733815","GL873537","20806240","20806550","68","20072733"
"KQ054401v1","830629","830924","GL873664","4813585","4813876","62","3982956"
"KQ054401v1","831693","831977","AAQR03197296","440","718","76","831253"
"KQ054401v1","906112","906383","GL873522","44498099","44498366","59","43591987"
"KQ054401v1","1009898","1010180","GL873575","7775816","7776105","65","6765918"
"KQ054401v1","1026782","1027063","GL873579","984876","985165","65","41906"
"KQ054401v1","1035486","1035673","GL873668","1381190","1381376","54","345704"
"KQ054401v1","1050799","1051098","GL873545","20390330","20390642","62","19339531"
"KQ054401v1","1073038","1073346","GL873568","4562469","4562774","68","3489431"
"KQ054401v1","1081986","1082272","GL873631","3449698","3449977","61","2367712"
"KQ054401v1","1104071","1104351","GL873752","219309","219580","64","884762"
"KQ054401v1","1124433","1124576","GL873721","892012","892140","40","232421"
"KQ054401v1","1127968","1128046","GL873537","25545971","25546054","24","24418003"
"KQ054401v1","1131258","1131574","GL873527","10910929","10911225","83","9779671"
"KQ054401v1","1175841","1176146","GL873534","1397829","1398128","69","221988"
"KQ054401v1","1289257","1289576","GL873535","14231962","14232263","71","12942705"
"KQ054401v1","1294408","1294709","GL873557","7046743","7047040","60","5752335"
"KQ054401v1","1315866","1316036","GL873531","2636452","2636619","51","1320586"
"KQ054401v1","1361066","1361374","GL873537","20108472","20108765","66","18747406"
"KQ054401v1","1405789","1406039","GL873693","2634108","2634374","69","1228319"
"KQ054401v1","1418605","1418942","GL873530","28263781","28264089","87","26845176"
"KQ054401v1","1437038","1437290","GL873564","5092960","5093208","71","3655922"
"KQ054401v1","1470441","1470738","GL873671","1289718","1290012","79","180723"
"KQ054401v1","1495208","1495512","GL873703","125416","125705","65","1369792"
"KQ054401v1","1497449","1497757","GL873527","5705356","5705648","65","4207907"
"KQ054401v1","1498317","1498494","GL873541","18409593","18409764","40","16911276"
"KQ054401v1","1562112","1562382","GL873531","29723463","29723734","72","28161351"
"KQ054401v1","1585245","1585537","GL873531","27860265","27860563","52","26275020"
"KQ054401v1","1624515","1624802","GL873562","11382494","11382780","62","9757979"
"KQ054401v1","1648412","1648751","GL873812","456502","456815","84","1191910"
"KQ054401v1","1652470","1652531","GL873548","1397675","1397737","10","254795"
"KQ054401v1","1680559","1680864","GL873535","19117269","19117567","59","17436710"
"KQ054401v1","1701455","1701691","GL873607","7162733","7162962","74","5461278"
"KQ054401v1","1723342","1723624","GL873631","2307601","2307888","69","584259"
"KQ054401v1","1746691","1746978","GL873526","26182138","26182411","70","24435447"
"KQ054401v1","1815180","1815488","GL873663","3818781","3819087","76","2003601"
"KQ054401v1","1893876","1893988","GL873554","14205812","14205927","26","12311936"
"KQ054401v1","1895861","1895973","GL873554","14205812","14205927","26","12309951"
"KQ054401v1","1914495","1914749","GL873590","671368","671605","61","1243127"
"KQ054401v1","1945215","1945522","GL873729","1249012","1249320","54","696203"
"KQ054401v1","1950877","1951171","GL873522","4222168","4222461","52","2271291"
"KQ054401v1","1968962","1969115","GL873566","3536592","3536742","37","1567630"
"KQ054401v1","2017349","2017518","GL873550","2632115","2632275","39","614766"
"KQ054401v1","2017545","2017667","GL873527","16600462","16600582","24","14582917"
"KQ054401v1","2055667","2055910","GL873621","640182","640418","55","1415485"
"KQ054401v1","2073972","2074144","GL873520","36425464","36425633","38","34351492"
"KQ054401v1","2074198","2074321","GL873596","2440198","2440321","22","366000"
"KQ054401v1","2101423","2101731","GL873531","27860265","27860563","64","25758842"
"KQ054401v1","2290487","2290760","GL873532","28085187","28085462","70","25794700"
"KQ054401v1","2302083","2302352","GL873700","423134","423410","69","1878949"
"KQ054401v1","2312389","2312670","GL873538","24663308","24663595","69","22350919"
"KQ054401v1","2314388","2314666","GL873550","13343925","13344207","71","11029537"
"KQ054401v1","2319027","2319321","GL873550","9904696","9904996","74","7585669"
"KQ054401v1","2326865","2327108","GL873769","337047","337291","59","1989818"
"KQ054401v1","2359986","2360281","GL873524","42149014","42149308","56","39789028"
"KQ054401v1","2361103","2361372","GL873526","25295506","25295789","61","22934403"
"KQ054401v1","2412919","2413252","GL873524","6166570","6166905","108","3753651"
"KQ054401v1","2424195","2424291","GL873645","2090975","2091070","17","333220"
"KQ054401v1","2431941","2432109","GL873577","4898264","4898426","38","2466323"
"KQ054401v1","2450984","2451298","GL873588","6897685","6897994","65","4446701"
"KQ054401v1","2452954","2453253","GL873533","15128008","15128290","68","12675054"
"KQ054401v1","2492746","2493038","GL873619","2816705","2816991","67","323959"
"KQ054401v1","2521581","2521737","GL873575","160986","161130","44","2360595"
"KQ054401v1","2534882","2535146","GL873660","1384330","1384596","54","1150552"
"KQ054401v1","2542143","2542406","GL873548","17984115","17984359","69","15441972"
"KQ054401v1","2550265","2550562","GL873537","20108472","20108765","53","17558207"
"KQ054401v1","2565164","2565461","GL873557","7267236","7267535","63","4702072"
"KQ054401v1","2594124","2594401","GL873544","12852108","12852394","53","10257984"
"KQ054401v1","2608045","2608348","GL873521","49874189","49874492","60","47266144"
"KQ054401v1","2609024","2609303","GL873528","11019205","11019481","49","8410181"
"KQ054401v1","2611699","2611827","GL873537","22409869","22410000","20","19798170"
"KQ054401v1","2641572","2641850","GL873596","8378412","8378699","70","5736840"
"KQ054401v1","2665490","2665793","GL873533","15015660","15015953","68","12350170"
"KQ054401v1","2678075","2678364","GL873752","219309","219580","59","2458766"
"KQ054401v1","2702141","2702430","AAQR03197296","440","718","68","2701701"
"KQ054401v1","2712373","2712675","GL873567","11848801","11849096","59","9136428"
"KQ054401v1","2720211","2720309","GL873813","632664","632760","16","2087547"
"KQ054401v1","2720336","2720500","GL873557","15271303","15271461","41","12550967"
"KQ054401v1","2749240","2749475","GL873529","1741772","1742006","65","1007468"
"KQ054401v1","2786565","2786817","GL873528","5030350","5030601","65","2243785"
"KQ054401v1","2787195","2787420","GL873690","2805923","2806146","60","18728"
"KQ054401v1","2792611","2792929","GL873615","5162108","5162422","69","2369497"
"KQ054401v1","2805429","2805703","GL873721","269694","269963","78","2535735"
"KQ054401v1","2843943","2844232","GL873524","42149014","42149308","54","39305071"
"KQ054401v1","2861999","2862315","GL873537","20806240","20806550","74","17944241"
"KQ054401v1","2865692","2865971","GL873532","13248307","13248583","65","10382615"
"KQ054401v1","2874273","2874573","GL873593","6523519","6523829","67","3649246"
"KQ054401v1","2879336","2879490","GL873541","17651346","17651496","43","14772010"
"KQ054401v1","2885515","2885790","GL873520","43808806","43809068","68","40923291"
"KQ054401v1","2896216","2896505","GL873530","16695374","16695671","71","13799158"
"KQ054401v1","2907904","2908134","GL873553","13754985","13755220","54","10847081"
"KQ054401v1","2926971","2927154","GL873544","12685645","12685813","53","9758674"
"KQ054401v1","2950868","2951080","GL873566","13161077","13161300","59","10210209"
"KQ054401v1","2973401","2973689","GL873528","4452981","4453269","66","1479580"
"KQ054401v1","3011417","3011639","GL873522","21258404","21258617","52","18246987"
"KQ054401v1","3019458","3019654","GL873530","21916551","21916742","46","18897093"
"KQ054401v1","3041785","3041940","GL873526","524997","525159","33","2516788"
"KQ054401v1","3041973","3042095","GL873540","9446474","9446596","25","6404501"
"KQ054401v1","3048089","3048305","GL873625","5640863","5641072","59","2592774"
"KQ054401v1","3049039","3049282","GL873583","11025558","11025814","78","7976519"
"KQ054401v1","3075777","3076093","GL873538","1998739","1999037","81","1077038"
"KQ054401v1","3084984","3085227","GL873596","8896282","8896525","71","5811298"
"KQ054401v1","3088028","3088307","GL873526","24742869","24743138","66","21654841"
"KQ054401v1","3090407","3090696","GL873565","12300518","12300811","66","9210111"
"KQ054401v1","3092488","3092799","GL873623","4501593","4501900","62","1409105"
"KQ054401v1","3107812","3108106","GL873563","5489805","5490109","59","2381993"
"KQ054401v1","3134877","3135154","GL873548","15510967","15511237","57","12376090"
"KQ054401v1","3136747","3137057","GL873530","28639620","28639925","59","25502873"
"KQ054401v1","3141831","3142135","GL873834","390670","390970","73","2751161"
"KQ054401v1","3159717","3159839","GL873570","10645932","10646052","21","7486215"
"KQ054401v1","3161637","3161933","GL873521","40262457","40262752","61","37100820"
"KQ054401v1","3168972","3169255","GL873548","17914756","17915026","79","14745784"
"KQ054401v1","3184209","3184320","GL873614","1415258","1415371","23","1768951"
"KQ054401v1","3253973","3254264","GL873524","42149014","42149308","60","38895041"
"KQ054401v1","3260851","3260982","GL873537","22409869","22410000","23","19149018"
"KQ054401v1","3261313","3261483","GL873562","11016154","11016328","34","7754841"
"KQ054401v1","3264173","3264485","GL873653","2463372","2463673","74","800801"
"KQ054401v1","3264847","3265125","GL873597","32269","32549","59","3232578"
"KQ054401v1","3267851","3267989","GL873554","259366","259497","23","3008485"
"KQ054401v1","3283246","3283417","GL873526","7973809","7973957","56","4690563"
"KQ054401v1","3288667","3288975","GL873596","6955959","6956250","67","3667292"
"KQ054401v1","3308629","3308928","GL873530","10599809","10600111","64","7291180"
"KQ054401v1","3331013","3331257","GL873611","4994670","4994910","64","1663657"
"KQ054401v1","3343515","3343804","GL873621","5936356","5936644","69","2592841"
"KQ054401v1","3344788","3345128","GL873529","66601","66913","89","3278187"
"KQ054401v1","3347603","3347859","GL873646","1021900","1022148","67","2325703"
"KQ054401v1","3348114","3348447","GL873546","13542628","13542944","82","10194514"
"KQ054401v1","3354845","3355119","GL873533","1920914","1921187","70","1433931"
"KQ054401v1","3357058","3357366","GL873625","3330882","3331184","61","26176"
"KQ054401v1","3368991","3369321","GL873540","11122200","11122500","89","7753209"
"KQ054401v1","3419770","3420042","GL873640","634221","634489","58","2785549"
"KQ054401v1","3425933","3426136","GL873598","6523799","6524000","68","3097866"
"KQ054401v1","3440706","3440962","GL873532","29093100","29093350","55","25652394"
"KQ054401v1","3451144","3451310","GL873653","3988402","3988551","48","537258"
"KQ054401v1","3456796","3457078","GL873538","15076363","15076645","50","11619567"
"KQ054401v1","3457111","3457401","GL873568","6193952","6194235","72","2736841"
"KQ054401v1","3486558","3486679","GL873768","1061203","1061325","17","2425355"
"KQ054401v1","3503510","3503788","GL873535","21538311","21538586","66","18034801"
"KQ054401v1","3516004","3516289","GL873522","40388442","40388729","58","36872438"
"KQ054401v1","3587626","3587911","GL873523","5398253","5398525","70","1810627"
"KQ054401v1","3604148","3604410","GL873523","29003618","29003875","55","25399470"
"KQ054401v1","3684426","3684696","GL873548","15510967","15511237","57","11826541"
"KQ054401v1","3730071","3730375","GL873522","42556538","42556845","60","38826467"
"KQ054401v1","3748710","3749009","GL873685","3105225","3105519","61","643485"
"KQ054401v1","3777827","3778029","GL873659","1692343","1692545","51","2085484"
"KQ054401v1","3806558","3806841","GL873568","10563353","10563640","69","6756795"
"KQ054401v1","3813937","3814234","GL873528","4452981","4453269","56","639044"
"KQ054401v1","3816374","3816665","GL873586","6854900","6855180","58","3038526"
"KQ054401v1","3816788","3817095","GL873646","5530496","5530792","70","1713708"
"KQ054401v1","3829215","3829488","GL873609","7675469","7675734","60","3846254"
"KQ054401v1","3845019","3845304","GL873545","2508162","2508439","74","1336857"
"KQ054401v1","3846668","3846976","GL873561","14239631","14239928","72","10392963"
"KQ054401v1","3870871","3871161","GL873526","23882249","23882540","61","20011378"
"KQ054401v1","3878784","3879116","GL873531","4998651","4998929","103","1119867"
"KQ054401v1","3883088","3883212","GL873660","4014342","4014466","20","131254"
"KQ054401v1","3889920","3890217","GL873561","9330005","9330309","70","5440085"
"KQ054401v1","3925964","3926182","GL873572","9760706","9760940","64","5834742"
"KQ054401v1","3931854","3931989","GL873533","1211222","1211352","33","2720632"
"KQ054401v1","3943284","3943584","GL873524","42149014","42149308","58","38205730"
"KQ054401v1","3986127","3986432","GL873525","26089021","26089319","75","22102894"
"KQ054401v1","4003685","4003977","GL873565","12300518","12300811","70","8296833"
"KQ054401v1","4074813","4075118","GL873677","4225067","4225358","88","150254"
"KQ054401v1","4091021","4091324","GL873527","11533238","11533536","72","7442217"
"KQ054401v1","4145399","4145687","GL873616","7318626","7318922","60","3173227"
"KQ054401v1","4152437","4152573","GL873527","35059122","35059255","26","30906685"
"KQ054401v1","4160883","4161088","GL873672","1902668","1902865","47","2258215"
"KQ054401v1","4164291","4164575","GL873572","6984999","6985295","66","2820708"
"KQ054401v1","4206875","4207177","GL873542","1286122","1286423","75","2920753"
"KQ054401v1","4389939","4390221","GL873535","9738591","9738868","78","5348652"
"KQ054401v1","4652286","4652591","GL873530","17375868","17376165","65","12723582"
"KQ054401v1","4700630","4700923","GL873586","3828887","3829179","62","871743"
"KQ054401v1","4750567","4750865","GL873537","14281877","14282179","68","9531310"
"KQ054401v1","4757604","4757759","GL873548","9199902","9200060","42","4442298"
"KQ054401v1","4759312","4759581","GL873596","80878","81156","75","4678434"
"KQ054401v1","4806832","4807129","GL873526","3279358","3279642","76","1527474"
"KQ054401v1","4820792","4820919","GL873571","5880255","5880380","25","1059463"
"KQ054407v1","1722","2023","GL873530","28263781","28264089","71","28262059"
"KQ054412v1","61477","61787","GL873720","1268124","1268434","62","1206647"
"KQ054412v1","77739","78001","GL873621","6352530","6352801","63","6274791"
"KQ054412v1","78002","78066","GL873551","2623547","2623605","18","2545545"
"KQ054412v1","109537","109819","GL873530","26485863","26486146","61","26376326"
"KQ054412v1","164864","165157","GL873660","743632","743918","64","578768"
"KQ054412v1","172467","172571","GL873587","1951539","1951643","20","1779072"
"KQ054412v1","192952","193180","GL873540","20714394","20714639","64","20521442"
"KQ054412v1","209144","209465","GL873557","10964192","10964504","90","10755048"
"KQ054412v1","232086","232364","GL873520","25562285","25562550","72","25330199"
"KQ054412v1","290355","290572","GL873542","17909885","17910104","72","17619530"
"KQ054412v1","298829","299008","GL873544","8296640","8296801","48","7997811"
"KQ054412v1","299040","299156","GL873542","1259218","1259335","16","960178"
"KQ054412v1","326194","326507","GL873720","1268124","1268434","70","941930"
"KQ054412v1","365449","365735","GL873593","2418777","2419057","59","2053328"
"KQ054412v1","529874","530140","GL873612","2306759","2307011","54","1776885"
"KQ054412v1","660884","661177","GL873544","12852108","12852394","59","12191224"
"KQ054412v1","721168","721455","GL873544","12852108","12852394","63","12130940"
"KQ054412v1","903989","904169","GL873526","7973809","7973957","65","7069820"
"KQ054412v1","983021","983301","GL873584","10964552","10964836","61","9981531"
"KQ054412v1","1058718","1058995","GL873693","3290790","3291068","68","2232072"
"KQ054412v1","1113238","1113363","GL873587","448922","449042","23","664316"
"KQ054412v1","1254107","1254191","GL873670","1390920","1391013","26","136813"
"KQ054412v1","1271577","1271871","GL873522","16444756","16445043","68","15173179"
"KQ054412v1","1271890","1272012","GL873538","11246959","11247081","22","9975069"
"KQ054412v1","1283666","1283948","GL873752","219309","219580","70","1064357"
"KQ054412v1","1383789","1384093","GL873671","1289718","1290012","71","94071"
"KQ054412v1","1396579","1396859","GL873537","6225442","6225701","78","4828863"
"KQ054412v1","1446016","1446247","GL873571","3628765","3629017","64","2182749"
"KQ054412v1","1452153","1452452","GL873531","29056008","29056304","60","27603855"
"KQ054412v1","1465328","1465602","GL873526","8965429","8965699","49","7500101"
"KQ054412v1","1479198","1479407","GL873659","1692343","1692545","62","213145"
"KQ054412v1","1510359","1510489","GL873520","24084579","24084710","25","22574220"
"KQ054412v1","1524403","1524610","GL873561","9290771","9290977","45","7766368"
"KQ054412v1","1526303","1526469","GL873520","28515060","28515221","46","26988757"
"KQ054412v1","1527983","1528158","GL873530","15113216","15113396","60","13585233"
"KQ054412v1","1528450","1528561","GL873536","13734163","13734272","28","12205713"
"KQ054412v1","1541592","1541701","GL873536","13734163","13734272","29","12192571"
"KQ054412v1","1541967","1542184","GL873538","4542017","4542230","51","3000050"
"KQ054412v1","1550055","1550352","GL873646","5530496","5530792","67","3980441"
"KQ054412v1","1566074","1566375","GL873561","9330005","9330309","61","7763931"
"KQ054412v1","1574963","1575092","GL873531","27435012","27435141","22","25860049"
"KQ054412v1","1582783","1583081","GL873531","27860265","27860563","56","26277482"
"KQ054412v1","1623561","1623850","GL873535","25773420","25773702","61","24149859"
"KQ054412v1","1624344","1624496","GL873547","14851498","14851651","30","13227154"
"KQ054412v1","1625002","1625245","GL873531","27399124","27399344","67","25774122"
"KQ054412v1","1655228","1655534","GL873530","32842262","32842561","80","31187034"
"KQ054412v1","1674031","1674311","GL873693","2374223","2374497","62","700192"
"KQ054412v1","1717655","1717928","GL873536","13622290","13622562","64","11904635"
"KQ054412v1","1720073","1720383","GL873527","10910929","10911225","82","9190856"
"KQ054412v1","1722656","1722956","GL873537","20108472","20108765","64","18385816"
"KQ054412v1","1723930","1724233","GL873591","6395821","6396131","69","4671891"
"KQ054412v1","1726968","1727232","GL873525","39406047","39406306","72","37679079"
"KQ054412v1","1729275","1729564","GL873552","2423812","2424093","82","694537"
"KQ054412v1","1731737","1732023","GL873537","20108472","20108765","70","18376735"
"KQ054412v1","1739299","1739614","GL873523","28431022","28431322","69","26691723"
"KQ054412v1","1742950","1743237","GL873520","16709587","16709864","63","14966637"
"KQ054412v1","1751808","1752101","GL873537","20108472","20108765","56","18356664"
"KQ054412v1","1756723","1757027","GL873537","20806240","20806550","61","19049517"
"KQ054412v1","1767806","1768105","GL873540","11122200","11122500","67","9354394"
"KQ054412v1","1770085","1770386","GL873534","8565725","8566026","63","6795640"
"KQ054412v1","1777080","1777397","GL873661","1884549","1884860","64","107469"
"KQ054412v1","1783851","1783997","GL873671","4197147","4197289","49","2413296"
"KQ054412v1","1785150","1785429","GL873544","12852108","12852394","62","11066958"
"KQ054412v1","1790431","1790711","GL873534","15140925","15141195","70","13350494"
"KQ054412v1","1820726","1821002","GL873522","666047","666315","68","1154679"
"KQ054412v1","1829978","1830265","GL873574","4855555","4855848","88","3025577"
"KQ054412v1","1839267","1839548","GL873557","7267236","7267535","76","5427969"
"KQ054412v1","1849905","1850147","GL873560","8931049","8931288","63","7081144"
"KQ054412v1","1867352","1867562","GL873548","11633832","11634036","57","9766480"
"KQ054412v1","1867763","1868053","GL873532","11190906","11191188","68","9323143"
"KQ054412v1","1868353","1868625","GL873539","2531227","2531508","63","662874"
"KQ054412v1","1877912","1878185","GL873527","16558692","16558981","86","14680780"
"KQ054412v1","1905668","1905835","GL873530","21916551","21916742","54","20010883"
"KQ054412v1","1915802","1915906","GL873521","7047286","7047394","26","5131484"
"KQ054412v1","1923491","1923781","GL873752","219309","219580","54","1704182"
"KQ054412v1","1945320","1945608","GL873586","8120080","8120363","48","6174760"
"KQ054412v1","1954896","1955097","GL873554","16344820","16345011","55","14389924"
"KQ054412v1","1955420","1955548","GL873529","13075335","13075459","25","11119915"
"KQ054412v1","1976528","1976782","GL873530","26838077","26838316","64","24861549"
"KQ054412v1","1976791","1977080","GL873721","740718","741005","71","1236073"
"KQ054412v1","1983083","1983306","GL873520","28409160","28409392","46","26426077"
"KQ054412v1","2047054","2047225","GL873522","3856634","3856803","41","1809580"
"KQ054412v1","2087736","2087994","GL873549","6587606","6587864","67","4499870"
"KQ054412v1","2167871","2168148","GL873592","2489697","2489978","62","321826"
"KQ054412v1","2176993","2177289","GL873566","11891551","11891845","66","9714558"
"KQ054412v1","2195311","2195445","GL873541","18539424","18539558","24","16344113"
"KQ054412v1","2200516","2200816","GL873563","12809879","12810178","63","10609363"
"KQ054412v1","2227781","2228055","GL873539","3041460","3041735","59","813679"
"KQ054412v1","2369039","2369342","GL873530","28639620","28639925","60","26270581"
"KQ054412v1","2371709","2372011","GL873764","1329960","1330253","57","1041749"
"KQ054412v1","2374419","2374716","GL873530","28639620","28639925","65","26265201"
"KQ054412v1","2377013","2377245","GL873646","4203480","4203720","54","1826467"
"KQ054412v1","2380695","2380895","GL873533","12706488","12706681","53","10325793"
"KQ054412v1","2381134","2381448","GL873720","1268124","1268434","66","1113010"
"KQ054412v1","2390584","2390874","GL873676","1881961","1882246","62","508623"
"KQ054412v1","2411009","2411292","GL873737","479975","480254","67","1931034"
"KQ054412v1","2420567","2420748","GL873536","13158560","13158734","50","10737993"
"KQ054412v1","2432735","2433030","GL873607","310210","310498","64","2122525"
"KQ054412v1","2437539","2437809","GL873752","219309","219580","60","2218230"
"KQ054412v1","2457843","2458030","GL873646","3105809","3105996","67","647966"
"KQ054412v1","2458895","2459192","GL873666","2001329","2001614","60","457566"
"KQ054412v1","2460671","2460975","GL873609","7137543","7137854","77","4676872"
"KQ054412v1","2461248","2461547","GL873545","20254912","20255212","70","17793664"
"KQ054412v1","2469054","2469239","GL873521","24671783","24671967","48","22202729"
"KQ054412v1","2491491","2491696","GL873675","3274110","3274311","52","782619"
"KQ054412v1","2549004","2549306","GL873531","27860265","27860563","57","25311261"
"KQ054412v1","2598581","2598854","GL873638","6356734","6357014","68","3758153"
"KQ054412v1","2606625","2606908","GL873677","4203427","4203715","55","1596802"
"KQ054412v1","2822901","2823205","GL873568","10563353","10563640","64","7740452"
"KQ054412v1","2844971","2845233","GL873714","2029729","2029999","62","815242"
"KQ054412v1","2876600","2876905","GL873646","5530496","5530792","68","2653896"
"KQ054412v1","2927224","2927504","GL873586","8120080","8120363","62","5192856"
"KQ054412v1","3002846","3002933","GL873531","16275379","16275462","11","13272533"
"KQ054412v1","3165150","3165433","GL873598","2672628","2672914","69","492522"
"KQ054412v1","3361927","3362192","GL873540","7244541","7244810","62","3882614"
"KQ054416v1","8926","9242","GL873577","7611226","7611549","71","7602300"
"KQ054417v1","11104","11344","GL873611","246251","246480","79","235147"
"KQ054423v1","293248","293558","GL873703","125416","125705","85","167832"
"KQ054423v1","309484","309775","GL873538","3653056","3653352","81","3343572"
"KQ054423v1","415919","416224","GL873565","12300518","12300811","71","11884599"
"KQ054423v1","424292","424392","GL873663","2901281","2901383","31","2476989"
"KQ054423v1","430859","431097","GL873527","10603696","10603933","55","10172837"
"KQ054423v1","825902","826079","GL873730","122968","123133","38","702934"
"KQ054423v1","839341","839608","GL873550","17645061","17645322","67","16805720"
"KQ054423v1","855826","856106","GL873540","4711812","4712090","59","3855986"
"KQ054423v1","856272","856524","GL873647","3625540","3625794","59","2769268"
"KQ054423v1","883533","883656","GL873583","7744146","7744271","28","6860613"
"KQ054423v1","888757","889020","GL873631","3418644","3418900","72","2529887"
"KQ054423v1","1057143","1057394","GL873571","6475063","6475319","69","5417920"
"KQ054423v1","1068191","1068446","GL873571","6475063","6475319","64","5406872"
"KQ054423v1","1105097","1105390","GL873568","10563353","10563640","68","9458256"
"KQ054423v1","1132313","1132615","GL873545","20390330","20390642","73","19258017"
"KQ054423v1","1134562","1134713","GL873527","31648355","31648504","33","30513793"
"KQ054423v1","1191463","1191774","GL873720","1268124","1268434","58","76661"
"KQ054423v1","1229187","1229479","GL873526","5903076","5903364","64","4673889"
"KQ054423v1","1253982","1254248","GL873632","2531304","2531561","57","1277322"
"KQ054423v1","1256044","1256330","GL873525","45424290","45424576","65","44168246"
"KQ054423v1","1258089","1258372","GL873523","44172949","44173234","70","42914860"
"KQ054423v1","1259568","1259863","GL873754","1677368","1677657","66","417800"
"KQ054423v1","1306299","1306476","GL873550","129266","129429","62","1177033"
"KQ054433v1","67104","67396","GL873525","45380033","45380317","72","45312929"
"KQ054433v1","96012","96320","GL873548","17819037","17819344","71","17723025"
"KQ054434v1","137047","137359","GL873530","28263781","28264089","61","28126734"
"KQ054434v1","179082","179352","GL873521","14803259","14803539","82","14624177"
"KQ054434v1","304216","304460","GL873521","16789750","16789994","61","16485534"
"KQ054434v1","305688","305981","GL873748","238196","238496","64","67492"
"KQ054434v1","566151","566285","GL873520","24084579","24084710","25","23518428"
"KQ054434v1","848062","848301","GL873526","886530","886768","81","38468"
"KQ054434v1","852530","852831","GL873646","5530496","5530792","70","4677966"
"KQ054434v1","1275298","1275574","GL873611","6802065","6802336","61","5526767"
"KQ054434v1","1514010","1514315","GL873527","34757723","34758022","70","33243713"
"KQ054434v1","1548004","1548313","GL873561","923317","923608","97","624687"
"KQ054434v1","1714258","1714543","GL873738","1646790","1647070","72","67468"
"KQ054434v1","1852698","1852834","GL873671","2208357","2208488","27","355659"
"KQ054434v1","1861564","1861780","GL873706","2930781","2930977","58","1069217"
"KQ054434v1","1945440","1945736","GL873663","2383516","2383802","69","438076"
"KQ054434v1","2039040","2039343","GL873552","9485985","9486288","66","7446945"
"KQ054434v1","2214467","2214756","GL873676","1881961","1882246","58","332506"
"KQ054434v1","2293572","2293842","GL873608","7376661","7376921","70","5083089"
"KQ054434v1","2616077","2616362","GL873539","2531227","2531508","68","84850"
"KQ054434v1","2622899","2623179","GL873545","2508162","2508439","70","114737"
"KQ054434v1","2640237","2640531","GL873545","17052684","17052979","68","14412447"
"KQ054434v1","2660793","2661108","GL873545","20390330","20390642","68","17729537"
"KQ054434v1","2701201","2701482","GL873586","8120080","8120363","69","5418879"
"KQ054434v1","2809722","2810028","GL873544","19347362","19347661","76","16537640"
"KQ054434v1","2875025","2875306","GL873802","684737","685024","66","2190288"
"KQ054434v1","2967010","2967292","GL873544","20756280","20756556","63","17789270"
"KQ054434v1","3060053","3060334","GL873552","14743346","14743624","77","11683293"
"KQ054434v1","3171072","3171348","GL873521","50501491","50501760","76","47330419"
"KQ054434v1","3196968","3197222","GL873523","31514272","31514513","82","28317304"
"KQ054434v1","3360985","3361267","GL873560","12765250","12765518","71","9404265"
"KQ054434v1","3384422","3384729","GL873544","9845241","9845544","63","6460819"
"KQ054444v1","29504","29783","GL873520","23742113","23742400","59","23712609"
"KQ054444v1","41092","41353","GL873524","7421702","7421947","74","7380610"
"KQ054445v1","30195","30500","GL873521","3466616","3466925","66","3436421"
"KQ054445v1","39872","40159","GL873547","7880680","7880963","60","7840808"
"KQ054445v1","63816","64130","GL873715","2615423","2615727","61","2551607"
"KQ054445v1","141821","142101","GL873529","23083772","23084054","71","22941951"
"KQ054445v1","146228","146512","GL873592","7736832","7737119","72","7590604"
"KQ054445v1","149764","150044","GL873529","23083772","23084054","61","22934008"
"KQ054445v1","166231","166515","GL873529","23083772","23084054","56","22917541"
"KQ054445v1","314513","314794","GL873586","6854900","6855180","61","6540387"
"KQ054445v1","325742","326044","GL873659","5088348","5088650","65","4762606"
"KQ054445v1","344663","344885","GL873550","15557400","15557619","59","15212737"
"KQ054445v1","357218","357524","GL873524","42232674","42232980","68","41875456"
"KQ054445v1","363267","363547","GL873522","40388442","40388729","70","40025175"
"KQ054445v1","387309","387592","GL873520","69906171","69906454","74","69518862"
"KQ054445v1","416887","417068","GL873576","822608","822770","46","405721"
"KQ054445v1","455434","455696","GL873585","1065831","1066109","67","610397"
"KQ054445v1","541472","541605","GL873537","6930739","6930868","30","6389267"
"KQ054445v1","567804","568074","GL873520","6893710","6893998","65","6325906"
"KQ054445v1","575540","575659","GL873596","2162768","2162890","24","1587228"
"KQ054445v1","575704","575902","GL873595","5966599","5966798","53","5390895"
"KQ054445v1","610442","610558","GL873537","23071568","23071685","25","22461126"
"KQ054445v1","655374","655453","GL873531","19908150","19908229","15","19252776"
"KQ054445v1","711155","711373","GL873537","3958971","3959183","55","3247816"
"KQ054445v1","713276","713492","GL873537","3958971","3959183","55","3245695"
"KQ054445v1","778394","778690","GL873575","10231111","10231390","85","9452717"
"KQ054445v1","849242","849542","GL873558","11038005","11038305","96","10188763"
"KQ054445v1","947034","947225","GL873560","10888851","10889041","59","9941817"
"KQ054445v1","953019","953308","GL873537","25740048","25740338","72","24787029"
"KQ054445v1","1046825","1047129","GL873623","1693614","1693923","75","646789"
"KQ054445v1","1050665","1050781","GL873521","2453073","2453187","28","1402408"
"KQ054445v1","1050821","1050913","GL873537","15286134","15286228","26","14235313"
"KQ054445v1","1297882","1298213","GL873522","25570684","25570992","81","24272802"
"KQ054445v1","1305304","1305593","GL873618","1121386","1121685","69","183918"
"KQ054445v1","1592960","1593249","GL873537","20108472","20108765","54","18515512"
"KQ054445v1","1643779","1644090","GL873561","9330005","9330309","74","7686226"
"KQ054445v1","1677051","1677355","GL873631","1318860","1319170","70","358191"
"KQ054445v1","1906073","1906367","GL873811","190630","190925","68","1715443"
"KQ054445v1","1993562","1993790","GL873531","26071775","26072011","47","24078213"
"KQ054445v1","2123247","2123518","GL873737","479975","480254","66","1643272"
"KQ054445v1","2166755","2166861","AAQR03194216","2055","2159","12","2164700"
"KQ054445v1","2222198","2222485","GL873546","13387283","13387563","75","11165085"
"KQ054445v1","2238419","2238707","GL873800","736311","736599","61","1502108"
"KQ054445v1","2316316","2316563","GL873586","5528542","5528797","76","3212226"
"KQ054445v1","2345348","2345627","GL873752","219309","219580","63","2126039"
"KQ054445v1","2426977","2427271","GL873521","49874189","49874492","71","47447212"
"KQ054445v1","2552505","2552792","GL873677","3168668","3168943","64","616163"
"KQ054445v1","2708757","2708992","GL873612","2306759","2307011","58","401998"
"KQ054450v1","1846","2109","GL873538","15464909","15465165","58","15463063"
"KQ054455v1","353","420","GL873521","37003950","37004017","20","37003597"
"KQ054456v1","82350","82616","GL873525","1616808","1617075","80","1534458"
"KQ054456v1","107011","107303","GL873563","5489805","5490109","67","5382794"
"KQ054456v1","140895","141181","GL873551","11174434","11174713","69","11033539"
"KQ054456v1","145834","146128","GL873568","10563353","10563640","63","10417519"
"KQ054456v1","157341","157608","GL873659","2671015","2671288","59","2513674"
"KQ054456v1","158396","158680","GL873526","21833158","21833448","67","21674762"
"KQ054456v1","196950","197251","GL873546","18307234","18307526","66","18110284"
"KQ054456v1","199140","199437","GL873627","7105220","7105516","76","6906080"
"KQ054456v1","210618","210920","GL873573","45612","45900","78","165006"
"KQ054456v1","219827","219997","GL873543","20066117","20066293","38","19846290"
"KQ054456v1","242729","243027","GL873526","17095961","17096254","67","16853232"
"KQ054456v1","250403","250715","GL873521","3596755","3597054","66","3346352"
"KQ054456v1","281157","281465","GL873584","2602629","2602932","72","2321472"
"KQ054456v1","353389","353705","GL873729","432103","432405","66","78714"
"KQ054456v1","371697","371979","GL873752","219309","219580","58","152388"
"KQ054456v1","441683","441975","GL873531","26742442","26742730","67","26300759"
"KQ054456v1","651285","651561","GL873524","42149014","42149308","60","41497729"
"KQ054456v1","651589","651684","GL873629","3723268","3723363","24","3071679"
"KQ054456v1","651740","651834","GL873566","3518262","3518357","26","2866522"
"KQ054456v1","653898","654202","GL873720","1268124","1268434","62","614226"
"KQ054456v1","655450","655672","GL873538","12936373","12936605","49","12280923"
"KQ054456v1","685201","685507","GL873654","107855","108156","60","577346"
"KQ054456v1","688283","688593","GL873537","23325667","23325965","75","22637384"
"KQ054456v1","719668","719949","GL873520","38987202","38987491","66","38267534"
"KQ054456v1","724966","725242","GL873573","8282675","8282954","62","7557709"
"KQ054456v1","730696","730813","GL873538","16555336","16555452","26","15824640"
"KQ054456v1","731276","731587","GL873547","15232979","15233268","84","14501703"
"KQ054456v1","784632","784929","GL873531","27860265","27860563","61","27075633"
"KQ054456v1","795908","796057","GL873523","26063564","26063709","30","25267656"
"KQ054456v1","809815","810111","GL873557","7267236","7267535","68","6457421"
"KQ054456v1","810513","810643","GL873670","669086","669214","30","141427"
"KQ054456v1","839963","840249","GL873796","86141","86426","59","753822"
"KQ054456v1","843254","843405","GL873537","18257038","18257190","43","17413784"
"KQ054456v1","902060","902353","GL873537","20108472","20108765","55","19206412"
"KQ054456v1","963649","963955","GL873537","2276824","2277122","65","1313175"
"KQ054456v1","976312","976613","GL873691","2033910","2034209","73","1057598"
"KQ054456v1","1173560","1173773","GL873593","6070083","6070291","54","4896523"
"KQ054456v1","1203998","1204291","GL873539","17936217","17936501","60","16732219"
"KQ054456v1","1258458","1258711","GL873520","19573814","19574073","64","18315356"
"KQ054456v1","1441458","1441750","GL873537","20108472","20108765","61","18667014"
"KQ054456v1","1511681","1511959","GL873752","219309","219580","53","1292372"
"KQ054456v1","1786829","1787073","GL873687","3171637","3171878","54","1384808"
"KQ054456v1","2071805","2072120","GL873561","9330005","9330309","79","7258200"
"KQ054456v1","2115934","2116211","GL873526","8965429","8965699","58","6849495"
"KQ054456v1","2551326","2551615","GL873634","2627489","2627772","50","76163"
"KQ054456v1","2599545","2599841","GL873555","12985384","12985684","58","10385839"
"KQ054456v1","2636936","2637211","GL873604","8660029","8660307","63","6023093"
"KQ054456v1","2678115","2678418","GL873566","9008836","9009136","73","6330721"
"KQ054456v1","2709902","2710186","GL873570","9393261","9393537","63","6683359"
"KQ054456v1","2776912","2777068","GL873526","18826375","18826525","37","16049463"
"KQ054456v1","2865983","2866270","GL873565","12300518","12300811","68","9434535"
"KQ054456v1","2937818","2937996","GL873520","73403204","73403389","36","70465386"
"KQ054456v1","2988956","2989248","GL873570","11394548","11394837","59","8405592"
"KQ054456v1","3181751","3182030","GL873677","4203427","4203715","52","1021676"
"KQ054456v1","3238406","3238734","GL873664","4810616","4810919","74","1572210"
"KQ054456v1","3283907","3284175","GL873609","7157552","7157836","69","3873645"
"KQ054456v1","3354389","3354724","GL873621","5501152","5501463","97","2146763"
"KQ054456v1","3408237","3408524","GL873524","39876034","39876322","57","36467797"
"KQ054456v1","3541685","3541990","GL873566","9008836","9009136","64","5467151"
"KQ054456v1","3550949","3551259","GL873537","9210271","9210561","80","5659322"
"KQ054456v1","3692789","3693087","GL873535","12414612","12414904","77","8721823"
"KQ054456v1","3703738","3704028","GL873663","2383516","2383802","80","1320222"
"KQ054456v1","3728181","3728491","GL873620","6199111","6199413","68","2470930"
"KQ054456v1","3740892","3741189","GL873556","996424","996728","66","2744468"
"KQ054456v1","3742926","3743183","GL873524","40197223","40197473","66","36454297"
"KQ054456v1","3749306","3749611","GL873657","3029272","3029566","65","720034"
"KQ054456v1","3750128","3750405","GL873618","1681545","1681828","72","2068583"
"KQ054456v1","3779217","3779547","GL873557","7267236","7267535","93","3488019"
"KQ054456v1","3796763","3796988","GL873593","2456107","2456338","71","1340656"
"KQ054456v1","3809810","3810089","GL873741","824391","824667","62","2985419"
"KQ054456v1","3831572","3831849","GL873741","824391","824667","66","3007181"
"KQ054456v1","3878842","3879134","GL873575","2687372","2687665","81","1191470"
"KQ054456v1","3879297","3879557","GL873601","5269322","5269589","76","1390025"
"KQ054456v1","3919714","3919868","GL873606","5238051","5238204","40","1318337"
"KQ054456v1","3920208","3920349","GL873544","11860634","11860766","34","7940426"
"KQ054456v1","3936572","3936876","GL873635","4725660","4725971","68","789088"
"KQ054456v1","3947993","3948166","GL873534","12175010","12175191","42","8227017"
"KQ054456v1","3987727","3987904","GL873530","15113216","15113396","47","11125489"
"KQ054456v1","4008849","4009140","GL873537","21410001","21410301","71","17401152"
"KQ054456v1","4022225","4022520","GL873537","20108472","20108765","59","16086247"
"KQ054456v1","4030909","4031133","GL873526","40957560","40957777","53","36926651"
"KQ054456v1","4052845","4053118","GL873567","11189110","11189358","93","7136265"
"KQ054456v1","4100819","4101094","GL873586","8120080","8120363","59","4019261"
"KQ054456v1","4114881","4115164","GL873586","8120080","8120363","54","4005199"
"KQ054456v1","4191994","4192299","GL873560","524189","524503","60","3667805"
"KQ054456v1","4293161","4293426","GL873520","8214484","8214752","60","3921323"
"KQ054456v1","4388752","4389059","GL873524","40851277","40851592","55","36462525"
"KQ054456v1","4475873","4476192","GL873720","1268124","1268434","68","3207749"
"KQ054456v1","4585958","4586228","GL873526","11570567","11570834","88","6984609"
"KQ054456v1","4636803","4636896","GL873523","26353413","26353504","17","21716610"
"KQ054456v1","4637984","4638270","GL873700","423134","423410","63","4214850"
"KQ054456v1","4660456","4660744","GL873545","20768197","20768487","63","16107741"
"KQ054456v1","4757044","4757163","GL873628","7011769","7011893","28","2254725"
"KQ054456v1","4760119","4760400","GL873528","4452981","4453269","62","307138"
"KQ054456v1","4768151","4768267","GL873531","5068193","5068311","21","300042"
"KQ054456v1","4777420","4777709","GL873520","62837330","62837628","76","58059910"
"KQ054456v1","4794103","4794405","GL873586","8120080","8120363","75","3325977"
"KQ054456v1","4801158","4801458","GL873627","7105220","7105516","58","2304062"
"KQ054456v1","4817795","4817927","GL873661","1946863","1946995","24","2870932"
"KQ054456v1","4833270","4833534","GL873563","3947486","3947752","79","885784"
"KQ054456v1","4844462","4844757","GL873522","26416598","26416890","63","21572136"
"KQ054456v1","4881548","4881649","GL873529","15872131","15872227","32","10990583"
"KQ054456v1","4902389","4902668","GL873539","15733833","15734119","72","10831444"
"KQ054456v1","4905921","4906034","GL873580","3265576","3265689","20","1640345"
"KQ054456v1","4943940","4944238","GL873546","12679748","12680030","62","7735808"
"KQ054456v1","4949072","4949368","GL873540","18639960","18640241","69","13690888"
"KQ054456v1","5000544","5000652","GL873623","7232366","7232466","25","2231822"
"KQ054456v1","5011497","5011786","GL873537","20108472","20108765","61","15096975"
"KQ054456v1","5016507","5016789","GL873530","5192481","5192755","67","175974"
"KQ054456v1","5024814","5025101","GL873631","3449698","3449977","77","1575116"
"KQ054456v1","5029797","5030104","GL873542","1286122","1286423","65","3743675"
"KQ054456v1","5037679","5037967","GL873551","2384698","2384980","83","2652981"
"KQ054456v1","5046277","5046568","GL873533","15015660","15015953","58","9969383"
"KQ054456v1","5085710","5086004","GL873623","4501593","4501900","66","584117"
"KQ054456v1","5106179","5106476","GL873537","20108472","20108765","54","15002293"
"KQ054456v1","5107684","5107970","GL873535","12038298","12038580","67","6930614"
"KQ054456v1","5136452","5136728","GL873602","7032948","7033214","60","1896496"
"KQ054456v1","5154777","5155069","GL873520","39494376","39494655","75","34339599"
"KQ054456v1","5160764","5161047","GL873646","999713","1000000","56","4161051"
"KQ054456v1","5164341","5164596","GL873534","22220752","22221008","81","17056411"
"KQ054456v1","5176971","5177281","GL873520","9594330","9594626","77","4417359"
"KQ054456v1","5204990","5205188","GL873530","21916551","21916742","51","16711561"
"KQ054456v1","5211752","5212028","GL873574","1882328","1882604","57","3329424"
"KQ054456v1","5212739","5212848","GL873538","4589416","4589529","29","623323"
"KQ054456v1","5214690","5214983","GL873575","2687372","2687665","60","2527318"
"KQ054456v1","5237768","5238068","GL873634","6620976","6621283","81","1383208"
"KQ054456v1","5255022","5255330","GL873526","10211391","10211698","67","4956369"
"KQ054456v1","5256412","5256578","GL873820","293703","293851","57","4962709"
"KQ054456v1","5257936","5258218","GL873528","5626781","5627067","64","368845"
"KQ054456v1","5266198","5266506","GL873526","10211391","10211698","64","4945193"
"KQ054456v1","5267606","5267764","GL873699","416813","416965","55","4850793"
"KQ054456v1","5299474","5299794","GL873546","12554149","12554466","81","7254675"
"KQ054456v1","5315774","5316074","GL873537","20108472","20108765","64","14792698"
"KQ054456v1","5323387","5323678","GL873520","38124828","38125119","54","32801441"
"KQ054456v1","5324531","5324798","GL873592","8798422","8798694","69","3473891"
"KQ054456v1","5334778","5335033","GL873558","6954410","6954677","62","1619632"
"KQ054456v1","5338466","5338739","GL873615","6211463","6211733","64","872997"
"KQ054456v1","5350407","5350698","GL873544","12852108","12852394","54","7501701"
"KQ054456v1","5368808","5369098","GL873592","2439645","2439925","62","2929163"
"KQ054456v1","5398430","5398707","GL873547","14329017","14329292","60","8930587"
"KQ054456v1","5398712","5398968","GL873545","4503988","4504243","59","894724"
"KQ054456v1","5415940","5416223","GL873528","4452981","4453269","53","962959"
"KQ054456v1","5435722","5435926","GL873526","10173256","10173455","66","4737534"
"KQ054456v1","5452335","5452618","GL873558","12116555","12116839","75","6664220"
"KQ054456v1","5464711","5464988","GL873547","14329017","14329292","59","8864306"
"KQ054456v1","5471205","5471518","GL873520","38324806","38325111","82","32853601"
"KQ054456v1","5496472","5496727","GL873524","41946380","41946631","57","36449908"
"KQ054456v1","5506237","5506536","GL873522","24812650","24812943","76","19306413"
"KQ054456v1","5507925","5508222","GL873533","23793613","23793905","64","18285688"
"KQ054456v1","5535762","5536062","GL873565","10241052","10241359","69","4705290"
"KQ054456v1","5557963","5558100","GL873541","2222066","2222203","35","3335897"
"KQ054456v1","5562158","5562432","GL873565","9471459","9471742","61","3909301"
"KQ054456v1","5562571","5562848","GL873526","25295506","25295789","60","19732935"
"KQ054456v1","5574624","5574913","GL873536","10393754","10394042","69","4819130"
"KQ054456v1","5587555","5587845","GL873721","789638","789928","71","4797917"
"KQ054456v1","5593604","5593894","GL873643","1595792","1596074","65","3997812"
"KQ054456v1","5678857","5679157","GL873572","6984999","6985295","60","1306142"
"KQ054456v1","5706784","5707073","GL873551","8175407","8175696","61","2468623"
"KQ054456v1","5710623","5710919","GL873526","8284727","8285011","77","2574104"
"KQ054456v1","5741042","5741282","GL873538","10588952","10589190","66","4847910"
"KQ054456v1","5790774","5791068","GL873528","4452981","4453269","59","1337793"
"KQ054456v1","5868613","5868902","GL873537","20108472","20108765","52","14239859"
"KQ054456v1","5872717","5872983","GL873596","1691698","1691967","57","4181019"
"KQ054460v1","2399","2682","GL873527","16284173","16284441","94","16281774"
"KQ054466v1","1310669","1310820","GL873522","47892872","47893028","46","46582203"
"KQ054466v1","21298","21446","GL873532","3531579","3531722","33","3510281"
"KQ054466v1","29728","29804","GL873548","7819751","7819832","17","7790023"
"KQ054466v1","95448","95715","GL873668","1518449","1518701","65","1423001"
"KQ054466v1","203685","203987","GL873608","5261767","5262063","68","5058082"
"KQ054466v1","390344","390629","GL873530","9360390","9360665","70","8970046"
"KQ054466v1","404272","404440","GL873530","16082476","16082634","37","15678204"
"KQ054466v1","481262","481553","GL873548","16911479","16911770","67","16430217"
"KQ054466v1","496455","496741","GL873613","7768900","7769194","70","7272445"
"KQ054466v1","559059","559322","GL873533","29114064","29114296","79","28555005"
"KQ054466v1","800040","800172","GL873523","11296246","11296373","33","10496206"
"KQ054466v1","808536","808689","GL873526","21923028","21923158","40","21114492"
"KQ054466v1","844264","844383","GL873526","19052060","19052182","21","18207796"
"KQ054466v1","921682","921988","GL873615","5162108","5162422","73","4240426"
"KQ054466v1","1037951","1038245","GL873567","10304739","10305017","65","9266788"
"KQ054466v1","1066149","1066448","GL873530","16695374","16695671","58","15629225"
"KQ054466v1","1080820","1081014","GL873628","7012543","7012724","60","5931723"
"KQ054466v1","1172453","1172742","GL873536","11039988","11040262","81","9867535"
"KQ054466v1","1213397","1213627","GL873526","40957560","40957777","52","39744163"
"KQ054466v1","1238598","1238882","GL873537","20108472","20108765","60","18869874"
"KQ054466v1","1239862","1240137","GL873579","11141374","11141638","71","9901512"
"KQ054466v1","1276036","1276148","GL873548","14625739","14625851","22","13349703"
"KQ054466v1","1291465","1291764","GL873535","14266203","14266500","57","12974738"
"KQ054466v1","1309376","1309692","GL873831","401729","402015","96","907647"
"KQ054466v1","1311135","1311255","GL873533","30313670","30313790","26","29002535"
"KQ054466v1","1368575","1368856","GL873531","25381659","25381942","66","24013084"
"KQ054466v1","1375086","1375353","GL873537","27246006","27246277","56","25870920"
"KQ054466v1","1399538","1399823","GL873544","12852108","12852394","65","11452570"
"KQ054466v1","1402270","1402554","GL873545","17052684","17052979","64","15650414"
"KQ054466v1","1403304","1403496","GL873522","16105198","16105378","53","14701894"
"KQ054466v1","1415450","1415746","GL873531","27860265","27860563","52","26444815"
"KQ054466v1","1416305","1416593","GL873593","3958983","3959265","62","2542678"
"KQ054466v1","1470219","1470448","GL873534","23004333","23004577","68","21534114"
"KQ054466v1","1470546","1470828","GL873543","13000816","13001093","52","11530270"
"KQ054466v1","1518368","1518635","GL873520","19573814","19574073","61","18055446"
"KQ054466v1","1644235","1644523","GL873800","736311","736599","66","907924"
"KQ054466v1","1694549","1694850","GL873545","12978830","12979129","66","11284281"
"KQ054466v1","1696752","1697053","GL873586","7286265","7286554","66","5589513"
"KQ054466v1","1832797","1833013","GL873542","17434728","17434936","51","15601931"
"KQ054466v1","1840596","1840891","GL873687","2386078","2386371","79","545482"
"KQ054466v1","1863933","1864199","GL873568","12319978","12320246","64","10456045"
"KQ054466v1","1885302","1885596","GL873673","4218625","4218921","61","2333323"
"KQ054466v1","2012008","2012316","GL873565","12300518","12300811","65","10288510"
"KQ054466v1","2075923","2076217","GL873557","7267236","7267535","72","5191313"
"KQ054466v1","2113452","2113722","GL873530","29321072","29321333","70","27207620"
"KQ054466v1","2141349","2141621","GL873576","7333199","7333473","82","5191850"
"KQ054466v1","2160810","2161106","GL873548","14459919","14460199","75","12299109"
"KQ054466v1","2173602","2173726","GL873547","17597232","17597356","19","15423630"
"KQ054466v1","2190305","2190604","GL873543","2139452","2139746","62","50853"
"KQ054466v1","2227698","2227943","GL873527","37009121","37009363","68","34781423"
"KQ054466v1","2231580","2231884","GL873565","12300518","12300811","58","10068938"
"KQ054466v1","2292476","2292766","GL873528","4452981","4453269","60","2160505"
"KQ054466v1","2299715","2300029","GL873531","19369345","19369649","76","17069630"
"KQ054466v1","2362081","2362352","GL873526","17107085","17107352","62","14745004"
"KQ054466v1","2402683","2402979","GL873646","173582","173872","61","2229101"
"KQ054466v1","2431962","2432246","GL873561","13826809","13827093","48","11394847"
"KQ054466v1","2469871","2470196","GL873615","5162108","5162422","73","2692237"
"KQ054466v1","2473288","2473589","GL873523","8076383","8076689","61","5603095"
"KQ054466v1","2542598","2542887","GL873611","607167","607439","68","1935431"
"KQ054466v1","2559663","2559962","GL873544","17230668","17230971","64","14671005"
"KQ054466v1","2605825","2606120","GL873567","11848801","11849096","61","9242976"
"KQ054466v1","2615996","2616162","GL873647","3158908","3159076","30","542912"
"KQ054466v1","2625062","2625356","GL873551","9201762","9202063","77","6576700"
"KQ054466v1","2649593","2649713","GL873615","2613481","2613598","27","36112"
"KQ054466v1","2665625","2665911","GL873526","25295506","25295789","58","22629881"
"KQ054466v1","2731769","2732035","GL873520","42967256","42967520","70","40235487"
"KQ054466v1","2880632","2880913","GL873533","10253915","10254192","76","7373283"
"KQ054466v1","2900414","2900584","GL873562","11016154","11016328","42","8115740"
"KQ054466v1","2900638","2900771","GL873646","3620254","3620385","34","719616"
"KQ054466v1","2908942","2909202","GL873536","27318293","27318570","73","24409351"
"KQ054466v1","2916635","2916929","GL873520","59087008","59087299","63","56170373"
"KQ054466v1","2944572","2944856","GL873621","7068670","7068929","69","4124098"
"KQ054466v1","2960286","2960567","GL873693","2411777","2412060","58","548509"
"KQ054466v1","2987956","2988252","GL873537","3341789","3342081","74","353833"
"KQ054466v1","3028934","3029205","GL873621","7165547","7165806","77","4136613"
"KQ054466v1","3049623","3049903","GL873520","30528177","30528435","65","27478554"
"KQ054466v1","3096175","3096386","GL873569","6659570","6659776","61","3563395"
"KQ054466v1","3099233","3099450","GL873522","44561918","44562130","66","41462685"
"KQ054477v1","1","181","GL873583","7437530","7437707","53","7437529"
"KQ054477v1","9784","10078","GL873537","16332596","16332880","68","16322812"
"KQ054477v1","96766","97072","GL873615","5889225","5889521","69","5792459"
"KQ054477v1","106402","106444","GL873569","8289998","8290042","11","8183596"
"KQ054477v1","108504","108811","GL873521","54348700","54348994","83","54240196"
"KQ054477v1","132979","133103","GL873587","2516222","2516344","24","2383243"
"KQ054477v1","148126","148263","GL873684","3564946","3565077","27","3416820"
"KQ054477v1","191548","191808","GL873554","13764106","13764362","73","13572558"
"KQ054477v1","268174","268477","GL873531","30753097","30753396","84","30484923"
"KQ054477v1","404904","405209","GL873534","18641446","18641749","71","18236542"
"KQ054479v1","63050","63342","AAQR03193821","147","427","69","62903"
"KQ054479v1","85795","86083","GL873776","729358","729643","72","643563"
"KQ054488v1","39095","39292","GL873524","19065990","19066189","50","19026895"
"KQ054488v1","62835","63133","GL873596","3562116","3562414","81","3499281"
"KQ054488v1","76730","77013","GL873674","3713686","3713961","61","3636956"
"KQ054488v1","93624","93922","GL873545","17052684","17052979","63","16959060"
"KQ054488v1","97606","97905","GL873545","12978830","12979129","65","12881224"
"KQ054488v1","225338","225480","GL873530","26978002","26978127","55","26752664"
"KQ054488v1","228503","228719","GL873740","1487607","1487825","69","1259104"
"KQ054488v1","263746","263961","GL873579","10953212","10953437","52","10689466"
"KQ054488v1","293786","294092","GL873563","5489805","5490109","67","5196019"
"KQ054488v1","478513","478796","GL873526","21819455","21819728","57","21340942"
"KQ054488v1","662856","663128","GL873522","26431469","26431747","49","25768613"
"KQ054488v1","777012","777304","GL873538","10286898","10287182","81","9509886"
"KQ054488v1","1017602","1017893","GL873564","3975062","3975344","68","2957460"
"KQ054488v1","1040717","1041003","GL873557","14125304","14125596","67","13084587"
"KQ054488v1","1179021","1179318","GL873530","17375868","17376165","57","16196847"
"KQ054488v1","1187383","1187680","GL873530","17375868","17376165","57","16188485"
"KQ054499v1","111834","111929","GL873547","11073","11159","31","100761"
"KQ054499v1","146122","146249","GL873540","17305923","17306047","27","17159801"
"KQ054499v1","152490","152617","GL873540","17305923","17306047","27","17153433"
"KQ054499v1","359732","360004","GL873547","7031032","7031302","78","6671300"
"KQ054499v1","374034","374337","GL873543","5406105","5406406","68","5032071"
"KQ054499v1","377127","377412","GL873520","3802911","3803175","79","3425784"
"KQ054499v1","386663","386811","GL873530","5352139","5352284","37","4965476"
"KQ054499v1","395808","395957","GL873521","44448266","44448403","43","44052458"
"KQ054499v1","532049","532356","GL873545","20390330","20390642","67","19858281"
"KQ054499v1","553560","553841","GL873612","273209","273490","78","280351"
"KQ054499v1","746714","747015","GL873534","24828530","24828825","51","24081816"
"KQ054499v1","812153","812419","GL873520","8214484","8214752","65","7402331"
"KQ054499v1","818244","818515","GL873745","492064","492338","70","326180"
"KQ054499v1","856868","857174","GL873593","9134415","9134703","81","8277547"
"KQ054499v1","860508","860776","GL873522","5870171","5870437","73","5009663"
"KQ054499v1","1217645","1217757","GL873542","1259218","1259335","23","41573"
"KQ054499v1","1223168","1223429","GL873624","1833935","1834197","65","610767"
"KQ054499v1","1281400","1281703","GL873575","2687372","2687665","73","1405972"
"KQ054499v1","1334896","1335203","GL873574","10996223","10996532","68","9661327"
"KQ054499v1","1374574","1374816","GL873539","19728562","19728803","59","18353988"
"KQ054499v1","1389786","1390089","GL873521","50684853","50685150","61","49295067"
"KQ054499v1","1392518","1392818","GL873644","1348249","1348555","69","44269"
"KQ054499v1","1395025","1395303","GL873618","1681545","1681828","63","286520"
"KQ054499v1","1398048","1398236","GL873580","9883930","9884125","57","8485882"
"KQ054499v1","1423037","1423297","GL873752","219309","219580","58","1203728"
"KQ054499v1","1424573","1424695","GL873571","5880255","5880380","23","4455682"
"KQ054499v1","1446177","1446490","GL873557","3159396","3159707","83","1713219"
"KQ054499v1","1549270","1549385","GL873659","1219404","1219517","26","329866"
"KQ054499v1","1655570","1655891","GL873577","7611226","7611549","68","5955656"
"KQ054499v1","1762788","1763095","GL873720","1268124","1268434","67","494664"
"KQ054499v1","1772065","1772387","GL873545","20390330","20390642","68","18618265"
"KQ054499v1","1926582","1926804","GL873749","1782543","1782769","49","144039"
"KQ054499v1","1941026","1941322","GL873522","25185925","25186218","57","23244899"
"KQ054499v1","1945114","1945403","GL873545","17052684","17052979","67","15107570"
"KQ054499v1","2007443","2007735","GL873527","25101599","25101892","50","23094156"
"KQ054499v1","2118255","2118535","GL873533","15128008","15128290","59","13009753"
"KQ054499v1","2162600","2162887","GL873535","25840890","25841174","82","23678290"
"KQ054499v1","2213101","2213413","GL873629","1991833","1992133","59","221268"
"KQ054499v1","2290437","2290748","GL873656","4223738","4224049","63","1933301"
"KQ054499v1","2318554","2318868","GL873526","20255818","20256125","78","17937264"
"KQ054499v1","2361831","2362128","GL873577","10149931","10150226","73","7788100"
"KQ054499v1","2363219","2363393","GL873535","19157542","19157710","38","16794323"
"KQ054499v1","2413020","2413274","GL873549","17928217","17928472","64","15515197"
"KQ054499v1","2423424","2423682","GL873549","17928217","17928472","72","15504793"
"KQ054499v1","2428924","2429178","GL873549","17928217","17928472","64","15499293"
"KQ054499v1","2529994","2530342","GL873761","1215414","1215735","105","1314580"
"KQ054499v1","2540109","2540231","GL873526","10906259","10906385","17","8366150"
"KQ054499v1","2796947","2797235","GL873620","6199111","6199413","64","3402164"
"KQ054499v1","2817112","2817380","GL873541","18827518","18827793","72","16010406"
"KQ054499v1","2849936","2850229","GL873537","20108472","20108765","56","17258536"
"KQ054499v1","2860545","2860856","GL873577","10149931","10150226","71","7289386"
"KQ054499v1","2864868","2865180","GL873550","6922342","6922648","76","4057474"
"KQ054499v1","2920214","2920332","GL873562","5681529","5681647","20","2761315"
"KQ054499v1","2920429","2920614","GL873520","1429502","1429686","47","1490927"
"KQ054501v1","72113","72429","GL873530","28263781","28264089","78","28191668"
"KQ054504v1","292","602","GL873556","996424","996728","74","996132"
"KQ054505v1","284","579","GL873579","237527","237826","54","237243"
"KQ054505v1","9199","9309","GL873590","743308","743414","25","734109"
"KQ054508v1","1","282","GL873602","7032948","7033214","61","7032947"
"KQ054508v1","1803","2071","GL873569","1650114","1650398","73","1648311"
"KQ054509v1","59838","60144","GL873521","4537344","4537658","64","4477506"
"KQ054509v1","79054","79371","GL873540","21071517","21071821","84","20992463"
"KQ054510v1","6291450","6291730","GL873524","6340271","6340559","71","48821"
"KQ054510v1","8650578","8650891","GL873523","8076383","8076689","59","574195"
"KQ054510v1","116799","117040","GL873800","517515","517761","49","400716"
"KQ054510v1","119376","119677","GL873608","4005858","4006144","69","3886482"
"KQ054510v1","122461","122756","GL873562","600673","600979","71","478212"
"KQ054510v1","139917","140217","GL873631","1772","2067","58","138145"
"KQ054510v1","198431","198726","GL873520","38124828","38125119","57","37926397"
"KQ054510v1","243266","243565","GL873575","2687372","2687665","73","2444106"
"KQ054510v1","299968","300257","GL873522","44402217","44402489","73","44102249"
"KQ054510v1","304579","304788","GL873544","20994896","20995102","47","20690317"
"KQ054510v1","347270","347561","GL873548","16911479","16911770","67","16564209"
"KQ054510v1","363843","363978","GL873537","22180947","22181078","25","21817104"
"KQ054510v1","377301","377617","GL873720","1268124","1268434","66","890823"
"KQ054510v1","379405","379660","GL873548","12549634","12549900","75","12170229"
"KQ054510v1","390181","390469","GL873544","12852108","12852394","61","12461927"
"KQ054510v1","406532","406844","GL873560","524189","524503","62","117657"
"KQ054510v1","408923","409088","GL873577","4898264","4898426","32","4489341"
"KQ054510v1","419077","419344","GL873629","6906404","6906663","77","6487327"
"KQ054510v1","483934","484204","GL873541","18622612","18622871","78","18138678"
"KQ054510v1","516002","516305","GL873530","10599809","10600111","61","10083807"
"KQ054510v1","516812","517048","GL873560","8931049","8931288","61","8414237"
"KQ054510v1","522144","522305","GL873586","7442664","7442810","52","6920520"
"KQ054510v1","522312","522430","GL873562","5000721","5000836","27","4478409"
"KQ054510v1","523091","523223","GL873530","8526192","8526322","29","8003101"
"KQ054510v1","538223","538516","GL873588","6897685","6897994","78","6359462"
"KQ054510v1","551712","552009","GL873531","27860265","27860563","61","27308553"
"KQ054510v1","555685","555915","GL873579","10953212","10953437","54","10397527"
"KQ054510v1","563498","563752","GL873523","34970144","34970406","67","34406646"
"KQ054510v1","580691","580970","GL873611","607167","607439","63","26476"
"KQ054510v1","582915","583115","GL873572","6196992","6197190","51","5614077"
"KQ054510v1","626048","626312","GL873585","1585663","1585945","76","959615"
"KQ054510v1","642265","642394","GL873522","26184552","26184676","27","25542287"
"KQ054510v1","667958","668210","GL873520","19573814","19574073","64","18905856"
"KQ054510v1","685889","686198","GL873701","1489808","1490112","62","803919"
"KQ054510v1","707446","707737","GL873522","40388442","40388729","54","39680996"
"KQ054510v1","752497","752646","GL873530","34598542","34598698","45","33846045"
"KQ054510v1","803443","803732","GL873520","25679088","25679380","76","24875645"
"KQ054510v1","832505","832813","GL873760","812865","813169","63","19640"
"KQ054510v1","844010","844263","GL873528","1268672","1268921","53","424662"
"KQ054510v1","846796","847016","GL873533","9690889","9691109","53","8844093"
"KQ054510v1","878723","878980","GL873523","29003618","29003875","76","28124895"
"KQ054510v1","931078","931192","GL873538","18382323","18382442","21","17451245"
"KQ054510v1","931528","931718","GL873542","22683037","22683207","62","21751509"
"KQ054510v1","933994","934106","GL873538","18382323","18382442","25","17448329"
"KQ054510v1","934435","934627","GL873520","43529733","43529896","62","42595298"
"KQ054510v1","937099","937270","GL873521","29859775","29859939","40","28922676"
"KQ054510v1","937587","937735","GL873533","1211222","1211352","37","273635"
"KQ054510v1","938599","938908","GL873618","1121386","1121685","59","182787"
"KQ054510v1","953027","953321","GL873596","8979189","8979479","63","8026162"
"KQ054510v1","971298","971447","GL873593","4524709","4524854","36","3553411"
"KQ054510v1","1011112","1011415","GL873521","50172684","50172982","81","49161572"
"KQ054510v1","1029305","1029589","GL873526","25295506","25295789","73","24266201"
"KQ054510v1","1034416","1034575","GL873631","188832","188994","38","845584"
"KQ054510v1","1034729","1034865","GL873574","11228115","11228260","36","10193386"
"KQ054510v1","1112644","1112873","GL873565","12910299","12910511","54","11797655"
"KQ054510v1","1169637","1169924","GL873542","2435120","2435413","61","1265483"
"KQ054510v1","1173527","1173820","GL873545","17052684","17052979","54","15879157"
"KQ054510v1","1195318","1195628","GL873636","3104548","3104855","60","1909230"
"KQ054510v1","1197363","1197670","GL873560","12951592","12951892","67","11754229"
"KQ054510v1","1202009","1202126","GL873535","24314156","24314272","21","23112147"
"KQ054510v1","1211924","1212186","GL873587","5017774","5018038","56","3805850"
"KQ054510v1","1241699","1241979","GL873526","25295506","25295789","58","24053807"
"KQ054510v1","1248411","1248629","GL873527","37887494","37887703","53","36639083"
"KQ054510v1","1262424","1262719","GL873575","2687372","2687665","57","1424948"
"KQ054510v1","1264104","1264317","GL873777","886932","887156","60","377172"
"KQ054510v1","1270628","1270915","GL873520","36088702","36088990","54","34818074"
"KQ054510v1","1271244","1271558","GL873572","9034316","9034616","74","7763072"
"KQ054510v1","1291617","1291913","GL873527","10910929","10911225","61","9619312"
"KQ054510v1","1319858","1320075","GL873674","3921866","3922072","60","2602008"
"KQ054510v1","1320808","1321099","GL873574","4855555","4855848","60","3534747"
"KQ054510v1","1329684","1329935","GL873610","106160","106408","70","1223524"
"KQ054510v1","1413816","1414105","GL873657","3029272","3029566","67","1615456"
"KQ054510v1","1445386","1445689","GL873577","10149931","10150226","64","8704545"
"KQ054510v1","1456416","1456692","GL873721","830643","830918","69","625773"
"KQ054510v1","1462852","1463161","GL873621","545875","546169","58","916977"
"KQ054510v1","1491967","1492257","GL873528","5032075","5032370","63","3540108"
"KQ054510v1","1516933","1517119","GL873529","21723042","21723220","49","20206109"
"KQ054510v1","1522473","1522593","GL873546","15788986","15789096","36","14266513"
"KQ054510v1","1536616","1536748","GL873589","9755988","9756114","38","8219372"
"KQ054510v1","1553794","1554076","GL873570","9393261","9393537","75","7839467"
"KQ054510v1","1559530","1559799","GL873609","934566","934836","86","624964"
"KQ054510v1","1561056","1561075","GL873675","2120045","2120064","7","558989"
"KQ054510v1","1561379","1561555","GL873531","2636452","2636619","55","1075073"
"KQ054510v1","1564484","1564754","GL873593","4538155","4538417","98","2973671"
"KQ054510v1","1596301","1596596","GL873545","17052684","17052979","54","15456383"
"KQ054510v1","1602274","1602542","GL873565","12300518","12300811","75","10698244"
"KQ054510v1","1611351","1611621","GL873527","3852983","3853250","58","2241632"
"KQ054510v1","1611626","1611875","GL873538","19756877","19757117","63","18145251"
"KQ054510v1","1614594","1614905","GL873615","5162108","5162422","64","3547514"
"KQ054510v1","1617882","1618078","GL873628","7012543","7012724","53","5394661"
"KQ054510v1","1618408","1618534","GL873542","9035516","9035642","21","7417108"
"KQ054510v1","1627818","1628098","GL873570","9393261","9393537","68","7765443"
"KQ054510v1","1639977","1640253","GL873752","219309","219580","61","1420668"
"KQ054510v1","1643003","1643244","GL873522","17139306","17139552","53","15496303"
"KQ054510v1","1664545","1664839","GL873537","20108472","20108765","51","18443927"
"KQ054510v1","1686661","1686959","GL873737","1691288","1691582","76","4627"
"KQ054510v1","1710627","1710743","GL873732","1406927","1407043","16","303700"
"KQ054510v1","1731133","1731437","GL873521","40702507","40702798","73","38971374"
"KQ054510v1","1745551","1745776","GL873532","4184844","4185061","40","2439293"
"KQ054510v1","1794422","1794686","GL873538","12696139","12696415","64","10901717"
"KQ054510v1","1803480","1803795","GL873540","24563702","24564003","70","22760222"
"KQ054510v1","1805159","1805446","GL873697","1353514","1353797","57","451645"
"KQ054510v1","1806827","1807124","GL873729","432103","432405","56","1374724"
"KQ054510v1","1856358","1856658","GL873528","5032075","5032370","67","3175717"
"KQ054510v1","1877906","1878188","GL873568","10563353","10563640","53","8685447"
"KQ054510v1","1883166","1883458","GL873524","42149014","42149308","55","40265848"
"KQ054510v1","1890736","1890892","GL873586","1353695","1353851","38","537041"
"KQ054510v1","1893722","1894018","GL873537","20108472","20108765","59","18214750"
"KQ054510v1","1896015","1896098","GL873601","3726384","3726464","18","1830369"
"KQ054510v1","1898505","1898773","GL873586","5528542","5528797","62","3630037"
"KQ054510v1","1899981","1900283","GL873673","4218625","4218921","72","2318644"
"KQ054510v1","1923400","1923703","GL873533","23793613","23793905","62","21870213"
"KQ054510v1","1937100","1937394","GL873524","42149014","42149308","54","40211914"
"KQ054510v1","1939192","1939507","GL873545","13698150","13698456","62","11758958"
"KQ054510v1","1941083","1941370","GL873522","26431469","26431747","67","24490386"
"KQ054510v1","1956971","1957274","GL873530","17744466","17744774","65","15787495"
"KQ054510v1","1994214","1994291","GL873624","292078","292155","16","1702136"
"KQ054510v1","1997506","1997799","GL873737","1691288","1691582","61","306218"
"KQ054510v1","1999733","1999999","GL873560","12765250","12765518","62","10765517"
"KQ054510v1","2002660","2002944","GL873540","20979097","20979374","69","18976437"
"KQ054510v1","2030291","2030400","GL873602","56753","56851","33","1973538"
"KQ054510v1","2041523","2041777","GL873540","20244038","20244273","57","18202515"
"KQ054510v1","2041934","2042222","GL873576","206156","206441","69","1835778"
"KQ054510v1","2042811","2043115","GL873533","23793613","23793905","66","21750802"
"KQ054510v1","2044166","2044333","GL873522","37363427","37363592","37","35319261"
"KQ054510v1","2044360","2044397","GL873628","1719943","1719983","12","324417"
"KQ054510v1","2045503","2045777","GL873615","558959","559233","57","1486544"
"KQ054510v1","2055365","2055511","GL873545","137734","137861","42","1917631"
"KQ054510v1","2056910","2057214","GL873544","12754022","12754326","68","10697112"
"KQ054510v1","2070264","2070382","GL873557","1890228","1890345","19","180036"
"KQ054510v1","2078079","2078380","GL873844","259150","259453","64","1818929"
"KQ054510v1","2097534","2097814","GL873520","39494376","39494655","66","37396842"
"KQ054510v1","2101876","2102161","GL873593","3958983","3959265","75","1857107"
"KQ054510v1","2110341","2110657","GL873593","6523519","6523829","72","4413178"
"KQ054510v1","2127452","2127582","GL873536","11083870","11084000","25","8956418"
"KQ054510v1","2127912","2128079","GL873521","40165561","40165719","44","38037649"
"KQ054510v1","2164550","2164833","GL873582","2435083","2435367","88","270533"
"KQ054510v1","2165056","2165129","GL873608","4310853","4310928","18","2145797"
"KQ054510v1","2173017","2173185","GL873536","11946983","11947148","36","9773966"
"KQ054510v1","2175009","2175320","GL873590","429105","429385","87","1745904"
"KQ054510v1","2181198","2181493","GL873565","12300518","12300811","53","10119320"
"KQ054510v1","2186202","2186463","GL873540","20714394","20714639","53","18528192"
"KQ054510v1","2187648","2187952","GL873636","3104548","3104855","63","916900"
"KQ054510v1","2193783","2194042","GL873577","9802412","9802659","57","7608629"
"KQ054510v1","2198761","2199028","GL873601","556601","556885","71","1642160"
"KQ054510v1","2210246","2210555","GL873542","8032564","8032870","72","5822318"
"KQ054510v1","2221794","2221970","GL873600","4550386","4550564","59","2328592"
"KQ054510v1","2224786","2225032","GL873557","14842767","14843011","63","12617981"
"KQ054510v1","2225364","2225456","GL873574","4678816","4678899","25","2453452"
"KQ054510v1","2229171","2229327","GL873587","5622460","5622617","53","3393289"
"KQ054510v1","2229665","2229780","GL873550","13773361","13773475","28","11543696"
"KQ054510v1","2237302","2237600","GL873520","38124828","38125119","62","35887526"
"KQ054510v1","2254326","2254573","GL873545","4503988","4504243","65","2249662"
"KQ054510v1","2260777","2261071","GL873530","25555061","25555354","64","23294284"
"KQ054510v1","2265636","2265891","GL873545","4503988","4504243","64","2238352"
"KQ054510v1","2286855","2287106","GL873545","4503988","4504243","64","2217133"
"KQ054510v1","2351375","2351622","GL873526","17110885","17111154","70","14759510"
"KQ054510v1","2356347","2356641","GL873544","14048568","14048856","67","11692221"
"KQ054510v1","2358552","2358757","GL873522","4963073","4963271","43","2604521"
"KQ054510v1","2374176","2374462","GL873526","10776369","10776653","62","8402193"
"KQ054510v1","2375857","2376116","GL873593","2507984","2508249","53","132127"
"KQ054510v1","2376391","2376594","GL873526","40957560","40957777","55","38581169"
"KQ054510v1","2400669","2400944","GL873543","13628351","13628611","70","11227682"
"KQ054510v1","2411879","2412151","GL873543","13628351","13628611","69","11216472"
"KQ054510v1","2421397","2421693","GL873538","3757160","3757448","69","1335763"
"KQ054510v1","2422589","2422876","GL873593","2418777","2419057","71","3812"
"KQ054510v1","2426249","2426534","GL873593","2418777","2419057","72","7472"
"KQ054510v1","2427421","2427715","GL873663","2383516","2383802","74","43905"
"KQ054510v1","2432015","2432060","GL873520","37085579","37085620","11","34653564"
"KQ054510v1","2434736","2434872","GL873573","5083225","5083362","41","2648489"
"KQ054510v1","2441524","2441645","GL873587","448922","449042","21","1992602"
"KQ054510v1","2444940","2445247","GL873615","5162108","5162422","72","2717168"
"KQ054510v1","2455753","2456035","GL873531","4073293","4073584","58","1617540"
"KQ054510v1","2463669","2463907","GL873590","671368","671605","54","1792301"
"KQ054510v1","2500757","2501044","GL873668","4631259","4631542","68","2130502"
"KQ054510v1","2505079","2505211","GL873601","5084413","5084542","41","2579334"
"KQ054510v1","2510585","2510825","GL873706","2167229","2167479","64","343356"
"KQ054510v1","2512475","2512689","GL873787","108818","109029","54","2403657"
"KQ054510v1","2513023","2513140","GL873536","13734163","13734272","37","11221140"
"KQ054510v1","2514686","2515004","GL873615","5162108","5162422","73","2647422"
"KQ054510v1","2519347","2519472","GL873577","11033333","11033456","17","8513986"
"KQ054510v1","2540007","2540262","GL873533","690427","690705","92","1849580"
"KQ054510v1","2546279","2546579","GL873545","17052684","17052979","69","14506405"
"KQ054510v1","2546588","2546882","GL873561","6158970","6159266","59","3612382"
"KQ054510v1","2550566","2550846","GL873596","8979189","8979479","76","6428623"
"KQ054510v1","2552800","2553006","GL873521","46427393","46427598","54","43874593"
"KQ054510v1","2556806","2557077","GL873706","709928","710201","63","1846878"
"KQ054510v1","2563028","2563316","GL873551","10583361","10583647","68","8020333"
"KQ054510v1","2566906","2567242","GL873575","2687372","2687665","91","120466"
"KQ054510v1","2583770","2584056","GL873596","8979189","8979479","67","6395419"
"KQ054510v1","2587394","2587661","GL873646","1325103","1325367","72","1262291"
"KQ054510v1","2594310","2594611","GL873577","10149931","10150226","74","7555621"
"KQ054510v1","2595489","2595790","GL873545","12978830","12979129","61","10383341"
"KQ054510v1","2600691","2600927","GL873531","26071775","26072011","58","23471084"
"KQ054510v1","2601863","2602023","GL873632","4278191","4278348","37","1676328"
"KQ054510v1","2606858","2607163","GL873520","38987202","38987491","75","36380344"
"KQ054510v1","2608224","2608508","GL873557","9951663","9951956","59","7343439"
"KQ054510v1","2617176","2617469","GL873691","1964797","1965080","74","652379"
"KQ054510v1","2696282","2696398","GL873671","178417","178533","19","2517865"
"KQ054510v1","2699659","2699852","GL873551","7001875","7002058","47","4302216"
"KQ054510v1","2700841","2701050","GL873521","27266368","27266584","58","24565527"
"KQ054510v1","2702391","2702674","GL873618","3502973","3503252","65","800582"
"KQ054510v1","2702952","2703057","GL873542","1259218","1259335","24","1443734"
"KQ054510v1","2703110","2703269","GL873530","2523266","2523431","37","179844"
"KQ054510v1","2708571","2708649","GL873565","13108265","13108340","13","10399694"
"KQ054510v1","2730196","2730477","GL873526","4353131","4353412","66","1622935"
"KQ054510v1","2740594","2740854","GL873544","14183726","14183988","68","11443132"
"KQ054510v1","2750700","2750987","GL873610","7794799","7795085","62","5044099"
"KQ054510v1","2762459","2762760","GL873561","9330005","9330309","75","6567546"
"KQ054510v1","2796201","2796507","GL873530","25617673","25617981","65","22821472"
"KQ054510v1","2797638","2797930","GL873537","20108472","20108765","59","17310834"
"KQ054510v1","2808924","2809191","GL873585","1930112","1930363","84","878812"
"KQ054510v1","2811249","2811543","GL873537","20108472","20108765","62","17297223"
"KQ054510v1","2822553","2822784","GL873532","3860705","3860957","72","1038152"
"KQ054510v1","2832106","2832400","GL873520","38236690","38236980","63","35404584"
"KQ054510v1","2836831","2837123","GL873548","13933563","13933854","67","11096732"
"KQ054510v1","2841706","2841932","GL873743","493025","493244","57","2348681"
"KQ054510v1","2843190","2843496","GL873574","2979143","2979454","68","135953"
"KQ054510v1","2846386","2846686","GL873626","2601511","2601806","71","244875"
"KQ054510v1","2849747","2850049","GL873537","23325667","23325965","72","20475920"
"KQ054510v1","2853630","2853933","GL873537","23325667","23325965","73","20472037"
"KQ054510v1","2859415","2859714","GL873545","12978830","12979129","73","10119415"
"KQ054510v1","2879305","2879583","GL873548","12516281","12516565","64","9636976"
"KQ054510v1","2898653","2898918","GL873527","15959106","15959367","57","13060453"
"KQ054510v1","2917037","2917317","GL873613","1380796","1381049","79","1536241"
"KQ054510v1","2924597","2924899","GL873568","5537783","5538076","66","2613186"
"KQ054510v1","2927691","2927801","GL873573","8946915","8947030","24","6019224"
"KQ054510v1","2946780","2947082","GL873545","17052684","17052979","65","14105904"
"KQ054510v1","2967547","2967827","GL873600","4910978","4911254","62","1943431"
"KQ054510v1","2981202","2981461","GL873533","23633726","23633993","76","20652524"
"KQ054510v1","2991512","2991812","GL873680","736718","737004","76","2254794"
"KQ054510v1","2996165","2996442","GL873523","5398253","5398525","61","2402088"
"KQ054510v1","3008035","3008330","GL873530","35151810","35152100","58","32143775"
"KQ054510v1","3010082","3010263","GL873525","38071247","38071431","49","35061165"
"KQ054510v1","3049764","3050060","GL873612","2357949","2358251","66","691815"
"KQ054510v1","3068451","3068565","GL873593","2246281","2246402","38","822170"
"KQ054510v1","3071801","3071932","GL873564","8036229","8036356","38","4964428"
"KQ054510v1","3087469","3087600","AAQR03199654","739","868","25","3086730"
"KQ054510v1","3093221","3093354","AAQR03199654","739","868","24","3092482"
"KQ054510v1","3094869","3095032","GL873704","708182","708343","43","2386687"
"KQ054510v1","3101476","3101594","GL873544","12379043","12379167","36","9277567"
"KQ054510v1","3112675","3112966","GL873663","2383516","2383802","71","729159"
"KQ054510v1","3115930","3116201","GL873539","810980","811260","77","2304950"
"KQ054510v1","3116612","3116926","GL873691","1916952","1917270","66","1199660"
"KQ054510v1","3127595","3127721","GL873800","401123","401255","41","2726472"
"KQ054510v1","3131199","3131484","GL873590","803813","804097","55","2327386"
"KQ054510v1","3137054","3137363","GL873546","13542628","13542944","73","10405574"
"KQ054510v1","3153985","3154118","GL873544","11860634","11860766","24","8706649"
"KQ054510v1","3155707","3155932","GL873533","23680427","23680639","56","20524720"
"KQ054510v1","3156097","3156221","GL873560","13049237","13049359","21","9893140"
"KQ054510v1","3156394","3156687","GL873537","20108472","20108765","56","16952078"
"KQ054510v1","3163606","3163886","GL873596","1465664","1465943","85","1697942"
"KQ054510v1","3193837","3194146","GL873529","17654556","17654858","62","14460719"
"KQ054510v1","3196089","3196360","GL873577","335887","336143","69","2860202"
"KQ054510v1","3196944","3197196","GL873526","11532375","11532609","69","8335431"
"KQ054510v1","3288778","3289022","GL873538","11416277","11416524","52","8127499"
"KQ054510v1","3289051","3289179","GL873764","390956","391075","25","2898095"
"KQ054510v1","3354649","3354959","GL873583","11090835","11091146","72","7736186"
"KQ054510v1","3407918","3408006","GL873540","23115216","23115308","19","19707298"
"KQ054510v1","3408338","3408563","GL873537","11821956","11822177","66","8413618"
"KQ054510v1","3420641","3420943","GL873619","4605876","4606179","62","1185235"
"KQ054510v1","3423128","3423414","GL873584","10964552","10964836","71","7541424"
"KQ054510v1","3424831","3425134","GL873558","11891524","11891812","61","8466693"
"KQ054510v1","3490844","3491135","GL873548","16911479","16911770","67","13420635"
"KQ054510v1","3552916","3553202","GL873540","4711812","4712090","57","1158896"
"KQ054510v1","3580673","3580769","GL873542","7884238","7884332","23","4303565"
"KQ054510v1","3619768","3620064","GL873522","33506808","33507102","63","29887040"
"KQ054510v1","3637383","3637683","GL873522","33506808","33507102","61","29869425"
"KQ054510v1","3662437","3662722","GL873551","12461548","12461829","59","8799111"
"KQ054510v1","3709470","3709752","GL873712","630321","630609","64","3079149"
"KQ054510v1","3741216","3741503","GL873663","2383516","2383802","51","1357700"
"KQ054510v1","3743152","3743420","GL873752","219309","219580","54","3523843"
"KQ054510v1","3768094","3768389","GL873692","35104","35399","67","3732990"
"KQ054510v1","3776240","3776533","GL873625","3330882","3331184","74","445358"
"KQ054510v1","3783026","3783147","GL873639","971254","971370","38","2811772"
"KQ054510v1","3799758","3800045","GL873648","2833326","2833608","74","966432"
"KQ054510v1","3806821","3807110","GL873666","3106785","3107075","58","700036"
"KQ054510v1","3810082","3810324","GL873580","5722905","5723149","62","1912823"
"KQ054510v1","3820934","3821221","GL873520","60883623","60883917","62","57062689"
"KQ054510v1","3832693","3832984","GL873520","60883623","60883917","59","57050930"
"KQ054510v1","3842684","3842937","GL873616","2081382","2081647","64","1761302"
"KQ054510v1","3849125","3849408","GL873709","1958386","1958660","64","1890739"
"KQ054510v1","3855603","3855768","GL873540","22884550","22884714","49","19028947"
"KQ054510v1","3895978","3896276","GL873571","4374924","4375218","70","478946"
"KQ054510v1","3933694","3934017","GL873529","35901673","35901970","100","31967979"
"KQ054510v1","3963513","3963707","GL873628","7012543","7012724","60","3049030"
"KQ054510v1","3979299","3979608","GL873520","39057346","39057655","74","35078047"
"KQ054510v1","4045148","4045467","GL873720","1268124","1268434","68","2777024"
"KQ054510v1","4112076","4112364","GL873527","11533238","11533536","64","7421162"
"KQ054510v1","4118394","4118522","GL873526","10906259","10906385","19","6787865"
"KQ054510v1","4167996","4168174","GL873558","3010058","3010227","41","1157938"
"KQ054510v1","4290341","4290630","GL873537","20108472","20108765","49","15818131"
"KQ054510v1","4314419","4314738","GL873572","9034316","9034616","85","4719897"
"KQ054510v1","4391593","4391890","GL873729","2096628","2096915","61","2294965"
"KQ054510v1","4405911","4406205","GL873616","7318626","7318922","57","2912715"
"KQ054510v1","4459801","4460097","GL873720","1268124","1268434","65","3191677"
"KQ054510v1","4612214","4612410","GL873689","1274788","1274985","53","3337426"
"KQ054510v1","4633109","4633439","GL873678","4177697","4178034","77","455412"
"KQ054510v1","4656567","4656883","GL873535","13345005","13345310","79","8688438"
"KQ054510v1","4681194","4681417","GL873678","4121249","4121461","51","559945"
"KQ054510v1","4681428","4681671","GL873520","8050197","8050448","57","3368769"
"KQ054510v1","4713050","4713309","GL873526","7380015","7380272","61","2666965"
"KQ054510v1","4781578","4781854","GL873672","89308","89598","64","4692270"
"KQ054510v1","4788608","4788731","GL873547","17597232","17597356","18","12808624"
"KQ054510v1","4828335","4828623","GL873611","4773367","4773653","78","54968"
"KQ054510v1","4874885","4875143","GL873553","8989980","8990229","60","4115095"
"KQ054510v1","4878954","4879251","GL873563","10411518","10411803","64","5532564"
"KQ054510v1","4881462","4881746","GL873541","17905634","17905915","57","13024172"
"KQ054510v1","4935408","4935537","GL873557","4574915","4575045","19","360493"
"KQ054510v1","4952548","4952825","GL873550","9436456","9436728","72","4483908"
"KQ054510v1","5013990","5014209","GL873600","4039154","4039360","65","974836"
"KQ054510v1","5249246","5249547","GL873545","17052684","17052979","69","11803438"
"KQ054510v1","5267116","5267386","GL873540","22571920","22572179","70","17304804"
"KQ054510v1","5389252","5389540","GL873550","7644303","7644582","55","2255051"
"KQ054510v1","5863401","5863704","GL873574","2979143","2979454","73","2884258"
"KQ054510v1","5904158","5904459","GL873527","5721671","5721968","59","182487"
"KQ054510v1","5991689","5991999","GL873546","13542628","13542944","69","7550939"
"KQ054510v1","6052909","6053219","GL873585","390334","390632","73","5662575"
"KQ054510v1","6081485","6081770","GL873527","16558692","16558981","64","10477207"
"KQ054510v1","6087491","6087794","GL873661","1884549","1884860","62","4202942"
"KQ054510v1","6168804","6169096","GL873572","7618273","7618565","58","1449469"
"KQ054510v1","6206350","6206638","GL873520","40259884","40260165","70","34053534"
"KQ054510v1","6226473","6226721","GL873553","9640720","9640961","62","3414247"
"KQ054510v1","6294674","6294971","GL873571","4374924","4375218","70","1919750"
"KQ054510v1","6296649","6296938","GL873536","26900191","26900477","70","20603542"
"KQ054510v1","6415637","6415944","GL873657","3029272","3029566","67","3386365"
"KQ054510v1","6455559","6455851","GL873737","1691288","1691582","57","4764271"
"KQ054510v1","6504086","6504258","GL873643","1660122","1660277","39","4843964"
"KQ054510v1","6505517","6505806","GL873527","33502509","33502781","70","26996992"
"KQ054510v1","6516323","6516629","GL873754","1754489","1754787","66","4761834"
"KQ054510v1","6520143","6520436","GL873520","38124828","38125119","58","31604685"
"KQ054510v1","6521320","6521525","GL873635","655955","656153","63","5865365"
"KQ054510v1","6521860","6521951","GL873557","12234831","12234920","15","5712971"
"KQ054510v1","6525778","6526038","GL873660","1384330","1384596","63","5141448"
"KQ054510v1","6595717","6596019","GL873663","4135704","4136012","73","2460013"
"KQ054510v1","6610105","6610396","GL873615","6530136","6530429","64","79969"
"KQ054510v1","6622188","6622510","GL873529","25134351","25134664","70","18512163"
"KQ054510v1","6635086","6635365","GL873529","10049753","10050042","69","3414667"
"KQ054510v1","6646218","6646523","GL873608","4218070","4218374","76","2428148"
"KQ054510v1","6672001","6672332","GL873524","35729776","35730080","88","29057775"
"KQ054510v1","6674918","6675213","GL873586","3828887","3829179","70","2846031"
"KQ054510v1","6707346","6707647","GL873537","20108472","20108765","60","13401126"
"KQ054510v1","6758303","6758563","GL873547","12234315","12234581","70","5476012"
"KQ054510v1","6758569","6758830","GL873534","1599256","1599518","70","5159313"
"KQ054510v1","6776775","6777000","GL873627","4281284","4281483","67","2495491"
"KQ054510v1","6803487","6803647","GL873595","4649390","4649548","41","2154097"
"KQ054510v1","6812770","6813053","GL873547","9628823","9629101","80","2816053"
"KQ054510v1","6836118","6836374","GL873678","2046940","2047186","64","4789178"
"KQ054510v1","6847352","6847634","GL873577","10149931","10150226","72","3302579"
"KQ054510v1","6902176","6902485","GL873632","5787814","5788105","71","1114362"
"KQ054510v1","6921400","6921712","GL873603","794609","794907","78","6126791"
"KQ054510v1","6981198","6981504","GL873720","1268124","1268434","48","5713074"
"KQ054510v1","6981636","6981921","GL873660","705565","705863","66","6276071"
"KQ054510v1","6982743","6982859","GL873522","24824163","24824279","23","17841420"
"KQ054510v1","7021465","7021752","GL873593","2667655","2667944","67","4353810"
"KQ054510v1","7024112","7024395","GL873539","17033709","17033987","76","10009597"
"KQ054510v1","7048651","7048902","GL873762","1412192","1412435","64","5636459"
"KQ054510v1","7082753","7083057","GL873685","1795219","1795520","75","5287534"
"KQ054510v1","7086854","7087166","GL873536","12277241","12277538","72","5190387"
"KQ054510v1","7099860","7100164","GL873720","1268124","1268434","59","5831736"
"KQ054510v1","7102361","7102546","GL873708","1863334","1863512","44","5239027"
"KQ054510v1","7103025","7103324","GL873520","28900538","28900833","67","21797513"
"KQ054510v1","7113073","7113375","GL873654","440874","441161","60","6672199"
"KQ054510v1","7122593","7122876","GL873534","15140925","15141195","58","8018332"
"KQ054510v1","7125611","7125902","GL873524","42149014","42149308","61","35023403"
"KQ054510v1","7127526","7127859","GL873571","9187284","9187610","74","2059758"
"KQ054510v1","7154435","7154724","GL873570","4233529","4233818","75","2920906"
"KQ054510v1","7158326","7158613","GL873543","2904962","2905248","52","4253364"
"KQ054510v1","7168508","7168791","GL873526","21819455","21819728","79","14650947"
"KQ054510v1","7179314","7179591","GL873628","1375418","1375692","57","5803896"
"KQ054510v1","7184736","7184945","GL873524","3361925","3362129","54","3822811"
"KQ054510v1","7185586","7185882","GL873572","9034316","9034616","63","1848730"
"KQ054510v1","7198072","7198399","GL873520","8335870","8336166","112","1137798"
"KQ054510v1","7208196","7208260","GL873629","15252","15319","13","7192944"
"KQ054510v1","7211655","7211859","GL873611","1923705","1923913","46","5287950"
"KQ054510v1","7214608","7214675","GL873557","4662834","4662900","11","2551774"
"KQ054510v1","7218959","7219164","GL873546","14122456","14122651","54","6903497"
"KQ054510v1","7219633","7219926","GL873521","1363647","1363930","70","5855986"
"KQ054510v1","7223204","7223497","GL873575","2687372","2687665","72","4535832"
"KQ054510v1","7225931","7226152","GL873541","17172429","17172655","75","9946498"
"KQ054510v1","7235211","7235374","GL873624","3087438","3087585","59","4147773"
"KQ054510v1","7245397","7245660","GL873576","2729418","2729686","68","4515979"
"KQ054510v1","7251996","7252297","GL873541","18220450","18220758","79","10968454"
"KQ054510v1","7254425","7254735","GL873543","2904962","2905248","76","4349463"
"KQ054510v1","7259169","7259459","GL873586","8120080","8120363","62","860911"
"KQ054510v1","7260884","7261187","GL873523","11075325","11075620","78","3814441"
"KQ054510v1","7261388","7261518","GL873628","1723653","1723782","25","5537735"
"KQ054510v1","7261837","7262031","GL873537","25316920","25317119","52","18055083"
"KQ054510v1","7277985","7278280","GL873544","12852108","12852394","83","5574123"
"KQ054510v1","7284949","7285229","GL873537","5342699","5342981","56","1942250"
"KQ054510v1","7297393","7297676","GL873586","3828887","3829179","65","3468506"
"KQ054510v1","7308917","7309049","GL873537","28005568","28005699","26","20696651"
"KQ054510v1","7325286","7325568","GL873619","4030076","4030366","70","3295210"
"KQ054510v1","7359588","7359867","GL873530","18590437","18590716","56","11230849"
"KQ054510v1","7381229","7381529","GL873571","3571101","3571384","74","3810128"
"KQ054510v1","7388837","7389104","GL873566","13013070","13013346","75","5624233"
"KQ054510v1","7396114","7396417","GL873590","643532","643818","71","6752582"
"KQ054510v1","7403447","7403752","GL873537","15782153","15782452","72","8378706"
"KQ054510v1","7407021","7407292","GL873526","27363782","27364052","67","19956761"
"KQ054510v1","7409419","7409710","GL873602","7048802","7049083","83","360617"
"KQ054510v1","7417229","7417487","GL873544","14183726","14183988","58","6766497"
"KQ054510v1","7428197","7428445","GL873738","937622","937887","79","6490575"
"KQ054510v1","7464447","7464754","GL873547","8917733","8918044","68","1453286"
"KQ054510v1","7470271","7470423","GL873743","664335","664489","36","6805936"
"KQ054510v1","7470754","7470784","GL873532","24821929","24821956","9","17351175"
"KQ054510v1","7470845","7470969","GL873628","1876330","1876452","22","5594515"
"KQ054510v1","7472996","7473287","GL873523","26196880","26197171","75","18723884"
"KQ054510v1","7477119","7477295","GL873553","5251455","5251639","46","2225664"
"KQ054510v1","7478652","7478802","GL873531","3969514","3969657","37","3509138"
"KQ054510v1","7480436","7480659","GL873540","20654782","20655010","60","13174346"
"KQ054510v1","7489630","7489924","GL873544","12852108","12852394","61","5362478"
"KQ054510v1","7507204","7507484","GL873526","8965429","8965699","66","1458225"
"KQ054510v1","7518480","7518760","GL873659","1551093","1551381","71","5967387"
"KQ054510v1","7523348","7523508","GL873647","3571669","3571828","36","3951679"
"KQ054510v1","7524926","7525217","GL873659","1551093","1551381","59","5973833"
"KQ054510v1","7525302","7525587","GL873531","19349136","19349405","56","11823834"
"KQ054510v1","7532913","7533070","GL873647","3571669","3571828","41","3961244"
"KQ054510v1","7534383","7534655","GL873659","1551093","1551381","68","5983290"
"KQ054510v1","7556548","7556845","GL873562","11382494","11382780","64","3825946"
"KQ054510v1","7563428","7563726","GL873545","20254912","20255212","70","12691484"
"KQ054510v1","7563756","7564056","GL873527","24122114","24122413","89","16558358"
"KQ054510v1","7566912","7566927","GL873569","8368477","8368490","3","801565"
"KQ054510v1","7567256","7567527","GL873677","3358914","3359174","73","4208342"
"KQ054510v1","7570012","7570348","GL873627","1872927","1873263","84","5697085"
"KQ054510v1","7572280","7572556","GL873524","3372770","3373037","62","4199510"
"KQ054510v1","7589095","7589269","GL873548","15437490","15437650","38","7848395"
"KQ054510v1","7606456","7606739","GL873543","2904962","2905248","54","4701494"
"KQ054510v1","7609509","7609803","GL873544","12852108","12852394","56","5242599"
"KQ054510v1","7610772","7611064","GL873537","12959422","12959706","55","5348650"
"KQ054510v1","7628677","7628932","GL873533","5025498","5025755","52","2603179"
"KQ054510v1","7681331","7681428","GL873535","20856911","20857009","21","13175580"
"KQ054510v1","7682841","7683123","GL873538","24663308","24663595","68","16980467"
"KQ054510v1","7690761","7691068","GL873526","22093070","22093370","73","14402309"
"KQ054510v1","7699613","7699889","GL873533","16511770","16512044","67","8812157"
"KQ054510v1","7719388","7719703","GL873533","2289538","2289847","70","5429850"
"KQ054510v1","7722827","7723114","GL873663","2383516","2383802","64","5339311"
"KQ054510v1","7732836","7732957","GL873565","2027016","2027139","19","5705820"
"KQ054510v1","7733270","7733427","GL873531","24713356","24713512","44","16980086"
"KQ054510v1","7740146","7740415","GL873536","11777148","11777412","67","4037002"
"KQ054510v1","7743616","7743906","GL873661","2481073","2481368","75","5262543"
"KQ054510v1","7744597","7744890","GL873528","5032075","5032370","75","2712522"
"KQ054510v1","7756438","7756735","GL873532","21611611","21611905","56","13855173"
"KQ054510v1","7842867","7843174","GL873692","2463977","2464280","68","5378890"
"KQ054510v1","7845542","7845823","GL873612","1320141","1320425","60","6525401"
"KQ054510v1","7850527","7850836","GL873624","3224015","3224315","70","4626512"
"KQ054510v1","7867720","7868000","GL873542","13263774","13264050","72","5396054"
"KQ054510v1","7869956","7870080","GL873563","9896983","9897100","21","2027027"
"KQ054510v1","7871805","7872104","GL873520","39057346","39057655","77","31185541"
"KQ054510v1","7876227","7876501","GL873800","198656","198930","60","7677571"
"KQ054510v1","7886948","7887236","GL873634","3120158","3120456","70","4766790"
"KQ054510v1","7909217","7909516","GL873531","27860265","27860563","71","19951048"
"KQ054510v1","7910062","7910371","GL873537","20806240","20806550","72","12896178"
"KQ054510v1","7920055","7920339","GL873586","8120080","8120363","79","200025"
"KQ054510v1","7931879","7932167","GL873586","8120080","8120363","65","188201"
"KQ054510v1","7941242","7941533","GL873677","4203427","4203715","50","3737815"
"KQ054510v1","7977455","7977739","GL873537","20108472","20108765","65","12131017"
"KQ054510v1","7983845","7984152","GL873534","14355046","14355346","70","6371201"
"KQ054510v1","7988949","7989203","GL873529","20997384","20997641","65","13008435"
"KQ054510v1","8035224","8035304","GL873528","17562628","17562710","16","9527404"
"KQ054510v1","8035611","8035832","GL873658","2891014","2891232","55","5144597"
"KQ054510v1","8064379","8064604","GL873568","9162163","9162390","58","1097784"
"KQ054510v1","8078682","8078975","GL873591","6350046","6350337","69","1728636"
"KQ054510v1","8080082","8080370","GL873527","25101599","25101892","60","17021517"
"KQ054510v1","8081105","8081362","GL873568","3851930","3852189","63","4229175"
"KQ054510v1","8098587","8098732","GL873630","3056420","3056563","30","5042167"
"KQ054510v1","8136381","8136684","GL873586","3828887","3829179","67","4307494"
"KQ054510v1","8145876","8146130","GL873610","3831940","3832205","73","4313936"
"KQ054510v1","8168563","8168860","GL873720","1268124","1268434","67","6900439"
"KQ054510v1","8173816","8174089","GL873678","665060","665342","66","7508756"
"KQ054510v1","8174243","8174539","GL873531","27860265","27860563","60","19686022"
"KQ054510v1","8180199","8180508","GL873568","4562469","4562774","71","3617730"
"KQ054510v1","8190005","8190284","GL873523","35970331","35970608","73","27780326"
"KQ054510v1","8193523","8193797","GL873540","4711812","4712090","60","3481711"
"KQ054510v1","8216271","8216551","GL873520","61251939","61252216","70","53035668"
"KQ054510v1","8263613","8263895","GL873526","25295506","25295789","59","17031893"
"KQ054510v1","8265421","8265703","GL873527","16558692","16558981","63","8293271"
"KQ054510v1","8284386","8284583","GL873564","4371507","4371687","53","3912879"
"KQ054510v1","8322026","8322316","GL873541","17905634","17905915","72","9583608"
"KQ054510v1","8341410","8341530","GL873602","4828572","4828698","47","3512838"
"KQ054510v1","8353525","8353818","GL873558","2337436","2337734","76","6016089"
"KQ054510v1","8362808","8363069","GL873564","5092960","5093208","63","3269848"
"KQ054510v1","8374934","8375219","GL873544","7563797","7564086","59","811137"
"KQ054510v1","8392157","8392454","GL873596","6955959","6956250","62","1436198"
"KQ054510v1","8419971","8420256","GL873545","17052684","17052979","64","8632713"
"KQ054510v1","8420400","8420610","GL873752","1264588","1264795","56","7155812"
"KQ054510v1","8429248","8429553","GL873615","2369208","2369505","71","6060040"
"KQ054510v1","8432594","8432859","GL873528","1415446","1415710","60","7017148"
"KQ054510v1","8445978","8446281","GL873537","23325667","23325965","64","14879689"
"KQ054510v1","8454185","8454446","GL873586","6311175","6311430","59","2143010"
"KQ054510v1","8456583","8456812","GL873615","239286","239511","59","8217297"
"KQ054510v1","8457171","8457247","GL873538","12346120","12346190","22","3888949"
"KQ054510v1","8457378","8457699","GL873617","7423353","7423639","86","1034025"
"KQ054510v1","8480351","8480669","GL873547","8917733","8918044","71","437382"
"KQ054510v1","8481563","8481845","GL873537","25387184","25387472","69","16905621"
"KQ054510v1","8490356","8490558","GL873549","8221995","8222198","46","268361"
"KQ054510v1","8496966","8497262","GL873539","4302482","4302770","74","4194484"
"KQ054510v1","8502850","8503126","GL873530","29798317","29798595","55","21295467"
"KQ054510v1","8503241","8503525","GL873659","3462845","3463127","56","5040396"
"KQ054510v1","8511937","8512217","GL873526","4353131","4353412","65","4158806"
"KQ054510v1","8526744","8526919","GL873537","18257038","18257190","60","9730294"
"KQ054510v1","8532359","8532654","GL873548","17273035","17273330","63","8740676"
"KQ054510v1","8551668","8551978","GL873646","5530496","5530792","70","3021172"
"KQ054510v1","8556468","8556772","GL873636","3104548","3104855","66","5451920"
"KQ054510v1","8567858","8568136","GL873560","12765250","12765518","54","4197392"
"KQ054510v1","8570879","8571150","GL873532","10615508","10615770","76","2044629"
"KQ054510v1","8576678","8577043","GL873629","6583892","6584206","112","1992786"
"KQ054510v1","8594743","8595039","GL873522","4222168","4222461","59","4372575"
"KQ054510v1","8595573","8595858","GL873535","15017675","15017969","64","6422102"
"KQ054510v1","8618731","8618995","GL873716","398839","399110","55","8219892"
"KQ054510v1","8628362","8628642","GL873539","14839213","14839487","69","6210851"
"KQ054510v1","8634455","8634765","GL873591","6395821","6396131","64","2238634"
"KQ054510v1","8634769","8635073","GL873675","4242540","4242842","67","4392229"
"KQ054510v1","8645576","8645907","GL873615","5162108","5162422","77","3483468"
"KQ054510v1","8646767","8647095","GL873615","5162108","5162422","66","3484659"
"KQ054510v1","8651740","8651823","GL873532","13713497","13713581","18","5061757"
"KQ054510v1","8658296","8658550","GL873606","6386738","6386985","61","2271558"
"KQ054510v1","8672629","8672905","GL873547","14329017","14329292","53","5656388"
"KQ054510v1","8690395","8690681","GL873631","1674467","1674748","63","7015928"
"KQ054510v1","8698591","8698883","GL873530","17375868","17376165","53","8677277"
"KQ054510v1","8703037","8703353","GL873531","19369345","19369649","66","10666308"
"KQ054510v1","8707040","8707335","GL873524","42149014","42149308","51","33441974"
"KQ054510v1","8715240","8715550","GL873572","9034316","9034616","75","319076"
"KQ054510v1","8728374","8728677","GL873572","9034316","9034616","75","305942"
"KQ054510v1","8747064","8747360","GL873654","3643580","3643869","64","5103484"
"KQ054510v1","8747448","8747756","GL873568","5010566","5010830","99","3736882"
"KQ054510v1","8750461","8750751","GL873544","10503361","10503660","69","1752900"
"KQ054510v1","8755880","8756179","GL873533","23793613","23793905","63","15037733"
"KQ054510v1","8769709","8769918","GL873575","7419637","7419836","55","1350072"
"KQ054510v1","8770303","8770425","GL873737","472696","472817","22","8297607"
"KQ054510v1","8783092","8783383","GL873574","5160157","5160440","69","3622935"
"KQ054510v1","8787892","8788192","GL873551","11699710","11700023","67","2911818"
"KQ054510v1","8789721","8790020","GL873589","8159658","8159953","76","630063"
"KQ054510v1","8800647","8800938","GL873520","50678276","50678572","70","41877629"
"KQ054510v1","8817035","8817322","GL873537","23446738","23447017","57","14629703"
"KQ054510v1","8850418","8850533","GL873615","5532268","5532384","24","3318150"
"KQ054510v1","8850864","8851040","GL873635","5147070","5147250","46","3703794"
"KQ054510v1","8856587","8856899","GL873530","28263781","28264089","68","19407194"
"KQ054510v1","8872611","8872726","GL873542","1259218","1259335","24","7613393"
"KQ054510v1","8883481","8883778","GL873666","3106785","3107075","75","5776696"
"KQ054510v1","8892557","8892845","GL873624","5660177","5660468","61","3232380"
"KQ054510v1","8897084","8897205","GL873559","7566315","7566437","23","1330769"
"KQ054510v1","8904458","8904591","GL873529","641282","641413","26","8263176"
"KQ054510v1","8912313","8912583","GL873642","4788966","4789230","65","4123347"
"KQ054510v1","8913958","8914218","GL873533","13967625","13967889","63","5053667"
"KQ054510v1","8919854","8920083","GL873660","4460196","4460433","59","4459658"
"KQ054510v1","8945007","8945206","GL873805","948213","948404","51","7996794"
"KQ054510v1","8947021","8947302","GL873546","13425284","13425575","73","4478263"
"KQ054510v1","8958692","8958993","GL873543","5206141","5206442","73","3752551"
"KQ054510v1","8984202","8984333","GL873529","641282","641413","25","8342920"
"KQ054510v1","8994675","8994951","GL873752","219309","219580","65","8775366"
"KQ054510v1","9035438","9035714","GL873576","7005736","7005999","60","2029702"
"KQ054510v1","9052742","9053031","GL873657","3029272","3029566","65","6023470"
"KQ054510v1","9078891","9079106","GL873522","21258404","21258617","49","12179513"
"KQ054510v1","9095847","9096147","GL873610","4431407","4431713","60","4664440"
"KQ054510v1","9115629","9115925","GL873610","4431407","4431713","83","4684222"
"KQ054510v1","9120620","9120891","GL873612","273209","273490","65","8847411"
"KQ054510v1","9143081","9143382","GL873562","667494","667788","68","8475587"
"KQ054510v1","9198710","9199002","GL873537","20108472","20108765","65","10909762"
"KQ054510v1","9267145","9267421","GL873653","2150456","2150748","73","7116689"
"KQ054510v1","9279216","9279537","GL873701","1733044","1733352","70","7546172"
"KQ054510v1","9323907","9324229","GL873546","13542628","13542944","68","4218721"
"KQ054510v1","9335763","9336073","GL873530","28263781","28264089","77","18928018"
"KQ054510v1","9451193","9451449","GL873571","6475063","6475319","69","2976130"
"KQ054510v1","9509313","9509587","GL873544","12852108","12852394","59","3342795"
"KQ054510v1","9512222","9512425","GL873611","6903506","6903704","42","2608716"
"KQ054510v1","9515041","9515321","GL873523","28857284","28857574","67","19342243"
"KQ054510v1","9549334","9549461","GL873547","17597232","17597356","20","8047898"
"KQ054510v1","9606850","9607144","GL873584","7489258","7489556","81","2117592"
"KQ054510v1","9637933","9638232","GL873720","1268124","1268434","66","8369809"
"KQ054510v1","9670090","9670355","GL873539","8786896","8787171","73","883194"
"KQ054510v1","9674844","9675138","GL873533","23793613","23793905","50","14118769"
"KQ054510v1","9708218","9708425","GL873548","15373945","15374141","57","5665727"
"KQ054510v1","9733671","9733979","GL873530","25617673","25617981","58","15884002"
"KQ054510v1","9743839","9744117","GL873582","5075788","5076067","68","4668051"
"KQ054510v1","9783901","9783972","GL873531","3456652","3456721","13","6327249"
"KQ054510v1","9789655","9789957","GL873584","6966592","6966895","71","2823063"
"KQ054510v1","9790708","9790987","GL873703","125416","125705","70","9665292"
"KQ054510v1","9792696","9792985","GL873593","3958983","3959265","58","5833713"
"KQ054510v1","9797456","9797757","GL873527","8139265","8139559","74","1658191"
"KQ054510v1","9811069","9811346","GL873566","11130254","11130540","74","1319185"
"KQ054510v1","9821799","9822088","GL873596","8378412","8378699","63","1443387"
"KQ054510v1","9824429","9824553","GL873577","11033333","11033456","19","1208904"
"KQ054510v1","9827386","9827690","GL873538","1697362","1697662","70","8130024"
"KQ054510v1","9839660","9839962","GL873703","125416","125705","63","9714244"
"KQ054510v1","9844126","9844416","GL873541","15997811","15998101","60","6153685"
"KQ054510v1","9846360","9846408","GL873617","7061142","7061190","10","2785218"
"KQ054510v1","9851568","9851846","GL873593","3746229","3746508","62","6105339"
"KQ054510v1","9872823","9873111","GL873537","24178354","24178641","66","14305531"
"KQ054510v1","9880112","9880381","GL873558","10262345","10262609","57","382233"
"KQ054510v1","9884482","9884772","GL873789","87737","88019","64","9796745"
"KQ054510v1","9913681","9913979","GL873558","6357384","6357662","84","3556297"
"KQ054510v1","9929269","9929552","GL873536","11777148","11777412","66","1847879"
"KQ054510v1","9946911","9947199","GL873706","291348","291645","68","9655563"
"KQ054510v1","9950997","9951302","GL873557","9951663","9951956","96","666"
"KQ054510v1","9955033","9955322","GL873542","7542952","7543241","56","2412081"
"KQ054510v1","9959134","9959438","GL873538","3757160","3757448","72","6201974"
"KQ054510v1","9967169","9967417","GL873535","14499582","14499812","78","4532413"
"KQ054511v1","92944","93226","GL873674","158523","158797","89","65579"
"KQ054511v1","139333","139512","GL873599","229417","229589","44","90084"
"KQ054511v1","153234","153521","GL873586","3828887","3829179","66","3675653"
"KQ054511v1","168035","168342","GL873537","20806240","20806550","66","20638205"
"KQ054511v1","253051","253313","GL873609","7964339","7964611","65","7711288"
"KQ054511v1","344726","344936","GL873713","2402683","2402902","62","2057957"
"KQ054511v1","353352","353568","GL873588","8168320","8168540","68","7814968"
"KQ054511v1","410795","411088","GL873586","255814","256100","57","154981"
"KQ054511v1","506092","506218","GL873525","8432807","8432923","34","7926715"
"KQ054511v1","553314","553484","GL873550","4522860","4523023","42","3969546"
"KQ054511v1","578224","578346","GL873528","3215053","3215168","23","2636829"
"KQ054511v1","590831","591119","GL873533","23793613","23793905","77","23202782"
"KQ054511v1","619938","620123","GL873524","1211458","1211633","44","591520"
"KQ054511v1","649052","649190","GL873534","808040","808174","34","158988"
"KQ054511v1","678483","678555","GL873613","7196069","7196139","13","6517586"
"KQ054511v1","689210","689526","GL873521","4537344","4537658","80","3848134"
"KQ054511v1","709810","710035","GL873531","4298410","4298635","59","3588600"
"KQ054511v1","715800","716121","GL873530","17375868","17376165","80","16660068"
"KQ054511v1","747121","747384","GL873538","16123009","16123276","63","15375888"
"KQ054511v1","754132","754313","GL873675","2421395","2421576","61","1667263"
"KQ054511v1","762041","762169","GL873551","4255823","4255945","23","3493782"
"KQ054511v1","800538","800825","GL873524","42149014","42149308","54","41348476"
"KQ054511v1","804221","804382","GL873545","12054518","12054679","51","11250297"
"KQ054511v1","810108","810396","GL873524","42149014","42149308","59","41338906"
"KQ054511v1","816314","816473","GL873556","5734597","5734762","44","4918283"
"KQ054511v1","819388","819684","GL873522","24869506","24869801","73","24050118"
"KQ054511v1","823121","823390","GL873611","607167","607439","68","215954"
"KQ054511v1","849556","849871","GL873540","19013371","19013667","68","18163815"
"KQ054511v1","850285","850405","GL873523","31140678","31140809","35","30290393"
"KQ054511v1","850812","851101","GL873523","44251172","44251459","71","43400360"
"KQ054511v1","863659","863914","GL873522","43588768","43589015","77","42725109"
"KQ054511v1","878382","878657","GL873571","6475063","6475319","66","5596681"
"KQ054511v1","896596","896865","GL873523","23994445","23994706","83","23097849"
"KQ054511v1","901683","901784","GL873522","37099572","37099674","24","36197889"
"KQ054511v1","919427","919729","GL873613","971789","972086","56","52362"
"KQ054511v1","995321","995467","GL873544","17967753","17967901","45","16972432"
"KQ054511v1","1013022","1013329","GL873629","7187807","7188085","91","6174785"
"KQ054511v1","1049675","1049981","GL873666","2001329","2001614","77","951654"
"KQ054511v1","1061306","1061481","GL873520","42192703","42192868","43","41131397"
"KQ054511v1","1078697","1078945","GL873620","3255746","3255994","70","2177049"
"KQ054511v1","1080381","1080680","GL873543","2139452","2139746","64","1059071"
"KQ054511v1","1155124","1155410","GL873615","5889225","5889521","60","4734101"
"KQ054511v1","1193613","1193814","GL873595","5966599","5966798","49","4772986"
"KQ054511v1","1210389","1210675","GL873538","25891631","25891921","68","24681242"
"KQ054511v1","1218838","1219141","GL873659","1888654","1888954","62","669816"
"KQ054511v1","1233723","1233978","GL873549","15132343","15132615","62","13898620"
"KQ054511v1","1243856","1243937","GL873567","3535590","3535667","22","2291734"
"KQ054511v1","1302112","1302310","GL873625","2276581","2276769","48","974469"
"KQ054511v1","1316230","1316428","GL873625","2276581","2276769","47","960351"
"KQ054511v1","1344280","1344589","GL873577","10149931","10150226","82","8805651"
"KQ054511v1","1352589","1352897","GL873577","10149931","10150226","80","8797342"
"KQ054515v1","11107","11264","GL873564","3764926","3765089","34","3753819"
"KQ054522v1","188528","188649","GL873664","1347718","1347839","28","1159190"
"KQ054522v1","347958","348133","GL873540","24287721","24287887","46","23939763"
"KQ054522v1","484830","484960","GL873529","9808233","9808361","28","9323403"
"KQ054522v1","495294","495588","GL873575","2687372","2687665","65","2192078"
"KQ054522v1","649773","650050","GL873560","7138012","7138283","76","6488239"
"KQ054522v1","788302","788515","GL873569","6659570","6659776","58","5871268"
"KQ054522v1","863036","863148","GL873591","8929862","8929981","29","8066826"
"KQ054522v1","863217","863385","GL873564","9333051","9333222","40","8469834"
"KQ054522v1","1026197","1026283","GL873579","2617969","2618057","18","1591772"
"KQ054522v1","1169391","1169677","GL873606","5355796","5356059","68","4186405"
"KQ054522v1","1800934","1801235","GL873521","4276201","4276500","74","2475267"
"KQ054522v1","1806413","1806693","GL873738","1646790","1647070","63","159623"
"KQ054522v1","1817857","1818153","GL873637","2099921","2100214","56","282064"
"KQ054522v1","1858536","1858796","GL873646","3147374","3147635","67","1288838"
"KQ054522v1","1895317","1895448","GL873520","24084579","24084710","25","22189262"
"KQ054522v1","1920136","1920403","GL873569","10006129","10006398","75","8085993"
"KQ054522v1","1999712","2000000","GL873536","27318293","27318570","67","25318581"
"KQ054522v1","2045239","2045533","GL873723","667827","668116","71","1377412"
"KQ054522v1","2079847","2080159","GL873540","22714851","22715162","63","20635004"
"KQ054522v1","2144563","2144834","GL873569","5085141","5085405","73","2940578"
"KQ054522v1","2195469","2195779","GL873530","3533107","3533413","73","1337638"
"KQ054522v1","2197678","2197920","GL873541","7355631","7355872","44","5157953"
"KQ054522v1","2206900","2207197","GL873618","1681545","1681828","58","525355"
"KQ054522v1","2231642","2231923","GL873530","20042451","20042726","68","17810809"
"KQ054522v1","2256803","2257095","GL873525","41528549","41528822","80","39271746"
"KQ054522v1","2257593","2257898","GL873561","9330005","9330309","69","7072412"
"KQ054522v1","2265112","2265280","GL873646","1054825","1054992","48","1210287"
"KQ054522v1","2286517","2286799","GL873535","12038298","12038580","67","9751781"
"KQ054522v1","2301061","2301306","GL873800","517515","517761","61","1783546"
"KQ054522v1","2301534","2301800","GL873625","2416845","2417108","68","115311"
"KQ054522v1","2316624","2316929","GL873537","20108472","20108765","66","17791848"
"KQ054522v1","2379126","2379258","GL873529","20178756","20178885","23","17799630"
"KQ054522v1","2469312","2469622","GL873615","5162108","5162422","65","2692796"
"KQ054522v1","2499763","2499992","GL873537","16583470","16583689","54","14083707"
"KQ054522v1","2674591","2674905","GL873610","4431407","4431713","61","1756816"
"KQ054522v1","2832106","2832400","GL873638","6356734","6357014","68","3524628"
"KQ054522v1","2855471","2855755","GL873542","6324574","6324861","63","3469103"
"KQ054522v1","2952826","2953125","GL873533","27652586","27652871","71","24699760"
"KQ054522v1","3153394","3153689","GL873585","390334","390632","64","2763060"
"KQ054522v1","3169385","3169670","GL873545","17052684","17052979","61","13883299"
"KQ054522v1","3187936","3188231","GL873593","480828","481113","77","2707108"
"KQ054522v1","3259367","3259641","GL873551","11174434","11174713","67","7915067"
"KQ054525v1","47499","47800","GL873585","7656177","7656474","64","7608678"
"KQ054525v1","56587","56710","GL873601","6334962","6335086","19","6278375"
"KQ054525v1","66332","66594","GL873549","2138196","2138422","75","2071864"
"KQ054525v1","76322","76629","GL873538","6925462","6925764","59","6849140"
"KQ054525v1","103140","103428","GL873538","3621728","3622006","71","3518588"
"KQ054525v1","109376","109702","GL873540","9410260","9410586","69","9300884"
"KQ054525v1","129402","129532","GL873752","1821592","1821717","27","1692190"
"KQ054525v1","162434","162695","GL873523","29788890","29789147","74","29626456"
"KQ054525v1","200376","200650","GL873538","16123009","16123276","69","15922633"
"KQ054525v1","236970","237250","GL873543","13050134","13050410","67","12813164"
"KQ054525v1","306372","306655","GL873550","7644303","7644582","57","7337931"
"KQ054525v1","368674","368965","GL873632","3524037","3524325","58","3155363"
"KQ054525v1","420716","421008","GL873524","42149014","42149308","53","41728298"
"KQ054525v1","462675","462952","GL873521","34973479","34973755","75","34510804"
"KQ054525v1","471294","471621","GL873609","7137543","7137854","89","6666249"
"KQ054525v1","479778","480091","GL873605","7658786","7659092","70","7179008"
"KQ054525v1","496178","496458","GL873560","12015090","12015375","72","11518912"
"KQ054532v1","3355","3600","GL873632","5546235","5546488","62","5542880"
"KQ054533v1","89847","90127","GL873529","9421454","9421749","59","9331607"
"KQ054533v1","165452","165580","GL873589","9711001","9711130","25","9545549"
"KQ054533v1","271681","271973","GL873665","4205033","4205313","79","3933352"
"KQ054533v1","297103","297227","GL873768","1061203","1061325","25","764100"
"KQ054533v1","297541","297585","GL873521","20756812","20756836","22","20459271"
"KQ054533v1","297910","298072","GL873643","1445332","1445494","38","1147422"
"KQ054533v1","306699","306978","GL873600","8631840","8632117","61","8325141"
"KQ054533v1","320727","321049","GL873661","1884549","1884860","67","1563822"
"KQ054533v1","325683","325928","GL873590","671368","671605","54","345685"
"KQ054533v1","414747","415035","GL873528","7326954","7327222","78","6912207"
"KQ054533v1","450562","450869","GL873563","2322684","2322986","62","1872122"
"KQ054533v1","458874","459150","GL873520","16709587","16709864","71","16250713"
"KQ054533v1","478010","478305","GL873530","15322533","15322819","60","14844523"
"KQ054533v1","480479","480773","GL873538","3757160","3757448","65","3276681"
"KQ054533v1","500951","501231","GL873593","3958983","3959265","60","3458032"
"KQ054533v1","502560","502862","GL873557","7046743","7047040","63","6544183"
"KQ054533v1","505831","506066","GL873521","40029930","40030165","58","39524099"
"KQ054533v1","507629","507837","GL873529","30227518","30227717","48","29719889"
"KQ054533v1","553170","553383","GL873526","8303932","8304134","52","7750762"
"KQ054533v1","565300","565610","GL873548","17482771","17483070","82","16917471"
"KQ054533v1","571375","571520","GL873539","20029674","20029825","43","19458299"
"KQ054533v1","571851","571979","GL873544","11860634","11860766","20","11288783"
"KQ054533v1","572544","572814","GL873592","8396855","8397140","64","7824311"
"KQ054533v1","630236","630549","GL873615","5162108","5162422","67","4531872"
"KQ054533v1","644553","644854","GL873643","1087107","1087400","55","442554"
"KQ054533v1","645289","645412","GL873548","8652328","8652448","21","8007039"
"KQ054533v1","645728","645931","GL873664","3729504","3729704","49","3083776"
"KQ054533v1","691414","691710","GL873529","9421454","9421749","67","8730040"
"KQ054533v1","698059","698368","GL873540","22714851","22715162","73","22016792"
"KQ054533v1","727605","727892","GL873562","11382494","11382780","52","10654889"
"KQ054533v1","746611","746902","GL873537","20108472","20108765","51","19361861"
"KQ054533v1","763544","763830","GL873541","21985689","21985982","65","21222145"
"KQ054533v1","764049","764354","GL873754","1754489","1754787","58","990440"
"KQ054533v1","841884","842171","GL873548","15540659","15540941","73","14698775"
"KQ054533v1","856308","856600","GL873533","15128008","15128290","74","14271700"
"KQ054533v1","858194","858447","GL873576","7005736","7005999","52","6147542"
"KQ054533v1","860398","860692","GL873556","996424","996728","66","136026"
"KQ054533v1","861671","861963","GL873546","12679748","12680030","70","11818077"
"KQ054533v1","878318","878613","GL873800","736311","736599","58","142007"
"KQ054533v1","878802","879107","GL873537","20806240","20806550","53","19927438"
"KQ054533v1","886391","886633","GL873664","3676152","3676411","71","2789761"
"KQ054533v1","887654","887948","GL873544","14399484","14399781","86","13511830"
"KQ054533v1","901634","901890","GL873525","41682881","41683141","70","40781247"
"KQ054533v1","911558","911751","GL873716","2147222","2147420","52","1235664"
"KQ054533v1","920186","920387","GL873782","799996","800193","50","120190"
"KQ054533v1","965144","965436","GL873531","29056008","29056304","65","28090864"
"KQ054533v1","1010554","1010851","GL873663","472158","472454","63","538396"
"KQ054533v1","1011023","1011325","GL873525","34759396","34759697","69","33748373"
"KQ054533v1","1015289","1015589","GL873545","17052684","17052979","62","16037395"
"KQ054533v1","1087300","1087615","GL873596","3562116","3562414","73","2474816"
"KQ054533v1","1107222","1107383","GL873550","4522860","4523023","52","3415638"
"KQ054533v1","1111721","1112028","GL873577","10149931","10150226","81","9038210"
"KQ054533v1","1112944","1113245","GL873538","4245060","4245359","65","3132116"
"KQ054533v1","1113473","1113745","GL873520","28261616","28261886","59","27148143"
"KQ054533v1","1119881","1120061","GL873652","1659148","1659304","56","539267"
"KQ054533v1","1125169","1125358","GL873675","2421395","2421576","60","1296226"
"KQ054533v1","1125538","1125725","GL873768","610281","610468","49","515257"
"KQ054533v1","1154642","1154941","GL873542","8032564","8032870","65","6877922"
"KQ054533v1","1221654","1221949","GL873657","3029272","3029566","69","1807618"
"KQ054533v1","1222342","1222640","GL873522","25185925","25186218","68","23963583"
"KQ054533v1","1229423","1229715","GL873542","6622464","6622760","73","5393041"
"KQ054533v1","1266255","1266380","GL873629","3055754","3055875","20","1789499"
"KQ054533v1","1269876","1270135","GL873536","7503407","7503677","65","6233531"
"KQ054533v1","1271531","1271785","GL873539","2856357","2856613","66","1584826"
"KQ054533v1","1307678","1307971","GL873568","5598805","5599095","59","4291127"
"KQ054533v1","1310465","1310584","GL873538","18382323","18382442","24","17071858"
"KQ054533v1","1330149","1330422","GL873584","10964552","10964836","69","9634403"
"KQ054533v1","1338051","1338336","GL873618","1681545","1681828","68","343494"
"KQ054533v1","1353337","1353555","GL873743","493025","493244","53","860312"
"KQ054533v1","1371186","1371471","GL873546","16312323","16312610","66","14941137"
"KQ054533v1","1390630","1390940","GL873575","7466758","7467059","82","6076128"
"KQ054533v1","1398079","1398378","GL873545","13698150","13698456","77","12300071"
"KQ054533v1","1431535","1431781","GL873538","11416277","11416524","59","9984742"
"KQ054533v1","1437480","1437558","GL873645","3909213","3909289","16","2471733"
"KQ054533v1","1437590","1437705","GL873632","1941037","1941152","17","503447"
"KQ054533v1","1437861","1438192","GL873538","20347701","20348001","89","18909840"
"KQ054533v1","1443785","1444064","GL873527","13227316","13227607","71","11783531"
"KQ054533v1","1528153","1528437","GL873544","18629747","18630035","61","17101594"
"KQ054533v1","1575464","1575769","GL873584","2007062","2007358","66","431598"
"KQ054533v1","1611289","1611565","GL873520","30303968","30304235","70","28692679"
"KQ054533v1","1620558","1620867","GL873593","480828","481113","70","1139730"
"KQ054533v1","1658402","1658682","GL873521","32905150","32905428","81","31246748"
"KQ054533v1","1659656","1659843","GL873554","2389287","2389446","54","729631"
"KQ054533v1","1661413","1661697","GL873733","849910","850203","78","811503"
"KQ054533v1","1696794","1697093","GL873543","2139452","2139746","62","442658"
"KQ054533v1","1705540","1705839","GL873537","20108472","20108765","56","18402932"
"KQ054533v1","1710353","1710645","GL873546","16423062","16423344","76","14712709"
"KQ054533v1","1750455","1750771","GL873545","17052684","17052979","76","15302229"
"KQ054533v1","1765991","1766074","GL873520","40792539","40792622","12","39026548"
"KQ054533v1","1767171","1767246","GL873602","7893985","7894053","21","6126814"
"KQ054533v1","1767518","1767648","GL873548","15407841","15407978","31","13640323"
"KQ054533v1","1781641","1781845","GL873527","37887494","37887703","58","36105853"
"KQ054533v1","1813074","1813308","GL873678","153923","154160","63","1659151"
"KQ054533v1","1834465","1834676","GL873664","4685492","4685693","58","2851027"
"KQ054533v1","1847798","1848100","GL873531","27860265","27860563","56","26012467"
"KQ054533v1","1861483","1861789","GL873561","9330005","9330309","68","7468522"
"KQ054533v1","1874905","1875081","GL873566","8156980","8157152","39","6282075"
"KQ054533v1","1902779","1903069","GL873537","20108472","20108765","55","18205693"
"KQ054533v1","1910232","1910523","GL873593","3958983","3959265","58","2048751"
"KQ054533v1","1912206","1912505","GL873537","23325667","23325965","70","21413461"
"KQ054533v1","1935623","1935896","GL873572","1350250","1350536","65","585373"
"KQ054533v1","1952095","1952223","GL873543","13242093","13242230","32","11289998"
"KQ054533v1","2001847","2002150","GL873615","5889225","5889521","65","3887378"
"KQ054533v1","2018156","2018285","GL873548","18022605","18022737","24","16004449"
"KQ054533v1","2025424","2025730","GL873585","10399234","10399544","73","8373810"
"KQ054533v1","2026396","2026675","GL873541","18941167","18941427","79","16914771"
"KQ054533v1","2051830","2052091","GL873536","11777148","11777412","68","9725318"
"KQ054533v1","2064882","2065024","GL873568","5973169","5973308","45","3908287"
"KQ054533v1","2069752","2069917","GL873647","3158908","3159076","49","1089156"
"KQ054533v1","2072169","2072360","GL873530","33547254","33547453","52","31475085"
"KQ054533v1","2072361","2072423","GL873556","7571298","7571346","22","5498937"
"KQ054533v1","2073271","2073393","GL873526","19257262","19257383","20","17183991"
"KQ054533v1","2075811","2076091","GL873550","7644303","7644582","64","5568492"
"KQ054533v1","2141773","2142075","GL873575","8875744","8876043","74","6733971"
"KQ054533v1","2145529","2145821","GL873737","1851460","1851742","92","294069"
"KQ054533v1","2170366","2170550","GL873530","3934274","3934457","44","1763908"
"KQ054533v1","2208874","2209127","GL873693","2634108","2634374","69","425234"
"KQ054533v1","2217784","2218079","GL873538","3757160","3757448","63","1539376"
"KQ054533v1","2235996","2236292","GL873544","12852108","12852394","60","10616112"
"KQ054533v1","2265346","2265530","GL873618","2073282","2073445","51","192064"
"KQ054533v1","2275995","2276169","GL873646","451861","452033","38","1824134"
"KQ054533v1","2291633","2291940","GL873657","3029272","3029566","69","737639"
"KQ054533v1","2310522","2310784","GL873550","6945626","6945897","68","4635104"
"KQ054533v1","2314701","2314999","GL873548","13072238","13072531","61","10757537"
"KQ054533v1","2315055","2315316","GL873521","50501491","50501760","74","48186436"
"KQ054533v1","2331803","2331925","GL873834","415652","415774","18","1916151"
"KQ054533v1","2333273","2333569","GL873522","10042566","10042867","57","7709293"
"KQ054533v1","2346357","2346664","GL873634","6620976","6621283","69","4274619"
"KQ054533v1","2349396","2349685","GL873587","2916612","2916896","75","567216"
"KQ054533v1","2352704","2352981","GL873628","1375418","1375692","58","977286"
"KQ054533v1","2354652","2354743","GL873538","9621844","9621917","36","7267192"
"KQ054533v1","2355226","2355540","GL873615","5162108","5162422","79","2806882"
"KQ054533v1","2367045","2367117","GL873719","503326","503400","20","1863719"
"KQ054533v1","2385300","2385609","GL873547","8917733","8918044","75","6532433"
"KQ054533v1","2401428","2401699","GL873596","8724296","8724570","60","6322868"
"KQ054533v1","2412922","2413162","GL873624","4804036","4804259","67","2391114"
"KQ054533v1","2437390","2437549","GL873586","9402416","9402554","52","6965026"
"KQ054533v1","2452152","2452443","GL873584","10964552","10964836","63","8512400"
"KQ054533v1","2483306","2483528","GL873540","24947546","24947758","56","22464240"
"KQ054533v1","2487395","2487665","GL873557","7978664","7978927","70","5491269"
"KQ054533v1","2541831","2542140","GL873596","3024269","3024565","76","482438"
"KQ054533v1","2550152","2550456","GL873522","19754960","19755257","67","17204808"
"KQ054533v1","2557932","2558210","GL873723","1057504","1057782","65","1500428"
"KQ054533v1","2562708","2562923","GL873540","20654782","20655010","50","18092074"
"KQ054533v1","2565077","2565399","GL873524","1681191","1681512","73","883886"
"KQ054533v1","2597259","2597530","GL873531","29723463","29723734","51","27126204"
"KQ054533v1","2602766","2603051","GL873526","4353131","4353412","58","1750365"
"KQ054533v1","2624798","2625101","GL873592","8396855","8397140","54","5772057"
"KQ054533v1","2711540","2711795","GL873522","18050101","18050365","58","15338561"
"KQ054544v1","42841","43140","GL873538","3757160","3757448","65","3714319"
"KQ054544v1","256456","256590","GL873660","5225384","5225508","26","4968928"
"KQ054544v1","281931","282240","GL873561","9330005","9330309","71","9048074"
"KQ054544v1","283286","283581","GL873561","9330005","9330309","63","9046719"
"KQ054544v1","299389","299680","GL873657","3029272","3029566","63","2729883"
"KQ054544v1","341209","341508","GL873590","643532","643818","71","302323"
"KQ054544v1","399374","399674","GL873521","49874189","49874492","63","49474815"
"KQ054544v1","414967","415238","GL873611","6802065","6802336","79","6387098"
"KQ054544v1","424106","424406","GL873762","1770019","1770319","64","1345913"
"KQ054544v1","628221","628469","GL873554","2413383","2413629","56","1785162"
"KQ054544v1","640104","640405","GL873577","10149931","10150226","88","9509827"
"KQ054544v1","662720","662965","GL873579","6743817","6744054","77","6081097"
"KQ054544v1","727745","728015","GL873579","984876","985165","72","257131"
"KQ054544v1","788692","788963","GL873540","17072503","17072766","63","16283811"
"KQ054544v1","808618","808762","GL873543","10263815","10263941","39","9455197"
"KQ054544v1","809719","809889","GL873537","8665340","8665505","38","7855621"
"KQ054544v1","810182","810320","GL873606","6062519","6062650","29","5252337"
"KQ054544v1","815711","815816","GL873534","18019104","18019217","26","17203393"
"KQ054544v1","822552","822813","GL873533","5025498","5025755","59","4202946"
"KQ054545v1","4590","4890","GL873586","6643146","6643447","74","6638556"
"KQ054546v1","6437","6708","GL873596","8724296","8724570","59","8717859"
"KQ054546v1","35248","35551","GL873542","699220","699512","62","663972"
"KQ054546v1","117063","117370","GL873615","5162108","5162422","73","5045045"
"KQ054549v1","4106","4256","GL873742","920550","920698","44","916444"
"KQ054555v1","92903","93123","GL873532","4184844","4185061","45","4091941"
"KQ054555v1","157151","157437","GL873608","2250115","2250393","66","2092964"
"KQ054555v1","179766","180052","GL873539","2531227","2531508","65","2351461"
"KQ054555v1","308344","308627","GL873611","607167","607439","58","298823"
"KQ054555v1","357733","357794","GL873537","19354020","19354077","11","18996287"
"KQ054555v1","846159","846455","GL873569","9339164","9339457","68","8493005"
"KQ054555v1","848365","848671","GL873556","996424","996728","70","148059"
"KQ054555v1","955648","955947","GL873592","354229","354525","76","601419"
"KQ054555v1","1039925","1040215","GL873575","2687372","2687665","64","1647447"
"KQ054555v1","1067794","1068083","GL873530","3794676","3794957","65","2726882"
"KQ054555v1","1486540","1486832","GL873539","15733833","15734119","63","14247293"
"KQ054555v1","1489374","1489683","GL873588","6897685","6897994","74","5408311"
"KQ054555v1","1658776","1658991","GL873538","4542017","4542230","45","2883241"
"KQ054555v1","1661522","1661608","GL873618","3935608","3935694","17","2274086"
"KQ054555v1","1746110","1746377","GL873538","2102031","2102304","64","355921"
"KQ054555v1","1750134","1750260","GL873547","17597232","17597356","22","15847098"
"KQ054555v1","1830974","1831137","GL873744","1833920","1834073","41","2946"
"KQ054555v1","1831894","1832214","GL873621","545875","546169","81","1286019"
"KQ054555v1","1882355","1882657","GL873557","10453422","10453715","73","8571067"
"KQ054555v1","1907751","1908079","GL873615","5162108","5162422","74","3254357"
"KQ054555v1","1951692","1951986","GL873537","20108472","20108765","57","18156780"
"KQ054555v1","1968186","1968495","GL873754","1754489","1754787","80","213697"
"KQ054555v1","1968931","1969212","GL873550","16189253","16189537","62","14220322"
"KQ054555v1","2027592","2027863","GL873526","4378725","4378983","78","2351133"
"KQ054555v1","2066700","2066964","GL873524","7421702","7421947","65","5355002"
"KQ054555v1","2095630","2095919","GL873521","49874189","49874492","66","47778559"
"KQ054555v1","2096689","2096937","GL873525","32871050","32871289","58","30774361"
"KQ054555v1","2112481","2112773","GL873667","3712894","3713183","76","1600413"
"KQ054556v1","5356","5636","GL873568","5298632","5298909","88","5293276"
"KQ054565v1","106156","106475","GL873636","3104548","3104855","71","2998392"
"KQ054565v1","188805","189057","GL873530","11824144","11824392","60","11635339"
"KQ054565v1","304474","304764","GL873524","42149014","42149308","53","41844540"
"KQ054565v1","319093","319383","GL873524","42149014","42149308","55","41829921"
"KQ054565v1","338526","338812","GL873530","2253363","2253648","61","1914837"
"KQ054565v1","354909","355193","GL873529","36569072","36569351","71","36214163"
"KQ054565v1","482247","482371","GL873528","10680906","10681029","21","10198659"
"KQ054565v1","558348","558567","GL873752","1264588","1264795","51","706240"
"KQ054565v1","587299","587586","GL873526","25295506","25295789","73","24708207"
"KQ054565v1","596146","596447","GL873563","3349668","3349963","69","2753522"
"KQ054565v1","608826","609098","GL873523","7327314","7327595","62","6718488"
"KQ054565v1","720921","721164","GL873532","23341124","23341373","62","22620203"
"KQ054565v1","732397","732657","GL873538","2204733","2205000","60","1472336"
"KQ054565v1","780700","780977","GL873538","2102031","2102304","61","1321331"
"KQ054565v1","804272","804542","GL873525","12358347","12358612","69","11554075"
"KQ054565v1","804557","804681","GL873536","22370995","22371119","25","21566438"
"KQ054565v1","813292","813580","GL873575","2687372","2687665","62","1874080"
"KQ054565v1","839896","840213","GL873623","4501593","4501900","70","3661697"
"KQ054565v1","843480","843776","GL873706","291348","291645","59","552132"
"KQ054565v1","865001","865125","GL873557","4370076","4370199","21","3505075"
"KQ054565v1","877502","877667","GL873564","1652491","1652654","35","774989"
"KQ054565v1","900099","900278","GL873532","14139242","14139410","48","13239143"
"KQ054565v1","900606","900716","GL873555","10993453","10993569","26","10092847"
"KQ054565v1","906406","906689","GL873663","2383516","2383802","65","1477110"
"KQ054565v1","923319","923625","GL873523","28431022","28431322","70","27507703"
"KQ054565v1","931827","932125","GL873632","5787814","5788105","60","4855987"
"KQ054565v1","940879","941203","GL873615","5162108","5162422","76","4221229"
"KQ054565v1","951695","951990","GL873538","19856647","19856926","69","18904952"
"KQ054565v1","979834","980078","GL873530","11824144","11824392","70","10844310"
"KQ054565v1","987314","987568","GL873530","11824144","11824392","64","10836830"
"KQ054565v1","1004188","1004501","GL873561","9330005","9330309","69","8325817"
"KQ054565v1","1008263","1008565","GL873631","1772","2067","74","1006491"
"KQ054565v1","1054313","1054597","GL873539","1769888","1770171","71","715575"
"KQ054565v1","1114323","1114622","GL873568","5537783","5538076","58","4423460"
"KQ054565v1","1114783","1114919","GL873539","17136906","17137041","24","16022123"
"KQ054565v1","1121179","1121263","GL873623","1782349","1782434","12","661170"
"KQ054565v1","1121702","1121923","GL873659","1692343","1692545","58","570641"
"KQ054565v1","1127129","1127434","GL873522","25185925","25186218","52","24058796"
"KQ054565v1","1212459","1212621","GL873530","16082476","16082634","34","14870017"
"KQ054565v1","1212985","1213286","GL873653","2463372","2463673","74","1250387"
"KQ054565v1","1220675","1220865","GL873646","3346587","3346774","50","2125912"
"KQ054565v1","1250613","1250926","GL873541","18220450","18220758","76","16969837"
"KQ054565v1","1258922","1259225","GL873537","20108472","20108765","63","18849550"
"KQ054565v1","1328331","1328595","GL873715","410523","410802","65","917808"
"KQ054565v1","1338248","1338539","GL873537","20108472","20108765","57","18770224"
"KQ054565v1","1354271","1354560","GL873527","16558692","16558981","49","15204421"
"KQ054565v1","1389796","1390074","GL873543","5406105","5406406","66","4016309"
"KQ054565v1","1400064","1400270","GL873522","8670954","8671158","55","7270890"
"KQ054565v1","1427068","1427361","GL873715","1471860","1472165","75","44792"
"KQ054565v1","1454157","1454454","GL873556","996424","996728","60","457733"
"KQ054565v1","1501781","1502087","GL873577","10149931","10150226","70","8648150"
"KQ054565v1","1512930","1513195","GL873594","1487203","1487478","71","25727"
"KQ054565v1","1518798","1519107","GL873521","5462455","5462757","80","3943657"
"KQ054565v1","1530535","1530804","GL873586","4074287","4074561","69","2543752"
"KQ054565v1","1626337","1626571","GL873544","16584370","16584608","72","14958033"
"KQ054565v1","1825248","1825512","GL873542","9612407","9612676","60","7787159"
"KQ054565v1","1829837","1830133","GL873545","20254912","20255212","68","18425075"
"KQ054565v1","1852234","1852513","GL873592","6735418","6735706","65","4883184"
"KQ054565v1","1924602","1924877","GL873577","10149931","10150226","76","8225329"
"KQ054565v1","1951022","1951334","GL873576","1564441","1564740","68","386581"
"KQ054565v1","1977301","1977606","GL873557","7267236","7267535","73","5289935"
"KQ054565v1","1994109","1994421","GL873636","3104548","3104855","71","1110439"
"KQ054565v1","2000744","2001036","GL873565","12300518","12300811","52","10299774"
"KQ054565v1","2059341","2059638","GL873520","36088702","36088990","67","34029361"
"KQ054565v1","2073779","2074075","GL873522","25185925","25186218","74","23112146"
"KQ054565v1","2166998","2167298","GL873520","30303968","30304235","76","28136970"
"KQ054565v1","2168135","2168406","GL873524","41769559","41769828","76","39601424"
"KQ054565v1","2249040","2249238","GL873664","3970975","3971175","52","1721935"
"KQ054565v1","2265308","2265606","GL873543","21766493","21766785","59","19501185"
"KQ054565v1","2279963","2280252","GL873741","1055877","1056155","59","1224086"
"KQ054565v1","2345808","2345950","GL873631","6903878","6904006","50","4558070"
"KQ054565v1","2350979","2351267","GL873677","4225067","4225358","62","1874088"
"KQ054565v1","2476313","2476429","GL873542","1259218","1259335","17","1217095"
"KQ054565v1","2503994","2504120","GL873624","868096","868216","24","1635898"
"KQ054565v1","2510725","2510999","GL873738","1635488","1635766","57","875237"
"KQ054565v1","2529455","2529601","GL873531","18701223","18701359","40","16171768"
"KQ054565v1","2552692","2552986","GL873537","20108472","20108765","56","17555780"
"KQ054565v1","2588355","2588606","GL873578","6797196","6797452","57","4208841"
"KQ054565v1","2601944","2602216","GL873544","21024658","21024936","61","18422714"
"KQ054565v1","2643933","2644239","GL873671","1289718","1290012","66","1354215"
"KQ054565v1","2711450","2711734","GL873663","1956258","1956538","67","755192"
"KQ054565v1","2913468","2913767","GL873533","4761367","4761651","75","1847899"
"KQ054565v1","2979813","2979973","GL873570","9334312","9334470","31","6354499"
"KQ054565v1","3182483","3182787","GL873522","4222168","4222461","62","1039685"
"KQ054565v1","3212144","3212429","GL873615","1894088","1894363","85","1318056"
"KQ054565v1","3320302","3320588","GL873562","11382494","11382780","64","8062192"
"KQ054565v1","3325431","3325695","GL873522","18643197","18643468","71","15317766"
"KQ054565v1","3391660","3391964","GL873544","21039211","21039519","60","17647551"
"KQ054565v1","3526960","3527266","GL873548","3017785","3018093","68","509175"
"KQ054565v1","3892693","3892848","GL873593","6813056","6813218","42","2920363"
"KQ054565v1","3910815","3911099","GL873639","5331998","5332286","60","1421183"
"KQ054565v1","3920358","3920635","GL873550","9167374","9167653","73","5247016"
"KQ054565v1","4043317","4043611","GL873572","9034316","9034616","74","4990999"
"KQ054565v1","4191201","4191351","GL873593","4524709","4524854","32","333508"
"KQ054565v1","4269021","4269218","GL873526","3895419","3895608","60","373602"
"KQ054565v1","4446943","4447210","GL873520","30303968","30304235","70","25857025"
"KQ054565v1","4786894","4787074","GL873526","12049785","12049965","46","7262891"
"KQ054565v1","4913553","4913848","GL873533","16601473","16601777","63","11687920"
"KQ054565v1","4944190","4944487","GL873575","8875744","8876043","64","3931554"
"KQ054565v1","5150479","5150775","GL873537","20108472","20108765","69","14957993"
"KQ054565v1","5278339","5278610","GL873547","17720932","17721199","65","12442593"
"KQ054565v1","5312008","5312206","GL873528","5117463","5117631","67","194545"
"KQ054565v1","5408970","5409214","GL873538","11416277","11416524","46","6007307"
"KQ054565v1","5562656","5562951","GL873521","7760866","7761169","65","2198210"
"KQ054565v1","5584642","5584938","GL873522","8095500","8095795","57","2510858"
"KQ054565v1","5642407","5642711","GL873538","10256256","10256566","64","4613849"
"KQ054565v1","5657046","5657263","GL873538","20322999","20323196","63","14665953"
"KQ054565v1","5690119","5690340","GL873536","12864536","12864761","69","7174417"
"KQ054565v1","5698441","5698692","GL873522","37461081","37461332","70","31762640"
"KQ054565v1","5700041","5700339","GL873526","28619796","28620107","62","22919755"
"KQ054565v1","5702918","5703040","GL873570","10645932","10646052","28","4943014"
"KQ054565v1","5707360","5707616","GL873522","37461081","37461332","62","31753721"
"KQ054565v1","5711250","5711374","GL873538","16126877","16126999","24","10415627"
"KQ054565v1","5721078","5721338","GL873632","5546235","5546488","66","174843"
"KQ054565v1","5753488","5753799","GL873615","5162108","5162422","73","591380"
"KQ054565v1","5821678","5821968","GL873664","2904250","2904542","65","2917428"
"KQ054565v1","5875643","5875929","GL873586","3828887","3829179","67","2046756"
"KQ054565v1","5945869","5946172","GL873613","2732879","2733172","72","3212990"
"KQ054565v1","6021416","6021561","GL873582","6084341","6084502","44","62925"
"KQ054565v1","6117714","6118005","GL873544","12852108","12852394","68","6734394"
"KQ054565v1","6130138","6130428","GL873537","20108472","20108765","56","13978334"
"KQ054565v1","6245284","6245592","GL873530","25617673","25617981","63","19372389"
"KQ054565v1","6277865","6278074","GL873524","19065990","19066189","51","12788125"
"KQ054565v1","6302415","6302711","GL873542","9313163","9313452","68","3010748"
"KQ054565v1","6311085","6311401","GL873661","403096","403407","64","5907989"
"KQ054565v1","6426803","6427097","GL873646","5530496","5530792","67","896307"
"KQ054565v1","6561033","6561120","GL873610","5442368","5442450","28","1118665"
"KQ054565v1","6564190","6564517","GL873529","10872711","10873019","84","4308521"
"KQ054565v1","6567697","6567793","GL873532","17325639","17325727","26","10757942"
"KQ054565v1","6586527","6586854","GL873529","10872711","10873019","84","4286184"
"KQ054565v1","6597361","6597563","GL873769","584205","584398","59","6013156"
"KQ054565v1","6598071","6598203","GL873565","2027016","2027139","29","4571055"
"KQ054565v1","6628150","6628344","GL873526","8303932","8304134","47","1675782"
"KQ054565v1","6657425","6657707","GL873526","25295506","25295789","57","18638081"
"KQ054565v1","6691764","6691901","GL873549","6868083","6868210","32","176319"
"KQ054565v1","6698713","6699023","GL873524","41958723","41959025","80","35260010"
"KQ054565v1","6722953","6723246","GL873539","18506813","18507102","60","11783860"
"KQ054565v1","6730056","6730143","GL873635","5237282","5237366","20","1492774"
"KQ054565v1","6817510","6817764","GL873566","11432308","11432558","70","4614798"
"KQ054565v1","6922165","6922447","GL873566","9194946","9195233","74","2272781"
"KQ054565v1","6986366","6986652","GL873660","743632","743918","61","6242734"
"KQ054565v1","7010368","7010680","GL873540","22714851","22715162","79","15704483"
"KQ054565v1","7038900","7039186","GL873590","405216","405498","67","6633684"
"KQ054565v1","7126088","7126363","GL873568","5607053","5607337","70","1519035"
"KQ054565v1","7145692","7145866","GL873522","37363427","37363592","43","30217735"
"KQ054565v1","7178615","7178911","GL873812","400580","400858","82","6778035"
"KQ054565v1","7212391","7212667","GL873538","2102031","2102304","64","5110360"
"KQ054565v1","7215499","7215745","GL873527","37009121","37009363","69","29793622"
"KQ054565v1","7219624","7219886","GL873527","13602874","13603141","74","6383250"
"KQ054565v1","7224038","7224350","GL873603","794609","794907","76","6429429"
"KQ054565v1","7228016","7228250","GL873527","10603696","10603933","58","3375680"
"KQ054565v1","7230418","7230660","GL873560","8931049","8931288","70","1700631"
"KQ054565v1","7267171","7267452","GL873525","39330773","39331048","64","32063602"
"KQ054565v1","7274233","7274536","GL873661","1884549","1884860","76","5389684"
"KQ054565v1","7274944","7275028","GL873560","10888179","10888270","25","3613235"
"KQ054565v1","7287927","7288239","GL873661","1884549","1884860","68","5403378"
"KQ054565v1","7289178","7289338","GL873585","9990490","9990653","49","2701312"
"KQ054565v1","7304845","7305121","GL873586","8120080","8120363","61","815235"
"KQ054565v1","7314594","7314859","GL873563","3383434","3383704","54","3931160"
"KQ054565v1","7317283","7317580","GL873572","9034316","9034616","67","1717033"
"KQ054565v1","7324940","7325223","GL873561","13826809","13827093","57","6501869"
"KQ054565v1","7328338","7328637","GL873571","4374924","4375218","62","2953414"
"KQ054565v1","7350071","7350339","GL873523","28505428","28505686","64","21155357"
"KQ054565v1","7353436","7353548","GL873554","14205812","14205927","22","6852376"
"KQ054565v1","7353596","7353764","GL873537","26260700","26260869","41","18907104"
"KQ054565v1","7377784","7378086","GL873623","4501593","4501900","60","2876191"
"KQ054565v1","7388823","7389121","GL873537","2276824","2277122","57","5111999"
"KQ054565v1","7404627","7404917","GL873522","4222168","4222461","53","3182459"
"KQ054565v1","7411218","7411507","GL873548","6836512","6836791","69","574706"
"KQ054565v1","7462911","7463202","GL873812","783607","783880","70","6679304"
"KQ054565v1","7472472","7472760","GL873592","2439645","2439925","66","5032827"
"KQ054565v1","7494067","7494365","GL873720","1268124","1268434","65","6225943"
"KQ054565v1","7498557","7498829","GL873752","219309","219580","55","7279248"
"KQ054565v1","7509537","7509682","GL873619","7264081","7264212","37","245456"
"KQ054565v1","7517571","7517882","GL873530","28263781","28264089","66","20746210"
"KQ054565v1","7537972","7538276","GL873643","1073552","1073855","70","6464420"
"KQ054565v1","7540592","7540879","GL873587","2916612","2916896","74","4623980"
"KQ054565v1","7552683","7552979","GL873661","1884167","1884461","63","5668516"
"KQ054565v1","7566091","7566424","GL873529","29039386","29039697","97","21473295"
"KQ054565v1","7571338","7571617","GL873529","28724389","28724653","72","21153051"
"KQ054565v1","7592495","7592795","GL873575","7437624","7437908","79","154871"
"KQ054565v1","7619467","7619761","GL873529","9421454","9421749","60","1801987"
"KQ054565v1","7625613","7625912","GL873535","12414612","12414904","70","4788999"
"KQ054565v1","7642225","7642505","GL873529","23083772","23084054","50","15441547"
"KQ054565v1","7676467","7676737","GL873525","21372202","21372471","70","13695735"
"KQ054565v1","7785011","7785310","GL873753","857709","858004","67","6927302"
"KQ054565v1","7883710","7883979","GL873551","18290102","18290362","69","10406392"
"KQ054565v1","7907402","7907479","GL873577","3067328","3067410","20","4840074"
"KQ054565v1","7911769","7912060","GL873754","1677368","1677657","58","6234401"
"KQ054565v1","7927226","7927418","GL873628","7012543","7012724","46","914683"
"KQ054571v1","232","451","GL873675","1834786","1835018","57","1834554"
"KQ054573v1","2162","2463","GL873530","23979294","23979589","77","23977132"
"KQ054574v1","5242","5353","GL873659","1219404","1219517","22","1214162"
"KQ054574v1","5648","5821","GL873522","3856634","3856803","45","3850986"
"KQ054575v1","3543","3803","GL873610","1611949","1612228","90","1608406"
"KQ054576v1","44186","44473","GL873562","11382494","11382780","58","11338308"
"KQ054576v1","94730","95017","GL873659","3462845","3463127","71","3368115"
"KQ054576v1","102506","102763","GL873627","5967427","5967682","61","5864921"
"KQ054576v1","115708","115959","GL873682","443486","443736","54","327778"
"KQ054576v1","118360","118535","GL873520","36976977","36977139","47","36858617"
"KQ054576v1","119192","119364","GL873574","11156695","11156883","59","11037503"
"KQ054576v1","128630","128892","GL873522","36470419","36470671","69","36341789"
"KQ054576v1","143525","143819","GL873521","53893978","53894270","56","53750453"
"KQ054576v1","281639","281932","GL873571","4374924","4375218","81","4093285"
"KQ054576v1","284735","285022","GL873545","12978830","12979129","67","12694095"
"KQ054576v1","317302","317504","GL873660","4198779","4198982","52","3881477"
"KQ054576v1","338500","338779","GL873527","38592462","38592739","74","38253962"
"KQ054576v1","342388","342690","GL873537","20108472","20108765","58","19766084"
"KQ054576v1","345414","345718","GL873636","3104548","3104855","62","2759134"
"KQ054576v1","346473","346762","GL873531","4073293","4073584","69","3726820"
"KQ054576v1","347790","348094","GL873754","1677368","1677657","70","1329578"
"KQ054576v1","352838","353133","GL873532","21611611","21611905","57","21258773"
"KQ054576v1","361182","361383","GL873593","2594539","2594732","48","2233357"
"KQ054576v1","367435","367596","GL873540","22465623","22465786","39","22098188"
"KQ054576v1","380105","380371","GL873563","9713700","9713970","66","9333595"
"KQ054576v1","400665","400840","GL873541","18409593","18409764","40","18008928"
"KQ054576v1","400999","401296","GL873538","10377403","10377700","63","9976404"
"KQ054576v1","403519","403815","GL873535","17760318","17760611","76","17356799"
"KQ054576v1","406624","406914","GL873562","11786543","11786832","56","11379919"
"KQ054576v1","414012","414269","GL873532","27326223","27326480","51","26912211"
"KQ054576v1","416495","416773","GL873624","2308457","2308738","61","1891962"
"KQ054576v1","416814","417100","GL873547","14329017","14329292","64","13912203"
"KQ054576v1","422234","422530","GL873522","10042566","10042867","65","9620332"
"KQ054576v1","431285","431571","GL873593","2667655","2667944","55","2236370"
"KQ054576v1","436777","437069","GL873678","1024189","1024471","75","587412"
"KQ054576v1","449726","450017","GL873543","2904962","2905248","54","2455236"
"KQ054576v1","450624","450904","GL873523","24918468","24918756","64","24467844"
"KQ054576v1","455338","455627","GL873542","9313163","9313452","73","8857825"
"KQ054576v1","456398","456664","GL873539","18088087","18088358","82","17631689"
"KQ054576v1","461201","461489","GL873606","5355796","5356059","71","4894595"
"KQ054576v1","486950","487250","GL873760","812865","813169","57","325915"
"KQ054576v1","494371","494563","GL873556","5873144","5873328","45","5378773"
"KQ054576v1","502742","503066","GL873525","33797346","33797664","72","33294604"
"KQ054576v1","544855","545156","GL873521","25393132","25393414","76","24848277"
"KQ054576v1","551707","551976","GL873534","15807314","15807583","64","15255607"
"KQ054576v1","554759","555042","GL873525","33055425","33055699","70","32500666"
"KQ054576v1","561057","561335","GL873531","29270493","29270761","72","28709436"
"KQ054576v1","582423","582709","GL873537","18372640","18372919","67","17790217"
"KQ054576v1","647425","647649","GL873560","8931049","8931288","67","8283624"
"KQ054576v1","650854","651133","GL873580","10958349","10958625","68","10307495"
"KQ054576v1","655563","655786","GL873526","15145906","15146121","63","14490343"
"KQ054576v1","678080","678394","GL873610","4431407","4431713","59","3753327"
"KQ054576v1","766364","766674","GL873521","5198887","5199193","83","4432523"
"KQ054576v1","776351","776562","GL873586","8236164","8236367","51","7459813"
"KQ054576v1","776565","776860","GL873530","12493960","12494261","66","11717395"
"KQ054576v1","803304","803484","GL873524","1211458","1211633","48","408154"
"KQ054576v1","840455","840737","GL873677","3168668","3168943","64","2328213"
"KQ054576v1","851167","851453","GL873523","28431022","28431322","71","27579855"
"KQ054576v1","863875","863965","GL873533","13936820","13936910","13","13072945"
"KQ054576v1","868974","869250","GL873611","5482501","5482785","63","4613527"
"KQ054576v1","875714","876004","GL873607","297784","298070","55","577930"
"KQ054576v1","912394","912657","GL873565","2880283","2880544","68","1967889"
"KQ054576v1","916811","916969","GL873529","14087179","14087327","40","13170368"
"KQ054576v1","928608","928878","GL873531","19349136","19349405","56","18420528"
"KQ054576v1","931035","931319","GL873565","1322212","1322476","72","391177"
"KQ054576v1","936685","936949","GL873543","15288242","15288513","73","14351557"
"KQ054576v1","940569","940869","GL873523","28439312","28439608","76","27498743"
"KQ054576v1","972064","972178","GL873539","7997784","7997900","20","7025720"
"KQ054576v1","1004753","1005041","GL873544","12852108","12852394","81","11847355"
"KQ054576v1","1069645","1069939","GL873593","480828","481113","65","588817"
"KQ054576v1","1072487","1072783","GL873664","4813585","4813876","75","3741098"
"KQ054576v1","1196961","1197258","GL873572","6984999","6985295","62","5788038"
"KQ054576v1","1256404","1256715","GL873720","1268124","1268434","71","11720"
"KQ054576v1","1269116","1269412","GL873723","667827","668116","60","601289"
"KQ054576v1","1275867","1276153","GL873561","13826809","13827093","59","12550942"
"KQ054576v1","1331360","1331371","GL873526","8819372","8819382","5","7488012"
"KQ054576v1","1331397","1331519","GL873535","10000001","10000113","32","8668604"
"KQ054576v1","1655091","1655257","GL873631","188832","188994","44","1466259"
"KQ054576v1","1868391","1868688","GL873575","2687372","2687665","49","818981"
"KQ054576v1","2271381","2271689","GL873530","28263781","28264089","65","25992400"
"KQ054576v1","2273094","2273241","GL873520","62223643","62223792","41","59950549"
"KQ054576v1","2273406","2273706","GL873523","32494078","32494381","75","30220672"
"KQ054576v1","2590886","2591182","GL873524","42149014","42149308","60","39558128"
"KQ054576v1","2608791","2609089","GL873531","27860265","27860563","55","25251474"
"KQ054576v1","2750390","2750691","GL873530","20459672","20459951","78","17709282"
"KQ054576v1","2826000","2826267","GL873551","2384698","2384980","66","441302"
"KQ054576v1","2899448","2899718","GL873586","6311175","6311430","60","3411727"
"KQ054576v1","2951138","2951406","GL873548","16921066","16921341","63","13969928"
"KQ054576v1","2984808","2985163","GL873652","885098","885457","97","2099710"
"KQ054576v1","3108774","3109088","GL873577","10149931","10150226","73","7041157"
"KQ054576v1","3157557","3157854","GL873537","20108472","20108765","59","16950915"
"KQ054576v1","3160033","3160332","GL873537","23325667","23325965","68","20165634"
"KQ054576v1","3220836","3221135","GL873527","36616137","36616425","61","33395301"
"KQ054576v1","3344950","3345098","GL873547","5337196","5337346","35","1992246"
"KQ054576v1","3367173","3367482","GL873527","10910929","10911225","78","7543756"
"KQ054576v1","3536667","3536959","GL873537","20108472","20108765","50","16571805"
"KQ054576v1","3564991","3565106","GL873610","4499305","4499420","22","934314"
"KQ054576v1","3599633","3599911","GL873547","7031032","7031302","68","3431399"
"KQ054576v1","3692384","3692680","GL873538","3757160","3757448","69","64776"
"KQ054576v1","3731723","3731869","GL873534","808040","808174","43","2923683"
"KQ054576v1","3734875","3735010","GL873651","1852517","1852652","31","1882358"
"KQ054576v1","3737956","3738056","GL873520","68492495","68492600","22","64754539"
"KQ054576v1","3797179","3797404","GL873624","2883081","2883295","55","914098"
"KQ054576v1","3881409","3881704","GL873521","14599825","14600115","63","10718416"
"KQ054578v1","1427","1717","GL873618","220001","220284","68","218574"
"KQ054578v1","5180","5462","GL873538","2811122","2811395","75","2805942"
"KQ054579v1","3101","3408","GL873569","2257365","2257661","87","2254264"
"KQ054580v1","3201","3351","GL873589","9755988","9756114","47","9752787"
"KQ054582v1","5485","5605","GL873834","415652","415774","17","410167"
"KQ054585v1","5451","5665","GL873593","8797038","8797243","55","8791587"
"KQ054587v1","193208","193486","GL873587","4881987","4882277","64","4688779"
"KQ054587v1","205884","206163","GL873587","4881987","4882277","65","4676103"
"KQ054587v1","304572","304664","GL873525","36185108","36185198","20","35880536"
"KQ054587v1","308375","308681","GL873537","21410001","21410301","76","21101626"
"KQ054587v1","310073","310376","GL873558","11891524","11891812","75","11581451"
"KQ054587v1","560544","560827","GL873557","5844700","5844982","68","5284156"
"KQ054587v1","622131","622412","GL873535","12038298","12038580","64","11416167"
"KQ054587v1","748700","748958","GL873632","3582886","3583150","81","2834186"
"KQ054587v1","852343","852538","GL873610","567944","568131","59","284399"
"KQ054587v1","1004605","1004902","GL873520","60883623","60883917","67","59879018"
"KQ054587v1","1078250","1078408","GL873544","17967753","17967901","44","16889503"
"KQ054587v1","1096056","1096350","GL873615","6674985","6675280","72","5578929"
"KQ054587v1","1143332","1143626","GL873624","5660177","5660468","58","4516845"
"KQ054587v1","1197900","1198038","GL873584","7647289","7647411","40","6449389"
"KQ054587v1","1198096","1198167","GL873522","41469614","41469683","19","40271518"
"KQ054587v1","1455840","1456129","GL873629","2465427","2465711","65","1009587"
"KQ054587v1","1516567","1516824","GL873611","6802065","6802336","66","5285498"
"KQ054587v1","1539454","1539769","GL873557","7267236","7267535","82","5727782"
"KQ054587v1","1576573","1576861","GL873800","736311","736599","62","840262"
"KQ054587v1","1579088","1579346","GL873692","2391107","2391377","64","812019"
"KQ054587v1","1633665","1633931","GL873586","4074287","4074561","72","2440622"
"KQ054587v1","1760512","1760794","GL873561","13826809","13827093","57","12066297"
"KQ054587v1","1777456","1777712","GL873523","29003618","29003875","60","27226162"
"KQ054587v1","1935733","1936042","GL873720","1268124","1268434","70","667609"
"KQ054587v1","1976507","1976825","GL873571","2577537","2577837","77","601030"
"KQ054587v1","2011496","2011760","GL873521","5451738","5452004","72","3440242"
"KQ054587v1","2282890","2283144","GL873564","9595689","9595923","79","7312799"
"KQ054587v1","2342670","2342954","GL873525","39406047","39406306","78","37063377"
"KQ054587v1","2351666","2351949","GL873529","22377342","22377617","57","20025676"
"KQ054587v1","2549001","2549282","GL873586","4074287","4074561","60","1525286"
"KQ054587v1","2553722","2554010","GL873577","10149931","10150226","83","7596209"
"KQ054587v1","2623332","2623546","GL873538","17630112","17630323","49","15006780"
"KQ054587v1","2736389","2736669","GL873536","27318293","27318570","67","24581904"
"KQ054587v1","2745984","2746299","GL873523","26483997","26484305","77","23738013"
"KQ054587v1","2811921","2812217","GL873587","2916612","2916896","79","104691"
"KQ054587v1","2830394","2830660","GL873569","10582574","10582823","82","7752180"
"KQ054587v1","2834333","2834653","GL873592","7767717","7768028","80","4933384"
"KQ054587v1","2835394","2835681","GL873540","4711812","4712090","55","1876418"
"KQ054587v1","2862689","2862961","GL873677","3168668","3168943","56","305979"
"KQ054587v1","2947893","2948195","GL873555","12985384","12985684","75","10037491"
"KQ054587v1","2980128","2980422","GL873544","20315778","20316071","71","17335650"
"KQ054587v1","3028616","3028828","GL873521","30472762","30472971","62","27444146"
"KQ054587v1","3033519","3033818","GL873530","16055785","16056089","62","13022266"
"KQ054587v1","3053990","3054116","GL873715","2526191","2526308","20","527799"
"KQ054587v1","3118601","3118922","GL873520","72415742","72416055","86","69297141"
"KQ054587v1","3127150","3127463","GL873530","16695374","16695671","79","13568224"
"KQ054587v1","3191476","3191778","GL873531","19651954","19652248","66","16460478"
"KQ054587v1","3276940","3277064","GL873550","14708435","14708557","24","11431495"
"KQ054587v1","3341185","3341335","GL873623","1946112","1946258","31","1395073"
"KQ054587v1","3352993","3353296","GL873539","18423768","18424069","71","15070775"
"KQ054587v1","3381338","3381643","GL873545","17052684","17052979","61","13671346"
"KQ054587v1","3602160","3602369","GL873611","6903506","6903704","42","3301346"
"KQ054587v1","3675711","3675997","GL873650","3922807","3923110","67","247096"
"KQ054587v1","3859571","3859858","GL873541","21985689","21985982","62","18126118"
"KQ054587v1","3926411","3926703","GL873537","23325667","23325965","74","19399256"
"KQ054587v1","3934330","3934585","GL873533","5025498","5025755","61","1091168"
"KQ054587v1","3948240","3948453","GL873593","6119863","6120058","61","2171623"
"KQ054587v1","3950256","3950531","GL873521","53707997","53708279","77","49757741"
"KQ054587v1","3954789","3954917","GL873537","22180947","22181078","30","18226158"
"KQ054587v1","3983231","3983413","GL873526","41026546","41026718","44","37043315"
"KQ054587v1","4002911","4003215","GL873572","9034316","9034616","67","5031405"
"KQ054587v1","4094173","4094468","GL873724","2082729","2083029","65","2011444"
"KQ054587v1","4147318","4147604","GL873664","4574460","4574746","69","427142"
"KQ054587v1","4147636","4147891","GL873524","28438242","28438501","69","24290606"
"KQ054587v1","4159914","4160228","GL873547","8917733","8918044","69","4757819"
"KQ054587v1","4260531","4260822","GL873579","984876","985165","58","3275655"
"KQ054587v1","4261786","4262069","GL873526","24340103","24340385","60","20078317"
"KQ054587v1","4318035","4318334","GL873530","17375868","17376165","57","13057833"
"KQ054587v1","4343502","4343751","GL873522","36470419","36470671","63","32126917"
"KQ054587v1","4533965","4534256","GL873527","37605146","37605440","67","33071181"
"KQ054587v1","4540238","4540533","GL873529","16524419","16524713","63","11984181"
"KQ054587v1","4566474","4566757","GL873540","4711812","4712090","54","145338"
"KQ054587v1","4619144","4619405","GL873533","6579816","6580067","82","1960672"
"KQ054587v1","4622967","4623182","GL873592","7574510","7574720","59","2951543"
"KQ054587v1","4637134","4637391","GL873523","29788890","29789147","71","25151756"
"KQ054587v1","4641092","4641350","GL873653","896073","896321","70","3745019"
"KQ054587v1","4663401","4663706","GL873579","9758474","9758769","72","5095073"
"KQ054587v1","4668894","4669026","GL873537","22180947","22181078","36","17512053"
"KQ054587v1","4669360","4669553","GL873643","1495517","1495704","52","3173843"
"KQ054587v1","4674774","4675066","GL873674","3713686","3713961","62","961088"
"KQ054587v1","4678045","4678341","GL873527","10949262","10949564","69","6271217"
"KQ054587v1","4683126","4683442","GL873720","1268124","1268434","71","3415002"
"KQ054587v1","4706658","4706955","GL873640","4643851","4644138","93","62807"
"KQ054587v1","4728063","4728127","GL873527","7862091","7862159","16","3134028"
"KQ054587v1","4728478","4728794","GL873523","28395612","28395904","91","23667134"
"KQ054587v1","4733342","4733460","GL873834","415652","415774","23","4317690"
"KQ054587v1","4739956","4740260","GL873578","4990005","4990295","72","250049"
"KQ054587v1","4746205","4746447","GL873585","10361139","10361392","76","5614934"
"KQ054587v1","4748325","4748567","GL873585","10361139","10361392","77","5612814"
"KQ054587v1","4761324","4761621","GL873558","11845040","11845343","68","7083716"
"KQ054587v1","4763147","4763281","GL873544","11860634","11860766","27","7097487"
"KQ054587v1","4785462","4785751","GL873537","20108472","20108765","54","15323010"
"KQ054587v1","4788114","4788384","GL873621","3242898","3243162","66","1545216"
"KQ054587v1","4806995","4807117","GL873521","24637910","24638029","30","19830915"
"KQ054587v1","4813064","4813338","GL873626","7294931","7295219","66","2481867"
"KQ054587v1","4829228","4829521","GL873548","13933563","13933854","84","9104335"
"KQ054587v1","4835806","4836077","GL873569","10006129","10006398","61","5170323"
"KQ054587v1","4847125","4847426","GL873548","16911479","16911770","67","12064354"
"KQ054587v1","4849253","4849411","GL873558","3716439","3716597","40","1132814"
"KQ054587v1","4854342","4854645","GL873566","9008836","9009136","62","4154494"
"KQ054587v1","4856550","4856802","GL873526","25561318","25561578","55","20704768"
"KQ054587v1","4867082","4867344","GL873576","10654984","10655247","63","5787902"
"KQ054587v1","4932465","4932587","GL873548","6651882","6652005","24","1719417"
"KQ054587v1","4967402","4967629","GL873586","9651668","9651899","55","4684266"
"KQ054587v1","5190058","5190226","GL873586","6579237","6579406","53","1389179"
"KQ054587v1","5210887","5211185","GL873560","12951592","12951892","64","7740705"
"KQ054587v1","5253818","5253937","GL873639","5291998","5292121","29","38180"
"KQ054596v1","16620","16905","GL873548","15510967","15511237","80","15494347"
"KQ054596v1","33526","33623","GL873525","8812413","8812511","23","8778887"
"KQ054596v1","121318","121621","GL873537","20108472","20108765","62","19987154"
"KQ054596v1","139050","139334","GL873522","40388442","40388729","58","40249392"
"KQ054596v1","146148","146321","GL873522","3856634","3856803","50","3710486"
"KQ054596v1","146349","146492","GL873527","35059122","35059255","32","34912773"
"KQ054596v1","161971","162280","GL873760","812865","813169","69","650894"
"KQ054596v1","175844","176057","GL873639","1603805","1604026","56","1427961"
"KQ054596v1","191614","191800","GL873520","1429502","1429686","46","1237888"
"KQ054596v1","238027","238327","GL873575","8875744","8876043","58","8637717"
"KQ054596v1","321494","321788","GL873524","42149014","42149308","62","41827520"
"KQ054596v1","384259","384444","GL873530","34598542","34598698","56","34214283"
"KQ054596v1","394250","394510","GL873538","11416277","11416524","62","11022027"
"KQ054596v1","417985","418118","GL873533","1211222","1211352","32","793237"
"KQ054596v1","421681","421805","GL873537","591982","592105","20","170301"
"KQ054596v1","426798","427091","GL873520","38124828","38125119","65","37698030"
"KQ054596v1","429451","429589","GL873520","17216189","17216306","44","16786738"
"KQ054596v1","430651","430911","GL873549","5482543","5482799","93","5051892"
"KQ054596v1","442174","442436","GL873535","29836384","29836651","60","29394210"
"KQ054596v1","475102","475379","GL873563","2659773","2660053","71","2184671"
"KQ054596v1","475394","475519","GL873540","24025229","24025350","26","23549835"
"KQ054596v1","477654","477759","GL873602","56753","56851","38","420901"
"KQ054596v1","482958","483076","GL873730","410572","410677","37","72386"
"KQ054596v1","517109","517405","GL873544","12852108","12852394","66","12334999"
"KQ054596v1","530010","530106","GL873537","19786406","19786499","22","19256396"
"KQ054596v1","563018","563184","GL873681","3131614","3131780","37","2568596"
"KQ054596v1","603835","604126","GL873661","1884167","1884461","54","1280332"
"KQ054596v1","615561","615856","GL873538","15635099","15635394","61","15019538"
"KQ054596v1","618999","619294","GL873562","11382494","11382780","66","10763495"
"KQ054596v1","665409","665659","GL873522","47576823","47577070","67","46911414"
"KQ054596v1","670080","670375","GL873643","1087107","1087400","58","417027"
"KQ054596v1","697188","697407","GL873566","13161077","13161300","59","12463889"
"KQ054596v1","707338","707498","GL873647","4173376","4173526","44","3466038"
"KQ054596v1","755303","755442","GL873545","3819426","3819566","38","3064123"
"KQ054596v1","770051","770214","GL873575","7054002","7054156","45","6283951"
"KQ054596v1","818250","818333","GL873531","16275379","16275462","19","15457129"
"KQ054596v1","884570","884800","GL873606","6386738","6386985","63","5502168"
"KQ054596v1","984091","984384","GL873800","736311","736599","65","247780"
"KQ054596v1","988449","988730","GL873526","8144766","8145058","76","7156317"
"KQ054596v1","991678","991952","GL873755","1290016","1290280","81","298338"
"KQ054599v1","7225","7470","GL873550","5369014","5369244","69","5361789"
"KQ054606v1","262098","262386","GL873592","2439645","2439925","63","2177547"
"KQ054606v1","13351","13661","GL873527","22929623","22929921","67","22916272"
"KQ054606v1","83824","84127","GL873530","16695374","16695671","72","16611550"
"KQ054606v1","91008","91320","GL873561","6023603","6023909","71","5932595"
"KQ054606v1","108349","108560","GL873592","7574510","7574720","52","7466161"
"KQ054606v1","108891","108988","GL873567","12026617","12026711","23","11917726"
"KQ054606v1","116387","116659","GL873610","348991","349271","65","232604"
"KQ054606v1","137268","137561","GL873842","322251","322538","79","184983"
"KQ054606v1","149967","150256","GL873538","8205572","8205855","69","8055605"
"KQ054606v1","250250","250540","GL873575","2687372","2687665","67","2437122"
"KQ054606v1","259102","259324","GL873526","40957560","40957777","55","40698458"
"KQ054606v1","278279","278397","GL873628","7011769","7011893","23","6733490"
"KQ054606v1","285394","285682","GL873537","22568956","22569251","60","22283562"
"KQ054606v1","302009","302293","GL873537","22568956","22569251","63","22266947"
"KQ054606v1","310126","310319","GL873586","8236164","8236367","56","7926038"
"KQ054606v1","316941","317128","GL873593","2594539","2594732","59","2277598"
"KQ054606v1","324663","324943","GL873546","12679748","12680030","66","12355085"
"KQ054606v1","350810","351061","GL873536","14955236","14955476","59","14604426"
"KQ054606v1","359117","359399","GL873527","17191091","17191376","67","16831974"
"KQ054606v1","362494","362707","GL873625","5640863","5641072","52","5278369"
"KQ054606v1","390092","390253","GL873628","7012543","7012724","46","6622451"
"KQ054606v1","390626","390734","GL873807","550708","550821","33","160082"
"KQ054606v1","400258","400531","GL873537","619503","619782","69","219245"
"KQ054606v1","443530","443838","GL873537","20108472","20108765","73","19664942"
"KQ054606v1","460558","460804","GL873627","1654049","1654302","65","1193491"
"KQ054606v1","472230","472508","GL873530","14321200","14321472","89","13848970"
"KQ054606v1","479138","479414","GL873575","2687372","2687665","72","2208234"
"KQ054606v1","532996","533290","GL873586","3828887","3829179","64","3295891"
"KQ054606v1","534159","534408","GL873544","16584370","16584608","66","16050211"
"KQ054606v1","542852","542955","GL873523","23311243","23311340","27","22768391"
"KQ054606v1","566800","566923","GL873628","1876330","1876452","20","1309530"
"KQ054606v1","579322","579446","GL873628","1876330","1876452","23","1297008"
"KQ054606v1","583262","583588","GL873668","1869236","1869552","80","1285974"
"KQ054606v1","622164","622474","GL873541","18220450","18220758","67","17598286"
"KQ054606v1","629131","629145","GL873586","6578563","6578573","4","5949432"
"KQ054606v1","629181","629449","GL873635","5610201","5610461","62","4981020"
"KQ054606v1","645030","645230","GL873569","11158685","11158869","58","10513655"
"KQ054606v1","650337","650638","GL873703","125416","125705","63","524921"
"KQ054606v1","672950","673229","GL873787","1086709","1086988","66","413759"
"KQ054606v1","686777","687055","GL873787","1086709","1086988","62","399932"
"KQ054606v1","708036","708284","GL873522","45736729","45736971","72","45028693"
"KQ054606v1","721510","721634","GL873560","13049237","13049359","19","12327727"
"KQ054606v1","794932","795058","GL873527","11423704","11423843","36","10628772"
"KQ054606v1","847060","847366","GL873543","5406105","5406406","63","4559045"
"KQ054606v1","847871","848127","GL873538","8848274","8848497","63","8000403"
"KQ054606v1","872017","872321","GL873811","193122","193424","62","678895"
"KQ054606v1","956606","956925","GL873536","12277241","12277538","74","11320635"
"KQ054606v1","969564","969755","GL873617","7008890","7009073","59","6039326"
"KQ054606v1","1007222","1007505","GL873544","12852108","12852394","59","11844886"
"KQ054606v1","1026655","1026889","GL873538","11489564","11489799","50","10462909"
"KQ054606v1","1034086","1034381","GL873522","25185925","25186218","58","24151839"
"KQ054606v1","1035816","1036092","GL873738","1635488","1635766","64","599672"
"KQ054606v1","1047505","1047834","GL873522","18906088","18906411","91","17858583"
"KQ054606v1","1057515","1057808","GL873557","7267236","7267535","61","6209721"
"KQ054606v1","1070760","1071053","GL873557","7267236","7267535","61","6196476"
"KQ054606v1","1242504","1242794","GL873667","3712894","3713183","58","2470390"
"KQ054606v1","1247972","1248273","GL873748","238196","238496","71","1009776"
"KQ054606v1","1263411","1263518","GL873525","1779463","1779568","22","516052"
"KQ054606v1","1276077","1276182","GL873631","6804068","6804174","21","5527991"
"KQ054606v1","1308738","1309046","GL873720","1268124","1268434","48","40614"
"KQ054606v1","1530026","1530220","GL873812","540548","540728","51","989478"
"KQ054606v1","1595140","1595449","GL873565","13378525","13378832","69","11783385"
"KQ054606v1","1650262","1650560","GL873521","14599825","14600115","56","12949563"
"KQ054606v1","1678527","1678795","GL873534","1599256","1599518","66","79271"
"KQ054606v1","1686780","1687072","GL873521","6835945","6836242","79","5149165"
"KQ054606v1","1714877","1715159","GL873538","9619029","9619316","57","7904152"
"KQ054606v1","1725673","1725966","GL873530","28263781","28264089","74","26538108"
"KQ054606v1","1745482","1745765","GL873557","14125304","14125596","68","12379822"
"KQ054606v1","1810275","1810570","GL873520","38124828","38125119","59","36314553"
"KQ054606v1","1816431","1816680","GL873521","14392270","14392532","64","12575839"
"KQ054606v1","1824476","1824776","GL873529","36400027","36400324","58","34575551"
"KQ054606v1","1844726","1845012","GL873526","7882436","7882722","60","6037710"
"KQ054606v1","1846482","1846786","GL873563","5489805","5490109","63","3643323"
"KQ054606v1","1848810","1849100","GL873540","11122200","11122500","54","9273390"
"KQ054606v1","1960444","1960755","GL873655","2260884","2261184","74","300440"
"KQ054606v1","1961259","1961530","GL873520","30080041","30080317","62","28118782"
"KQ054606v1","1962364","1962638","GL873644","86528","86796","63","1875836"
"KQ054606v1","1966568","1966818","GL873532","29093100","29093350","52","27126532"
"KQ054606v1","1971597","1971888","GL873524","42149014","42149308","50","40177417"
"KQ054606v1","1974539","1974859","GL873530","10944131","10944443","63","8969592"
"KQ054606v1","1975349","1975604","GL873564","7463563","7463827","78","5488214"
"KQ054606v1","1994932","1995203","GL873623","5618558","5618821","61","3623626"
"KQ054606v1","2041168","2041474","GL873527","11533238","11533536","61","9492070"
"KQ054606v1","2043372","2043656","GL873659","3462845","3463127","62","1419473"
"KQ054606v1","2045743","2046006","GL873538","1584722","1584989","56","461021"
"KQ054606v1","2052877","2053145","GL873533","23633726","23633993","57","21580849"
"KQ054606v1","2075458","2075727","GL873533","23633726","23633993","56","21558268"
"KQ054606v1","2095572","2095873","GL873575","2687372","2687665","65","591800"
"KQ054606v1","2102383","2102677","GL873526","8965429","8965699","77","6863046"
"KQ054607v1","4223","4432","GL873649","2487844","2488052","40","2483621"
"KQ054616v1","196","469","GL873787","374799","375070","61","374603"
"KQ054617v1","20305","20592","GL873629","2465427","2465711","64","2445122"
"KQ054617v1","23304","23590","GL873534","15140925","15141195","69","15117621"
"KQ054617v1","47361","47640","GL873550","7644303","7644582","64","7596942"
"KQ054617v1","57678","57968","GL873543","2904962","2905248","58","2847284"
"KQ054617v1","64874","65002","GL873522","33859730","33859867","31","33794856"
"KQ054617v1","65326","65509","GL873590","7475716","7475892","43","7410390"
"KQ054617v1","87283","87495","GL873831","49309","49519","58","37974"
"KQ054617v1","100618","100878","GL873539","4345510","4345763","72","4244892"
"KQ054617v1","104331","104646","GL873629","6583892","6584206","66","6479561"
"KQ054617v1","131438","131718","GL873582","1234954","1235236","64","1103516"
"KQ054617v1","133521","133662","GL873535","26214429","26214565","34","26080908"
"KQ054617v1","147543","147840","GL873545","12978830","12979129","60","12831287"
"KQ054617v1","149296","149393","GL873544","10089345","10089434","28","9940049"
"KQ054617v1","166281","166551","GL873553","11372169","11372461","67","11205888"
"KQ054617v1","169012","169322","GL873523","8076383","8076689","63","7907371"
"KQ054617v1","187805","188036","GL873624","3432800","3433013","56","3244995"
"KQ054617v1","204306","204408","GL873528","1061241","1061344","13","856935"
"KQ054617v1","243866","244165","GL873522","38740234","38740531","70","38496368"
"KQ054617v1","262166","262463","GL873541","14451118","14451418","69","14188952"
"KQ054617v1","273805","274099","GL873526","17279675","17279985","72","17005870"
"KQ054617v1","299114","299318","GL873523","31118961","31119162","52","30819847"
"KQ054617v1","299800","299975","GL873549","6262277","6262457","39","5962477"
"KQ054617v1","313276","313574","GL873672","1405987","1406281","75","1092711"
"KQ054617v1","359374","359656","GL873532","29144513","29144792","64","28785139"
"KQ054617v1","376308","376542","GL873615","7468224","7468458","77","7091916"
"KQ054617v1","376544","376752","GL873540","5043779","5043987","59","4667235"
"KQ054617v1","381763","382059","GL873529","14587588","14587876","81","14205825"
"KQ054617v1","394470","394778","GL873541","18220450","18220758","72","17825980"
"KQ054617v1","461381","461497","GL873715","2526191","2526308","24","2064810"
"KQ054617v1","468647","468761","GL873542","1259218","1259335","21","790571"
"KQ054617v1","520335","520630","GL873646","3696771","3697037","89","3176436"
"KQ054617v1","554107","554206","GL873522","27974065","27974167","27","27419958"
"KQ054617v1","574274","574564","GL873800","736311","736599","70","162037"
"KQ054617v1","575530","575842","GL873577","10149931","10150226","72","9574401"
"KQ054617v1","597042","597317","GL873569","10006129","10006398","64","9409087"
"KQ054617v1","601532","601810","GL873592","8396855","8397140","48","7795323"
"KQ054617v1","630755","630772","GL873558","9911706","9911723","4","9280951"
"KQ054617v1","631090","631293","GL873627","4281284","4281483","52","3650194"
"KQ054617v1","645785","646021","GL873575","5197979","5198216","55","4552194"
"KQ054617v1","646671","646963","GL873533","27079866","27080152","73","26433195"
"KQ054617v1","678915","679224","GL873615","5162108","5162422","68","4483193"
"KQ054617v1","679239","679406","GL873623","1529798","1529960","39","850559"
"KQ054617v1","689080","689330","GL873562","8391952","8392202","63","7702872"
"KQ054617v1","730762","731062","GL873531","19369345","19369649","67","18638583"
"KQ054617v1","803595","803893","GL873571","4374924","4375218","65","3571329"
"KQ054617v1","809368","809666","GL873571","4374924","4375218","61","3565556"
"KQ054617v1","830687","830921","GL873529","8596265","8596494","54","7765578"
"KQ054617v1","845670","845949","GL873715","1928073","1928342","65","1082403"
"KQ054617v1","854613","854901","GL873549","15132343","15132615","74","14277730"
"KQ054617v1","877979","878274","GL873574","4855555","4855848","57","3977576"
"KQ054617v1","882322","882626","GL873624","1916988","1917283","62","1034666"
"KQ054617v1","911792","912059","GL873677","2417225","2417485","71","1505433"
"KQ054617v1","921729","922043","GL873577","8086851","8087166","77","7165122"
"KQ054617v1","928997","929260","GL873521","21946744","21947003","54","21017747"
"KQ054617v1","954547","954838","GL873537","23325667","23325965","72","22371120"
"KQ054617v1","971199","971508","GL873533","2289538","2289847","69","1318339"
"KQ054617v1","1001715","1002032","GL873529","36224519","36224826","72","35222804"
"KQ054617v1","1013921","1014232","GL873572","9034316","9034616","77","8020395"
"KQ054617v1","1057400","1057603","GL873572","6196992","6197190","50","5139592"
"KQ054617v1","1100208","1100332","GL873536","28968213","28968337","23","27868005"
"KQ054617v1","1115773","1116089","GL873520","69454997","69455305","71","68339224"
"KQ054617v1","1134059","1134350","GL873585","9951114","9951384","75","8817055"
"KQ054617v1","1144677","1144874","GL873538","20322999","20323196","61","19178322"
"KQ054617v1","1159500","1159813","GL873584","467424","467715","77","692076"
"KQ054617v1","1162949","1163261","GL873720","1268124","1268434","66","105175"
"KQ054617v1","1255853","1256121","GL873652","2153321","2153594","61","897468"
"KQ054617v1","1321563","1321765","GL873647","2980775","2980966","44","1659212"
"KQ054617v1","1329274","1329581","GL873545","13698150","13698456","67","12368876"
"KQ054617v1","1335932","1336195","GL873525","44896656","44896919","63","43560724"
"KQ054617v1","1346704","1347001","GL873620","7369000","7369291","58","6022296"
"KQ054617v1","1349634","1349879","GL873721","422615","422855","57","927019"
"KQ054617v1","1371832","1372133","GL873544","14048568","14048856","72","12676736"
"KQ054617v1","1396928","1397178","GL873558","12875551","12875803","67","11478623"
"KQ054617v1","1463944","1464259","GL873624","4145937","4146255","65","2681993"
"KQ054617v1","1494161","1494461","GL873554","1221123","1221419","68","273038"
"KQ054617v1","1502563","1502860","GL873527","21245810","21246102","64","19743247"
"KQ054617v1","1559139","1559453","GL873549","6971808","6972104","74","5412669"
"KQ054617v1","1658846","1659134","GL873577","10149931","10150226","84","8491085"
"KQ054617v1","1716853","1717151","GL873557","8775388","8775677","65","7058535"
"KQ054617v1","1910705","1911023","GL873647","2592882","2593202","69","682177"
"KQ054617v1","1999810","2000000","GL873652","2656219","2656389","52","656409"
"KQ054617v1","2079500","2079845","GL873691","1843707","1844022","94","235793"
"KQ054617v1","2101352","2101636","GL873521","35569062","35569354","55","33467710"
"KQ054617v1","2289895","2290201","GL873625","3330882","3331184","68","1040987"
"KQ054617v1","2304510","2304822","GL873531","19369345","19369649","67","17064835"
"KQ054617v1","2316363","2316669","GL873577","10149931","10150226","59","7833568"
"KQ054617v1","2330606","2330903","GL873631","1772","2067","77","2328834"
"KQ054617v1","2333327","2333486","GL873573","4494761","4494911","42","2161434"
"KQ054617v1","2387714","2387989","GL873672","1033109","1033379","59","1354605"
"KQ054617v1","2429649","2429731","GL873590","8155630","8155711","16","5725981"
"KQ054617v1","2505787","2506068","GL873635","6082776","6083058","66","3576989"
"KQ054617v1","2582355","2582531","GL873527","12323067","12323253","68","9740712"
"KQ054617v1","2639774","2640041","GL873551","18290102","18290362","71","15650328"
"KQ054617v1","2661178","2661480","GL873532","27808661","27808963","78","25147483"
"KQ054617v1","2859954","2860244","GL873576","11308114","11308407","81","8448160"
"KQ054618v1","18500","18800","GL873527","5721671","5721968","61","5703171"
"KQ054618v1","22367","22681","GL873588","6897685","6897994","56","6875318"
"KQ054618v1","61866","61992","GL873520","24084579","24084710","21","24022713"
"KQ054618v1","70348","70662","GL873523","8076383","8076689","57","8006035"
"KQ054618v1","107827","107965","GL873522","41548124","41548261","30","41440297"
"KQ054618v1","112957","113106","GL873522","41548124","41548261","36","41435167"
"KQ054618v1","175613","175731","GL873528","3215053","3215168","24","3039440"
"KQ054618v1","223322","223628","GL873560","524189","524503","58","300867"
"KQ054618v1","429455","429746","GL873544","1884477","1884744","77","1455022"
"KQ054618v1","538949","539241","GL873552","9461268","9461556","69","8922319"
"KQ054618v1","633610","633899","GL873821","241720","242000","71","391890"
"KQ054618v1","689886","690163","GL873646","1321987","1322264","58","632101"
"KQ054618v1","816239","816432","GL873577","9925660","9925854","58","9109421"
"KQ054618v1","827836","828122","GL873527","11567802","11568075","64","10739966"
"KQ054618v1","856268","856576","GL873521","21242244","21242551","63","20385976"
"KQ054618v1","862448","862730","GL873597","32269","32549","52","830179"
"KQ054618v1","916584","916824","GL873680","714216","714447","58","202368"
"KQ054618v1","1035423","1035701","GL873570","9602339","9602637","74","8566916"
"KQ054618v1","1043754","1043914","GL873605","2287268","2287412","34","1243514"
"KQ054618v1","1237955","1238215","GL873646","1358238","1358497","60","120283"
"KQ054618v1","1239163","1239472","GL873547","8917733","8918044","59","7678570"
"KQ054618v1","1270391","1270671","GL873535","12038298","12038580","60","10767907"
"KQ054618v1","1357997","1358286","GL873563","11221227","11221501","69","9863230"
"KQ054618v1","1394486","1394765","GL873521","20745827","20746109","74","19351341"
"KQ054618v1","1416112","1416416","GL873561","9330005","9330309","62","7913893"
"KQ054618v1","1487667","1487911","GL873550","3545538","3545776","58","2057871"
"KQ054618v1","1560472","1560652","GL873668","1381190","1381376","56","179282"
"KQ054618v1","1561534","1561841","GL873560","12951592","12951892","69","11390058"
"KQ054618v1","1572596","1572764","GL873586","6579237","6579406","40","5006641"
"KQ054618v1","1591610","1591923","GL873537","20108472","20108765","67","18516862"
"KQ054618v1","1596683","1596979","GL873568","5537783","5538076","65","3941100"
"KQ054618v1","1616642","1616929","GL873525","33055425","33055699","65","31438783"
"KQ054618v1","1753501","1753806","GL873522","4222168","4222461","63","2468667"
"KQ054618v1","1804258","1804403","GL873542","6541460","6541606","48","4737202"
"KQ054618v1","1814750","1815035","GL873542","12236505","12236785","68","10421755"
"KQ054618v1","1816942","1817251","GL873720","1268124","1268434","66","548818"
"KQ054618v1","1835589","1835884","GL873540","20000665","20000956","69","18165076"
"KQ054618v1","1862079","1862376","GL873539","2531227","2531508","73","669148"
"KQ054618v1","1908262","1908384","GL873530","28696672","28696794","23","26788410"
"KQ054618v1","1962276","1962542","GL873660","1384330","1384596","60","577946"
"KQ054618v1","2031356","2031478","GL873544","15940749","15940872","24","13909393"
"KQ054618v1","2051492","2051784","GL873800","736311","736599","70","1315181"
"KQ054618v1","2156506","2156769","GL873526","17110885","17111154","66","14954379"
"KQ054618v1","2195608","2195705","GL873717","997794","997890","26","1197814"
"KQ054618v1","2279713","2279908","GL873674","3522562","3522751","58","1242849"
"KQ054618v1","2440117","2440422","GL873533","15015660","15015953","74","12575543"
"KQ054618v1","2460536","2460828","GL873646","5530496","5530792","68","3069960"
"KQ054618v1","2517702","2517979","GL873606","8335222","8335500","64","5817520"
"KQ054618v1","2603784","2604082","GL873526","23768842","23769134","71","21165058"
"KQ054618v1","2699451","2699704","GL873538","7504355","7504618","58","4804904"
"KQ054618v1","2830239","2830533","GL873579","11247036","11247321","71","8416797"
"KQ054618v1","2949567","2949845","GL873584","10201756","10202045","63","7252189"
"KQ054618v1","2953173","2953458","GL873547","12030162","12030439","78","9076989"
"KQ054618v1","3054789","3055075","GL873520","69906171","69906454","67","66851382"
"KQ054618v1","3055464","3055760","GL873737","1691288","1691582","62","1364176"
"KQ054618v1","3075141","3075430","GL873599","3843599","3843887","65","768458"
"KQ054618v1","3160510","3160801","GL873557","15070064","15070360","57","11909554"
"KQ054618v1","3254792","3255090","GL873530","28263781","28264089","67","25008989"
"KQ054618v1","3411751","3411946","GL873537","27256820","27257025","50","23845069"
"KQ054618v1","3490901","3491098","GL873521","18537029","18537221","51","15046128"
"KQ054618v1","3719524","3719812","GL873604","8660029","8660307","67","4940505"
"KQ054618v1","3829018","3829174","GL873539","18965545","18965701","42","15136527"
"KQ054618v1","3829501","3829645","GL873584","7173887","7174020","41","3344386"
"KQ054618v1","3835720","3835858","GL873523","909239","909364","39","2926481"
"KQ054618v1","3873169","3873488","GL873678","899224","899530","77","2973945"
"KQ054618v1","3935530","3935778","GL873538","11416277","11416524","52","7480747"
"KQ054618v1","3943281","3943576","GL873520","38764685","38764975","75","34821404"
"KQ054618v1","3948593","3948882","GL873575","2279344","2279629","70","1669249"
"KQ054618v1","4075863","4076161","GL873521","5198887","5199193","81","1123024"
"KQ054618v1","4138643","4138829","GL873740","297140","297339","48","3841503"
"KQ054618v1","4219515","4219800","GL873531","25381659","25381942","64","21162144"
"KQ054618v1","4390426","4390723","GL873556","14806484","14806787","77","10416058"
"KQ054618v1","4471993","4472304","GL873615","5162108","5162422","76","690115"
"KQ054618v1","4526477","4526749","GL873536","13622290","13622562","67","9095813"
"KQ054618v1","4549370","4549581","GL873586","8236164","8236367","54","3686794"
"KQ054618v1","4691731","4692038","GL873520","5907367","5907672","56","1215636"
"KQ054618v1","4715514","4715821","GL873720","1268124","1268434","61","3447390"
"KQ054618v1","4716556","4716836","GL873524","6995935","6996215","74","2279379"
"KQ054623v1","1101","1340","GL873575","7613026","7613262","80","7611925"
"KQ054628v1","456","754","GL873575","2687372","2687665","65","2686916"
"KQ054628v1","22085","22377","GL873677","4203427","4203715","56","4181342"
"KQ054628v1","59800","60094","GL873520","30805589","30805881","76","30745789"
"KQ054628v1","290489","290787","GL873547","16822369","16822660","55","16531880"
"KQ054628v1","345355","345584","GL873667","1258656","1258874","59","913301"
"KQ054628v1","350224","350486","GL873526","9607282","9607504","88","9257058"
"KQ054628v1","591530","591843","GL873530","10944131","10944443","66","10352601"
"KQ054628v1","635596","635846","GL873800","517515","517761","52","118081"
"KQ054628v1","647840","648124","GL873657","3029272","3029566","66","2381432"
"KQ054628v1","734396","734666","GL873535","10475213","10475479","54","9740817"
"KQ054628v1","735844","736134","GL873543","2139452","2139746","59","1403608"
"KQ054628v1","765018","765307","GL873544","12852108","12852394","58","12087090"
"KQ054628v1","824758","824873","GL873525","18194391","18194502","23","17369633"
"KQ054628v1","848769","849091","GL873761","1215414","1215735","73","366645"
"KQ054628v1","1020889","1021196","GL873530","17375868","17376165","63","16354979"
"KQ054628v1","1030699","1030956","GL873624","1833935","1834197","71","803236"
"KQ054628v1","1048923","1049231","GL873537","20806240","20806550","62","19757317"
"KQ054628v1","1065420","1065544","GL873660","4014342","4014466","20","2948922"
"KQ054628v1","1083381","1083622","GL873548","17984115","17984359","63","16900734"
"KQ054628v1","1107185","1107431","GL873523","5356564","5356821","67","4249379"
"KQ054628v1","1155273","1155588","GL873645","2658706","2659010","72","1503433"
"KQ054628v1","1228140","1228470","GL873530","29857042","29857349","78","28628902"
"KQ054628v1","1234281","1234576","GL873720","1521777","1522065","83","287496"
"KQ054628v1","1251586","1251878","GL873522","25185925","25186218","63","23934339"
"KQ054628v1","1283310","1283431","GL873565","2027016","2027139","23","743706"
"KQ054628v1","1352039","1352205","GL873564","4371507","4371687","45","3019468"
"KQ054628v1","1434579","1434858","GL873536","13622290","13622562","73","12187711"
"KQ054628v1","1579145","1579464","GL873565","9727836","9728152","81","8148691"
"KQ054628v1","1684867","1685134","GL873580","5648516","5648774","61","3963649"
"KQ054628v1","1985087","1985384","GL873566","13761724","13761999","79","11776637"
"KQ054628v1","2120626","2120921","GL873550","12835358","12835652","61","10714732"
"KQ054628v1","2220774","2220937","GL873620","1621194","1621364","40","599580"
"KQ054628v1","2314275","2314565","GL873558","3156984","3157274","60","842709"
"KQ054628v1","2347173","2347447","GL873682","2871932","2872209","65","524759"
"KQ054628v1","2692741","2693027","GL873659","3462845","3463127","70","770104"
"KQ054628v1","2716184","2716394","GL873521","27266368","27266584","54","24550184"
"KQ054628v1","2795861","2796094","GL873520","29792583","29792808","62","26996722"
"KQ054628v1","2891754","2892070","GL873603","794609","794907","86","2097145"
"KQ054628v1","2892098","2892125","GL873628","4177792","4177815","7","1285694"
"KQ054628v1","2933880","2934196","GL873531","27860265","27860563","70","24926385"
"KQ054628v1","3112980","3113261","GL873624","2308457","2308738","75","804523"
"KQ054628v1","3191980","3192147","GL873533","2655543","2655710","36","536437"
"KQ054628v1","3220042","3220315","GL873573","3786511","3786793","68","566469"
"KQ054628v1","3313926","3314236","GL873527","12231505","12231798","73","8917579"
"KQ054628v1","3364745","3365045","GL873615","5162108","5162422","76","1797363"
"KQ054628v1","3431832","3432100","GL873601","7074690","7074961","55","3642858"
"KQ054628v1","3547199","3547497","GL873748","238196","238496","53","3309003"
"KQ054628v1","3556398","3556694","GL873663","472158","472454","67","3084240"
"KQ054628v1","3571199","3571530","GL873686","459529","459835","92","3111670"
"KQ054628v1","3766511","3766796","GL873537","23325667","23325965","68","19559156"
"KQ054628v1","3818064","3818362","GL873550","8444078","8444367","71","4626014"
"KQ054628v1","3851813","3852109","GL873677","4225067","4225358","82","373254"
"KQ054628v1","3932908","3933185","GL873533","5362274","5362533","75","1429366"
"KQ054628v1","4116118","4116386","GL873648","355307","355573","68","3760811"
"KQ054628v1","4127488","4127747","GL873545","4503988","4504243","65","376500"
"KQ054628v1","4166003","4166295","GL873542","7542952","7543241","70","3376949"
"KQ054628v1","4224938","4225211","GL873570","4448444","4448732","57","223506"
"KQ054628v1","4230640","4230953","GL873545","20390330","20390642","66","16159690"
"KQ054628v1","4247460","4247714","GL873523","8662324","8662578","61","4414864"
"KQ054628v1","4258725","4258990","GL873693","2243231","2243494","73","2015494"
"KQ054628v1","4271278","4271589","GL873557","5274723","5275025","78","1003445"
"KQ054629v1","390","682","GL873529","9421454","9421749","51","9421064"
"KQ054629v1","3731","4003","GL873526","8965429","8965699","69","8961698"
"KQ054636v1","3099","3393","GL873575","2687372","2687665","87","2684273"
"KQ054638v1","1792","2078","GL873541","21985689","21985982","53","21983897"
"KQ054638v1","4651","4952","GL873568","4562469","4562774","73","4557818"
"KQ054638v1","42222","42459","GL873532","9003845","9004088","68","8961623"
"KQ054638v1","71908","72117","GL873589","9436223","9436431","60","9364315"
"KQ054638v1","137410","137580","GL873541","17651346","17651496","54","17513936"
"KQ054638v1","142817","143124","GL873561","9330005","9330309","62","9187188"
"KQ054638v1","156550","156857","GL873561","9330005","9330309","62","9173455"
"KQ054638v1","159989","160078","GL873529","26511057","26511133","27","26351068"
"KQ054638v1","160404","160503","GL873644","748564","748645","32","588160"
"KQ054638v1","162138","162421","GL873646","2193528","2193801","71","2031390"
"KQ054638v1","170458","170540","GL873529","26511057","26511133","22","26340599"
"KQ054638v1","183681","183989","GL873527","11753327","11753621","91","11569646"
"KQ054638v1","190661","190944","GL873540","4711812","4712090","55","4521151"
"KQ054638v1","200682","200950","GL873523","23994445","23994706","73","23793763"
"KQ054638v1","214320","214616","GL873558","2337436","2337734","64","2123116"
"KQ054638v1","218528","218856","GL873737","1691288","1691582","96","1472760"
"KQ054638v1","223359","223647","GL873543","876481","876761","59","653122"
"KQ054638v1","226833","227095","GL873601","5269322","5269589","67","5042489"
"KQ054638v1","244888","245113","GL873598","8002802","8003019","60","7757914"
"KQ054638v1","260908","260952","GL873536","7934434","7934475","10","7673526"
"KQ054638v1","261356","261533","GL873592","4331175","4331344","62","4069819"
"KQ054638v1","266134","266429","GL873535","14266203","14266500","60","14000069"
"KQ054638v1","271872","272160","GL873607","310210","310498","61","38338"
"KQ054638v1","318508","318799","GL873542","10945575","10945861","73","10627067"
"KQ054638v1","359551","359826","GL873542","9612407","9612676","69","9252856"
"KQ054638v1","361352","361626","GL873542","9612407","9612676","70","9251055"
"KQ054638v1","367054","367338","GL873525","39330773","39331048","54","38963719"
"KQ054638v1","371218","371304","GL873522","18622065","18622150","16","18250847"
"KQ054638v1","371641","371875","GL873522","3805123","3805354","58","3433482"
"KQ054638v1","377673","377981","GL873655","2260884","2261184","71","1883211"
"KQ054638v1","380638","380932","GL873545","17052684","17052979","68","16672046"
"KQ054638v1","390746","390978","GL873535","13887307","13887542","76","13496561"
"KQ054638v1","394246","394496","GL873601","1412942","1413195","85","1018696"
"KQ054638v1","398812","399092","GL873535","21538311","21538586","86","21139499"
"KQ054638v1","419236","419499","GL873624","1202838","1203095","83","783602"
"KQ054638v1","433027","433356","GL873646","5530496","5530792","85","5097469"
"KQ054638v1","472300","472607","GL873520","39057346","39057655","61","38585046"
"KQ054638v1","474837","475114","GL873556","1355229","1355510","60","880392"
"KQ054638v1","476826","477133","GL873590","120357","120643","79","356469"
"KQ054638v1","489381","489669","GL873663","303183","303456","78","186198"
"KQ054638v1","490101","490229","GL873537","6930739","6930868","23","6440638"
"KQ054638v1","506099","506401","GL873609","12066","12354","83","494033"
"KQ054638v1","515205","515489","GL873544","14048568","14048856","56","13533363"
"KQ054638v1","534551","534673","GL873526","19257262","19257383","27","18722711"
"KQ054638v1","540040","540254","GL873547","9104520","9104727","62","8564480"
"KQ054638v1","540567","540687","GL873566","11179977","11180090","28","10639410"
"KQ054638v1","568967","569150","GL873710","1188137","1188321","44","619170"
"KQ054638v1","575574","575872","GL873663","2383516","2383802","68","1807942"
"KQ054638v1","583394","583469","GL873551","2590195","2590270","14","2006801"
"KQ054638v1","594989","595062","GL873551","2590195","2590270","15","1995206"
"KQ054638v1","639308","639607","GL873533","23793613","23793905","65","23154305"
"KQ054638v1","653903","654066","GL873529","24590299","24590450","34","23936396"
"KQ054638v1","656470","656756","GL873522","40388442","40388729","65","39731972"
"KQ054638v1","664247","664503","GL873619","5664753","5665014","66","5000506"
"KQ054638v1","699236","699489","GL873624","3067388","3067625","75","2368152"
"KQ054638v1","708009","708199","GL873687","3350812","3350998","55","2642803"
"KQ054638v1","713478","713753","GL873529","29178411","29178680","62","28464933"
"KQ054638v1","735358","735644","GL873537","20108472","20108765","57","19373114"
"KQ054638v1","741817","742105","GL873586","6854900","6855180","67","6113083"
"KQ054638v1","804314","804370","GL873645","4809864","4809915","13","4005550"
"KQ054638v1","804751","804814","GL873537","19354020","19354077","17","18549269"
"KQ054638v1","819873","820141","GL873613","1674917","1675182","67","855044"
"KQ054638v1","824755","825029","GL873538","25583957","25584224","66","24759202"
"KQ054638v1","850399","850707","GL873540","22714851","22715162","76","21864452"
"KQ054638v1","856496","856811","GL873570","208301","208614","79","648195"
"KQ054638v1","859366","859661","GL873572","9914140","9914436","63","9054774"
"KQ054638v1","878555","878813","GL873557","5844700","5844982","74","4966145"
"KQ054638v1","988246","988500","GL873558","7941041","7941297","61","6952795"
"KQ054641v1","848","1148","GL873692","1494249","1494542","83","1493401"
"KQ054649v1","260501","260798","GL873577","4597929","4598216","75","4337428"
"KQ054649v1","1044510","1044830","GL873615","5162108","5162422","83","4117598"
"KQ054649v1","1134055","1134349","GL873524","42149014","42149308","58","41014959"
"KQ054649v1","1258981","1259224","GL873800","517515","517761","60","741466"
"KQ054650v1","2239","2358","GL873697","3316684","3316801","28","3314445"
"KQ054660v1","5242711","5242985","GL873787","374799","375070","59","4867912"
"KQ054660v1","51761","52066","GL873537","20806240","20806550","69","20754479"
"KQ054660v1","88463","88759","GL873558","11845040","11845343","63","11756577"
"KQ054660v1","103094","103388","GL873613","2732879","2733172","69","2629785"
"KQ054660v1","194521","194816","GL873527","12231505","12231798","58","12036984"
"KQ054660v1","231878","232180","GL873602","8639405","8639702","63","8407527"
"KQ054660v1","263641","263803","GL873574","8604162","8604325","37","8340521"
"KQ054660v1","290636","290956","GL873538","15506743","15507044","84","15216107"
"KQ054660v1","300955","301228","GL873529","28724389","28724653","67","28423434"
"KQ054660v1","306948","307219","GL873522","24751642","24751892","66","24444694"
"KQ054660v1","333279","333577","GL873754","1754489","1754787","57","1421210"
"KQ054660v1","338790","339098","GL873530","17375868","17376165","57","17037078"
"KQ054660v1","347819","348084","GL873608","7376661","7376921","58","7028842"
"KQ054660v1","384075","384332","GL873641","3507218","3507472","60","3123143"
"KQ054660v1","385035","385336","GL873685","1795219","1795520","73","1410184"
"KQ054660v1","388148","388421","GL873645","5829169","5829431","60","5441021"
"KQ054660v1","403737","404046","GL873522","26416598","26416890","72","26012861"
"KQ054660v1","424900","425047","GL873523","26063564","26063709","31","25638664"
"KQ054660v1","426628","426929","GL873616","6664512","6664809","70","6237884"
"KQ054660v1","427054","427344","GL873573","3157560","3157850","63","2730506"
"KQ054660v1","432633","432917","GL873800","561741","562019","64","129108"
"KQ054660v1","444519","444804","GL873526","4353131","4353412","58","3908612"
"KQ054660v1","446236","446561","GL873546","13542628","13542944","83","13096392"
"KQ054660v1","447318","447632","GL873547","15335078","15335381","67","14887760"
"KQ054660v1","463064","463252","GL873805","948213","948404","57","485149"
"KQ054660v1","480036","480336","GL873524","42149014","42149308","74","41668978"
"KQ054660v1","485196","485493","GL873524","42149014","42149308","72","41663818"
"KQ054660v1","536547","536638","GL873600","5746516","5746616","25","5209969"
"KQ054660v1","613927","614100","GL873522","3856634","3856803","49","3242707"
"KQ054660v1","614438","614554","GL873544","12602181","12602284","38","11987743"
"KQ054660v1","662758","663047","GL873524","43577965","43578256","68","42915207"
"KQ054660v1","679405","679699","GL873671","1289718","1290012","80","610313"
"KQ054660v1","690375","690598","GL873659","1872889","1873113","65","1182514"
"KQ054660v1","696728","696988","GL873548","17670157","17670396","67","16973429"
"KQ054660v1","697048","697352","GL873549","1794227","1794517","67","1097179"
"KQ054660v1","731072","731361","GL873608","4005858","4006144","73","3274786"
"KQ054660v1","748624","748905","GL873526","21819455","21819728","55","21070831"
"KQ054660v1","877549","877846","GL873529","2855620","2855915","67","1978071"
"KQ054660v1","894618","894863","GL873523","29788890","29789147","60","28894272"
"KQ054660v1","956087","956353","GL873520","30303968","30304235","58","29347881"
"KQ054660v1","963278","963569","GL873598","2672628","2672914","61","1709350"
"KQ054660v1","1051616","1051888","GL873827","72425","72690","63","979191"
"KQ054660v1","1082073","1082325","GL873567","13195125","13195366","64","12113052"
"KQ054660v1","1091626","1091908","GL873537","23446738","23447017","56","22355112"
"KQ054660v1","1095199","1095505","GL873521","6835945","6836242","65","5740746"
"KQ054660v1","1123392","1123679","GL873584","6755696","6755989","71","5632304"
"KQ054660v1","1124119","1124424","GL873526","31004486","31004780","81","29880367"
"KQ054660v1","1173543","1173839","GL873537","20108472","20108765","60","18934929"
"KQ054660v1","1257481","1257602","GL873587","448922","449042","18","808559"
"KQ054660v1","1261311","1261595","GL873548","13072238","13072531","59","11810927"
"KQ054660v1","1307911","1308206","GL873544","12852108","12852394","48","11544197"
"KQ054660v1","1347935","1348244","GL873720","1268124","1268434","67","79811"
"KQ054660v1","1353371","1353642","GL873752","219309","219580","58","1134062"
"KQ054660v1","1365429","1365741","GL873561","9330005","9330309","62","7964576"
"KQ054660v1","1390162","1390446","GL873575","2687372","2687665","56","1297210"
"KQ054660v1","1406330","1406611","GL873522","26431469","26431747","73","25025139"
"KQ054660v1","1413419","1413712","GL873617","6729035","6729322","58","5315616"
"KQ054660v1","1420157","1420455","GL873531","29056008","29056304","60","27635851"
"KQ054660v1","1433277","1433563","GL873599","4094416","4094699","62","2661139"
"KQ054660v1","1437031","1437325","GL873537","20108472","20108765","57","18671441"
"KQ054660v1","1446130","1446432","GL873565","12235234","12235534","62","10789104"
"KQ054660v1","1472695","1472994","GL873527","25101599","25101892","58","23628904"
"KQ054660v1","1615316","1615633","GL873641","3079760","3080070","67","1464444"
"KQ054660v1","1634299","1634601","GL873566","8955078","8955373","64","7320779"
"KQ054660v1","1705164","1705451","GL873543","2904962","2905248","54","1199798"
"KQ054660v1","1734695","1734990","GL873593","3958983","3959265","78","2224288"
"KQ054660v1","1735596","1735859","GL873536","2020684","2020955","71","285088"
"KQ054660v1","1754126","1754349","GL873534","29797157","29797371","49","28043031"
"KQ054660v1","1955516","1955647","GL873564","3411630","3411757","19","1456114"
"KQ054660v1","2045524","2045809","GL873534","15140925","15141195","68","13095401"
"KQ054660v1","2174930","2175192","GL873601","5850104","5850361","62","3675174"
"KQ054660v1","2324564","2324846","GL873525","11639414","11639693","68","9314850"
"KQ054660v1","2348485","2348722","GL873533","9736730","9736965","62","7388245"
"KQ054660v1","2459608","2459888","GL873645","2515370","2515643","69","55762"
"KQ054660v1","2554157","2554411","GL873646","799956","800214","49","1754201"
"KQ054660v1","2589335","2589588","GL873572","9101439","9101705","58","6512104"
"KQ054660v1","2590033","2590325","GL873663","472158","472454","66","2117875"
"KQ054660v1","2626175","2626458","GL873536","10468108","10468389","59","7841933"
"KQ054660v1","2670006","2670276","GL873545","20768197","20768487","65","18098191"
"KQ054660v1","2757816","2758106","GL873530","3815095","3815371","79","1057279"
"KQ054660v1","2777365","2777663","GL873525","27816917","27817223","67","25039552"
"KQ054660v1","2783615","2783905","GL873676","1881961","1882246","62","901654"
"KQ054660v1","2787179","2787375","GL873531","29211214","29211412","40","26424035"
"KQ054660v1","2792161","2792387","GL873540","20654782","20655010","54","17862621"
"KQ054660v1","2826886","2827173","GL873526","8284727","8285011","68","5457841"
"KQ054660v1","2831325","2831616","GL873543","2904962","2905248","52","73637"
"KQ054660v1","2834511","2834804","GL873539","2531227","2531508","70","303284"
"KQ054660v1","2835577","2835880","GL873548","15755209","15755503","65","12919632"
"KQ054660v1","2838313","2838604","GL873540","24563702","24564003","76","21725389"
"KQ054660v1","2840177","2840441","GL873527","15959106","15959367","60","13118929"
"KQ054660v1","2841043","2841270","GL873521","2051155","2051372","63","789888"
"KQ054660v1","2847591","2847814","GL873671","1007130","1007343","61","1840461"
"KQ054660v1","2877882","2878181","GL873551","9201762","9202063","73","6323880"
"KQ054660v1","2882592","2882660","GL873557","4662834","4662900","13","1780242"
"KQ054660v1","2897202","2897473","GL873557","8943966","8944228","74","6046764"
"KQ054660v1","2899887","2900177","GL873576","2384533","2384819","67","515354"
"KQ054660v1","2902740","2903026","GL873577","10149931","10150226","65","7247191"
"KQ054660v1","2904286","2904570","GL873526","16179508","16179789","54","13275222"
"KQ054660v1","2906179","2906478","GL873561","13826809","13827093","63","10920630"
"KQ054660v1","2918802","2918924","GL873608","2393809","2393932","23","524993"
"KQ054660v1","2921102","2921389","GL873645","5919426","5919713","58","2998324"
"KQ054660v1","2929440","2929497","GL873751","624757","624812","15","2304683"
"KQ054660v1","2954153","2954444","GL873616","7318626","7318922","62","4364473"
"KQ054660v1","2974720","2975015","GL873603","794609","794907","70","2180111"
"KQ054660v1","2977532","2977745","GL873522","21258404","21258617","49","18280872"
"KQ054660v1","2995462","2995769","GL873625","3330882","3331184","62","335420"
"KQ054660v1","2998231","2998532","GL873625","3330882","3331184","69","332651"
"KQ054660v1","3001250","3001550","GL873537","20108472","20108765","63","17107222"
"KQ054660v1","3006819","3006893","GL873522","33935514","33935588","12","30928695"
"KQ054660v1","3007486","3007783","GL873522","25958091","25958386","55","22950605"
"KQ054660v1","3009958","3010085","GL873568","3917870","3917996","31","907912"
"KQ054660v1","3011271","3011471","GL873660","4198779","4198982","45","1187508"
"KQ054660v1","3018102","3018400","GL873579","925847","926141","69","2092255"
"KQ054660v1","3022578","3022883","GL873557","2593590","2593897","77","428988"
"KQ054660v1","3037361","3037482","GL873529","13075335","13075459","25","10037974"
"KQ054660v1","3038625","3038822","GL873603","8540083","8540277","54","5501458"
"KQ054660v1","3042781","3043072","GL873520","38764685","38764975","63","35721904"
"KQ054660v1","3044127","3044323","GL873603","8540083","8540277","49","5495956"
"KQ054660v1","3055212","3055414","GL873611","1923705","1923913","49","1131507"
"KQ054660v1","3056125","3056421","GL873538","7382527","7382826","64","4326402"
"KQ054660v1","3057786","3058083","GL873583","11090835","11091146","73","8033049"
"KQ054660v1","3066061","3066366","GL873535","11877698","11878000","84","8811637"
"KQ054660v1","3066373","3066552","GL873520","22635186","22635354","54","19568813"
"KQ054660v1","3071206","3071468","GL873539","4345510","4345763","65","1274304"
"KQ054660v1","3072655","3072958","GL873529","15224931","15225225","74","12152276"
"KQ054660v1","3076031","3076343","GL873540","10857462","10857757","80","7781431"
"KQ054660v1","3081216","3081339","GL873574","2691599","2691723","19","389617"
"KQ054660v1","3083145","3083408","GL873570","5172076","5172338","59","2088931"
"KQ054660v1","3090980","3091198","GL873551","12131223","12131441","49","9040243"
"KQ054660v1","3111480","3111784","GL873530","28263781","28264089","59","25152301"
"KQ054660v1","3112956","3113236","GL873635","3120419","3120703","64","7463"
"KQ054660v1","3156973","3157277","GL873663","472158","472454","59","2684815"
"KQ054660v1","3191787","3192081","GL873544","12852108","12852394","59","9660321"
"KQ054660v1","3199133","3199430","GL873627","7189498","7189791","60","3990365"
"KQ054660v1","3219711","3220003","GL873666","866662","866956","65","2353049"
"KQ054660v1","3238187","3238478","GL873526","10776369","10776653","72","7538182"
"KQ054660v1","3247197","3247487","GL873524","42149014","42149308","60","38901817"
"KQ054660v1","3250524","3250849","GL873618","1121386","1121685","88","2129138"
"KQ054660v1","3251205","3251478","GL873520","47023487","47023758","65","43772282"
"KQ054660v1","3282337","3282635","GL873537","20108472","20108765","63","16826135"
"KQ054660v1","3290763","3291025","GL873635","5610201","5610461","75","2319438"
"KQ054660v1","3295828","3296125","GL873521","3466616","3466925","69","170788"
"KQ054660v1","3299111","3299407","GL873524","42149014","42149308","52","38849903"
"KQ054660v1","3320624","3320855","GL873558","10441192","10441443","63","7120568"
"KQ054660v1","3351668","3351956","GL873556","13272457","13272739","70","9920789"
"KQ054660v1","3365778","3366051","GL873547","7160581","7160854","69","3794803"
"KQ054660v1","3367555","3367827","GL873576","10874577","10874842","63","7507022"
"KQ054660v1","3375879","3376174","GL873530","16695374","16695671","53","13319495"
"KQ054660v1","3389817","3390045","GL873624","2883081","2883295","59","506736"
"KQ054660v1","3391844","3392035","GL873580","9883930","9884125","56","6492086"
"KQ054660v1","3398699","3398996","GL873813","700645","700940","64","2698054"
"KQ054660v1","3414944","3415210","GL873562","7434300","7434576","67","4019356"
"KQ054660v1","3416672","3416880","GL873595","5966599","5966798","58","2549927"
"KQ054660v1","3432223","3432422","GL873557","5125101","5125304","42","1692878"
"KQ054660v1","3442966","3443146","GL873805","948213","948404","42","2494753"
"KQ054660v1","3472129","3472368","GL873527","12296721","12296965","61","8824592"
"KQ054660v1","3484479","3484748","GL873564","2749548","2749812","77","734931"
"KQ054660v1","3485750","3486051","GL873530","23555027","23555331","60","20069277"
"KQ054660v1","3497421","3497703","GL873527","33994216","33994504","63","30496795"
"KQ054660v1","3506284","3506552","GL873550","8232452","8232737","73","4726168"
"KQ054660v1","3526427","3526718","GL873693","1667356","1667643","67","1859071"
"KQ054660v1","3534657","3534964","GL873608","4218070","4218374","80","683413"
"KQ054660v1","3570011","3570145","GL873537","22409869","22410000","24","18839858"
"KQ054660v1","3577950","3578284","GL873615","5162108","5162422","86","1584158"
"KQ054660v1","3599973","3600254","GL873544","12852108","12852394","70","9252135"
"KQ054660v1","3614785","3614918","GL873545","20031078","20031208","28","16416293"
"KQ054660v1","3615249","3615400","GL873593","5778646","5778786","41","2163397"
"KQ054660v1","3616051","3616350","GL873660","4839990","4840286","62","1223939"
"KQ054660v1","3622248","3622366","GL873629","3055754","3055875","25","566494"
"KQ054660v1","3633284","3633579","GL873738","1646790","1647070","62","1986494"
"KQ054660v1","3643564","3643829","GL873526","25295506","25295789","70","21651942"
"KQ054660v1","3653621","3653921","GL873529","16524419","16524713","64","12870798"
"KQ054660v1","3656803","3657115","GL873543","17361264","17361561","81","13704461"
"KQ054660v1","3680445","3680619","GL873536","13158560","13158734","33","9478115"
"KQ054660v1","3710388","3710680","GL873632","3524037","3524325","48","186351"
"KQ054660v1","3710684","3710813","GL873555","6899795","6899927","29","3189111"
"KQ054660v1","3723679","3723859","GL873556","10374250","10374429","42","6650571"
"KQ054660v1","3742947","3743250","GL873657","3029272","3029566","65","713675"
"KQ054660v1","3758207","3758485","GL873521","41037812","41038085","69","37279605"
"KQ054660v1","3760703","3760982","GL873752","219309","219580","60","3541394"
"KQ054660v1","3762618","3762828","GL873615","1939870","1940077","52","1822748"
"KQ054660v1","3766187","3766479","GL873532","29144513","29144792","68","25378326"
"KQ054660v1","3784297","3784459","GL873613","2811879","2812042","43","972418"
"KQ054660v1","3924578","3924888","GL873720","1268124","1268434","62","2656454"
"KQ054660v1","3955768","3956075","GL873537","20108472","20108765","84","16152704"
"KQ054660v1","3970099","3970394","GL873537","20108472","20108765","61","16138373"
"KQ054660v1","3986312","3986593","GL873731","837047","837332","63","3149265"
"KQ054660v1","4001354","4001546","GL873530","10355098","10355274","59","6353744"
"KQ054660v1","4015921","4016051","GL873532","3635169","3635284","41","380752"
"KQ054660v1","4042725","4042998","GL873533","17215781","17216040","74","13173056"
"KQ054660v1","4071889","4072104","GL873537","27256820","27257025","58","23184931"
"KQ054660v1","4073078","4073356","GL873563","1340706","1340977","69","2732372"
"KQ054660v1","4120634","4120900","GL873547","5839973","5840251","56","1719339"
"KQ054660v1","4165475","4165764","GL873599","3962151","3962437","58","203324"
"KQ054660v1","4170169","4170484","GL873686","3287349","3287664","75","882820"
"KQ054660v1","4175631","4175866","GL873540","548595","548812","61","3627036"
"KQ054660v1","4212448","4212710","GL873532","12767759","12768025","74","8555311"
"KQ054660v1","4234633","4234748","GL873633","6105258","6105370","17","1870625"
"KQ054660v1","4242108","4242320","GL873700","505955","506172","57","3736153"
"KQ054660v1","4281761","4282072","GL873565","12300518","12300811","68","8018757"
"KQ054660v1","4325747","4326058","GL873529","15762631","15762936","68","11436884"
"KQ054660v1","4340785","4341056","GL873627","6191787","6192069","69","1851002"
"KQ054660v1","4374516","4374816","GL873530","6899034","6899333","70","2524518"
"KQ054660v1","4375534","4375833","GL873538","3757160","3757448","66","618374"
"KQ054660v1","4398091","4398388","GL873661","2481073","2481368","60","1917018"
"KQ054660v1","4407400","4407704","GL873557","13215871","13216171","73","8808471"
"KQ054660v1","4409533","4409716","GL873530","27752066","27752252","42","23342533"
"KQ054660v1","4415593","4415876","GL873576","2384533","2384819","70","2031060"
"KQ054660v1","4426587","4426910","GL873545","20390330","20390642","75","15963743"
"KQ054660v1","4432777","4432982","GL873579","11042363","11042566","55","6609586"
"KQ054660v1","4455189","4455494","GL873577","6160312","6160616","73","1705123"
"KQ054660v1","4463957","4464266","GL873565","10241052","10241359","77","5777095"
"KQ054660v1","4488229","4488361","GL873537","28005568","28005699","31","23517339"
"KQ054660v1","4488830","4489123","GL873546","12679748","12680030","76","8190918"
"KQ054660v1","4494449","4494728","GL873520","16709587","16709864","67","12215138"
"KQ054660v1","4496376","4496675","GL873572","9034316","9034616","69","4537940"
"KQ054660v1","4501763","4502041","GL873533","17215781","17216040","77","12714018"
"KQ054660v1","4508700","4508986","GL873523","28417992","28418279","62","23909292"
"KQ054660v1","4569867","4570171","GL873537","21410001","21410301","59","16840134"
"KQ054660v1","4616359","4616618","GL873520","42967256","42967520","51","38350897"
"KQ054660v1","4676246","4676527","GL873787","1086709","1086988","71","3589537"
"KQ054660v1","4704637","4704931","GL873528","8480165","8480458","70","3775528"
"KQ054660v1","4751270","4751516","GL873553","8989980","8990229","59","4238710"
"KQ054660v1","4858763","4859038","GL873607","80579","80839","76","4778184"
"KQ054660v1","4896270","4896498","GL873660","1789047","1789274","53","3107223"
"KQ054660v1","4917749","4918037","GL873613","2533301","2533594","55","2384448"
"KQ054660v1","4948807","4948890","GL873583","8083267","8083350","11","3134460"
"KQ054660v1","4984500","4984632","GL873624","1572638","1572769","23","3411862"
"KQ054660v1","4985745","4986060","GL873521","49874189","49874492","72","44888444"
"KQ054660v1","5038291","5038560","GL873634","4318870","4319146","56","719421"
"KQ054660v1","5046193","5046295","GL873635","1855647","1855749","17","3190546"
"KQ054660v1","5110045","5110182","GL873530","8526192","8526322","42","3416147"
"KQ054660v1","5138473","5138760","GL873586","3828887","3829179","70","1309586"
"KQ054660v1","5153022","5153333","GL873537","20108472","20108765","71","14955450"
"KQ054660v1","5159280","5159527","GL873533","29114064","29114296","66","23954784"
"KQ054660v1","5239053","5239359","GL873602","6039670","6039963","73","800617"
"KQ054660v1","5325055","5325212","GL873527","15253383","15253540","40","9928328"
"KQ054660v1","5347996","5348274","GL873674","3713686","3713961","62","1634310"
"KQ054660v1","5450695","5450894","GL873550","14886379","14886570","54","9435684"
"KQ054660v1","5491660","5491743","GL873549","1886104","1886187","16","3605556"
"KQ054660v1","5544314","5544611","GL873520","28900538","28900833","61","23356224"
"KQ054667v1","472","733","GL873571","4376871","4377133","69","4376399"
"KQ054671v1","39770","40005","GL873529","8596265","8596494","49","8556495"
"KQ054671v1","105033","105258","GL873544","21041474","21041704","51","20936441"
"KQ054671v1","203870","203968","GL873623","7232366","7232466","20","7028496"
"KQ054671v1","232838","233132","GL873701","1489808","1490112","56","1256970"
"KQ054671v1","383469","383784","GL873520","46903199","46903512","75","46519730"
"KQ054671v1","506911","507187","GL873544","14031444","14031736","76","13524533"
"KQ054671v1","662757","663068","GL873800","9534","9840","66","653223"
"KQ054671v1","762080","762379","GL873586","6854900","6855180","69","6092820"
"KQ054671v1","809937","810035","GL873528","4514969","4515068","19","3705032"
"KQ054671v1","873476","873768","GL873525","29584254","29584538","62","28710778"
"KQ054671v1","881883","882164","GL873547","14329017","14329292","60","13447134"
"KQ054671v1","986226","986442","GL873566","13161077","13161300","55","12174851"
"KQ054671v1","1025872","1026022","GL873524","46293459","46293605","48","45267587"
"KQ054671v1","1147542","1147698","GL873548","15426227","15426376","31","14278685"
"KQ054671v1","1163117","1163405","GL873606","6177600","6177887","73","5014483"
"KQ054671v1","1523441","1523744","GL873599","4643211","4643494","85","3119770"
"KQ054671v1","1551445","1551752","GL873561","923317","923608","67","628128"
"KQ054671v1","1558478","1558771","GL873594","7383052","7383345","48","5824574"
"KQ054671v1","1565170","1565467","GL873582","8361720","8362020","64","6796550"
"KQ054671v1","1609081","1609245","GL873539","25597993","25598144","44","23988912"
"KQ054671v1","1615127","1615436","GL873526","6040171","6040479","63","4425044"
"KQ054671v1","1624420","1624722","GL873522","26487461","26487763","73","24863041"
"KQ054671v1","1633398","1633602","GL873710","1188137","1188321","60","445261"
"KQ054671v1","1647763","1647892","GL873530","8526192","8526322","31","6878429"
"KQ054671v1","1653163","1653411","GL873538","3945653","3945898","63","2292490"
"KQ054671v1","1663110","1663310","GL873627","2001982","2002169","53","338872"
"KQ054671v1","1670033","1670346","GL873546","13542628","13542944","69","11872595"
"KQ054671v1","1686135","1686251","GL873523","4633597","4633712","20","2947462"
"KQ054671v1","1696800","1697106","GL873540","19559628","19559929","81","17862828"
"KQ054671v1","1740712","1740985","GL873558","12747541","12747811","66","11006829"
"KQ054671v1","1851600","1851850","GL873520","19573814","19574073","60","17722214"
"KQ054671v1","1870096","1870400","GL873584","7490476","7490769","66","5620380"
"KQ054671v1","1886164","1886439","GL873542","19678255","19678529","69","17792091"
"KQ054671v1","1933567","1933875","GL873588","6897685","6897994","65","4964118"
"KQ054671v1","1940742","1941012","GL873563","3947486","3947752","63","2006744"
"KQ054671v1","2108550","2108735","GL873571","288114","288301","50","1820436"
"KQ054671v1","2202120","2202401","GL873526","25289078","25289366","57","23086958"
"KQ054671v1","2440875","2441055","GL873621","7007241","7007413","61","4566366"
"KQ054673v1","6284","6466","GL873520","62895587","62895754","52","62889303"
"KQ054674v1","1335","1476","GL873598","5890746","5890881","34","5889411"
"KQ054682v1","40996","41286","GL873800","736311","736599","55","695315"
"KQ054682v1","258133","258447","GL873526","8319288","8319600","91","8061155"
"KQ054682v1","283494","283757","GL873543","2119744","2120014","73","1836250"
"KQ054682v1","456194","456313","GL873671","178417","178533","20","277777"
"KQ054682v1","525417","525632","GL873565","12910299","12910511","55","12384882"
"KQ054682v1","561392","561611","GL873541","19592367","19592573","55","19030975"
"KQ054682v1","575507","575640","GL873548","18022605","18022737","24","17447098"
"KQ054682v1","602774","603057","GL873540","20979097","20979374","63","20376323"
"KQ054682v1","610369","610666","GL873561","9330005","9330309","62","8719636"
"KQ054682v1","638052","638195","GL873533","27639567","27639703","30","27001515"
"KQ054682v1","638527","638672","GL873678","205275","205418","39","433252"
"KQ054682v1","641762","642065","GL873529","16865259","16865563","77","16223497"
"KQ054682v1","672374","672661","GL873577","7973285","7973566","64","7300911"
"KQ054682v1","673177","673455","GL873700","423134","423410","66","250043"
"KQ054682v1","678006","678077","GL873605","5710904","5710973","14","5032898"
"KQ054682v1","699378","699593","GL873615","1939870","1940077","51","1240492"
"KQ054682v1","699928","699948","GL873675","179501","179519","5","520427"
"KQ054682v1","705727","705994","GL873623","1894661","1894923","65","1188934"
"KQ054682v1","745199","745494","GL873804","915164","915458","71","169965"
"KQ054682v1","751306","751449","GL873581","9649621","9649756","41","8898315"
"KQ054682v1","751772","751943","GL873528","1120859","1121019","41","369087"
"KQ054682v1","796324","796509","GL873533","14999816","15000000","46","14203492"
"KQ054682v1","797395","797701","GL873523","28431022","28431322","77","27633627"
"KQ054682v1","799986","800218","GL873626","7218334","7218568","70","6418348"
"KQ054682v1","828534","828834","GL873561","9330005","9330309","73","8501471"
"KQ054682v1","831513","831812","GL873577","10149931","10150226","72","9318418"
"KQ054682v1","867740","867818","GL873608","4310853","4310928","20","3443113"
"KQ054682v1","873106","873373","GL873631","3418644","3418900","72","2545538"
"KQ054682v1","885946","886226","GL873549","15132343","15132615","72","14246397"
"KQ054682v1","897213","897445","GL873550","14276675","14276916","54","13379462"
"KQ054682v1","898589","898722","GL873646","3620254","3620385","32","2721665"
"KQ054682v1","898915","899122","GL873706","2930781","2930977","53","2031866"
"KQ054682v1","912677","912952","GL873542","8893116","8893396","61","7980439"
"KQ054682v1","974295","974576","GL873543","2119744","2120014","66","1145449"
"KQ054682v1","985215","985509","GL873521","7675245","7675546","62","6690030"
"KQ054682v1","993581","993864","GL873525","39330773","39331048","71","38337192"
"KQ054682v1","1004841","1004990","GL873554","2988030","2988175","36","1983189"
"KQ054682v1","1026224","1026305","GL873540","16695778","16695861","12","15669554"
"KQ054682v1","1040809","1040938","GL873589","9711001","9711130","22","8670192"
"KQ054682v1","1078269","1078558","GL873544","12852108","12852394","48","11773839"
"KQ054682v1","1082960","1083084","GL873566","3029821","3029944","25","1946861"
"KQ054682v1","1115141","1115427","GL873520","38124828","38125119","61","37009687"
"KQ054682v1","1118985","1119267","GL873634","2627489","2627772","63","1508504"
"KQ054682v1","1175478","1175768","GL873754","1754489","1754787","65","579011"
"KQ054682v1","1217927","1218221","GL873572","369837","370131","60","848090"
"KQ054682v1","1249270","1249561","GL873544","19407392","19407690","75","18158122"
"KQ054682v1","1292422","1292610","GL873544","20997590","20997773","43","19705168"
"KQ054682v1","1300660","1300924","GL873608","1769381","1769651","56","468721"
"KQ054682v1","1311697","1311952","GL873525","39406047","39406306","73","38094350"
"KQ054682v1","1336671","1336809","GL873520","24084579","24084710","27","22747908"
"KQ054682v1","1363997","1364281","GL873544","12852108","12852394","58","11488111"
"KQ054682v1","1389437","1389734","GL873586","3828887","3829179","72","2439450"
"KQ054682v1","1405880","1406177","GL873596","3562116","3562414","78","2156236"
"KQ054682v1","1412559","1412820","GL873543","12275678","12275949","61","10863119"
"KQ054682v1","1440729","1441020","GL873645","1598419","1598714","66","157690"
"KQ054682v1","1471081","1471354","GL873563","9713700","9713970","55","8242619"
"KQ054682v1","1475804","1476057","GL873529","21605985","21606244","55","20130181"
"KQ054682v1","1489868","1490177","GL873720","1268124","1268434","60","221744"
"KQ054682v1","1564273","1564391","GL873600","2997737","2997854","24","1433464"
"KQ054682v1","1581071","1581364","GL873533","30536772","30537060","66","28955701"
"KQ054682v1","1606066","1606362","GL873744","1778020","1778326","62","171954"
"KQ054682v1","1652806","1653092","GL873544","12852108","12852394","45","11199302"
"KQ054682v1","1665882","1666149","GL873540","20714394","20714639","62","19048512"
"KQ054682v1","1721429","1721728","GL873586","3828887","3829179","68","2107458"
"KQ054682v1","1735570","1735785","GL873526","40957560","40957777","51","39221990"
"KQ054682v1","1794193","1794364","GL873582","5356178","5356344","42","3561985"
"KQ054682v1","1828649","1828865","GL873642","2153723","2153945","53","325074"
"KQ054682v1","1866851","1867146","GL873529","9421454","9421749","60","7554603"
"KQ054682v1","1933639","1933950","GL873729","432103","432405","67","1501536"
"KQ054682v1","2000266","2000443","GL873524","1211458","1211633","56","788808"
"KQ054682v1","2011434","2011734","GL873566","5637451","5637747","60","3626017"
"KQ054682v1","2012399","2012706","GL873523","28431022","28431322","74","26418623"
"KQ054682v1","2023962","2024240","GL873664","3998145","3998433","60","1974183"
"KQ054682v1","2042396","2042693","GL873530","25555061","25555354","61","23512665"
"KQ054682v1","2052598","2052857","GL873593","6901369","6901632","96","4848771"
"KQ054682v1","2053489","2053754","GL873693","3290790","3291068","79","1237301"
"KQ054682v1","2058836","2059101","GL873671","3124715","3124996","83","1065879"
"KQ054682v1","2073020","2073201","GL873537","4415180","4415349","58","2342160"
"KQ054682v1","2088751","2089039","GL873800","736311","736599","66","1352440"
"KQ054682v1","2089334","2089629","GL873537","20108472","20108765","53","18019138"
"KQ054682v1","2096527","2096827","GL873550","14394116","14394397","93","12297589"
"KQ054682v1","2099856","2100153","GL873533","23793613","23793905","57","21693757"
"KQ054682v1","2109176","2109460","GL873599","3962151","3962437","73","1852975"
"KQ054682v1","2119021","2119342","GL873615","5162108","5162422","77","3043087"
"KQ054682v1","2120031","2120208","GL873548","16420712","16420892","43","14300681"
"KQ054682v1","2136313","2136587","GL873522","4222168","4222461","77","2085855"
"KQ054682v1","2151700","2152005","GL873543","13066854","13067149","67","10915154"
"KQ054682v1","2153373","2153620","GL873552","9534789","9535042","71","7381416"
"KQ054682v1","2173082","2173364","GL873544","12852108","12852394","55","10679026"
"KQ054682v1","2174616","2174874","GL873529","14871676","14871931","60","12697060"
"KQ054682v1","2180514","2180642","GL873523","18559675","18559796","32","16379161"
"KQ054682v1","2180979","2181121","GL873606","5096231","5096360","34","2915252"
"KQ054682v1","2207898","2208186","GL873539","25859408","25859692","82","23651510"
"KQ054682v1","2210873","2211156","GL873624","2308457","2308738","61","97584"
"KQ054682v1","2227241","2227539","GL873537","23325667","23325965","65","21098426"
"KQ054682v1","2240517","2240778","GL873646","1295984","1296254","81","944533"
"KQ054682v1","2254577","2254862","GL873646","355001","355274","79","1899576"
"KQ054682v1","2262900","2263191","GL873520","16709587","16709864","73","14446687"
"KQ054682v1","2273451","2273742","GL873579","260762","261037","69","2012689"
"KQ054682v1","2301823","2302102","GL873606","3173877","3174161","61","872054"
"KQ054682v1","2303662","2303968","GL873563","5489805","5490109","57","3186143"
"KQ054682v1","2334084","2334369","GL873549","10614853","10615138","61","8280769"
"KQ054682v1","2335236","2335533","GL873537","20108472","20108765","63","17773236"
"KQ054682v1","2339137","2339439","GL873566","9008836","9009136","59","6669699"
"KQ054682v1","2347130","2347252","GL873637","3392350","3392471","22","1045220"
"KQ054682v1","2349512","2349658","GL873742","920550","920698","39","1428962"
"KQ054682v1","2354211","2354356","GL873523","26063564","26063709","40","23709353"
"KQ054682v1","2361362","2361653","GL873531","29723463","29723734","72","27362101"
"KQ054682v1","2377630","2377909","GL873531","29723463","29723734","70","27345833"
"KQ054682v1","2401354","2401629","GL873667","3712894","3713183","69","1311540"
"KQ054682v1","2414967","2415262","GL873548","17482771","17483070","64","15067804"
"KQ054682v1","2436632","2436899","GL873561","4790568","4790824","65","2353936"
"KQ054682v1","2446022","2446327","GL873522","4222168","4222461","52","1776146"
"KQ054682v1","2461722","2461995","GL873550","9436456","9436728","63","6974734"
"KQ054682v1","2465708","2465787","GL873666","4447958","4448035","27","1982250"
"KQ054682v1","2466127","2466160","GL873528","30715318","30715352","7","28249191"
"KQ054682v1","2480840","2481113","GL873547","14329017","14329292","68","11848177"
"KQ054682v1","2485582","2485879","GL873547","12030162","12030439","75","9544580"
"KQ054682v1","2501843","2502122","GL873678","229130","229409","66","2272713"
"KQ054682v1","2512665","2512947","GL873584","10677614","10677897","56","8164949"
"KQ054682v1","2518133","2518421","GL873526","25295506","25295789","59","22777373"
"KQ054682v1","2519595","2519710","GL873525","12053111","12053224","22","9533516"
"KQ054682v1","2521471","2521757","GL873561","923317","923608","62","1598154"
"KQ054682v1","2540656","2540947","GL873608","5261767","5262063","63","2721111"
"KQ054682v1","2543506","2543802","GL873537","20108472","20108765","57","17564966"
"KQ054682v1","2546839","2547129","GL873531","25381659","25381942","72","22834820"
"KQ054682v1","2564993","2565300","GL873544","14292856","14293148","80","11727863"
"KQ054682v1","2567453","2567760","GL873526","20255818","20256125","67","17688365"
"KQ054682v1","2578937","2579235","GL873532","21611611","21611905","60","19032674"
"KQ054682v1","2593278","2593524","GL873678","628908","629161","58","1964370"
"KQ054682v1","2602762","2603050","GL873520","38124828","38125119","53","35522066"
"KQ054682v1","2615967","2616257","GL873570","9602339","9602637","56","6986372"
"KQ054682v1","2620003","2620250","GL873540","20714394","20714639","52","18094391"
"KQ054682v1","2621632","2621908","GL873756","614701","614974","60","2006931"
"KQ054682v1","2738848","2739146","GL873544","20315778","20316071","63","17576930"
"KQ054682v1","2784801","2785077","GL873543","2119744","2120014","58","665057"
"KQ054682v1","2897352","2897656","GL873530","16287364","16287660","74","13390012"
"KQ054682v1","2962973","2963275","GL873530","28263781","28264089","60","25300808"
"KQ054682v1","3133281","3133599","GL873543","14025064","14025366","70","10891783"
"KQ054682v1","3367251","3367531","GL873542","6324574","6324861","68","2957323"
"KQ054682v1","3521677","3521976","GL873545","20254912","20255212","58","16733235"
"KQ054693v1","54432","54716","GL873537","12959422","12959706","65","12904990"
"KQ054693v1","58614","58920","GL873589","8355256","8355553","91","8296642"
"KQ054693v1","131448","131720","GL873521","49932180","49932439","66","49800732"
"KQ054693v1","135785","136108","GL873554","14135483","14135790","83","13999698"
"KQ054693v1","146416","146682","GL873520","42967256","42967520","58","42820840"
"KQ054693v1","148909","149193","GL873646","355001","355274","81","206092"
"KQ054693v1","163585","163868","GL873520","25679088","25679380","64","25515503"
"KQ054693v1","166180","166406","GL873533","23680427","23680639","55","23514247"
"KQ054693v1","167097","167379","GL873520","39908180","39908461","71","39741083"
"KQ054693v1","171049","171341","GL873632","5787814","5788105","58","5616765"
"KQ054693v1","176605","176860","GL873558","5329000","5329249","54","5152395"
"KQ054693v1","196194","196440","GL873570","6661358","6661610","67","6465164"
"KQ054693v1","201556","201836","GL873545","1994498","1994781","67","1792942"
"KQ054693v1","215601","215889","GL873559","7923067","7923350","71","7707466"
"KQ054693v1","224373","224671","GL873532","1534117","1534406","74","1309744"
"KQ054693v1","261545","261843","GL873659","5088348","5088650","59","4826803"
"KQ054693v1","266851","267152","GL873561","9330005","9330309","63","9063154"
"KQ054693v1","269291","269580","GL873549","7423907","7424189","61","7154616"
"KQ054693v1","286143","286429","GL873521","25393132","25393414","69","25106989"
"KQ054693v1","306760","307002","GL873526","4830085","4830323","55","4523325"
"KQ054693v1","341482","341795","GL873586","6643146","6643447","65","6301664"
"KQ054693v1","370723","370835","GL873550","5693122","5693228","26","5322399"
"KQ054693v1","379438","379691","GL873560","8931049","8931288","66","8551611"
"KQ054693v1","403443","403746","GL873544","13109134","13109442","60","12705691"
"KQ054693v1","413826","414029","GL873671","3363420","3363583","66","2949594"
"KQ054693v1","438930","439234","GL873563","5489805","5490109","61","5050875"
"KQ054693v1","464330","464620","GL873575","2687372","2687665","69","2223042"
"KQ054693v1","552025","552335","GL873568","4562469","4562774","73","4010444"
"KQ054693v1","574671","574979","GL873656","4223738","4224049","58","3649067"
"KQ054693v1","599588","599872","GL873584","9974747","9975033","82","9375159"
"KQ054693v1","600116","600396","GL873537","5174830","5175101","65","4574714"
"KQ054693v1","617213","617512","GL873561","14239631","14239928","71","13622418"
"KQ054693v1","619265","619476","GL873627","2001982","2002169","56","1382717"
"KQ054693v1","673875","673985","GL873659","1219404","1219517","22","545529"
"KQ054693v1","675397","675528","GL873523","44353338","44353464","38","43677941"
"KQ054693v1","719765","720038","GL873636","1005445","1005704","67","285680"
"KQ054693v1","761965","762089","GL873628","1876330","1876452","19","1114365"
"KQ054693v1","768962","769250","GL873544","12852108","12852394","52","12083146"
"KQ054693v1","773724","773882","GL873592","9528815","9528965","50","8755091"
"KQ054693v1","784097","784407","GL873551","10987258","10987553","70","10203161"
"KQ054693v1","787319","787580","GL873707","1044780","1045049","60","257461"
"KQ054693v1","802065","802372","GL873570","11394548","11394837","73","10592483"
"KQ054693v1","851257","851561","GL873520","48675796","48676094","60","47824539"
"KQ054693v1","1058783","1058983","GL873613","7754693","7754892","51","6695910"
"KQ054693v1","1066957","1067228","GL873562","1255795","1256066","70","188838"
"KQ054693v1","1093665","1093782","GL873525","27316778","27316892","19","26223113"
"KQ054693v1","1096607","1096857","GL873571","6475063","6475319","64","5378456"
"KQ054693v1","1096905","1097122","GL873529","29033639","29033862","52","27936734"
"KQ054693v1","1117404","1117700","GL873606","5355796","5356059","77","4238392"
"KQ054693v1","1190894","1191181","GL873537","20108472","20108765","55","18917578"
"KQ054693v1","1219916","1220201","GL873800","736311","736599","54","483605"
"KQ054693v1","1236772","1236932","GL873548","14055047","14055215","40","12818275"
"KQ054693v1","1252086","1252210","GL873585","7505656","7505778","20","6253570"
"KQ054693v1","1252312","1252598","GL873543","2904962","2905248","72","1652650"
"KQ054693v1","1253832","1254106","GL873543","902938","903212","61","350894"
"KQ054693v1","1273029","1273320","GL873671","3124715","3124996","76","1851686"
"KQ054693v1","1294295","1294578","GL873573","3786511","3786793","63","2492216"
"KQ054693v1","1294984","1295258","GL873573","3786511","3786793","60","2491527"
"KQ054693v1","1302676","1302947","GL873593","480828","481113","68","821848"
"KQ054693v1","1328379","1328598","GL873627","4281284","4281483","64","2952905"
"KQ054693v1","1393563","1393846","GL873664","4813585","4813876","77","3420022"
"KQ054693v1","1396436","1396727","GL873524","42149014","42149308","58","40752578"
"KQ054693v1","1405116","1405374","GL873596","1691698","1691967","59","286582"
"KQ054693v1","1411658","1411936","GL873556","10525503","10525777","55","9113845"
"KQ054693v1","1424079","1424392","GL873530","28263781","28264089","75","26839702"
"KQ054693v1","1442753","1443058","GL873533","25255552","25255858","71","23812799"
"KQ054693v1","1445366","1445667","GL873607","8232308","8232601","69","6786942"
"KQ054693v1","1504223","1504515","GL873646","5530496","5530792","68","4026273"
"KQ054693v1","1508136","1508419","GL873563","2659773","2660053","69","1151637"
"KQ054693v1","1510244","1510308","GL873556","5494051","5494111","18","3983807"
"KQ054693v1","1513948","1514254","GL873522","25185925","25186218","63","23671977"
"KQ054693v1","1560446","1560633","GL873530","27752066","27752252","42","26191620"
"KQ054693v1","1646512","1646792","GL873566","13761724","13761999","70","12115212"
"KQ054693v1","1692344","1692624","GL873526","21819455","21819728","56","20127111"
"KQ054693v1","1697778","1697904","GL873569","9869029","9869171","41","8171251"
"KQ054693v1","1705437","1705743","GL873533","25255552","25255858","65","23550115"
"KQ054693v1","1746771","1747058","GL873752","219309","219580","69","1527462"
"KQ054693v1","1747219","1747499","GL873529","19879094","19879383","69","18131875"
"KQ054693v1","1749911","1750212","GL873675","3360090","3360385","54","1610179"
"KQ054693v1","1750895","1751211","GL873523","28431022","28431322","73","26680127"
"KQ054693v1","1752691","1752990","GL873563","5489805","5490109","59","3737114"
"KQ054693v1","1799372","1799640","GL873646","4018341","4018580","80","2218969"
"KQ054693v1","1818638","1818810","GL873744","1833920","1834073","45","15282"
"KQ054693v1","1884277","1884566","GL873546","16423062","16423344","65","14538785"
"KQ054693v1","1894704","1894968","GL873630","4060255","4060519","71","2165551"
"KQ054693v1","1902913","1903246","GL873723","1572570","1572872","107","330343"
"KQ054693v1","1917952","1918108","GL873733","1527424","1527580","38","390528"
"KQ054693v1","1918158","1918272","GL873542","1259218","1259335","21","658940"
"KQ054693v1","1918306","1918570","GL873571","6475063","6475319","57","4556757"
"KQ054693v1","1923638","1923947","GL873577","10149931","10150226","83","8226293"
"KQ054693v1","1926691","1926970","GL873569","10006129","10006398","62","8079438"
"KQ054693v1","1929081","1929279","GL873523","24005577","24005782","48","22076496"
"KQ054693v1","1934552","1934831","GL873547","17720932","17721199","76","15786380"
"KQ054693v1","1954151","1954344","GL873520","72463873","72464057","64","70509722"
"KQ054693v1","1956320","1956604","GL873733","1761226","1761509","75","195094"
"KQ054693v1","1977795","1978056","GL873548","15230226","15230477","68","13252431"
"KQ054693v1","2019217","2019508","GL873614","2813833","2814128","59","794616"
"KQ054693v1","2029538","2029842","GL873527","11533238","11533536","67","9503700"
"KQ054693v1","2081447","2081741","GL873542","7302503","7302792","72","5221056"
"KQ054693v1","2108249","2108544","GL873538","6925462","6925764","72","4817213"
"KQ054693v1","2115084","2115295","GL873752","1264588","1264795","51","850496"
"KQ054693v1","2132130","2132446","GL873529","17654556","17654858","66","15522426"
"KQ054693v1","2134593","2134651","GL873541","6014297","6014351","19","3879704"
"KQ054693v1","2145147","2145440","GL873526","8284727","8285011","68","6139580"
"KQ054693v1","2175142","2175432","GL873579","984876","985165","55","1190266"
"KQ054693v1","2191614","2191810","GL873595","5966599","5966798","43","3774985"
"KQ054693v1","2316268","2316555","GL873646","999713","1000000","55","1316555"
"KQ054693v1","2352440","2352744","GL873524","42149014","42149308","55","39796574"
"KQ054693v1","2375760","2376036","GL873538","1584722","1584989","59","791038"
"KQ054693v1","2378342","2378613","GL873532","12550644","12550935","59","10172302"
"KQ054693v1","2389930","2390105","GL873612","1890574","1890750","43","499356"
"KQ054693v1","2393221","2393416","GL873524","19065990","19066189","47","16672769"
"KQ054693v1","2404467","2404659","GL873595","5966599","5966798","53","3562132"
"KQ054693v1","2404946","2405052","GL873624","4615303","4615409","17","2210357"
"KQ054693v1","2452640","2452953","GL873522","4222168","4222461","66","1769528"
"KQ054693v1","2463632","2463750","GL873567","11733059","11733176","25","9269427"
"KQ054693v1","2517331","2517619","GL873528","4452981","4453269","54","1935650"
"KQ054693v1","2518890","2519106","GL873529","14559599","14559814","60","12040709"
"KQ054693v1","2525983","2526271","GL873713","1410072","1410351","63","1115911"
"KQ054693v1","2526307","2526606","GL873546","859614","859905","67","1666693"
"KQ054693v1","2533298","2533536","GL873670","1074264","1074510","69","1459034"
"KQ054693v1","2533865","2533932","GL873595","7326910","7326976","18","4793045"
"KQ054693v1","2543881","2543936","GL873646","1814034","1814088","17","729847"
"KQ054693v1","2543938","2544076","GL873589","9755988","9756114","50","7212050"
"KQ054693v1","2551044","2551270","GL873566","13161077","13161300","61","10610033"
"KQ054693v1","2551272","2551556","GL873545","14418067","14418352","73","11866795"
"KQ054693v1","2555189","2555466","GL873586","8120080","8120363","58","5564891"
"KQ054693v1","2562606","2562741","GL873523","27071467","27071604","34","24508861"
"KQ054693v1","2563891","2563961","GL873520","16599339","16599405","16","14035448"
"KQ054693v1","2565548","2565824","GL873527","10019507","10019790","70","7453959"
"KQ054693v1","2595548","2595817","GL873820","633684","633955","68","1961864"
"KQ054693v1","2641257","2641539","GL873570","436274","436547","65","2204983"
"KQ054693v1","2652814","2653118","GL873535","19117269","19117567","66","16464455"
"KQ054693v1","2654277","2654512","GL873554","16577687","16577901","56","13923410"
"KQ054693v1","2654513","2654627","GL873551","10947561","10947669","37","8293048"
"KQ054693v1","2668465","2668679","GL873566","13161077","13161300","42","10492612"
"KQ054693v1","2675000","2675241","GL873646","36455","36688","69","2638545"
"KQ054693v1","2675574","2675674","GL873708","2782274","2782369","21","106700"
"KQ054693v1","2717510","2717807","GL873667","538898","539194","69","2178612"
"KQ054693v1","2718136","2718456","GL873720","1268124","1268434","76","1450012"
"KQ054693v1","2779081","2779338","GL873558","12875551","12875803","67","10096470"
"KQ054693v1","2798410","2798681","GL873754","1757683","1757947","71","1040727"
"KQ054693v1","2819759","2820058","GL873521","4537344","4537658","80","1717585"
"KQ054693v1","2965498","2965814","GL873572","9034316","9034616","73","6068818"
"KQ054693v1","2977737","2977875","GL873620","532932","533061","28","2444805"
"KQ054693v1","3021951","3022204","GL873529","1741772","1742006","50","1280179"
"KQ054693v1","3049535","3049799","GL873526","7380015","7380272","65","4330480"
"KQ054693v1","3090065","3090364","GL873623","426678","426976","65","2663387"
"KQ054693v1","3221057","3221360","GL873561","9330005","9330309","64","6108948"
"KQ054693v1","3227628","3227928","GL873557","13215871","13216171","65","9988243"
"KQ054693v1","3239990","3240271","GL873527","12198685","12198961","75","8958695"
"KQ054693v1","3257381","3257681","GL873530","17375868","17376165","60","14118487"
"KQ054693v1","3282639","3282915","GL873691","110017","110295","57","3172622"
"KQ054693v1","3302501","3302800","GL873531","27860265","27860563","58","24557764"
"KQ054693v1","3306885","3307178","GL873520","38236690","38236980","68","34929805"
"KQ054693v1","3352402","3352672","GL873543","13628351","13628611","63","10275949"
"KQ054693v1","3424033","3424164","GL873544","11860634","11860766","23","8436601"
"KQ054693v1","3430109","3430392","GL873523","35749330","35749615","59","32319221"
"KQ054693v1","3432902","3433208","GL873659","4726226","4726525","61","1293324"
"KQ054693v1","3449221","3449496","GL873601","7074690","7074961","64","3625469"
"KQ054693v1","3484579","3484835","GL873564","5092960","5093208","68","1608381"
"KQ054693v1","3622265","3622573","GL873661","1884549","1884860","62","1737716"
"KQ054693v1","3658278","3658563","GL873547","14329017","14329292","55","10670739"
"KQ054693v1","3662691","3662915","GL873535","21787902","21788124","54","18125211"
"KQ054693v1","3670335","3670469","GL873537","6930739","6930868","25","3260404"
"KQ054693v1","3670796","3670959","GL873574","4453635","4453791","36","782839"
"KQ054693v1","3691341","3691653","GL873544","13109134","13109442","72","9417793"
"KQ054693v1","3709071","3709281","GL873611","3356207","3356402","58","352864"
"KQ054693v1","3720777","3721046","GL873674","3713686","3713961","55","7091"
"KQ054693v1","3721374","3721453","GL873529","9551574","9551646","18","5830200"
"KQ054693v1","3721781","3722018","GL873526","11284012","11284238","61","7562231"
"KQ054693v1","3745709","3745991","GL873538","2102031","2102304","57","1643678"
"KQ054693v1","3754256","3754427","GL873577","10526327","10526498","37","6772071"
"KQ054693v1","3757701","3757999","GL873737","1691288","1691582","62","2066413"
"KQ054693v1","3763604","3763884","GL873537","4493662","4493936","65","730058"
"KQ054693v1","3765183","3765467","GL873544","12852108","12852394","48","9086925"
"KQ054693v1","3775125","3775436","GL873625","3330882","3331184","60","444243"
"KQ054693v1","3775442","3775572","GL873531","27435012","27435141","26","23659570"
"KQ054693v1","3784274","3784586","GL873552","9485985","9486288","70","5701711"
"KQ054693v1","3787600","3787903","GL873558","11845040","11845343","60","8057440"
"KQ054693v1","3824903","3825203","GL873608","5261767","5262063","66","1436864"
"KQ054693v1","3890014","3890331","GL873596","3562116","3562414","70","327898"
"KQ054693v1","3904118","3904403","GL873646","1073675","1073956","57","2830443"
"KQ054693v1","3910987","3911291","GL873565","12300518","12300811","60","8389531"
"KQ054693v1","3928204","3928513","GL873575","2687372","2687665","79","1240832"
"KQ054693v1","3954143","3954429","GL873536","27318293","27318570","64","23364150"
"KQ054693v1","3969958","3970145","GL873572","6338251","6338430","43","2368293"
"KQ054693v1","3981034","3981332","GL873635","3120419","3120703","66","860615"
"KQ054693v1","4046637","4046925","GL873574","8855062","8855350","57","4808425"
"KQ054693v1","4064752","4065059","GL873587","4881987","4882277","77","817235"
"KQ054693v1","4090856","4091150","GL873554","1893191","1893471","72","2197665"
"KQ054693v1","4149579","4149894","GL873631","4361857","4362155","70","212278"
"KQ054697v1","44198","44521","GL873609","7137543","7137854","77","7093345"
"KQ054697v1","56459","56757","GL873575","2687372","2687665","66","2630913"
"KQ054697v1","121154","121473","GL873535","11877698","11878000","71","11756544"
"KQ054697v1","162018","162246","GL873585","3230058","3230284","51","3068040"
"KQ054697v1","165948","166177","GL873585","3230058","3230284","55","3064110"
"KQ054697v1","199459","199747","GL873602","4468358","4468638","55","4268899"
"KQ054698v1","3212","3289","GL873538","17481108","17481179","25","17477896"
"KQ054700v1","5419","5638","GL873538","17630112","17630323","62","17624693"
"KQ054701v1","9021","9319","GL873577","10149931","10150226","68","10140910"
"KQ054703v1","761","998","GL873602","8582913","8583144","59","8582152"
"KQ054704v1","93331","93599","GL873568","7124227","7124485","63","7030896"
"KQ054704v1","187490","187715","GL873579","11042363","11042566","58","10854873"
"KQ054704v1","212568","212864","GL873584","467424","467715","59","254856"
"KQ054704v1","229973","230278","GL873581","10921944","10922250","74","10691971"
"KQ054704v1","243818","244023","GL873625","5640863","5641072","46","5397045"
"KQ054704v1","248149","248303","GL873522","3856634","3856803","49","3608485"
"KQ054704v1","279117","279401","GL873561","13826809","13827093","59","13547692"
"KQ054704v1","282890","283069","GL873525","30224029","30224213","58","29941139"
"KQ054704v1","287325","287582","GL873539","16485127","16485379","65","16197802"
"KQ054704v1","296101","296342","GL873525","32871050","32871289","71","32574949"
"KQ054704v1","301514","301669","GL873586","654931","655057","52","353417"
"KQ054704v1","312199","312357","GL873548","9199902","9200060","50","8887703"
"KQ054704v1","317731","317891","GL873548","9199902","9200060","53","8882171"
"KQ054704v1","324628","324904","GL873538","7504355","7504618","83","7179727"
"KQ054704v1","330957","331077","GL873521","4012280","4012392","36","3681323"
"KQ054704v1","331529","331802","GL873571","11119451","11119729","62","10787922"
"KQ054704v1","353280","353475","GL873545","20415656","20415850","50","20062376"
"KQ054704v1","355308","355400","GL873635","6028134","6028211","29","5672826"
"KQ054704v1","356057","356216","GL873588","6494047","6494189","43","6137990"
"KQ054704v1","361756","361952","GL873545","20415656","20415850","52","20053900"
"KQ054704v1","369109","369261","GL873525","25890256","25890427","42","25521147"
"KQ054704v1","373118","373390","GL873520","8214484","8214752","66","7841366"
"KQ054704v1","386862","387162","GL873594","5625542","5625839","80","5238680"
"KQ054704v1","401554","401873","GL873582","1116186","1116495","77","714632"
"KQ054704v1","418708","419001","GL873568","3446359","3446664","68","3027651"
"KQ054704v1","421970","422132","GL873534","14551683","14551840","35","14129713"
"KQ054704v1","426447","426699","GL873575","5197979","5198216","61","4771532"
"KQ054704v1","426924","426944","GL873628","4177792","4177815","3","3750868"
"KQ054704v1","426996","427268","GL873570","9393261","9393537","54","8966265"
"KQ054704v1","443151","443456","GL873537","20108472","20108765","57","19665321"
"KQ054704v1","453868","454183","GL873592","7775568","7775869","81","7321700"
"KQ054704v1","459423","459716","GL873580","8729115","8729409","68","8269692"
"KQ054704v1","475331","475558","GL873605","2289313","2289533","54","1813982"
"KQ054704v1","495046","495327","GL873521","25393132","25393414","75","24898086"
"KQ054704v1","512836","513062","GL873634","6505141","6505340","63","5992305"
"KQ054704v1","534017","534308","GL873520","63340476","63340769","52","62806459"
"KQ054704v1","543334","543640","GL873720","1268124","1268434","72","724790"
"KQ054704v1","548016","548084","GL873543","986166","986235","21","438150"
"KQ054704v1","564877","565178","GL873530","17375868","17376165","69","16810991"
"KQ054704v1","567022","567208","GL873530","27752066","27752252","48","27185044"
"KQ054704v1","574570","574856","GL873538","7382527","7382826","78","6807957"
"KQ054704v1","584145","584428","GL873612","273209","273490","53","310936"
"KQ054704v1","585794","586084","GL873544","12852108","12852394","56","12266314"
"KQ054704v1","586268","586533","GL873531","16909085","16909346","66","16322817"
"KQ054704v1","589525","589718","GL873779","369960","370158","56","219565"
"KQ054704v1","590919","591225","GL873557","15587402","15587696","70","14996483"
"KQ054704v1","594087","594382","GL873526","21833158","21833448","63","21239071"
"KQ054704v1","596010","596272","GL873607","1421139","1421397","90","825129"
"KQ054704v1","599876","600075","GL873779","369960","370158","49","229916"
"KQ054704v1","615765","616030","GL873570","9228826","9229075","90","8613061"
"KQ054704v1","618303","618422","GL873653","3155921","3156051","28","2537618"
"KQ054704v1","627662","627956","GL873527","10910929","10911225","76","10283267"
"KQ054704v1","630356","630646","GL873620","5306412","5306695","73","4676056"
"KQ054704v1","631334","631591","GL873558","11150358","11150617","69","10519024"
"KQ054704v1","638636","638886","GL873541","16881848","16882099","67","16243212"
"KQ054704v1","656326","656538","GL873743","493025","493244","62","163301"
"KQ054704v1","662325","662632","GL873556","996424","996728","72","334099"
"KQ054704v1","664361","664555","GL873551","9008267","9008453","61","8343906"
"KQ054704v1","697322","697624","GL873530","25617673","25617981","66","24920351"
"KQ054704v1","698333","698610","GL873524","42149014","42149308","62","41450681"
"KQ054704v1","702049","702358","GL873538","1693681","1693970","75","991632"
"KQ054704v1","710444","710744","GL873550","9904696","9904996","67","9194252"
"KQ054704v1","710935","711214","GL873575","2687372","2687665","69","1976437"
"KQ054704v1","721496","721766","GL873623","5618558","5618821","62","4897062"
"KQ054704v1","725574","725809","GL873579","10953212","10953437","56","10227638"
"KQ054704v1","731845","732069","GL873579","10953212","10953437","64","10221367"
"KQ054704v1","755157","755425","GL873538","5676997","5677272","67","4921840"
"KQ054704v1","763057","763351","GL873544","12852108","12852394","55","12089051"
"KQ054704v1","764414","764741","GL873586","3828887","3829179","96","3064473"
"KQ054704v1","805618","805893","GL873540","4711812","4712090","59","3906194"
"KQ054704v1","834190","834471","GL873573","3786511","3786793","70","2952321"
"KQ054704v1","834750","834943","GL873520","48801320","48801511","62","47966570"
"KQ054704v1","838393","838690","GL873577","4597929","4598216","71","3759536"
"KQ054704v1","842402","842677","GL873526","8965429","8965699","57","8123027"
"KQ054704v1","847278","847554","GL873579","2271701","2271990","66","1424423"
"KQ054704v1","853948","854241","GL873659","4643638","4643933","68","3789690"
"KQ054704v1","885592","885881","GL873539","18506813","18507102","66","17621221"
"KQ054704v1","892341","892656","GL873720","1268124","1268434","66","375783"
"KQ054704v1","893037","893330","GL873573","45612","45900","63","847425"
"KQ054704v1","907114","907428","GL873530","28639620","28639925","72","27732506"
"KQ054704v1","921028","921210","GL873600","4550386","4550564","44","3629358"
"KQ054704v1","930937","931188","GL873526","15650908","15651153","69","14719971"
"KQ054704v1","932152","932440","GL873544","12852108","12852394","56","11919956"
"KQ054704v1","985045","985348","GL873541","18220450","18220758","75","17235405"
"KQ054704v1","999716","999930","GL873624","2883081","2883295","59","1883365"
"KQ054704v1","1001524","1001825","GL873520","43377417","43377706","73","42375893"
"KQ054704v1","1019484","1019712","GL873544","12794510","12794743","71","11775026"
"KQ054704v1","1028516","1028757","GL873536","14955236","14955476","68","13926720"
"KQ054704v1","1033479","1033732","GL873554","2413383","2413629","63","1379904"
"KQ054704v1","1039698","1039956","GL873577","2957877","2958117","94","1918179"
"KQ054704v1","1050696","1050810","GL873568","10867110","10867231","23","9816414"
"KQ054704v1","1054581","1054808","GL873769","1540540","1540770","70","485959"
"KQ054704v1","1054869","1055160","GL873621","5936356","5936644","67","4881487"
"KQ054704v1","1057305","1057490","GL873635","5147070","5147250","43","4089765"
"KQ054704v1","1076948","1077224","GL873593","380813","381101","68","696135"
"KQ054704v1","1087868","1088142","GL873522","18643197","18643468","64","17555329"
"KQ054704v1","1090223","1090520","GL873523","7327314","7327595","78","6237091"
"KQ054704v1","1090873","1091173","GL873521","49874189","49874492","58","48783316"
"KQ054704v1","1094645","1094955","GL873596","8979189","8979479","75","7884544"
"KQ054704v1","1103547","1103746","GL873593","6119863","6120058","46","5016316"
"KQ054704v1","1121609","1121889","GL873529","22442130","22442401","68","21320521"
"KQ054704v1","1149303","1149614","GL873534","1793125","1793432","80","643822"
"KQ054704v1","1174882","1175176","GL873579","984876","985165","74","190006"
"KQ054704v1","1178410","1178585","GL873535","19157542","19157710","40","17979132"
"KQ054704v1","1200409","1200535","GL873541","2356868","2356988","22","1156459"
"KQ054704v1","1225241","1225508","GL873547","18791399","18791655","69","17566158"
"KQ054704v1","1229555","1229831","GL873525","35143537","35143806","62","33913982"
"KQ054704v1","1258277","1258555","GL873544","12852108","12852394","51","11593831"
"KQ054712v1","9157","9431","GL873576","9910362","9910631","68","9901205"
"KQ054713v1","129996","130283","GL873561","13826809","13827093","52","13696813"
"KQ054713v1","441885","442157","GL873590","268242","268515","78","173643"
"KQ054713v1","467436","467687","GL873538","11416277","11416524","58","10948841"
"KQ054713v1","470793","471084","GL873642","160679","160977","74","310114"
"KQ054713v1","474703","475006","GL873729","432103","432405","63","42600"
"KQ054713v1","613047","613324","GL873721","789638","789928","76","176591"
"KQ054713v1","613325","613610","GL873544","9750077","9750362","70","9136752"
"KQ054713v1","651115","651437","GL873668","1869236","1869552","78","1218121"
"KQ054713v1","689960","690252","GL873645","1598419","1598714","66","908459"
"KQ054713v1","703135","703257","GL873560","13049237","13049359","21","12346102"
"KQ054713v1","709826","710107","GL873537","17810281","17810553","59","17100455"
"KQ054713v1","730795","731087","GL873618","4797569","4797854","69","4066774"
"KQ054713v1","764960","765254","GL873523","32269663","32269962","80","31504703"
"KQ054713v1","779055","779373","GL873533","23354002","23354302","88","22574947"
"KQ054713v1","804400","804682","GL873586","6854900","6855180","49","6050500"
"KQ054713v1","823525","823768","GL873534","24162892","24163143","59","23339367"
"KQ054713v1","827363","827633","GL873583","3294334","3294600","60","2466971"
"KQ054713v1","831630","831779","GL873524","46293459","46293605","38","45461829"
"KQ054713v1","837480","837766","GL873544","14031444","14031736","69","13193964"
"KQ054713v1","838929","839115","GL873562","11821967","11822154","58","10983038"
"KQ054713v1","848916","849037","GL873624","868096","868216","24","19180"
"KQ054713v1","855442","855656","GL873657","4261196","4261409","48","3405754"
"KQ054713v1","859769","860048","GL873523","7327314","7327595","58","6467545"
"KQ054713v1","874950","875264","GL873624","3183015","3183314","78","2308065"
"KQ054713v1","887009","887279","GL873525","27489701","27489982","75","26602692"
"KQ054713v1","892127","892387","GL873556","15142945","15143212","87","14250818"
"KQ054713v1","905194","905461","GL873556","15142945","15143212","91","14237751"
"KQ054713v1","908164","908463","GL873577","10149931","10150226","64","9241767"
"KQ054713v1","915572","915788","GL873537","13745214","13745418","56","12829642"
"KQ054713v1","916279","916499","GL873521","5522348","5522569","56","4606069"
"KQ054713v1","917109","917303","GL873526","8303932","8304134","60","7386823"
"KQ054713v1","922853","923149","GL873602","8639405","8639702","65","7716552"
"KQ054713v1","926534","926831","GL873748","238196","238496","60","688338"
"KQ054713v1","928568","928742","GL873562","11016154","11016328","44","10087586"
"KQ054713v1","942099","942365","GL873527","24819425","24819680","75","23877326"
"KQ054713v1","957197","957501","GL873528","7326954","7327222","99","6369757"
"KQ054713v1","975887","976058","GL873574","9355705","9355879","34","8379818"
"KQ054713v1","989785","990066","GL873584","6991470","6991746","71","6001685"
"KQ054713v1","1013968","1014160","GL873531","29211214","29211412","49","28197246"
"KQ054713v1","1019084","1019302","GL873754","1706553","1706786","65","687469"
"KQ054713v1","1034384","1034663","GL873821","136463","136745","55","897921"
"KQ054713v1","1093802","1094077","GL873606","5355796","5356059","72","4261994"
"KQ054713v1","1109234","1109523","GL873769","319631","319896","69","789603"
"KQ054713v1","1114233","1114542","GL873720","1268124","1268434","68","153891"
"KQ054713v1","1156947","1157241","GL873538","18713061","18713362","69","17556114"
"KQ054713v1","1190754","1191046","GL873533","15015660","15015953","65","13824906"
"KQ054713v1","1267387","1267547","GL873548","14642414","14642574","43","13375027"
"KQ054713v1","1272783","1273038","GL873526","25063122","25063377","66","23790339"
"KQ054713v1","1377658","1377835","GL873653","1731043","1731224","57","353385"
"KQ054713v1","1381475","1381652","GL873653","1731043","1731224","57","349568"
"KQ054713v1","1488398","1488698","GL873663","2383516","2383802","67","895118"
"KQ054713v1","1501310","1501605","GL873663","2383516","2383802","66","882206"
"KQ054713v1","1507102","1507288","GL873599","3355658","3355831","62","1848556"
"KQ054713v1","1512228","1512502","GL873520","8214484","8214752","67","6702256"
"KQ054713v1","1513847","1514143","GL873537","20108472","20108765","75","18594625"
"KQ054713v1","1520579","1520813","GL873619","4332045","4332277","42","2811466"
"KQ054713v1","1535765","1536040","GL873520","8214484","8214752","65","6678719"
"KQ054713v1","1539521","1539724","GL873545","3758091","3758301","43","2218570"
"KQ054713v1","1551296","1551584","GL873530","4301148","4301417","92","2749852"
"KQ054713v1","1562161","1562451","GL873544","14356089","14356383","74","12793928"
"KQ054713v1","1565814","1566091","GL873570","9393261","9393537","70","7827447"
"KQ054713v1","1566761","1567063","GL873657","3029272","3029566","68","1462511"
"KQ054713v1","1571512","1571749","GL873544","21041474","21041704","70","19469962"
"KQ054713v1","1587060","1587269","GL873626","7169260","7169467","39","5582200"
"KQ054713v1","1600585","1600882","GL873557","7046743","7047040","60","5446158"
"KQ054713v1","1614946","1615248","GL873521","49874189","49874492","66","48259243"
"KQ054713v1","1618035","1618333","GL873526","38218658","38218942","61","36600623"
"KQ054713v1","1619674","1619959","GL873579","984876","985165","67","634798"
"KQ054713v1","1620494","1620784","GL873700","2524906","2525200","63","904412"
"KQ054713v1","1629663","1629879","GL873546","14122456","14122651","75","12492793"
"KQ054713v1","1648408","1648690","GL873733","1662135","1662410","67","13727"
"KQ054713v1","1712557","1712847","GL873546","859614","859905","58","852943"
"KQ054713v1","1718716","1719012","GL873557","7267236","7267535","59","5548520"
"KQ054713v1","1740718","1740982","GL873659","2671015","2671288","54","930297"
"KQ054713v1","1759624","1759927","GL873592","7775568","7775869","55","6015944"
"KQ054713v1","1766477","1766765","GL873671","1225269","1225565","70","541208"
"KQ054713v1","1809719","1809985","GL873561","10703556","10703830","56","8893837"
"KQ054713v1","1857112","1857384","GL873520","30303968","30304235","69","28446856"
"KQ054713v1","1870326","1870629","GL873561","9330005","9330309","59","7459679"
"KQ054713v1","1872906","1873024","GL873538","18382323","18382442","24","16509417"
"KQ054713v1","1894752","1895055","GL873697","361362","361643","77","1533390"
"KQ054713v1","1900068","1900384","GL873530","28263781","28264089","71","26363713"
"KQ054713v1","1918369","1918633","GL873660","1576760","1577030","63","341609"
"KQ054713v1","1993602","1993779","GL873556","5873144","5873328","33","3879542"
"KQ054713v1","2006643","2006947","GL873720","1268124","1268434","70","738519"
"KQ054713v1","2114338","2114420","GL873531","16275379","16275462","16","14161041"
"KQ054713v1","2136070","2136349","GL873544","14044759","14045036","65","11908689"
"KQ054713v1","2150844","2151131","GL873574","6877405","6877685","52","4726561"
"KQ054713v1","2170468","2170647","GL873524","1211458","1211633","43","959010"
"KQ054713v1","2176587","2176870","GL873526","27363782","27364052","53","25187195"
"KQ054713v1","2244629","2244917","GL873800","736311","736599","68","1508318"
"KQ054713v1","2251823","2252053","GL873551","4428507","4428742","49","2176684"
"KQ054713v1","2337119","2337420","GL873537","20108472","20108765","72","17771353"
"KQ054713v1","2352548","2352847","GL873533","23793613","23793905","57","21441065"
"KQ054713v1","2377146","2377442","GL873561","5411490","5411778","66","3034344"
"KQ054713v1","2399391","2399671","GL873528","975930","976208","66","1423461"
"KQ054713v1","2418990","2419276","GL873557","5844700","5844982","72","3425710"
"KQ054713v1","2422172","2422451","GL873738","1635488","1635766","85","786684"
"KQ054713v1","2432185","2432439","GL873553","8989980","8990229","55","6557795"
"KQ054713v1","2434481","2434777","GL873557","7046743","7047040","62","4612262"
"KQ054713v1","2462768","2463057","GL873522","26416598","26416890","57","23953830"
"KQ054713v1","2523968","2524267","GL873531","27860265","27860563","60","25336297"
"KQ054713v1","2541719","2541997","GL873547","14329017","14329292","64","11787298"
"KQ054713v1","2599484","2599781","GL873646","5530496","5530792","59","2931012"
"KQ054713v1","2602022","2602221","GL873524","19065990","19066189","42","16463968"
"KQ054713v1","2604752","2605038","GL873529","9421454","9421749","62","6816702"
"KQ054713v1","2645963","2646094","GL873537","6930739","6930868","29","4284776"
"KQ054713v1","2649285","2649506","GL873584","8046439","8046668","59","5397154"
"KQ054713v1","2659539","2659827","GL873530","27114472","27114746","72","24454933"
"KQ054713v1","2673142","2673429","GL873522","16444756","16445043","63","13771614"
"KQ054713v1","2682796","2683104","GL873545","20254912","20255212","63","17572116"
"KQ054713v1","2686479","2686775","GL873540","11122200","11122500","68","8435721"
"KQ054713v1","2693693","2693987","GL873538","1998739","1999037","59","694954"
"KQ054713v1","2711692","2711969","GL873545","2508162","2508439","72","203530"
"KQ054713v1","2730073","2730361","GL873723","667827","668116","56","2062246"
"KQ054713v1","2744006","2744295","GL873624","5660177","5660468","62","2916171"
"KQ054713v1","2776283","2776504","GL873522","21258404","21258617","52","18482121"
"KQ054713v1","2859960","2860245","GL873751","352916","353204","65","2507044"
"KQ054713v1","2864425","2864666","GL873539","2856357","2856613","64","8068"
"KQ054713v1","2871629","2871931","GL873521","49874189","49874492","66","47002560"
"KQ054713v1","2876728","2876870","GL873584","8016968","8017120","37","5140240"
"KQ054713v1","2876879","2877140","GL873623","3028336","3028603","76","151457"
"KQ054713v1","2878939","2879238","GL873804","915164","915458","62","1963775"
"KQ054713v1","2885280","2885570","GL873528","4452981","4453269","65","1567701"
"KQ054713v1","2950433","2950688","GL873635","5433791","5434041","69","2483358"
"KQ054713v1","2972013","2972305","GL873556","996424","996728","61","1975589"
"KQ054713v1","2979300","2979608","GL873523","28431022","28431322","69","25451722"
"KQ054713v1","3083996","3084311","GL873537","23325667","23325965","70","20241671"
"KQ054713v1","3141334","3141648","GL873720","1268124","1268434","77","1873210"
"KQ054713v1","3208462","3208749","GL873520","30319551","30319845","74","27111089"
"KQ054713v1","3234399","3234696","GL873632","5787814","5788105","59","2553415"
"KQ054713v1","3282123","3282420","GL873592","7775568","7775869","65","4493445"
"KQ054713v1","3454886","3455145","GL873523","22517523","22517774","53","19062637"
"KQ054713v1","3508510","3508667","GL873539","16145365","16145520","36","12636855"
"KQ054713v1","3523064","3523344","GL873552","11205817","11206103","60","7682753"
"KQ054713v1","3580628","3580927","GL873536","13622290","13622562","73","10041662"
"KQ054713v1","3585579","3585872","GL873533","24420221","24420503","64","20834642"
"KQ054713v1","3613712","3613989","GL873584","296558","296832","59","3317154"
"KQ054713v1","3662045","3662362","GL873520","39057346","39057655","66","35395301"
"KQ054713v1","3676297","3676580","GL873545","10172794","10173088","59","6496497"
"KQ054713v1","3696364","3696637","GL873534","15140925","15141195","50","11444561"
"KQ054713v1","3717998","3718282","GL873546","16312323","16312610","61","12594325"
"KQ054713v1","3757871","3758160","GL873544","12852108","12852394","63","9094237"
"KQ054717v1","9705","9894","GL873617","7008890","7009073","60","6999185"
"KQ054724v1","139998","140290","GL873530","17375868","17376165","61","17235870"
"KQ054724v1","149181","149335","GL873529","16847158","16847309","39","16697977"
"KQ054724v1","151157","151442","GL873522","26416598","26416890","58","26265441"
"KQ054724v1","153633","153921","GL873526","4353131","4353412","60","4199498"
"KQ054724v1","165666","165876","GL873626","7169260","7169467","49","7003594"
"KQ054724v1","177708","177993","GL873544","12495377","12495652","77","12317669"
"KQ054724v1","191810","192078","GL873621","6352530","6352801","53","6160720"
"KQ054724v1","198366","198660","GL873520","38124828","38125119","59","37926462"
"KQ054724v1","200910","201176","GL873547","17720932","17721199","53","17520022"
"KQ054724v1","203758","204048","GL873574","5808418","5808688","68","5604660"
"KQ054724v1","216220","216507","GL873800","722169","722467","76","505949"
"KQ054724v1","220335","220623","GL873587","2916612","2916896","80","2696277"
"KQ054724v1","250865","251160","GL873652","2812602","2812879","101","2561737"
"KQ054724v1","256707","257035","GL873566","2989507","2989808","90","2732800"
"KQ054724v1","259181","259293","GL873560","13049237","13049359","31","12790056"
"KQ054724v1","294944","295234","GL873529","16524419","16524713","72","16229475"
"KQ054724v1","311228","311530","GL873561","9330005","9330309","62","9018777"
"KQ054724v1","374099","374357","GL873575","9277978","9278232","56","8903879"
"KQ054724v1","427682","427989","GL873646","31012","31317","75","396670"
"KQ054724v1","441955","442262","GL873800","736311","736599","72","294356"
"KQ054724v1","448155","448471","GL873530","7841662","7841971","70","7393507"
"KQ054724v1","463302","463545","GL873522","19249603","19249854","73","18786301"
"KQ054724v1","494389","494705","GL873530","28263781","28264089","71","27769392"
"KQ054724v1","528995","529291","GL873548","16911479","16911770","68","16382484"
"KQ054724v1","531020","531309","GL873738","1635488","1635766","65","1104468"
"KQ054724v1","532638","532945","GL873575","8875744","8876043","66","8343106"
"KQ054724v1","536415","536601","GL873739","628260","628439","58","91845"
"KQ054724v1","538370","538681","GL873765","69383","69680","80","468987"
"KQ054724v1","539923","540232","GL873720","1268124","1268434","71","728201"
"KQ054724v1","550448","550735","GL873526","25145795","25146086","70","24595347"
"KQ054724v1","580227","580523","GL873544","12852108","12852394","65","12271881"
"KQ054724v1","581516","581803","GL873529","16524419","16524713","66","15942903"
"KQ054724v1","598255","598541","GL873800","736311","736599","79","138056"
"KQ054724v1","599531","599829","GL873535","12624476","12624771","82","12024945"
"KQ054724v1","611129","611448","GL873654","440874","441161","97","170255"
"KQ054724v1","671729","671846","GL873574","4468365","4468484","35","3796636"
"KQ054724v1","687068","687205","GL873533","27639567","27639703","27","26952499"
"KQ054724v1","689362","689673","GL873573","944182","944464","87","254820"
"KQ054724v1","710619","710729","GL873557","1369874","1369980","23","659255"
"KQ054724v1","726750","727063","GL873545","20390330","20390642","67","19663580"
"KQ054724v1","734018","734143","GL873659","4218090","4218216","25","3484072"
"KQ054724v1","746785","747070","GL873646","5530496","5530792","58","4783711"
"KQ054724v1","775715","776020","GL873521","6835945","6836242","59","6060230"
"KQ054724v1","799641","799948","GL873527","22929623","22929921","63","22129982"
"KQ054724v1","821632","821896","GL873539","16767280","16767545","60","15945648"
"KQ054724v1","823623","823889","GL873530","14642975","14643249","57","13819352"
"KQ054724v1","826925","827185","GL873566","11181444","11181698","62","10354519"
"KQ054724v1","835753","836066","GL873520","46903199","46903512","77","46067446"
"KQ054724v1","896305","896571","GL873836","303619","303864","79","592686"
"KQ054724v1","900102","900353","GL873573","1361165","1361408","64","461063"
"KQ054724v1","901684","901940","GL873825","388120","388377","64","513564"
"KQ054724v1","945166","945358","GL873813","916203","916397","57","28963"
"KQ054724v1","960383","960656","GL873611","607167","607439","62","353216"
"KQ054724v1","1028854","1029138","GL873615","6674985","6675280","74","5646131"
"KQ054724v1","1029405","1029655","GL873523","34762815","34763065","69","33733410"
"KQ054724v1","1081385","1081705","GL873562","7734050","7734344","83","6652665"
"KQ054724v1","1105996","1106307","GL873591","6395821","6396131","63","5289825"
"KQ054724v1","1107355","1107638","GL873525","39330773","39331048","62","38223418"
"KQ054724v1","1156226","1156526","GL873521","40262457","40262752","68","39106231"
"KQ054724v1","1161146","1161424","GL873586","7525917","7526207","79","6364771"
"KQ054724v1","1171351","1171642","GL873533","767660","767955","63","403691"
"KQ054724v1","1197752","1198054","GL873556","996424","996728","70","201328"
"KQ054724v1","1269717","1270007","GL873526","4353131","4353412","58","3083414"
"KQ054724v1","1314565","1314850","GL873831","401729","402015","69","912836"
"KQ054724v1","1336709","1337039","GL873576","6092312","6092637","80","4755603"
"KQ054724v1","1339186","1339469","GL873735","2077484","2077768","62","738298"
"KQ054724v1","1339507","1339746","GL873567","13195125","13195366","60","11855618"
"KQ054724v1","1367365","1367646","GL873528","5227625","5227911","70","3860260"
"KQ054724v1","1370503","1370824","GL873720","1268124","1268434","72","102379"
"KQ054724v1","1379735","1380043","GL873673","4218625","4218921","75","2838890"
"KQ054724v1","1389673","1389859","GL873520","1429502","1429686","43","39829"
"KQ054724v1","1397235","1397431","GL873654","36968","37162","48","1360267"
"KQ054724v1","1397884","1398066","GL873639","2291080","2291268","46","893196"
"KQ054724v1","1398539","1398834","GL873548","13072238","13072531","70","11673699"
"KQ054724v1","1429087","1429374","GL873537","24218483","24218776","81","22789396"
"KQ054724v1","1434424","1434709","GL873531","29723463","29723734","60","28289039"
"KQ054724v1","1434851","1434926","GL873543","986166","986235","19","448685"
"KQ054724v1","1439629","1439797","GL873608","2746089","2746235","49","1306460"
"KQ054724v1","1456192","1456473","GL873546","16290659","16290946","57","14834467"
"KQ054724v1","1467252","1467348","GL873645","2090975","2091070","23","623723"
"KQ054724v1","1488076","1488357","GL873537","20108472","20108765","69","18620396"
"KQ054724v1","1490388","1490596","GL873521","30472762","30472971","42","28982374"
"KQ054724v1","1492134","1492409","GL873540","4711812","4712090","63","3219678"
"KQ054724v1","1493442","1493726","GL873588","1085638","1085922","66","407804"
"KQ054724v1","1500039","1500315","GL873523","7327314","7327595","94","5827275"
"KQ054724v1","1502668","1502930","GL873526","27363782","27364052","57","25861114"
"KQ054724v1","1503292","1503482","GL873657","977566","977739","52","525726"
"KQ054724v1","1543499","1543787","GL873660","743632","743918","59","799867"
"KQ054724v1","1586048","1586343","GL873611","4773367","4773653","77","3187319"
"KQ054724v1","1590831","1591133","GL873530","15863917","15864209","81","14273086"
"KQ054724v1","1595749","1596038","GL873611","4773367","4773653","79","3177618"
"KQ054724v1","1599946","1600238","GL873533","24420221","24420503","80","22820275"
"KQ054724v1","1612160","1612285","GL873591","5814379","5814504","20","4202219"
"KQ054724v1","1612609","1612792","GL873558","3010058","3010227","45","1397449"
"KQ054724v1","1641109","1641398","GL873629","1991833","1992133","54","350724"
"KQ054724v1","1643652","1643946","GL873677","3216100","3216400","68","1572448"
"KQ054724v1","1644643","1644924","GL873563","10896387","10896675","70","9251744"
"KQ054724v1","1673414","1673644","GL873547","6988081","6988322","60","5314667"
"KQ054724v1","1685007","1685241","GL873677","2504126","2504369","58","819119"
"KQ054724v1","1723289","1723550","GL873523","7257550","7257808","75","5534261"
"KQ054724v1","1739597","1739894","GL873522","10042566","10042867","64","8302969"
"KQ054724v1","1750847","1751133","GL873570","9393261","9393537","69","7642414"
"KQ054724v1","1855147","1855474","GL873615","5162108","5162422","83","3306961"
"KQ054724v1","1874540","1874842","GL873595","2185555","2185845","90","311015"
"KQ054724v1","1876157","1876449","GL873569","11706650","11706935","63","9830493"
"KQ054724v1","1899000","1899210","GL873528","6359335","6359545","55","4460335"
"KQ054724v1","1966478","1966813","GL873641","3338767","3339075","86","1372289"
"KQ054724v1","1983784","1984085","GL873697","1137569","1137861","61","846215"
"KQ054724v1","1985792","1986080","GL873520","60736638","60736933","66","58750846"
"KQ054724v1","2008544","2008805","GL873571","6475063","6475319","64","4466519"
"KQ054724v1","2032077","2032366","GL873562","11382494","11382780","70","9350417"
"KQ054724v1","2032674","2032967","GL873646","5530496","5530792","68","3497822"
"KQ054724v1","2070176","2070477","GL873538","15635099","15635394","68","13564923"
"KQ054724v1","2102906","2103193","GL873533","15683255","15683543","70","13580349"
"KQ054724v1","2172261","2172561","GL873740","1026229","1026519","56","1146032"
"KQ054724v1","2190265","2190548","GL873632","5787814","5788105","82","3597549"
"KQ054724v1","2192829","2192976","GL873533","13896451","13896593","34","11703622"
"KQ054724v1","2195579","2195863","GL873541","14451118","14451418","73","12255539"
"KQ054724v1","2209706","2209969","GL873646","1166360","1166624","66","1043346"
"KQ054724v1","2244579","2244847","GL873529","35629520","35629778","61","33384941"
"KQ054724v1","2304959","2305244","GL873531","15551778","15552067","62","13246819"
"KQ054724v1","2340611","2340891","GL873708","1282790","1283064","62","1057821"
"KQ054724v1","2362065","2362370","GL873530","16695374","16695671","66","14333309"
"KQ054724v1","2376953","2377256","GL873601","3845814","3846115","77","1468861"
"KQ054724v1","2382190","2382316","GL873550","8614257","8614380","20","6232067"
"KQ054724v1","2384307","2384402","GL873651","1727363","1727455","22","656944"
"KQ054724v1","2384408","2384705","GL873544","14068597","14068880","67","11684189"
"KQ054724v1","2405154","2405455","GL873530","28263781","28264089","65","25858627"
"KQ054724v1","2412811","2413102","GL873532","17044604","17044891","66","14631793"
"KQ054724v1","2429426","2429712","GL873573","944182","944464","61","1485244"
"KQ054724v1","2436281","2436551","GL873555","10570163","10570445","82","8133882"
"KQ054724v1","2442493","2442774","GL873535","12038298","12038580","66","9595805"
"KQ054724v1","2442829","2443141","GL873615","5162108","5162422","68","2719279"
"KQ054724v1","2455019","2455302","GL873544","12852108","12852394","52","10397089"
"KQ054724v1","2457488","2457799","GL873615","5162108","5162422","68","2704620"
"KQ054724v1","2465754","2466028","GL873571","6475063","6475319","73","4009309"
"KQ054724v1","2468683","2468971","GL873537","20108472","20108765","51","17639789"
"KQ054724v1","2469243","2469325","GL873542","11826351","11826438","20","9357108"
"KQ054724v1","2501205","2501522","GL873529","36224519","36224826","78","33723314"
"KQ054724v1","2527790","2528070","GL873562","11382494","11382780","67","8854704"
"KQ054724v1","2539334","2539629","GL873596","8378412","8378699","58","5839078"
"KQ054724v1","2577659","2577939","GL873549","1794227","1794517","73","783432"
"KQ054724v1","2579970","2580266","GL873563","9050087","9050388","64","6470117"
"KQ054724v1","2587257","2587557","GL873521","49874189","49874492","60","47286932"
"KQ054724v1","2590214","2590472","GL873590","4439133","4439386","61","1848919"
"KQ054724v1","2600562","2600774","GL873664","4677756","4677973","55","2077194"
"KQ054724v1","2605643","2605854","GL873528","6359335","6359545","51","3753692"
"KQ054724v1","2610461","2610766","GL873615","5889225","5889521","70","3278764"
"KQ054724v1","2611760","2612044","GL873525","22259737","22260019","90","19647977"
"KQ054724v1","2634975","2635259","GL873738","1646790","1647070","72","988185"
"KQ054724v1","2639576","2639863","GL873591","1508585","1508871","64","1130991"
"KQ054724v1","2645157","2645423","GL873521","8297002","8297260","71","5651845"
"KQ054724v1","2645804","2646032","GL873521","27266368","27266584","68","24620564"
"KQ054724v1","2659530","2659820","GL873811","722727","723009","72","1936803"
"KQ054724v1","2674796","2675081","GL873535","25840890","25841174","66","23166094"
"KQ054724v1","2678801","2679077","GL873538","3757160","3757448","69","1078359"
"KQ054724v1","2689557","2689848","GL873675","427479","427762","60","2262078"
"KQ054724v1","2711057","2711300","GL873551","11602186","11602415","70","8891129"
"KQ054724v1","2717958","2718258","GL873522","4222168","4222461","58","1504210"
"KQ054724v1","2723642","2723913","GL873591","1508585","1508871","66","1215057"
"KQ054724v1","2724996","2725087","GL873609","7203847","7203934","27","4478851"
"KQ054724v1","2742903","2743179","GL873625","3518171","3518462","62","775268"
"KQ054724v1","2744684","2745000","GL873533","15015660","15015953","80","12270976"
"KQ054724v1","2784971","2785263","GL873586","3828887","3829179","63","1043916"
"KQ054724v1","2800371","2800674","GL873547","3818651","3818955","59","1018280"
"KQ054724v1","2830344","2830614","GL873627","4237922","4238189","60","1407578"
"KQ054724v1","2897755","2898015","GL873544","16638194","16638448","61","13740439"
"KQ054724v1","3021627","3021874","GL873558","6517436","6517685","74","3495809"
"KQ054724v1","3031622","3031917","GL873680","2667256","2667551","67","364366"
"KQ054724v1","3121683","3121986","GL873634","5810261","5810560","68","2688578"
"KQ054724v1","3374307","3374615","GL873522","18957010","18957306","80","15582703"
"KQ054724v1","3383017","3383314","GL873527","11533238","11533536","76","8150221"
"KQ054724v1","3766042","3766364","GL873720","1268124","1268434","71","2497918"
"KQ054724v1","3822185","3822488","GL873558","11845040","11845343","51","8022855"
"KQ054724v1","3825400","3825681","GL873532","13328326","13328606","76","9502926"
"KQ054724v1","3839703","3839827","GL873593","2316146","2316267","20","1523557"
"KQ054724v1","3972917","3973228","GL873623","4501593","4501900","67","528676"
"KQ054724v1","4049220","4049497","GL873645","1936937","1937204","78","2112283"
"KQ054724v1","4058652","4058896","GL873526","2536705","2536940","74","1521947"
"KQ054724v1","4075682","4075931","GL873520","28409160","28409392","52","24333478"
"KQ054724v1","4163535","4163743","GL873557","5125101","5125304","52","961566"
"KQ054724v1","4209753","4209928","GL873535","21020320","21020495","49","16810567"
"KQ054724v1","4210256","4210316","GL873797","288129","288188","17","3922127"
"KQ054724v1","4259680","4259949","GL873541","2106436","2106721","66","2153244"
"KQ054724v1","4315202","4315368","GL873599","3355658","3355831","38","959544"
"KQ054724v1","4359705","4359976","GL873648","355307","355573","75","4004398"
"KQ054724v1","4375129","4375432","GL873533","24420221","24420503","74","20045092"
"KQ054724v1","4403435","4403663","GL873522","21258404","21258617","65","16854969"
"KQ054724v1","4444947","4445241","GL873531","27860265","27860563","55","23415318"
"KQ054724v1","4488264","4488387","GL873644","384890","385010","22","4103374"
"KQ054724v1","4523848","4524111","GL873546","18249251","18249511","68","13725403"
"KQ054724v1","4529551","4529805","GL873550","3545538","3545776","63","984013"
"KQ054724v1","4548907","4549083","GL873564","4371507","4371687","40","177400"
"KQ054724v1","4564991","4565255","GL873538","1584722","1584989","59","2980269"
"KQ054724v1","4580884","4581124","GL873593","6663595","6663832","59","2082711"
"KQ054724v1","4632818","4633123","GL873523","28431022","28431322","69","23798204"
"KQ054724v1","4683679","4683986","GL873577","10149931","10150226","59","5466252"
"KQ054724v1","4732351","4732478","GL873628","1876330","1876452","23","2856021"
"KQ054724v1","4806705","4806837","GL873606","5096231","5096360","26","289526"
"KQ054724v1","4809430","4809562","GL873606","5096231","5096360","25","286801"
"KQ054724v1","4839444","4839526","GL873521","41020415","41020494","18","36180971"
"KQ054724v1","4896247","4896530","GL873530","21594334","21594610","58","16698087"
"KQ054724v1","5010446","5010666","GL873625","5640863","5641072","58","630417"
"KQ054724v1","5019963","5020122","GL873668","1368677","1368826","37","3651286"
"KQ054724v1","5053828","5054067","GL873529","15065360","15065592","48","10011532"
"KQ054724v1","5060127","5060441","GL873615","5162108","5162422","65","101981"
"KQ054724v1","5112531","5112741","GL873521","46427393","46427598","47","41314862"
"KQ054724v1","5118067","5118360","GL873542","6622464","6622760","63","1504397"
"KQ054725v1","26642","26868","GL873572","9760706","9760940","57","9734064"
"KQ054725v1","47026","47247","GL873533","29114064","29114296","53","29067038"
"KQ054725v1","199094","199382","GL873664","4813585","4813876","64","4614491"
"KQ054725v1","282674","282897","GL873533","29114064","29114296","49","28831390"
"KQ054725v1","458244","458577","GL873520","46981720","46982041","90","46523476"
"KQ054725v1","522023","522155","GL873606","6062519","6062650","26","5540496"
"KQ054725v1","570934","571248","GL873540","22714851","22715162","74","22143917"
"KQ054725v1","590803","591111","GL873561","9330005","9330309","66","8739202"
"KQ054725v1","697680","697982","GL873720","1268124","1268434","60","570444"
"KQ054725v1","705201","705335","GL873571","4458671","4458800","29","3753470"
"KQ054725v1","721307","721609","GL873531","29056008","29056304","69","28334701"
"KQ054725v1","741444","741734","GL873530","24029792","24030067","84","23288348"
"KQ054725v1","753725","754039","GL873548","17819037","17819344","62","17065312"
"KQ054725v1","838761","839050","GL873592","8396855","8397140","68","7558094"
"KQ054725v1","847192","847437","GL873551","2280376","2280613","59","1433184"
"KQ054725v1","847912","848222","GL873520","38124828","38125119","66","37276916"
"KQ054725v1","855887","856181","GL873520","47212717","47213008","58","46356830"
"KQ054725v1","877701","877882","GL873568","8648036","8648196","46","7770335"
"KQ054725v1","879357","879659","GL873557","7267236","7267535","59","6387879"
"KQ054725v1","894150","894447","GL873570","9991315","9991604","68","9097165"
"KQ054725v1","1094933","1095228","GL873562","5077584","5077879","63","3982651"
"KQ054725v1","1131880","1132188","GL873552","9485985","9486288","59","8354105"
"KQ054725v1","1149582","1149902","GL873551","10619936","10620223","90","9470354"
"KQ054725v1","1154082","1154371","GL873575","2687372","2687665","65","1533290"
"KQ054725v1","1160531","1160809","GL873586","3828887","3829179","69","2668356"
"KQ054725v1","1185148","1185433","GL873563","1340706","1340977","71","155558"
"KQ054725v1","1234923","1235127","GL873521","27266368","27266584","55","26031445"
"KQ054725v1","1241043","1241328","GL873675","2464737","2465019","67","1223694"
"KQ054725v1","1243147","1243394","GL873553","8989980","8990229","50","7746833"
"KQ054725v1","1246797","1247025","GL873558","6619436","6619658","55","5372639"
"KQ054725v1","1251435","1251673","GL873701","950220","950459","49","301215"
"KQ054725v1","1255841","1256099","GL873529","28724389","28724653","61","27468548"
"KQ054725v1","1265942","1266232","GL873632","3524037","3524325","67","2258095"
"KQ054725v1","1267965","1268262","GL873660","426922","427227","69","841043"
"KQ054725v1","1271730","1271965","GL873577","9802412","9802659","59","8530682"
"KQ054725v1","1283248","1283528","GL873543","2904962","2905248","56","1621714"
"KQ054725v1","1293887","1294180","GL873526","20255818","20256125","72","18961931"
"KQ054725v1","1301648","1301925","GL873526","14921887","14922168","69","13620239"
"KQ054725v1","1309508","1309678","GL873530","16082476","16082634","49","14772968"
"KQ054725v1","1309707","1309823","GL873541","22645548","22645664","22","21335841"
"KQ054725v1","1312197","1312509","GL873639","3427588","3427898","80","2115391"
"KQ054725v1","1314858","1314942","GL873520","46947186","46947266","25","45632328"
"KQ054725v1","1315241","1315425","GL873536","5371681","5371873","63","4056440"
"KQ054725v1","1319699","1319864","GL873578","7303369","7303557","61","5983670"
"KQ054725v1","1324743","1324947","GL873526","8303932","8304134","49","6979189"
"KQ054725v1","1325693","1325986","GL873543","2904962","2905248","73","1579269"
"KQ054725v1","1419072","1419367","GL873528","1852076","1852356","57","433004"
"KQ054725v1","1423383","1423579","GL873550","14886379","14886570","49","13462996"
"KQ054725v1","1433986","1434213","GL873524","4509593","4509820","49","3075607"
"KQ054725v1","1448734","1448995","GL873590","671368","671605","75","777366"
"KQ054725v1","1451443","1451707","GL873525","35143537","35143806","59","33692094"
"KQ054725v1","1459781","1460058","GL873554","4873801","4874080","64","3414020"
"KQ054725v1","1478397","1478664","GL873601","6829228","6829500","81","5350831"
"KQ054725v1","1485285","1485482","GL873593","6119863","6120058","37","4634578"
"KQ054725v1","1500832","1501093","GL873526","12865197","12865466","64","11364365"
"KQ054725v1","1524338","1524619","GL873571","3916524","3916794","77","2392186"
"KQ054725v1","1530372","1530664","GL873521","53893978","53894270","60","52363606"
"KQ054725v1","1531457","1531769","GL873582","1116186","1116495","63","415271"
"KQ054725v1","1542321","1542434","GL873548","13029092","13029218","33","11486771"
"KQ054725v1","1616292","1616594","GL873611","4023344","4023633","62","2407052"
"KQ054725v1","1654133","1654426","GL873520","38124828","38125119","57","36470695"
"KQ054725v1","1668510","1668773","GL873631","3418644","3418900","93","1750134"
"KQ054725v1","1674796","1675113","GL873563","5668489","5668805","86","3993693"
"KQ054725v1","1677651","1677953","GL873569","6835405","6835697","80","5157754"
"KQ054725v1","1710006","1710308","GL873537","6299985","6300276","65","4589979"
"KQ054725v1","1715179","1715470","GL873572","6984999","6985295","62","5269820"
"KQ054725v1","1736060","1736357","GL873565","13343596","13343885","63","11607536"
"KQ054725v1","1746960","1747224","GL873624","2308457","2308738","57","561497"
"KQ054725v1","1765893","1766017","GL873538","16126877","16126999","26","14360984"
"KQ054725v1","1771864","1772077","GL873557","5125101","5125304","51","3353237"
"KQ054725v1","1784843","1784969","GL873570","10645932","10646052","23","8861089"
"KQ054725v1","1794790","1795087","GL873673","4218625","4218921","63","2423835"
"KQ054725v1","1809888","1810193","GL873531","19369345","19369649","68","17559457"
"KQ054725v1","1821209","1821340","GL873573","4027343","4027468","46","2206134"
"KQ054725v1","1840835","1841133","GL873545","17052684","17052979","81","15211849"
"KQ054725v1","1846345","1846670","GL873557","4072552","4072870","88","2226207"
"KQ054725v1","1848298","1848613","GL873623","4501593","4501900","59","2653295"
"KQ054725v1","1896648","1896908","GL873608","1633645","1633887","71","263003"
"KQ054725v1","1899797","1900118","GL873561","9330005","9330309","75","7430208"
"KQ054725v1","1914437","1914566","GL873538","618317","618439","29","1296120"
"KQ054725v1","1915140","1915394","GL873548","15510368","15510626","60","13595228"
"KQ054725v1","1917314","1917581","GL873548","17914756","17915026","73","15997442"
"KQ054725v1","1953419","1953566","GL873522","36614954","36615106","47","34661535"
"KQ054725v1","1953844","1953890","GL873644","422031","422071","19","1531813"
"KQ054725v1","1955297","1955594","GL873526","4353131","4353412","57","2397834"
"KQ054725v1","1955596","1955687","GL873523","26353413","26353504","13","24397817"
"KQ054725v1","1956301","1956564","GL873532","27326223","27326480","53","25369922"
"KQ054725v1","1957338","1957637","GL873533","27988363","27988662","81","26031025"
"KQ054725v1","1965706","1966002","GL873527","11533238","11533536","53","9567532"
"KQ054725v1","2003874","2004031","GL873584","10010918","10011069","36","8007044"
"KQ054725v1","2004324","2004453","GL873629","3055754","3055875","33","1051430"
"KQ054725v1","2025239","2025493","GL873532","24971926","24972191","79","22946687"
"KQ054725v1","2028256","2028550","GL873606","6177600","6177887","66","4149344"
"KQ054725v1","2030696","2030999","GL873621","545875","546169","59","1484821"
"KQ054725v1","2043299","2043589","GL873529","36400027","36400324","56","34356728"
"KQ054725v1","2047238","2047516","GL873530","21080150","21080423","55","19032912"
"KQ054725v1","2063764","2064077","GL873530","28263781","28264089","64","26200017"
"KQ054725v1","2072172","2072472","GL873754","1754489","1754787","57","317683"
"KQ054725v1","2082789","2083050","GL873557","5226500","5226756","62","3143711"
"KQ054725v1","2087639","2087910","GL873635","2454054","2454336","62","366415"
"KQ054725v1","2098784","2099067","GL873572","6987988","6988272","54","4889204"
"KQ054725v1","2099792","2100100","GL873525","27816917","27817223","69","25717125"
"KQ054725v1","2105643","2105813","GL873665","3686515","3686680","55","1580872"
"KQ054725v1","2115479","2115734","GL873563","10148087","10148345","63","8032608"
"KQ054725v1","2118164","2118346","GL873537","17897136","17897316","55","15778972"
"KQ054725v1","2142680","2142956","GL873716","460031","460318","67","1682649"
"KQ054725v1","2152433","2152499","GL873533","23928218","23928281","16","21775785"
"KQ054725v1","2156812","2157128","GL873661","1884549","1884860","78","272263"
"KQ054725v1","2162049","2162260","GL873545","3758091","3758301","44","1596042"
"KQ054725v1","2192123","2192418","GL873671","1289718","1290012","67","902405"
"KQ054725v1","2236429","2236738","GL873524","5176292","5176597","74","2939863"
"KQ054725v1","2240480","2240632","GL873545","16358413","16358560","39","14117933"
"KQ054725v1","2242205","2242464","GL873528","1268672","1268921","57","973533"
"KQ054725v1","2253513","2253819","GL873561","923317","923608","80","1330196"
"KQ054725v1","2264482","2264757","GL873526","8965429","8965699","53","6700947"
"KQ054725v1","2272391","2272513","GL873554","4590906","4591017","35","2318515"
"KQ054725v1","2293800","2294100","GL873615","5889225","5889521","65","3595425"
"KQ054725v1","2339638","2339936","GL873528","4452981","4453269","70","2113343"
"KQ054725v1","2365853","2366153","GL873624","2135262","2135546","62","230591"
"KQ054725v1","2382010","2382141","GL873538","2076639","2076766","25","305371"
"KQ054725v1","2387153","2387414","GL873543","11648006","11648251","83","9260853"
"KQ054725v1","2406859","2407160","GL873577","10149931","10150226","65","7743072"
"KQ054725v1","2426615","2426747","GL873542","22673025","22673149","27","20246410"
"KQ054725v1","2427012","2427177","GL873574","4453635","4453791","38","2026623"
"KQ054725v1","2428581","2428865","GL873522","40388442","40388729","56","37959861"
"KQ054725v1","2495146","2495450","GL873530","17375868","17376165","65","14880722"
"KQ054725v1","2497760","2498011","GL873536","14878606","14878840","88","12380846"
"KQ054725v1","2510036","2510276","GL873611","4994670","4994910","65","2484634"
"KQ054725v1","2563413","2563714","GL873531","27860265","27860563","58","25296852"
"KQ054725v1","2567469","2567783","GL873720","1268124","1268434","67","1299345"
"KQ054725v1","2570157","2570486","GL873557","10964192","10964504","84","8394035"
"KQ054725v1","2574056","2574306","GL873703","2411878","2412125","56","162178"
"KQ054725v1","2608032","2608395","GL873531","3510286","3510605","101","902254"
"KQ054725v1","2610694","2611004","GL873591","6395821","6396131","62","3785127"
"KQ054725v1","2635404","2635691","GL873531","16734426","16734711","65","14099022"
"KQ054725v1","2643272","2643570","GL873530","28263781","28264089","63","25620509"
"KQ054725v1","2645053","2645346","GL873544","12852108","12852394","59","10207055"
"KQ054725v1","2660422","2660622","GL873522","4963073","4963271","39","2302651"
"KQ054725v1","2667458","2667738","GL873611","607167","607439","55","2060291"
"KQ054725v1","2688920","2689188","GL873606","5355796","5356059","71","2666876"
"KQ054725v1","2689627","2689921","GL873520","61179558","61179826","82","58489931"
"KQ054725v1","2719095","2719371","GL873537","12553215","12553484","59","9834120"
"KQ054725v1","2721302","2721571","GL873659","2671015","2671288","61","50287"
"KQ054725v1","2741708","2741935","GL873605","2289313","2289533","51","452395"
"KQ054725v1","2786581","2786805","GL873560","8931049","8931288","64","6144468"
"KQ054725v1","2858096","2858273","GL873730","122968","123133","40","2735128"
"KQ054728v1","3418","3718","GL873677","2251813","2252104","79","2248395"
"KQ054728v1","5274","5579","GL873544","20315778","20316071","87","20310504"
"KQ054734v1","1048376","1048683","GL873561","9330005","9330309","66","8281629"
"KQ054734v1","75163","75272","GL873593","2424923","2425041","26","2349760"
"KQ054734v1","77863","78056","GL873547","19429242","19429431","59","19351379"
"KQ054734v1","101871","102162","GL873539","898488","898789","68","796617"
"KQ054734v1","110221","110460","GL873520","28409160","28409392","64","28298939"
"KQ054734v1","120823","121107","GL873590","803813","804097","63","682990"
"KQ054734v1","148395","148517","GL873637","3392350","3392471","20","3243955"
"KQ054734v1","160569","160864","GL873537","23631310","23631605","79","23470741"
"KQ054734v1","187676","187965","GL873590","3904481","3904769","53","3716805"
"KQ054734v1","223331","223464","GL873577","130706","130840","30","92625"
"KQ054734v1","232549","232847","GL873526","13214346","13214644","54","12981797"
"KQ054734v1","283245","283436","GL873628","7012543","7012724","49","6729298"
"KQ054734v1","283770","283912","GL873530","26726921","26727055","35","26443151"
"KQ054734v1","299480","299557","GL873593","8642733","8642811","15","8343253"
"KQ054734v1","301624","301702","GL873533","12725614","12725688","16","12423990"
"KQ054734v1","336443","336767","GL873800","736311","736599","89","399868"
"KQ054734v1","340954","341085","GL873540","9446474","9446596","27","9105520"
"KQ054734v1","349215","349501","GL873533","24420221","24420503","67","24071006"
"KQ054734v1","358989","359269","GL873693","3290790","3291068","62","2931801"
"KQ054734v1","368318","368632","GL873592","7767717","7768028","74","7399399"
"KQ054734v1","445433","445729","GL873624","5660177","5660468","51","5214744"
"KQ054734v1","451599","451843","GL873548","1101273","1101519","65","649674"
"KQ054734v1","463479","463716","GL873613","1052320","1052567","68","588841"
"KQ054734v1","477857","478036","GL873536","13158560","13158734","49","12680703"
"KQ054734v1","480218","480324","GL873623","2197292","2197402","20","1717074"
"KQ054734v1","482968","483251","GL873550","16189253","16189537","55","15706285"
"KQ054734v1","666080","666384","GL873557","14358069","14358360","73","13691989"
"KQ054734v1","739706","739998","GL873646","5530496","5530792","74","4790790"
"KQ054734v1","749551","749646","GL873730","1070638","1070725","20","321087"
"KQ054734v1","802364","802619","GL873550","13679772","13680030","52","12877408"
"KQ054734v1","842299","842600","GL873571","4374924","4375218","75","3532625"
"KQ054734v1","848225","848498","GL873582","5143508","5143772","63","4295283"
"KQ054734v1","900633","900700","GL873595","7326910","7326976","19","6426277"
"KQ054734v1","900992","901227","GL873800","757534","757760","64","143458"
"KQ054734v1","936875","937187","GL873542","4494419","4494721","93","3557544"
"KQ054734v1","948837","949142","GL873748","238196","238496","73","710641"
"KQ054734v1","1012988","1013269","GL873535","26174710","26174993","55","25161722"
"KQ054734v1","1013869","1014169","GL873533","13023622","13023919","64","12009753"
"KQ054734v1","1015458","1015692","GL873704","1025178","1025421","53","9720"
"KQ054734v1","1050308","1050580","GL873537","5716740","5717017","55","4666432"
"KQ054734v1","1061056","1061219","GL873570","10511074","10511223","54","9450018"
"KQ054734v1","1085799","1086083","GL873544","17959355","17959625","63","16873556"
"KQ054734v1","1096556","1096854","GL873522","35663630","35663923","69","34567074"
"KQ054734v1","1170810","1171108","GL873538","24663308","24663595","80","23492498"
"KQ054734v1","1184551","1184852","GL873523","28431022","28431322","72","27246471"
"KQ054736v1","2901","3121","GL873531","29031742","29031916","85","29028841"
"KQ054745v1","2524","2824","GL873627","7189498","7189791","65","7186974"
"KQ054745v1","45792","46087","GL873572","9034316","9034616","68","8988524"
"KQ054745v1","54107","54227","GL873628","1649374","1649496","19","1595267"
"KQ054745v1","80923","81055","GL873590","3760335","3760466","27","3679412"
"KQ054745v1","81056","81330","GL873677","4203427","4203715","60","4122371"
"KQ054745v1","81331","81508","GL873643","1445332","1445494","51","1364001"
"KQ054745v1","105808","106066","GL873551","6980887","6981144","67","6875079"
"KQ054745v1","106976","107253","GL873544","12852108","12852394","69","12745132"
"KQ054745v1","142056","142179","GL873538","16126877","16126999","19","15984821"
"KQ054745v1","164937","165233","GL873557","7267236","7267535","64","7102299"
"KQ054745v1","172108","172401","GL873639","3932137","3932423","64","3760029"
"KQ054745v1","214649","214927","GL873678","229130","229409","57","14481"
"KQ054745v1","218742","219067","GL873520","46903199","46903512","75","46684457"
"KQ054745v1","228751","229048","GL873560","857959","858253","65","629208"
"KQ054745v1","258576","258871","GL873737","1691288","1691582","54","1432712"
"KQ054745v1","276489","276757","GL873825","388120","388377","68","111631"
"KQ054745v1","326471","326677","GL873569","11158685","11158869","64","10832214"
"KQ054745v1","327744","328051","GL873544","13109134","13109442","69","12781390"
"KQ054745v1","338927","339220","GL873545","12978830","12979129","66","12639903"
"KQ054745v1","347869","348030","GL873675","3930410","3930553","38","3582541"
"KQ054745v1","362519","362802","GL873659","109581","109858","63","252938"
"KQ054745v1","393466","393714","GL873611","4994670","4994910","69","4601204"
"KQ054745v1","405650","405841","GL873625","787508","787700","52","381858"
"KQ054745v1","437830","438112","GL873611","607167","607439","84","169337"
"KQ054745v1","466509","466796","GL873575","2687372","2687665","65","2220863"
"KQ054745v1","479319","479625","GL873615","5162108","5162422","69","4682789"
"KQ054745v1","501357","501593","GL873625","4054950","4055183","58","3553593"
"KQ054745v1","564178","564469","GL873526","4353131","4353412","50","3788953"
"KQ054745v1","575308","575621","GL873521","30769236","30769536","66","30193928"
"KQ054745v1","579939","580236","GL873523","28431022","28431322","92","27851083"
"KQ054745v1","612754","612998","GL873596","2119332","2119580","64","1506578"
"KQ054745v1","616942","617196","GL873544","16638194","16638448","66","16021252"
"KQ054745v1","736570","736699","GL873590","3850918","3851049","28","3114348"
"KQ054745v1","772781","772909","GL873524","26050935","26051053","40","25278154"
"KQ054745v1","773680","773983","GL873596","6771597","6771891","85","5997917"
"KQ054745v1","808409","808714","GL873680","2667256","2667551","61","1858847"
"KQ054745v1","829748","830028","GL873531","26742442","26742730","75","25912694"
"KQ054745v1","831298","831421","GL873535","14977489","14977613","27","14146191"
"KQ054745v1","852552","852849","GL873540","7506744","7507043","57","6654192"
"KQ054745v1","883369","883557","GL873593","2594539","2594732","45","1711170"
"KQ054745v1","899138","899395","GL873592","257349","257615","61","641789"
"KQ054745v1","915473","915772","GL873677","3216100","3216400","59","2300627"
"KQ054745v1","925631","925801","GL873520","62895587","62895754","42","61969956"
"KQ054745v1","928749","929048","GL873520","38124828","38125119","65","37196079"
"KQ054745v1","931055","931343","GL873590","643532","643818","69","287523"
"KQ054745v1","935211","935498","GL873548","14459919","14460199","75","13524708"
"KQ054745v1","939363","939549","GL873625","787508","787700","47","151855"
"KQ054745v1","947108","947412","GL873657","3029272","3029566","61","2082164"
"KQ054745v1","951686","951964","GL873563","2659773","2660053","58","1708087"
"KQ054745v1","962770","963051","GL873660","743632","743918","70","219138"
"KQ054745v1","964626","964934","GL873523","28431022","28431322","75","27466396"
"KQ054745v1","969257","969537","GL873557","3722337","3722602","67","2753080"
"KQ054745v1","974888","975181","GL873521","14599825","14600115","79","13624937"
"KQ054745v1","977674","977933","GL873530","35142614","35142866","69","34164940"
"KQ054745v1","978806","978935","GL873604","3367357","3367484","20","2388551"
"KQ054745v1","991517","991828","GL873646","5530496","5530792","93","4538979"
"KQ054745v1","1017173","1017434","GL873625","1322557","1322804","68","305384"
"KQ054745v1","1024934","1025119","GL873524","1211458","1211633","49","186524"
"KQ054745v1","1044198","1044496","GL873541","3400376","3400664","63","2356178"
"KQ054745v1","1054381","1054663","GL873538","3757160","3757448","61","2702779"
"KQ054745v1","1081224","1081497","GL873547","9628823","9629101","67","8547599"
"KQ054745v1","1096610","1096838","GL873594","9428411","9428631","61","8331801"
"KQ054745v1","1119647","1119899","GL873610","106160","106408","60","1013487"
"KQ054745v1","1130695","1130782","GL873723","2379570","2379657","18","1248875"
"KQ054745v1","1229677","1229966","GL873520","43157975","43158270","69","41928298"
"KQ054745v1","1230456","1230582","GL873530","26696256","26696387","29","25465800"
"KQ054745v1","1237746","1238049","GL873550","7755620","7755922","63","6517874"
"KQ054745v1","1304580","1304762","GL873558","3010058","3010227","55","1705478"
"KQ054747v1","3933","4250","GL873623","4501593","4501900","89","4497660"
"KQ054752v1","243","536","GL873585","1585663","1585945","69","1585420"
"KQ054756v1","24774","24879","GL873530","20031128","20031237","28","20006354"
"KQ054756v1","48791","49086","GL873523","5237401","5237693","61","5188610"
"KQ054756v1","108137","108419","GL873522","38254221","38254501","76","38146084"
"KQ054756v1","121206","121321","GL873679","188241","188357","23","67035"
"KQ054756v1","196695","196975","GL873522","17285953","17286226","75","17089258"
"KQ054756v1","293665","293960","GL873580","7238391","7238676","69","6944726"
"KQ054756v1","294293","294600","GL873680","736718","737004","86","442425"
"KQ054756v1","366145","366427","GL873606","179188","179463","63","186957"
"KQ054756v1","462029","462245","GL873611","868351","868561","70","406322"
"KQ054756v1","476183","476409","GL873526","16010419","16010645","72","15534236"
"KQ054756v1","529888","530183","GL873655","1848503","1848783","66","1318615"
"KQ054756v1","697180","697451","GL873537","24187385","24187658","75","23490205"
"KQ054756v1","737100","737398","GL873623","4501593","4501900","74","3764493"
"KQ054756v1","804629","804909","GL873542","1340847","1341130","62","536218"
"KQ054756v1","850088","850383","GL873671","1289718","1290012","62","439630"
"KQ054756v1","856929","857252","GL873527","34288780","34289088","81","33431851"
"KQ054756v1","881674","881967","GL873675","2464737","2465019","65","1583063"
"KQ054756v1","896018","896319","GL873737","1691288","1691582","62","795270"
"KQ054756v1","903581","903858","GL873524","42149014","42149308","63","41245433"
"KQ054756v1","934699","934935","GL873522","3805123","3805354","62","2870424"
"KQ054756v1","958793","959081","GL873520","38987202","38987491","73","38028409"
"KQ054756v1","1039825","1040134","GL873610","4431407","4431713","63","3391582"
"KQ054756v1","1112534","1112830","GL873610","708336","708630","62","404198"
"KQ054756v1","1115419","1115717","GL873522","112255","112554","75","1003164"
"KQ054756v1","1118622","1118926","GL873523","5237401","5237693","78","4118779"
"KQ054756v1","1180644","1180913","GL873582","5143508","5143772","69","3962864"
"KQ054756v1","1239189","1239494","GL873675","1780107","1780409","75","540918"
"KQ054756v1","1258619","1258911","GL873521","53707997","53708279","64","52449378"
"KQ054756v1","1330599","1330899","GL873544","12852108","12852394","65","11521509"
"KQ054756v1","1495596","1495847","GL873547","9656274","9656515","76","8160678"
"KQ054756v1","1512464","1512814","GL873716","850687","851011","103","661777"
"KQ054756v1","1564133","1564445","GL873530","28849581","28849879","73","27285448"
"KQ054756v1","1635021","1635330","GL873526","4353131","4353412","68","2718110"
"KQ054756v1","1655950","1656029","GL873618","3935608","3935694","21","2279658"
"KQ054756v1","1664244","1664322","GL873618","3935608","3935694","24","2271364"
"KQ054756v1","1703088","1703358","GL873521","30466554","30466836","77","28763466"
"KQ054756v1","1812169","1812470","GL873532","21611611","21611905","66","19799442"
"KQ054756v1","1814668","1814845","GL873628","7012543","7012724","42","5197875"
"KQ054756v1","1815184","1815318","GL873543","13242093","13242230","25","11426909"
"KQ054756v1","1848091","1848350","GL873538","11416277","11416524","61","9568186"
"KQ054756v1","1886025","1886314","GL873530","17375868","17376165","48","15489843"
"KQ054756v1","1924222","1924329","GL873545","1717096","1717203","19","207126"
"KQ054756v1","1948650","1948929","GL873524","33950175","33950464","73","32001525"
"KQ054756v1","1977579","1977858","GL873524","42149014","42149308","57","40171435"
"KQ054756v1","1983977","1984080","GL873631","133283","133389","25","1850694"
"KQ054756v1","2633090","2633378","GL873561","13826809","13827093","63","11193719"
"KQ054765v1","107204","107511","GL873527","22929623","22929921","74","22822419"
"KQ054765v1","298867","299160","GL873570","11394548","11394837","62","11095681"
"KQ054765v1","562890","563170","GL873551","872096","872374","68","309206"
"KQ054765v1","629039","629355","GL873538","12219285","12219590","89","11590246"
"KQ054765v1","792587","792890","GL873586","9400761","9401054","80","8608174"
"KQ054765v1","864753","865075","GL873720","1268124","1268434","78","403371"
"KQ054765v1","976703","976986","GL873526","25295506","25295789","61","24318803"
"KQ054765v1","1016167","1016453","GL873526","25289078","25289366","74","24272911"
"KQ054765v1","1049076","1049377","GL873548","13072238","13072531","73","12023162"
"KQ054765v1","1165181","1165302","GL873807","172225","172342","37","992956"
"KQ054765v1","1207353","1207628","GL873668","1698319","1698596","78","490966"
"KQ054765v1","1211583","1211876","GL873561","5355279","5355562","81","4143696"
"KQ054765v1","1321790","1322080","GL873535","12038298","12038580","57","10716508"
"KQ054765v1","1845026","1845318","GL873536","29355957","29356254","79","27510931"
"KQ054765v1","1905031","1905314","GL873536","7503407","7503677","81","5598376"
"KQ054765v1","2168256","2168568","GL873522","9323170","9323482","73","7154914"
"KQ054765v1","2227460","2227580","GL873619","2868214","2868339","28","640754"
"KQ054765v1","2232386","2232639","GL873522","35766139","35766394","65","33533753"
"KQ054765v1","2423147","2423429","GL873524","42149014","42149308","91","39725867"
"KQ054765v1","2446928","2447228","GL873531","27860265","27860563","68","25413337"
"KQ054765v1","2485308","2485621","GL873588","6897685","6897994","70","4412377"
"KQ054765v1","2493014","2493327","GL873588","6897685","6897994","69","4404671"
"KQ054765v1","2744081","2744357","GL873539","15781624","15781906","59","13037543"
"KQ054765v1","3013094","3013385","GL873540","4711812","4712090","66","1698718"
"KQ054765v1","3028786","3029113","GL873623","1693614","1693923","82","1335172"
"KQ054765v1","3058358","3058669","GL873724","2082729","2083029","84","975629"
"KQ054765v1","3175137","3175441","GL873545","20254912","20255212","77","17079775"
"KQ054765v1","3185113","3185276","GL873522","41548124","41548261","44","38363011"
"KQ054771v1","4756","5046","GL873737","1691288","1691582","63","1686532"
"KQ054776v1","37022","37316","GL873620","6199111","6199413","85","6162089"
"KQ054776v1","84320","84502","GL873549","6262277","6262457","55","6177957"
"KQ054776v1","182240","182532","GL873530","17375868","17376165","65","17193628"
"KQ054776v1","227416","227718","GL873631","1772","2067","68","225644"
"KQ054776v1","348381","348653","GL873548","17984115","17984359","70","17635734"
"KQ054776v1","378478","378765","GL873593","3958983","3959265","61","3580505"
"KQ054776v1","388606","388724","GL873619","2868214","2868339","22","2479608"
"KQ054776v1","415872","416146","GL873590","268242","268515","66","147630"
"KQ054776v1","433253","433527","GL873548","15510967","15511237","68","15077714"
"KQ054776v1","439746","440039","GL873646","5530496","5530792","63","5090750"
"KQ054776v1","456935","457205","GL873540","4711812","4712090","61","4254877"
"KQ054776v1","460094","460405","GL873530","25479833","25480146","77","25019739"
"KQ054776v1","580543","580861","GL873540","9410260","9410586","77","8829717"
"KQ054776v1","618526","618809","GL873646","1933866","1934125","81","1315340"
"KQ054776v1","623820","623918","GL873538","18412901","18412996","24","17789081"
"KQ054776v1","664267","664540","GL873525","35143537","35143806","62","34479270"
"KQ054776v1","691470","691745","GL873618","1644125","1644404","59","952655"
"KQ054776v1","692880","693155","GL873570","9393261","9393537","65","8700381"
"KQ054776v1","712421","712682","GL873525","44697145","44697424","72","43984724"
"KQ054776v1","725398","725608","GL873625","5640863","5641072","46","4915465"
"KQ054776v1","736250","736294","GL873660","823293","823333","10","87043"
"KQ054776v1","736836","736958","GL873526","19052060","19052182","24","18315224"
"KQ054776v1","759517","759806","GL873550","7755620","7755922","60","6996103"
"KQ054776v1","764783","764962","GL873558","3010058","3010227","46","2245275"
"KQ054776v1","765292","765429","GL873671","2208357","2208488","24","1443065"
"KQ054776v1","785097","785366","GL873752","219309","219580","59","565788"
"KQ054776v1","799293","799597","GL873647","3115671","3115968","67","2316378"
"KQ054776v1","802420","802722","GL873659","5088348","5088650","64","4285928"
"KQ054776v1","821401","821687","GL873536","27318293","27318570","61","26496892"
"KQ054776v1","826895","827172","GL873703","198513","198801","61","628382"
"KQ054776v1","831928","832232","GL873532","21611611","21611905","68","20779683"
"KQ054776v1","939141","939232","GL873521","6265804","6265895","18","5326663"
"KQ054776v1","939541","939755","GL873526","40957560","40957777","48","40018019"
"KQ054776v1","1047104","1047426","GL873610","4431407","4431713","70","3384303"
"KQ054776v1","1076458","1076756","GL873675","1780107","1780409","63","703649"
"KQ054776v1","1124210","1124332","GL873834","415652","415774","21","708558"
"KQ054776v1","1139424","1139692","GL873618","4797569","4797854","64","3658145"
"KQ054776v1","1163492","1163648","GL873529","24592771","24592914","41","23429279"
"KQ054776v1","1218694","1218970","GL873538","11983415","11983679","75","10764721"
"KQ054776v1","1234489","1234619","GL873544","11860634","11860766","24","10626145"
"KQ054776v1","1245627","1245875","GL873538","19756877","19757117","60","18511250"
"KQ054776v1","1247066","1247355","GL873543","21766493","21766785","60","20519427"
"KQ054776v1","1248393","1248697","GL873522","18957010","18957306","65","17708617"
"KQ054776v1","1260488","1260765","GL873634","1309573","1309845","70","49085"
"KQ054776v1","1275415","1275557","GL873543","13242093","13242230","40","11966678"
"KQ054776v1","1279382","1279696","GL873720","1268124","1268434","64","11258"
"KQ054776v1","1287282","1287584","GL873545","16381881","16382184","61","15094599"
"KQ054776v1","1303082","1303330","GL873659","4010249","4010495","60","2707167"
"KQ054776v1","1311618","1311910","GL873537","20108472","20108765","65","18796854"
"KQ054776v1","1331152","1331275","GL873520","16925416","16925538","19","15594264"
"KQ054776v1","1336937","1337242","GL873615","5162108","5162422","76","3825171"
"KQ054776v1","1490531","1490794","GL873613","1380796","1381049","58","109735"
"KQ054776v1","1494294","1494561","GL873522","18050101","18050365","61","16555807"
"KQ054776v1","1504080","1504297","GL873526","8303932","8304134","58","6799852"
"KQ054776v1","1644527","1644813","GL873560","11470153","11470449","56","9825626"
"KQ054776v1","1649302","1649618","GL873541","18220450","18220758","67","16571148"
"KQ054776v1","1681535","1681824","GL873655","1579823","1580112","73","101712"
"KQ054786v1","102042","102310","GL873531","29723463","29723734","69","29621421"
"KQ054786v1","390521","390818","GL873538","3757160","3757448","65","3366639"
"KQ054786v1","479300","479527","GL873709","110895","111095","59","368405"
"KQ054786v1","627643","627910","GL873547","17720932","17721199","57","17093289"
"KQ054786v1","688535","688729","GL873592","8422709","8422889","55","7734174"
"KQ054786v1","689631","689891","GL873715","335322","335574","63","354309"
"KQ054786v1","702033","702327","GL873544","12852108","12852394","67","12150075"
"KQ054786v1","717219","717350","GL873549","6868083","6868210","21","6150864"
"KQ054786v1","766560","766829","GL873577","9573258","9573519","57","8806698"
"KQ054786v1","807198","807505","GL873530","17375868","17376165","72","16568670"
"KQ054786v1","819177","819258","GL873549","1749117","1749199","13","929940"
"KQ054786v1","830199","830499","GL873546","7841023","7841321","61","7010824"
"KQ054786v1","846174","846259","GL873530","16405598","16405685","20","15559424"
"KQ054786v1","903958","904234","GL873570","9393261","9393537","53","8489303"
"KQ054786v1","929833","930135","GL873629","2404203","2404499","67","1474370"
"KQ054786v1","932522","932813","GL873557","8775388","8775677","56","7842866"
"KQ054786v1","939144","939484","GL873618","1473946","1474256","97","534802"
"KQ054786v1","954151","954415","GL873529","2111232","2111488","87","1157081"
"KQ054786v1","965643","965948","GL873520","48675796","48676094","72","47710153"
"KQ054786v1","996296","996427","GL873537","6930739","6930868","24","5934443"
"KQ054786v1","1000903","1001197","GL873629","2465427","2465711","58","1464524"
"KQ054786v1","1010188","1010502","GL873577","10149931","10150226","72","9139743"
"KQ054786v1","1087783","1088053","GL873557","13615508","13615790","62","12527725"
"KQ054786v1","1089449","1089695","GL873664","1391248","1391483","58","301799"
"KQ054786v1","1095673","1095838","GL873526","524997","525159","51","570676"
"KQ054786v1","1096155","1096277","GL873537","19694696","19694821","38","18598541"
"KQ054786v1","1114448","1114665","GL873558","6619436","6619658","49","5504988"
"KQ054786v1","1126578","1126842","GL873618","216646","216898","73","909932"
"KQ054786v1","1135405","1135684","GL873544","19347362","19347661","84","18211957"
"KQ054786v1","1140732","1140764","GL873523","26353643","26353678","17","25212911"
"KQ054786v1","1141083","1141224","GL873606","2041246","2041381","30","900163"
"KQ054786v1","1141563","1141835","GL873618","216646","216898","67","924917"
"KQ054786v1","1145210","1145415","GL873557","5125101","5125304","49","3979891"
"KQ054786v1","1153815","1154069","GL873618","216646","216898","71","937169"
"KQ054786v1","1166753","1167007","GL873618","216646","216898","71","950107"
"KQ054786v1","1174720","1174924","GL873586","8236164","8236367","44","7061444"
"KQ054786v1","1175641","1175923","GL873675","427479","427762","67","748162"
"KQ054786v1","1181881","1182178","GL873533","23793613","23793905","54","22611732"
"KQ054786v1","1218496","1218620","GL873542","11494580","11494704","20","10276084"
"KQ054786v1","1221149","1221303","GL873701","988823","988949","67","232326"
"KQ054786v1","1226285","1226566","GL873566","10700480","10700761","51","9474195"
"KQ054786v1","1234386","1234568","GL873620","5777308","5777489","49","4542922"
"KQ054786v1","1236920","1237188","GL873531","19349136","19349405","63","18112216"
"KQ054786v1","1242857","1243038","GL873556","5873144","5873328","48","4630287"
"KQ054786v1","1244591","1244889","GL873642","4788966","4789230","90","3544375"
"KQ054786v1","1248019","1248193","GL873527","13153135","13153309","44","11905116"
"KQ054786v1","1248514","1248646","GL873526","19257262","19257383","30","18008748"
"KQ054786v1","1251944","1252074","GL873526","19257262","19257383","32","18005318"
"KQ054786v1","1266227","1266537","GL873529","36224519","36224826","77","34958292"
"KQ054786v1","1272534","1272774","GL873568","3901993","3902245","67","2629459"
"KQ054786v1","1273138","1273257","GL873528","3215053","3215168","24","1941915"
"KQ054786v1","1274799","1274915","GL873563","2893911","2894027","30","1619112"
"KQ054786v1","1280677","1280912","GL873532","2962544","2962792","71","1681867"
"KQ054786v1","1281276","1281395","GL873528","3215053","3215168","24","1933777"
"KQ054786v1","1282950","1283069","GL873529","3474452","3474569","29","2191502"
"KQ054786v1","1285835","1286108","GL873553","14896848","14897122","68","13611013"
"KQ054786v1","1306123","1306388","GL873579","623855","624122","67","682268"
"KQ054786v1","1318370","1318663","GL873635","3120419","3120703","79","1802049"
"KQ054786v1","1353133","1353289","GL873743","664335","664489","45","688798"
"KQ054786v1","1371166","1371321","GL873743","664335","664489","40","706831"
"KQ054786v1","1373996","1374236","GL873540","20654782","20655010","68","19280786"
"KQ054786v1","1379469","1379744","GL873547","12030162","12030439","62","10650693"
"KQ054786v1","1380707","1380998","GL873540","20000665","20000956","68","18619958"
"KQ054786v1","1392542","1392818","GL873827","72425","72690","72","1320117"
"KQ054786v1","1434823","1435113","GL873543","2904962","2905248","62","1470139"
"KQ054786v1","1471192","1471493","GL873575","2687372","2687665","78","1216180"
"KQ054786v1","1472390","1472702","GL873530","28263781","28264089","75","26791391"
"KQ054786v1","1489103","1489310","GL873615","2634394","2634603","51","1145291"
"KQ054786v1","1492477","1492739","GL873529","22442130","22442401","58","20949653"
"KQ054786v1","1533742","1534025","GL873619","6784686","6784969","63","5250944"
"KQ054786v1","1562138","1562348","GL873531","29211214","29211412","52","27649076"
"KQ054786v1","1562681","1562796","GL873539","7997784","7997900","21","6435103"
"KQ054786v1","1564831","1565144","GL873530","25617673","25617981","58","24052842"
"KQ054786v1","1585072","1585355","GL873524","44704288","44704562","68","43119216"
"KQ054786v1","1600395","1600692","GL873533","11386997","11387294","66","9786602"
"KQ054786v1","1615412","1615709","GL873527","11533238","11533536","76","9917826"
"KQ054786v1","1621296","1621556","GL873522","36470419","36470671","52","34849123"
"KQ054786v1","1647144","1647426","GL873540","4711812","4712090","55","3064668"
"KQ054786v1","1650924","1651234","GL873561","9330005","9330309","75","7679081"
"KQ054786v1","1678520","1678817","GL873586","8120080","8120363","70","6441560"
"KQ054795v1","47576","47847","AAQR03198408","145","416","74","47431"
"KQ054795v1","85952","86249","GL873596","3562116","3562414","71","3476164"
"KQ054795v1","98398","98495","GL873813","632664","632760","20","534266"
"KQ054795v1","115147","115273","GL873786","557088","557212","23","441941"
"KQ054795v1","161218","161478","GL873645","5189472","5189754","63","5028254"
"KQ054795v1","178523","178832","GL873520","69943364","69943673","72","69764841"
"KQ054795v1","183895","184167","GL873571","10865279","10865547","70","10681384"
"KQ054795v1","244435","244733","GL873557","10453422","10453715","78","10208987"
"KQ054795v1","401600","401743","GL873533","13896451","13896593","39","13494851"
"KQ054795v1","420275","420600","GL873645","2658706","2659010","78","2238431"
"KQ054795v1","448982","449266","GL873531","29723463","29723734","68","29274481"
"KQ054795v1","484533","484706","GL873589","9801807","9801983","42","9317274"
"KQ054795v1","656772","657057","GL873550","9167374","9167653","71","8510602"
"KQ054795v1","718047","718332","GL873561","13826809","13827093","65","13108762"
"KQ054795v1","914920","915179","GL873610","6508308","6508582","63","5593388"
"KQ054795v1","938738","939052","GL873541","18220450","18220758","70","17281712"
"KQ054795v1","969063","969355","GL873704","1496866","1497150","77","527803"
"KQ054795v1","1001801","1001995","GL873530","27752066","27752252","53","26750265"
"KQ054795v1","1267672","1267979","GL873578","2294100","2294405","76","1026428"
"KQ054795v1","1367062","1367415","GL873532","12756529","12756867","96","11389467"
"KQ054795v1","1495077","1495377","GL873532","21611611","21611905","58","20116534"
"KQ054795v1","1515139","1515402","GL873629","2967834","2968093","51","1452695"
"KQ054795v1","1716232","1716527","GL873544","12852108","12852394","61","11135876"
"KQ054795v1","1728286","1728585","GL873544","10503361","10503660","61","8775075"
"KQ054795v1","1735235","1735548","GL873520","48675796","48676094","63","46940561"
"KQ054795v1","1737189","1737470","GL873557","8667620","8667908","65","6930431"
"KQ054795v1","1746793","1747076","GL873659","3462845","3463127","63","1716052"
"KQ054795v1","1805097","1805388","GL873532","1534117","1534406","60","270980"
"KQ054795v1","1805432","1805452","GL873558","9911706","9911723","4","8106274"
"KQ054795v1","1846721","1847025","GL873720","1268124","1268434","58","578597"
"KQ054795v1","1926766","1927059","GL873553","2633265","2633556","71","706499"
"KQ054795v1","1953153","1953428","GL873611","4773367","4773653","81","2820214"
"KQ054795v1","1953642","1953908","GL873530","27051819","27052082","55","25098177"
"KQ054795v1","2009457","2009751","GL873664","4813585","4813876","84","2804128"
"KQ054795v1","2026274","2026559","GL873531","29723463","29723734","76","27697189"
"KQ054795v1","2034437","2034715","GL873547","19403238","19403527","64","17368801"
"KQ054795v1","2050548","2050853","GL873524","42149014","42149308","62","40098466"
"KQ054795v1","2052931","2053170","GL873632","5546235","5546488","73","3493304"
"KQ054795v1","2058308","2058605","GL873603","7397768","7398060","63","5339460"
"KQ054795v1","2146999","2147232","GL873646","751820","752051","62","1395179"
"KQ054795v1","2166556","2166854","GL873525","8368691","8368984","58","6202135"
"KQ054795v1","2231396","2231682","GL873556","9352595","9352868","85","7121199"
"KQ054795v1","2238501","2238795","GL873537","20108472","20108765","51","17869971"
"KQ054795v1","2240683","2240973","GL873523","28857284","28857574","75","26616601"
"KQ054795v1","2241560","2241862","GL873612","2357949","2358251","77","116389"
"KQ054795v1","2264666","2264789","GL873611","7381687","7381809","22","5117021"
"KQ054795v1","2272516","2272794","GL873523","5398253","5398525","69","3125737"
"KQ054795v1","2284317","2284486","GL873618","4075725","4075890","43","1791408"
"KQ054795v1","2315162","2315452","GL873562","11382494","11382780","61","9067332"
"KQ054795v1","2345997","2346251","GL873563","2661732","2661982","55","315735"
"KQ054795v1","2354598","2354881","GL873530","21594334","21594610","64","19239736"
"KQ054795v1","2356294","2356569","GL873563","10148087","10148345","67","7791793"
"KQ054795v1","2365972","2366211","GL873539","2856357","2856613","69","490385"
"KQ054795v1","2369274","2369570","GL873643","4292639","4292935","65","1923365"
"KQ054795v1","2370928","2371211","GL873526","4353131","4353412","70","1982203"
"KQ054795v1","2376746","2377009","GL873678","628908","629161","73","1747838"
"KQ054795v1","2390288","2390572","GL873532","20765555","20765844","72","18375267"
"KQ054795v1","2401001","2401289","GL873520","43157975","43158270","58","40756974"
"KQ054795v1","2422228","2422524","GL873545","17052684","17052979","63","14630456"
"KQ054795v1","2424456","2424631","GL873615","7632547","7632726","44","5208091"
"KQ054795v1","2434072","2434335","GL873586","6188572","6188814","76","3754500"
"KQ054795v1","2436273","2436521","GL873548","17984115","17984359","64","15547842"
"KQ054795v1","2436567","2436870","GL873520","48675796","48676094","59","46239229"
"KQ054795v1","2447671","2447957","GL873570","9393261","9393537","70","6945590"
"KQ054795v1","2449073","2449396","GL873520","38764685","38764975","94","36315612"
"KQ054795v1","2449549","2449766","GL873556","89924","90143","50","2359625"
"KQ054795v1","2453269","2453454","GL873754","1344994","1345175","45","1108275"
"KQ054795v1","2456688","2456976","GL873562","667494","667788","67","1789194"
"KQ054795v1","2465992","2466257","GL873535","20885467","20885726","70","18419475"
"KQ054795v1","2467528","2467823","GL873800","736311","736599","62","1731217"
"KQ054795v1","2472034","2472276","GL873523","39518511","39518749","69","37046477"
"KQ054795v1","2501453","2501664","GL873530","17384703","17384931","69","14883250"
"KQ054795v1","2510319","2510589","GL873593","2507984","2508249","57","2335"
"KQ054795v1","2537281","2537568","GL873525","33055425","33055699","71","30518144"
"KQ054795v1","2545250","2545551","GL873606","683513","683807","71","1861737"
"KQ054795v1","2555786","2555900","GL873623","7114071","7114171","34","4558285"
"KQ054795v1","2563467","2563765","GL873596","3562116","3562414","75","998649"
"KQ054795v1","2570894","2570953","GL873524","3481713","3481772","18","910819"
"KQ054795v1","2580836","2581135","GL873537","19974253","19974540","91","17393417"
"KQ054795v1","2584330","2584643","GL873565","9727836","9728152","71","7143506"
"KQ054795v1","2596295","2596571","GL873624","5660177","5660468","69","3063882"
"KQ054795v1","2615958","2616242","GL873520","29216303","29216579","105","26600345"
"KQ054795v1","2618932","2619221","GL873729","432103","432405","68","2186829"
"KQ054795v1","2624370","2624660","GL873790","430011","430293","70","2194359"
"KQ054795v1","2636010","2636281","GL873522","26431469","26431747","59","23795459"
"KQ054795v1","2756330","2756621","GL873737","1691288","1691582","68","1065042"
"KQ054795v1","2761743","2761853","GL873538","1858679","1858785","24","903064"
"KQ054795v1","2777933","2778061","GL873590","4475556","4475680","28","1697623"
"KQ054795v1","2833183","2833488","GL873550","14365620","14365932","71","11532437"
"KQ054795v1","2842225","2842528","GL873545","12978830","12979129","69","10136605"
"KQ054797v1","1957","2174","GL873529","36944120","36944337","60","36942163"
"KQ054802v1","682","850","GL873531","27593197","27593341","62","27592515"
"KQ054802v1","1173","1235","GL873560","10881137","10881193","18","10879964"
"KQ054804v1","33932","34191","GL873611","607167","607439","73","573235"
"KQ054804v1","37564","37861","GL873520","38124828","38125119","61","38087264"
"KQ054804v1","83470","83756","GL873577","10149931","10150226","60","10066461"
"KQ054804v1","100319","100594","GL873577","10149931","10150226","80","10049612"
"KQ054804v1","117091","117350","GL873646","467878","468137","60","350787"
"KQ054804v1","142255","142528","GL873525","8931053","8931313","71","8788798"
"KQ054804v1","177026","177198","GL873562","2442745","2442897","59","2265719"
"KQ054804v1","216109","216397","GL873537","20108472","20108765","53","19892363"
"KQ054804v1","217571","217862","GL873575","2687372","2687665","65","2469801"
"KQ054804v1","247500","247753","GL873836","303619","303864","64","56119"
"KQ054804v1","286014","286263","GL873554","2413383","2413629","61","2127369"
"KQ054804v1","289025","289309","GL873526","25295506","25295789","56","25006481"
"KQ054804v1","442835","442958","GL873567","8402776","8402899","22","7959941"
"KQ054804v1","487145","487437","GL873738","1635488","1635766","66","1148343"
"KQ054804v1","617762","618057","GL873543","2904962","2905248","79","2287200"
"KQ054804v1","618179","618438","GL873538","2102031","2102304","75","1483852"
"KQ054804v1","649853","650134","GL873523","7327314","7327595","68","6677461"
"KQ054804v1","650255","650511","GL873627","4237922","4238189","78","3587667"
"KQ054804v1","688123","688442","GL873602","8209282","8209594","80","7521159"
"KQ054804v1","724045","724276","GL873743","493025","493244","59","231020"
"KQ054804v1","743194","743504","GL873527","23749251","23749546","63","23006057"
"KQ054804v1","750961","751265","GL873540","19013371","19013667","70","18262410"
"KQ054804v1","751279","751401","GL873834","415652","415774","21","335627"
"KQ054804v1","752715","752904","GL873520","1429502","1429686","55","676787"
"KQ054804v1","761583","761707","GL873523","18559675","18559796","26","17798092"
"KQ054804v1","769051","769170","GL873523","18559675","18559796","33","17790624"
"KQ054804v1","801297","801604","GL873671","1289718","1290012","73","488421"
"KQ054804v1","802786","803059","GL873653","2712699","2712966","64","1909913"
"KQ054804v1","809576","809879","GL873565","13765178","13765486","54","12955602"
"KQ054804v1","814611","814899","GL873613","4450657","4450940","59","3636046"
"KQ054804v1","817403","817528","GL873768","1061203","1061325","22","243800"
"KQ054804v1","836037","836300","GL873544","12852108","12852394","67","12016071"
"KQ054804v1","844277","844572","GL873769","656484","656780","61","187793"
"KQ054804v1","857752","858019","GL873565","13702687","13702940","55","12844935"
"KQ054804v1","901490","901675","GL873525","33138137","33138305","54","32236647"
"KQ054804v1","910830","911130","GL873620","6795585","6795887","62","5884755"
"KQ054804v1","917834","918115","GL873571","11119451","11119729","56","10201617"
"KQ054804v1","919678","919967","GL873523","7327314","7327595","69","6407636"
"KQ054804v1","924657","924926","GL873550","17645061","17645322","69","16720404"
"KQ054804v1","936752","936959","GL873805","948213","948404","50","11461"
"KQ054804v1","953459","953644","GL873538","9695887","9696072","46","8742428"
"KQ054804v1","957986","958274","GL873535","19107934","19108221","77","18149948"
"KQ054804v1","978674","978975","GL873557","2671169","2671463","68","1692495"
"KQ054804v1","1026808","1027099","GL873593","480828","481113","67","545980"
"KQ054804v1","1032942","1033225","GL873547","14329017","14329292","63","13296075"
"KQ054804v1","1036792","1036916","GL873601","6334962","6335086","19","5298170"
"KQ054804v1","1043689","1044012","GL873720","1268124","1268434","68","224435"
"KQ054804v1","1053673","1053940","GL873560","12765250","12765518","53","11711577"
"KQ054804v1","1082092","1082377","GL873590","268242","268515","74","813850"
"KQ054804v1","1084668","1084953","GL873532","17044604","17044891","63","15959936"
"KQ054804v1","1091461","1091773","GL873530","17375868","17376165","75","16284407"
"KQ054804v1","1154707","1154770","GL873721","2","63","14","1154705"
"KQ054804v1","1155106","1155287","GL873613","1163416","1163603","47","8310"
"KQ054804v1","1175084","1175355","GL873547","14329017","14329292","70","13153933"
"KQ054804v1","1181304","1181585","GL873565","10233673","10233950","56","9052369"
"KQ054804v1","1187675","1187973","GL873565","13378525","13378832","56","12190850"
"KQ054804v1","1206589","1206813","GL873520","28409160","28409392","59","27202571"
"KQ054804v1","1218603","1218898","GL873595","2668251","2668538","64","1449648"
"KQ054804v1","1225852","1226149","GL873572","6984999","6985295","66","5759147"
"KQ054804v1","1262247","1262542","GL873524","42149014","42149308","54","40886767"
"KQ054804v1","1335533","1335857","GL873523","8076383","8076689","80","6740850"
"KQ054804v1","1368095","1368404","GL873644","1348249","1348555","59","19846"
"KQ054804v1","1390549","1390857","GL873526","28619796","28620107","62","27229247"
"KQ054804v1","1395418","1395591","GL873531","2636452","2636619","50","1241034"
"KQ054804v1","1420007","1420246","GL873527","10603696","10603933","67","9183689"
"KQ054804v1","1420569","1420629","GL873538","6263052","6263111","12","4842483"
"KQ054804v1","1437084","1437393","GL873534","14579775","14580079","71","13142691"
"KQ054804v1","1448231","1448506","GL873572","202555","202827","69","1245676"
"KQ054804v1","1466862","1467035","GL873681","3131614","3131780","45","1664752"
"KQ054804v1","1475998","1476273","GL873700","423134","423410","62","1052864"
"KQ054804v1","1476928","1477093","GL873525","45590103","45590274","45","44113175"
"KQ054804v1","1489472","1489759","GL873528","8480165","8480458","77","6990693"
"KQ054804v1","1493546","1493658","GL873534","1249588","1249700","19","243958"
"KQ054804v1","1496255","1496565","GL873615","5162108","5162422","66","3665853"
"KQ054804v1","1514419","1514692","GL873565","13021413","13021691","57","11506994"
"KQ054804v1","1519741","1519999","GL873558","10449400","10449656","64","8929659"
"KQ054804v1","1539958","1540276","GL873550","7048855","7049157","64","5508897"
"KQ054804v1","1565838","1566104","GL873527","16315138","16315421","58","14749300"
"KQ054804v1","1583633","1583890","GL873541","22629511","22629772","61","21045878"
"KQ054804v1","1587591","1587791","GL873536","29470838","29471040","48","27883247"
"KQ054804v1","1589033","1589315","GL873548","16911479","16911770","64","15322446"
"KQ054804v1","1605753","1606048","GL873566","8955078","8955373","56","7349325"
"KQ054804v1","1629110","1629449","GL873525","27816917","27817223","88","26187807"
"KQ054804v1","1647865","1648165","GL873530","28849581","28849879","66","27201716"
"KQ054804v1","1679356","1679497","GL873571","7449959","7450103","49","5770603"
"KQ054804v1","1679824","1679959","GL873675","3979266","3979395","27","2299442"
"KQ054804v1","1700198","1700503","GL873646","5530496","5530792","72","3830298"
"KQ054804v1","1720424","1720717","GL873522","4222168","4222461","47","2501744"
"KQ054804v1","1723107","1723305","GL873530","21916551","21916742","46","20193444"
"KQ054804v1","1745437","1745712","GL873538","23406111","23406389","58","21660674"
"KQ054804v1","1751111","1751418","GL873558","11891524","11891812","72","10140413"
"KQ054804v1","1767850","1768129","GL873613","4450657","4450940","62","2682807"
"KQ054804v1","1773118","1773237","GL873530","19767980","19768099","26","17994862"
"KQ054804v1","1786743","1787014","GL873532","12767759","12768025","74","10981016"
"KQ054804v1","1787017","1787132","GL873618","967023","967136","26","819994"
"KQ054804v1","1804432","1804734","GL873558","11845040","11845343","59","10040608"
"KQ054804v1","1843389","1843511","GL873637","3392350","3392471","22","1548961"
"KQ054804v1","1899387","1899678","GL873545","12978830","12979129","67","11079443"
"KQ054804v1","1958776","1959079","GL873521","4276201","4276500","59","2317425"
"KQ054815v1","38096","38413","GL873520","60007941","60008240","84","59969845"
"KQ054815v1","196125","196246","GL873528","6889069","6889185","29","6692944"
"KQ054815v1","196580","196728","GL873602","6306525","6306678","41","6109945"
"KQ054815v1","215939","216049","GL873593","3704441","3704551","29","3488502"
"KQ054815v1","216377","216553","GL873548","16420712","16420892","50","16204335"
"KQ054815v1","263661","263811","GL873570","9224215","9224347","54","8960554"
"KQ054815v1","312172","312469","GL873548","13072238","13072531","63","12760066"
"KQ054815v1","321739","321988","GL873540","3122886","3123144","58","2801147"
"KQ054815v1","323625","323932","GL873561","11527410","11527710","73","11203785"
"KQ054815v1","342929","343225","GL873569","2257365","2257661","65","1914436"
"KQ054815v1","363042","363318","GL873548","15510967","15511237","67","15147925"
"KQ054815v1","392682","392980","GL873565","12300518","12300811","71","11907836"
"KQ054815v1","410448","410759","GL873529","21530252","21530551","64","21119804"
"KQ054815v1","489912","490148","GL873538","11489564","11489799","56","10999652"
"KQ054815v1","527978","528280","GL873521","7760866","7761169","74","7232888"
"KQ054815v1","541844","542140","GL873537","2276824","2277122","58","1734980"
"KQ054815v1","622011","622307","GL873714","699264","699554","71","77253"
"KQ054815v1","807760","807908","GL873575","160986","161130","44","646774"
"KQ054815v1","885420","885718","GL873646","5530496","5530792","66","4645076"
"KQ054815v1","896125","896454","GL873615","6169470","6169784","85","5273345"
"KQ054815v1","980370","980624","GL873762","1412192","1412435","73","431822"
"KQ054815v1","1231556","1231852","GL873540","11122200","11122500","81","9890644"
"KQ054815v1","1286132","1286426","GL873565","467680","467977","65","818452"
"KQ054815v1","1427293","1427567","GL873520","28261616","28261886","71","26834323"
"KQ054815v1","1498117","1498391","GL873526","27363782","27364052","61","25865665"
"KQ054815v1","1508579","1508859","GL873530","26485863","26486146","66","24977284"
"KQ054815v1","1526288","1526598","GL873625","3330882","3331184","74","1804594"
"KQ054815v1","1530149","1530418","GL873570","9393261","9393537","59","7863112"
"KQ054815v1","1563278","1563555","GL873546","13425284","13425575","78","11862006"
"KQ054815v1","1567108","1567399","GL873584","10201756","10202045","63","8634648"
"KQ054815v1","1574472","1574784","GL873530","29857042","29857349","74","28282570"
"KQ054815v1","1615732","1616032","GL873528","38517246","38517537","76","36901514"
"KQ054815v1","1624485","1624763","GL873554","1893191","1893471","69","268706"
"KQ054815v1","1640547","1640838","GL873731","181058","181352","61","1459489"
"KQ054815v1","1645996","1646125","GL873533","1211222","1211352","23","434774"
"KQ054815v1","1654024","1654321","GL873575","2687372","2687665","67","1033348"
"KQ054815v1","1660530","1660725","GL873637","2716038","2716227","48","1055508"
"KQ054815v1","1672755","1672879","GL873628","1649374","1649496","18","23381"
"KQ054815v1","1685237","1685357","GL873628","1649374","1649496","18","35863"
"KQ054815v1","1718428","1718692","GL873535","9738591","9738868","66","8020163"
"KQ054815v1","1752866","1753208","GL873577","7611226","7611549","103","5858360"
"KQ054815v1","1808132","1808410","GL873527","16315138","16315421","70","14507006"
"KQ054815v1","1983261","1983546","GL873524","42149014","42149308","56","40165753"
"KQ054815v1","1988907","1989201","GL873648","3181333","3181624","72","1192426"
"KQ054815v1","1994440","1994722","GL873544","12852108","12852394","60","10857668"
"KQ054815v1","2104837","2105139","GL873529","15416718","15417016","69","13311881"
"KQ054815v1","2112364","2112666","GL873567","782870","783161","85","1329494"
"KQ054815v1","2140930","2141192","GL873520","42967256","42967520","57","40826326"
"KQ054815v1","2440090","2440381","GL873530","13068309","13068591","76","10628219"
"KQ054815v1","2636259","2636534","GL873631","1864197","1864472","70","772062"
"KQ054815v1","2684617","2684899","GL873573","3460770","3461035","79","776153"
"KQ054815v1","2696811","2697022","GL873615","1939870","1940077","50","756941"
"KQ054815v1","2704547","2704842","GL873834","390670","390970","58","2313877"
"KQ054815v1","2867723","2867872","GL873539","20029674","20029825","46","17161951"
"KQ054815v1","2885441","2885705","GL873547","14329017","14329292","70","11443576"
"KQ054815v1","2963708","2963987","GL873540","16616058","16616333","71","13652350"
"KQ054815v1","3075994","3076270","GL873752","219309","219580","62","2856685"
"KQ054815v1","3100293","3100573","GL873550","6945626","6945897","69","3845333"
"KQ054815v1","3102809","3103090","GL873520","39908180","39908461","70","36805371"
"KQ054815v1","3153596","3153888","GL873546","18307234","18307526","74","15153638"
"KQ054815v1","3207014","3207300","GL873540","7071727","7072005","81","3864713"
"KQ054815v1","3318030","3318231","GL873540","24947546","24947758","58","21629516"
"KQ054815v1","3549827","3549948","GL873550","15022505","15022626","23","11472678"
"KQ054815v1","3550519","3550832","GL873531","7737071","7737388","86","4186552"
"KQ054815v1","3657957","3658264","GL873530","28263781","28264089","73","24605824"
"KQ054818v1","8532","8767","GL873544","21041474","21041704","51","21032942"
"KQ054820v1","7490","7772","GL873693","2634108","2634374","60","2626618"
"KQ054821v1","675","984","GL873527","11533238","11533536","62","11532563"
"KQ054821v1","1526","1677","GL873533","13896451","13896593","32","13894925"
"KQ054821v1","4645","4938","GL873619","5292487","5292792","61","5287842"
"KQ054826v1","6029119","6029405","GL873639","6063193","6063485","73","34074"
"KQ054826v1","77661","77945","GL873754","1754489","1754787","62","1676828"
"KQ054826v1","98549","98707","GL873595","4649390","4649548","33","4550841"
"KQ054826v1","183781","184082","GL873554","1221123","1221419","70","1037342"
"KQ054826v1","267464","267783","GL873573","8317112","8317419","79","8049648"
"KQ054826v1","309858","310047","GL873525","28490691","28490876","64","28180833"
"KQ054826v1","310049","310363","GL873661","1884549","1884860","62","1574500"
"KQ054826v1","344479","344763","GL873596","8378412","8378699","64","8033933"
"KQ054826v1","357999","358294","GL873522","4222168","4222461","57","3864169"
"KQ054826v1","456428","456709","GL873653","487389","487672","58","30961"
"KQ054826v1","486516","486786","GL873527","34181252","34181528","71","33694736"
"KQ054826v1","526936","527061","GL873601","6334962","6335086","23","5808026"
"KQ054826v1","541115","541426","GL873715","467769","468069","72","73346"
"KQ054826v1","640018","640193","GL873670","2286620","2286812","45","1646602"
"KQ054826v1","691731","692024","GL873771","1211046","1211325","62","519315"
"KQ054826v1","968573","968871","GL873660","705565","705863","57","263008"
"KQ054826v1","1009954","1010244","GL873611","6802065","6802336","77","5792111"
"KQ054826v1","1042656","1042882","GL873539","20009899","20010128","61","18967243"
"KQ054826v1","1083304","1083614","GL873720","1268124","1268434","69","184820"
"KQ054826v1","1423753","1424041","GL873528","5032075","5032370","71","3608322"
"KQ054826v1","1540046","1540191","GL873541","18539424","18539558","39","16999378"
"KQ054826v1","1582465","1582760","GL873646","5530496","5530792","79","3948031"
"KQ054826v1","1588027","1588342","GL873540","21071517","21071821","80","19483490"
"KQ054826v1","1654186","1654461","GL873626","5747393","5747672","71","4093207"
"KQ054826v1","1706567","1706886","GL873800","9534","9840","72","1697033"
"KQ054826v1","1744685","1744982","GL873697","219668","219960","69","1525017"
"KQ054826v1","1788213","1788520","GL873542","9313163","9313452","89","7524950"
"KQ054826v1","1990029","1990333","GL873720","1268124","1268434","63","721905"
"KQ054826v1","2157109","2157420","GL873526","9439587","9439898","66","7282478"
"KQ054826v1","2173725","2173844","GL873541","2356868","2356988","21","183143"
"KQ054826v1","2200591","2200873","GL873599","3962151","3962437","71","1761560"
"KQ054826v1","2229097","2229216","GL873644","384890","385010","25","1844207"
"KQ054826v1","2231647","2231933","GL873525","45424290","45424576","55","43192643"
"KQ054826v1","2299449","2299664","GL873522","2156925","2157139","63","142524"
"KQ054826v1","2305739","2306023","GL873522","25185925","25186218","63","22880186"
"KQ054826v1","2332279","2332578","GL873624","3973803","3974104","81","1641524"
"KQ054826v1","2412544","2412798","GL873660","743632","743918","82","1668912"
"KQ054826v1","2429429","2429727","GL873522","16444756","16445043","66","14015327"
"KQ054826v1","2544475","2544782","GL873528","5964681","5964981","79","3420206"
"KQ054826v1","2701005","2701300","GL873522","8095500","8095795","55","5394495"
"KQ054826v1","2821138","2821422","GL873579","984876","985165","66","1836262"
"KQ054826v1","2823320","2823553","GL873539","20009899","20010128","64","17186579"
"KQ054826v1","2831801","2832017","GL873716","2147222","2147420","63","684579"
"KQ054826v1","2874576","2874810","GL873539","20009899","20010128","56","17135323"
"KQ054826v1","2922643","2922924","GL873752","219309","219580","61","2703334"
"KQ054826v1","2925827","2926137","GL873550","7048855","7049157","56","4123028"
"KQ054826v1","2936613","2936811","GL873526","8303932","8304134","50","5367319"
"KQ054826v1","2945177","2945456","GL873596","8979189","8979479","60","6034012"
"KQ054826v1","2953930","2954062","GL873529","20178756","20178885","26","17224826"
"KQ054826v1","2975386","2975488","GL873571","7743843","7743945","20","4768457"
"KQ054826v1","3012750","3012872","GL873587","448922","449042","24","2563828"
"KQ054826v1","3013082","3013368","GL873586","3828887","3829179","64","815805"
"KQ054826v1","3066101","3066255","GL873533","28250206","28250364","43","25184105"
"KQ054826v1","3087336","3087630","GL873643","3346796","3347084","65","259460"
"KQ054826v1","3108265","3108552","GL873599","3356840","3357124","67","248575"
"KQ054826v1","3159667","3159960","GL873527","33994216","33994504","70","30834549"
"KQ054826v1","3191507","3191791","GL873520","30319551","30319845","82","27128044"
"KQ054826v1","3239200","3239432","GL873540","20244038","20244273","62","17004838"
"KQ054826v1","3266312","3266446","GL873520","24084579","24084710","30","20818267"
"KQ054826v1","3278158","3278283","GL873587","448922","449042","21","2829236"
"KQ054826v1","3357012","3357299","GL873667","538898","539194","58","2818114"
"KQ054826v1","3417531","3417812","GL873663","2383516","2383802","68","1034015"
"KQ054826v1","3474968","3475270","GL873585","10390514","10390792","91","6915546"
"KQ054826v1","3478482","3478771","GL873536","8091707","8091994","59","4613225"
"KQ054826v1","3509300","3509537","GL873527","15301459","15301695","62","11792159"
"KQ054826v1","3516562","3516811","GL873552","9534789","9535042","80","6018227"
"KQ054826v1","3584926","3585231","GL873523","8076383","8076689","69","4491457"
"KQ054826v1","3726556","3726847","GL873568","10563353","10563640","67","6836797"
"KQ054826v1","3738868","3739167","GL873579","9802541","9802838","63","6063673"
"KQ054826v1","4014363","4014671","GL873624","4145937","4146255","75","131574"
"KQ054826v1","4030676","4030748","GL873588","1229227","1229302","22","2801449"
"KQ054826v1","4031356","4031600","GL873646","1358238","1358497","65","2673118"
"KQ054826v1","4039117","4039396","GL873571","4376871","4377133","83","337754"
"KQ054826v1","4090538","4090812","GL873547","4533662","4533928","63","443124"
"KQ054826v1","4141428","4141717","GL873601","556601","556885","67","3584827"
"KQ054826v1","4146703","4146800","GL873622","3868541","3868632","21","278162"
"KQ054826v1","4179464","4179770","GL873524","42149014","42149308","66","37969550"
"KQ054826v1","4221258","4221531","GL873534","15140925","15141195","52","10919667"
"KQ054826v1","4273711","4274015","GL873522","25185925","25186218","63","20912214"
"KQ054826v1","4356176","4356462","GL873706","2922742","2923027","77","1433434"
"KQ054826v1","4440323","4440600","GL873831","601303","601573","70","3839020"
"KQ054826v1","4453156","4453411","GL873547","14195005","14195265","76","9741849"
"KQ054826v1","4475976","4476261","GL873520","38124828","38125119","72","33648852"
"KQ054826v1","4512929","4513133","GL873526","3895419","3895608","49","617510"
"KQ054826v1","4612097","4612248","GL873648","3125191","3125338","43","1486906"
"KQ054826v1","4846324","4846612","GL873545","4247016","4247292","74","599308"
"KQ054826v1","4916818","4917090","GL873557","11868215","11868476","64","6951397"
"KQ054826v1","5337299","5337600","GL873530","16695374","16695671","59","11358075"
"KQ054826v1","5509062","5509352","GL873544","12852108","12852394","54","7343046"
"KQ054826v1","5556277","5556574","GL873557","7046743","7047040","59","1490466"
"KQ054826v1","5594298","5594591","GL873633","150694","150987","59","5443604"
"KQ054826v1","5602930","5603215","GL873543","2904962","2905248","61","2697968"
"KQ054826v1","5636575","5636661","GL873522","25088768","25088853","13","19452193"
"KQ054826v1","5705463","5705742","GL873599","3962151","3962437","61","1743312"
"KQ054826v1","5711445","5711732","GL873537","20108472","20108765","61","14397027"
"KQ054826v1","5739474","5739732","GL873524","6442520","6442766","67","703046"
"KQ054826v1","5789175","5789435","GL873537","23122023","23122288","67","17332848"
"KQ054826v1","5789551","5789694","GL873715","2056021","2056164","33","3733530"
"KQ054826v1","5791652","5791887","GL873587","2132152","2132387","67","3659500"
"KQ054826v1","5883780","5884059","GL873530","18801867","18802139","56","12918087"
"KQ054826v1","5938455","5938750","GL873613","4450657","4450940","63","1487798"
"KQ054826v1","6007629","6007910","GL873590","3827765","3828043","82","2179864"
"KQ054826v1","6037679","6037846","GL873573","7108833","7108997","41","1071154"
"KQ054826v1","6068705","6069016","GL873720","1268124","1268434","63","4800581"
"KQ054826v1","6085624","6085926","GL873631","1772","2067","77","6083852"
"KQ054826v1","6129198","6129460","GL873660","1384330","1384596","65","4744868"
"KQ054826v1","6152746","6153012","GL873520","28895912","28896171","71","22743166"
"KQ054826v1","6188999","6189309","GL873556","451239","451541","65","5737760"
"KQ054826v1","6323753","6323915","GL873531","2636452","2636619","55","3687301"
"KQ054826v1","6370845","6371122","GL873536","13622290","13622562","65","7251445"
"KQ054826v1","6436152","6436446","GL873531","27860265","27860563","73","21424113"
"KQ054826v1","6573425","6573610","GL873531","23211247","23211407","55","16637822"
"KQ054826v1","6573661","6573776","GL873522","26133170","26133284","24","19559509"
"KQ054826v1","6724037","6724082","GL873693","2099902","2099941","14","4624135"
"KQ054826v1","6974694","6974991","GL873565","12300518","12300811","63","5325824"
"KQ054826v1","7031636","7031934","GL873524","42149014","42149308","52","35117378"
"KQ054826v1","7085156","7085434","GL873548","13679256","13679534","59","6594100"
"KQ054826v1","7165780","7166056","GL873535","10520906","10521184","61","3355126"
"KQ054826v1","7271586","7271869","GL873546","18307234","18307526","70","11035648"
"KQ054826v1","7295897","7296182","GL873568","6193952","6194235","64","1101945"
"KQ054826v1","7330956","7331249","GL873586","6854900","6855180","72","476056"
"KQ054826v1","7338002","7338316","GL873623","6459306","6459605","85","878696"
"KQ054826v1","7342291","7342586","GL873524","42149014","42149308","62","34806723"
"KQ054826v1","7348381","7348483","GL873646","1055241","1055333","26","6293140"
"KQ054826v1","7392402","7392685","GL873625","5765878","5766158","71","1626524"
"KQ054826v1","7411067","7411358","GL873593","2667655","2667944","58","4743412"
"KQ054826v1","7421606","7421727","GL873527","26270393","26270515","19","18848787"
"KQ054826v1","7466061","7466384","GL873596","8979189","8979479","84","1513128"
"KQ054826v1","7475329","7475633","GL873542","8032564","8032870","53","557235"
"KQ054826v1","7494570","7494891","GL873530","28263781","28264089","80","20769211"
"KQ054826v1","7504631","7504905","GL873711","15364","15642","57","7489267"
"KQ054826v1","7509241","7509535","GL873537","20108472","20108765","49","12599231"
"KQ054826v1","7510905","7511192","GL873593","3746229","3746508","68","3764676"
"KQ054826v1","7511917","7512197","GL873593","2667655","2667944","55","4844262"
"KQ054826v1","7519361","7519647","GL873623","6459306","6459605","57","1060055"
"KQ054826v1","7520963","7521252","GL873593","3746229","3746508","67","3774734"
"KQ054826v1","7521997","7522288","GL873593","2667655","2667944","51","4854342"
"KQ054826v1","7545298","7545583","GL873545","17052684","17052979","61","9507386"
"KQ054826v1","7576980","7577284","GL873548","17482771","17483070","65","9905791"
"KQ054826v1","7646467","7646614","GL873524","15472377","15472517","38","7825910"
"KQ054826v1","7660038","7660323","GL873558","1978239","1978534","85","5681799"
"KQ054826v1","7669433","7669731","GL873538","2723256","2723539","67","4946177"
"KQ054826v1","7689647","7689937","GL873537","24178354","24178641","63","16488707"
"KQ054826v1","7693315","7693620","GL873537","22007087","22007389","65","14313772"
"KQ054826v1","7712308","7712615","GL873520","23742113","23742400","73","16029805"
"KQ054826v1","7714071","7714253","GL873646","1054825","1054992","57","6659246"
"KQ054826v1","7730121","7730359","GL873520","28409160","28409392","55","20679039"
"KQ054826v1","7788318","7788594","GL873522","666047","666315","71","7122271"
"KQ054826v1","7841296","7841578","GL873520","38124828","38125119","58","30283532"
"KQ054826v1","7866158","7866458","GL873536","10393754","10394042","64","2527596"
"KQ054826v1","7870573","7870852","GL873520","6806399","6806688","72","1064174"
"KQ054826v1","7884114","7884403","GL873574","8855062","8855350","63","970948"
"KQ054826v1","7905841","7906026","GL873530","5938760","5938931","56","1967081"
"KQ054826v1","7906363","7906458","GL873721","290132","290228","24","7616231"
"KQ054826v1","7907466","7907637","GL873601","3411329","3411498","53","4496137"
"KQ054826v1","7914202","7914386","GL873524","14926238","14926432","48","7012036"
"KQ054826v1","7918692","7919010","GL873530","28639620","28639925","63","20720928"
"KQ054826v1","7920652","7920934","GL873599","3962151","3962437","72","3958501"
"KQ054826v1","7921547","7921848","GL873614","7776284","7776583","68","145263"
"KQ054826v1","7930611","7930888","GL873538","18571273","18571544","72","10640662"
"KQ054826v1","7945930","7946232","GL873544","14031444","14031736","64","6085514"
"KQ054826v1","7966691","7966957","GL873596","8724296","8724570","68","757605"
"KQ054826v1","7987023","7987307","GL873521","7675245","7675546","71","311778"
"KQ054826v1","8005458","8005746","GL873524","15839235","15839513","62","7833777"
"KQ054826v1","8012496","8012799","GL873530","25617673","25617981","61","17605177"
"KQ054826v1","8024510","8024788","GL873646","2622884","2623164","75","5401626"
"KQ054826v1","8058506","8058800","GL873565","12300518","12300811","54","4242012"
"KQ054826v1","8073686","8073801","GL873527","26270393","26270515","25","18196707"
"KQ054826v1","8073827","8073979","GL873743","664335","664489","38","7409492"
"KQ054826v1","8073999","8074308","GL873547","3890224","3890530","70","4183775"
"KQ054826v1","8092217","8092517","GL873603","794609","794907","76","7297608"
"KQ054826v1","8300787","8301036","GL873535","13334411","13334650","68","5033624"
"KQ054826v1","8346726","8347023","GL873748","238196","238496","58","8108530"
"KQ054826v1","8433431","8433700","GL873575","9277978","9278232","66","844547"
"KQ054826v1","8533156","8533414","GL873653","2712699","2712966","68","5820457"
"KQ054826v1","8575686","8575989","GL873539","136847","137143","63","8438839"
"KQ054826v1","8580139","8580424","GL873524","16553394","16553675","68","7973255"
"KQ054826v1","8614309","8614605","GL873520","16454646","16454938","67","7840337"
"KQ054826v1","8745851","8745956","GL873543","991797","991897","29","7754054"
"KQ054826v1","8786025","8786196","GL873539","18965545","18965701","42","10179520"
"KQ054826v1","8794323","8794618","GL873533","24420221","24420503","79","15625898"
"KQ054826v1","8918704","8919010","GL873663","703103","703399","66","8215601"
"KQ054826v1","9180160","9180240","GL873638","5707321","5707398","14","3472839"
"KQ054826v1","9195717","9195995","GL873549","4193380","4193650","86","5002337"
"KQ054826v1","9200781","9201066","GL873522","26416598","26416890","86","17215817"
"KQ054826v1","9206836","9207120","GL873625","5819542","5819828","63","3387294"
"KQ054826v1","9215919","9216198","GL873752","219309","219580","57","8996610"
"KQ054826v1","9317264","9317459","GL873569","11158685","11158869","53","1841421"
"KQ054826v1","9330040","9330235","GL873569","11158685","11158869","57","1828645"
"KQ054826v1","9400556","9400845","GL873548","16911479","16911770","74","7510923"
"KQ054826v1","9462680","9462971","GL873621","7528188","7528470","75","1934492"
"KQ054826v1","9490330","9490613","GL873545","20768197","20768487","59","11277867"
"KQ054826v1","9592183","9592354","GL873532","15648256","15648411","49","6056073"
"KQ054826v1","9619813","9620080","GL873638","2212836","2213102","61","7406977"
"KQ054826v1","9650270","9650406","GL873520","69982628","69982756","35","60332358"
"KQ054826v1","9769487","9769779","GL873545","17052684","17052979","66","7283197"
"KQ054826v1","9775309","9775428","GL873558","2129827","2129951","25","7645482"
"KQ054826v1","9813709","9813834","GL873526","19257262","19257383","25","9443553"
"KQ054826v1","9842290","9842601","GL873615","5162108","5162422","71","4680182"
"KQ054826v1","9882178","9882552","GL873647","5219446","5219801","107","4662732"
"KQ054826v1","9892816","9893111","GL873573","45612","45900","62","9847204"
"KQ054826v1","9918297","9918575","GL873764","1591970","1592241","71","8326327"
"KQ054826v1","10014827","10015110","GL873541","21985689","21985982","57","11970862"
"KQ054826v1","10050048","10050315","GL873748","526744","527033","70","9523304"
"KQ054826v1","10051191","10051486","GL873526","4353131","4353412","70","5698060"
"KQ054826v1","10052041","10052330","GL873537","20108472","20108765","59","10056431"
"KQ054826v1","10063276","10063416","GL873533","15869599","15869736","39","5806323"
"KQ054826v1","10162538","10162850","GL873709","2455422","2455722","94","7707116"
"KQ054826v1","10166010","10166282","GL873543","902938","903212","62","9263072"
"KQ054826v1","10178243","10178548","GL873720","1268124","1268434","48","8910119"
"KQ054826v1","10205373","10205648","GL873584","10201756","10202045","66","3617"
"KQ054826v1","10227349","10227544","GL873577","6059255","6059454","43","4168094"
"KQ054826v1","10228747","10228857","GL873639","3914356","3914470","39","6314391"
"KQ054826v1","10229161","10229286","GL873794","685261","685399","34","9543900"
"KQ054826v1","10279960","10280229","GL873527","12014620","12014900","73","1734660"
"KQ054826v1","10318205","10318489","GL873559","956994","957266","73","9361211"
"KQ054826v1","10343380","10343688","GL873531","27860265","27860563","71","17516885"
"KQ054826v1","10367632","10367942","GL873543","2139452","2139746","79","8228180"
"KQ054826v1","10375202","10375494","GL873646","1321987","1322264","73","9053215"
"KQ054826v1","10404608","10404902","GL873570","9393261","9393537","70","1011347"
"KQ054826v1","10462429","10462721","GL873660","743632","743918","68","9718797"
"KQ054826v1","10496893","10497041","GL873557","14835191","14835346","41","4338298"
"KQ054826v1","10555801","10556097","GL873537","20108472","20108765","57","9552671"
"KQ054826v1","10654186","10654485","GL873536","13622290","13622562","84","2968104"
"KQ054826v1","10750336","10750606","GL873550","9436456","9436728","65","1313880"
"KQ054826v1","10788238","10788499","GL873632","5546235","5546488","65","5242003"
"KQ054826v1","10835028","10835325","GL873521","49874189","49874492","64","39039161"
"KQ054826v1","11263666","11263953","GL873560","12765250","12765518","63","1501584"
"KQ054826v1","11273744","11273924","GL873520","22635186","22635354","60","11361442"
"KQ054826v1","11281285","11281563","GL873544","12852108","12852394","49","1570823"
"KQ054826v1","11296685","11296949","GL873526","8481173","8481413","75","2815512"
"KQ054826v1","11296951","11297019","GL873537","6869832","6869908","24","4427119"
"KQ054826v1","11332898","11333228","GL873530","28263781","28264089","77","16930883"
"KQ054826v1","11339296","11339608","GL873625","3330882","3331184","65","8008414"
"KQ054826v1","11360226","11360513","GL873520","16709587","16709864","70","5349361"
"KQ054826v1","11360707","11360874","GL873534","14551683","14551840","39","3190976"
"KQ054826v1","11370939","11371236","GL873522","4222168","4222461","66","7148771"
"KQ054826v1","11396490","11396753","GL873524","19611740","19611992","61","8215250"
"KQ054826v1","11412740","11412999","GL873529","35629520","35629778","62","24216780"
"KQ054826v1","11438517","11438710","GL873646","2506906","2507081","69","8931611"
"KQ054826v1","11475542","11475836","GL873715","410523","410802","63","11065019"
"KQ054826v1","11487339","11487637","GL873720","1268124","1268434","61","10219215"
"KQ054826v1","11489964","11490264","GL873521","6835945","6836242","64","4654019"
"KQ054826v1","11492034","11492279","GL873586","6311175","6311430","59","5180859"
"KQ054826v1","11500311","11500609","GL873751","1385471","1385758","86","10114840"
"KQ054826v1","11515053","11515347","GL873526","25289078","25289366","73","13774025"
"KQ054826v1","11528743","11529025","GL873592","8783353","8783627","74","2745390"
"KQ054826v1","11630865","11631171","GL873772","522228","522524","72","11108637"
"KQ054826v1","11659693","11659850","GL873570","10511074","10511223","47","1148619"
"KQ054826v1","11660552","11660802","AAQR03194897","257","516","62","11660295"
"KQ054826v1","11680197","11680480","GL873555","13243779","13244054","63","1563582"
"KQ054826v1","11688623","11688773","GL873569","8015245","8015395","37","3673378"
"KQ054826v1","11688790","11688900","GL873615","5231006","5231116","21","6457784"
"KQ054826v1","11699898","11700090","GL873549","1885566","1885759","43","9814332"
"KQ054826v1","11773895","11774191","GL873528","4452981","4453269","76","7320914"
"KQ054826v1","11778231","11778438","GL873586","8236164","8236367","49","3542067"
"KQ054826v1","11806416","11806616","GL873634","6505141","6505340","64","5301275"
"KQ054826v1","11856965","11857264","GL873569","10832503","10832794","74","1024462"
"KQ054826v1","11875432","11875729","GL873608","5261767","5262063","55","6613665"
"KQ054826v1","11879153","11879437","GL873613","2732879","2733172","76","9146274"
"KQ054826v1","11911412","11911705","GL873533","23793613","23793905","60","11882201"
"KQ054826v1","11923057","11923336","GL873541","6947850","6948129","61","4975207"
"KQ054826v1","11943789","11944126","GL873579","11016265","11016573","100","927524"
"KQ054826v1","11960007","11960308","GL873672","3031881","3032180","68","8928126"
"KQ054826v1","11962039","11962220","GL873586","6579237","6579406","51","5382802"
"KQ054826v1","11991915","11992215","GL873596","3562116","3562414","70","8429799"
"KQ054826v1","12011402","12011680","GL873544","12852108","12852394","65","840706"
"KQ054826v1","12025489","12025750","GL873536","11777148","11777412","67","248341"
"KQ054826v1","12026899","12027015","GL873606","5518351","5518467","24","6508548"
"KQ054826v1","12027041","12027217","GL873537","26260700","26260869","56","14233659"
"KQ054826v1","12133090","12133296","GL873526","8303932","8304134","49","3829158"
"KQ054826v1","12141680","12141985","GL873572","6984999","6985295","68","5156681"
"KQ054826v1","12170624","12170894","GL873822","524660","524929","64","11645964"
"KQ054826v1","12204810","12205099","GL873557","192779","193061","65","12012031"
"KQ054826v1","12229984","12230218","GL873551","4428507","4428742","63","7801477"
"KQ054826v1","12231149","12231450","GL873660","705565","705863","60","11525584"
"KQ054826v1","12270892","12271193","GL873548","16548046","16548339","82","4277154"
"KQ054826v1","12281393","12281674","GL873549","17837181","17837454","69","5555788"
"KQ054826v1","12363015","12363276","GL873566","13448276","13448540","71","1085261"
"KQ054826v1","12364258","12364551","GL873618","3032366","3032655","62","9331892"
"KQ054826v1","12391451","12391756","GL873538","12219285","12219590","59","172166"
"KQ054826v1","12447785","12448060","GL873536","27318293","27318570","64","14870508"
"KQ054826v1","12460783","12461085","GL873523","28431022","28431322","66","15970239"
"KQ054826v1","12559561","12559862","GL873546","13542628","13542944","71","983067"
"KQ054826v1","12639371","12639646","GL873582","3323346","3323622","46","9316025"
"KQ054826v1","12703297","12703612","GL873543","6988346","6988645","79","5714951"
"KQ054826v1","12724200","12724496","GL873738","1646790","1647070","65","11077410"
"KQ054826v1","12871183","12871483","GL873760","812865","813169","62","12058318"
"KQ054826v1","12871994","12872273","GL873529","15791592","15791877","72","2919598"
"KQ054826v1","12886851","12886953","GL873635","6028249","6028345","29","6858602"
"KQ054827v1","361765","361975","GL873572","6196992","6197190","51","5835227"
"KQ054827v1","431484","431709","GL873543","11364051","11364263","56","10932567"
"KQ054827v1","435787","436052","GL873533","19272201","19272460","77","18836414"
"KQ054827v1","442909","443135","GL873543","11364051","11364263","51","10921142"
"KQ054827v1","448312","448569","GL873522","37212332","37212585","76","36764020"
"KQ054827v1","590650","590942","GL873531","27860265","27860563","68","27269615"
"KQ054827v1","605177","605467","GL873536","11277740","11278030","71","10672563"
"KQ054827v1","693476","693762","GL873521","25393132","25393414","74","24699656"
"KQ054827v1","704943","705199","GL873522","45736729","45736971","78","45031786"
"KQ054827v1","795253","795548","GL873537","23325667","23325965","75","22530414"
"KQ054827v1","881628","881893","GL873730","487473","487740","68","394155"
"KQ054827v1","935150","935444","GL873520","38236690","38236980","70","37301540"
"KQ054827v1","951204","951484","GL873520","38236690","38236980","75","37285486"
"KQ054827v1","1228436","1228724","GL873676","1881961","1882246","63","653525"
"KQ054827v1","1420657","1420853","GL873805","948213","948404","50","472444"
"KQ054827v1","1489072","1489376","GL873521","49874189","49874492","66","48385117"
"KQ054827v1","1512174","1512484","GL873572","9034316","9034616","73","7522142"
"KQ054827v1","1629140","1629449","GL873529","13503653","13503955","75","11874513"
"KQ054827v1","1706596","1706864","GL873569","10847735","10848007","69","9141139"
"KQ054827v1","1815242","1815540","GL873538","12219285","12219590","62","10404043"
"KQ054827v1","1820045","1820338","GL873724","2082729","2083029","63","262684"
"KQ054827v1","1903585","1903880","GL873529","16865259","16865563","58","14961674"
"KQ054827v1","1919925","1920197","GL873532","13087138","13087416","61","11167213"
"KQ054827v1","2000463","2000761","GL873533","2762308","2762610","76","761845"
"KQ054827v1","2097470","2097734","GL873542","14760174","14760436","60","12662704"
"KQ054827v1","2116522","2116826","GL873579","2271701","2271990","75","155179"
"KQ054827v1","2122883","2123142","GL873731","722147","722426","69","1400736"
"KQ054827v1","2190463","2190690","GL873530","24277029","24277256","56","22086566"
"KQ054827v1","2195653","2195837","GL873595","5873866","5874050","58","3678213"
"KQ054827v1","2199332","2199505","GL873576","4675083","4675246","51","2475751"
"KQ054827v1","2208995","2209284","GL873672","2572148","2572446","67","363153"
"KQ054827v1","2216235","2216366","GL873529","641282","641413","20","1574953"
"KQ054827v1","2217554","2217729","GL873526","524997","525159","41","1692557"
"KQ054827v1","2261447","2261693","GL873560","8931049","8931288","58","6669602"
"KQ054827v1","2266444","2266688","GL873560","8931049","8931288","57","6664605"
"KQ054827v1","2288910","2289194","GL873531","19369345","19369649","62","17080435"
"KQ054827v1","2309285","2309545","GL873654","3969594","3969832","60","1660309"
"KQ054827v1","2310811","2311108","GL873657","3029272","3029566","79","718461"
"KQ054827v1","2325138","2325390","GL873620","3255746","3255994","54","930608"
"KQ054827v1","2333856","2334131","GL873558","6264631","6264904","75","3930775"
"KQ054827v1","2339178","2339424","GL873620","3255746","3255994","56","916568"
"KQ054827v1","2348565","2348844","GL873525","26101749","26102042","78","23753184"
"KQ054827v1","2370589","2370890","GL873545","13698150","13698456","75","11327561"
"KQ054827v1","2373144","2373422","GL873638","6356734","6357014","65","3983590"
"KQ054827v1","2400154","2400455","GL873558","1978239","1978534","64","421915"
"KQ054827v1","2422065","2422331","GL873549","15132343","15132615","68","12710278"
"KQ054827v1","2427970","2428268","GL873772","522228","522524","62","1905742"
"KQ054827v1","2433162","2433442","GL873524","42149014","42149308","76","39715852"
"KQ054827v1","2442358","2442649","GL873667","1101787","1102064","67","1340571"
"KQ054827v1","2443270","2443436","GL873526","10575149","10575318","41","8131879"
"KQ054827v1","2469890","2470120","GL873531","30211628","30211851","62","27741738"
"KQ054827v1","2476650","2476936","GL873543","2904962","2905248","62","428312"
"KQ054827v1","2518736","2518897","GL873587","10133939","10134071","58","7615203"
"KQ054827v1","2519229","2519342","GL873528","5975901","5976014","25","3456672"
"KQ054827v1","2535927","2536200","GL873825","388120","388377","75","2147807"
"KQ054827v1","2549088","2549396","GL873522","4222168","4222461","85","1673080"
"KQ054827v1","2556461","2556741","GL873615","1550718","1551000","66","1005743"
"KQ054827v1","2583630","2583848","GL873538","4542017","4542230","46","1958387"
"KQ054827v1","2609248","2609524","GL873525","20415018","20415279","66","17805770"
"KQ054827v1","2667555","2667852","GL873523","31283359","31283661","75","28615804"
"KQ054827v1","2694973","2695055","GL873531","16275379","16275462","17","13580406"
"KQ054827v1","2732464","2732778","GL873720","1268124","1268434","71","1464340"
"KQ054827v1","3029552","3029750","GL873586","8236164","8236367","47","5206612"
"KQ054827v1","3068847","3069149","GL873531","19651954","19652248","59","16583107"
"KQ054827v1","3077517","3077726","GL873740","297140","297339","55","2780377"
"KQ054827v1","3107819","3108101","GL873605","831435","831715","76","2276384"
"KQ054827v1","3111683","3111928","GL873526","25654012","25654240","67","22542329"
"KQ054833v1","3725","3851","GL873541","18409881","18410004","26","18406156"
"KQ054837v1","42007","42248","GL873704","1025178","1025421","58","983171"
"KQ054837v1","181561","181858","GL873525","34759396","34759697","72","34577835"
"KQ054837v1","184781","185079","GL873629","2465427","2465711","63","2280646"
"KQ054837v1","230051","230346","GL873541","21985689","21985982","70","21755638"
"KQ054837v1","331642","331891","GL873538","2120902","2121128","92","1789260"
"KQ054837v1","334519","334825","GL873618","1121386","1121685","67","786867"
"KQ054837v1","339410","339662","GL873567","13195125","13195366","70","12855715"
"KQ054837v1","360942","361026","GL873542","424077","424154","22","63135"
"KQ054837v1","385598","385864","GL873601","7074690","7074961","68","6689092"
"KQ054837v1","393763","394040","GL873529","17970712","17970985","63","17576949"
"KQ054837v1","408218","408502","GL873549","15132343","15132615","78","14724125"
"KQ054837v1","435826","436124","GL873544","20315778","20316071","65","19879952"
"KQ054837v1","449742","450011","GL873548","15510967","15511237","61","15061225"
"KQ054837v1","455848","456100","GL873553","15238842","15239088","74","14782994"
"KQ054837v1","493447","493715","GL873653","2712699","2712966","79","2219252"
"KQ054837v1","740782","741059","GL873607","6747455","6747734","67","6006673"
"KQ054837v1","742344","742582","GL873657","2986508","2986717","87","2244164"
"KQ054837v1","774429","774652","GL873520","40069156","40069375","56","39294727"
"KQ054837v1","806083","806304","GL873546","13447112","13447348","76","12641029"
"KQ054839v1","1395","1494","GL873557","4193706","4193804","25","4192311"
"KQ054848v1","1179638","1179757","GL873697","1957499","1957615","20","777861"
"KQ054848v1","37794","38095","GL873720","1268124","1268434","59","1230330"
"KQ054848v1","51333","51578","GL873611","5873401","5873625","76","5822068"
"KQ054848v1","79513","79797","GL873523","24802045","24802330","58","24722532"
"KQ054848v1","80009","80290","GL873520","39908180","39908461","69","39828171"
"KQ054848v1","91291","91577","GL873521","14599825","14600115","54","14508534"
"KQ054848v1","100232","100445","GL873613","5851680","5851898","56","5751448"
"KQ054848v1","101748","102027","GL873653","3374510","3374797","61","3272762"
"KQ054848v1","104977","105195","GL873552","15283878","15284099","68","15178901"
"KQ054848v1","115721","116011","GL873528","5032075","5032370","80","4916354"
"KQ054848v1","117666","117935","GL873536","12040329","12040589","61","11922663"
"KQ054848v1","121365","121640","GL873534","15140925","15141195","62","15019560"
"KQ054848v1","127320","127596","GL873544","13814257","13814534","68","13686937"
"KQ054848v1","132314","132604","GL873561","13826809","13827093","57","13694495"
"KQ054848v1","182730","183036","GL873565","12235234","12235534","88","12052504"
"KQ054848v1","198676","198880","GL873611","3356207","3356402","51","3157531"
"KQ054848v1","206490","206712","GL873526","40957560","40957777","56","40751070"
"KQ054848v1","233324","233584","GL873542","21208930","21209198","64","20975606"
"KQ054848v1","279950","280218","GL873752","219309","219580","61","60641"
"KQ054848v1","286144","286423","GL873624","2242923","2243207","57","1956779"
"KQ054848v1","301319","301383","GL873679","903213","903282","14","601894"
"KQ054848v1","307707","307990","GL873532","29153473","29153758","71","28845766"
"KQ054848v1","333440","333753","GL873596","3562116","3562414","72","3228676"
"KQ054848v1","348139","348374","GL873558","2558943","2559176","52","2210804"
"KQ054848v1","397203","397287","GL873730","1070638","1070725","21","673435"
"KQ054848v1","405005","405090","GL873730","1070638","1070725","21","665633"
"KQ054848v1","411283","411369","GL873585","5314205","5314291","21","4902922"
"KQ054848v1","416613","416697","GL873730","1070638","1070725","21","654025"
"KQ054848v1","428597","428883","GL873545","17052684","17052979","62","16624087"
"KQ054848v1","539391","539675","GL873752","219309","219580","54","320082"
"KQ054848v1","596770","597076","GL873520","60547712","60548005","62","59950942"
"KQ054848v1","751245","751350","GL873527","24490086","24490192","30","23738841"
"KQ054848v1","784819","785123","GL873535","28542258","28542562","64","27757439"
"KQ054848v1","818192","818470","GL873526","3176581","3176853","63","2358389"
"KQ054848v1","820704","820987","GL873537","27343835","27344124","55","26523131"
"KQ054848v1","841311","841617","GL873530","17375868","17376165","63","16534557"
"KQ054848v1","843647","843933","GL873520","38124828","38125119","56","37281181"
"KQ054848v1","858914","859192","GL873590","664934","665195","74","193980"
"KQ054848v1","956718","956996","GL873657","3029272","3029566","66","2072554"
"KQ054848v1","961966","962262","GL873537","20108472","20108765","55","19146506"
"KQ054848v1","982560","982856","GL873588","6897685","6897994","72","5915125"
"KQ054848v1","995128","995448","GL873571","4374924","4375218","75","3379796"
"KQ054848v1","1019658","1019970","GL873530","9237692","9238000","70","8218034"
"KQ054848v1","1025662","1025762","GL873564","9571930","9572022","34","8546268"
"KQ054848v1","1142728","1143021","GL873587","2747170","2747463","52","1604442"
"KQ054848v1","1179432","1179603","GL873528","1120859","1121019","42","58573"
"KQ054848v1","1258578","1258868","GL873611","4023344","4023633","67","2764766"
"KQ054848v1","1467144","1467446","GL873586","3828887","3829179","69","2361743"
"KQ054848v1","1512314","1512488","GL873534","14159190","14159365","48","12646876"
"KQ054848v1","1556337","1556622","GL873530","13068309","13068591","55","11511972"
"KQ054848v1","1557933","1558198","GL873652","5058515","5058791","83","3500582"
"KQ054848v1","1598817","1599112","GL873538","24663308","24663595","77","23064491"
"KQ054848v1","1647447","1647617","GL873623","1529798","1529960","36","117649"
"KQ054848v1","1679082","1679368","GL873538","3757160","3757448","72","2078078"
"KQ054848v1","1681519","1681815","GL873538","3757160","3757448","67","2075641"
"KQ054848v1","1824080","1824279","GL873593","6119863","6120058","39","4295783"
"KQ054848v1","1850909","1851224","GL873533","2289538","2289847","88","438629"
"KQ054848v1","1928547","1928846","GL873527","25596845","25597139","65","23668298"
"KQ054848v1","2129701","2129988","GL873551","872096","872374","67","1257605"
"KQ054848v1","2179472","2179705","GL873552","6159664","6159891","71","3980192"
"KQ054848v1","2456405","2456582","GL873634","3096873","3097030","55","640468"
"KQ054848v1","2520727","2520969","GL873614","7983310","7983547","60","5462583"
"KQ054848v1","2533775","2534052","GL873667","3712894","3713183","71","1179119"
"KQ054848v1","2623036","2623322","GL873646","1321987","1322264","70","1301049"
"KQ054848v1","2658051","2658341","GL873525","26543304","26543592","66","23885253"
"KQ054848v1","2809510","2809824","GL873720","1268124","1268434","74","1541386"
"KQ054848v1","2846775","2847060","GL873570","9393261","9393537","66","6546486"
"KQ054848v1","2861685","2861968","GL873544","14068597","14068880","75","11206912"
"KQ054849v1","7634","7918","GL873549","17837181","17837454","102","17829547"
"KQ054850v1","351","433","GL873721","840335","840414","22","839984"
"KQ054850v1","10116","10421","GL873629","3014025","3014325","68","3003909"
"KQ054851v1","2958","3249","GL873631","2841948","2842235","76","2838990"
"KQ054857v1","120883","121185","GL873523","31125988","31126290","77","31005105"
"KQ054857v1","338038","338319","GL873543","2119744","2120014","58","1781706"
"KQ054857v1","344315","344611","GL873605","3845292","3845598","80","3500977"
"KQ054857v1","370253","370367","GL873556","15126894","15127013","21","14756641"
"KQ054857v1","390938","391238","GL873568","4562469","4562774","67","4171531"
"KQ054857v1","486629","486758","GL873525","41686486","41686614","24","41199857"
"KQ054857v1","488954","489252","GL873535","26174710","26174993","65","25685756"
"KQ054857v1","489854","489981","GL873529","20178756","20178885","28","19688902"
"KQ054857v1","551734","552027","GL873546","859614","859905","53","307880"
"KQ054857v1","553067","553311","GL873600","5043110","5043345","68","4490043"
"KQ054857v1","645831","646122","GL873621","545875","546169","54","99956"
"KQ054857v1","793845","794145","GL873525","12278825","12279119","60","11484980"
"KQ054857v1","795757","796045","GL873627","7185483","7185750","73","6389726"
"KQ054857v1","804340","804632","GL873596","3562116","3562414","66","2757776"
"KQ054857v1","829922","830054","GL873635","5618861","5618991","18","4788939"
"KQ054857v1","833196","833389","GL873569","11158685","11158869","59","10325489"
"KQ054857v1","865345","865637","GL873677","4203427","4203715","57","3338082"
"KQ054857v1","868073","868346","GL873620","3551367","3551651","62","2683294"
"KQ054857v1","874659","874956","GL873557","7046743","7047040","64","6172084"
"KQ054857v1","879387","879674","GL873521","50684853","50685150","66","49805466"
"KQ054857v1","882447","882717","GL873522","42984918","42985184","58","42102471"
"KQ054857v1","903692","903980","GL873537","23325667","23325965","65","22421975"
"KQ054857v1","911479","911610","GL873526","19257262","19257383","21","18345783"
"KQ054857v1","914168","914352","GL873534","14159190","14159365","54","13245022"
"KQ054857v1","914676","914786","GL873528","1061241","1061344","23","146565"
"KQ054857v1","918772","919061","GL873577","10149931","10150226","68","9231159"
"KQ054857v1","922645","922950","GL873580","178479","178779","62","744166"
"KQ054857v1","940366","940656","GL873586","3828887","3829179","59","2888521"
"KQ054857v1","954871","955148","GL873544","12852108","12852394","57","11897237"
"KQ054857v1","966068","966369","GL873556","996424","996728","63","30356"
"KQ054857v1","974007","974315","GL873540","19013371","19013667","63","18039364"
"KQ054857v1","986310","986585","GL873527","16315138","16315421","57","15328828"
"KQ054857v1","992439","992648","GL873526","8303932","8304134","45","7311493"
"KQ054857v1","1026482","1026746","GL873525","41528549","41528822","67","40502067"
"KQ054857v1","1027428","1027721","GL873522","112255","112554","62","915173"
"KQ054857v1","1058690","1058956","GL873539","16767280","16767545","65","15708590"
"KQ054857v1","1081330","1081613","GL873535","12704666","12704954","76","11623336"
"KQ054857v1","1111789","1112114","GL873525","25606475","25606770","93","24494686"
"KQ054857v1","1123261","1123511","GL873537","17930313","17930553","72","16807052"
"KQ054857v1","1150793","1150849","GL873573","917753","917807","16","233040"
"KQ054857v1","1229803","1230070","GL873534","15140925","15141195","69","13911122"
"KQ054857v1","1269349","1269625","GL873628","1375418","1375692","57","106069"
